"player","white_games","black_games","total"
"maia1","13","40","53"
"fredooko","21","22","43"
"newarcadia","19","20","39"
"maia9","18","20","38"
"Sy001","16","21","37"
"hiyayako","17","17","34"
"AVD2001","30","3","33"
"JohnSmith10","16","17","33"
"mubarizs","16","17","33"
"sargon-1ply","10","23","33"
"Sasha2203","16","17","33"
"cheetah6996","15","17","32"
"monat","17","15","32"
"Josehuamani","17","14","31"
"miko47","16","15","31"
"MKZOON12","16","14","30"
"Ceberus03a","28","1","29"
"manojyadav85","13","16","29"
"Papitotoin","15","14","29"
"burdano","12","16","28"
"DumaBerty","15","13","28"
"G24_de_tour","13","15","28"
"LisaKodee","14","13","27"
"araik1937","11","15","26"
"DiOrEu","12","14","26"
"helikopter3369","13","13","26"
"Jerrico10","11","15","26"
"JosepSauraTanco","13","13","26"
"kent-75","12","13","25"
"Ksenia150115","11","14","25"
"Roman-Moroz","14","11","25"
"ytfjds66gfg","13","12","25"
"cristianpirina","12","12","24"
"USSR_71","12","12","24"
"artur1964","11","12","23"
"Chessgamer77","11","12","23"
"rezagandomkar","11","12","23"
"Sardela","12","11","23"
"alex_tiger","11","11","22"
"AZTECA-MEXICO","10","12","22"
"Chema39","13","9","22"
"Kiance","13","9","22"
"Okarate1","11","11","22"
"RoberMol","10","12","22"
"sergei48","12","10","22"
"Suendenbabel","12","10","22"
"Horatio1","11","10","21"
"JayS-Duck","10","11","21"
"juli40","10","11","21"
"Madduwattas","10","11","21"
"Onitix","12","9","21"
"Paolo_Boi-mode","10","11","21"
"ZaiTchichess","10","11","21"
"achinthya01","10","10","20"
"brucebasara","9","11","20"
"cedric74","9","11","20"
"piffolopuf","12","8","20"
"seniyor","12","8","20"
"Ubald75","12","8","20"
"UlDol","11","9","20"
"Yakuza333","11","9","20"
"Almeria25","6","13","19"
"BigEddy","9","10","19"
"CHCHJON","11","8","19"
"crazyhofman","9","10","19"
"Django-D","11","8","19"
"Freedom999","10","9","19"
"JosephK1975","8","11","19"
"JoseRenan","10","9","19"
"konsumatoro","10","9","19"
"MAHA_SAI_S","10","9","19"
"nonoysamillano","9","10","19"
"Occhessadvanced","12","7","19"
"Pedro_saf","10","9","19"
"t2d","18","1","19"
"Bijinapally","11","7","18"
"Dmitriy_Humbly","7","11","18"
"Drummer57","11","7","18"
"emilos18","9","9","18"
"KeyserSoze67","8","10","18"
"Kvadratiy07","9","9","18"
"meduric-stanimir","9","9","18"
"pakanprouski","13","5","18"
"pugslybenny","8","10","18"
"s46jmroyo","9","9","18"
"Sergey1303","8","10","18"
"swimmer123","9","9","18"
"Vava1758955","9","9","18"
"amateur9869","8","9","17"
"Andres-De-Jesus14","9","8","17"
"Anselino","8","9","17"
"dehadan","9","8","17"
"dfarbstzbgs13412","7","10","17"
"em_6975","9","8","17"
"Gennadiy6364312","13","4","17"
"irwanto100","9","8","17"
"Iwan1985","8","9","17"
"maletti","9","8","17"
"Msulyok","8","9","17"
"NagarAndrey","14","3","17"
"OsaRassella","9","8","17"
"Sebaxe","10","7","17"
"Serhii_Makukha","8","9","17"
"strategicomplexity","9","8","17"
"Tarekiano00","8","9","17"
"Vintokryl","9","8","17"
"anatoltchirikov1951","9","7","16"
"AntonMakaveew","7","9","16"
"Bogatov1935","8","8","16"
"capobruno","8","8","16"
"cavelarb","8","8","16"
"Cvete999","8","8","16"
"divyaraju143","7","9","16"
"fastavery","6","10","16"
"GAIA2022","8","8","16"
"GenXboomer","9","7","16"
"Hfmas11","9","7","16"
"hoseinmaghsoodi","9","7","16"
"IvanKononov","9","7","16"
"jokerok77","7","9","16"
"kingrick1000","6","10","16"
"lucschaak","9","7","16"
"Madiyar_Rakhmanov08","8","8","16"
"nightcarpenter","8","8","16"
"O123654","8","8","16"
"rajesh7421-google","7","9","16"
"rashmikarizwan","6","10","16"
"Roman2206","8","8","16"
"TnTZ8zhQ","7","9","16"
"Ugochukwu_Jeffrey","8","8","16"
"ulalacah","8","8","16"
"vlad_salvia","9","7","16"
"ziv420","8","8","16"
"Advikhccs","7","8","15"
"anand1m","9","6","15"
"Andrea_Bartoli","7","8","15"
"Babik_Ayrapetyan","7","8","15"
"Bmisha2691","8","7","15"
"Cangrejo7","7","8","15"
"carlonvomdach","8","7","15"
"chellic22450","6","9","15"
"Davidka7-01_14","7","8","15"
"Dustin_Hermann2006","7","8","15"
"FfgmK","8","7","15"
"GovindPSuthan","8","7","15"
"GranFaraonI","9","6","15"
"Heenamohammad","8","7","15"
"iindu","7","8","15"
"lufreco64","8","7","15"
"mamik","8","7","15"
"naguali","7","8","15"
"ole7352","8","7","15"
"PhilipAlbion","8","7","15"
"RAZBADAS","7","8","15"
"shiva_7836","7","8","15"
"skalagoni","8","7","15"
"Sturpidly","9","6","15"
"sussasun","7","8","15"
"Tarektarek","6","9","15"
"vakaswathy","7","8","15"
"vakhtang55","9","6","15"
"Vena","7","8","15"
"volod_magmel","7","8","15"
"Will300","8","7","15"
"abderrahmene29","8","6","14"
"AleksandarSrbija","7","7","14"
"andolu","7","7","14"
"blackabou","8","6","14"
"Boyeolad","7","7","14"
"Claudinet2020","7","7","14"
"Elone_Boy","8","6","14"
"Ercof","5","9","14"
"HansDampf161312","7","7","14"
"hunsoulo","8","6","14"
"ilkk","8","6","14"
"Jo_Black","6","8","14"
"kkrishnasri","8","6","14"
"levanlll","7","7","14"
"maia5","9","5","14"
"Mchat","6","8","14"
"Mr_PapaDragon","7","7","14"
"Nagibator666_228","7","7","14"
"Novamentor","13","1","14"
"oofduh","7","7","14"
"oskimosky","7","7","14"
"Pedja-Whitetiger","6","8","14"
"PeHeMann","6","8","14"
"Phillip_Shabelnikov","8","6","14"
"Plaxa0000","6","8","14"
"Rafabellver","7","7","14"
"shadalbe","8","6","14"
"sirenaMerklin","5","9","14"
"Sudhirmorche","9","5","14"
"v_reddyy","7","7","14"
"vallepusrinubabu","8","6","14"
"VAVAmaster39","7","7","14"
"VictoryMe_ChessMood","8","6","14"
"viddavidda","8","6","14"
"Wardhana002","6","8","14"
"waveboarder","7","7","14"
"woeful_woodpusher","7","7","14"
"youngsir","8","6","14"
"aakarslan","8","5","13"
"Aamir1359","7","6","13"
"abendblau2","8","5","13"
"adolfodelfino","7","6","13"
"ajammu","6","7","13"
"Andrey-Donetsk","6","7","13"
"AndreyChuchinski","6","7","13"
"bashar_alusi","7","6","13"
"BATALLA","5","8","13"
"castlefort","6","7","13"
"cats6dogs","6","7","13"
"demirci44310","7","6","13"
"doddeshgh","7","6","13"
"dramosz1","6","7","13"
"Franek2019","7","6","13"
"gaidyk","5","8","13"
"Gargantua_Endurance","8","5","13"
"Gigi53","6","7","13"
"greyhound14","6","7","13"
"Hamzacherif1418","7","6","13"
"Imortal1964","6","7","13"
"Khajabegum","6","7","13"
"Kingsway74","7","6","13"
"Kolinizerking","7","6","13"
"LCHVRL_58","6","7","13"
"lionking63","5","8","13"
"maiaonly","8","5","13"
"manideepraj","6","7","13"
"MaricieloAtahua_UTP","8","5","13"
"Mark_Matuz","6","7","13"
"mauriziobessi","7","6","13"
"MichelOelsch","6","7","13"
"Mitootim","6","7","13"
"Mohamadhesame7","6","7","13"
"nademm1972","7","6","13"
"NJanapriya","5","8","13"
"paresineni","7","6","13"
"Pfefferstreuer","6","7","13"
"rafaeljcelda","6","7","13"
"Raksn","6","7","13"
"Ronie_Is","6","7","13"
"rravuri","8","5","13"
"RRNAT2315","6","7","13"
"Saisandhya","7","6","13"
"Serverux777","2","11","13"
"SNT_Igor","7","6","13"
"tiburon_2022","7","6","13"
"TreadmillGuy","6","7","13"
"UJJ1","6","7","13"
"victorce015","7","6","13"
"walikhan","6","7","13"
"Wessel4","6","7","13"
"YurySemenov","7","6","13"
"Abs53","5","7","12"
"Alekcey27","7","5","12"
"Alik19852","4","8","12"
"anasta545","7","5","12"
"Araik0103","6","6","12"
"atamilan","6","6","12"
"Azshara","5","7","12"
"Blishelegacy","6","6","12"
"Bobbyrt1","1","11","12"
"BorderIncident","6","6","12"
"Buka11","9","3","12"
"Charlisky","5","7","12"
"chessbenn","5","7","12"
"CSZzzz","7","5","12"
"cwr4356","2","10","12"
"doun1681","6","6","12"
"Durga19","7","5","12"
"elmonitorojo1368","6","6","12"
"elses_hoseinzadeh","6","6","12"
"Enzinuccio","5","7","12"
"expositor","4","8","12"
"fgraillot","6","6","12"
"frankdz85","7","5","12"
"fsha","5","7","12"
"gandalf07","7","5","12"
"georgeorosz","5","7","12"
"GeorgeSoviet","6","6","12"
"Grischa42","5","7","12"
"halilibo65","5","7","12"
"Hangbrutz","6","6","12"
"harrypotter951121","3","9","12"
"heartbreakid","7","5","12"
"Ibrahim-tayel","6","6","12"
"IGORFIST","5","7","12"
"jo178","5","7","12"
"keko132","7","5","12"
"kingclash051","7","5","12"
"kinggod7000","7","5","12"
"kittenon","6","6","12"
"korkor62","5","7","12"
"laloimaz","8","4","12"
"M_fouda","9","3","12"
"ManueljaMartinez","6","6","12"
"michalgrzanka","4","8","12"
"Minnella8","7","5","12"
"MMK786","6","6","12"
"mr_runner","6","6","12"
"myouan","6","6","12"
"Naibator1","5","7","12"
"Nandkumar123","8","4","12"
"Nash85","5","7","12"
"Nikitosikbot","5","7","12"
"oguz_03","6","6","12"
"perretemojao","6","6","12"
"raazysh","6","6","12"
"Rambalohery","8","4","12"
"RintuJoly","7","5","12"
"RTAA1931","1","11","12"
"sAkshinthala","6","6","12"
"serjiomao","7","5","12"
"sourabhpandey262","5","7","12"
"stburr","6","6","12"
"Stoliza","7","5","12"
"tyler_durden_13","5","7","12"
"URecknagel","6","6","12"
"vancibarljamov","7","5","12"
"Vikram999","6","6","12"
"Vizn59","6","6","12"
"Weonqjuegaajedrez","6","6","12"
"zafran2014","7","5","12"
"zimi1957","7","5","12"
"AldricMoses","6","5","11"
"Almadora100theGreat","5","6","11"
"Alphha","4","7","11"
"Andressing","5","6","11"
"Andrew-0","5","6","11"
"Aner77","5","6","11"
"Arminius-Rheinland","5","6","11"
"Azulroberto","6","5","11"
"Bharath_27","6","5","11"
"bjanne","6","5","11"
"CardanSr","6","5","11"
"CELBBRUNOb","6","5","11"
"chessnator1972","4","7","11"
"Chesspirito63","7","4","11"
"club14_dd","6","5","11"
"cuare","4","7","11"
"DR-A-N-ALKHATIB","7","4","11"
"edugr","5","6","11"
"FO32","6","5","11"
"g01d2nk2d","6","5","11"
"goodB22","7","4","11"
"herbProestler","5","6","11"
"Hossam12344","7","4","11"
"hpwanzeler","6","5","11"
"ISSAGADOM","4","7","11"
"isweerasinghe","5","6","11"
"joaquin2","9","2","11"
"jojo34xvz","7","4","11"
"Jormel48","6","5","11"
"joshiy","7","4","11"
"KASPAROV_200","7","4","11"
"KingOt-nave39","6","5","11"
"koji-yokohama","6","5","11"
"lady-ha","5","6","11"
"lapu21","5","6","11"
"marcofi","5","6","11"
"MississippiUSA","6","5","11"
"Mr_Spy_hat","5","6","11"
"Nahuelfuse","5","6","11"
"nugis_aleksandr","6","5","11"
"Nukanaboyena","5","6","11"
"Olek2016","5","6","11"
"pst500","8","3","11"
"queensgambit82","6","5","11"
"RaspFish","5","6","11"
"santhosh_12","7","4","11"
"SaurcA97","4","7","11"
"Seppolino","5","6","11"
"sherief4","5","6","11"
"spacenaru","5","6","11"
"ssanaboyina","5","6","11"
"tofik56","5","6","11"
"TWAd","3","8","11"
"Un1977","6","5","11"
"vladimir4969","5","6","11"
"wkraw","3","8","11"
"Woodpusher65","5","6","11"
"zakaria51","5","6","11"
"Abdylkadirchempion","6","4","10"
"Advaithccs","5","5","10"
"Ahar82","3","7","10"
"Alertaaaaa","6","4","10"
"AlexGoz","5","5","10"
"Alibea48","4","6","10"
"Alibruad","6","4","10"
"Andreisha","5","5","10"
"Arzikul","5","5","10"
"athavva","5","5","10"
"Avelan","5","5","10"
"Avotiana","5","5","10"
"Awinash","5","5","10"
"b_negrov","5","5","10"
"benidola","6","4","10"
"blackholeuniverse","4","6","10"
"blackyschessreturn","5","5","10"
"CAPANEGRAHABANA","6","4","10"
"chakravarthisravanth","5","5","10"
"dadmoni","4","6","10"
"Dantoro55","5","5","10"
"delcastillo58","5","5","10"
"DirtyHarry1900","6","4","10"
"dkdkekfkr","5","5","10"
"ErdalTurkey","4","6","10"
"EvilTurtl","5","5","10"
"Evrostos","5","5","10"
"fabio248","5","5","10"
"FCG50","7","3","10"
"FedeyRico","4","6","10"
"GarryBrain","6","4","10"
"glossator","5","5","10"
"Grand-Monster","5","5","10"
"Hefezopf22","4","6","10"
"hellochandu","4","6","10"
"hsnhsn9999","5","5","10"
"humza619","4","6","10"
"ian427","5","5","10"
"IzZAaN11","5","5","10"
"jmtiss","5","5","10"
"JoMaSV","4","6","10"
"kottepeta3600","6","4","10"
"L_A_I","5","5","10"
"lakshmanlucky12","4","6","10"
"LILVENGR","6","4","10"
"lnirosha","4","6","10"
"Lynx_BOT","4","6","10"
"Majko","5","5","10"
"marineone","6","4","10"
"masnas","4","6","10"
"meganium21","4","6","10"
"Mikiroch","6","4","10"
"moloko30","6","4","10"
"NegroNegroni","5","5","10"
"Night-King11","5","5","10"
"pascualillo","5","5","10"
"Peapop","5","5","10"
"peekola","6","4","10"
"PokemonGoSuperstar","5","5","10"
"PowerfulPatzer","4","6","10"
"Pralladi","5","5","10"
"QueenHumper","5","5","10"
"Raghav_Rathi-1","6","4","10"
"rambathri","5","5","10"
"Raydock","5","5","10"
"Rearlock","7","3","10"
"ReinforcementTrial","5","5","10"
"RITVIK_2012","5","5","10"
"RobinAndi97","3","7","10"
"Roma20130202","5","5","10"
"romanavanesov","5","5","10"
"Rony971","5","5","10"
"santinatreesacijo","5","5","10"
"sconed","5","5","10"
"SergeySeversk","5","5","10"
"shahrooz5575","5","5","10"
"Sinaf1991","8","2","10"
"Sshake_x","4","6","10"
"Sultanmuxtar","5","5","10"
"SUPERGalloRicardo","5","5","10"
"swathiannaram","5","5","10"
"Terminator0815","5","5","10"
"thierryjeanmarc","5","5","10"
"tonytwins","5","5","10"
"treskallen","7","3","10"
"TruthAlwaysWins","5","5","10"
"Tyburon1","5","5","10"
"umerlavchera","4","6","10"
"vadia3003","5","5","10"
"vishwakarmas","5","5","10"
"WillyBChessin","5","5","10"
"zeekat","4","6","10"
"zixuan2009","4","6","10"
"abdualnassr13523","5","4","9"
"Acerb8","4","5","9"
"AKS-Mantissa","2","7","9"
"Alekslpumt","4","5","9"
"alezingo","5","4","9"
"AlfilOscuro","4","5","9"
"amnolizard","5","4","9"
"Amvsh","5","4","9"
"andreosandrey","5","4","9"
"andresduran67","4","5","9"
"ARKAD684","2","7","9"
"Arlette68","4","5","9"
"ashraf7788819","6","3","9"
"azam_nouri","5","4","9"
"bearcat1968","5","4","9"
"bejjala","3","6","9"
"BHTCHESS","4","5","9"
"bigbillbronzy","5","4","9"
"biojazz18","5","4","9"
"Birzi","4","5","9"
"bluegregg","4","5","9"
"BorisStasjuk","4","5","9"
"bsrikanthreddy","5","4","9"
"Calvelame","4","5","9"
"carlossandoval1949","6","3","9"
"Cg012","5","4","9"
"Chenampally","5","4","9"
"ChessGambit_A","4","5","9"
"chessman1986","5","4","9"
"ChessshireKnight","4","5","9"
"Coconaud","5","4","9"
"CruddyRanger","2","7","9"
"culecuki","5","4","9"
"Delespacetryhard","4","5","9"
"delilakkurt47","5","4","9"
"Deniss4","4","5","9"
"didou2014","6","3","9"
"dkfl612","5","4","9"
"DmitrGodulian","4","5","9"
"Dneprianin","3","6","9"
"dvali","3","6","9"
"ELikeLoudi27","5","4","9"
"ESchroe","5","4","9"
"fboesch31","5","4","9"
"Fella8","5","4","9"
"FENER14","4","5","9"
"fraer21701","5","4","9"
"gannechinmai","5","4","9"
"Garik1607","5","4","9"
"geethasreed","6","3","9"
"GermaniaMagna","5","4","9"
"Goe68","5","4","9"
"gopirajuk","5","4","9"
"Guilloix","4","5","9"
"gurululu","4","5","9"
"hakanmaden","6","3","9"
"HalloweenBishop","5","4","9"
"Hermooooooovgeniy","4","5","9"
"Hitriy_russkiy","5","4","9"
"holgerloehr","6","3","9"
"Holopov","5","4","9"
"HorseShoeBoy","5","4","9"
"Htn125","4","5","9"
"i_gkogkornas","4","5","9"
"invisible_jerico23","5","4","9"
"Javan_S","4","5","9"
"Jorgeh55","5","4","9"
"kaiser1980","4","5","9"
"kanakaveedu","4","5","9"
"Kangleicha","3","6","9"
"karsonkong","3","6","9"
"Khanya95","5","4","9"
"kinight4hire","4","5","9"
"Kivi85","7","2","9"
"KnightTab","4","5","9"
"kometla","4","5","9"
"KRassadin","4","5","9"
"kth8645","4","5","9"
"Kuttuboina","5","4","9"
"L3on_1982","3","6","9"
"Lagov","5","4","9"
"Learning312","3","6","9"
"libgus","5","4","9"
"llamapope","3","6","9"
"MAGDALION","6","3","9"
"manoj_pothula","5","4","9"
"Maybestrategic","7","2","9"
"mekathoti","4","5","9"
"melekkocoglu","6","3","9"
"Merino-Daniel","5","4","9"
"MIKELANJELO777","5","4","9"
"Mohamedabo","5","4","9"
"MoisesBell","4","5","9"
"MonkeyArm","4","5","9"
"muhyiddindemir","4","5","9"
"Nahedo57","4","5","9"
"Nikolayzoro","4","5","9"
"NotAlexanderPetrov","5","4","9"
"Nur24214","4","5","9"
"O_Serra8","5","4","9"
"ombalo","4","5","9"
"osval2l","6","3","9"
"ozhigin","5","4","9"
"palencia","4","5","9"
"pashachapst1ck","4","5","9"
"Pavel_Sizikov2015","4","5","9"
"PAZIFISTinRAGE","4","5","9"
"PEDDAVEMGARI","4","5","9"
"peymann","5","4","9"
"Phoenix_2309","5","4","9"
"posaram","5","4","9"
"pruthbruz_876","5","4","9"
"Puzzelxd","3","6","9"
"ReneHH","4","5","9"
"RithinPothuru","4","5","9"
"Roberto1977J","2","7","9"
"royproulx","5","4","9"
"RudiB","5","4","9"
"sashashev","5","4","9"
"sergio1280bro","4","5","9"
"shahabzade","4","5","9"
"shivasharghii","5","4","9"
"shlomob123","4","5","9"
"shortyadamshardwick","3","6","9"
"Sidonio","4","5","9"
"sinagafernan17","3","6","9"
"sk_Manisha","4","5","9"
"Spaceshipcat","5","4","9"
"Ssaber66","5","4","9"
"StefanMG","8","1","9"
"Stonycreek","5","4","9"
"sukru_K","5","4","9"
"Sylverchess","5","4","9"
"tarigopulak","5","4","9"
"TatiSpace","5","4","9"
"Tomcat26_79","4","5","9"
"Tshiva9700","5","4","9"
"ubagam","5","4","9"
"vicky_virat","4","5","9"
"Viktor5691","6","3","9"
"Voloplote","4","5","9"
"waelhamza","4","5","9"
"Wallauer","6","3","9"
"xAlekhine777","5","4","9"
"YoBot_v2","5","4","9"
"Zaby75","5","4","9"
"Zaipulla1939","5","4","9"
"ZAXAP27","4","5","9"
"zinoukako","5","4","9"
"zurab1234","5","4","9"
"abscho14","4","4","8"
"Abu_Musa","4","4","8"
"addy122","4","4","8"
"Agent32","5","3","8"
"Aguskusmono2023","3","5","8"
"AJsebastian","4","4","8"
"Al_Martins","4","4","8"
"alena_star","4","4","8"
"AmiraliEizadi1387","4","4","8"
"Andrewttng","4","4","8"
"anmrose","3","5","8"
"AntoniosNls","5","3","8"
"AntonovAlbert","2","6","8"
"argosat13","5","3","8"
"ariff_cb22107","5","3","8"
"ArseniyKhitrov","3","5","8"
"Artem13_79","5","3","8"
"artem2000","5","3","8"
"ArturoSL22","6","2","8"
"Ashu3636","3","5","8"
"AudienzBeimKhan","3","5","8"
"baldac","4","4","8"
"bayram77","3","5","8"
"Belonojckoivan","3","5","8"
"Bethalasony","4","4","8"
"BitburgBaron","4","4","8"
"black-not-white","4","4","8"
"BlessmySoul","3","5","8"
"boojo26","4","4","8"
"chaman92","5","3","8"
"ChampionVologda","4","4","8"
"chess_man_2000","1","7","8"
"Chessmaster5347","4","4","8"
"CigaretteSmokinMan","3","5","8"
"Clavel","2","6","8"
"coppie3","3","5","8"
"cploton","2","6","8"
"Dabadmanalex","4","4","8"
"Dbreeze90","4","4","8"
"Deepamma","4","4","8"
"desmond84","4","4","8"
"diegoman","4","4","8"
"DINAR_SIRAZEEV","5","3","8"
"Drama187","5","3","8"
"DrStan","5","3","8"
"dtdevens","4","4","8"
"Editor_in_chief","5","3","8"
"elsagoeschess","3","5","8"
"embergod","6","2","8"
"Enrico67","4","4","8"
"EnZo8466","4","4","8"
"ericm119","4","4","8"
"Eva_Monastirskaya","3","5","8"
"Fathy-aly","4","4","8"
"fbslipknot","4","4","8"
"Fittrader","5","3","8"
"Forcethehorse17","4","4","8"
"Friend_123","4","4","8"
"Galdorcraeft","4","4","8"
"gilsonviola6","4","4","8"
"Gina25","3","5","8"
"globocule","4","4","8"
"Good_luck_my_friend","3","5","8"
"gugulavath","5","3","8"
"GZenChess99","4","4","8"
"H00gie","6","2","8"
"harimachavarapu","5","3","8"
"Heisenhuegel","3","5","8"
"Henkelmann","4","4","8"
"hgw0811","3","5","8"
"Hototo","4","4","8"
"igrok51","2","6","8"
"IIIopox","3","5","8"
"Ilduschess","3","5","8"
"invachess90","4","4","8"
"isa_2d","5","3","8"
"jakethesnake01","4","4","8"
"Jamikl","4","4","8"
"jamudalapalli","5","3","8"
"JANVI1806","4","4","8"
"Jasem85","5","3","8"
"Javitoy","3","5","8"
"Jojver","4","4","8"
"jundumo","4","4","8"
"jurko811","4","4","8"
"karaktalal","4","4","8"
"karmnik","5","3","8"
"karthik8888","3","5","8"
"kidludacris","4","4","8"
"Kinbote94","4","4","8"
"kioto","5","3","8"
"Kittu_Alba56","5","3","8"
"kocageci","5","3","8"
"KoelnerJAlex","4","4","8"
"KoHcTaHTuH_Moskva","4","4","8"
"kreeg","3","5","8"
"kriss","2","6","8"
"Kulagaa","3","5","8"
"Kulkarniv","5","3","8"
"Latheef83","4","4","8"
"lechenko","4","4","8"
"Lecter_9","2","6","8"
"Legioner01","4","4","8"
"leonruben","4","4","8"
"Little_Velican","5","3","8"
"lopezjan","4","4","8"
"LoupFro","4","4","8"
"LRRTOMCK","3","5","8"
"LuEi1504","3","5","8"
"m7606319e","5","3","8"
"madhavam123","4","4","8"
"Magadikaushu","3","5","8"
"maj0ran","7","1","8"
"MalherbeYvan","3","5","8"
"mansoord0150","5","3","8"
"Manticore95","3","5","8"
"Mapacheaniquilador","4","4","8"
"masterfideee","3","5","8"
"Mazhar5ada3","4","4","8"
"medomahmough","4","4","8"
"Mehdi-Mokrani","4","4","8"
"MishaBlACK","3","5","8"
"mmm9262","3","5","8"
"mr_mohanta_2008","4","4","8"
"mrams04","5","3","8"
"Mukachevo","4","4","8"
"nandikaswetha","4","4","8"
"Nemiroff80","5","3","8"
"NIKIFOROV23","3","5","8"
"niklasj","5","3","8"
"NithinShivashankar","3","5","8"
"not_busy_nick","2","6","8"
"OlegZV","3","5","8"
"oleksiy60","4","4","8"
"OnlyGood","4","4","8"
"onteruc","3","5","8"
"oskkar96","4","4","8"
"PaddyMac21","4","4","8"
"Patosmink","4","4","8"
"Pepkaspas","5","3","8"
"petergof5","3","5","8"
"Phillet_AH","2","6","8"
"PhiSeKi","4","4","8"
"PieroRuizTinco","3","5","8"
"PODAMIKL","4","4","8"
"Poornimadevi","5","3","8"
"ppTono","4","4","8"
"PrizeFor_Free","4","4","8"
"psopporpdipverpcao","4","4","8"
"RagnaRockNRoll","5","3","8"
"random0855","4","4","8"
"RasuljonAzamjonov","5","3","8"
"Replicant35","3","5","8"
"rwcshaka","3","5","8"
"Salty_Fat_Slob","4","4","8"
"samarthmittal88","3","5","8"
"SergeiGordov","4","4","8"
"SergeyDemin","4","4","8"
"SergIvanS","6","2","8"
"shotgunking1","7","1","8"
"socialengineering","4","4","8"
"Sofiaaa1748","4","4","8"
"Sopizzas","4","4","8"
"speezyd","5","3","8"
"sridharvanam","4","4","8"
"stebliv","5","3","8"
"Targi","4","4","8"
"TheHalGriswold","3","5","8"
"thepurpleoctopus","5","3","8"
"timkw","3","5","8"
"TSM88","4","4","8"
"turuu75","3","5","8"
"UkrKyivCrimea","3","5","8"
"Ushilka","4","4","8"
"valeriychempion","5","3","8"
"Victorianis","4","4","8"
"VITOV76","4","4","8"
"VladimirGrPsk","5","3","8"
"Void0x32","3","5","8"
"vretyfer","4","4","8"
"Vyacheslav_mich","4","4","8"
"Wasej","4","4","8"
"wasserzell","5","3","8"
"Will-Johnston","4","4","8"
"xxzzxx","4","4","8"
"YANN25","2","6","8"
"Yarikq","5","3","8"
"yashaik","4","4","8"
"Yashwanth98","4","4","8"
"YB2020","5","3","8"
"zaaas","4","4","8"
"Zaqna","3","5","8"
"AAPIHLIS","3","4","7"
"abhilashgoudk","4","3","7"
"Abomo_tasem","3","4","7"
"Accord_07-1305","3","4","7"
"AchillianNestaurious","3","4","7"
"AchimKasperski","3","4","7"
"AFC1950","4","3","7"
"Aldoushappy","3","4","7"
"Ali9711","3","4","7"
"aliiiadm","4","3","7"
"Alischer","3","4","7"
"Alkhalidi83","4","3","7"
"alsekaz","3","4","7"
"amathp","3","4","7"
"amkamk","4","3","7"
"Andre919","2","5","7"
"AndrewML","3","4","7"
"AnonymousPlayerT","3","4","7"
"antoniolisboa_1","4","3","7"
"antoniort22","4","3","7"
"AntonMinko","3","4","7"
"ArnieGomatam","2","5","7"
"Arsch_mit_Ohr","4","3","7"
"ASDECARREAU","4","3","7"
"ashkan081","5","2","7"
"Ason103","3","4","7"
"AugustineMaximilian","3","4","7"
"B0r1S1","4","3","7"
"ballamai","3","4","7"
"banoo82","2","5","7"
"berndsuperstars","4","3","7"
"BmArAm183","4","3","7"
"BOLJMOR2010","3","4","7"
"brtkumlu","3","4","7"
"Bubsyhenry","3","4","7"
"BuLucee","4","3","7"
"C_a_n_o_n","3","4","7"
"CaGeALe","3","4","7"
"cellulog","6","1","7"
"chackota","3","4","7"
"Chess-8419","4","3","7"
"chesschron","2","5","7"
"Chessforme111","4","3","7"
"churochango85","4","3","7"
"cilenedossantos","5","2","7"
"CLMO29","3","4","7"
"danchess12345","4","3","7"
"darushmoalemi","4","3","7"
"DavyGreen","3","4","7"
"daytona12","5","2","7"
"deechernenkodoc","2","5","7"
"Deepu585","4","3","7"
"dhion","5","2","7"
"dimamakeev","5","2","7"
"dimkampr","2","5","7"
"DimonLimon5","3","4","7"
"DinoSchach01","5","2","7"
"Dmit1231_12","4","3","7"
"Dmitry_Yankin","3","4","7"
"doaadoaa22","3","4","7"
"Dolbano","4","3","7"
"Dollabill","4","3","7"
"E_F15","4","3","7"
"edoubleu1994","4","3","7"
"EinarGonzalez","5","2","7"
"ELO_1500","3","4","7"
"Elsambo123","4","3","7"
"emircobic","4","3","7"
"emmaasg","4","3","7"
"Emmarmel","4","3","7"
"epiv","4","3","7"
"ercheamoorthy","5","2","7"
"Eskamoter","2","5","7"
"Euneljoh","5","2","7"
"Fabiano___Caruana","4","3","7"
"fazlaacemi","4","3","7"
"felipemaragni","4","3","7"
"FireFishBOT","4","3","7"
"Fitkioshi36","4","3","7"
"Frettiso","2","5","7"
"FYUCEL","3","4","7"
"G-masta","3","4","7"
"Gav17","5","2","7"
"Gavrosh67","3","4","7"
"GiorgioMastrota","4","3","7"
"Glossariy","4","3","7"
"Godwin_eke","3","4","7"
"Goingvegan","2","5","7"
"GregoryGorokhov","4","3","7"
"Halehandros","3","4","7"
"HaroldCrick","2","5","7"
"harrychesscoach","2","5","7"
"HarryHaller1","3","4","7"
"Helmut53","2","5","7"
"hut9600","3","4","7"
"IgorD110","4","3","7"
"InesL","5","2","7"
"ivarhe","3","4","7"
"jmgreeny","4","3","7"
"Joelkings","3","4","7"
"JulioBI","3","4","7"
"juliochen","4","3","7"
"JurCheck","5","2","7"
"justchessin789","4","3","7"
"Juzz82","1","6","7"
"khamida_voin","3","4","7"
"killer_nn1234","3","4","7"
"King6432","3","4","7"
"KliZma_maN","5","2","7"
"klykov777","4","3","7"
"KMRR","4","3","7"
"knight_264","4","3","7"
"konkumudi","3","4","7"
"kovalenko1963","4","3","7"
"Krroo","3","4","7"
"KurtiBlahovec","3","4","7"
"LaCastafiore","4","3","7"
"lania21","4","3","7"
"Lemu_warrior","4","3","7"
"LGT31","3","4","7"
"Liam-cde","4","3","7"
"Lisa-lisa","3","4","7"
"Lollo1978","3","4","7"
"lombardino12345","3","4","7"
"Lumpov","3","4","7"
"lyao","3","4","7"
"mandal12qw","4","3","7"
"marcoshegel","3","4","7"
"Marian1507","3","4","7"
"Marina2410","3","4","7"
"marklearns","4","3","7"
"martinarrarasM","4","3","7"
"MartinJosephtvm","4","3","7"
"mary-bakhshi","6","1","7"
"Massimoff","2","5","7"
"Maziyartalebi","4","3","7"
"MDesmond","4","3","7"
"mehdiayb","4","3","7"
"Michael4421","4","3","7"
"Midnight_Sun7","5","2","7"
"milonga54","3","4","7"
"mlonfat","4","3","7"
"mohammadtabriz","2","5","7"
"Monykynha","3","4","7"
"mostabdr","4","3","7"
"MrOnTheLevel","5","2","7"
"muehlenkoelsch","3","4","7"
"muemarkm","3","4","7"
"Mukanbet42","3","4","7"
"nakaschuk","4","3","7"
"Nalbat","3","4","7"
"NAVEEN_NAAZ","2","5","7"
"neumlot0","5","2","7"
"Nidheesh7665","4","3","7"
"Nik-1948","4","3","7"
"nikniknik000","4","3","7"
"Nikolay196","4","3","7"
"nishantsahu","2","5","7"
"nope_3943","3","4","7"
"Nyte256","5","2","7"
"Om12chess","4","3","7"
"omardar","4","3","7"
"Opmi","3","4","7"
"Orleszpony","3","4","7"
"osmanoff_taleh_777","1","6","7"
"OzgurYolcu","3","4","7"
"p1960","4","3","7"
"PabloErandio","2","5","7"
"pablomaran","4","3","7"
"Panrtyhose","2","5","7"
"Paolo_Canavese","4","3","7"
"PaoQuentin","3","4","7"
"PeaceForeverAge","3","4","7"
"peertje75","4","3","7"
"PelagiusIIRex","3","4","7"
"pkond","4","3","7"
"pO1e","4","3","7"
"PrabirCtg","3","4","7"
"Profpeach","3","4","7"
"Rado49","4","3","7"
"rafbi","5","2","7"
"raveena55","4","3","7"
"rdereli48","4","3","7"
"ReallyManny","4","3","7"
"Rekc73","3","4","7"
"Ribak1000","4","3","7"
"Ricar_Sev","5","2","7"
"RoseSaunders","3","4","7"
"rugat","4","3","7"
"S1lentGamerDac1an","4","3","7"
"Sachka46","6","1","7"
"saitoniprinsesa","3","4","7"
"SanaL0108","4","3","7"
"sanThiago08","3","4","7"
"SAOluwatosin","3","4","7"
"satchelwatchel98","4","3","7"
"sattelite5","3","4","7"
"scaccomatteo03","4","3","7"
"Sergio2311","3","4","7"
"sergpp1","3","4","7"
"shathivel","4","3","7"
"shnimmala","4","3","7"
"shwethu","4","3","7"
"siervo_creyente","4","3","7"
"Simon-Templar","3","4","7"
"Sinisa076","4","3","7"
"slavikbakatov98","3","4","7"
"Snehabavan","4","3","7"
"snowycheese","4","3","7"
"Solar5","3","4","7"
"SSK2612","3","4","7"
"staritsyn_sergey","4","3","7"
"SteveSaunders","4","3","7"
"styloroc","4","3","7"
"Super_Dog28","4","3","7"
"TankFedoraCat","3","4","7"
"Telepati_id","3","4","7"
"TelmanRus","3","4","7"
"terrestris","2","5","7"
"thantoeaungsgg","3","4","7"
"The_old_tower","4","3","7"
"TheCunningLinguist","4","3","7"
"thefrenchdefenc","4","3","7"
"thegiver009","5","2","7"
"Turan7777","3","4","7"
"Velasquesms","3","4","7"
"vituz01","3","4","7"
"vladimir888999","3","4","7"
"vlinga777","4","3","7"
"waynehiggs","4","3","7"
"Whitleygang","3","4","7"
"Wojtas_3000","3","4","7"
"XeniTheFantom","4","3","7"
"xvelichkov","3","4","7"
"yannLC","3","4","7"
"Yasirkarar","6","1","7"
"yungneo08","3","4","7"
"zenogesualdo","3","4","7"
"Achilles1498","2","4","6"
"aguabasedm","4","2","6"
"akmalraze7","3","3","6"
"albanye","3","3","6"
"albertober","3","3","6"
"AlcaideReal","4","2","6"
"Aleck_S69","2","4","6"
"AlejandroDov","3","3","6"
"Alexandr1955","3","3","6"
"Alexchess2006","2","4","6"
"alexei212","1","5","6"
"alexis0000","3","3","6"
"ALICO-84","4","2","6"
"Alimgan55","2","4","6"
"AmazinglyAdequate","3","3","6"
"Ammar_Road_2_TT","3","3","6"
"Anas2018_Hashir","3","3","6"
"Anatolii1959","2","4","6"
"anatoliy324","3","3","6"
"AnDRaGoRaSsS","3","3","6"
"Andrew_JaviGudiAgama","3","3","6"
"Andrey_Uralov","2","4","6"
"AnnaBuv","5","1","6"
"AntonPetrichev","3","3","6"
"anudeep_9","3","3","6"
"ArielZamora2","3","3","6"
"Arinjay_Jain","4","2","6"
"Arman2470","2","4","6"
"arnavaaa","3","3","6"
"ARUP0186","2","4","6"
"AsReyQ","4","2","6"
"ASSEDIO","3","3","6"
"Azary92417005","3","3","6"
"Azumi_owo","2","4","6"
"BananaPowered","3","3","6"
"bancaelectronica","3","3","6"
"BanksBiz","3","3","6"
"BASAJJA","2","4","6"
"BeatleCristian","3","3","6"
"BELLissimo78","2","4","6"
"Big_Y","2","4","6"
"Bignor","1","5","6"
"bik-14","4","2","6"
"BishNoot","3","3","6"
"blazin9723","3","3","6"
"Borisnin","2","4","6"
"Braglia","5","1","6"
"BrainerTrainer","4","2","6"
"Bull1964","4","2","6"
"burtonsk23","3","3","6"
"Camora1150","2","4","6"
"captain330","3","3","6"
"cesare_gigliozzi","3","3","6"
"checkmate1950","3","3","6"
"chess2o","4","2","6"
"chessanytime2320","5","1","6"
"ChileanWizard","3","3","6"
"ckandhi","3","3","6"
"ctweymou","2","4","6"
"daavgover","3","3","6"
"darkside2","2","4","6"
"dashcam","3","3","6"
"DavidRosenkoetter","3","3","6"
"Dean71","4","2","6"
"delesash1","3","3","6"
"Demolito_L5","2","4","6"
"der_weisse_turm","4","2","6"
"DerSteinpilz1","2","4","6"
"Detlaf228","2","4","6"
"Df31ty","3","3","6"
"diagn0st","3","3","6"
"diamondgirl","2","4","6"
"Dimon444","4","2","6"
"DipakDe","2","4","6"
"doctor-may-care","3","3","6"
"DrAgilstein","4","2","6"
"drieu92","3","3","6"
"dudo123","2","4","6"
"Duka1959","3","3","6"
"Duncan_Milgo","4","2","6"
"eastcc","1","5","6"
"edberg1988","4","2","6"
"eddieshalom","4","2","6"
"edmontoner","3","3","6"
"efraimmm","3","3","6"
"El_D0minat0r","4","2","6"
"elia_rahimzadeh_zare","3","3","6"
"Emilio257","3","3","6"
"Englis1970","2","4","6"
"EnPassant_checkmate","3","3","6"
"Erdem62","2","4","6"
"Ernes19","2","4","6"
"eRofeev1","3","3","6"
"ErwinMuller88","2","4","6"
"etoile010","4","2","6"
"Eyanchess","3","3","6"
"Fanfarr","4","2","6"
"Fardatxoroc","3","3","6"
"faseboss","3","3","6"
"fernando_ima_102","1","5","6"
"Fiascodibambino","3","3","6"
"Fireyforce10","3","3","6"
"FlowerPower67","4","2","6"
"Forresian70","3","3","6"
"Fsolano","2","4","6"
"gavran55","4","2","6"
"GeenadiyKotow","4","2","6"
"Gellert_Grindelwald7","1","5","6"
"gena60","3","3","6"
"gendos920puhov","4","2","6"
"generals1","3","3","6"
"gino68","4","2","6"
"GiorgiMach","3","3","6"
"Godedego","2","4","6"
"gomaaknagznkk","4","2","6"
"GoodKIT","3","3","6"
"Gustavo498","2","4","6"
"gyton","3","3","6"
"haipe132","3","3","6"
"hak457","4","2","6"
"hamankumar","4","2","6"
"HamSandwish","3","3","6"
"henriqueviana342","5","1","6"
"homa3255","2","4","6"
"humbledour","1","5","6"
"Hyssopus83","4","2","6"
"I_am_Ameba","3","3","6"
"Iagoborgespr","3","3","6"
"Iced_Ramen","3","3","6"
"IlyaElf","3","3","6"
"inovak","3","3","6"
"Ippolita","4","2","6"
"Irbis2012","3","3","6"
"ishovdra","3","3","6"
"islamsuleimanov","3","3","6"
"Itadory","3","3","6"
"izunauchiha","3","3","6"
"jane17","2","4","6"
"jaumi","3","3","6"
"jiao2ckl","2","4","6"
"jimsheri1","2","4","6"
"JJ_joseph","2","4","6"
"jmoli","2","4","6"
"joerg888","3","3","6"
"Josy30","2","4","6"
"juninhohair","3","3","6"
"Justys_07","4","2","6"
"K2712","3","3","6"
"kaiserclaude","3","3","6"
"kamilgjjjbjbifjb","3","3","6"
"kanapoleyt","3","3","6"
"karateshoryn","2","4","6"
"kartrite","4","2","6"
"King_TylerF","3","3","6"
"KingGambit58","3","3","6"
"Kingxm4n","3","3","6"
"KonetskyiEgor","3","3","6"
"Kosmkda","3","3","6"
"Krasnoe_sun","3","3","6"
"Krinst","3","3","6"
"ks3sa","1","5","6"
"Kung_Fu_Panda3","2","4","6"
"kyverdale","2","4","6"
"lapserdak","3","3","6"
"Leftik","2","4","6"
"Leoprocjunorosello61","3","3","6"
"lolicantsleep321","3","3","6"
"lrb1982","3","3","6"
"machichochess","3","3","6"
"MADECOOL","3","3","6"
"mag_chess777","3","3","6"
"Magnet53","3","3","6"
"mahtalabbaf","4","2","6"
"Makar46","5","1","6"
"makram","3","3","6"
"maksim10031982","3","3","6"
"maniahh","3","3","6"
"Manolo-604","2","4","6"
"maplesugano","4","2","6"
"maquis1214","2","4","6"
"Marmota123","3","3","6"
"martin0877","2","4","6"
"MATHIAMUDHANN","3","3","6"
"Matteo_Falcone","3","3","6"
"Maurissard_Master","3","3","6"
"MaximilianVSt","3","3","6"
"MaximTankist","4","2","6"
"Mayon2020","2","4","6"
"Mehran13653828","4","2","6"
"meximaweikere","3","3","6"
"mf_1","4","2","6"
"mfzlur2","2","4","6"
"Mhlengi_01","3","3","6"
"mikelowonderful","2","4","6"
"MinasyanZaven2022","4","2","6"
"mond6","2","4","6"
"munis7","3","3","6"
"Nameless_20","2","4","6"
"nat4k","3","3","6"
"NATRAJSARMA","4","2","6"
"Nechmettinov1","4","2","6"
"NielsLund","4","2","6"
"niksitnikow2020","2","4","6"
"NochEinSpieler","2","4","6"
"nooooob4654675","3","3","6"
"Nundwemartin","2","4","6"
"Obaqo","2","4","6"
"Oclarus2","4","2","6"
"oleksandrbogdan480","3","3","6"
"Oliverfrancesco","2","4","6"
"Onekludov","1","5","6"
"Otto4387","3","3","6"
"PAMOVER","3","3","6"
"PatrickH91700","2","4","6"
"pehanna","2","4","6"
"PeterBarton","3","3","6"
"peterseeberg","3","3","6"
"Pheelings","3","3","6"
"Pioner_pioner","2","4","6"
"pips2713","2","4","6"
"piramidonen1","2","4","6"
"Pirschei","3","3","6"
"PJAYARAJ","2","4","6"
"PodkopaevTimofey","4","2","6"
"Ponvenkatesh-1994","3","3","6"
"poorasgar","3","3","6"
"POURNAMI2018CCS","4","2","6"
"pradeep_shas","3","3","6"
"PrathamJain102","3","3","6"
"pricesssssssssssssss","2","4","6"
"prof-emeritus","3","3","6"
"PTsai","3","3","6"
"RADJAH","2","4","6"
"rasoul1995","3","3","6"
"Rastoin1942","3","3","6"
"raulroberts","5","1","6"
"Rechemann","3","3","6"
"renattinha","2","4","6"
"Revejakta","3","3","6"
"rezaamiri66","2","4","6"
"Rinat357","2","4","6"
"Rodes_73","3","3","6"
"Roy_David","3","3","6"
"RRTrent1700","3","3","6"
"rudrarathi1234","3","3","6"
"ruzena","4","2","6"
"s2ataei","3","3","6"
"SameerJatti","2","4","6"
"Sanchess-66","3","3","6"
"SarkarRajAS","3","3","6"
"sashka_kudryavcev","3","3","6"
"SAXMAN1","3","3","6"
"Seba4321","3","3","6"
"selkovskizarko1","2","4","6"
"Selyukov","3","3","6"
"Sergei1910","4","2","6"
"sergey_017","4","2","6"
"SergeyCh1959","3","3","6"
"SergijDyak17","3","3","6"
"SERGIUTANDARICA","4","2","6"
"shj","3","3","6"
"sica23","3","3","6"
"Sinivalas","3","3","6"
"SJMITCHELL","3","3","6"
"Skallberget","3","3","6"
"Skelermon","4","2","6"
"Skyhook59","3","3","6"
"Smyrnast","4","2","6"
"Snatch1937","3","3","6"
"Sorento64","3","3","6"
"Spangla","2","4","6"
"splufold","4","2","6"
"Sportsquizzes","4","2","6"
"sr-zmah-85318531","4","2","6"
"Srivsk","2","4","6"
"Stcalobra","3","3","6"
"Stornefis210","3","3","6"
"SuperMatrix1907","2","4","6"
"swaammp","3","3","6"
"TAMMAM_77","2","4","6"
"TampaRC","2","4","6"
"Tarsiers104","3","3","6"
"Tegshtur","3","3","6"
"Teobald_Karuna","1","5","6"
"Thedeadlifts","3","3","6"
"ThePred","3","3","6"
"thisplay","3","3","6"
"tiger55sh","3","3","6"
"Tiziao","3","3","6"
"tobiasnissen8","4","2","6"
"tocade","3","3","6"
"Tokyo026","3","3","6"
"Tom852","3","3","6"
"travel16","3","3","6"
"triss33","3","3","6"
"tristan0110","3","3","6"
"TRO4","3","3","6"
"Truckdriver_89","3","3","6"
"Tschucklo","3","3","6"
"Txoto1984","3","3","6"
"TyrionLanister1978","3","3","6"
"Ubi1925","3","3","6"
"UJWALUTHARA","3","3","6"
"uschreck","4","2","6"
"UweAlter","3","3","6"
"Velicem","3","3","6"
"vetalshap123","4","2","6"
"Vibhav17","3","3","6"
"vicevoids","3","3","6"
"vioreldumbrava","2","4","6"
"vjcheslav","4","2","6"
"Vlad_Zyablitsev","3","3","6"
"Voki57","3","3","6"
"Voldamn_T","3","3","6"
"vyveslav_vasilievih","3","3","6"
"w1986","3","3","6"
"wannsee83","3","3","6"
"Weiawaga","4","2","6"
"Wfwr","2","4","6"
"win-rar16","3","3","6"
"Wissam1810","4","2","6"
"xi7","3","3","6"
"XinNClean","3","3","6"
"xxser88","3","3","6"
"Xxx_dtc","4","2","6"
"Yasminggh","3","3","6"
"YAVE1369","3","3","6"
"Yellowtit","3","3","6"
"yokozunamike123","2","4","6"
"yuri1230","4","2","6"
"Yvon83","2","4","6"
"Zamsi18","3","3","6"
"zugzwanglimit","3","3","6"
"A_R_Ahmadi","3","2","5"
"AAC1964","2","3","5"
"abastidas","3","2","5"
"abdolvahed","3","2","5"
"ABDUL_MAJEED","4","1","5"
"abdulaga-lek","3","2","5"
"abedallahk20","2","3","5"
"Abrao","2","3","5"
"ABUTALEEN2021","3","2","5"
"acaceda","2","3","5"
"adamsky","2","3","5"
"adusenov","3","2","5"
"agmin","2","3","5"
"ahmed76544","3","2","5"
"Aid_Ukail","4","1","5"
"AkbarAli78_SCC","3","2","5"
"Akibart","2","3","5"
"al81lu","3","2","5"
"alaearrabbat","2","3","5"
"Alakazam7777","3","2","5"
"alaminjust","1","4","5"
"aleago","3","2","5"
"Alekigno","3","2","5"
"AleksandrProm","3","2","5"
"aleksei1234567","2","3","5"
"alex_bob","2","3","5"
"Alex-1982","3","2","5"
"Alex-kim9","3","2","5"
"Alex020715","2","3","5"
"AlexanderSkripnik","3","2","5"
"Alexaoui","2","3","5"
"Alexfer06","2","3","5"
"Alexy_Laptev","2","3","5"
"AlfredSchumann","2","3","5"
"ali_ra_za","3","2","5"
"ali0sman","3","2","5"
"Aliali2018","2","3","5"
"Alioka5118","1","4","5"
"aliphz110","2","3","5"
"Amirmahdi2015","2","3","5"
"amirreza0121","3","2","5"
"AMJarrrr","3","2","5"
"amplika","2","3","5"
"Anandanirudh","3","2","5"
"ananyasree","3","2","5"
"andrea210989","1","4","5"
"Andreytlt","4","1","5"
"Anilshivpuri","3","2","5"
"ant_martin","3","2","5"
"anubabbu","1","4","5"
"april_flowers","2","3","5"
"Aquarius_Man","3","2","5"
"aquilesl","3","2","5"
"aravin_draj","3","2","5"
"aRenfrow","2","3","5"
"ArrozConHabichuelaRD","2","3","5"
"Artemis374","3","2","5"
"Aryancando","3","2","5"
"Aschi96","2","3","5"
"AttilaBis","2","3","5"
"ayao58","2","3","5"
"AZZZZZZZZZZZZZZZZZZZ","3","2","5"
"Bagatt_A-Bose1","2","3","5"
"BaltoII","2","3","5"
"BazookaBat","2","3","5"
"Becks7","3","2","5"
"Benno09","2","3","5"
"Berlin87","2","3","5"
"beuleut","2","3","5"
"bezzer","3","2","5"
"BHASKARSWAMI","2","3","5"
"bibeblou","2","3","5"
"blazevic","3","2","5"
"bnwankwo","2","3","5"
"Boraecriku","3","2","5"
"Boris-Trapsky","3","2","5"
"buou","2","3","5"
"Bupik","2","3","5"
"CaballoKH7","2","3","5"
"cammers7","3","2","5"
"cardoso2019","3","2","5"
"Carey59","2","3","5"
"carlos010903","3","2","5"
"cassiopeae","2","3","5"
"CatenaccioMessicano","1","4","5"
"chandlerbing77","2","3","5"
"Checkm8te321","3","2","5"
"Checkmate-Cheetah","2","3","5"
"CHENCHO69","2","3","5"
"chess1676","4","1","5"
"ChessArt16","3","2","5"
"chessboy200","3","2","5"
"ChessTheory64","3","2","5"
"Chevroletto","3","2","5"
"chillpill68","3","2","5"
"chirlu","3","2","5"
"Chuygun","2","3","5"
"ciamak","3","2","5"
"Cira333","2","3","5"
"claytonjacques1973","1","4","5"
"Clock7363","3","2","5"
"cybervidyarthi","3","2","5"
"Cyrileken","3","2","5"
"D_oragon","2","3","5"
"DakkaDakka","2","3","5"
"dangreg","2","3","5"
"DanielRast123","2","3","5"
"DaniJoan","2","3","5"
"DANNA_Y_RIOS_C","3","2","5"
"Danya_chesser","4","1","5"
"dario_46","3","2","5"
"dbish","3","2","5"
"DEBBYQUICK","2","3","5"
"deivin121","3","2","5"
"Dek85","2","3","5"
"Denis2403","3","2","5"
"Denizyilmaz1990","3","2","5"
"dennybrandes","3","2","5"
"Dimashchess1","2","3","5"
"djcool143","3","2","5"
"dnl317","3","2","5"
"dohoangtueminh","3","2","5"
"donaldedu1","2","3","5"
"DonFitzg","3","2","5"
"DrDoomCloud","4","1","5"
"DRUBA001","2","3","5"
"dseliverstov2007","3","2","5"
"DubLove","2","3","5"
"Dylan454247","2","3","5"
"ecodad","3","2","5"
"edneypereira61","3","2","5"
"EDUARDO_A_RIOS_C","2","3","5"
"Ehsanf13","3","2","5"
"El-loko-27","3","2","5"
"elpita","1","4","5"
"Emanuel_1gre","3","2","5"
"EmirhanEfendhy","3","2","5"
"enviedeprogresser","3","2","5"
"er19830622","3","2","5"
"Eric_Areco","3","2","5"
"Ertibia","2","3","5"
"esahe","4","1","5"
"EsandiPMR","2","3","5"
"EV-NguyenE","2","3","5"
"Evgen71","2","3","5"
"Evgenya_38-tiutrina","3","2","5"
"Examtv","1","4","5"
"existentiali","3","2","5"
"Fat71","1","4","5"
"fedematto","4","1","5"
"Fedor2239MAG","2","3","5"
"ferisko","3","2","5"
"ferrarif41","3","2","5"
"ficu3s","3","2","5"
"figo35","3","2","5"
"FlipKuz","2","3","5"
"Gag315","3","2","5"
"gavrilsimionca","3","2","5"
"GerasimPatrik","2","3","5"
"Gilbertlee2","2","3","5"
"Gillgame","4","1","5"
"Ginni131","1","4","5"
"gmdoubledribble23","2","3","5"
"gmkhal300od","3","2","5"
"Goky1","3","2","5"
"Golem94","2","3","5"
"Golenkov","2","3","5"
"GOOFYAGH","2","3","5"
"Gowthamsai","2","3","5"
"groovinbass","4","1","5"
"gtoni7","3","2","5"
"Gtr10","2","3","5"
"Guiness13","2","3","5"
"gustavovillegas1","3","2","5"
"H2Ostrander","1","4","5"
"haffo47","3","2","5"
"haider24856","2","3","5"
"HalynaSlavuta","2","3","5"
"Hannover1896","2","3","5"
"Hast123","3","2","5"
"hatambro","3","2","5"
"HaveFunDJ","2","3","5"
"HelmyRoxx","3","2","5"
"helpimtryingtogetgud","2","3","5"
"henris1616","3","2","5"
"HODKONEMC3","2","3","5"
"holeriker","2","3","5"
"hotline15","3","2","5"
"huang_a_kun","1","4","5"
"hycermikli","2","3","5"
"i_am_sardor_g","3","2","5"
"ihr_ihr","3","2","5"
"iii30","2","3","5"
"Ilgarbekirov","3","2","5"
"Iman_Omoomi1995","3","2","5"
"Impfgegner2","3","2","5"
"Inamoses","1","4","5"
"Inna777","2","3","5"
"ishaankrishnaccs","1","4","5"
"ivan898","3","2","5"
"J0YB0Y_1982","2","3","5"
"jahedM","2","3","5"
"jaimecheng","3","2","5"
"Jasiekta","3","2","5"
"Jason_Argo","2","3","5"
"JC58","3","2","5"
"Jeh9","2","3","5"
"Jeshua1123","2","3","5"
"jinaasd","3","2","5"
"jipy","2","3","5"
"jjtin","4","1","5"
"jmsouti","2","3","5"
"jmtorrijos","3","2","5"
"JoaoBrasil","2","3","5"
"Johniiiii","2","3","5"
"jotters23","4","1","5"
"Jozeiss","3","2","5"
"juana6000","2","3","5"
"juicy_apple","2","3","5"
"JulesWindFeld","3","2","5"
"KachinecSVK","1","4","5"
"kambiz48","3","2","5"
"kartal246810","2","3","5"
"kasa2","3","2","5"
"Kasperi1979","4","1","5"
"Kellyiwe","3","2","5"
"Kenan8gamol","3","2","5"
"khatibo_fish","2","3","5"
"Kianamirhosein","3","2","5"
"kilic111","4","1","5"
"killedamanforhisgiro","1","4","5"
"killerlouie","2","3","5"
"KingBZA","2","3","5"
"KingLiveMatter","3","2","5"
"kingofpain2","3","2","5"
"KingsParrot","2","3","5"
"kirigvi_stxa","2","3","5"
"kishorep","4","1","5"
"kksmani","2","3","5"
"KL_HARRIS2010","2","3","5"
"kluks","3","2","5"
"KNWLWISDDIG123","3","2","5"
"kobibi23","3","2","5"
"kostili1987","4","1","5"
"kovalchukps12","2","3","5"
"KruzKorvin","3","2","5"
"krzewka2000","3","2","5"
"Kuhum2","2","3","5"
"Kvelematt","2","3","5"
"KYYOU","3","2","5"
"lesters_01","3","2","5"
"leticiamortirsrs","3","2","5"
"LevKnyazev","2","3","5"
"LilPatOButter","3","2","5"
"LittleFingero","3","2","5"
"Liviuxyx","1","4","5"
"loloruci","2","3","5"
"lordshah","2","3","5"
"los3mosqueteros","3","2","5"
"LoulaV","3","2","5"
"louyah","3","2","5"
"Lubov_Sergeevna","2","3","5"
"lucas723570","2","3","5"
"LucianooZG23","2","3","5"
"lunchboxking","2","3","5"
"Lynnii","3","2","5"
"m1keTM","3","2","5"
"madhavchess12","3","2","5"
"MADHEART","2","3","5"
"magisnus","3","2","5"
"Mainkraft11","1","4","5"
"Majidta","2","3","5"
"Maksbass","4","1","5"
"Mamastardim","3","2","5"
"mamountahri","2","3","5"
"ManexMun","2","3","5"
"MARCHEUR","3","2","5"
"marcopolorodrigo","3","2","5"
"MariaLovely","3","2","5"
"Martinsheldon13","4","1","5"
"Marvin_113","3","2","5"
"mastercoxo","2","3","5"
"Mastersac","3","2","5"
"Matera","3","2","5"
"matzradeln","2","3","5"
"maybe13","3","2","5"
"mayojoven","3","2","5"
"Mefeve","3","2","5"
"MEGALOV","4","1","5"
"mehdi5","2","3","5"
"Mellofon","4","1","5"
"Merlijnr","2","3","5"
"Mhmdbakkar0022","3","2","5"
"miko_tea","1","4","5"
"MimiBerlin","4","1","5"
"Minskois","2","3","5"
"mir40BG","3","2","5"
"Misha_Shupan","2","3","5"
"Misiu65","2","3","5"
"misternoobchess","3","2","5"
"mo_1989","2","3","5"
"MohammadMahdavian94","2","3","5"
"MohammadTahaShokri","3","2","5"
"Mojtaba202022","3","2","5"
"mojtaba55555","3","2","5"
"monkey7876","4","1","5"
"moribundus","3","2","5"
"Mortadelo64","2","3","5"
"MosRus","1","4","5"
"Mr_Morteza36947","3","2","5"
"mrcolt","2","3","5"
"MrUnpleasantMoves","3","2","5"
"muhameD0077","2","3","5"
"Muthu_sanjeyram","2","3","5"
"mywayvianegativa","3","2","5"
"N-AWA-R","3","2","5"
"nader002","3","2","5"
"navneethnpraveen","2","3","5"
"Ne-Odobryaem","2","3","5"
"neil1996","3","2","5"
"newbie0010","2","3","5"
"nhnhnh22","3","2","5"
"NichtKasparow","2","3","5"
"nicolas1963","2","3","5"
"NightBlade16","2","3","5"
"nipunae","3","2","5"
"nizuaki","3","2","5"
"NovalanVK","3","2","5"
"nsbhati","2","3","5"
"NTKnightRider","2","3","5"
"numberi10","3","2","5"
"nur0506","3","2","5"
"nuruen","3","2","5"
"NZM1348","2","3","5"
"oguzhan_bilfenisk","3","2","5"
"old-men","3","2","5"
"ollaab","3","2","5"
"Olmer1980","2","3","5"
"olosus","2","3","5"
"OmarWJ2022","2","3","5"
"omr-1212","2","3","5"
"OnyangoB","3","2","5"
"Orhan53","1","4","5"
"ORLANDOTOSCANO1991","3","2","5"
"osb1","3","2","5"
"pabloalvarogonzalo","3","2","5"
"Padmarajan","2","3","5"
"pancho05","3","2","5"
"Pascalvogel","2","3","5"
"Patzaline","1","4","5"
"Pavel129","2","3","5"
"Pele45","2","3","5"
"Peskadot","3","2","5"
"Peter_Vaterstetten","2","3","5"
"pichumani","1","4","5"
"Piedradelosindios","4","1","5"
"PiotrZwolinski","2","3","5"
"PlaysWhileHigh","2","3","5"
"podiki_lion","2","3","5"
"Potzneusiedler","3","2","5"
"pradyumna123","3","2","5"
"Pranav_CCS","2","3","5"
"pranavnpraveen","3","2","5"
"PresentNote","2","3","5"
"Professor_Pancake2","2","3","5"
"protestantesimo","1","4","5"
"przegramztoba","2","3","5"
"Psychopompos","3","2","5"
"QueenZamba","3","2","5"
"qVova2015","2","3","5"
"radhoose","2","3","5"
"Rahul0005","2","3","5"
"Rainer2128","3","2","5"
"Rainervwxyz","3","2","5"
"rama95","3","2","5"
"RAMAKRISHNANNAIR","3","2","5"
"RatmirSoldatikhin","2","3","5"
"ravikumaryadav123","3","2","5"
"rbsn1234","2","3","5"
"Red1209","3","2","5"
"redfighter19","2","3","5"
"Reggie23","3","2","5"
"Rerya","2","3","5"
"ResoluteBot","1","4","5"
"RG131169","2","3","5"
"Rhasworth","3","2","5"
"rickjanzen","3","2","5"
"Rita2013","3","2","5"
"rjfryda","1","4","5"
"robij","3","2","5"
"robotszach","2","3","5"
"Rochette","3","2","5"
"rokita","3","2","5"
"Rolues","2","3","5"
"Rom_n","2","3","5"
"Romeo-B","3","2","5"
"ronitaylor","3","2","5"
"Rufinovich","3","2","5"
"Saadtop","2","3","5"
"sadek_mia2023","2","3","5"
"SaeedSedaghati1355","2","3","5"
"sagiee","3","2","5"
"SAKETH_RAMESH_2010","3","2","5"
"SalvatoreGesualdo","2","3","5"
"Sameh2023","2","3","5"
"samhou81","3","2","5"
"sana72","2","3","5"
"sandeep_0070","2","3","5"
"sanimukhz","4","1","5"
"santimiguel17","3","2","5"
"SantoGral","2","3","5"
"Sarmat1985","3","2","5"
"Satranc-Tprek","2","3","5"
"sayd07","1","4","5"
"scriptoff","3","2","5"
"Semga102","2","3","5"
"senya2000","2","3","5"
"Serdikk","2","3","5"
"serega_shramm","2","3","5"
"sergekboss","2","3","5"
"SergRoslyakov","3","2","5"
"sethos","2","3","5"
"sethunilg","2","3","5"
"Seva342","4","1","5"
"shadow_strike","3","2","5"
"Shadrach0810","2","3","5"
"Shavkat16","3","2","5"
"shayshu","1","4","5"
"shehabsaber","2","3","5"
"Shetewy","3","2","5"
"Shomansur","2","3","5"
"ShrimpCityBeach1993","2","3","5"
"Shritan","2","3","5"
"siegwardofcatarina","3","2","5"
"sinsajo13","3","2","5"
"sirCFD","3","2","5"
"sl1977","3","2","5"
"slowslow2","1","4","5"
"SmetannikovAlex","3","2","5"
"somayehzinizadeh","3","2","5"
"Sonya_PM","3","2","5"
"staufenberger","2","3","5"
"Stoler_64","3","2","5"
"stoneislate","3","2","5"
"streckert","3","2","5"
"Surfingig","2","3","5"
"SurpriseAttacker","2","3","5"
"svhan","2","3","5"
"svrdlo","3","2","5"
"SwitchedOn","4","1","5"
"Tamerla","3","2","5"
"Tamilharasan","3","2","5"
"TenoTenerife","2","3","5"
"Texxxx0004","2","3","5"
"TheMiles8000","3","2","5"
"Themodelthebar","2","3","5"
"Thepicklemeister","2","3","5"
"TheWanderer7","3","2","5"
"Thibaud5692","2","3","5"
"Tigran1776","3","2","5"
"TimShort123","2","3","5"
"TimurGaripov","1","4","5"
"tishio","2","3","5"
"Tozukoparan","3","2","5"
"trksv","2","3","5"
"TrueRomanZe","3","2","5"
"Tsoh21","2","3","5"
"Turan_Sardari","3","2","5"
"udYath","1","4","5"
"Uglev1963","2","3","5"
"Uiej","2","3","5"
"Umbix62","3","2","5"
"utkin_vn-564","2","3","5"
"valentin2021","3","2","5"
"valerynra","3","2","5"
"VDA78","1","4","5"
"vertigo73","2","3","5"
"veshnyakovyury","2","3","5"
"VeturiaNicolo","4","1","5"
"VickyFrancis","1","4","5"
"Victor_66","3","2","5"
"victorsanra","3","2","5"
"vishwavinayaka","2","3","5"
"VitalinhoOdnolko","2","3","5"
"vladimir_ovsiannikov","4","1","5"
"Vldv","3","2","5"
"VolodymyrF","1","4","5"
"vullpetarho","2","3","5"
"vxnz","4","1","5"
"Walquersantos","3","2","5"
"Waltergunmax","2","3","5"
"Wilfredoygise","4","1","5"
"wilfriedking","2","3","5"
"Willifrank1950","2","3","5"
"Wladimir2020","3","2","5"
"woudduif","2","3","5"
"Xarasa","2","3","5"
"Xazzi","2","3","5"
"yahya2016","4","1","5"
"yan1962","4","1","5"
"yancito","2","3","5"
"yashvi23","3","2","5"
"YegorChessCoach","3","2","5"
"Yetep10","1","4","5"
"yokababs3","3","2","5"
"Yvestika","2","3","5"
"z-best","2","3","5"
"Zaf123","3","2","5"
"Zahwan_Zaidi","2","3","5"
"Zebra1902","2","3","5"
"ZeZeRe1","3","2","5"
"zico95","3","2","5"
"zothim","3","2","5"
"Zphs4069","3","2","5"
"a_asadi","2","2","4"
"a-dnz","1","3","4"
"aaronelix","1","3","4"
"Abdulmojeed1","2","2","4"
"Abo_3Nater","2","2","4"
"Abubakr94","2","2","4"
"Adam900117","2","2","4"
"AdamAnjoG","2","2","4"
"adamoff","2","2","4"
"Adele2018","2","2","4"
"AdhvikManoj","2","2","4"
"AdibArtWorks","2","2","4"
"AdrianEM2023","2","2","4"
"Adriantxo88","2","2","4"
"advaitmoharir98","2","2","4"
"ag_R-PR","1","3","4"
"ageethanjali","2","2","4"
"AgentChess009","1","3","4"
"Agus1952","3","1","4"
"ah_sancar","2","2","4"
"ahmadehab18","2","2","4"
"AhmedZAKI23","2","2","4"
"AhmedZAKIi","2","2","4"
"AIK10","2","2","4"
"Airhic","2","2","4"
"Aitormikhail","2","2","4"
"AL_Reims_Stewart","2","2","4"
"alberto_ol","1","3","4"
"Alberto50","2","2","4"
"alekseyeng","2","2","4"
"aleksov98","2","2","4"
"Alexander_Stoyan","3","1","4"
"AlexandrZhegulin","3","1","4"
"AlexeyM_N","2","2","4"
"AlexK_2012","3","1","4"
"AlexReal","1","3","4"
"Alexshahandmat","1","3","4"
"aljehinkarpov62","2","2","4"
"alocard","2","2","4"
"AloiseMat","2","2","4"
"ALop74","1","3","4"
"alperketo","2","2","4"
"AlphaFalcon","2","2","4"
"alvaro279","2","2","4"
"americano1","2","2","4"
"amilcar31","1","3","4"
"amjadalshaikhali","2","2","4"
"AncientOne","2","2","4"
"Anderson_Alves","1","3","4"
"andreasinnaples","2","2","4"
"andrei5erg","2","2","4"
"andrejhilgenberg1974","2","2","4"
"AndrejX","1","3","4"
"andrew722","2","2","4"
"AndrewSav17","2","2","4"
"Andrey-1952","3","1","4"
"Andrusha2017","3","1","4"
"AnhHQ","2","2","4"
"annamezenina","2","2","4"
"Anonim_King","2","2","4"
"antarktikit","2","2","4"
"Antoniods1959","2","2","4"
"AntonioMartin805","1","3","4"
"Anuchess2021","2","2","4"
"anupbdas","2","2","4"
"apalache","1","3","4"
"Ar_Ka8","2","2","4"
"Ariara25","2","2","4"
"Arifdurmus","2","2","4"
"armkbr","2","2","4"
"Arpit_Tiwari2008","2","2","4"
"Arsalan_66","2","2","4"
"Arsh61210","3","1","4"
"Artem2014","2","2","4"
"Arthegle","2","2","4"
"ArturoReyGanador","2","2","4"
"Aryan_Adit","1","3","4"
"asafvezir","2","2","4"
"AscendingEndlessly","3","1","4"
"asdfasdasdf","1","3","4"
"AskTheDamQuestion","2","2","4"
"Asthana123","2","2","4"
"atharrosyad","2","2","4"
"Atharv2608","2","2","4"
"Atlas2608","2","2","4"
"AvadhootSavant","1","3","4"
"awadi957","2","2","4"
"azzdineakil","2","2","4"
"badduggie23","2","2","4"
"bagumarsel","1","3","4"
"Bailleul","2","2","4"
"Baizley","2","2","4"
"bajajnariender","2","2","4"
"baka79","2","2","4"
"BalakrishnanS","1","3","4"
"balu17","2","2","4"
"bang02","2","2","4"
"baru_leviatan2006","2","2","4"
"BasDmitry1990","2","2","4"
"beginna66","1","3","4"
"Bek_2005","2","2","4"
"Belgium13","2","2","4"
"BenjaminGAF6","3","1","4"
"BenjiChang","3","1","4"
"BenTeacher","2","2","4"
"Bhavya33","2","2","4"
"BiciBici3","2","2","4"
"bighairysweatyman","1","3","4"
"BIIIaTyH11rus","2","2","4"
"BikashPrasad083","2","2","4"
"Bishop_29","2","2","4"
"biv64","2","2","4"
"biz70","2","2","4"
"Blackcheeseformular","1","3","4"
"Blackhawkwill","2","2","4"
"Blacklight22","2","2","4"
"Blackster84","2","2","4"
"BleSi2021","2","2","4"
"BNTX","1","3","4"
"bob1791","3","1","4"
"BobCricket01","3","1","4"
"bobi-trimeur","2","2","4"
"Bognar-1846-NYVSE","2","2","4"
"Borik70","2","2","4"
"Boris010388","3","1","4"
"Borisovich1974","1","3","4"
"BorysV","2","2","4"
"Brain_Dead_12345","3","1","4"
"BREEZY1221","2","2","4"
"briks1970","2","2","4"
"bsudhanva","2","2","4"
"candelabro23","2","2","4"
"Carabistouille14","2","2","4"
"Carl-Anthony","1","3","4"
"carloncho14","2","2","4"
"CarmenStadiumzgz","2","2","4"
"Catninja","2","2","4"
"catriever","2","2","4"
"cbwen","1","3","4"
"Celmare","2","2","4"
"Centino","2","2","4"
"CEREVA","1","3","4"
"CHABALALA17","2","2","4"
"Cheben25","1","3","4"
"chesecdr","2","2","4"
"CHESS_JAGUAR_7753191","2","2","4"
"Chess-Fast09","2","2","4"
"CHESSBELG","1","3","4"
"Chessdad1979","3","1","4"
"Chessgod1206","2","2","4"
"chessloverahan","1","3","4"
"ChessManJ24","1","3","4"
"chessmaster5355","2","2","4"
"chessmet123","3","1","4"
"chessplayer808","2","2","4"
"chetangusain","2","2","4"
"Chippalm","3","1","4"
"ChoiceShark","2","2","4"
"Chris1515","2","2","4"
"Chunguplays","1","3","4"
"chveronika2011","1","3","4"
"Cincinnatus10","2","2","4"
"Ciocirlan","3","1","4"
"clarksenn","2","2","4"
"cmmauro","2","2","4"
"Coach_Francois","3","1","4"
"Constant59","3","1","4"
"coolbeast","1","3","4"
"coucou123","2","2","4"
"cpietrac","2","2","4"
"CrazyPurpleDucky","1","3","4"
"cringemaster45","1","3","4"
"croccoariel","2","2","4"
"cucai","2","2","4"
"curcodomo","2","2","4"
"cymbaline361964","2","2","4"
"D4IsStupid","2","2","4"
"DaChessinator64","1","3","4"
"Daddy64","1","3","4"
"DaniilKr2016","2","2","4"
"Danish_Chess_YT","2","2","4"
"DannVillaGtz","3","1","4"
"Dantes-Edmond","2","2","4"
"DarkAngel83","2","2","4"
"DARTHVADER173","1","3","4"
"Dasula2012","2","2","4"
"Davidenkov","3","1","4"
"davidiglesias","1","3","4"
"davidJPK","3","1","4"
"Davosim","2","2","4"
"dcode_chess","3","1","4"
"DE-TOCQUEVILLE","1","3","4"
"Dede321","2","2","4"
"DenBayan","2","2","4"
"denisweiss","2","2","4"
"desmond66","2","2","4"
"Deusalexmachina","2","2","4"
"diamante_su","2","2","4"
"Diegofernando1974","2","2","4"
"Dierendonck","2","2","4"
"diknec","2","2","4"
"Ding5555","2","2","4"
"Diod72","2","2","4"
"DIPod","1","3","4"
"DMA7","2","2","4"
"Dmb007","3","1","4"
"DOL777","2","2","4"
"domenico61","1","3","4"
"dormouse759","1","3","4"
"Dozorka","2","2","4"
"DPEREZ260714","2","2","4"
"Dr_Zaius-76543247365","1","3","4"
"draever141","2","2","4"
"DrPeafowl","2","2","4"
"DuendeUtopico","2","2","4"
"dylbar81","2","2","4"
"DZIN-DZIN","3","1","4"
"e4c5d4cxd4c3","1","3","4"
"EarthlingX","2","2","4"
"Edd_The_Orange","1","3","4"
"eduardofernandez1960","2","2","4"
"Edvard220701","1","3","4"
"edwinmat80","3","1","4"
"edyfummo","3","1","4"
"EhabHakim","1","3","4"
"ElDieego","2","2","4"
"Elduderino97","2","2","4"
"Eleazaroff","2","2","4"
"ElenaProf2016","1","3","4"
"Elgun123","2","2","4"
"eliecerf","2","2","4"
"ellferr","2","2","4"
"ellie_01","3","1","4"
"Emredus3001303","3","1","4"
"emty2424","2","2","4"
"Envaniviken","2","2","4"
"ENZO746","2","2","4"
"ereyes","2","2","4"
"Erickegon","3","1","4"
"EricRen","2","2","4"
"Erik_Stoychev","1","3","4"
"eskskn","3","1","4"
"eubos","3","1","4"
"evgen54","2","2","4"
"Evgeniy2170","2","2","4"
"evilginger420","3","1","4"
"ExcessiveBombardment","1","3","4"
"fabian1193","2","2","4"
"Farshad1984","2","2","4"
"fear_Kz","2","2","4"
"Ferd32","2","2","4"
"fildisi","2","2","4"
"Florival","2","2","4"
"Flowmag28","2","2","4"
"FocaNoFoco","1","3","4"
"fouad0","2","2","4"
"francescochess11","2","2","4"
"FrancisBeltre03","3","1","4"
"frawe","2","2","4"
"FreddyLalaleoISTE","2","2","4"
"Frederick08","2","2","4"
"Fredi600","2","2","4"
"freiheitfuerdiedame","2","2","4"
"frishman","3","1","4"
"FrizzyBit","3","1","4"
"fun12","2","2","4"
"G12112312","2","2","4"
"G4n","1","3","4"
"GABRIFUST","2","2","4"
"gan_2009","2","2","4"
"Gargantua76","3","1","4"
"garputs","1","3","4"
"Gaurav2608","2","2","4"
"gautammaheshwary27","2","2","4"
"GDJoel","2","2","4"
"gentilis","2","2","4"
"ggappel","2","2","4"
"GhostPop969","2","2","4"
"Giangnamanh","2","2","4"
"giedan","3","1","4"
"gimang","1","3","4"
"Gimesh_Sathru","1","3","4"
"ginius123","2","2","4"
"gireesh706175","2","2","4"
"Girik2019","3","1","4"
"Giuppy1982","1","3","4"
"gloum","2","2","4"
"godfather913453","2","2","4"
"GodulianDmr","2","2","4"
"Good_Boy_1","2","2","4"
"Gosha_Razinkov","2","2","4"
"GrandCmax","2","2","4"
"GrandMasterVova56","2","2","4"
"grantbarley","1","3","4"
"Grischa72","3","1","4"
"Grzcst","3","1","4"
"Guilherme-Andrew","2","2","4"
"guisrgoncalves","2","2","4"
"GustavoKasselian","3","1","4"
"gustosin","2","2","4"
"Hammerandnails","2","2","4"
"HansBolliger","2","2","4"
"happygoatplayer","1","3","4"
"Harish2000","3","1","4"
"Haryanto_bkd","1","3","4"
"Havaji_Chess","2","2","4"
"Hazllem","3","1","4"
"Hdez_Serrano_Miche","1","3","4"
"HectorAB","1","3","4"
"Helmi0303","3","1","4"
"HenriquezCarlosEA","1","3","4"
"HetGrasmat","2","2","4"
"hisik90","3","1","4"
"HitendraPrajapati","2","2","4"
"holohan_mcflayre","1","3","4"
"horste","2","2","4"
"Hosein01zam","2","2","4"
"HTran","1","3","4"
"Huntergr21","1","3","4"
"HunterSar","2","2","4"
"Husseinsadegi","2","2","4"
"iamlulukid","2","2","4"
"IBOPUNIT","2","2","4"
"iching7","2","2","4"
"Ifty_Rahman35","2","2","4"
"IG25","2","2","4"
"igor280686","2","2","4"
"IGORS1603","2","2","4"
"iliberis67","1","3","4"
"ilo1955","3","1","4"
"independentttttt","2","2","4"
"inkar_sapar","2","2","4"
"iptaan912","3","1","4"
"Iqbal_H","3","1","4"
"ISABELLE2023","2","2","4"
"Ishaank2013","2","2","4"
"Ivan_Sergeevich13","2","2","4"
"ivan3675","3","1","4"
"Ivanvas53","1","3","4"
"IWontGoFast","3","1","4"
"jakethesnake1983","2","2","4"
"jako1953","2","2","4"
"Janibek_J","2","2","4"
"janis544","1","3","4"
"Javed360","2","2","4"
"jbre","2","2","4"
"jeniachmat","1","3","4"
"jenny1rio","2","2","4"
"jenspetermann","2","2","4"
"jesus_chess","1","3","4"
"JgmPioneros","2","2","4"
"jimmyayhan","1","3","4"
"JJVC1981","3","1","4"
"JohannG62","2","2","4"
"jokernet","2","2","4"
"jonas1k","2","2","4"
"Jonasgoh","3","1","4"
"JonPalmerSport","2","2","4"
"Jordi1975","2","2","4"
"josephnaeim","2","2","4"
"jp84800","1","3","4"
"jr152","2","2","4"
"JuanCa18PMM","3","1","4"
"juansonhallucinating","1","3","4"
"Judo-C","3","1","4"
"jul82","1","3","4"
"Julenm","2","2","4"
"junneth86","3","1","4"
"juraj11","1","3","4"
"JUSTIN-Z","2","2","4"
"jwo0809","1","3","4"
"kabzysabzy","3","1","4"
"Karamjan","3","1","4"
"kateretz","2","2","4"
"Kelebekk44","1","3","4"
"KEMURTHY","3","1","4"
"keshavc","2","2","4"
"KevinHimself","2","2","4"
"khalafzadehali1341","3","1","4"
"khalil_Benkaireche","2","2","4"
"kharezmden","2","2","4"
"kiankachoiyan","2","2","4"
"kiggytime","2","2","4"
"kindaaesthetic","2","2","4"
"King_Noob_I","3","1","4"
"King189","1","3","4"
"KingLorien","2","2","4"
"KingLS","2","2","4"
"Kiparisss","2","2","4"
"KIR_82","1","3","4"
"kissadam","2","2","4"
"klausi1010","1","3","4"
"Kombucha010523","2","2","4"
"Kotando","3","1","4"
"koulikpal","2","2","4"
"kristoff04232015","2","2","4"
"Krokodil12345","2","2","4"
"Kulibaba0405","2","2","4"
"KUZEYBOZ","3","1","4"
"L15T21","1","3","4"
"larrylove52","2","2","4"
"Larythissa","3","1","4"
"Leandropx","2","2","4"
"Learwjy08","3","1","4"
"Legend057","2","2","4"
"lelio58","3","1","4"
"LenoScaria","3","1","4"
"Lerchik2013","3","1","4"
"LevilsB","2","2","4"
"Levinfuentes","2","2","4"
"LeWa23","2","2","4"
"lexure","2","2","4"
"LicIgor1967","2","2","4"
"lillotros","1","3","4"
"LincolnWhite","3","1","4"
"lintergreen","1","3","4"
"linus16l","2","2","4"
"Lion086","2","2","4"
"lisa93","2","2","4"
"litti7","2","2","4"
"Llyzu","2","2","4"
"LNazarM","2","2","4"
"Loannchess","3","1","4"
"Lochy23","2","2","4"
"lonzykins","2","2","4"
"lucaaon","1","3","4"
"LuckySaPer","1","3","4"
"Luisito32","2","2","4"
"LuisPintor","2","2","4"
"LuxLearn","2","2","4"
"M_Croa","3","1","4"
"mackobarna","2","2","4"
"MaGuMoVe","3","1","4"
"mahdiehlashkari","2","2","4"
"majid7070","2","2","4"
"majorsv","1","3","4"
"MAKKU64","2","2","4"
"Malih1010","2","2","4"
"malubaa","2","2","4"
"maniweiss123","2","2","4"
"Manosverdes123","2","2","4"
"mansa99","2","2","4"
"maplan","2","2","4"
"MaratZj","3","1","4"
"Marcrang","2","2","4"
"MariePaugam","2","2","4"
"markzuckerbrot","3","1","4"
"martin74","2","2","4"
"Martinoid","2","2","4"
"Maryshev","3","1","4"
"MaSi2010","2","2","4"
"MasterSnorlac","1","3","4"
"mastreng","2","2","4"
"Matvei4","2","2","4"
"Mauro369","2","2","4"
"Max00_Ch","2","2","4"
"maxnext","2","2","4"
"Maxwooll","3","1","4"
"mayhem23111","2","2","4"
"meduri","2","2","4"
"MeganMarple","2","2","4"
"mekvevrishvilisoso","2","2","4"
"MelvynTang","3","1","4"
"menzur","1","3","4"
"Meowka007","1","3","4"
"Miccy","2","2","4"
"michael_pugh2","2","2","4"
"michaji","3","1","4"
"MICHIMALONCO","3","1","4"
"Micku312","3","1","4"
"micmeta","3","1","4"
"Middlebury18","2","2","4"
"midiese","2","2","4"
"Mikhail6969","1","3","4"
"Mindful_player","3","1","4"
"miraxochy","1","3","4"
"MironDol15","3","1","4"
"MishaLitvinov","2","2","4"
"Mittal28","3","1","4"
"MixedMuppet","1","3","4"
"mkhz4394","2","2","4"
"Moamen_s","1","3","4"
"mohamedelnahas","2","2","4"
"mohammad_4","2","2","4"
"mohanpb","1","3","4"
"mohitgkumar","2","2","4"
"Mohsenkhorram","2","2","4"
"Mookyr","2","2","4"
"Motze91","2","2","4"
"Mr_Harsh8487","2","2","4"
"MrMecker","2","2","4"
"muaznorman","1","3","4"
"Muhammad_Izbosarov","3","1","4"
"muhammadrezafaaliyat","1","3","4"
"Musagaxxo","1","3","4"
"Musashi-27","3","1","4"
"mycose05","2","2","4"
"myrkaaaz","2","2","4"
"Myst42","1","3","4"
"Nakatak","2","2","4"
"Nalaka88","2","2","4"
"nanomachine13","2","2","4"
"naren_iitm","2","2","4"
"NazarR22","2","2","4"
"Nervioso79","2","2","4"
"Newtonyybirkdale","3","1","4"
"NguMimi","1","3","4"
"ni207","2","2","4"
"nick195003","2","2","4"
"nicoteno","2","2","4"
"Nikolai737","1","3","4"
"Nikolay250","3","1","4"
"nopaf","2","2","4"
"nordiics","2","2","4"
"notkino","2","2","4"
"NovikovNikolay2014","1","3","4"
"nrg23","2","2","4"
"NSILVA64","2","2","4"
"nss_xyz","2","2","4"
"Nthabiseng10","2","2","4"
"nurullhikmah","2","2","4"
"obrewer","2","2","4"
"oche1009","3","1","4"
"Ogmikkie42","1","3","4"
"Olbernhauer97","2","2","4"
"OldManDustin","2","2","4"
"Olegan747","1","3","4"
"Omid_m1378","2","2","4"
"OrangeFruitDove","2","2","4"
"osamamubarzi","2","2","4"
"ozguncayli","1","3","4"
"palermagno","3","1","4"
"panchulos","2","2","4"
"panda9001","2","2","4"
"Pandelov","2","2","4"
"Pantera_mosh","2","2","4"
"Paolojock","1","3","4"
"Pashu2706","3","1","4"
"path_fndr","2","2","4"
"Pau83","2","2","4"
"PaulSmith2023","3","1","4"
"Paulvibe","2","2","4"
"PAVEL-1973","1","3","4"
"PavelStruk82","2","2","4"
"Pepejk","1","3","4"
"pepelukero","3","1","4"
"PER_FRA","2","2","4"
"Pereliota","3","1","4"
"perepa","3","1","4"
"PeshkaZhirika","2","2","4"
"PeterPhi","1","3","4"
"Pfeni","1","3","4"
"PierreFilatre","2","2","4"
"piesces","2","2","4"
"pikicapablanca","1","3","4"
"pingpongmate","1","3","4"
"PlayingRapidChess","3","1","4"
"podmyshkaaa","2","2","4"
"pooya0000","2","2","4"
"Poyrazgs1905","2","2","4"
"pprithul","1","3","4"
"PRACHET_5454","2","2","4"
"Prakriti_gupta","3","1","4"
"praveen201325","2","2","4"
"prcctk","1","3","4"
"ProfAndresLopez","2","2","4"
"Profe2022","2","2","4"
"PROHODIMEC","2","2","4"
"PSANJITH1406","2","2","4"
"Pugilstick","1","3","4"
"PVpesher","2","2","4"
"Queen_2014Oren","3","1","4"
"QuintoM","1","3","4"
"QunLiu","2","2","4"
"RajMP","1","3","4"
"randeep_chaudhary","1","3","4"
"RasandiRR","2","2","4"
"Rauschii","2","2","4"
"RebRida","2","2","4"
"Red_Devil0007","2","2","4"
"RedWingsFF","2","2","4"
"Relags","3","1","4"
"REMAINS2023","2","2","4"
"renatlyapin","2","2","4"
"Reshu2013","2","2","4"
"Rey_sin_cruz","2","2","4"
"ReyDuran_33_Guimaras","2","2","4"
"ReyesAntonio","3","1","4"
"RGSinger","3","1","4"
"Ricar_75","2","2","4"
"Ricar123","2","2","4"
"rickandm00rty","2","2","4"
"ricnallada","2","2","4"
"rid636674","1","3","4"
"RifatRifat","3","1","4"
"RinYT","1","3","4"
"Rithwikadapa","2","2","4"
"Rizyrcd","1","3","4"
"rmolv1","2","2","4"
"Robert-bordy","2","2","4"
"rocinante_xyz","2","2","4"
"Rollin040","3","1","4"
"roman_medvedev090214","3","1","4"
"Roman-M","2","2","4"
"Roman999999999","3","1","4"
"RomanParus","3","1","4"
"Romeo1789","2","2","4"
"RomulusPrimas","2","2","4"
"romzee2909","2","2","4"
"roptop007","1","3","4"
"RoxaneAubry78","1","3","4"
"Rubaly","2","2","4"
"Rudolf_2","2","2","4"
"ruiz2207","3","1","4"
"RuneSpyder","2","2","4"
"Rusel777","2","2","4"
"RWByrum","2","2","4"
"S_L_A_V_A","1","3","4"
"s0034","1","3","4"
"saageesh","3","1","4"
"Saanvi_chess1","2","2","4"
"Saeed24","1","3","4"
"saeid13691369","1","3","4"
"safiyyahwafa","2","2","4"
"saisri2428","2","2","4"
"Sakila2016","2","2","4"
"salmantemirlan","2","2","4"
"saltez48","2","2","4"
"Samizard","2","2","4"
"san-trope","2","2","4"
"sanicoa","2","2","4"
"SanTino1988","2","2","4"
"SantyChess04","2","2","4"
"Sarvar_Salimovich","1","3","4"
"Sashqa_a","2","2","4"
"Saucethenerd","1","3","4"
"saverio_g","2","2","4"
"sburreus09","2","2","4"
"ScarletManuka","2","2","4"
"schach-mattze","2","2","4"
"schb123","2","2","4"
"SchJul","3","1","4"
"SchuinePater","1","3","4"
"seideegiapulp","3","1","4"
"sekdrom13","2","2","4"
"selimkimyon","3","1","4"
"Sennardelmare","1","3","4"
"Senvidul2017","2","2","4"
"Sergey_Golenishev","2","2","4"
"Sergio---7","1","3","4"
"SERGSALUT33","2","2","4"
"servas3","2","2","4"
"SH_decent","1","3","4"
"Shahmater-1","1","3","4"
"Shemidio","1","3","4"
"Shrec2","2","2","4"
"Shrida18","3","1","4"
"Shyla_stylez","1","3","4"
"SimonHealeas","2","2","4"
"SimonOlsen1981","2","2","4"
"simonvj","2","2","4"
"sindaRED","2","2","4"
"Sivs1","1","3","4"
"sjeep","1","3","4"
"SlipAndFall","1","3","4"
"SnailySlug","1","3","4"
"soloRid","3","1","4"
"Sorta_08","2","2","4"
"soycry14","3","1","4"
"Spagnoletto","2","2","4"
"spartacusmills","1","3","4"
"SpockNick","2","2","4"
"srchess_15","2","2","4"
"stanadam","1","3","4"
"stef2212","2","2","4"
"SterlingPower","2","2","4"
"stevenchartres","2","2","4"
"stomasg","2","2","4"
"streamable_1dlkin","2","2","4"
"strontcan","2","2","4"
"STT170116","2","2","4"
"Sukhbaatar_y","2","2","4"
"SULTAN250","2","2","4"
"swagga_mcdaddy","2","2","4"
"Sweaterkev","2","2","4"
"T5575","2","2","4"
"TADSarg","1","3","4"
"Takeiteasg","2","2","4"
"Taksa222","2","2","4"
"Tchikulka","2","2","4"
"Telephos","3","1","4"
"Temirbulat1","1","3","4"
"teresalives4Him","2","2","4"
"TheBlackQueen09","3","1","4"
"Themistov","3","1","4"
"Theno","3","1","4"
"Thibaultcrabeels","2","2","4"
"Thomas2024","2","2","4"
"Tilo13","2","2","4"
"Timmmmi","2","2","4"
"Timur_Muhamatgaliev","3","1","4"
"timurmur","1","3","4"
"Titusaurus","2","2","4"
"TohuVohu","2","2","4"
"Toomy1463","2","2","4"
"Torchwood13","2","2","4"
"tottof22","2","2","4"
"TPattsy","2","2","4"
"Tpesl","1","3","4"
"Treator2","3","1","4"
"TreyHardee","1","3","4"
"triplesite","1","3","4"
"Trolli62","1","3","4"
"tsnswamy","2","2","4"
"tucson25","1","3","4"
"TUNER5","2","2","4"
"Tuquigl","2","2","4"
"Twobluestar","2","2","4"
"ulantero","2","2","4"
"unicornio2513","2","2","4"
"untouchalbes","2","2","4"
"ureva","3","1","4"
"us_player","1","3","4"
"Usoa","2","2","4"
"USvHN","3","1","4"
"Valentin1948","2","2","4"
"ValeriyM","2","2","4"
"Valiant_Wind","1","3","4"
"Vanarya","2","2","4"
"veerharpreet2012","1","3","4"
"Venezo_King","1","3","4"
"verificacionista","2","2","4"
"VeronikaStar1","1","3","4"
"viacheslav1983","2","2","4"
"vianachess97","1","3","4"
"vidyoe2","2","2","4"
"viktorkazahstan","2","2","4"
"Vinuli_Perera","1","3","4"
"vitaliyS","2","2","4"
"Vivek8670","2","2","4"
"Volker-Brucks","2","2","4"
"VollDamm14","1","3","4"
"vosurek","3","1","4"
"Votkadalimon","1","3","4"
"voyager5022","2","2","4"
"vpaketov","2","2","4"
"W2244L1096","2","2","4"
"waaza","3","1","4"
"wachmistrz54","3","1","4"
"Walkuere1966","2","2","4"
"Wasd_402","1","3","4"
"WaveMan","2","2","4"
"wdoberenz","2","2","4"
"weedooom","2","2","4"
"What_Are_Lurs","1","3","4"
"WhatWouldAlphaZeroDo","2","2","4"
"WhiskeyDrinker","2","2","4"
"wiktorpie","3","1","4"
"WilliamNaylamp8","2","2","4"
"wolland13","2","2","4"
"WouterGrandMaster","3","1","4"
"Wrefo","2","2","4"
"WunsunTarniho","1","3","4"
"wxc64","2","2","4"
"Xethchess12","2","2","4"
"XXDANTESXX","1","3","4"
"Yacoubfarag","2","2","4"
"Yamazakki","2","2","4"
"YBecomesAGM","2","2","4"
"YevaL","2","2","4"
"YH1955","2","2","4"
"Yin_splash","2","2","4"
"yogeshagrawal11","2","2","4"
"Yoonaaedanvash","2","2","4"
"yourHIGHness95","1","3","4"
"youssef-z","2","2","4"
"Youssef656","1","3","4"
"YuraMakarov","1","3","4"
"yzakpro","1","3","4"
"Zakiyuddin4","2","2","4"
"Zampotto62","1","3","4"
"Zarathustra42","2","2","4"
"ziad-31","1","3","4"
"zibi581","1","3","4"
"Zorro914","3","1","4"
"zuba1rkhan","2","2","4"
"Zusman82","2","2","4"
"Zv0nk0","2","2","4"
"A-1k-zzi141972","2","1","3"
"a4ert","2","1","3"
"aadarsh14","1","2","3"
"aaj05","1","2","3"
"Aarav0011","1","2","3"
"Aashikumaran","1","2","3"
"Abbos1992","2","1","3"
"abe_91","2","1","3"
"Abhiram2612","1","2","3"
"abhrasaha","2","1","3"
"AbogadoAjedrez","1","2","3"
"Abommination69","1","2","3"
"Abror_Abdurakhimov","1","2","3"
"AbrosimovJura","1","2","3"
"Abu-Ghassan","2","1","3"
"acarmin","2","1","3"
"Achramithu2015","2","1","3"
"ackerman_clan","1","2","3"
"Ad123987","2","1","3"
"Adam0035","1","2","3"
"Adamya1107","1","2","3"
"adasen","1","2","3"
"Adelmahmoud","1","2","3"
"adgamch","1","2","3"
"adiadi89","1","2","3"
"adityamanoharreddy","2","1","3"
"ADKOLM","2","1","3"
"AdriTriana","1","2","3"
"Aeerton","2","1","3"
"Afshingh64","2","1","3"
"AftaabMalikk786","2","1","3"
"AgastyaMali","2","1","3"
"Ahmed_Elbanna45","2","1","3"
"ahmed-chess-2008","2","1","3"
"ahmedmorsy23","1","2","3"
"Ajayan-Mn","2","1","3"
"Ajooya","2","1","3"
"Akashsharma2525","2","1","3"
"akhifiindia","1","2","3"
"Akinekrem","2","1","3"
"Akshajgilla","2","1","3"
"Akshara_T123","1","2","3"
"akshat1245","2","1","3"
"akshiv3010","1","2","3"
"Akupunk","2","1","3"
"AlainGerardCrossLuna","1","2","3"
"Aleksandr_Iv_3a19","2","1","3"
"AleksandrNovolotskyi","1","2","3"
"Aleksandrthe1","2","1","3"
"AlekseiS","1","2","3"
"Alevtina15","1","2","3"
"Alex_22-89","1","2","3"
"alex11star","2","1","3"
"Alex84ilin","1","2","3"
"Alexandre30608","2","1","3"
"AlexandrHovoradlo","2","1","3"
"Alexbel1971","1","2","3"
"AlexisGast","2","1","3"
"alexnr","2","1","3"
"AlexsandrGor","1","2","3"
"Alf-on-sea","2","1","3"
"Alfonsik","1","2","3"
"AliSalyk","1","2","3"
"Alliekrash","2","1","3"
"Almas_Qazaq","2","1","3"
"Alphabeta77","2","1","3"
"alvaromanbol","1","2","3"
"alxyf","1","2","3"
"amartyakundu3","1","2","3"
"amenehkyvan","1","2","3"
"Amitrano","1","2","3"
"Amorots","2","1","3"
"Amruth06","1","2","3"
"amuntchess7","2","1","3"
"AnandCarlsen101","1","2","3"
"anatoliii11","1","2","3"
"AnatolyCarpov","1","2","3"
"Andac1996","1","2","3"
"Andrei_Bashlykov","1","2","3"
"Andrej24","1","2","3"
"AndressaRequena","1","2","3"
"Andrew_Velikiy","1","2","3"
"Andrew_Z0H","2","1","3"
"andygranda","2","1","3"
"AneyTheKingMcGinley","1","2","3"
"Angelika_2022","2","1","3"
"ANIL_VL","2","1","3"
"ANKITANARA","1","2","3"
"Anna_Zaw","1","2","3"
"Anonymous22222222222","1","2","3"
"AnotherIove","2","1","3"
"ansari_qasem","1","2","3"
"Antanta3","2","1","3"
"Anton0112","2","1","3"
"Antonavaneetham","2","1","3"
"AntonBolovin","2","1","3"
"antongesso","1","2","3"
"AntonioL68","1","2","3"
"AntypovVladyslav","1","2","3"
"AnvitaKommju","1","2","3"
"AnvoVova_2010","1","2","3"
"any81","2","1","3"
"aram_ashrafzade","2","1","3"
"archer711","1","2","3"
"arekilek","1","2","3"
"aRenLearnToPlayChess","1","2","3"
"arijitgirichess","2","1","3"
"Arina2812","2","1","3"
"arizamochess","2","1","3"
"arjun_patil","2","1","3"
"ARLETTEYHAMI","1","2","3"
"ARM_ABEL","2","1","3"
"armanhosein","1","2","3"
"ArnoldFuentes80","1","2","3"
"arseniiiiip","1","2","3"
"ArsenSlobodyan86z","1","2","3"
"arsentisna_14","1","2","3"
"Arslan39406655","1","2","3"
"ArslanAliAYTAC","2","1","3"
"artem_dziv_2022","1","2","3"
"Artinchegini","2","1","3"
"ArtursI","2","1","3"
"Arundelseven","1","2","3"
"asdfghjkl2789","1","2","3"
"AselTugce","1","2","3"
"ashki2000","1","2","3"
"AshvathGilla","1","2","3"
"aslam9","2","1","3"
"Asomi26","2","1","3"
"assan113","2","1","3"
"astradi555","2","1","3"
"Aswathi","1","2","3"
"atillaakin","1","2","3"
"attumalu","2","1","3"
"aujgeo","1","2","3"
"Autofill","1","2","3"
"Avakado07","1","2","3"
"avalza","1","2","3"
"avantas","2","1","3"
"Awerel","2","1","3"
"Ayaanuddin","1","2","3"
"Aydamaq0601","2","1","3"
"Badstan","1","2","3"
"Baggoze56","2","1","3"
"Bagroviyles","2","1","3"
"BAH-Chika","2","1","3"
"bairi_chess","2","1","3"
"Balakrishnan1262","2","1","3"
"banbadr55","1","2","3"
"BaRaA_23","1","2","3"
"Barni-1974","1","2","3"
"BARSA112233","1","2","3"
"BARZIYA2014","2","1","3"
"BasarGuner","2","1","3"
"batmanbutfat","1","2","3"
"batulzii0303","1","2","3"
"bav71091","1","2","3"
"Baybars48","2","1","3"
"Bccha","2","1","3"
"beabea9595","2","1","3"
"BEBEPHENIX","1","2","3"
"Bebop2007","2","1","3"
"bel2023","2","1","3"
"Bela46","2","1","3"
"Bender80","1","2","3"
"BenGreen13","2","1","3"
"benilinus","1","2","3"
"Benj24k","1","2","3"
"Benzo858","2","1","3"
"Berezka2014","1","2","3"
"Berong","1","2","3"
"besuglov","1","2","3"
"Bewaterornot","1","2","3"
"Bharat_A-Bose1","1","2","3"
"BHobbs0827e","1","2","3"
"bill062445","1","2","3"
"Bingchilling_chess","2","1","3"
"Bishoysabry","1","2","3"
"bjohn_s","1","2","3"
"BlackCrow01","1","2","3"
"Blackknight_195","1","2","3"
"BlackQueen110596","1","2","3"
"BoomerWoke","1","2","3"
"bossworth","1","2","3"
"Brahms42","2","1","3"
"brove","1","2","3"
"brown_jesus_np","1","2","3"
"BroxSco","1","2","3"
"Bryndin1987","1","2","3"
"BSUA_Manongsong","1","2","3"
"bubi21","1","2","3"
"buck34","1","2","3"
"Budi_Hermawan","2","1","3"
"bugoff","2","1","3"
"bunbitter","2","1","3"
"bustofredon10","2","1","3"
"BWA1776","2","1","3"
"Byvvas","2","1","3"
"c07gan0","1","2","3"
"caganalii","2","1","3"
"Cager1234","1","2","3"
"caiogoulart","2","1","3"
"cal33leggo","1","2","3"
"CALBH","1","2","3"
"calio465","1","2","3"
"Candiman88","1","2","3"
"Capanegra11J","1","2","3"
"Capital_Fiete","1","2","3"
"carciofo","1","2","3"
"Caspi","1","2","3"
"Cat_Art","2","1","3"
"caturangalilar","1","2","3"
"cayqoo","1","2","3"
"cccrnd","1","2","3"
"ccececececececeecec","1","2","3"
"Ceasoum","2","1","3"
"CedricG37","2","1","3"
"chablababla","2","1","3"
"chabur","2","1","3"
"ChachMath","1","2","3"
"chander_2023","2","1","3"
"Chanuga05","2","1","3"
"Charlesdiconca","2","1","3"
"Che94","2","1","3"
"cheesyjr","2","1","3"
"ChefArnaud","2","1","3"
"Chemisky","2","1","3"
"CheraghiZahra","1","2","3"
"Chess_persona","2","1","3"
"Chess0626","1","2","3"
"Chess9425","1","2","3"
"chessfabi03","1","2","3"
"Chessfox0254","2","1","3"
"Chesskingroy","1","2","3"
"Chessmaestro_2010","1","2","3"
"ChessMaster_Cisne","1","2","3"
"chessnoviceABC","1","2","3"
"Chessplayer246810","1","2","3"
"chesstitsa","1","2","3"
"chigorin74","1","2","3"
"Chikupihu","2","1","3"
"chitown74","2","1","3"
"Chitti20087","1","2","3"
"choze","2","1","3"
"chris25schach","1","2","3"
"Chukwuemekadesmond","1","2","3"
"chyoga","2","1","3"
"Ciambellino55","2","1","3"
"cilleros","2","1","3"
"CJC1188","1","2","3"
"claudioh54","2","1","3"
"CLindemann","1","2","3"
"Clive-Press","2","1","3"
"CloudyFXME","1","2","3"
"CLRobbo","2","1","3"
"Clydex","2","1","3"
"Cocco1982","2","1","3"
"codiusthemaximus","2","1","3"
"Colsso","1","2","3"
"comeattmebro","2","1","3"
"conors7639","1","2","3"
"coolchesscat1","1","2","3"
"CorinaMarie","2","1","3"
"Corky50","2","1","3"
"Cornbackrattler14","1","2","3"
"Corvuses","1","2","3"
"CrankyOldGuy","2","1","3"
"CristianoRonaldo10","2","1","3"
"CrizCJK","2","1","3"
"crown-fried-chicken","1","2","3"
"CrunchyFrostedWheats","1","2","3"
"cuchioyes","1","2","3"
"Cvetjeinjesen","2","1","3"
"CVSpasuparthi","1","2","3"
"cyberrx","2","1","3"
"CycloneBoom","1","2","3"
"cytnes","2","1","3"
"D0X-07","2","1","3"
"D0X-O7","1","2","3"
"DAG792","1","2","3"
"Dahzindji","1","2","3"
"Dalelcbr","1","2","3"
"DanBo167","2","1","3"
"dangrini","2","1","3"
"daniele68","1","2","3"
"Danielsden16","2","1","3"
"danilakhoteenkov","2","1","3"
"DaniShach","1","2","3"
"Danya-1_S","2","1","3"
"daringnavigators","1","2","3"
"Dario11111","2","1","3"
"dariux197910","2","1","3"
"dark250","2","1","3"
"DarkChessWizard","2","1","3"
"Darren833","2","1","3"
"darshan_1","1","2","3"
"daun22808","1","2","3"
"Dauwe-007-I","2","1","3"
"dbz132131w","1","2","3"
"Dd19","2","1","3"
"DDL1234","1","2","3"
"de_la_Fene","2","1","3"
"Dea0211","2","1","3"
"debdddd","2","1","3"
"DeezKNlGHTZ","1","2","3"
"Degavolver","2","1","3"
"Dekht0r","2","1","3"
"DElamchess","1","2","3"
"delphinusCh","1","2","3"
"demidden","1","2","3"
"Demolito_L6","1","2","3"
"DenilsonJP","1","2","3"
"Denis_VD","1","2","3"
"Dex55","2","1","3"
"Dignites","2","1","3"
"Dimon20142014","1","2","3"
"dinesh_yadav","1","2","3"
"dineshraj20","2","1","3"
"Dineth1","1","2","3"
"dino251","2","1","3"
"Dinora","2","1","3"
"Dio_mon_es888","2","1","3"
"DizickDizz","1","2","3"
"dlonge","1","2","3"
"Dmitry_Ladno","1","2","3"
"Doubledblunders","2","1","3"
"Dragon_Slayer2000","2","1","3"
"drawik","2","1","3"
"Drenstein4","1","2","3"
"Drhamzeh","2","1","3"
"Dron79","1","2","3"
"Drugganought","2","1","3"
"drunkmagnuscarlsenn","2","1","3"
"dslough","1","2","3"
"dulnarabandara","2","1","3"
"duumir","1","2","3"
"Ealdor65","2","1","3"
"ebuhamza","1","2","3"
"Echess13","1","2","3"
"Ed1996h","1","2","3"
"EdwardAlcedo","2","1","3"
"EesaAmjid","2","1","3"
"eforn","2","1","3"
"eg0_death","1","2","3"
"Egor_JDM","2","1","3"
"egorov_sergei","1","2","3"
"Egyptian_Chess_2022","2","1","3"
"ehann","2","1","3"
"eisa_996","1","2","3"
"Ekburger","2","1","3"
"El-Espadachin-NegroO","2","1","3"
"Elhossiny","1","2","3"
"EliasOuled","1","2","3"
"ellicojo","1","2","3"
"ElliotGivly","1","2","3"
"elWarlord","2","1","3"
"emcoco","1","2","3"
"EMHIR1345","2","1","3"
"EnotKiss","2","1","3"
"Enter_Da_64_Chambers","1","2","3"
"entoni676fgh767","2","1","3"
"ercanbrkn34","2","1","3"
"ercnt","1","2","3"
"erdemkutllu","1","2","3"
"ERICARTE","1","2","3"
"erick2682-4","2","1","3"
"ERROW2008","1","2","3"
"EslamMA","1","2","3"
"essamchess123","1","2","3"
"Etonkun","2","1","3"
"EvandroSM","2","1","3"
"evgendok","1","2","3"
"Evgennyy","1","2","3"
"Evgeny177","1","2","3"
"EvgenyBet","1","2","3"
"exp10itErr","2","1","3"
"explayA","1","2","3"
"eyo2323","1","2","3"
"F_The6thAlphabet","2","1","3"
"Fabio_pro062","2","1","3"
"FabJP","1","2","3"
"faltulok","1","2","3"
"farmadruida","1","2","3"
"Fatih5038","2","1","3"
"FatimaKherawala","1","2","3"
"febarredo","1","2","3"
"felipe01","2","1","3"
"felixhennessy","2","1","3"
"Fenty_DGR","2","1","3"
"Fernan19","2","1","3"
"FernandoMedina65","2","1","3"
"fig-vam","2","1","3"
"Fighter36","2","1","3"
"FILIPBE2137","1","2","3"
"fisayomi","1","2","3"
"Fischer87","1","2","3"
"Fitzy1","2","1","3"
"FIVchess","1","2","3"
"Fj1024","2","1","3"
"Fjiya","1","2","3"
"Flamengo2020","1","2","3"
"FlashedEnder","1","2","3"
"floatingwater","1","2","3"
"FoMa-PAN_64","1","2","3"
"Fomich07","2","1","3"
"fortinogelb","1","2","3"
"fotocopias","1","2","3"
"Franflap","2","1","3"
"franju","2","1","3"
"Franzensburg","1","2","3"
"Frede_yoo","1","2","3"
"FredLewis","1","2","3"
"freeshin","2","1","3"
"Furkan_mutaf","1","2","3"
"furkan11225","2","1","3"
"futumaki","1","2","3"
"G_M_stormKing","2","1","3"
"gabimMibag","2","1","3"
"GabrielSB20","1","2","3"
"Gallego79","2","1","3"
"gallito_xd123","2","1","3"
"gary0892","1","2","3"
"GavinSHeahan","2","1","3"
"Gena_0309","2","1","3"
"georges69","2","1","3"
"GeorgeWBush","1","2","3"
"georgii11","1","2","3"
"gerey_1967","2","1","3"
"gerfiori","1","2","3"
"GerKaS","1","2","3"
"Gerrie24","2","1","3"
"GGamer_Armenia","2","1","3"
"GHUUJNBVHJKUGCCVBJYU","2","1","3"
"GhynoQuir","2","1","3"
"Gilbo2311","2","1","3"
"Gimli_du_33","2","1","3"
"Ginuri","1","2","3"
"GiuseppeMuscles","2","1","3"
"GlebNT","1","2","3"
"Glurpy","1","2","3"
"gmaayushdas","1","2","3"
"GMAP1","2","1","3"
"GoldmanNutSachs","1","2","3"
"gommaloka","1","2","3"
"gora63","1","2","3"
"gotame","2","1","3"
"Gr33nR10t","1","2","3"
"GrafDePompedu","2","1","3"
"GrandMasterDavis93","2","1","3"
"Greatykas","1","2","3"
"Greg1955","2","1","3"
"Gregsen","2","1","3"
"GrigorovMark","2","1","3"
"gruiavelicu","1","2","3"
"gssansao","1","2","3"
"gtym","2","1","3"
"GuhaJay","2","1","3"
"Gundula777","1","2","3"
"Gunjan1234","1","2","3"
"gunk_gunk","1","2","3"
"gus_gold","1","2","3"
"Gusti_Elsassman","2","1","3"
"GymChess100","2","1","3"
"haallward","2","1","3"
"HalemaAlsatrawi","1","2","3"
"halfmanhalfknight","1","2","3"
"HamsterInLaw","1","2","3"
"hamstra","2","1","3"
"Hardik_123455","1","2","3"
"Harry-503","1","2","3"
"harshalnawale","1","2","3"
"harut19","2","1","3"
"hasan7076","1","2","3"
"Hauzer87","2","1","3"
"hayde","1","2","3"
"Heib_MS1a","1","2","3"
"hello08","2","1","3"
"Henry-JK","1","2","3"
"Heritage-Aber","2","1","3"
"HeyLana","1","2","3"
"HikiCharoo","1","2","3"
"Hirsa94","1","2","3"
"hnz99","2","1","3"
"hoccovua_123","2","1","3"
"Hoepli-38","1","2","3"
"hojat-eb","1","2","3"
"HomabiorKro","1","2","3"
"honey_badger_TR","2","1","3"
"horttense","1","2","3"
"hovhanz","2","1","3"
"Hrant2014","1","2","3"
"hstbabdua038","1","2","3"
"htrpmhprtmhpo","1","2","3"
"hungchoicovua2","1","2","3"
"hungchoicovua3","2","1","3"
"Hutorok","1","2","3"
"Hy321","1","2","3"
"I2200orDeath","2","1","3"
"IbrahimS2014","1","2","3"
"icarbama","2","1","3"
"icdev","2","1","3"
"IcedOutKnight","2","1","3"
"idkwhatnametousexd","2","1","3"
"Ifer1us","1","2","3"
"ifxsz","1","2","3"
"igor_pt2","1","2","3"
"Igor_Ryazanskiy","1","2","3"
"IgorIlyin","2","1","3"
"il1ev","2","1","3"
"IlyaVirniy832","1","2","3"
"imchessburger","2","1","3"
"Immenso","1","2","3"
"Imperator_zeref","1","2","3"
"Ingipre","1","2","3"
"IntRIGA","2","1","3"
"Ioannis_Safilos","2","1","3"
"Iparraguirre","2","1","3"
"Irakliou","2","1","3"
"IsaEihwaz","2","1","3"
"isckander21","1","2","3"
"israel_vasquez26","2","1","3"
"ITazes","2","1","3"
"ItGiordano","2","1","3"
"ivan_palonyi_228","2","1","3"
"ivan_t1234321","2","1","3"
"ivan15","2","1","3"
"ivanbbbhy","1","2","3"
"ivanhsu0201","2","1","3"
"ivanisevic82","2","1","3"
"IVNSHRV","2","1","3"
"Jacek51","2","1","3"
"Jackky089","1","2","3"
"JadeJoris","2","1","3"
"jaiperdumoneurydice","1","2","3"
"JAJA-PR","1","2","3"
"Jan_Zaw","2","1","3"
"JayDeey","2","1","3"
"Jayzpr","1","2","3"
"jazzpcn","1","2","3"
"jazzve","1","2","3"
"jbox84126","2","1","3"
"jch67","1","2","3"
"jeangarcia10","2","1","3"
"JeanMouloud59","1","2","3"
"Jennifer_Scowling","1","2","3"
"Jerbetter","1","2","3"
"jhocelhuiz","1","2","3"
"jjcale","2","1","3"
"Jjo1900","1","2","3"
"JLSsupreme","1","2","3"
"johan007","2","1","3"
"johannelund","2","1","3"
"John_Prostetskiy","1","2","3"
"JOHN1918","2","1","3"
"JonaSCE1222","1","2","3"
"JonathanTananika","2","1","3"
"jordiperezarti","2","1","3"
"JorgeFresco","2","1","3"
"joseagomez_CSA","1","2","3"
"josemanupuer","1","2","3"
"JoseMp76","1","2","3"
"JosephKiyokon0419","1","2","3"
"josephssekidde","1","2","3"
"juan7spn","2","1","3"
"juanCarlos1903","2","1","3"
"juangmor","2","1","3"
"JucaPlays","1","2","3"
"JuergenNikolaus","1","2","3"
"Juliane-S","2","1","3"
"JuliaStrauss17","2","1","3"
"JuroJ","2","1","3"
"Justinpang","1","2","3"
"JustOneBeer","2","1","3"
"jv4life","2","1","3"
"K_Burkut14","2","1","3"
"Kainxtra","1","2","3"
"Kaisparov","1","2","3"
"Kakashi00007","2","1","3"
"Kakoskhelone","2","1","3"
"Kamel_AbdulNasser","2","1","3"
"kanito","2","1","3"
"kanoshy","1","2","3"
"KAPACyK","1","2","3"
"Karakhudank","2","1","3"
"Kargo008","1","2","3"
"kartoffel79","2","1","3"
"KATPISTOLSTAR","2","1","3"
"katyarra","2","1","3"
"Kavya222","1","2","3"
"Kawe_chess","2","1","3"
"KB-aus-E","1","2","3"
"kbGman","1","2","3"
"kDragon10","2","1","3"
"KenB2072","2","1","3"
"keresettaferi","1","2","3"
"Kershea","1","2","3"
"Kgopudi","1","2","3"
"Khamull","1","2","3"
"khansannan","1","2","3"
"KhAsHaBa","1","2","3"
"khei","2","1","3"
"khohuel","1","2","3"
"khomsun2002","1","2","3"
"Kid2000","2","1","3"
"killtheslack","2","1","3"
"Kirbytaneo","1","2","3"
"kisekinosedai","1","2","3"
"kishorpandya","1","2","3"
"kituskitikatus","1","2","3"
"KiwiPoweR67","1","2","3"
"kkoprucu","1","2","3"
"Klaum","2","1","3"
"kleinmeisterUC","1","2","3"
"Knightmare-1","2","1","3"
"Kolcha12","1","2","3"
"kolyansms","1","2","3"
"KorneevM","2","1","3"
"KorradoKattani","2","1","3"
"KossyBasky","1","2","3"
"KostasTheKing","2","1","3"
"kpio","1","2","3"
"Kraiev_Sviatoslav","1","2","3"
"krishnannpk","2","1","3"
"Kristina46","2","1","3"
"KrutoyBomjik","1","2","3"
"Kulmuhan0306","1","2","3"
"Kuprins","2","1","3"
"Kutuche","1","2","3"
"Kvaiseek","2","1","3"
"Kzun","1","2","3"
"Lady_Tinder","1","2","3"
"Lapo_Roman","2","1","3"
"Larin2012","1","2","3"
"Laticauda1","1","2","3"
"Lavanya_Balu","2","1","3"
"laylasbf999","2","1","3"
"Legip","2","1","3"
"leiqt4ever","1","2","3"
"Lenozka","1","2","3"
"leo0999","2","1","3"
"leomarce","1","2","3"
"Leonard-B7","1","2","3"
"Leonardo_d","2","1","3"
"leonardomaximo2024","1","2","3"
"Leonid_Krutov","2","1","3"
"Lepolac65","1","2","3"
"Lev_galimzyanov","2","1","3"
"Lev-404","1","2","3"
"levani2","2","1","3"
"levlev29","1","2","3"
"LevShevchenko7","2","1","3"
"Liam_deB8","1","2","3"
"lilstrumpan","2","1","3"
"lion-4uk","1","2","3"
"Lionard","1","2","3"
"Lisuarte","1","2","3"
"lj1983","2","1","3"
"lkm_528","1","2","3"
"lolo-67220","2","1","3"
"lorenzb59","1","2","3"
"Lou22","1","2","3"
"LOuisVdMErwE","2","1","3"
"LoveChesss2015","2","1","3"
"luisito48","2","1","3"
"Luka_tatar","1","2","3"
"lukeglanton85","1","2","3"
"Lunalara","2","1","3"
"lunamenguante1","1","2","3"
"Luxhominum","2","1","3"
"lysoform14","1","2","3"
"M_Lahr_78","1","2","3"
"M1ssCalculation","2","1","3"
"Macpillo","1","2","3"
"madarauchiha205","1","2","3"
"mads201c","1","2","3"
"magerquark","2","1","3"
"Magicussanctus","2","1","3"
"MahiBD","1","2","3"
"mahmodhendawy","2","1","3"
"mahmoudeid712","2","1","3"
"maikmoraga","2","1","3"
"majestik80","1","2","3"
"Mak0077","1","2","3"
"mak16","1","2","3"
"MAKABEJK","2","1","3"
"Makaveli2Pac","2","1","3"
"makodgj","1","2","3"
"MaksimAlert","1","2","3"
"Mal-vi-na","1","2","3"
"MalikGattarov","2","1","3"
"mallu831mk","2","1","3"
"Malva_alcea","2","1","3"
"mando2900","1","2","3"
"Manu_muzio","2","1","3"
"ManyaVerma","2","1","3"
"manzul_123","1","2","3"
"Marat1964","2","1","3"
"marciopainas","1","2","3"
"marek-moravec","2","1","3"
"Marie163","2","1","3"
"marioaje","1","2","3"
"mariwall","1","2","3"
"Mark_Stepanov","2","1","3"
"markos0717","2","1","3"
"Marosola","1","2","3"
"marrob","1","2","3"
"Marshal-19","2","1","3"
"Marsy147","2","1","3"
"martinistcool","2","1","3"
"MartyFunkhouser","2","1","3"
"marwah98","2","1","3"
"Masanto89","2","1","3"
"maseba2003","2","1","3"
"massinissa96k","2","1","3"
"Masterluchin","2","1","3"
"Mat-PP","1","2","3"
"Matei-Andries","2","1","3"
"matey147","1","2","3"
"Mathy95","2","1","3"
"Matiso","2","1","3"
"Matora1234","1","2","3"
"Matthiessen2dot0","2","1","3"
"MatthieuK95","2","1","3"
"MattSchach60","1","2","3"
"mattska","1","2","3"
"mawad2023","1","2","3"
"Max50M","2","1","3"
"maxchess381","2","1","3"
"maxim4519","2","1","3"
"MaximilianoCosta","2","1","3"
"Maximka528","2","1","3"
"MaxtheDog","2","1","3"
"Maxzet","2","1","3"
"maybeone7","2","1","3"
"mbeau","2","1","3"
"MDPAkilli","1","2","3"
"mechamaskmaraa","2","1","3"
"mecZpasha","1","2","3"
"Medeiros1983","2","1","3"
"meedszn","1","2","3"
"MehanChess","1","2","3"
"melegiskeith","2","1","3"
"MeltLikeButter_111","1","2","3"
"mentidero666","2","1","3"
"Meroth","2","1","3"
"MessiCheckmates","2","1","3"
"Met555","2","1","3"
"mezo_s","1","2","3"
"mgovi","2","1","3"
"Mianek1986","1","2","3"
"michal_krasowski","1","2","3"
"Miguelsosa","1","2","3"
"MihailVaraksin27","2","1","3"
"Mike2364","2","1","3"
"Mike2430","1","2","3"
"Mikhail_Dolbunov","1","2","3"
"mikhellavrov","2","1","3"
"mikkule","2","1","3"
"mila566","2","1","3"
"milladoiro","2","1","3"
"Milo2Rad","1","2","3"
"mimich58","1","2","3"
"mimpe","2","1","3"
"mischiko","2","1","3"
"Mishka_fredddy","1","2","3"
"misternak","2","1","3"
"mjs1225","2","1","3"
"mlh1996","2","1","3"
"MNM","2","1","3"
"Moechteeinhelm","1","2","3"
"Mogolo","1","2","3"
"MohamedOsamaAhmed","1","2","3"
"mohamedsofiane","2","1","3"
"MohammadAmr1","2","1","3"
"Mohammadkiyan94","2","1","3"
"MOHIT_2016","2","1","3"
"Moises_Serentas","1","2","3"
"monnfr","1","2","3"
"Monzer55a","1","2","3"
"Moony_7","1","2","3"
"MorleyMadness","2","1","3"
"mortazabakhtiari","1","2","3"
"mosayeb65","1","2","3"
"motornicza","2","1","3"
"Mountain_bear","1","2","3"
"MP1400","1","2","3"
"mr-mehrad","1","2","3"
"MrDoctorPr","2","1","3"
"MrSmartyPant","1","2","3"
"mtdavies15","1","2","3"
"Muflone69","2","1","3"
"Mugundhan14","1","2","3"
"Murder_Incorporated","2","1","3"
"MusaCpr76","1","2","3"
"Mustafa-Abboud","1","2","3"
"mynamenikolas","2","1","3"
"N4nop","2","1","3"
"naagiibaagii0306","1","2","3"
"nablue","1","2","3"
"Naidre","1","2","3"
"Nakshtr14","1","2","3"
"NAleksey33","1","2","3"
"namca","2","1","3"
"Nameless_Phobias","1","2","3"
"nanai58","1","2","3"
"nap7eyyfMB","1","2","3"
"naraom","2","1","3"
"NassarM","1","2","3"
"nathanChinaglia1239","2","1","3"
"Natusia123","2","1","3"
"Nautilus1974","2","1","3"
"NavonilDas","2","1","3"
"Nazar19112015","1","2","3"
"NDhman1987","1","2","3"
"Neda1977","2","1","3"
"negrin123","2","1","3"
"nemicj","2","1","3"
"neonellisss","2","1","3"
"Newfoundlandcoombs","1","2","3"
"newmexicoplayer","2","1","3"
"ngoluongnguyen","2","1","3"
"nguyenthethinh","1","2","3"
"nhtsng89","1","2","3"
"Nick-1981","1","2","3"
"nickspeterson","2","1","3"
"nicofreitas","1","2","3"
"nicolaubr","1","2","3"
"nik0laevich","2","1","3"
"Nik78kolev","1","2","3"
"Nikhil_2532","1","2","3"
"Nikolaevich1970","2","1","3"
"Nikolai_2015","2","1","3"
"nitu12345","1","2","3"
"NLelectric","2","1","3"
"noahjackson","1","2","3"
"NoctisInanitas","1","2","3"
"NORDSTER","2","1","3"
"NoTrashTalkAllowed","2","1","3"
"numivarro16","2","1","3"
"nurtensalaz","2","1","3"
"NyawMyawYamYam","1","2","3"
"OBAz30","1","2","3"
"OhmyGod-thanks","1","2","3"
"Oldgolfgoldold","1","2","3"
"OlegMartynov_IL","2","1","3"
"OlegNK","1","2","3"
"oliver-j-peers","2","1","3"
"Ollo1971","1","2","3"
"olmedoxxx","2","1","3"
"OmarAbdlluh","2","1","3"
"opa135411","1","2","3"
"OptimusPrima","2","1","3"
"OrionZXrrra","2","1","3"
"OSH-Coddington-Walsh","1","2","3"
"OwlSchran","2","1","3"
"P5enguin","1","2","3"
"Pablo_viera","1","2","3"
"Padizuku2008","1","2","3"
"padrepio00","2","1","3"
"painter-95","1","2","3"
"palkinaleks","2","1","3"
"PandaPro06","2","1","3"
"Pantoofle63","1","2","3"
"Papa-Gilles","1","2","3"
"papillon895","2","1","3"
"par030973par","2","1","3"
"ParadisusParadoxum","1","2","3"
"parsa_NR","1","2","3"
"partenope","2","1","3"
"Patient_Parrott","2","1","3"
"patjam","2","1","3"
"patriciocm","2","1","3"
"Patrick_Prieto_80","2","1","3"
"Paulgm27","1","2","3"
"Pauloches79","1","2","3"
"pavanvashi7","2","1","3"
"pavela1991","2","1","3"
"Pawncreeps","2","1","3"
"pawnpaner","2","1","3"
"PcccR","1","2","3"
"PenaT","2","1","3"
"persej911","1","2","3"
"peteeestatua","2","1","3"
"PETR58","2","1","3"
"pezzodimelis","1","2","3"
"pgege","2","1","3"
"pgrabber","2","1","3"
"Phazzie","1","2","3"
"phenter_mine","2","1","3"
"Pi-55","1","2","3"
"Pieterva92","1","2","3"
"piRal1","1","2","3"
"pistolet423","2","1","3"
"pkpdj","1","2","3"
"Planetoid49","2","1","3"
"player999999999","2","1","3"
"Pocho00","1","2","3"
"PokProfi","1","2","3"
"Potyi61","2","1","3"
"pourya_peyghan","2","1","3"
"ppnuber","2","1","3"
"ppphernandez","2","1","3"
"pradeep_68","2","1","3"
"Pranav_Gothe","1","2","3"
"PriitOja","1","2","3"
"Primavera100","1","2","3"
"Priya2908","2","1","3"
"Priyanshjet26","1","2","3"
"process_18","2","1","3"
"Psevdoint","2","1","3"
"Pushedpassed","2","1","3"
"pwedo2k34rfg23234","1","2","3"
"QamarM","1","2","3"
"Queenlike","1","2","3"
"Queens_bishop","2","1","3"
"queensamaira","1","2","3"
"QWINTOR_TV","1","2","3"
"QXACK","2","1","3"
"R0trixx","2","1","3"
"Rachidkasparov","2","1","3"
"RadhikaThakur","2","1","3"
"rahul761996","2","1","3"
"rajako","2","1","3"
"rajeevnp","2","1","3"
"RajniMishra1","1","2","3"
"rajveermeena","2","1","3"
"Rale85","2","1","3"
"ramavempati","1","2","3"
"Ramil_198725","1","2","3"
"rapunmel323","2","1","3"
"Rasolondrazana","1","2","3"
"Raspunzel12","2","1","3"
"raul23claro","2","1","3"
"Raulfarrizabalaga","1","2","3"
"RBHMetaller","2","1","3"
"realdanielbyrne","1","2","3"
"Rebel_Pikachu","2","1","3"
"Reda0101","1","2","3"
"Reflect_1","1","2","3"
"Regulusromanee_conti","1","2","3"
"RekaChess15","2","1","3"
"renatusV","1","2","3"
"Resanya06","2","1","3"
"Revanth9326","1","2","3"
"Revelation316","2","1","3"
"Rey2023","1","2","3"
"Reymon_50","1","2","3"
"RF_Surgut","1","2","3"
"rheinhalde","1","2","3"
"Rhn_53","1","2","3"
"rhobspier","2","1","3"
"Rider3208","1","2","3"
"Rishi_knight","2","1","3"
"riziero_1970","2","1","3"
"rkre9","1","2","3"
"Road12","2","1","3"
"RobertoAguirre","1","2","3"
"robigno","1","2","3"
"rojodiez","1","2","3"
"Rokki-13","2","1","3"
"ROLINDABREWER","1","2","3"
"romaha97","1","2","3"
"roman033","2","1","3"
"ronisubagyo","2","1","3"
"rookdad1","1","2","3"
"Rookeer","2","1","3"
"rooozegaaar","1","2","3"
"RRR-71","1","2","3"
"RRRuslan7750","1","2","3"
"Rsimundo51","1","2","3"
"RT5000","2","1","3"
"Rubru","2","1","3"
"ruibin","1","2","3"
"RV_999","1","2","3"
"S60Sam","2","1","3"
"Sabir-78","1","2","3"
"sabrymersal","1","2","3"
"Sacul2193","2","1","3"
"sadegh2023","2","1","3"
"Sadewjagadeeh2017","1","2","3"
"sahu07","2","1","3"
"saikatpal17","1","2","3"
"SaiKKommoju","2","1","3"
"sailou","1","2","3"
"sajjad_bakhshipour","1","2","3"
"SalomSobuh","2","1","3"
"salvomilitello","1","2","3"
"Samb0","2","1","3"
"sambuu111","1","2","3"
"samyarhasany","2","1","3"
"samyduran","2","1","3"
"sanbunzakara","1","2","3"
"Saniru","2","1","3"
"SantiagoDeCuba","2","1","3"
"santiagofarotapia","2","1","3"
"Sappho_CGN","2","1","3"
"sargon-3ply","1","2","3"
"Sathiyaraj5","1","2","3"
"satyam_goyal","2","1","3"
"SaurabhDS07","1","2","3"
"sausagecookie","1","2","3"
"SaxtonEngine","1","2","3"
"Schachvollhorst","1","2","3"
"schaken-msawas","2","1","3"
"schnecken_bot","1","2","3"
"Schriese","1","2","3"
"Scorpio811","1","2","3"
"ScottLasen","1","2","3"
"SebastianHSKLister","1","2","3"
"segredodeclube","2","1","3"
"Selvatic","2","1","3"
"semreh2","1","2","3"
"semsayt","2","1","3"
"Sengers","1","2","3"
"Sensei969","2","1","3"
"Seregabelyakov","1","2","3"
"sergey_yolgin","1","2","3"
"sergey-kolegov_1978","1","2","3"
"SergeyB78","1","2","3"
"Sergiomm99","1","2","3"
"sergiosergini","1","2","3"
"sergsergserg","2","1","3"
"SetchiTheKing","2","1","3"
"SH1VUDU","2","1","3"
"Shadow-B","2","1","3"
"shadowmeomeo","1","2","3"
"Shanav811","1","2","3"
"SHARKBITES","2","1","3"
"Shaxmatistka-1972","1","2","3"
"Shezaad","2","1","3"
"Shibim","2","1","3"
"shogomakishima11","1","2","3"
"Shogun_Thang","2","1","3"
"ShreyGAIROLA","1","2","3"
"shubham8664","1","2","3"
"Shved25","1","2","3"
"SiD93","2","1","3"
"SiddharthAnishccs","1","2","3"
"Sigaa","1","2","3"
"SIIIVIIIC","2","1","3"
"sikuvot","1","2","3"
"silviobenitez692","1","2","3"
"sinaA1990","2","1","3"
"sinhaabhineet2012","2","1","3"
"Siraj0017law","2","1","3"
"sistemalondressander","1","2","3"
"Sk1976","2","1","3"
"skimport","2","1","3"
"Skorokov_Gleb_8","2","1","3"
"Slavamir3","1","2","3"
"slavazotov","2","1","3"
"slavusyan","1","2","3"
"slpedersen","1","2","3"
"smokinpeacepipes","2","1","3"
"snemann","1","2","3"
"Snowball306","1","2","3"
"SociedadeSecreta","1","2","3"
"SocratesUnlimited","2","1","3"
"SodyeChinmay","2","1","3"
"Sofia_282011","2","1","3"
"Sofya2120","2","1","3"
"Sokol48","2","1","3"
"solfarrero","1","2","3"
"spaccatella65","1","2","3"
"sriaathavan","1","2","3"
"Srijan2007","1","2","3"
"Srisaaikumaran","2","1","3"
"sromero","2","1","3"
"Srvesh","2","1","3"
"Ssone","2","1","3"
"Stan333","2","1","3"
"Starik_Hotabych","2","1","3"
"Stefan_Kolesnikov","2","1","3"
"stefano123","1","2","3"
"Stephen_LIGHT","2","1","3"
"Stifanoni","2","1","3"
"stjani69","1","2","3"
"STW91","1","2","3"
"subos","2","1","3"
"sudhirsingal","1","2","3"
"sugiono659","1","2","3"
"Sugunapranav","2","1","3"
"SukanyaPedavalli","2","1","3"
"sultano1","1","2","3"
"sunnysoul","1","2","3"
"SupremeKnowledge123","1","2","3"
"Surprise_Kenny","1","2","3"
"svarnoi91","1","2","3"
"svdreye","2","1","3"
"SZARINKA","1","2","3"
"taham89","2","1","3"
"Tangopolka","1","2","3"
"TanishG4","1","2","3"
"tanjatatjana","1","2","3"
"tarasHri","1","2","3"
"tartaruga57","1","2","3"
"tbs008","2","1","3"
"tbtb1","1","2","3"
"tchester","2","1","3"
"Technoblade300","1","2","3"
"Tehnik228","2","1","3"
"Tessahoc","1","2","3"
"thanayudu","2","1","3"
"TheAccountant47","2","1","3"
"TheFender","2","1","3"
"TheFitz","1","2","3"
"theo-flas","1","2","3"
"Theodore_7","2","1","3"
"theolodman","2","1","3"
"thepanks","1","2","3"
"theplebe","2","1","3"
"TheRealPowerhouse","1","2","3"
"ThiagoAkier","2","1","3"
"Tibor1111","1","2","3"
"tica1946","1","2","3"
"Tim1009","2","1","3"
"Timofey_Nadyrov","2","1","3"
"titipe","2","1","3"
"tkomaris","2","1","3"
"tocratrined","1","2","3"
"tomhazo20","1","2","3"
"Tommyorc","1","2","3"
"Tomus12120","1","2","3"
"Tony-05","1","2","3"
"TOPG_kira2015","1","2","3"
"TorresEnSeptima","1","2","3"
"totopuff","2","1","3"
"tricant","1","2","3"
"trini86","2","1","3"
"Trixxe","1","2","3"
"Trollfish-Bot","2","1","3"
"truemove2002","1","2","3"
"trying8","1","2","3"
"tsemaa","1","2","3"
"TuksuBot","1","2","3"
"TungstenCeWiu","2","1","3"
"Tunir1502","1","2","3"
"TurningPoint","2","1","3"
"TvoyaMebel","2","1","3"
"txukimoto","1","2","3"
"tylerdulnuan123","2","1","3"
"TymHalT-rex11","2","1","3"
"tzur44","2","1","3"
"UlsterJohn","1","2","3"
"ultrawing","2","1","3"
"Ulugbek_001","1","2","3"
"umajayant","2","1","3"
"UmerahStefan","2","1","3"
"Umuuuuuuuuuu","2","1","3"
"UNCLE_MALLY","1","2","3"
"unknown77","2","1","3"
"unnatichess","1","2","3"
"untaltal","1","2","3"
"upendrarawat1975","1","2","3"
"UraArs","2","1","3"
"urusovit","2","1","3"
"utrotumannoe","2","1","3"
"uwataru","2","1","3"
"v3nyd4n","2","1","3"
"val065","1","2","3"
"valcharm","2","1","3"
"vansh0215","1","2","3"
"vansh1802","1","2","3"
"Vasipolo","2","1","3"
"vdugu","1","2","3"
"veasahare","2","1","3"
"velris","2","1","3"
"venkat2014","1","2","3"
"vetriselvan_2014","1","2","3"
"Vick_Lover","1","2","3"
"victoralekseevich","1","2","3"
"VictorioHerrera","1","2","3"
"Victorsoluk","1","2","3"
"Vietnamvip0","2","1","3"
"VikingInAWheelchair","2","1","3"
"vikinguero","1","2","3"
"Viktor-555","1","2","3"
"VIKTORG1977","2","1","3"
"Vin_Ig","2","1","3"
"vinaykchatla","1","2","3"
"Vince_Zacarias_PE2","1","2","3"
"viscontediieri","1","2","3"
"vishnuem","1","2","3"
"Vitalier1","2","1","3"
"Vitalii1975","2","1","3"
"vitalyselin","2","1","3"
"VIVANGREAT","2","1","3"
"vladimir-1986_6","2","1","3"
"vladivodic","2","1","3"
"vladosperedoz123","1","2","3"
"VMSD59C","2","1","3"
"vnkor","2","1","3"
"vodik821","1","2","3"
"vojtenko1958","1","2","3"
"Vovakyn61","1","2","3"
"VR_Dubifonk","1","2","3"
"VRenata","2","1","3"
"vushak123","2","1","3"
"W0LF_00","1","2","3"
"Wad-promes","2","1","3"
"Waikwa2","2","1","3"
"Walerius","2","1","3"
"Walwad70","2","1","3"
"WAPOWE","2","1","3"
"Warcode_Tufani","1","2","3"
"waseembeek","2","1","3"
"Weetik2350","1","2","3"
"wehaveadeel","1","2","3"
"weiyiathenS","2","1","3"
"well2010","2","1","3"
"Werner52","1","2","3"
"wesley_soli","1","2","3"
"wesley1611","1","2","3"
"wibbel","1","2","3"
"willempieter","1","2","3"
"Willzzze","2","1","3"
"Windent14","1","2","3"
"windfall-blue","2","1","3"
"winner34","2","1","3"
"winterhi","2","1","3"
"WonderfullMind","2","1","3"
"WPSR34513","1","2","3"
"WUNSDORF","1","2","3"
"Xadrez11111","1","2","3"
"xailon","1","2","3"
"xtrasns","1","2","3"
"Xudoyberdiyev_J","1","2","3"
"Y_Bogdan_Y","1","2","3"
"Y_ghitza_y","2","1","3"
"Yakov_Alatorcev","1","2","3"
"YanaPits1975","1","2","3"
"Yannick3","1","2","3"
"yapluka","2","1","3"
"yas_masi1982","2","1","3"
"Yasha236816","2","1","3"
"yasmil","1","2","3"
"YiwenLi","2","1","3"
"yo1rovilla","1","2","3"
"yob69","2","1","3"
"Yodeja","2","1","3"
"Yogendra33","2","1","3"
"yolkago","2","1","3"
"Yondu_Udonta","1","2","3"
"youwillnevergetthis","1","2","3"
"Yudithranvk","2","1","3"
"Yuri_Ka","1","2","3"
"yury21s","1","2","3"
"Yuvoon1789","1","2","3"
"zaalpaturashvili","2","1","3"
"zachsgf999","1","2","3"
"Zahra270","2","1","3"
"zapocironte1290","1","2","3"
"Zhangmuyan","2","1","3"
"ZUPERNEST","2","1","3"
"A1011011100","1","1","2"
"A55504-H8","1","1","2"
"A70015861","1","1","2"
"aanikol","1","1","2"
"aaravgoyal2102","1","1","2"
"Aaru1314M","1","1","2"
"Aaryabhata1902","1","1","2"
"Aaryan_Bhandari","1","1","2"
"abdallahkhraisat","1","1","2"
"Abdallmahmoud","1","1","2"
"Abdelnasser99","1","1","2"
"abdelrahmanelnady","1","1","2"
"abdo_cavalier","1","1","2"
"Abdrahman-Sameh","1","1","2"
"AbhijitGupta","1","1","2"
"Abjb","1","1","2"
"absolute_beginner7","1","1","2"
"ABUALABED1980","1","1","2"
"abulfazlashtian1388","1","1","2"
"AccidentallyLazy","1","1","2"
"Account671","1","1","2"
"ack22","1","1","2"
"ACUARIO99","1","1","2"
"Adhavthakur","1","1","2"
"adilzhanamangeldy15","1","1","2"
"Adityarajkanthariya","1","1","2"
"advik_sharma","1","1","2"
"Afganigia","1","1","2"
"Afishinsea4","1","1","2"
"aFlyingSnail","1","1","2"
"Agmed500","1","1","2"
"agree000","1","1","2"
"AgusNewwinner01","1","1","2"
"AHAH90","1","1","2"
"ahmadbarak","1","1","2"
"ahmady87","1","1","2"
"ahman1","1","1","2"
"Ahmed3105","1","1","2"
"ahmet_tamer","1","1","2"
"AI-222","1","1","2"
"Aidar-K","1","1","2"
"Aieenghasempour2023","1","1","2"
"AJHaa","1","1","2"
"AKBARALIYEV1707","1","1","2"
"akhil_000","1","1","2"
"akiidik08","1","1","2"
"akramipp","1","1","2"
"Akshat89","1","1","2"
"akshaya001","1","1","2"
"akshi_gaya","1","1","2"
"alAInC63200","1","1","2"
"alaindekapoupe","1","1","2"
"AlanMustard","1","1","2"
"alaskalinuxuser","1","1","2"
"albatros51","1","1","2"
"AlbBoom","1","1","2"
"ale-rudenkov1976","1","1","2"
"alehstalker","1","1","2"
"alejgomez_CSA","1","1","2"
"alekhinezaalexander","1","1","2"
"Aleks_Liskov","1","1","2"
"Aleksan9r","1","1","2"
"Aleksvolk","1","1","2"
"Alenatolmacheva","1","1","2"
"Alepuller","1","1","2"
"alex-43","1","1","2"
"alex26s","1","1","2"
"AlexanderT77","1","1","2"
"Alexandr-20_23","1","1","2"
"alexarg2023","1","1","2"
"AlexGaul","1","1","2"
"Alexis11111","1","1","2"
"AlfaCentauro-1980","1","1","2"
"alfaharitz","1","1","2"
"AlfilDuro","1","1","2"
"Ali0cha","1","1","2"
"aliessemlalix","1","1","2"
"aligg4","1","1","2"
"alimom","1","1","2"
"allghilliedup","1","1","2"
"AlonaObuhowa","1","1","2"
"AlphaGolf2011","1","1","2"
"alpoghuz","1","1","2"
"Alsalt_1","1","1","2"
"alsray","1","1","2"
"Alternatywa12","1","1","2"
"alvizplays","1","1","2"
"ama06","1","1","2"
"AmanGhouri786","1","1","2"
"Amatik","1","1","2"
"Ambika123","1","1","2"
"Amir_122012","1","1","2"
"amir3ta","1","1","2"
"Amiraliyahyaabadi","1","1","2"
"AMIRRZA_KOR","1","1","2"
"AMN2141-9","1","1","2"
"amork","1","1","2"
"anandmunje","1","1","2"
"Anapa-chel","1","1","2"
"ANASKAROOB","1","1","2"
"anatolii734","1","1","2"
"Anayshinde-21","1","1","2"
"AND1992","1","1","2"
"Andi8880","1","1","2"
"Andreas0775","1","1","2"
"andreasHuat","1","1","2"
"Andrei1967","1","1","2"
"Andreus88","1","1","2"
"Andrewsson71","1","1","2"
"Andrey_87k","1","1","2"
"Andrey_knight","1","1","2"
"Andrey192837465","1","1","2"
"andrey19821010","1","1","2"
"AndreyRatnikov","1","1","2"
"AndriStahel","1","1","2"
"AndrySoa","1","1","2"
"AndyMissile","1","1","2"
"anesagu","1","1","2"
"Angel_Giron_16","1","1","2"
"anialipour1394","1","1","2"
"Anikej","1","1","2"
"AnLaf1960","1","1","2"
"annabelmideva","1","1","2"
"annabx","1","1","2"
"AnnikaM4","1","1","2"
"Anonim8799","1","1","2"
"Anoshee","1","1","2"
"AntiTiming","1","1","2"
"Antonion13","1","1","2"
"AntonioVMS","1","1","2"
"antonleitan","1","1","2"
"antonlt3","1","1","2"
"antonredes","1","1","2"
"Anurad","1","1","2"
"anvita_singh_123","1","1","2"
"apiri","1","1","2"
"apolo-16c","1","1","2"
"Appu2017","1","1","2"
"apsl1","1","1","2"
"APTEM_KILICHENKOV","1","1","2"
"Aragorn38","1","1","2"
"Arashfarajnezhad","1","1","2"
"Aregb1","1","1","2"
"Arezorazaghi","1","1","2"
"Argo0777","1","1","2"
"ArhaanmTiwari","1","1","2"
"aria_aroros","1","1","2"
"ArjunK_414","1","1","2"
"Arktur55","1","1","2"
"ARMENMANED","1","1","2"
"arnavk2013","1","1","2"
"ArnavSujay","1","1","2"
"ArnavWaikos108","1","1","2"
"ArnoBal","1","1","2"
"Arq_adrianrodriguez","1","1","2"
"arsen1115","1","1","2"
"arsen8000","1","1","2"
"Arsenal_3","1","1","2"
"Arsenij_Surov","1","1","2"
"arshiajamshidi","1","1","2"
"artem_vandar","1","1","2"
"Artem-T","1","1","2"
"ArtemZadorozhnyi","1","1","2"
"Artur21123","1","1","2"
"ArturPasheev","1","1","2"
"arullardipraja","1","1","2"
"Aryarad","1","1","2"
"Aslatyk","1","1","2"
"AsmiSingh","1","1","2"
"assa54321","1","1","2"
"Astre90","1","1","2"
"atapatt123","1","1","2"
"audiot","1","1","2"
"auguslopez","1","1","2"
"aure74","1","1","2"
"aurelien-alb","1","1","2"
"Aviman12","1","1","2"
"avincenthill","1","1","2"
"AVSid77","1","1","2"
"Avyukt-Verma","1","1","2"
"AWARD55555","1","1","2"
"AxelEmanuel_93-bj","1","1","2"
"Aylen19","1","1","2"
"aynura_xalilova","1","1","2"
"Ayush1972011","1","1","2"
"ayza22","1","1","2"
"ayziayzi","1","1","2"
"azailobo","1","1","2"
"azar_r_s","1","1","2"
"B0the","1","1","2"
"B4dBish0p","1","1","2"
"Babulay","1","1","2"
"badalad","1","1","2"
"BaghelS","1","1","2"
"Bagher_MN","1","1","2"
"bakhtiyarofficial","1","1","2"
"Balkrishangoel","1","1","2"
"Bam088","1","1","2"
"Baoooj2","1","1","2"
"Barbossa_7","1","1","2"
"BarrelHerrings","1","1","2"
"BatiDown","1","1","2"
"Batmanek","1","1","2"
"BaydakovMark","1","1","2"
"bazibua","1","1","2"
"Bazile1988","1","1","2"
"beautiful_mind8","1","1","2"
"BeaVillata","1","1","2"
"Bekatop1","1","1","2"
"belgiumbart","1","1","2"
"Ben428","1","1","2"
"Bendioxide","1","1","2"
"benemuenz2000","1","1","2"
"Benja1990","1","1","2"
"benjaminAlvarenga","1","1","2"
"Benonipuder","1","1","2"
"Bergdublone","1","1","2"
"bersekbrazuca","1","1","2"
"besundesh2012","1","1","2"
"betto021","1","1","2"
"BeyzaArslan13","1","1","2"
"Bibeta5","1","1","2"
"BigGravy52","1","1","2"
"biguncguapo","1","1","2"
"Biliyskli","1","1","2"
"BillSpy","1","1","2"
"BirbPawn","1","1","2"
"biril","1","1","2"
"birtekguney","1","1","2"
"Bismarck240","1","1","2"
"Bizuthpremier","1","1","2"
"bkmz4","1","1","2"
"blkpklkl","1","1","2"
"blrmike","1","1","2"
"Blue_Earth_2017","1","1","2"
"Boatman333","1","1","2"
"boddasrijayyamohan","1","1","2"
"boer2013","1","1","2"
"Bolle5","1","1","2"
"Bongclouding","1","1","2"
"book-mark","1","1","2"
"book00wl","1","1","2"
"BOOMBOOMMATE","1","1","2"
"borbaspassky","1","1","2"
"BordoneSilvio","1","1","2"
"BorinMichael","1","1","2"
"Boucan","1","1","2"
"brenda1989","1","1","2"
"brnrmbo","1","1","2"
"BrunoEnrique98","1","1","2"
"BrykV","1","1","2"
"Bssharma","1","1","2"
"BTBITW","1","1","2"
"Bubnjd","1","1","2"
"buchtech","1","1","2"
"Bud_Fuggins","1","1","2"
"bugar35","1","1","2"
"bugi1960","1","1","2"
"BugraArslan","1","1","2"
"bulegelek","1","1","2"
"bulut6161","1","1","2"
"bunny042016","1","1","2"
"buraklevent0","1","1","2"
"Buttzblaster","1","1","2"
"bychkov-2408","1","1","2"
"Byorn10","1","1","2"
"c0rv1s","1","1","2"
"C4LOliverH","1","1","2"
"CadenXu","1","1","2"
"CaioLeicam9","1","1","2"
"Camilinha-vio","1","1","2"
"CamiloV94","1","1","2"
"Cammack94","1","1","2"
"CandyyyyyyS","1","1","2"
"cansayz","1","1","2"
"cansinbest","1","1","2"
"Capolo","1","1","2"
"caracle","1","1","2"
"CarinaAnnaXX","1","1","2"
"carlo55","1","1","2"
"CarterScoccer","1","1","2"
"carvalhofra9","1","1","2"
"casual921","1","1","2"
"CatKingofCharleston","1","1","2"
"cba4090mukundan2","1","1","2"
"CClementF2","1","1","2"
"Ceippi","1","1","2"
"Cemal43","1","1","2"
"Cephuvi","1","1","2"
"cerment1122","1","1","2"
"CesarAlberto","1","1","2"
"Ch3ckmat371","1","1","2"
"Chaitan2212","1","1","2"
"Chalo16","1","1","2"
"ChampiondechesS","1","1","2"
"Checho1968","1","1","2"
"CheckmateDoctor","1","1","2"
"Cheeku_chd","1","1","2"
"cheginir","1","1","2"
"chescombro","1","1","2"
"Chess_4_life3","1","1","2"
"Chess-bliss","1","1","2"
"Chess54-6","1","1","2"
"chessachieverbc","1","1","2"
"CHESSADVENTURE16","1","1","2"
"ChessAlekhing98GB_A","1","1","2"
"chessapeek","1","1","2"
"chessiscool1234567","1","1","2"
"Chesska88","1","1","2"
"ChessKing_Artem","1","1","2"
"Chesspilate","1","1","2"
"chessplayersupreme","1","1","2"
"chessqat","1","1","2"
"Chev_1-Iv","1","1","2"
"chi312","1","1","2"
"Chozno","1","1","2"
"ChrepOwl","1","1","2"
"ChrisL02","1","1","2"
"christlikesam","1","1","2"
"Christophoros_Dr","1","1","2"
"ChrizFerx","1","1","2"
"Chumpik","1","1","2"
"cibl310505","1","1","2"
"cin_gnidi","1","1","2"
"Ciro7701","1","1","2"
"CKtheDarkPawn","1","1","2"
"claudio76","1","1","2"
"Clon_3-53x","1","1","2"
"clood66","1","1","2"
"Close_eyes2023","1","1","2"
"clownM1ke","1","1","2"
"CoeurDeMat","1","1","2"
"Coinduction","1","1","2"
"cokokrem1","1","1","2"
"comradofglory","1","1","2"
"Contrincante0","1","1","2"
"Coolman11","1","1","2"
"Cornix","1","1","2"
"cosmic_defense","1","1","2"
"Couceiro","1","1","2"
"Country_Boy","1","1","2"
"cowardmind","1","1","2"
"Cr1ln7","1","1","2"
"crazyboy_74","1","1","2"
"crbe","1","1","2"
"Creaturaa","1","1","2"
"crestfallenth","1","1","2"
"crocodile74","1","1","2"
"Cujo77","1","1","2"
"cuteboy_123","1","1","2"
"cyborganiclion","1","1","2"
"D98518","1","1","2"
"Daimiel","1","1","2"
"damir1234567","1","1","2"
"dani0705","1","1","2"
"Daniel_Song","1","1","2"
"daniel_zeman","1","1","2"
"danielgarechec","1","1","2"
"danielvaleria","1","1","2"
"Danil-Nesterov","1","1","2"
"DanilSergeevich","1","1","2"
"DanyilVoievodin","1","1","2"
"Darius1916","1","1","2"
"Darrviz01","1","1","2"
"DasCapaTal","1","1","2"
"DavitNY","1","1","2"
"DavydBobrov","1","1","2"
"DaytonaDemon","1","1","2"
"dbonilla","1","1","2"
"dbsheen","1","1","2"
"debilkin","1","1","2"
"DebzB","1","1","2"
"DedMorg","1","1","2"
"DeepMU","1","1","2"
"defensabelga4","1","1","2"
"dema2015","1","1","2"
"DeniskaPalin007","1","1","2"
"denper01","1","1","2"
"Deo316","1","1","2"
"destructor2011","1","1","2"
"Devan2017Jul","1","1","2"
"DevlinByrne","1","1","2"
"devsai_58","1","1","2"
"dfecik","1","1","2"
"Dhanbahadur","1","1","2"
"dhnya-kumar","1","1","2"
"Dhwanit1","1","1","2"
"Dicocarvalho","1","1","2"
"diecar2002","1","1","2"
"Dima_Drobenyuk","1","1","2"
"Dima_K_2017","1","1","2"
"Dima_Tmsk","1","1","2"
"Dimas692","1","1","2"
"Dimi1301","1","1","2"
"Dimitris_coat1234","1","1","2"
"DimpleKnotwise","1","1","2"
"dimyar72","1","1","2"
"dioscoro28","1","1","2"
"ditchi75","1","1","2"
"divergencetheorem","1","1","2"
"Divergent47","1","1","2"
"Diversant69","1","1","2"
"DivineMarquis","1","1","2"
"Divyam_2014","1","1","2"
"Djdikkat18","1","1","2"
"Dllo_49","1","1","2"
"dlsquiet","1","1","2"
"dm20231","1","1","2"
"DmitriiTsar","1","1","2"
"dmitriy1974","1","1","2"
"Dmitry_Kor48","1","1","2"
"Dmitry5Blokhin","1","1","2"
"Dmitryyy31","1","1","2"
"doggydreams188","1","1","2"
"DoktorHeadshot74","1","1","2"
"dolphin2023","1","1","2"
"doneduardo","1","1","2"
"Donkeyhoday","1","1","2"
"DonnyBerger","1","1","2"
"dontbedumbb","1","1","2"
"dot_Ash","1","1","2"
"Doug2Pr7s","1","1","2"
"dovenko","1","1","2"
"Dovletjan","1","1","2"
"dp1947","1","1","2"
"DR_BUDDYONLINE","1","1","2"
"drago_deluxe","1","1","2"
"DragonMaikel","1","1","2"
"Drakolichen2002","1","1","2"
"DrBogdan","1","1","2"
"drderek","1","1","2"
"DrDPBharathi","1","1","2"
"DrSchadenfreude","1","1","2"
"drwho1974","1","1","2"
"DUDA-ANA","1","1","2"
"Dude128","1","1","2"
"Dulmin_g","1","1","2"
"Dumbscum","1","1","2"
"DungaDunga","1","1","2"
"Duque_de_Iguataua","1","1","2"
"durzhiev","1","1","2"
"duynej","1","1","2"
"dwedare","1","1","2"
"DZD_Olorin","1","1","2"
"Dzegafriden","1","1","2"
"e4d6d4nf6nc3g6nf3bg7","1","1","2"
"East_Bunker","1","1","2"
"easterneagle10","1","1","2"
"eberflores1","1","1","2"
"EBQB1957","1","1","2"
"Echecs1964","1","1","2"
"Eckat0100","1","1","2"
"edmondparody","1","1","2"
"Efim_K","1","1","2"
"efnanzumra","1","1","2"
"egor_danilov_2010","1","1","2"
"Egor_Pl","1","1","2"
"Egor_Ra","1","1","2"
"EgorBR","1","1","2"
"eka-trex","1","1","2"
"Eketahuna","1","1","2"
"EL_Maranto","1","1","2"
"El-gringoo","1","1","2"
"ela_turhan","1","1","2"
"Elastok","1","1","2"
"Electronnnnnn","1","1","2"
"elhawy_1270","1","1","2"
"EliasTepeyacgdl","1","1","2"
"eliot_311","1","1","2"
"Elkin_Perez_CAQ","1","1","2"
"Ellyana","1","1","2"
"Elsahe2014","1","1","2"
"Elvisjesus","1","1","2"
"Emil_2023","1","1","2"
"emilioaeiou10","1","1","2"
"eminnaxchess","1","1","2"
"Emircankosum00","1","1","2"
"eneszzzz","1","1","2"
"enoTima","1","1","2"
"enrival","1","1","2"
"Entre2tours","1","1","2"
"enzino63","1","1","2"
"EpicCon","1","1","2"
"eplodes","1","1","2"
"erfantkerfan","1","1","2"
"Eric595","1","1","2"
"Erich_Lechner","1","1","2"
"ermetevalisi","1","1","2"
"ermiskaroli","1","1","2"
"erxhansabedini","1","1","2"
"esperanza140543","1","1","2"
"Estebsjsjs","1","1","2"
"Ethan1005","1","1","2"
"Ethane_Hunt","1","1","2"
"eucan","1","1","2"
"Evgeny_Nov","1","1","2"
"evol_exp","1","1","2"
"EwgenyOsin","1","1","2"
"f2010","1","1","2"
"Fabianonoob","1","1","2"
"faisal_ali19","1","1","2"
"Faisalpatehi","1","1","2"
"faneca","1","1","2"
"fantasee","1","1","2"
"Fanzaviybarievich","1","1","2"
"farhadghasemalizadeh","1","1","2"
"Fari1967","1","1","2"
"fariba3652","1","1","2"
"faroog","1","1","2"
"FASADINGSTCUAND","1","1","2"
"fatcatsat","1","1","2"
"FedePascua","1","1","2"
"Fedor_Girinovich","1","1","2"
"fend_326","1","1","2"
"FiddleHed","1","1","2"
"fide_arbitr","1","1","2"
"Filipe_Chess","1","1","2"
"Find_the_value_of_X","1","1","2"
"Fireclair","1","1","2"
"First_Eleven","1","1","2"
"FischersFolly","1","1","2"
"Fisher0009","1","1","2"
"fjhr","1","1","2"
"Flash_Hydra","1","1","2"
"Floerkeli","1","1","2"
"FlokiTheCat","1","1","2"
"flordocarmelo","1","1","2"
"Flowee512","1","1","2"
"fogie123","1","1","2"
"fookuanhung","1","1","2"
"forwardes","1","1","2"
"FosssteR","1","1","2"
"foxnet","1","1","2"
"franck64","1","1","2"
"francoindonesien","1","1","2"
"frankfurt_airport","1","1","2"
"frankzcc","1","1","2"
"FransAke","1","1","2"
"FranzMo","1","1","2"
"free_dom_91","1","1","2"
"freire12","1","1","2"
"Frenchy","1","1","2"
"Frenkus","1","1","2"
"Friches","1","1","2"
"froshyFrosch","1","1","2"
"fsac","1","1","2"
"fuMomizi","1","1","2"
"futuremasterko","1","1","2"
"fxdron","1","1","2"
"Fy_Ro","1","1","2"
"fyrrell","1","1","2"
"G_MTang5196","1","1","2"
"G_sores","1","1","2"
"g1ul1an","1","1","2"
"Gabifdez1975","1","1","2"
"Gabriel_Young","1","1","2"
"gacem30","1","1","2"
"Gamer_Com","1","1","2"
"ganeshdileepccs","1","1","2"
"gani1986","1","1","2"
"Ganymede_Sirius","1","1","2"
"garcia_13adrian","1","1","2"
"gasvet","1","1","2"
"gaufoj10","1","1","2"
"Gaurav_Chellani","1","1","2"
"Gavar4","1","1","2"
"gcbut","1","1","2"
"GendelfWhite","1","1","2"
"GenghisKhron","1","1","2"
"GENIUS_26","1","1","2"
"GeraAttila","1","1","2"
"Geremyas","1","1","2"
"GERRY004","1","1","2"
"gespe7","1","1","2"
"gh96","1","1","2"
"Ghost_slap","1","1","2"
"GiantVacuum","1","1","2"
"gimelnus","1","1","2"
"gimprich","1","1","2"
"Ginger75","1","1","2"
"girish761984","1","1","2"
"Gizma1984","1","1","2"
"gladiator78","1","1","2"
"Glaskugel","1","1","2"
"Gleba59","1","1","2"
"GlebLukerin","1","1","2"
"goldenfox1961","1","1","2"
"Gonzalez-Oscar-E","1","1","2"
"Gorbenko2015","1","1","2"
"GORLI","1","1","2"
"Gosha_Kofanov2","1","1","2"
"gr33nxd","1","1","2"
"gradevalbacen","1","1","2"
"grandgeraud","1","1","2"
"Greece1995","1","1","2"
"Greekman_1972","1","1","2"
"Grigorcha_Evgenii","1","1","2"
"gringo972","1","1","2"
"Grisch49","1","1","2"
"GrMack21006","1","1","2"
"Grossgrig39","1","1","2"
"grushakitayskaya","1","1","2"
"GrzegHCMC","1","1","2"
"guayma","1","1","2"
"GucciTeniies","1","1","2"
"GuilhermeMontejane","1","1","2"
"Gulmira08","1","1","2"
"GuruVinayak","1","1","2"
"gusev_maxim","1","1","2"
"Gutand","1","1","2"
"gzleomr","1","1","2"
"h3y_itz_jay","1","1","2"
"h98675423","1","1","2"
"Hadi96Az","1","1","2"
"Haidardz","1","1","2"
"Haikoov_Lowu","1","1","2"
"Hakan_C","1","1","2"
"halisonjl","1","1","2"
"hamadaelboliny","1","1","2"
"haman1394","1","1","2"
"hamedar","1","1","2"
"hamid_n_64","1","1","2"
"Hammer_ff","1","1","2"
"HankKnight","1","1","2"
"Hasan44x44","1","1","2"
"HassanVerazain","1","1","2"
"HAYKg","1","1","2"
"hayrettinreiz","1","1","2"
"headri","1","1","2"
"Heidemann_Detlef","1","1","2"
"HekkeHijs","1","1","2"
"HellBlazer265","1","1","2"
"helloakgupta738","1","1","2"
"heriin","1","1","2"
"hesamshahi2019","1","1","2"
"HessamHaghverdi","1","1","2"
"HighSpin","1","1","2"
"HiKmEtCaN_Bysl","1","1","2"
"hiltrudihmer","1","1","2"
"HimiK13","1","1","2"
"hky12","1","1","2"
"Ho3inValipour","1","1","2"
"hodjon","1","1","2"
"hoimartin","1","1","2"
"HonkerTonker","1","1","2"
"Hoorad94","1","1","2"
"hootan13","1","1","2"
"Hoptank","1","1","2"
"HORCHATA_ZAPAT0","1","1","2"
"HorstDoell","1","1","2"
"hoviedo45","1","1","2"
"hp-anbaonhan20232024","1","1","2"
"hp19","1","1","2"
"hredgy","1","1","2"
"Huggybear76","1","1","2"
"Husinbay","1","1","2"
"hussam7777","1","1","2"
"hwasnock123","1","1","2"
"hychen","1","1","2"
"HyperpoweredMongoose","1","1","2"
"hystrion","1","1","2"
"hyueg2t2j7","1","1","2"
"i_sedundnes","1","1","2"
"Iannilli","1","1","2"
"iatej","1","1","2"
"iCe_eNerGyTeaM","1","1","2"
"ida34","1","1","2"
"Ignacymac2017","1","1","2"
"Igor1999000","1","1","2"
"igorandr","1","1","2"
"IGORlCHES","1","1","2"
"igorSYURTUKOV3","1","1","2"
"Iikka93999","1","1","2"
"IJ045","1","1","2"
"Ikigairos","1","1","2"
"ikiru52","1","1","2"
"Ikrima0001","1","1","2"
"ilham_xyz","1","1","2"
"Ilhanparveen","1","1","2"
"ilia_var","1","1","2"
"Ilshat84","1","1","2"
"IlyaSun","1","1","2"
"imagination-ybs","1","1","2"
"imbored991","1","1","2"
"immemory","1","1","2"
"Inar15","1","1","2"
"IonLnc","1","1","2"
"Irelvira","1","1","2"
"Isaacknight","1","1","2"
"isabri10","1","1","2"
"isagui10","1","1","2"
"Ish777","1","1","2"
"Isha2","1","1","2"
"ishaan_2016","1","1","2"
"isidroav","1","1","2"
"isimies","1","1","2"
"iskendercebeci","1","1","2"
"ismarylaloca","1","1","2"
"Ispanec3","1","1","2"
"IsraCata","1","1","2"
"Itaachi-uchiha","1","1","2"
"itayelbazzz","1","1","2"
"Itsmani","1","1","2"
"itstheeggman","1","1","2"
"iuday","1","1","2"
"IVA01","1","1","2"
"Ivan_que_vive","1","1","2"
"Ivan-1979_41","1","1","2"
"ivan1989new","1","1","2"
"ivantrushenko","1","1","2"
"Ivashov_Dmitrij","1","1","2"
"Izuublindfold","1","1","2"
"j_luthor","1","1","2"
"j240646","1","1","2"
"j2bpub","1","1","2"
"JackalPawn","1","1","2"
"jackiemoon_74","1","1","2"
"jagadeesh143","1","1","2"
"JaimePerez","1","1","2"
"Jamal-Malik","1","1","2"
"Jamespaull1993","1","1","2"
"Jamigo123","1","1","2"
"jan12345678Jan","1","1","2"
"janaker","1","1","2"
"JANEDEYAR123","1","1","2"
"Jankielo","1","1","2"
"japonxino","1","1","2"
"Jax_Tin","1","1","2"
"jay_gee","1","1","2"
"jaydenren","1","1","2"
"jbblitz777","1","1","2"
"JBSchess","1","1","2"
"jcKej","1","1","2"
"JDrocken","1","1","2"
"Jeka86","1","1","2"
"jembaxjemba","1","1","2"
"Jendosik777","1","1","2"
"Jenicek11","1","1","2"
"jenslehr","1","1","2"
"jerryduan","1","1","2"
"Jersonpf","1","1","2"
"Jesith","1","1","2"
"JewelTime","1","1","2"
"jgbozzini","1","1","2"
"Jim8351","1","1","2"
"Jlainez8a","1","1","2"
"JleoparO","1","1","2"
"JMS1","1","1","2"
"JNikita","1","1","2"
"joc4141","1","1","2"
"jodef59","1","1","2"
"Joefersoness","1","1","2"
"Joganes","1","1","2"
"johannes_wurm","1","1","2"
"John_Harris2011","1","1","2"
"jokeyb","1","1","2"
"JonathanLeBOSS","1","1","2"
"JonSnow1027","1","1","2"
"joren0100","1","1","2"
"jorji79","1","1","2"
"JoseP-10_Valda","1","1","2"
"JosepManel","1","1","2"
"Josip_buje","1","1","2"
"Josyvis","1","1","2"
"Jpecson903","1","1","2"
"jpradcliffe","1","1","2"
"JsinOnim","1","1","2"
"JSTFam","1","1","2"
"juan_araque","1","1","2"
"Juanbernardino","1","1","2"
"juanjo1946","1","1","2"
"juanpij","1","1","2"
"juanxopo","1","1","2"
"JudeAleg","1","1","2"
"judziz","1","1","2"
"Juergengg","1","1","2"
"juliajluo","1","1","2"
"Julianschach123","1","1","2"
"julinemarie","1","1","2"
"JUNGOG","1","1","2"
"JustJorge","1","1","2"
"justsomeegg","1","1","2"
"k-yurtseven","1","1","2"
"k0rs","1","1","2"
"K22011992","1","1","2"
"kabooki","1","1","2"
"kacici","1","1","2"
"Kalladan","1","1","2"
"kambiz-hesami","1","1","2"
"KAMiNO_3","1","1","2"
"Kanisha14","1","1","2"
"kardomo","1","1","2"
"Karen1958","1","1","2"
"karim1232","1","1","2"
"Karina1994","1","1","2"
"Karine_chess2010","1","1","2"
"karlsou","1","1","2"
"kasra_963","1","1","2"
"kasra_chess1394","1","1","2"
"KasumaOne","1","1","2"
"kaykay0","1","1","2"
"Kazukunn","1","1","2"
"KDMFan","1","1","2"
"Keertidps21","1","1","2"
"Keith-R-Bloodworth","1","1","2"
"kelvinboog","1","1","2"
"kessskinli","1","1","2"
"KGT1970","1","1","2"
"khayri","1","1","2"
"Kiarashiran","1","1","2"
"Kijikui","1","1","2"
"kilav2006","1","1","2"
"KILLERBEEEEEEZ","1","1","2"
"kilwater","1","1","2"
"KIMBA56","1","1","2"
"kimchungnogou","1","1","2"
"KindMax","1","1","2"
"kingdomofmuasal11","1","1","2"
"KingElisabeth","1","1","2"
"kinghead","1","1","2"
"Kingkraken20","1","1","2"
"Kir75463","1","1","2"
"Kira20000","1","1","2"
"Kirill_Mikhailov2015","1","1","2"
"kirill08092012","1","1","2"
"KirillUm","1","1","2"
"kiruri","1","1","2"
"kitanovic","1","1","2"
"Kitavviv","1","1","2"
"Kladbm","1","1","2"
"Klangspiel","1","1","2"
"Klaudio924","1","1","2"
"Klaus_B","1","1","2"
"KLevent","1","1","2"
"KN-Piro","1","1","2"
"knightkeeper526","1","1","2"
"KnightKing256","1","1","2"
"KnightOwlEye","1","1","2"
"knighttymeq","1","1","2"
"Knt45518","1","1","2"
"kochetkov-vladislav","1","1","2"
"KoelnerColumbo","1","1","2"
"kohlvar","1","1","2"
"KolaynM","1","1","2"
"kolesnyk131013","1","1","2"
"Koll1333","1","1","2"
"Kolmachhowmuch","1","1","2"
"Korchevskaya_Anna_1a","1","1","2"
"korosh_88","1","1","2"
"koshivarddh","1","1","2"
"kot12","1","1","2"
"kot1ka","1","1","2"
"kouroshqft","1","1","2"
"KrausRaus","1","1","2"
"krish_bansal","1","1","2"
"Krishnakpoduval","1","1","2"
"Kristal","1","1","2"
"krivos","1","1","2"
"kroky32","1","1","2"
"Krzysiek78","1","1","2"
"kskannanqatar","1","1","2"
"kubeit","1","1","2"
"kuffi17","1","1","2"
"kunumishra","1","1","2"
"Kushan_007","1","1","2"
"KVaint","1","1","2"
"KZseven","1","1","2"
"la2lan","1","1","2"
"LaganDivit","1","1","2"
"Lakhanslchess113","1","1","2"
"lakkib","1","1","2"
"laloajez","1","1","2"
"LankyLuke","1","1","2"
"lapin_16","1","1","2"
"lastperson","1","1","2"
"laurent92","1","1","2"
"laxshenchida","1","1","2"
"LazarusMann","1","1","2"
"LCNBios","1","1","2"
"LEBASIA","1","1","2"
"LEENOONA","1","1","2"
"legendar1","1","1","2"
"lejardiniervert","1","1","2"
"Lemmyy","1","1","2"
"lemonscanfly","1","1","2"
"LentulBatiat","1","1","2"
"Leo666Leo","1","1","2"
"leocapo","1","1","2"
"Leointer","1","1","2"
"LEONARDO18Yyyy","1","1","2"
"LeonidStein69","1","1","2"
"LeonidVorobev","1","1","2"
"Leopold75","1","1","2"
"Lergoken","1","1","2"
"Lermontov0","1","1","2"
"leszek25777","1","1","2"
"letzsee","1","1","2"
"Lev41211","1","1","2"
"light-of-lights","1","1","2"
"lin_dima79","1","1","2"
"literaturafantasma","1","1","2"
"Lithumchanudika","1","1","2"
"liupai","1","1","2"
"liustoo","1","1","2"
"llaaperi","1","1","2"
"loafy_sophie","1","1","2"
"LolaMonik","1","1","2"
"lolikhipster","1","1","2"
"lollolollo","1","1","2"
"Loloba","1","1","2"
"LoMaSa","1","1","2"
"looserio","1","1","2"
"Lord_Severus","1","1","2"
"lorenzolorenzo2","1","1","2"
"losingplayer","1","1","2"
"Lostunderheaven","1","1","2"
"low-blow","1","1","2"
"Lozik_Penchak","1","1","2"
"luanasousacruz","1","1","2"
"LubaUvakina","1","1","2"
"lubitel59","1","1","2"
"Luc-123","1","1","2"
"lucdn20","1","1","2"
"lucero21","1","1","2"
"Luchessisgood","1","1","2"
"Ludwik2020","1","1","2"
"Luizfoca","1","1","2"
"LukeOnYork","1","1","2"
"lurkybaby","1","1","2"
"LusorScaccorum","1","1","2"
"LUZBELITO22","1","1","2"
"lVntoZdMr1905","1","1","2"
"LymOPian","1","1","2"
"lynx16","1","1","2"
"LysaMarya","1","1","2"
"M_Windu","1","1","2"
"M-Moroz","1","1","2"
"MacazOne","1","1","2"
"machiavelli-reborn","1","1","2"
"MadhavRahul","1","1","2"
"Madiyar_Almaz","1","1","2"
"Maessy","1","1","2"
"MAFF45","1","1","2"
"MagnusMerdaci","1","1","2"
"magvalaron","1","1","2"
"Maitreymane2013","1","1","2"
"Majhoool","1","1","2"
"Majnovia1917","1","1","2"
"Maksim_D_T","1","1","2"
"Malab","1","1","2"
"Maldoror17","1","1","2"
"Malvina1909","1","1","2"
"Mamad60","1","1","2"
"mamaofive","1","1","2"
"Manasvirathi1","1","1","2"
"Mandzuk_Varvara2014","1","1","2"
"Mangaritto","1","1","2"
"Mantis_7x","1","1","2"
"Manuel-Anturi-CAQ","1","1","2"
"MarceloNaves","1","1","2"
"marcoderrik200","1","1","2"
"Margherina","1","1","2"
"MariaBannikova","1","1","2"
"Marin_Nazar","1","1","2"
"Marina1954","1","1","2"
"MARININN","1","1","2"
"Marinus61","1","1","2"
"MarioMG2012","1","1","2"
"Mark_Anthony_Palay24","1","1","2"
"markar2000","1","1","2"
"MarkoBasso","1","1","2"
"markohadzic","1","1","2"
"MarkT72","1","1","2"
"maroof7862","1","1","2"
"mart4","1","1","2"
"Martin-Luthers-King","1","1","2"
"Marziehmagh","1","1","2"
"Mastaki","1","1","2"
"masterofblunders420","1","1","2"
"MatemyDayy","1","1","2"
"MateogTepeyacgdl","1","1","2"
"matheusdmgomes1","1","1","2"
"matmoi","1","1","2"
"Matt_BB","1","1","2"
"Mattias1979","1","1","2"
"Matvey78","1","1","2"
"MatveyKosolapov","1","1","2"
"matvii-f-08","1","1","2"
"Matviy2009","1","1","2"
"matz3jnich-Ti01","1","1","2"
"Maulik_AT","1","1","2"
"Maurizio1953","1","1","2"
"Max_1000","1","1","2"
"Max_Nagariya","1","1","2"
"Max_Rudnitsky","1","1","2"
"Maxi_n","1","1","2"
"Maxim142","1","1","2"
"maximus357","1","1","2"
"maxjlbv","1","1","2"
"Mayowa","1","1","2"
"Mazurenko1989","1","1","2"
"mbappe1228","1","1","2"
"Mbc1959","1","1","2"
"MCH2023","1","1","2"
"McMabaso","1","1","2"
"MCRB-77","1","1","2"
"McScrodski","1","1","2"
"MD_IaTraktor_SOSIlox","1","1","2"
"Me1706","1","1","2"
"meanunworthy","1","1","2"
"MegaMaster2022","1","1","2"
"Mehdi_Se","1","1","2"
"Mehram","1","1","2"
"MeisterPaul","1","1","2"
"mejillon77","1","1","2"
"Melbass","1","1","2"
"mentos666","1","1","2"
"MerkulovKost","1","1","2"
"mesutmelek","1","1","2"
"Mez-Red","1","1","2"
"mfilatov99","1","1","2"
"mg_9696","1","1","2"
"mg774","1","1","2"
"MGEAV5","1","1","2"
"mghadami","1","1","2"
"MiasLombard","1","1","2"
"Miauw123","1","1","2"
"micha_victorio_PE2","1","1","2"
"michael_murray1","1","1","2"
"Michail1985","1","1","2"
"midamadeajedrez","1","1","2"
"miftahudzaky","1","1","2"
"Mihail_Chebotar","1","1","2"
"Mihail69","1","1","2"
"mijor","1","1","2"
"Mikrobi30","1","1","2"
"Milansharaf","1","1","2"
"Milithor","1","1","2"
"MILosblouDEKpanec","1","1","2"
"MinguezRojo","1","1","2"
"minivan_hasanovich","1","1","2"
"Minotauro94","1","1","2"
"minus2211","1","1","2"
"mirailuv","1","1","2"
"MironLehanov","1","1","2"
"mirrorbot","1","1","2"
"Misha_Gl","1","1","2"
"Misha_M_A","1","1","2"
"MISSSARU","1","1","2"
"misssilent74","1","1","2"
"misterdenso","1","1","2"
"misterMissics","1","1","2"
"MK-H","1","1","2"
"mk4003","1","1","2"
"mmarinn","1","1","2"
"Mohamad_saremiii","1","1","2"
"mohamedelmesery","1","1","2"
"MohamedNasreldin","1","1","2"
"Mohammad-mahdi95","1","1","2"
"Mohammd1388","1","1","2"
"Mohnsemmel","1","1","2"
"Mohsen0095","1","1","2"
"mohsen1985iran","1","1","2"
"mohsenmonzavi","1","1","2"
"MojsterAndrii","1","1","2"
"Mongol-Kido","1","1","2"
"monki0301","1","1","2"
"Montebre","1","1","2"
"moosa_kaleem","1","1","2"
"MorrisB","1","1","2"
"Mortadeloyfilemon","1","1","2"
"mOs9","1","1","2"
"MosyLWZ","1","1","2"
"Motya777","1","1","2"
"MovingMammoth","1","1","2"
"MozZart8","1","1","2"
"MP_theorema","1","1","2"
"Mr_Condom","1","1","2"
"MrBad007","1","1","2"
"MrElhani_08","1","1","2"
"mrrafael","1","1","2"
"mrsfyan07","1","1","2"
"MuhammadHus","1","1","2"
"muiark123","1","1","2"
"muki00","1","1","2"
"Munkhod_uulen2015","1","1","2"
"muratgn","1","1","2"
"MurrayTheCod","1","1","2"
"Murthy2011","1","1","2"
"mustakimali","1","1","2"
"mv8e","1","1","2"
"mwandiladavid1978","1","1","2"
"mxgri","1","1","2"
"MyNameIsDennis","1","1","2"
"MyriamCanta","1","1","2"
"Myrryman","1","1","2"
"mytam4","1","1","2"
"Mzwess","1","1","2"
"n_e_g_r","1","1","2"
"N0seQponer","1","1","2"
"nadashiha","1","1","2"
"nadfkgv111","1","1","2"
"Nahato_kim","1","1","2"
"Napets7_7","1","1","2"
"Narcisse29","1","1","2"
"nargiz6789","1","1","2"
"narutodabest","1","1","2"
"Nassim_Rais","1","1","2"
"Natalia5559","1","1","2"
"natheer1956","1","1","2"
"nbkoala","1","1","2"
"NDIVANSH","1","1","2"
"Nebulus1974","1","1","2"
"necmettinew","1","1","2"
"NeerajNidheesh6718","1","1","2"
"nefikozehra1234","1","1","2"
"nekoy","1","1","2"
"NeonBelli","1","1","2"
"NePoet00","1","1","2"
"nestor54","1","1","2"
"NetaD","1","1","2"
"nextwhat","1","1","2"
"nggacor","1","1","2"
"Nickrna","1","1","2"
"nicola62","1","1","2"
"Nicolas_201","1","1","2"
"nikabram","1","1","2"
"nikanmotamedi","1","1","2"
"NikhilDAmritanand951","1","1","2"
"niki74","1","1","2"
"Nikita_mednikov","1","1","2"
"Nikita2014champion","1","1","2"
"NikitaSkrebtsov","1","1","2"
"NikKristina","1","1","2"
"nikolaigosman","1","1","2"
"Nikolay_Vasilyevich","1","1","2"
"nikron55","1","1","2"
"Nikto48","1","1","2"
"niranjangirish133","1","1","2"
"nirim91","1","1","2"
"nithin_akash","1","1","2"
"Nitrogue","1","1","2"
"nmb3997","1","1","2"
"nniracle","1","1","2"
"NNN_Zhan","1","1","2"
"No-mole-left2","1","1","2"
"NoPlanC","1","1","2"
"norab","1","1","2"
"NotKer_1968","1","1","2"
"NOZR69","1","1","2"
"Nura11aa","1","1","2"
"nurseit","1","1","2"
"Nurymbek","1","1","2"
"NVBG","1","1","2"
"obiviousbait","1","1","2"
"odracsoM","1","1","2"
"OguzTemizkan","1","1","2"
"Ohivoh","1","1","2"
"OjaiJoao","1","1","2"
"Okkabi09","1","1","2"
"Okolongo","1","1","2"
"oldnie","1","1","2"
"OleGusev","1","1","2"
"Olghe","1","1","2"
"Oliver-Tran","1","1","2"
"Ololoshki","1","1","2"
"omak49","1","1","2"
"omriuzrad","1","1","2"
"onequietgamer","1","1","2"
"Onilbog","1","1","2"
"OnJoueAuxEchecs","1","1","2"
"opener110","1","1","2"
"OperNagibator","1","1","2"
"Orangery","1","1","2"
"Orazmyrat","1","1","2"
"OrelVlad","1","1","2"
"oriac","1","1","2"
"oscarzel64","1","1","2"
"oteEMe","1","1","2"
"ottenokstenok","1","1","2"
"ottoheppel","1","1","2"
"Ouallam","1","1","2"
"oygy","1","1","2"
"Oyunbold0213","1","1","2"
"P19022004praveen2004","1","1","2"
"P7V7N","1","1","2"
"paatt17","1","1","2"
"Pacosinho","1","1","2"
"pamantung","1","1","2"
"pandaacolori","1","1","2"
"panditkautilya","1","1","2"
"panZxtra","1","1","2"
"PapaLetoS","1","1","2"
"paprytschek","1","1","2"
"papu_fer_STJ","1","1","2"
"parisa_zangeneh","1","1","2"
"ParithiNarayan","1","1","2"
"parloant000","1","1","2"
"Parsaakbari1388","1","1","2"
"parsamjyothi","1","1","2"
"pashapskov","1","1","2"
"Patchess52","1","1","2"
"Patitofacheto","1","1","2"
"patnuri1","1","1","2"
"Patrenv","1","1","2"
"Patrick1993","1","1","2"
"Patzerking2","1","1","2"
"paulezza","1","1","2"
"Pauspapier","1","1","2"
"pavaobjazevic","1","1","2"
"pavel_naumov","1","1","2"
"pavelahmed","1","1","2"
"Pavelnik","1","1","2"
"pboyd","1","1","2"
"pedrogusoria","1","1","2"
"Pelt","1","1","2"
"Pen1234","1","1","2"
"pensionerka","1","1","2"
"penvins","1","1","2"
"perangedwin1986","1","1","2"
"Peter1375","1","1","2"
"Petermatt68","1","1","2"
"PeterS1958","1","1","2"
"Petr_Levchenko","1","1","2"
"PetrasU","1","1","2"
"petricaodorhean","1","1","2"
"Petrovich66","1","1","2"
"pgorke","1","1","2"
"PGrad_27","1","1","2"
"phammaichi","1","1","2"
"phannhannghia","1","1","2"
"phil0lucas","1","1","2"
"Philidorable","1","1","2"
"PhiliS00","1","1","2"
"philssh11","1","1","2"
"PhilWatkinson","1","1","2"
"Pierre-AntoineP","1","1","2"
"PierreKassar","1","1","2"
"Pinkfiddler","1","1","2"
"Pirooz1402","1","1","2"
"plaisirauxmyrtille","1","1","2"
"PlatonZolotuhin","1","1","2"
"plotinos01","1","1","2"
"pm03664","1","1","2"
"podt","1","1","2"
"polinushk_ka7890","1","1","2"
"polyrizhus","1","1","2"
"pooroldaussie","1","1","2"
"PoP19","1","1","2"
"Poput4ik","1","1","2"
"poseydon015","1","1","2"
"prakash_2020","1","1","2"
"Pralbi","1","1","2"
"pranayraifalwar","1","1","2"
"Pranitchess","1","1","2"
"prarthana12345","1","1","2"
"Prasanna1985","1","1","2"
"primas1","1","1","2"
"priyansh671","1","1","2"
"Prof_bean","1","1","2"
"promotime","1","1","2"
"PshenisnovGordey","1","1","2"
"Psychochrizz","1","1","2"
"purnwui","1","1","2"
"PVPnotPC","1","1","2"
"pyng","1","1","2"
"pyoro","1","1","2"
"Qe_xy","1","1","2"
"Qianhe66","1","1","2"
"qro12-milton","1","1","2"
"Queen_true","1","1","2"
"Queenmatters","1","1","2"
"quiquevas","1","1","2"
"quispe17","1","1","2"
"qwuxsc","1","1","2"
"QXK_2DAY","1","1","2"
"r-dekeukelaere","1","1","2"
"R03L4N8","1","1","2"
"R4ifu","1","1","2"
"Rabbit_W_Giant_Teeth","1","1","2"
"radhi-muzammil","1","1","2"
"Radmehrmahmoudi1980","1","1","2"
"Radrook","1","1","2"
"Raf70","1","1","2"
"rafaeldelta","1","1","2"
"raghdan1-17","1","1","2"
"RaiZ-1","1","1","2"
"RalfZickler","1","1","2"
"Ralphassuncao","1","1","2"
"RamanBihari108","1","1","2"
"Ramo0n","1","1","2"
"Ramphoma","1","1","2"
"Ramsaranrs","1","1","2"
"Ran_0811","1","1","2"
"Rana_ka_ghoda","1","1","2"
"ranasuvo","1","1","2"
"random_chan","1","1","2"
"RandomResponse","1","1","2"
"RankinKameron7","1","1","2"
"rapidkrali","1","1","2"
"RashaH20000","1","1","2"
"Rbb3k","1","1","2"
"redaahmad","1","1","2"
"RedNinjaPanda","1","1","2"
"REDONDA","1","1","2"
"reflexion-777","1","1","2"
"REGIBAY","1","1","2"
"reindeer1042","1","1","2"
"RenatoAlcantara","1","1","2"
"Rene555","1","1","2"
"Renzo89","1","1","2"
"Retseli","1","1","2"
"ReyEzequiel2016","1","1","2"
"Reza_shariati","1","1","2"
"Rheinhesse","1","1","2"
"rhettemons2005","1","1","2"
"Riaankate","1","1","2"
"rianbet","1","1","2"
"Ric_Elpana123","1","1","2"
"RicardoALM","1","1","2"
"Richard-0palka","1","1","2"
"ricma2011","1","1","2"
"rijiy","1","1","2"
"Rinat-N","1","1","2"
"Riotheflash","1","1","2"
"Risnes","1","1","2"
"RiyadhTowhid","1","1","2"
"rjccjn","1","1","2"
"rjphansalkar","1","1","2"
"Rob013","1","1","2"
"robbboooo1","1","1","2"
"Robertaccio56","1","1","2"
"Robertto23","1","1","2"
"Robot_j","1","1","2"
"Robotelias","1","1","2"
"robtsr","1","1","2"
"Rodeo020666","1","1","2"
"RodionovRodion","1","1","2"
"Rodolfo_1987","1","1","2"
"rogelio_orozco19","1","1","2"
"RohitBhagat","1","1","2"
"Rolf-1942","1","1","2"
"Roman_1605","1","1","2"
"RomanVichuzhanin","1","1","2"
"RommelNeutaly","1","1","2"
"ronaldallanLA","1","1","2"
"RoninKing","1","1","2"
"roodoo","1","1","2"
"Rooka26","1","1","2"
"Roosh20","1","1","2"
"roqueetmat","1","1","2"
"ROSE_Donald","1","1","2"
"Rossye","1","1","2"
"ROUSSEL-1951","1","1","2"
"roy54x","1","1","2"
"royalexander","1","1","2"
"ROYCHOWDHURYNEEL001","1","1","2"
"rprams","1","1","2"
"rs20212022","1","1","2"
"rsuin","1","1","2"
"rtsfehg","1","1","2"
"ruaa","1","1","2"
"RubenAslanyanPRO16","1","1","2"
"Rudolf29","1","1","2"
"RudravirChess","1","1","2"
"Rustem47","1","1","2"
"RustRam81","1","1","2"
"RUSTUS87","1","1","2"
"RUZAN2002","1","1","2"
"ryanrobinson33","1","1","2"
"RyanShah0805","1","1","2"
"RYSTAMFEDOROV","1","1","2"
"RyszardR","1","1","2"
"s-akbari_akbari1236","1","1","2"
"Sabaxoxat9","1","1","2"
"SackswithaQueen","1","1","2"
"Sadalinimesha","1","1","2"
"sadasiuchiha","1","1","2"
"sadra100","1","1","2"
"safayimm","1","1","2"
"saidineshk","1","1","2"
"saina_9000","1","1","2"
"Salman-farsi","1","1","2"
"SAMANVITHMOUDHGALYA","1","1","2"
"Samchesstion","1","1","2"
"samil-babek","1","1","2"
"SAMMELALBUM","1","1","2"
"Sammy_Goswami","1","1","2"
"Samprime14","1","1","2"
"samrat2sem","1","1","2"
"samuel_chess1","1","1","2"
"samuelsenerwa","1","1","2"
"samvin2220","1","1","2"
"samzyolu","1","1","2"
"Sandeep271","1","1","2"
"sanderke","1","1","2"
"sandhyabollam","1","1","2"
"sandorJK","1","1","2"
"sanekgsm","1","1","2"
"sargon-2ply","1","1","2"
"sargon07","1","1","2"
"sarmat095","1","1","2"
"SarthakPAT","1","1","2"
"sasa1111","1","1","2"
"Sashapupa","1","1","2"
"Sassiru","1","1","2"
"satanickarl","1","1","2"
"satin5","1","1","2"
"satrangbaz","1","1","2"
"Saty23","1","1","2"
"savgou","1","1","2"
"scarsomaciprovo","1","1","2"
"Schachkandidat","1","1","2"
"Schachla","1","1","2"
"SchokoJohnny","1","1","2"
"schorsch2","1","1","2"
"schpounzhi","1","1","2"
"Screen29","1","1","2"
"seanluong","1","1","2"
"SECB123","1","1","2"
"seegly1","1","1","2"
"sefa4141","1","1","2"
"Sektor777","1","1","2"
"selenski","1","1","2"
"SelimonRuslan","1","1","2"
"Semarg","1","1","2"
"Semy_1987","1","1","2"
"Seneca87","1","1","2"
"sepultura08","1","1","2"
"ser6-jik_6","1","1","2"
"Serajutdin","1","1","2"
"Sergey082020","1","1","2"
"sergioalejandropela","1","1","2"
"SergioPurrez","1","1","2"
"seyyedhossein_mor","1","1","2"
"Sezai123","1","1","2"
"ShaforostovDima228","1","1","2"
"shamil333","1","1","2"
"sharmin2808","1","1","2"
"Shash52","1","1","2"
"shawnism","1","1","2"
"shen091","1","1","2"
"sherm0","1","1","2"
"shianbrannon","1","1","2"
"shipakht","1","1","2"
"Shirasua","1","1","2"
"shisharma","1","1","2"
"shivaharitha","1","1","2"
"SHIVANANDHAN","1","1","2"
"shlokmesta2020","1","1","2"
"shoebedoo","1","1","2"
"shogiban","1","1","2"
"Shosha1962","1","1","2"
"Shree_-2011","1","1","2"
"shreyansh191114","1","1","2"
"shreyassonawane","1","1","2"
"Shub_Sharma94","1","1","2"
"shubhman","1","1","2"
"ShuklaAkshaj","1","1","2"
"Shunyboy","1","1","2"
"Sichinga","1","1","2"
"Sidhaartha","1","1","2"
"SiebeKnight","1","1","2"
"SilverTom","1","1","2"
"simonefilaci","1","1","2"
"simplywinthegame","1","1","2"
"sin007","1","1","2"
"Sinasouri93","1","1","2"
"sinatorabi","1","1","2"
"sitholejo","1","1","2"
"sithumbimsara2010","1","1","2"
"Siul1312","1","1","2"
"skibidit","1","1","2"
"skio957","1","1","2"
"Skogenrailway","1","1","2"
"skokelaskesho2007","1","1","2"
"Skywalker0603","1","1","2"
"SlavaisStava","1","1","2"
"SlavaKrukov2016","1","1","2"
"slowblackdog","1","1","2"
"SmallFishingVillage","1","1","2"
"Smart-Girl2213","1","1","2"
"smartninja","1","1","2"
"Smasa","1","1","2"
"Smirnov_Nik2014","1","1","2"
"smoking07","1","1","2"
"smyk66","1","1","2"
"Snami","1","1","2"
"snayderpedro","1","1","2"
"Snii","1","1","2"
"sniper71","1","1","2"
"Snowwolf42","1","1","2"
"soba5","1","1","2"
"sodhavishal68","1","1","2"
"solaimanjafarzadeh","1","1","2"
"solomaniac","1","1","2"
"sombreretelava2","1","1","2"
"songmaster1950","1","1","2"
"songulyucel","1","1","2"
"sooran91","1","1","2"
"Sora1937","1","1","2"
"Sosa78","1","1","2"
"SoyLinares","1","1","2"
"spaceman44","1","1","2"
"Spack01","1","1","2"
"SpartacoValiente","1","1","2"
"SpicyHotPizzaman01","1","1","2"
"Sporobulus","1","1","2"
"springJumper","1","1","2"
"sQuik420","1","1","2"
"Srinivasakurathi","1","1","2"
"SrishtiARG","1","1","2"
"SSanjiv2015","1","1","2"
"ssskr8","1","1","2"
"ssspenneti","1","1","2"
"Staff-2_BCA","1","1","2"
"stale22","1","1","2"
"stanislav1954","1","1","2"
"stanislawzielinski","1","1","2"
"stanley007","1","1","2"
"stauffre","1","1","2"
"Steinbron","1","1","2"
"Stelian2005","1","1","2"
"Stellusia007","1","1","2"
"StEpa_143","1","1","2"
"Stepa_Dmitrievich","1","1","2"
"StepDenis","1","1","2"
"stergio","1","1","2"
"Stiven_G","1","1","2"
"stormblazer","1","1","2"
"Strannik_24","1","1","2"
"StriverJM","1","1","2"
"strvghn","1","1","2"
"Stug2479","1","1","2"
"StupidChessRobot","1","1","2"
"Suha64","1","1","2"
"suhang1993","1","1","2"
"suhaspaladugu","1","1","2"
"Sultan160413","1","1","2"
"sumitsrana","1","1","2"
"sun-goku","1","1","2"
"Sun-Mi","1","1","2"
"SUPER_RIDERSL","1","1","2"
"superkawik","1","1","2"
"SUPERMEGAPODGOTOVKA","1","1","2"
"superprosy","1","1","2"
"SuperQuim","1","1","2"
"supersnab","1","1","2"
"SuprMathsNGE123","1","1","2"
"SvalovIlya","1","1","2"
"svetlika","1","1","2"
"SVN1212","1","1","2"
"SweetFA","1","1","2"
"Syqmax","1","1","2"
"syrovicaleksandrgma","1","1","2"
"szyszek05","1","1","2"
"t-i-m-u-r-111","1","1","2"
"tachozky","1","1","2"
"Tafresh-Tafresh","1","1","2"
"TagirXihnik","1","1","2"
"TahaHussain-S","1","1","2"
"Takuya_Yaragami","1","1","2"
"tamaRuslan","1","1","2"
"Tamasco","1","1","2"
"TananikaYonatan","1","1","2"
"Tarek-565","1","1","2"
"Tarrashisthebest","1","1","2"
"TasTiKooL","1","1","2"
"TeleRadio5","1","1","2"
"Temir1","1","1","2"
"tenfifty","1","1","2"
"TetsuoZanshin","1","1","2"
"Tevenac","1","1","2"
"thaer9","1","1","2"
"thanoskar","1","1","2"
"tharunarunkumar","1","1","2"
"the_puzzles","1","1","2"
"TheCOCOpe","1","1","2"
"TheFrost09","1","1","2"
"TheGodOfChess10","1","1","2"
"TheLabyrinthPawn","1","1","2"
"Thenurarasanjana","1","1","2"
"theo2013","1","1","2"
"theodorecalexico","1","1","2"
"TheodorEf","1","1","2"
"theotax","1","1","2"
"TiberiusT8_1","1","1","2"
"timburlane","1","1","2"
"TimeToWinWin","1","1","2"
"TimmyFan","1","1","2"
"Timofei-2015Dmitriev","1","1","2"
"TimonLimon","1","1","2"
"Timophysical","1","1","2"
"Timur_Yan","1","1","2"
"Tinax83","1","1","2"
"Tinile","1","1","2"
"Tiwaz2","1","1","2"
"tkmsd7","1","1","2"
"TobiVOB","1","1","2"
"Toggan","1","1","2"
"tomatoaji22","1","1","2"
"tomsamfreeman","1","1","2"
"Toncini","1","1","2"
"Tonydecruz","1","1","2"
"TorBognaGramotevici","1","1","2"
"Toritama5640","1","1","2"
"tossclaudin26","1","1","2"
"totofinho","1","1","2"
"trace_re","1","1","2"
"Trakais_Zirgs","1","1","2"
"Treator","1","1","2"
"TRIKER93","1","1","2"
"troy95","1","1","2"
"Truemasterme","1","1","2"
"TrungQuan3A1","1","1","2"
"tschaggatta","1","1","2"
"tupacschachuhr9262","1","1","2"
"turochamp-2ply","1","1","2"
"Tuskker","1","1","2"
"Tutuche","1","1","2"
"tzuioijhbvc","1","1","2"
"Ubermensch27","1","1","2"
"ubermieux","1","1","2"
"Ugartemendia","1","1","2"
"uiiyyy","1","1","2"
"ukrmvs","1","1","2"
"umutkocak","1","1","2"
"Universityplayer","1","1","2"
"UnwantedLogics","1","1","2"
"UppaPawn","1","1","2"
"Urassokenoglu","1","1","2"
"UrbanLegend94","1","1","2"
"V_Roman","1","1","2"
"Vaclav9632","1","1","2"
"Vadim1210","1","1","2"
"VainaviR","1","1","2"
"valivan","1","1","2"
"vampire_850","1","1","2"
"Vania0912","1","1","2"
"VanyaShapovalov","1","1","2"
"Varghese0778","1","1","2"
"vasekg","1","1","2"
"vassyn","1","1","2"
"vasumdev","1","1","2"
"vasyek","1","1","2"
"VatsalArmy","1","1","2"
"vcheeta","1","1","2"
"vedha001","1","1","2"
"Vegeta333","1","1","2"
"velsona","1","1","2"
"VeraGS","1","1","2"
"veronikadu","1","1","2"
"vetusto_mor","1","1","2"
"VFa-221531","1","1","2"
"victor1211","1","1","2"
"victorsacristan","1","1","2"
"Vieuxhibou","1","1","2"
"Vighot","1","1","2"
"Vijay1033","1","1","2"
"Viktor1949gg","1","1","2"
"ViktorFrolov2013","1","1","2"
"VILLAVICENCIO9","1","1","2"
"Vinay_Astikar","1","1","2"
"VincV","1","1","2"
"ViniciusAffonso1","1","1","2"
"violetgrass","1","1","2"
"viraltrivedi","1","1","2"
"Vishu2205","1","1","2"
"Vishwavenu","1","1","2"
"Vitaliy_11061977","1","1","2"
"Vitaly_Lopatin","1","1","2"
"vivekpatil14","1","1","2"
"VL_D","1","1","2"
"Vlad_LOL","1","1","2"
"Vlad88223","1","1","2"
"VladaR984","1","1","2"
"vladas777","1","1","2"
"VladislavLit","1","1","2"
"VladislavPohily","1","1","2"
"VladislavSekatskiy","1","1","2"
"vladolieska","1","1","2"
"VlasovStepan","1","1","2"
"Voronin-K","1","1","2"
"vorosvaszics","1","1","2"
"VPC67","1","1","2"
"VSargsian","1","1","2"
"vsrb2006","1","1","2"
"vstanciu83","1","1","2"
"Vuador","1","1","2"
"w1w2w31","1","1","2"
"Waikwa3","1","1","2"
"Wallter27","1","1","2"
"walnutparkk","1","1","2"
"wandsp","1","1","2"
"WangMuyuan123","1","1","2"
"Wartracid","1","1","2"
"Watermelon1122","1","1","2"
"WB1234","1","1","2"
"wclongo1","1","1","2"
"Webby_McRae","1","1","2"
"Wenura2010","1","1","2"
"WesHighTower","1","1","2"
"wetopia","1","1","2"
"wifestealer1","1","1","2"
"Wik1tor","1","1","2"
"WIKT","1","1","2"
"Wildia","1","1","2"
"Win_Easy","1","1","2"
"winner_horse","1","1","2"
"Witamen","1","1","2"
"wknezevic","1","1","2"
"WlondonBfrance","1","1","2"
"Wnotfy","1","1","2"
"worn48","1","1","2"
"wpttpw","1","1","2"
"WSlagter","1","1","2"
"wurzelpurz","1","1","2"
"wwawro","1","1","2"
"X_DAN_X09","1","1","2"
"xadrezmatrix","1","1","2"
"xcom113","1","1","2"
"XerusP","1","1","2"
"xyz1952","1","1","2"
"y362826274627gsgsjsg","1","1","2"
"YadhiraMamaniEspinoz","1","1","2"
"Yaha0579","1","1","2"
"yappiyappi","1","1","2"
"yas90","1","1","2"
"Yashiiir","1","1","2"
"Yasoooooo1","1","1","2"
"Yavuzselim78","1","1","2"
"Yawii","1","1","2"
"YeGRiEGA","1","1","2"
"YektaTutuncu","1","1","2"
"yg1434","1","1","2"
"Ygmr8448","1","1","2"
"yigitokuyan","1","1","2"
"yoh_777","1","1","2"
"yohanpanickerccs","1","1","2"
"YoliQueen","1","1","2"
"yorbis93","1","1","2"
"YoungSharp","1","1","2"
"YriyTerentev","1","1","2"
"yueguan507","1","1","2"
"Yuriud","1","1","2"
"Yurkdim","1","1","2"
"Yzd7799","1","1","2"
"yzroslavk","1","1","2"
"Zagaya","1","1","2"
"zahaha","1","1","2"
"ZambiaKuchalo2022","1","1","2"
"ZavarzinVA2013","1","1","2"
"zede1939","1","1","2"
"zeff11","1","1","2"
"ZENITH2023","1","1","2"
"Zenly1980","1","1","2"
"zerari88","1","1","2"
"ZetaKeplison","1","1","2"
"zetark","1","1","2"
"Zhamgyrchy-85","1","1","2"
"Zhan13","1","1","2"
"Zimagin","1","1","2"
"ZlataBragina13","1","1","2"
"Zmichel","1","1","2"
"ZokoR15","1","1","2"
"ZoliSakk","1","1","2"
"zoomzoom323t","1","1","2"
"zorano1234","1","1","2"
"ZorroLaLeyenda","1","1","2"
"zulKifLi_adHa","1","1","2"
"zuzanna_kaminska","1","1","2"
"Zvone14","1","1","2"
"ZXCVS321","1","1","2"
"Zyg-zak","1","1","2"
