"player","white_games","black_games","total"
"georg-stamoulakis","47","11","58"
"MACKEIHAN_1974","20","33","53"
"SchwabenLiga","32","19","51"
"Katrina_Weber","24","25","49"
"HyoshinFelipe15","20","22","42"
"PolishEngland","16","20","36"
"htmlsqlcssdatnet","15","17","32"
"Violinkepler","17","15","32"
"AARYAVYOGESH","13","15","28"
"GuineaBot","12","13","25"
"aRJUNg2020","13","11","24"
"Catastrophist81","9","15","24"
"mariuscristian221","11","11","22"
"Flowol1210","13","7","20"
"Starcat004","10","10","20"
"GABRINATOR","8","11","19"
"Altaez1969","16","2","18"
"EngPabloHenry","8","10","18"
"GLASAOU","7","10","17"
"hmtnl","7","10","17"
"Alitahir_youtube1452","13","3","16"
"DragoniousMonk","8","8","16"
"mefisto13","8","8","16"
"den7778","4","11","15"
"FunkyMonkeyBabys","8","7","15"
"MaxRB","7","8","15"
"wannabegmonce","9","6","15"
"Agent32","5","9","14"
"johnchess2","7","7","14"
"Sabsol","6","8","14"
"udomlya69rus","7","7","14"
"BlueSkyBlue","6","7","13"
"DavidYork21","7","6","13"
"Ditto","5","8","13"
"Manolete111","7","6","13"
"Roykliesing","8","5","13"
"AndregisCezarotto","7","5","12"
"davidc2022","4","8","12"
"rajuppi","11","1","12"
"warriorajedrez","5","7","12"
"espartano68","6","5","11"
"gudmi","4","7","11"
"serpanteen","6","5","11"
"vsevolod_lag","6","5","11"
"APC_lub","4","6","10"
"Cub1cl3z2753","6","4","10"
"PedjaKonobar","5","5","10"
"pescuderod","8","2","10"
"Pierrotlefou56","7","3","10"
"SugarDaddy64","6","4","10"
"tomratd","8","2","10"
"CarlosERestrepo","4","5","9"
"chess-mag","5","4","9"
"DoiDoiC","5","4","9"
"gborges0727","4","5","9"
"gushol","4","5","9"
"mahatma09","3","6","9"
"O-DogsWrath","4","5","9"
"aboAlaa8979","4","4","8"
"GalinaGoloshubova","4","4","8"
"garylarsen","3","5","8"
"general2134","4","4","8"
"Grootmeestertje123","5","3","8"
"imperfect75","4","4","8"
"juscy","4","4","8"
"KirichenkoTonya","1","7","8"
"metalkender","3","5","8"
"OliverJCarpenter","5","3","8"
"RubenMiranda","4","4","8"
"Sevilla00","4","4","8"
"Sjakkerfortsattmoro","4","4","8"
"ZhanPj","4","4","8"
"balitus","6","1","7"
"BatuhanAkgul","3","4","7"
"Blackermj","4","3","7"
"BryceRyanWachira","4","3","7"
"DESSE","3","4","7"
"dkabil2","3","4","7"
"frank-257","3","4","7"
"garikapati","3","4","7"
"HangingElo","3","4","7"
"Honzin_B1","3","4","7"
"Hosseini12122","3","4","7"
"Ignatiusharris","3","4","7"
"JCTolley","2","5","7"
"kish92","2","5","7"
"klingklang","4","3","7"
"KremlinFoundYou","2","5","7"
"Kunstmann","4","3","7"
"Master_Ben12","2","5","7"
"MergenMongush80","3","4","7"
"migmcc","3","4","7"
"rmchesse7","2","5","7"
"santi_aguin","4","3","7"
"SCooler","4","3","7"
"SergeyB78","2","5","7"
"szachex","3","4","7"
"TeoZH","2","5","7"
"terrestris","5","2","7"
"testoid","4","3","7"
"Tomek90","2","5","7"
"udvikler","3","4","7"
"valter1234","3","4","7"
"vikibaz","4","3","7"
"wanderean","4","3","7"
"Xinameter55","3","4","7"
"yanndumont","3","4","7"
"Yaroslava_2023","3","4","7"
"aali132","1","5","6"
"Ainsisoitil","3","3","6"
"armanleo","3","3","6"
"av337","4","2","6"
"CapaCris","2","4","6"
"chesserer8","4","2","6"
"CheSSicario","4","2","6"
"dalaimoc","3","3","6"
"Dimanh","3","3","6"
"dipoisola","2","4","6"
"DiptangshuVIP","3","3","6"
"fhjoihf","4","2","6"
"Genius_Fischer","5","1","6"
"HanumanRu","2","4","6"
"HomelessGambit13","3","3","6"
"Jopo53","3","3","6"
"Khoryok","3","3","6"
"leachim200","4","2","6"
"martinossy70","3","3","6"
"mate-in-four","4","2","6"
"movilmate","3","3","6"
"nnfokin","3","3","6"
"Norikus","4","2","6"
"philcorn","2","4","6"
"Ramante","3","3","6"
"RichardGaskill","3","3","6"
"Schimnik","2","4","6"
"Sergei_Kubanov","3","3","6"
"Simo88","3","3","6"
"SlimShady864","4","2","6"
"SNS1","3","3","6"
"toquim","3","3","6"
"TSSharvesh","3","3","6"
"Vansh_08Adhikari","3","3","6"
"varizerl","3","3","6"
"vcap","2","4","6"
"Whyareall","3","3","6"
"yeraypaes5944","4","2","6"
"abedmasoud","2","3","5"
"alceo-ven","3","2","5"
"Alexandercanava","1","4","5"
"AndresCutro","3","2","5"
"anish_roy","2","3","5"
"Antsirabe","2","3","5"
"arturo3394","3","2","5"
"AtlasCantPlay","3","2","5"
"b3NTFORK","2","3","5"
"bardztale","2","3","5"
"bob2026","2","3","5"
"ChessMess1971","3","2","5"
"Chessmind77","4","1","5"
"chrysomeles","2","3","5"
"cocacolaenjoyer","3","2","5"
"D132568","2","3","5"
"deadletter","3","2","5"
"deivinator","1","4","5"
"Divna2b","3","2","5"
"Edwduar","4","1","5"
"Emil_Berg","4","1","5"
"ercoleallievi","3","2","5"
"Euwe78","4","1","5"
"FataChimera","3","2","5"
"GizmoCC","1","4","5"
"golfball64","3","2","5"
"gummeah","3","2","5"
"hallohavefun","3","2","5"
"HansUlrichEnthusiast","3","2","5"
"hnfygt","4","1","5"
"Igrok235","2","3","5"
"JAIN_NITIN","3","2","5"
"Jobstix","2","3","5"
"johnyo","3","2","5"
"Jpeleckas","3","2","5"
"KJIACIK","2","3","5"
"kozluluerdo","1","4","5"
"kronk18","2","3","5"
"Krutishka999","4","1","5"
"Kuckelber","3","2","5"
"Leopoeta","2","3","5"
"Losali","2","3","5"
"lucaxrossi","1","4","5"
"Luna1949","2","3","5"
"Mala64","2","3","5"
"Marcelo-1500","3","2","5"
"Maslacak","2","3","5"
"MatthewMoulding","2","3","5"
"Mellamonestor","3","2","5"
"metaghost","2","3","5"
"Morocotopo","2","3","5"
"MrKeanu","2","3","5"
"MrPeterle","1","4","5"
"Nikitosik1708","2","3","5"
"OLiverOL10","3","2","5"
"paterfischi","3","2","5"
"pgsdevoto","3","2","5"
"Rex89","2","3","5"
"sam195864","2","3","5"
"SandroDeAmerica","4","1","5"
"seydiomerkayar8b","3","2","5"
"shaarumathi1994","1","4","5"
"Sotttacqua","2","3","5"
"Stanleytimothy","2","3","5"
"tadschik","3","2","5"
"taxi4477","3","2","5"
"Umnix1","2","3","5"
"unusedfrequency","3","2","5"
"vmipronob","2","3","5"
"wil7272","3","2","5"
"wtfjeffersonairplane","2","3","5"
"yarasamavi","1","4","5"
"yesnaming","3","2","5"
"yporemskyy","2","3","5"
"Zawgorodniy_Sergey","2","3","5"
"agdal","2","2","4"
"Alexandrechess80","2","2","4"
"Ali8202080AKTN","3","1","4"
"Aligorgan","3","1","4"
"arvo1938","2","2","4"
"atesoguz","3","1","4"
"AZuev","2","2","4"
"BaJlepa","1","3","4"
"Basic_Element","2","2","4"
"Caissjaner64","2","2","4"
"CallMePants","3","1","4"
"cousin68","2","2","4"
"Dadhino","3","1","4"
"Damir_Kravchenko","2","2","4"
"DERMOKRAT","2","2","4"
"Desaulx","1","3","4"
"dlrrg","2","2","4"
"Dohod","2","2","4"
"Dr_Magenta","2","2","4"
"enceladus83","2","2","4"
"eternal2k23","1","3","4"
"Evil-Ed","1","3","4"
"Fezzezal","2","2","4"
"flutemaker","2","2","4"
"furiousant","1","3","4"
"genmodifisert","3","1","4"
"gjones1","2","2","4"
"GolovkoVV818","2","2","4"
"Goult84","3","1","4"
"HalPilotte","2","2","4"
"hank100","1","3","4"
"Ilian_Gasparov","2","2","4"
"Intermares","1","3","4"
"jameilR","2","2","4"
"jandiepstraten","2","2","4"
"jaydoro","1","3","4"
"jeecobra77","1","3","4"
"JensLauDK","3","1","4"
"Jomaes293","2","2","4"
"jordivillar","3","1","4"
"josh_v","2","2","4"
"JoShRiNeHaRt13","2","2","4"
"JustGotLucky","1","3","4"
"kenboy123","1","3","4"
"khabarovsk29","2","2","4"
"Largo64","2","2","4"
"LealMorphy18","1","3","4"
"Leibowitz2","3","1","4"
"Lev1980","1","3","4"
"LUCAxD3266","2","2","4"
"maabouri66","3","1","4"
"manzanillo68","2","2","4"
"Maxtai2016","1","3","4"
"michalgrzanka","2","2","4"
"MikkelySmikkely13","3","1","4"
"minon54","2","2","4"
"mohanad_rh","2","2","4"
"Mohlalerwa","3","1","4"
"Moon61","2","2","4"
"murthy59","1","3","4"
"mvarestelo","2","2","4"
"notMakMak","2","2","4"
"novitskiyyv","3","1","4"
"ortizne","1","3","4"
"Palaceastur","1","3","4"
"Patrenv","3","1","4"
"PCH_TiQua","2","2","4"
"Pickedfish","3","1","4"
"Pit911","1","3","4"
"Preston_266","2","2","4"
"Rafail2012","2","2","4"
"Ray_Kaught","2","2","4"
"ReD1928","1","3","4"
"RichyFinn","2","2","4"
"Rk4432","2","2","4"
"Rudinei04","3","1","4"
"sajanya_minsadi","2","2","4"
"savva-ok","3","1","4"
"SHACHIRMACHIROV453","3","1","4"
"Shtopor2022","2","2","4"
"skipper82","2","2","4"
"SomebodyDyde","2","2","4"
"Spartakiller1","2","2","4"
"speeder1987","2","2","4"
"thatismyrealname","2","2","4"
"TheBooshTin","2","2","4"
"TopBJ","2","2","4"
"totEnot","1","3","4"
"TV37","2","2","4"
"tynome","2","2","4"
"valjr92","2","2","4"
"Vasyl_Chenchyk","1","3","4"
"Vatrych","2","2","4"
"WorldChampPrep","2","2","4"
"yaKyT1977","2","2","4"
"Adnanasani","2","1","3"
"AegeanVoyager","1","2","3"
"akap17","2","1","3"
"Ali_Kerem_Gundogdu","1","2","3"
"allhandsondeck","1","2","3"
"Alphonse02","2","1","3"
"ambishkek","1","2","3"
"Anas00913","2","1","3"
"andandand767778","1","2","3"
"AndyKracht","2","1","3"
"AngeloGirish5gmail5c","2","1","3"
"ArjunOmnath","2","1","3"
"BalahnaZachararies","2","1","3"
"barfyman_362","1","2","3"
"Benan7","1","2","3"
"BernatGT","1","2","3"
"bhrti","2","1","3"
"bibiphoq","2","1","3"
"Bizio87","2","1","3"
"bkmz4","1","2","3"
"bloOmi","2","1","3"
"Borki86","1","2","3"
"C4hir","1","2","3"
"cardukee","2","1","3"
"CarlosAttack","2","1","3"
"cdachess1208","1","2","3"
"CheckChicken","1","2","3"
"chessless_1","1","2","3"
"ChessNPress","2","1","3"
"Chezare1648","2","1","3"
"claptonist","2","1","3"
"Coolman11","2","1","3"
"ctokc","2","1","3"
"Dalimack","1","2","3"
"DanAndres","1","2","3"
"Danielkog","2","1","3"
"Daniyar1230","2","1","3"
"demetriusgomes","2","1","3"
"DENSKULL","2","1","3"
"dfarley","1","2","3"
"dodo72","1","2","3"
"drainageditch","1","2","3"
"dustylines","2","1","3"
"eaffelix","1","2","3"
"eckertewald","2","1","3"
"EdIsezenando","2","1","3"
"Eduardo-Lucad","1","2","3"
"Eldaras-Zi","2","1","3"
"EnderMcWiggins","1","2","3"
"EnricoPino","1","2","3"
"Eymen_Er","1","2","3"
"feufollet","1","2","3"
"FG989","1","2","3"
"foodstampog","2","1","3"
"FPeregrinus","2","1","3"
"francous","1","2","3"
"franz364","2","1","3"
"fzclaw","1","2","3"
"Garbajov","2","1","3"
"garrincha11","2","1","3"
"Goldfishboy","1","2","3"
"Grkngrcy","1","2","3"
"GYXN","1","2","3"
"h0vn0","1","2","3"
"Helper17","1","2","3"
"hiltrudihmer","2","1","3"
"Hipopotamon","1","2","3"
"hook20","1","2","3"
"IakovKulikov","1","2","3"
"inklosion","2","1","3"
"Intimus","2","1","3"
"IntrovertTy","1","2","3"
"Ivan_shab","1","2","3"
"iwka217","2","1","3"
"Jaimealfredo","1","2","3"
"jaimerodriguez1976","2","1","3"
"jamesrice","2","1","3"
"jhonduquehoy","1","2","3"
"jschaak","1","2","3"
"JulesA-L","2","1","3"
"Kerrisdad","2","1","3"
"Kfasu","1","2","3"
"khiraq","2","1","3"
"kjoroo","2","1","3"
"Koswara2023","1","2","3"
"krishna12gutholia","1","2","3"
"KrullFelix","1","2","3"
"leonidas_p_e","2","1","3"
"leoskye","2","1","3"
"Lopatik","1","2","3"
"magerquark","1","2","3"
"Maltrecho69","1","2","3"
"marcogo1972","2","1","3"
"mariesco11","2","1","3"
"Massimassi62","1","2","3"
"Mateja03","1","2","3"
"MatrimCauthon24","1","2","3"
"Maxi404","1","2","3"
"MaXTuRbA2010","2","1","3"
"Medicos","2","1","3"
"MICHAEL87INGOLSTADT","2","1","3"
"Mondie","2","1","3"
"MrCartman168","1","2","3"
"MrLizardWizard","2","1","3"
"muchios22","1","2","3"
"mustafaessani","1","2","3"
"N3ur0na1pl4sticity","1","2","3"
"neuenhans","1","2","3"
"neverBorn","1","2","3"
"Nikitakl","2","1","3"
"Niklassgb","2","1","3"
"Nikolr88","2","1","3"
"nonexh","2","1","3"
"onwelk","1","2","3"
"OswaldoSoares","2","1","3"
"Palle2","1","2","3"
"PBurt50","2","1","3"
"Petri_PH","2","1","3"
"PetrusPaulus","1","2","3"
"pham_dang_khoi_a1","2","1","3"
"PipinKorotkiy","2","1","3"
"predator275","1","2","3"
"prunitho","2","1","3"
"ptichkach","1","2","3"
"puzzledchesser","2","1","3"
"rabesturzflug","2","1","3"
"Rajeswari45","1","2","3"
"RAMONE1929","1","2","3"
"rgarcia","1","2","3"
"rolschottt","2","1","3"
"RossHarry","1","2","3"
"RSVF","1","2","3"
"RyanWong_0910","2","1","3"
"Saidamirhon_2016","2","1","3"
"Sanjeev8911","1","2","3"
"sclankey","1","2","3"
"Sdcup","1","2","3"
"Seneka2020","2","1","3"
"sezenando","1","2","3"
"ShakaObre","1","2","3"
"six_breaths","1","2","3"
"slobberslimehed","1","2","3"
"slovitz1236","2","1","3"
"smithm4949","1","2","3"
"somee1eelse","1","2","3"
"srishrisr2015","2","1","3"
"Svalbard666","1","2","3"
"szollosibalazs","1","2","3"
"Taylansky","2","1","3"
"Terryspain","2","1","3"
"Thailand_Sunset","1","2","3"
"thebeatboxkid","1","2","3"
"Ticco","2","1","3"
"Tigr1978","2","1","3"
"TimKsuperstar107","2","1","3"
"TomChess1959","2","1","3"
"tommymoore98","1","2","3"
"Torsten79","1","2","3"
"tpoisot","1","2","3"
"ufo90","2","1","3"
"Ugurkanoz15","1","2","3"
"urapershin","2","1","3"
"vicentpc","2","1","3"
"vidda_awsh","1","2","3"
"vova677","2","1","3"
"welliwonderr","1","2","3"
"Westnelson","1","2","3"
"widzy","1","2","3"
"Wispil","1","2","3"
"wizardos","1","2","3"
"wolk-ded","2","1","3"
"Yelisey_Goncharov","1","2","3"
"yeloww","1","2","3"
"Yevhenii2016","2","1","3"
"ysimon","1","2","3"
"zahorak","2","1","3"
"ZE_ROOK","1","2","3"
"Zizabel","2","1","3"
"zxpz","1","2","3"
"Abyzz99","1","1","2"
"alanmega78","1","1","2"
"Alberto324","1","1","2"
"albidino","1","1","2"
"Albin1961","1","1","2"
"Aleksey142323","1","1","2"
"AlexVolich","1","1","2"
"amirreza8820","1","1","2"
"amishducky","1","1","2"
"amschultz","1","1","2"
"andei-1","1","1","2"
"Andermed_Neiva","1","1","2"
"Andreyp90","1","1","2"
"Angryoso","1","1","2"
"AquilaRapax","1","1","2"
"aras_16","1","1","2"
"arjun_patil","1","1","2"
"Arseny_001","1","1","2"
"artem_keloglyan","1","1","2"
"Aryandipika","1","1","2"
"Associate8","1","1","2"
"AzizMisharyH","1","1","2"
"B062310510","1","1","2"
"babciafrania","1","1","2"
"bakulwalang","1","1","2"
"Barny1","1","1","2"
"becauseeyle","1","1","2"
"bibuko","1","1","2"
"billtin2023","1","1","2"
"BjornLowe","1","1","2"
"blubzeivis","1","1","2"
"Bluesoil","1","1","2"
"BongCarloud","1","1","2"
"borisbaski","1","1","2"
"Brink315","1","1","2"
"Brommenschuster","1","1","2"
"btv2018","1","1","2"
"byGrine11","1","1","2"
"bykit123","1","1","2"
"c4_explosive","1","1","2"
"CAntoniazzi","1","1","2"
"Carl_OS","1","1","2"
"castordesneiges","1","1","2"
"CAT879","1","1","2"
"Cerqueda","1","1","2"
"ChakaChess","1","1","2"
"chesschesschess378","1","1","2"
"Chessof27373773","1","1","2"
"Chevss","1","1","2"
"Chinmaya_SS","1","1","2"
"Chrischi007","1","1","2"
"Chrismiehle","1","1","2"
"citizenfromspb","1","1","2"
"ClayStreet","1","1","2"
"Co2202","1","1","2"
"Crossbred11","1","1","2"
"DaBlueBomber","1","1","2"
"daherra","1","1","2"
"davdd","1","1","2"
"DChierico","1","1","2"
"deadalnix","1","1","2"
"dEPuSf","1","1","2"
"derou","1","1","2"
"Dillon_Davie","1","1","2"
"Dim7337","1","1","2"
"Dimon20142014","1","1","2"
"DJJuergen","1","1","2"
"dmaytry79","1","1","2"
"Dmitriy-Pushkarev","1","1","2"
"docschmitti","1","1","2"
"draydan44","1","1","2"
"DrBlackSam","1","1","2"
"Duder333","1","1","2"
"Edgaryamir65","1","1","2"
"eifi","1","1","2"
"ejan","1","1","2"
"EL3VEN","1","1","2"
"elbestrand","1","1","2"
"endri12","1","1","2"
"enmacm","1","1","2"
"Ernestart7211","1","1","2"
"everton1878","1","1","2"
"f8hard","1","1","2"
"FabianPiscoya","1","1","2"
"Fieten","1","1","2"
"Filo1963","1","1","2"
"FL600","1","1","2"
"Floxospoxos","1","1","2"
"foreveryoung1971","1","1","2"
"Fr3zsh","1","1","2"
"francois352","1","1","2"
"FrankenDino","1","1","2"
"franpenalva","1","1","2"
"funkist","1","1","2"
"g0dbless","1","1","2"
"GenPlischke","1","1","2"
"ger80","1","1","2"
"Gleber13","1","1","2"
"Gofffman777","1","1","2"
"goga_m","1","1","2"
"Gope_Ahuja","1","1","2"
"Gordey_Damir","1","1","2"
"graagon","1","1","2"
"grabz","1","1","2"
"grb1827","1","1","2"
"gustulo","1","1","2"
"guypan","1","1","2"
"Hacen-2020","1","1","2"
"HalitBurakAslan","1","1","2"
"HansVDLeiter","1","1","2"
"HaroldCrick","1","1","2"
"havermeyer","1","1","2"
"hawk667","1","1","2"
"henry_verytt","1","1","2"
"herdervanjesus","1","1","2"
"HeyLana","1","1","2"
"HolyJigsaw","1","1","2"
"hubelechan","1","1","2"
"i_gkogkornas","1","1","2"
"Idafaishal","1","1","2"
"inkfathom","1","1","2"
"inkoinko","1","1","2"
"IronLogic","1","1","2"
"jabc129","1","1","2"
"jaimefer","1","1","2"
"jarly","1","1","2"
"Jayadev","1","1","2"
"Jheison2304","1","1","2"
"Jivago","1","1","2"
"Johan_van_Niekerk","1","1","2"
"Julienne-R","1","1","2"
"Kaasparoww","1","1","2"
"kaiserio41","1","1","2"
"kamalakanta108","1","1","2"
"karthik9497","1","1","2"
"kek_ey3369","1","1","2"
"KenjutsuHitenMitsuru","1","1","2"
"Kibbitz","1","1","2"
"King_of_Kings_Knight","1","1","2"
"kjetsjup82","1","1","2"
"KmOmarMchangama","1","1","2"
"koesti71","1","1","2"
"kokdenali0_0","1","1","2"
"Krish26","1","1","2"
"ksef","1","1","2"
"KTiani","1","1","2"
"kuffi17","1","1","2"
"kutuphanelik","1","1","2"
"Lanselot-Barboskin","1","1","2"
"Larsen02","1","1","2"
"Lcapo","1","1","2"
"ldnoble1710","1","1","2"
"Leron","1","1","2"
"letav","1","1","2"
"LinaBla","1","1","2"
"Litocesar","1","1","2"
"Lord_of_Schwarzbach","1","1","2"
"m13mafia73","1","1","2"
"M2CO2NE2L","1","1","2"
"Madrid2019","1","1","2"
"Maijia","1","1","2"
"Makc_2610","1","1","2"
"Manubir","1","1","2"
"Marco88T","1","1","2"
"Martin73ods","1","1","2"
"mashuuuuuuuuu","1","1","2"
"Matina231958","1","1","2"
"Matze_Thomssen","1","1","2"
"Max20h","1","1","2"
"maybe13","1","1","2"
"mcdue","1","1","2"
"medusaman","1","1","2"
"michalkl88","1","1","2"
"michi995","1","1","2"
"miehle","1","1","2"
"mike_mike","1","1","2"
"MikeMBlitZ","1","1","2"
"miu2c","1","1","2"
"mschnitzel","1","1","2"
"NaganiB24","1","1","2"
"NakeemL24","1","1","2"
"NalelsonMat","1","1","2"
"nart22","1","1","2"
"Neodyme1442","1","1","2"
"Nerwise","1","1","2"
"Nikolayzoro","1","1","2"
"NivelMuerto","1","1","2"
"Noeffix","1","1","2"
"nursultan9191","1","1","2"
"NYChaichan","1","1","2"
"Oranye","1","1","2"
"PatrikCzuczor","1","1","2"
"PIRAJU","1","1","2"
"PlatonA","1","1","2"
"pollito_euskaldun","1","1","2"
"pooos","1","1","2"
"ProfessorFaber","1","1","2"
"psackaroff","1","1","2"
"Puchejanin","1","1","2"
"QbaEm","1","1","2"
"qqwkin","1","1","2"
"Radovan1982","1","1","2"
"rgaynavarro","1","1","2"
"Roarque","1","1","2"
"Robe333","1","1","2"
"rodsxxi","1","1","2"
"rollo71","1","1","2"
"RoyalPepper78","1","1","2"
"RuyEu27","1","1","2"
"Saceruel","1","1","2"
"Sahil25012012","1","1","2"
"salaop","1","1","2"
"Sale_Serbia","1","1","2"
"Schachwiesel","1","1","2"
"Schmidi49","1","1","2"
"Schmuusi","1","1","2"
"senfsauce","1","1","2"
"SH-Mousavi","1","1","2"
"shahab61","1","1","2"
"SHIV_2606","1","1","2"
"SierraFoxtrot","1","1","2"
"SilverFoxZa","1","1","2"
"Simo-84","1","1","2"
"SimonDaDiamond","1","1","2"
"singapete","1","1","2"
"SJisland","1","1","2"
"slava074","1","1","2"
"sofijaliepina","1","1","2"
"SoftGuide","1","1","2"
"Southernguy1212","1","1","2"
"sportowiec","1","1","2"
"Stegri","1","1","2"
"stowel","1","1","2"
"Straw12","1","1","2"
"SunSteel","1","1","2"
"Sylvanov86","1","1","2"
"t3nth","1","1","2"
"Tardyon","1","1","2"
"tbudiman","1","1","2"
"Tciclop","1","1","2"
"te20032004","1","1","2"
"Teije17","1","1","2"
"the_Usurper","1","1","2"
"tholman","1","1","2"
"time1515","1","1","2"
"tom_ate","1","1","2"
"Toodfish","1","1","2"
"trueshadowlegion","1","1","2"
"u_l_t_r_a_m_a_n","1","1","2"
"vapidcheckmate","1","1","2"
"vaterp","1","1","2"
"vierpfotenantrieb","1","1","2"
"VikaValkoff","1","1","2"
"vincenz24","1","1","2"
"vinegarjoe","1","1","2"
"VLAD-VARTIC","1","1","2"
"Vladimir_shi","1","1","2"
"VummDanzicherX","1","1","2"
"wafelbakker","1","1","2"
"Wiking1998","1","1","2"
"WSlagter","1","1","2"
"Y4g0d","1","1","2"
"Yael_8","1","1","2"
"yeoldwiz","1","1","2"
"Yiyun-Huang","1","1","2"
"Yvad1977","1","1","2"
"zavcna","1","1","2"
"zhenya-gur","1","1","2"
"zkill11","1","1","2"
