"player","white_games","black_games","total"
"jmperezpalencia","252","251","503"
"Californiaberba","214","212","426"
"CSSML-NDSMD","206","211","417"
"paceinsuflet","205","203","408"
"minna96","200","201","401"
"flaminco588","219","179","398"
"Till__I_collapse","201","197","398"
"vladimir_123456","192","192","384"
"vit197","190","192","382"
"InneKonto","184","187","371"
"ChessWARshiper","189","181","370"
"Drunk-Magnus","182","186","368"
"VladBond777","182","182","364"
"g_kost52","178","181","359"
"grandbatil","179","180","359"
"Greanfield","175","176","351"
"maiaonly","159","178","337"
"Luwelyo","169","166","335"
"Bad_Santa","165","165","330"
"chessclub1983","165","165","330"
"turkonegro","166","162","328"
"MaximuusThegreat3099","161","165","326"
"serhiishmelov","167","159","326"
"PushkinoLider","159","161","320"
"sarunasE2","157","161","318"
"KingRichd_3rd","160","156","316"
"PieceTalks","157","159","316"
"OrangeMjau","158","157","315"
"blasALANGUIA_ESIC","153","158","311"
"StupidChess13","156","154","310"
"saudade","157","151","308"
"Brunovy60","153","154","307"
"invicible","152","149","301"
"Dangarov","149","149","298"
"vokilahkd","146","148","294"
"travel_guy","148","145","293"
"Pucky_80","147","145","292"
"sprexyfd","144","145","289"
"PAQUETOVIC","142","141","283"
"ricciolargo","140","142","282"
"pilsnerhell","141","139","280"
"Nekvalitet","137","141","278"
"Fedor_Afanasiev","138","139","277"
"pzh_dmt","142","134","276"
"SamadAABI","137","139","276"
"MunchySmallz","142","133","275"
"GiuocoPianoSemo","136","138","274"
"Necati_Korbahtli","134","133","267"
"anujaaa","133","133","266"
"dionel53","135","131","266"
"Spyke24","134","132","266"
"leny1983","132","133","265"
"jubei369","133","131","264"
"decidement","130","132","262"
"Velsky25","132","129","261"
"zorroamigo","131","129","260"
"Dismoitout","131","127","258"
"OvyVCF","128","129","257"
"PathOfNerd","128","129","257"
"trevrck","127","125","252"
"sofadecor","128","123","251"
"Nasserad","124","126","250"
"Tetyana512","125","125","250"
"TheresaLorenzo","124","125","249"
"AgsiKapin12","124","124","248"
"Iznogood2022","127","121","248"
"jacktower","123","124","247"
"benbugarin06","124","122","246"
"M_C_Scipio","123","122","245"
"doreality1991","121","123","244"
"Fazilet11kaz","121","121","242"
"Slimfinger","122","119","241"
"cohrelo","119","119","238"
"ehsan_h8793","121","117","238"
"rockus","121","117","238"
"TANES37","119","119","238"
"fokokoko","118","119","237"
"CheckmateBrain","124","112","236"
"DrunkandStupid","117","119","236"
"Efimka","119","117","236"
"FedieRodrigo","120","116","236"
"Raj363","115","120","235"
"Masterpilip","117","117","234"
"GravityOven","117","116","233"
"JuanCGlez","114","119","233"
"kpadchin","117","116","233"
"BlunderfulPlayer","114","118","232"
"bouddha2018","116","116","232"
"PB_1","118","114","232"
"Khanyile007","119","112","231"
"Xa900","114","117","231"
"TONYSISA","118","112","230"
"bajo_el_cielo_azul","113","116","229"
"BELINCO69","114","115","229"
"Dman360","113","116","229"
"Fethi2512","115","114","229"
"Gladiadorchess","115","114","229"
"PatriKarp","114","114","228"
"Thelastpann1353","112","115","227"
"BullletTime","102","124","226"
"na7ana3l","114","112","226"
"playtomatesomehate","112","113","225"
"Ced_sasalice81","113","111","224"
"Raulcorso00","113","110","223"
"real-hakaishin","115","108","223"
"TZ88stierliTZ","113","110","223"
"PeiKha86","109","113","222"
"BBisplaying","111","108","219"
"ChiefTuna","107","112","219"
"MMM_Zhukovskiy","111","108","219"
"SHAHRAM-Khoshseffat","110","109","219"
"EllDux","107","111","218"
"Blue_C","109","108","217"
"Luca29","107","110","217"
"akimaki12","106","110","216"
"Javis_chess23","104","112","216"
"Partemii","109","107","216"
"Rubyris","109","107","216"
"AlbertoDacallosJr_50","109","106","215"
"honey0x","110","105","215"
"tentacular","108","107","215"
"Vettel007","107","107","214"
"ichitot","107","106","213"
"vk331","106","107","213"
"DerImGlanz","112","100","212"
"eqellar","104","108","212"
"BigGamer003","104","107","211"
"Dunia_Seni","104","107","211"
"grim_trigger","106","105","211"
"johnivanov928","103","108","211"
"newtrill","107","104","211"
"daesagelmar","104","106","210"
"javadkhanmohammad","104","106","210"
"KevinOliver","106","104","210"
"sunzhaonan","105","105","210"
"auggiesky","105","104","209"
"EVEREST77","103","106","209"
"Hanujan","101","108","209"
"igio","111","98","209"
"Negrolit0","104","104","208"
"slipkid","104","104","208"
"StrayFiend","105","103","208"
"VLAD339","102","105","207"
"ali_pahlavie","104","102","206"
"Net_voyne","101","105","206"
"StephenWilson","99","107","206"
"RenzGabrielNaval02","104","101","205"
"shriyu","103","102","205"
"GreenQuality","104","100","204"
"Lues","102","102","204"
"mowukimowuki","101","103","204"
"sajkodelija","103","101","204"
"twoyearsold","100","104","204"
"MaestroSA","100","103","203"
"RockAAA","99","104","203"
"sherifpasha","101","101","202"
"TxATC","101","101","202"
"ulysses432","100","102","202"
"zvibtm","100","102","202"
"chisboy","97","104","201"
"Geor2004","100","101","201"
"mogantuzo","100","101","201"
"chess2021zz","99","100","199"
"flipflops","98","101","199"
"JAXFL","100","99","199"
"Parker420","100","99","199"
"korvin09","100","98","198"
"leninOlivares","100","98","198"
"pyp0614","92","106","198"
"arnadelo","99","98","197"
"tech0101","95","102","197"
"Terminator2018","98","99","197"
"Erin2019","95","101","196"
"hessenchesser","97","99","196"
"Menudo113","99","96","195"
"msskalpov","100","95","195"
"OdinTor07","98","97","195"
"cent_07","96","97","193"
"d8336","99","94","193"
"EA_SD","98","95","193"
"tymewiz","98","95","193"
"leowid","99","93","192"
"taurus34","97","95","192"
"Morli59","93","98","191"
"Alien_ware","95","95","190"
"Eindhoven321","95","95","190"
"Formidablenights2009","94","96","190"
"catalinlucut96","95","94","189"
"JavierM2012","96","93","189"
"mgriff7","94","95","189"
"mhtsm","95","94","189"
"Vada111","95","94","189"
"Wahyu_KOTABOGOR","94","95","189"
"capitan2000","93","95","188"
"Cikochess","93","95","188"
"Fidemastori","94","94","188"
"Meheme88","93","95","188"
"SirPenda","94","94","188"
"FurkanDenizBase","91","96","187"
"kbhargav179","94","93","187"
"Magicalchessplay","92","95","187"
"margherito","94","93","187"
"Myts","94","93","187"
"slaydawg","96","91","187"
"WILLIRAMOS","93","94","187"
"JSTRUEBA21","89","97","186"
"KarolArtur","95","91","186"
"Knackermura","93","93","186"
"Pankafros","93","93","186"
"shreeshreee","92","94","186"
"siciliandragon1","92","94","186"
"Elbo543","93","92","185"
"KindnessW","92","93","185"
"boulayg","92","92","184"
"Dippochakma","93","91","184"
"fred45","92","92","184"
"aLerGen","92","91","183"
"BeHarmony","93","90","183"
"derdo72","91","92","183"
"philly_shell","91","92","183"
"rapid1","90","93","183"
"akaki999","93","89","182"
"BaktiYoga","92","90","182"
"Kelechix","92","90","182"
"Nikicatroha","92","90","182"
"Thobisch","92","90","182"
"Wences19","90","92","182"
"Frazev","94","87","181"
"psychicdetective","90","91","181"
"Venomxx","93","88","181"
"dbizzleton","88","92","180"
"GCC_Isni","92","88","180"
"jo_falk","92","88","180"
"lpnyq","89","91","180"
"Madwill","89","91","180"
"Mamun_joardar-BD","90","90","180"
"OwenGambler","88","92","180"
"SizzlyBogg12","88","92","180"
"Skaneris","87","93","180"
"Ulloo","90","90","180"
"zandoli","89","91","180"
"shishupalsingh","92","87","179"
"ToastInWater","89","90","179"
"8oP","90","88","178"
"Aka27Aslan","93","85","178"
"Amartya10","88","90","178"
"jokros","89","89","178"
"kosciuk","88","90","178"
"KREXPEX11","89","89","178"
"kushal_n99","87","91","178"
"Viking_Bishop","89","89","178"
"add_010","91","86","177"
"chessmv2","89","88","177"
"douihech","90","87","177"
"DrthutmoseIII101","86","91","177"
"Elolyt12","89","88","177"
"mtrybull","89","88","177"
"titan00013","88","89","177"
"BTGM42","87","89","176"
"Damador","87","89","176"
"Filimonya","89","87","176"
"gallenza","88","88","176"
"akx344","88","87","175"
"CrackIsBad","89","86","175"
"halcyonbot","95","80","175"
"j23r0_c001","89","86","175"
"mismatches123","87","88","175"
"Rijana08","88","87","175"
"wildmanvb","90","85","175"
"abo__chess_hard","87","87","174"
"ANTESMCJ029","88","86","174"
"bzknm","88","86","174"
"Daxylmac","89","85","174"
"dravinash","87","87","174"
"erdogan-dirilis","87","87","174"
"ForkTh3King","84","90","174"
"gilmer_2023","88","86","174"
"Jellobiafra","85","89","174"
"neilchan","88","86","174"
"sch09991","87","87","174"
"Viiieeech","85","89","174"
"A123AA321","88","85","173"
"Bomber92","85","88","173"
"HisFloness","87","86","173"
"olakalathapane","88","85","173"
"vasano","82","91","173"
"gollum13","87","85","172"
"ibrahimcavdarhunter","87","85","172"
"Kokololo","87","85","172"
"mamenjaya","85","87","172"
"Parker_Chess","84","88","172"
"arubanpnr","86","85","171"
"bubanj","84","87","171"
"claudio1982","87","84","171"
"dinesh_gvp","85","86","171"
"Fischess","86","85","171"
"Katkov_Max","86","85","171"
"lyidor","86","85","171"
"Parby01","85","86","171"
"ASquareToSpare","84","86","170"
"Drummer_33","85","85","170"
"Super_Thor","83","87","170"
"Alaa39","87","82","169"
"beatmeeasy","83","86","169"
"inar921","87","82","169"
"kopuk111","85","84","169"
"tebula","81","88","169"
"TIMSONCHESSQZ","84","85","169"
"alireza1360teymori","82","86","168"
"Cristianjocrop","83","85","168"
"Etiennou","84","84","168"
"Jellyyboy","83","85","168"
"jlx96","86","82","168"
"kokarca","82","86","168"
"SoLaeuftDerHase","81","87","168"
"AperaciumLux","84","83","167"
"basilioA","85","82","167"
"DanMirage","84","83","167"
"Difensore","83","84","167"
"jitendrabhandari","84","83","167"
"katalaxarakis","82","85","167"
"stp18","83","84","167"
"TrialB","84","83","167"
"yannick_noah","81","86","167"
"Arahek","81","85","166"
"BreakingZulu","85","81","166"
"ff55gg","82","83","165"
"J-aan","133","32","165"
"mrhamidnadi3232","84","81","165"
"te-quiebro","84","81","165"
"aman_77","80","84","164"
"readmeTXT","84","80","164"
"sunnyandsammy2020","84","80","164"
"Agyzmal","81","82","163"
"DrVankon","81","82","163"
"Georgii307","80","83","163"
"Ishan_raskar","82","81","163"
"minolin","83","80","163"
"Albert_Gubin","79","83","162"
"bishop123123","76","86","162"
"bullik","78","84","162"
"Dikarkaz","81","81","162"
"felipe_ph","77","85","162"
"marieta","83","79","162"
"MisterBarrios","82","80","162"
"Chess4A","81","80","161"
"Logia1900","80","81","161"
"MarioBarinas","79","82","161"
"Tekastalemate","82","79","161"
"tideatlantic","81","80","161"
"topetopetope","80","81","161"
"davaur3","81","79","160"
"DudeABegger","80","80","160"
"firemonkey11","80","80","160"
"Maupie","87","73","160"
"mukoya_anitha","80","80","160"
"programisst","80","80","160"
"SantosBarrios","77","83","160"
"SuperConfinado","82","78","160"
"hadu96","79","80","159"
"Iggydiggyboom","79","80","159"
"inner_join","80","79","159"
"loony18","79","80","159"
"SERAUSTED","83","76","159"
"Bazile1988","78","80","158"
"brucelee_96","79","79","158"
"cheeserobot3","80","78","158"
"dryflyonly","80","78","158"
"dunik1","80","78","158"
"Jcasaszavala","80","78","158"
"JcCastigo","80","78","158"
"Kingtrucking","79","79","158"
"saveurstrongmove","78","80","158"
"SIRRAJKAMLE","81","77","158"
"thbenda","79","79","158"
"astrixstar","78","79","157"
"D107111","78","79","157"
"digs15","80","77","157"
"ghage","76","81","157"
"Kapablack","80","77","157"
"Knockers","81","76","157"
"madcosbad","78","79","157"
"Nuevecuentos","79","78","157"
"riliah_ug","81","76","157"
"Secilan_Defince21","79","78","157"
"Armando_Vieira","78","78","156"
"Illlburg","78","78","156"
"MidnightBourbon88","78","78","156"
"viwi","77","79","156"
"bish0y","78","77","155"
"Darsch999","76","79","155"
"Julioiglesias","78","77","155"
"llsergio","77","78","155"
"lvijayak","77","78","155"
"OlegTambiev","76","79","155"
"Petrov1357","73","82","155"
"Shallapinioo","78","77","155"
"snowboardingforever","78","77","155"
"Tana14","76","79","155"
"cyrius13","75","79","154"
"jnrnrj","73","81","154"
"Le-viet","79","75","154"
"ritsch59","77","77","154"
"tsay_gena","77","77","154"
"Centurion1001","78","75","153"
"Dashology","76","77","153"
"dexar24279","76","77","153"
"Funny_ChessMood","75","78","153"
"Gerry_Hauser","78","75","153"
"Kesavashanmugam","78","75","153"
"M-Krink","75","78","153"
"Skylover21","77","76","153"
"user_5663","76","77","153"
"VictorKopylkov","77","76","153"
"aRaSoV","77","75","152"
"artharoundearth","80","72","152"
"B3R30C90","77","75","152"
"BUDagoX","78","74","152"
"Cop93","74","78","152"
"darasimi01","77","75","152"
"dfghnsbsydhxb","77","75","152"
"Entenwemser","79","73","152"
"houhsiaohsien","74","78","152"
"IntelliGeNcE-waY","77","75","152"
"kejaan","76","76","152"
"Matanzas67","77","75","152"
"memo_76","77","75","152"
"Omusini","76","76","152"
"Reginald_Molosiwa","74","78","152"
"Revolverman","83","69","152"
"tharwatDXB","76","76","152"
"Tucididiano","76","76","152"
"Vasiliy1963","74","78","152"
"DerAlteAndreas514","75","76","151"
"Djamshed-0900","72","79","151"
"DrMaimer","75","76","151"
"E_R","73","78","151"
"hojeseramelhor","74","77","151"
"illuminati7","76","75","151"
"KCBreeze","73","78","151"
"lblblb","74","77","151"
"Magnus_Greel","76","75","151"
"otarrillo_esea","76","75","151"
"Tony_Shingatz","78","73","151"
"AdrianBruma","75","75","150"
"dka42","75","75","150"
"hassan_tesla12345","74","76","150"
"Hischnik","74","76","150"
"josh156","75","75","150"
"Michro71x","78","72","150"
"QRN","77","73","150"
"Seledkapodshuboi","74","76","150"
"supplexcity19","76","74","150"
"vladimir111111","76","74","150"
"Xaxam","72","78","150"
"c130710a1","76","73","149"
"eugenia","76","73","149"
"IceBurg","74","75","149"
"Ivan13801","74","75","149"
"letsdanceinmyhands","73","76","149"
"mj_jrs","73","76","149"
"Nathan000","75","74","149"
"nima142","75","74","149"
"winfieldthedon","74","75","149"
"Badplayer_0030","74","74","148"
"BajTosho","73","75","148"
"BSK_asta","74","74","148"
"chessnet23","74","74","148"
"Crisbal2022","75","73","148"
"dragonchess83","76","72","148"
"gpel","74","74","148"
"Mherl","75","73","148"
"MrLazenby","74","74","148"
"nahosk","74","74","148"
"nanohook","73","75","148"
"syri4","74","74","148"
"Alexander_3000","75","72","147"
"Blindmouse13","74","73","147"
"cleomeplays","74","73","147"
"dynus44","73","74","147"
"fred4","74","73","147"
"qladiator18","71","76","147"
"wrd1396","71","76","147"
"AdleyJulian","73","73","146"
"alfonsin-2022","74","72","146"
"Ali08","72","74","146"
"ElBadrii","73","73","146"
"hafizrahman","73","73","146"
"ManjaresFEU","73","73","146"
"NarasimhaBhakta","73","73","146"
"NIdhissk","72","74","146"
"Tikitakamate","72","74","146"
"bambigoreng","73","72","145"
"laroofa","72","73","145"
"Micwild","71","74","145"
"myBacks","74","71","145"
"raghav_hk_2023","70","75","145"
"rodiat","74","71","145"
"sellaista","74","71","145"
"simpleEval","75","70","145"
"Tareqdweik","72","73","145"
"waltom","71","74","145"
"ahiin","72","72","144"
"Angolano_94","72","72","144"
"BagnotCarlsen","72","72","144"
"Bistophe_Befferies","73","71","144"
"iglinka","74","70","144"
"MarkD777","71","73","144"
"neurolukas","73","71","144"
"pzarek1","73","71","144"
"Smo0thCriminal","75","69","144"
"Sylevna","74","70","144"
"Vickitaly","70","74","144"
"Vishwa_Bharat","73","71","144"
"bharatsingh2021","73","70","143"
"carnyco","72","71","143"
"dominiquevirtualz","69","74","143"
"DSDAPINO","73","70","143"
"focusalot","70","73","143"
"Freshtime","71","72","143"
"hyu979","72","71","143"
"KingFishJuan","72","71","143"
"LeeMon05","70","73","143"
"Roman_Kutsenko","71","72","143"
"tunniato","72","71","143"
"Wombat-Godzilla","72","71","143"
"Yahyabehery444","69","74","143"
"hyperboreya","71","71","142"
"JKnight0","74","68","142"
"majOAS","72","70","142"
"marioalvarez","70","72","142"
"omergallelo","71","71","142"
"Priyanka_Karhale","71","71","142"
"Sajithponmudi","70","72","142"
"steelydon","73","69","142"
"TThomas","70","72","142"
"VoilesEcarlates","71","71","142"
"wonders94","71","71","142"
"ZeroSkills0s","70","72","142"
"Allthotajram","71","70","141"
"anandtal","72","69","141"
"AndrzejMitros","70","71","141"
"ayand222","71","70","141"
"berrakov12","68","73","141"
"Chequita","73","68","141"
"Davaz17","68","73","141"
"Davrua","69","72","141"
"Mikaelvuo","70","71","141"
"mngrv","70","71","141"
"Olgamb","72","69","141"
"Rostoh","70","71","141"
"Salve1","69","72","141"
"snakebit","70","71","141"
"Techymuv","70","71","141"
"Unteft39","70","71","141"
"WILSOCAS1","70","71","141"
"ahvaz38","71","69","140"
"brutal_999","68","72","140"
"ButSvetlana","71","69","140"
"Ish75","72","68","140"
"Lucifer009","70","70","140"
"maralider","69","71","140"
"NRJ4U","70","70","140"
"PascalFRZ","68","72","140"
"Sportik7070","71","69","140"
"turem","70","70","140"
"WaffenSchach","70","70","140"
"yougan","69","71","140"
"aarya_nath","70","69","139"
"Amro-Alhareth","68","71","139"
"anon131313","69","70","139"
"Dedi_NH","69","70","139"
"Felicidad_repulsiva","69","70","139"
"gladiador_br","69","70","139"
"Kasfishalek","70","69","139"
"kon_stan","68","71","139"
"lasticot22","72","67","139"
"Mehmetgold","71","68","139"
"Melrock9150","66","73","139"
"Moonhillwolf","70","69","139"
"Murinskyi","70","69","139"
"Myabo-Chella","68","71","139"
"myqueeninyourface","69","70","139"
"viktorlion","67","72","139"
"dexter65","70","68","138"
"Kanzaki33","69","69","138"
"lemain57","69","69","138"
"luanja","69","69","138"
"Malebogo","73","65","138"
"Morio_wanzenza","70","68","138"
"ricje08","70","68","138"
"Samkelo09","67","71","138"
"sangdzphan1","68","70","138"
"sj123","69","69","138"
"sylvichess","67","71","138"
"amirrsalarrkhann","69","68","137"
"ANZzzz","70","67","137"
"Checkmylove","67","70","137"
"dl14","71","66","137"
"FrankWillow","68","69","137"
"GabiBuruiana","69","68","137"
"GotYourPieces","69","68","137"
"I_Spinner_G","69","68","137"
"jerico_aguson","72","65","137"
"jorikoen","65","72","137"
"m0344l","69","68","137"
"maxim_kazakov","71","66","137"
"mego63","69","68","137"
"setfilter","68","69","137"
"tpm07","68","69","137"
"Bonnie_Charles","68","68","136"
"davethebrave1","69","67","136"
"Eurostorm","68","68","136"
"FranciscojGarcia","67","69","136"
"FriendlyStranger","67","69","136"
"hfvb","68","68","136"
"hokkabazbilge","69","67","136"
"kudzu12","70","66","136"
"lkh99","67","69","136"
"Maksim-92","67","69","136"
"NoNamed100","69","67","136"
"Atsuko_Chiba","68","67","135"
"chess_slayere","66","69","135"
"DogCatMouse","67","68","135"
"Esmeraldobispo","69","66","135"
"Fearless04302004","69","66","135"
"GoodGamerpro100","66","69","135"
"goplay","69","66","135"
"holynicholas","67","68","135"
"robertdeboer","70","65","135"
"Sony_Sony_DDD","69","66","135"
"WarOfKnights","66","69","135"
"welldrive","69","66","135"
"zazadin","67","68","135"
"Arl-mks","66","68","134"
"babyDriver999","67","67","134"
"blundermcblunders","70","64","134"
"EvilGarT","70","64","134"
"his02cot","67","67","134"
"ImperialMoveGG","65","69","134"
"isin1966","70","64","134"
"MBOLD1976","66","68","134"
"PocketSoap","68","66","134"
"Prasonio","67","67","134"
"Rik_008","68","66","134"
"ruchek","68","66","134"
"snaip888","72","62","134"
"tamirlkhagva","68","66","134"
"Williammer","67","67","134"
"Btckaustav","67","66","133"
"ChessUnitesTheWord","67","66","133"
"EleftheriosGrg","68","65","133"
"ferdolarca","65","68","133"
"gkhany","68","65","133"
"HAKUT","66","67","133"
"LesTal3","68","65","133"
"LigaPorLaPista","67","66","133"
"MartaMennen","66","67","133"
"puni_thiyana","64","69","133"
"RomanovAV","67","66","133"
"samir5","64","69","133"
"STEPNIAK","66","67","133"
"SuPeR7777777","65","68","133"
"TaylorHoulihan","66","67","133"
"u914013","67","66","133"
"xxxl7xxx","67","66","133"
"EMECEN","62","70","132"
"Falconer23","66","66","132"
"Frenchesco","68","64","132"
"Gemskyrk","67","65","132"
"gismo77","65","67","132"
"jhayr28","66","66","132"
"knightparade","68","64","132"
"KYZILLA-666","66","66","132"
"Matikovo","64","68","132"
"montreal_myk","66","66","132"
"NSLawyer","67","65","132"
"oceendeep","69","63","132"
"RafaBorbon","64","68","132"
"RxSizzY","69","63","132"
"Sevet","67","65","132"
"StavrosG","68","64","132"
"sting1111","68","64","132"
"SwamiDhyanNigam","65","67","132"
"tomerx","68","64","132"
"angryturtl3","63","68","131"
"ayeng112131","66","65","131"
"azzzz777","66","65","131"
"Brutukseni","65","66","131"
"Dm606","64","67","131"
"Jeopa","62","69","131"
"kuney2","67","64","131"
"Magdo","64","67","131"
"marcojara1983","66","65","131"
"OnePawnTwoKnights","65","66","131"
"xpert7","66","65","131"
"Yanov2020","66","65","131"
"zuntrader","66","65","131"
"abhikun1","64","66","130"
"borisv007","63","67","130"
"elvin_137","64","66","130"
"irkung","65","65","130"
"kinski13","64","66","130"
"Lismarie","65","65","130"
"Pum_Bee","65","65","130"
"Pvnru","62","68","130"
"Sassayew","65","65","130"
"serdar1234567890","66","64","130"
"tobi6216","66","64","130"
"Translater","67","63","130"
"Armental","65","64","129"
"ashkanaahi","67","62","129"
"Christophernoxc","64","65","129"
"fast8766","63","66","129"
"fors1212","65","64","129"
"Grga1","64","65","129"
"J_M_J_1997","66","63","129"
"kick","119","10","129"
"laurasofia69","66","63","129"
"Petros78","66","63","129"
"SUPERGDM","63","66","129"
"Syrischer_Wooolf","65","64","129"
"ValnaRaBlE","65","64","129"
"vittorina79","65","64","129"
"facundin","65","63","128"
"hhpull","63","65","128"
"HMarraha","67","61","128"
"inseti","64","64","128"
"jaffel-97","64","64","128"
"kohlglenn","64","64","128"
"Mahat2023","65","63","128"
"Neno5rina","65","63","128"
"oper58","65","63","128"
"PatitoPatozo","64","64","128"
"Pintorazo","63","65","128"
"Sergey_Zhadan","64","64","128"
"SIMPLICIY_1","62","66","128"
"sleepytime","62","66","128"
"SRVS85","66","62","128"
"Tindam","63","65","128"
"bioulls","62","65","127"
"Crash121","63","64","127"
"Denotx","64","63","127"
"dmc6543","63","64","127"
"ehsanamini","66","61","127"
"Emilio_Requena","62","65","127"
"Erkhem55","66","61","127"
"Ferrari122","63","64","127"
"G3n1e","67","60","127"
"gionni76","64","63","127"
"gordondiamonds","64","63","127"
"kscole91","64","63","127"
"laizizizi","65","62","127"
"leadzep","64","63","127"
"lucio_principiante","64","63","127"
"m_lion","65","62","127"
"octav932","63","64","127"
"onlybulletplayer","66","61","127"
"pandey","63","64","127"
"paulatejanonegro","63","64","127"
"petros1305","62","65","127"
"rekh","63","64","127"
"RH3379","63","64","127"
"RontgenRay","66","61","127"
"rooker666","60","67","127"
"varslantas","61","66","127"
"venomrapture","63","64","127"
"vital001","59","68","127"
"yalcinpars","66","61","127"
"youngfrog","62","65","127"
"Zacko1","64","63","127"
"Zark8","64","63","127"
"ALEKSANDRSSS","63","63","126"
"AlexandrSH","64","62","126"
"brkttr","61","65","126"
"Charter_miner","64","62","126"
"chessprodigy77","60","66","126"
"CZA1980","63","63","126"
"k0nstant1ne","64","62","126"
"Lets_and_Go","62","64","126"
"m56782","62","64","126"
"Mackiethemonkey","63","63","126"
"marcinasoudi1","62","64","126"
"Meirbek_06","61","65","126"
"mr_coach","63","63","126"
"pg79","64","62","126"
"RAW2020UK","62","64","126"
"rlp9802","62","64","126"
"Stentor2018","65","61","126"
"Straitjacket79","63","63","126"
"Sword_One","62","64","126"
"Talmirov","63","63","126"
"Zetpatriot","64","62","126"
"AARRTTUURRAASS","62","63","125"
"Afgchesss","64","61","125"
"brontosayros","61","64","125"
"ChessAroundTheWorld","64","61","125"
"Edo_12584","62","63","125"
"Founoir","63","62","125"
"houweel","63","62","125"
"Juriy_Krotov","63","62","125"
"Kenneth91","63","62","125"
"KILL_KING_QUEEN","62","63","125"
"luisfernandomacias70","64","61","125"
"malkyvich","61","64","125"
"matt_uhl","62","63","125"
"Mehrabhbm84-6-6","62","63","125"
"paco8256","62","63","125"
"rabesocke","62","63","125"
"Rainbow_Warrior","61","64","125"
"spiceykid21","62","63","125"
"thejusjos19","64","61","125"
"ThisBigHush","62","63","125"
"tolentinointernet","63","62","125"
"Wandor","63","62","125"
"Abah_merapi","63","61","124"
"AlekhineCapa","63","61","124"
"Amiransar63","61","63","124"
"ANadahalli","62","62","124"
"dbat87","60","64","124"
"Edelson_Pacheco","61","63","124"
"frhaniq120","62","62","124"
"Gonzalo90","61","63","124"
"imbalances","64","60","124"
"izveniteesli-4to","61","63","124"
"Jeherson04081996","62","62","124"
"JJ-H","58","66","124"
"keznit4deus","62","62","124"
"lipu","62","62","124"
"New2thisNow","62","62","124"
"Saadaneltahir","61","63","124"
"Stez1304","61","63","124"
"vucicicovic","61","63","124"
"Ahmad93Alfares","59","64","123"
"CavaloVoador","64","59","123"
"Chess-Casual","61","62","123"
"Danilo49","62","61","123"
"dashjas","61","62","123"
"DeepPatzer64","62","61","123"
"dpavlovic","60","63","123"
"Ezhilazhagan","64","59","123"
"F2iLq0_YEoA-IX7q_jTj","58","65","123"
"gomelbel","61","62","123"
"itzfine","61","62","123"
"kholand","62","61","123"
"Konariq7","58","65","123"
"makeMeCry","63","60","123"
"mehdi6666666","64","59","123"
"MercuryPro","60","63","123"
"mukuldubey","61","62","123"
"non-101","62","61","123"
"R-LLaudy","61","62","123"
"ramisobi","61","62","123"
"RobiVan","60","63","123"
"RodrigoMarianoFreyre","61","62","123"
"RojaRoja","61","62","123"
"Rutvij09","61","62","123"
"sauloviski","62","61","123"
"Shakhuev","62","61","123"
"topenka","61","62","123"
"Zbeba","63","60","123"
"arioz06","59","63","122"
"artlel","61","61","122"
"chancechanceGONE","64","58","122"
"chessmath1","58","64","122"
"diktm","62","60","122"
"efelixjr","64","58","122"
"ffonseca70","62","60","122"
"Just1Troudo","61","61","122"
"Kangi237","62","60","122"
"kenzotsen","62","60","122"
"Mikaevsky","59","63","122"
"nasil28","60","62","122"
"oslochess","61","61","122"
"Perceval2023","58","64","122"
"Pirooz1965","60","62","122"
"QAXWEESTE","62","60","122"
"RomanGear","63","59","122"
"Sammustaf22","60","62","122"
"satanae","60","62","122"
"Schmarno","59","63","122"
"smilinkid29","61","61","122"
"subcorps","63","59","122"
"tothartur23","60","62","122"
"why_am_I_so_good","63","59","122"
"yeah-yeah","61","61","122"
"Alain70","61","60","121"
"Asturfrison","60","61","121"
"Cagnus-Marlsen75","58","63","121"
"dearwish","59","62","121"
"dnnybnh","62","59","121"
"Edixonluna1987","60","61","121"
"filiztrk","58","63","121"
"FrancoisV82","60","61","121"
"hainskan","60","61","121"
"hamlan","63","58","121"
"HR970","61","60","121"
"ijqp","61","60","121"
"jpmc","60","61","121"
"maia1","55","66","121"
"mate69","59","62","121"
"neset_2014","60","61","121"
"Nightwitch2000","61","60","121"
"oizzaro","59","62","121"
"Orhan-Emre","60","61","121"
"Patience5","60","61","121"
"plutonioo","60","61","121"
"RoadBrunner","63","58","121"
"Ronaldchigne","60","61","121"
"ThePunishmentDue","60","61","121"
"akmanse","59","61","120"
"alzz","59","61","120"
"birdeyed","59","61","120"
"DarwiN04","61","59","120"
"djec33","60","60","120"
"Dyser","60","60","120"
"Farlandia","60","60","120"
"farmora","62","58","120"
"hossaskell","57","63","120"
"JoxerTheMighty","61","59","120"
"katre35","58","62","120"
"mistrzo16","59","61","120"
"PompousClonker","62","58","120"
"PonyBoy67","61","59","120"
"Qe1234","59","61","120"
"realtonysoprano","61","59","120"
"taylormade","61","59","120"
"victorka22","61","59","120"
"werty1982","61","59","120"
"Ziyabek-25-03-89","59","61","120"
"all_roger","62","57","119"
"alprof2","60","59","119"
"anfetamina","60","59","119"
"Ann-2018","60","59","119"
"CandidateMVL","60","59","119"
"fabricio64","59","60","119"
"Fretus61","56","63","119"
"glougloupanda","60","59","119"
"KishoreSoni","57","62","119"
"MizanPiqul","60","59","119"
"mouschess","59","60","119"
"Oplumbus","59","60","119"
"pbk186up","59","60","119"
"Trinichessplayr","60","59","119"
"Vitalij89","59","60","119"
"zorand77","55","64","119"
"A1_h8_m8_e7_d","60","58","118"
"Achmad_B","59","59","118"
"ALEPOV","57","61","118"
"Deadpawnskeleton","60","58","118"
"gonsavr","60","58","118"
"icantcan","59","59","118"
"IgorBondarevski","57","61","118"
"KnightBee","59","59","118"
"leshamdi","61","57","118"
"mmjobe","58","60","118"
"Montbleu","57","61","118"
"Mxyzpltk","60","58","118"
"mygeralai369","57","61","118"
"PawnPinner","58","60","118"
"sergo2117","61","57","118"
"ShrewdDude202","60","58","118"
"SyedNasifFuad","60","58","118"
"tlam","59","59","118"
"traininglabb","58","60","118"
"Vishwa108","59","59","118"
"VKSINGH222","59","59","118"
"ZaBanikHav","59","59","118"
"aiva61","56","61","117"
"ALGRANO","57","60","117"
"aylem","58","59","117"
"Bold88","60","57","117"
"Burunduks","59","58","117"
"CanDoGOD","59","58","117"
"danigp","60","57","117"
"dar1923","59","58","117"
"DE_PRIME_17","56","61","117"
"dwi_anggara","63","54","117"
"EricaDion","57","60","117"
"ghonny1617","60","57","117"
"hosein1401","59","58","117"
"jakeh118","58","59","117"
"Kanyomax","60","57","117"
"mikhaeiltall","61","56","117"
"ragnarok5375","59","58","117"
"stefanmetohija1389","59","58","117"
"temhemhehe","59","58","117"
"Tim5355","59","58","117"
"TokioGayBars","59","58","117"
"TSF1123","60","57","117"
"ygbfkm","57","60","117"
"abdullah_ar","57","59","116"
"adrian471","58","58","116"
"Alphaperro","57","59","116"
"anthroposophist","58","58","116"
"AsvnJesusahayam","56","60","116"
"dk1210","60","56","116"
"GypsyMoon","57","59","116"
"MatNekat","57","59","116"
"Morpheo_57","58","58","116"
"MuleJr","59","57","116"
"rhotir","57","59","116"
"Royalrunner3000","59","57","116"
"Samuelkant","57","59","116"
"sos23s","58","58","116"
"Troubel1966","57","59","116"
"Turkish_Emperor","57","59","116"
"untalgur","58","58","116"
"xme1b","59","57","116"
"Aileen2020","57","58","115"
"Astonchng110607","59","56","115"
"Avkom60","56","59","115"
"Caleb1806","57","58","115"
"chessmalware","58","57","115"
"Chessplayer1541","59","56","115"
"drugics","58","57","115"
"echikour","59","56","115"
"eversito","53","62","115"
"Galaktus1977","56","59","115"
"geoff_march","58","57","115"
"IVAN_RINGHIONE","60","55","115"
"littlejohnnyxx","58","57","115"
"Magnus-Jonsson","58","57","115"
"MCgreatandglorious","57","58","115"
"miguel2011","58","57","115"
"Mishka_Tal","57","58","115"
"nitishuday","54","61","115"
"Noom_noom","58","57","115"
"olvietoleg","59","56","115"
"palomayy","55","60","115"
"Pedro1964","58","57","115"
"Q-wing","59","56","115"
"Schwollek","57","58","115"
"Selcuk_Kaya","58","57","115"
"Sir_Donkus","58","57","115"
"stefal87","59","56","115"
"Tajwanczyk82","57","58","115"
"Voblaka","58","57","115"
"willianvirgo","57","58","115"
"xcat22","57","58","115"
"Abbygem","58","56","114"
"AllanClarke","61","53","114"
"Biff1985","56","58","114"
"Caspia","58","56","114"
"ckelaiya","56","58","114"
"dudaaaa","59","55","114"
"e4c5xxe6","56","58","114"
"elo00","57","57","114"
"harry1961","57","57","114"
"ispice-dicounas","56","58","114"
"JDAS1","57","57","114"
"JOTAJO","58","56","114"
"Karthikeyan_89","57","57","114"
"Morgan_aa","58","56","114"
"Mrcone","57","57","114"
"Newerwon","60","54","114"
"pablucio59","55","59","114"
"popa_negra1321","56","58","114"
"shruthik2005","58","56","114"
"SIEMENS2002","58","56","114"
"Sirozha","58","56","114"
"spawnmilton","56","58","114"
"thehopeful","57","57","114"
"zct","57","57","114"
"Ahmedlegend1","58","55","113"
"Alekssus","57","56","113"
"ayoubdab","55","58","113"
"bahtyar","57","56","113"
"barinsmart","56","57","113"
"basilva05","57","56","113"
"BigHugeWide4","54","59","113"
"BigYoungBoss","58","55","113"
"bondarunko","56","57","113"
"collectoak","56","57","113"
"Fofik_4806","57","56","113"
"Girondo","55","58","113"
"hjahangiri","56","57","113"
"jandartan","56","57","113"
"kamnur2011","60","53","113"
"kojiro1","56","57","113"
"kovardanyan","55","58","113"
"Mapsock","57","56","113"
"misclickismyname","57","56","113"
"NotokeMimoto","57","56","113"
"riesgo24","56","57","113"
"seamate","55","58","113"
"uebernaechtigt","58","55","113"
"vperedivodovorot","57","56","113"
"zelif","56","57","113"
"Alien_buster","56","56","112"
"aliezzo98","55","57","112"
"alkosg","54","58","112"
"AxBflor01","56","56","112"
"camelyellow100gr","55","57","112"
"D1MAN888","54","58","112"
"DAFE","54","58","112"
"dispof","58","54","112"
"Dubov57","55","57","112"
"EdwardPhs","55","57","112"
"Higaru_Nangamura","54","58","112"
"homenteca","54","58","112"
"ilyeab","57","55","112"
"John_Hamilton","56","56","112"
"JorgeLuis21","55","57","112"
"juanvidalalfonso","56","56","112"
"kassisov","56","56","112"
"kurdashev-elakin","53","59","112"
"Kwikphoenix","59","53","112"
"Launchywiggin","56","56","112"
"Mahmoudkassem33","58","54","112"
"Nanaos","55","57","112"
"Overdub","57","55","112"
"rasasvada2023","55","57","112"
"ro-bot","56","56","112"
"rolandodf","58","54","112"
"Sipna-ligo","55","57","112"
"skoldpaddan","56","56","112"
"tonisam","53","59","112"
"villas_altur","56","56","112"
"attaccoletale","54","57","111"
"Bouletnul","51","60","111"
"chezz21","55","56","111"
"Edos-Papados","57","54","111"
"Eliasib","55","56","111"
"Emanuel0811","57","54","111"
"GacoBacov","55","56","111"
"Host2015","54","57","111"
"iFiddy","56","55","111"
"Jeffcsch71","56","55","111"
"Karalic_E","54","57","111"
"magh","55","56","111"
"MarcoBonzanini","54","57","111"
"Meirzhan98","55","56","111"
"mohammadalibahmeie","56","55","111"
"praveenalpy","55","56","111"
"purple_goats2","55","56","111"
"rckybrnds","56","55","111"
"RoundedManKatz","56","55","111"
"sekuba101","55","56","111"
"Seneca01","56","55","111"
"supermaru","56","55","111"
"svalkov","53","58","111"
"Tiroloco1978","58","53","111"
"Acenian","53","57","110"
"andrei2009ROMANIA","56","54","110"
"Aquafire01","55","55","110"
"barbarcz","54","56","110"
"Beltrameruiz","56","54","110"
"BlunderLikeMe2","54","56","110"
"capablonca","55","55","110"
"casto","56","54","110"
"Champion_A1","55","55","110"
"DanteNAM","55","55","110"
"diosab","56","54","110"
"Dmitriy2018","56","54","110"
"Dwg_nsk","54","56","110"
"ertanmantas","58","52","110"
"KMBB","55","55","110"
"KnightRidersvisg","55","55","110"
"MagicOsOs","54","56","110"
"Marisolli","54","56","110"
"matayo","54","56","110"
"Maz-Kanata","57","53","110"
"MG127","54","56","110"
"MirkoCroatia","57","53","110"
"mostafov9","54","56","110"
"Mysyk_KriSs","54","56","110"
"NanjilGodson","55","55","110"
"Nebo_v_luge","55","55","110"
"nedrick","56","54","110"
"Nersin1970","56","54","110"
"NewPixel2021","56","54","110"
"omeryigitkaya","56","54","110"
"omnizer","55","55","110"
"palladas","56","54","110"
"Qoolchandan","57","53","110"
"Quassichess","52","58","110"
"rooieronnie","56","54","110"
"Skemaze","55","55","110"
"SmysilliWaslov","54","56","110"
"taras05","55","55","110"
"thomas123456","53","57","110"
"Torre-de-Papel","55","55","110"
"vedad_zenica","56","54","110"
"VikingBB","55","55","110"
"Aldrin_Caraig","54","55","109"
"AsoAjedrezMerida","54","55","109"
"BA008","54","55","109"
"BOAS24","54","55","109"
"Burhan_aga","54","55","109"
"CJC1188","52","57","109"
"Crtomir","56","53","109"
"deleokenla","53","56","109"
"Doogmen","55","54","109"
"fabarod","54","55","109"
"faeae2308","55","54","109"
"hugo80","55","54","109"
"kayky4780","56","53","109"
"landy17","57","52","109"
"mobin46","55","54","109"
"Momarchy","53","56","109"
"Mor-dy-hay","53","56","109"
"Ntrainer","55","54","109"
"praslea","54","55","109"
"qamshlo","50","59","109"
"Rjvr","54","55","109"
"Sasha365","57","52","109"
"Scetter_Chip","55","54","109"
"SendMeYourPackets","53","56","109"
"SGDeluguet","53","56","109"
"SidneySway","55","54","109"
"sirusdervirus","53","56","109"
"Trepca2","52","57","109"
"Tsarkovy","54","55","109"
"Useless_Roster","54","55","109"
"vaas33","55","54","109"
"VezirTR","55","54","109"
"vikasgajraj","55","54","109"
"WinstonSmith2023","55","54","109"
"AlexBehem","54","54","108"
"AlxAncajima","54","54","108"
"Amaniel-the-Atlanter","54","54","108"
"androida","52","56","108"
"Anjan0791","54","54","108"
"AwareIdea","55","53","108"
"bridge4","52","56","108"
"casanova1971","54","54","108"
"che-epl","56","52","108"
"Dauren9999","55","53","108"
"deyvi2607","54","54","108"
"Ferchus-63","53","55","108"
"gocumax","54","54","108"
"goeniqeqq","55","53","108"
"iso42","53","55","108"
"jmb17-EOL","56","52","108"
"juans_vans","53","55","108"
"Leisosiel","55","53","108"
"medvedkino","53","55","108"
"OussamaAsou","52","56","108"
"papayka","53","55","108"
"PrabhatJena","56","52","108"
"THOMAS0523","55","53","108"
"Varto49","53","55","108"
"yaraaaa_1996","54","54","108"
"Alastor_Maugrey","53","54","107"
"Arizal1960","54","53","107"
"arron97","51","56","107"
"avutonukko123","54","53","107"
"aziz_qami","53","54","107"
"Bandare_siraf","53","54","107"
"Bhoboza","54","53","107"
"Bronte1","54","53","107"
"Bulungo","53","54","107"
"CEGS21","54","53","107"
"comeonletmeplaychess","54","53","107"
"etg80","54","53","107"
"Felipe1970","54","53","107"
"GlobalChessArena","52","55","107"
"ilm1r89","52","55","107"
"isewat","53","54","107"
"Johnny_MM","53","54","107"
"L_S_D","58","49","107"
"lebgm","55","52","107"
"Lentajankoira","52","55","107"
"malegic","55","52","107"
"MojtabaNematizad62","53","54","107"
"nandronikidis","54","53","107"
"olegvital","51","56","107"
"PawnicAboard","54","53","107"
"pnquanganh","54","53","107"
"RamitpalManhas","52","55","107"
"RICTA","52","55","107"
"salvajo","53","54","107"
"Skakac11","56","51","107"
"skeleton2983","53","54","107"
"slyhakim1","51","56","107"
"tagar","52","55","107"
"TalMchess","54","53","107"
"twrobel3d","54","53","107"
"Var_carl","53","54","107"
"af2002","53","53","106"
"AjSm1080","54","52","106"
"Alexanderperu","53","53","106"
"anders_panders","53","53","106"
"AramKarL","53","53","106"
"Artemi04","53","53","106"
"baldmichael","53","53","106"
"Bezraa3000","53","53","106"
"chessknightsbiz","54","52","106"
"chessnak","53","53","106"
"danielScot","52","54","106"
"Daro977","56","50","106"
"David_Dvir","52","54","106"
"Etruski8n","52","54","106"
"fast_and_dirty","53","53","106"
"GarinichYura","52","54","106"
"Ildar7","54","52","106"
"Iopoiti","53","53","106"
"jade_kjen","52","54","106"
"jp_omena","53","53","106"
"Kamil_Fo","54","52","106"
"Khilankk","55","51","106"
"Kosovari2023","54","52","106"
"kvazarer","54","52","106"
"lilianx11","51","55","106"
"Losers-never-learn","53","53","106"
"magnusss_2000","53","53","106"
"maple1","53","53","106"
"matej1995","53","53","106"
"MaxB_80","53","53","106"
"mehdi-tehran","53","53","106"
"mgtalay72","53","53","106"
"MRCLM","53","53","106"
"NoChessDay","52","54","106"
"onkc","54","52","106"
"rP9I3HbIe_TpycbI","51","55","106"
"saputabo","52","54","106"
"shub_paul01","53","53","106"
"talcakeno","53","53","106"
"Thee_ghettoboy","51","55","106"
"Tristezza","53","53","106"
"Wadim17","50","56","106"
"Wu_Kong","53","53","106"
"xprimexinverse","54","52","106"
"Yovaszv","52","54","106"
"yreyesq","54","52","106"
"AgusAR","51","54","105"
"AlexxF","55","50","105"
"aporovic","52","53","105"
"aymooon","51","54","105"
"azaliiar","54","51","105"
"bimer25","52","53","105"
"BobyZ","53","52","105"
"deepfluke","53","52","105"
"ederaves","53","52","105"
"Grami007","54","51","105"
"GrindingHardTo1000","52","53","105"
"GSAT","53","52","105"
"Jonhseo","53","52","105"
"Jorgitomgs","52","53","105"
"Karine_T","50","55","105"
"KK17","53","52","105"
"loki_666","54","51","105"
"lva1954","53","52","105"
"Matieitor","52","53","105"
"Moetmoet","52","53","105"
"NakulOP","53","52","105"
"PermaisuriPutih","53","52","105"
"samboiii95","50","55","105"
"Silent_Explosion","52","53","105"
"STARLIFE1","51","54","105"
"Strizzi1963","54","51","105"
"StrwWall","55","50","105"
"swashhk","51","54","105"
"tomtom888888","53","52","105"
"wilycom","53","52","105"
"Aleksey_Efanov_1978","53","51","104"
"Andrewpogi","54","50","104"
"Angie_FN","52","52","104"
"avlabar","53","51","104"
"Berlin_82","53","51","104"
"bmaluleka","56","48","104"
"BobbyFishes","52","52","104"
"cengOBA123","52","52","104"
"coljoy","52","52","104"
"Dagoberto_und_Ich","52","52","104"
"Darknyt84","53","51","104"
"eel9","54","50","104"
"Elshad_64","52","52","104"
"Ervent","52","52","104"
"EVDEKAL1","54","50","104"
"FA8","50","54","104"
"Filioso","51","53","104"
"jpepello","52","52","104"
"Kapi_Dhwaja","53","51","104"
"KarKasov777","53","51","104"
"Kirill79","51","53","104"
"Mazenga98","50","54","104"
"MeteEryilmaz12","52","52","104"
"naknikgadol","54","50","104"
"nelson0711","51","53","104"
"Relapse3AM","53","51","104"
"Rymn","52","52","104"
"sergzaomob","53","51","104"
"Shazih","51","53","104"
"slavabrod","53","51","104"
"srianshsinha","50","54","104"
"thecodebreakking","52","52","104"
"walidmhm","52","52","104"
"werner1981","52","52","104"
"zhonin_alik","53","51","104"
"AdamantiumHands","50","53","103"
"Anjoleon","51","52","103"
"Arrow001","50","53","103"
"B_POT_KOMnOT","51","52","103"
"B52-Omega","50","53","103"
"Barmaley123","51","52","103"
"Bulletaria","52","51","103"
"Cava_Cat","52","51","103"
"CchaconUCH","53","50","103"
"chessiebuddie","52","51","103"
"CosmoGolden","52","51","103"
"Dr_Daydreamer","52","51","103"
"FranticFrog","52","51","103"
"gatokokosicre","50","53","103"
"Hektor007","52","51","103"
"HelhiAi","51","52","103"
"I_Am_Mariah_Carey","51","52","103"
"imentor","51","52","103"
"ivanoftrencin","50","53","103"
"Jimy44","52","51","103"
"Kramatorsk-player","53","50","103"
"LeonDon2012","51","52","103"
"merbs28","52","51","103"
"nadroj11","50","53","103"
"Neng_Ambyar","51","52","103"
"NGNGN","52","51","103"
"odhg1411","50","53","103"
"perequica","52","51","103"
"QuadraticQ","51","52","103"
"RakeshMB","52","51","103"
"ralfi1","52","51","103"
"Rama26","53","50","103"
"shubhankarjape","52","51","103"
"Slaventii82","49","54","103"
"svhal","52","51","103"
"tagisadegian","51","52","103"
"TiburonSangriento","52","51","103"
"ypunch67","48","55","103"
"Ziap","51","52","103"
"zimpower","51","52","103"
"alexkanash1","48","54","102"
"archimede-21","49","53","102"
"Ash_taroth","53","49","102"
"bby55","51","51","102"
"BlackJamaican","52","50","102"
"Blitzkrie","52","50","102"
"Caspaparo58","51","51","102"
"Cherryberto","51","51","102"
"cliffordbrown","51","51","102"
"DydiaVania","50","52","102"
"errorero","51","51","102"
"EZ19","50","52","102"
"fairooz_fz","53","49","102"
"gargamail","49","53","102"
"Gupta-OP","49","53","102"
"hakatan","51","51","102"
"IvanMarinkovic","51","51","102"
"janborm","50","52","102"
"Jeevan2157","48","54","102"
"JFT2","51","51","102"
"jonhy_tactic","51","51","102"
"knarz","50","52","102"
"murtadlo","49","53","102"
"rahul1_k","51","51","102"
"saleh4861","50","52","102"
"SashaBelui","51","51","102"
"Skitalets888","52","50","102"
"SpaceTravel","50","52","102"
"varunvar","51","51","102"
"veeman75","51","51","102"
"VicKarNek","50","52","102"
"VonMarwitz","50","52","102"
"WinYouEzily","52","50","102"
"adrianmiranda2008","49","52","101"
"AlejandroAlmaith","49","52","101"
"BatesTheMates","51","50","101"
"benperone_pctr","51","50","101"
"bybora","52","49","101"
"Centaurus64","51","50","101"
"cobysters","52","49","101"
"CoJOnUdO","50","51","101"
"DAVIDASIF","52","49","101"
"Derahdoc","50","51","101"
"Deriban","49","52","101"
"drnewton2","49","52","101"
"Equalizers","52","49","101"
"FEDOR55","48","53","101"
"France1960","49","52","101"
"HinduPrince","49","52","101"
"jompepe","50","51","101"
"kurunc","50","51","101"
"labo58","48","53","101"
"M0hamedElm0rsy","51","50","101"
"MikeHansen_68309","51","50","101"
"mnarhins","52","49","101"
"MrWalker","49","52","101"
"rgjirjirij","49","52","101"
"Richiewha","50","51","101"
"roquetero","53","48","101"
"SanjaySHJ","52","49","101"
"Sssehc101","49","52","101"
"Tiefseetaucher","49","52","101"
"us401","54","47","101"
"VandalenRivalen","51","50","101"
"z_Dan","50","51","101"
"AchillesBobby","50","50","100"
"alpy99","51","49","100"
"BigRojo","51","49","100"
"BobbyQuebec","47","53","100"
"BR19642","51","49","100"
"BronToDie","50","50","100"
"cheng2","50","50","100"
"chessgal2023","50","50","100"
"deletant71","48","52","100"
"disi33","51","49","100"
"DMITRII-82","48","52","100"
"domibosch04","49","51","100"
"dushyant","51","49","100"
"Elreyenlareina","50","50","100"
"fandorin2005","49","51","100"
"Floiran-bahoruco","48","52","100"
"gaurav_s","53","47","100"
"gitago","50","50","100"
"Gmdarkestpoison","50","50","100"
"H23aw23","48","52","100"
"Harckoner","51","49","100"
"her1378","51","49","100"
"Holldi","49","51","100"
"Jhon1978","50","50","100"
"justmeq","47","53","100"
"lazzaretti","50","50","100"
"Leedr","50","50","100"
"lucianobonfico","53","47","100"
"M_Nuh","52","48","100"
"macejoP","50","50","100"
"MakarionPro","50","50","100"
"maksz","52","48","100"
"Nebonik","51","49","100"
"otychess","52","48","100"
"Popeo","49","51","100"
"PresJPolka","50","50","100"
"Rueda_Juan","50","50","100"
"selimMUSTAFA12","50","50","100"
"SirLechCodfish","51","49","100"
"softbakes","48","52","100"
"Supermark75","50","50","100"
"teperto","51","49","100"
"Thebeast05","52","48","100"
"Txubas","51","49","100"
"ural49","44","56","100"
"Yanare","52","48","100"
"zxmaxxx","49","51","100"
"albertogarcia_55","44","55","99"
"Alekhin_Nikolay","50","49","99"
"AnatolioPenadosJr","50","49","99"
"Andrei74","50","49","99"
"anyonebuttrmp","48","51","99"
"babadavie","50","49","99"
"Chandler2020","50","49","99"
"django91","53","46","99"
"DJMUSTIKOP","48","51","99"
"Ema2022","50","49","99"
"farbod_mtg","51","48","99"
"FlounderBot","46","53","99"
"fox_24","49","50","99"
"ftxyz","51","48","99"
"hassol","50","49","99"
"HaxeparmOne","50","49","99"
"HayallET","50","49","99"
"Helldritch","50","49","99"
"hyde7it","46","53","99"
"I_m_a_smart_Pitbull","49","50","99"
"IgnacioRoO","50","49","99"
"jefry014","48","51","99"
"levi_stubbs_tears","48","51","99"
"MarcoRuizm","49","50","99"
"mcalishter","49","50","99"
"MEDLEMINE2002","51","48","99"
"milton71","50","49","99"
"MISSHO","50","49","99"
"mofednaser","49","50","99"
"PetPProhorov","51","48","99"
"Retha84","50","49","99"
"Ronny_emilio","50","49","99"
"smishleniy_gayka","48","51","99"
"Stolnavoda","52","47","99"
"Sujan-Das","49","50","99"
"ziad0RABEH","49","50","99"
"AbdulganiuNurudeen","47","51","98"
"abhii-anand","47","51","98"
"against_the_world","49","49","98"
"agniibeats","50","48","98"
"AMK057","49","49","98"
"Andrey10071976","51","47","98"
"BalaRionegrina","49","49","98"
"benben10","48","50","98"
"BigBobby1312","49","49","98"
"blitzjptv","50","48","98"
"ChessOnTilt","49","49","98"
"Dima197321","51","47","98"
"dineshnarnoli","47","51","98"
"DjaDjaMitjaGorbaches","48","50","98"
"emivisual","47","51","98"
"erce10tekce","47","51","98"
"Evgenii1274","49","49","98"
"Fatih_Benper","51","47","98"
"foCussss","49","49","98"
"GALA47","47","51","98"
"Gotomat","50","48","98"
"Gs13131313131313","48","50","98"
"Julien_neuvil_echec","48","50","98"
"Keipo","48","50","98"
"kneggl","48","50","98"
"kofigan","49","49","98"
"larry_el","48","50","98"
"Leieuncaneparlante","50","48","98"
"Lenninknows","46","52","98"
"likoms","49","49","98"
"newtownboymajestic","49","49","98"
"orangad90","49","49","98"
"PhysicsMonstyr","49","49","98"
"pitapan","47","51","98"
"Prince_dastine1876","48","50","98"
"RACER844","48","50","98"
"runeberg2","49","49","98"
"ruslanshev","46","52","98"
"samy_rite","49","49","98"
"SANIK311681-1","49","49","98"
"Sergio75","49","49","98"
"SorteDeCapivara","49","49","98"
"syais","49","49","98"
"tengual","49","49","98"
"tobywharne","48","50","98"
"yan1","49","49","98"
"YousefRifai","49","49","98"
"ZEBIDA","51","47","98"
"Alamothegreat910","47","50","97"
"AlexisInterMilan","49","48","97"
"BaraaAhmed","49","48","97"
"birol1111","51","46","97"
"Bonboon7","52","45","97"
"bst1389","48","49","97"
"catajlgagj335","50","47","97"
"Dark_1_111111","50","47","97"
"DXN8","50","47","97"
"FarolDeCombate","49","48","97"
"GlennWill23","51","46","97"
"Hamendra239","48","49","97"
"LeavingHeaven","51","46","97"
"LGSC2005","49","48","97"
"MagicSchlumpf","49","48","97"
"MarkoKajzeric","48","49","97"
"mehrdaad-iran","48","49","97"
"pawnspawnss","48","49","97"
"pror","51","46","97"
"shlehterg","48","49","97"
"shouvik28","48","49","97"
"SpartanDav","49","48","97"
"swtfrk","50","47","97"
"Teillery","46","51","97"
"Tiger5555533","48","49","97"
"unagi_man","48","49","97"
"warrior1313","49","48","97"
"Yaverbajh","48","49","97"
"abcdefgh321","49","47","96"
"Ajax07","48","48","96"
"be2626","47","49","96"
"BESIN","50","46","96"
"Bobik666","48","48","96"
"ChessByAbhi","50","46","96"
"Damentanz","48","48","96"
"donna_elll","50","46","96"
"DrHamzawy99999","49","47","96"
"DrOrfeo","48","48","96"
"eymenkeles","50","46","96"
"gabris2005","47","49","96"
"Haron_ts","49","47","96"
"Hesso4chess","48","48","96"
"holst","48","48","96"
"HorseJump","46","50","96"
"iker07112022","49","47","96"
"IPlayFromTheRestroom","47","49","96"
"iron_fistt","46","50","96"
"Kingjka","46","50","96"
"LaBelleDame12355","50","46","96"
"Lady-Pomegranate","49","47","96"
"lalizou","48","48","96"
"Leonov_Evgeniy","49","47","96"
"likewater","48","48","96"
"Lodz2015L","48","48","96"
"Lvictor","47","49","96"
"max_the_bcger","48","48","96"
"micado1993","48","48","96"
"Mistheria","50","46","96"
"OscarMedina197812","50","46","96"
"posman62","48","48","96"
"praveent","47","49","96"
"przemekca","47","49","96"
"rajatindia619","48","48","96"
"RoiPalma","50","46","96"
"ron_dana","45","51","96"
"sandwars640","53","43","96"
"satranc_icki_arabesk","48","48","96"
"sbt2023","48","48","96"
"songokuzinho","47","49","96"
"Tatou47","47","49","96"
"Teraliw","48","48","96"
"TigerChen","48","48","96"
"tlaae_althanaya","48","48","96"
"Tresquinto","48","48","96"
"VINCENZO50","49","47","96"
"Worax360","47","49","96"
"youwin11","49","47","96"
"zavrik1984","47","49","96"
"Zenrourke","47","49","96"
"Abb_8686kh","50","45","95"
"aleks-056","49","46","95"
"AndreiPetukhov","49","46","95"
"Arben312","47","48","95"
"Ausonius1","47","48","95"
"BarnacleBoy","49","46","95"
"Bosburp","47","48","95"
"brokercl","46","49","95"
"CasparOuf","47","48","95"
"CAZAMULAR","49","46","95"
"checkmatthew","47","48","95"
"chesswhisz","47","48","95"
"DaigoroCloseYourEyes","49","46","95"
"Erwin_Calar","48","47","95"
"fortunemaepa","46","49","95"
"Gipsyphipsy","47","48","95"
"Glysney66","48","47","95"
"hashensilva","50","45","95"
"iiOtxnielii_123","45","50","95"
"kabashi","48","47","95"
"kap","50","45","95"
"klauslemmi","47","48","95"
"KoenVersmissen","49","46","95"
"Kojina","51","44","95"
"mariospappous21","46","49","95"
"markooooww","47","48","95"
"mazazy2023","47","48","95"
"MrBh7","48","47","95"
"NOTFAIRBM","47","48","95"
"ori_1996","49","46","95"
"Patent","48","47","95"
"pedazote","48","47","95"
"Peter_1961","42","53","95"
"Playitfast","48","47","95"
"Qussai1","47","48","95"
"rajkumar_galaxy","47","48","95"
"sam666","47","48","95"
"Scary_ghost","48","47","95"
"Shake08","50","45","95"
"Sipak78","47","48","95"
"Sothondose","48","47","95"
"spicolly","49","46","95"
"ULLE7","47","48","95"
"velobos0","49","46","95"
"weirdusername06","47","48","95"
"zissac","47","48","95"
"abdou_chrg","47","47","94"
"Actehualpa","45","49","94"
"ajagun11","46","48","94"
"Aricats","47","47","94"
"Bareli1","47","47","94"
"Barishyilmaz","49","45","94"
"basilieus","47","47","94"
"carloschero","45","49","94"
"Carlsenissogood","44","50","94"
"clarkheidern","46","48","94"
"DeLuCo","48","46","94"
"doctormoy","47","47","94"
"Earth_Is_Flat","46","48","94"
"Edertangarife","44","50","94"
"ellie_01","47","47","94"
"freez1337","48","46","94"
"fullmoonn67","47","47","94"
"gggmanas","48","46","94"
"GOL24","46","48","94"
"GoSeeLatte","47","47","94"
"Hezzzz","47","47","94"
"Isartal","48","46","94"
"JeanP34","45","49","94"
"jeremychang22","47","47","94"
"La-7fleur237","47","47","94"
"Lecowa","47","47","94"
"mate_my_day","48","46","94"
"Melapelass","47","47","94"
"Miracle571","48","46","94"
"mohammadrahimzade2","47","47","94"
"Ningawi","47","47","94"
"Oalshehhi","46","48","94"
"pajah","46","48","94"
"poupipi","47","47","94"
"SAMROTIZ352","45","49","94"
"santalucia","93","1","94"
"Secret_AKK","46","48","94"
"simtara","47","47","94"
"sthelier58","47","47","94"
"tebe_mat_shymkent","46","48","94"
"thebestvigever","47","47","94"
"Ural_bogom_spasen","47","47","94"
"vendra726","48","46","94"
"vikhas","47","47","94"
"Zamzurigenjur","49","45","94"
"Zornbold","45","49","94"
"ZOXZEGGA","47","47","94"
"ahmed-58","44","49","93"
"Antonio_70","45","48","93"
"Babu-2740","48","45","93"
"Bilmezi","44","49","93"
"BlairDawg","47","46","93"
"Bodhisattva81","46","47","93"
"calif100","46","47","93"
"declined93","47","46","93"
"Dime_J4v13r","49","44","93"
"Donmario1","45","48","93"
"drdrunckenstein","47","46","93"
"elrayowd","47","46","93"
"elvergonzalez517","47","46","93"
"Faidei","46","47","93"
"Forkast","47","46","93"
"hoophack","47","46","93"
"ifIbeatyouimurIdolno","45","48","93"
"igor302012","47","46","93"
"imadddz","47","46","93"
"Ivelliis_Sorf75","46","47","93"
"Jeanboblepleutre","47","46","93"
"jpg26","47","46","93"
"kareldost","45","48","93"
"Kizley","47","46","93"
"MAKDAMLAM","46","47","93"
"MatsenaMoz","48","45","93"
"megatron2021","47","46","93"
"mishell","47","46","93"
"mrcatprithu","48","45","93"
"Ngandung","46","47","93"
"NicknesarAndu","46","47","93"
"olanga","47","46","93"
"OMoGolowiththemoves","46","47","93"
"Osho343","47","46","93"
"othfrk","47","46","93"
"oykin","46","47","93"
"pantero_o","46","47","93"
"putman","45","48","93"
"Rafael56","47","46","93"
"RAVASA","46","47","93"
"raviculleton","46","47","93"
"sekokolla_sniper","44","49","93"
"Snizzlegoop","47","46","93"
"stalla_chess","47","46","93"
"Tinquet","46","47","93"
"usfibercommunication","46","47","93"
"Vicento","46","47","93"
"wapski","47","46","93"
"xavier20222","46","47","93"
"Yours_Lt","47","46","93"
"Andrew2510","44","48","92"
"arabiandalouse","47","45","92"
"ayed70ayed","45","47","92"
"ceoarkay","47","45","92"
"ChessChallenge3051","44","48","92"
"chessmasta10-4","48","44","92"
"Chessroyal20","46","46","92"
"CoolOwlOnTheLoose","48","44","92"
"Crazy_yogurt","47","45","92"
"Delvarimachesss","47","45","92"
"dqonnchess","46","46","92"
"ebosen","45","47","92"
"Gaurav_2607","47","45","92"
"Gowez","47","45","92"
"hectoriv","46","46","92"
"hiteshadvani","46","46","92"
"huybui2004a7","46","46","92"
"IgorTheGreat","46","46","92"
"javierhernandez","46","46","92"
"Javychu","45","47","92"
"JoelMaster205","46","46","92"
"kirugi100","46","46","92"
"Lelouchbri","46","46","92"
"LIZAKATO","49","43","92"
"lockyTj","44","48","92"
"MarceloTre","46","46","92"
"mroberts44","47","45","92"
"Nabuk0","47","45","92"
"ndamus","45","47","92"
"Ogora_Joshua","46","46","92"
"Omar_Alshahed","45","47","92"
"OttarStensvold","48","44","92"
"Pak72","47","45","92"
"prmiskin","47","45","92"
"Quasii550","45","47","92"
"ragbatcbi","46","46","92"
"ROM757","45","47","92"
"RomanUk88","46","46","92"
"sean_zw","47","45","92"
"sergiolana","46","46","92"
"Swallow_this","46","46","92"
"The_Stoic","47","45","92"
"thisisntcheckerz","47","45","92"
"Tiffi58","46","46","92"
"Tohiddadali1033","46","46","92"
"TwobyTwobyTwo","42","50","92"
"Vacpi92","48","44","92"
"WolfgangPlay","47","45","92"
"Xela58","48","44","92"
"zivko1956","46","46","92"
"Alfastupidity","45","46","91"
"Arminia69","48","43","91"
"cibereliminador","44","47","91"
"elmagoaaronE","46","45","91"
"elsucio58","47","44","91"
"Emam5730","45","46","91"
"Florinmagnus","46","45","91"
"fritzspieler","44","47","91"
"gallego1818","47","44","91"
"GaryKatastov","46","45","91"
"gleb","47","44","91"
"Gmdinosky","47","44","91"
"husamettintroleybus","45","46","91"
"huzzar","46","45","91"
"indorussianmaster","44","47","91"
"Inteligencia_Natural","45","46","91"
"Jasenko2","45","46","91"
"JEF01","45","46","91"
"k3llyd","45","46","91"
"Kaora","44","47","91"
"Karthik_thev","46","45","91"
"Kazantsev","46","45","91"
"Kippah","45","46","91"
"lihlee2222","49","42","91"
"lucmazardo","45","46","91"
"Meddl_Guys","44","47","91"
"miguelitros021809","45","46","91"
"napka","45","46","91"
"new_astro","44","47","91"
"nilsoskar42","45","46","91"
"Ododo57","46","45","91"
"PacerPrastari","45","46","91"
"Rebic","44","47","91"
"redstarpils","47","44","91"
"riabin","45","46","91"
"serge1968-1980","46","45","91"
"Shockwave2003","45","46","91"
"smalex999","47","44","91"
"Soulreaper2","46","45","91"
"StepStep13","45","46","91"
"stichchess","46","45","91"
"tabatabaee1360","46","45","91"
"TheGreatestloser","46","45","91"
"TigerClawzz","46","45","91"
"titan23","47","44","91"
"tomekpiotrczyk","44","47","91"
"upensan","46","45","91"
"VukBoss","45","46","91"
"Xipiro78","47","44","91"
"zhayeralbyaty","45","46","91"
"Aatsipoppaa","46","44","90"
"Alipoor1329","45","45","90"
"Ampere09","46","44","90"
"Ashish0211","47","43","90"
"BCurri11","45","45","90"
"Bodi99","45","45","90"
"Borhan75","45","45","90"
"bullet_only_2021","44","46","90"
"capivaraburro","46","44","90"
"corinne13","46","44","90"
"dentistarka","45","45","90"
"EarthylyType","44","46","90"
"Eldong","46","44","90"
"Georg_Matos","46","44","90"
"GezaM22","45","45","90"
"GT_Msailo","45","45","90"
"h_andris93","45","45","90"
"hskrerik","45","45","90"
"Jivaro669","44","46","90"
"Lemine","41","49","90"
"makskrai","44","46","90"
"MARC_CETERRES","44","46","90"
"Matic_Pro","46","44","90"
"Mellowchess97","46","44","90"
"MODERN2024","45","45","90"
"Mousa8years","44","46","90"
"N00b4s1g","44","46","90"
"nekro29","42","48","90"
"Nkwali4","45","45","90"
"oidadave","48","42","90"
"patalaha81","46","44","90"
"patptipat","45","45","90"
"ptrj","45","45","90"
"Rambabu150391","44","46","90"
"rhinebuster","46","44","90"
"RubbleChess","47","43","90"
"Sayed-777","45","45","90"
"Shachmatik","46","44","90"
"Shmelkoff","45","45","90"
"Solopi2","44","46","90"
"Starwars3D2","46","44","90"
"UbbeG","46","44","90"
"Un29mai","46","44","90"
"Unanima","45","45","90"
"VeridisQuuo","46","44","90"
"WaliserJunge","45","45","90"
"xqx2020","46","44","90"
"YANQU","45","45","90"
"yasuo1994","45","45","90"
"Zistopol","43","47","90"
"ZuhDeodath","46","44","90"
"abrak","46","43","89"
"addicted2pawnography","44","45","89"
"AkulaChess777","45","44","89"
"AlBravo08","44","45","89"
"amir_vaziri","44","45","89"
"angga_hilaman","46","43","89"
"Ansari1360","46","43","89"
"anuragzw","45","44","89"
"Arkady_19092015","44","45","89"
"arsenalca","45","44","89"
"Aurll","43","46","89"
"Bay800","45","44","89"
"bloopofhenle","42","47","89"
"Burr1","46","43","89"
"Carls_Who","44","45","89"
"cebuphillipines2022","45","44","89"
"chaperonelv","45","44","89"
"ChessEducation","42","47","89"
"cosmic_sunrise","45","44","89"
"cquispe","45","44","89"
"daniel_jason","45","44","89"
"DarkDeep","45","44","89"
"elmar555","44","45","89"
"Elviroenunbarco","43","46","89"
"emircan06_1217","44","45","89"
"ertuibo25","44","45","89"
"Fohlenelf","46","43","89"
"Fritz91","43","46","89"
"Gaciman","43","46","89"
"Gellerrocks","46","43","89"
"Gematta","45","44","89"
"h2trappy","44","45","89"
"hulkmuster","44","45","89"
"iandeluca","45","44","89"
"izziwiz","45","44","89"
"JamieOShea","46","43","89"
"JAVT","43","46","89"
"jchaconr","45","44","89"
"johndesu42","44","45","89"
"JRRBMASTER","45","44","89"
"Jsell523","41","48","89"
"Kasts","44","45","89"
"Kingskenderbeg1","45","44","89"
"Kost1s","44","45","89"
"Kratochwil","44","45","89"
"laspelotas12","45","44","89"
"lichdic2021","46","43","89"
"Lorenzana_Arkenette","46","43","89"
"Mariano_Nelson_II","46","43","89"
"mashaels","44","45","89"
"maximer73","46","43","89"
"Mico_Jevdjo44","44","45","89"
"mohamed_amine13","45","44","89"
"MrScribbles","43","46","89"
"NazgulNine","44","45","89"
"Neverstopberserk","42","47","89"
"NurzhChess","42","47","89"
"pelicanolito10","43","46","89"
"pufflehuff","47","42","89"
"Razieh","44","45","89"
"Reza2850","45","44","89"
"Russai","46","43","89"
"Sasa_der_Honigdachs","45","44","89"
"ScorPion_228","47","42","89"
"Seb_Pinsonneault","45","44","89"
"Shurik10","45","44","89"
"skyDfy","45","44","89"
"ST4HLG3W1TT3R","43","46","89"
"stanarek","44","45","89"
"test_debut","46","43","89"
"Titi24","44","45","89"
"topce","44","45","89"
"VicheOgono","45","44","89"
"Vinvin","45","44","89"
"VovikS","46","43","89"
"Worldboygenius","46","43","89"
"zebosha1989","46","43","89"
"Zernix","42","47","89"
"AlejandroAlfonzo","43","45","88"
"ASchreiber","44","44","88"
"asssssumoe","44","44","88"
"Athu_rahmansyah","44","44","88"
"avantyurist2018","45","43","88"
"Barsa_Abasi","45","43","88"
"bigspider","44","44","88"
"BissaOne","44","44","88"
"BlueberryHunter","45","43","88"
"Bobobear","45","43","88"
"Brett_Bit","44","44","88"
"brightonmudyi","41","47","88"
"burhan91tarawneh","43","45","88"
"databasecluster","45","43","88"
"DeLosAndes","43","45","88"
"donkan1","44","44","88"
"druetatetopG","45","43","88"
"Dunkelkopf","44","44","88"
"EleanorRigby2","44","44","88"
"evilmonkey87","44","44","88"
"F4thewin","42","46","88"
"fotism","45","43","88"
"Grebnev_Aleksey","45","43","88"
"grey_lynx","44","44","88"
"GUN33","44","44","88"
"heidel4","42","46","88"
"hm468070","46","42","88"
"hoseain","45","43","88"
"hubert-lemler","44","44","88"
"iliashabah","44","44","88"
"indysswhip","43","45","88"
"isepcastle","46","42","88"
"Jumalak","45","43","88"
"Kara4un_SP","44","44","88"
"leopold2018","44","44","88"
"LexLawless","44","44","88"
"LJacobi","45","43","88"
"Luciddreamss","44","44","88"
"Magi22","46","42","88"
"mgholinejad91","44","44","88"
"miskeena","45","43","88"
"mkhnaim","42","46","88"
"ModaSamy04","44","44","88"
"MrMashaba118","45","43","88"
"murattiiiiiiiii","43","45","88"
"n2dfire","44","44","88"
"negativeashi","43","45","88"
"patkutsahmat","44","44","88"
"Pk4247","45","43","88"
"RagingBonapart","44","44","88"
"rookie_here","44","44","88"
"SantySanthosh3","45","43","88"
"seraphim2030","42","46","88"
"sergerey","45","43","88"
"sonhouse","44","44","88"
"sopjani","43","45","88"
"soyphenomm","45","43","88"
"Sprengmaus","44","44","88"
"TBSSN71","44","44","88"
"ThatWasntBad","43","45","88"
"TotalnaTaraba","44","44","88"
"tvoyamandavoshka","43","45","88"
"Unrevealed_Z","41","47","88"
"vovanya971","44","44","88"
"WilliamHung85","45","43","88"
"yehudac","45","43","88"
"AdamAli2020","44","43","87"
"AliorUnity","41","46","87"
"amegan","43","44","87"
"amino100","43","44","87"
"BOUAITAH","44","43","87"
"chess_abstract101","43","44","87"
"coolyog","44","43","87"
"Crude_potato","41","46","87"
"DansStudyGuide","44","43","87"
"daugna30","45","42","87"
"dejan-lekic","43","44","87"
"dudinka029","44","43","87"
"dvblack","42","45","87"
"DxrkOnCrack","43","44","87"
"E4brain","42","45","87"
"edervise","45","42","87"
"Farzan63","42","45","87"
"FitimKras","42","45","87"
"GnevChess29","41","46","87"
"GroumGroum","44","43","87"
"GundamL","43","44","87"
"highchessftw","44","43","87"
"hysteria1978","43","44","87"
"Jatin037","43","44","87"
"JPS_01","45","42","87"
"jsruedao","41","46","87"
"Kabegody","43","44","87"
"kbriley33","44","43","87"
"kevcomo","44","43","87"
"L_Ours_Mordelais","45","42","87"
"Lesnick86","44","43","87"
"luisfqc","44","43","87"
"makdemir1","45","42","87"
"Mchamsarchamani","44","43","87"
"Mipsel","42","45","87"
"MrGrimm","44","43","87"
"Msaouli","43","44","87"
"Mthgo103","43","44","87"
"Oseiasfe","45","42","87"
"PauloGR","44","43","87"
"Pekimaa","45","42","87"
"pilotmami","44","43","87"
"playfair1","44","43","87"
"Ratziel","45","42","87"
"RaymondReddingtonne","43","44","87"
"Rezasahel7","44","43","87"
"Ronin3326","43","44","87"
"sa3ood88","43","44","87"
"Safiro25","44","43","87"
"sampson0712","44","43","87"
"shahinm","42","45","87"
"sinrevancha","44","43","87"
"SR70","43","44","87"
"Szeckmate","43","44","87"
"Teichgraf","43","44","87"
"TheDetermination","43","44","87"
"Typrush","43","44","87"
"Valentin_Ivan","40","47","87"
"YZ3","41","46","87"
"abrakadabra1233","45","41","86"
"AjedrezZapala","43","43","86"
"amol1604","43","43","86"
"AndyKirs","45","41","86"
"applejuice1","43","43","86"
"Argonavtik","43","43","86"
"axion1","44","42","86"
"azjargalaltangerel","45","41","86"
"bagnuk202","42","44","86"
"broccoletto","44","42","86"
"burakuznn1","42","44","86"
"cashew_bong","41","45","86"
"chan_13","44","42","86"
"CheckPatZ","43","43","86"
"DewaCatur12","42","44","86"
"diamboy","42","44","86"
"Draw_Vesper","42","44","86"
"Eazhil","43","43","86"
"FatSquirrel","43","43","86"
"filkloch","44","42","86"
"FLINOIS","43","43","86"
"Fromit","42","44","86"
"GalinaGR","42","44","86"
"Gerald65","43","43","86"
"Hh_ss","44","42","86"
"hikarumagnusfan","44","42","86"
"idamia","43","43","86"
"Ivanov_Maxim-63","42","44","86"
"jaquetazo","42","44","86"
"javipe2022","44","42","86"
"jmtaquiso","43","43","86"
"Jomaalga","41","45","86"
"kivanc9797","43","43","86"
"kukowin","43","43","86"
"LilTrusha","44","42","86"
"Lj1777","42","44","86"
"lSavatl","43","43","86"
"lupochess","41","45","86"
"marawas","42","44","86"
"martin_gales","41","45","86"
"Mathemax98","42","44","86"
"mcblessen","44","42","86"
"Melina14194","41","45","86"
"mojochazz","42","44","86"
"MUA","42","44","86"
"musstedassein12","41","45","86"
"Nightmarish_Pawn","42","44","86"
"Omarivas85","41","45","86"
"Osinger","43","43","86"
"Pawara_RC","45","41","86"
"peoncamaron","43","43","86"
"Plaine","40","46","86"
"QueDog02","43","43","86"
"RayoSalvaje","43","43","86"
"ReyBilardo","43","43","86"
"Sargon06","42","44","86"
"Shulgi","43","43","86"
"Shumar","43","43","86"
"Tersty2000","44","42","86"
"The_Muffinman","44","42","86"
"vittox11","44","42","86"
"Xanderphx","43","43","86"
"xmktcjp","42","44","86"
"yilu","44","42","86"
"Zee-Malachi","43","43","86"
"Abdulrahman2020","43","42","85"
"Agrochess22","42","43","85"
"ahmed-ali1990","44","41","85"
"Ajey100","42","43","85"
"Albertoborea72","42","43","85"
"alejandromdz","42","43","85"
"always_a_sleep","42","43","85"
"Autoplay583","43","42","85"
"Billrem","42","43","85"
"braulio66","43","42","85"
"BunkerBenno","42","43","85"
"Cadilose","43","42","85"
"CAMBIADOR72","43","42","85"
"Chess-For-All","43","42","85"
"christianmendoza285","44","41","85"
"Cokendza","44","41","85"
"DanielT1989","43","42","85"
"Dawinz","42","43","85"
"eclectic16","44","41","85"
"Enigma41","42","43","85"
"ettore75","42","43","85"
"Evgenirudenko","43","42","85"
"fabi36","44","41","85"
"FatFatBzh","43","42","85"
"fluse","43","42","85"
"FreddieFlare","43","42","85"
"full_beard","42","43","85"
"Hamidi1986","42","43","85"
"Infirmofpurpus","43","42","85"
"jafar976","42","43","85"
"Jerechyo","42","43","85"
"jonathan_1956","43","42","85"
"juventusisthefirst","43","42","85"
"kulindi","41","44","85"
"lhazapatista","42","43","85"
"manasparida","43","42","85"
"markdas499","43","42","85"
"markvelouz","41","44","85"
"MAXXMR","41","44","85"
"May68","43","42","85"
"merdgms","42","43","85"
"miguelsos","44","41","85"
"MiUnosh","40","45","85"
"MojoJojo11","42","43","85"
"monroe2","42","43","85"
"niteowl7","44","41","85"
"nmpride","44","41","85"
"ogsuryakantbanjare","42","43","85"
"Ojay_jonathan","42","43","85"
"Opeeng","42","43","85"
"ORS1962","44","41","85"
"Owen2geesss","43","42","85"
"patpat123","43","42","85"
"praveen47453","42","43","85"
"pscl27","44","41","85"
"PupiloGoldenFrezea03","43","42","85"
"Rasibor","42","43","85"
"RElmahdy","43","42","85"
"Rosterud","41","44","85"
"Sam_k2014","41","44","85"
"sampar0301","42","43","85"
"Serkan_Candan","43","42","85"
"simenn29","42","43","85"
"SlobodoV","41","44","85"
"Smile_maker","44","41","85"
"somperson24","43","42","85"
"teampoltkiller","44","41","85"
"Thfdrthgkiitfx","42","43","85"
"TuralGambit","45","40","85"
"ugo1111","42","43","85"
"UncleGriffie","41","44","85"
"woodden_blade","43","42","85"
"zazpiak_1","43","42","85"
"Aladdinhaddad","45","39","84"
"alamchess","42","42","84"
"alencomor","43","41","84"
"alex0403","41","43","84"
"Alexei-12345","43","41","84"
"Alfadqt4ver","42","42","84"
"Aref_40","43","41","84"
"arntstor","40","44","84"
"Ayman_Marei","43","41","84"
"AzinGhazi","41","43","84"
"babapremnath12","43","41","84"
"BigBadMoves","41","43","84"
"Blaqed","41","43","84"
"buhayegay011271","41","43","84"
"CaspianSea","42","42","84"
"Chewe-kabwata1","41","43","84"
"ChinoMarambio","41","43","84"
"cronopio_azul","42","42","84"
"dekakamal","42","42","84"
"Dzebic","43","41","84"
"emek123","42","42","84"
"evellycalheiros","41","43","84"
"Giantbalt","41","43","84"
"Gigafactory","41","43","84"
"Gurumeistre","42","42","84"
"Hamiid49","40","44","84"
"hel10d0r0","43","41","84"
"HenrietaH","43","41","84"
"hpsch","42","42","84"
"iNeedAMouse","42","42","84"
"jacobskinsuit","44","40","84"
"joetdm","42","42","84"
"joninoloco01","41","43","84"
"jorgesimoespt","44","40","84"
"KapanegraLA","42","42","84"
"kiran9948","42","42","84"
"krugton","42","42","84"
"Lil_D","41","43","84"
"luismim","42","42","84"
"Morphy27","41","43","84"
"Muchi16","43","41","84"
"newaccs","42","42","84"
"nilesh_in","43","41","84"
"Obliviax","43","41","84"
"Paco67","40","44","84"
"PCDIMarkAnthony","44","40","84"
"player_rapid023","41","43","84"
"pspice97","40","44","84"
"rancze","43","41","84"
"Rubins75","41","43","84"
"sakthi17","40","44","84"
"Sanskari_Wolf","44","40","84"
"sc4252","42","42","84"
"SCA_Yang","41","43","84"
"Serve_Volley","44","40","84"
"sethup","44","40","84"
"Sigfrid2020","41","43","84"
"siva37","43","41","84"
"spit9440","41","43","84"
"targoniy","42","42","84"
"tarrasch096","43","41","84"
"tincho333","41","43","84"
"tipcsi2212","41","43","84"
"waterbird05","41","43","84"
"whallsey","42","42","84"
"admini-strator","43","40","83"
"aldren06garing","42","41","83"
"Aleajacta","42","41","83"
"AlexDamouny","43","40","83"
"alexshvab","41","42","83"
"Andreajvmie","43","40","83"
"AnSa13","43","40","83"
"ARMENI2021","39","44","83"
"Ataque-Doble","41","42","83"
"Auricoz","40","43","83"
"balazo","41","42","83"
"batboldb","42","41","83"
"bkkchoi","41","42","83"
"black64white","42","41","83"
"brrrar","41","42","83"
"carlos_Torre_viz","42","41","83"
"CharizardIsCool54","43","40","83"
"chloearia","42","41","83"
"CupkoTurko","40","43","83"
"DdaleX","42","41","83"
"Edw17","43","40","83"
"Elis1961","42","41","83"
"elizawilson","41","42","83"
"eneserdogan","42","41","83"
"ernesto-carsierr","41","42","83"
"Faisal_Khan_97","41","42","83"
"Foiterhitohionigh","40","43","83"
"Frank12master","41","42","83"
"Garaga98","42","41","83"
"garrycabornida","41","42","83"
"Garvennn","41","42","83"
"GSPGSP","41","42","83"
"helsby1","41","42","83"
"IamTrash6969","41","42","83"
"ilnamco","42","41","83"
"Joel_Shiimi","42","41","83"
"jonatan-jaguaretama","42","41","83"
"joranpun","40","43","83"
"juliusgrettir","41","42","83"
"kimchi_stew","41","42","83"
"KingSacrifice88","40","43","83"
"Kiwinoy25","42","41","83"
"KnockMate","41","42","83"
"mahmoodebadi1986","43","40","83"
"MFLdV","43","40","83"
"MiHCK","43","40","83"
"mikadommartin","41","42","83"
"minevaganti1","40","43","83"
"mjeyd2","41","42","83"
"MNkosi","42","41","83"
"mohghase","42","41","83"
"MY-2009","41","42","83"
"newplanet_2025","42","41","83"
"nikOld","42","41","83"
"oli8000","42","41","83"
"orrtw","42","41","83"
"OuiouiChess","41","42","83"
"pacocaraballo","42","41","83"
"PauleBerger","39","44","83"
"PlaqueKnight","40","43","83"
"Plottie_Mankheim","42","41","83"
"PoramRonya","42","41","83"
"ProfEmBag","43","40","83"
"qol33333","41","42","83"
"Randomshots","41","42","83"
"Roxana312","44","39","83"
"rufino1906","40","43","83"
"Sainan5070","40","43","83"
"Sandyccs","42","41","83"
"Scricciolo4","41","42","83"
"seifaldeen","41","42","83"
"shaxanovuktam22","42","41","83"
"ShumbaHuru","43","40","83"
"soyunder","43","40","83"
"TKEJJ","41","42","83"
"tobita155","41","42","83"
"xyzxy","41","42","83"
"A_dalina","42","40","82"
"adiso","38","44","82"
"ailtonn","41","41","82"
"aleksgeorg","38","44","82"
"amiraliiiiiiiii","41","41","82"
"Aplen","42","40","82"
"arjun_sagar","41","41","82"
"asallon78","43","39","82"
"Atrin1398","41","41","82"
"Aybek1972","42","40","82"
"Balutsky13","38","44","82"
"behhroozaria","40","42","82"
"beklya","42","40","82"
"Carnevales","40","42","82"
"Cerojasa","41","41","82"
"CheckedMatt","41","41","82"
"chessgenius71","42","40","82"
"chessophobe","42","40","82"
"chessqg","42","40","82"
"convoyer","41","41","82"
"Dooby2356","42","40","82"
"doux_poison-8","41","41","82"
"elijah19","38","44","82"
"energy382","40","42","82"
"fest90_674","41","41","82"
"flybliug","41","41","82"
"GRAF2112","40","42","82"
"gsw30sc","41","41","82"
"GwendolynWinters","41","41","82"
"Hawk2661","38","44","82"
"hoensul","41","41","82"
"huh0000","41","41","82"
"Ih8chess69","50","32","82"
"James-Stiven","42","40","82"
"Jokeris1","42","40","82"
"KD_tr","40","42","82"
"keke17","41","41","82"
"LEANDROTOVAR_S4COC","42","40","82"
"LimitTester44","42","40","82"
"Manova-jeu","40","42","82"
"marcados","40","42","82"
"marcelovrs","41","41","82"
"Matizogro","39","43","82"
"mr7stein","44","38","82"
"Muehleistbesser","41","41","82"
"Notorious_Blitzer","40","42","82"
"OguzMe","40","42","82"
"podspeter","41","41","82"
"Porukambrat","40","42","82"
"QxU1","42","40","82"
"Rikh_Kruzer","41","41","82"
"rionon","42","40","82"
"RobertMarz","39","43","82"
"RoMeRoS228","41","41","82"
"RostPlokhotniuk","40","42","82"
"Ruslan1802","41","41","82"
"seytarodes","41","41","82"
"SkiCats","40","42","82"
"Stapeing","43","39","82"
"StupidGenius1989","42","40","82"
"ThBinder","41","41","82"
"timkan","39","43","82"
"Tonney25","41","41","82"
"UkkirbTr","41","41","82"
"Varshko_Oleksandr","42","40","82"
"Vova1954","81","1","82"
"VRDNIK","41","41","82"
"WoodPushingDude","42","40","82"
"younessbonde007","43","39","82"
"zakeri115","40","42","82"
"Abdussammad","40","41","81"
"adonaymb","39","42","81"
"aledcc","40","41","81"
"AlexVasev71","41","40","81"
"alpha1975omega","39","42","81"
"Andrei1966","39","42","81"
"AnDrei34","41","40","81"
"Andreika1950","40","41","81"
"ANTIP_A123","41","40","81"
"Anton-Tal","40","41","81"
"AxiomMuziq","41","40","81"
"aydnduman","38","43","81"
"aznboy09","39","42","81"
"BackRankViolator","41","40","81"
"bobbyfishbrobert","44","37","81"
"bukvalno500","40","41","81"
"Check_Push_MATE","41","40","81"
"Clive93","41","40","81"
"cllm61902","40","41","81"
"Crazydog67","38","43","81"
"Cupid19","40","41","81"
"D-leserbe","40","41","81"
"DavistheMRA","40","41","81"
"demon13","41","40","81"
"DieBliksem","40","41","81"
"dovi04","38","43","81"
"Dr_Daywalker","41","40","81"
"DrZombie2524","42","39","81"
"elliemay","39","42","81"
"Fhd12345","42","39","81"
"Fotty_1338","39","42","81"
"Gongas7","41","40","81"
"halil-cibran","40","41","81"
"harsh_trivedi","40","41","81"
"hfh2021","40","41","81"
"hopsing001","41","40","81"
"HunarS","40","41","81"
"ikmed","43","38","81"
"jamesw70","41","40","81"
"javillochess","39","42","81"
"jay0777","39","42","81"
"Josediaz2717","39","42","81"
"juloma","42","39","81"
"karlsenentotre","42","39","81"
"kingfisherx44","41","40","81"
"Krishna2512","38","43","81"
"leopSim","41","40","81"
"LePeter","41","40","81"
"Lokier","39","42","81"
"marcelluslloret","44","37","81"
"MayorMcChessy","40","41","81"
"mehdi1148","38","43","81"
"MrBullet_1","42","39","81"
"MrdeMarcory","43","38","81"
"nono1974","38","43","81"
"Nykolaj79","41","40","81"
"oOoOzZ","44","37","81"
"patwit63","40","41","81"
"pink2013","43","38","81"
"sahilrec9","39","42","81"
"Shahrokh1348","42","39","81"
"Sosakan80","40","41","81"
"supersajta","41","40","81"
"The-wolf86","39","42","81"
"TrumanSapoty","39","42","81"
"tua606","42","39","81"
"TzTzT","41","40","81"
"v_voyt","41","40","81"
"v2d8","39","42","81"
"VinayakSahu","41","40","81"
"Zelllli","41","40","81"
"acrocodia","40","40","80"
"ahmedjamali","40","40","80"
"AlishkaYEUE","40","40","80"
"ALMA-ATA","40","40","80"
"Alumnos_AT","42","38","80"
"amilest7777","39","41","80"
"amirh198","43","37","80"
"Ascate","40","40","80"
"Aurora_Soph","40","40","80"
"aWild3gg","40","40","80"
"bgeorgiev","41","39","80"
"Big_Bazookas","39","41","80"
"Blatdemoro21","41","39","80"
"BOBBY_FICSHER","41","39","80"
"Bombitto112021","41","39","80"
"boymate","38","42","80"
"BozhepravyOfficial","41","39","80"
"Buhari_Muhammed","41","39","80"
"clashq","40","40","80"
"coachgreen","40","40","80"
"CostaBR","38","42","80"
"Cristopher_Sonido13","42","38","80"
"cschaw","38","42","80"
"Davit_Hunanyan","40","40","80"
"Diamondwx","41","39","80"
"DiegoMesa123","41","39","80"
"Droctulft_87","40","40","80"
"Edodudu","40","40","80"
"elysh","40","40","80"
"Emmanuelchewe","39","41","80"
"fitzgibbon","41","39","80"
"GAMEOVERKIDS","40","40","80"
"GarryKapivarov","40","40","80"
"gautamaa","42","38","80"
"GeOrt123","41","39","80"
"iv7plus","40","40","80"
"IvarlacVladut","41","39","80"
"Jcape","41","39","80"
"John-Wick","40","40","80"
"johnep","40","40","80"
"Juju2020chess","40","40","80"
"Kkikkin","40","40","80"
"kkkk1234","39","41","80"
"Kobydog","40","40","80"
"LakshyaThapar","40","40","80"
"Lelouch_77","40","40","80"
"Magesh_85","41","39","80"
"Mastergoering","39","41","80"
"McFlyGambit","40","40","80"
"miguelgarcia03","39","41","80"
"mkbhatt","38","42","80"
"MTwaha","41","39","80"
"muhamad1122","42","38","80"
"obaida88","42","38","80"
"OleksandrHordiienko","39","41","80"
"Paiin_hacker","39","41","80"
"panserge","41","39","80"
"paradokcs","39","41","80"
"PavelGold","40","40","80"
"pista68","41","39","80"
"polarousky","38","42","80"
"rafalla","41","39","80"
"reddyvineeth","41","39","80"
"rejanmar","40","40","80"
"rezasadat1359","38","42","80"
"rikredd","41","39","80"
"sargon-1ply","37","43","80"
"SaulBars","41","39","80"
"Securityfast26","40","40","80"
"Simonovich88","42","38","80"
"Tartakover1","40","40","80"
"thegsela","40","40","80"
"TheMasterJonCL","39","41","80"
"Too-Old","39","41","80"
"trashcan","42","38","80"
"YallenGusev","41","39","80"
"YeYoSayer","40","40","80"
"AhmetBilgisel95","39","40","79"
"Aktau36","40","39","79"
"angimar","40","39","79"
"AritzMancha","39","40","79"
"arp888555","38","41","79"
"AyoubHolmes","40","39","79"
"BahlolDaana","39","40","79"
"bayu01","39","40","79"
"BelGUchess","38","41","79"
"Birgit23","40","39","79"
"Blacktarco","41","38","79"
"BlunderPatrol","39","40","79"
"Bo3nariuk","39","40","79"
"brettdoad","39","40","79"
"butifarra84","39","40","79"
"byebob","40","39","79"
"CarlosSoares","39","40","79"
"chankya_kautilya","40","39","79"
"Chess_Lunatic","42","37","79"
"chess_noob1554","38","41","79"
"chiwuax","39","40","79"
"Chommy","39","40","79"
"dnalreven","41","38","79"
"dooshbagjones","40","39","79"
"Edrixtj","39","40","79"
"eeeQueroCafeee","38","41","79"
"Espaniol","41","38","79"
"Faustino_57junior","41","38","79"
"fbkon","37","42","79"
"Fiordini","40","39","79"
"frankoooo","38","41","79"
"Gaffeur58","40","39","79"
"Gatoconsombrero","38","41","79"
"Germory","40","39","79"
"GianfrancoPuicanP","40","39","79"
"Gordo_Patagonico","38","41","79"
"Hamidkhka","39","40","79"
"hg206","40","39","79"
"hotgames","40","39","79"
"iskoaster","40","39","79"
"jiacomo","37","42","79"
"jwoolfolk02","40","39","79"
"Kawkanat","40","39","79"
"kenfromconnecticut","39","40","79"
"LATARBOY-YT","41","38","79"
"leavemynameout","43","36","79"
"liviumarius07","40","39","79"
"maie2003","38","41","79"
"marasmus01","38","41","79"
"MdBullet","41","38","79"
"Melkor123","39","40","79"
"MeMiThOo","40","39","79"
"Miguel_Angel_Franco","39","40","79"
"Mlungwana","38","41","79"
"MrGood_Va","39","40","79"
"Nadigraj","38","41","79"
"Newopeningstrial","42","37","79"
"PA1N_13","37","42","79"
"PAIKAN90","40","39","79"
"pandr","40","39","79"
"Pavel_Shergin2002","40","39","79"
"Praveen_Yeah","43","36","79"
"Rizkipcaa","41","38","79"
"rok2007","40","39","79"
"SalengCP","39","40","79"
"sashazhit","39","40","79"
"Serik_Tursynbekov","37","42","79"
"sirdave1986","38","41","79"
"spocks","38","41","79"
"stefanmarinescu251","40","39","79"
"suayipince2","39","40","79"
"Supernova40","40","39","79"
"T2046","40","39","79"
"t4msull1","39","40","79"
"Tacticutioner","38","41","79"
"tamirciata","41","38","79"
"tonyclifton","39","40","79"
"Tuna_Can_Tom","43","36","79"
"Vecttory23","40","39","79"
"Vonsky","37","42","79"
"XxCristianxX-1","38","41","79"
"Yangila","40","39","79"
"ynotevol","41","38","79"
"abismoazul","37","41","78"
"aceiter","41","37","78"
"Ajagunte","40","38","78"
"Alcatraz1025","37","41","78"
"Alexandr_Korostelev","40","38","78"
"AnVic38","38","40","78"
"Atomyvaleria","38","40","78"
"awal_geekk","38","40","78"
"Baluk","41","37","78"
"Betterconcentration","39","39","78"
"bhanu4ds","37","41","78"
"brnvstrncyagmur","39","39","78"
"BrokenSoul88","37","41","78"
"capperdut","39","39","78"
"castelobranco26","39","39","78"
"chessmec","40","38","78"
"coolbreezeman","38","40","78"
"Cumanovitz","39","39","78"
"danger-perigo","36","42","78"
"Darwica","40","38","78"
"debamf","38","40","78"
"deejayclay","37","41","78"
"DenisBenDavid","40","38","78"
"diegogsilva153t","40","38","78"
"DinalRW","40","38","78"
"DoyleBrunson102os","38","40","78"
"Drago10A88","39","39","78"
"DRLAFARZE","38","40","78"
"durga777","39","39","78"
"elikoh80","40","38","78"
"FelixLarrosa","39","39","78"
"fordprefecto","39","39","78"
"ForzaRossoneri","40","38","78"
"fredlevieux","39","39","78"
"FullerCuba","39","39","78"
"Garikhoe","39","39","78"
"Grabuark","38","40","78"
"GrandestDelusionare","39","39","78"
"ILUVSACS","40","38","78"
"ing-faleh","39","39","78"
"Josh97","38","40","78"
"jubabai","38","40","78"
"kamandragon","40","38","78"
"karol0","39","39","78"
"kelk","41","37","78"
"KingSacrofishhh","39","39","78"
"Kiselev_Vitaly","40","38","78"
"KopylovEvgeny","37","41","78"
"kozeljzeljko","39","39","78"
"Laban94","39","39","78"
"LIVANDOSKI","37","41","78"
"loyable","39","39","78"
"Majd_Shamali","39","39","78"
"MasterVoltron","39","39","78"
"Mavegon","39","39","78"
"mayor1980","38","40","78"
"MDDUMBA","37","41","78"
"mesavur","41","37","78"
"messenjah","40","38","78"
"mohamedyasserhamed","38","40","78"
"mohammad005","39","39","78"
"Molot_ua","38","40","78"
"mrcrazy010","38","40","78"
"Nautiliusy","39","39","78"
"NoKieV2021","39","39","78"
"Patejl22","38","40","78"
"Pinceau45","39","39","78"
"poxnorakill","38","40","78"
"protyberaneth","41","37","78"
"renzorfb","38","40","78"
"rfntymrf","39","39","78"
"rjoselimuru","39","39","78"
"RobertBread","38","40","78"
"rp63","39","39","78"
"sadness5","41","37","78"
"Sakthiamarnath","40","38","78"
"SamKaiba","37","41","78"
"seletskayapolina","41","37","78"
"Sergey-XAH","42","36","78"
"siouxzen","38","40","78"
"sisalspikes","39","39","78"
"sssaaa111","39","39","78"
"sumatralekanapal","39","39","78"
"TheBestRus","40","38","78"
"TheConfusedPawn","39","39","78"
"Tinashendo","38","40","78"
"UltraAdrioh","39","39","78"
"V_1989","39","39","78"
"vic631","40","38","78"
"Vladas27","40","38","78"
"WatchU","38","40","78"
"Wik1tor","47","31","78"
"wmitty","38","40","78"
"Yarmo10","40","38","78"
"Younesmat","40","38","78"
"aboudsamad","40","37","77"
"Adan1","39","38","77"
"Adeyinka123","37","40","77"
"Aeylynn12","40","37","77"
"AfricanPlayer","40","37","77"
"ahmadabdelsabor","36","41","77"
"Aiken43","39","38","77"
"AlexAgit","40","37","77"
"aminnjf","40","37","77"
"Apfelfruchtsaft","39","38","77"
"babacan12","39","38","77"
"babacoul","38","39","77"
"bace_kiko","38","39","77"
"beginer1993","40","37","77"
"beso1989","37","40","77"
"bhAIraHaWA123","38","39","77"
"BibekPokhrel","37","40","77"
"BRINTODZ","39","38","77"
"ChessKing3412","38","39","77"
"damir38","39","38","77"
"darkhaise","38","39","77"
"dddd345","37","40","77"
"death04","40","37","77"
"DerAdlige","39","38","77"
"donki-kong","38","39","77"
"DoubleUK","37","40","77"
"DrQJ","39","38","77"
"elfabio2","38","39","77"
"Elsteraner46","37","40","77"
"Evenflow","40","37","77"
"HHMG","39","38","77"
"Idritiano","40","37","77"
"JeffINero","39","38","77"
"johnyfetka","39","38","77"
"KaanCelikk","38","39","77"
"KAYAWU","39","38","77"
"kensdavid","39","38","77"
"khaledharazy77777777","40","37","77"
"KIRA-0","40","37","77"
"Knight_Aquib","39","38","77"
"LadyCatalanPawn","37","40","77"
"LoseBigOrGoHome","37","40","77"
"lotrisking","37","40","77"
"maeddy","41","36","77"
"mapapa","38","39","77"
"mategolas","38","39","77"
"Matvey1423","37","40","77"
"Meco_Variations","38","39","77"
"memetcelik","39","38","77"
"Methuselah17","39","38","77"
"Michael_Gurzau_GM","39","38","77"
"michu8u","39","38","77"
"mliu","39","38","77"
"mo95","40","37","77"
"Moayad30","38","39","77"
"mopsiktaksik","39","38","77"
"mustafaMslati","39","38","77"
"Natasha_Romanoff","38","39","77"
"ogic","39","38","77"
"oseayo","38","39","77"
"parveznipu","35","42","77"
"Pawnpusher08","38","39","77"
"Pjchesser","38","39","77"
"player8574","39","38","77"
"pole50","38","39","77"
"ptgary6","41","36","77"
"rahman94","37","40","77"
"ronny24","40","37","77"
"Ru59","38","39","77"
"Rumata_Estorskiy","41","36","77"
"Salvadormdz","41","36","77"
"Scultetus","38","39","77"
"Shtusha-Kutusha","40","37","77"
"slky","38","39","77"
"SnailChessYT","38","39","77"
"Sneako68","38","39","77"
"Strategenius","33","44","77"
"TennisMath","39","38","77"
"TheBeezleBoob","41","36","77"
"timur8444","38","39","77"
"Vedantvrvc8","38","39","77"
"Viorelz11","39","38","77"
"Vladsss1","39","38","77"
"yanay-germen","37","40","77"
"yt329","39","38","77"
"aaehsan","39","37","76"
"abhijay_nippani","38","38","76"
"Aditya_Ranot7","38","38","76"
"aKa83","38","38","76"
"akkochan","37","39","76"
"Alqfi","37","39","76"
"Antoniojes73","39","37","76"
"Archibong_Christian","38","38","76"
"artmaxgen","39","37","76"
"Aymankarsou-1294","39","37","76"
"BajalaNa","40","36","76"
"Batilsky_1102","39","37","76"
"beginner975","39","37","76"
"bhupathi81","37","39","76"
"bigboysss","38","38","76"
"BigBro007","38","38","76"
"BigJuicer69","39","37","76"
"bizarresantos","41","35","76"
"BOMBARDO","39","37","76"
"buildingarrangement","38","38","76"
"cansaati","38","38","76"
"Cebuman","39","37","76"
"cr151","38","38","76"
"Dhimanji1","39","37","76"
"dompakgoklassimamora","39","37","76"
"Ektoras17","38","38","76"
"Elrifle","38","38","76"
"Fabinho2853","38","38","76"
"ffs87","39","37","76"
"fpchess","38","38","76"
"gabriem1","38","38","76"
"Gambitsbuster","39","37","76"
"garry64","38","38","76"
"glupyj_chitak","37","39","76"
"grandmaster1372","38","38","76"
"GreatMasteR_007","40","36","76"
"guddukosta1","38","38","76"
"guitgui","38","38","76"
"jalalnori1","38","38","76"
"jcp7777","37","39","76"
"jendouba10","38","38","76"
"jiem_1","38","38","76"
"joni4","38","38","76"
"Josemanuel50","39","37","76"
"jovo99","38","38","76"
"Jsafi","38","38","76"
"Konabro","37","39","76"
"konkindron","39","37","76"
"krookxx","37","39","76"
"LavaMonster","38","38","76"
"LengAok1469","38","38","76"
"Louise96","38","38","76"
"machi97","38","38","76"
"Marcam70","37","39","76"
"MariamJ","38","38","76"
"mattcrossette","38","38","76"
"MiguelEnrique","37","39","76"
"Mons69","38","38","76"
"murzabek1","38","38","76"
"Nadal650","40","36","76"
"narenravi","37","39","76"
"nemopoint","37","39","76"
"No_Enemy_MasterOfsh","39","37","76"
"NoLarmas","37","39","76"
"omariscof","39","37","76"
"Omnitrix1","37","39","76"
"PabloTuc","38","38","76"
"Pandathicc","37","39","76"
"Peachesyotequiero","39","37","76"
"pijagachess","38","38","76"
"ppvalenzuela","38","38","76"
"PremoveBlunder","37","39","76"
"project_kmac","37","39","76"
"promenanto65","38","38","76"
"Quo_Vadis","37","39","76"
"rashyNipples","38","38","76"
"rotarykevrx2","38","38","76"
"RuslanS1984","37","39","76"
"rutkaycabuk","38","38","76"
"ruylopez02","38","38","76"
"scandiplease","39","37","76"
"scuratof","40","36","76"
"sebmal","37","39","76"
"sesimuzgunpesten","39","37","76"
"siemaadamjestem","38","38","76"
"Soldatblut","38","38","76"
"Sphesihlerh","38","38","76"
"StanislavRus73","36","40","76"
"Stepmaker_2","38","38","76"
"swbxx","39","37","76"
"tamneck","41","35","76"
"Tduty81","39","37","76"
"TheDarkMilitary","39","37","76"
"thepawnismightier","38","38","76"
"Toko9988","37","39","76"
"TooAddicted","38","38","76"
"ToromBot","37","39","76"
"vangulio","37","39","76"
"veysia","39","37","76"
"victor001200","39","37","76"
"Vishy12369","38","38","76"
"weballergy","38","38","76"
"WHOisSHEEsh","38","38","76"
"WorstPersonOnEarth","38","38","76"
"zaved786","41","35","76"
"zenith913","38","38","76"
"abdelmoughit001","38","37","75"
"amyduperigord","37","38","75"
"andercontrol","35","40","75"
"AndrejD","39","36","75"
"Arviens","36","39","75"
"as31s68ef","38","37","75"
"Bengema","36","39","75"
"Besserwisser111","43","32","75"
"BigAl1","39","36","75"
"blunderPT","39","36","75"
"BorisShpilman","36","39","75"
"Bukateja-chess","37","38","75"
"Caballoasesino","38","37","75"
"cajo555555","37","38","75"
"Captaincodd","39","36","75"
"casparruben","37","38","75"
"chadi254","40","35","75"
"Chaktic_Gaming","36","39","75"
"Chessrj","38","37","75"
"d4-aliriza","38","37","75"
"darole77","38","37","75"
"DennisT","37","38","75"
"Dimon0071","37","38","75"
"DionsbrotherTP","38","37","75"
"DisintegrationLoops","37","38","75"
"Drago2122","36","39","75"
"dreddin","36","39","75"
"egorich32","36","39","75"
"endgame-madness","37","38","75"
"fikki","38","37","75"
"flashironman","36","39","75"
"frozen_shadow","37","38","75"
"gldanets","38","37","75"
"Gowsik","38","37","75"
"hangman123","38","37","75"
"Happy_Duck12","36","39","75"
"Harrymeenzer","36","39","75"
"hatamheydarian","37","38","75"
"HenryAramayo3jaques","36","39","75"
"ibeathikaru","38","37","75"
"iRamzilla","39","36","75"
"ismet3295","37","38","75"
"iSmitty","39","36","75"
"Ivan_E","38","37","75"
"jeancharleslenoir","38","37","75"
"joseechavez","40","35","75"
"jychintu","36","39","75"
"KhaledWielki","37","38","75"
"klepa_ramsesovna","38","37","75"
"KnightsRules","39","36","75"
"Kwc1960","38","37","75"
"LanceFairfield","38","37","75"
"letztepartie","38","37","75"
"M_R_Teymouri","38","37","75"
"mak78","37","38","75"
"malindasene","39","36","75"
"Mephist0","38","37","75"
"MESSICR72012M","39","36","75"
"Misterious_hade","37","38","75"
"mohoqly","39","36","75"
"nazar0000","38","37","75"
"Niagrad","38","37","75"
"NikKol_63","38","37","75"
"OHBANANA1972","39","36","75"
"Outofmyleague","39","36","75"
"Papador","35","40","75"
"Patsangas","36","39","75"
"PaulJohn","38","37","75"
"PawnHook","37","38","75"
"peho1231","38","37","75"
"Pittsburgh66","37","38","75"
"rafraf396","37","38","75"
"Rerereggie","36","39","75"
"returnNull","40","35","75"
"RodrigoMarrou","35","40","75"
"ruhni65","38","37","75"
"Runduderunfast","39","36","75"
"sancak_zeki","37","38","75"
"Sarandajone","38","37","75"
"serdar0061","37","38","75"
"Sergei_Tyurin1985","37","38","75"
"SilentKiller0602","38","37","75"
"SkToker","36","39","75"
"Slivnev-71","37","38","75"
"sonza","41","34","75"
"Splitrange","36","39","75"
"stefanmilani","38","37","75"
"Stockshait","38","37","75"
"SVODMEVKO","37","38","75"
"tags","39","36","75"
"TarantolaAssassina","39","36","75"
"Tarigan_zegir","39","36","75"
"uarle","39","36","75"
"ub2r","37","38","75"
"unixos","37","38","75"
"Valaraz","37","38","75"
"Valera50","38","37","75"
"venkater","37","38","75"
"verdepicchio","39","36","75"
"vespasius","38","37","75"
"wldntdtht","38","37","75"
"WSmirnov","38","37","75"
"xystic","36","39","75"
"zenoncol","37","38","75"
"Abchesser","37","37","74"
"Abo_El-magd","37","37","74"
"AdrianoBrazChess","38","36","74"
"adrin_2020","36","38","74"
"Alexbro777","37","37","74"
"Amalgan2023","36","38","74"
"anastasio","38","36","74"
"bbbtk","38","36","74"
"beatgenius","36","38","74"
"bentho","38","36","74"
"BigTiger123","33","41","74"
"chessFan0708","37","37","74"
"DarkBurak10","38","36","74"
"darya_Hejazi","37","37","74"
"Delaloma","38","36","74"
"diya1234","38","36","74"
"Dominikanisch","36","38","74"
"dontcry07","37","37","74"
"Doria4477","38","36","74"
"Drlorentzo","36","38","74"
"EarthLand","37","37","74"
"ExterminatorXXX","36","38","74"
"Flofi_fr","38","36","74"
"fsbatur71","37","37","74"
"fwane","36","38","74"
"GitVit","37","37","74"
"gokhanavcii","37","37","74"
"GOPastrone","37","37","74"
"guayacan2012","37","37","74"
"Hadi_Nirwana","38","36","74"
"Hansneiiman","39","35","74"
"harpinmood","38","36","74"
"hiroki6","38","36","74"
"Indranil_Pramanik","36","38","74"
"Iryna19","39","35","74"
"is_universe_ok","38","36","74"
"islwyn19","36","38","74"
"Iveky","39","35","74"
"Javier9384","37","37","74"
"jbarkerag5","37","37","74"
"jnseray","36","38","74"
"juliaandglow","38","36","74"
"Kargalskyi","37","37","74"
"kidCharlemagne29","37","37","74"
"Klmv","35","39","74"
"Koushik08","40","34","74"
"kulilats","36","38","74"
"KUMBALANGINIGHTS","38","36","74"
"Kundria","37","37","74"
"laciats75","38","36","74"
"liorbialik","37","37","74"
"Luccifer2000","35","39","74"
"LuisDanielgd01","38","36","74"
"Manyushkin","36","38","74"
"Maximum69","37","37","74"
"mehdiallito33","37","37","74"
"Melvin_harris","38","36","74"
"Mohammad8585","37","37","74"
"NamedesBenutzers","39","35","74"
"Nevalyashkin_B","36","38","74"
"nmarcin27","37","37","74"
"Peacefulwarrior123","37","37","74"
"Peluncur1","36","38","74"
"PFC_MMR03","37","37","74"
"Pkemarco","36","38","74"
"proekt-abc","37","37","74"
"Qwerty-81","37","37","74"
"rakamen","38","36","74"
"razvan88_88","38","36","74"
"Roland_Dd","37","37","74"
"Salttshoga","37","37","74"
"Sappy21","38","36","74"
"SergiyPolkovnichenko","37","37","74"
"Shpohenko","38","36","74"
"Sinizter","37","37","74"
"stevcesimonov","39","35","74"
"Steveeee0","36","38","74"
"stockfish1k","36","38","74"
"Swissknight17","35","39","74"
"Tellmore","36","38","74"
"termosh","35","39","74"
"TheBalancedPlayer","37","37","74"
"tmuratc","37","37","74"
"TR7LittleMozart321","34","40","74"
"truwa","37","37","74"
"TwistedAlexander","37","37","74"
"UmarovSabir","37","37","74"
"vijay6853","38","36","74"
"Woraklss","38","36","74"
"wowie_jhoey","38","36","74"
"Yedid9120","39","35","74"
"YellowLemontree1","37","37","74"
"yilmayucel12","37","37","74"
"zsolti_83","37","37","74"
"zurabtsk","38","36","74"
"Adobiboba333","38","35","73"
"Ammar1212","37","36","73"
"Annaarefeva","36","37","73"
"Antoikd","36","37","73"
"arckenn","36","37","73"
"ArthurGordonPym","38","35","73"
"astiagnewone","38","35","73"
"beyaz04","35","38","73"
"Blueprint11","37","36","73"
"Britney22","39","34","73"
"brumbrumhehe","38","35","73"
"Bublan1965","36","37","73"
"Bykov_Misha","36","37","73"
"Co2202","36","37","73"
"Creature_of_Habit","37","36","73"
"David_Spearman","36","37","73"
"DDS1985","35","38","73"
"defriz","37","36","73"
"Deniss1313","37","36","73"
"DMGB","38","35","73"
"Edelson","37","36","73"
"edmond90","39","34","73"
"elmostafa","38","35","73"
"erick_aguilera","39","34","73"
"FIRFIR1","37","36","73"
"FYM55","36","37","73"
"Gafoorka","36","37","73"
"Gambitopy","36","37","73"
"garmonbozya","34","39","73"
"gaugeambiguity","36","37","73"
"ghostsgame-1995","37","36","73"
"GothicVanilla","35","38","73"
"Gulya2022","37","36","73"
"gvdolgov","37","36","73"
"Hexton297","36","37","73"
"Horwacik","37","36","73"
"Jaasssoooonnnnn","35","38","73"
"jorgesebasti","37","36","73"
"jsiam60","37","36","73"
"kidchessMahaS","38","35","73"
"Knn1215","34","39","73"
"kzn812","37","36","73"
"lagNwinWYGD","38","35","73"
"leCheckmate","37","36","73"
"LeiutajaLotte","36","37","73"
"loose_hoodie","36","37","73"
"Ma-re-thyu","36","37","73"
"mah2706","36","37","73"
"Mamank_Gaming","37","36","73"
"Mangaritto","37","36","73"
"maniakcatur004","37","36","73"
"manuelrmenesesr","36","37","73"
"Mario-1945","38","35","73"
"Minucii","36","37","73"
"misha_ts","36","37","73"
"Misha1953","36","37","73"
"mkm79","34","39","73"
"moisandu22","38","35","73"
"Mr_Chicagoo","38","35","73"
"munnabhai19","36","37","73"
"neggicaust","36","37","73"
"Nemurenai3","36","37","73"
"Nexusbet","37","36","73"
"Nitzs","39","34","73"
"Omar_AlZughoul","37","36","73"
"Otro123457890","37","36","73"
"qc806357","38","35","73"
"Quefoi","37","36","73"
"rafalW","36","37","73"
"rahulraj05","37","36","73"
"rhc","37","36","73"
"Rinkac","34","39","73"
"Robin2569","37","36","73"
"s_narayan","37","36","73"
"Saimon68","36","37","73"
"samehpu","37","36","73"
"sanjosesam","37","36","73"
"SantiagoReyesVzla","38","35","73"
"Santutxu","35","38","73"
"Scorpion73","39","34","73"
"Sergeypo1961","36","37","73"
"shallmaani","37","36","73"
"Sheltee7","35","38","73"
"shenluluweirdo","37","36","73"
"Sibarita999","35","38","73"
"smartactics555","36","37","73"
"soramois","35","38","73"
"staneeq","37","36","73"
"super_swain","39","34","73"
"Tabarex","37","36","73"
"tasknight","37","36","73"
"The_Forking_knight","35","38","73"
"Thee-Hammaton1","37","36","73"
"toro-sentado","36","37","73"
"Treideck","37","36","73"
"Turbodenko","38","35","73"
"tututu12","36","37","73"
"tylerpater","35","38","73"
"Ulitich","38","35","73"
"V8899","37","36","73"
"VadikVoronov","37","36","73"
"Velikan1111","37","36","73"
"vip1984","38","35","73"
"yoavta","36","37","73"
"zhenerall","37","36","73"
"A7l5e","35","37","72"
"AIO-57","36","36","72"
"AleksandrKasparov","36","36","72"
"Alok_Tadu","35","37","72"
"Angelomataboots","34","38","72"
"anotherforce","36","36","72"
"Antok_RCK","36","36","72"
"ArieRoos","36","36","72"
"BadButSlow","36","36","72"
"baldas","35","37","72"
"barefoot09","36","36","72"
"barsik03","34","38","72"
"Benicku1","36","36","72"
"Bievan","36","36","72"
"boringdragon","36","36","72"
"CaptainLoose","37","35","72"
"carokann747","39","33","72"
"cheaphorse","37","35","72"
"checmeje","36","36","72"
"Chessnoesqueso","36","36","72"
"ChessRadar","35","37","72"
"CLMPRCUBA","36","36","72"
"daaavve","37","35","72"
"daddyChan","37","35","72"
"dentist1776","37","35","72"
"Diegodelosreyes","34","38","72"
"Djabbar1","37","35","72"
"dontdothis56666","37","35","72"
"Dr_RM_13","36","36","72"
"Dutib_64","36","36","72"
"eddyband1972","37","35","72"
"Ediis","35","37","72"
"edsvn","34","38","72"
"elpoli","37","35","72"
"evilthought","36","36","72"
"fgahfr","37","35","72"
"franjuanele","35","37","72"
"FransAke","38","34","72"
"Fred2018","37","35","72"
"gojosatoru31","35","37","72"
"Grimling","37","35","72"
"haidar321","37","35","72"
"Haliltt","36","36","72"
"Harsh_Kedia","33","39","72"
"hendrixzambia","37","35","72"
"hrn","35","37","72"
"icantry","37","35","72"
"ISOVAKO","36","36","72"
"Javier_Electrico","39","33","72"
"Jayjay999888","35","37","72"
"jorgilevich-guemes","34","38","72"
"JoSchi61","39","33","72"
"kasparov_s_a","36","36","72"
"Knighty19","36","36","72"
"kukuriku1963","37","35","72"
"LazyEmp","34","38","72"
"Levi7","36","36","72"
"luckyluciano1","35","37","72"
"matemesenpai","35","37","72"
"maxwell1998","38","34","72"
"mhanilce06","36","36","72"
"mhrycts","35","37","72"
"Mich77","35","37","72"
"MileP","34","38","72"
"mirafl0res","35","37","72"
"Morteza6066","36","36","72"
"mouloudsalmi","35","37","72"
"n_crys","37","35","72"
"ndunkgabane","35","37","72"
"Neji69","38","34","72"
"olvr_thms","36","36","72"
"Pablo270395","36","36","72"
"PetNat21","35","37","72"
"Pirojsha","36","36","72"
"pradeept1","38","34","72"
"QuintBot","36","36","72"
"raymondybanez","37","35","72"
"Roadtree","36","36","72"
"salimromario","36","36","72"
"Sasha-Kossa","37","35","72"
"SerameMohoshela","35","37","72"
"SFIGAMAN","37","35","72"
"Smartbeans","37","35","72"
"solom_9005","35","37","72"
"Steri_k_TrexteIII","36","36","72"
"stressedforexams","37","35","72"
"sunshineplayer","37","35","72"
"thebest0101","36","36","72"
"Theja0","36","36","72"
"TheSingingMountain","36","36","72"
"tmy2605","36","36","72"
"Top_rak","34","38","72"
"tradepawnagainst","35","37","72"
"trixicat","35","37","72"
"Tuian","36","36","72"
"UEVICTORIALEON","33","39","72"
"vh37","36","36","72"
"Vlad-Or","36","36","72"
"vladimir567765","38","34","72"
"Vonobishop","35","37","72"
"Vovan1979","37","35","72"
"weycell1972","36","36","72"
"wintam","36","36","72"
"Zahar_Zaviriuha","37","35","72"
"zeke800584","36","36","72"
"zjarkan","35","37","72"
"zosimajacob","37","35","72"
"ACGking22","35","36","71"
"addy_6651","34","37","71"
"alhamzi2024","35","36","71"
"antetokwombo","34","37","71"
"ARIF_GUYADY","35","36","71"
"Avdal","38","33","71"
"B123456789101112","36","35","71"
"BARBI24","36","35","71"
"Beatable_master12","37","34","71"
"bihpaw","36","35","71"
"birsakkiz","36","35","71"
"bounmed","34","37","71"
"britech","39","32","71"
"Bullet9ja","35","36","71"
"BulletKing8","36","35","71"
"cane4","36","35","71"
"CesarDonayres_PFHyo","38","33","71"
"Chandramouliy","36","35","71"
"Chesgnolo","36","35","71"
"chparmar","36","35","71"
"cobra1","35","36","71"
"CRO2020","36","35","71"
"Cybernautilus","35","36","71"
"dagenssuppe","37","34","71"
"Danielek17","35","36","71"
"dex24","35","36","71"
"DNGXVIII","36","35","71"
"EitanK","35","36","71"
"Essal21_ali21","38","33","71"
"evora2019","36","35","71"
"Fed424","39","32","71"
"fermin-doc","36","35","71"
"fudder","35","36","71"
"germasempre","36","35","71"
"Gotit111111","35","36","71"
"gvalentiny","37","34","71"
"hasaney","36","35","71"
"Henry_Ngomi_C","35","36","71"
"HereToBeatYou","37","34","71"
"iamer","36","35","71"
"idunnoman","35","36","71"
"Iklann","37","34","71"
"Jazz1969","36","35","71"
"JiEmSain","34","37","71"
"JoseDasCouves","37","34","71"
"Kalli_FeldChamp","34","37","71"
"karim-bihi123","36","35","71"
"Knorrke","34","37","71"
"korenvardy","36","35","71"
"laurentares","35","36","71"
"Legendary_Hacker","36","35","71"
"Limbong","34","37","71"
"Littlechamp2012","36","35","71"
"LoginNew","34","37","71"
"loserforever01","35","36","71"
"lovechessg","37","34","71"
"m-soares","35","36","71"
"Man-Ager","39","32","71"
"Manikandan_v_i_p","36","35","71"
"manojkumar1856","36","35","71"
"Marcthon","35","36","71"
"Mariosterco","35","36","71"
"Marlon158","36","35","71"
"MatOlmaAma","36","35","71"
"mftamburello","35","36","71"
"MiroTok","33","38","71"
"MLGMatej18","35","36","71"
"mohdhafiziisa","36","35","71"
"Myassin1987","34","37","71"
"Neelimak","35","36","71"
"nikita017","36","35","71"
"NikolayKZ","37","34","71"
"no-blunder-is-back","37","34","71"
"notforeveryone","37","34","71"
"Nur_eine_Koenigin","34","37","71"
"Olllzzz7777","37","34","71"
"orvaz560","36","35","71"
"papillon1","36","35","71"
"Pharmoniste","36","35","71"
"Phideaux","34","37","71"
"Quickslick","36","35","71"
"Qwathi","35","36","71"
"rajnibaba1234","33","38","71"
"ramonov","36","35","71"
"randja","36","35","71"
"rassool","36","35","71"
"ReconRegina","36","35","71"
"rndev","35","36","71"
"rogerr86","34","37","71"
"Ruhan2012e","34","37","71"
"Rxhexjexj","36","35","71"
"Sebastianfy","35","36","71"
"sepher_rm","36","35","71"
"serhii_buta","35","36","71"
"Sislimka","33","38","71"
"Sodermann","35","36","71"
"Steve_Fox_7","35","36","71"
"stilden","40","31","71"
"the-black-evil","36","35","71"
"tiktokreels","34","37","71"
"tomcat111","36","35","71"
"tonirv","37","34","71"
"unoun","36","35","71"
"Urmageddon","37","34","71"
"vimana","36","35","71"
"wildmrtoad","37","34","71"
"Yamal94AleX","34","37","71"
"zahracN","37","34","71"
"zboraturan","33","38","71"
"Aalaa1988","35","35","70"
"ahERizQ","36","34","70"
"AhmedVeryHard","34","36","70"
"akenaton1975","34","36","70"
"anobabakill","37","33","70"
"anttichess","35","35","70"
"ArchangelAres","35","35","70"
"Bermuda3eck","35","35","70"
"BitingAlex","36","34","70"
"Bonanza08","37","33","70"
"bowdler","34","36","70"
"Bryan7777","38","32","70"
"caballodepaso","35","35","70"
"callmemister","38","32","70"
"CasualLoserNanking","36","34","70"
"cavalier-spaniel","36","34","70"
"chessarmaan0908","34","36","70"
"chesshobb","36","34","70"
"Combosurf","34","36","70"
"comgomes","35","35","70"
"Cowpers75","36","34","70"
"D5456","34","36","70"
"DanieW","36","34","70"
"Dayber1","34","36","70"
"DirkvdM","35","35","70"
"dolphin66","36","34","70"
"Dr_BlueDot","36","34","70"
"DR_ENlGMA","34","36","70"
"Dr_Yi13","35","35","70"
"eduran2013","35","35","70"
"el_tiburon0","35","35","70"
"Elahidost","35","35","70"
"ElBeci","35","35","70"
"ezymo","34","36","70"
"FabioBrasil","35","35","70"
"fmkmfc","34","36","70"
"frsteve","33","37","70"
"Gandalfs","33","37","70"
"Genin96","35","35","70"
"GodsCrusader","36","34","70"
"GreatEye","35","35","70"
"grmidhat","34","36","70"
"GZenChess99","32","38","70"
"Hagarsey","37","33","70"
"higl","35","35","70"
"ilhamimetin86","35","35","70"
"In-my-room","35","35","70"
"jalertaa","35","35","70"
"JannySeptSix","35","35","70"
"jdondom1","35","35","70"
"jomakr","34","36","70"
"Kazooboo","35","35","70"
"Kikkertje9","35","35","70"
"KING_KEN_3","34","36","70"
"Kolian222","36","34","70"
"Koyotex","34","36","70"
"lazarofree","36","34","70"
"Lince29","33","37","70"
"LinleyH","34","36","70"
"LoomIsIn","33","37","70"
"LordeKhan","36","34","70"
"louki10","36","34","70"
"lutt76","36","34","70"
"magdanoz","33","37","70"
"Mahesh_Beniwalroma","35","35","70"
"malkovich183","35","35","70"
"manhar1955","45","25","70"
"Marat_Oren","35","35","70"
"matthewzepf","35","35","70"
"Maxn70","36","34","70"
"MelzarPGalicia","37","33","70"
"MHDSHHPR","34","36","70"
"michaelcuba","35","35","70"
"Movicol","34","36","70"
"MrLuke04","35","35","70"
"mrpierovitz","35","35","70"
"Nachtwolfff","35","35","70"
"nandopro","35","35","70"
"Nardlyy","35","35","70"
"nettlegrasp","34","36","70"
"nicoinde1910","35","35","70"
"Niklex","36","34","70"
"ninadchess","35","35","70"
"Niraj17singh","35","35","70"
"NityaJ_1008","35","35","70"
"NoireKnight","35","35","70"
"NoMind_Master","34","36","70"
"noxius16","37","33","70"
"Oberon1","34","36","70"
"Omar301171","35","35","70"
"oreg21","37","33","70"
"Qualifier666","35","35","70"
"rayhook","34","36","70"
"rrreeer1r11r11r","36","34","70"
"Rzaevchess86","34","36","70"
"Savitarkh","34","36","70"
"SavvaVetokhin2009","33","37","70"
"sebeqxxl","36","34","70"
"serpico12","33","37","70"
"Shabayan","36","34","70"
"shark1","35","35","70"
"sindibad","37","33","70"
"slipole","37","33","70"
"SnowboardFun","34","36","70"
"solaymane1","34","36","70"
"sonderzeichen","35","35","70"
"spicyricecakes","36","34","70"
"stpl","35","35","70"
"SYRIAMOHAMMAD","36","34","70"
"TaxiDriverVegas","37","33","70"
"tej2014","35","35","70"
"Tho59","36","34","70"
"TimurKarginov","34","36","70"
"vaha45","35","35","70"
"ViniciusRego","37","33","70"
"vit0lo","34","36","70"
"Vujas","35","35","70"
"Vulpes87","38","32","70"
"WetBoyBooty","34","36","70"
"Wiss10","36","34","70"
"Xeibi","34","36","70"
"yimi_15matoma","35","35","70"
"yoguer","36","34","70"
"Yoniboster","35","35","70"
"youngsavage721","35","35","70"
"Z1ZZZ","35","35","70"
"Zhmotnik","34","36","70"
"a_s_t","34","35","69"
"Abdul_Ata","35","34","69"
"ABLEX23","33","36","69"
"AJIAD","33","36","69"
"akheyfets","33","36","69"
"Alasdair_45","34","35","69"
"AlexSkom","35","34","69"
"Almanac1972","31","38","69"
"alnur2041","37","32","69"
"anaristicon","32","37","69"
"AngelRa_123","35","34","69"
"aperitivo","32","37","69"
"apillai","36","33","69"
"ashNikov","38","31","69"
"Ataart","36","33","69"
"Ava_attach","35","34","69"
"B2C4G7","33","36","69"
"bamaobarak","34","35","69"
"bluepeau","34","35","69"
"BOSS2342","36","33","69"
"Car340","35","34","69"
"CATRIEL-LAUTARO","36","33","69"
"CCP20","35","34","69"
"chessplayerBY","48","21","69"
"Crystalcryyy","36","33","69"
"danridesthewall","34","35","69"
"david_katz","35","34","69"
"davram88","34","35","69"
"Ddlewis72","34","35","69"
"Derick_santos","34","35","69"
"Doctorchess955","35","34","69"
"doctordave5","34","35","69"
"drsdryhhh","34","35","69"
"dumboys","33","36","69"
"dyceunam","34","35","69"
"Dzianis","35","34","69"
"E_Dutt","35","34","69"
"Efrainsantos","36","33","69"
"elvalenje","33","36","69"
"Erafer","34","35","69"
"filosko","34","35","69"
"firerook","33","36","69"
"fluffywuffybunny","35","34","69"
"gabyshamoun","32","37","69"
"Gentiluomo2021","35","34","69"
"geraldvandenberg","34","35","69"
"Ghost_brutal","35","34","69"
"Grandpa2023","34","35","69"
"Grishp06","35","34","69"
"HaLo_64","33","36","69"
"harcar","36","33","69"
"hardc0re_pawn5tar","34","35","69"
"Homelessdisk","36","33","69"
"Ivanmaciel","33","36","69"
"janjan1","34","35","69"
"Jayyborgata007","35","34","69"
"Johannesclimacus","34","35","69"
"Kapwacha","34","35","69"
"katche","35","34","69"
"KingSandzak","34","35","69"
"Lalachesss","33","36","69"
"lelz21","34","35","69"
"LinKoln481","35","34","69"
"Manhong","33","36","69"
"Markopolooooo","36","33","69"
"Maxxum1996","36","33","69"
"memphoid53","34","35","69"
"MisterCommando","35","34","69"
"mohsensada7","34","35","69"
"Myles007","33","36","69"
"navy13","33","36","69"
"neerajsah","34","35","69"
"Nostra-amus","34","35","69"
"Novonovato","33","36","69"
"nuby_saibot","33","36","69"
"OngoGablogian19","33","36","69"
"Papa8735","35","34","69"
"Parth2005","35","34","69"
"patnamkrish","33","36","69"
"PATRIARCH1","34","35","69"
"Pool2003","36","33","69"
"postbot","36","33","69"
"Protskupoika","34","35","69"
"R3CO","35","34","69"
"Rasulll","36","33","69"
"raulito_becquer","32","37","69"
"Red-Riding-Hood","35","34","69"
"RenkoBar2","35","34","69"
"ReyJulian","35","34","69"
"rezabaram","35","34","69"
"Riyad_16_8_1986","36","33","69"
"Rybka232","33","36","69"
"Sakanelli","33","36","69"
"sashojeni74","33","36","69"
"Sebito","35","34","69"
"Sepehram123","34","35","69"
"sid-al_1979","35","34","69"
"sinademirci","35","34","69"
"Skystein","35","34","69"
"SteadyRoc17512","36","33","69"
"swayamgupta","35","34","69"
"talk2polo","35","34","69"
"Taragot","36","33","69"
"tariqabutaha","35","34","69"
"Tatok77","34","35","69"
"TheFender","35","34","69"
"thokobales","34","35","69"
"TkGwande","36","33","69"
"tu_law007","35","34","69"
"uGabadiya","35","34","69"
"user7323","37","32","69"
"VOINAS","36","33","69"
"warbae","33","36","69"
"Zadim","35","34","69"
"ZvezdaUdachi","34","35","69"
"AaronD8_aifbao","33","35","68"
"aleksandr1947","35","33","68"
"alemacsj2","34","34","68"
"alex_bhbcc","34","34","68"
"Alex87UZ","32","36","68"
"alexsander1","35","33","68"
"Alireza2424y","35","33","68"
"amugad","34","34","68"
"AndileChessGhost21","34","34","68"
"anjeseal","34","34","68"
"antonspt33","34","34","68"
"APTYP_1990","34","34","68"
"asetayesh","34","34","68"
"aztecnology","34","34","68"
"bajateclas","34","34","68"
"besoleke","35","33","68"
"billybilly71","34","34","68"
"Brightstar007","34","34","68"
"camharm84","34","34","68"
"Caredcm","33","35","68"
"cava10","34","34","68"
"cbsPassmores","33","35","68"
"cern88","34","34","68"
"Chessisstrategynotap","34","34","68"
"CrazyDragon777","34","34","68"
"cristianoa363","32","36","68"
"DaniyarMus","34","34","68"
"david_harryuk","34","34","68"
"deckledoggy","34","34","68"
"deviking","35","33","68"
"Diagramm","31","37","68"
"discochecker","33","35","68"
"dmitry1701","34","34","68"
"dot_Ash","33","35","68"
"dothudong","34","34","68"
"Dropservic","32","36","68"
"Dueclickdelmouse","33","35","68"
"egklp","33","35","68"
"Egoish","35","33","68"
"Elretirado","34","34","68"
"eruben","34","34","68"
"felippe-enzowski","34","34","68"
"fener39","36","32","68"
"foxovoxbridge","34","34","68"
"Foxwill","34","34","68"
"fran6-de-1st","33","35","68"
"fulivius28","35","33","68"
"Fun-Way","34","34","68"
"Gamufacu","34","34","68"
"Gehaktbalmetjus","33","35","68"
"gideonek","34","34","68"
"Grandbatard","34","34","68"
"GreshGora","33","35","68"
"HakanKaplanAntalya","35","33","68"
"halford","33","35","68"
"Halloween19861","33","35","68"
"hardblank","34","34","68"
"HCAHCS2","34","34","68"
"HenriqueLuizPinto","32","36","68"
"hillrocc2020","33","35","68"
"IDYD","35","33","68"
"iiieriiienb","33","35","68"
"Imtiger","34","34","68"
"inute7","35","33","68"
"irradiante","36","32","68"
"its_me_ani","35","33","68"
"Jeffrey-9999","34","34","68"
"jellis23","35","33","68"
"jo108","34","34","68"
"Joe20146","34","34","68"
"Johny-carpa12","34","34","68"
"jon-joied","33","35","68"
"jrfrago","34","34","68"
"JuergenG","64","4","68"
"just4fun_xxx","38","30","68"
"karacgds","36","32","68"
"killer6969","31","37","68"
"ksrock0708","33","35","68"
"Kumpel365","34","34","68"
"kyrgyz_ru","35","33","68"
"LaPluma5","34","34","68"
"LazyDoesIt","34","34","68"
"Lucifer_Memo","34","34","68"
"mahdihoseynii","34","34","68"
"Mangava","35","33","68"
"MAShater","33","35","68"
"Maxinto","35","33","68"
"menschenfresser","34","34","68"
"Mkamala","31","37","68"
"mlz687456784678","34","34","68"
"mn73","33","35","68"
"Mohammed_Adel_Moussa","34","34","68"
"MonsieurKooshaChess","33","35","68"
"mostafamawad","34","34","68"
"mrcassel","34","34","68"
"Mughisha1","33","35","68"
"myshiva","34","34","68"
"NEF-EOL","33","35","68"
"neldow","35","33","68"
"Nezaralhrfwsh","36","32","68"
"Nickkiller","35","33","68"
"Norbett","33","35","68"
"norematchesfoo","34","34","68"
"NotAsGoodAsTrey","34","34","68"
"Nurkhay","34","34","68"
"NyasaIcon","33","35","68"
"Oralbek","35","33","68"
"oscartorresny509","34","34","68"
"pamuk978","33","35","68"
"Paulgutierrez_17-z4","34","34","68"
"Pekas305","34","34","68"
"pilarandre0li","33","35","68"
"pinkfink","36","32","68"
"pzisman","35","33","68"
"raman324","34","34","68"
"RhubarbDwyer","32","36","68"
"ritika333","34","34","68"
"robert_23j","34","34","68"
"Salarvand","32","36","68"
"saltonsea","34","34","68"
"seviruhian-OPG","33","35","68"
"shakerov","34","34","68"
"Sirbats04","34","34","68"
"SK0620","34","34","68"
"SKILLZ01","35","33","68"
"SoloLeveller","33","35","68"
"solopacho","34","34","68"
"SPINidea","33","35","68"
"Tanimara_Franfer","36","32","68"
"Theereal_Mashaba","35","33","68"
"ThiKu","35","33","68"
"tonyrealist","34","34","68"
"UltraBullet1869","34","34","68"
"umya3","33","35","68"
"urusov09-26","35","33","68"
"Va-nus-pieds","33","35","68"
"venkatateja","30","38","68"
"Watchingoverme","33","35","68"
"xram1912","34","34","68"
"xzor","35","33","68"
"yuashuplyak","33","35","68"
"ZefCat","34","34","68"
"ziziziziziiiii","32","36","68"
"Adjust007","33","34","67"
"aerosouza","35","32","67"
"agresivo50","33","34","67"
"ALEXANDERMana-1981","33","34","67"
"anton-a-baranov","34","33","67"
"April2011","33","34","67"
"av_la_rin","34","33","67"
"BananaGround","33","34","67"
"Batthan","32","35","67"
"belbo_612","34","33","67"
"benizub","34","33","67"
"BMS_XIII","35","32","67"
"Board101","34","33","67"
"BoinkyBill","34","33","67"
"BorisNamestnikov","35","32","67"
"BV-VS-P","34","33","67"
"caballerojedi2022","34","33","67"
"canalprawn","34","33","67"
"Cantywilchkmateu","33","34","67"
"ccun","33","34","67"
"Check_Out","34","33","67"
"ChequeredPawn","33","34","67"
"chessbowels","34","33","67"
"Churdox","33","34","67"
"ClotharClov","35","32","67"
"cosmy_2002","33","34","67"
"culturaeconomica32","34","33","67"
"dancz2412","32","35","67"
"Davyd56","34","33","67"
"Dazwerty","33","34","67"
"dev_null_check","34","33","67"
"Diegojimenezec","31","36","67"
"DigantaBordol","33","34","67"
"dinosaurus","34","33","67"
"DJlundestadF","33","34","67"
"DmitryNovochok","34","33","67"
"Dmytrobil","33","34","67"
"Dread-chess","33","34","67"
"DRELR","33","34","67"
"dylanddk","34","33","67"
"Elatar1972m","31","36","67"
"ElPeonValient3","33","34","67"
"EmPhil080","34","33","67"
"emptiness0101","34","33","67"
"erdogan31","35","32","67"
"Esisiboza","32","35","67"
"evileyedeadly","34","33","67"
"fowta","34","33","67"
"fqmur","33","34","67"
"genma_kun","33","34","67"
"GeorgesYeates","35","32","67"
"GladysK","34","33","67"
"glitchinthegame","35","32","67"
"GNARLYXZ","32","35","67"
"gonzalitto","35","32","67"
"greyhair","34","33","67"
"haarsunishchithai","33","34","67"
"Hoegi","33","34","67"
"hossamalshref777","33","34","67"
"ICC_HuyBui","32","35","67"
"IgorBeli","34","33","67"
"janeraj471fff","33","34","67"
"jatinjha","34","33","67"
"jetitalia","33","34","67"
"JFelipeOrozco","34","33","67"
"K166","33","34","67"
"Kemal_Boy_46","34","33","67"
"KOSAMU82","32","35","67"
"krikant","34","33","67"
"kril31","33","34","67"
"Kuchhbhipandey","34","33","67"
"La_Cosa_Tutti","36","31","67"
"lakdak","35","32","67"
"LANman1204","35","32","67"
"Laubsas","34","33","67"
"Lightning79","31","36","67"
"lolop47","35","32","67"
"LuckyBambooo","34","33","67"
"MalachiCZ","35","32","67"
"Manish264","36","31","67"
"mario-2g","34","33","67"
"matanglawin2","35","32","67"
"mitya_J","31","36","67"
"Moogle22","33","34","67"
"Moustaafaa","35","32","67"
"Mpelotas","34","33","67"
"mschokami","34","33","67"
"neleddy2001","35","32","67"
"Newbkillah","33","34","67"
"nonidentifie1","35","32","67"
"Ofird94","32","35","67"
"ojars1962","32","35","67"
"olacydr","34","33","67"
"Osamushi","34","33","67"
"P210679","34","33","67"
"panda27","31","36","67"
"pitu_boxi","34","33","67"
"pomidorov","34","33","67"
"ptk77","33","34","67"
"pushDRAGON","32","35","67"
"rndmizzer","33","34","67"
"RockyMist","35","32","67"
"roseca58","34","33","67"
"royp1203","35","32","67"
"rozzersocz","32","35","67"
"rxxbxxn","34","33","67"
"sachin11","33","34","67"
"safiamauie","34","33","67"
"sax_player2","35","32","67"
"StupidGambit","32","35","67"
"Tiagokat","34","33","67"
"TooSlowTooWeakAlways","33","34","67"
"Torxp","33","34","67"
"tourprendgarde","34","33","67"
"universe64","31","36","67"
"valkyndr","32","35","67"
"vergaraeduardo","34","33","67"
"vib1111","33","34","67"
"weblian","34","33","67"
"wezzels","34","33","67"
"XoloescuincleVeloz","34","33","67"
"abdo1122","34","32","66"
"abhayrangan","33","33","66"
"abslion","34","32","66"
"Abysinia","32","34","66"
"afkhamiostad2000","33","33","66"
"Ajsteriks","33","33","66"
"akshatbansal24","35","31","66"
"aliojinalekhine","33","33","66"
"all77","32","34","66"
"AlOslam","32","34","66"
"amr243","33","33","66"
"Antomelv","33","33","66"
"AnujYadav27","34","32","66"
"aphro2021","33","33","66"
"Ardonis","32","34","66"
"Ashy_55","32","34","66"
"AvetHarapetyan","32","34","66"
"Ayba02","34","32","66"
"Beanie_Baby","33","33","66"
"benberryallwood","34","32","66"
"bestofyasinsolak","34","32","66"
"bhawthor","33","33","66"
"bheko33","31","35","66"
"bhenchhh","33","33","66"
"burt_macklinn","33","33","66"
"Capitalist2","33","33","66"
"chamas","33","33","66"
"chess_winner_365","33","33","66"
"chouettealors","33","33","66"
"combat---wombat","34","32","66"
"con_tent","33","33","66"
"cunha-daniel","31","35","66"
"Cyklista64","32","34","66"
"Darkv16","32","34","66"
"Diegoacs00","32","34","66"
"djangorabino","32","34","66"
"Dr_drew","33","33","66"
"DreamTheater777","32","34","66"
"ecardoso85","33","33","66"
"edx7","32","34","66"
"elloll777","34","32","66"
"EmrushAsllani","33","33","66"
"ErnesticoCuba","34","32","66"
"Eynal0","32","34","66"
"Fabolosjay","33","33","66"
"FarkhadKurmangaliev","34","32","66"
"foreverawfulatchess","33","33","66"
"FranchRegicide","34","32","66"
"FTKC","31","35","66"
"Gandalf-Biely","35","31","66"
"gansi","32","34","66"
"gondor42","34","32","66"
"grantie_mon_ster","33","33","66"
"GreatGM2006","33","33","66"
"Guilty_Mind","33","33","66"
"h-r63","33","33","66"
"HalfL1f3","32","34","66"
"Hamed_PRG","33","33","66"
"HangingPawn1472","34","32","66"
"Happiness64","34","32","66"
"HashmatAhmadi","33","33","66"
"HastyMover","31","35","66"
"heallan","14","52","66"
"hero855555","33","33","66"
"Hossam_Hussein_Attia","34","32","66"
"IpCon","33","33","66"
"IrinichD","32","34","66"
"IvanchukIca","33","33","66"
"Jaden_Yukii","34","32","66"
"jem_04_15_23","33","33","66"
"jfongg","35","31","66"
"jhc-monster","32","34","66"
"Joe19041966","33","33","66"
"Johnny1973","32","34","66"
"jojothesuperdog","31","35","66"
"jonavon","32","34","66"
"JonnyOtten","32","34","66"
"KaalaPaani1827","33","33","66"
"KartalKokorec","33","33","66"
"king_ofworld","33","33","66"
"kretz23","34","32","66"
"kucista","34","32","66"
"Lelesa-Ben","33","33","66"
"lifeexe","34","32","66"
"Lorraine288","32","34","66"
"lpydn79","32","34","66"
"lulua","33","33","66"
"Madam_Hoiho","32","34","66"
"Mannochmore","33","33","66"
"marius_gerum","33","33","66"
"Md_Javed","33","33","66"
"mike-hat","33","33","66"
"Mikidknoeu","34","32","66"
"Musa_sh","34","32","66"
"N_royals","34","32","66"
"Nadann","31","35","66"
"NAP-ways","34","32","66"
"nareka88","33","33","66"
"NeoKnight","33","33","66"
"Neureiser","33","33","66"
"ngochancongchua2710","33","33","66"
"npanopKoHeB","32","34","66"
"NurKuanysh","34","32","66"
"Odiljon2019","32","34","66"
"Ofekram","34","32","66"
"ollega","31","35","66"
"omr111","34","32","66"
"ornee","35","31","66"
"orpheus41","33","33","66"
"p1n4z","33","33","66"
"panton50","32","34","66"
"parenec1999","33","33","66"
"PatchCord","33","33","66"
"poetplayercuba","33","33","66"
"proudbully","32","34","66"
"pusher64","32","34","66"
"rafischi","33","33","66"
"Raj2204","34","32","66"
"Riguitoluis","32","34","66"
"robets1642","33","33","66"
"Rosa2","34","32","66"
"ruslan7215","33","33","66"
"rv3nfry","32","34","66"
"seta730","31","35","66"
"shaka13","33","33","66"
"shankarmech2110","34","32","66"
"Simmmo","36","30","66"
"skapitan","31","35","66"
"SOCARMidstream","32","34","66"
"Strandgaard","34","32","66"
"strayedout","31","35","66"
"svataya_inqvisiciya","35","31","66"
"tamirkhani","33","33","66"
"Tewenwar","35","31","66"
"Thunder-In-Paradise","32","34","66"
"timnj","32","34","66"
"TolyF","31","35","66"
"Tomik46","32","34","66"
"Tpp21","34","32","66"
"Tuanon","33","33","66"
"tuste","33","33","66"
"vasant_mahipala","34","32","66"
"VertPuffle","36","30","66"
"ViktorSalkov","33","33","66"
"Vintage-Knight","33","33","66"
"VOiK23","31","35","66"
"wakkazakka","33","33","66"
"YES_240287","32","34","66"
"YumurtaliSucurta","34","32","66"
"zacketi","33","33","66"
"ZAFER52","32","34","66"
"Zayanhacker7","32","34","66"
"A_A000001","35","30","65"
"Aamodupadhyaya","33","32","65"
"Accolade0","34","31","65"
"Acropora","33","32","65"
"Aguillar_King","33","32","65"
"AKOPOV74MOSKVA","33","32","65"
"alexmodular","32","33","65"
"Alexmuller","32","33","65"
"alfalfa07","31","34","65"
"AnatolBalta","33","32","65"
"arbez","36","29","65"
"Artemkyiv","33","32","65"
"ash_wizard","33","32","65"
"aslanxmustafa","32","33","65"
"asmirno8","34","31","65"
"atraides_0","32","33","65"
"azuaga","32","33","65"
"azzims","33","32","65"
"Ba_Benni","31","34","65"
"BabakReiko","35","30","65"
"blazifigus","32","33","65"
"BobbyPicer","32","33","65"
"bozzunter","33","32","65"
"Buddy89","31","34","65"
"CapitanHarlock7","32","33","65"
"Cat_cupcake","34","31","65"
"ChaHaa","34","31","65"
"Chris_Franz","32","33","65"
"Colovei","32","33","65"
"CORRAL1965","33","32","65"
"cptreyfox123","33","32","65"
"Crapouillaut86","32","33","65"
"CYRUSROCK","31","34","65"
"danah1978","33","32","65"
"Daykes47","32","33","65"
"ded4lus","33","32","65"
"Dereboyu","33","32","65"
"diazayg","32","33","65"
"eddiespagettee","33","32","65"
"El_Cortez","32","33","65"
"Elia2487","34","31","65"
"EulogioJimenezVela","35","30","65"
"Evgeny_Krasavtsev","32","33","65"
"firestorm1000","32","33","65"
"FLOSAN","34","31","65"
"fotis566","33","32","65"
"frk142","33","32","65"
"Gerald519","32","33","65"
"GeRoMeTeJaDaZDS","33","32","65"
"GMferney28","32","33","65"
"grajnapc","32","33","65"
"Grygorovich","35","30","65"
"HansenR","34","31","65"
"HuseyinDogann2","32","33","65"
"Icebreeze","31","34","65"
"Idi_minnal","32","33","65"
"Igor_UA1","34","31","65"
"iiiiiiii_tiL","34","31","65"
"Ikmeiich","33","32","65"
"imya_ne_zanyato","31","34","65"
"Irrracional","33","32","65"
"Istizahl","33","32","65"
"Iusglz","35","30","65"
"iztafer87","32","33","65"
"jacosmit","32","33","65"
"jmou","31","34","65"
"Juandeuss","33","32","65"
"K5221305D","32","33","65"
"Kahiru","31","34","65"
"kaspi124","33","32","65"
"katharsisx","32","33","65"
"Kharchenko_Andrio","33","32","65"
"Kharkai","34","31","65"
"KIC-E9","34","31","65"
"kichik0","33","32","65"
"klosova","33","32","65"
"KodaTheRapper","33","32","65"
"KStrg","33","32","65"
"Lari22222","33","32","65"
"LarrySmith1","33","32","65"
"lastgame1903","32","33","65"
"lelik1976","33","32","65"
"Lshdg","33","32","65"
"luca_m85","32","33","65"
"lucasp999","33","32","65"
"Madmaxxxxxxx","32","33","65"
"magnouche","32","33","65"
"mahdi_eh2","33","32","65"
"malclove","33","32","65"
"MamouneDj","31","34","65"
"Mauricioilazach","51","14","65"
"MegalosSkakistis","34","31","65"
"MEHO123","33","32","65"
"MightyMonster","34","31","65"
"MikeMatarazzo11","29","36","65"
"miladina87","33","32","65"
"mmb05","34","31","65"
"mmsbr","33","32","65"
"MOHAMMADNOUR10","32","33","65"
"mosquzz","33","32","65"
"mossoro","31","34","65"
"Mr_ProNA_1998","32","33","65"
"MTT1","32","33","65"
"nelsonvidal","33","32","65"
"NevzatKaptan","32","33","65"
"nikiforovu2001","33","32","65"
"Octanoic_mind","32","33","65"
"Ojuara2017","34","31","65"
"OMGBunnySlippers","32","33","65"
"palec40","31","34","65"
"Parze","32","33","65"
"Pawn51","33","32","65"
"peondecorazon","33","32","65"
"pianistiizo98","32","33","65"
"PuTIN-RF","31","34","65"
"rahmatulloev","34","31","65"
"Rahulsadhwani","32","33","65"
"Reykiller91","33","32","65"
"RimKaZBS","33","32","65"
"Romanivanskyy","34","31","65"
"Ros_b","32","33","65"
"rozhu1993","28","37","65"
"s1lbrea","32","33","65"
"Sai_Krish","32","33","65"
"sargan","33","32","65"
"sasa666666","33","32","65"
"Singh007","32","33","65"
"sk4rekr0w","33","32","65"
"skullpst","33","32","65"
"smart-rhino1","33","32","65"
"Soirana1","34","31","65"
"Sozkan","33","32","65"
"Starsails","31","34","65"
"steph01","31","34","65"
"stollunior","33","32","65"
"Supnik78","31","34","65"
"TalalQudah","32","33","65"
"teknikal1","32","33","65"
"TotsTots","33","32","65"
"Trollfish-Bot","30","35","65"
"unbisou5","34","31","65"
"Vahagn64","33","32","65"
"vicsempire","32","33","65"
"vmagkias","33","32","65"
"WesleyRolim","32","33","65"
"Wlysses","29","36","65"
"WxAj9","32","33","65"
"wz1789","31","34","65"
"xepuig","32","33","65"
"Xjurkmaster","31","34","65"
"youngmaster685","32","33","65"
"Z_automat","34","31","65"
"Z4ire","31","34","65"
"zawaky","32","33","65"
"zodpoz","32","33","65"
"ZR-2021","32","33","65"
"accts","31","33","64"
"Acemi-Chaylak","32","32","64"
"AceSB","32","32","64"
"agonystyx","33","31","64"
"AgustinCordoba","33","31","64"
"Aiger13","32","32","64"
"ak4669188471","31","33","64"
"Alex_Ignatev","33","31","64"
"alfamata","32","32","64"
"Amuna1966","31","33","64"
"Anatoli45","32","32","64"
"andrey101080","32","32","64"
"andysoria","34","30","64"
"arguv_com","33","31","64"
"arkivani","33","31","64"
"babubabubabu","32","32","64"
"Bakhramnukus","32","32","64"
"barahonap_jn","33","31","64"
"bengabay1994","32","32","64"
"BlackThunder721","32","32","64"
"BloodyBeginner1960","33","31","64"
"BMKY","31","33","64"
"Bogdan8913","32","32","64"
"Born_To_Play_Chess","31","33","64"
"Cat9Sa","32","32","64"
"cemmsevinc","32","32","64"
"chessplayer7878","31","33","64"
"Cinus420","31","33","64"
"cnsnylmz","35","29","64"
"Conmax","32","32","64"
"createforapassion","30","34","64"
"ctx420le","31","33","64"
"damedomi","32","32","64"
"danno85","32","32","64"
"DarkKnightNS","31","33","64"
"Darlingziggy","32","32","64"
"dragonwhite7002","32","32","64"
"el_lucky","31","33","64"
"EmmanuelColque","32","32","64"
"Evgenii25","30","34","64"
"Falken3","29","35","64"
"fc98","32","32","64"
"fiden10","35","29","64"
"fredojay","31","33","64"
"G0dly-AurX","33","31","64"
"GIL8ERT","33","31","64"
"GranFaraonI","32","32","64"
"H_Belcast","32","32","64"
"HaroldShipman2023","33","31","64"
"hjk-chess","33","31","64"
"Hovakhshatar","31","33","64"
"hrnzzrliz","32","32","64"
"JAHCUBE4","28","36","64"
"jeroquefort-EOL","32","32","64"
"juggenklopp","31","33","64"
"karlovac","30","34","64"
"kelzhanov85","32","32","64"
"kevinssss","33","31","64"
"kingdave2","33","31","64"
"kochichess","34","30","64"
"Koltov","32","32","64"
"kudaking","32","32","64"
"KungFuRabbit","32","32","64"
"Kurtulus_drmz1","30","34","64"
"Lemmadito","31","33","64"
"Loigerot","32","32","64"
"Lukator99","33","31","64"
"M950","30","34","64"
"Malibongwe","33","31","64"
"Manuelrin","32","32","64"
"Mehrang83","33","31","64"
"Mind_Prognosticator","32","32","64"
"Minuchin00","33","31","64"
"Monnikhalsjes","32","32","64"
"MonstrumMeumSit","32","32","64"
"month11","32","32","64"
"MorphyZER0","32","32","64"
"msa76","31","33","64"
"nahtoderfahrung","31","33","64"
"nazrul10","31","33","64"
"nestoodnecega","31","33","64"
"Niemans","31","33","64"
"nnnnuuuusss","33","31","64"
"Noob-heist","32","32","64"
"NorLei","30","34","64"
"ntvmar","33","31","64"
"NUKANAKA","31","33","64"
"OneSlash45","32","32","64"
"PapaT_89","32","32","64"
"parth1608","32","32","64"
"Paul060903","32","32","64"
"Peoncamionero","31","33","64"
"perivas","31","33","64"
"practiceseshh","31","33","64"
"RAMIL-AZE","32","32","64"
"remy_ulloa","30","34","64"
"renz_o57","33","31","64"
"REYTANGO002","32","32","64"
"rinchin1968","31","33","64"
"rishav900","33","31","64"
"robycar","32","32","64"
"robypown","32","32","64"
"sachinKhope","32","32","64"
"SaidF","32","32","64"
"sdfkar1","32","32","64"
"Shamat13","30","34","64"
"Shohannur","31","33","64"
"slavik00","33","31","64"
"Smasher21","30","34","64"
"smthchss","33","31","64"
"SteadyAntelope","32","32","64"
"sudpac2004","31","33","64"
"superchessplayer1","33","31","64"
"superlinus","32","32","64"
"Tapuskana","32","32","64"
"teno_baal","31","33","64"
"the_pastafari","33","31","64"
"Titi2018","32","32","64"
"TONISU","33","31","64"
"Toskman","31","33","64"
"TVR16","31","33","64"
"tylngnykts","33","31","64"
"VasilyevGUP1L","33","31","64"
"VelociraptorRex","32","32","64"
"victorowski","32","32","64"
"Volleybot","32","32","64"
"Wario_Raflee_Ordie","34","30","64"
"Warriors777","32","32","64"
"winbygladiateur","32","32","64"
"WoodAri","31","33","64"
"xsanchezpr","31","33","64"
"Zaysay","32","32","64"
"zenpatzer","31","33","64"
"zolika1000","31","33","64"
"a-Balrog-of-Morgoth","35","28","63"
"abshakeyourworld","31","32","63"
"abtin_mr","32","31","63"
"Adiosss","32","31","63"
"AkibaRubi","30","33","63"
"Akrep3434","32","31","63"
"aldanielez","31","32","63"
"aleksig","32","31","63"
"alexey4eg2","33","30","63"
"aliator1986","32","31","63"
"alkaliniSer","32","31","63"
"Altair39","30","33","63"
"Alte_Soldate","33","30","63"
"alvarg","32","31","63"
"Analusaphy","32","31","63"
"Arbaz_chess","31","32","63"
"Aristofan1","30","33","63"
"avataraang225","31","32","63"
"Avilia","32","31","63"
"axaland","33","30","63"
"Aye-Zuckerbird","32","31","63"
"berathean","33","30","63"
"bezwad","32","31","63"
"bukavustar","32","31","63"
"Bursztynowa","31","32","63"
"C3drikk","30","33","63"
"Cacharon","31","32","63"
"Candreas","31","32","63"
"CastledPawn","31","32","63"
"Chayanne","29","34","63"
"Chessdacles","33","30","63"
"chessjuan1972","31","32","63"
"chesspokergolf","33","30","63"
"Chrinogefri","32","31","63"
"Computer-game-lover","31","32","63"
"Conquerer_EmirTemur","31","32","63"
"criopr","32","31","63"
"damrov","32","31","63"
"danfjd","31","32","63"
"davidkhachaturyan","30","33","63"
"Densinggih","31","32","63"
"dhananjay_24","31","32","63"
"dmitriy","31","32","63"
"DomsG","32","31","63"
"DRD2024","31","32","63"
"Ehab96","33","30","63"
"EnglundJ","32","31","63"
"fadidiab87","31","32","63"
"farstrid3r","32","31","63"
"fenestro","32","31","63"
"FerroWiz","31","32","63"
"FFFFFF-000000","31","32","63"
"FILIPEGC","31","32","63"
"fredr1753","32","31","63"
"gabber4lyf","32","31","63"
"GeminiLucifer","30","33","63"
"gkaradayi","32","31","63"
"gmjerzon","34","29","63"
"goblin123","32","31","63"
"goga10000","29","34","63"
"grillonochero","31","32","63"
"Gumads","33","30","63"
"Harmonika-1","31","32","63"
"HEK1","32","31","63"
"herrtusk","30","33","63"
"hfahad","31","32","63"
"ims25","29","34","63"
"insane71","31","32","63"
"Intentaganarme","31","32","63"
"J_Norbi","33","30","63"
"J04king","31","32","63"
"jacobomelendez","35","28","63"
"Jakesin","33","30","63"
"jcrutch709","32","31","63"
"jmetzmeier","32","31","63"
"Joedickerson12","32","31","63"
"Jtport","30","33","63"
"JUAN_RIVAS","31","32","63"
"Jugador20212021","31","32","63"
"juliang42","32","31","63"
"kalars","31","32","63"
"karl8888","31","32","63"
"Kauntey","33","30","63"
"KENADO","32","31","63"
"Knightkisss","31","32","63"
"Kryagov","32","31","63"
"kwanpa","32","31","63"
"Lacoccinelle","30","33","63"
"lalrazafi","31","32","63"
"Lapoti","31","32","63"
"Latendresset","32","31","63"
"Lauda86","31","32","63"
"Leoaraiden","31","32","63"
"leonkrause","34","29","63"
"LeoParra","33","30","63"
"LewisRT","31","32","63"
"liyongyi","31","32","63"
"ludikure73","31","32","63"
"lukesanthony12x","32","31","63"
"Lupitom","32","31","63"
"Mac415","32","31","63"
"MadianAioub","32","31","63"
"Magnusep","32","31","63"
"mandeepdeka","34","29","63"
"manoelclebio123","33","30","63"
"matt89n","31","32","63"
"Maximilian020316","31","32","63"
"Midav85","31","32","63"
"milesdd","31","32","63"
"Moanwar97","32","31","63"
"monchesspractice222","32","31","63"
"monta_1973","33","30","63"
"MPSIVRE","32","31","63"
"MuhtarBey_1","32","31","63"
"musakon","32","31","63"
"Nabil919","31","32","63"
"nagananda_rs_bhat","31","32","63"
"Nala2000","31","32","63"
"naoix_mitra","31","32","63"
"Nicaragua11","33","30","63"
"Nowaglass2020","33","30","63"
"NuriKgz","31","32","63"
"oezs95","32","31","63"
"onice3","31","32","63"
"ooriya222","32","31","63"
"opperwezen","31","32","63"
"Orieko","31","32","63"
"Orjin2023","31","32","63"
"pacogp","32","31","63"
"PaguroS","31","32","63"
"PandaZebraHybrid","31","32","63"
"Pascalcmcheck","30","33","63"
"PchelkinVK","34","29","63"
"pingerboi","30","33","63"
"Pjgalope","33","30","63"
"poethe","32","31","63"
"PositionalPlay07","30","33","63"
"pouletgalactique","31","32","63"
"PuntStudley","31","32","63"
"QueensGambitTryHard0","30","33","63"
"Radia-235","33","30","63"
"Rafacalitez","33","30","63"
"Raggie","31","32","63"
"RandomTyper","32","31","63"
"RasaND","30","33","63"
"Remisoderdauerschach","31","32","63"
"Ristorante95","32","31","63"
"robert0076","32","31","63"
"Romanul","32","31","63"
"ruppalapati","32","31","63"
"Ruvim3333333","29","34","63"
"SAIDZIER_CHESS","31","32","63"
"salone33","30","33","63"
"Shnyr","32","31","63"
"Sholat_Nomor_Satu","30","33","63"
"shubham010","32","31","63"
"Silaban16","30","33","63"
"sima123","30","33","63"
"stereovoid","31","32","63"
"sun_bird","30","33","63"
"Susik_Gaboyan","32","31","63"
"Sutol32","30","33","63"
"sweetjesus21","32","31","63"
"Sypicoupa","32","31","63"
"Tahiwiormsby","32","31","63"
"TasunkaWitko1959","33","30","63"
"TdfH","30","33","63"
"TellMeWhyyy","33","30","63"
"teo2605","31","32","63"
"terron94","30","33","63"
"Tolulope","33","30","63"
"ToraMan123","32","31","63"
"Tyler80","32","31","63"
"umtekr","33","30","63"
"varunsingh1985","29","34","63"
"verrerie","31","32","63"
"Victor1108","31","32","63"
"viejayporcalla22","30","33","63"
"Voxel99","30","33","63"
"WILD59","31","32","63"
"yoOns174174","29","34","63"
"zaferka77","31","32","63"
"Zecka72","32","31","63"
"Zikora","30","33","63"
"ZuriMVP","32","31","63"
"Aarjun","30","32","62"
"ABCDEFUlalala","30","32","62"
"abhi2883","31","31","62"
"aboobaida180","31","31","62"
"Adam-ARM","32","30","62"
"adithya11","31","31","62"
"Adiwle","31","31","62"
"AEK_amineTM","32","30","62"
"Alexandr262626","31","31","62"
"Alinland","32","30","62"
"amanggay_03","30","32","62"
"amazzzingbalalaika","31","31","62"
"Amr-B-Eljammal","32","30","62"
"Andrearuedarueda","31","31","62"
"Angel_DK","28","34","62"
"AngelDeathrr","31","31","62"
"AngelineBatino","31","31","62"
"ankitk2000","29","33","62"
"anonim1956","33","29","62"
"Araujo2020","31","31","62"
"archel0n","30","32","62"
"awuqad7","30","32","62"
"B-Mac","31","31","62"
"babydonthurtme1289","30","32","62"
"barcollomanonmollo","28","34","62"
"BEMUY","31","31","62"
"Benfisher","30","32","62"
"Berilderinnural","29","33","62"
"bichoricho","30","32","62"
"Bill03","32","30","62"
"Billy_Talent","31","31","62"
"Biswa92","30","32","62"
"bjagus","30","32","62"
"Bo1898","31","31","62"
"bop66","31","31","62"
"Brightstar101","32","30","62"
"CengizhanT96","33","29","62"
"charlie2charlie","32","30","62"
"ChessChampions_13","32","30","62"
"ChessTikiTaka7","30","32","62"
"chrisatmd","32","30","62"
"cihangirburak","32","30","62"
"Circularity","30","32","62"
"Coach_of_Champions","32","30","62"
"ColHawking123","31","31","62"
"cortes7","31","31","62"
"Creeper1","31","31","62"
"damchik2010","31","31","62"
"David_P0","30","32","62"
"DBacic","32","30","62"
"DeadDisco","31","31","62"
"Destructive-evil","30","32","62"
"dimonhv","31","31","62"
"dirtnap1337","30","32","62"
"Djan_Seriy_Anaplian","30","32","62"
"DonVecho","31","31","62"
"douen","31","31","62"
"DrAlexStein","31","31","62"
"DWendt","30","32","62"
"eatbacon","31","31","62"
"edogaz","30","32","62"
"elmuch16","31","31","62"
"ericcartman13","31","31","62"
"Extremspringer","33","29","62"
"F123f12","32","30","62"
"Fabinouz","31","31","62"
"fatihimsi-1","31","31","62"
"Fattah466","33","29","62"
"Femp49","29","33","62"
"filmer75","28","34","62"
"Fobby_____Bischer","31","31","62"
"fpanoff","31","31","62"
"FrederickdeWit","30","32","62"
"Gabit_kz","32","30","62"
"GENADI_KUHOLEIKIN","31","31","62"
"goosesome","31","31","62"
"Great_Country_Russia","31","31","62"
"Hasdrubal_Barka","31","31","62"
"HelgeA","32","30","62"
"Hilltopper","30","32","62"
"honam2020","32","30","62"
"HorseyStyle","30","32","62"
"hrihu2023","31","31","62"
"Indianmasteranji","32","30","62"
"izembaki","31","31","62"
"jjosujjosu","31","31","62"
"jonaschessmaster1","29","33","62"
"jpmoutier","31","31","62"
"jsbs","32","30","62"
"Kaasra","30","32","62"
"Kaizen753","32","30","62"
"Karsa1468","30","32","62"
"Kingroche1974","33","29","62"
"kirmizigul_b","31","31","62"
"Knkush","32","30","62"
"Kohola808","32","30","62"
"kp0007","31","31","62"
"Kriegsflugzeug","33","29","62"
"krolparkietu","33","29","62"
"lachyas","30","32","62"
"learnerel","31","31","62"
"Leprousy","31","31","62"
"lilmackers","31","31","62"
"lnctoizo122","32","30","62"
"lodum","32","30","62"
"Mahdy76","31","31","62"
"MalekFayoumi","31","31","62"
"Maxmyler","31","31","62"
"MClutjedorp","30","32","62"
"merlin77","31","31","62"
"methelion","30","32","62"
"Mightyclimax","32","30","62"
"mikecheck123","31","31","62"
"Mohsen_Vaghar_2008","32","30","62"
"mr_Odinson","31","31","62"
"Mr-Carjakin","32","30","62"
"mubariz_58","32","30","62"
"MUllAem","31","31","62"
"muzafferkal2013","32","30","62"
"mzyod86","32","30","62"
"Ne_Gros","30","32","62"
"nedmac101","32","30","62"
"NiptonNip","32","30","62"
"ooinik","32","30","62"
"Oparush","30","32","62"
"orkomeneses","30","32","62"
"P1ulu5","30","32","62"
"Peruanito100","32","30","62"
"piston10","32","30","62"
"Pitrinu","32","30","62"
"pollik12","31","31","62"
"poosheg","32","30","62"
"Quiorako","30","32","62"
"RagnaRock14","31","31","62"
"rainier_chess","31","31","62"
"Ramirza33","31","31","62"
"raskol99","33","29","62"
"Raulvergarar","30","32","62"
"Regor123","32","30","62"
"Rhoze","31","31","62"
"rishabhv333","30","32","62"
"rokolaudrux","31","31","62"
"Rolandoarango","30","32","62"
"santyaga1","32","30","62"
"saramber","30","32","62"
"satanicuprising","32","30","62"
"scott2000jones","32","30","62"
"sensu_bez","30","32","62"
"sibarit007","31","31","62"
"sl12335","31","31","62"
"Snow_joy","29","33","62"
"solito","29","33","62"
"Spidiro","30","32","62"
"spramuditha","30","32","62"
"SquareHare","30","32","62"
"super-coldun","30","32","62"
"surbhitsehagl05","32","30","62"
"Systumm001","31","31","62"
"tampering","30","32","62"
"telfix2","30","32","62"
"Thadz01","31","31","62"
"The_Right_Guy","31","31","62"
"TitansKiller","29","33","62"
"Tokiko72","31","31","62"
"Tono2021","31","31","62"
"tototototototom99","32","30","62"
"tovBender","32","30","62"
"Training-Accounts","30","32","62"
"trebescaques","34","28","62"
"tsoyk10","30","32","62"
"Tsumada","30","32","62"
"tummybos","31","31","62"
"uils0l4","31","31","62"
"Uitshi_o","29","33","62"
"URBEHIND2020","30","32","62"
"Valery2016","31","31","62"
"veritas2011","32","30","62"
"Vitorog","29","33","62"
"washingshing","33","29","62"
"YASHPPG1","30","32","62"
"yilmazibo","31","31","62"
"yosephkifle","31","31","62"
"yusufmuk","29","33","62"
"Acutracubatest","31","30","61"
"AduguKD","30","31","61"
"AhmadAlMadadha","30","31","61"
"ahmedovi","31","30","61"
"Akshayb91","30","31","61"
"AldoReyess","32","29","61"
"Aleks0804","31","30","61"
"Amanzholov","31","30","61"
"ambertum","31","30","61"
"amilcar59","31","30","61"
"anairad","30","31","61"
"andikjumad","32","29","61"
"antetokounmpo_34","30","31","61"
"Baruera","30","31","61"
"BBSergi","31","30","61"
"Bebe_yonfren","33","28","61"
"bendek11","31","30","61"
"benmelikulan","32","29","61"
"Besamemucha17","30","31","61"
"Bigbang7","28","33","61"
"bloqueamesta","30","31","61"
"Blujayfan5","29","32","61"
"Brian13S","31","30","61"
"brucekee","29","32","61"
"Case-38","29","32","61"
"Ch3ssmAn_313","32","29","61"
"Chessman_bd","30","31","61"
"cievc","31","30","61"
"cilgin_32","32","29","61"
"Crazy_Gnom","34","27","61"
"Dangar124","29","32","61"
"danielelanz","32","29","61"
"DanielSprenger","30","31","61"
"DanyDoom70","30","31","61"
"darobo81","30","31","61"
"DaWhiteDeath","31","30","61"
"daysleeper1983","31","30","61"
"DemotingKings","31","30","61"
"desmil","31","30","61"
"DJM23","32","29","61"
"dkattir","30","31","61"
"dky99","31","30","61"
"DrFblay","31","30","61"
"dusxxxt","31","30","61"
"DWSimmons","32","29","61"
"ee00ssllaam","29","32","61"
"Ehsan121","29","32","61"
"Elmaldi","31","30","61"
"Eohai","31","30","61"
"FractalGaming","32","29","61"
"francescodf","30","31","61"
"Fullsender400","30","31","61"
"G_Vadim","32","29","61"
"GabrielOsiris","28","33","61"
"gerdaxxx","33","28","61"
"Gilevich","30","31","61"
"gobowl","32","29","61"
"HagJL6iu","31","30","61"
"hamza55555","31","30","61"
"Hedra_K","30","31","61"
"Husni_HA","30","31","61"
"hymenoptera225","31","30","61"
"IAmAfterYouShimon","32","29","61"
"impromptupuppet","31","30","61"
"imverybadatchesss","31","30","61"
"Indianlion45","30","31","61"
"jasper26","31","30","61"
"jonathanp521","32","29","61"
"Joshuaxxxchess","29","32","61"
"karimpor","32","29","61"
"Kawsar44","30","31","61"
"KB_1413","29","32","61"
"kentar","32","29","61"
"khalidattia1","32","29","61"
"knekten7","30","31","61"
"LazoC","31","30","61"
"Levynodageneral","30","31","61"
"lf57","31","30","61"
"licei_gubernsky","31","30","61"
"lipnitsky9","29","32","61"
"LouisHS","31","30","61"
"lubucha","30","31","61"
"luharluhar","28","33","61"
"Luislin","28","33","61"
"lwazov","31","30","61"
"M_Ebada1995","30","31","61"
"M0N70Y4","31","30","61"
"makil13","30","31","61"
"Mansurjon_01","32","29","61"
"Marina-Submarina","31","30","61"
"Mash478","30","31","61"
"mbottarate","31","30","61"
"Mefet","30","31","61"
"mehdi1365112","29","32","61"
"mehrdad1353","30","31","61"
"Mimoy","32","29","61"
"MISTY_96","31","30","61"
"MK16b","29","32","61"
"Mlu-Nxumalo","30","31","61"
"mohsenpeaceful","30","31","61"
"Mortimer53","30","31","61"
"MountMM","30","31","61"
"Mr1-Bens","32","29","61"
"mrmaq","32","29","61"
"msdazr","31","30","61"
"Muranova_Yelena","29","32","61"
"nabongho","30","31","61"
"Nazar_shinwari","34","27","61"
"NelsonRincon2021","31","30","61"
"NItWasInThisPosition","30","31","61"
"nkpk21","30","31","61"
"olbapodeclas","31","30","61"
"olegbrit","30","31","61"
"Parasolsailor","30","31","61"
"pemron","30","31","61"
"perpendo1","30","31","61"
"Pierre131313","31","30","61"
"pipeemarquez","29","32","61"
"plutoshane","30","31","61"
"praveenplayschess","29","32","61"
"PROATCHESSS","30","31","61"
"qimari2","30","31","61"
"rasmadeus","31","30","61"
"rdc6386","31","30","61"
"Reti_Chesspert","30","31","61"
"rezanabati","31","30","61"
"ricecoffee","30","31","61"
"Rimbaud1971","30","31","61"
"RINTO_J","30","31","61"
"Ritesh67","28","33","61"
"RoddyFischer","29","32","61"
"Rofy2","30","31","61"
"ryancadano","28","33","61"
"sabervivir","29","32","61"
"saiful_anwar24","29","32","61"
"SATFAR","30","31","61"
"sebolsit","30","31","61"
"sharan79","30","31","61"
"SiggiSorglos","30","31","61"
"skall","31","30","61"
"SKskybender","31","30","61"
"SlavaGod","29","32","61"
"Sportdeporte","32","29","61"
"starbuckrogers","31","30","61"
"Strongboat","30","31","61"
"subskybox","31","30","61"
"Temur0904","29","32","61"
"TheLuckyMaster75","30","31","61"
"TJSD11","30","31","61"
"tsalda1988","30","31","61"
"Tterry","30","31","61"
"Unicorp","30","31","61"
"Vincent999","31","30","61"
"wikquick","30","31","61"
"Xibir","31","30","61"
"yignak_metin","31","30","61"
"Youjinxedthegame","31","30","61"
"ZM_Master","31","30","61"
"Zoberland27","30","31","61"
"Zopher","31","30","61"
"a_lanbyju2007","32","28","60"
"aalmaty","30","30","60"
"ab_ba_0813","28","32","60"
"Abdooooooooooo","29","31","60"
"abLokhande","31","29","60"
"AchkasovAV","30","30","60"
"AGM23032011","29","31","60"
"AhmSgt","31","29","60"
"Aitutaki1","32","28","60"
"AkashGoswami","30","30","60"
"AKC-ANH-KIET","29","31","60"
"albatrosmossie","29","31","60"
"Ali_alakberi","30","30","60"
"Alisedaghati12","31","29","60"
"alongersheko","29","31","60"
"amir2197","30","30","60"
"andreuverdes","29","31","60"
"AnimalTk","32","28","60"
"Anonymous-one","30","30","60"
"Apovit","32","28","60"
"aramvrh","31","29","60"
"ArkodiptoDutta","28","32","60"
"armand74","29","31","60"
"ashty","31","29","60"
"asomatous","30","30","60"
"Atharva_Naladkar","30","30","60"
"b_boy2","30","30","60"
"baczkey","30","30","60"
"BagalHari","31","29","60"
"baja1975","30","30","60"
"Beechpanda","30","30","60"
"beemovie69","31","29","60"
"BeholdMan","30","30","60"
"bob79","30","30","60"
"Bullorbear86","30","30","60"
"CatJen","29","31","60"
"CharlesXll","30","30","60"
"chess1434","28","32","60"
"chesscaffe44","30","30","60"
"Chessfrankenstein","31","29","60"
"chessstudent000","30","30","60"
"Chidera007","30","30","60"
"chunkymonkey","30","30","60"
"ClaraWieck","31","29","60"
"coltman","30","30","60"
"Coreyesque","29","31","60"
"crushbone","29","31","60"
"DamGha","31","29","60"
"Daochan","31","29","60"
"Davs100","29","31","60"
"ddmannion","30","30","60"
"Dizzy1s","31","29","60"
"dmnemch","29","31","60"
"Don-Draper","31","29","60"
"DRUGBARON","29","31","60"
"eble1","30","30","60"
"EduGH","29","31","60"
"EenNieuweKans","31","29","60"
"Elgranconejo","29","31","60"
"Elliot__47","31","29","60"
"Eln","30","30","60"
"EltahirAmin","29","31","60"
"Emancipation","30","30","60"
"Enrokero","31","29","60"
"Erdinc69","29","31","60"
"EvaParis1971","30","30","60"
"fallibleplayer","31","29","60"
"Farukh_F","31","29","60"
"Filuzzi","31","29","60"
"frasigal","29","31","60"
"Gabbo85","29","31","60"
"gachondj","30","30","60"
"ghawkins","29","31","60"
"GhostKing300ps","31","29","60"
"gkhnlts","30","30","60"
"gujski","30","30","60"
"gustavoluc3","30","30","60"
"gvacharya","32","28","60"
"hansnaka","31","29","60"
"Hashhashhashh","29","31","60"
"Heythatsmate","28","32","60"
"hipotetico","30","30","60"
"honeybdgr","30","30","60"
"hzxwww","30","30","60"
"I_NXS","33","27","60"
"IA18","28","32","60"
"ilja339","31","29","60"
"imjesusleal","31","29","60"
"incu-cuna","31","29","60"
"Jelohe","31","29","60"
"JMaze","31","29","60"
"jmdkp","30","30","60"
"JomarieMonteza","31","29","60"
"JonasPradoLobo","29","31","60"
"KarambaGQ","31","29","60"
"Kenoo","32","28","60"
"khallod","31","29","60"
"KleinmeisterHa","31","29","60"
"kllerfsh","30","30","60"
"Knightstormer","30","30","60"
"Knightvenger","31","29","60"
"KolosovMaksim2006","28","32","60"
"Koossomak","32","28","60"
"Lejonet","30","30","60"
"lkrg77","30","30","60"
"Lodikhotso1","31","29","60"
"LoveAdri2000","30","30","60"
"LujaKim","28","32","60"
"mannyuko","32","28","60"
"mazouz4","28","32","60"
"Mfilippini","29","31","60"
"Mihai_89","31","29","60"
"MINROV","32","28","60"
"missed_click","30","30","60"
"mlzgrt1071","28","32","60"
"Mohit_chess18","29","31","60"
"morexcuses93","30","30","60"
"mrahnama","32","28","60"
"muha1000","29","31","60"
"Natalia20","30","30","60"
"nazdactraid","30","30","60"
"neonion2","33","27","60"
"nexlair","30","30","60"
"NINO1910","30","30","60"
"noob_1999","29","31","60"
"Novokain","29","31","60"
"nozo","29","31","60"
"nshale","30","30","60"
"NSV133400","29","31","60"
"NyambeJr5","32","28","60"
"old_ludomanych","30","30","60"
"onceapawnatime","28","32","60"
"OppenDiator","30","30","60"
"OrangeyCrow","30","30","60"
"oSpiderKnighto","30","30","60"
"pappu13380","32","28","60"
"Papul971","30","30","60"
"PARTH_9274","29","31","60"
"PCharlesMorphy","29","31","60"
"peor2","28","32","60"
"pingui_king","30","30","60"
"Potlov3","34","26","60"
"prasantaroy87","28","32","60"
"purumishra888800000","32","28","60"
"raismaroc","29","31","60"
"rameshbsnl","30","30","60"
"rar88","28","32","60"
"RasikChess","31","29","60"
"ratherBmating","30","30","60"
"ravijain_chess","30","30","60"
"Resourchess","30","30","60"
"roman_dobronovskyi","29","31","60"
"Roronoa07","30","30","60"
"rundm","31","29","60"
"sajadarmion","30","30","60"
"Samozvon","31","29","60"
"Sandy2011","31","29","60"
"saraa2023","28","32","60"
"sbrisnn","28","32","60"
"sech001","31","29","60"
"Seghir","29","31","60"
"sergiogarciacuba1","28","32","60"
"sexaftercigaratte","30","30","60"
"shabuseller","31","29","60"
"Sher1980","30","30","60"
"Shmelev_Nikolay","30","30","60"
"shottie","30","30","60"
"sifisoncube01","30","30","60"
"slint1312","32","28","60"
"Slow_3","30","30","60"
"soanwon","29","31","60"
"sokolspb","31","29","60"
"SonofAnarchy48","32","28","60"
"Spaccarotella","30","30","60"
"spambenerickson12","30","30","60"
"SpringSy","29","31","60"
"step-by_step","28","32","60"
"supercooljain","32","28","60"
"Tione1","30","30","60"
"Totti_23","30","30","60"
"Turbostaat","30","30","60"
"ukula","29","31","60"
"Unchopped_Pork","32","28","60"
"Valerio0123","31","29","60"
"Varni666","29","31","60"
"vinod0922","31","29","60"
"vrachess","32","28","60"
"vvallstreetpanic","32","28","60"
"Walkuere1609","30","30","60"
"Waynelee","29","31","60"
"Whitefox1919","29","31","60"
"Wiciogieksa","28","32","60"
"williamslar","30","30","60"
"WQLY","29","31","60"
"xdavide","30","30","60"
"yadu108","29","31","60"
"Yoyo20100000","31","29","60"
"Yteaq","28","32","60"
"yusufdev","30","30","60"
"zafer11q","29","31","60"
"zebestofzeworld","30","30","60"
"zeekat","30","30","60"
"zubyno3030","30","30","60"
"zyxon","30","30","60"
"AhmadDalalah11","29","30","59"
"Akakanya","31","28","59"
"akifaydin123","28","31","59"
"alakheir","29","30","59"
"Alekhin1359","29","30","59"
"alsem","32","27","59"
"ameyaB","29","30","59"
"Anup1255","30","29","59"
"Asunya","30","29","59"
"austin96","29","30","59"
"Azam_131","29","30","59"
"Baja1950","30","29","59"
"balajimahi98","28","31","59"
"basokutan","29","30","59"
"Bened1ctCumberbatch","29","30","59"
"bilalzeki","29","30","59"
"BillyNoCheckmates","29","30","59"
"Birdsell","29","30","59"
"bobus27","28","31","59"
"bossrav4","29","30","59"
"c-pawn12345","30","29","59"
"Canchanchan","27","32","59"
"Cappucchinochess","30","29","59"
"Carlsuana","31","28","59"
"cartersrkyptter","29","30","59"
"ChaneRyan12","30","29","59"
"checkuser","30","29","59"
"Chip_and_Dale","28","31","59"
"chop5","30","29","59"
"Chssdotcomis4squares","31","28","59"
"ciudadano1974","29","30","59"
"cleber_x","31","28","59"
"codernwo","28","31","59"
"Contriver_313","27","32","59"
"copperpot","29","30","59"
"CopyJames","29","30","59"
"CoreyHolcomb","29","30","59"
"dadiami","29","30","59"
"davidw94","29","30","59"
"dbrownie03","29","30","59"
"DEWANGAN","29","30","59"
"dipbleu","30","29","59"
"Dmitriy1967","31","28","59"
"Double0nothing","29","30","59"
"dragongray","30","29","59"
"edurios","28","31","59"
"ElvitIM","28","31","59"
"Eressam","30","29","59"
"erick_38","31","28","59"
"EsbenChr","29","30","59"
"Excogigater","31","28","59"
"Facu77","29","30","59"
"finexa38","29","30","59"
"FischerFanboys","29","30","59"
"flo50","30","29","59"
"foreignaffairs","31","28","59"
"frank4up","31","28","59"
"Fstgy","31","28","59"
"Garolt","29","30","59"
"Giangiuca","29","30","59"
"gianlucafc","31","28","59"
"GiveMeAQueen","31","28","59"
"gmdoc","29","30","59"
"gmman88","30","29","59"
"goodness125","29","30","59"
"gopian","29","30","59"
"grossram","29","30","59"
"guilhermefb","31","28","59"
"Guru-1","29","30","59"
"Guzgaga","29","30","59"
"hamidkhalfaoui","31","28","59"
"HenokTadesse","30","29","59"
"hipotermi7","29","30","59"
"HiyZ","28","31","59"
"holidaytime","30","29","59"
"homosb","29","30","59"
"Horvath1995","30","29","59"
"Ichesslife","29","30","59"
"ignis72","31","28","59"
"imd_voml_159","31","28","59"
"jadduran77","28","31","59"
"Jalepa69","30","29","59"
"jammyjam21","29","30","59"
"JB1337prost","31","28","59"
"Jilz","26","33","59"
"Jocke-8floor","30","29","59"
"johnnyfanta","31","28","59"
"Josephrov","29","30","59"
"JulianBarragan","26","33","59"
"KenpachRises","30","29","59"
"Kigulz","28","31","59"
"knighty_mighty","30","29","59"
"KosmasKosice","29","30","59"
"kumkai","29","30","59"
"lalberto","29","30","59"
"lbabak","29","30","59"
"leadenkey","30","29","59"
"lecromine","30","29","59"
"Legyshka","30","29","59"
"lkuiv","30","29","59"
"LordButtForFace","30","29","59"
"loveorigami","30","29","59"
"Lvovlch","30","29","59"
"M_Shadows_85","30","29","59"
"Manolobaez","30","29","59"
"mantoman6969","30","29","59"
"MasterOfCheckmate","30","29","59"
"masterofpin","29","30","59"
"Merlinov","29","30","59"
"michaelgallan","30","29","59"
"MichRum","29","30","59"
"mleee","29","30","59"
"Mphile88","30","29","59"
"mr_d00msday","31","28","59"
"Mr-1Google","31","28","59"
"Neubourg","29","30","59"
"Nibs36","28","31","59"
"NobbyTal","31","28","59"
"Noble_Six","29","30","59"
"noel2020","30","29","59"
"Nurkam2009","28","31","59"
"nzf14","29","30","59"
"Odi2020","30","29","59"
"Pacheco75","30","29","59"
"pakuszka","30","29","59"
"panonius","30","29","59"
"Pigwillnot","31","28","59"
"pjv2020","30","29","59"
"pokelmom","29","30","59"
"Pr179","28","31","59"
"prem71","30","29","59"
"psychosanket","28","31","59"
"qeadzcwrsfxv","29","30","59"
"QTF111","29","30","59"
"qwertyui00","31","28","59"
"regular-show","29","30","59"
"Roman_7777777","29","30","59"
"rookitookitavi","28","31","59"
"sabikm","29","30","59"
"salmar999","29","30","59"
"sandwood","29","30","59"
"Scanorc4","30","29","59"
"sepco16","29","30","59"
"SharpyKnight","30","29","59"
"shayank","31","28","59"
"Sheshiny","30","29","59"
"skeks","28","31","59"
"sks444","30","29","59"
"SKSG0706","29","30","59"
"Snit420","27","32","59"
"Sousouman","33","26","59"
"Srihanc","29","30","59"
"ss22q","30","29","59"
"SWAPANMITRA","28","31","59"
"swimuniversity","28","31","59"
"sydvasyl","29","30","59"
"tanchi1783","29","30","59"
"TARGARYEAN","31","28","59"
"tarrilloperez","29","30","59"
"tgskqv","30","29","59"
"Thabal","29","30","59"
"theittai","30","29","59"
"ThePurpleKnight13","29","30","59"
"Thetnlol","30","29","59"
"Tiest02k22","28","31","59"
"Tigran2307","30","29","59"
"TorVik-1","28","31","59"
"trollix","29","30","59"
"Tsisika","29","30","59"
"UA_Chess","31","28","59"
"UbiVantus","29","30","59"
"Udostar","29","30","59"
"Valdis14","31","28","59"
"Vasan70070","30","29","59"
"Verjusmen21","29","30","59"
"victorferri","30","29","59"
"Vladimird66","30","29","59"
"Vova117","30","29","59"
"weed-smoker","28","31","59"
"WH2627","31","28","59"
"whereismymom","28","31","59"
"William2064","29","30","59"
"Witter0X","30","29","59"
"wobblyman","31","28","59"
"xtc99","29","30","59"
"youngopos","30","29","59"
"zdachitop","31","28","59"
"zirbenfisch","28","31","59"
"ZOUMPERO","32","27","59"
"Zupmm","30","29","59"
"a_nasakin","29","29","58"
"Abugie-Hoodie","29","29","58"
"AdrianCotirta","31","27","58"
"ADUKU20","29","29","58"
"AEmreZengin","28","30","58"
"Akeem111309_0","32","26","58"
"Alby63","29","29","58"
"aleenoor","28","30","58"
"aleksei141","29","29","58"
"Alexander_Oleynik","29","29","58"
"alhalim","28","30","58"
"alji07","27","31","58"
"Amalraj517","28","30","58"
"Aminzurkh","29","29","58"
"amir520628","28","30","58"
"Ammuteddy","30","28","58"
"andrety777","29","29","58"
"Anzaur","30","28","58"
"arjunap","29","29","58"
"armandj1","28","30","58"
"ArsenalO","28","30","58"
"Artsahiti","27","31","58"
"aurorisl","29","29","58"
"Avatar2022","29","29","58"
"babciakapcia","29","29","58"
"bajrangibhaijaan","28","30","58"
"belka_carls","29","29","58"
"BEN710","29","29","58"
"Bernardo_Katz","28","30","58"
"Besnik1Bajraktari","31","27","58"
"Betty_B00P","30","28","58"
"BlablaVlad","29","29","58"
"BOLATT","28","30","58"
"Bot2Play","28","30","58"
"BREITkopf","30","28","58"
"cagansevinc01","28","30","58"
"capivaraclasseC","28","30","58"
"CapRas","28","30","58"
"chess_in_DNA","28","30","58"
"chessy_check","28","30","58"
"clarencesunya","29","29","58"
"cmhr74","31","27","58"
"cmpols","29","29","58"
"conor2580","29","29","58"
"crossdrop","30","28","58"
"darcksider","28","30","58"
"davidescu2209","29","29","58"
"daya2401","28","30","58"
"deadgame4040","28","30","58"
"Deltastyx","30","28","58"
"DEMOCHIS_29","29","29","58"
"dhdjfh","30","28","58"
"diegojampa","29","29","58"
"Dimitrije03","31","27","58"
"dnewell97","30","28","58"
"DrDopa","28","30","58"
"drongoChess","29","29","58"
"e21ama","30","28","58"
"Edebi","29","29","58"
"eglehsuhskejk","29","29","58"
"Eiwazov","28","30","58"
"Ekanth","31","27","58"
"Elpsykangaroo","29","29","58"
"elrompehoyos","29","29","58"
"Elven_Archer","29","29","58"
"Emlin","32","26","58"
"emmgee","30","28","58"
"Exaliber","29","29","58"
"FalseMessiah","30","28","58"
"farips","30","28","58"
"ferporro","29","29","58"
"FishyNipples","27","31","58"
"freestyl","28","30","58"
"FuryGiani","30","28","58"
"gabchess97","29","29","58"
"GAJAH_Bruncul","27","31","58"
"galmate","29","29","58"
"Gesha67","31","27","58"
"gluck17","29","29","58"
"Gopal240573","28","30","58"
"GtpStevieb456","28","30","58"
"Hamlet70","28","30","58"
"hanisaafan2017","29","29","58"
"hark69","28","30","58"
"holy_spirit","30","28","58"
"huesitos206","29","29","58"
"IamBlitzed","30","28","58"
"isimsek1965","31","27","58"
"JCHH","29","29","58"
"jeomel1982","29","29","58"
"jeroen1001","30","28","58"
"Jessieboy","30","28","58"
"Josephandrewwatkins","29","29","58"
"josnou","28","30","58"
"juanchy10","29","29","58"
"kadirfenix31","28","30","58"
"Kagochi","30","28","58"
"Karengh7","29","29","58"
"kasser123","31","27","58"
"kayrapolaat11","28","30","58"
"kejs","29","29","58"
"kerimsamimi","30","28","58"
"kITmeGa","28","30","58"
"kobushimienai","30","28","58"
"korlor","30","28","58"
"kudbany1","28","30","58"
"Kyrillovic","29","29","58"
"laksh_bansal","27","31","58"
"Levente82","28","30","58"
"Leverpull","26","32","58"
"Lilianelo","28","30","58"
"littlepawn96","29","29","58"
"LittleTuna","30","28","58"
"lk-kheir","28","30","58"
"Lomshik","29","29","58"
"MaKseNaS","28","30","58"
"MakYou","30","28","58"
"Marlonc","31","27","58"
"Maziarchex","29","29","58"
"Miker10","28","30","58"
"mittalankush","29","29","58"
"mockaup","29","29","58"
"MohamedEltohamy","28","30","58"
"mohitchess9","30","28","58"
"Nadynoseer","30","28","58"
"nicolas10crisis","28","30","58"
"nkakarla","30","28","58"
"NseEkpo","30","28","58"
"Obstrema","30","28","58"
"OneTouchMen","29","29","58"
"Pandu2000","29","29","58"
"parvaaz","28","30","58"
"paulogar","25","33","58"
"pawwel","28","30","58"
"PEBuckeye","28","30","58"
"petulanttornado","29","29","58"
"philip_simon_din","30","28","58"
"philippeRISITAS","29","29","58"
"PhoenixDanger","29","29","58"
"Physiker9","30","28","58"
"PolarSpyder","30","28","58"
"PrathikDesai","29","29","58"
"proteriys","28","30","58"
"prydurok","29","29","58"
"PvsNPsolved","28","30","58"
"Qifteli","29","29","58"
"RABILLON","29","29","58"
"RadicalEd","29","29","58"
"RareBreedEnt","30","28","58"
"ReddyKstovo1976","28","30","58"
"reivhax","30","28","58"
"Rhinozavr","30","28","58"
"rjshimfoo2204","29","29","58"
"rods17","29","29","58"
"RoelCorpuzPerez","28","30","58"
"Sabrinio","28","30","58"
"sai25590","30","28","58"
"SAKOCHECKS","30","28","58"
"Samirhelal66","30","28","58"
"samisaglam","28","30","58"
"satrancin_fatihi","28","30","58"
"SDL70","29","29","58"
"sebaise","28","30","58"
"serveithot","28","30","58"
"Set_of_Chessmen","28","30","58"
"Shaggy_Werter","28","30","58"
"Shakko","30","28","58"
"SharpHead93","30","28","58"
"shawnyv96","28","30","58"
"shegap","29","29","58"
"sjgarcia82","32","26","58"
"SmallHorse","28","30","58"
"Sonnenblume17","28","30","58"
"spammil","30","28","58"
"specimenx","29","29","58"
"Speedy_Dorsch","29","29","58"
"StewartPatton","29","29","58"
"StiffMaster1","31","27","58"
"Strbunk","28","30","58"
"stroganof1","27","31","58"
"Suckouttt","27","31","58"
"Sudaca1","29","29","58"
"Sultan_east19","29","29","58"
"SumonRoy","29","29","58"
"superibra","28","30","58"
"superminaa","26","32","58"
"sutheeb","30","28","58"
"TheMagician292","30","28","58"
"Throstur3","29","29","58"
"tnightengale","30","28","58"
"trenopazzo","27","31","58"
"urmichal","29","29","58"
"vacaciones","28","30","58"
"Valchess2019","30","28","58"
"veinom","29","29","58"
"vicmal","27","31","58"
"Vladimir_HXTK","30","28","58"
"Vordopi","29","29","58"
"when7do","31","27","58"
"X__7","30","28","58"
"xmov","30","28","58"
"Y_E_A","30","28","58"
"Yazalde","29","29","58"
"Yilmaz-Yagci","28","30","58"
"yohanborges","30","28","58"
"YURI1970","31","27","58"
"Zaqzouq2018","29","29","58"
"Zealotg","28","30","58"
"Zhelezny-kaput","29","29","58"
"ZhuoKoudian","29","29","58"
"aaroning","28","29","57"
"abdibrudi","28","29","57"
"Abode0072002","29","28","57"
"Achchar","28","29","57"
"adeelmohsin","29","28","57"
"adewel","29","28","57"
"AdiCer","30","27","57"
"AdrianCPolit","28","29","57"
"Aggelos31569","29","28","57"
"alanfco","27","30","57"
"alex11star","28","29","57"
"alexdias72","27","30","57"
"AliAkbari_97","28","29","57"
"alibayati80133","30","27","57"
"amirrezaafra","30","27","57"
"Amvladimere","29","28","57"
"Andyokean","29","28","57"
"arjuna_meridian","27","30","57"
"Artem1978","27","30","57"
"Asetika","28","29","57"
"asminoykuhazar","30","27","57"
"AureonJaguar","29","28","57"
"Auyan-Tepui","29","28","57"
"bal1k","27","30","57"
"Baltazar_rus","29","28","57"
"Beko70","29","28","57"
"berserk_dodo","29","28","57"
"bilmiyor-1","28","29","57"
"BISHNOISAHIB","28","29","57"
"bobbobf","29","28","57"
"briarwood","27","30","57"
"Bullette007","29","28","57"
"Bulletto","29","28","57"
"captainsuperb","28","29","57"
"carlzenwane","30","27","57"
"Chess_kung_fu","30","27","57"
"CHoroniaka","29","28","57"
"cometomecometohere","29","28","57"
"contactvincentmp","28","29","57"
"CourtneyGreer","29","28","57"
"Dacquel_19","29","28","57"
"danyketawa_LCKB","30","27","57"
"dartomar","28","29","57"
"Davrishov_Omar2013N2","29","28","57"
"dcriator","27","30","57"
"ddann","30","27","57"
"deniz251881","27","30","57"
"Der_Lebkuchenmann","28","29","57"
"derrickb","28","29","57"
"DevilsPlan","28","29","57"
"Djanging","27","30","57"
"dorcorazor","29","28","57"
"DorisF","29","28","57"
"DrHama","30","27","57"
"dumdum_mcsmartypants","29","28","57"
"EasyPuzzles","28","29","57"
"ebi-King","30","27","57"
"electrophiliac","29","28","57"
"eliatou","28","29","57"
"Epistemon","29","28","57"
"eskorbuto77","29","28","57"
"evanortega","27","30","57"
"Evans1984","30","27","57"
"Excellceeeorrr","30","27","57"
"EXODUS777","28","29","57"
"Felixdsm","30","27","57"
"Fibonacci281","30","27","57"
"franlinlus","29","28","57"
"frastornante","30","27","57"
"Freddy99x99","28","29","57"
"gautamshubhamk","29","28","57"
"Gilhamesch123","28","29","57"
"gilv","29","28","57"
"Gorto19781","29","28","57"
"Greyme","29","28","57"
"harmonicablues","31","26","57"
"Hmaybe369","28","29","57"
"honestTaxPayer","29","28","57"
"hyd044","29","28","57"
"IlseBrans","28","29","57"
"Ilyapisakov","28","29","57"
"inodrepus","30","27","57"
"InTheAirTonight","27","30","57"
"ismiselemeasarisa","28","29","57"
"it15","29","28","57"
"ivanvt","29","28","57"
"izdec","28","29","57"
"Jamaikabob","29","28","57"
"Jamalhamdi","28","29","57"
"JanErikB","30","27","57"
"Jeevs1970","28","29","57"
"JehielYikoh","29","28","57"
"Jiby","29","28","57"
"JohnnyAnto","28","29","57"
"Jonfly","26","31","57"
"joshuavince","28","29","57"
"JustOK","27","30","57"
"JustThinkBatu","29","28","57"
"JY2022KL","29","28","57"
"KlarkYumang","26","31","57"
"Kmenbert","29","28","57"
"Kombinattor01","28","29","57"
"kostas1973","26","31","57"
"krigor","29","28","57"
"m00nk3y","29","28","57"
"Mahmodslama123","28","29","57"
"majid6429","29","28","57"
"MakamuNtsako","28","29","57"
"Malbadrani","29","28","57"
"Manikandan02","28","29","57"
"ManuMora","29","28","57"
"MarcBoe94","30","27","57"
"mcalvano","29","28","57"
"meaninglessme","29","28","57"
"Mehran65","30","27","57"
"meirb12345","29","28","57"
"meraki-07","28","29","57"
"Miftah_BRCC","29","28","57"
"Mihail02011958","27","30","57"
"minidogwalker","29","28","57"
"misiek1994","30","27","57"
"MN_7216","26","31","57"
"Moamen_Taher","30","27","57"
"mohamedalzouabi","29","28","57"
"Morteza1450","30","27","57"
"mumbaki","30","27","57"
"MustafaKhaderL","29","28","57"
"nadertoubib","27","30","57"
"Naman_Khan","27","30","57"
"naregOP","30","27","57"
"nastyrooks22","30","27","57"
"Nice_day","29","28","57"
"nicemove","28","29","57"
"NoahSkyler","29","28","57"
"nofeartm","29","28","57"
"NOTIELK","28","29","57"
"Novatoches","29","28","57"
"olam_s3","28","29","57"
"OMID_s","31","26","57"
"oxyst","29","28","57"
"Paburosando","27","30","57"
"Pacmania","29","28","57"
"paktam72","28","29","57"
"Paul_Danckwardt","30","27","57"
"Pen-to-Paper","29","28","57"
"PeonTanguero","28","29","57"
"percy14","29","28","57"
"perdedor666","27","30","57"
"Perunuk","27","30","57"
"pesu16ab","29","28","57"
"pianomambo","28","29","57"
"ProWendel","29","28","57"
"puks","29","28","57"
"purebliss001eater","28","29","57"
"R1FT","29","28","57"
"RadekQ28","28","29","57"
"RaimbekKurmanaliev","30","27","57"
"ramazanovrus","25","32","57"
"RAVISHANKARK","22","35","57"
"Raznik","28","29","57"
"rene_cantor","29","28","57"
"rennan2000","28","29","57"
"respirianisme","29","28","57"
"Rinat_khal","29","28","57"
"Rolly_the_Tiger","27","30","57"
"Romanio77","29","28","57"
"rubensdsmende","28","29","57"
"Running-Late","28","29","57"
"Russek","28","29","57"
"saiaravindmath","30","27","57"
"sameer10","29","28","57"
"satelindo","28","29","57"
"senthamizhyazhini","28","29","57"
"Ser_Yoga","28","29","57"
"silly-penguin","30","27","57"
"SK-999","28","29","57"
"Sk1pper1","30","27","57"
"SlowHand99","26","31","57"
"sofya66","30","27","57"
"spacerunner23","28","29","57"
"spartak2010","29","28","57"
"Stuemperzug","29","28","57"
"sztachalom","29","28","57"
"thokla68","27","30","57"
"tomkruz888","27","30","57"
"Traan","29","28","57"
"treasurelop","28","29","57"
"Tritons_M_Abpi","29","28","57"
"TwoKs","29","28","57"
"uacbira1","29","28","57"
"UNDERTAKER10","28","29","57"
"Uno-es-ninguno","30","27","57"
"vaole671","30","27","57"
"Vedant1997","26","31","57"
"VeryFriendlyOtter","28","29","57"
"vfloyd","28","29","57"
"VIGNESHKUMAR69","27","30","57"
"viveenmi","27","30","57"
"Vomiyon","29","28","57"
"Walhai_50","28","29","57"
"With_Strength_I_Burn","28","29","57"
"Wouter128","28","29","57"
"WPM6661","28","29","57"
"yna_15","28","29","57"
"ynsk25","29","28","57"
"Yourdaddycarlsen","27","30","57"
"yriahmaina","29","28","57"
"YulyaPishchal","28","29","57"
"zabumafou","30","27","57"
"Zaid_97","28","29","57"
"ziadnazmat1980","28","29","57"
"zxc1234567","30","27","57"
"a_mr_king","28","28","56"
"A0gamo","28","28","56"
"AdobongPusit","27","29","56"
"aeres","27","29","56"
"agg61","31","25","56"
"Albaro99","27","29","56"
"alexanyan_777","28","28","56"
"am__es","29","27","56"
"amitkrskb","29","27","56"
"AndarktadiuszN","28","28","56"
"Angelonagpogi","30","26","56"
"anji3125","28","28","56"
"anti01987","28","28","56"
"Asd2635","29","27","56"
"ayal1979","29","27","56"
"BarondHolbach","30","26","56"
"basri1001","28","28","56"
"Bekimi","27","29","56"
"BulletFrenzy","29","27","56"
"c21cool","27","29","56"
"Ce1945","29","27","56"
"Centuori","28","28","56"
"Cessulis","28","28","56"
"chaturanga0987","28","28","56"
"chelvinaufa","28","28","56"
"chess_sniper2","28","28","56"
"ChessSolotov","30","26","56"
"Chesstern1","28","28","56"
"chocolategummy","26","30","56"
"clarkymlarky","29","27","56"
"ClassicalCam","29","27","56"
"clparagao123","29","27","56"
"connorcalvin","26","30","56"
"cristopher15112","30","26","56"
"Criz_123","29","27","56"
"cupkate","28","28","56"
"darci1957","29","27","56"
"DARK_AVENGER_IRAN","28","28","56"
"Daryoto","27","29","56"
"David4590","28","28","56"
"Deamollos","29","27","56"
"demonio1080","28","28","56"
"dhruva_05","28","28","56"
"diAmen","29","27","56"
"diegolli","26","30","56"
"dnasap","31","25","56"
"EasyPoints4U","30","26","56"
"Ebul","27","29","56"
"Eizard","27","29","56"
"el_kaiseR99","27","29","56"
"EldoradoSun","26","30","56"
"Enyva","28","28","56"
"ercleo","27","29","56"
"evilconquest","28","28","56"
"Eye_inthe_Sky","29","27","56"
"father_oharrey","27","29","56"
"fdag","30","26","56"
"filip_b","27","29","56"
"Fingynium","27","29","56"
"FOFIVIINIANOS","28","28","56"
"freedomfighter61","29","27","56"
"FRESHISTHEGAME","28","28","56"
"GABRIELCAPTAIN","29","27","56"
"gabyangel","27","29","56"
"gefasos","29","27","56"
"goku_43166","30","26","56"
"gpettas21","28","28","56"
"Grandmaster_Blitz4","30","26","56"
"Gratal1","28","28","56"
"gumifacy","27","29","56"
"gvozdeva_sonya","28","28","56"
"hamidallah","28","28","56"
"Hamlet110383","27","29","56"
"HassanElahi","30","26","56"
"hearthofspades","28","28","56"
"hossesf","28","28","56"
"iancu_marius","31","25","56"
"Ice254","29","27","56"
"iem777","27","29","56"
"Iphone2020","28","28","56"
"irbis2254","27","29","56"
"ISAIAH_04","29","27","56"
"itchuserangfroglets3","30","26","56"
"JancoGj","27","29","56"
"Jaska38","27","29","56"
"jason5871","27","29","56"
"JavierJC20","27","29","56"
"jcreus","29","27","56"
"JDD90","28","28","56"
"JDE95","28","28","56"
"Jewgeni1982","28","28","56"
"josedaniel2022","28","28","56"
"JOSEOSMIR","28","28","56"
"josevalencia0698","28","28","56"
"k3836","28","28","56"
"kanatsz","29","27","56"
"Kanyesfather","28","28","56"
"kasperx","28","28","56"
"Kaspilatino","29","27","56"
"kennethbbb","26","30","56"
"Kindder","27","29","56"
"kingshaheen","29","27","56"
"Klif00","28","28","56"
"kremil","28","28","56"
"krillin29","28","28","56"
"kroonts13","26","30","56"
"Lansergejj","28","28","56"
"Lazarus_159","27","29","56"
"le_Mann","28","28","56"
"ledzeppfan","28","28","56"
"Leoin","28","28","56"
"LoBajaronADiego","27","29","56"
"LorenzoMartinez","27","29","56"
"LOVE_J","28","28","56"
"Luis_chesito","27","29","56"
"luke37","29","27","56"
"LuLu212","28","28","56"
"Mafirakurewa","28","28","56"
"Maremoto88","29","27","56"
"marianosuarez","28","28","56"
"Mario_Mario","29","27","56"
"martuliov","29","27","56"
"Mauser18","28","28","56"
"mcmilos","27","29","56"
"MEDWEDROMA","29","27","56"
"Memmed_li","29","27","56"
"mereseyie5","29","27","56"
"Meretheresa","25","31","56"
"methesula","29","27","56"
"Mhnaserian","27","29","56"
"michaelknightbishop","27","29","56"
"MikeSam","28","28","56"
"MOJMAJSTORE","28","28","56"
"mook1","28","28","56"
"Morpbraham","26","30","56"
"MoStar","28","28","56"
"NazmiShala","30","26","56"
"nedi74","26","30","56"
"Netsaurus","30","26","56"
"newmo","29","27","56"
"Nljd","29","27","56"
"Nomoreq","28","28","56"
"NorthLightW","28","28","56"
"Novato1969","29","27","56"
"NubShiva","27","29","56"
"Nyganglia","27","29","56"
"Ogbanya","27","29","56"
"oinuk","28","28","56"
"oldy1007","29","27","56"
"osmangani24","28","28","56"
"Ours0911","29","27","56"
"oweknowek","28","28","56"
"paHorde","28","28","56"
"painkiller87","29","27","56"
"panzerkampf","28","28","56"
"PeaceMakesPlenty","29","27","56"
"PhiiiNEX","28","28","56"
"pkoppelaar","29","27","56"
"Prijepolje","28","28","56"
"pro_curator","27","29","56"
"Promising2001","28","28","56"
"QueenzSLAYER","28","28","56"
"R_chetan7","29","27","56"
"RainDogGR","29","27","56"
"RaspFish","27","29","56"
"reemm","27","29","56"
"RichardMCJ","28","28","56"
"Ruben_Mkhitaryan","27","29","56"
"saabarno","27","29","56"
"saeed1370shiraz","28","28","56"
"sakk100","28","28","56"
"salaiponmaniraja","28","28","56"
"Sammyzane","28","28","56"
"SarvarAzimov","26","30","56"
"scimitarra_it","30","26","56"
"sean24","26","30","56"
"Sengdorzh","28","28","56"
"Sercan-Shatter","28","28","56"
"serol67","29","27","56"
"SHANKAR2208","27","29","56"
"ShUbHrK77","28","28","56"
"Siddharth420","28","28","56"
"sinadin","28","28","56"
"Sircanguro","29","27","56"
"Sirojiddin89","28","28","56"
"SJF92","27","29","56"
"Snooozers","28","28","56"
"soopernuub","28","28","56"
"SoulFuloki","28","28","56"
"SpaceKong","29","27","56"
"sronak11","28","28","56"
"stormAbi","27","29","56"
"SULArTO","29","27","56"
"Sultan3000","28","28","56"
"sumilghosh007","27","29","56"
"Sunat-K","28","28","56"
"SupermarketFlowers","30","26","56"
"t_anh_010320","28","28","56"
"Tacchinardii","28","28","56"
"Taco_Bellmont","26","30","56"
"TeddyBear2005","28","28","56"
"testtesttest123","29","27","56"
"thejaguar","28","28","56"
"THETENANT","28","28","56"
"thomakis","30","26","56"
"tiagotatico","27","29","56"
"tigranpi","27","29","56"
"toffee2017","28","28","56"
"TonganChess","29","27","56"
"Toschka","28","28","56"
"tradingfennec","28","28","56"
"transformations","27","29","56"
"vershsud","27","29","56"
"Viper79","27","29","56"
"virupathak","28","28","56"
"virus_foster","28","28","56"
"VladimirKorchagin","28","28","56"
"Warrell","30","26","56"
"Wilhelm_Steinitz","26","30","56"
"winkytinky","28","28","56"
"YShin","28","28","56"
"Zaffect","28","28","56"
"Abdullrahman17","25","30","55"
"abhay321","29","26","55"
"abhijeet_bundela","28","27","55"
"abusgun","28","27","55"
"ackostojkoski","26","29","55"
"Adem_17_07_1987","27","28","55"
"aealtp","27","28","55"
"aegtag","27","28","55"
"Aeraibi","28","27","55"
"Agus-Wijaya-KBPL","28","27","55"
"alcidespor16","28","27","55"
"Alexandr-18011973","26","29","55"
"alexxxsss","27","28","55"
"Alistrat","27","28","55"
"aliuruc72","28","27","55"
"ALsseL","27","28","55"
"anaideng","27","28","55"
"AndersonLiins","27","28","55"
"Aravinth005","29","26","55"
"archibaljd","26","29","55"
"arywatt","27","28","55"
"Assay","27","28","55"
"azaro86","25","30","55"
"backprop7","27","28","55"
"bad_wood_pusher","27","28","55"
"Bambar-chi-chi","29","26","55"
"barabba56","26","29","55"
"berkay99","28","27","55"
"bien111124","26","29","55"
"blackandwhite14","26","29","55"
"BlackChaos","28","27","55"
"BlackRajaWhiteWazir","28","27","55"
"BorisNik55","27","28","55"
"BRIGHT07","28","27","55"
"bsahoo1","26","29","55"
"bxd","27","28","55"
"Canadian-Club","29","26","55"
"chandasatya","29","26","55"
"Checkiecheck","27","28","55"
"ChessAndBourbon","26","29","55"
"chessinberlin","27","28","55"
"chesst_press","28","27","55"
"Chillmate","26","29","55"
"Chrisrizk92","29","26","55"
"Christian_Steiffen","27","28","55"
"Cosmic_zero","27","28","55"
"coz8280","26","29","55"
"Crislocami10","27","28","55"
"csiga1981","28","27","55"
"dammartin","28","27","55"
"darkk1337","46","9","55"
"Dawa1978","27","28","55"
"dawoodmans","27","28","55"
"dellled","25","30","55"
"dilkumartr","27","28","55"
"divy_shah05","25","30","55"
"do_marocas","28","27","55"
"Domson111","27","28","55"
"donyyrules","27","28","55"
"Downy42","28","27","55"
"DPK47","29","26","55"
"dracoskipizzardo","28","27","55"
"DrAmatJerat","26","29","55"
"Drunkpfie93","27","28","55"
"EinsichtigerSpieler","27","28","55"
"electrifying21","30","25","55"
"Elysium69","27","28","55"
"EnfengWang","28","27","55"
"eraldii","26","29","55"
"Essemme","28","27","55"
"Faceyhan","27","28","55"
"FADLANKTCT","28","27","55"
"farzad88","29","26","55"
"farzadmollahoseini","27","28","55"
"Feuerwerkus","28","27","55"
"Figurenschubser0815","28","27","55"
"fletox","28","27","55"
"FLONGUERMONGLER","27","28","55"
"galser77","28","27","55"
"Garyskywalker","27","28","55"
"Genseric2021","28","27","55"
"giresunn","28","27","55"
"Gmcastel1","28","27","55"
"gmud","27","28","55"
"godfather645","28","27","55"
"Groove99","27","28","55"
"gwaltig","27","28","55"
"habilmente","26","29","55"
"Halesam","27","28","55"
"hamzac","29","26","55"
"hamzah_shodiq","27","28","55"
"harindra76","28","27","55"
"Haymarket","25","30","55"
"hetzy87","27","28","55"
"Horisani","26","29","55"
"hpete","27","28","55"
"Igor100424","28","27","55"
"iprince1","27","28","55"
"IQ-cero","28","27","55"
"jackfruit835","27","28","55"
"JacobSten","25","30","55"
"jenhen212","27","28","55"
"jimbodazzle","28","27","55"
"jimpachuau","27","28","55"
"JNS1965","28","27","55"
"jorrit1969","27","28","55"
"Kad59","26","29","55"
"Kapwel","28","27","55"
"karo_ir","28","27","55"
"Katande","28","27","55"
"kauzu","28","27","55"
"KirinoTheBestGirl","26","29","55"
"Klhement","27","28","55"
"Kozhedub_Ivan","27","28","55"
"Lambo1966","27","28","55"
"Lavieestbella","26","29","55"
"lawyerandmediator","28","27","55"
"lazer4eg","28","27","55"
"Lcmorningstar12209","26","29","55"
"le0za0","29","26","55"
"leeniv43","28","27","55"
"leonavarro914","27","28","55"
"Levtver","28","27","55"
"lolacash7767","27","28","55"
"lorenzogen","28","27","55"
"Luisa_chess","26","29","55"
"maalek2020","28","27","55"
"major59","28","27","55"
"masterja77s","27","28","55"
"mattjarz","29","26","55"
"Matvoyage","28","27","55"
"Max_84","29","26","55"
"MaximPetrBuzilov","28","27","55"
"Mazibuko99","29","26","55"
"mbabo","29","26","55"
"mertgureke","27","28","55"
"Miguelengel","27","28","55"
"Miki_Tooru","28","27","55"
"Mini-Cally","27","28","55"
"MohamedAbbas2020","28","27","55"
"mohamedfarrag50","25","30","55"
"Moonchips","27","28","55"
"moosery","27","28","55"
"morteza44","26","29","55"
"Mr_rehancharles","29","26","55"
"mustafa8010","29","26","55"
"nazriz","27","28","55"
"nebulosastella","26","29","55"
"neofuscelio","29","26","55"
"Nikesha90","29","26","55"
"NINJARAHUL","28","27","55"
"Nitesh_abc","26","29","55"
"Official89","28","27","55"
"ogLMFAO","27","28","55"
"ogoh1","28","27","55"
"oliver_micevski","28","27","55"
"Orxan5","28","27","55"
"papoff","28","27","55"
"petrucciani887","29","26","55"
"Poigai","26","29","55"
"poker_ajx","27","28","55"
"PREVA1L","28","27","55"
"ProtonCore","27","28","55"
"QEDefense","27","28","55"
"Rajankc75","26","29","55"
"rcordon","27","28","55"
"rdiono8","27","28","55"
"reffrsuv","27","28","55"
"reini66","29","26","55"
"Reyperu21","26","29","55"
"Rileiv","26","29","55"
"robtail","27","28","55"
"RP14","28","27","55"
"sagrub","29","26","55"
"Santistokfish","28","27","55"
"santydomingo","28","27","55"
"Sayidenrique07","27","28","55"
"schurik65","28","27","55"
"sevenjhon4","29","26","55"
"sf75h","29","26","55"
"shashwatwat","29","26","55"
"ShockTheWorld","27","28","55"
"shubham19336","28","27","55"
"SilverLightning35","28","27","55"
"skir","27","28","55"
"Sksingh_999","28","27","55"
"slavyan00712","27","28","55"
"slk65","28","27","55"
"SlugzFrmDa9s","28","27","55"
"SomeMedtnerGuy","28","27","55"
"spinola26","27","28","55"
"stemar","28","27","55"
"Strattus","27","28","55"
"suly_ar","27","28","55"
"sungak","27","28","55"
"Superbullet","28","27","55"
"Tess63","27","28","55"
"The1Unic","26","29","55"
"thejace","27","28","55"
"Thelivingpoet","27","28","55"
"thomasraith","27","28","55"
"Tinkerpea","29","26","55"
"TonzyK","25","30","55"
"tototon","27","28","55"
"trog12","28","27","55"
"Tutepat","29","26","55"
"uuknown833","27","28","55"
"vadimkul69","27","28","55"
"valerio70","28","27","55"
"vambroza","28","27","55"
"viitorlins061","28","27","55"
"vinayaksuhas","29","26","55"
"VladimirKo1952","26","29","55"
"waltereador","28","27","55"
"warriorajedrez","29","26","55"
"whitefire","28","27","55"
"Wonderboof","29","26","55"
"Wuzilein","28","27","55"
"XDCHICHI","28","27","55"
"yada","27","28","55"
"yuuki0905","29","26","55"
"Zagramyy","28","27","55"
"Zalan40","23","32","55"
"zzeit","26","29","55"
"A_Hen","27","27","54"
"above8848","27","27","54"
"Absolute_Madlad234","24","30","54"
"Adam_Lundvall","29","25","54"
"adityact09","27","27","54"
"AEmreHLCL","27","27","54"
"aeoe1234","28","26","54"
"AKUBOV","26","28","54"
"alexcaiafas","27","27","54"
"alfon73","25","29","54"
"Alisherusmanov77","25","29","54"
"AmaGetze","27","27","54"
"amogheimi","28","26","54"
"Arctic_Char","27","27","54"
"ariel4444","28","26","54"
"Aziel24","27","27","54"
"aziz-88","25","29","54"
"badmeat1","26","28","54"
"badnen","27","27","54"
"Bananago","27","27","54"
"Baybars8","27","27","54"
"Be_Water_My_Friend","27","27","54"
"ben_ibeni","27","27","54"
"BilNoor","26","28","54"
"BlucerRajagukguk","27","27","54"
"bogus2013","28","26","54"
"BrooklynBishop","26","28","54"
"brytlexz","27","27","54"
"CampPe","26","28","54"
"CaptainScorp","28","26","54"
"casualgame","28","26","54"
"cerrah33","28","26","54"
"certifiedcopy","28","26","54"
"Chess2Children","26","28","54"
"chess3129","24","30","54"
"Chessinthemidwest","26","28","54"
"Chiesa_21","26","28","54"
"ChildeHarold","27","27","54"
"Citypark123","29","25","54"
"Cogs2","27","27","54"
"croc_chess","30","24","54"
"Danars76","27","27","54"
"dandush40","27","27","54"
"DEEPAK2020UMT1422","28","26","54"
"DelMare","26","28","54"
"DeltanGhost","26","28","54"
"detayminant","28","26","54"
"DgD66","26","28","54"
"difermugo10","29","25","54"
"DilanHinojosa","28","26","54"
"dimabond","28","26","54"
"Dlawar","27","27","54"
"dmitry_esin","27","27","54"
"dncampo","28","26","54"
"donpheart","28","26","54"
"drodman91","28","26","54"
"e90black","27","27","54"
"Earina","27","27","54"
"EfthimisMoutsos","26","28","54"
"El_breve","28","26","54"
"Elsanjuanino","27","27","54"
"Emmanuel24","27","27","54"
"ENS007","26","28","54"
"exequutor","27","27","54"
"Fabio1984","27","27","54"
"FaruqZia","27","27","54"
"fmfenomeno","27","27","54"
"gasel","29","25","54"
"gazagaza10","27","27","54"
"Gianna_Dior","28","26","54"
"GR47CH","28","26","54"
"graw","24","30","54"
"gtorabi","26","28","54"
"Guerrerob","26","28","54"
"gustavo_bedoya","26","28","54"
"hamzamakhloufiiii","29","25","54"
"Hanoo2a","26","28","54"
"Hans_Ekbrand","27","27","54"
"hanyhana_099","26","28","54"
"Haribol","26","28","54"
"Hayder222","26","28","54"
"homer2102","27","27","54"
"HusamAlmasry89","27","27","54"
"ibere02","26","28","54"
"ihveysioglu","28","26","54"
"Ilyalox337","28","26","54"
"irancho","28","26","54"
"Irinichka","28","26","54"
"ivanshop","28","26","54"
"JAFAR52","27","27","54"
"jaguari","31","23","54"
"JailsonJB","27","27","54"
"jasomto","27","27","54"
"Jeison1","29","25","54"
"jelini","27","27","54"
"john_v24","27","27","54"
"Joicegeorge","28","26","54"
"joker-23","28","26","54"
"juanbillar","25","29","54"
"Juanmchincess","27","27","54"
"JulianchoCaos","27","27","54"
"kaspalamamba","27","27","54"
"KEIZ77","25","29","54"
"Kerst","28","26","54"
"khalids2018","27","27","54"
"KINGFRANZ","26","28","54"
"KingNiyam","29","25","54"
"kirill_pastukh","27","27","54"
"klvnc","27","27","54"
"kojik507","27","27","54"
"Korea2022","26","28","54"
"ksmall","28","26","54"
"LAWWW","28","26","54"
"leosanmc","27","27","54"
"likeshmk","27","27","54"
"lobo201","27","27","54"
"lovtib","27","27","54"
"Lsgc","26","28","54"
"luigi7","26","28","54"
"Lukeioio","28","26","54"
"Luky123","28","26","54"
"lVntoZdMr1905","27","27","54"
"Lyrical_Genius","25","29","54"
"Maks_Russia","27","27","54"
"Manufo","28","26","54"
"MaresGalore","26","28","54"
"Marian142","26","28","54"
"marvinlegend3","27","27","54"
"MaxtheDog","29","25","54"
"mayornaise","27","27","54"
"mbm1959","26","28","54"
"Meawth15","25","29","54"
"Meetg107","27","27","54"
"mfkujo","27","27","54"
"MFORTAC","26","28","54"
"Midnight0brightPhone","27","27","54"
"Mik_Oleg","27","27","54"
"milelogara","28","26","54"
"mitrhim1975","26","28","54"
"mizzihood","26","28","54"
"moayedasad","28","26","54"
"mong011","26","28","54"
"mononinja","27","27","54"
"moouurrad","26","28","54"
"Mosekasradze","26","28","54"
"Mstislavs","28","26","54"
"mstroud","26","28","54"
"nahuelfouilleul","26","28","54"
"NEMO225","27","27","54"
"New8goalwinner","27","27","54"
"newtonmania","27","27","54"
"NKomanov","28","26","54"
"noneedforaname","27","27","54"
"ntakutoanyege","27","27","54"
"Oylerz","28","26","54"
"ozies","26","28","54"
"Panega","26","28","54"
"papu1234","27","27","54"
"PawnofDestiny86","27","27","54"
"Pecho_lobo","26","28","54"
"pedroalbertogonzalez","28","26","54"
"PemainKontrak81","27","27","54"
"PietsBot","25","29","54"
"Piter-RR","27","27","54"
"Player1408","27","27","54"
"poilot","26","28","54"
"pootercakes","27","27","54"
"popsticles","27","27","54"
"pro2go","27","27","54"
"provide","26","28","54"
"radylychess","28","26","54"
"RAKJ63UR","28","26","54"
"Rattengift","27","27","54"
"ricocard","26","28","54"
"Robin_21","27","27","54"
"RobinMINLP","27","27","54"
"RomanB_astard","27","27","54"
"sachi_n","26","28","54"
"sai_TejA","27","27","54"
"salah250","28","26","54"
"salamtostlar","28","26","54"
"salimandrah","27","27","54"
"Salvo0905","28","26","54"
"samsonandlion","28","26","54"
"samsunspor55","26","28","54"
"sanjeev46625","27","27","54"
"Saqo20","28","26","54"
"sdark33","28","26","54"
"seasonedmeat","28","26","54"
"sedumakb","28","26","54"
"sefaa","28","26","54"
"Serg_maestro_1","29","25","54"
"sergeip23","27","27","54"
"sergineto","27","27","54"
"serguch","27","27","54"
"Sernine","29","25","54"
"sessiontrains","26","28","54"
"sgmsg","29","25","54"
"SiqueiraHenrique","27","27","54"
"skakuret","28","26","54"
"Slaawwa","28","26","54"
"slymonster","26","28","54"
"smt1984","28","26","54"
"sorokin_av","27","27","54"
"Sp00ky4u","29","25","54"
"ssmalladi","28","26","54"
"stanbad1","28","26","54"
"star-tgame_8806","28","26","54"
"sTillowmalums123","27","27","54"
"stuchel","26","28","54"
"Superman89","27","27","54"
"T_Dias_111","26","28","54"
"Talema","27","27","54"
"tamojerry","27","27","54"
"Templarium","27","27","54"
"testabcdfegh12345678","28","26","54"
"TestMatcher","28","26","54"
"Tetovari_1","27","27","54"
"The_Emeritus","27","27","54"
"Thealbatros","28","26","54"
"TheRealMumenrider","26","28","54"
"TheTVA","26","28","54"
"thomas_cross","26","28","54"
"Timochoo0","27","27","54"
"TimofeiKhar2011","28","26","54"
"tokamame","28","26","54"
"tomdle","27","27","54"
"Trying2WinAgain","27","27","54"
"ugunolannebro","26","28","54"
"vespuzzi","25","29","54"
"VictorCastroCHESS","27","27","54"
"votonix","27","27","54"
"WIlchiteJean","29","25","54"
"Willi_Werkel","25","29","54"
"Wokkaisacokka","25","29","54"
"Xairiii","29","25","54"
"xSlade","28","26","54"
"Yellow-Diarrhoea","26","28","54"
"ykpbyk","26","28","54"
"yoelbeker","27","27","54"
"zakkur_jbari","26","28","54"
"ZB-MYakupKarayilan","26","28","54"
"Zelvista","28","26","54"
"ZerkingQueen","27","27","54"
"a5289b","27","26","53"
"AAAMASTER123","25","28","53"
"Ace0927","27","26","53"
"Acemi_ustasi","29","24","53"
"achseostwest","26","27","53"
"Adal_Berto","26","27","53"
"ahorcado","27","26","53"
"ajipicante83","27","26","53"
"alainviny","28","25","53"
"aldom","26","27","53"
"Alien30783","26","27","53"
"Alina_Shilova_Valer","28","25","53"
"Allan_Pelias22","28","25","53"
"amiraa59","26","27","53"
"Amo30","25","28","53"
"Andrewdfc","27","26","53"
"animeskan","27","26","53"
"Anonim1976","25","28","53"
"ararassassina","27","26","53"
"Arckon100","27","26","53"
"ArdiLTN17","27","26","53"
"arongoey","26","27","53"
"ARTAKMARTIROSYAN","26","27","53"
"ARTUR88888888","27","26","53"
"asingha","27","26","53"
"ayin12","26","27","53"
"Badmeat","26","27","53"
"Baryshnikov1974","25","28","53"
"beckrou","28","25","53"
"biczduszy1985","26","27","53"
"blackpiano35","26","27","53"
"Blank404notfound","27","26","53"
"botowka","27","26","53"
"Boyzen","26","27","53"
"brightfish","26","27","53"
"Brutaliss","26","27","53"
"brynncasto","24","29","53"
"Bubba80","26","27","53"
"BusterKing","27","26","53"
"CapaTranca","29","24","53"
"CarecaDespenteado","26","27","53"
"ChaCham","26","27","53"
"chileanpitbull17","27","26","53"
"Chiquitito","26","27","53"
"controlchart","27","26","53"
"cowtwo","27","26","53"
"CRAZY_07","27","26","53"
"Crocktow","26","27","53"
"Crystal2006","26","27","53"
"Cup1234","27","26","53"
"Dago-79","26","27","53"
"Ded-Trifon1980","27","26","53"
"Dimchello","27","26","53"
"Dos_Botines","26","27","53"
"Dr_Arman_Zhumankulov","26","27","53"
"DraggyStar","27","26","53"
"DragoniteBolado","27","26","53"
"drjossy","28","25","53"
"Dromedarild","28","25","53"
"dsalazar1","26","27","53"
"DusktoPawn","26","27","53"
"Edgon19","27","26","53"
"ElusiveDemon","27","26","53"
"elxio","27","26","53"
"Esabuuu","26","27","53"
"EV2021","25","28","53"
"ExecutiveCoaching","26","27","53"
"Falcon_100","26","27","53"
"faunafink","27","26","53"
"FelixRap","27","26","53"
"fil77","30","23","53"
"Findibober","26","27","53"
"Florennsz","28","25","53"
"GammaKnife","26","27","53"
"gh-ermia","25","28","53"
"gozig","27","26","53"
"grego77","25","28","53"
"GregorxD","24","29","53"
"grggg","23","30","53"
"gugna","28","25","53"
"HalimIndonesia","21","32","53"
"hallzy09","27","26","53"
"Harry456","26","27","53"
"HishamZ","27","26","53"
"hoUseoFhorRor","26","27","53"
"Htach","28","25","53"
"Huibuh73","24","29","53"
"Hussamo","28","25","53"
"HyodoKazutaka","27","26","53"
"iammanythings","26","27","53"
"ibrahimmuqbel","26","27","53"
"Imbus47","27","26","53"
"imjust_gabe","27","26","53"
"inmemoryofthemaster","27","26","53"
"ioga","26","27","53"
"ion777","26","27","53"
"is_F2_safe","25","28","53"
"isdemx","27","26","53"
"Jacques0071","27","26","53"
"jan_olav","25","28","53"
"Javiarq","26","27","53"
"jb9372","28","25","53"
"Jeweler1","28","25","53"
"jeyten","26","27","53"
"jhonkaropv5","27","26","53"
"jim456","26","27","53"
"Johnwanph","28","25","53"
"joint_pain","27","26","53"
"jsegaran","24","29","53"
"judjuds","27","26","53"
"just-a-man","26","27","53"
"justAquickie","27","26","53"
"Kayomars","25","28","53"
"kaype","27","26","53"
"Kennice","27","26","53"
"kevinthy","26","27","53"
"kiko0660","26","27","53"
"Killer-B","26","27","53"
"king-Monti","28","25","53"
"kiranep77","27","26","53"
"Kishorekk326","26","27","53"
"kloch","26","27","53"
"kostanov","27","26","53"
"kovidgambit-13","27","26","53"
"L_888","26","27","53"
"Lemezjatszo","26","27","53"
"leninas","26","27","53"
"Levor","25","28","53"
"lignja98","26","27","53"
"LoulouEmi","27","26","53"
"luminessen","27","26","53"
"M_PERMADI","26","27","53"
"MAHV31","26","27","53"
"makeamove22","25","28","53"
"ManuelCJr","27","26","53"
"Markus110703","28","25","53"
"MatejCerar","27","26","53"
"mefchique","26","27","53"
"megalid","27","26","53"
"mencioglumusa1","25","28","53"
"meredinger","28","25","53"
"Metzel","28","25","53"
"Meysam017","25","28","53"
"michaeld34","26","27","53"
"Mikelins","26","27","53"
"mila6","28","25","53"
"molenillo","26","27","53"
"mora-8","26","27","53"
"mosmos00","25","28","53"
"nad-kor","26","27","53"
"najwanHAN","29","24","53"
"nemezide","26","27","53"
"Nenick","27","26","53"
"newerfaster","26","27","53"
"newPhone2","27","26","53"
"newton_bit","26","27","53"
"NoBrainNoGame","27","26","53"
"Nochnoi_perdun","26","27","53"
"Nondumiso101","25","28","53"
"Nowo_11","27","26","53"
"Obmeister","26","27","53"
"oncebitten","26","27","53"
"one_rookie","26","27","53"
"oualidlmt1","26","27","53"
"OuroborosIV","25","28","53"
"panchipyare","28","25","53"
"Pauleric","27","26","53"
"pharshc2","27","26","53"
"phjBCC","26","27","53"
"piyu0506","27","26","53"
"poisonface12","27","26","53"
"Praestent","27","26","53"
"Proplayer_h","26","27","53"
"Puthatinyourpipe","27","26","53"
"Rammsmik","27","26","53"
"rcihankaya","27","26","53"
"redDept7ll","26","27","53"
"REDWAC","26","27","53"
"Reiner59","26","27","53"
"resort16","24","29","53"
"Richard_Lafontaine","25","28","53"
"rogoxn","27","26","53"
"Ronnieboy_1980","26","27","53"
"rooksymmetry","27","26","53"
"roro_12345","27","26","53"
"Rostem-e-Zal","26","27","53"
"russianbot13","27","26","53"
"SaintPneumonia","26","27","53"
"Sam_marinella","28","25","53"
"Samuraj_ae","26","27","53"
"SchwabenLiga","27","26","53"
"Sergarm","27","26","53"
"seymour_stein","25","28","53"
"shab333","27","26","53"
"shabeebhaneef","27","26","53"
"simacha1","27","26","53"
"sktoby","26","27","53"
"sleepy247","26","27","53"
"smajlaj","26","27","53"
"SOHeIlmOGHADDAM2","28","25","53"
"solo_pecaturindo","26","27","53"
"starboy3196","27","26","53"
"suleymandinar","27","26","53"
"sunrise67","28","25","53"
"tejas815121","26","27","53"
"Thirdgreekgod","28","25","53"
"thisiselon_musk","27","26","53"
"tianmartinez2002","27","26","53"
"timlea50","29","24","53"
"TINOTINA","25","28","53"
"tjmckiernan","28","25","53"
"tommeterror","27","26","53"
"tony_luna_3000","27","26","53"
"uhpj","25","28","53"
"UncleMegaliff","26","27","53"
"username1235","26","27","53"
"ValeIg33","26","27","53"
"varna72","27","26","53"
"Vasiliy73682","26","27","53"
"Vitorcaaaampos","26","27","53"
"WesleySouth","29","24","53"
"Woodstock22","27","26","53"
"xMobileGamerx","26","27","53"
"XXXZeusXXX","28","25","53"
"YerlanK78","24","29","53"
"Yzyvan","27","26","53"
"Zenwyk","25","28","53"
"zhyk","28","25","53"
"zurerr","26","27","53"
"Adibhau3","26","26","52"
"Adm_s","26","26","52"
"Akanni18","26","26","52"
"aleqz","26","26","52"
"alxv5","27","25","52"
"amavirotecaz","26","26","52"
"amichebole","26","26","52"
"Amuntaychess","25","27","52"
"anand1231234","26","26","52"
"anand6868","27","25","52"
"Ananinkikdjk","24","28","52"
"Andy88","26","26","52"
"AnonymChess","27","25","52"
"Anton510","26","26","52"
"Ariffuddin","24","28","52"
"ASHI_4","27","25","52"
"athu1624","28","24","52"
"AxelKl","26","26","52"
"AyeniO","26","26","52"
"AyS24","26","26","52"
"balad06","28","24","52"
"Bashirrabiu777","26","26","52"
"Bazarcikli","27","25","52"
"BedroooOOOO","25","27","52"
"beforechessissolved","26","26","52"
"Blackman26","26","26","52"
"blankinegro","26","26","52"
"blazej_Sz","25","27","52"
"BLITZed4you123000","26","26","52"
"Bluesoil","27","25","52"
"bluesquash1","26","26","52"
"Blundersville","26","26","52"
"borustas","25","27","52"
"Brandonie","27","25","52"
"brianblack2b","26","26","52"
"Buckos73","27","25","52"
"Butcherooooo","26","26","52"
"bzess","26","26","52"
"Cali2007","26","26","52"
"canerk93","26","26","52"
"Carlos3182","26","26","52"
"casicasicasinormal","25","27","52"
"Casimero123","26","26","52"
"CatoLello","26","26","52"
"Checkmaaiite","26","26","52"
"chess1709","25","27","52"
"Chessagasti00","26","26","52"
"choochi","26","26","52"
"Clownsfrown","26","26","52"
"ContrabandJackson","28","24","52"
"copierdr67","26","26","52"
"Corwin-of-Amber","23","29","52"
"CristianS27","27","25","52"
"CrownPradhyumna","24","28","52"
"Cryptogee","25","27","52"
"Csibesz0519","26","26","52"
"cstocking","26","26","52"
"Cuy-gubrag","27","25","52"
"Cypleks","27","25","52"
"dagbruggeman","26","26","52"
"damdan1el","26","26","52"
"Daniel-Kan","26","26","52"
"Dark_Ambient","26","26","52"
"Darya_Ivanova_1011","24","28","52"
"Deathblade551","27","25","52"
"dgrcheg23","26","26","52"
"DitGaatTeSnel","25","27","52"
"dkshrute","25","27","52"
"Dmitrii7548","24","28","52"
"dompiche","26","26","52"
"Dorsales9","27","25","52"
"Drago_Bijeljina","25","27","52"
"Easy_Chess_Studies","23","29","52"
"Edgar170880","26","26","52"
"Ehaj","27","25","52"
"ekiMC","25","27","52"
"Eldar_Yakimov12","26","26","52"
"eliecer72","24","28","52"
"Ellina","26","26","52"
"eLpApUcHiS","25","27","52"
"eltigre2000","26","26","52"
"Emanessam","27","25","52"
"emilybasijan","24","28","52"
"ExitProject","28","24","52"
"Faiaz_Mahmud","16","36","52"
"faibel-eclipse","28","24","52"
"fastlifebaby","26","26","52"
"Feji_Prince","27","25","52"
"flyingdutchman68","25","27","52"
"FRANCIS-FMM","27","25","52"
"freddy94000","26","26","52"
"FromRassiawhislove","26","26","52"
"Futchess77","26","26","52"
"Gagrai21","25","27","52"
"geebuss","26","26","52"
"Gennady-Rovensky","24","28","52"
"GneissOne","28","24","52"
"gratefruit","25","27","52"
"GreenDragonLjubljana","26","26","52"
"Gxis","25","27","52"
"haa123","24","28","52"
"haidary","27","25","52"
"hasan36","25","27","52"
"Hasanalpmi","27","25","52"
"hase38","27","25","52"
"hazvioni","26","26","52"
"HellErg69","26","26","52"
"hellowfabio","27","25","52"
"hosseinmhs","26","26","52"
"Hsm01","25","27","52"
"Hugazo","24","28","52"
"I-take-your-Queen","27","25","52"
"ICE-K","27","25","52"
"iddo","23","29","52"
"igorfenomenal","25","27","52"
"ImadAliraqi","25","27","52"
"impE_actF","26","26","52"
"ionut_m86","27","25","52"
"Isafercan","25","27","52"
"Ivan_barca1","27","25","52"
"IzyONedge","25","27","52"
"J_Munnio","26","26","52"
"jesor","27","25","52"
"Jherma03","26","26","52"
"jhonelReyR05","28","24","52"
"jinunair","27","25","52"
"jjj28","26","26","52"
"Johnson333","27","25","52"
"Jonahkigz","25","27","52"
"JPDF11","25","27","52"
"Jrython","25","27","52"
"jyde","26","26","52"
"Kalagi","27","25","52"
"kamalendu4444","25","27","52"
"kawaks_1","27","25","52"
"KiGanovGunavti","26","26","52"
"KingSlav","28","24","52"
"Knight_2018","27","25","52"
"Kostask86","27","25","52"
"KroniiBibs","27","25","52"
"Lalilovic","26","26","52"
"leobenitez","26","26","52"
"livilajed","25","27","52"
"lordbessa","25","27","52"
"lovat","26","26","52"
"luisbasurto-UCV","27","25","52"
"mackoy","26","26","52"
"Magdy_Eid_e4","27","25","52"
"manhole-nate","28","24","52"
"Mantiz100","27","25","52"
"marceloc","25","27","52"
"masoud93","25","27","52"
"Master_chess00","27","25","52"
"math-matician","26","26","52"
"mercurybromide","25","27","52"
"Merkel-Versteher","25","27","52"
"Mj8881212","27","25","52"
"Moonwatcher77","26","26","52"
"MPonciano","26","26","52"
"Mr_Foxall","25","27","52"
"mshmsh36","26","26","52"
"MsVnf","25","27","52"
"myjkazf","26","26","52"
"NeverloseNXT","27","25","52"
"Ngc0b0","26","26","52"
"NikkPolll","25","27","52"
"nirmalmagar","26","26","52"
"noa678","27","25","52"
"Notagoodmaleplayer","27","25","52"
"nraychess","26","26","52"
"ntkha1985","25","27","52"
"OffbeatGambits","25","27","52"
"Olbu61","27","25","52"
"Orange_Justice","27","25","52"
"OrangeAysha","24","28","52"
"osmelguerrero","27","25","52"
"Patagonico2020","26","26","52"
"pavol29","26","26","52"
"Peao_Assassino","25","27","52"
"penmightierthansword","25","27","52"
"PepFerre","27","25","52"
"pezveloz","26","26","52"
"PierreTilano","26","26","52"
"pisikutz","27","25","52"
"Player-Player-04","25","27","52"
"PlayLara","26","26","52"
"pmlmail","26","26","52"
"PrinceofMedjay","28","24","52"
"pronaturic","26","26","52"
"Querolico","27","25","52"
"raffaelgreat","25","27","52"
"rasiak97","29","23","52"
"Raul_Chapablanca","26","26","52"
"RaulManor","25","27","52"
"reflection_snow","27","25","52"
"Ridaches1","26","26","52"
"Riolobo5","26","26","52"
"RM_Betorokolo","25","27","52"
"rocasjazz7","25","27","52"
"rohitsahu93","26","26","52"
"Rossa98","26","26","52"
"rossiychenkoas","25","27","52"
"rudeboi","25","27","52"
"RushMolotov","27","25","52"
"RUSLAND-01","27","25","52"
"Ruthless_13","27","25","52"
"rygeon","26","26","52"
"saish99","23","29","52"
"salihins","27","25","52"
"Samonios","26","26","52"
"SANTANA_LUIS","24","28","52"
"seb457","25","27","52"
"seemasingh","26","26","52"
"SeiffOsama","26","26","52"
"Seniels","26","26","52"
"Sergixx","27","25","52"
"Serkur","26","26","52"
"sevgilisemih","27","25","52"
"sewer984","26","26","52"
"Shylphiet","25","27","52"
"SiempreconDios","26","26","52"
"Sinitata","25","27","52"
"SLIMECLEANER","26","26","52"
"SmithTower","27","25","52"
"Sokovichok","27","25","52"
"Solomon_Mag","27","25","52"
"soltooner","27","25","52"
"sonmon7","26","26","52"
"Sonu_Peddinti","26","26","52"
"spasiklas","26","26","52"
"StarovoytovAAlex","26","26","52"
"staticchess87","26","26","52"
"Stergios1907","27","25","52"
"stocampo","27","25","52"
"surgon","27","25","52"
"SweGoat","26","26","52"
"Tabasco999","25","27","52"
"tchaky","26","26","52"
"termintor125","25","27","52"
"TheThrillOfUnknown","25","27","52"
"TimVoronChess","24","28","52"
"TINOVM","26","26","52"
"tundere","26","26","52"
"Tur6oboy","26","26","52"
"ujurku","29","23","52"
"umer1111","27","25","52"
"vasquez3096","27","25","52"
"VecxDoc","26","26","52"
"vigneshchess2468","26","26","52"
"vvv21","26","26","52"
"Wa11ace","24","28","52"
"whatanadventure","26","26","52"
"WinterMann","26","26","52"
"wnxchange","26","26","52"
"word20","27","25","52"
"Xchexman","25","27","52"
"xvgbvfdd","26","26","52"
"Yadirff","25","27","52"
"yero1969","25","27","52"
"yogythtool","25","27","52"
"yomma","25","27","52"
"Zahraaaaaaaaa","27","25","52"
"Zamora-rousseau","26","26","52"
"Zaraki_13","26","26","52"
"zmeul","26","26","52"
"zolegl","26","26","52"
"aaanddd","25","26","51"
"AAntonio-1","25","26","51"
"ACERPEEPZ","26","25","51"
"AguBlue","27","24","51"
"Akkelo","26","25","51"
"Alexclub","25","26","51"
"AlexGor2772","25","26","51"
"alfredor76","25","26","51"
"AliBayraktar","26","25","51"
"AllyMac1872","26","25","51"
"almostagm","26","25","51"
"altair2021","26","25","51"
"alwaysabeginner2021","25","26","51"
"amernhoo78","26","25","51"
"Aquarius_73","25","26","51"
"Arifin46","25","26","51"
"Ashvameda","26","25","51"
"azmatkhan83","27","24","51"
"BabyGirl_28","25","26","51"
"baris1923","25","26","51"
"basdul","26","25","51"
"beatable","24","27","51"
"betoperu","25","26","51"
"BirkenDirk","25","26","51"
"black_mamba82","26","25","51"
"BlackShadow66","26","25","51"
"Blue_Mamba","25","26","51"
"Blunderfast19","25","26","51"
"Bndog","27","24","51"
"bogazesintisi","20","31","51"
"boltnav78","25","26","51"
"Borjoff","24","27","51"
"borm","26","25","51"
"Brnm","25","26","51"
"BulletPhone","27","24","51"
"Bumibumi","26","25","51"
"Bunkerrat","26","25","51"
"C-6YXTbI-6APAXTbI","24","27","51"
"caneronoglu","26","25","51"
"cannypawn","27","24","51"
"Casper419","25","26","51"
"Caveman2000bc","25","26","51"
"CHAMPION69800","27","24","51"
"chemistry_rules","26","25","51"
"Chess_002","27","24","51"
"ChessedByLife","27","24","51"
"Choike2","24","27","51"
"Cinque_Terre","26","25","51"
"ckgchess","25","26","51"
"cochele87","25","26","51"
"code_vaibhav","25","26","51"
"Connikov","24","27","51"
"cristianperez4","26","25","51"
"CrossingLine","25","26","51"
"CSA2023","22","29","51"
"damihailov85","25","26","51"
"Dannyxr1","25","26","51"
"Dar2016","25","26","51"
"darshikch","26","25","51"
"DemonBeastInvasion","26","25","51"
"Devil6192","25","26","51"
"Dilios84","25","26","51"
"dimitriev","22","29","51"
"Dinesh1652","26","25","51"
"disjoint","25","26","51"
"Donnyvergara","26","25","51"
"dosantos05","26","25","51"
"DRI-TAN","26","25","51"
"DuleBgd78","25","26","51"
"Ed_007","26","25","51"
"Edoardo1464","25","26","51"
"ElJuez","24","27","51"
"elo2090","24","27","51"
"Emoku","26","25","51"
"enar74","25","26","51"
"ep1955","25","26","51"
"erksous","25","26","51"
"Extrabonus","28","23","51"
"FabianoCaruana2019","26","25","51"
"FamilyForKing","23","28","51"
"faroukkhh58","26","25","51"
"Fastandfurius","28","23","51"
"Fck_AI","22","29","51"
"fernandoski","26","25","51"
"Ferryhands23","26","25","51"
"Festas","27","24","51"
"forerosmart","26","25","51"
"Fr3aky","23","28","51"
"Fran_Chandler","25","26","51"
"frankie25519","25","26","51"
"FrankStrube","25","26","51"
"Frede68","26","25","51"
"Friendly_Taco","24","27","51"
"fxli","25","26","51"
"Gabyocho3","25","26","51"
"Gasoile","26","25","51"
"geff12","25","26","51"
"Gegenopfer","26","25","51"
"General_2","24","27","51"
"GertakSambar","25","26","51"
"Ginek1","23","28","51"
"Ginocent","25","26","51"
"giruevaola","25","26","51"
"GrandMaitreDur","26","25","51"
"greh_vya","25","26","51"
"GRKRMN9","24","27","51"
"haftamu","26","25","51"
"hammerstein458","25","26","51"
"hansenwood2","26","25","51"
"Henry-Jekill","28","23","51"
"HessligerHugo","25","26","51"
"highflyer_78","24","27","51"
"hrcb","27","24","51"
"HuanHo","24","27","51"
"ifsmirnov","26","25","51"
"igmikh","24","27","51"
"Igor26rus","26","25","51"
"Ivan_mk","26","25","51"
"Izuku_Mydoria","26","25","51"
"JAY123ZEE","25","26","51"
"Jazzkov","25","26","51"
"jeff-je","24","27","51"
"jeffreyimmanuel","27","24","51"
"Jl_romero","25","26","51"
"JoanxD1590","25","26","51"
"JohnMorlar","26","25","51"
"jorikango","27","24","51"
"Josep_pavlvs","27","24","51"
"jsndndm","25","26","51"
"juliorey1955","25","26","51"
"June007","27","24","51"
"kafhaya3insad","24","27","51"
"Kaiz3rsoze","25","26","51"
"Katxisenlamar","27","24","51"
"KatyaSid","27","24","51"
"kemo2001ane","25","26","51"
"killthepawnn","26","25","51"
"krishna5","24","27","51"
"krisna161","25","26","51"
"kwois","25","26","51"
"L-Anticoncept","25","26","51"
"Laboa666","26","25","51"
"laquemascalacachimba","26","25","51"
"lasengero","26","25","51"
"Laytexlove","25","26","51"
"Lemberg_chess-player","25","26","51"
"lui66","25","26","51"
"luispc0129","26","25","51"
"Lujfuj4eva","27","24","51"
"lunaeferro","24","27","51"
"mambas","26","25","51"
"ManeSixTimes","26","25","51"
"MANIASURUVE","25","26","51"
"MarlonZeus1984","27","24","51"
"matmoi","27","24","51"
"maugarcia98","25","26","51"
"maziyarnbz","26","25","51"
"MELLYFROM7","26","25","51"
"Memosuc0893","24","27","51"
"Meysammirshkari","26","25","51"
"mhmmd_aliyunus","26","25","51"
"MissDiamonds","26","25","51"
"misterCAROKANN","25","26","51"
"Mlady_Rebel","26","25","51"
"mohammadjamshidi201","26","25","51"
"Mohceltics1986","27","24","51"
"mohitkharkwal","26","25","51"
"Morphy1234","26","25","51"
"Morteza_Sadeghi","27","24","51"
"mpikoj","25","26","51"
"MrBarhum","25","26","51"
"mrsimone","25","26","51"
"mu9fiji9","26","25","51"
"Mukhtar-Meral","27","24","51"
"Mustapekka","27","24","51"
"MychessProblem","26","25","51"
"naosengseng","26","25","51"
"Naresh2022","27","24","51"
"nedeljk","26","25","51"
"NewbieRen","26","25","51"
"newstyle96","24","27","51"
"NikoKZ","26","25","51"
"nikooko","25","26","51"
"nimaarabzadeh","25","26","51"
"NirajSharma","25","26","51"
"nmakes","26","25","51"
"nobbles","26","25","51"
"Nobleshess","26","25","51"
"nowyhomik333","26","25","51"
"OE2017","25","26","51"
"OEjarque","26","25","51"
"OldWof","26","25","51"
"olivierCrolles","25","26","51"
"Onda2023","28","23","51"
"OPCabildano","27","24","51"
"Osmimar_153","26","25","51"
"ozverinchik228","25","26","51"
"PauperEtSapiens","25","26","51"
"Peacedude","24","27","51"
"PelletK","25","26","51"
"pi3_addict","27","24","51"
"Piano_Man001","25","26","51"
"pintogoa","26","25","51"
"Piotrradz","23","28","51"
"pipeblaksley","27","24","51"
"polivios56","26","25","51"
"Poneylover","24","27","51"
"pop014r3","27","24","51"
"Poporing","25","26","51"
"pottoman","26","25","51"
"practice_chess","28","23","51"
"Puyey","25","26","51"
"pwrjd","26","25","51"
"Ranveer_07","25","26","51"
"rastel1973","24","27","51"
"RauchKing","25","26","51"
"ravshan767","26","25","51"
"rcp_the_chess_guru","25","26","51"
"Reallytag","26","25","51"
"reyazuddin","25","26","51"
"Rigol3tto","26","25","51"
"rinoxhsw","26","25","51"
"rishabhmeena","26","25","51"
"rmuhavk","26","25","51"
"Rodor54","26","25","51"
"RyanPeng","25","26","51"
"SAAD-j","25","26","51"
"Saad089","25","26","51"
"SafaKara","26","25","51"
"Saha228agafono","25","26","51"
"Saitama_9","27","24","51"
"salhesabimi","26","25","51"
"salome27-ald7","27","24","51"
"samnolen","26","25","51"
"Sampada05","26","25","51"
"sangucherito","24","27","51"
"sanosp","25","26","51"
"SantiagoRL","25","26","51"
"sarumt","26","25","51"
"sasapg","23","28","51"
"ser2019","26","25","51"
"sereffgullu","26","25","51"
"shahmatnder","26","25","51"
"shijithss","25","26","51"
"shreyans3293","23","28","51"
"shulha51","26","25","51"
"sidk1990","28","23","51"
"Sir_Abu","27","24","51"
"SJIM","24","27","51"
"Slava_Batyaev","26","25","51"
"Smart_36","25","26","51"
"sngarrid","26","25","51"
"sniperlll","25","26","51"
"sollievo","25","26","51"
"sonson_999","26","25","51"
"SrPopando","24","27","51"
"Ssedat","25","26","51"
"steilio","26","25","51"
"stupidloose","25","26","51"
"Szekesfehervar","24","27","51"
"Targimos","25","26","51"
"tarjidia","26","25","51"
"tbabdr","23","28","51"
"teofrastus1","25","26","51"
"The_Lazy_Genius","26","25","51"
"TheIrrelevant1","26","25","51"
"thekaustubh","26","25","51"
"TonyHana","27","24","51"
"TrainHeartnet","25","26","51"
"trombik","25","26","51"
"Van_dekok","25","26","51"
"via-03","24","27","51"
"VictorSHC","26","25","51"
"violetalila","25","26","51"
"VladimirGrigorev","26","25","51"
"Voeral_chess","25","26","51"
"WindCutter","22","29","51"
"Wogner","25","26","51"
"Ya-yaZDV","24","27","51"
"yasserchess1994","25","26","51"
"yessin1989","26","25","51"
"YigitBerberoglugil","25","26","51"
"younesssssssss","26","25","51"
"yurajurqu","25","26","51"
"ZAMIR777MAI","25","26","51"
"ZecaPablanca","24","27","51"
"zent01","26","25","51"
"Zugzwang2021","24","27","51"
"AAK203","25","25","50"
"AbdulSabry4GM","25","25","50"
"Acievere","24","26","50"
"AdrianChess01","25","25","50"
"Adriano2021","25","25","50"
"ahmet87705","25","25","50"
"alalmr147","26","24","50"
"Alan_system1","24","26","50"
"Albert072015","28","22","50"
"Amh114","24","26","50"
"AMIx17","27","23","50"
"angel1014","25","25","50"
"Arinze333","27","23","50"
"augustosoares07","23","27","50"
"Avantiragazzi","25","25","50"
"averbak","25","25","50"
"Bahrb","27","23","50"
"bamballaz","25","25","50"
"Bandicoot63","25","25","50"
"bandiits","26","24","50"
"BARBQ","25","25","50"
"BaronInTheTrees","26","24","50"
"bassito77","24","26","50"
"baulitar","24","26","50"
"Beki64","26","24","50"
"belim169","24","26","50"
"bierrr","27","23","50"
"BifaceR","26","24","50"
"BiggNasty","28","22","50"
"bluewolves","26","24","50"
"Bolkartr","24","26","50"
"Bougi1900","25","25","50"
"Bradler","25","25","50"
"Budgill","25","25","50"
"camussisyphus","27","23","50"
"cananbalam","26","24","50"
"carambaaa","25","25","50"
"Carm1185","25","25","50"
"cbsonic2","25","25","50"
"ChavezWilmerPII223","27","23","50"
"Chequemate1973","26","24","50"
"Chess_6867","24","26","50"
"CHESS_BOY-X","26","24","50"
"chikotete","26","24","50"
"chinolaconico","25","25","50"
"chocolateandcurious","23","27","50"
"Conore","23","27","50"
"Const-n","25","25","50"
"Cucuzza","25","25","50"
"Cybernandi","25","25","50"
"DaddyJack1976","25","25","50"
"dametusojos","25","25","50"
"damivirgo","25","25","50"
"danilovbiysk","24","26","50"
"DankMondes","25","25","50"
"Dark_Nighter","24","26","50"
"DBarragan","25","25","50"
"defut","25","25","50"
"Dejavu2023","25","25","50"
"DerrickWhite22","26","24","50"
"dimarko","25","25","50"
"DLA_Legolas","25","25","50"
"Donio","26","24","50"
"doodleamigo","24","26","50"
"douglasfil1","23","27","50"
"doytollovski","25","25","50"
"DutchMagician","26","24","50"
"dxryll","25","25","50"
"echecNoob","25","25","50"
"ElectricIan","25","25","50"
"Emad_M_Badr45","27","23","50"
"envercana","23","27","50"
"EstonianPirate","25","25","50"
"FABRICE639","24","26","50"
"FAKEAFBOI","27","23","50"
"FakeMaster141929","25","25","50"
"fcomacab","25","25","50"
"FesenkoVitaly","27","23","50"
"ForSasha","43","7","50"
"Forst1968","26","24","50"
"foursquarechap","27","23","50"
"fredids","24","26","50"
"FrostCop","25","25","50"
"fuchser","24","26","50"
"G0_4_2399","25","25","50"
"gabofox3","25","25","50"
"Galika_gunda","26","24","50"
"Gbola","24","26","50"
"georgiades","26","24","50"
"Glasslitten","26","24","50"
"glueckskaefer-99","24","26","50"
"griggkag","25","25","50"
"hakuna777","27","23","50"
"HariA13","26","24","50"
"henryhenry","26","24","50"
"Hichkak","26","24","50"
"Hikarpov","26","24","50"
"HNGFW","26","24","50"
"HOWEIDA","24","26","50"
"Hummet99","27","23","50"
"i82q41p","24","26","50"
"Iadelf","25","25","50"
"IcePredator","25","25","50"
"Idel2009","25","25","50"
"igor82petrovic","27","23","50"
"Ilav1","23","27","50"
"imad1802039","25","25","50"
"ingatinni","25","25","50"
"Istanbulensis","26","24","50"
"ivanaccio","25","25","50"
"Jaj12121","24","26","50"
"Jandermore","25","25","50"
"jaqueconmate","24","26","50"
"jdflemer","25","25","50"
"jeanlesage","25","25","50"
"jheetee","25","25","50"
"Joel_DePo","27","23","50"
"JojoM","24","26","50"
"Joo94","26","24","50"
"joowie","25","25","50"
"josephmaotito","25","25","50"
"Joseveragua","24","26","50"
"Joseybo","25","25","50"
"JSkillz","26","24","50"
"K1LLCiTysFinest","25","25","50"
"KadenIrw","25","25","50"
"Kapaiwon","23","27","50"
"KaRATs","26","24","50"
"Khalidgm","26","24","50"
"king_2018","26","24","50"
"Kingscrusher-YouTube","27","23","50"
"Klassikprofu","25","25","50"
"KlyashtornyVladislav","25","25","50"
"KOCAK07","25","25","50"
"Korkmazzz","25","25","50"
"KuduBiltong","25","25","50"
"KURA1234","25","25","50"
"Kuyumugi","26","24","50"
"larbi81","23","27","50"
"Lithium123","25","25","50"
"loost1","23","27","50"
"LucaRcc","24","26","50"
"Luis8921","25","25","50"
"major000","24","26","50"
"makvandi420","25","25","50"
"mandira334","24","26","50"
"Maradoomaradooogol","27","23","50"
"Marc00s","25","25","50"
"MarceloMANN","26","24","50"
"marlonsky","26","24","50"
"MasterBlunder12","24","26","50"
"Masterpeter1970","25","25","50"
"mavahom","25","25","50"
"MBA63","25","25","50"
"megopal","25","25","50"
"MELADAC","25","25","50"
"mertccc","26","24","50"
"MesinTempur","21","29","50"
"Metal0x","24","26","50"
"milanbelobrkmilan","24","26","50"
"mint_crucian134","25","25","50"
"MoazChess","26","24","50"
"mohammadmoj","24","26","50"
"Mooker","25","25","50"
"mooohayas1","26","24","50"
"Morganis","25","25","50"
"moshb","25","25","50"
"Mr_Sandmann","25","25","50"
"MRMANiA","24","26","50"
"Nagual77","25","25","50"
"NandorTheRelentlezz","26","24","50"
"Narynbekov","23","27","50"
"nass_blitz","24","26","50"
"neorov","23","27","50"
"neus1961","26","24","50"
"ngg1957","23","27","50"
"NOSLIDER","23","27","50"
"NotGoodCh3ss","24","26","50"
"npocTop","24","26","50"
"number1chesspro","26","24","50"
"nyn2000","27","23","50"
"Oferassabi","23","27","50"
"Okrazh","24","26","50"
"Olarov","25","25","50"
"onlyjesussaves420","24","26","50"
"oslovite","25","25","50"
"Otgoo-23","22","28","50"
"OvieInikori123","23","27","50"
"Patsoflas","25","25","50"
"Paul_morfi","24","26","50"
"PawnSean","26","24","50"
"Petya77","23","27","50"
"pheeqsco","25","25","50"
"philippe640719","25","25","50"
"Pietech","25","25","50"
"Pilippos","26","24","50"
"PMpotatomaster","25","25","50"
"polk444","24","26","50"
"Prilipko_AA","25","25","50"
"prinz_marcus","25","25","50"
"Professional_flagger","24","26","50"
"psjima","25","25","50"
"RafaelCamacho","24","26","50"
"Rajat1612","26","24","50"
"RalphCloete","25","25","50"
"randomhesap65","25","25","50"
"ravenwater90","25","25","50"
"rgutierrez123","24","26","50"
"RH121","24","26","50"
"riesigedame","25","25","50"
"rjbh","26","24","50"
"RomanKenig","27","23","50"
"romanoc64","26","24","50"
"Romanov_A","25","25","50"
"RommyDanimars","23","27","50"
"Ronma88","24","26","50"
"ryakut","25","25","50"
"Ryanbordbar","24","26","50"
"Ryanowsky","25","25","50"
"sabavh7117","26","24","50"
"Sahilahluwalia2806","25","25","50"
"Sakul39","27","23","50"
"salvofre","27","23","50"
"SammAy","24","26","50"
"Samsonhaira","25","25","50"
"sanjaysrivastava485","25","25","50"
"Sapperlot","24","26","50"
"scelt58","27","23","50"
"schwedus","25","25","50"
"ShamelAhmad","25","25","50"
"ShapeShiftrr","25","25","50"
"sharangarora","24","26","50"
"shivamsinha13","24","26","50"
"slow1010","25","25","50"
"snorlax2","24","26","50"
"SofaKing660","24","26","50"
"Some-Bloke","25","25","50"
"sorrita76","27","23","50"
"SOUMYADIP7","25","25","50"
"SRK0211","25","25","50"
"Staloon","24","26","50"
"Stanislao-V","25","25","50"
"Stason_214","25","25","50"
"stealthpope","26","24","50"
"Stoffie","25","25","50"
"Striga","23","27","50"
"sunchess137","24","26","50"
"tadaov","24","26","50"
"tanmay0001","26","24","50"
"tarkovsky_06","25","25","50"
"TBCR","25","25","50"
"Teiks","24","26","50"
"temssso","26","24","50"
"Terminator2005","25","25","50"
"teststuff1","26","24","50"
"thang90sl","25","25","50"
"The_Bmanny","25","25","50"
"The_Marcus","27","23","50"
"thebaso","25","25","50"
"TheBoomerangs","26","24","50"
"TheHorseGoesL","26","24","50"
"thisisdhaas","24","26","50"
"tiger-86","25","25","50"
"Tiopep","25","25","50"
"Tklux","24","26","50"
"to255","24","26","50"
"toledo123321","24","26","50"
"tolga37","25","25","50"
"toteu","25","25","50"
"tpithan","26","24","50"
"TRIGERRED","25","25","50"
"trutheroff","27","23","50"
"tunaft","24","26","50"
"Tygosida","25","25","50"
"urojony","24","26","50"
"User_54","26","24","50"
"Varcons","23","27","50"
"vincentfj","25","25","50"
"vishesh7779","25","25","50"
"VitaliiZivakin","24","26","50"
"Vocco","25","25","50"
"Volodichev","24","26","50"
"VovaChessFox","26","24","50"
"wizardcrusher","25","25","50"
"Yagr","24","26","50"
"yalkym_inter","24","26","50"
"YessssssDoooooThat","25","25","50"
"yousef_0000","24","26","50"
"Zaschitnick","25","25","50"
"zeikthesnake","25","25","50"
"zeybert","24","26","50"
"zfarhad2000","25","25","50"
"zolander","24","26","50"
"ZVERY","27","23","50"
"A20338591","25","24","49"
"abby79","26","23","49"
"abdullabettar97","25","24","49"
"abdulwahidpopalzai","24","25","49"
"AbelBaggio","23","26","49"
"Abostrand","24","25","49"
"Achilleus30","24","25","49"
"adfure","25","24","49"
"aegcasanova","26","23","49"
"afoud","24","25","49"
"AG1712","24","25","49"
"Against13579","24","25","49"
"Agustin-Cornejo","26","23","49"
"aklaus1287","25","24","49"
"Al_Janoub","24","25","49"
"albertisufi","24","25","49"
"aleks_2901","25","24","49"
"AlexNB74","25","24","49"
"AlphaArmeno","26","23","49"
"Amaoko","24","25","49"
"amjee_19","25","24","49"
"AmorDeSiMismo","24","25","49"
"ApogeeS","24","25","49"
"arakelyannarek2000","26","23","49"
"areobe","24","25","49"
"arg67","25","24","49"
"arjunbabu87","24","25","49"
"Armel2020","24","25","49"
"Artem489","25","24","49"
"Arzt_Astronom","23","26","49"
"as_whoami","23","26","49"
"AshK27","25","24","49"
"Ashllett","25","24","49"
"ASWQ123","24","25","49"
"attack4fun","24","25","49"
"aztha","25","24","49"
"BadBecky","25","24","49"
"basecomaster","24","25","49"
"bebe1988","22","27","49"
"BernMz","24","25","49"
"BestFutureElements","25","24","49"
"BlueFrost99","25","24","49"
"Boad1337","25","24","49"
"bravosur","25","24","49"
"brenz78","24","25","49"
"Briankamsky87","26","23","49"
"bryomwaas","25","24","49"
"Buzman62","24","25","49"
"capadoko","23","26","49"
"Carbono18","24","25","49"
"Castleontherocks","26","23","49"
"cezcez","26","23","49"
"chaos-br","26","23","49"
"chek-raise","25","24","49"
"ChesnokovMaxim","24","25","49"
"Chess7Events","26","23","49"
"ChessbaseIndiaSTUDEN","24","25","49"
"ChessHero2016","25","24","49"
"Coyiewong","23","26","49"
"CrazyGobbler","25","24","49"
"crazystupidlove","26","23","49"
"crazytomasz","24","25","49"
"crislim82","24","25","49"
"CUGWuhan66","24","25","49"
"daf1N","25","24","49"
"darkoenas","23","26","49"
"Daruuuuu","26","23","49"
"Darwindwarf","25","24","49"
"davidsantista","25","24","49"
"denisvlasov","24","25","49"
"Djodjula46","25","24","49"
"DOKTOR1466","25","24","49"
"dondolo2","24","25","49"
"DOVAHKIINNARUTO","25","24","49"
"dr-nady","25","24","49"
"Drsherlock19","25","24","49"
"Dunau","24","25","49"
"dvdngrffn","24","25","49"
"Egor_Kharitonov","25","24","49"
"elgalgo72","25","24","49"
"Elgorm","25","24","49"
"emmaashen","25","24","49"
"emmmreee","25","24","49"
"emregulderen","25","24","49"
"eosforos21","25","24","49"
"ephua","24","25","49"
"ErayTurtanak","26","23","49"
"Erdrakete","25","24","49"
"Erlan_Sulta","24","25","49"
"Erzengel90","26","23","49"
"Eslamelramady2010","26","23","49"
"Evgeny1956","24","25","49"
"evildsia","24","25","49"
"f2f2","26","23","49"
"Fantastika","25","24","49"
"Fikru","23","26","49"
"firlus","24","25","49"
"Fitsulas","25","24","49"
"flamingoats","24","25","49"
"FranPistolas","24","25","49"
"Free808","25","24","49"
"FreeEnergyDepleted","24","25","49"
"gaac00","24","25","49"
"Galahad94","24","25","49"
"Gamy_King","23","26","49"
"Garto10","24","25","49"
"gary_bellingham","23","26","49"
"GBPackers48","25","24","49"
"gebgb","24","25","49"
"geetima","24","25","49"
"GiggaGreg","25","24","49"
"GIXER","26","23","49"
"gjb22","24","25","49"
"gleim","25","24","49"
"GmBLQmas","23","26","49"
"gogogo64","24","25","49"
"gouravsharmaap","23","26","49"
"greyhorse","24","25","49"
"gromitmugs","24","25","49"
"Grootman","24","25","49"
"Gros_2348567890-2134","24","25","49"
"guhas20","24","25","49"
"haggai666","24","25","49"
"Hajabdollahi","25","24","49"
"HamletME","24","25","49"
"hasa_miroslav","24","25","49"
"HassleSchmuck","24","25","49"
"Hdhshafg","22","27","49"
"HeartBreaker0","25","24","49"
"HighwaterRising","25","24","49"
"hitam99","23","26","49"
"hortasp","24","25","49"
"Hugocallao","23","26","49"
"huitxhuit","25","24","49"
"ibnsalah","25","24","49"
"IlhanKoc-Tofas-Em","24","25","49"
"Ilya-gaon","27","22","49"
"IsgenderAZE","26","23","49"
"Jagepard","23","26","49"
"Jankythecat","25","24","49"
"janowsky","23","26","49"
"Jasoncfc","26","23","49"
"JFA_LX_PT","25","24","49"
"jivopir","25","24","49"
"joaquinmelzner","24","25","49"
"joveiaio","25","24","49"
"Jsmejor","24","25","49"
"juankiskolmedina","24","25","49"
"juega2023","23","26","49"
"K_haslund","25","24","49"
"kabee","26","23","49"
"kanelo73","24","25","49"
"karol19980330","25","24","49"
"Karuntahta","25","24","49"
"keibert","26","23","49"
"keinrathj","25","24","49"
"KhaidAlhinai","25","24","49"
"khalil232","24","25","49"
"Klaustrophobie11","24","25","49"
"Kleedzuha","23","26","49"
"Kostya292","25","24","49"
"kuenkka_hammaren","24","25","49"
"L1zardK1ng","25","24","49"
"lapinvert","24","25","49"
"lawola","24","25","49"
"leiman111","24","25","49"
"Lestermatewere2","25","24","49"
"LgidenATolmaz","26","23","49"
"LichezzMyazz","25","24","49"
"loser_lord007","24","25","49"
"Lulworth","24","25","49"
"macsrelax","24","25","49"
"maia5","27","22","49"
"Man21XD","22","27","49"
"Marcoudens","24","25","49"
"marioPeruzzi","25","24","49"
"markiohaze","25","24","49"
"markk88","24","25","49"
"martaspb","27","22","49"
"MATASAPOS-RATATATA","25","24","49"
"Matejus_I","25","24","49"
"Maxty","24","25","49"
"mayhem91","25","24","49"
"menDBayar07","25","24","49"
"Michal_Gabor","25","24","49"
"mikerodeos","26","23","49"
"milanbl","23","26","49"
"mild-inconvenience","25","24","49"
"MLogan14","26","23","49"
"MofenyiLs","25","24","49"
"Mohd911_911","24","25","49"
"Moodle123","25","24","49"
"mpeccorini","25","24","49"
"mrsln15","25","24","49"
"mtnszn","25","24","49"
"mtuombe17","25","24","49"
"N-a-t-a-l-i-a","24","25","49"
"NahidHasanRaju","24","25","49"
"Nareshpadvekar","24","25","49"
"Nazeefoutlooks","24","25","49"
"NicholasG28","25","24","49"
"nik138","24","25","49"
"NikitaBerserk","28","21","49"
"nima6969","25","24","49"
"NINA2701","24","25","49"
"Nisaarge","25","24","49"
"NjAtO","25","24","49"
"nooty228000","25","24","49"
"NurSajat","25","24","49"
"okshorty","24","25","49"
"ONLYchess_0","25","24","49"
"oooInvader","24","25","49"
"PanzerJager","25","24","49"
"papasolly","25","24","49"
"parsajafari1389","24","25","49"
"patacee","24","25","49"
"pattup","25","24","49"
"Pavel1511","24","25","49"
"PavelAn-83","26","23","49"
"peguji","23","26","49"
"pemikan","25","24","49"
"PGKBK","25","24","49"
"Picuss2","23","26","49"
"PlameniCvijet","25","24","49"
"polytopia","24","25","49"
"poodle2021","25","24","49"
"POOLNARRO1","24","25","49"
"potato_moves","26","23","49"
"Prefe1966","21","28","49"
"PUCHONG","25","24","49"
"Qoakznskahqhq","23","26","49"
"QuantumParticle","24","25","49"
"RacingChessLive","24","25","49"
"Rakki1187","24","25","49"
"ram_1234","25","24","49"
"Ramisoj","25","24","49"
"Rasam877","25","24","49"
"rdmc","23","26","49"
"reasonn","23","26","49"
"Renz_21","24","25","49"
"Reynaajedrez","23","26","49"
"rgemperojr","24","25","49"
"RichardBurkeMD","24","25","49"
"rkx7","23","26","49"
"robse23","25","24","49"
"Roy_nehme","25","24","49"
"royalblaster","25","24","49"
"S2146E4","24","25","49"
"SalihBE","25","24","49"
"SametGulcu","25","24","49"
"Sanatani_boy19","24","25","49"
"sas_shuvo","25","24","49"
"saulitoxcarlsen","24","25","49"
"sayfBENS","25","24","49"
"Schachnagel","24","25","49"
"Schwachmotte","24","25","49"
"Scorpy5997","25","24","49"
"se7lees","26","23","49"
"Secretsnooper","24","25","49"
"SereginsN","25","24","49"
"Sergey241271","24","25","49"
"sergey40088","25","24","49"
"Sergii_Dolgov","25","24","49"
"sevdidi","23","26","49"
"Shadow237549","25","24","49"
"siregards","24","25","49"
"Slowjaw","25","24","49"
"smit102","24","25","49"
"Soccolonia","26","23","49"
"sonusrivastav7","25","24","49"
"st33p","24","25","49"
"staehelin","24","25","49"
"Stefan22F","26","23","49"
"Straughan","24","25","49"
"stripedbooh","24","25","49"
"Sumitsinghal","24","25","49"
"SummerAndCrossbows","25","24","49"
"sunhoty","25","24","49"
"SurajS","25","24","49"
"teeluxor","25","24","49"
"TemiV","25","24","49"
"tenistos","25","24","49"
"therambam","24","25","49"
"thereal45","24","25","49"
"This_Is_EbaniVrot","23","26","49"
"Tida2021","24","25","49"
"TITAN_2006","24","25","49"
"Tolani","26","23","49"
"Toninov","25","24","49"
"toR_zach","26","23","49"
"TortoiseOnSteroids7","24","25","49"
"Trespuntos","24","25","49"
"trikotrako","26","23","49"
"tsykhra","25","24","49"
"turhan666","25","24","49"
"TwinTals","22","27","49"
"twowheels2lives","24","25","49"
"UnchanGedMelody","25","24","49"
"v32ys","24","25","49"
"vagtolis","24","25","49"
"versuchsmal","25","24","49"
"vj3934","25","24","49"
"Vl-1","24","25","49"
"vukic961","25","24","49"
"WakefulEast","26","23","49"
"wessy3","25","24","49"
"whagunak","25","24","49"
"Xatimos111","24","25","49"
"xiq","23","26","49"
"Yashi90","25","24","49"
"yeul9876","24","25","49"
"Zadkielix84","32","17","49"
"ZaiTchichess","18","31","49"
"zakaria-khsayem","25","24","49"
"ZambianViper","24","25","49"
"zennegen","26","23","49"
"ZeroThesis","24","25","49"
"ZokiMKD","25","24","49"
"zolite2008","24","25","49"
"zugzwang123321","25","24","49"
"a6monthtimeline","23","25","48"
"Aap12_1a","24","24","48"
"Abcde03","23","25","48"
"acaciobn","22","26","48"
"AI-I8","23","25","48"
"aishat","25","23","48"
"alainv","23","25","48"
"albtaraftar","26","22","48"
"aleks_mahone","23","25","48"
"AlexanderDanielBotez","24","24","48"
"AlfonsoCabreraDamian","22","26","48"
"aminov20","24","24","48"
"AMUDHAKRISHNAN24","22","26","48"
"and1725","24","24","48"
"andyhot","22","26","48"
"anscariusbarcino","24","24","48"
"Antonioht","25","23","48"
"anubisgold","25","23","48"
"arbad163","24","24","48"
"ArcdeTriomf","22","26","48"
"ariazf","23","25","48"
"Aribam-Muhindro","24","24","48"
"AVB2022","26","22","48"
"ayushi_debnath","26","22","48"
"ba2n","27","21","48"
"bad_praxis","22","26","48"
"BadboySushi","25","23","48"
"BcoChileChess","25","23","48"
"Benedict99","24","24","48"
"bentengpermata","23","25","48"
"Beytepe","25","23","48"
"BillDCat","23","25","48"
"bingbonger17","23","25","48"
"boazy1234","24","24","48"
"boby1994","23","25","48"
"Bormotyn","25","23","48"
"Bosarosa22","22","26","48"
"BovasMathew","24","24","48"
"Bpow94","24","24","48"
"Branam","25","23","48"
"BrianJJ","23","25","48"
"btlgs2000","23","25","48"
"BuegeleisenGG","23","25","48"
"c14s","23","25","48"
"Cacheton2020","24","24","48"
"cafu2014","23","25","48"
"Calvin_27","25","23","48"
"campanenko","24","24","48"
"Capablanca1974","23","25","48"
"carltausig67","24","24","48"
"CARRIOM_99","25","23","48"
"Causticpawns","24","24","48"
"Chaitanyagaura","25","23","48"
"Chessboardbreaker","23","25","48"
"ChesterKing46","23","25","48"
"Chinchin120dexter","24","24","48"
"chloord_1980","25","23","48"
"chouyette","23","25","48"
"Chris2013br","27","21","48"
"clearknoll","23","25","48"
"coskunaslan","25","23","48"
"dafuzze","24","24","48"
"Danieltoli","24","24","48"
"Danila_Gridnev","24","24","48"
"danilohm","24","24","48"
"danny_the_tranny","24","24","48"
"DariuszMagierski","24","24","48"
"darkness21","23","25","48"
"Debbycounty","24","24","48"
"Debitsch","24","24","48"
"Devendra05","26","22","48"
"dgaj777","23","25","48"
"DheerajChaudhary7","25","23","48"
"dieks","24","24","48"
"divoone","24","24","48"
"Djordjo3","23","25","48"
"don_fusili","24","24","48"
"DonPiani","25","23","48"
"dorcolb","21","27","48"
"Dracoman","24","24","48"
"DS94","24","24","48"
"DurasicPark","24","24","48"
"echen314","24","24","48"
"ecker96","25","23","48"
"edibleanimal","23","25","48"
"ElDog","24","24","48"
"elgione","25","23","48"
"etermit","24","24","48"
"eyad77","24","24","48"
"f00b4r3","24","24","48"
"Fabionus","24","24","48"
"Farid60","23","25","48"
"fearless_fencer","24","24","48"
"filipe-abc","24","24","48"
"frijappi","25","23","48"
"gauravnote10","24","24","48"
"Gemello","25","23","48"
"Gentlemanxy","25","23","48"
"gf_jimmy","26","22","48"
"gigi-catucci","24","24","48"
"gjunkie","24","24","48"
"Graminho","23","25","48"
"Grand_MasterCSI","22","26","48"
"GrassSnake2018","24","24","48"
"Guus86","24","24","48"
"H00man2020","24","24","48"
"HakobN","23","25","48"
"Hamza39DZ","24","24","48"
"hellvn","24","24","48"
"hendrichess","25","23","48"
"hexdigest","24","24","48"
"hlyrad","24","24","48"
"housam_Al_Daher","24","24","48"
"Iasomie","25","23","48"
"iddish","25","23","48"
"Igortikhomirov1992","23","25","48"
"ija678","24","24","48"
"ikemsteph","24","24","48"
"ImashaChamiranga","25","23","48"
"Imsoocool555","22","26","48"
"indifferenc3","25","23","48"
"ioannis66","24","24","48"
"Iphazha","26","22","48"
"irfan33","25","23","48"
"itayfar","26","22","48"
"Jadson10","24","24","48"
"jarios","24","24","48"
"jeancarlos4823","24","24","48"
"jeanpaul2016","24","24","48"
"JEROKHINE","24","24","48"
"JesusRivasVillarreal","24","24","48"
"Jibin_thomas","24","24","48"
"JoeySVillar","24","24","48"
"JoffreyJones","25","23","48"
"jokomalang","25","23","48"
"jonmyk","23","25","48"
"jorayev","23","25","48"
"josen1","24","24","48"
"joseph_meadows","24","24","48"
"jsolabarria1","24","24","48"
"juanjo61","24","24","48"
"junatss","24","24","48"
"K1Yar","25","23","48"
"Kapoka2079","27","21","48"
"karimqa","24","24","48"
"Katherine_Zhuk","26","22","48"
"kera2","24","24","48"
"KeyanChessCoach","23","25","48"
"Khal-Elayal","24","24","48"
"Khaled-1974","23","25","48"
"king_sacs","24","24","48"
"KingIanRoy","23","25","48"
"KingKiller1111","25","23","48"
"kingzay7777","25","23","48"
"Kishan_16","24","24","48"
"kleeberg","23","25","48"
"KOBIQ","23","25","48"
"kokinho","24","24","48"
"krzych333","24","24","48"
"Kvothe7","23","25","48"
"Lagasuta","23","25","48"
"lagavulin_16","24","24","48"
"LagSavedYourAzzz","24","24","48"
"Lamente1","25","23","48"
"lamukenya","24","24","48"
"Languedoy","24","24","48"
"ldj21","25","23","48"
"leailgenoir","24","24","48"
"Lebourbonnais","23","25","48"
"legend495","24","24","48"
"Lemo51","23","25","48"
"LeonardoNhaule","24","24","48"
"lepvskvltvs","23","25","48"
"Lette2","25","23","48"
"lichee45","23","25","48"
"Livio_L","23","25","48"
"lo4","25","23","48"
"londonloco","24","24","48"
"lRumatal","25","23","48"
"luffylemagnifique","24","24","48"
"Lukajuvic8","23","25","48"
"Lurial","24","24","48"
"madewijaya","24","24","48"
"MahmoudSohbky","23","25","48"
"mahmuodfraag","25","23","48"
"Makasler","26","22","48"
"Malel","19","29","48"
"mambojevi","24","24","48"
"Mansurbek","24","24","48"
"MarcinSar","25","23","48"
"marcosman","22","26","48"
"MarcosMOtto","25","23","48"
"mariko-villiers","25","23","48"
"MariyanX","24","24","48"
"marjanmarjan","12","36","48"
"Marmaro_ru","24","24","48"
"mathcrafter","23","25","48"
"MChess9477","24","24","48"
"meow-thew","24","24","48"
"Mgyver","22","26","48"
"michael_granitcyn","24","24","48"
"Micheal1537221","26","22","48"
"mihael178ru","23","25","48"
"Mike854","23","25","48"
"milien1701","23","25","48"
"mindex1910","25","23","48"
"minko68","24","24","48"
"moben1951","25","23","48"
"Mocassini","23","25","48"
"moco_coco","24","24","48"
"Mohamedshaker147","25","23","48"
"montielg30","24","24","48"
"Moshiur29","24","24","48"
"MrMirkoCzentovic","23","25","48"
"msekelja","24","24","48"
"MSTUCA","24","24","48"
"Murunwa","25","23","48"
"mytmin","26","22","48"
"Nagato_Pane","23","25","48"
"napasion","25","23","48"
"Narcissus748","24","24","48"
"Nik-Nik-Nik-Nik","25","23","48"
"nivaldoleal","24","24","48"
"nocp","24","24","48"
"NoFear2019","22","26","48"
"Nymzovitch","24","24","48"
"O-s-t-a-d","25","23","48"
"okayplay12","26","22","48"
"oobeybi","23","25","48"
"Open_check","25","23","48"
"oshan3","25","23","48"
"Oty47","24","24","48"
"oxomir","25","23","48"
"oyacoub","25","23","48"
"Ozamis","26","22","48"
"P4squ1","24","24","48"
"pabil","26","22","48"
"palcisko","24","24","48"
"papakartofana","23","25","48"
"PatricioPernambucano","24","24","48"
"paulid","23","25","48"
"pauliokas","23","25","48"
"Pavel_Korshun777","24","24","48"
"penardo1942","24","24","48"
"Petrikorrrr","25","23","48"
"physicshaurya","22","26","48"
"Pig-Ment","24","24","48"
"Pingsan","24","24","48"
"platonegorgia","23","25","48"
"Poeser-Plitzer","23","25","48"
"PokemonGoSuperstar","23","25","48"
"PolyusErud","26","22","48"
"Princelanuza1992","25","23","48"
"Prochess8125","24","24","48"
"Prohor_2014","24","24","48"
"Pumba1953","23","25","48"
"QWERTY_number_1","24","24","48"
"Rafalfonso","24","24","48"
"rahulkumar5234","25","23","48"
"Rajujrr","24","24","48"
"rasko-23","24","24","48"
"Ravenold","23","25","48"
"RayneAmes","24","24","48"
"RebecaSelene","23","25","48"
"reenapoulose","21","27","48"
"reha37","23","25","48"
"RETIREDFROMCHESS","24","24","48"
"rishubapudi","23","25","48"
"robroy44","24","24","48"
"Rochade27","25","23","48"
"RohitThite","24","24","48"
"RoiandRoll","24","24","48"
"Rolandosls","25","23","48"
"RonaldNacero","24","24","48"
"S-Ramanujan220284","23","25","48"
"sachincarlsen146","24","24","48"
"safiirW","25","23","48"
"Sahtranch","24","24","48"
"sanjayshetye","25","23","48"
"sanpreet2205","24","24","48"
"sasarocker","25","23","48"
"satti75","25","23","48"
"scorsesequentin","25","23","48"
"scumbrius","23","25","48"
"seanvinnik","23","25","48"
"Shahan_S","24","24","48"
"Shakes1","23","25","48"
"sharifi66","24","24","48"
"sherami","23","25","48"
"shorty891","24","24","48"
"shroomyknight","24","24","48"
"siamak_1968","30","18","48"
"Siavashi1360","23","25","48"
"sidoooo","24","24","48"
"Skyhard","24","24","48"
"Slava_WhiteMoustache","23","25","48"
"snekkerjohn","23","25","48"
"soldeteydoldete","25","23","48"
"somechessone","24","24","48"
"Soyconsciente87","21","27","48"
"sp0r0k0nt0v","23","25","48"
"STAND_WITH_ISRAEL","23","25","48"
"stefann1k","25","23","48"
"STM10","26","22","48"
"stochastichess","24","24","48"
"Stroboc","25","23","48"
"sucamelo113","24","24","48"
"Sunny_Beach","23","25","48"
"sunschess","25","23","48"
"super_attack","24","24","48"
"swaggerjagger911","25","23","48"
"SweetSmartJatin","24","24","48"
"T0t02021","24","24","48"
"Taktik1989","24","24","48"
"Tal_Is_Man","26","22","48"
"tatatata69","25","23","48"
"TER52","24","24","48"
"the_real_gamer14","24","24","48"
"Theoklaros","23","25","48"
"thexfiles","24","24","48"
"top2score","24","24","48"
"trexnex","23","25","48"
"truciolo","24","24","48"
"TruckingFrank","24","24","48"
"tt_5","23","25","48"
"Valochski","23","25","48"
"vanisch","24","24","48"
"VGMak","23","25","48"
"vladi63","25","23","48"
"VR-Vishnu_19","22","26","48"
"wanikin","22","26","48"
"WMcDog","23","25","48"
"Woldemar-09","22","26","48"
"wuxia","24","24","48"
"yaron321","24","24","48"
"YB01","25","23","48"
"ybazarov","23","25","48"
"Yuri_98","26","22","48"
"zaki19","24","24","48"
"Zarif-Safoyev_Z1","25","23","48"
"zebra911","23","25","48"
"zeebra24","24","24","48"
"Zephyrvic","24","24","48"
"zombie1234327","24","24","48"
"A1977B","23","24","47"
"AbdSsamad123","24","23","47"
"abhishek_masih","24","23","47"
"accionado","24","23","47"
"ADHOC22","24","23","47"
"Ainz_ay","23","24","47"
"aircom80","24","23","47"
"Akalin9191","26","21","47"
"Akhshar-bek","23","24","47"
"akki211103","23","24","47"
"Albertinio3000","23","24","47"
"ALEX-2335","24","23","47"
"AlexandrGushchin","23","24","47"
"aliYARGI","24","23","47"
"Alvarextex","23","24","47"
"Amiral_Ramon","24","23","47"
"Ammonium","23","24","47"
"AnchorAccount3rd","24","23","47"
"AngriestOfApples","23","24","47"
"ankur3291","23","24","47"
"antonharkevich","25","22","47"
"Arad_Nazari","24","23","47"
"ArjunJijju","23","24","47"
"arsham1990","21","26","47"
"Artfish","22","25","47"
"AS81","23","24","47"
"askfjlkfj1324234rf","24","23","47"
"avrupalifb","24","23","47"
"aWCzar","20","27","47"
"B-17_Ivan2007","22","25","47"
"baiAltz","24","23","47"
"Bayraktar_UA","22","25","47"
"bektas6021","22","25","47"
"bessel","23","24","47"
"bgdrr","24","23","47"
"billiardist","24","23","47"
"Bimbo2","24","23","47"
"Bnymn333","24","23","47"
"BongoRook","25","22","47"
"BonnardJimenez","21","26","47"
"BraMathabi","24","23","47"
"bsp01","23","24","47"
"Burnee9911","23","24","47"
"Burrito77","24","23","47"
"BvAR2","23","24","47"
"Cablanpaca","21","26","47"
"Captain_Zovax","24","23","47"
"Carlo-Magdsen","24","23","47"
"CarloDavid","22","25","47"
"Carlos64_b","24","23","47"
"Carwith69HP","24","23","47"
"celtaforte92","23","24","47"
"Charlie299","24","23","47"
"CheeryChocolate","24","23","47"
"CheesecakeOreo","23","24","47"
"Chesss76893929837728","21","26","47"
"ChessWithLaksh","23","24","47"
"chocochips85","24","23","47"
"cicero64","26","21","47"
"crest6428","23","24","47"
"cyrasek","24","23","47"
"dalcon077","23","24","47"
"dangerous-sword","23","24","47"
"DanielBruno","24","23","47"
"Danish1123","23","24","47"
"daranb","24","23","47"
"DarkMessiah666","22","25","47"
"deliii1903","22","25","47"
"Deramoofbonn","23","24","47"
"derbsachs","24","23","47"
"Devati936","23","24","47"
"dogantay","25","22","47"
"dolby23","24","23","47"
"Dr-blunderr","24","23","47"
"Droppa101","23","24","47"
"DuragKasparov","24","23","47"
"dutaw","24","23","47"
"dw123","24","23","47"
"e_vg","23","24","47"
"EdHuSa2021","29","18","47"
"edwin47787","24","23","47"
"effi_tesler","24","23","47"
"Ehmed92","24","23","47"
"ehsanms","24","23","47"
"Elianho24","26","21","47"
"ellocomauro","26","21","47"
"ElvisChessley","22","25","47"
"empio","23","24","47"
"ensanoah","24","23","47"
"ErFrankotto","24","23","47"
"erikitacr","24","23","47"
"escargott","24","23","47"
"etalianker","23","24","47"
"Evgeniy1989","24","23","47"
"farfallasolitaria","23","24","47"
"farickbell","24","23","47"
"Fatima_48","24","23","47"
"Faust666","23","24","47"
"FernandoGA","24","23","47"
"FiguredBishop","23","24","47"
"FISHER4075","24","23","47"
"fmelgoza","22","25","47"
"FrancescoLenna15","22","25","47"
"Fro0z","23","24","47"
"g1ant5830","22","25","47"
"gaborszogi","22","25","47"
"galaxy42","23","24","47"
"GangsterParadise1919","23","24","47"
"gardemad","26","21","47"
"gbrontisk","22","25","47"
"GenioV","22","25","47"
"Geoinformatica","25","22","47"
"Gi69","24","23","47"
"greg12345678","23","24","47"
"guter66","24","23","47"
"Hachemelegha","23","24","47"
"HajrushAsllani","24","23","47"
"harshbhatt98","23","24","47"
"Hashiria","24","23","47"
"Hazel-rah","23","24","47"
"Hellmacho","24","23","47"
"Hennesy","25","22","47"
"herimurwonohadi","25","22","47"
"Horstipupsi","23","24","47"
"Hossam18","23","24","47"
"iamildumil1","23","24","47"
"IfromSarapul","24","23","47"
"InattentiveGambit","23","24","47"
"individualperson","24","23","47"
"InsideToRecoil","24","23","47"
"ismailsafacakir","25","22","47"
"ismetoraca1","24","23","47"
"Isnogud68","23","24","47"
"itaketheknights","23","24","47"
"Iva_ns","24","23","47"
"IvanSuper","34","13","47"
"Iwatchgotham","23","24","47"
"Jamorayo","22","25","47"
"jcena25","23","24","47"
"Jigsaw71","25","22","47"
"JoaoTargaryen","23","24","47"
"joelsacra","24","23","47"
"joseantoniosp","22","25","47"
"josemck55","25","22","47"
"JOSHINGT0N","23","24","47"
"Josueql","25","22","47"
"Jozko-Golonka","23","24","47"
"juliuskill","24","23","47"
"JureDa","23","24","47"
"k2chessking","23","24","47"
"Kalanhoe7777","24","23","47"
"kalidasanh","25","22","47"
"Kalle321","24","23","47"
"Kanan130","23","24","47"
"kaniyampati","22","25","47"
"kantutan","24","23","47"
"Karli28","23","24","47"
"kenshi555","24","23","47"
"KentAaron2908","23","24","47"
"Kero13","23","24","47"
"Kiki_love_chess","25","22","47"
"Kiknadze-K","22","25","47"
"KingBussi","24","23","47"
"Kithiu","23","24","47"
"KnightedMinds","24","23","47"
"knightmod","24","23","47"
"Kollop","24","23","47"
"Konon_Varvar","26","21","47"
"koohyar4chess","24","23","47"
"KopekAntuan","22","25","47"
"Koushik627","24","23","47"
"Krendedel_1_8","24","23","47"
"Kylev2","24","23","47"
"l3m0ns","25","22","47"
"laila","25","22","47"
"lama11","24","23","47"
"lasolite","23","24","47"
"Leechessman","23","24","47"
"leonian","24","23","47"
"liakos94","24","23","47"
"LickaSkola","24","23","47"
"litr99","23","24","47"
"lohness92","22","25","47"
"lShiningl","23","24","47"
"luis_fernand123","23","24","47"
"M1N1M3","24","23","47"
"maestro199","22","25","47"
"malcolmcardoza","24","23","47"
"maliluabdi","24","23","47"
"Mallik_shams","26","21","47"
"manhage","23","24","47"
"MANUEL_HERNANDEZ_1","23","24","47"
"markov_ac","24","23","47"
"markov04","23","24","47"
"Marlinchessru","24","23","47"
"Marranzanu","23","24","47"
"marsam","22","25","47"
"maryomedo","26","21","47"
"MasterChessDojo","23","24","47"
"Mathivanan1","24","23","47"
"maxonic228","24","23","47"
"MaxVerc","23","24","47"
"MaxxaM1","24","23","47"
"mazdayka","24","23","47"
"mbkonacoglu","22","25","47"
"mctoraman","24","23","47"
"Mediathoughts","23","24","47"
"melevich","23","24","47"
"MeStalowaWola","23","24","47"
"Mg_sq","24","23","47"
"MicahJ19","23","24","47"
"michiokaku","22","25","47"
"miha4743","24","23","47"
"milosbij","23","24","47"
"mindcrime","24","23","47"
"Miron1975","23","24","47"
"Misulo","26","21","47"
"mizoramtal","24","23","47"
"mm576","25","22","47"
"Mohammedchess2014","26","21","47"
"MubassirMahmudabso","26","21","47"
"munirbey1","24","23","47"
"Mushroomly","24","23","47"
"Must_980","23","24","47"
"N00bIris","23","24","47"
"Najafi_Mostafa","22","25","47"
"naltam","23","24","47"
"Navi76","22","25","47"
"neverstay717","25","22","47"
"nexusgen","24","23","47"
"nickcross99","23","24","47"
"nico29batista_YT","24","23","47"
"nikolairazinkov","24","23","47"
"Nofler","22","25","47"
"nu23ro","24","23","47"
"Nukh","23","24","47"
"Omnicr","25","22","47"
"onur3206","23","24","47"
"orielza","22","25","47"
"oscarcontrerasavila","23","24","47"
"Oskary27","23","24","47"
"pablodias59","23","24","47"
"palli21","24","23","47"
"papapaulo100","22","25","47"
"papatry","24","23","47"
"paruiatish","25","22","47"
"Patrick_Cervantes","23","24","47"
"Pawelb121","24","23","47"
"pawntrio","24","23","47"
"Perixltos","23","24","47"
"Phatnopro2_0_6","23","24","47"
"phenommonehp","25","22","47"
"piratekri","24","23","47"
"Pistol14","23","24","47"
"podarenokk","23","24","47"
"podymov1986","25","22","47"
"predator_s","24","23","47"
"proman3735","22","25","47"
"Punyab2022","24","23","47"
"Purna2526","25","22","47"
"PvK22","24","23","47"
"Queenchessshahi","23","24","47"
"R-9-R","24","23","47"
"rahulagarwal14","22","25","47"
"raksendos","23","24","47"
"randz-30","23","24","47"
"Rasputin20202","23","24","47"
"Raulord","23","24","47"
"Razael90","23","24","47"
"rcarras","25","22","47"
"Redbor","24","23","47"
"Republic_Of_Mahabadd","23","24","47"
"rg3111","25","22","47"
"Rhaki","21","26","47"
"rhugved32","24","23","47"
"Rileyedson","23","24","47"
"Riomunawir","24","23","47"
"Rjhjktd","22","25","47"
"rodrigoolisan","23","24","47"
"Roku2165","24","23","47"
"Ropatsch","23","24","47"
"RRLLMM","24","23","47"
"rsalimbagat","23","24","47"
"rushkingsky","23","24","47"
"Ruslanmammad","23","24","47"
"Rusty-nail","23","24","47"
"S_Arnav","24","23","47"
"SaavedraKraken","24","23","47"
"sameh_belghit12","23","24","47"
"sammor1986","23","24","47"
"Samwinning","23","24","47"
"Sandro_Nuban","24","23","47"
"Sangria_1","24","23","47"
"sbeqiri","26","21","47"
"Schach-Notizen","23","24","47"
"SebastianMamani_1H","25","22","47"
"SeiiiiF","24","23","47"
"Serdoki379","25","22","47"
"Serkann61","24","23","47"
"sevendim","23","24","47"
"shabalin_shabalin","23","24","47"
"Shakyi","24","23","47"
"shamibamador","23","24","47"
"shamilraj","23","24","47"
"Shegishegu","23","24","47"
"Sibor2000","28","19","47"
"Simba_eddy82","23","24","47"
"Simon-Chess","24","23","47"
"sirmat","24","23","47"
"SixtySecondsOfHell","24","23","47"
"SlippinJimmi","24","23","47"
"Smallfish22","23","24","47"
"smellysam","23","24","47"
"snc123","24","23","47"
"Snigl","24","23","47"
"SomuGanja","25","22","47"
"SpaceDog_Laika","24","23","47"
"ssegh","21","26","47"
"stefan9822","22","25","47"
"sunkyyaki","22","25","47"
"superjr","23","24","47"
"Surcomx100","23","24","47"
"sus_oyna","24","23","47"
"Syuga","24","23","47"
"t_murray1","23","24","47"
"Tacticsman","24","23","47"
"Tarek93939","24","23","47"
"TATAPOUND","24","23","47"
"teamfocuschessindia","23","24","47"
"Tenochtitlan","23","24","47"
"terkeetee","24","23","47"
"Terminafor4","23","24","47"
"The_Newcomer17","22","25","47"
"TheBetterSmellingGuy","24","23","47"
"thewaytowin","22","25","47"
"threat57","24","23","47"
"Tico_Teco2001","24","23","47"
"tigertad2","23","24","47"
"Timothy_5","23","24","47"
"Timur-Art","22","25","47"
"TonyTGV007","23","24","47"
"torko979","24","23","47"
"TreatHerLikeAQueen","23","24","47"
"trolldor","22","25","47"
"Trupendo","24","23","47"
"tupom","24","23","47"
"Twinco","22","25","47"
"ujustgotrektbro","26","21","47"
"Unank_123","23","24","47"
"Vanjac","26","21","47"
"vanKoekje","23","24","47"
"vega_8","24","23","47"
"whatcrisis","24","23","47"
"Whenz_05","24","23","47"
"whoucif","23","24","47"
"wisamhz","22","25","47"
"Woffire","24","23","47"
"xaviescacs84","24","23","47"
"xMaxChess987","23","24","47"
"xxxEugenxxx","23","24","47"
"yankee79","22","25","47"
"yoyoparker","24","23","47"
"Yunusilcinn","23","24","47"
"Zadar1968","24","23","47"
"zfryilmaz","23","24","47"
"abonor2017","24","22","46"
"activo01","23","23","46"
"agrajag","23","23","46"
"ajay_rajawat2965","22","24","46"
"alazeem","22","24","46"
"Aleksandr_2812","23","23","46"
"Alexander555","25","21","46"
"alexjmendez","23","23","46"
"Alibarakat2","23","23","46"
"ambassador21","24","22","46"
"Amraeihormoz","23","23","46"
"anaripak","24","22","46"
"AnatolyChernikov","23","23","46"
"AndrewCunanan","23","23","46"
"Andruha-Chessvegas","24","22","46"
"angelo22","21","25","46"
"anilaltr","23","23","46"
"AnjanaThakur","24","22","46"
"AOY03","23","23","46"
"apawnup","22","24","46"
"apparos21","22","24","46"
"APWorld","25","21","46"
"Armen_ALEN_1979","23","23","46"
"Artajorge","23","23","46"
"Asosins333","24","22","46"
"BAMFm","25","21","46"
"bartosz6781","23","23","46"
"Batalj","22","24","46"
"bedwarsGod1973","23","23","46"
"Beelat","24","22","46"
"bekboss","23","23","46"
"beliviski","23","23","46"
"Bendalf","24","22","46"
"beneath_faces","24","22","46"
"benSENOL_DEMIR","23","23","46"
"blacklist01","22","24","46"
"Blue_Beach","24","22","46"
"bobbymcleone","24","22","46"
"bobrok","23","23","46"
"boby1234567890","24","22","46"
"bobzavras","25","21","46"
"boilermkr63","23","23","46"
"bonfilero","24","22","46"
"BoobyFistherr","22","24","46"
"borisko2018","24","22","46"
"Borisxc60","24","22","46"
"BraileyB469","22","24","46"
"BrendaKumwenda","22","24","46"
"briwri7","22","24","46"
"Buster1978","23","23","46"
"c-o-d-e-n-a-m-e-V","24","22","46"
"Caleblen","24","22","46"
"CaskStrengthChess","22","24","46"
"cdl15","22","24","46"
"Ceroinflacion","23","23","46"
"Champpion","25","21","46"
"Chess_and_Stalin","22","24","46"
"Chess_Gelburg","22","24","46"
"chess_newbie1","22","24","46"
"chesskingmaina2","24","22","46"
"ChessPsycho100","22","24","46"
"chesss2021","25","21","46"
"cjaard","23","23","46"
"cleopatras_dad","23","23","46"
"clgut","21","25","46"
"Coach_ZA","23","23","46"
"comandante_en_jefe","23","23","46"
"Comikaze92","24","22","46"
"cooldude93","25","21","46"
"CORAZONE_1","23","23","46"
"Cverg","22","24","46"
"dada87","23","23","46"
"Dakkie97_DB","23","23","46"
"damidama","23","23","46"
"Danny_Dan100","25","21","46"
"davanc3","23","23","46"
"David3006miu","23","23","46"
"DenisBystro","22","24","46"
"DenisSkryabin","22","24","46"
"DenisZh","24","22","46"
"denyyyy","22","24","46"
"DerHammer","23","23","46"
"diddy","23","23","46"
"Dj_Full","23","23","46"
"dkr_kngth","21","25","46"
"DorisKonya","21","25","46"
"DrArdilla","22","24","46"
"DrexelDragon","22","24","46"
"DSeveryukhin78","23","23","46"
"ducdu92","23","23","46"
"dudu01-EOL","23","23","46"
"dyemtiii","23","23","46"
"Earene1","23","23","46"
"Earl1618033","24","22","46"
"Eduard-Silva_74","22","24","46"
"El3m3ntary","23","23","46"
"eldiablodelrock27","22","24","46"
"Eleliole","24","22","46"
"Elen12","23","23","46"
"elhaouti","23","23","46"
"elioth_mj","24","22","46"
"EliyahuB","23","23","46"
"Endless27","23","23","46"
"epsteine3509","23","23","46"
"EskilS","23","23","46"
"esrevernissehc","24","22","46"
"Ex_CFs_Manager","25","21","46"
"fakabastiran","23","23","46"
"FatChewie","24","22","46"
"fatih-35","23","23","46"
"fazermen","22","24","46"
"fckh","24","22","46"
"Federico_Barberon","22","24","46"
"Felonious","23","23","46"
"ferhadozcan","21","25","46"
"Fiqs","22","24","46"
"Fischer_Carlsen_64","23","23","46"
"Flofelix","23","23","46"
"flx22","23","23","46"
"FlyAgaric","22","24","46"
"Franlary","23","23","46"
"Freddy99","22","24","46"
"Freechess17","26","20","46"
"fsanna","23","23","46"
"Gandalfish","22","24","46"
"ghostie12","23","23","46"
"giangraletale3","24","22","46"
"gorgar","21","25","46"
"GrandmasterGoGo1998","23","23","46"
"Greenwood26","24","22","46"
"grishab05","24","22","46"
"gtoprakli","24","22","46"
"h_fadhil","25","21","46"
"H3rrK","22","24","46"
"h4danz","24","22","46"
"hacheg","22","24","46"
"Hanni-Baal","24","22","46"
"harikard","22","24","46"
"harpiedancer","24","22","46"
"Hayderserfa","24","22","46"
"heinz2020","23","23","46"
"HejDu","32","14","46"
"Hidar123","24","22","46"
"highlyflammable","22","24","46"
"Horalba2023","23","23","46"
"Iankev","22","24","46"
"IBRAHIM_313","22","24","46"
"Idrisova_Roza","23","23","46"
"ikemute","22","24","46"
"ilaidonedown","24","22","46"
"Imanol_Escorcia","23","23","46"
"inuyasha12","24","22","46"
"istvech","25","21","46"
"It3482893682","24","22","46"
"ivenin-vladimir","24","22","46"
"Jack_234","24","22","46"
"JadsonDanilo09","24","22","46"
"jafarsadig","22","24","46"
"jakartafinestplayaz","25","21","46"
"JaosPia","23","23","46"
"Japert","24","22","46"
"javadmj21","23","23","46"
"jecky34","24","22","46"
"Jenajens","22","24","46"
"JenGut","22","24","46"
"Jimmy6464","24","22","46"
"jojo_bossman","21","25","46"
"Joselov10","24","22","46"
"JoseZavala","23","23","46"
"joshrylan","22","24","46"
"junerfer76","23","23","46"
"Junicke","21","25","46"
"K-D_2021","24","22","46"
"Kampfgruppe1001nacht","22","24","46"
"karamuraat","23","23","46"
"Kaveh0763","22","24","46"
"kbrazan16","24","22","46"
"keanecolton","23","23","46"
"keres20188","24","22","46"
"khaldon_dar","22","24","46"
"khaledabass","23","23","46"
"killo_cabesa","24","22","46"
"King_Kong0331","23","23","46"
"KissyNoWerk","24","22","46"
"Klay2020","23","23","46"
"Kornclown","21","25","46"
"kurt1967","25","21","46"
"Kuz_Leo","23","23","46"
"LaAbuelaEnTanga","24","22","46"
"LAChess10000","23","23","46"
"Lash251615","23","23","46"
"latifah27","23","23","46"
"LawCln95","23","23","46"
"LeeJieunfan","23","23","46"
"lentejuela","24","22","46"
"Leofacun","23","23","46"
"Leoguor","23","23","46"
"Leonardo-Llagas_2008","23","23","46"
"LePetitPoucet","24","22","46"
"linda_krumina","22","24","46"
"liutikoff","25","21","46"
"lor331","22","24","46"
"LordDam456","23","23","46"
"Lorentzein","24","22","46"
"lotikeisari","23","23","46"
"LoveBulletRage","23","23","46"
"luipasta","22","24","46"
"Luisean50","22","24","46"
"LuisSaul","23","23","46"
"m_alaa2019","22","24","46"
"M_Esmer","22","24","46"
"Magnussete","23","23","46"
"Magued23","23","23","46"
"MahyAr1365","23","23","46"
"Maldo-de-Linares","24","22","46"
"malfonso32","24","22","46"
"Malruzgar","22","24","46"
"maraam","23","23","46"
"Mario-Odyssey","23","23","46"
"MariusNecula","22","24","46"
"Mark2305","23","23","46"
"MarlinFischer","23","23","46"
"Martollyna","24","22","46"
"masterchris69","22","24","46"
"Maxkr88","23","23","46"
"MaxPower64","23","23","46"
"MaxxLange","23","23","46"
"Med_E_Ocre1","22","24","46"
"mehmetaraz","23","23","46"
"mfm008","24","22","46"
"MightyBoy","23","23","46"
"minerva139","23","23","46"
"minnie_marx","23","23","46"
"miro1982","23","23","46"
"MOHAMMED1989Z","23","23","46"
"MoS42","23","23","46"
"Mr_Slowlearner","22","24","46"
"mulusal","23","23","46"
"musting99","24","22","46"
"Mutayomba","24","22","46"
"Nahijeetpaaogemujhse","20","26","46"
"Napito1975","23","23","46"
"nashwan60","22","24","46"
"neildilgee","22","24","46"
"Nik1954","22","24","46"
"nikhilchalis","21","25","46"
"Nislija77","23","23","46"
"Njugush","24","22","46"
"Nomad-3-1-Actual","23","23","46"
"nvet_kh","22","24","46"
"oddplayer7307","23","23","46"
"OffCentre","23","23","46"
"ol961","23","23","46"
"Oleg2021V","23","23","46"
"OmerSahin48","22","24","46"
"one_lemonade","25","21","46"
"ortos","22","24","46"
"otdo14","24","22","46"
"ozhanhakan","23","23","46"
"PEDREROL","23","23","46"
"pelane","22","24","46"
"PershinaElena","23","23","46"
"persiancomet11","21","25","46"
"peterling","24","22","46"
"PetulaRivarola","23","23","46"
"PhiliphMorris","24","22","46"
"pierpa83","24","22","46"
"pierrot53","23","23","46"
"Pikbub","23","23","46"
"Plodiainterpunctella","24","22","46"
"polovnikovviktor","23","23","46"
"pon4ike","24","22","46"
"Poquitonator","23","23","46"
"ppandey73","23","23","46"
"prenonn","24","22","46"
"Prohodja_mimo","23","23","46"
"Pyromaniac115","23","23","46"
"QKBNR_abcdefgh_11","24","22","46"
"Rahulc121","24","22","46"
"RAL314","21","25","46"
"ramz45","22","24","46"
"Renzotirina","22","24","46"
"ReserveNY","23","23","46"
"Rishubh_Rastogi","21","25","46"
"Robinsmithromero94","22","24","46"
"Rod18","24","22","46"
"Rodrigorc","25","21","46"
"rogerbr","22","24","46"
"rona12","21","25","46"
"ronches","22","24","46"
"Rosmone","23","23","46"
"ruchinsh","24","22","46"
"rupakbanerjee","23","23","46"
"SA77chess","23","23","46"
"sadeq_bader","26","20","46"
"saeednasimi2020","23","23","46"
"SanekTom","22","24","46"
"Sardor_Ns","23","23","46"
"sarmasti4513","23","23","46"
"sasha_solovev_777","23","23","46"
"Schwabenzwerg","24","22","46"
"sebama","24","22","46"
"SeherK","26","20","46"
"Selwyncaba","24","22","46"
"Semenov-1993","26","20","46"
"SERCURTAMRIN","24","22","46"
"Serg8181","21","25","46"
"SeteHortas","24","22","46"
"shadowlesskp","23","23","46"
"Shainks","23","23","46"
"shawa2121","23","23","46"
"Shayann16","22","24","46"
"ShmAlohim","25","21","46"
"Shrike72","24","22","46"
"Shriram07","18","28","46"
"sina9977","23","23","46"
"slicknessthicknesss","22","24","46"
"soccerstarz","24","22","46"
"Solomonmathiaspjr","24","22","46"
"solvesol","24","22","46"
"SouthAfricanFox","24","22","46"
"Spawn909","22","24","46"
"Spewy_Louis","22","24","46"
"squarecube","23","23","46"
"sqza","21","25","46"
"Stan_t","23","23","46"
"stan90","23","23","46"
"Starryknights","23","23","46"
"STAS12","24","22","46"
"stevenmwansa1","24","22","46"
"stewe02","22","24","46"
"stormmaker","22","24","46"
"suka43","23","23","46"
"Surov95","23","23","46"
"Syamsul_Maarif","24","22","46"
"Tarlan96","22","24","46"
"tbdave","22","24","46"
"tenzulhas1306","21","25","46"
"thchess420","22","24","46"
"the_magician81","24","22","46"
"the_think_machine","23","23","46"
"theattention","24","22","46"
"thegamecris","24","22","46"
"thenoma","23","23","46"
"thepresidente","22","24","46"
"therealdealoneezy","23","23","46"
"This-Is-No-User-Name","23","23","46"
"ThomasWinz","23","23","46"
"Thueringer70","23","23","46"
"Tiger13531353","22","24","46"
"Tilly_Tillettchen","22","24","46"
"Tim_theunbeatable","23","23","46"
"Tizone0007","23","23","46"
"toko-toko","23","23","46"
"tsambalero123","23","23","46"
"tunah","23","23","46"
"Tvors","22","24","46"
"typoilu","22","24","46"
"UPad","25","21","46"
"useLezz","22","24","46"
"UVJ88","22","24","46"
"vach7","23","23","46"
"Vahid_Mahmoudi","24","22","46"
"Variantsjust","24","22","46"
"vasquezr15","24","22","46"
"veyselmp","23","23","46"
"vietrim","22","24","46"
"virus-free","23","23","46"
"vishalmchess1978","22","24","46"
"vladleo54","23","23","46"
"volna1975","24","22","46"
"WALCIR","22","24","46"
"Warszawa2023","22","24","46"
"wdestop","24","22","46"
"WeicedBoy","24","22","46"
"WhiskeyTango","23","23","46"
"wojrac","23","23","46"
"wolframdichter","24","22","46"
"xaiah","23","23","46"
"yee3","23","23","46"
"Zac8888","22","24","46"
"Zarubello","22","24","46"
"zasser-5775","25","21","46"
"Zeka79","23","23","46"
"zenoflush","22","24","46"
"zic178","23","23","46"
"ZigZagBB","21","25","46"
"Ziterman","22","24","46"
"zor007","22","24","46"
"AbbotHayes","24","21","45"
"abel120","23","22","45"
"abusethesun","22","23","45"
"aedaed","23","22","45"
"Agrawal71","23","22","45"
"AHR000","24","21","45"
"AjedrezconH","22","23","45"
"AKVasilkov","22","23","45"
"al_mulaiki","24","21","45"
"Alacenk","24","21","45"
"alekseu2002","23","22","45"
"Alex_Rosario","22","23","45"
"ali1432","22","23","45"
"alicompiler","21","24","45"
"alisherafat","22","23","45"
"AliTaylor","23","22","45"
"Andreas_Bregas","23","22","45"
"Andrelle0226","24","21","45"
"andrewbeeksma","23","22","45"
"andromedarey","21","24","45"
"Anti_GM1","21","24","45"
"Anton7777728","24","21","45"
"antoniustunang","22","23","45"
"anudeepb","23","22","45"
"aperpetrator","22","23","45"
"apophis2405","22","23","45"
"Arancuim","22","23","45"
"Arc9841","22","23","45"
"Arcesilaus","23","22","45"
"arnas87","22","23","45"
"asgds35","23","22","45"
"asnazeri","22","23","45"
"assuming7Yun","23","22","45"
"AUGMENTIN1GM","23","22","45"
"AutoKnight","22","23","45"
"Avalon1","23","22","45"
"Aziz143","22","23","45"
"b_malaussene","22","23","45"
"BabbeotaRotatonda","23","22","45"
"Baradja","22","23","45"
"bathobilesithole","22","23","45"
"Battle_Bob","22","23","45"
"Behnsmat","21","24","45"
"Best_Guest","23","22","45"
"bhrngshdro","23","22","45"
"BigBoss_AMJ","23","22","45"
"bilbito99","23","22","45"
"Billybenabda","22","23","45"
"BIpIN960","21","24","45"
"BishopClay","22","23","45"
"Bittann","22","23","45"
"black1977","22","23","45"
"BlitzTeufel","22","23","45"
"bocha16","22","23","45"
"boiled-eggy","23","22","45"
"Bokantii97","22","23","45"
"bomb_gaza","23","22","45"
"boragokcimen3","22","23","45"
"Boss_Moves","22","23","45"
"BounouirA","22","23","45"
"bucaslertoni","23","22","45"
"bumerangF","23","22","45"
"c5d6Nf6","22","23","45"
"CaFaII","24","21","45"
"camargochess","23","22","45"
"carliros","24","21","45"
"CarmelaZero","20","25","45"
"Champagne1901","22","23","45"
"chandrashekhara","23","22","45"
"ChaoticLord","24","21","45"
"charlesccna","23","22","45"
"Cheeky_Blunders","23","22","45"
"cheeriomissticky","23","22","45"
"Chesmc","22","23","45"
"chessercom","21","24","45"
"chessluck000","22","23","45"
"chessrabbitX","22","23","45"
"Claudio81","22","23","45"
"ClevesAndCheese69","23","22","45"
"CNRTN","22","23","45"
"CormoranKR","22","23","45"
"croketu","22","23","45"
"crr18","23","22","45"
"crucil","22","23","45"
"cts2018","23","22","45"
"DaBulls23","21","24","45"
"danbor4","22","23","45"
"daneilapapa","23","22","45"
"DCODECHESS","22","23","45"
"Dentist1048","22","23","45"
"Destryer","23","22","45"
"diegocuatro","23","22","45"
"Divo105","22","23","45"
"DizzyTree","22","23","45"
"Dodik8","23","22","45"
"Doodvid","22","23","45"
"DownUnderB","21","24","45"
"dR_benoliZ","23","22","45"
"DrPrankestein","23","22","45"
"Dug181023","22","23","45"
"Eduar20","22","23","45"
"EduTejeira","25","20","45"
"EhsanFazli11","22","23","45"
"EKipterem","22","23","45"
"EliasAlucard","22","23","45"
"Elritorno","23","22","45"
"elyisaac","23","22","45"
"emel","23","22","45"
"enverpasha2222_3","23","22","45"
"Ernestowww","23","22","45"
"erwin3819","22","23","45"
"esquizofrenico-peon","22","23","45"
"etsitbaB","20","25","45"
"Evgen99","22","23","45"
"fajeknove","22","23","45"
"fapatime316","24","21","45"
"fasztalicska","23","22","45"
"FBeni20","20","25","45"
"Felireba","23","22","45"
"FeriKiSani","20","25","45"
"fide24","22","23","45"
"Figaw","22","23","45"
"Fje77","21","24","45"
"florcarnivora","22","23","45"
"flyintoe","23","22","45"
"Francescoli2155","22","23","45"
"Frogkiller","22","23","45"
"g-godd","22","23","45"
"Gabythor254","24","21","45"
"gameon06","22","23","45"
"ganador2017","24","21","45"
"Gdmonster22","23","22","45"
"GeorgeHC","22","23","45"
"Goachess0","23","22","45"
"GoldenAges","24","21","45"
"gopalakrishna9422","23","22","45"
"gozgoz35","21","24","45"
"gromazazzz","23","22","45"
"Guntis111","20","25","45"
"Guseynov_Aliadi","23","22","45"
"gustafm","23","22","45"
"hacked456","24","21","45"
"HadiSadeghi","25","20","45"
"hamaling","23","22","45"
"HannahNielsennn","23","22","45"
"hariom1","23","22","45"
"hasannazari1990","22","23","45"
"hassan1981","22","23","45"
"hectorelcanoso","23","22","45"
"helio2081","22","23","45"
"Hemalas20","23","22","45"
"Hitsman","23","22","45"
"HombreDePalabra","23","22","45"
"horizon23424","21","24","45"
"HorseyGoBrrr","23","22","45"
"Hudany_RCK","23","22","45"
"Hugozhor","21","24","45"
"human_will_be_fOrgOt","23","22","45"
"Iceman_Swe","22","23","45"
"IgorSaldanha","24","21","45"
"inadequateusername","23","22","45"
"intzeitdx","21","24","45"
"isidore_shandy","24","21","45"
"IsmaSant","23","22","45"
"Ivan_81","23","22","45"
"j4mar_mudi4","22","23","45"
"j4s0n","24","21","45"
"Jaito","23","22","45"
"JakubCzubak","23","22","45"
"Jaquesito_2701","23","22","45"
"Jarda4448","23","22","45"
"jarvis_3","22","23","45"
"java1012","23","22","45"
"jfaro","23","22","45"
"jifri","21","24","45"
"jimjones971","23","22","45"
"JimmyOsterstrom","21","24","45"
"jlferrero3","24","21","45"
"Joakingg","22","23","45"
"jobi2103","21","24","45"
"joeking_pan","21","24","45"
"JoLuBro1909","23","22","45"
"Jonnyvesterlund","22","23","45"
"JorgeHerreraQuintero","23","22","45"
"Juan771977","24","21","45"
"Jukka_S","23","22","45"
"junio1998","23","22","45"
"K729","23","22","45"
"ka_one1","23","22","45"
"Kadir_2019","24","21","45"
"Kaede01","23","22","45"
"Karakurrt","23","22","45"
"KeriaKB","23","22","45"
"Kfee","25","20","45"
"kidonc1","23","22","45"
"kirannayak","23","22","45"
"kokinha_gelada","22","23","45"
"Korzh_08","22","23","45"
"Kosmik808","22","23","45"
"KovindaNimsara13","22","23","45"
"krostaly","22","23","45"
"kskskskksk","22","23","45"
"kul007","21","24","45"
"kyprosa","22","23","45"
"ladamagana","22","23","45"
"lamellicorn","23","22","45"
"Laverychev","22","23","45"
"lazaeta","22","23","45"
"leancb","22","23","45"
"leo10m","23","22","45"
"lion_king_99","21","24","45"
"livsi78","22","23","45"
"Lohithengalla","21","24","45"
"LordCrazy","23","22","45"
"LordOfTheMysteries","23","22","45"
"LosingLettuce","23","22","45"
"luciano19831983","22","23","45"
"lwlwl123","23","22","45"
"M0nt34","22","23","45"
"M3L10D4S1RA","22","23","45"
"MagicMove","22","23","45"
"Maleman73","23","22","45"
"Maning_040376","22","23","45"
"manron77","22","23","45"
"manuele8c","22","23","45"
"marillion1968","22","23","45"
"markljubarov","23","22","45"
"Martuss","23","22","45"
"maximoussss","22","23","45"
"Mazleg","22","23","45"
"MicahJFulton","23","22","45"
"Mika0012","23","22","45"
"Mimos2","23","22","45"
"Mitay1","22","23","45"
"montenegrin","21","24","45"
"morphy34","22","23","45"
"Movher","21","24","45"
"MrLlerena12","22","23","45"
"muhammedmustafa_33","22","23","45"
"nachiket57","23","22","45"
"NahrisWhelington","22","23","45"
"Nautankibaaj","23","22","45"
"nb67","24","21","45"
"ND1978","24","21","45"
"nestorsanchez3d","21","24","45"
"Neterobbr2","21","24","45"
"nezir56565","24","21","45"
"NickRG","23","22","45"
"NigtHkillEr","23","22","45"
"nikogda","23","22","45"
"nkscool21","23","22","45"
"Nogiitsune","23","22","45"
"nomondaynocry","21","24","45"
"nonnalie","22","23","45"
"Nurikafkas","22","23","45"
"Oalkis","20","25","45"
"OCD4","21","24","45"
"Octovus30","23","22","45"
"ogbesa","22","23","45"
"omotoso","24","21","45"
"osa937","22","23","45"
"osmelramos","23","22","45"
"OzOzzy","21","24","45"
"peterb4","23","22","45"
"pgnchess","23","22","45"
"Phenomenon10","23","22","45"
"PiecesExterminator","23","22","45"
"pkr5025","22","23","45"
"Pocholo610","22","23","45"
"polatas","23","22","45"
"poldii","23","22","45"
"pooyajses","23","22","45"
"PowerAnimal","21","24","45"
"Pranjalkhatri","22","23","45"
"PranoyB","23","22","45"
"prateek_1","23","22","45"
"proMpLL2020","23","22","45"
"Qatari7stars","23","22","45"
"qReadyToDie","23","22","45"
"Quetal20","23","22","45"
"Rahmawadin","24","21","45"
"Railway78","22","23","45"
"raji0209","22","23","45"
"Rajkumar07","24","21","45"
"Ramaan","23","22","45"
"Rejamol123","22","23","45"
"reyefren","24","21","45"
"RGG90","22","23","45"
"ricedeclann","23","22","45"
"RManly","20","25","45"
"RMC_ROCKZ","23","22","45"
"robbidebrux","24","21","45"
"roblensky","20","25","45"
"Rroni-2021","23","22","45"
"Rusia99","21","24","45"
"S0fyan_ali","22","23","45"
"saifiwalid2016","22","23","45"
"salardavodi","23","22","45"
"sametadmish","21","24","45"
"sanchitsharma21","22","23","45"
"saymanhaa","22","23","45"
"sd03112012","23","22","45"
"sedamorphy","21","24","45"
"sedvil","23","22","45"
"sekerik3470","20","25","45"
"senseichess1015","22","23","45"
"sergey1949","22","23","45"
"sergeydychko95","24","21","45"
"shafique1","24","21","45"
"Shahid2001","22","23","45"
"ShaneSnow","23","22","45"
"shaolinchess","22","23","45"
"shishirKumarRoy1981","23","22","45"
"ShishkinAndrey","20","25","45"
"ShiveringPhoenix","21","24","45"
"showbanquo","24","21","45"
"SIMONOV55","23","22","45"
"simprisa","22","23","45"
"skeerthikumar","22","23","45"
"Someguyplayingchess","22","23","45"
"Son_skz","22","23","45"
"Sooo_aed","19","26","45"
"sorbendo99","22","23","45"
"soulo220","23","22","45"
"SpillYourGuts","22","23","45"
"Ssah252","23","22","45"
"Stanson","22","23","45"
"Stomper3255","23","22","45"
"stopeggs","22","23","45"
"sushant2710","21","24","45"
"Tejasdeep","23","22","45"
"tgeorge572","23","22","45"
"The_Boa_Constrictor","22","23","45"
"THEEpenguinkiller","23","22","45"
"themistokles123","23","22","45"
"themrplanck","22","23","45"
"TheRainmaker311","23","22","45"
"therealbatman25","22","23","45"
"Thridev_Anabheri","23","22","45"
"tommysama","23","22","45"
"TrapEdition","22","23","45"
"TsukihiAraragi","23","22","45"
"turpija","23","22","45"
"UCEMA_Gomi","22","23","45"
"Unihunter","23","22","45"
"UniversalChesslyfe","22","23","45"
"V2chess","22","23","45"
"Vador86","22","23","45"
"Val_on_d_castle","23","22","45"
"valiano","23","22","45"
"vantedge","21","24","45"
"Vasasasa","23","22","45"
"VGP987654321","24","21","45"
"Vicool","23","22","45"
"Vincent-V","23","22","45"
"Ving2009","24","21","45"
"Vip-Service","23","22","45"
"VL90","23","22","45"
"Vyachus","21","24","45"
"whatevha","22","23","45"
"Wladek1990","24","21","45"
"wluke1080","24","21","45"
"wsjhones","22","23","45"
"Yashraj-Krishna","22","23","45"
"yassine87","22","23","45"
"yihoop","24","21","45"
"Zabol_chess","22","23","45"
"ZeDzy","22","23","45"
"Zhekanchik","23","22","45"
"zhut","21","24","45"
"ZimbeX_2115","22","23","45"
"Zoom1424","22","23","45"
"ZoSo1993","22","23","45"
"Abanoubjesus","21","23","44"
"abuorwa97","23","21","44"
"adij","22","22","44"
"Adinchesslover","23","21","44"
"AdrianCF23","23","21","44"
"adrianknap","22","22","44"
"agahanozhan","25","19","44"
"ahmedbakeer","23","21","44"
"ajaya51","22","22","44"
"AjedrezNomada","21","23","44"
"akrim2022","22","22","44"
"Albrex144","22","22","44"
"alev100","24","20","44"
"alex72f","23","21","44"
"Alexander---K","23","21","44"
"alexandro81","23","21","44"
"alfabeluga","22","22","44"
"alfdl","22","22","44"
"AlGabi","22","22","44"
"Ali4421","23","21","44"
"alinazavr","22","22","44"
"alitahuori62","22","22","44"
"Alo_PunkLong","21","23","44"
"Alphaaa_0","22","22","44"
"Ambystoma00","23","21","44"
"AMG911","23","21","44"
"amine_tabet","23","21","44"
"AminShaikh","23","21","44"
"amstro","22","22","44"
"Anaele-Chiedozie333","23","21","44"
"Andarer","20","24","44"
"anthonystupidatchess","22","22","44"
"Anures05","22","22","44"
"Apgar8","22","22","44"
"applecin","23","21","44"
"arbabi","21","23","44"
"ardichess","22","22","44"
"ArtSamara","20","24","44"
"aryan2563","22","22","44"
"asllanbaba","21","23","44"
"Athos58","21","23","44"
"attynhajcpa","22","22","44"
"Ayov","24","20","44"
"B71358718LEONARDO","22","22","44"
"BanshilalRanchi","22","22","44"
"baranetes","22","22","44"
"basem85","20","24","44"
"Batawy","22","22","44"
"Beatmepls","22","22","44"
"bekyuh74","22","22","44"
"Belaic","23","21","44"
"Benhasna1","22","22","44"
"bhsnine","23","21","44"
"Bigman63","22","22","44"
"blad-x","22","22","44"
"Bostonbliz","22","22","44"
"Bronenosec","23","21","44"
"Bruellmuecke77","23","21","44"
"Bsalloum99","21","23","44"
"BurningPepper","23","21","44"
"bussonov","25","19","44"
"calper24","22","22","44"
"capeter","22","22","44"
"Carmencitoxxx","21","23","44"
"catovic","24","20","44"
"Cerrajerodecristo","24","20","44"
"cezarycezaryyy","22","22","44"
"cfernandog","22","22","44"
"Chacho-61","21","23","44"
"charsos","22","22","44"
"checkhunt","23","21","44"
"Chefsych","22","22","44"
"Cheraf90","22","22","44"
"chesscoach13","22","22","44"
"chessexplainerd","23","21","44"
"chessultra","22","22","44"
"CheZaHaxx","21","23","44"
"cikomastikbombastik","22","22","44"
"Claudio49","23","21","44"
"Controlmental","21","23","44"
"CR0NO","22","22","44"
"Cr4zyJr","21","23","44"
"CSKA_Moscou","21","23","44"
"cundari","23","21","44"
"cvetkovski-mario","22","22","44"
"cxr1037","22","22","44"
"cybervision","23","21","44"
"Darth_Angel","22","22","44"
"daskat113","23","21","44"
"DELLPIERO_JUVE_SC","21","23","44"
"Dennyslgarcia","22","22","44"
"Desire_Ikaria","22","22","44"
"dgion","22","22","44"
"Dhairyashil","21","23","44"
"dharmalove","22","22","44"
"diego248","23","21","44"
"dima1717","21","23","44"
"Dimarco42","23","21","44"
"dirtygardner","21","23","44"
"djabellou","24","20","44"
"don-don-baton","21","23","44"
"Doncoffee","24","20","44"
"Doomaa","22","22","44"
"Dr_N00B","23","21","44"
"Dr_Robert","22","22","44"
"dragoknight1","23","21","44"
"dreambook10","23","21","44"
"DrGrogovich","22","22","44"
"DrNixon","21","23","44"
"dzidzaglisa","22","22","44"
"e6bestbytest","23","21","44"
"ekimovskihdarya","23","21","44"
"enyerbe3211","22","22","44"
"ethanrider","22","22","44"
"evtim_stefanov","21","23","44"
"Excessmike","21","23","44"
"F_jashanica","23","21","44"
"Fadeh","22","22","44"
"faenchess","22","22","44"
"fasibaba","23","21","44"
"Ferdi_Wu","24","20","44"
"flakkers","21","23","44"
"fonclau","23","21","44"
"fountoulas","22","22","44"
"fparatcha","20","24","44"
"Franko4chess","23","21","44"
"frnds123","22","22","44"
"Fuili","22","22","44"
"gabris_blr","22","22","44"
"galibwyn","20","24","44"
"gangemi","21","23","44"
"geminisuite","22","22","44"
"gen_i","21","23","44"
"generalnug","22","22","44"
"giagro80","22","22","44"
"Gmbinuk","22","22","44"
"GMlord","23","21","44"
"GodSlayer14","22","22","44"
"greengiresun","21","23","44"
"grosbebelove","22","22","44"
"guendoul-abdennour","23","21","44"
"Guillo2020","19","25","44"
"GuImage","22","22","44"
"H34Lyfe","24","20","44"
"ha_8905","22","22","44"
"Hannerdaza","22","22","44"
"haroonchohan","21","23","44"
"hasanbilal","22","22","44"
"haupti","22","22","44"
"Hellingen76","22","22","44"
"Heresiarch","22","22","44"
"HSHphoenixHSH","21","23","44"
"hsynli_5","24","20","44"
"Humaann","22","22","44"
"ibrotauhid","22","22","44"
"Ihsan1981","21","23","44"
"il271120","21","23","44"
"iliancherakchiev1","22","22","44"
"Ill-Be-Back","20","24","44"
"iluha2019","23","21","44"
"imalive01","21","23","44"
"imanesaadi","23","21","44"
"imp19","19","25","44"
"imtoogoody","24","20","44"
"Ingo_statt_DWZ","23","21","44"
"Insanity1098","22","22","44"
"iraj2021","21","23","44"
"Ivan100682","22","22","44"
"IWantADiscoPork","21","23","44"
"janzupancic","22","22","44"
"Jats2310","22","22","44"
"jctobar","22","22","44"
"Jdking102","22","22","44"
"JeanDetraquis","22","22","44"
"Jlepileo03","21","23","44"
"JMWTurner1982","22","22","44"
"jo-ho-ho","22","22","44"
"Joennah","21","23","44"
"John698","23","21","44"
"johnny_shroom123","20","24","44"
"JoLx_ChESStanislao","20","24","44"
"jose_luis_07","20","24","44"
"jubik22","24","20","44"
"juliette86","20","24","44"
"Kadir_74_74","25","19","44"
"kalamar19","22","22","44"
"Kantanut","22","22","44"
"Karma68","21","23","44"
"kasparusta","21","23","44"
"kcutter46","22","22","44"
"khlyzov_nikita","22","22","44"
"khootech","21","23","44"
"King_HOVA","19","25","44"
"Kingekuos1","21","23","44"
"KionLing","23","21","44"
"Kiranmai48","24","20","44"
"kirck","21","23","44"
"KKG23","21","23","44"
"Knight2Fork","21","23","44"
"KnightmareII","24","20","44"
"Koupuh","22","22","44"
"kristina_bertman","21","23","44"
"Kruthik11","24","20","44"
"kukir10","23","21","44"
"kuminalli","21","23","44"
"kunal703","21","23","44"
"kuropato4ca","23","21","44"
"Kurty11","21","23","44"
"Kuzma003","43","1","44"
"kviten4_gg","21","23","44"
"kyledeen94","21","23","44"
"lebs15","23","21","44"
"legalee32","21","23","44"
"Legend_Kulmanov","21","23","44"
"Leon81","23","21","44"
"LEoR-aRoNoV","21","23","44"
"lepiol","21","23","44"
"Levandowski","23","21","44"
"LiebeDDR","23","21","44"
"Ligeia","22","22","44"
"Lizto","21","23","44"
"LordBaron","22","22","44"
"lpachess","23","21","44"
"Lucho_Portuano","22","22","44"
"LucienTupin","22","22","44"
"MAElKhalik","21","23","44"
"magge79","22","22","44"
"magnusmessi","22","22","44"
"Mainak1106","24","20","44"
"Malevolent01","23","21","44"
"Malfaiteur","22","22","44"
"Mann444","22","22","44"
"Mannurabi","21","23","44"
"manucontab","22","22","44"
"Marco2017","24","20","44"
"Mario-ds","20","24","44"
"Mart998","22","22","44"
"martinkurz","23","21","44"
"mas-sas","23","21","44"
"matletab","24","20","44"
"mavreckdrew","22","22","44"
"max_YT555","23","21","44"
"MessyChessie","22","22","44"
"mesut_13","22","22","44"
"MH147","22","22","44"
"michelv91","22","22","44"
"Mindaug","22","22","44"
"minhkhue2008","23","21","44"
"mirw810i","23","21","44"
"misha_urtov","21","23","44"
"mizeria999","23","21","44"
"mohamad17003","23","21","44"
"Mohamadseda","23","21","44"
"Mohanmsd","22","22","44"
"Moncha","22","22","44"
"Moreesazeezjilo","22","22","44"
"Mouhamouha","21","23","44"
"mp5xi","22","22","44"
"MrEverybody22","22","22","44"
"MrTeg62","22","22","44"
"ms418","22","22","44"
"MSJS77","22","22","44"
"mstytsky","22","22","44"
"munila","22","22","44"
"MuratKuday","22","22","44"
"murmurych","22","22","44"
"MurtadhaFA","24","20","44"
"Muscolo8","22","22","44"
"nangpu","22","22","44"
"NapoleonBonaparteIV","23","21","44"
"Neobhodimost","22","22","44"
"NeriNacaytuna","22","22","44"
"neurocientifico","22","22","44"
"Ngodigha25","23","21","44"
"nianniaz","23","21","44"
"nicklunkad","22","22","44"
"nikbuch","22","22","44"
"nikhalkias76","22","22","44"
"Nimmer6","21","23","44"
"NomadicRuvee","21","23","44"
"NTSGlobus","23","21","44"
"NuclearGandhiTheII","22","22","44"
"o3opHbIe_6o6pbI","22","22","44"
"OlegOrosChyri","22","22","44"
"olzii_91070003","22","22","44"
"omran13","23","21","44"
"oppositeway94","22","22","44"
"osho777","21","23","44"
"otisblack","23","21","44"
"Pablovic","21","23","44"
"Panfraz","22","22","44"
"pantrip","21","23","44"
"Paradajs","21","23","44"
"patafizz","23","21","44"
"peddlers","23","21","44"
"PehAr123","20","24","44"
"PerpetualPatzer","22","22","44"
"petr_sachy","22","22","44"
"PhilipHaynes","22","22","44"
"Pingov","23","21","44"
"Piririn24","21","23","44"
"Pistoleroooo","20","24","44"
"piveh","22","22","44"
"piyushhere","22","22","44"
"playerx2003","21","23","44"
"PlutoDoc","21","23","44"
"poisonMove","23","21","44"
"praksiscyp","22","22","44"
"Prannav_2k19","22","22","44"
"Problems-Tactics","22","22","44"
"Proktolog_na_pensii","22","22","44"
"proof1k","22","22","44"
"quantumharun","25","19","44"
"Ragnarrr777","21","23","44"
"rajeshmishradmk","20","24","44"
"ratosky123","22","22","44"
"RDx_99","22","22","44"
"Rin_at","22","22","44"
"RoastO","23","21","44"
"robberbarron","23","21","44"
"robotics01","22","22","44"
"rodrigochaves","22","22","44"
"Rogozhina-20_12","24","20","44"
"Romanekfajny","22","22","44"
"ru333","22","22","44"
"RuskiGrizzlyBear","22","22","44"
"RusyNanaad","22","22","44"
"Rysin","23","21","44"
"S4NDRA_RM","22","22","44"
"saeed909","21","23","44"
"sahaman","21","23","44"
"Sahil_0410","22","22","44"
"sarpsng","21","23","44"
"sarsak","21","23","44"
"sb-prx","22","22","44"
"schachmann","22","22","44"
"Schachneurotiker","21","23","44"
"scotchegg81","22","22","44"
"Seperei90","21","23","44"
"shahzaib_717","21","23","44"
"Shend0","21","23","44"
"Shinu_hito","20","24","44"
"Shomy09","23","21","44"
"sibumi88","20","24","44"
"SIEJ","22","22","44"
"Skintaker","22","22","44"
"skorrobishti","24","20","44"
"Slayer_13","23","21","44"
"Sreymom","22","22","44"
"srsti","22","22","44"
"ssserdar","22","22","44"
"stason-14","24","20","44"
"steppendekuh","23","21","44"
"stewart57","23","21","44"
"stonespeed","22","22","44"
"Sulxani20","23","21","44"
"tactical_abyss","24","20","44"
"takudzwabote9","22","22","44"
"TanshA476","22","22","44"
"tepulo40","23","21","44"
"Tharaniivin","23","21","44"
"the_mens313","21","23","44"
"theb00radley","21","23","44"
"theconomist","24","20","44"
"TheHawk1305","23","21","44"
"TheMickster","23","21","44"
"TheZhangJike","22","22","44"
"Tic_toc_doc","24","20","44"
"tikituki","21","23","44"
"timvw7","21","23","44"
"titikiza","23","21","44"
"Toloyen","22","22","44"
"tom_from_russia","24","20","44"
"tumelo_dube_28","23","21","44"
"ubermensch58","22","22","44"
"udogol","19","25","44"
"vafflaff","21","23","44"
"vahidkkkk","24","20","44"
"varinova","23","21","44"
"vary_deti","22","22","44"
"Vasilex","22","22","44"
"Versipellis2","22","22","44"
"vettow_cgn","21","23","44"
"vichop1989","22","22","44"
"viggyprabhu","23","21","44"
"vin13","22","22","44"
"vinzent1","22","22","44"
"vivekjsr","23","21","44"
"vizavi","22","22","44"
"vlad4454","21","23","44"
"vogros","23","21","44"
"voicestakeover","23","21","44"
"wabusiachess","23","21","44"
"wankmaster","23","21","44"
"wenceslav","22","22","44"
"woopyd","21","23","44"
"Wouter2022","21","23","44"
"XBAT1","21","23","44"
"Xelais","23","21","44"
"Xibalba_11","21","23","44"
"XuamuxV","23","21","44"
"yeah007","22","22","44"
"Yoec","21","23","44"
"YoniPali","22","22","44"
"yoruq","21","23","44"
"YORYAO","22","22","44"
"youshallnotmateme","22","22","44"
"YU-239","23","21","44"
"yuksel06","21","23","44"
"yuyo123","21","23","44"
"zemisel","22","22","44"
"zeus2016","22","22","44"
"ZHARAR_Alikhan","22","22","44"
"zinchess","22","22","44"
"Zorosan","21","23","44"
"A_Blinchevsky","22","21","43"
"A_Thousand_Times","21","22","43"
"A04_Error_404","21","22","43"
"aaaChess_Salud","20","23","43"
"AbbaDanbala","24","19","43"
"Abu_nuora","22","21","43"
"AdeoluAbiose","21","22","43"
"adm0o","24","19","43"
"adsfjklj1","22","21","43"
"advaita_jetset","22","21","43"
"Ahmaad_Shazly","21","22","43"
"AhmadNagyRadwan","24","19","43"
"Ajahn_Chah","22","21","43"
"akhil1148chv","21","22","43"
"Aleagui3005","21","22","43"
"Aled77","20","23","43"
"alekosPYLOS13","21","22","43"
"Alex318","22","21","43"
"AlexandreBlanchette","21","22","43"
"alone369","23","20","43"
"AlphaKenny","21","22","43"
"Amdiaz73","20","23","43"
"aminshepna","22","21","43"
"amuvarma","21","22","43"
"Androsova-72","21","22","43"
"ankitt31","20","23","43"
"Antanas123","20","23","43"
"AntiTank_1","21","22","43"
"antoniokoda","21","22","43"
"Arboricol","22","21","43"
"arda7007","22","21","43"
"ARIEL_BAUTISTA_LAPUZ","21","22","43"
"Arman-Avdalyan","20","23","43"
"armora","23","20","43"
"arnav_2010aj","22","21","43"
"Arquiloco_de_Paros","22","21","43"
"Arururrr","21","22","43"
"AryanMittal","21","22","43"
"asianshrugged","22","21","43"
"ASSADMAN","21","22","43"
"ATRIP1980","21","22","43"
"Aubert_Cheuby","21","22","43"
"augusvidal","21","22","43"
"Avreman321","21","22","43"
"Aydar1986","22","21","43"
"ayk61","21","22","43"
"Baga85","22","21","43"
"Balticfjord","21","22","43"
"BarakSaltz","24","19","43"
"barang088","20","23","43"
"Bashka123","22","21","43"
"batkoskii","22","21","43"
"Bayla","23","20","43"
"benquark","20","23","43"
"Beska1996","21","22","43"
"Bestatchess80","21","22","43"
"BGMario","20","23","43"
"Bhavikj","20","23","43"
"bizzaredovez","21","22","43"
"blapo","16","27","43"
"blue2224","22","21","43"
"Bookmale","22","21","43"
"brian622","22","21","43"
"Brot-Und-Spiele","20","23","43"
"brotato6","21","22","43"
"BrymoSoliu","21","22","43"
"Buah","22","21","43"
"cachicheng","21","22","43"
"CARLOPAP77","22","21","43"
"carlos6795","20","23","43"
"casiduro","21","22","43"
"CavalloBiricchino","22","21","43"
"ccourtney","22","21","43"
"CebolaJeceaba","21","22","43"
"Cera-Focak","21","22","43"
"cfuglset","22","21","43"
"Chess_Wannabe","21","22","43"
"ChessatronBot","19","24","43"
"chesscatIII","23","20","43"
"chessint","22","21","43"
"chessnerd00","23","20","43"
"Chesster0011","22","21","43"
"ChessVilleSchool","20","23","43"
"chicson","22","21","43"
"ChidiRay01","21","22","43"
"chriwa","21","22","43"
"Cindycastagnola21","21","22","43"
"ciupacabra","21","22","43"
"cmapoe","21","22","43"
"Cocochoramone","21","22","43"
"coltot","20","23","43"
"Compirator","20","23","43"
"CoolerMove","20","23","43"
"crainer","23","20","43"
"crichardson","21","22","43"
"cygroborg","20","23","43"
"DaBigMonk","21","22","43"
"DACLuz","22","21","43"
"dancarls0n","21","22","43"
"dance-with-me","22","21","43"
"daspree","22","21","43"
"dawidmaciejewski","20","23","43"
"deltafoxcris","21","22","43"
"Der_Profi-digga","21","22","43"
"Detective_A_Monk","21","22","43"
"Devansh_Sahu1","21","22","43"
"Devirhan","22","21","43"
"dhanajikakade","22","21","43"
"dhhart215","22","21","43"
"Dima-S_87","23","20","43"
"dimasdanisworo","22","21","43"
"Djamdag","22","21","43"
"Do_Not_Be_Afraid","22","21","43"
"doc_knugen","21","22","43"
"Doctor_Luber","22","21","43"
"DodoyKrizVillareal","21","22","43"
"DogukanOzdemir","22","21","43"
"Dorniel5","23","20","43"
"dragonsnake44","22","21","43"
"DresslessChess","22","21","43"
"drmuhammed1971","22","21","43"
"Droved","22","21","43"
"DugesiaAethiopica","22","21","43"
"DustinDeWind","22","21","43"
"dvt007","21","22","43"
"Dzarda","21","22","43"
"easy-money-sniper","21","22","43"
"edwfher81","21","22","43"
"ejei_tiger","22","21","43"
"embersea","21","22","43"
"Emerald_35","22","21","43"
"Emil267","24","19","43"
"EminentiaViridi","23","20","43"
"enanojuancho","23","20","43"
"eticus","21","22","43"
"evilbarbs96","21","22","43"
"ezenwa","18","25","43"
"Fabian_AZ_USA","20","23","43"
"farag-farag","23","20","43"
"faridfaramarz1360","21","22","43"
"fazer863","22","21","43"
"fcarmonae","21","22","43"
"Feferon","21","22","43"
"felo77","21","22","43"
"filachess1122","22","21","43"
"flavioks","22","21","43"
"FPOlivares","22","21","43"
"francobaresi","22","21","43"
"freute","21","22","43"
"Fusai","20","23","43"
"gamemusic82","20","23","43"
"garyc7","21","22","43"
"gazimir","22","21","43"
"geckomeister13","22","21","43"
"Gerdhon_chess","22","21","43"
"Gero_Castro7","22","21","43"
"Geusepherr","21","22","43"
"gladiatorex52","23","20","43"
"Glindi","21","22","43"
"gox97","21","22","43"
"gs-jha","21","22","43"
"Gusev_Andrey","22","21","43"
"gzhelev","22","21","43"
"halloweeneveryday","22","21","43"
"hamik","21","22","43"
"Heiderlan","23","20","43"
"heliaverdi","23","20","43"
"Hellon","20","23","43"
"heltonparreiras","23","20","43"
"Henaoo","22","21","43"
"henri_charriere","21","22","43"
"Henry1787","21","22","43"
"Herr_Flick","21","22","43"
"hinkie","21","22","43"
"Holobas","33","10","43"
"hsgebbbbb","21","22","43"
"hugo87pl","21","22","43"
"iamsheaf","22","21","43"
"Ian452","21","22","43"
"ibezenkov","22","21","43"
"Idza","20","23","43"
"ilarichess88","20","23","43"
"illuxa","20","23","43"
"ilovebarbequesauce","21","22","43"
"irenjt","22","21","43"
"isco2nico","21","22","43"
"Ivan_arse11","19","24","43"
"Ivan_chess_PRO","23","20","43"
"JairoOrlando","21","22","43"
"jalej","23","20","43"
"Jano83","21","22","43"
"Javeyska","22","21","43"
"Jay_kalra21","21","22","43"
"jian02082012","21","22","43"
"JohnnyB1230","21","22","43"
"JohnnyTheBlueKnight","22","21","43"
"Joinfe","21","22","43"
"JojoLicorne","22","21","43"
"Joker1949","22","21","43"
"jokowi_subianto","22","21","43"
"josebueno98","21","22","43"
"josi_e4","20","23","43"
"JourneyToShambala","20","23","43"
"jpg-bot","24","19","43"
"Jprt","22","21","43"
"jumangulov_ravil","22","21","43"
"JunRF","22","21","43"
"Jure2022","22","21","43"
"justas05","22","21","43"
"JustForFunJax","19","24","43"
"Jydp","22","21","43"
"kabeer121qwk","22","21","43"
"kaelinn","22","21","43"
"Kai302","21","22","43"
"kaja24","22","21","43"
"Kapocablanca","21","22","43"
"katel87r","20","23","43"
"kawhi2","23","20","43"
"Khirlim","21","22","43"
"kimondo01","22","21","43"
"king_basu","23","20","43"
"KingSter","21","22","43"
"kitik76","21","22","43"
"klazomenai","20","23","43"
"kmartha","22","21","43"
"KmIbrahimYounoussa","22","21","43"
"KnightiestKnight","23","20","43"
"KnocksNBangs","23","20","43"
"KochAreg","22","21","43"
"Kofeyoj","21","22","43"
"kogabriga123","21","22","43"
"KrzJ","23","20","43"
"KucMa","21","22","43"
"kuruba","21","22","43"
"l3ab-idin","21","22","43"
"Lacmani7","24","19","43"
"Lacrimoza218_218","22","21","43"
"Lagerswift","22","21","43"
"LeGoatJames","22","21","43"
"Leif-Lopez","21","22","43"
"levatischenko09","21","22","43"
"lijujose","20","23","43"
"lobo_urbano_2000","22","21","43"
"Lord-Nass","22","21","43"
"louciouslily","20","23","43"
"Lukaseda","22","21","43"
"lvv11","21","22","43"
"Ma-Tei","21","22","43"
"MadonnaSilk","21","22","43"
"MahinaLangAko","22","21","43"
"malleus_maleficaum","21","22","43"
"managua7","20","23","43"
"mannyboiidol","22","21","43"
"marcrid","22","21","43"
"mardgos","20","23","43"
"MarkusKnallfrosch","19","24","43"
"MartijnLC","22","21","43"
"Martindog","20","23","43"
"martolomeo10","21","22","43"
"MartvdHeuvel","22","21","43"
"Mattjoe","20","23","43"
"Medvedev__1204","23","20","43"
"mehdizahedi","22","21","43"
"mesutozbas","22","21","43"
"mewlut","22","21","43"
"MightySquirtall","22","21","43"
"MikeMso1","22","21","43"
"Mikkel_Vinh","20","23","43"
"MilanHiber","22","21","43"
"milvertonchess","22","21","43"
"mishel_antonovich","21","22","43"
"MO_Rinaldi","21","22","43"
"mohamad200444","21","22","43"
"Mohamedayash","22","21","43"
"Mokoman","22","21","43"
"Moyser","21","22","43"
"Mr_NiceWatch","21","22","43"
"mugitsegmed","22","21","43"
"Muhammad_Sayem","21","22","43"
"muhammadatt","20","23","43"
"Muridbaru","21","22","43"
"Murugan23","22","21","43"
"mustafaersin","21","22","43"
"Mutata","22","21","43"
"myfoot","22","21","43"
"MyNameisAntony","20","23","43"
"nacitr","20","23","43"
"nenvarkuzum","20","23","43"
"Net44","21","22","43"
"nightstalker8888","21","22","43"
"Nirvana_boy","21","22","43"
"nmcclell","22","21","43"
"nnnihed","19","24","43"
"Nomerindo","19","24","43"
"nonaches","22","21","43"
"Novs77777","21","22","43"
"nowao","21","22","43"
"obeliscocanc","22","21","43"
"octavioedy","21","22","43"
"Ocustopus","20","23","43"
"OdinnOdinn","22","21","43"
"OJ77","21","22","43"
"old-ufo","22","21","43"
"oppanaa","21","22","43"
"orcunasl98","20","23","43"
"orgrazon","22","21","43"
"osamamahmoud_khaled","21","22","43"
"Othiras","23","20","43"
"Otman-012","23","20","43"
"pablodfp14","21","22","43"
"paoakis","21","22","43"
"PaquitoFIMO","21","22","43"
"Parpalac","21","22","43"
"pav2275","22","21","43"
"pb8711","22","21","43"
"peonveloz","23","20","43"
"pepelui69","22","21","43"
"Petlin5","21","22","43"
"PetrosiansTurmhaengt","22","21","43"
"ph5066","22","21","43"
"pioda83","23","20","43"
"Plamen23","20","23","43"
"pom_adka","22","21","43"
"PONYDEAJEDREZ01","22","21","43"
"PopovKostya","22","21","43"
"praveen02","22","21","43"
"Priyanshu8882834374","21","22","43"
"PX_PX","22","21","43"
"qaswarah007","23","20","43"
"qqqqqqxqqqqqq","23","20","43"
"Quirks","21","22","43"
"qwertypmzq","21","22","43"
"raglanchess","22","21","43"
"rahmatkaseii","21","22","43"
"rajadurai4","22","21","43"
"Raph_Desbiens","19","24","43"
"RazinRahman101","21","22","43"
"RecebovHeyder","19","24","43"
"Reiner_Wahnsinn","20","23","43"
"ReturnToMonkey","22","21","43"
"RezaZarrin","21","22","43"
"RickFeynman","21","22","43"
"ring3","21","22","43"
"ripdog1994","22","21","43"
"RIsHyRaNe","20","23","43"
"Rittesh","22","21","43"
"rob_roibu","22","21","43"
"Robi1465","21","22","43"
"Roland_Dyroff","22","21","43"
"RomanBarabakh","22","21","43"
"Ryebread1029","21","22","43"
"ryu2309","19","24","43"
"sab123","21","22","43"
"sagnik128","22","21","43"
"saitama2001","23","20","43"
"samadjalali1351","22","21","43"
"SanjaySomani2047","23","20","43"
"scaccocavallo","21","22","43"
"schanur","20","23","43"
"scorpion1969","22","21","43"
"SD4ch87","21","22","43"
"SeniorD1","22","21","43"
"Sensei64","22","21","43"
"ser_u","21","22","43"
"Sewalm999x","21","22","43"
"shalpra","20","23","43"
"Sharklight22","20","23","43"
"Shodiqkedung","20","23","43"
"shriveledraisin","23","20","43"
"Sibokomo","22","21","43"
"silopanna","21","22","43"
"silverlightening","23","20","43"
"Sinethemba11","20","23","43"
"Singerman","22","21","43"
"Sintropic","21","22","43"
"sjamil1166","20","23","43"
"SmartBeginner","22","21","43"
"smh88","23","20","43"
"smm03","21","22","43"
"SN-Bauch","23","20","43"
"Snaden","23","20","43"
"sobak","22","21","43"
"soemawinata","22","21","43"
"solarchess","22","21","43"
"sparrow_1","22","21","43"
"Spezialistenralf","21","22","43"
"Stas_Liverpool","21","22","43"
"stevenolakanye","22","21","43"
"Suavessin","21","22","43"
"suiyi","22","21","43"
"Suliman-611","23","20","43"
"superatos","22","21","43"
"svettar","20","23","43"
"Swampfox000","19","24","43"
"Swixer","21","22","43"
"T_angent","22","21","43"
"takeawaymypain","21","22","43"
"Talkingknight","20","23","43"
"Tamerlan-7","20","23","43"
"Tbo1","21","22","43"
"TexnoGarri","24","19","43"
"THE-1-CHESSER","22","21","43"
"thomid","22","21","43"
"Tigerthinksbad","23","20","43"
"Timotheus_k","22","21","43"
"TimTeichrib","22","21","43"
"TJandS","22","21","43"
"TokeBox","22","21","43"
"ToliaCCCP","21","22","43"
"trandaf","21","22","43"
"Triren","22","21","43"
"TrueNightGazer","21","22","43"
"TruthDare","20","23","43"
"UAPsarereal","20","23","43"
"UBSchach","22","21","43"
"umdunrengi12","20","23","43"
"upALLnight37","21","22","43"
"uri_el","22","21","43"
"Valkyrie_23","22","21","43"
"Vallanzasca","22","21","43"
"Vedatsengol","22","21","43"
"vehmedov3","22","21","43"
"vince971423","21","22","43"
"vinnipuh100500","21","22","43"
"Visshnu","22","21","43"
"vlad123445","21","22","43"
"WashingtonMS","20","23","43"
"WaterFountainCup","22","21","43"
"WELLSTEINS","20","23","43"
"whateverIm","21","22","43"
"WhyNotBilbo","21","22","43"
"Y2023Z","21","22","43"
"Yamen2025","22","21","43"
"Yannonov","20","23","43"
"yaq","21","22","43"
"Yash7274","21","22","43"
"Yuri197","22","21","43"
"Yusniati","22","21","43"
"ZackKhelifi","21","22","43"
"Zeppeliano","22","21","43"
"Zimmnerheld","21","22","43"
"zsegaz","23","20","43"
"a-nobody_i","21","21","42"
"abhijeet1017","20","22","42"
"Abishan99","22","20","42"
"Abolfazl_Aria","20","22","42"
"abt1395","20","22","42"
"acarfurkan1967","21","21","42"
"Adelfatani","19","23","42"
"Adelmau","20","22","42"
"adesulaeman","20","22","42"
"AFO1","22","20","42"
"afp83416","20","22","42"
"Ah87","21","21","42"
"ahmedgxg","21","21","42"
"AhmtKurtt","20","22","42"
"ai-con","19","23","42"
"airapet_K","22","20","42"
"Aleksandr_Rassadin","21","21","42"
"alekssenator40","21","21","42"
"Alemdp21","22","20","42"
"alesbevc","21","21","42"
"alfildebuin","22","20","42"
"aliimani12345","20","22","42"
"AlinEnachescu","21","21","42"
"Alokbhairav","21","21","42"
"Alperen824","22","20","42"
"Alphazade","21","21","42"
"alvarog7","21","21","42"
"Alvincorado","20","22","42"
"Ammine","21","21","42"
"amoamihija","21","21","42"
"anand7878","22","20","42"
"Andi2020","21","21","42"
"AndreiKanter","21","21","42"
"ANewGuy","20","22","42"
"angar2009","20","22","42"
"Ant1961alex","23","19","42"
"Anwesh9792","22","20","42"
"apawcalypse","20","22","42"
"AprendizRec","21","21","42"
"ARAVINdfksHELBY","20","22","42"
"ariel1978","20","22","42"
"arielhechavarria","22","20","42"
"Arnes1","21","21","42"
"aseemsood123","21","21","42"
"ashrafelshamy99","18","24","42"
"Astucieux","21","21","42"
"Avicii09","20","22","42"
"AyrtonsennaVLB-EOL","21","21","42"
"azatkuliyev","20","22","42"
"babanamkabalam","21","21","42"
"Bajanista","20","22","42"
"Bangegi","21","21","42"
"Batua","20","22","42"
"Beejorn05","20","22","42"
"belred","21","21","42"
"Binamzug","21","21","42"
"Binnche","22","20","42"
"Blue1000_0","23","19","42"
"blunderrain","21","21","42"
"BobKexit","20","22","42"
"bogrip","21","21","42"
"bokobok","21","21","42"
"Boris_Lupolov","22","20","42"
"Boris-Sokolov","21","21","42"
"Brezgunov","21","21","42"
"brilliant_brilly","19","23","42"
"Bubba17","21","21","42"
"Buggi_K","21","21","42"
"BulletTrainTo2950","21","21","42"
"BurzumMayhem","22","20","42"
"Butterkeeeks","21","21","42"
"BvT_Luuke","22","20","42"
"c0rridon","22","20","42"
"CaissaNocturne","23","19","42"
"ceptord","21","21","42"
"certificates","22","20","42"
"chalkar0001","21","21","42"
"Chambialex","22","20","42"
"Chemist565","21","21","42"
"chess9656","20","22","42"
"chessssss2001","19","23","42"
"chethaddict","20","22","42"
"chrispy993","21","21","42"
"cj89","21","21","42"
"clabene","21","21","42"
"ClaudiaRoque_ESDE","22","20","42"
"Cleckota","22","20","42"
"CoderOne","21","21","42"
"ContactLight","20","22","42"
"Craneo","20","22","42"
"Cristhian-27","21","21","42"
"daret-el-ayam","22","20","42"
"dask2","22","20","42"
"david_lasz","20","22","42"
"ddDevran155166","22","20","42"
"DECUR1ON","19","23","42"
"DeGreat2","20","22","42"
"DeliYurek03","22","20","42"
"DF67","21","21","42"
"Dima9753","22","20","42"
"dimitri1977","21","21","42"
"dineshshah1310","22","20","42"
"dj00hnny","21","21","42"
"DJTomSoft","21","21","42"
"DocChicken","22","20","42"
"Dolix12","23","19","42"
"dom50440","22","20","42"
"DonuldDrumm","22","20","42"
"DR8","20","22","42"
"DraculaBR","21","21","42"
"dragchezbret","21","21","42"
"drmalaba","21","21","42"
"DrSiembida","21","21","42"
"eberliner","23","19","42"
"Edmoooooond","18","24","42"
"EinsteinBlueprint","21","21","42"
"ElenaRascon","20","22","42"
"elfenix","21","21","42"
"Elpardy","21","21","42"
"EndSARS","20","22","42"
"engAdel","23","19","42"
"Erandini","21","21","42"
"erenbuyukozmen","21","21","42"
"erp_simpson23","21","21","42"
"evuri05","23","19","42"
"ewrrfddd","21","21","42"
"fanniemae2","22","20","42"
"Farid-X","23","19","42"
"fathzer-jchess","17","25","42"
"Fefolette","22","20","42"
"FiiiFiii","21","21","42"
"fipsone","22","20","42"
"fjbvigil","21","21","42"
"fk8","21","21","42"
"FourBetBluff","22","20","42"
"fracal","22","20","42"
"frapit","22","20","42"
"fregl3006","23","19","42"
"fss97","23","19","42"
"Furious_but_not_fast","21","21","42"
"gajardo","20","22","42"
"Garik660905","22","20","42"
"gary2067","22","20","42"
"gazzehkamel1969","22","20","42"
"Genio8799","20","22","42"
"Gera1911","20","22","42"
"Gerkl","20","22","42"
"Gideoski","21","21","42"
"Gobi_Gambit01","21","21","42"
"Goribar","21","21","42"
"Great_TARTARIA","20","22","42"
"greenkiwibean19","20","22","42"
"gregorian777","22","20","42"
"gue1234","20","22","42"
"Guitarist949","20","22","42"
"Gus59_Ai","20","22","42"
"gusariver2000","21","21","42"
"habibiblocksberg","22","20","42"
"hamdibf1974","19","23","42"
"HansBilal","22","20","42"
"HanskiL","20","22","42"
"Harjots196","23","19","42"
"Harmoo","21","21","42"
"haroldcesar","21","21","42"
"Hashimotoo","21","21","42"
"Haykk_Yeritsyan","21","21","42"
"haythem69","21","21","42"
"hefflan","21","21","42"
"Heisenberg01","23","19","42"
"HelicopterShotAd_7","22","20","42"
"Herny1973","22","20","42"
"HesaHoki","19","23","42"
"iamthekingofmycastle","21","21","42"
"imbros","21","21","42"
"imperya","20","22","42"
"interposer","20","22","42"
"irispuaro","22","20","42"
"italia1982","22","20","42"
"JackGopnik","21","21","42"
"jaiko2","22","20","42"
"javaweb44","20","22","42"
"jechmaro","22","20","42"
"jhavii1","21","21","42"
"Jjdahboss","23","19","42"
"John_Fastone","21","21","42"
"John_son","21","21","42"
"jointsandchess","20","22","42"
"Josevi81","21","21","42"
"JTGetizo","22","20","42"
"juangz","20","22","42"
"JuanHidalgoMartin74","21","21","42"
"JustGiveUpASAP","22","20","42"
"JuuJ575","20","22","42"
"kairgeldy","20","22","42"
"kar0ruru","22","20","42"
"Kasparavi","20","22","42"
"Kasparov_Leandros","21","21","42"
"kasparov0810","20","22","42"
"khartso","22","20","42"
"killhatz","21","21","42"
"KillingField","22","20","42"
"Kitonas","22","20","42"
"kivikkokaksyt","22","20","42"
"knight33","23","19","42"
"Kochegarist","21","21","42"
"ksa_adel","22","20","42"
"ktwiz123","21","21","42"
"laag23","22","20","42"
"laMineDor","22","20","42"
"lanky_John_Silver","22","20","42"
"laptopkolegi","20","22","42"
"laronfox","21","21","42"
"Layi","21","21","42"
"lcf609","21","21","42"
"le__professeur","20","22","42"
"LeandroInacio","21","21","42"
"leonmaxi","21","21","42"
"LeonTMB","21","21","42"
"Light1982","22","20","42"
"Lina888","21","21","42"
"linozambon","20","22","42"
"Ljbjanovsky","22","20","42"
"Luke_Landwalker","21","21","42"
"Lukin189","20","22","42"
"lukowski","22","20","42"
"Lushaa","21","21","42"
"M3thoor","22","20","42"
"mahesh_k1547","20","22","42"
"Makedownaskin","19","23","42"
"maqel","23","19","42"
"Mario2703","21","21","42"
"Marlonelcapa08","21","21","42"
"Marta_Streamer10","22","20","42"
"mastergracia","20","22","42"
"masterx07","19","23","42"
"Mata_Bultos","21","21","42"
"matheusbortolini","22","20","42"
"MattMaxK","21","21","42"
"max0103","19","23","42"
"maxomerberkaliefe","23","19","42"
"MaxRamaz17","21","21","42"
"MdNazar","22","20","42"
"Mduc","21","21","42"
"Mepkupuu","21","21","42"
"Mescha87","22","20","42"
"Mfetoforlife","21","21","42"
"MiguelValdivia","22","20","42"
"MINSK_VAMPIRE","21","21","42"
"MiriPuke","18","24","42"
"misterv69","21","21","42"
"mk2802","21","21","42"
"mkaymakcalan","22","20","42"
"mmhORST","21","21","42"
"Mmihaluss","22","20","42"
"MohammedHassan1988","22","20","42"
"MohammedTahaDZ","21","21","42"
"momih2077","21","21","42"
"Monika_2001","21","21","42"
"mostafa_r","20","22","42"
"Moteka","20","22","42"
"MradulIITK","19","23","42"
"MrNomad","21","21","42"
"MrOES","21","21","42"
"Mskmax","21","21","42"
"mstewart80","21","21","42"
"Muki2020","20","22","42"
"musaevta","19","23","42"
"mw45","20","22","42"
"Nado11","21","21","42"
"NasrNasser","22","20","42"
"NayiniSriHarsh_003","23","19","42"
"Ncube-G","22","20","42"
"Nemo68","22","20","42"
"neropol","21","21","42"
"NeshaK7","19","23","42"
"nickarkell","21","21","42"
"nikola_tesla12","21","21","42"
"NN1976","21","21","42"
"nosoytanbueno","21","21","42"
"NotAIAssistedNoob","22","20","42"
"NotVeryNicePlayer","21","21","42"
"npauze","21","21","42"
"NthJeff","22","20","42"
"ntromic","19","23","42"
"nurubursevi","22","20","42"
"ObsessedAgr13","20","22","42"
"ola_logic","20","22","42"
"OlgaOlya","19","23","42"
"olinslavik","19","23","42"
"OliverPettersson","22","20","42"
"Omarissa","21","21","42"
"onegameonly","20","22","42"
"optido","22","20","42"
"OsManhAddaD","20","22","42"
"PabloL0","19","23","42"
"pale2015","21","21","42"
"Pankaj_Hiremath","20","22","42"
"parsanmd","23","19","42"
"Pastern1k","21","21","42"
"pathalogicalplayer","22","20","42"
"Pavel_Frolov","20","22","42"
"pavel7799","21","21","42"
"pavelbotkin","20","22","42"
"PCS1978","20","22","42"
"pelotin","20","22","42"
"peresvet1380","21","21","42"
"PERGIUS","22","20","42"
"Pero254","21","21","42"
"PerSephoNe-xX","20","22","42"
"PetiteRabbit","22","20","42"
"Philip_22","20","22","42"
"PI3TA","19","23","42"
"Piyushkeswani","20","22","42"
"Plankie9","21","21","42"
"plebeiann","20","22","42"
"Prakhar1008","22","20","42"
"pram5528","20","22","42"
"prentice_sloth","21","21","42"
"Process","22","20","42"
"ProdieRSA","22","20","42"
"Prometo_20","21","21","42"
"ps75757","22","20","42"
"Psicologia","20","22","42"
"PsycoKillerr","19","23","42"
"puninos","20","22","42"
"Q99Q","21","21","42"
"QueenLyy","21","21","42"
"QueenNeverDies","21","21","42"
"Quickboots","20","22","42"
"Qvedo","22","20","42"
"rafeemanesh_farzad","22","20","42"
"RagnarLunde","22","20","42"
"raipai","23","19","42"
"RandomPatzer","21","21","42"
"raniresh","21","21","42"
"realSizo","21","21","42"
"Reeka","21","21","42"
"Resulha05","22","20","42"
"reyad89","21","21","42"
"ricky974","21","21","42"
"Rimtek","21","21","42"
"RinauldtheGreat","22","20","42"
"Rinky69","20","22","42"
"rmchesse7","23","19","42"
"RMuratR","21","21","42"
"rokitnik","21","21","42"
"RonaldPC","22","20","42"
"ronnieintulo","20","22","42"
"ronvw","21","21","42"
"rotzbof","21","21","42"
"Rrivero","21","21","42"
"rustycontact","20","22","42"
"Safru","22","20","42"
"samedan","22","20","42"
"sandreros","22","20","42"
"SansuiAU-D11","22","20","42"
"saskickevan","22","20","42"
"sbeova","21","21","42"
"Schachspielerin1000","21","21","42"
"SEIGBERTOCHASHVILLI","22","20","42"
"SepasMG","20","22","42"
"SergeiChessov","21","21","42"
"Serginc","21","21","42"
"Serkonpred","21","21","42"
"seseliz","20","22","42"
"Sgarold","21","21","42"
"shariq1189","20","22","42"
"shashankxo","22","20","42"
"Shoboat","22","20","42"
"shr2kor","21","21","42"
"shuntansuke","21","21","42"
"SigmaNoob","22","20","42"
"silvio4657","21","21","42"
"sizmekian","21","21","42"
"skkttn","21","21","42"
"slippery-fish","21","21","42"
"smith_1","23","19","42"
"SmokingCat","21","21","42"
"Snake6698","20","22","42"
"SnowmanX","20","22","42"
"sntiagopuentes8","21","21","42"
"Spanyard","21","21","42"
"Spoo0","22","20","42"
"Sruck","23","19","42"
"statist69","22","20","42"
"stevenrose","22","20","42"
"StrChesssFull","22","20","42"
"strigen","20","22","42"
"sukierae","21","21","42"
"SV_salahsen","21","21","42"
"taka_notnice","21","21","42"
"TATAPCTAH_KA3AHb","22","20","42"
"Tatiana_Bondar","20","22","42"
"Tchelle","21","21","42"
"thebellbreaker","21","21","42"
"therea7one","21","21","42"
"thomasso","21","21","42"
"Thompson1986","20","22","42"
"ThreeOneThree","24","18","42"
"Thvi","20","22","42"
"Timengineering","19","23","42"
"tinesh_04","20","22","42"
"todooo10","21","21","42"
"TotalDepression","20","22","42"
"Trapsen","20","22","42"
"Traumaturge","23","19","42"
"TRO00","20","22","42"
"tsmax81","20","22","42"
"tuboy","21","21","42"
"Tumbasov_Nikita","21","21","42"
"turtlemtn","22","20","42"
"Twinfaces","21","21","42"
"u2a3","22","20","42"
"uchastok999","21","21","42"
"udrzec","23","19","42"
"username852","21","21","42"
"vasilischess1","21","21","42"
"Verybadpony","21","21","42"
"Vespower","22","20","42"
"Vicor62507","22","20","42"
"vidadivogzal","19","23","42"
"VKDERX","20","22","42"
"Vladfger","21","21","42"
"wa51ol","20","22","42"
"watermelon333","20","22","42"
"Whitebear3","21","21","42"
"Wonder_Waya","21","21","42"
"Xarpon","21","21","42"
"xoflox","22","20","42"
"yakazulu","20","22","42"
"YousafAli","21","21","42"
"Zombis666","18","24","42"
"ZONE2004","21","21","42"
"AAlmeidaTX","21","20","41"
"AARAV2b","21","20","41"
"Aarushkaushik","21","20","41"
"aas87","22","19","41"
"aayushproinchess","21","20","41"
"abdulsamadtk78","20","21","41"
"acKRz","22","19","41"
"Acore","21","20","41"
"AcostaSC","21","20","41"
"Adaiel","19","22","41"
"ae_el_be","20","21","41"
"aFlyingSnail","21","20","41"
"afudakim","20","21","41"
"ah7med007","21","20","41"
"aifdsc","21","20","41"
"AinsaPol","21","20","41"
"ajb1211","22","19","41"
"ajschess05","21","20","41"
"Akasj","21","20","41"
"alajmo","20","21","41"
"Alekslim","21","20","41"
"alexcupa","21","20","41"
"AlexKeim","22","19","41"
"alexpal","19","22","41"
"ali_khaksari1368","21","20","41"
"aliabiz0048","21","20","41"
"alphamike_64","21","20","41"
"Altanshagai2","21","20","41"
"Amarezza90","20","21","41"
"amihai","21","20","41"
"amirdna2000","22","19","41"
"Anando_Singh","23","18","41"
"andychess19","22","19","41"
"Angelika89","21","20","41"
"Anhualch","21","20","41"
"Ani12","20","21","41"
"AnInvisibleName","20","21","41"
"ao017545","19","22","41"
"ArdaBltlii","20","21","41"
"ARIES_BACK_DieOrFly","20","21","41"
"arifaycan","21","20","41"
"aryystk","20","21","41"
"ashrafamin73","21","20","41"
"aslanbash","21","20","41"
"asus72","20","21","41"
"At-lant","21","20","41"
"Atum1","21","20","41"
"AtzenToniAlder","21","20","41"
"Ayrifoub","21","20","41"
"ayubinet","20","21","41"
"Azad1983","21","20","41"
"Badhulla","21","20","41"
"baduvan","19","22","41"
"bahi95","21","20","41"
"bassokontra","21","20","41"
"batalelkom","22","19","41"
"bayhtwe81","21","20","41"
"BBBERos","20","21","41"
"BedollaDavid","21","20","41"
"benmedjbeur","20","21","41"
"Berty82","21","20","41"
"birzamanlarkasparov","20","21","41"
"bisHiphop","21","20","41"
"bohorts","21","20","41"
"Bookcollector","21","20","41"
"BorisRazov","21","20","41"
"Brillantplayer","21","20","41"
"BugLog","21","20","41"
"BulletChess0","20","21","41"
"BX-lion","20","21","41"
"CaptainSiko","21","20","41"
"CaptainSteveMorgan","20","21","41"
"CAR424","23","18","41"
"CARLOSPOZO2015","21","20","41"
"carlowix","20","21","41"
"CarnivorChess","20","21","41"
"CastieI","21","20","41"
"cemgil","22","19","41"
"chable","20","21","41"
"chalinumattesha","21","20","41"
"Chess_AbC","20","21","41"
"chess_joker_1","20","21","41"
"chesspassionate","20","21","41"
"chesstt1","19","22","41"
"ChessyMcChessFace23","22","19","41"
"ChicagoBear","19","22","41"
"chiefsakh","20","21","41"
"cibenko5","21","20","41"
"cigarpequot","20","21","41"
"Clever-Very-Clever","21","20","41"
"cmanthan07","22","19","41"
"Coconutmilkpowder","21","20","41"
"coolkid_sa","19","22","41"
"Cooper1212","20","21","41"
"counterplayer","22","19","41"
"crimauro","19","22","41"
"Cubala_artisto","12","29","41"
"Danchess8","19","22","41"
"DanielHP_123","21","20","41"
"darkknight-1","21","20","41"
"dateutli","19","22","41"
"davoodnekooei","21","20","41"
"Dcxo","21","20","41"
"Dembouz117","21","20","41"
"DexterManou","20","21","41"
"dheerajbharti","20","21","41"
"diego10g","21","20","41"
"diego1108","22","19","41"
"Dilandau","19","22","41"
"DIS_Lovely","22","19","41"
"Diucaz","20","21","41"
"djaka00","21","20","41"
"DNP_Pan","21","20","41"
"Donquixote_7","20","21","41"
"dostlarkompanya_2","20","21","41"
"DrBlacklee","20","21","41"
"DrEisensteiner","20","21","41"
"Dres1","20","21","41"
"DrFreud1856","21","20","41"
"DrMahmoudkh","20","21","41"
"dubier2062002","20","21","41"
"DUMBA_007","21","20","41"
"dumia","17","24","41"
"Dynamite_BKD","19","22","41"
"Dzenin","20","21","41"
"edimer","20","21","41"
"ElmerBarrera","20","21","41"
"Elo-2600","20","21","41"
"Emi_xD2","20","21","41"
"Endriucar","20","21","41"
"Erdemonal38","20","21","41"
"ErikLund","20","21","41"
"ernestoborbe08","19","22","41"
"Esjar","21","20","41"
"Espliego100","21","20","41"
"EstuardoNavarro","20","21","41"
"EtyPiccolo","20","21","41"
"EvgeniyKamyshev87","20","21","41"
"ewan27315","19","22","41"
"ExpertChess","20","21","41"
"fgjhhkfk","20","21","41"
"FisherAlexIS123","21","20","41"
"FlagnusBlundersen","20","21","41"
"fonksiyon-t","20","21","41"
"FR21","22","19","41"
"FRA_DAVOUST_Nicolas","19","22","41"
"Frankken1312","22","19","41"
"frankphantom","21","20","41"
"ganja402","19","22","41"
"gfgf2110xedfibz","20","21","41"
"Gilligan12345","19","22","41"
"giRllllllllll","21","20","41"
"Gmnchimu","22","19","41"
"Gonndim","20","21","41"
"Gosmo","21","20","41"
"Grandbab","21","20","41"
"Grayess","21","20","41"
"h9sam","21","20","41"
"Haahaakuu","19","22","41"
"Habanero_Pepper","21","20","41"
"hackthenberg","21","20","41"
"Hada_ly","21","20","41"
"Hadi202","20","21","41"
"hakyem","20","21","41"
"Haletzki1","20","21","41"
"HalfieRE","20","21","41"
"Hanalex","22","19","41"
"hankypankyreturns","20","21","41"
"Hannibal_Barka14","20","21","41"
"HarbiBaba","21","20","41"
"haso52","22","19","41"
"hattricky","22","19","41"
"henryxxx","20","21","41"
"HMLS040","21","20","41"
"Hnxavier","20","21","41"
"Hodgey-1533","21","20","41"
"hosseinfarhadi1399","22","19","41"
"hosseinmagnus1386","20","21","41"
"htmlsqlcssdatnet","22","19","41"
"hygienedentaire_ca","21","20","41"
"Ilati","21","20","41"
"illinskyi1","20","21","41"
"inchoatechess","20","21","41"
"Irina1968","20","21","41"
"isabet25","22","19","41"
"iTravelEconomyClass","21","20","41"
"J_Heral","22","19","41"
"J0hnsy","20","21","41"
"jabshri","21","20","41"
"JAHONGIR1974","22","19","41"
"jami12","20","21","41"
"janabai","21","20","41"
"JatszaniAkarok","21","20","41"
"Javicho619","20","21","41"
"Jay_Roth","20","21","41"
"Jazzperxx","20","21","41"
"Jcarranza","20","21","41"
"jeanleonino","21","20","41"
"Jesseodinaka","20","21","41"
"Jesseonahorse","22","19","41"
"jfa41","20","21","41"
"jfurman","21","20","41"
"jimmyx","20","21","41"
"jmajor1226","19","22","41"
"jodan","19","22","41"
"jojokrasiviygai","22","19","41"
"jonathanchile","20","21","41"
"Jordanakos","21","20","41"
"jorgealmerio","20","21","41"
"Jos2112","21","20","41"
"JR_MORPHY59","19","22","41"
"JuriyChess","21","20","41"
"kaibreuck","22","19","41"
"kairat2005","19","22","41"
"Kemelbek","20","21","41"
"Kemerlin","22","19","41"
"khasparov","19","22","41"
"kia1986","22","19","41"
"kidcanvas255","21","20","41"
"kidlima","20","21","41"
"King_dasilva","22","19","41"
"kirill1848","21","20","41"
"KirillForever","19","22","41"
"Kisoeu","21","20","41"
"kol335","22","19","41"
"kox77","20","21","41"
"kres97","22","19","41"
"krishk4r","21","20","41"
"KRLV_IVN","20","21","41"
"kruche","20","21","41"
"KulTim","21","20","41"
"KungSan","21","20","41"
"laotzen","22","19","41"
"laplacian00","22","19","41"
"Lapuschess","21","20","41"
"Laremaro","21","20","41"
"LCFC_VARDY","21","20","41"
"leshi1","20","21","41"
"lilfizjnr","21","20","41"
"ljubzzor","21","20","41"
"lop_x51","21","20","41"
"luis_alberto_78","20","21","41"
"Luisitano","21","20","41"
"luisreymundo","19","22","41"
"mad_pawns","22","19","41"
"Magician90","22","19","41"
"Magnatecapo","20","21","41"
"mahour_sm","21","20","41"
"majamota","21","20","41"
"Malek-kusaka2000","22","19","41"
"malkingoesmvp","21","20","41"
"MANCO25","22","19","41"
"manoj22579","20","21","41"
"Mar001","21","20","41"
"mariomunoz","20","21","41"
"marlmanplus","20","21","41"
"MartiLatino","20","21","41"
"MashedSweetPotatoe","19","22","41"
"MasterTshepoHob","20","21","41"
"mate112","20","21","41"
"maximilianlegrand","19","22","41"
"mehrabchess10","20","21","41"
"meisterburger","21","20","41"
"Mel_oy","20","21","41"
"Merwebox","20","21","41"
"messif","21","20","41"
"Middle_East","19","22","41"
"MijailJasset","21","20","41"
"miki_biasion","21","20","41"
"Mikmolathegreat","19","22","41"
"MiloCulper","20","21","41"
"Minch","21","20","41"
"MirthfulLacrimosa","19","22","41"
"misha111228","18","23","41"
"MitkoBg","20","21","41"
"mjaddaes","20","21","41"
"mkd9000","20","21","41"
"mkeshtkaran","20","21","41"
"mkmk123","22","19","41"
"MMFar","21","20","41"
"Mocadelic","20","21","41"
"mody545","19","22","41"
"moermoosener","21","20","41"
"MoezSS","21","20","41"
"Mohammad_Noer","22","19","41"
"Mohammad1355","21","20","41"
"Monaguillo007","21","20","41"
"morenohector","21","20","41"
"morgado1","21","20","41"
"MrIceblock","19","22","41"
"MrKos","19","22","41"
"mschach","19","22","41"
"Mstfalg","20","21","41"
"MuchMitch","19","22","41"
"Muzisyegen","22","19","41"
"mz0","21","20","41"
"nahvoste","21","20","41"
"Nakhleh926","20","21","41"
"Nataliya25","20","21","41"
"NERGIN","21","20","41"
"NeuroSurgeon91","20","21","41"
"new2chass","20","21","41"
"Nick654321","18","23","41"
"nineteenletterslong","20","21","41"
"Njasch","21","20","41"
"nkamalie","21","20","41"
"NoNameFinn","20","21","41"
"noriotrzz","21","20","41"
"Noxotolec","20","21","41"
"nuclear_chessman","21","20","41"
"nuineuch","21","20","41"
"OBAz30","20","21","41"
"Official_Jag","21","20","41"
"ogar","19","22","41"
"ohmukeefir","20","21","41"
"olakaldestad","20","21","41"
"old-horseman","20","21","41"
"OldTimes","20","21","41"
"oleg_scorp","21","20","41"
"OM64","21","20","41"
"omar2289","23","18","41"
"oneouter","20","21","41"
"OpenPrep","18","23","41"
"orange2025","20","21","41"
"Oris76","23","18","41"
"orlandov1","22","19","41"
"osamof1000","21","20","41"
"Oussamabzd","20","21","41"
"ouzumaki_Boruto1986","20","21","41"
"PanzervonBosco","20","21","41"
"papajio1","21","20","41"
"PassoFalso","20","21","41"
"PaulSavich","20","21","41"
"Pedro02","20","21","41"
"pemain","18","23","41"
"PiciAlChianti","20","21","41"
"pirate76","21","20","41"
"pk77","20","21","41"
"playonhandy","20","21","41"
"PoliteLife","22","19","41"
"Powerlebu","20","21","41"
"pp_84","19","22","41"
"Prathmesh810975","20","21","41"
"predator4096","21","20","41"
"PreppoPaard","21","20","41"
"prntss","19","22","41"
"putje66","21","20","41"
"pvg99","19","22","41"
"PW136","21","20","41"
"quetiotu","20","21","41"
"quien-king","20","21","41"
"Qwrts","21","20","41"
"r2ke11","20","21","41"
"RadeRad","20","21","41"
"RAFASIEL","20","21","41"
"ragman_bordeaux","21","20","41"
"RaulMal","22","19","41"
"Ravindra_R_p23","21","20","41"
"readinessFedr","21","20","41"
"RealChessAficionado","21","20","41"
"realehsan2000","21","20","41"
"reinoldchess2021","22","19","41"
"rene87torres","21","20","41"
"Rengrheezu","21","20","41"
"retikulum","20","21","41"
"rodionlatypov","20","21","41"
"rohitacharya1110","21","20","41"
"Roman_Lemark","20","21","41"
"Ronak9498","19","22","41"
"rykmo","21","20","41"
"Rysj","21","20","41"
"rzhantas","21","20","41"
"RZM-64","20","21","41"
"saannkket","21","20","41"
"sabinayallan","20","21","41"
"sahvesultan1907","19","22","41"
"saidmakhmudov","21","20","41"
"saiteja2345","21","20","41"
"SametErem","22","19","41"
"sandyrandwich","20","21","41"
"Santiagueniooo","21","20","41"
"SarbazGhasr","20","21","41"
"scorpioncrix","19","22","41"
"sedaikleM","21","20","41"
"segxy2708","19","22","41"
"seichdachs","20","21","41"
"Sergeichss","22","19","41"
"shaxmatist811","20","21","41"
"sheraboss","21","20","41"
"shimshuo","19","22","41"
"shinelechkaNK","20","21","41"
"Shiro04","20","21","41"
"Shrie_wonogiri","20","21","41"
"shrigis1","20","21","41"
"simppa123","19","22","41"
"Sinovuyo98","20","21","41"
"Skorpio71","21","20","41"
"SkUiCeVmAl","20","21","41"
"sonix","21","20","41"
"SorcererRu","20","21","41"
"sotiris72","20","21","41"
"SovetnikR","20","21","41"
"spinny3","21","20","41"
"SportsFanatic","21","20","41"
"spraggadat","20","21","41"
"srikantisjoshi","22","19","41"
"sswwiimm","20","21","41"
"Stalin_Thalapathy","21","20","41"
"Starboyq","20","21","41"
"stazy2","19","22","41"
"SteeCatsy","21","20","41"
"strummingmusic","21","20","41"
"Subratamaji9800","22","19","41"
"Suponin","21","20","41"
"Swiitch","20","21","41"
"swsdsdfwwerwe","21","20","41"
"Syadin","22","19","41"
"szkielet89","22","19","41"
"szyszytek","20","21","41"
"tal2013","20","21","41"
"TalMoro","20","21","41"
"tbianchi","20","21","41"
"tentos","21","20","41"
"The_Pretty_right","21","20","41"
"TheBorgonFrog","20","21","41"
"thecake666","21","20","41"
"thegovernor44","21","20","41"
"TheGreatZe","21","20","41"
"TheRocket1","22","19","41"
"theseventhjingleman","19","22","41"
"TheVashterror","22","19","41"
"ThijsJans","20","21","41"
"thong9678","21","20","41"
"thor22222","19","22","41"
"ThreeTwoOneMATE","19","22","41"
"Tiger9090","19","22","41"
"Timberg_Avicii","20","21","41"
"TitoKationi","19","22","41"
"tmnda7","19","22","41"
"tobr02b","21","20","41"
"tokiokioto","20","21","41"
"Tolya812","20","21","41"
"TommySY","19","22","41"
"ToniSureste","20","21","41"
"tosan181","19","22","41"
"trachuk2007","21","20","41"
"Treborn","20","21","41"
"Tsovnoog","21","20","41"
"TT85","21","20","41"
"Tumanidze","21","20","41"
"turdar","20","21","41"
"txudzy","20","21","41"
"Ucr666","19","22","41"
"ugolifoscolo","20","21","41"
"umutless197","18","23","41"
"uriho","20","21","41"
"VadimUstinov","21","20","41"
"vanmys65","20","21","41"
"vanyapel","24","17","41"
"Vapeev1992","20","21","41"
"Veecent","20","21","41"
"Vessvelljenzis","21","20","41"
"VG5000","20","21","41"
"Victor_BRA","21","20","41"
"VMalay","20","21","41"
"VOD101","20","21","41"
"volkanizmaaa","20","21","41"
"voorhees_chess","22","19","41"
"Vorbinurium","21","20","41"
"vortega","20","21","41"
"warp-back-spin","20","21","41"
"WGtaria","21","20","41"
"whitehorsejenura","17","24","41"
"Wiktorius","22","19","41"
"WinterBlue9","20","21","41"
"wyczszeszcz","20","21","41"
"XXXshirifXXX","19","22","41"
"Xyvbun","19","22","41"
"Yacineh19","20","21","41"
"Yannikhnx","21","20","41"
"Yasieinin","18","23","41"
"Ygdra444","21","20","41"
"yheiy","19","22","41"
"YoandisEscobar","20","21","41"
"yogeshmagar","20","21","41"
"yosmagnus","21","20","41"
"ypawn9","20","21","41"
"yunusman","20","21","41"
"z-i","20","21","41"
"zex535","20","21","41"
"zt220780_99","21","20","41"
"zugzwang_1980","21","20","41"
"_GAEL_","21","19","40"
"A_cceleratoR","19","21","40"
"abbas_moradi_ama","20","20","40"
"Ace111","21","19","40"
"ACEssassin","20","20","40"
"Achernhms","20","20","40"
"AcumenChessAcademy","20","20","40"
"AhmadShaddeli","22","18","40"
"akcesoria","19","21","40"
"AkshaiM310","20","20","40"
"Alaks","21","19","40"
"Alapinho","21","19","40"
"Alashka-kakashka","19","21","40"
"AlekseiNarva","20","20","40"
"Alex_7686","19","21","40"
"Alex11954","21","19","40"
"alex29011990","19","21","40"
"Alexandrowitsch","20","20","40"
"Alexis_Jaramillo","21","19","40"
"Ali_142","19","21","40"
"ALI_MUNDZIR","21","19","40"
"aliexo","19","21","40"
"AlmondFighter","19","21","40"
"AlOlMich","19","21","40"
"Alovandy","21","19","40"
"Altun_Liverpool","21","19","40"
"amorfatiamorfati","20","20","40"
"andezz","20","20","40"
"andrey_kos","20","20","40"
"anirbannag3","22","18","40"
"ankken","20","20","40"
"ApiaryWindow","22","18","40"
"ArgeoGerunda271986","21","19","40"
"Armt","18","22","40"
"arnanan","20","20","40"
"arteks71","20","20","40"
"arthurgomes","21","19","40"
"asa_rs","20","20","40"
"Ash1219rith","20","20","40"
"asheraalc","21","19","40"
"ashisharma1183","21","19","40"
"asiamala","20","20","40"
"askew99","21","19","40"
"AT_ThaFool","19","21","40"
"atisy","19","21","40"
"Atriu","20","20","40"
"avenaenojuelas","18","22","40"
"avner-perry","20","20","40"
"b1ackdiamond","19","21","40"
"Babazor1","20","20","40"
"BahleM","22","18","40"
"baltasar_123","20","20","40"
"Barida","23","17","40"
"bbb79","21","19","40"
"belloj88","20","20","40"
"Benoni597","21","19","40"
"berburu_ubur_ubur","22","18","40"
"bincs","20","20","40"
"bizarreomar","18","22","40"
"blindfoldcheese","20","20","40"
"Boobie69","19","21","40"
"Braintje","20","20","40"
"BrankoElbet","20","20","40"
"BrianGm","20","20","40"
"Broiler","19","21","40"
"Brutalpunisher007","20","20","40"
"bubinescu","20","20","40"
"buratino-chipollino","21","19","40"
"camlu","21","19","40"
"caniboy","20","20","40"
"carl19833","20","20","40"
"carlgira","19","21","40"
"cassiopeia10","21","19","40"
"castrodiaz","21","19","40"
"cecilia_villanueva68","21","19","40"
"Cerebri","19","21","40"
"chandankumarbn","18","22","40"
"Chaotic4","20","20","40"
"chessGod1982","20","20","40"
"chessgooon","19","21","40"
"chessliker1","20","20","40"
"chessrig","20","20","40"
"Chetwan","18","22","40"
"Chris_Dixon","19","21","40"
"chuh1","20","20","40"
"comgang","19","21","40"
"Conipherrum","19","21","40"
"craigmcox","20","20","40"
"D_Kings","20","20","40"
"DAMENFRESSER","20","20","40"
"Daniel_Couto","19","21","40"
"Darkith","19","21","40"
"Darknight26","20","20","40"
"dastuzz","21","19","40"
"David_ab","21","19","40"
"DavidOr2899","22","18","40"
"davtioChess","21","19","40"
"dbrehm","21","19","40"
"Dejvux","22","18","40"
"dendilesmana","20","20","40"
"Der__Professor","21","19","40"
"Dessauer","20","20","40"
"Dimasrestu","20","20","40"
"dimitri1106","20","20","40"
"Dinosaur_74","20","20","40"
"Djanno","19","21","40"
"dnkefua","20","20","40"
"Dolana","20","20","40"
"Domovoi_18","35","5","40"
"Doston_Mahmudov","20","20","40"
"dr_davidchess1","20","20","40"
"Dragio","19","21","40"
"Duas_Caras","20","20","40"
"E-N_I_G_M_A","20","20","40"
"e5egoe5","21","19","40"
"earth_man30","19","21","40"
"ebrahim_aghanejadd","21","19","40"
"ecnebsopis","21","19","40"
"EduardoNYC","20","20","40"
"eenrandommens","19","21","40"
"EinHellesBitte","21","19","40"
"EL_VIEJO_SNARF","18","22","40"
"Elaprendice","20","20","40"
"ElBarto314","20","20","40"
"ELENSKI","20","20","40"
"elhachemirebai","20","20","40"
"EliphelehZim1","19","21","40"
"Elli2020","20","20","40"
"ElProfeDj","20","20","40"
"Endgame35","20","20","40"
"enot227","21","19","40"
"EReg","21","19","40"
"ergya1991","19","21","40"
"Esott","21","19","40"
"estebanrr","21","19","40"
"everconqueror","20","20","40"
"eyeofthetiger23","19","21","40"
"Eyyup82","18","22","40"
"Faisalamanzai","21","19","40"
"Fearghal97","21","19","40"
"FeloyD","20","20","40"
"Fettyarch","19","21","40"
"fizz997","21","19","40"
"Flash-Kick7","19","21","40"
"Fractalus","19","21","40"
"frankyz","19","21","40"
"Froh","19","21","40"
"furkanozygtt","21","19","40"
"gamalak12345","19","21","40"
"Garibaldi42","19","21","40"
"Gas_7","20","20","40"
"GD4444","20","20","40"
"GiantPanda_de","20","20","40"
"giovanni68","19","21","40"
"Givi97","22","18","40"
"gjn247","21","19","40"
"glegat","19","21","40"
"GloryTo","23","17","40"
"go_chenk","20","20","40"
"GonzaloIbarra","20","20","40"
"GrandMasterThinker","21","19","40"
"Grebetz","20","20","40"
"Guerrero_CHANKA_1977","20","20","40"
"Gurtej23","21","19","40"
"GustavusAdolphus2","21","19","40"
"Habibi_08","20","20","40"
"Hadi_st67","21","19","40"
"Hairsyy","19","21","40"
"hammod100","21","19","40"
"hanjazsop","21","19","40"
"hasaka_chess","21","19","40"
"Hasan_GS","20","20","40"
"havas3000","21","19","40"
"heresjohnny92","21","19","40"
"hhphucchess","21","19","40"
"hidebrush","20","20","40"
"hnbs","20","20","40"
"hoanglegiabao0901","21","19","40"
"hodulashemkitov","19","21","40"
"HugoTwo","21","19","40"
"humble_guru","20","20","40"
"hvb4711","19","21","40"
"i_use_winxp_btw","20","20","40"
"igoromar","19","21","40"
"iman112","22","18","40"
"Impass","19","21","40"
"inemuri","20","20","40"
"Inu33super","20","20","40"
"INVERNALIA","21","19","40"
"iPhone8Plus","18","22","40"
"IRTVERA","20","20","40"
"Is1","20","20","40"
"iskobar777","22","18","40"
"Israel016","20","20","40"
"israel1994","20","20","40"
"itachiyager","21","19","40"
"Ivan_Ermakov","20","20","40"
"ivano20000","21","19","40"
"IvanTL","18","22","40"
"Iwonakitka","27","13","40"
"izzitheking","20","20","40"
"J88","20","20","40"
"JafarBaku","21","19","40"
"jajhp","20","20","40"
"janeel","19","21","40"
"JanEgel","19","21","40"
"JavierAlbertoChess","18","22","40"
"JawaNgapak","18","22","40"
"Jazzypants","19","21","40"
"Jeboux","20","20","40"
"jef808","19","21","40"
"JeyCanev25","21","19","40"
"Jhayem07","20","20","40"
"jheferson-1","21","19","40"
"JHMT02","20","20","40"
"Jimm_de_Griz","20","20","40"
"John_Kozlov","19","21","40"
"Jschess1","20","20","40"
"juanmgz","19","21","40"
"juliandmf","20","20","40"
"justgky","20","20","40"
"jy-loup","20","20","40"
"Kapik1337","21","19","40"
"Karandasch","19","21","40"
"kardia16","20","20","40"
"karpasov000","20","20","40"
"Keldavice","21","19","40"
"KenMasamayor","22","18","40"
"Kevinaz0","19","21","40"
"khodadad1401","19","21","40"
"Kili68pl","21","19","40"
"kimjongkook1","20","20","40"
"kinesthetic","19","21","40"
"KingD_97","20","20","40"
"kings_assassin42","21","19","40"
"kiratknight","19","21","40"
"Kittenwithalantern","20","20","40"
"knightgloves","19","21","40"
"knightzking1","21","19","40"
"KolesnikAV","20","20","40"
"KonstantinS008","20","20","40"
"krakrakra","19","21","40"
"krishna_kk","20","20","40"
"ksrky","19","21","40"
"Latinoguedes","21","19","40"
"Lavanshsingh","20","20","40"
"lcnxv2021","20","20","40"
"lelouchvibritania34","21","19","40"
"Leonowade","21","19","40"
"limterran","20","20","40"
"linilly","20","20","40"
"lobotomizedpawn","20","20","40"
"LockdownPer","20","20","40"
"m_koshkin","20","20","40"
"M-Taha-3000","20","20","40"
"Maanit","20","20","40"
"maccyber","19","21","40"
"madensale1","20","20","40"
"Madnesss","20","20","40"
"MagaJaguaretama","21","19","40"
"Magnus_Hoplatan","19","21","40"
"Mahaon78","18","22","40"
"MahdiRasuli","21","19","40"
"Maick77","19","21","40"
"Majidhajebi","18","22","40"
"mal20729","19","21","40"
"malaikat_gibril","20","20","40"
"mannetchess","19","21","40"
"Mansour_1343","21","19","40"
"Mar1an23","18","22","40"
"marchess80","20","20","40"
"marcos_campot","20","20","40"
"marlonromano","21","19","40"
"marvinacenas","20","20","40"
"MaryAgg","18","22","40"
"Master_Andi","19","21","40"
"master_yildiz","19","21","40"
"mattin7","21","19","40"
"matymanyog","20","20","40"
"Maxinator235","21","19","40"
"MayNineThousandSix","21","19","40"
"Mcontrolchess","21","19","40"
"Mega_Pone","20","20","40"
"Memeaccount","19","21","40"
"MerrickS","22","18","40"
"Mfalme1","20","20","40"
"MGWPacman","21","19","40"
"Mhazim2020","20","20","40"
"mikezm","19","21","40"
"miladsaadatnia","20","20","40"
"Mirka_Chess_2011","21","19","40"
"mismotor","20","20","40"
"MizginBae","20","20","40"
"Mjay93","21","19","40"
"mmmpi91","22","18","40"
"MMokadmy","19","21","40"
"Mohamed_Bashandy","20","20","40"
"mohamed13187","18","22","40"
"MongericChancy","20","20","40"
"moradi-1355","22","18","40"
"MRG0DA","18","22","40"
"MussSinn","20","20","40"
"Nail007123","19","21","40"
"namhaidorj","20","20","40"
"Nasser711","19","21","40"
"nayyer","20","20","40"
"negeLuchy","20","20","40"
"Nhacula","21","19","40"
"nikolass97","21","19","40"
"NilNil1B","19","21","40"
"NinjaSD","20","20","40"
"Nk025","21","19","40"
"NominoLord","21","19","40"
"noobindianplayer","21","19","40"
"NOtrapguy","18","22","40"
"Nova312","21","19","40"
"Novaraga","21","19","40"
"novv","19","21","40"
"num1nous","20","20","40"
"OceanStyle","19","21","40"
"ohcomeon","20","20","40"
"oke_oke","20","20","40"
"omdasou","20","20","40"
"oneisone","20","20","40"
"OrxanZiya","20","20","40"
"ous224","20","20","40"
"ozturkkulur","20","20","40"
"pabloin","20","20","40"
"pachoposada","20","20","40"
"Panzkie_2080","19","21","40"
"parasu85","19","21","40"
"patrickAGAIN","21","19","40"
"Pavell1113","19","21","40"
"pawncito","20","20","40"
"PawnCollection","20","20","40"
"Pedrosa104","21","19","40"
"Penguing1m1","19","21","40"
"penyedia_bibit_bayi","19","21","40"
"Perrazooo","20","20","40"
"PetiteTadpole","21","19","40"
"Petkrs","19","21","40"
"Petr_23111952","18","22","40"
"PetrPavl","20","20","40"
"peymantabriz","20","20","40"
"Phil_muc","21","19","40"
"PhoenixEnvy69","21","19","40"
"pikey7777777","19","21","40"
"piotrwiecek","19","21","40"
"PIPWNHS","21","19","40"
"Piririiriri","22","18","40"
"pirith","21","19","40"
"Pletrane","20","20","40"
"Pleurotus","21","19","40"
"pnarayan26","21","19","40"
"pohlheimer","19","21","40"
"Popaj99","21","19","40"
"Popoyorg0pouloss","21","19","40"
"Prakhar1","19","21","40"
"Prennick","20","20","40"
"PrettyBoyRoy","20","20","40"
"psalmanazar","22","18","40"
"pschessroom","20","20","40"
"Puchok_Pauchok","20","20","40"
"pulao","20","20","40"
"Quasar45","20","20","40"
"Quebz","19","21","40"
"quietbob","21","19","40"
"rafaelpazl","19","21","40"
"rafavalero","19","21","40"
"Rahul_2511","18","22","40"
"rajabimammad","19","21","40"
"rames02","19","21","40"
"randomelance","20","20","40"
"Raphalus1984","19","21","40"
"RatingTaker","21","19","40"
"ravikiranshelly","19","21","40"
"rbuser14","20","20","40"
"rezafalahatgar","20","20","40"
"Rinkame","21","19","40"
"riss1010","21","19","40"
"RMFrayBentos","20","20","40"
"rnalswo12","19","21","40"
"rocknoll27","20","20","40"
"Ronchon","18","22","40"
"Rotete","20","20","40"
"Ruel_Valenzuela","19","21","40"
"rura1969","21","19","40"
"sa1ama","21","19","40"
"sablaa","19","21","40"
"saeid27","22","18","40"
"saidzoghi","19","21","40"
"sailor64","20","20","40"
"sajadkh1991","20","20","40"
"Salah01","20","20","40"
"salman1037","20","20","40"
"samchu","19","21","40"
"sanbenito27","21","19","40"
"Sanxbot","20","20","40"
"Sarath00007","21","19","40"
"sarpalgan","20","20","40"
"schrift","20","20","40"
"Schulzilla","19","21","40"
"sea_form","21","19","40"
"SergeyEvgrafov","20","20","40"
"shhhs1188","20","20","40"
"shmy61","21","19","40"
"shubham_kr","21","19","40"
"Shubhamchess18","21","19","40"
"Simsond","20","20","40"
"sjc88","20","20","40"
"Slyomatz","21","19","40"
"Smartchamp_123","20","20","40"
"snoopa","19","21","40"
"srmes","21","19","40"
"ss97","19","21","40"
"Ssr2003","20","20","40"
"stallion17","22","18","40"
"stanleypap","20","20","40"
"starrplayer","21","19","40"
"stativus","20","20","40"
"sugs473","20","20","40"
"sunil-sharma","21","19","40"
"SunRaaa","20","20","40"
"surajvns","20","20","40"
"SureshbabuB2022","19","21","40"
"Surus2","20","20","40"
"SuryaGutama","20","20","40"
"svenson_de","19","21","40"
"Swimss1","19","21","40"
"szaw","20","20","40"
"TahaYassien","19","21","40"
"TahSatranc","18","22","40"
"takoe_cap","20","20","40"
"TamrGaming","21","19","40"
"Tanrish","20","20","40"
"TargetPorshe","22","18","40"
"Tartarians","21","19","40"
"Tennisboy-2","20","20","40"
"TePart0","22","18","40"
"Tf4Fernando","21","19","40"
"The_conquistador","20","20","40"
"the800kid","20","20","40"
"TheMaidenless31","19","21","40"
"ThePurplePawn","20","20","40"
"thethirdone","20","20","40"
"thinghhorses","19","21","40"
"toeffel77","20","20","40"
"Tokepinangulim","20","20","40"
"Tomchik","20","20","40"
"TPmom","23","17","40"
"tridentofposeidon","20","20","40"
"trstoker","20","20","40"
"TRTSY","21","19","40"
"udugeligejones","21","19","40"
"uh_Oh_stinky_d4_kd2","21","19","40"
"unleashthebish","21","19","40"
"UntilTheEnd1992","20","20","40"
"Uralinho","20","20","40"
"UWend","19","21","40"
"Vedmack","20","20","40"
"Vetsalamsyria","20","20","40"
"Vizantman","20","20","40"
"Vlad123467890","20","20","40"
"Vladislav_Paradin","21","19","40"
"VMcL","20","20","40"
"Volram346","21","19","40"
"Vsevolodtarasenko","20","20","40"
"way-truth-life","21","19","40"
"wildwindrider","22","18","40"
"WT2009","21","19","40"
"xXMoHaXx","20","20","40"
"Yannis20061508","22","18","40"
"yavuzturker","20","20","40"
"yellowrys","21","19","40"
"yfsanad","20","20","40"
"ZakaB","21","19","40"
"zakria00","20","20","40"
"zamorano123","18","22","40"
"zemlyanykh","20","20","40"
"zm-de","19","21","40"
"Zxclnic","22","18","40"
"a_molaei","20","19","39"
"a3353446","18","21","39"
"abacus123","19","20","39"
"abbeatledhq","20","19","39"
"AboAsim123","19","20","39"
"aboazez481","20","19","39"
"AbracadabraZugzwang","20","19","39"
"Abuelhassan","19","20","39"
"abutoto","20","19","39"
"accipiterj1","19","20","39"
"Adams78","18","21","39"
"adelenyan","21","18","39"
"Adityasingh7888","19","20","39"
"Adlerjunge","19","20","39"
"Adriel25","19","20","39"
"adrift69","19","20","39"
"Affettuoso","19","20","39"
"AFisher86","19","20","39"
"ahmadalfraa","20","19","39"
"AhmedSaba","21","18","39"
"ahmedturkk","19","20","39"
"Ahmetgali","19","20","39"
"AJ_Beaulieu","19","20","39"
"Akom","18","21","39"
"Akonkof8","18","21","39"
"alecazaam","19","20","39"
"alex96rr","17","22","39"
"alexander1990","19","20","39"
"alexanderavila","19","20","39"
"ALEXOUILI","16","23","39"
"Alexryh","20","19","39"
"alfaBETkiller","18","21","39"
"aliabadi46","20","19","39"
"alikhalili","20","19","39"
"Alleks1000","20","19","39"
"allofher","19","20","39"
"alst777","20","19","39"
"Alsumayin","19","20","39"
"An0uar","20","19","39"
"Ananthjp","20","19","39"
"AnatoliyKutukov","20","19","39"
"anatosic","20","19","39"
"ANDERSP21","21","18","39"
"ankio","19","20","39"
"Anti-Duhring","20","19","39"
"AntonyHall","20","19","39"
"Anuj_Upreti","19","20","39"
"Anwgeianos","19","20","39"
"Arodiko","21","18","39"
"ArtMirg","20","19","39"
"AsiEsKeSeJJode","20","19","39"
"AslanMidiev","18","21","39"
"ASR1957","19","20","39"
"ASTAR777","20","19","39"
"AstroRover","19","20","39"
"atahanbaba01","20","19","39"
"attiscafe","20","19","39"
"AytncAydn","20","19","39"
"Azizbek121212","19","20","39"
"aZr01","20","19","39"
"azrielcpm","20","19","39"
"bachchukwt","20","19","39"
"Bad_Om3n","20","19","39"
"BalabanTatar","20","19","39"
"balatero","20","19","39"
"batterysmith","19","20","39"
"Bchamateur0","19","20","39"
"BerenHijoDeBarahir","19","20","39"
"Berganski","20","19","39"
"berto777","20","19","39"
"betoxavier","20","19","39"
"betta1981","19","20","39"
"BigToolForYou","20","19","39"
"bijoy_rs","19","20","39"
"bilbokalema","20","19","39"
"BishopxKnightf3","19","20","39"
"blackburne99","20","19","39"
"bluepaper","19","20","39"
"boomerx53","20","19","39"
"Borchmann812","20","19","39"
"Boyechko_O","20","19","39"
"Brahman_28","19","20","39"
"BTS24","19","20","39"
"buarle","20","19","39"
"bulut1010","19","20","39"
"burhan4it","19","20","39"
"buy-btc","20","19","39"
"Buyinga","19","20","39"
"bw2000","18","21","39"
"bysns","18","21","39"
"C2thaZMaster","18","21","39"
"Cachabacha","20","19","39"
"Calvin_Bot","20","19","39"
"CAPLEVI","20","19","39"
"carakura","20","19","39"
"catlaw","22","17","39"
"caujaksamas","20","19","39"
"Cem_Colak","19","20","39"
"ceyhun200","19","20","39"
"ch_shoukthiksai","19","20","39"
"Cheakmate_1984","21","18","39"
"chess_player68","20","19","39"
"chessmistake","19","20","39"
"Chinara3","19","20","39"
"Chipokaps1","19","20","39"
"Christian_Louboutin","20","19","39"
"Chusmachusmachusma","20","19","39"
"Coa20","20","19","39"
"CodeSlicer","22","17","39"
"conchesss","18","21","39"
"Conquerorr39","20","19","39"
"conside","19","20","39"
"CoordoPhilll","20","19","39"
"Cresrowed","18","21","39"
"CyberSpace_xd","18","21","39"
"D1_Gamic","20","19","39"
"DAA","19","20","39"
"DaijovouSaikyoDakara","20","19","39"
"damarevolution","20","19","39"
"Damienjo","19","20","39"
"danielseer7","20","19","39"
"Daniil54rrr","21","18","39"
"danirrope","19","20","39"
"DanishSoup","20","19","39"
"danmarkanton","20","19","39"
"dannyking31","20","19","39"
"Dark_MACH12","20","19","39"
"dassag","20","19","39"
"dastoinad","20","19","39"
"Dattu25","21","18","39"
"DawsonRicardo","19","20","39"
"Dayvilbit2000","18","21","39"
"dcgomez","19","20","39"
"ddxem45","20","19","39"
"December23NextTime","20","19","39"
"deepak20002","19","20","39"
"delle07","20","19","39"
"DeMitrii","18","21","39"
"der_bruno","20","19","39"
"Dhanju028","19","20","39"
"Dhyani2023","19","20","39"
"Diegochess79","20","19","39"
"Dineogm","17","22","39"
"DinoBenji","20","19","39"
"dip_nice","19","20","39"
"Distimi","19","20","39"
"divebydream","19","20","39"
"Djagatai","18","21","39"
"DJSchabernack","19","20","39"
"domi_zg","21","18","39"
"Donatdoni","19","20","39"
"doosra","20","19","39"
"draude85","17","22","39"
"DreadMaroon","18","21","39"
"DrWillmore","19","20","39"
"DT_Eternity","18","21","39"
"E4Xtreme","19","20","39"
"ecenteno86","21","18","39"
"echishanu","19","20","39"
"econsila","19","20","39"
"efimka114","22","17","39"
"Ekor_CSS","19","20","39"
"ekorgan","20","19","39"
"elotronick","20","19","39"
"eng-deeqsi","20","19","39"
"Engin1982","20","19","39"
"erindius24","21","18","39"
"Eritreios","20","19","39"
"etomas","19","20","39"
"evgeny_firdmN","20","19","39"
"Evgvarn","19","20","39"
"ex-chess","20","19","39"
"facu18-08","19","20","39"
"facu93","20","19","39"
"FanFlisca","20","19","39"
"farshidrahemi","24","15","39"
"Farzadhematii","19","20","39"
"Fengshan","20","19","39"
"FerMaoT","20","19","39"
"Fernando35","19","20","39"
"fiilii","19","20","39"
"first4ever","20","19","39"
"flarum89","22","17","39"
"flojosurferboy","19","20","39"
"forfight","21","18","39"
"forGLory2020","20","19","39"
"fr77127","19","20","39"
"Freddy_jimenez","19","20","39"
"fReDeRicK_RivEra","19","20","39"
"FreePalestine23oct7","19","20","39"
"frestaylowakamakadan","20","19","39"
"FrGut","19","20","39"
"froehlich","22","17","39"
"gabriel40","20","19","39"
"GarraCremaa","18","21","39"
"GARRIELMISIL","19","20","39"
"gasherbroom","20","19","39"
"GERAR22","20","19","39"
"gespe7","19","20","39"
"GGG20000002","20","19","39"
"Ghpoth","21","18","39"
"glanzmannr","19","20","39"
"Glowie","20","19","39"
"Gobirds","21","18","39"
"gooliz","21","18","39"
"GPB84","19","20","39"
"Graciemagic","17","22","39"
"GrafKV","19","20","39"
"grcnatay","19","20","39"
"GSVerm","20","19","39"
"guilletekkie","19","20","39"
"H12H12","20","19","39"
"hamidnoori55","20","19","39"
"Helobek_G","20","19","39"
"HENGKI89","19","20","39"
"henribou","19","20","39"
"hjashtkjashjkahk","19","20","39"
"holimyte","19","20","39"
"hoodman21","20","19","39"
"hovsam2010","20","19","39"
"hsm91","20","19","39"
"HumanZero","19","20","39"
"icaro7777","20","19","39"
"Igoryasha76","18","21","39"
"igorze","19","20","39"
"iigor7","20","19","39"
"ikako777","20","19","39"
"Iloveu777","20","19","39"
"indianfighter97","19","20","39"
"iuchessm","19","20","39"
"Izkyr","20","19","39"
"jaywelz","20","19","39"
"jcrock1","19","20","39"
"JesusDFR","19","20","39"
"jj_alfaro","18","21","39"
"JNM88","20","19","39"
"joaquin81","18","21","39"
"jocard99","21","18","39"
"JordanRieger","19","20","39"
"joshuarizzi","19","20","39"
"jrcll73","19","20","39"
"Juanchosol","21","18","39"
"JuaPai","21","18","39"
"k572","20","19","39"
"kadumnuyi","20","19","39"
"kakierzko","20","19","39"
"Kaptan_Ahab","19","20","39"
"kari-a","18","21","39"
"karim2211","20","19","39"
"kashikrunch","19","20","39"
"kcmykel","19","20","39"
"kenevans","23","16","39"
"KenSanDiego","21","18","39"
"Ketejaco","19","20","39"
"kevinvanveiglson","19","20","39"
"Keyifci","19","20","39"
"kiranjit23-24","20","19","39"
"KirkPhillip","18","21","39"
"kishanpattni","19","20","39"
"kivi_m","20","19","39"
"konjnj","19","20","39"
"KoopaLoveTOAST","21","18","39"
"Kostya_Dzya","19","20","39"
"krca88","19","20","39"
"kueschi","20","19","39"
"KuriaKin","20","19","39"
"Kurppakiivi","19","20","39"
"kypbep71","20","19","39"
"last_mugshot","19","20","39"
"leanzeSss","20","19","39"
"Lee_TanCos","19","20","39"
"LeFinisseur","19","20","39"
"lefiozard","20","19","39"
"LegendaryJ","19","20","39"
"Leif2020","20","19","39"
"lenwizz","20","19","39"
"Leo_Weinreb","18","21","39"
"leotran102","20","19","39"
"Lerot76","19","20","39"
"Leser33","21","18","39"
"Levi_ackreman96","20","19","39"
"LLlapoBuK","21","18","39"
"loggerhead01","20","19","39"
"looovaS11","19","20","39"
"LorenzoDavid","21","18","39"
"lovetrumo","20","19","39"
"Luk00","20","19","39"
"Lukas_Karlik","19","20","39"
"m13rewer","20","19","39"
"Madrok","20","19","39"
"maggiorana","20","19","39"
"Maksim1","21","18","39"
"mamed110","19","20","39"
"maneetchhabria","18","21","39"
"MANOS69","20","19","39"
"ManyakBirAsi","20","19","39"
"Marconi77","20","19","39"
"marcosloureiro","19","20","39"
"Mari63","18","21","39"
"Marvsg","21","18","39"
"Matassa2016","20","19","39"
"MateoBarrientosus","21","18","39"
"MathWest","20","19","39"
"Matt-rick","21","18","39"
"mattibooom","19","20","39"
"maxirevsky","20","19","39"
"maxmag_change","20","19","39"
"mcgi2018","19","20","39"
"Mehmet102627","20","19","39"
"Messaoudielhadi","18","21","39"
"mfariedd","20","19","39"
"mgr909","19","20","39"
"mhamad","18","21","39"
"MichaelMalco73","20","19","39"
"Mikeinmich","19","20","39"
"Mikhail_tal1","19","20","39"
"moisessantos007","19","20","39"
"Moox","19","20","39"
"morphyzmm","20","19","39"
"Mosotho1","20","19","39"
"movefaster","19","20","39"
"mr_mohanta_2008","18","21","39"
"MrEyre","20","19","39"
"ms_69","20","19","39"
"mudillionaire","19","20","39"
"mulldani","19","20","39"
"muradik85","20","19","39"
"MvJK","19","20","39"
"n_essa","19","20","39"
"nagape","20","19","39"
"naikbhavik_9-11","19","20","39"
"Naomi-chessgirl","18","21","39"
"Napoleon-gone-wrong","23","16","39"
"NapoleonofChess2","20","19","39"
"neeqta","20","19","39"
"Nervous-player","18","21","39"
"ngotrantronghieu","19","20","39"
"nikign88","19","20","39"
"nmagko6","21","18","39"
"NoliN","22","17","39"
"Noname1980","19","20","39"
"norrif","17","22","39"
"novinovigod23","20","19","39"
"nut2","21","18","39"
"obaid1982","20","19","39"
"ObinnaEmmanuel","19","20","39"
"Onisie","21","18","39"
"orest75","20","19","39"
"P_O_R_I_Y_A","20","19","39"
"P00tyL","19","20","39"
"P450","18","21","39"
"padrepio00","19","20","39"
"pamegrilla","19","20","39"
"pankajsingh8","19","20","39"
"Parsa_Shariifi","20","19","39"
"parwizQaderi","20","19","39"
"Paul-tasiaux","21","18","39"
"pauls2017","21","18","39"
"Peacemyfriend","20","19","39"
"peaceout7","19","20","39"
"pedide","19","20","39"
"Pendekar_Crbn_CSS","19","20","39"
"petros_ni","21","18","39"
"petrusm90","19","20","39"
"pillsbury1","20","19","39"
"pirlo21pirlo21","17","22","39"
"Playerx777","20","19","39"
"plusz","18","21","39"
"Power_tom","19","20","39"
"praboop","18","21","39"
"Prince_chris","19","20","39"
"psnsxir","20","19","39"
"Pure-in-heart","19","20","39"
"PurnPum","20","19","39"
"purplechess64","20","19","39"
"pylse72","20","19","39"
"Pz1975","19","20","39"
"qeen2000","17","22","39"
"qp_lek","20","19","39"
"QueenSacForPawn","22","17","39"
"Quick_91","20","19","39"
"r3signplz","20","19","39"
"RadiantLee","19","20","39"
"raduu","18","21","39"
"Raju7863","20","19","39"
"rakeshgarg","20","19","39"
"ramblewood","18","21","39"
"Ramos_Alexandre","19","20","39"
"randimatrix","18","21","39"
"Red_Zerg","20","19","39"
"reenieshah","19","20","39"
"rendellpanes28","20","19","39"
"RevinatorCanada","20","19","39"
"REYESJMN","18","21","39"
"Richelephant","18","21","39"
"Roberto_Maduro","19","20","39"
"Robles-Jonas-Vitruve","20","19","39"
"Rocko2311","19","20","39"
"rolzone","20","19","39"
"Roman197788","21","18","39"
"roubaix2016","19","20","39"
"Sadullah28","18","21","39"
"Saffari","19","20","39"
"Sagarkshaju","19","20","39"
"saketh99","19","20","39"
"SALAH989","20","19","39"
"Samir_02","19","20","39"
"Samoan_Stealth","19","20","39"
"Santiagok","20","19","39"
"SantoshPokhrel8","20","19","39"
"sara36614","19","20","39"
"SausageAndBeanMelt","18","21","39"
"schachtier2020","20","19","39"
"SchlafenSchlafen","19","20","39"
"ScipioII","20","19","39"
"scramfeather","19","20","39"
"SeaPawn","18","21","39"
"SerToby","19","20","39"
"Shahmatniikoril","20","19","39"
"Sherifallam","20","19","39"
"shivkalia","19","20","39"
"Shoogle","19","20","39"
"Shqiptari84","19","20","39"
"simplesk2","20","19","39"
"sinanalim","20","19","39"
"sinclayi","20","19","39"
"Siphosakhe","19","20","39"
"Sipulchess","20","19","39"
"Skipotn","18","21","39"
"SluggardBark444","20","19","39"
"slymnkaraca77","21","18","39"
"snatch3","20","19","39"
"snub2020","20","19","39"
"sokolinyiglas","19","20","39"
"speedrun63","20","19","39"
"srini1115","21","18","39"
"Stein7942","20","19","39"
"Stenio-Lima","20","19","39"
"StephenKintanar","19","20","39"
"stick_sean","19","20","39"
"sugarglider83","20","19","39"
"suitsuithehe","20","19","39"
"sultan76chess","20","19","39"
"SuperfluousBishops","20","19","39"
"SurenGesyan","20","19","39"
"TalvTerji","20","19","39"
"tangueros","18","21","39"
"Tanmatongo","20","19","39"
"taraneh04","19","20","39"
"tayfunkurt","21","18","39"
"teardrop-fadeaway","21","18","39"
"teflondonUnleashed","20","19","39"
"The_King_of_Losers","19","20","39"
"TheMagBumper","21","18","39"
"therealsank","19","20","39"
"TheRuler_Singh","20","19","39"
"TheSchachspieler","20","19","39"
"Thulina","18","21","39"
"thunderboy","20","19","39"
"tijlv","20","19","39"
"Tino08","22","17","39"
"Tiringindi","18","21","39"
"TranceTPT7","19","20","39"
"Truva1915","18","21","39"
"TusharJamwal","19","20","39"
"Tuteishyj","20","19","39"
"Two_Trees","19","20","39"
"tytoshka","21","18","39"
"Uneaaarthly","18","21","39"
"usenbolt","18","21","39"
"VadimirUlaov","21","18","39"
"valentin7064","19","20","39"
"varunv92","19","20","39"
"venyquijano","18","21","39"
"vforjoker","19","20","39"
"VictorUG","19","20","39"
"viktorvera","18","21","39"
"Virgil77","19","20","39"
"Vladimir8923","19","20","39"
"Volodymyr007","19","20","39"
"vtechadam","19","20","39"
"VVeeti104","18","21","39"
"WalterFire","21","18","39"
"WARGIS_LTW","19","20","39"
"wesleysnipes1","20","19","39"
"White0953","19","20","39"
"whobertoos","20","19","39"
"Willi_Lin","20","19","39"
"WintersAngel","19","20","39"
"WookieePlayingChess","20","19","39"
"working_on_something","18","21","39"
"ws61","20","19","39"
"xabierarrillaga","20","19","39"
"xadrezdapraia2","20","19","39"
"xelus","19","20","39"
"xsz","19","20","39"
"yedaelstepak","18","21","39"
"yey1","20","19","39"
"Yogamanigandaprabhu","18","21","39"
"yordanv1","19","20","39"
"ytf132535iuytrew","17","22","39"
"Yvesvanh","19","20","39"
"zahei","20","19","39"
"Zasandalopuper","18","21","39"
"Zgz815","18","21","39"
"Ziablickiy","19","20","39"
"a6borg","19","19","38"
"aaa117","20","18","38"
"AashriMaheshwari","18","20","38"
"abgelenkt","19","19","38"
"ACANSIN","20","18","38"
"Adeboye","20","18","38"
"adetoth","17","21","38"
"AdReid210","20","18","38"
"adrianwa","19","19","38"
"Adrianyf","19","19","38"
"AdSchah","20","18","38"
"aghormaster","18","20","38"
"AgustinGomez","18","20","38"
"AhmedAKandeel","19","19","38"
"ahmethan78","19","19","38"
"AhmtKrgz","19","19","38"
"Aid3644","20","18","38"
"akashisegiro","19","19","38"
"akp55744","18","20","38"
"Al3xnder","20","18","38"
"alaaalaa09","19","19","38"
"Alecgxl2","19","19","38"
"aleksey211009","19","19","38"
"AleksHood","18","20","38"
"Alex1965111","20","18","38"
"Alex3a","19","19","38"
"Ali_cakan-1","20","18","38"
"alimey","19","19","38"
"ALJVIC9799","19","19","38"
"amigo-sa","20","18","38"
"anagfd","19","19","38"
"anaxbr","19","19","38"
"angelomvillafranca","21","17","38"
"anjosgabriel","18","20","38"
"ANMSANMS","19","19","38"
"Anselme","20","18","38"
"anttrail","19","19","38"
"Anubhav_154","19","19","38"
"Anwar555r","18","20","38"
"apollo142758","19","19","38"
"arasuse","20","18","38"
"arborp2","19","19","38"
"arkadyan","20","18","38"
"armangokalp-tr","20","18","38"
"Arrow0111","19","19","38"
"Arseniy1802","22","16","38"
"Artem_Alim","18","20","38"
"aryanpatil","19","19","38"
"ashutosh86","19","19","38"
"Asier_Basterretxea","19","19","38"
"asim25","19","19","38"
"atg26","19","19","38"
"ato007","19","19","38"
"avatarjasper","19","19","38"
"avrizws","17","21","38"
"axaxaxaxaxa","19","19","38"
"Ayham_king","18","20","38"
"B_BISNAR","18","20","38"
"B0ardM4n","19","19","38"
"Babjipurna","20","18","38"
"Badtripinsochi","19","19","38"
"Barcode111","19","19","38"
"BarneyGamble","21","17","38"
"Barrychellus","20","18","38"
"bav56","19","19","38"
"BBGHH86","18","20","38"
"beamjim64","20","18","38"
"beatologist","19","19","38"
"Bel-Ami","20","18","38"
"belayaliniya04","20","18","38"
"BellEvans","19","19","38"
"BelyaevAleksey","20","18","38"
"BERLENDIR","19","19","38"
"BerserkOnly123","20","18","38"
"BigDog420","20","18","38"
"billy02","17","21","38"
"bip1221","20","18","38"
"blackedu","19","19","38"
"Blixtanders","19","19","38"
"boganett","19","19","38"
"BOKHODOM","19","19","38"
"bondrocky","19","19","38"
"BonDux","20","18","38"
"Borodyr","18","20","38"
"brafougne","20","18","38"
"braunstein","17","21","38"
"Brayanbd","18","20","38"
"bromo93","18","20","38"
"BryanBMK","20","18","38"
"brzdeku","19","19","38"
"bsnha","19","19","38"
"Bubba38","19","19","38"
"Budi_KabBogor","18","20","38"
"budi_rahardja","19","19","38"
"bwill120","18","20","38"
"calkaiserwilks","18","20","38"
"cameron1729","21","17","38"
"CannotBeDoinThat","20","18","38"
"captain_erection","20","18","38"
"Carlo_Manzanarez2007","20","18","38"
"Carlosnieves56","19","19","38"
"Casper88","18","20","38"
"cebirr","18","20","38"
"cesarmamani79","19","19","38"
"chaotic_chess","16","22","38"
"chas23","20","18","38"
"chesshabits2022","18","20","38"
"Chiwemi","18","20","38"
"ChumPao","19","19","38"
"cieloblu","19","19","38"
"circumcizor","18","20","38"
"Cj0703","19","19","38"
"CKturio","19","19","38"
"Class_A","19","19","38"
"CLAYTONE","20","18","38"
"clinton47","19","19","38"
"cmhand","19","19","38"
"ComolokkoBullet","20","18","38"
"Constrictor62","19","19","38"
"corujaman","20","18","38"
"CrackITus","19","19","38"
"cranium5","19","19","38"
"crazymidlife","18","20","38"
"Crowels","19","19","38"
"d0216ka","20","18","38"
"dambani","18","20","38"
"DancingSimi","18","20","38"
"Dandy78","19","19","38"
"Daniel_omar","18","20","38"
"Dantesschess","20","18","38"
"daoudX","19","19","38"
"Dathods-16","21","17","38"
"Dax-Fernand","19","19","38"
"dead_ground","18","20","38"
"Deiv_is_learning","20","18","38"
"Denchik8","22","16","38"
"denispo76","20","18","38"
"Depression0001","19","19","38"
"DEXTER96","19","19","38"
"DiegoMartin2012","21","17","38"
"DiMi103","19","19","38"
"DimsBuga","18","20","38"
"dingiGM","20","18","38"
"djslawek81","18","20","38"
"Dm1tron","18","20","38"
"dogalgazbulundu","20","18","38"
"Doroudian","20","18","38"
"DrAccidentalGenius","19","19","38"
"dragonweave","19","19","38"
"Drbaker1980","19","19","38"
"drevitskii","21","17","38"
"DrKirillstein","19","19","38"
"drMohammad963","18","20","38"
"drstop1","20","18","38"
"drwilliamstein","19","19","38"
"Drybrain","18","20","38"
"dsacheli165","20","18","38"
"DSJ17081987","20","18","38"
"dustybean","19","19","38"
"DynoDave","17","21","38"
"ebibehnia","19","19","38"
"ebiqadak","18","20","38"
"edmondas","19","19","38"
"El_Mattador","18","20","38"
"elCesar72","18","20","38"
"Eldar81","18","20","38"
"Eliot_Robbins","19","19","38"
"elixeon","19","19","38"
"Elok_tenanmcs","21","17","38"
"enderalartic","19","19","38"
"entweder","19","19","38"
"Eragon99","19","19","38"
"ErenDO123","18","20","38"
"ErgoBibamus","19","19","38"
"Erjan71","17","21","38"
"ermak1917","18","20","38"
"Escandinavo2","17","21","38"
"esi333","19","19","38"
"especialista33","20","18","38"
"esteban_velillas","18","20","38"
"Eugenius56","20","18","38"
"ezsushi","19","19","38"
"f3thi","19","19","38"
"Fakhoryalber","19","19","38"
"FamilyFriendlyUser0","19","19","38"
"Fdxxicentury","18","20","38"
"ffokinem","19","19","38"
"fgsousa107","19","19","38"
"Fibonation","19","19","38"
"fisherGM","19","19","38"
"Fitiaaa","18","20","38"
"Flour1sh","19","19","38"
"FOM30","19","19","38"
"fortkochi","20","18","38"
"FoxFire64","17","21","38"
"Francis_fisher2","19","19","38"
"FreddieTalaboc24","20","18","38"
"Freedom_smile","21","17","38"
"Gabriel_schaub03","19","19","38"
"gangulenkov","21","17","38"
"Gardendwarf","19","19","38"
"gazmanov92","21","17","38"
"Genarovsky","18","20","38"
"GenuineLucifer","19","19","38"
"GeorgeBotero","19","19","38"
"gergelyla","19","19","38"
"gjhisi","18","20","38"
"glanmaster","19","19","38"
"glavih17","19","19","38"
"GojoFSaturo","19","19","38"
"Grinya52","19","19","38"
"gungattlin","17","21","38"
"Gurucharan","19","19","38"
"gwatszC","20","18","38"
"hamed_aghapoor","20","18","38"
"Hanawix","18","20","38"
"havutt","18","20","38"
"hdpilott","20","18","38"
"heikoeale","20","18","38"
"hesszitcho","18","20","38"
"HiddenSkies","18","20","38"
"hilllel","18","20","38"
"hornyqueen5","18","20","38"
"hossein200000","18","20","38"
"HUESSO","18","20","38"
"hull11","19","19","38"
"Huntero4ek","19","19","38"
"hussein-jawhari1","20","18","38"
"hw1968","20","18","38"
"ibroDonki","18","20","38"
"idan9632","17","21","38"
"Igor-Volykhin","19","19","38"
"IllllllliIlllllllllI","20","18","38"
"Imadicted2chess","20","18","38"
"immtl","18","20","38"
"imodoudou","19","19","38"
"Incolume","20","18","38"
"Inedeo","19","19","38"
"IRASJUL","19","19","38"
"ironi_61","19","19","38"
"IronWasp","19","19","38"
"isakov85","20","18","38"
"Ishy01","19","19","38"
"ISSAGADOM","20","18","38"
"IstoguH","18","20","38"
"isuckatchessforreals","18","20","38"
"Iyakbata","21","17","38"
"jail77","19","19","38"
"javadscada","18","20","38"
"JD7788","19","19","38"
"JethrofDCascalla","20","18","38"
"jhcab","20","18","38"
"jhwnzky_06","19","19","38"
"jiright","19","19","38"
"jkmn","20","18","38"
"joedor","18","20","38"
"JokeSlane","20","18","38"
"Jonesy_Wales","20","18","38"
"JonezyDCFC","20","18","38"
"jonmo_chess","19","19","38"
"JonMoxley","21","17","38"
"Jonny03","18","20","38"
"josefgutierrez","19","19","38"
"Joseph_Kim","18","20","38"
"JoshCrook","20","18","38"
"joshduh","19","19","38"
"joyyang","20","18","38"
"Juan5423","19","19","38"
"juanmercado","19","19","38"
"Juantzi","20","18","38"
"JustPlaying7","20","18","38"
"kalhimero","18","20","38"
"kalimali","19","19","38"
"Kamakura63","18","20","38"
"KameronKrazy23","20","18","38"
"KamikazeKiwi","17","21","38"
"kana999","20","18","38"
"Kardinal998","19","19","38"
"karen128","19","19","38"
"Karl-Magnusen","19","19","38"
"karlhammerII","19","19","38"
"kartiknad","20","18","38"
"Kaushik71","19","19","38"
"kayanos","18","20","38"
"Kemankes07","20","18","38"
"KenzhalinNurultan","17","21","38"
"Kess86","19","19","38"
"keyshams","17","21","38"
"kgothatsom","18","20","38"
"khalifmane","19","19","38"
"khianemmy","19","19","38"
"khumalosn","19","19","38"
"kiki_sush","18","20","38"
"KilledByBacon","19","19","38"
"king55300","19","19","38"
"Kingman73","20","18","38"
"KingOfTheUniverse","19","19","38"
"kirpici666","18","20","38"
"Kirsche9891","19","19","38"
"kitty777","20","18","38"
"Klopapierkoenig","21","17","38"
"KnightRiderchess28","19","19","38"
"KQRBNPkqrbnp","21","17","38"
"Kr0ut0n","19","19","38"
"Krasnoznamensk","19","19","38"
"KSS315","20","18","38"
"kus4art","20","18","38"
"LaurSessa","19","19","38"
"Leffa19","18","20","38"
"Leon_Havryliuk","19","19","38"
"lepou","18","20","38"
"lesinuredegaillac06","18","20","38"
"lethuytrang","20","18","38"
"Levandovski9","18","20","38"
"Li_Der","19","19","38"
"littlestep50","18","20","38"
"Lochpots7424","19","19","38"
"lohitd","19","19","38"
"LOL-KEK","18","20","38"
"lovedh","20","18","38"
"LRS99","18","20","38"
"luigideflocos","20","18","38"
"luthersjoel","18","20","38"
"luxo_r","20","18","38"
"lyrapan","19","19","38"
"Lyuteev_Saha","19","19","38"
"m42195","20","18","38"
"madatov1983","19","19","38"
"Madesh_india","19","19","38"
"magarmar","18","20","38"
"mago89","20","18","38"
"Magwe","18","20","38"
"mananagrawal3007","19","19","38"
"manmohansaini82","20","18","38"
"manu_1563","19","19","38"
"manulo5","19","19","38"
"maras5","20","18","38"
"marcosg77","19","19","38"
"marinaleo","19","19","38"
"Mark2019","18","20","38"
"Marlborolightman","18","20","38"
"marth9","19","19","38"
"martinoscaramaya","19","19","38"
"marwan00","18","20","38"
"mary_wagih19","19","19","38"
"Masio911","20","18","38"
"MaskOff190","21","17","38"
"MASSBOIYS","18","20","38"
"Master2700","19","19","38"
"Max1805","19","19","38"
"MaXiMuM_921","19","19","38"
"mba2do","19","19","38"
"meatdubzz","18","20","38"
"Mehdi_1356","19","19","38"
"mehran1402aalivand","18","20","38"
"Mel87","20","18","38"
"Melcom","18","20","38"
"Mera81","17","21","38"
"meroveo111","21","17","38"
"mete_pasha","19","19","38"
"Michailur","19","19","38"
"miepie777","20","18","38"
"mikelb2007","18","20","38"
"mikkelmore","18","20","38"
"MironMiron2014","20","18","38"
"MiroslavMirosla","20","18","38"
"mleon42","18","20","38"
"MortI2C","20","18","38"
"Move9999","18","20","38"
"Mpeza","19","19","38"
"Mr-win","17","21","38"
"MrIboo","19","19","38"
"mrivera27","19","19","38"
"mrketer","19","19","38"
"MuffinManz","19","19","38"
"mulli2","20","18","38"
"Muratka13","19","19","38"
"Murtaza93","20","18","38"
"mvp_23","19","19","38"
"Nachoism","19","19","38"
"NagaiKei","20","18","38"
"NaranjasMurcianas","17","21","38"
"naserkalaa22","19","19","38"
"natenordby","20","18","38"
"Nehei","20","18","38"
"nelson1880","20","18","38"
"Nerkan","18","20","38"
"neury","21","17","38"
"nevermind24","20","18","38"
"newEmirati","20","18","38"
"ng34339","18","20","38"
"niezn26","21","17","38"
"NightFox54","19","19","38"
"Nikita_kharkov","19","19","38"
"Nilaagavas","19","19","38"
"Nisi000","19","19","38"
"nitingt7","20","18","38"
"nittin","19","19","38"
"nkkistyarian","19","19","38"
"NNNOM","19","19","38"
"nomercy4theking","19","19","38"
"nomono4","18","20","38"
"NOorKabha","19","19","38"
"Not_A_ChessPlayer","20","18","38"
"NotABadAss","19","19","38"
"NouriSelloum","20","18","38"
"nurlesen","19","19","38"
"Nymant","17","21","38"
"OfsaytOsman","18","20","38"
"OKSAR","21","17","38"
"olalam2","19","19","38"
"Oleg7707","19","19","38"
"oliverQUeen11","18","20","38"
"OPHIUCO13","18","20","38"
"oppernoodle","20","18","38"
"ouchmaster","19","19","38"
"Pappyben","20","18","38"
"parzivall5454","17","21","38"
"paulogrupp","18","20","38"
"Pavel_Orion","19","19","38"
"Pavel991","20","18","38"
"pawapiotr","19","19","38"
"pb00067","20","18","38"
"pe20","18","20","38"
"Penyaz","19","19","38"
"peon50","20","18","38"
"petekara","20","18","38"
"PetrosVassilopoulos","20","18","38"
"PhDCarlosFelizS","19","19","38"
"Phillips_Luan","19","19","38"
"Phoenix540","19","19","38"
"Phyllo742","20","18","38"
"pinoytosakanto","19","19","38"
"piperona","18","20","38"
"piyushroks","18","20","38"
"Pizyk","21","17","38"
"pizzashere","19","19","38"
"pkrgdchssnb","18","20","38"
"poFerro","18","20","38"
"ponygOn","19","19","38"
"PowerRazorBlade","17","21","38"
"PPapler","19","19","38"
"predantsev","19","19","38"
"prescott00000","21","17","38"
"priyanshu25","19","19","38"
"ProdanteR","20","18","38"
"ProtegoX","20","18","38"
"puffy99","18","20","38"
"qewretry","19","19","38"
"Qg7mate","19","19","38"
"Quasabianth","20","18","38"
"QueenForSword","19","19","38"
"Queenoluwatobi","17","21","38"
"R2rios","20","18","38"
"rachetto16","19","19","38"
"raging_rat","20","18","38"
"ragnaer2023","19","19","38"
"Rainbowbagel","19","19","38"
"raj33936","19","19","38"
"raulfloresta","19","19","38"
"Rebbi_11","19","19","38"
"Remind_Me89","20","18","38"
"Renaivn","19","19","38"
"renecolque","20","18","38"
"reptest","21","17","38"
"RestoStyle","19","19","38"
"RexEcki","20","18","38"
"rezalcm","19","19","38"
"RG12034","20","18","38"
"Rhumen","20","18","38"
"rhys_fox","20","18","38"
"rindicools","20","18","38"
"rogechi","19","19","38"
"Romm14","20","18","38"
"Rommel237","19","19","38"
"rudewalrus","18","20","38"
"safet1","20","18","38"
"sahapvandal","19","19","38"
"sakha_RUS","17","21","38"
"salihmuhammed2","19","19","38"
"Salman055","19","19","38"
"samsmoha","19","19","38"
"sanasozyine","20","18","38"
"schaakbaas","19","19","38"
"sean_moraco","21","17","38"
"secretshh","19","19","38"
"Segundel_Setan","21","17","38"
"Seongjun","18","20","38"
"Sergey_Murunov","17","21","38"
"SERGIO_OAXACA","19","19","38"
"sergio0o26","19","19","38"
"shahidmoten","18","20","38"
"shakaali","20","18","38"
"Shepadc","19","19","38"
"Shivamsp9820","19","19","38"
"Shosei","20","18","38"
"Sikanla","19","19","38"
"SiksikCZE","19","19","38"
"sirkhumalo","19","19","38"
"SithmiKavindya","18","20","38"
"SL-407","19","19","38"
"slabmajstor","21","17","38"
"snipereng","19","19","38"
"Sodong78","19","19","38"
"sofian11","21","17","38"
"SolidPaschal","19","19","38"
"SonataArctica","19","19","38"
"Sonups","18","20","38"
"Soy_Principiante0","18","20","38"
"Special192","19","19","38"
"speedmonster1","19","19","38"
"Spirulina24","18","20","38"
"Spook-y","17","21","38"
"Steven30ML","19","19","38"
"steven3957","18","20","38"
"Stone_Cold_2021","20","18","38"
"strongomar","19","19","38"
"SUPERKALEV1","18","20","38"
"SUPRESSIOII","19","19","38"
"suven_up","19","19","38"
"syhbyz","18","20","38"
"table12","18","20","38"
"TadejPogabike","18","20","38"
"tanksinchess","18","20","38"
"Tavo_21","21","17","38"
"TENET1899","19","19","38"
"Termineitor1991","18","20","38"
"Terranisaur","20","18","38"
"teurtermos","18","20","38"
"The_kachman","18","20","38"
"The-mehrdad3","19","19","38"
"theatre_enthusiast","18","20","38"
"TheVengence","19","19","38"
"third-name","18","20","38"
"Ties","20","18","38"
"Timlam","18","20","38"
"Timmaeh","19","19","38"
"TiNours","16","22","38"
"tolgamertgulebay","21","17","38"
"Toljamo","18","20","38"
"Toloz","19","19","38"
"tqn","18","20","38"
"tricky_7","19","19","38"
"TripleAx","18","20","38"
"tudor74","21","17","38"
"tulua","18","20","38"
"ufo90","19","19","38"
"Unknown_Master459","19","19","38"
"UnluckyTom","19","19","38"
"unorthodox1","18","20","38"
"usarov","19","19","38"
"Usivax","19","19","38"
"vadim1964","14","24","38"
"Vajjik","19","19","38"
"valentino10000","19","19","38"
"vamvamvam","20","18","38"
"Vancho-Rotor","19","19","38"
"VarAnd30","20","18","38"
"Vasilevkostya","19","19","38"
"Vasiliu","19","19","38"
"verycic","21","17","38"
"VicenteGutierrez","21","17","38"
"Vidyapati","20","18","38"
"Vikdisebic","18","20","38"
"VinayKumargupta","20","18","38"
"Vincenzoalvarez","20","18","38"
"VinhHien2015","18","20","38"
"vizmai","20","18","38"
"vnncnt","18","20","38"
"Voahary","19","19","38"
"volo7","19","19","38"
"waidler","20","18","38"
"walkun01","19","19","38"
"wasteoftime11","19","19","38"
"weismat65779","19","19","38"
"white_eagle1","18","20","38"
"WhiteKolovrat","20","18","38"
"Win_ch3sster","19","19","38"
"WishmanNelson","20","18","38"
"Wmath","20","18","38"
"Wolfpack1051","19","19","38"
"wooahh","20","18","38"
"Wuerger","20","18","38"
"xs22","19","19","38"
"yakzag","19","19","38"
"yisuslonso","22","16","38"
"yobeeraptor","18","20","38"
"yohannemmanuel","19","19","38"
"younes2016","20","18","38"
"Younis_dz","19","19","38"
"YuryPotatuev","17","21","38"
"zahmadov","19","19","38"
"Zamopolis","18","20","38"
"zeduard","18","20","38"
"zewa_indoplayer","19","19","38"
"Zoidberg3d","19","19","38"
"zWTFx","19","19","38"
"A2OK","18","19","37"
"a7med210019","19","18","37"
"abdurakhmanov_02","20","17","37"
"abhishek660","19","18","37"
"aboelyazeed","20","17","37"
"Admiral19901130","18","19","37"
"AdventureTime2","18","19","37"
"AF7_zallal","18","19","37"
"Afandy_Calvin46","19","18","37"
"AFonte","19","18","37"
"ahdmmtq","19","18","37"
"AhmedM01","20","17","37"
"aighig","19","18","37"
"ajayjha025","18","19","37"
"akipoco","19","18","37"
"akira0005","19","18","37"
"Alam_Darma22","18","19","37"
"albob","20","17","37"
"alehin2021","17","20","37"
"Alejandritok7vell","18","19","37"
"aleksv106","19","18","37"
"Aleusho","17","20","37"
"Alex23rus","16","21","37"
"AlexeiRo","18","19","37"
"alexey905","19","18","37"
"AlfredoMorelos","18","19","37"
"Algizhunter","18","19","37"
"Alisa2019zxc","19","18","37"
"Alistratov","20","17","37"
"almeridavenezuela","19","18","37"
"alphatown","18","19","37"
"alpien","19","18","37"
"Alvoroto","17","20","37"
"Amalbabums","17","20","37"
"amarnathgupta1976","18","19","37"
"amerslim1987","18","19","37"
"amfalek","19","18","37"
"amins","18","19","37"
"amnesia99","19","18","37"
"amtoft34","19","18","37"
"ander91","18","19","37"
"Andreoptimus_Prime","17","20","37"
"andreu-rimbaud","19","18","37"
"andrewalex2","18","19","37"
"Angresequi","18","19","37"
"annaya5","19","18","37"
"Antheor","19","18","37"
"anticlowns","18","19","37"
"antonmashichev","20","17","37"
"ARK83","20","17","37"
"armaesau","19","18","37"
"aroces","18","19","37"
"Artamonov85","18","19","37"
"Artem_ka2012","20","17","37"
"asparaggi","17","20","37"
"Assassin840","19","18","37"
"atbftr","19","18","37"
"AUSTEN","18","19","37"
"ave23","19","18","37"
"ax3s","18","19","37"
"azv68","18","19","37"
"bartu02","19","18","37"
"Bashkimi84","19","18","37"
"Basu017","19","18","37"
"Beatrizhortaesteves","18","19","37"
"berisha06","19","18","37"
"Berkaltinbasak","19","18","37"
"best_guitar","20","17","37"
"bighammys","19","18","37"
"bizo43","18","19","37"
"Black_Insomnia","19","18","37"
"blackKat17","19","18","37"
"Blessed_1234","19","18","37"
"BlunderPandaZz","17","20","37"
"bogartiny","19","18","37"
"BOMJESUS","19","18","37"
"Born-to-be-win","18","19","37"
"borrego09","19","18","37"
"Boydorobo","18","19","37"
"brandon_bos","19","18","37"
"BraveHeartIndian","18","19","37"
"brevoortia","18","19","37"
"brunojoa","19","18","37"
"BulletMan2021","21","16","37"
"Bumbo2","18","19","37"
"Bungha","19","18","37"
"bydlakPL","20","17","37"
"c6nunes","19","18","37"
"calig453","17","20","37"
"CamiloCort","19","18","37"
"CampJaguar","18","19","37"
"capPan1c","19","18","37"
"Carson84","18","19","37"
"caruana001","19","18","37"
"CB_3","20","17","37"
"Cecillia_Aruna","18","19","37"
"cemsk","19","18","37"
"Cephelari","19","18","37"
"ChaBlat","20","17","37"
"Chadranghanudu","19","18","37"
"Chandeki","19","18","37"
"CheckMate1024","18","19","37"
"Chess7_24youtube","18","19","37"
"CHESSCLUB365","19","18","37"
"Chesskiller2016","19","18","37"
"Cheval-Blanc","19","18","37"
"Chikensito","18","19","37"
"chopra7","18","19","37"
"chrismoral","17","20","37"
"ChristianHG","19","18","37"
"Chupacabra11","19","18","37"
"CiaCha4U","17","20","37"
"civvie","17","20","37"
"Ck20","18","19","37"
"Classilal","19","18","37"
"clOuOb","19","18","37"
"Contrairedefaibless","18","19","37"
"CottbusLover","20","17","37"
"Cr7chess","18","19","37"
"crazybrain","18","19","37"
"CtrlAltCheck","18","19","37"
"cuspaaruf","20","17","37"
"cybersweat","19","18","37"
"dagfoo","19","18","37"
"dakojena2022","19","18","37"
"damattachess","18","19","37"
"Damir2012-1998","19","18","37"
"danny_534","18","19","37"
"Danyasminion","18","19","37"
"davidbelmontes","18","19","37"
"davidscacchi","18","19","37"
"dcons50","18","19","37"
"Denio256","19","18","37"
"der9bin","18","19","37"
"Dfw","18","19","37"
"dia8lo","20","17","37"
"Dibbo94","19","18","37"
"DiepRadi22","17","20","37"
"Dima470","17","20","37"
"DimiNator67","18","19","37"
"dimitrigomes","18","19","37"
"DoflamingoPower","20","17","37"
"DoubleFace84","18","19","37"
"doulie","19","18","37"
"dprod","18","19","37"
"drakulea","18","19","37"
"drAndrej","17","20","37"
"drivera17","17","20","37"
"drlitaveczgabor2","17","20","37"
"drrajko","17","20","37"
"DrWoLf999","18","19","37"
"dseynaeve","19","18","37"
"dswoboda","18","19","37"
"EarlOfGreyHot","19","18","37"
"EbisuYoshi","18","19","37"
"EdNd","19","18","37"
"Eduardo_Archila","19","18","37"
"eeespen","19","18","37"
"Einsteinsons","18","19","37"
"El_PALOS","18","19","37"
"Elbadrashiny","19","18","37"
"ElectronicesEYE","18","19","37"
"eloso61","19","18","37"
"EmerizClark","17","20","37"
"ENG_GMCHEF","18","19","37"
"erick2767","17","20","37"
"Ernestito","18","19","37"
"ernstjakob","18","19","37"
"Ertugrulchess_07","20","17","37"
"eugeneloveyou","19","18","37"
"fabricionic","18","19","37"
"FaridGallyamov","19","18","37"
"Farigr","19","18","37"
"Fat-Frumos","19","18","37"
"Fermat06","19","18","37"
"Filetoypesto","18","19","37"
"Fiviter","18","19","37"
"flaatens","18","19","37"
"Flagaric","18","19","37"
"Flaschenzug","19","18","37"
"Float32ty","19","18","37"
"Flompas","20","17","37"
"footballcoach","19","18","37"
"Fra68","19","18","37"
"Franquetot","19","18","37"
"FrescoHB","18","19","37"
"Gachanja","18","19","37"
"Gal7g","18","19","37"
"gauravkote77","19","18","37"
"gautamankitv","18","19","37"
"gionabaldo","19","18","37"
"gmoon72","17","20","37"
"Goblin_Lookalike","19","18","37"
"Goldfinger_Siemens","18","19","37"
"grai62","17","20","37"
"Greatest_noob","18","19","37"
"gricky","18","19","37"
"Grim1reaper","18","19","37"
"GrooveMaster","19","18","37"
"guije89","17","20","37"
"GusevRu","18","19","37"
"H2SOfour","18","19","37"
"HAIRLESSPAWN","19","18","37"
"hakerini","18","19","37"
"Hanspeter0102","18","19","37"
"Haurangi","18","19","37"
"havsali","19","18","37"
"Hazem_Gamal","19","18","37"
"hcc1670","19","18","37"
"hdtv8","18","19","37"
"HeddBelt","17","20","37"
"herbetrolim","18","19","37"
"Hexagram47","18","19","37"
"HighVariance","18","19","37"
"hitach","18","19","37"
"Hitesh03","19","18","37"
"Hmwab","21","16","37"
"houssam22261","19","18","37"
"Hussein900","20","17","37"
"hx7q","18","19","37"
"Ibanin","18","19","37"
"icinar567","18","19","37"
"idea1974","18","19","37"
"igarvel","19","18","37"
"igeli","20","17","37"
"igroksergey","18","19","37"
"illydan","18","19","37"
"imistudent123","20","17","37"
"InsigneFlow","16","21","37"
"Inuyasha21","20","17","37"
"irinas","18","19","37"
"IRREGULARmove","19","18","37"
"Isaykin_Artem","18","19","37"
"islakterlik","18","19","37"
"italiangreek","21","16","37"
"itxp9057226600","18","19","37"
"iusetobelegendary","17","20","37"
"Ivan041959","20","17","37"
"ivanchukich","18","19","37"
"Ivandito","19","18","37"
"J_Skizzle","18","19","37"
"JammySandwich","18","19","37"
"jarosemena","19","18","37"
"Jeanpoolgm","18","19","37"
"jesus_coconut","18","19","37"
"jhmpap","18","19","37"
"jim_jarmusch","17","20","37"
"JO135","20","17","37"
"joefitz","18","19","37"
"JohnOt","18","19","37"
"JOSMARAM13","18","19","37"
"Juanokensighston","18","19","37"
"jugador72","20","17","37"
"JujoC","19","18","37"
"Julian20042020","19","18","37"
"JulioJamaica","18","19","37"
"jump_pawn_it","19","18","37"
"justalinja","19","18","37"
"Kadak1989","18","19","37"
"kalempir","19","18","37"
"kanapoleyt","20","17","37"
"kanineawe","18","19","37"
"Karloz1","17","20","37"
"karlozzz","19","18","37"
"Kasparov_Eugene","19","18","37"
"kayumnch","16","21","37"
"Kazakshtein","19","18","37"
"KCoosa","18","19","37"
"kia_king","20","17","37"
"kierdo","19","18","37"
"king_of_kings_06","19","18","37"
"KingCarol","19","18","37"
"kiotor11","18","19","37"
"kknegi","19","18","37"
"kkriss","19","18","37"
"KletkaChesss","18","19","37"
"Koctik1986","19","18","37"
"Komossa","17","20","37"
"komyokan","19","18","37"
"Krishnone","18","19","37"
"krstan","19","18","37"
"KrychaDawnyKreo","20","17","37"
"Kubi93","18","19","37"
"Kursor_3D","18","19","37"
"Kuryaki","18","19","37"
"Kutom","19","18","37"
"Kuzbass22","19","18","37"
"L11112222","17","20","37"
"LAAM22","19","18","37"
"Labski","19","18","37"
"Laggiing","18","19","37"
"landecritos","19","18","37"
"larreal","18","19","37"
"Laura196","20","17","37"
"leget87","18","19","37"
"LicHerrera","18","19","37"
"likeawizard-bot","21","16","37"
"limit2626","18","19","37"
"Little_penguin_Leo","18","19","37"
"Lmlmlm777","19","18","37"
"LolaytL","19","18","37"
"lor1324","19","18","37"
"lordglas","19","18","37"
"LoreSan","18","19","37"
"loulou12","18","19","37"
"lserias","18","19","37"
"LSMD","18","19","37"
"lumen_ad_lucem","18","19","37"
"M-F-S","18","19","37"
"MAboZahra","16","21","37"
"Macchia-73","19","18","37"
"machorv","19","18","37"
"MagicianofSF","19","18","37"
"magnushector","18","19","37"
"MagnusJunior2","18","19","37"
"mahan001","20","17","37"
"MaherChess","18","19","37"
"Makler099","29","8","37"
"Malibran","19","18","37"
"Mallejoepoe","19","18","37"
"manasasati34","18","19","37"
"Manish2sem","18","19","37"
"Map-35","19","18","37"
"markevichus","19","18","37"
"MartinScofield","18","19","37"
"masking666","19","18","37"
"master_chess02","18","19","37"
"MatematicoMarzal","18","19","37"
"mattesa","17","20","37"
"Mauris13","19","18","37"
"MaurizioArceri","20","17","37"
"Maverikk","16","21","37"
"Mburgul_13","18","19","37"
"mediana2","19","18","37"
"medieval","18","19","37"
"medo77","18","19","37"
"meghnathpaudel","17","20","37"
"Mertcf","19","18","37"
"Mhdii","19","18","37"
"Mia1965","19","18","37"
"mieszaczbigosu","19","18","37"
"mihaurevih","20","17","37"
"MikeAsbestos","17","20","37"
"MiLaNaRoMaNoVa45","19","18","37"
"Milos035","18","19","37"
"mirkogiovio","17","20","37"
"MissFortune13","19","18","37"
"Mixalisss","19","18","37"
"MM2010","18","19","37"
"MMAAEE111","19","18","37"
"MoaMoa","18","19","37"
"Mortacechador","19","18","37"
"mortcc","17","20","37"
"MosquitoWings","18","19","37"
"MostSereneMajesty","16","21","37"
"MOTH-IV","16","21","37"
"moundhir96","19","18","37"
"Mowgliel","18","19","37"
"mprall","17","20","37"
"MrRudolf","18","19","37"
"Mstoltz17","19","18","37"
"Mukesh_Jaiman","18","19","37"
"Musaaab","20","17","37"
"Musk01","18","19","37"
"mutant61","19","18","37"
"Muzipov_nr","19","18","37"
"MysteriousAndi","18","19","37"
"nacionalnis","19","18","37"
"naiden969","20","17","37"
"nasifoof","18","19","37"
"Nat74","21","16","37"
"natebxxxx","19","18","37"
"ndlozibusang","18","19","37"
"Negan10200","20","17","37"
"neildron","18","19","37"
"NelYS","20","17","37"
"nestorllanos","18","19","37"
"newbie0xD","18","19","37"
"newphonenewelo","18","19","37"
"nfrzain07","17","20","37"
"NickkZzZ","18","19","37"
"nicolefrancesca-23","20","17","37"
"Nik_The_King","18","19","37"
"nikaupalm","18","19","37"
"Nimish1234567","19","18","37"
"nitinm","19","18","37"
"noamfidel","18","19","37"
"Nodr27","19","18","37"
"noerr_alam","19","18","37"
"nokaka","18","19","37"
"Not-Tfue","19","18","37"
"notorsirc","19","18","37"
"novyiabd","19","18","37"
"NoWarningLights","20","17","37"
"Nozidanenoparty","19","18","37"
"Nuno03","18","19","37"
"nur0506","17","20","37"
"Oberschnuff","19","18","37"
"Octive","19","18","37"
"Odenjiji","18","19","37"
"Odhiambo2023","18","19","37"
"oklm81","17","20","37"
"Oleg2022","18","19","37"
"olegas2018","19","18","37"
"Olegplug64","19","18","37"
"Oliver59","19","18","37"
"onemagicbean","18","19","37"
"Onurkucik","18","19","37"
"ophriall_ggty","18","19","37"
"OppsyDaisy","20","17","37"
"oquintana007","18","19","37"
"origami91","18","19","37"
"Orlanchess","19","18","37"
"Ositopolar","19","18","37"
"oua82","20","17","37"
"Pablo_M","18","19","37"
"ParaMaribo1","18","19","37"
"passionate010101","25","12","37"
"Patman36","19","18","37"
"pc2007","19","18","37"
"pehlivanabdurrahman","18","19","37"
"Pendekar_cc","19","18","37"
"Perjeengs","19","18","37"
"peter1985","16","21","37"
"philodorkus","17","20","37"
"phlipphloppin","18","19","37"
"physicist2","19","18","37"
"piepiepi","18","19","37"
"Piotrek23000","18","19","37"
"PK84","20","17","37"
"playingchesshighaf","19","18","37"
"Pocahontaschess","18","19","37"
"PowerRangerGandalf","18","19","37"
"prabhu369","19","18","37"
"pranavdivakar","19","18","37"
"premiumDuh","18","19","37"
"prettyfast","18","19","37"
"Primizen","21","16","37"
"prof46","18","19","37"
"PsychoDemi","19","18","37"
"QuarantaeneSchlumpf","17","20","37"
"Rajesh_krishnamani","18","19","37"
"randomname777","19","18","37"
"Raph2108","18","19","37"
"Rapier_or_droplet","19","18","37"
"rasmala","19","18","37"
"Raul3031","20","17","37"
"raxrady","19","18","37"
"RBoris","19","18","37"
"rct1","18","19","37"
"Realaje","18","19","37"
"realricky2233","16","21","37"
"redlad9","18","19","37"
"Repa-Punk","18","19","37"
"requena008","19","18","37"
"resnullus","18","19","37"
"RipKobe","19","18","37"
"roger100","19","18","37"
"Roman72Shilov","21","16","37"
"romy85","18","19","37"
"RoscoRockshow","19","18","37"
"Rostam50","19","18","37"
"RTSAmi","17","20","37"
"Rubenburgos","19","18","37"
"Rustem_1","19","18","37"
"rysia213","20","17","37"
"S-J","19","18","37"
"s9411","18","19","37"
"SabjectNupo","17","20","37"
"Sagone20160","19","18","37"
"sajad880","16","21","37"
"samissimo","19","18","37"
"sammaddox-1","18","19","37"
"SamuSam","19","18","37"
"saulman35","18","19","37"
"Saurabh-josh","20","17","37"
"schitzki2022","18","19","37"
"Schtaeve","18","19","37"
"Sebastianereros","18","19","37"
"secewe","19","18","37"
"Sekuru20","20","17","37"
"SeNiKom","18","19","37"
"Serdar_S","18","19","37"
"SergioGentili","17","20","37"
"sergiosaya","19","18","37"
"severdnz","19","18","37"
"SF_Matt","19","18","37"
"shadbeh1120","18","19","37"
"SharpArrow","18","19","37"
"shehmus","19","18","37"
"shirazian","19","18","37"
"Shivam_2102251","19","18","37"
"shubh0049","19","18","37"
"SI-Money","19","18","37"
"silaen_03","19","18","37"
"silverado34","20","17","37"
"Silvestrebenitez","17","20","37"
"sir_perfecto","18","19","37"
"SirBobbyFisher","20","17","37"
"sirsaxalot","20","17","37"
"sivas_58","17","20","37"
"Sjakkolov","20","17","37"
"sk195708","19","18","37"
"skh1203","18","19","37"
"SL_hhcshdwdydvywedyw","17","20","37"
"SneakyRat_Training","18","19","37"
"soinne","18","19","37"
"Somberc","19","18","37"
"sorlacrox","18","19","37"
"splashmoisty","20","17","37"
"SSDdvd55","20","17","37"
"Stefani06","18","19","37"
"Stockfish23-NNUE","20","17","37"
"strawes","18","19","37"
"Straws01","20","17","37"
"Suezmax","19","18","37"
"Sultan_Cijerah","24","13","37"
"sushi1972","19","18","37"
"sutcunuri","18","19","37"
"SVN50","18","19","37"
"tacitua","18","19","37"
"tadrep","19","18","37"
"TamerlanKZ","19","18","37"
"TaNanao","19","18","37"
"tchegalo","19","18","37"
"termo-sifone","19","18","37"
"TFST","17","20","37"
"th3-P0","20","17","37"
"thengerevic","17","20","37"
"thomas_shelby15","18","19","37"
"tians","19","18","37"
"tigarDrago","21","16","37"
"Tiger2580","20","17","37"
"Tincturius","18","19","37"
"Tipsyyy","18","19","37"
"TIROHDKIN","19","18","37"
"Titansaurabh","18","19","37"
"Tkaiser007","20","17","37"
"tontontu2","18","19","37"
"Torgos","19","18","37"
"trihau0108","18","19","37"
"Tripl3Check","18","19","37"
"TStone13","17","20","37"
"tuanjenkins","18","19","37"
"tyranodon","19","18","37"
"uc94","20","17","37"
"uctruth7","18","19","37"
"UnnervingIrving","20","17","37"
"uwvil","18","19","37"
"vaagerdu","18","19","37"
"vadimshmeliov","19","18","37"
"vanwely","21","16","37"
"vasia88","18","19","37"
"VD-88","18","19","37"
"vedrandrum","16","21","37"
"Vekxx","19","18","37"
"Victorious-Egret","19","18","37"
"VictorM-11","19","18","37"
"Vilardoo","17","20","37"
"VillaSalon1","19","18","37"
"Virgilio_Torrez","20","17","37"
"VitruviusEfe","19","18","37"
"vladimir5119","18","19","37"
"w300","20","17","37"
"walfa1","19","18","37"
"walkhalily","19","18","37"
"WasimAzar","18","19","37"
"wellitonra","19","18","37"
"why2bother","19","18","37"
"wichy","18","19","37"
"Winchester-PR","19","18","37"
"x_ika","19","18","37"
"Xb32","18","19","37"
"Xi6","18","19","37"
"Xife50","19","18","37"
"XOPCb","19","18","37"
"xvad","20","17","37"
"yanatathas","19","18","37"
"yeg118","19","18","37"
"Yellow_Rook","19","18","37"
"Yodel1","17","20","37"
"yogesh1212","18","19","37"
"youhadmeathellos","19","18","37"
"Youpzy","19","18","37"
"YurtyAhern","19","18","37"
"yusuf8809","19","18","37"
"Z0MBAT0R","19","18","37"
"z2s8","17","20","37"
"Zaanyion","19","18","37"
"zeb4547","21","16","37"
"zika36","19","18","37"
"Zingopoko","18","19","37"
"Zukarabbas","19","18","37"
"Zyano","18","19","37"
"aabbas269","18","18","36"
"AAKARSHVISHVKARMA","17","19","36"
"Abel1999","16","20","36"
"abgemacht","18","18","36"
"abhishek_maharaja","17","19","36"
"AbleJazzyArtist","17","19","36"
"AbuObeida","18","18","36"
"AbyssCat","18","18","36"
"ACA7","18","18","36"
"Ace183","17","19","36"
"adam_fr","18","18","36"
"Adayec","19","17","36"
"AdrianF8","17","19","36"
"Aexchange","18","18","36"
"Afrim01","17","19","36"
"Agree123","17","19","36"
"Aguila77","19","17","36"
"ahhh6e35e44e73e62nd5","17","19","36"
"AhmedLSh","18","18","36"
"akhenaton58","17","19","36"
"akilzcopatrik","18","18","36"
"akshay2222","18","18","36"
"alee2001dc4","18","18","36"
"Alejandro_p","18","18","36"
"AlexValea","19","17","36"
"Alf129","18","18","36"
"algynon","17","19","36"
"Alhemeidi","17","19","36"
"AliseChess2020","18","18","36"
"AmineC99","17","19","36"
"amirhassan","18","18","36"
"andnaid","19","17","36"
"Andres_pro","17","19","36"
"andreyrusow","18","18","36"
"Aniket5555","18","18","36"
"Ankurgokhale2511","19","17","36"
"Anonymous_Class-E","19","17","36"
"AnOnymOUs_kIng","18","18","36"
"anrolu","19","17","36"
"anton202227","18","18","36"
"Antrisol","16","20","36"
"anup_nayak","18","18","36"
"arash-234","18","18","36"
"arcangelumIV","18","18","36"
"Archstro","19","17","36"
"ArchyMWD","17","19","36"
"arguman","18","18","36"
"Arkhip_Sergeevich","18","18","36"
"Arman-1998","17","19","36"
"arnesmekens","18","18","36"
"ArrowSparrow","17","19","36"
"artemiev9","18","18","36"
"ArtemXenof","17","19","36"
"Artiel4663","18","18","36"
"aruyal123","19","17","36"
"Aryanvig","18","18","36"
"asadtal","18","18","36"
"ascaro","18","18","36"
"ATOKJAY","18","18","36"
"Atrakhine","18","18","36"
"Ayari_Amine","17","19","36"
"Ayush018","17","19","36"
"azamsirlak","17","19","36"
"azyv10","19","17","36"
"BABUBhaiXD","19","17","36"
"BactoPhage","19","17","36"
"baggageclaimjenkins","19","17","36"
"Balthasar10","18","18","36"
"BambangLinda_BHBCC","17","19","36"
"barbossa12k","17","19","36"
"BarryBarryson347532","17","19","36"
"BBY23","17","19","36"
"BenDelmadja","17","19","36"
"Bete12","19","17","36"
"Betikin","17","19","36"
"bezborodov1976","19","17","36"
"BhavinPamnani","19","17","36"
"Bhavya_sadiwala","18","18","36"
"biagio359","19","17","36"
"bigdaddy2019","19","17","36"
"Bigsneezy","18","18","36"
"biltongvreter","17","19","36"
"birb_17","18","18","36"
"Black_cobra0069","19","17","36"
"blackredpanda2","19","17","36"
"BM-RAJJ","19","17","36"
"Borgionov","19","17","36"
"Boris_Spasskal","18","18","36"
"bosky1960","18","18","36"
"brahimi","18","18","36"
"braintrickster","17","19","36"
"bredjimca","17","19","36"
"BrendanCor","18","18","36"
"Bridarolli","18","18","36"
"cabral2020","18","18","36"
"CagdasBinici","17","19","36"
"Camaroa","18","18","36"
"candelier","18","18","36"
"Captain_Lungub","17","19","36"
"carlg340","18","18","36"
"Carlsenssnightmare","17","19","36"
"Cesaresdios","18","18","36"
"Chakotay","19","17","36"
"charliemwangelwa","17","19","36"
"Chaudhari987","18","18","36"
"chess_is_bbaadd","19","17","36"
"ChessElixir","19","17","36"
"chessfort","18","18","36"
"ChessMAGNES2021","17","19","36"
"ChesssLife50","19","17","36"
"Chiaffro92","20","16","36"
"chineduorji","18","18","36"
"Chizho_A1exandr","18","18","36"
"chking123","17","19","36"
"ChoomaAV_Tyva","18","18","36"
"chuchin666","19","17","36"
"Chuldum","20","16","36"
"cibero","19","17","36"
"cjvv1516","18","18","36"
"ckova","17","19","36"
"Classyplayero","18","18","36"
"ClemFandango19","19","17","36"
"Corellone","17","19","36"
"cosecante","16","20","36"
"COVD2O","18","18","36"
"cowchy","18","18","36"
"Cristhian16","19","17","36"
"Cristobal1492","19","17","36"
"crmamuad","18","18","36"
"cro-stallione","18","18","36"
"CrownedPawn","18","18","36"
"CS21B002_aditya","18","18","36"
"Cuyardo","17","19","36"
"cyber_samurai_1","18","18","36"
"cybersecuritah","19","17","36"
"czech_mate_u","21","15","36"
"D_shamil_D","17","19","36"
"Daisy34","19","17","36"
"DakAttack19","18","18","36"
"dalkurd47","18","18","36"
"danoge","18","18","36"
"DarkIsTheSeason","18","18","36"
"DarksMachine","19","17","36"
"Dathabija","18","18","36"
"datyca","20","16","36"
"DavidMOTM2005","18","18","36"
"dbeas55","19","17","36"
"DeadFLASH","16","20","36"
"DeBusC","19","17","36"
"decordoba","18","18","36"
"dedushkakizhingi","17","19","36"
"DeeepThought","18","18","36"
"Definitelysatan","18","18","36"
"Delatorre87","18","18","36"
"DemonLeon839393","18","18","36"
"deniz_yunus","20","16","36"
"devyol","17","19","36"
"dghytrgg45667","17","19","36"
"dirijido","19","17","36"
"dkb12085","19","17","36"
"DolphinIQ","18","18","36"
"dongregory127","18","18","36"
"Dr_vicGr","19","17","36"
"drdoremonkk21","18","18","36"
"DRslliM90","18","18","36"
"DrummondX","20","16","36"
"duke_of_anarchy","17","19","36"
"Dune0606","19","17","36"
"dvshah","18","18","36"
"Dynastyyyy3323","18","18","36"
"eabds","17","19","36"
"ecriscuo","18","18","36"
"Edsonfiuza","17","19","36"
"edward_finger_hands","18","18","36"
"edwardskeel","18","18","36"
"efe17asd","18","18","36"
"EfeTarim","19","17","36"
"El_b","18","18","36"
"El_Greco_Capitano","17","19","36"
"Elf050405","17","19","36"
"Elfinio","18","18","36"
"Eli32234","19","17","36"
"ELOYOFF34","18","18","36"
"elrincondelopez","18","18","36"
"emilgouliev","19","17","36"
"EmosTeos","19","17","36"
"emrepoyraz53","18","18","36"
"EpicOfGilgamesh","18","18","36"
"er-ffm","18","18","36"
"ErkanYasav","18","18","36"
"esquellerinc","17","19","36"
"EVAENGINTR","19","17","36"
"excesslint","18","18","36"
"F_neverlive","18","18","36"
"fa116","18","18","36"
"Fabricew","19","17","36"
"Fares_Al-hasheme13","19","17","36"
"FASA1977","17","19","36"
"fastest61","18","18","36"
"fastohart","18","18","36"
"feignsham","18","18","36"
"FerLator","18","18","36"
"Fiko1999","18","18","36"
"firetree22","18","18","36"
"fish7","19","17","36"
"Flashpiibter","18","18","36"
"flatmatt","18","18","36"
"FLIppY123","19","17","36"
"fly777","18","18","36"
"focalchess","17","19","36"
"folaseca","18","18","36"
"Frankplz","17","19","36"
"frelsara","18","18","36"
"FriarTuck7","18","18","36"
"Frickers","19","17","36"
"friendly_NJ","18","18","36"
"fun3s","18","18","36"
"Gafeilaurentiu","18","18","36"
"GalK1","18","18","36"
"gambitmasterjay","17","19","36"
"Gcedism","18","18","36"
"ghotaio2000","19","17","36"
"Gigamat_08_08_2013","17","19","36"
"ginginginiwantgin","17","19","36"
"ginreck","18","18","36"
"GitheTheGreat","18","18","36"
"GOAl88","16","20","36"
"godfreyn","19","17","36"
"GoodRookin","18","18","36"
"gowoke-gobroke","19","17","36"
"gravitybowl","18","18","36"
"gunni799","18","18","36"
"Gurou","17","19","36"
"H-Tor6","18","18","36"
"H3MOND","18","18","36"
"hakansaber_1400","18","18","36"
"hakataka","17","19","36"
"halvaciencias","18","18","36"
"hamidatyabi3","18","18","36"
"Harryjan","18","18","36"
"Hazem1985","17","19","36"
"HCE2009","18","18","36"
"Hectorcerros2000","18","18","36"
"Herr_Gustav_Gambit","19","17","36"
"herrez87","19","17","36"
"herrskoapa","16","20","36"
"heyyyguys","17","19","36"
"HitHimAgain","17","19","36"
"HizkiaSitumeang","18","18","36"
"hkn19","18","18","36"
"Hlogi99","18","18","36"
"hoagieman","17","19","36"
"HopeKalu","18","18","36"
"Horr","18","18","36"
"horsey_check","18","18","36"
"HR1729","20","16","36"
"hsmttn","18","18","36"
"Human_Toilet","18","18","36"
"Hussainqanbari","16","20","36"
"hwichess","18","18","36"
"i_jethro","18","18","36"
"I00ns","17","19","36"
"icanove","19","17","36"
"If_u_can","19","17","36"
"Ifeelsorryforyou","18","18","36"
"ihsan0334","19","17","36"
"ILloGicAl_cHEss81","19","17","36"
"ilomilover","18","18","36"
"Ilya_Ram","17","19","36"
"Ilya_S_Simakov","18","18","36"
"imascarecraw","19","17","36"
"Informafions","19","17","36"
"isette","18","18","36"
"j8_ded","20","16","36"
"jacobsey","19","17","36"
"jahgmadrid","18","18","36"
"jahrom21","19","17","36"
"Jalal96M","20","16","36"
"JanKohout","17","19","36"
"jasemko","18","18","36"
"jasmilthan","19","17","36"
"JavitarC","19","17","36"
"jayanthchoudary","18","18","36"
"jeem2173","19","17","36"
"JM-23","19","17","36"
"JoachimKrause","18","18","36"
"jojobrech","18","18","36"
"JokerDark","18","18","36"
"JonjonSDManila","19","17","36"
"Jordi_16","16","20","36"
"joshphorlarb","19","17","36"
"Jottaritta85","16","20","36"
"Jowill","18","18","36"
"jp242","18","18","36"
"jp49","17","19","36"
"juancho1703river","17","19","36"
"JuanMartinKuhl","17","19","36"
"JuliaBelikova","19","17","36"
"Just4Funny","19","17","36"
"Jututunska_juhahaha","17","19","36"
"Kamil87","20","16","36"
"KamileBag","17","19","36"
"Kapp","19","17","36"
"Karo_Kann_Defense","18","18","36"
"KasparovSharapova","16","20","36"
"katchouboumbe","18","18","36"
"keko1989","21","15","36"
"kemperboyd","20","16","36"
"Kent_06","18","18","36"
"kingtiger2","18","18","36"
"kj_plaid","17","19","36"
"kkikohooo","19","17","36"
"kmsquire","18","18","36"
"Kometeus","17","19","36"
"konaz","18","18","36"
"Konoooo","20","16","36"
"konst0","17","19","36"
"Korcnoj","18","18","36"
"korinf","18","18","36"
"koschi102","18","18","36"
"Kosovar","18","18","36"
"Kosovarbici","19","17","36"
"kosteyyy","17","19","36"
"Kotai_star2908","18","18","36"
"KozhaniyazovB","18","18","36"
"kreshnik21","19","17","36"
"KronksConscience","16","20","36"
"kuiji","19","17","36"
"larsorjan","16","20","36"
"LatinJazz","17","19","36"
"LavanGarti","17","19","36"
"LaxmikantRai","17","19","36"
"lemonade0420","17","19","36"
"LessMessYes","18","18","36"
"letthemitEatCake","20","16","36"
"li54321","18","18","36"
"lieuxretrouves","16","20","36"
"Lionking21","19","17","36"
"LiOTE","18","18","36"
"Llomand","18","18","36"
"llspiderll","19","17","36"
"Login_epta","18","18","36"
"Lord_axe_bullet","17","19","36"
"lorenskier","18","18","36"
"LouieLMB","17","19","36"
"lowliehomie","15","21","36"
"lucid73","19","17","36"
"luemmi","19","17","36"
"luisfc","18","18","36"
"m_kahfi_m","17","19","36"
"M_Ling","16","20","36"
"Macgurn","17","19","36"
"machixxx","18","18","36"
"Maddest","18","18","36"
"MaFra1022","18","18","36"
"MagnusCarrosa","17","19","36"
"magnusonspeed","19","17","36"
"mahefabe","17","19","36"
"Mahesh_lakhera","18","18","36"
"Mak7766","18","18","36"
"Maldots","18","18","36"
"malestro","17","19","36"
"manguitodepiscina","18","18","36"
"Manikchessmaster","19","17","36"
"Maqqs","18","18","36"
"MarcioNoSystem","18","18","36"
"Mari3004","17","19","36"
"Marmane","19","17","36"
"masbranca","18","18","36"
"Masoudmonfaredi2000","21","15","36"
"Mastsau4","18","18","36"
"Matano1","20","16","36"
"Mateac4","18","18","36"
"mattiadestro1958","16","20","36"
"maximiv61","19","17","36"
"maycol_MVP","17","19","36"
"mayurrahul25","19","17","36"
"Mazitor","16","20","36"
"Mdvankar1990","18","18","36"
"megustanlospeones12","18","18","36"
"Mehdi_Persian74","19","17","36"
"Mesoo","20","16","36"
"MGTok_King8","16","20","36"
"mhbeginner","19","17","36"
"MichelB1972","20","16","36"
"miguelito-7","20","16","36"
"Milanche","16","20","36"
"Miron_Kac","19","17","36"
"mixovac","19","17","36"
"Mjissa97","19","17","36"
"mlrandu","19","17","36"
"mohamed-sadkaoui99","18","18","36"
"mohammad33333","19","17","36"
"Moksh16","18","18","36"
"monkiller","18","18","36"
"montri_khaisi","18","18","36"
"mookiavelli","19","17","36"
"Mortyy","17","19","36"
"MOSSAD1984","17","19","36"
"motlajs","18","18","36"
"mozdayi","17","19","36"
"mr_mariarti","17","19","36"
"Mrgrinchy","19","17","36"
"mrruler","17","19","36"
"MrThomasD","18","18","36"
"Mshwidoba","18","18","36"
"mugurkavut","19","17","36"
"muhammetbas","18","18","36"
"MuStaFa_00","18","18","36"
"Mustafa12321","18","18","36"
"mzgzuvr","18","18","36"
"N-Lamok","20","16","36"
"N-Messala","19","17","36"
"nachik3ta","17","19","36"
"Nagash_K","17","19","36"
"Nagesh1","17","19","36"
"nanni0","19","17","36"
"nanomuelle","18","18","36"
"nassern","17","19","36"
"nastyka","17","19","36"
"nazarrius","18","18","36"
"Neberto","16","20","36"
"Neo_1010","17","19","36"
"niccolo2129","18","18","36"
"niels75","19","17","36"
"nikkabest","17","19","36"
"Nitominski","18","18","36"
"nnodim1","17","19","36"
"NorbuCarlsen69","18","18","36"
"NotRingoJingo","19","17","36"
"Nurse_Researcher","15","21","36"
"O-Dannyboy","16","20","36"
"Oktorion","18","18","36"
"oliv_vc","18","18","36"
"oluwatemitope","18","18","36"
"Omidvar2764","19","17","36"
"oneshot85","18","18","36"
"Oppenheimer007","17","19","36"
"oredinho","18","18","36"
"Orsk_2020","19","17","36"
"oskarml","19","17","36"
"OstapBender99","16","20","36"
"Otschin_Karascho","18","18","36"
"oupshehe","18","18","36"
"OverLord280202","18","18","36"
"Owenhen_2023","17","19","36"
"oxicorte","18","18","36"
"PacoHuaman","18","18","36"
"painterKing","17","19","36"
"pajorpeter","17","19","36"
"pallokala","18","18","36"
"Passat17","18","18","36"
"pasteur79","18","18","36"
"pau777ittan","18","18","36"
"pawbloh","19","17","36"
"pawngolum","18","18","36"
"PB156","16","20","36"
"Pb1972","18","18","36"
"peakfallenn","18","18","36"
"Penguine","18","18","36"
"Pepinho","19","17","36"
"pgkhiem","18","18","36"
"Pionner","18","18","36"
"pkhandsome7","17","19","36"
"plutonia","18","18","36"
"PonzianiGhost","18","18","36"
"PoppaD","17","19","36"
"Pouckie","19","17","36"
"PPavliukk","18","18","36"
"practice_dilf","19","17","36"
"prawntakescastle","17","19","36"
"Predator20","17","19","36"
"Premier_Chess","18","18","36"
"procrastinationchess","19","17","36"
"Puma2003","19","17","36"
"pusselchen","17","19","36"
"pyccko","19","17","36"
"pyld","19","17","36"
"QueenAss","16","20","36"
"Queenss_Gambit_2_0","20","16","36"
"quelquunquelquepart","19","17","36"
"R2wo","18","18","36"
"R3flex_Official","17","19","36"
"raffaeleautiero","18","18","36"
"ramon_ernesto","17","19","36"
"rashedalwosabi","17","19","36"
"rationalkashif","19","17","36"
"Ravshan2","18","18","36"
"Rayyan93","20","16","36"
"Renegadosiete","18","18","36"
"renzgambit","18","18","36"
"reviro2021","18","18","36"
"richardkim","17","19","36"
"riosminor","16","20","36"
"Ritwik1210","17","19","36"
"robmifano","17","19","36"
"RonHei","18","18","36"
"rubikup","17","19","36"
"rucufe","17","19","36"
"rupak_1708","18","18","36"
"Ruslan_Imolu","17","19","36"
"Rvslam","17","19","36"
"RVSR1jUNOcOM","18","18","36"
"Saad-Ahmed","18","18","36"
"sabrifraiji","18","18","36"
"sakk69","19","17","36"
"salem202","18","18","36"
"Samcalde","18","18","36"
"samuelsarza","17","19","36"
"Samwitwicky","19","17","36"
"SandrewS","18","18","36"
"Sankaranarayanan1968","18","18","36"
"Sasha180","18","18","36"
"Sashandra","17","19","36"
"Satpalmalik","18","18","36"
"Saurabh2038","19","17","36"
"Schackisten","18","18","36"
"scottcmaclean","18","18","36"
"SebPlaul","18","18","36"
"Seguer","18","18","36"
"Sergei1000000","18","18","36"
"serkalman","17","19","36"
"sezerkumbul","17","19","36"
"Shadecarlsen01","18","18","36"
"Shangsss","16","20","36"
"ShayrmaKamil","17","19","36"
"shinty100","19","17","36"
"Shirov1234","19","17","36"
"shortest","18","18","36"
"Sihelividarabandar","20","16","36"
"Simonbullet","18","18","36"
"SimonGfr","18","18","36"
"sirbastl","19","17","36"
"Skif71","19","17","36"
"skinnykly","17","19","36"
"Slavextver","17","19","36"
"Sloppy_Fisher","19","17","36"
"solbyer","18","18","36"
"SomarjyaSarkar4326","18","18","36"
"Soykuma","19","17","36"
"soyyomarkus","18","18","36"
"spaceunicorn24","18","18","36"
"Sparrowsky","18","18","36"
"Spax1","19","17","36"
"Spork666","18","18","36"
"squaredec","19","17","36"
"st301","17","19","36"
"STALKERis","18","18","36"
"Stefan2405","18","18","36"
"Stefan7","19","17","36"
"stockdaddy","19","17","36"
"stockquahog","18","18","36"
"Stovoy","18","18","36"
"strass_mohabsa","18","18","36"
"studio_project","17","19","36"
"subbu123","18","18","36"
"sunglass_jonny","19","17","36"
"SUNNY0817","19","17","36"
"superreevan","18","18","36"
"svalovic","18","18","36"
"svenneman","18","18","36"
"Svt121","18","18","36"
"swapnil9059","17","19","36"
"t_turtle","20","16","36"
"TABASI53ir","19","17","36"
"taha888","19","17","36"
"Tamanxa","17","19","36"
"Tarazanov","19","17","36"
"tarentik21","19","17","36"
"Tareqalkuwatly1996","18","18","36"
"teddytian","18","18","36"
"TELAMONIO","18","18","36"
"Tempest66","19","17","36"
"TerribleTim1969","19","17","36"
"TeymurBaba147","19","17","36"
"thanithamizhnadu","18","18","36"
"The_Rain21","20","16","36"
"TheCulturedOne","17","19","36"
"TheKillerKnight007","17","19","36"
"TherealemperorofEuro","19","17","36"
"TheRealLolz87","19","17","36"
"Thewiss","18","18","36"
"Tillias123","18","18","36"
"Tonimaa123","19","17","36"
"toxinpowe","18","18","36"
"trannamtrung","18","18","36"
"tripode98","18","18","36"
"trxtr","17","19","36"
"tttg3n1us","20","16","36"
"Turbold301","18","18","36"
"Twinsaver","18","18","36"
"UchihaMadara21","18","18","36"
"UDCHESS","17","19","36"
"udio","17","19","36"
"UnknownAnonymous","18","18","36"
"unlander33","18","18","36"
"unrest52","17","19","36"
"va6am2019","17","19","36"
"vakho318","16","20","36"
"valuarq","18","18","36"
"veektour","17","19","36"
"velascoschessing1983","18","18","36"
"VICTORMARTIN","19","17","36"
"ViktorAV","17","19","36"
"Vladimir501","17","19","36"
"vladymyr11","18","18","36"
"volkan_yirik","19","17","36"
"Voulefalas","18","18","36"
"VPP67","19","17","36"
"w5f14rg4d5c5d5c5d5f5","18","18","36"
"Wea_pawn","18","18","36"
"webcache","17","19","36"
"Weiawaga","17","19","36"
"WhKJSQL","17","19","36"
"wigicow","19","17","36"
"wowkiller","18","18","36"
"WUNDERLAMPE","18","18","36"
"xDOMINICANOx","18","18","36"
"xuanet","17","19","36"
"xurramid77","18","18","36"
"xuso69","18","18","36"
"Yapakbobadi","19","17","36"
"YASHplaysCHESS24","19","17","36"
"Yashsatishj","18","18","36"
"Youcandothis","18","18","36"
"Yuckyyboi","18","18","36"
"YuraPlyaskin","19","17","36"
"yyynnoo","19","17","36"
"Zaicev","19","17","36"
"zEgOoOoOo","19","17","36"
"zijoanin","17","19","36"
"zorpej","18","18","36"
"zzkula","19","17","36"
"A_Schorn","17","18","35"
"A-LPHA999","18","17","35"
"a065516","17","18","35"
"AARONMC","19","16","35"
"Abbas2620","18","17","35"
"abbdaallah","16","19","35"
"abdiaziz8","17","18","35"
"abdo1989504","18","17","35"
"abdullah12458","16","19","35"
"AbilKhan77","17","18","35"
"aboalnour2369","18","17","35"
"AccidentfromFlorida","18","17","35"
"adam16533","18","17","35"
"ademarp","17","18","35"
"AdewaleKing","19","16","35"
"aditya5001","17","18","35"
"Aditya98w","18","17","35"
"Agus-Bonex","18","17","35"
"ahmad2003t","18","17","35"
"AhmedMe4","19","16","35"
"Aidarik777","19","16","35"
"ajaj135","18","17","35"
"AJMC","18","17","35"
"Akebrett","18","17","35"
"AlAnBel","18","17","35"
"alanmuhamad2","17","18","35"
"Albiss","16","19","35"
"albocapo","18","17","35"
"Aleesher","17","18","35"
"Alex-112524","19","16","35"
"alex196000","17","18","35"
"alexbgt","18","17","35"
"alfredladidel","18","17","35"
"Allkene","18","17","35"
"alpay26","19","16","35"
"Alsaif_Alnusyri","20","15","35"
"Alyosha1978","16","19","35"
"Amir_chess1","17","18","35"
"amorfatti","19","16","35"
"amspalomino","15","20","35"
"AMT65","17","18","35"
"AndresCE","18","17","35"
"Andresin77","19","16","35"
"annavinograd","18","17","35"
"AntiAmericanTactics","18","17","35"
"antoniovillena","18","17","35"
"Aooostin","19","16","35"
"apersonwhoschesses","17","18","35"
"apiar","17","18","35"
"approx2075elo","19","16","35"
"aprado","17","18","35"
"Apurba_123","18","17","35"
"aranaria","18","17","35"
"ardenridings13","17","18","35"
"arisluistel","17","18","35"
"ArmandoSasam","18","17","35"
"Arwentur","18","17","35"
"asdeo_checkmate","18","17","35"
"asede123","17","18","35"
"Asem_m10","17","18","35"
"Asesinodelchess","19","16","35"
"Asish9022","17","18","35"
"Asumi_G","18","17","35"
"atama","17","18","35"
"AtlasLT","16","19","35"
"atleticoalbar","18","17","35"
"Avertigo","18","17","35"
"aviplot","17","18","35"
"AyJaySee","17","18","35"
"AykutKygsz1","18","17","35"
"B_Spinoza","18","17","35"
"BaboshinDmitriy12","17","18","35"
"BahruzR","16","19","35"
"Barabbam","18","17","35"
"Barni91","17","18","35"
"basaringen","17","18","35"
"batoum","17","18","35"
"bazzty15","19","16","35"
"Bdsds","17","18","35"
"Bebbo86","16","19","35"
"BeginnersLuck2021","16","19","35"
"belton1974","17","18","35"
"berggrenm","17","18","35"
"berkany","18","17","35"
"bertlo","18","17","35"
"Big_Brain_Trump","19","16","35"
"bigdarkcloud","18","17","35"
"bigfella16","17","18","35"
"bigturnoverfan","16","19","35"
"billgates21","17","18","35"
"BillRussell","18","17","35"
"billykape21","18","17","35"
"birbeyyigit","17","18","35"
"Bishop223","17","18","35"
"bizarroso","16","19","35"
"blacksw1","17","18","35"
"blitblat","18","17","35"
"bobbydigital23","17","18","35"
"bobybest","17","18","35"
"BOCHOBHOM","17","18","35"
"Borg56","19","16","35"
"bquo0","17","18","35"
"brahim12","18","17","35"
"BratFarrar","18","17","35"
"bright02","18","17","35"
"BRK1983","16","19","35"
"BRTh66","18","17","35"
"Bruno_Nupesc","19","16","35"
"BryanCals","19","16","35"
"BSteven247","16","19","35"
"Bubgi-0194","16","19","35"
"Buster001","17","18","35"
"buyd","17","18","35"
"BXH_LouiseM_General","18","17","35"
"c4cf6","18","17","35"
"calient","17","18","35"
"capitholic","18","17","35"
"caronimzo","18","17","35"
"carorcias","16","19","35"
"cedarmora","18","17","35"
"Cellardoor36","18","17","35"
"Cer84arg","17","18","35"
"CFN_GoodEvening","18","17","35"
"Chamsae","17","18","35"
"chaux","17","18","35"
"CheapDirtyTactics","17","18","35"
"CheckmateKevin","17","18","35"
"Checknmate22","19","16","35"
"Chess_in_Spaaaaaaace","18","17","35"
"Chess012345678910","18","17","35"
"Chief_gogo","17","18","35"
"CHPOK111","18","17","35"
"Chudyk","17","18","35"
"Chungu1","17","18","35"
"ClapWin","18","17","35"
"Clarkson47","18","17","35"
"Coffee_Ninja","16","19","35"
"Colt_Tara_8","18","17","35"
"Conosur2","17","18","35"
"conquistador888","17","18","35"
"cookles","18","17","35"
"Cooper005","18","17","35"
"corbivan","18","17","35"
"Craigh","16","19","35"
"creativegenius","18","17","35"
"crisgaspar","17","18","35"
"cuervo22","17","18","35"
"Culminator","17","18","35"
"CzTom","17","18","35"
"D_ronica","18","17","35"
"Dacomptonite","16","19","35"
"Daethedr","17","18","35"
"dahousekid","17","18","35"
"Dakaliaji160","18","17","35"
"daktaroes","17","18","35"
"Damon_Eerf","17","18","35"
"dandecool","17","18","35"
"Dannyfreshii","18","17","35"
"danygug","17","18","35"
"daymux","18","17","35"
"dennisrfajardo","18","17","35"
"DeSwiss","18","17","35"
"diansr","18","17","35"
"dilo","17","18","35"
"Dima63-Syzran","18","17","35"
"Dindalian","18","17","35"
"Dinuel","17","18","35"
"Diploquimate","18","17","35"
"dirtwhiskers","19","16","35"
"dkm_001","18","17","35"
"dkujovic","19","16","35"
"DmitryShugaylo","17","18","35"
"Docre","16","19","35"
"doctorrrr","17","18","35"
"DonScacchi","16","19","35"
"Double_tiger","19","16","35"
"Dr_Dawg","18","17","35"
"Drag0n_b0rn","18","17","35"
"DrawsKing","18","17","35"
"drcan025","19","16","35"
"dribe","19","16","35"
"drmichko","16","19","35"
"drnagyd","17","18","35"
"drneil-UST1998","18","17","35"
"Drsinaloa","18","17","35"
"DuckMeBaby","16","19","35"
"Dufti","16","19","35"
"DUMBLEDORE24","19","16","35"
"Dyom888","17","18","35"
"ED88","19","16","35"
"eddydaddy","19","16","35"
"Edebiyat_37","17","18","35"
"Edith1712","17","18","35"
"edostapowicz","18","17","35"
"egoorrr2000","18","17","35"
"ehabsabrysalama","19","16","35"
"eilamhasson","17","18","35"
"Ekaterina_Filyugina","19","16","35"
"Eldim_Butch","17","18","35"
"elenfoiro","17","18","35"
"elovoe","17","18","35"
"eltemible117","18","17","35"
"emad_ahmed","17","18","35"
"EMMANUELVILLA","18","17","35"
"empetatur163","18","17","35"
"endforcezwei","18","17","35"
"eng_mtarekm","17","18","35"
"enjinho","16","19","35"
"Enroque1899","18","17","35"
"Entosis","17","18","35"
"EnzoScarso","17","18","35"
"epsilon_one","17","18","35"
"ErhanYalcintas","17","18","35"
"Esfince88","18","17","35"
"EstoyBORRACHO","17","18","35"
"EttlChristian","18","17","35"
"evvelahir","17","18","35"
"Ewened","17","18","35"
"eziohale","17","18","35"
"fab147","17","18","35"
"Fadykhalil","18","17","35"
"fanat007","17","18","35"
"Farzaneh13","17","18","35"
"fatihaaa","17","18","35"
"Fatjona","18","17","35"
"faxriddin","18","17","35"
"Ferdelaluz","18","17","35"
"fernnoli","18","17","35"
"fghr565yrt","18","17","35"
"Fha1995","18","17","35"
"Fidorax","18","17","35"
"filmmakercuba","17","18","35"
"Fischer_92","17","18","35"
"flamintino","17","18","35"
"Flope1947","17","18","35"
"flvrdsncks","18","17","35"
"food-forest","17","18","35"
"FragileFlurry19","19","16","35"
"Frahil999","17","18","35"
"Frankmartinez","17","18","35"
"FrankMSCH","17","18","35"
"franz04great","17","18","35"
"Frknderi1","19","16","35"
"fthis23","18","17","35"
"gaborszepesi","17","18","35"
"Gabriel97111","18","17","35"
"GalaxyOfPawns","17","18","35"
"garry_KasparovGM","18","17","35"
"gatoxloco","16","19","35"
"Gaurav_00","18","17","35"
"gazafilgalb","16","19","35"
"GBP_Morphy","17","18","35"
"GeMainer_Zug","18","17","35"
"gen123pal","19","16","35"
"Gennosuke37","18","17","35"
"ghaithaswad12","17","18","35"
"ghilieri","17","18","35"
"ghonaime","18","17","35"
"Giovannizeke21","20","15","35"
"GIs2","17","18","35"
"gnui24","17","18","35"
"Goodness_Mercy","17","18","35"
"GoodTimeCharlie","17","18","35"
"Gordillo-1969","17","18","35"
"Gotfrid90","14","21","35"
"gstephens","18","17","35"
"guardian21","18","17","35"
"guilty93","19","16","35"
"gyirtici","16","19","35"
"H4nnan","17","18","35"
"HairyOtter","17","18","35"
"haleemShaker","16","19","35"
"Halimelgendy","16","19","35"
"Harrypotter_16","18","17","35"
"Harun34947","17","18","35"
"hatko5","17","18","35"
"have2fun","17","18","35"
"hayaxi80","17","18","35"
"HEAD-COLLECTOR","19","16","35"
"Helder37","18","17","35"
"hid3yourkidz","18","17","35"
"hk_0","18","17","35"
"horrificchessplayer","17","18","35"
"hotdude76","18","17","35"
"HsFuriusZz","18","17","35"
"HussarJudicata","17","18","35"
"Ibrahiimmustafa","19","16","35"
"iChessimo","16","19","35"
"Igrok24","16","19","35"
"ikim38","20","15","35"
"Illya_2007","18","17","35"
"Immunoglobuin","19","16","35"
"infinify","19","16","35"
"ireng_manies","18","17","35"
"Iron_Nik_Rus","16","19","35"
"IroncladUnicorn","17","18","35"
"Itachiuchiha2451","18","17","35"
"IvanMihaelPetro","18","17","35"
"Iyer2023","18","17","35"
"Jaball1","17","18","35"
"jano1983zv","16","19","35"
"jardindemonet","18","17","35"
"Javier_CORSARIO","17","18","35"
"Javvad","18","17","35"
"jesse_guillen02","17","18","35"
"Jesusforgavemysins","16","19","35"
"jfftm","18","17","35"
"jgwatson","18","17","35"
"Jhonsmit","18","17","35"
"JibK","17","18","35"
"JillMunroe","18","17","35"
"jjaa143ros","16","19","35"
"JLK99","17","18","35"
"JM0T","18","17","35"
"JNCR84","17","18","35"
"Jo7in","18","17","35"
"JoaoPrestes","17","18","35"
"Jodemeist","17","18","35"
"joenmanuel","18","17","35"
"joezz83","17","18","35"
"johannfrare","18","17","35"
"JohnnyHandz","18","17","35"
"Johntea_ChicksMagnet","18","17","35"
"Johntheclit","19","16","35"
"jonknight","17","18","35"
"jonsnow6420","18","17","35"
"jportugal","18","17","35"
"jtur044","18","17","35"
"juju_90","18","17","35"
"Kakuprice","19","16","35"
"kalosch","19","16","35"
"kancho47","17","18","35"
"KaoRi06","16","19","35"
"kaosad","18","17","35"
"KarlBarx101","18","17","35"
"karshanodedara","20","15","35"
"kaushalpanchal","17","18","35"
"KazancevD","17","18","35"
"key_c_c","17","18","35"
"khankur","19","16","35"
"Khoury06","17","18","35"
"kilmert","17","18","35"
"Kishankish","18","17","35"
"klaumani","18","17","35"
"Knightf6BishopG7","15","20","35"
"KnyghtShyftR","15","20","35"
"koljo92","19","16","35"
"Kordan077","17","18","35"
"Kosovachess","18","17","35"
"kova65","17","18","35"
"kpeski","17","18","35"
"kumgNord","16","19","35"
"Kuvarss","18","17","35"
"Kvavovan","17","18","35"
"LaDefensaAgresiva","18","17","35"
"Lademasters","18","17","35"
"ladjischoolchess","18","17","35"
"Ladongov","17","18","35"
"LaFlotaOscura","18","17","35"
"lallave369","16","19","35"
"Lance_Hariss","18","17","35"
"Lascap07","18","17","35"
"Lawkeito","18","17","35"
"lee14","17","18","35"
"lefty2050","18","17","35"
"leilaltair","17","18","35"
"LEMURDAVID","16","19","35"
"LeoMartias","19","16","35"
"Leonid_40","19","16","35"
"leonrommel","17","18","35"
"lev_starostin","18","17","35"
"levay_mode","17","18","35"
"lexa_debil","18","17","35"
"LiberoCheckYou","18","17","35"
"LLE3APb","17","18","35"
"loginoff91alex","18","17","35"
"Louise14","16","19","35"
"LOWUM","16","19","35"
"Lpietroz","16","19","35"
"ls103","18","17","35"
"luchasco","16","19","35"
"LuchVlad","18","17","35"
"LucianoAmaya","16","19","35"
"LUJXIV","18","17","35"
"Lupus8173","17","18","35"
"maba3049","16","19","35"
"Macncheez","17","18","35"
"Maglivelionise","18","17","35"
"magnus_1978","17","18","35"
"makmuhak","18","17","35"
"Maksat2022","16","19","35"
"maksimus79","18","17","35"
"malodobry","18","17","35"
"mamje","17","18","35"
"Mammadov15","18","17","35"
"mandrescm","19","16","35"
"manigr","17","18","35"
"Manuelito123","17","18","35"
"mariia_nestereva","18","17","35"
"markko","19","16","35"
"marlick","17","18","35"
"MartasRRR","17","18","35"
"Martjn","18","17","35"
"MastacticaTeoria","18","17","35"
"mathace","18","17","35"
"maxj08","17","18","35"
"maxs62","16","19","35"
"mb564","18","17","35"
"McHempett","17","18","35"
"Mdanik","17","18","35"
"mehlmichzu","17","18","35"
"MeikeSchlecker","18","17","35"
"mhmdnor","19","16","35"
"Mi_Jo_Ne","17","18","35"
"Miguel_Gareev","18","17","35"
"MikiMarks","17","18","35"
"Miles_Teg_72","16","19","35"
"misaev","18","17","35"
"mishaapkhazava28","17","18","35"
"misspretty","18","17","35"
"Mithi75","16","19","35"
"miu84","18","17","35"
"MkhlMarvel","18","17","35"
"Mobot29","18","17","35"
"moftahsaleh","17","18","35"
"mohammed0100","17","18","35"
"mohitnaik","16","19","35"
"Monsieurby","19","16","35"
"moroto","16","19","35"
"mostafa2ks","17","18","35"
"Mr_Pommeroy","18","17","35"
"mr00zik","19","16","35"
"mrbhitty","17","18","35"
"MrBietola","18","17","35"
"mrjbones","17","18","35"
"MrMahmoud","18","17","35"
"msvk","19","16","35"
"muhammad_ali95","18","17","35"
"Muhammad_zayan","19","16","35"
"MukulD","18","17","35"
"muleya11","18","17","35"
"Mulica","18","17","35"
"murr666","17","18","35"
"MustafaHamed1235","16","19","35"
"Mwanangwa3","18","17","35"
"mwape2005","18","17","35"
"my_crush","18","17","35"
"mysticflag","17","18","35"
"N3CKLACE","18","17","35"
"nachos890","18","17","35"
"NAES27","16","19","35"
"namesrue","18","17","35"
"NartreX","18","17","35"
"nassmann","19","16","35"
"naufil27","18","17","35"
"navab","17","18","35"
"navaneethkamaraj","18","17","35"
"Navid-1370","18","17","35"
"Nick_Olaus","17","18","35"
"nico_vela","16","19","35"
"nicogus","18","17","35"
"nicolas3355","18","17","35"
"Nike1st","18","17","35"
"Nikhil_mathew","16","19","35"
"Nikorolev","17","18","35"
"ninjakuza","17","18","35"
"NirajanP","18","17","35"
"Nischay20","18","17","35"
"nmp123","18","17","35"
"NoisY-SilenceR","17","18","35"
"NonCroissant","18","17","35"
"noshnoj_enyawd7","18","17","35"
"Not_Tommy","16","19","35"
"notkex","18","17","35"
"novato_077","18","17","35"
"november16","17","18","35"
"O-Saft","18","17","35"
"obbez00r","17","18","35"
"ObolonkoffSergey","15","20","35"
"oflagowanydzban","18","17","35"
"ololowka","16","19","35"
"olumluol","18","17","35"
"Omar377","17","18","35"
"omar4ams","18","17","35"
"Only-You","17","18","35"
"Oompaloompaloompa","17","18","35"
"openglish","17","18","35"
"Optimum1947","19","16","35"
"ordak1359","16","19","35"
"Order_OfMerritt","18","17","35"
"OreWa","15","20","35"
"oscord21","17","18","35"
"OsuranTavuk","17","18","35"
"overratedpawn","18","17","35"
"Owine","19","16","35"
"Pacmen1111","18","17","35"
"Pahagad_tihiktihik","17","18","35"
"pakssaafaire01","18","17","35"
"Parthivchandra","18","17","35"
"patboone","18","17","35"
"PatrickEwingforever","18","17","35"
"Patrocl","17","18","35"
"PaulPE","18","17","35"
"Pavelksky","18","17","35"
"pedram2003","18","17","35"
"PeerlessSucks","18","17","35"
"pepinomx","18","17","35"
"Pepisko","18","17","35"
"perspolis7373","17","18","35"
"pghi","17","18","35"
"Phylou","17","18","35"
"pikas888","17","18","35"
"pInOy24","17","18","35"
"Pioneer81","17","18","35"
"piwox93","19","16","35"
"pixeldust","17","18","35"
"Playingsquare","18","17","35"
"pobek","18","17","35"
"pokerman90","17","18","35"
"poordima","16","19","35"
"PoP19","18","17","35"
"PositionJoe","19","16","35"
"POWERNITRO","17","18","35"
"prateek_24","18","17","35"
"praveendop","17","18","35"
"premszuko","18","17","35"
"PretoMR","17","18","35"
"PRO_KALLAN","18","17","35"
"prof_gatti","17","18","35"
"psiyche","20","15","35"
"PsykoPatrik","17","18","35"
"pulemetAK29","18","17","35"
"pushpa0","17","18","35"
"QNSCNT","17","18","35"
"RabieLS2500","18","17","35"
"rafaelhc","18","17","35"
"Rafi_Ariayee_Nezhad","17","18","35"
"rainbow94","15","20","35"
"rajveerdcoach","19","16","35"
"ramina260518","18","17","35"
"randyandy","17","18","35"
"recoluc","18","17","35"
"ReDario123","18","17","35"
"ReichOelSchaich","16","19","35"
"renato-osciel","15","20","35"
"Rengaaar","17","18","35"
"reydalfiltojaque","17","18","35"
"rezae1373","18","17","35"
"Ricardojmp","16","19","35"
"ricardorippel","17","18","35"
"richar12072001","18","17","35"
"RichardRahl84","17","18","35"
"Ricksanchess","17","18","35"
"Rilessss","18","17","35"
"rinkashime_26","18","17","35"
"Road_Salt","17","18","35"
"RobbyBeflishwank","17","18","35"
"robbylex","17","18","35"
"RobertRee1215","18","17","35"
"Robot5","17","18","35"
"Rocket_Sprocket","16","19","35"
"rockyboxer2016","18","17","35"
"roma5252","18","17","35"
"roman-rich","17","18","35"
"RomanRTA","17","18","35"
"rommyruizsosa","16","19","35"
"roozbeh1363","19","16","35"
"Rosomaxa-12","16","19","35"
"Rpjlcronald","21","14","35"
"Ru1sky","17","18","35"
"RustamAitenov","18","17","35"
"s2numbuq35i","17","18","35"
"S3iFe","19","16","35"
"Sabry99","18","17","35"
"Sabsol","16","19","35"
"saeedeh57","17","18","35"
"saeedpro10","17","18","35"
"Saghyan_Sevila","19","16","35"
"sahalinec","17","18","35"
"sajadpanhi","17","18","35"
"sak5179","18","17","35"
"Sam-sasha","18","17","35"
"sambonsaminsco","18","17","35"
"samim06","18","17","35"
"SANGRE_INCA","18","17","35"
"sarbis","18","17","35"
"saul64","17","18","35"
"Schacher100","17","18","35"
"schattig","17","18","35"
"seerahemanth","18","17","35"
"selenayyy","17","18","35"
"selimsonmez","17","18","35"
"sellingsrud","17","18","35"
"SemohOsman","18","17","35"
"serega31bel","17","18","35"
"serkantekin","18","17","35"
"serponje","17","18","35"
"ShaherXluc","17","18","35"
"Shakh_Uzeyir","18","17","35"
"Shaumil","18","17","35"
"Sheih","17","18","35"
"shermammiranda","17","18","35"
"sherz1","18","17","35"
"Shoboguenzo","17","18","35"
"shrinivasrao","19","16","35"
"sirkannn","18","17","35"
"slavendoor","18","17","35"
"smilenjay43","18","17","35"
"smolareckechecs","18","17","35"
"snchz2986","18","17","35"
"snototters","17","18","35"
"son_of_del","19","16","35"
"sonic101","18","17","35"
"sonnyslo","19","16","35"
"sont4rk","18","17","35"
"soupbowl","18","17","35"
"sourav221","17","18","35"
"Soyfer1","19","16","35"
"Spozio","16","19","35"
"sshastry1207","16","19","35"
"Stanz1919","17","18","35"
"Stappenpower","17","18","35"
"starbeard","18","17","35"
"Stefanskap","17","18","35"
"StopDictat","18","17","35"
"Str0ng_cmF0rza","17","18","35"
"sTuUpIdnAmE","17","18","35"
"suadasuadasuada","19","16","35"
"Suleymanhayyam","18","17","35"
"Sultankan34","18","17","35"
"sumit2000","18","17","35"
"supka","19","16","35"
"susguan","17","18","35"
"suso99","18","17","35"
"SvenjaB","17","18","35"
"Swarnendu","18","17","35"
"syazrin_amzar","19","16","35"
"Syncin","18","17","35"
"SystemsCreator","18","17","35"
"taiyr2013","18","17","35"
"Tak_ne_pojdet","19","16","35"
"Talgattoki","17","18","35"
"tall_blo","19","16","35"
"tarbaytas","19","16","35"
"tasty_venom","17","18","35"
"tbombadil2106","18","17","35"
"The_Muzzammil","17","18","35"
"TheLastBerserker","17","18","35"
"theneverhood","17","18","35"
"theo6117","17","18","35"
"TheTwelfthKnight","17","18","35"
"thulasidas1966","18","17","35"
"Tiagorech","17","18","35"
"Timileyin2","17","18","35"
"timurklv","14","21","35"
"TITOV_ALEXANDER","16","19","35"
"tmffmt","19","16","35"
"Tockos","18","17","35"
"tombstone58","16","19","35"
"TomLon","18","17","35"
"TonyNoris","17","18","35"
"Tonypap93","18","17","35"
"toto639","17","18","35"
"TP-Link123456789","17","18","35"
"triance98","18","17","35"
"tylerdurden33","18","17","35"
"Ubay28","17","18","35"
"udmurtt","18","17","35"
"uk29","17","18","35"
"underthesun100","17","18","35"
"Usaka744","17","18","35"
"v2d2","17","18","35"
"veritus","17","18","35"
"VERTalert","17","18","35"
"VF16","17","18","35"
"VfL1848","18","17","35"
"vgulchik","17","18","35"
"vijaygaikwad","18","17","35"
"Vikings00","18","17","35"
"ViniciusAmaral","17","18","35"
"vladgorn","17","18","35"
"Vojtek","17","18","35"
"wahba131313","17","18","35"
"Wesley289289","16","19","35"
"WetlynX","18","17","35"
"willyzekid","18","17","35"
"WinneTheWinner","16","19","35"
"Wooden_Shoes","20","15","35"
"wowker","18","17","35"
"wrsk","16","19","35"
"Xcholy","17","18","35"
"xxxmanxxx2023","17","18","35"
"XYX123456789","18","17","35"
"yahya-11","18","17","35"
"yariaa","18","17","35"
"Year05","18","17","35"
"yegannn","17","18","35"
"YeisonMarti","18","17","35"
"yj995","18","17","35"
"yv00","19","16","35"
"Z-A-M-B-R-O-TT-A","19","16","35"
"ZacZbee","20","15","35"
"zappitrone","16","19","35"
"zcod","17","18","35"
"ZeroAngel1GodEL1","17","18","35"
"Zhenya2008","18","17","35"
"Zivj","17","18","35"
"Zizou1986","17","18","35"
"ZMarat","18","17","35"
"zobomania27","17","18","35"
"ZoionBamm","18","17","35"
"Zorro-256","19","16","35"
"Zuvvy","17","18","35"
"a_i_d_a_r","16","18","34"
"A53678cuenca","18","16","34"
"Aarav688","15","19","34"
"Abenthy","17","17","34"
"abes876","18","16","34"
"abhang","18","16","34"
"abrormatyoqubov","17","17","34"
"adammclean","14","20","34"
"Aditya2001","17","17","34"
"AdityaSingh007","19","15","34"
"Adorno76","18","16","34"
"adrskk","16","18","34"
"afrrs","17","17","34"
"afterexam","19","15","34"
"Afutich","18","16","34"
"ag_R-PR","18","16","34"
"Agamor","17","17","34"
"Agus_Lumajang","17","17","34"
"ahi_blgl","18","16","34"
"ahmadhassanabadi","17","17","34"
"ahmadnma22","16","18","34"
"aintgottime","16","18","34"
"ajaxy","16","18","34"
"ajstyle181992","17","17","34"
"aksti","17","17","34"
"alad10","16","18","34"
"alaedin6","17","17","34"
"alanNchess","18","16","34"
"AlejandroOrtega","17","17","34"
"Alex_J76","18","16","34"
"Alex706","16","18","34"
"alexander1428","17","17","34"
"alexandr_gorokhov","17","17","34"
"AlexisPinedaR","18","16","34"
"alexk1974","18","16","34"
"AlexPico123","17","17","34"
"Alexxx777","15","19","34"
"alfmelmak","17","17","34"
"Alfx","18","16","34"
"ali_ta66","18","16","34"
"Aliaksei32","17","17","34"
"altunzade_97","17","17","34"
"aman198922","15","19","34"
"Amit_152116","18","16","34"
"amrhylso3k","19","15","34"
"Anandharaj","17","17","34"
"anantone","19","15","34"
"anastk","17","17","34"
"Anatolia24","18","16","34"
"ANDI_KA","17","17","34"
"andresdelgadoec","17","17","34"
"angel_qj","17","17","34"
"Angusgian68","17","17","34"
"ankyizhere","19","15","34"
"Antohevi4","17","17","34"
"Anton1394","16","18","34"
"AntonBerg","16","18","34"
"anymore73","17","17","34"
"ApitchPharm","17","17","34"
"Apostol63","17","17","34"
"Apple_Dmytro","18","16","34"
"Arellledif","17","17","34"
"arkady2061","17","17","34"
"Armadilla","17","17","34"
"armenioblanco","17","17","34"
"Artemlis086","16","18","34"
"artisticvisual","17","17","34"
"Ary_Phoenix","17","17","34"
"arya_dwipangga","19","15","34"
"Ashwa-1","17","17","34"
"AsIfASSAFI","16","18","34"
"ASMRASMRASMR","17","17","34"
"ASPIROVERT","17","17","34"
"assan113","17","17","34"
"Axel222","19","15","34"
"aZ777","17","17","34"
"b3wins2400","17","17","34"
"babaksafari","17","17","34"
"baerlerBaerli","17","17","34"
"baker609","15","19","34"
"baldhorse","18","16","34"
"bam1959","17","17","34"
"bananaeaterxx420","17","17","34"
"barbarco","16","18","34"
"bbblitz","17","17","34"
"bearcat1234","17","17","34"
"Beatovic","17","17","34"
"Bekker6565","18","16","34"
"beldar89","17","17","34"
"belyialex","17","17","34"
"Bhaiyaji2005","18","16","34"
"big_glacier","16","18","34"
"billABDEL","17","17","34"
"blackbadsea","17","17","34"
"Blindwerk","17","17","34"
"boarnara","17","17","34"
"boedeo","20","14","34"
"bonanibeau","18","16","34"
"Bonecadepano","17","17","34"
"BoswachterRay","16","18","34"
"brainstorm022","16","18","34"
"Brannsan","20","14","34"
"Budisavljevic1","17","17","34"
"buiasfernando","17","17","34"
"bulyakovbulat","17","17","34"
"Bupe94","18","16","34"
"burcon00332","18","16","34"
"C-Erozbek","16","18","34"
"c-pawn","17","17","34"
"c4karoglu","17","17","34"
"C537","17","17","34"
"cacheyourdreams","17","17","34"
"calciumboi","18","16","34"
"CAMELnPONIES","17","17","34"
"campeaogoias","17","17","34"
"CampoEChess","17","17","34"
"Carlos_MF_2009","17","17","34"
"Catharsis92","17","17","34"
"Cavaliero_1973","15","19","34"
"Ceara_mn","16","18","34"
"celikfetih","16","18","34"
"censore","17","17","34"
"champion-2023","17","17","34"
"chelvinmash","18","16","34"
"ChernyukMikhaiL","17","17","34"
"chess_bro12","17","17","34"
"Chess-IS-Best777","16","18","34"
"chess-name-123","16","18","34"
"Chess9_One","17","17","34"
"chessvrnc","16","18","34"
"Chinhtrung2015","16","18","34"
"ckkr","16","18","34"
"clouds1","19","15","34"
"CobraKa1","16","18","34"
"cokobastik","17","17","34"
"Countstriker","17","17","34"
"CptMagmos","16","18","34"
"CR34MYL33754UC3","17","17","34"
"cray_3000","17","17","34"
"crazyfight","18","16","34"
"CreamMango","16","18","34"
"cristian652","17","17","34"
"Csoreszburesz123","18","16","34"
"cubitus95","18","16","34"
"Curumo_is_taken","17","17","34"
"cyberpunk","17","17","34"
"D_King","18","16","34"
"dak_black","17","17","34"
"Dalux89","17","17","34"
"DamageControl","17","17","34"
"Damian_Konopka","29","5","34"
"damianos2001","17","17","34"
"danielkochanek","17","17","34"
"Danielrost","18","16","34"
"danmuirhead","17","17","34"
"danny7782","17","17","34"
"danton205","17","17","34"
"Danyomar","17","17","34"
"dark_hacker","17","17","34"
"De_Zhur","17","17","34"
"Decox80","17","17","34"
"dejantop","16","18","34"
"Delca_98","17","17","34"
"demir64","16","18","34"
"DennisHN","17","17","34"
"densuprun","15","19","34"
"Denz_Tag42","18","16","34"
"Dervesh","17","17","34"
"DHking","16","18","34"
"dialvien","16","18","34"
"DID1","17","17","34"
"DiegoC32","18","16","34"
"diegolman","17","17","34"
"Diegucci","17","17","34"
"dincorso","17","17","34"
"Django_Brother","15","19","34"
"DJHornology","16","18","34"
"Djordje011","14","20","34"
"DoctorFeynman","16","18","34"
"domenico-98","17","17","34"
"domi73","18","16","34"
"Donsousa","17","17","34"
"doobiedoobie","17","17","34"
"dotdog43","19","15","34"
"dpalush","18","16","34"
"Dr_CristianoRonaldo","17","17","34"
"Dracs_Roberto","16","18","34"
"dramkilgallen","17","17","34"
"draxoni","17","17","34"
"drobyshev4","17","17","34"
"druskacik","18","16","34"
"ds1971","17","17","34"
"DTFL","18","16","34"
"DudhalDinesh","18","16","34"
"dukeofthanksgiving","16","18","34"
"DukePhone","16","18","34"
"dumbasarook96","16","18","34"
"DutKakarot","18","16","34"
"dylan74","17","17","34"
"E_Rook","17","17","34"
"E2guana","17","17","34"
"ealbanez","18","16","34"
"Eastopian","18","16","34"
"ECA2099","17","17","34"
"eddievic","17","17","34"
"EdgarPetrovich","17","17","34"
"eduamado","17","17","34"
"efrencastillon14","17","17","34"
"eggmaster123","16","18","34"
"ehsaniv_80","17","17","34"
"Electrozhiraf","17","17","34"
"elmfargo","17","17","34"
"elonzuckerberg","17","17","34"
"emax_ortiz","17","17","34"
"emenikeee","17","17","34"
"Emilio_Osses","17","17","34"
"emmie_6904","17","17","34"
"emperadorg210","18","16","34"
"EMPIRE87","17","17","34"
"Enlighted_SDB","15","19","34"
"Errornomics","17","17","34"
"eses2663","18","16","34"
"Evan_M_Tigab","17","17","34"
"event_zero","15","19","34"
"EZblunders","18","16","34"
"ezz11","17","17","34"
"fadhiiii","18","16","34"
"Farid_2020","18","16","34"
"fatihruzgareren","16","18","34"
"faunus","17","17","34"
"faust8888","17","17","34"
"FeedTheCat","17","17","34"
"ferry21","16","18","34"
"ffgffgffg","18","16","34"
"fishbone06","16","18","34"
"Fitimiti123","17","17","34"
"FMCampos","15","19","34"
"forfun011","17","17","34"
"frazgang","17","17","34"
"FREDY-PARDO","17","17","34"
"FreeSta1ker","17","17","34"
"Frizbar","16","18","34"
"fspaf","16","18","34"
"Fudgebarr_01","17","17","34"
"fynjy_b","18","16","34"
"gabriel2727","17","17","34"
"galapagoss","19","15","34"
"gandonov","18","16","34"
"Gannicus_Yes","16","18","34"
"GASTON280883","17","17","34"
"geckuba","18","16","34"
"genius1000","17","17","34"
"GeorgefromGeo","18","16","34"
"Geronimo74","17","17","34"
"Gervasiodomingos","17","17","34"
"geStirlt","16","18","34"
"GetMuch","17","17","34"
"ghostdog2003","17","17","34"
"Gianluca_Paolini","14","20","34"
"Gilmar2018","17","17","34"
"Girardi","17","17","34"
"gllado","15","19","34"
"Glzzy_Gbblr","18","16","34"
"gnidor","16","18","34"
"Golovchenko_Bogdan","17","17","34"
"gomujeto2","18","16","34"
"Grand_skyN1","15","19","34"
"Grandelo","20","14","34"
"GreatPerformer","18","16","34"
"gumfreddy","18","16","34"
"haith3m_30","15","19","34"
"hakuzum","17","17","34"
"halieute","17","17","34"
"HardRaiNNNN","16","18","34"
"harsh389","16","18","34"
"HarshKarania","16","18","34"
"Hasstic","16","18","34"
"hattori_anto","18","16","34"
"Hekatoncheiro","17","17","34"
"helio223","18","16","34"
"hemanth533","17","17","34"
"HenricusRegius","17","17","34"
"Hervelegrandfou71","17","17","34"
"hmenken","16","18","34"
"HOGOFOGO","16","18","34"
"honorarycitizen","15","19","34"
"hope313","17","17","34"
"hououin001kyouma","18","16","34"
"hugost","18","16","34"
"huseyinkutlu","18","16","34"
"I_PLAY_ALIEN_CHESS","18","16","34"
"i-y-a-s-e","16","18","34"
"iamthewhat","15","19","34"
"iandave","16","18","34"
"iboden07","17","17","34"
"iDesant","16","18","34"
"idontknowwhattosay","16","18","34"
"Igor_Gavrilin","17","17","34"
"ilia0020","16","18","34"
"Illedratserav","18","16","34"
"illusionist20","16","18","34"
"imsuryansh","17","17","34"
"inalmm","17","17","34"
"Indiandinglingling","17","17","34"
"Indking1","17","17","34"
"Ioannis_Manousaridis","17","17","34"
"ionie","16","18","34"
"IranAttack","16","18","34"
"IskyHD","17","17","34"
"ItalySicilian","16","18","34"
"Itz7wilight","17","17","34"
"Ivan_k9","19","15","34"
"Ivanchuk26","17","17","34"
"Ivanjarek","16","18","34"
"ivillamil","18","16","34"
"jagepitulan_2281","17","17","34"
"JagsX","17","17","34"
"jaime32","18","16","34"
"Jameselems07","17","17","34"
"jannati_esmaeil","18","16","34"
"Jawbreaker_Lariat","17","17","34"
"jbesca175","18","16","34"
"jeanrobi84","20","14","34"
"jedva-jedva","17","17","34"
"jhonmath","17","17","34"
"JhunMal37","17","17","34"
"Jiggyfly","18","16","34"
"jin-ju","17","17","34"
"JJKANON","17","17","34"
"Joe_swole01","17","17","34"
"JoeMatthies","17","17","34"
"johanmesmen","15","19","34"
"John_wait","17","17","34"
"Johnnymash95","16","18","34"
"Jokomosra","16","18","34"
"Jorge0912","17","17","34"
"Jorrss","16","18","34"
"joshtecud","17","17","34"
"JoWiDa","15","19","34"
"Joxeman125","15","19","34"
"Jp_80","17","17","34"
"jriosgarces","19","15","34"
"JS8002","17","17","34"
"julianbarba","18","16","34"
"Julpendie","16","18","34"
"juvefun","16","18","34"
"jwillconcrete24","17","17","34"
"kaifhussain","19","15","34"
"Kallu_mama","18","16","34"
"KaloyanHristovDanev","16","18","34"
"kamilosss261","16","18","34"
"kapilsahu","17","17","34"
"karenenoqyan200615","17","17","34"
"karimovClub","17","17","34"
"kaspanama","17","17","34"
"kbradle5","17","17","34"
"kenjhosep","17","17","34"
"kenq555","18","16","34"
"keremabi","16","18","34"
"Kertici","17","17","34"
"KeshuChess","18","16","34"
"KetchuNnezZ","17","17","34"
"Kikielgallo","17","17","34"
"king_of_da_castle","17","17","34"
"King1891","16","18","34"
"KingBobry","16","18","34"
"kinghead","16","18","34"
"kingslaver","16","18","34"
"KINGSLAYER_999","16","18","34"
"kingslayer10132","17","17","34"
"Kintiliano","17","17","34"
"Kira-2072","16","18","34"
"kishandangadhvi","18","16","34"
"Knedfloda","16","18","34"
"Kongkham","17","17","34"
"kotofey0","18","16","34"
"kretiv","18","16","34"
"kubiftr","17","17","34"
"Kunneyagata","18","16","34"
"Kvaker2012","16","18","34"
"kylanian","17","17","34"
"Kyrol","18","16","34"
"kyrus79","17","17","34"
"Lala_Lahori","17","17","34"
"larsken81","17","17","34"
"Lashmanan","17","17","34"
"Latha123","16","18","34"
"LaveAHHAZ","17","17","34"
"Layla20","17","17","34"
"Legion65","16","18","34"
"Legionhgm","17","17","34"
"LekovitaBiljka","18","16","34"
"LeonardoDiaz_6STA","17","17","34"
"LeonShamba","17","17","34"
"leopoldt_vg","17","17","34"
"Leoxa","16","18","34"
"lervag","17","17","34"
"LeslieMarsano","18","16","34"
"lisa_chess_0310","16","18","34"
"llessura","18","16","34"
"llkhff","16","18","34"
"LondonCircus","18","16","34"
"LORD_Ramchandra","18","16","34"
"lovecg7","17","17","34"
"lprasanth1996","18","16","34"
"lucjean86","17","17","34"
"Ma75K","18","16","34"
"MachoZ","16","18","34"
"Maeil","17","17","34"
"MagnetoZA","17","17","34"
"mahserin4atlisi","17","17","34"
"MalatiaGM","18","16","34"
"MalherbeYvan","18","16","34"
"malnourished","17","17","34"
"malte333","17","17","34"
"Malumbo","19","15","34"
"MangoDurango","16","18","34"
"Manish_100","19","15","34"
"manolo4404","17","17","34"
"Manoloideman","18","16","34"
"MANSO5OR","17","17","34"
"manuelpiura","16","18","34"
"Manukhin_Vladimir","16","18","34"
"Manunulot_30","17","17","34"
"marcostrelew","17","17","34"
"MarGro","18","16","34"
"MarioUraba","16","18","34"
"Martin1212","17","17","34"
"Marty1984","18","16","34"
"mastered_ui","18","16","34"
"Mathew-zaky","17","17","34"
"matienzoo","17","17","34"
"matmatbest","17","17","34"
"Max_Turns","17","17","34"
"mazen_rabou","17","17","34"
"mdachess01","17","17","34"
"medmaroc88","16","18","34"
"mehdi3264","17","17","34"
"MehrdadNasriN","16","18","34"
"Melgar","17","17","34"
"MERGENMANDZHIEV_PSS","17","17","34"
"mhmtdmrbg","17","17","34"
"michElmv01","17","17","34"
"MikkelySmikkely13","17","17","34"
"milan2609","18","16","34"
"milosavka11","18","16","34"
"Minatori89","17","17","34"
"Minijcw37","18","16","34"
"Minko1998","17","17","34"
"Minsk2020","15","19","34"
"MiragePhone","17","17","34"
"miral_1993","17","17","34"
"misagh_awesome","16","18","34"
"Misantrophe","16","18","34"
"MisterMonopoli","17","17","34"
"modaiyo","16","18","34"
"mohammad_al-kahky","17","17","34"
"mojtaba54","16","18","34"
"molansavut","17","17","34"
"Monykynha","17","17","34"
"Moohsen60","18","16","34"
"Morpiney","17","17","34"
"mortportort","17","17","34"
"moseley55","16","18","34"
"motazhyari97","16","18","34"
"Move-by-Move","17","17","34"
"Moww","16","18","34"
"Mr_Vjk","16","18","34"
"MrDuranP","17","17","34"
"Mrextreme2_kk","16","18","34"
"Mrgnrss","18","16","34"
"mrslimdrugs","18","16","34"
"MrVila","16","18","34"
"mucogambiti","17","17","34"
"mugil_j","17","17","34"
"Musculaturi","16","18","34"
"mustasfa","18","16","34"
"mwazny","18","16","34"
"myrgel23","16","18","34"
"n0ngg","17","17","34"
"naimabood","17","17","34"
"Nanoweb","17","17","34"
"nareshnepal","17","17","34"
"Naser004","17","17","34"
"nasirmustapha","16","18","34"
"Ne_pochuvstvoval","19","15","34"
"nest2016","17","17","34"
"NGG","17","17","34"
"Nicobelic04","18","16","34"
"nicowarlo","16","18","34"
"NigeByss","18","16","34"
"Nikita_Kozgunov","17","17","34"
"Nikolay64","16","18","34"
"NITianrock","15","19","34"
"NochnayaFuriya666","17","17","34"
"nonoc","17","17","34"
"notakingx","18","16","34"
"nupogodi0-0","16","18","34"
"odessacity","17","17","34"
"Ogah2022","17","17","34"
"olcaybagci60","17","17","34"
"Om3ga_t3n","17","17","34"
"ominrenn","16","18","34"
"oneandonly","18","16","34"
"oniuka","16","18","34"
"Osayfu","19","15","34"
"overhero14","17","17","34"
"pabfergol","17","17","34"
"paladin_cenicero","17","17","34"
"pandu_19","17","17","34"
"paogarcia","16","18","34"
"Parameswaran2007","17","17","34"
"Paramont85","18","16","34"
"Paris1871","17","17","34"
"parismagic","15","19","34"
"Parit-Jawa","17","17","34"
"pascal_api","19","15","34"
"Pattersons","17","17","34"
"pawelpiotr","16","18","34"
"pegaz42","19","15","34"
"peiraias2019","17","17","34"
"penguinvitamins","16","18","34"
"Penuts007","16","18","34"
"Petrof67","17","17","34"
"Petruchyo","18","16","34"
"PhilippeJC","18","16","34"
"PickAnotherOne","17","17","34"
"PINCHUK-2021","16","18","34"
"PinotNoir","18","16","34"
"pipik66","18","16","34"
"pippo_pelo","18","16","34"
"Pjevac","18","16","34"
"PlaTinum128","17","17","34"
"poindontcare","18","16","34"
"Poisoned_Samich","17","17","34"
"PolymorphRoh","16","18","34"
"pomerode","19","15","34"
"Pr0t0n3","16","18","34"
"pradr86","17","17","34"
"Pratyush_Ghosh","16","18","34"
"ProdovecArbuzov","18","16","34"
"Prostatus5","17","17","34"
"PSampedro","19","15","34"
"psych0pvth","16","18","34"
"pucio36","17","17","34"
"qschmidt","18","16","34"
"Quartz12","17","17","34"
"R_I","17","17","34"
"R_King","19","15","34"
"rachidhafidi05","18","16","34"
"Rafael-Rocha","17","17","34"
"ramathini","16","18","34"
"ratonabike","17","17","34"
"raythax_eth","18","16","34"
"Reackeats","16","18","34"
"Real-Gneiss-Schist","16","18","34"
"rmnp2021","17","17","34"
"rmznaydn1907","17","17","34"
"RolandT","17","17","34"
"RomNe","17","17","34"
"RoninG1883","17","17","34"
"rosen_tapak","19","15","34"
"RPG7","17","17","34"
"rxho","17","17","34"
"saderffs123","17","17","34"
"Saeid_1366","19","15","34"
"sahaupasak","18","16","34"
"SaitamaBoros","17","17","34"
"sajad1360","17","17","34"
"Sajjadshahi2019","17","17","34"
"salama99","17","17","34"
"sample001","18","16","34"
"samuel_victor","17","17","34"
"sancho_ryabcho","18","16","34"
"Sardormedic","15","19","34"
"Sascha2010","17","17","34"
"SAXZ50","16","18","34"
"Schoolnick1975","15","19","34"
"ScoobyCat","18","16","34"
"sebato","16","18","34"
"sebobaba","18","16","34"
"september64","16","18","34"
"Sergey-9999","17","17","34"
"seventhrank7","18","16","34"
"severelyoverrated","18","16","34"
"SexyGuysAndDima","16","18","34"
"ShadrackKissa","14","20","34"
"shaolinburotots","18","16","34"
"shapa11","17","17","34"
"shareef4444","17","17","34"
"shashi2018","17","17","34"
"Shazang","18","16","34"
"ShkolyarP","18","16","34"
"ShurYamBa","17","17","34"
"Sibtat","16","18","34"
"Sikb","17","17","34"
"SilentKiller_28","17","17","34"
"silky_j","17","17","34"
"silvaro","17","17","34"
"Silverret","17","17","34"
"Sinaechecs","16","18","34"
"SinCapaNiEspada","17","17","34"
"sinnbier","16","18","34"
"siva2","17","17","34"
"SkypeT2","17","17","34"
"slauta","18","16","34"
"slippo25","18","16","34"
"solababalola","17","17","34"
"sonny-0-0","17","17","34"
"Spacyspice","18","16","34"
"sparo4","17","17","34"
"SportiveFox","17","17","34"
"Spot88877","17","17","34"
"StashT","17","17","34"
"SteeLMNT","17","17","34"
"storken","17","17","34"
"subtleuniverse","17","17","34"
"SugarMagnolia","19","15","34"
"sulkhan","17","17","34"
"sunnyside666","17","17","34"
"Superpogs_17","17","17","34"
"Sutarno_BKD","16","18","34"
"Syria1111","17","17","34"
"Tafassoa","17","17","34"
"talaat4444","16","18","34"
"tanki-1968","16","18","34"
"tbchesss","17","17","34"
"thamizh_s_vendhan","17","17","34"
"That-Ether","17","17","34"
"THEBOSSMAN9","16","18","34"
"themarkedone","17","17","34"
"ThePrincessBride","17","17","34"
"ThrashedPotatoes","16","18","34"
"TigreRegio","20","14","34"
"Tiomay","16","18","34"
"tirones","17","17","34"
"tjfalzone","17","17","34"
"tofique1","16","18","34"
"Toircaaguirre","16","18","34"
"tomejek","17","17","34"
"tomoo25","17","17","34"
"tonycheez3","17","17","34"
"tpmjake","18","16","34"
"tptp","17","17","34"
"trihopol1990","18","16","34"
"Tripoli1","18","16","34"
"triskello","15","19","34"
"ttb007","18","16","34"
"turko4650","17","17","34"
"Txirimiri","17","17","34"
"ty46gfrt54","18","16","34"
"Ubu82","17","17","34"
"udayram271","17","17","34"
"ulviacuner","16","18","34"
"UserUserNameName","17","17","34"
"valgeo6","17","17","34"
"Vancov","17","17","34"
"vanzetti723","18","16","34"
"Varosky","18","16","34"
"VegaUblack","16","18","34"
"venilo95","17","17","34"
"vesenneyeobostreniye","15","19","34"
"VictorJudea","17","17","34"
"VIEIRA1994","19","15","34"
"vijay682","18","16","34"
"VillarinMaster","19","15","34"
"VINERA","18","16","34"
"VladimirSadov","17","17","34"
"Voivo","16","18","34"
"voltcolt","17","17","34"
"wikpac","17","17","34"
"wil_torres_PE2","18","16","34"
"willi2002","17","17","34"
"WilmanBernal","17","17","34"
"Wilson_GVL","18","16","34"
"Wobli","17","17","34"
"WonderLove","17","17","34"
"xarexyouxmadx","17","17","34"
"Xaver191","16","18","34"
"XCHESSTERX","17","17","34"
"xvipxyahiax","18","16","34"
"XxcringegodxX69420","17","17","34"
"yafi38","17","17","34"
"yamen1","16","18","34"
"yodali","16","18","34"
"yoeldelanoval","17","17","34"
"Yonakaso","16","18","34"
"yotamhmoshe","17","17","34"
"yousefquraish","17","17","34"
"yoyoyogiveup","18","16","34"
"YroslavAl","17","17","34"
"yungmook","17","17","34"
"Yury32","18","16","34"
"yyyHeisenbergyyy","15","19","34"
"Z1RR0N","15","19","34"
"Zacksnyders","16","18","34"
"Zap2arap","17","17","34"
"zayyy","18","16","34"
"ZeroSpaceChess","17","17","34"
"ziiver","17","17","34"
"Zloty1","17","17","34"
"zozol010","17","17","34"
"A2H1to8","17","16","33"
"AAAAAov","16","17","33"
"Abacus12","18","15","33"
"abhi09_11","18","15","33"
"abogeath","18","15","33"
"aboraia","16","17","33"
"Abraham_chess","16","17","33"
"acardosoj","17","16","33"
"acurls","16","17","33"
"Adam_Hamdouchi","16","17","33"
"Adelsuscom","17","16","33"
"Adriano37","16","17","33"
"afaict","17","16","33"
"Ahmed8908","15","18","33"
"ahmedabozaki","17","16","33"
"AhmedTanger","16","17","33"
"ahmet299","16","17","33"
"airborn3d","16","17","33"
"airbus380-380","16","17","33"
"Aizel21","15","18","33"
"AK4718","15","18","33"
"Alania-2023","18","15","33"
"Alcatraz001","16","17","33"
"aldomau2010","15","18","33"
"AlejoAjedrez","17","16","33"
"alexander-morphy","17","16","33"
"AlexanderAlekhine53","16","17","33"
"Ali_Falsafian","17","16","33"
"ali_qulamzada09","16","17","33"
"AliBaba1697","15","18","33"
"AlibekZH","16","17","33"
"Alifadilah","17","16","33"
"aLittleGame","18","15","33"
"Allantab","17","16","33"
"AlphaZhen","16","17","33"
"Alvius7698","16","17","33"
"alwaysforward","17","16","33"
"Alzheimer5","16","17","33"
"Ameisenhaufen","18","15","33"
"amelia1917","16","17","33"
"AmericanBORAT","17","16","33"
"Amiir23","15","18","33"
"AminCamiloP","17","16","33"
"Amo_0","16","17","33"
"Amulet72","17","16","33"
"Analu_Coutinho","17","16","33"
"Anderson2611","16","17","33"
"andrejwright","16","17","33"
"androkun25","17","16","33"
"Andromeddda","17","16","33"
"ang3l_le0nard0","17","16","33"
"angel4204","16","17","33"
"ANGOLIKILL","16","17","33"
"AnisenkoHarry","17","16","33"
"Anjey00","17","16","33"
"AnnaSchach","18","15","33"
"antonij","16","17","33"
"anzor07","17","16","33"
"apestyles","17","16","33"
"API-5555","16","17","33"
"ARASOVITC13","15","18","33"
"Arcadia_Bay","17","16","33"
"Archpoet","18","15","33"
"arcymisio","17","16","33"
"ArduChessBot","18","15","33"
"arespapa03","16","17","33"
"Arrebato","17","16","33"
"Artem3891","16","17","33"
"Artos1980","18","15","33"
"arturananda","17","16","33"
"Ashot_Poghosyan","16","17","33"
"AspeedyBoy","16","17","33"
"AtakanReiz","16","17","33"
"Atur","15","18","33"
"austinmoet","16","17","33"
"Ayushkashyap9x","17","16","33"
"azoq_the_defiler","16","17","33"
"b_rouquier","15","18","33"
"B032310249","16","17","33"
"b4elma","17","16","33"
"Baaatuuuuhaaannnn08","17","16","33"
"bad339","18","15","33"
"BallaBoy","16","17","33"
"Balu83","17","16","33"
"Basheer83","16","17","33"
"BB-TH","17","16","33"
"ben_yishai","16","17","33"
"benja95","15","18","33"
"benjabanana","17","16","33"
"benteng_takesi","16","17","33"
"benyaich","17","16","33"
"berkeormanci","16","17","33"
"Berserkerofvictoria","17","16","33"
"besaina12","17","16","33"
"betaserc01","15","18","33"
"BhimsenPradhan","16","17","33"
"Bhoot_Badshah_2","18","15","33"
"bhushan3711","15","18","33"
"BIG_KALA","16","17","33"
"big_pink","17","16","33"
"Bigfoot1234","17","16","33"
"bilbaofan","17","16","33"
"Blackhawk89","17","16","33"
"Blanqui1","17","16","33"
"bloskop","16","17","33"
"blundar_bot","13","20","33"
"blunderz101","16","17","33"
"BobTheNoobie","16","17","33"
"bocatadicardenale","18","15","33"
"BogdanBardes","16","17","33"
"boriginal","16","17","33"
"boryus2000","17","16","33"
"Boyamen49","18","15","33"
"bracesrock","16","17","33"
"Bralala","18","15","33"
"bssl73","17","16","33"
"budjavac","17","16","33"
"buechelbart","15","18","33"
"bukitsirih123","16","17","33"
"bul3","17","16","33"
"bwegung","16","17","33"
"caapenarin","17","16","33"
"cairo111","16","17","33"
"Capablanca1970","15","18","33"
"CapaNegra7","17","16","33"
"Capao","17","16","33"
"Capybara_888","16","17","33"
"Cardosochess","17","16","33"
"Carlostriplex70","16","17","33"
"Carmo_sbrito","15","18","33"
"cat_luna","16","17","33"
"catala37","16","17","33"
"Cazhito","17","16","33"
"CBEKPOBb","16","17","33"
"Cejay","16","17","33"
"Cemalettin61","16","17","33"
"cesaribanez-tacloban","16","17","33"
"Champion49","17","16","33"
"chardonnet01","16","17","33"
"Cheese_Maus","16","17","33"
"chequemaid","16","17","33"
"chess_tour","18","15","33"
"chessaipassi7100","18","15","33"
"Chessbilbao","15","18","33"
"chesschess333","17","16","33"
"Chessdude10000","16","17","33"
"chesselingen","15","18","33"
"chesserboi","16","17","33"
"chesskid33","16","17","33"
"Chessnikow","15","18","33"
"Chesspro_201428","16","17","33"
"Chesspuzzle30","16","17","33"
"chesstahh","16","17","33"
"ChienDeGuerre","17","16","33"
"chlagytir","16","17","33"
"chssaddct","16","17","33"
"ChupaLopez","16","17","33"
"cisrolo","16","17","33"
"climbernetik","18","15","33"
"Cloudy96","16","17","33"
"collinscornelius9","17","16","33"
"copsilo","17","16","33"
"CreepyCarrot","17","16","33"
"croissantist","17","16","33"
"CurrycoolumHD","17","16","33"
"Cyberkent","16","17","33"
"cyri_l25","16","17","33"
"dakostachess","16","17","33"
"dalekoblizu","18","15","33"
"dan4ik941","17","16","33"
"dangermate","14","19","33"
"DaNieLisTic","15","18","33"
"danielteodoro","16","17","33"
"Dario63","18","15","33"
"darkichigo27","15","18","33"
"DarthNader","16","17","33"
"DAVIDsendi","18","15","33"
"davydovvadim","16","17","33"
"Dcecics","17","16","33"
"dearlandlord","18","15","33"
"Deepsky1","18","15","33"
"deki121","18","15","33"
"Dellano15","17","16","33"
"demonbombom","18","15","33"
"DEVIL_76","16","17","33"
"Dharzin","16","17","33"
"diapond","17","16","33"
"Diplodo","16","17","33"
"djmmartins","18","15","33"
"DMRenegade","18","15","33"
"DoKariri","16","17","33"
"Don_gr7","17","16","33"
"dongakorlando","15","18","33"
"doubleyou37","16","17","33"
"Dr_Duraid","16","17","33"
"Dr-CRO","15","18","33"
"dreagerpair","15","18","33"
"Drive_BK","17","16","33"
"DrMid","16","17","33"
"Dsantime1","19","14","33"
"DudeWithTheNose","17","16","33"
"E_Presley","18","15","33"
"E4F6Malyar","16","17","33"
"earlyriser","17","16","33"
"ecauture","15","18","33"
"EclecticTreasure","15","18","33"
"Ednink","17","16","33"
"eduardoqueiroz","15","18","33"
"edwinwin","16","17","33"
"Egil1997","16","17","33"
"Elena_Mihailovna","15","18","33"
"elioelias","15","18","33"
"elisdenele","17","16","33"
"elmarbaku","16","17","33"
"ELsanbary","15","18","33"
"ElSupremo04","17","16","33"
"EM-PE-DO-CLES-7","17","16","33"
"emech817","17","16","33"
"EmilECioran12","16","17","33"
"Engrsuleiman345","17","16","33"
"EPIROTAE2003","17","16","33"
"Equipage","16","17","33"
"Eritzae","16","17","33"
"esastincy","17","16","33"
"Esenio","17","16","33"
"Eskiu","15","18","33"
"espartano68","17","16","33"
"Estai52","16","17","33"
"Estalligatum","17","16","33"
"ETAOIboiz","17","16","33"
"evgen1892","15","18","33"
"EvgenUnikalnii","16","17","33"
"ewtpizza","16","17","33"
"Ex_El_Ye","16","17","33"
"ExaltedChess","16","17","33"
"F3001","16","17","33"
"farid_1352_1352","17","16","33"
"FaRRES","18","15","33"
"Father2A","16","17","33"
"Faucon77","16","17","33"
"Faykat","16","17","33"
"FBones23","16","17","33"
"Ferja","16","17","33"
"Fernando_Canastuj","16","17","33"
"FernandoDuarte","19","14","33"
"Filippovich","16","17","33"
"firenze1min","16","17","33"
"Fk_jeka","16","17","33"
"flagsibh","16","17","33"
"Flowwsen","17","16","33"
"Forionis","17","16","33"
"ForzaSGE1899","16","17","33"
"fpinget","17","16","33"
"Francky_Frango","15","18","33"
"G_Rodriguez","17","16","33"
"G5209","16","17","33"
"GabrielBaltazar","17","16","33"
"gabrielconroy","18","15","33"
"Gafarov_Kanan_2012","16","17","33"
"Gaganjani","17","16","33"
"galaltatta","17","16","33"
"Gallegos","17","16","33"
"GambitoMX","15","18","33"
"garytel","15","18","33"
"Gautam01","17","16","33"
"gayatri98","16","17","33"
"gborges0727","16","17","33"
"gelik789","18","15","33"
"Gen_1","17","16","33"
"GilLibu","17","16","33"
"Glucobay","16","17","33"
"gluglugluglu","16","17","33"
"godji69","17","16","33"
"GoeKingKong","13","20","33"
"gonzepge","16","17","33"
"Gorbunok","17","16","33"
"Gordon15","16","17","33"
"gouarirborhane","16","17","33"
"greektakis","16","17","33"
"Greenthumb83","16","17","33"
"GroseLebensraum","17","16","33"
"guard63","15","18","33"
"gustavoraad","16","17","33"
"Habibe","17","16","33"
"habibkafi","15","18","33"
"hacamatabi","17","16","33"
"Hadef2801","16","17","33"
"HadishParse","17","16","33"
"Hagomat","15","18","33"
"Hakomoto","17","16","33"
"HaridasKesavan","16","17","33"
"harrouin","17","16","33"
"Hars1997","15","18","33"
"hasanalowais","15","18","33"
"Hassanalbeesh","16","17","33"
"HELEN2347","18","15","33"
"Heniekent","16","17","33"
"here-is-me","17","16","33"
"Herracek","16","17","33"
"Herrykurdiya","16","17","33"
"Hexenzauber","17","16","33"
"himanshu30102002","16","17","33"
"Hishamsharf","17","16","33"
"Hitman63","16","17","33"
"hmm-123","16","17","33"
"Hock878","17","16","33"
"hojdir_awaw","16","17","33"
"Homecrunch","16","17","33"
"hopens","16","17","33"
"hsh200","17","16","33"
"Hummel20","16","17","33"
"HundredPuzzles","17","16","33"
"Huseyn700","17","16","33"
"iamtraore","16","17","33"
"IamYourFASHA","16","17","33"
"IamZex","17","16","33"
"ibrahimtekin1234","16","17","33"
"ibrahimtoklu03","16","17","33"
"ilhan1962muric","17","16","33"
"ilkerbaysal11","17","16","33"
"Imoutofhere","16","17","33"
"insane_ke","17","16","33"
"integrating","17","16","33"
"InTheGym2021","15","18","33"
"Ironman_11","17","16","33"
"IslemBlaug","16","17","33"
"itsapigeon","16","17","33"
"iva5503","15","18","33"
"Iykay","17","16","33"
"Jackson-22","18","15","33"
"jahriel","15","18","33"
"jairoemenamayo","16","17","33"
"Janizero","15","18","33"
"jaures-reforme","17","16","33"
"javalam","15","18","33"
"Javierstl","16","17","33"
"Jayar76","17","16","33"
"jdbolivar","16","17","33"
"Jeanne-Francoise","16","17","33"
"Jeissonperdomo","16","17","33"
"jelyaz","17","16","33"
"jHonor","15","18","33"
"JibiOfLight","17","16","33"
"jicepe","16","17","33"
"Jimbobquestionmark","16","17","33"
"jobebryant824","17","16","33"
"John_Crichton","16","17","33"
"john2020caidenuevo","17","16","33"
"Joitanicolae","15","18","33"
"jonas9202","16","17","33"
"Jondefchess","17","16","33"
"JoseAgu","17","16","33"
"jsb_1685","17","16","33"
"jsilverman","16","17","33"
"Jsins69","17","16","33"
"jtgslatt","18","15","33"
"JuanDavidBonilla","16","17","33"
"Judge_Fudge","17","16","33"
"julianpaulq21","17","16","33"
"jusiri","15","18","33"
"Jvera10V","16","17","33"
"Kaalonar","16","17","33"
"kabhura","16","17","33"
"kageidk","16","17","33"
"Kairat2011","16","17","33"
"Kal_Elair","17","16","33"
"kanahia","16","17","33"
"kanbas123","16","17","33"
"kapilchesser","16","17","33"
"Kaputski","16","17","33"
"karpovsanych","17","16","33"
"kayziakaira","18","15","33"
"kazzyagu","17","16","33"
"kenzaburo","17","16","33"
"Keshav1505","16","17","33"
"kevintata","17","16","33"
"khan030","16","17","33"
"khele","17","16","33"
"Khlif","17","16","33"
"Killam0ve","17","16","33"
"King-Hunter-2013","17","16","33"
"Kira_47","16","17","33"
"Kiselev_Evgeniy","15","18","33"
"kittyblum","19","14","33"
"klappa","16","17","33"
"kolv","15","18","33"
"kopihitammm","16","17","33"
"korosh16","15","18","33"
"korpisoturi","16","17","33"
"kristine1","16","17","33"
"KRIZZ_PARKER","16","17","33"
"krzys8ztof","17","16","33"
"KTewogbade","18","15","33"
"Kuan1981","17","16","33"
"kukaracha22","16","17","33"
"kuroikenshiruzgar","17","16","33"
"KurtKong","16","17","33"
"kurysh","17","16","33"
"Ky_Baldwin","17","16","33"
"kyraine","17","16","33"
"l3jol2n","15","18","33"
"Lakano","17","16","33"
"lakki67","17","16","33"
"LanxGolit","17","16","33"
"LearningSicilian","17","16","33"
"LeGangster","16","17","33"
"Leon_the_Profi","18","15","33"
"Leonid_1045","16","17","33"
"LeonProfessional","14","19","33"
"lerappat","18","15","33"
"levivadi","17","16","33"
"lightinghamad","17","16","33"
"Ligonazo","16","17","33"
"locc","17","16","33"
"LoGduPerigord","17","16","33"
"lolgoodnice","17","16","33"
"lollipophugo","17","16","33"
"LordBagpipes","15","18","33"
"Lost_GEM_of_India","16","17","33"
"lpc2003","17","16","33"
"LuckiiyLovy","16","17","33"
"luckyb34","16","17","33"
"Luisysagashi","17","16","33"
"lunaopok","16","17","33"
"m1sza","17","16","33"
"M4yank","16","17","33"
"m8gg","17","16","33"
"mabuhaynoypi","17","16","33"
"mac3666","15","18","33"
"MachuPicchu_Cusco","17","16","33"
"Made_in_KG","17","16","33"
"madmath","16","17","33"
"mag_gnus","16","17","33"
"maksimka1","17","16","33"
"mamayko","16","17","33"
"Manansala","17","16","33"
"manenir","17","16","33"
"mantimas","15","18","33"
"marceloschwam","16","17","33"
"MarcoJayMabasa","18","15","33"
"MareW","17","16","33"
"mariner9","16","17","33"
"markamp","17","16","33"
"MarlusCagnusen","16","17","33"
"Marrabolla","18","15","33"
"maryskop","16","17","33"
"masterdew","17","16","33"
"mateofigue","16","17","33"
"matiasmartins","17","16","33"
"Mattrabatt","16","17","33"
"Mauricio_PF","17","16","33"
"maurinho","16","17","33"
"mbil","16","17","33"
"MC1961","16","17","33"
"Md416731","17","16","33"
"meijim","16","17","33"
"Menmaranth","18","15","33"
"mephistopheleso","17","16","33"
"merenguemerengue","19","14","33"
"meysamkaram","16","17","33"
"mg1970","17","16","33"
"mherminasyan2009","17","16","33"
"MichaelTheBrave","17","16","33"
"MightyMack","17","16","33"
"Miguelprro2","13","20","33"
"minbud","16","17","33"
"miner888","16","17","33"
"minhdiepbg2015","18","15","33"
"miroslavkv","17","16","33"
"mishaaads","18","15","33"
"mishablitz","18","15","33"
"mishraankit","16","17","33"
"misyo_lviv","17","16","33"
"Miyoulove","17","16","33"
"mjn_2020","16","17","33"
"MKPL","17","16","33"
"mlmarcelo","16","17","33"
"MockingbirdRf","16","17","33"
"mohammedballa1","17","16","33"
"Mohan666","17","16","33"
"mohdashik88","17","16","33"
"moirology","17","16","33"
"monrin","17","16","33"
"Moodysoft","18","15","33"
"morteza_maleki","16","17","33"
"movark","16","17","33"
"Mozerhackeur","16","17","33"
"mpalanyiisaac","15","18","33"
"mr_chapy","17","16","33"
"Mr_GuiocoPianissimo","16","17","33"
"MrAWD","15","18","33"
"Mrfantastic7","17","16","33"
"mrhumble1","16","17","33"
"mrkrabbby","16","17","33"
"msod","16","17","33"
"MTM_ANDRES","17","16","33"
"muhammedgokalp","16","17","33"
"Munishc95","16","17","33"
"murakamiharuki","17","16","33"
"mursev1","17","16","33"
"N_Srinivas","15","18","33"
"nachi_fien","18","15","33"
"Nafasnafas1","18","15","33"
"Naganaiser","15","18","33"
"nahuelgo","17","16","33"
"naorg","16","17","33"
"Nappes","17","16","33"
"Nasijlu","17","16","33"
"Natof","17","16","33"
"Natsonj","17","16","33"
"nemhaid","15","18","33"
"Never_GiveUpEr","17","16","33"
"Nick1955","16","17","33"
"nicolaimanev","16","17","33"
"nicolasplattner","16","17","33"
"Night-King2004","17","16","33"
"nikich1003","18","15","33"
"niklauskus1","16","17","33"
"NimaKhodayi","16","17","33"
"ninjakraft","15","18","33"
"NiyaZi50","18","15","33"
"nobodyperson","16","17","33"
"Noctrn","16","17","33"
"NOELVIS","16","17","33"
"Nolvas","16","17","33"
"NoPlaying","17","16","33"
"Nor1984","17","16","33"
"norahjteague","17","16","33"
"normix","17","16","33"
"NoSoGood","15","18","33"
"notmymichael","17","16","33"
"nrosto","16","17","33"
"nuel77","16","17","33"
"Nuno1994","16","17","33"
"nurdaulet-O5","18","15","33"
"O_mardani71","16","17","33"
"oasis264","18","15","33"
"Ochen_Zlaya","17","16","33"
"OKBA_CHESS","16","17","33"
"OLDELECTRICCRAB","17","16","33"
"OldStupidhand","17","16","33"
"Oleg_ohotnik","16","17","33"
"OMCOEP","16","17","33"
"omidxx1366","18","15","33"
"ONBASI28","16","17","33"
"opus130","17","16","33"
"Originalgd05","16","17","33"
"OrkhanN2016","15","18","33"
"orochimaru69","15","18","33"
"Oswaldinho","18","15","33"
"Pablo090710","16","17","33"
"PAC_Serrezuela","17","16","33"
"pacman994","17","16","33"
"pan55pan","17","16","33"
"PanConXtraPinga","16","17","33"
"panosstp","16","17","33"
"papadimitrakis","17","16","33"
"papano3l","17","16","33"
"papi_damiano","16","17","33"
"Parakovsky","18","15","33"
"parampda","17","16","33"
"ParanoidPony","16","17","33"
"pargadon","16","17","33"
"patinfo","16","17","33"
"PatrickZijlstra","16","17","33"
"paulofidelis","16","17","33"
"Pavlovich909","16","17","33"
"pawer29","16","17","33"
"Pawn_Sacrifice666","17","16","33"
"PawnFarooq","17","16","33"
"paymoo18","16","17","33"
"pdesaiii","17","16","33"
"peaceanwar","17","16","33"
"pedrojg72","17","16","33"
"peggy_thaG","16","17","33"
"Pehdroh","16","17","33"
"pepeap75","16","17","33"
"persik920","15","18","33"
"perspicacious_alex","17","16","33"
"peteza","17","16","33"
"petran9","17","16","33"
"petsie9","17","16","33"
"Pezaldprime","17","16","33"
"phani4win","15","18","33"
"phanindra99","17","16","33"
"Phantasmagorical","16","17","33"
"Phasmidon","15","18","33"
"pihf","16","17","33"
"piryaei","17","16","33"
"Podne","16","17","33"
"pokitrokit","17","16","33"
"polgachess","16","17","33"
"Polytroposconhybris","16","17","33"
"Prabhu8142","16","17","33"
"pravinchavan","17","16","33"
"predor22","16","17","33"
"PREMRAJGURU","18","15","33"
"printonetor","17","16","33"
"profesor12","18","15","33"
"queen_gobbler","16","17","33"
"qwer10002","16","17","33"
"Rachya","17","16","33"
"raffy0514","17","16","33"
"Rahmandaliri11","17","16","33"
"rainchess12","17","16","33"
"rainfrogz","17","16","33"
"RandyOE","16","17","33"
"RandySofanor","17","16","33"
"Rasendall1","16","17","33"
"razormalo","15","18","33"
"Rdgb03","17","16","33"
"red_box","16","17","33"
"Redback_MIH","16","17","33"
"Refstad","16","17","33"
"reskoCHESS","15","18","33"
"RESPETAMECOJONE","13","20","33"
"retablo2","16","17","33"
"retrothunder_exe","16","17","33"
"ReycitoL2","18","15","33"
"rhnj","16","17","33"
"Riiic","17","16","33"
"rishanth29","18","15","33"
"rits2424","17","16","33"
"rob11848","16","17","33"
"Robert_Nordgren","16","17","33"
"RobertSz","15","18","33"
"Rolo1958","16","17","33"
"romans214","16","17","33"
"RomanX22rus","17","16","33"
"roneymagalhaes","17","16","33"
"Ruben_Anazco2005","16","17","33"
"rubenmateusjr","17","16","33"
"Rudolf_fon_Shtrohajm","16","17","33"
"RuthlessConsistency1","16","17","33"
"S_konem_NaA8","16","17","33"
"sahinkasap","17","16","33"
"Sahmger","16","17","33"
"salah_eddin","17","16","33"
"samiar01","18","15","33"
"sangmisteri","16","17","33"
"Sanskarplays","17","16","33"
"Santy921","16","17","33"
"sarah2020","17","16","33"
"sargardon","16","17","33"
"SARILemonade","17","16","33"
"sarkineuII","17","16","33"
"Sarwar_NITJSR","17","16","33"
"saufer","16","17","33"
"SavedRU","17","16","33"
"Schluckauf","17","16","33"
"schooroop","16","17","33"
"schwobaseggl","17","16","33"
"SCRaMbLE","16","17","33"
"SeahorseVortex","17","16","33"
"selassie88","17","16","33"
"Semmozhi","16","17","33"
"SemperInNox","16","17","33"
"serag_m0stafa","16","17","33"
"Serega1975","17","16","33"
"Sergeant_Fedorov","16","17","33"
"Serginiot","16","17","33"
"sergioarana","16","17","33"
"shadee88","16","17","33"
"Shapuchi23","15","18","33"
"SheldonnCooper","18","15","33"
"shershnevpetr","18","15","33"
"siboo","18","15","33"
"sidp23","18","15","33"
"SimoSoro","16","17","33"
"simplexitor","16","17","33"
"simplyclean919","16","17","33"
"Sirfranc","17","16","33"
"six4warrior","16","17","33"
"slavik007","15","18","33"
"Slim_OG","16","17","33"
"smchessmeister","16","17","33"
"smsm79","17","16","33"
"SnakesNfoxeS","16","17","33"
"Sob7132","16","17","33"
"Socrates399","17","16","33"
"sofiajuanc","17","16","33"
"sohamdadamali","16","17","33"
"SolaGracia","16","17","33"
"sonercihan","15","18","33"
"SOPHIAANTIPOLIS","15","18","33"
"spacecadet69","18","15","33"
"Spaljitelj","18","15","33"
"spartakias","17","16","33"
"spdelbari","16","17","33"
"speckknedel","16","17","33"
"Sphelele-Ngcobo","17","16","33"
"spiderentchen","16","17","33"
"sprrw","17","16","33"
"sreekanth_beesagoni","16","17","33"
"Star70","17","16","33"
"Start83","16","17","33"
"stay18","17","16","33"
"stenor","15","18","33"
"stephtsho","18","15","33"
"stevebanjo","17","16","33"
"Stockfish16-NNUE","16","17","33"
"strateg-chess","17","16","33"
"sujay_bluffmaster","17","16","33"
"sumant04","17","16","33"
"SupaCashKing28","16","17","33"
"svillov","15","18","33"
"Syafiq15","17","16","33"
"TarmunVykers","18","15","33"
"Taviman","17","16","33"
"Tazmanfox66","16","17","33"
"TeerthrajAS","17","16","33"
"tenyotkin","17","16","33"
"thankmoody","17","16","33"
"The_Abra","18","15","33"
"TheCockroachKiller","18","15","33"
"TheFasterWarrior","16","17","33"
"Thekeshari","18","15","33"
"TheLastGM","18","15","33"
"TheoneSteamroller","17","16","33"
"Three_Head","17","16","33"
"Tialary","16","17","33"
"Tiggeronvrb","17","16","33"
"tiiin","17","16","33"
"tin5000","17","16","33"
"tincho50","17","16","33"
"titeb","16","17","33"
"titimf","16","17","33"
"titleuntitled_twitch","15","18","33"
"TJ67","17","16","33"
"TJseran","16","17","33"
"tmellemseter","17","16","33"
"tmevans","17","16","33"
"Toguho","15","18","33"
"tolete33","16","17","33"
"tolkotak","16","17","33"
"TomLuz333","17","16","33"
"tonight50","16","17","33"
"Tonski","15","18","33"
"toodiesel","17","16","33"
"Toussaint124","18","15","33"
"Trainingday2025","16","17","33"
"TS_Kubik","16","17","33"
"TTB","17","16","33"
"typocemkamdes","16","17","33"
"tzoniss","15","18","33"
"Umbra6","18","15","33"
"Umrahd","17","16","33"
"unarmedsnail","15","18","33"
"upah","17","16","33"
"uranor","16","17","33"
"uyrt1","16","17","33"
"Valentina-Marta","16","17","33"
"VALHALLA_RAGNAR","16","17","33"
"Vampke","15","18","33"
"vance7","15","18","33"
"Vcrazy","16","17","33"
"Vcv2020","18","15","33"
"Veaf2000","17","16","33"
"Vector_jaat","17","16","33"
"vescucci","16","17","33"
"vet_lukas","16","17","33"
"vi-1946","16","17","33"
"vigneshkasi","17","16","33"
"ViktorSilberstein","17","16","33"
"Viveksadhwani13","18","15","33"
"vladislavho2","16","17","33"
"Von_Nannov","17","16","33"
"voria1984","16","17","33"
"vosembit","16","17","33"
"vosilitas_87","17","16","33"
"vseadbaonot","16","17","33"
"VseMiRaki","16","17","33"
"vsvzp22","16","17","33"
"VtorresL","17","16","33"
"Wampi97","17","16","33"
"weakuser01","16","17","33"
"wezarito","17","16","33"
"widi23","16","17","33"
"wifi25","16","17","33"
"wisk1978","16","17","33"
"wloclaw","16","17","33"
"worldannihilator03","16","17","33"
"xallobera","16","17","33"
"xBruce","16","17","33"
"Xenius76","15","18","33"
"xexugh","17","16","33"
"xslavik","15","18","33"
"Xstersy","16","17","33"
"xxCharlie_sillauwu","17","16","33"
"xxENGELLxx","15","18","33"
"y4a6b","17","16","33"
"Ya_the_Best","17","16","33"
"yabbadabadoo","15","18","33"
"Yandr0s","17","16","33"
"Yasin_s","17","16","33"
"yasking007","17","16","33"
"yeasin84","18","15","33"
"YENTUR01","16","17","33"
"Yigido58-58","18","15","33"
"yiruy","16","17","33"
"yoddi","18","15","33"
"yohancc","17","16","33"
"Yorgun-Democrat","16","17","33"
"yosefaluf","16","17","33"
"Ypelac1","16","17","33"
"zagaresto","17","16","33"
"zagozdos","17","16","33"
"Zalupahuesos181102","16","17","33"
"ZavyalovVV","16","17","33"
"Zer0oC0ol","17","16","33"
"zero64","16","17","33"
"ZIkaKostic","16","17","33"
"Zockhorn","16","17","33"
"zondofreedom","17","16","33"
"ZReyX2002","17","16","33"
"ZukkZwanG","17","16","33"
"a123_moran","16","16","32"
"A4Marques","16","16","32"
"a789chess","15","17","32"
"aadrrshh","15","17","32"
"Abal9000","15","17","32"
"abaniisso","17","15","32"
"abbo1","16","16","32"
"abdelmoumen_dz","16","16","32"
"abhishekraj000","16","16","32"
"Absolutix","16","16","32"
"Aceus","18","14","32"
"Achoooo","15","17","32"
"adeer_ruckus911","16","16","32"
"Adrian_90","16","16","32"
"adrk2","17","15","32"
"Adty","16","16","32"
"afatsuMMustafa","15","17","32"
"Agent27Ted","15","17","32"
"AHHHHHHHHH99","17","15","32"
"ahmadzalat","15","17","32"
"Ahmedbrma96","17","15","32"
"Ahmedfekry90","16","16","32"
"Air69","18","14","32"
"AjedrezAlderetes","16","16","32"
"Ajmcm","15","17","32"
"Alam7","17","15","32"
"Alcofeibas87","17","15","32"
"AldoHB12","16","16","32"
"Aledesimone","16","16","32"
"alekslitvinov18","15","17","32"
"Alex7371","16","16","32"
"alex8888","14","18","32"
"Alexzander85","15","17","32"
"AlfredT","14","18","32"
"AliAh1","16","16","32"
"alighaff","16","16","32"
"alixyz1","16","16","32"
"AliYZBG","15","17","32"
"Alkhin22","16","16","32"
"Almuzik","15","17","32"
"ALPerAL","16","16","32"
"Alpha_T","14","18","32"
"amanecer00","16","16","32"
"ameer3000","15","17","32"
"amin_bors","15","17","32"
"Aminxan","17","15","32"
"Amir78_Hossein","16","16","32"
"Amirpyn","16","16","32"
"Amshuman27","17","15","32"
"Anagram112358","16","16","32"
"andaqueno","17","15","32"
"Andrej501","16","16","32"
"AndyPLsql","17","15","32"
"Anonymous_knight","15","17","32"
"antidoto","16","16","32"
"antonioyaco","16","16","32"
"aralbay1966","16","16","32"
"Aralmen","16","16","32"
"Aram2021Y","15","17","32"
"AramHelv","16","16","32"
"ArchieLeech","15","17","32"
"Ariff_90","16","16","32"
"Arildr","17","15","32"
"Arnau_2005","15","17","32"
"ARUNRNATHCHESS","16","16","32"
"arykp","17","15","32"
"Asad-Javed","16","16","32"
"asafn00b","16","16","32"
"atiruz","16","16","32"
"au6usto","16","16","32"
"augusteaus","17","15","32"
"Aurelien1403","16","16","32"
"aymanhelwanii","16","16","32"
"AzamatR23","16","16","32"
"azenaie","17","15","32"
"B_ooby","16","16","32"
"bababoss","16","16","32"
"babak2362","15","17","32"
"Babasik23","16","16","32"
"Babur_Eitook","17","15","32"
"bahriny22","16","16","32"
"Baka_240","14","18","32"
"balbazar02","15","17","32"
"ballajay","17","15","32"
"BallcrusherKakarot","16","16","32"
"Barrykuda","16","16","32"
"BassaPadovanaParon","18","14","32"
"BAYUR","16","16","32"
"benj179a","17","15","32"
"Benja_gp","15","17","32"
"benjamin2630","16","16","32"
"Benzy54","16","16","32"
"Bernieri","16","16","32"
"BHP1991","15","17","32"
"bigRovcho","16","16","32"
"BlackListHunter","17","15","32"
"blancon","15","17","32"
"BLANK_BOT","19","13","32"
"bluff_catcher1122","17","15","32"
"bobbyfische","16","16","32"
"bolbol217","15","17","32"
"BORELIEN","17","15","32"
"br-mariscal","17","15","32"
"braateng","16","16","32"
"BraveSirRobbo","16","16","32"
"Brian2627","16","16","32"
"BrittaBagels","15","17","32"
"broliko","17","15","32"
"Bronzeserpent","17","15","32"
"Bu88","16","16","32"
"buderw","16","16","32"
"BuildingUpwards","16","16","32"
"bulldoglegion","16","16","32"
"Bulletordd","15","17","32"
"BzzBzzBzzBzzBzz","16","16","32"
"C20H25N3O1","16","16","32"
"Cale12345","14","18","32"
"candycane204","17","15","32"
"CanWeGet_MuchHigher","15","17","32"
"CaparoT1","16","16","32"
"caparov","16","16","32"
"capivaara","18","14","32"
"casuallychess","17","15","32"
"catena2w","15","17","32"
"CausalChaos","15","17","32"
"CEBOUS","15","17","32"
"cedmat31","16","16","32"
"Chackaj","16","16","32"
"chakoludo","16","16","32"
"charukadeshan","16","16","32"
"ChasingOrion","14","18","32"
"chelgis","15","17","32"
"cheseme","16","16","32"
"chessb2020","15","17","32"
"ChessFiend_sa","16","16","32"
"chessgoldgen","17","15","32"
"ChessIsAFunGamee","15","17","32"
"chessking_132","15","17","32"
"ChessNomada","16","16","32"
"Chessperu2022","17","15","32"
"chesstort","16","16","32"
"chincha_74","18","14","32"
"chopchopPaks","16","16","32"
"Clapperofnubs","15","17","32"
"Coffeehousechess1","17","15","32"
"Cono_McGregor","16","16","32"
"Conquerorrr","17","15","32"
"COOPEM01","17","15","32"
"Corfucinas","17","15","32"
"Coronica","18","14","32"
"Cracolandia","17","15","32"
"crazyrooks74","16","16","32"
"creek138","15","17","32"
"Crowwitcher","16","16","32"
"CtenophoraCnidaria","15","17","32"
"Cuazar","16","16","32"
"Cugcvang","16","16","32"
"cwasdqwe","16","16","32"
"Dacoda","17","15","32"
"Darkest_Moment","16","16","32"
"DarkJango","14","18","32"
"darkshadowyoda","16","16","32"
"davidevillegas","16","16","32"
"dayf","16","16","32"
"daygsonsa","16","16","32"
"De-ashi-barai02","17","15","32"
"deepanramasamyy","17","15","32"
"Deku64","16","16","32"
"DerMarinier","15","17","32"
"desdowoddi","17","15","32"
"despacito_soodope","16","16","32"
"Devendra007R","16","16","32"
"dghhukiuygh","16","16","32"
"diegolma57","16","16","32"
"Diesel31ks","16","16","32"
"DIKISANA","15","17","32"
"dilipsoni1982","16","16","32"
"Dinliren","16","16","32"
"direnturkcerap","16","16","32"
"Dito231","14","18","32"
"dkonto","16","16","32"
"Dr_Kex96","15","17","32"
"DRAGON_CAVE","17","15","32"
"DragonRojo00","16","16","32"
"Drbassel85","17","15","32"
"DRFISCHER28","16","16","32"
"Duki33","16","16","32"
"duniaz","17","15","32"
"E27510011100554","14","18","32"
"Efairam19","15","17","32"
"EffinBA","16","16","32"
"eil58","15","17","32"
"Elcapo_botmaan","14","18","32"
"elmereneas","16","16","32"
"Elya71","16","16","32"
"emese","16","16","32"
"Emrah56","14","18","32"
"Engineprecision001","16","16","32"
"EnsignTendi","15","17","32"
"Erdem35k","18","14","32"
"ErdemKurtulus","17","15","32"
"Esadkarakaya","17","15","32"
"esgul","16","16","32"
"esn08","16","16","32"
"Ethansguitar12","16","16","32"
"evantheus","16","16","32"
"evgeniimonge2001","16","16","32"
"EzxMnM","16","16","32"
"fabmarqu","16","16","32"
"fan_tactic","17","15","32"
"fara0n","15","17","32"
"fay13011","17","15","32"
"Fer1","17","15","32"
"Ferencabo","16","16","32"
"Fernando_alv","17","15","32"
"Fernando_CXI","15","17","32"
"ferrocen","16","16","32"
"fevizcaino","16","16","32"
"Ff1976","16","16","32"
"FibonacciiccanobiF","16","16","32"
"fighterman2024","15","17","32"
"filly6612","16","16","32"
"Finchy1968","18","14","32"
"Fiskan","16","16","32"
"fjkv","16","16","32"
"FlailingKnight","17","15","32"
"FlankAttack","16","16","32"
"FormoMolfi","15","17","32"
"FotiFoti","16","16","32"
"Foxtalxe","15","17","32"
"Frapoio1234","15","17","32"
"frelectron","16","16","32"
"Friday_021","18","14","32"
"FunLawyer93","15","17","32"
"FutureGrxndmaster","16","16","32"
"fxgxcx","17","15","32"
"gabispinelli","14","18","32"
"gaduchka008","16","16","32"
"GAIA04","17","15","32"
"GAJA2000","15","17","32"
"Gamji","17","15","32"
"Ganesh_192","16","16","32"
"Gangadhar1962","18","14","32"
"gapin","16","16","32"
"Garcee","15","17","32"
"GardeAV","17","15","32"
"GardenShoe","17","15","32"
"gatewoodgrazing","17","15","32"
"gbo1905","16","16","32"
"gbrlbrt","16","16","32"
"GECEKONDU06","15","17","32"
"Geikelheinrich","17","15","32"
"giaconet","15","17","32"
"Gil1","17","15","32"
"GimmeAPiece","16","16","32"
"Giocatore100","15","17","32"
"giustobarbero","15","17","32"
"GiveMeFire","16","16","32"
"gizemlidede","17","15","32"
"gkammu8896","17","15","32"
"Gmalatesta","17","15","32"
"goldenswordo","15","17","32"
"goldenwa","17","15","32"
"gourdacier1","17","15","32"
"gp18","16","16","32"
"GrandmasterEttoh","15","17","32"
"greatzezo","15","17","32"
"gredino0759","15","17","32"
"GrendMestar","17","15","32"
"Greytomato","16","16","32"
"GTMchess","17","15","32"
"gtranie","16","16","32"
"Gzddnc","16","16","32"
"habda","16","16","32"
"Hailzitto","16","16","32"
"halibm","16","16","32"
"Hanniel2020","15","17","32"
"Hans_Zlin","16","16","32"
"hardikjoshi092","16","16","32"
"Hassanelmansy9999","17","15","32"
"HenriL","16","16","32"
"heptone","16","16","32"
"Herbyrainer","15","17","32"
"Hggfdbjknv_46863","17","15","32"
"HiIamnoob","16","16","32"
"hikarugg","15","17","32"
"Himanshuchess314","15","17","32"
"hishamaboyasmin","15","17","32"
"HiteshMadras","16","16","32"
"HKLemurFR","16","16","32"
"Hludowig_Karl","16","16","32"
"HOFdaddy","16","16","32"
"Holadiuti","18","14","32"
"Holanda1307","17","15","32"
"hossalboss","16","16","32"
"hrisgc","16","16","32"
"hydroelectric","15","17","32"
"HyfsatMolnigt","15","17","32"
"I3C","15","17","32"
"Iamgonnamakeyousweet","16","16","32"
"icapp","17","15","32"
"Icedblaze","17","15","32"
"IceFlyingStones","17","15","32"
"iehsn","17","15","32"
"Igor_Ivashchenko_61","15","17","32"
"imstupidbutiknow","16","16","32"
"in2sport","16","16","32"
"Iosif158","16","16","32"
"iPsycho","17","15","32"
"iquandty","15","17","32"
"Iraklisbowie19911991","16","16","32"
"IrCanadaCa","30","2","32"
"Ireniicus","15","17","32"
"Irlandec552","16","16","32"
"ismaeloeme","17","15","32"
"ismkr","15","17","32"
"Ivansab","16","16","32"
"IvanStankovic","15","17","32"
"jack666-999ff","15","17","32"
"Jahah","16","16","32"
"Jaloladdin91","16","16","32"
"Jamal_Khan","17","15","32"
"James_87","16","16","32"
"jamesfrwll","16","16","32"
"jamestha3d","16","16","32"
"Jan_de_Fries","16","16","32"
"Jandos1984","17","15","32"
"Jarek_wolny","16","16","32"
"Jarkent","16","16","32"
"javier40","17","15","32"
"Javineg","16","16","32"
"jbhowarth","17","15","32"
"JeffersonCris","15","17","32"
"JGGML","16","16","32"
"Jhojho16","17","15","32"
"jhony_4567","16","16","32"
"Jinesh1991","16","16","32"
"JJRVRD","16","16","32"
"Joanantperez","15","17","32"
"joaozinhogibi","15","17","32"
"JocokaCM","16","16","32"
"Johandenning","17","15","32"
"Johnpower","14","18","32"
"Jonasskjerpe","16","16","32"
"Jonny_riz","16","16","32"
"Josayayque","18","14","32"
"josh12794","17","15","32"
"jpayero","16","16","32"
"JudeBaeTorrens","17","15","32"
"julcia2008","16","16","32"
"justatitanic","15","17","32"
"jwlSUSHIL","16","16","32"
"jxk040","16","16","32"
"k_20","17","15","32"
"k0k0s0v","17","15","32"
"kadakonesad","16","16","32"
"kahaqqani","15","17","32"
"KAKAXEH","16","16","32"
"KALALEX","16","16","32"
"Kamacheck","15","17","32"
"kanyewestlover31","17","15","32"
"karengrigoryan","16","16","32"
"KarthikRajasekaran","15","17","32"
"KAS101","15","17","32"
"Kashiss","16","16","32"
"Kawhy","17","15","32"
"Kazmensar","15","17","32"
"kemes","15","17","32"
"Kescollah","16","16","32"
"KevintheSloth","15","17","32"
"kheyanjie","15","17","32"
"KingCheeks","17","15","32"
"kingnothing12","16","16","32"
"KingOfTheCastle78","17","15","32"
"kingpin1985","17","15","32"
"klaky","17","15","32"
"klay_01","16","16","32"
"knight1967","16","16","32"
"koosh18","16","16","32"
"korbi632","17","15","32"
"kr4ter","16","16","32"
"krefter","18","14","32"
"Kudrat87","15","17","32"
"kurunch","16","16","32"
"Kuzen-den","17","15","32"
"l-l_l-l_l-ll_l-lll_l","16","16","32"
"La_Capitella","17","15","32"
"LaAristocracia","17","15","32"
"Laura_Penagos_1","16","16","32"
"Lazio5","16","16","32"
"lcastilhone","16","16","32"
"LCfardHard2023","15","17","32"
"LCM1101","15","17","32"
"Leahven","18","14","32"
"leleko_chess","17","15","32"
"leo-mueh","15","17","32"
"Leonardt_Eric","15","17","32"
"Leonsantillan","15","17","32"
"Lev_Kuchinski","15","17","32"
"lezplay","14","18","32"
"likeshadows","17","15","32"
"lilivmon","17","15","32"
"LimMinZhe","17","15","32"
"linogallardo06","15","17","32"
"LittleLiam","12","20","32"
"lkjhgfdsam","16","16","32"
"ll4711","16","16","32"
"llbr82","16","16","32"
"Lloydte","17","15","32"
"locomotivlommedalen","15","17","32"
"LordMustard","16","16","32"
"loulouleloubard","17","15","32"
"ltarget","16","16","32"
"lubunoleh13","16","16","32"
"LudwigDerDeutsche","17","15","32"
"lupusfulmen","16","16","32"
"LV_COOLIO1995","17","15","32"
"lvl2Pikachu","17","15","32"
"LXCHQBM","16","16","32"
"lyba_is_barnaula","16","16","32"
"machacao","16","16","32"
"mackattack45555","16","16","32"
"mag-muhtar","15","17","32"
"Maggy","18","14","32"
"magicsentence","15","17","32"
"MagneticSoda14","16","16","32"
"Mahdim3656","17","15","32"
"mahdiqahtani","16","16","32"
"MahendraBK","17","15","32"
"Mahoaga2","16","16","32"
"Makibinyane420","15","17","32"
"ManishRathaur","15","17","32"
"MansDeep","15","17","32"
"MARADOTA","15","17","32"
"marcela743","17","15","32"
"Mariush71","16","16","32"
"markonenDumnic","16","16","32"
"Marti_G","17","15","32"
"MarVal","16","16","32"
"masograph","16","16","32"
"Masowa_bo","16","16","32"
"mast3rs","17","15","32"
"Matarata1","16","16","32"
"Matthaus87","17","15","32"
"Mattias89","15","17","32"
"mattobato","17","15","32"
"maurothesubtleknife","17","15","32"
"maxxxl","15","17","32"
"Mazzettass","17","15","32"
"mbits","15","17","32"
"md1612","16","16","32"
"medoatif","16","16","32"
"Medusa69","16","16","32"
"mehrabrad","16","16","32"
"metalicame","16","16","32"
"michey","16","16","32"
"miggs66","16","16","32"
"Miguelgm76","15","17","32"
"mihajlothegreat","15","17","32"
"mihon4ik","16","16","32"
"MikaJD","17","15","32"
"mike_flotsam","15","17","32"
"MikiMiki2013","17","15","32"
"milnor","16","16","32"
"mingote0","18","14","32"
"MiniDora","16","16","32"
"mirella2001","17","15","32"
"MirSultanKhan45","17","15","32"
"Mirthandir","17","15","32"
"Mister_Swing","16","16","32"
"Mitchelotl","17","15","32"
"mkays","16","16","32"
"Mnsanje","16","16","32"
"moallem","17","15","32"
"MOH77","16","16","32"
"mohamad15127081","17","15","32"
"MohamedEka","16","16","32"
"mohan_krishna_byech","16","16","32"
"momoabaidy","15","17","32"
"Mond6h","15","17","32"
"monello55","16","16","32"
"Morgano76","16","16","32"
"mos_andreas","16","16","32"
"MoSobhy9","16","16","32"
"Motorradho","17","15","32"
"Mrad00","15","17","32"
"MrCosoto","16","16","32"
"MrDiegues","15","17","32"
"MrPerceptron","16","16","32"
"MrShowdown","17","15","32"
"Mskenszi","16","16","32"
"MummyCrusher67","16","16","32"
"Murat_Oelmez","15","17","32"
"mustaaaaafaaaaa","17","15","32"
"Mustofaaaa","16","16","32"
"Muwa","15","17","32"
"mvarela","17","15","32"
"Mydherin","16","16","32"
"mymommadontlikeyu","17","15","32"
"Mysteriiio","15","17","32"
"nabil23","16","16","32"
"Naevoleia","16","16","32"
"nairerh","17","15","32"
"Nashie4152pc","16","16","32"
"nashu","16","16","32"
"Nasserk","17","15","32"
"nathanng88","16","16","32"
"Naujnauj","18","14","32"
"naymul74","15","17","32"
"NeHargen","17","15","32"
"nelsonjava","16","16","32"
"Nemmy","16","16","32"
"newpart","16","16","32"
"nezaras2000","15","17","32"
"Nick121212","16","16","32"
"Nickp91","16","16","32"
"Nicky1987","16","16","32"
"NicNac11","16","16","32"
"Niki1122","17","15","32"
"nnav10","16","16","32"
"nomo1972","17","15","32"
"NqobileM","16","16","32"
"Nurlan81","16","16","32"
"obasa","15","17","32"
"obit357","15","17","32"
"OdeyMLlCG","16","16","32"
"Oirat08","17","15","32"
"Oleg_M1806","7","25","32"
"Oliva1911","17","15","32"
"olovorot","17","15","32"
"olsonkarlp","15","17","32"
"Oltg_XXX","18","14","32"
"Omar0011","14","18","32"
"Omtezien","16","16","32"
"On1ba","17","15","32"
"OneMoveMan4","16","16","32"
"OooPpp1234567","17","15","32"
"OppaTakBerdaya","18","14","32"
"orangina91","18","14","32"
"osel1234","16","16","32"
"Outchitel","17","15","32"
"ovsyanki","15","17","32"
"Oyunkhuu","16","16","32"
"ozkn2121","18","14","32"
"pach84ra","15","17","32"
"paimas","16","16","32"
"Palindromuz","16","16","32"
"Pannefats","17","15","32"
"panoulis27","16","16","32"
"Papapharmacy","16","16","32"
"partho98","15","17","32"
"patrick344","16","16","32"
"PB999","16","16","32"
"PEBETE","16","16","32"
"pechorin00","17","15","32"
"PekelnikSK","17","15","32"
"Perditurus","15","17","32"
"perpetualRook1111","16","16","32"
"Personaltouch","15","17","32"
"peti1234","17","15","32"
"Petronela","17","15","32"
"Petrova_Anna1207","16","16","32"
"Philipp_W","16","16","32"
"pii_leon","15","17","32"
"PiMax","15","17","32"
"PJ777","16","16","32"
"play_zurtz_g0o","16","16","32"
"plb2022","18","14","32"
"pml0040","16","16","32"
"PotatoPromise","15","17","32"
"Pratikysygs","16","16","32"
"prestigo123","16","16","32"
"Princepe28","15","17","32"
"ProtoAI","17","15","32"
"Proxava","16","16","32"
"PSUMAESTRO","16","16","32"
"pumas69sl","17","15","32"
"Punxxx","16","16","32"
"pxtrxia","16","16","32"
"qahramany","17","15","32"
"qazplm","18","14","32"
"qlqcoisa","16","16","32"
"quickplayer2021","15","17","32"
"r0nith","16","16","32"
"raajsrini","15","17","32"
"rafikbeloucif","16","16","32"
"rahimbhamani","17","15","32"
"raiderplayer","15","17","32"
"rainscent","15","17","32"
"Ralqaiwan","15","17","32"
"RAMCpu","17","15","32"
"ramKsmine","16","16","32"
"raskolnikov5","16","16","32"
"recepkoc","15","17","32"
"Retter1","15","17","32"
"Rezguisamir","15","17","32"
"ringome","17","15","32"
"Riyad8394","17","15","32"
"rnnrohit","16","16","32"
"Robert_Ashkaluni","16","16","32"
"Rodion_2012","15","17","32"
"Rogelio-Garcia","16","16","32"
"RoJoGM","16","16","32"
"Rokydm","16","16","32"
"RomanSol","16","16","32"
"Romeodoc","18","14","32"
"romieliseo","17","15","32"
"ronush","16","16","32"
"rossi07","16","16","32"
"royax19","16","16","32"
"RRASTKO","15","17","32"
"Rubydean","15","17","32"
"ruhulaminzaki","16","16","32"
"ruter","16","16","32"
"sadulla7636","16","16","32"
"saif20","16","16","32"
"saifud_OPG","15","17","32"
"sainech","19","13","32"
"Salahmguirhi","16","16","32"
"Sanchit-123","17","15","32"
"SanDinist","16","16","32"
"Sardoruz","15","17","32"
"savasdurdu44","16","16","32"
"Sayam0703","16","16","32"
"sazond","15","17","32"
"schachsinnig","16","16","32"
"Schipio","17","15","32"
"Screechy_123","16","16","32"
"Seafore","16","16","32"
"secret_player_07","15","17","32"
"SEDYSHEV","16","16","32"
"sefa2566","16","16","32"
"semprex","17","15","32"
"Sennaquerib","16","16","32"
"Sensorionn","15","17","32"
"seydabadi","18","14","32"
"SG1010","26","6","32"
"Sharannn7","16","16","32"
"sheikh692","16","16","32"
"Shikamaru_1","15","17","32"
"shivammmmmmm","15","17","32"
"Shobhit_Singh","17","15","32"
"ShuTak9","16","16","32"
"signi","16","16","32"
"Siiiiiii007","16","16","32"
"SilverKn1ght","16","16","32"
"simonriwatson","15","17","32"
"Ska112","16","16","32"
"Skai_434","17","15","32"
"Sklejka","16","16","32"
"Sleeplessknight2","18","14","32"
"Slivoviy","16","16","32"
"SlowhandCriss","17","15","32"
"Smosavi1399","16","16","32"
"Soci-kisir-Pulutan","15","17","32"
"Sohailmorani","16","16","32"
"sohrabsulduz","17","15","32"
"sokiskatA","15","17","32"
"solodiosabe","16","16","32"
"sometimesplayer","16","16","32"
"Sontticayn","17","15","32"
"sookee","15","17","32"
"SorryNAdvance","16","16","32"
"Speed-Kills","15","17","32"
"spicydabeli","16","16","32"
"spicysili","16","16","32"
"Ssd86","16","16","32"
"steersnumber22","17","15","32"
"Stephi66","14","18","32"
"Stormblessed22","15","17","32"
"stphitesh270","16","16","32"
"streamaker","17","15","32"
"Stricknadel","16","16","32"
"sudanchess2020","16","16","32"
"sukruymk","15","17","32"
"Sumesh_Kerala","15","17","32"
"Sumik1","17","15","32"
"superrobroy","15","17","32"
"svvmilan","15","17","32"
"swieras","16","16","32"
"Swilly10","16","16","32"
"syazwipi","15","17","32"
"szymons","15","17","32"
"Szynnalek","15","17","32"
"tadekmakul","17","15","32"
"Tadinac","16","16","32"
"Tafa35","17","15","32"
"Tafteuf","16","16","32"
"talentosajedrez","17","15","32"
"Tanish_Singhal","15","17","32"
"TanjaLu","17","15","32"
"Tatiana_Kostak","19","13","32"
"Tavut","15","17","32"
"taylor5877","16","16","32"
"tbrooks333","16","16","32"
"tdatsuk","17","15","32"
"tdbangz","15","17","32"
"TealLion","15","17","32"
"tema_095","18","14","32"
"TemerariousAditya","15","17","32"
"terminator34","18","14","32"
"teymurashury","16","16","32"
"TFD1968","15","17","32"
"The_Nines","17","15","32"
"TheExperimentor","16","16","32"
"theSmurfUs","17","15","32"
"TheSortax","16","16","32"
"TheWojackZevallosSAG","15","17","32"
"thilo33","17","15","32"
"Thingamaboby","16","16","32"
"Thinkfasthippie","16","16","32"
"Tiger_27","16","16","32"
"tim85-85","15","17","32"
"Timur_Abaildaev","15","17","32"
"Timur-Schwank","17","15","32"
"TomBa8","15","17","32"
"tomthomas1234","16","16","32"
"Top-Cat","16","16","32"
"Tornon","15","17","32"
"Trailblazer8RPLitF","16","16","32"
"trampmaga","16","16","32"
"tratle","15","17","32"
"trextre","16","16","32"
"turkmenchess2023","17","15","32"
"Twopizza_i_am","18","14","32"
"ultrainvest","16","16","32"
"Umutboz01","16","16","32"
"ungerfall","16","16","32"
"unkas12","16","16","32"
"Unyeli_Geri_Dondu","16","16","32"
"UraKing1","17","15","32"
"vagabul","16","16","32"
"valney_carneiro","16","16","32"
"Vargatron","18","14","32"
"vchintan","14","18","32"
"VEJ1914","16","16","32"
"Versuchskaninchen","17","15","32"
"Vestary","17","15","32"
"vetinari77","17","15","32"
"Veysi_is_coming","16","16","32"
"VG_Nagi","16","16","32"
"vickykiller","17","15","32"
"Vine0308","16","16","32"
"vitpecha","16","16","32"
"vladimirenderov","17","15","32"
"VladimirSpir","17","15","32"
"VOLLLAST","16","16","32"
"VuqarFatali","16","16","32"
"vwv9999","17","15","32"
"w1vern","16","16","32"
"wackosters","16","16","32"
"WALTFER68","15","17","32"
"Wanyonyi_jnr","17","15","32"
"Watermelon-27","17","15","32"
"Wilkan","17","15","32"
"wisebanda","15","17","32"
"www-hubofgaming-com","15","17","32"
"xiamara23","18","14","32"
"yaaark","16","16","32"
"yannleningrad","15","17","32"
"yeafers","17","15","32"
"YefimFyodorrow","16","16","32"
"Yis","14","18","32"
"yogeshband","15","17","32"
"youngrus","14","18","32"
"Yuigami","15","17","32"
"Yunito","15","17","32"
"YurBon","18","14","32"
"Yury_Chi","16","16","32"
"Yxcv987","16","16","32"
"Zakyska","17","15","32"
"zami56","16","16","32"
"zaskamil_slow","16","16","32"
"zbob","14","18","32"
"Zecariov1957","15","17","32"
"zelyasi","15","17","32"
"Zen_057","16","16","32"
"zgarcit","16","16","32"
"zhusup","16","16","32"
"zigg33200","17","15","32"
"ZimMagnus","17","15","32"
"Zvonimir_Prvi","15","17","32"
"a88asov","17","14","31"
"ababil80","15","16","31"
"abhayrajchauhan","15","16","31"
"Abo1985","16","15","31"
"absolutebort","15","16","31"
"adal15","10","21","31"
"Adeng07","16","15","31"
"afartwithnoname","16","15","31"
"Africa_Man","16","15","31"
"aFurkanng","17","14","31"
"agent4701","16","15","31"
"AGHM0","15","16","31"
"ahmadsamir260","15","16","31"
"ahmela","14","17","31"
"aizi997","16","15","31"
"Ajaykumar1111","16","15","31"
"akash1151483","16","15","31"
"AkbarAli78_SCC","15","16","31"
"akgambit","15","16","31"
"AKUdgir_19-52","16","15","31"
"akustik-3691","15","16","31"
"AlbertoEsc","16","15","31"
"albi1967","16","15","31"
"Albiran","16","15","31"
"Aldii","15","16","31"
"Aledvako","15","16","31"
"AlejandroRivas","15","16","31"
"Alex44449","14","17","31"
"alexandrospapa","15","16","31"
"Alexjuste","16","15","31"
"Alexzheg","13","18","31"
"Alfiere-g2","16","15","31"
"Alfill","15","16","31"
"Ali-kasem","15","16","31"
"aliahmedchees533070","15","16","31"
"alisan-k","17","14","31"
"aljechinbeat65","15","16","31"
"aljehinn","16","15","31"
"AlPacino80","18","13","31"
"amiguitos","15","16","31"
"amueedq","17","14","31"
"amusrn","15","16","31"
"Anbusara12","16","15","31"
"anchorchain","16","15","31"
"Andile22","16","15","31"
"Andrei_Kudryshov","15","16","31"
"Andrei2468","15","16","31"
"andrexflorex","15","16","31"
"Angelbello2020","16","15","31"
"Angelo69420","16","15","31"
"angeluki06","15","16","31"
"ANIL_MIX","16","15","31"
"Anna_panicking","15","16","31"
"Ant1","16","15","31"
"ant1999chess","14","17","31"
"anticule","17","14","31"
"antikrak","15","16","31"
"AramKarg","17","14","31"
"Aravindh7413","14","17","31"
"Ark11","16","15","31"
"Arnold_ucf","16","15","31"
"Arps89","15","16","31"
"Arsemia123","15","16","31"
"Arsim18","15","16","31"
"As0104","15","16","31"
"Ash9497","15","16","31"
"aspergesme","16","15","31"
"asrt09","15","16","31"
"Astronom333","16","15","31"
"atakanSarsam1999","15","16","31"
"athul99","16","15","31"
"AtlantisM","17","14","31"
"Aveng2005","17","14","31"
"Avgchessplayer","16","15","31"
"avkemal","16","15","31"
"AvmanG","16","15","31"
"azat_89","15","16","31"
"Aze_009","15","16","31"
"Baaaahir","15","16","31"
"babak-1365","17","14","31"
"BachBWV1080","16","15","31"
"bakura97","15","16","31"
"balden_kov","15","16","31"
"baljeetsingh","15","16","31"
"bang_barus","16","15","31"
"barbara_sindi98","15","16","31"
"basiliob","15","16","31"
"Basty79","16","15","31"
"batchessbastar","16","15","31"
"Beauvoire","15","16","31"
"behnam1725","15","16","31"
"Benakahala","14","17","31"
"BenJStone","15","16","31"
"Benok","14","17","31"
"bernes","14","17","31"
"BertoltBrechd","16","15","31"
"Bhabani_sankar","17","14","31"
"Bica","16","15","31"
"Biermuskel","15","16","31"
"BigA14","16","15","31"
"BigPashka","17","14","31"
"bilelchess","16","15","31"
"bivalves","16","15","31"
"blacksheep57","15","16","31"
"BloggerdawsiCantil","16","15","31"
"bloodofghosts","15","16","31"
"Bluemant","14","17","31"
"BobbyFisher2883","16","15","31"
"bobbykay","14","17","31"
"Bodybuilding_Chess","17","14","31"
"Bonitoboniato","17","14","31"
"Bosjel","15","16","31"
"Bousmail","16","15","31"
"BraunerBauer","15","16","31"
"breinercorrea","16","15","31"
"BrezhnevDoctrine","16","15","31"
"Bryne_Ra","17","14","31"
"buaya24","15","16","31"
"bujman003","17","14","31"
"BulletBrut","15","16","31"
"burakbaba95","15","16","31"
"burundangasas_UNALM","16","15","31"
"Butempel","15","16","31"
"Byering","16","15","31"
"byud08","16","15","31"
"CABALLERO-ROJO","18","13","31"
"cakig","14","17","31"
"californiapoppy","16","15","31"
"canne_a_surce","15","16","31"
"Capanoirca","16","15","31"
"CAPIVARASSA","15","16","31"
"carlhu","15","16","31"
"Carloslo","14","17","31"
"carlossan2040","16","15","31"
"Carsarus96","16","15","31"
"castleman7","15","16","31"
"Cave_Thinker","14","17","31"
"cazadordetopos","16","15","31"
"ccrystalann","16","15","31"
"cduffield","15","16","31"
"celalcyprus","15","16","31"
"cello2econ","16","15","31"
"Celson86","15","16","31"
"Cemalkinggambit10","15","16","31"
"center2008","15","16","31"
"cepreu366","16","15","31"
"Checho19","16","15","31"
"chequealb","16","15","31"
"cherrymint","15","16","31"
"chervona_ryta","16","15","31"
"Chess_Assasin1","14","17","31"
"Chess-Tales","15","16","31"
"chesskingdum","14","17","31"
"chessman0803","15","16","31"
"Chessmastercol","15","16","31"
"ChessmasterZed","15","16","31"
"ChessNevertheless","16","15","31"
"Chesspirito23","14","17","31"
"Chetankotkar","15","16","31"
"Chimwemw7","16","15","31"
"Choriste","17","14","31"
"christianvelarde","15","16","31"
"Christopher27","16","15","31"
"chu3r","14","17","31"
"CIA_AGENT_GANS","16","15","31"
"CJ1313","17","14","31"
"cjexploxivo","16","15","31"
"ckarakas","15","16","31"
"Claymore88","16","15","31"
"Clemence22","16","15","31"
"clementeique","16","15","31"
"Clifford_ngwillz04","16","15","31"
"CodeSlam","16","15","31"
"Col_Mustarded","15","16","31"
"Comodo69","17","14","31"
"ComoriPsaltice","16","15","31"
"Control80010099","15","16","31"
"copper_pawn","15","16","31"
"CreedenceClearwaterR","15","16","31"
"crouchingbunny","15","16","31"
"crrrap","17","14","31"
"cz_eqwo","15","16","31"
"D1404","16","15","31"
"d17in","16","15","31"
"DaArtfulDodger","15","16","31"
"DadoDennys","16","15","31"
"dapashman","18","13","31"
"dariochess","15","16","31"
"Darko-maslac","15","16","31"
"dasenjo","16","15","31"
"DaudKLCC","15","16","31"
"DCBsoft","16","15","31"
"DEFENDERFROMUKRAINE","16","15","31"
"deilosaurus","16","15","31"
"DerweisseTurm","15","16","31"
"Destroyer6565","15","16","31"
"deutre","13","18","31"
"digitalglobe","15","16","31"
"Dimannoff","16","15","31"
"dimash6969","16","15","31"
"Dims6780","17","14","31"
"direktor1611","16","15","31"
"DiscoSpider","15","16","31"
"DMBARODIYA75","16","15","31"
"Dmishev","16","15","31"
"dmitry_ozn","16","15","31"
"dobydobydoby","15","16","31"
"DoktorNauke","15","16","31"
"don_dada23","15","16","31"
"doodaantapirs","15","16","31"
"Doprano","15","16","31"
"Dr_drastic","15","16","31"
"dr1ga3","15","16","31"
"dr1ziko","16","15","31"
"DR3185","17","14","31"
"DragonEndgame","16","15","31"
"dragonpro123SL","16","15","31"
"dranlygn","15","16","31"
"DrArkaMukhopadhyay","16","15","31"
"DrDressler","17","14","31"
"Drunk-GM-to-be","15","16","31"
"ducatista1969","15","16","31"
"dugman","14","17","31"
"dukeuche","15","16","31"
"dzalbo","16","15","31"
"eagledenis","15","16","31"
"Eaucine_AB","16","15","31"
"EbreoErrante","17","14","31"
"Eburu_sanmi","15","16","31"
"EdgarAllanFlowOG","15","16","31"
"Edieladio","15","16","31"
"Edney_Bonfim","17","14","31"
"EdwardLava","16","15","31"
"EEGP42","16","15","31"
"Egonm02","15","16","31"
"Elch_RDG","15","16","31"
"Elchacal0173","16","15","31"
"elgatoguapo","16","15","31"
"elgoker22","16","15","31"
"ELhadedyking","16","15","31"
"elimpostor88","15","16","31"
"eliseo507","15","16","31"
"eliseoluque","15","16","31"
"ellingzen","15","16","31"
"elmura","14","17","31"
"emmars_azul","16","15","31"
"emorej21","17","14","31"
"empi29","15","16","31"
"Enginelinesarefake","14","17","31"
"Enigma97","16","15","31"
"Enredador","16","15","31"
"EnriqueSalgado11","16","15","31"
"entoni77","16","15","31"
"erdbeerchen","16","15","31"
"Ergistal","16","15","31"
"EricQQ","16","15","31"
"ErockxD","15","16","31"
"ertugrulefs","15","16","31"
"es123es","14","17","31"
"Estramil","15","16","31"
"ete-2575","16","15","31"
"etebster","16","15","31"
"etkz","16","15","31"
"EverMll","15","16","31"
"Excarlibur","15","16","31"
"ExtRebellion","16","15","31"
"ezrov","17","14","31"
"F1975","15","16","31"
"fabiothedestroyer","15","16","31"
"fadyn42","15","16","31"
"fahriarif","16","15","31"
"Faiz_Infinite","16","15","31"
"fareshorse","16","15","31"
"FaRo_chess","16","15","31"
"fataldeflection","16","15","31"
"FatBishopStink","16","15","31"
"fattyvic","15","16","31"
"fedor20200","16","15","31"
"fernandusho","16","15","31"
"ff9254","16","15","31"
"Fili5150","16","15","31"
"FirstGamex","15","16","31"
"Flag-Hippo","15","16","31"
"Follis_1","16","15","31"
"fransua19","15","16","31"
"FraTan","16","15","31"
"Fredrich23","14","17","31"
"Frostschaden","16","15","31"
"Galan1359","15","16","31"
"Gambito-Guzman","15","16","31"
"GAMBITPLAYEr22","15","16","31"
"Gamingmood","15","16","31"
"Gapparov","16","15","31"
"Garthian","15","16","31"
"Gauravgolu","16","15","31"
"Gauthamkhated","16","15","31"
"GeoScience","16","15","31"
"geova_gonortz","14","17","31"
"get2rid","14","17","31"
"GGMelias","15","16","31"
"ghyytr","18","13","31"
"Gianini","15","16","31"
"Gino06","14","17","31"
"gli8nani","14","17","31"
"GlukhovAn","17","14","31"
"GMizi","15","16","31"
"gmsaito0010","15","16","31"
"gnark","16","15","31"
"gogaruless","13","18","31"
"Goofy00","14","17","31"
"GorkyR","15","16","31"
"gram_z_kibla","16","15","31"
"gretajuno","14","17","31"
"Grizli1993","16","15","31"
"gsadawartwale","15","16","31"
"guinero68","15","16","31"
"gunesmuhittin","16","15","31"
"gurplusmohan","15","16","31"
"gustavoguevara","15","16","31"
"hab_rii7","16","15","31"
"habibseyfullahberk","17","14","31"
"Hafits","16","15","31"
"HANCHIK_1","16","15","31"
"hanificetin","16","15","31"
"Hankhilss","15","16","31"
"Hannaawais","14","17","31"
"Hape363","16","15","31"
"harnous","16","15","31"
"HaroldChaala","15","16","31"
"Harry0163","16","15","31"
"HERALC","15","16","31"
"HeRo55","16","15","31"
"hhkanokur","15","16","31"
"highKYIV","15","16","31"
"HikarusLongLostTwin","17","14","31"
"hispanohablante","17","14","31"
"hma7841","16","15","31"
"hoeyak","15","16","31"
"holdencaulifield1945","15","16","31"
"HouseOfChexkmate01","16","15","31"
"hrco_cro","16","15","31"
"hrrs1","15","16","31"
"hrustyler","16","15","31"
"hsermeno","14","17","31"
"hubert17299","15","16","31"
"hudsonr","15","16","31"
"HULK9911","17","14","31"
"Hussein0808","16","15","31"
"Huttetu","16","15","31"
"I_am_someone_else","16","15","31"
"I1976Freedom","15","16","31"
"IAMSHOCKED2007","15","16","31"
"ibovic","15","16","31"
"iceindrawati","15","16","31"
"Ifkimey","14","17","31"
"IKOKAI","15","16","31"
"ilanlili","15","16","31"
"IldarAbdurakhimov","15","16","31"
"Ilya10011993","15","16","31"
"in_V_ader","16","15","31"
"indeyes","15","16","31"
"Indianmastermind","15","16","31"
"inf1x","16","15","31"
"INSANITY1402","16","15","31"
"Instantmatthew","15","16","31"
"ioan12","15","16","31"
"IoanaJulien","15","16","31"
"iPjanic","15","16","31"
"Iplaytoloseonly","15","16","31"
"Ippon99","15","16","31"
"IQc2Ng5","16","15","31"
"IR_Wonk","13","18","31"
"irungu02","14","17","31"
"Islerosedefendio","16","15","31"
"ISpaceCowboyI","15","16","31"
"Israel_Lopez_Navarro","15","16","31"
"Issac34","16","15","31"
"Istyle","16","15","31"
"isuckatthis89","15","16","31"
"itagen","16","15","31"
"IvanGP6","15","16","31"
"j0hnnyp","16","15","31"
"JabezAntonioCanilang","16","15","31"
"jacmkno","15","16","31"
"jacmos3","15","16","31"
"jacobx","15","16","31"
"jaculapio","16","15","31"
"Jan-Alex","15","16","31"
"janely","16","15","31"
"jaramillus","15","16","31"
"jcmesafischer","16","15","31"
"JeanLACASSAGNE","16","15","31"
"Jegg_64","16","15","31"
"Jellenio","15","16","31"
"JenesisMC","15","16","31"
"JerryWest44","15","16","31"
"Jetar","15","16","31"
"Jeyck1129","16","15","31"
"jherrma","14","17","31"
"Ji1mmyneutr0n","15","16","31"
"jigarrr","16","15","31"
"jimrix","15","16","31"
"Jirestedt","16","15","31"
"jjBarea","17","14","31"
"JJGreene","15","16","31"
"jkarl2","16","15","31"
"jkup11","16","15","31"
"JoaoG","15","16","31"
"johani21","15","16","31"
"JohannesBirk","15","16","31"
"JohnOchoco","15","16","31"
"Jojo0805","16","15","31"
"jonaspy","14","17","31"
"jorgegav42","16","15","31"
"JosephFrasco","15","16","31"
"Joszko666","17","14","31"
"Joywin_07","16","15","31"
"Juancadillo","15","16","31"
"JuHaNi","15","16","31"
"jupanvasile","15","16","31"
"jura80Rhzev","16","15","31"
"justine99","15","16","31"
"justtheotherknight","15","16","31"
"k2k0021","12","19","31"
"k3ma1","17","14","31"
"Kacparoff","16","15","31"
"KakashiHatake_6","15","16","31"
"Kamaz-Poland","17","14","31"
"Kamman","15","16","31"
"kamrava5102","15","16","31"
"Kaneshtheknight","15","16","31"
"kaplankaan","16","15","31"
"Karamov_Stepan","13","18","31"
"karinatum","15","16","31"
"kartall01","15","16","31"
"Kaschpar-Off","15","16","31"
"kaustav_cr7","15","16","31"
"Kawe_B","14","17","31"
"kciveo","16","15","31"
"Kctcaner","15","16","31"
"KDMFan","16","15","31"
"KeeponTruckin","15","16","31"
"kendalo","16","15","31"
"KevinStick","15","16","31"
"KG_M","17","14","31"
"kguzik","15","16","31"
"kheiro97","15","16","31"
"khongormongol108","15","16","31"
"KianUnborn","15","16","31"
"kiksed44","15","16","31"
"killingit","16","15","31"
"KimJongFoss","14","17","31"
"KingGadamer","13","18","31"
"KKnight898","16","15","31"
"klinker68","16","15","31"
"kobuniko","15","16","31"
"kocakasan","16","15","31"
"Kolja11235","16","15","31"
"kratos-30","15","16","31"
"krd78","16","15","31"
"Kudipietro","15","16","31"
"KUMMUK","15","16","31"
"kunal_tm","16","15","31"
"kurnoolchess","16","15","31"
"Kuukn","16","15","31"
"kvasmalith","16","15","31"
"KzkvVdm","15","16","31"
"L_3115","16","15","31"
"Lambdassadeur","15","16","31"
"Landrym1","15","16","31"
"LaoSehza","15","16","31"
"lapooly","16","15","31"
"LASNIN","15","16","31"
"lateNightPlayer31","15","16","31"
"LAUROVARGASFILHO","15","16","31"
"lavi134","15","16","31"
"learner99","16","15","31"
"learnh1-0","16","15","31"
"learninglearning","15","16","31"
"Lebron_Federer","15","16","31"
"lenatigran","15","16","31"
"leo1322","16","15","31"
"LeoF12021","15","16","31"
"Leondeparque8818","18","13","31"
"lgpenate","15","16","31"
"LiefKK","16","15","31"
"Lingdong22","17","14","31"
"Little_red_cap","16","15","31"
"Ljubojevic","20","11","31"
"Lose14","17","14","31"
"louis2705","16","15","31"
"Lugsyf","16","15","31"
"Lylia02","15","16","31"
"MacerV","15","16","31"
"MACHD","15","16","31"
"magdavid","16","15","31"
"Magdido","16","15","31"
"magnuscharlsenec","15","16","31"
"MagnusEsMiGato","17","14","31"
"magnuskumar2","15","16","31"
"mahil1981","15","16","31"
"maikl_taunly","14","17","31"
"Makar6za","15","16","31"
"Maks_GuyOfKneeCheck","15","16","31"
"malangero","15","16","31"
"maldicao","16","15","31"
"Malekove10","16","15","31"
"Maletaja1","15","16","31"
"mangut","18","13","31"
"Manoj_jadhav88","16","15","31"
"manu-hermann","17","14","31"
"Manyutej","17","14","31"
"Marc605","18","13","31"
"Marcedddu","14","17","31"
"MarcoSau","16","15","31"
"MarcosFernandezP","15","16","31"
"marcusmubanaga","15","16","31"
"Mariomiranda2020","14","17","31"
"MarioMolinaAlcalde","15","16","31"
"MarkusEssen","15","16","31"
"marpa123","16","15","31"
"MartinGFidanovski","16","15","31"
"masterjamal_TCC","15","16","31"
"MasterShd","15","16","31"
"Max_Rockatinsky","15","16","31"
"MaximusDM89","14","17","31"
"maxxgggg","16","15","31"
"mayurmoghe01","15","16","31"
"Mazzon","16","15","31"
"mehdiFRZ","14","17","31"
"mehmetbal79","15","16","31"
"Mehrad-bz","16","15","31"
"mehrsamm","17","14","31"
"melanch0li","15","16","31"
"mequinh","17","14","31"
"merad1988","16","15","31"
"MeRo78","15","16","31"
"Meshal0","16","15","31"
"mfazomnyama","17","14","31"
"mhgoal","15","16","31"
"mhmdove","14","17","31"
"michu99v2","15","16","31"
"MihranMuschexi22","15","16","31"
"Mir5ik","13","18","31"
"Mirandelas3","16","15","31"
"mirdas66","15","16","31"
"MisterMu","16","15","31"
"mjc81","16","15","31"
"MkUrMv","15","16","31"
"Mnotov","15","16","31"
"Mog9000","16","15","31"
"mohauza","15","16","31"
"Mollyetpapa","15","16","31"
"MonichMaxim","15","16","31"
"Morix42","17","14","31"
"mostafa2022","15","16","31"
"movindu135","16","15","31"
"Mozantanjero","17","14","31"
"Mozg-work","16","15","31"
"Mr_Bishop_Blunderer","17","14","31"
"mrqrush","14","17","31"
"Mrs_Cookie","17","14","31"
"MrShocker","15","16","31"
"mscriven","15","16","31"
"Mseserovich","16","15","31"
"msrt02","15","16","31"
"Muhammad_Mustafo","15","16","31"
"MuItiqwert","16","15","31"
"murky14088","16","15","31"
"mynameishidaddy","14","17","31"
"NaAbordazh","14","17","31"
"nader-sedghi","15","16","31"
"NahimovFedor","14","17","31"
"nahit","16","15","31"
"NahumdeElcos","16","15","31"
"navi-graf","15","16","31"
"neocortex13","15","16","31"
"nepemora","15","16","31"
"Nesse93","16","15","31"
"NestorCampus052878","16","15","31"
"NextPlz","16","15","31"
"NicoD32","17","14","31"
"NIKITARVC1","15","16","31"
"Nikito1967","16","15","31"
"Nikos48","15","16","31"
"nikvolf","16","15","31"
"nirvana777777","15","16","31"
"nisi221","14","17","31"
"nnares","15","16","31"
"nnellutla","15","16","31"
"nnk1220","15","16","31"
"noobbritto","16","15","31"
"NorthernBeserker","16","15","31"
"notionxarma","16","15","31"
"NOTMichigan_PBP","15","16","31"
"nottheworst","15","16","31"
"npolivanov","14","17","31"
"numbertheorist17","15","16","31"
"NZ64","13","18","31"
"oeufdecroco","16","15","31"
"OGION","14","17","31"
"oguzpro49","15","16","31"
"OhmSiddhartha","16","15","31"
"oli6226","15","16","31"
"olubig1","16","15","31"
"omarahmed1981","15","16","31"
"OMDOUBLEM1","15","16","31"
"ompx","15","16","31"
"On3sh0t","16","15","31"
"OndarBK","16","15","31"
"onesimoximenes","17","14","31"
"onlyrapid93","15","16","31"
"osamaturki","16","15","31"
"osoreblanco","16","15","31"
"OTTO71","16","15","31"
"paddyg123","15","16","31"
"Pajarito19","14","17","31"
"PANAMAsammy","15","16","31"
"parag23","16","15","31"
"Parkhe","16","15","31"
"parquetsteven","16","15","31"
"PastorMR","16","15","31"
"Patil2797","15","16","31"
"pche_78","16","15","31"
"PeccaSi","15","16","31"
"PedjaKrupni","16","15","31"
"PetrosyanSahak","16","15","31"
"Philimandr","16","15","31"
"phoue11","15","16","31"
"piomat","17","14","31"
"Piouuuuuuuuu","16","15","31"
"Piscuit","16","15","31"
"pittapittae","15","16","31"
"Pk_Mohanty","16","15","31"
"Pkgayodhya","16","15","31"
"PlayerTitledWinner","16","15","31"
"ponoo","14","17","31"
"prettymeetsworld","15","16","31"
"primoit","14","17","31"
"pristav","15","16","31"
"pritam566","17","14","31"
"prof_calculus","16","15","31"
"pustinjskalisica18","15","16","31"
"Pyciok","16","15","31"
"Qbisiek","15","16","31"
"quanphamkt","14","17","31"
"QueenPleasure007","17","14","31"
"rachids","16","15","31"
"RadeP22","15","16","31"
"Rafalv","17","14","31"
"ragulkrishnanr","15","16","31"
"rakeshchaudhary","16","15","31"
"Rakushou","15","16","31"
"ralphravioli","15","16","31"
"Ramana_Rao","16","15","31"
"ramdanihamid12","16","15","31"
"Ramengirl98","15","16","31"
"ramyrh","15","16","31"
"Rauan_15","14","17","31"
"RaulS1234","15","16","31"
"Rayaan1970","15","16","31"
"rb1104","16","15","31"
"rcdros","15","16","31"
"real_bobby_fischer","16","15","31"
"Redepipon","15","16","31"
"ReiDoBlef3","14","17","31"
"reis12453","15","16","31"
"rejeeshrnath","16","15","31"
"Remontando","15","16","31"
"Renagade","16","15","31"
"renter34","15","16","31"
"ResegoMokgopa01","14","17","31"
"rgiucas","15","16","31"
"Ricardo3100","15","16","31"
"rifarafi","15","16","31"
"Rigid2021","15","16","31"
"ripvanwinkle77","15","16","31"
"rjsjfh","16","15","31"
"rkure","16","15","31"
"rmpolgar","15","16","31"
"Robbert12","16","15","31"
"RobertVartanov","16","15","31"
"robinhood58","15","16","31"
"RodColan","16","15","31"
"rodriguez42","17","14","31"
"rodriquin64","16","15","31"
"Rogeliux","15","16","31"
"Rogerjuh","16","15","31"
"Roman_Roy","15","16","31"
"romdan","14","17","31"
"Ron_2612","16","15","31"
"Ronaldro","14","17","31"
"rootofelm","15","16","31"
"Rorrok23","17","14","31"
"Rosetka04","17","14","31"
"rotti41","15","16","31"
"Roy70","17","14","31"
"RRRR8954","16","15","31"
"rsaat","17","14","31"
"rscarb82","14","17","31"
"Rupam1996","15","16","31"
"Saanvi123456","14","17","31"
"Sabre-rattling","17","14","31"
"Sac_the_King","15","16","31"
"Salerpipopette","15","16","31"
"salikh555","15","16","31"
"Saltamontes98","14","17","31"
"SamBhardiya","16","15","31"
"sammy143","16","15","31"
"Samposebe","16","15","31"
"sanmicines","15","16","31"
"SantiagoSchw","16","15","31"
"santorintende","16","15","31"
"Sanu123","15","16","31"
"SAT_BATURITE_SAT","14","17","31"
"Sblok78","15","16","31"
"Scarbatissue","15","16","31"
"schely","15","16","31"
"sdegwr","17","14","31"
"sebex","16","15","31"
"seiolegobli25","16","15","31"
"Selron1","16","15","31"
"Semak_Semyon25","16","15","31"
"Senia128","16","15","31"
"seocult","17","14","31"
"Serpicooo","16","15","31"
"seventhrankpawn","17","14","31"
"Shadowwhite92","15","16","31"
"shaurveyaa","16","15","31"
"Shelemba_Mbuso","16","15","31"
"Shelezjaka","16","15","31"
"shubham_karutkar04","16","15","31"
"SikelelaJr10","16","15","31"
"Silver75","15","16","31"
"Silvidos","16","15","31"
"Sina_Ghasemii13","15","16","31"
"SingleHamal","18","13","31"
"Sissa_Ben_Dahir","16","15","31"
"Situu_Ram","16","15","31"
"Sjakkulf","15","16","31"
"SledDave","15","16","31"
"sm511","15","16","31"
"Smilek_Jan_56","16","15","31"
"Smillaaround","16","15","31"
"smyk42","16","15","31"
"Snap_back_to_reality","15","16","31"
"SnkEes","15","16","31"
"Snow248","15","16","31"
"Snowyriverman","14","17","31"
"Snyder00","15","16","31"
"soabs","16","15","31"
"soake1994","16","15","31"
"SoggyNacho","15","16","31"
"sohayb93","17","14","31"
"Sokoviaaccords03","16","15","31"
"sombra03","16","15","31"
"sona86","15","16","31"
"Sontsir","16","15","31"
"sotof22","15","16","31"
"SouthernFury","15","16","31"
"specific70","15","16","31"
"spiderish","15","16","31"
"SreePer","16","15","31"
"ssn8","15","16","31"
"stantheman3","16","15","31"
"STE-EL","15","16","31"
"SteelWolf","14","17","31"
"stempel007","16","15","31"
"stickman7","16","15","31"
"stochastic_chess","16","15","31"
"Stockfish1chess","17","14","31"
"Stonewall_attack","16","15","31"
"stooret","16","15","31"
"stressandnosleep","16","15","31"
"strudelo","15","16","31"
"stylod","16","15","31"
"sublimeconsciousness","15","16","31"
"Sucrem","14","17","31"
"Sucukluekmek","15","16","31"
"Sudhanshu082004","16","15","31"
"suleyman_20","15","16","31"
"sumergible","14","17","31"
"Sureshadroit","15","16","31"
"Suriya_cody","16","15","31"
"svkinn01","14","17","31"
"svpaub","16","15","31"
"swagmon","15","16","31"
"t_tamas","15","16","31"
"tabacute","14","17","31"
"tahixx","16","15","31"
"Tatatskiiprofsoyz","14","17","31"
"tazi07","16","15","31"
"tcorcua","15","16","31"
"Terence_Canahan","15","16","31"
"th3gr3mlin","16","15","31"
"thanasisfan","16","15","31"
"The_Eagle_The_Champ","15","16","31"
"the_goat_26","15","16","31"
"The_Void_Which_Binds","16","15","31"
"theDarkHorse11","16","15","31"
"TheKeyMaker","16","15","31"
"theleoman99","15","16","31"
"Theoklaia","16","15","31"
"theold7","16","15","31"
"Thobiz","16","15","31"
"thomas_te","16","15","31"
"Thomasbsta","16","15","31"
"thompma","18","13","31"
"thurstonCAT","15","16","31"
"TigBittiesSLO","17","14","31"
"Timsuperial","17","14","31"
"TINIL1N","16","15","31"
"tobings","15","16","31"
"tolidust","16","15","31"
"Tolik1200","18","13","31"
"TOM3886","15","16","31"
"TorbjornI","17","14","31"
"traphique","16","15","31"
"tratadus","16","15","31"
"Traveling_Monk","16","15","31"
"triolisMlg","16","15","31"
"turker_kinatas","14","17","31"
"tutsana23","17","14","31"
"tuvia13","16","15","31"
"txangurro","15","16","31"
"u2toyou","16","15","31"
"umbertobur","15","16","31"
"Utrer","17","14","31"
"utsav1208","16","15","31"
"vaby4545","16","15","31"
"Vahramavakian","15","16","31"
"vandad-am","15","16","31"
"vandals1998","16","15","31"
"varens","15","16","31"
"velacons","14","17","31"
"Veljkovski","14","17","31"
"Vic_Sandy","15","16","31"
"vicecazz","14","17","31"
"Victor_Mixailov","16","15","31"
"Victor_Muzz","16","15","31"
"vin2k","16","15","31"
"Vincefun","16","15","31"
"vishythebaa","15","16","31"
"Vitis_91","14","17","31"
"Vitus","16","15","31"
"vivektomar1","17","14","31"
"vkud","15","16","31"
"Vladivir_60_100","14","17","31"
"VladPyankov","17","14","31"
"vlavlip","16","15","31"
"vodila001","17","14","31"
"vokinloksar1","15","16","31"
"volamcaothu","17","14","31"
"Vovan_svb","15","16","31"
"vozbal","15","16","31"
"Vuux77","16","15","31"
"vvd1985","16","15","31"
"w0rld_champion","16","15","31"
"WADEX","14","17","31"
"Wangster12","16","15","31"
"Weigold","15","16","31"
"wesam73","15","16","31"
"white-e4-black-c5","16","15","31"
"whitedevildiv007","16","15","31"
"WickedBishop2","16","15","31"
"WilTrader41","17","14","31"
"WIPART","14","17","31"
"wnjacke","15","16","31"
"wqerdsaaa","18","13","31"
"WynerMG","15","16","31"
"x_AlanTuring_x","15","16","31"
"xValck","16","15","31"
"Yalinnn","15","16","31"
"yasin555","16","15","31"
"yassersalem11","15","16","31"
"yellowthunda","16","15","31"
"yeoldeth0t","15","16","31"
"ygerbon","15","16","31"
"yois01","15","16","31"
"Yopudou","24","7","31"
"YouAreWorthMoreThanQ","15","16","31"
"younosh","15","16","31"
"ypon","16","15","31"
"Yura_09_Galyanin","16","15","31"
"Yusufkalsel","15","16","31"
"ZafarSultan","18","13","31"
"zamuse","16","15","31"
"zarneaung","17","14","31"
"Zeyt0","15","16","31"
"ZhanibekN","16","15","31"
"Zimbot","16","15","31"
"Zitharov","14","17","31"
"A_firdaus","16","14","30"
"aarohikapil","16","14","30"
"Aarushgirish123","15","15","30"
"AAsylkhan","14","16","30"
"Abaii2023","14","16","30"
"abc2100","16","14","30"
"abdulrahmanluai","16","14","30"
"AbHIraJDaS","16","14","30"
"ACorvus","16","14","30"
"adamantiumm","15","15","30"
"adamdreamer8","16","14","30"
"adelsonpr3","16","14","30"
"adetolum","15","15","30"
"adianny","15","15","30"
"aditdgg","14","16","30"
"Adoza","14","16","30"
"Adrian_070614","15","15","30"
"Adrianov51","17","13","30"
"Adrockbjj","16","14","30"
"adurysk","16","14","30"
"advancedposistion","16","14","30"
"Afemomo","15","15","30"
"Agressor_46","15","15","30"
"ahmed2391","15","15","30"
"AHMEDBMW","16","14","30"
"ajetivar12345","14","16","30"
"Ak-S","15","15","30"
"Akash7997","15","15","30"
"akhmettt","15","15","30"
"Aki13","15","15","30"
"Akiboko_152346","15","15","30"
"AkmalFoila","15","15","30"
"akshat1987","15","15","30"
"al_dente","16","14","30"
"alain91","15","15","30"
"AlaliSalim","14","16","30"
"Alehandro_315","15","15","30"
"Alerela","15","15","30"
"alewarne","14","16","30"
"Alex_Lidsky","17","13","30"
"AlexanderB03","15","15","30"
"AlexFart","15","15","30"
"AlexStok","16","14","30"
"Ali_bm_1344","14","16","30"
"ALI95mh","14","16","30"
"AliAyman127","15","15","30"
"allanyung","16","14","30"
"alparslarankasad","14","16","30"
"altfeld1","16","14","30"
"alxgtn6789","15","15","30"
"Anatoly_O","16","14","30"
"Anders14","16","14","30"
"Andre890","14","16","30"
"andresestelle","15","15","30"
"Andrey24085","15","15","30"
"angeange222","15","15","30"
"angelus_timtim","15","15","30"
"annathomas907","15","15","30"
"Anton_1917","15","15","30"
"anzy","15","15","30"
"Aragonian78","16","14","30"
"arash-mojtabavi","15","15","30"
"arcady48","13","17","30"
"archonko","15","15","30"
"ArhamMR7","13","17","30"
"ArkaSarkar","16","14","30"
"Arkshay","16","14","30"
"Arm202","15","15","30"
"Armche","15","15","30"
"Armen_Achikyan_G","14","16","30"
"ARS_ARS","15","15","30"
"Arthas53","14","16","30"
"Arthurex","15","15","30"
"AryanAFK","15","15","30"
"Aryon777","15","15","30"
"asdchess","14","16","30"
"ashinaarshia","15","15","30"
"Ashish4697","14","16","30"
"Asinya","13","17","30"
"Astit00","16","14","30"
"Atiflosse","15","15","30"
"auoob1364","15","15","30"
"AVArapov","14","16","30"
"avburger","14","16","30"
"avx512","16","14","30"
"Azmi68she","15","15","30"
"Babich77","14","16","30"
"bahamji","15","15","30"
"Balela99","15","15","30"
"Bananalala","15","15","30"
"Barlebs9","17","13","30"
"barryjohn1967","15","15","30"
"barschina","16","14","30"
"BartSimpson98","15","15","30"
"Basel1112","16","14","30"
"bbsnazzy","15","15","30"
"Bebo_01","16","14","30"
"Beishenov","16","14","30"
"Belaid","14","16","30"
"beniwal444","15","15","30"
"Benji-Price-1","15","15","30"
"berbee","15","15","30"
"Berdugin_Roman","16","14","30"
"Beribubintang","15","15","30"
"BerryKeers","18","12","30"
"BerzrK81","16","14","30"
"betosutra","15","15","30"
"beyazk","15","15","30"
"bibigeniuspecie","15","15","30"
"Bidonick","14","16","30"
"BigBeefyBlackMan","15","15","30"
"BikiniArea","16","14","30"
"billsem_123","15","15","30"
"Billski","15","15","30"
"bim-bam-boum","13","17","30"
"BimBimBumBam","15","15","30"
"Biwus","15","15","30"
"BixenChess","15","15","30"
"bja20","15","15","30"
"BjornEgil","17","13","30"
"blackghost747","16","14","30"
"Blake_Alhime","12","18","30"
"Blue_bubblegum","17","13","30"
"Bluemoon2023","14","16","30"
"Bobbah","15","15","30"
"boeranie3","14","16","30"
"bonek1ae","15","15","30"
"Bonganimbele1","14","16","30"
"Boodesh","14","16","30"
"boombasta","15","15","30"
"borby2","15","15","30"
"Braaaasca","15","15","30"
"Bradyishere","15","15","30"
"Brandon251099","15","15","30"
"Breixol","15","15","30"
"Buc99aK","14","16","30"
"Buitre85","15","15","30"
"bulkir","15","15","30"
"buseycm","14","16","30"
"Cagty","14","16","30"
"Caleb13088","17","13","30"
"calmncollected","15","15","30"
"camitos","14","16","30"
"campyfire51","17","13","30"
"Cangalexeu","15","15","30"
"captainSwing","16","14","30"
"carborundum","15","15","30"
"carlosgmi","14","16","30"
"Carlyanie","15","15","30"
"casteking","14","16","30"
"Caveman_Chess","14","16","30"
"celvic","14","16","30"
"cewoo","15","15","30"
"chess_boxing","15","15","30"
"Chessargomedo","15","15","30"
"chessbewithyou","14","16","30"
"chessdemon7","14","16","30"
"ChessEagle6","14","16","30"
"chessnetman","16","14","30"
"chessspy1","14","16","30"
"chesstdr","15","15","30"
"ChessticularBanter","15","15","30"
"chessvafr1804","15","15","30"
"cholerik07","16","14","30"
"ChuckBTaylor","14","16","30"
"Club_BENM","15","15","30"
"ClubPhilidorMoron","16","14","30"
"Coksy","15","15","30"
"Comeouttoplay","15","15","30"
"CommonElk","15","15","30"
"cookedbrain","15","15","30"
"copito2701","15","15","30"
"Crisbbacon1771","15","15","30"
"Cristiandib","15","15","30"
"crucialchess1968","15","15","30"
"csanchez1706","14","16","30"
"cyno","14","16","30"
"d_jacobson","14","16","30"
"dabee","16","14","30"
"DacD","14","16","30"
"Dahkeya","16","14","30"
"DAM8","17","13","30"
"damasene","16","14","30"
"damon_bramble","14","16","30"
"Dan-S77","16","14","30"
"danieljrstumpf","15","15","30"
"danttedaps","16","14","30"
"Daoibhear","15","15","30"
"Darderismo","15","15","30"
"darispurba","16","14","30"
"Darius1980","16","14","30"
"Darshana345","15","15","30"
"Darshs28","15","15","30"
"Darth_Nero","16","14","30"
"dasaju075","16","14","30"
"David_Perez_Veliz","15","15","30"
"deadbraincell","16","14","30"
"Debaditya2020","15","15","30"
"DeJesus121","15","15","30"
"Demitrius","15","15","30"
"DenerRM","15","15","30"
"dennisthepawn","12","18","30"
"denverzeu","14","16","30"
"destroyed_gg","16","14","30"
"DHANP_901615","14","16","30"
"dharius01","15","15","30"
"dhruvsanghai","15","15","30"
"diegomormar","14","16","30"
"difreitas22","14","16","30"
"Dijabolik","13","17","30"
"DilmurodImomov","15","15","30"
"DinJoe","16","14","30"
"Dirk2004","15","15","30"
"ditkin","14","16","30"
"Dj0kerN0le","16","14","30"
"djactun1603","14","16","30"
"djuricalazovic","14","16","30"
"DL84","14","16","30"
"dloguinov","14","16","30"
"Dmitrij1S","16","14","30"
"Doctor_Aibolit","16","14","30"
"doggydestroy","14","16","30"
"domzathegreat","15","15","30"
"Donfish","15","15","30"
"DonnieDarko86","15","15","30"
"Dosent","16","14","30"
"dpedley","14","16","30"
"dpr007","14","16","30"
"Dr_Cocci","15","15","30"
"Dr-cm2","15","15","30"
"dragonmindchess","16","14","30"
"dredxu","15","15","30"
"DrLiu","15","15","30"
"DrMaximusPrime","16","14","30"
"drnanox","16","14","30"
"DrNyktersteingm","16","14","30"
"DSDelcio","16","14","30"
"dubesam","14","16","30"
"Dude_Plays_Chess","15","15","30"
"dufor","15","15","30"
"dullard","14","16","30"
"dvb7830","15","15","30"
"DylanDempsey18","15","15","30"
"eARn1825","15","15","30"
"eberoski","15","15","30"
"eeelll414","15","15","30"
"EHOT_3EK","15","15","30"
"ejz57","15","15","30"
"el_asesino_cuba","14","16","30"
"Elagagy","15","15","30"
"Elmatalegenda","15","15","30"
"elshikh111","16","14","30"
"Elton_Qurban","16","14","30"
"EmmanuelJimenez","14","16","30"
"endoggodog","16","14","30"
"enescanbadi","16","14","30"
"entrenador","14","16","30"
"ercanyazici","15","15","30"
"ereonzis","16","14","30"
"Esen1989","16","14","30"
"essam0000","15","15","30"
"eubos","12","18","30"
"evaM03","15","15","30"
"eyaldaa","14","16","30"
"Ezoo1983","14","16","30"
"fabbrett","15","15","30"
"FabioM86","16","14","30"
"Falconfix","14","16","30"
"Fallen_nashix","16","14","30"
"Fangang","15","15","30"
"Fantasmalabaza","14","16","30"
"FarzinTal","16","14","30"
"FauconMaltais","15","15","30"
"faustus987","16","14","30"
"FDGOD0","15","15","30"
"fegat","11","19","30"
"felipaosandri","14","16","30"
"felipezm","15","15","30"
"ferhattan27","15","15","30"
"Ferrro","15","15","30"
"FHParag","16","14","30"
"fischerzi","15","15","30"
"foqz","15","15","30"
"FOR_VENDETTA","16","14","30"
"fotopostaa","16","14","30"
"foxstein","15","15","30"
"Francesco_Massafra","17","13","30"
"Franchess","15","15","30"
"Francisco_Siqueira","14","16","30"
"francoermacora","14","16","30"
"FreddyDan","14","16","30"
"freebird140001","13","17","30"
"fruru","13","17","30"
"fthatmacasaet","17","13","30"
"Fugazi07","13","17","30"
"Gaelgael","16","14","30"
"gafferz","15","15","30"
"Gainy","14","16","30"
"Galactic_Gambit","15","15","30"
"Galart","16","14","30"
"gaussdos","14","16","30"
"Gavr_Sergei","15","15","30"
"gavroxa04","15","15","30"
"Gbracchio","16","14","30"
"gc_garima","14","16","30"
"gebes_ari","16","14","30"
"gedeonbacsi","17","13","30"
"genuine_imitator","15","15","30"
"gholamrezahajipoor","17","13","30"
"GhostofGarbaTula","14","16","30"
"GILBERT85","16","14","30"
"ginkgo_biloba","16","14","30"
"gkabdou","14","16","30"
"Gladiador-01","16","14","30"
"glennpogi","16","14","30"
"Gogs42","15","15","30"
"Gonch14","15","15","30"
"Gonepostal1221","16","14","30"
"Grand-Monster","15","15","30"
"GrangerAce","15","15","30"
"Grclague","15","15","30"
"GregAl93","16","14","30"
"Greiff","15","15","30"
"guwac","14","16","30"
"hadramnse","15","15","30"
"hagga1","14","16","30"
"hahaboy","14","16","30"
"HalbstarkerMathis","14","16","30"
"Hamid-73","15","15","30"
"Haplessnovice","15","15","30"
"hardikbaheti1","16","14","30"
"Hari_Ecstasy","16","14","30"
"Harry-503","12","18","30"
"Hasanbyt87","15","15","30"
"hasani13","16","14","30"
"hasbunallah","15","15","30"
"Heavillano","15","15","30"
"Helinlin","15","15","30"
"HELIO94","15","15","30"
"HenkHenkHenk","14","16","30"
"HeroineLover","14","16","30"
"HerzliyaLostSon","15","15","30"
"Hidaltoni","15","15","30"
"hiksvomoL","15","15","30"
"HIM596","15","15","30"
"Himanshu7282","16","14","30"
"himanshus25","15","15","30"
"Hingal","15","15","30"
"Hithamo","16","14","30"
"HopefullSR","16","14","30"
"HSEchessCOM","15","15","30"
"hsinha85_india","14","16","30"
"HTC_NiceBeard","15","15","30"
"hundertt","14","16","30"
"huseyinerisen","14","16","30"
"huseynasgar79","14","16","30"
"hutch82","16","14","30"
"hwangbro","15","15","30"
"I_am_Yuppie","17","13","30"
"I_Regret_Myself1","15","15","30"
"i32jirar","12","18","30"
"ianer","15","15","30"
"ibougnouch","15","15","30"
"icekimo","14","16","30"
"IDKWHATTONAMEPLEASE","15","15","30"
"ig2121","15","15","30"
"IgorRogozin","15","15","30"
"iiTyyzx","15","15","30"
"IkerDaRogue","14","16","30"
"illiili","15","15","30"
"ilyaimashv","16","14","30"
"Ilyass_Saadi","15","15","30"
"Imadov","14","16","30"
"Imfulltimelooser","16","14","30"
"Immanuel_fabian","15","15","30"
"immarknathan2700","14","16","30"
"immobilizer","14","16","30"
"implosioncapitalista","15","15","30"
"Innarius","15","15","30"
"iRakhimov","15","15","30"
"IronRunner","15","15","30"
"Isaiaselmelli999","16","14","30"
"Islamove2000","14","16","30"
"isthatayoola","15","15","30"
"isthe369","15","15","30"
"Italogui","15","15","30"
"itchybumm","15","15","30"
"ItsFckngZomboy","14","16","30"
"ItsMonarch04","14","16","30"
"Ivan_Arz","17","13","30"
"Ivanilsonsilva","16","14","30"
"J_vill1","15","15","30"
"Jabber-wocky","15","15","30"
"Jaime-ERCSA","15","15","30"
"jamiacanyoyo675f","14","16","30"
"jang1es","15","15","30"
"JANS172009","14","16","30"
"jasper_aren","15","15","30"
"Jaszi","15","15","30"
"JCarlosMS","16","14","30"
"jdpcollier","15","15","30"
"jds999","15","15","30"
"jebo007","15","15","30"
"jeckclalk","14","16","30"
"jedi4015","16","14","30"
"JeisengardVol2","15","15","30"
"jesf","13","17","30"
"Jesufemi","15","15","30"
"JesusMovilla9302","15","15","30"
"Jibbby","13","17","30"
"Jjavadmohammadi","17","13","30"
"JK_2000","17","13","30"
"Joachim1976","14","16","30"
"joan58","15","15","30"
"Joan95","16","14","30"
"joche_2","15","15","30"
"Jokerr2021","15","15","30"
"Jompa14","14","16","30"
"jonybones","16","14","30"
"jooo27","14","16","30"
"Josediazdiaz","15","15","30"
"JoseGuardiolaCH","14","16","30"
"JoVic91","14","16","30"
"jozone3","16","14","30"
"Jst_Ice","16","14","30"
"JuanMikan14","15","15","30"
"Juda_n","17","13","30"
"JuLoMo","15","15","30"
"junaidvc","13","17","30"
"jurjenottens1","14","16","30"
"K-s-b76","17","13","30"
"kamerk","15","15","30"
"karim600","15","15","30"
"KarimMerhi","16","14","30"
"Karuzel","15","15","30"
"kaz9va","14","16","30"
"kdas1986","16","14","30"
"kemal143","15","15","30"
"kemal271","14","16","30"
"kevinaf","15","15","30"
"Khayami","15","15","30"
"Khoveto_vero","16","14","30"
"killervish","16","14","30"
"king-eye-bee","15","15","30"
"KingCoach","14","16","30"
"Kingcrusher400","14","16","30"
"KingRAZOR","16","14","30"
"kingsize80","16","14","30"
"kiri481155","16","14","30"
"kirussian","17","13","30"
"kiyazza","14","16","30"
"Kiyotaka_A","15","15","30"
"Klm21","14","16","30"
"kmdoeschess","14","16","30"
"KnightFromB1","15","15","30"
"knightmare_of_doom","16","14","30"
"Knippkopp","15","15","30"
"Kolandaraj","16","14","30"
"kolesiko","15","15","30"
"Konduit","15","15","30"
"Konstantinklakonk97","16","14","30"
"Kontiainen","16","14","30"
"kopok0","16","14","30"
"Korvets","16","14","30"
"Kos2022","16","14","30"
"kosowan","15","15","30"
"koulgann","13","17","30"
"krishskovskiy","15","15","30"
"kudzym","15","15","30"
"KUMAR8","16","14","30"
"kunalmanghnani","15","15","30"
"kurazan","16","14","30"
"Kuzya92","15","15","30"
"L31","16","14","30"
"Laki82","15","15","30"
"Lampshade","15","15","30"
"Last_teamaster","15","15","30"
"ldfjsdlkfjsdflksdjf","16","14","30"
"Learning_Che55","15","15","30"
"Leberr","14","16","30"
"Leeroy2002","16","14","30"
"LEGENDDUCIRCUIT","15","15","30"
"leirabo","15","15","30"
"leis3xy","16","14","30"
"Lemania","15","15","30"
"LeoChessi","13","17","30"
"leolechanteur","14","16","30"
"Lerooon","15","15","30"
"lethienlamsg","17","13","30"
"Levi_Jauberti","15","15","30"
"Lewin626050","12","18","30"
"lil_lollo","15","15","30"
"Lilmaz","16","14","30"
"limnidis23","14","16","30"
"liver060707","16","14","30"
"Lob_Dm","14","16","30"
"locker515","15","15","30"
"lollob6","15","15","30"
"Longy","15","15","30"
"Lookolouk","16","14","30"
"Lord_skrrr03","16","14","30"
"LoScaccomatista","14","16","30"
"LPams","15","15","30"
"lrtert","16","14","30"
"LTFC","16","14","30"
"lthomp","16","14","30"
"Lucas_Temistocles","15","15","30"
"Lufidu","16","14","30"
"Luis_Basurto_Li","15","15","30"
"luizsertao","16","14","30"
"luka2050","14","16","30"
"LukeGreen","15","15","30"
"lushusrohmar","14","16","30"
"M_M1985","13","17","30"
"M_Meursault2003","15","15","30"
"M7mdamy","14","16","30"
"Machine_de_ganar","13","17","30"
"Madmas","16","14","30"
"MAESTRO739","16","14","30"
"Maeterlinck","16","14","30"
"magic_gambler","14","16","30"
"Magic-horse","15","15","30"
"Mahmud_ghazni","17","13","30"
"Majid1250","15","15","30"
"makeitsure","15","15","30"
"Mamay12","15","15","30"
"MAMAYOQUIERO","15","15","30"
"MAN_3JZ","16","14","30"
"manda0001","14","16","30"
"Manolis_Glezos","15","15","30"
"maradona10dios","16","14","30"
"MaratFZ","15","15","30"
"MARCHUK_MAO","15","15","30"
"marcin666","15","15","30"
"MarcoPolo2021","16","14","30"
"mariodigrande777","15","15","30"
"MARJAVAL","15","15","30"
"martinlotuf","15","15","30"
"MaRvain","17","13","30"
"masel64","15","15","30"
"Maslyanko_Yuriy","15","15","30"
"Matatalaib","14","16","30"
"matematik_1954","14","16","30"
"mattypattychess","16","14","30"
"MauroVienny","15","15","30"
"max9141","16","14","30"
"Maxxix","14","16","30"
"MBMarinho22","16","14","30"
"MDCChess","15","15","30"
"megacharizard3","15","15","30"
"mehmet31415","14","16","30"
"Meireles7","16","14","30"
"MelgarFBC","15","15","30"
"melik_on","15","15","30"
"mercurialandelevated","15","15","30"
"Meruhnes","15","15","30"
"Methori","10","20","30"
"Mguedes","15","15","30"
"Micha28","16","14","30"
"Mijohr","15","15","30"
"mikeret","16","14","30"
"MikeZom","16","14","30"
"milosh_p","16","14","30"
"Mimbreno","15","15","30"
"MindBoggle","15","15","30"
"mineloab","17","13","30"
"MirajY","16","14","30"
"Miranda-U","16","14","30"
"Miron239","14","16","30"
"missjimson","14","16","30"
"Mistakechess","16","14","30"
"Mitranir","16","14","30"
"mmmm79888","13","17","30"
"Mmusabb","15","15","30"
"mo_gamal_zlok","16","14","30"
"mo4amed","14","16","30"
"mod11","15","15","30"
"ModafinilxRitalin","15","15","30"
"moha123445","15","15","30"
"mohamad14521452","14","16","30"
"MohamadAlameddine","15","15","30"
"mohamadmahdimahdavi","15","15","30"
"mohamd-shokr","16","14","30"
"mohamed_fadel54","14","16","30"
"mohamedkabeel","16","14","30"
"mohammad1153","15","15","30"
"mohhhhi","14","16","30"
"MonocledRobot","16","14","30"
"Moonster","16","14","30"
"MorinKEldonat","15","15","30"
"Mosmasmus","15","15","30"
"movingtargent","14","16","30"
"Mozzarilla","16","14","30"
"mpdr70","15","15","30"
"mportillo","16","14","30"
"mr_h2","15","15","30"
"MRHSV","14","16","30"
"mrincredibuell","16","14","30"
"Muammer1926","13","17","30"
"Munkh0704","16","14","30"
"mursel2121","15","15","30"
"MustiPasha09","15","15","30"
"MWSTARKEthe2nd","15","15","30"
"mynameisthiiiAJ","15","15","30"
"N3roo84","15","15","30"
"n7azot","15","15","30"
"n8k222","15","15","30"
"Nabeel22","15","15","30"
"Nafake","15","15","30"
"nailuj-gcs","14","16","30"
"najmikk","15","15","30"
"Napquok","17","13","30"
"natouw","16","14","30"
"nav_sin","15","15","30"
"NayeongKim","14","16","30"
"Nazar-Myza","15","15","30"
"Neco38","15","15","30"
"NemusE","14","16","30"
"nenad2003","14","16","30"
"neneishi","14","16","30"
"nepomnishi","16","14","30"
"Neubi","15","15","30"
"Newfaarm","15","15","30"
"nezhprodigy","16","14","30"
"nicj","14","16","30"
"Nickzie","18","12","30"
"nietsyoneom","15","15","30"
"NigelFarage2","14","16","30"
"Nigerian_ChessGenius","15","15","30"
"NigerianMachine","14","16","30"
"nikkon24","15","15","30"
"nirajthacker","15","15","30"
"nisesabe","14","16","30"
"nonny321","15","15","30"
"Noslined","16","14","30"
"NothingSpecialBTW","12","18","30"
"notmagnus2023","14","16","30"
"Nsangou","14","16","30"
"nujabes8","15","15","30"
"nuphyska","15","15","30"
"Nurique_7","16","14","30"
"nutmassive","15","15","30"
"Obakeng_Bw","15","15","30"
"obert","15","15","30"
"obi54","15","15","30"
"Odysseus_Marbot","15","15","30"
"offeng18","15","15","30"
"Oladipo30","16","14","30"
"omahajeff","15","15","30"
"OmegaKing","15","15","30"
"OneAttack","14","16","30"
"OnkelBanane","15","15","30"
"OnurS10","15","15","30"
"OPOSOPOF","15","15","30"
"orange2560","16","14","30"
"OrthodoxBrother","16","14","30"
"osonorman18","16","14","30"
"ouchmen","15","15","30"
"Oussama_50","14","16","30"
"ovsc","15","15","30"
"Palguir","16","14","30"
"pantelgp","16","14","30"
"pantere2015","16","14","30"
"paperfold","15","15","30"
"parihar_11","14","16","30"
"Patton2006","14","16","30"
"paulsifuentes_UNAB","16","14","30"
"PavelBelmon","15","15","30"
"payatonnan","14","16","30"
"pdj0812","15","15","30"
"PedroHMLima2","15","15","30"
"pekasp","16","14","30"
"Pelahds","14","16","30"
"PerilousCowboy","16","14","30"
"Peter12321","14","16","30"
"petitpion52","14","16","30"
"Petter32","14","16","30"
"PFAU2020","15","15","30"
"philipreynolds","14","16","30"
"phophop","15","15","30"
"photoswanson","15","15","30"
"pibpong","15","15","30"
"Pikkoenig","15","15","30"
"pineapper","14","16","30"
"pipporic","13","17","30"
"Pirana1000","15","15","30"
"pirata688","16","14","30"
"pirri72","15","15","30"
"Playgame8","14","16","30"
"PlayJess","15","15","30"
"Podstawek","15","15","30"
"poipoitimothy1","15","15","30"
"Pollochingon","15","15","30"
"POLOT_ALI_2000","16","14","30"
"Polovez","14","16","30"
"pottedstuff","16","14","30"
"powwow23","16","14","30"
"prathonit","16","14","30"
"prerat","15","15","30"
"Priemlemyi_russkiy","16","14","30"
"Private00","16","14","30"
"ProfessorX_0906","15","15","30"
"Profileinstuser","16","14","30"
"propergander","16","14","30"
"PumBalaBa","15","15","30"
"PureScience","15","15","30"
"PurplesExtras","14","16","30"
"pwallden","16","14","30"
"Pyrolo","15","15","30"
"QAZ_QWE","14","16","30"
"qaziali","14","16","30"
"QMAX97","15","15","30"
"QuadirLateef","15","15","30"
"QueenslayerGh","16","14","30"
"Qwertown","15","15","30"
"Raad1234","15","15","30"
"rabson20","16","14","30"
"RaceLand","16","14","30"
"Radamanthis777","15","15","30"
"rademarkovic23","14","16","30"
"rafalwaclaw","15","15","30"
"Raghav_Chessplayer","15","15","30"
"Raghav_khandelwal","15","15","30"
"raghavasmriti","15","15","30"
"RainForestt","15","15","30"
"Rambashir","15","15","30"
"Rangel1610","16","14","30"
"ratert","15","15","30"
"raulito007","15","15","30"
"ravi3456","14","16","30"
"RCSA007","15","15","30"
"ReiQueFoje","16","14","30"
"rendrag","15","15","30"
"resichess","14","16","30"
"ResIpsa1234","16","14","30"
"Rettungsring","15","15","30"
"Rinia123","15","15","30"
"RinkOuTime","16","14","30"
"Rinmos","16","14","30"
"riqrey","15","15","30"
"Robd0n","14","16","30"
"rodeytas","15","15","30"
"roggers1961","15","15","30"
"romankrieg","15","15","30"
"romualdinyo","16","14","30"
"RooftopsOfUgiazin","15","15","30"
"Rooman85","15","15","30"
"Rrdl","14","16","30"
"Rsaravanan","16","14","30"
"RubanVS","14","16","30"
"Ruben8a","14","16","30"
"RUBENDARIO03","14","16","30"
"Rudi-kdi","14","16","30"
"rujakcingur","15","15","30"
"Rukovoditel","15","15","30"
"rupeshdp7","16","14","30"
"rupper","15","15","30"
"ruruloki","14","16","30"
"saeedi54","15","15","30"
"sage1","15","15","30"
"sahil27","15","15","30"
"Sailok","14","16","30"
"Sal27c","14","16","30"
"Sam1028","14","16","30"
"samsun5507","15","15","30"
"Samsurinal","13","17","30"
"SamuMin","15","15","30"
"sangwal","15","15","30"
"Sanjay10chess2","13","17","30"
"sanjeshstha","16","14","30"
"SaNno123","16","14","30"
"sansan92","17","13","30"
"Sasha2910","15","15","30"
"SatanLovesChess","15","15","30"
"SaulGarcia","16","14","30"
"Schematov","16","14","30"
"Schneckentempo","15","15","30"
"SchpassFogl","15","15","30"
"Scoffkram","15","15","30"
"Sebaesl","15","15","30"
"Sebasdecruz","14","16","30"
"Senerat","15","15","30"
"Senior10Line","14","16","30"
"senseibanyisa","14","16","30"
"senselessname","14","16","30"
"seoane13","15","15","30"
"Seppia-06","16","14","30"
"serdarpdk","15","15","30"
"Serg7799","16","14","30"
"SergeyAn2022","16","14","30"
"setanac","15","15","30"
"Sevendunks","15","15","30"
"sexiimekks","14","16","30"
"sg189","15","15","30"
"sh_gr","15","15","30"
"sh4m","14","16","30"
"ShaoKhan_86","16","14","30"
"shariatpanahi","16","14","30"
"ShekaDoc","15","15","30"
"Shenlim05","16","14","30"
"Shouldbeworking","16","14","30"
"Shrivathsan_2407","15","15","30"
"shrsunil100","14","16","30"
"sickonsunday","17","13","30"
"sid_jpr","16","14","30"
"SID_ScoRpioN","14","16","30"
"sidamin","15","15","30"
"Sidhique","16","14","30"
"sidneyreilly","15","15","30"
"Simalu","16","14","30"
"sir-alec-baldwinn","15","15","30"
"sirkkeli","15","15","30"
"skadoosh237","16","14","30"
"Skak357","15","15","30"
"skybluearrow","13","17","30"
"Slavik34rus","16","14","30"
"Slobodjanjuk","14","16","30"
"slowdecs","15","15","30"
"Sly972","15","15","30"
"smss","16","14","30"
"snape_9","16","14","30"
"Snik32","16","14","30"
"sniper21morocco","15","15","30"
"sniperElias","16","14","30"
"SohailShaikh1","16","14","30"
"Sokolov_Dmitry","12","18","30"
"sorrowpanda","15","15","30"
"SOSSIA","14","16","30"
"Sounds-of-Lost","16","14","30"
"spalding","15","15","30"
"spidertalk","15","15","30"
"Spirit1988","14","16","30"
"Sree_1988","14","16","30"
"sshxro","14","16","30"
"ssiaaiss","15","15","30"
"staurossamakas","15","15","30"
"Stealhy","16","14","30"
"steauaenumaiuna","16","14","30"
"STEDgER","16","14","30"
"steph-mipt","16","14","30"
"steventb","14","16","30"
"StoicPremoves","15","15","30"
"Stoik64","16","14","30"
"strazh01","15","15","30"
"subnomial","14","16","30"
"SumanthPrakash","15","15","30"
"SunRayBoy","16","14","30"
"Super_man07","14","16","30"
"SuperJacomo","15","15","30"
"SUPRA1789","16","14","30"
"suraj619","15","15","30"
"Sverdlyk","15","15","30"
"Sviten","13","17","30"
"swalsh41","15","15","30"
"swissfrog","16","14","30"
"swooned","17","13","30"
"Takang","15","15","30"
"tao1706","15","15","30"
"taquitoplayer","15","15","30"
"TARE18","15","15","30"
"tars_1","15","15","30"
"Tashkala","14","16","30"
"TesseracT","15","15","30"
"The_Black_Night","15","15","30"
"THE_EXORCIST_MASTER","15","15","30"
"the_goupil","17","13","30"
"The3Streets","15","15","30"
"theblack_bishop","14","16","30"
"thegundler","15","15","30"
"therealbroko","15","15","30"
"TIESTOOOO","16","14","30"
"Tigran_Poghosyan_76","17","13","30"
"Tim-Avicii","15","15","30"
"timjbax","15","15","30"
"Timofey222","15","15","30"
"Tino_Tino","15","15","30"
"TNN2022","16","14","30"
"Tob573R","15","15","30"
"tobifasc","15","15","30"
"tofany","14","16","30"
"Tolya26","15","15","30"
"Tom1987","15","15","30"
"Tomas_04K","14","16","30"
"Toto_elaniquilador","14","16","30"
"Triconico","15","15","30"
"Triwo","15","15","30"
"Trofim_777_luti","15","15","30"
"trtrtrtrtrtrt","15","15","30"
"tu55","15","15","30"
"TueCifuentes","15","15","30"
"tunfisken","16","14","30"
"Txus1969","16","14","30"
"ucft","16","14","30"
"uild42","16","14","30"
"UmtKs","16","14","30"
"Ungolianta86","15","15","30"
"unknow00","15","15","30"
"UpswingChess","14","16","30"
"UristMcSpark","15","15","30"
"Vahidmousavi","14","16","30"
"Valodia3","15","15","30"
"vazhenin33","14","16","30"
"vbif-1","16","14","30"
"Ventura-vitor","15","15","30"
"VickNick","15","15","30"
"Vidoque777","15","15","30"
"vikash_mandil","15","15","30"
"Vind_325","15","15","30"
"vishalrathore","15","15","30"
"vishn93","15","15","30"
"viteck87","15","15","30"
"Vladislaveys","15","15","30"
"Vladoniksss","16","14","30"
"voddie","15","15","30"
"Voldemort01","17","13","30"
"vornehm","15","15","30"
"vosr","15","15","30"
"vrmaks","15","15","30"
"vS2X","16","14","30"
"warmoth","17","13","30"
"widp","15","15","30"
"Wiershtrass","15","15","30"
"wigalo","15","15","30"
"WikiChess","15","15","30"
"Wildekarde","14","16","30"
"wmaster24","15","15","30"
"Wolftsg","16","14","30"
"Woman_Life_Freedom","16","14","30"
"wonkabar123","16","14","30"
"Woodmaximus","15","15","30"
"wwang10","16","14","30"
"wwlc269","13","17","30"
"x4m30","16","14","30"
"xanderfighter","16","14","30"
"XDayer","15","15","30"
"Xerox3","14","16","30"
"xxl35","16","14","30"
"yaicolo","14","16","30"
"Yaneznaukaknazvat","16","14","30"
"Yaroslav57","14","16","30"
"yasinndemirr","15","15","30"
"yaya80","16","14","30"
"Yazeed20","17","13","30"
"Ybeth","15","15","30"
"Yidaarmyy","15","15","30"
"YoussifRagheHelal79","13","17","30"
"yucateca13","16","14","30"
"YukiOnno_RealmEater","14","16","30"
"YuriMokin","15","15","30"
"Yury16082011","16","14","30"
"yusof777","18","12","30"
"zakarimo","14","16","30"
"ZakopaevKonstantin","15","15","30"
"Zampiks","16","14","30"
"zamzami6112","15","15","30"
"zap2137","15","15","30"
"zebereko","15","15","30"
"zemkezis","15","15","30"
"Zennysun","15","15","30"
"Zerilience","14","16","30"
"zeus1969","16","14","30"
"ZhugBuk","14","16","30"
"zigarettenbirschal","15","15","30"
"ZinkBav","15","15","30"
"zioIggino","14","16","30"
"Zondiwe","16","14","30"
"zrzzrzzrz","15","15","30"
"zuarex88","15","15","30"
"zugzwang20","12","18","30"
"ZumaKING","15","15","30"
"Zvanthecat","13","17","30"
"zvanzay","15","15","30"
"zwartedame","16","14","30"
"zyclop","14","16","30"
"a_salehi1982","14","15","29"
"A0428l","14","15","29"
"AABBOUDI","15","14","29"
"aakashvikki","14","15","29"
"aammaamm","14","15","29"
"abcracing","14","15","29"
"Abhinav_babu123sss","14","15","29"
"Abhishekag12","13","16","29"
"abhishekpawar2","16","13","29"
"Abolfazl_DR","14","15","29"
"aboufayez","14","15","29"
"Academik01","14","15","29"
"Achim040368","15","14","29"
"Ackblanca","15","14","29"
"Aczelbikak","15","14","29"
"addicted_to_water","14","15","29"
"AdeebK1129","14","15","29"
"Aditya14_october","14","15","29"
"adkuAAKASH","13","16","29"
"adrusyajeevi","15","14","29"
"adtsakal","14","15","29"
"adul_l","15","14","29"
"Aeats","15","14","29"
"Aeiouz","14","15","29"
"AESoares","16","13","29"
"agats16","13","16","29"
"ahmad258","14","15","29"
"Ahmetron","14","15","29"
"aircraftt","14","15","29"
"Ajubetia","14","15","29"
"AKAgila","15","14","29"
"Akira457","15","14","29"
"AL_FARIZKI_ASFAR","14","15","29"
"alaaya001","16","13","29"
"Aleby","15","14","29"
"alemanorov","15","14","29"
"Alerunner","14","15","29"
"Alex333ksandr","15","14","29"
"AlexBoroda","14","15","29"
"Alexis2026","15","14","29"
"AlexPro1234","15","14","29"
"Ali-A42","14","15","29"
"AliAkbarMojahedipur","13","16","29"
"alireza3700","15","14","29"
"Alisaguinea","13","16","29"
"Aliyuozi","15","14","29"
"Alk1977","15","14","29"
"Alkhateeb","13","16","29"
"alliziz","16","13","29"
"AllStarSarajevo","16","13","29"
"Alvarojaquemate","15","14","29"
"alzzz","15","14","29"
"amarine","16","13","29"
"Amberfinder","14","15","29"
"amhoesk","14","15","29"
"AminAht90","14","15","29"
"amrit231999","14","15","29"
"amsteken","15","14","29"
"Anastazy73","14","15","29"
"Ancaar","14","15","29"
"ancu07","15","14","29"
"AndreAchutti","14","15","29"
"andrei14","14","15","29"
"andrejb2","15","14","29"
"AndrewSugaratos","14","15","29"
"angel32172","15","14","29"
"Another1bitesthedust","15","14","29"
"anshumanpandey","16","13","29"
"Antonio00","13","16","29"
"Antonioeantonella","16","13","29"
"antoniogomescg","14","15","29"
"Anupriya27","15","14","29"
"aopo","14","15","29"
"APCLAW","14","15","29"
"apisajduk","15","14","29"
"archialv","15","14","29"
"ardatuna11","16","13","29"
"arenharrison","15","14","29"
"argowilis","15","14","29"
"ARJRR","15","14","29"
"aromeia","14","15","29"
"artemstarchenko","15","14","29"
"artur4","15","14","29"
"Arya001","14","15","29"
"aryaautar","15","14","29"
"asdasdawadasadwad","13","16","29"
"Ashhabulberkah","13","16","29"
"AshwinvS1995","15","14","29"
"asimmohamed","15","14","29"
"Askhat76","15","14","29"
"asteroit","14","15","29"
"atom2020","13","16","29"
"ATTRV122I","14","15","29"
"aue55","14","15","29"
"austinwheeler03","13","16","29"
"averagenovice","15","14","29"
"AvinashRobo","15","14","29"
"Avukat67","13","16","29"
"AxelBck","14","15","29"
"aymeshkov","14","15","29"
"Azizzadeh_ah","13","16","29"
"Babaroga2","15","14","29"
"Badtraider","16","13","29"
"bajo46","14","15","29"
"BaldEagle2023","15","14","29"
"bananaducklingstyle1","15","14","29"
"Bartelou","15","14","29"
"Baruan","14","15","29"
"basi94","14","15","29"
"Baslocar","15","14","29"
"bayjey","16","13","29"
"bazahra1345","15","14","29"
"Beatudownquick","14","15","29"
"beginner_player2020","14","15","29"
"Beginner500elo","14","15","29"
"BELIZARIO","13","16","29"
"benji2001","15","14","29"
"benzemaa","14","15","29"
"Berdiyev_777","15","14","29"
"Bernard7777","13","16","29"
"BeskrMS","14","15","29"
"Bhattab","14","15","29"
"bhunia_pradipta","15","14","29"
"BigFluffyrabbit","15","14","29"
"biglimigli","15","14","29"
"Billythekid30","15","14","29"
"Biloute20","15","14","29"
"binayamail","14","15","29"
"Binod_Gogoi12","14","15","29"
"Bishop103","14","15","29"
"bishopandfriends","15","14","29"
"blobabob","15","14","29"
"BloodyLine","15","14","29"
"blueskyminer23","15","14","29"
"BoardMaster7","14","15","29"
"bobanixxx","14","15","29"
"Bobby_Fischer_A","13","16","29"
"Bobby_Fischer16","15","14","29"
"bobdfish","15","14","29"
"Bobenguyane","12","17","29"
"bogdancash","15","14","29"
"boolean_vector","14","15","29"
"boomhaha","15","14","29"
"botrosame","14","15","29"
"Bottin-Benoit","15","14","29"
"botzki26","15","14","29"
"boutorss","15","14","29"
"Braincracking","14","15","29"
"brlchess19","13","16","29"
"Bruce12o","13","16","29"
"bshribharath92","14","15","29"
"Bsingh17","16","13","29"
"Bstncalp","15","14","29"
"BSUA_LGUERRA","14","15","29"
"budhenjun","15","14","29"
"Buford_T_Justice","15","14","29"
"BulletRoadTo2651","15","14","29"
"burakturk1","14","15","29"
"burakytu9","14","15","29"
"bvbeintracht77","15","14","29"
"bzaimov","14","15","29"
"C4Konei","15","14","29"
"callhoes","12","17","29"
"Calvo_nucelar","14","15","29"
"camaleo","14","15","29"
"CamJ95","14","15","29"
"caneca","13","16","29"
"Capostazione","14","15","29"
"carlosviloca","14","15","29"
"caterbranko","15","14","29"
"cazeone","15","14","29"
"cbhavaraju","14","15","29"
"Cebrailceylan","13","16","29"
"cefekt","14","15","29"
"charles_ho","15","14","29"
"Charolles","15","14","29"
"Chess_is_poetry","14","15","29"
"chesslearner101","15","14","29"
"chessovoy","14","15","29"
"Chessquas","16","13","29"
"CHIJIOKE","15","14","29"
"Chikranov_379","14","15","29"
"choc_chip_cookie","16","13","29"
"chodevant","15","14","29"
"Chrilion","15","14","29"
"churov","16","13","29"
"claudio-1975","13","16","29"
"Cliff_Burton","15","14","29"
"cmargulhano","15","14","29"
"Cmilthon3nriqu3","13","16","29"
"coachmode","14","15","29"
"CodyH","13","16","29"
"Collins71","14","15","29"
"cordyo","14","15","29"
"cr43ture","16","13","29"
"cramirezo","15","14","29"
"crandall15","14","15","29"
"cranna99","14","15","29"
"crawfordm","15","14","29"
"CrimsonRedHunt","15","14","29"
"Cris2005","15","14","29"
"cristian221299","15","14","29"
"croisaaaaaant","14","15","29"
"crowsatwall","14","15","29"
"crun17","16","13","29"
"crushedego","14","15","29"
"Cruzferreiras01","14","15","29"
"curious101","15","14","29"
"cyborganism","15","14","29"
"d1mm","14","15","29"
"Daddah","14","15","29"
"DadoAk22","15","14","29"
"daenaera","15","14","29"
"dakaissa_25","12","17","29"
"dakraven","14","15","29"
"danimu610","15","14","29"
"Darknature7","15","14","29"
"DarkTon3","16","13","29"
"daruan03","16","13","29"
"Davem10","14","15","29"
"DavidSchlichting","14","15","29"
"dazedchess","15","14","29"
"dcmacster","15","14","29"
"deboran","14","15","29"
"Ded_undead","15","14","29"
"Dejalma","14","15","29"
"den_01","15","14","29"
"DencaX","15","14","29"
"DenDied","14","15","29"
"denial1","15","14","29"
"Denis19831","13","16","29"
"denisizsibiri","15","14","29"
"Destraza","13","16","29"
"Dhamoder","15","14","29"
"dharmendraghimire","14","15","29"
"dhilipan2006","15","14","29"
"dhistos","15","14","29"
"diamanteas","15","14","29"
"DiamantePeru","13","16","29"
"Diamantum","16","13","29"
"diarrea_explosiva","15","14","29"
"Diego17-A","14","15","29"
"dimao","15","14","29"
"DinarikMs","15","14","29"
"DIROGENTASARI","14","15","29"
"dirtyhands666","14","15","29"
"dixxoo","14","15","29"
"DkGuy","16","13","29"
"dmitry_dobronravov","14","15","29"
"doba78","14","15","29"
"doctorsamic","16","13","29"
"dollie1986","15","14","29"
"Domingo1987","14","15","29"
"DominikJohn","15","14","29"
"DonacianoBautista","16","13","29"
"donovanski","14","15","29"
"Dosa11","14","15","29"
"doznanie","15","14","29"
"Dr_I_See_You","14","15","29"
"drabdo","13","16","29"
"drbal","14","15","29"
"DrChillinstein","15","14","29"
"drosamazaid2023","14","15","29"
"DrSharknestein","14","15","29"
"Dubpunk","14","15","29"
"dullerafluenzer","15","14","29"
"dumb_turtle","15","14","29"
"dumbPAWNnn","15","14","29"
"Duzgen_59","16","13","29"
"dvorkovich","14","15","29"
"DYLAN0911","15","14","29"
"dysprestein","15","14","29"
"E4-Girl","13","16","29"
"eagle_vision","13","16","29"
"Eauzone","14","15","29"
"eblanco12","15","14","29"
"edwinsito","14","15","29"
"ELCubano59","13","16","29"
"elman90","15","14","29"
"elpitagoras","14","15","29"
"elvarano","14","15","29"
"elvispy65","17","12","29"
"elxanders","15","14","29"
"Emche","14","15","29"
"emerita","14","15","29"
"emil_s","14","15","29"
"enef25","14","15","29"
"Engineeer","13","16","29"
"Enzo123456789","15","14","29"
"eonforce","13","16","29"
"EpicNik100","14","15","29"
"eren0133","15","14","29"
"Erushka","14","15","29"
"etien_etien","14","15","29"
"Euijed","15","14","29"
"Evans01","15","14","29"
"evansky","13","16","29"
"Evgenegen07","15","14","29"
"excitedelectrons","15","14","29"
"exercise_0107","14","15","29"
"Ezekiel_Bread","14","15","29"
"Eziz0919","14","15","29"
"f2PTf4","13","16","29"
"FahadK","14","15","29"
"FaraiM-HCES","15","14","29"
"faramir","15","14","29"
"Faredfared","13","16","29"
"Farhu96","15","14","29"
"FatherLongShanks","15","14","29"
"fathermoon","13","16","29"
"FATMAN559","13","16","29"
"Favoritenschreck","14","15","29"
"FB_Chess_Infinity","14","15","29"
"Felix_Zhelezny","15","14","29"
"fernandomacapobre","14","15","29"
"Feroquai","15","14","29"
"Fins-Love","13","16","29"
"Fips90","15","14","29"
"Flat3arthR3ality","13","16","29"
"focaccina78","13","16","29"
"Forest98","16","13","29"
"foxxxizar","16","13","29"
"FREEMAN94","15","14","29"
"Frengky_bky","15","14","29"
"frostyyyM","14","15","29"
"Fslittler","15","14","29"
"FurkanUnalll","15","14","29"
"ga96yiw","13","16","29"
"gabe075","16","13","29"
"Gaiden3","14","15","29"
"galejandrol","14","15","29"
"GastonCampos12","15","14","29"
"gbuch","15","14","29"
"GentALB","15","14","29"
"gerardnethugo","14","15","29"
"Gertsog1982","13","16","29"
"gfalco","14","15","29"
"GhassenDhaoui","14","15","29"
"Ghost_User","16","13","29"
"Gid_anger","16","13","29"
"Gieffeci73","15","14","29"
"giggsryan","16","13","29"
"Gio777777777777","16","13","29"
"give_me_100_dollars","16","13","29"
"GiveMeYourLunchMoney","17","12","29"
"glthomas","17","12","29"
"Gmapplied","13","16","29"
"gmnadlor","15","14","29"
"gmpalong","15","14","29"
"goktu76","14","15","29"
"goktug_23","13","16","29"
"gonzalo_c","14","15","29"
"good22luck","14","15","29"
"gopass500","14","15","29"
"Gosha_Verlin","16","13","29"
"goztell","14","15","29"
"GPO75","14","15","29"
"grave98","15","14","29"
"Green2Hik2ru","15","14","29"
"GreenToedMole","14","15","29"
"GrimHunter94","15","14","29"
"Grom65","15","14","29"
"GromovVyacheslav","16","13","29"
"GrossBeR","15","14","29"
"grotesqu","16","13","29"
"Grozia","14","15","29"
"Guib20","15","14","29"
"Gururaj_Nigale","14","15","29"
"Gutesende101","15","14","29"
"gvanto","14","15","29"
"habibus2004","15","14","29"
"hakanwoltz","15","14","29"
"HalilErenB","15","14","29"
"halilhs","15","14","29"
"halimhamilton","15","14","29"
"HALion_222","14","15","29"
"HAM000111","15","14","29"
"HANDSOMEN1987","15","14","29"
"hardeeparora91","14","15","29"
"Harry_stotelekant_a","14","15","29"
"hausner","15","14","29"
"Hbb1987","15","14","29"
"henrikabraham","14","15","29"
"Heroes79","15","14","29"
"Heterotroph","15","14","29"
"Hex-fede07c8","13","16","29"
"hirengohil","15","14","29"
"hishamtayyan2006","15","14","29"
"Holy_Dread","15","14","29"
"Hommberger","14","15","29"
"Hozturko","15","14","29"
"Hrvachek","14","15","29"
"huamanvillegasreynal","14","15","29"
"humanbean","14","15","29"
"hunt3r62","14","15","29"
"Huntofp","14","15","29"
"Hurwitz_v2","13","16","29"
"hypevid","15","14","29"
"I_love_Sano","14","15","29"
"I_m_ill","13","16","29"
"iamnoname1","15","14","29"
"ibeatsashaallday","15","14","29"
"Ibrahim-Almutlaq","14","15","29"
"idranoel","16","13","29"
"ig_gardanwm","13","16","29"
"igorboyko56","14","15","29"
"Igorok1968","13","16","29"
"ileidh","14","15","29"
"ilja_murins","14","15","29"
"Ilyas_3006","15","14","29"
"iMannyLP","14","15","29"
"Imm0o","14","15","29"
"in_jail_out_soon","14","15","29"
"intandener","15","14","29"
"IntentoFallido","16","13","29"
"interab4ng","14","15","29"
"Iron_M0-A0-n0","13","16","29"
"IronDonkey","14","15","29"
"isidelvedado","16","13","29"
"isluzmichelle","14","15","29"
"italovaldousta","16","13","29"
"Ivanchuk_el_arab","13","16","29"
"ivpvarma","16","13","29"
"j0ha8","14","15","29"
"jackMatt","15","14","29"
"Jacquesbainville49","16","13","29"
"Jahtrel","14","15","29"
"jaiderbarcelo","15","14","29"
"jaiferandra","15","14","29"
"JAIVERGAY","15","14","29"
"janTesa","15","14","29"
"jap12","14","15","29"
"javadis","14","15","29"
"javadrahimi1990123","14","15","29"
"JaviMe2022","14","15","29"
"JBRoy_22","13","16","29"
"JeannedArcM","15","14","29"
"jenesisGM","14","15","29"
"jevisnew","15","14","29"
"jfitz","14","15","29"
"Jimmy545","14","15","29"
"JinpachiMishima","15","14","29"
"jlauz","15","14","29"
"jmax8877","15","14","29"
"jmdons","16","13","29"
"JMURDER","14","15","29"
"joelthj1","14","15","29"
"JohnnyDuvet","14","15","29"
"johnnypogi","14","15","29"
"JohnnyTristano","16","13","29"
"JohnSky801","16","13","29"
"JoJo1742","13","16","29"
"joker_1993","16","13","29"
"jonderboi","15","14","29"
"Jonnym14","14","15","29"
"jotala","15","14","29"
"Jotheboss","15","14","29"
"jskrillz","14","15","29"
"ju4n4ntonio","16","13","29"
"jujumaster","15","14","29"
"Julian5511","15","14","29"
"julix7","15","14","29"
"jusjmkim","16","13","29"
"jwemz","14","15","29"
"K_Morandin","14","15","29"
"Kadir366","15","14","29"
"kan19552807","15","14","29"
"KapFru","16","13","29"
"KaPiBaRa4ka","16","13","29"
"KaptainBlunderPants","15","14","29"
"KatarinaRi","14","15","29"
"katukov","16","13","29"
"KaynNikolai","15","14","29"
"ken3Col","15","14","29"
"kennasad","15","14","29"
"Kevinolo102","14","15","29"
"khoi63","14","15","29"
"khubdyakhavis","14","15","29"
"kibrith","16","13","29"
"KingChrisEdge","14","15","29"
"kingslayerss","14","15","29"
"KingStaleM8","14","15","29"
"Kira4chess","14","15","29"
"kk251992","15","14","29"
"klasidow","14","15","29"
"klxv2","15","14","29"
"Knallpieps","15","14","29"
"knightking64","15","14","29"
"knightofthehorizon","16","13","29"
"KobaTallin","14","15","29"
"kodam64","14","15","29"
"Koko639","13","16","29"
"kokot88","14","15","29"
"KolganovP","12","17","29"
"komotoich1","15","14","29"
"KoningVanDeKlavers","15","14","29"
"Konstantin198110","15","14","29"
"Koppelov","16","13","29"
"Kostushka18KkS","14","15","29"
"Kotela","14","15","29"
"KPanse10","15","14","29"
"KrstofrMrtnz","16","13","29"
"kssair","14","15","29"
"KSV13267","14","15","29"
"kumarkunal","15","14","29"
"kurtohnegurt","16","13","29"
"Kushan_007","15","14","29"
"Kuzey_CETINSOYLU_YT","14","15","29"
"La_Mangouste","17","12","29"
"ladiva35","15","14","29"
"LakerRus","15","14","29"
"LaloMundo","15","14","29"
"lamiillion","14","15","29"
"lancaster7","15","14","29"
"LasseLinusson","15","14","29"
"latinknight","13","16","29"
"LazySark","14","15","29"
"Leandro-J","16","13","29"
"leandroangelo35","15","14","29"
"Leepeople","15","14","29"
"leitn","15","14","29"
"leo_barroca","14","15","29"
"leshiidolgov","16","13","29"
"LETHALZAKHAROV","14","15","29"
"Lexakip","15","14","29"
"LiamStag","14","15","29"
"lllllIlll","14","15","29"
"Logan_cat","14","15","29"
"LoganOk","14","15","29"
"longe07","14","15","29"
"Lopecc","15","14","29"
"LordHiga","13","16","29"
"loren86","13","16","29"
"lotfiatoubi","14","15","29"
"LowerSaxonier","14","15","29"
"LowIqEstonian","14","15","29"
"lsant91","15","14","29"
"lubenw1","14","15","29"
"lucas444","14","15","29"
"Lupinho","15","14","29"
"Luwaynerod2003","15","14","29"
"Luxanark","14","15","29"
"m-l-94","15","14","29"
"m2612m","15","14","29"
"ma4m","15","14","29"
"macinco","14","15","29"
"Maestro7438","14","15","29"
"Magbeth","14","15","29"
"Magnat1977","14","15","29"
"Maher79","14","15","29"
"MahmoudAlma","13","16","29"
"Maicolcito","14","15","29"
"Majkl1706","15","14","29"
"malakovKG","13","16","29"
"maldauxra","14","15","29"
"mandorganteng","15","14","29"
"manidar","14","15","29"
"Manojmv","13","16","29"
"Mar3C33","14","15","29"
"Marat2020","16","13","29"
"margo21","13","16","29"
"mariiichesssurf","15","14","29"
"Mark_Tim","16","13","29"
"marknie","15","14","29"
"marko28","15","14","29"
"MarkSiebert","15","14","29"
"MarthandaKumar","13","16","29"
"martinenkoalexsandr","14","15","29"
"martini-henry","14","15","29"
"Marty83","14","15","29"
"Maryo_2","15","14","29"
"Marzpetuni","15","14","29"
"masimaki","14","15","29"
"Mat3in5","15","14","29"
"matsuoka1","14","15","29"
"Mattasparov","14","15","29"
"matthewattard","14","15","29"
"mauronunez","14","15","29"
"MaxFin86","15","14","29"
"maxiavelli","15","14","29"
"Mayk01","15","14","29"
"mcjergal","14","15","29"
"mcubes","15","14","29"
"MEDTCHOC","14","15","29"
"Mega_lodon","15","14","29"
"megaserg86","15","14","29"
"Melkonyan_Vardan","16","13","29"
"Memelanto","15","14","29"
"MEQ","15","14","29"
"merdan-2002","14","15","29"
"mermest","14","15","29"
"mestertavo","15","14","29"
"MethoE","15","14","29"
"Mettelineib","13","16","29"
"mglglnd0","14","15","29"
"mhmed09","16","13","29"
"mib83","14","15","29"
"mighty_fishy","15","14","29"
"MikeFabietti","14","15","29"
"Mikhail_Walker","14","15","29"
"mikkopiippo","16","13","29"
"mil22n","14","15","29"
"minhquang562012","16","13","29"
"Mitrou","14","15","29"
"mittscorner","14","15","29"
"MJjAck23","15","14","29"
"MMAcbeth","13","16","29"
"Mofokeng_22","14","15","29"
"Mohankumararumugam","14","15","29"
"mohethu","14","15","29"
"moneymaster964","14","15","29"
"MonsieurClement","15","14","29"
"morcego777","15","14","29"
"mordant1","14","15","29"
"MorphyOmar","14","15","29"
"motlhankagm","14","15","29"
"Mphephetse","14","15","29"
"MR_BASEM","15","14","29"
"MrDANYB","15","14","29"
"MrLorenzov","15","14","29"
"MrManuva","14","15","29"
"MrMess","14","15","29"
"MrMicheal","15","14","29"
"MrMooM00","16","13","29"
"mrvr","15","14","29"
"MrVuuu","15","14","29"
"msmrtic","14","15","29"
"MuFisica","14","15","29"
"muhadov","13","16","29"
"Muhammedgldl","16","13","29"
"mulnachnit","14","15","29"
"Munnyqt","14","15","29"
"mustfahusua","15","14","29"
"MustiBomBom_11","15","14","29"
"mwakamuii","15","14","29"
"mwelese","14","15","29"
"NaghiVahidi1974","15","14","29"
"Nanotechnik","14","15","29"
"nath_chess","16","13","29"
"NatRion","16","13","29"
"Navigare","14","15","29"
"Ncisalright","14","15","29"
"ncsuchess1","14","15","29"
"Ndjamena","14","15","29"
"ndog42","14","15","29"
"Negarfom","14","15","29"
"NekoGeko","14","15","29"
"nelpid","15","14","29"
"Nene-abouka","14","15","29"
"Neomax360","14","15","29"
"newyorkerj","14","15","29"
"Ngyenp","14","15","29"
"nic_salviato","15","14","29"
"nicholaipushkin","14","15","29"
"nicolas_scaff","14","15","29"
"NidhiNishad1","13","16","29"
"nikair70","15","14","29"
"NikolasSchach","15","14","29"
"nikonoel","15","14","29"
"niksparov","14","15","29"
"NND1001","14","15","29"
"Noe66","16","13","29"
"noe9","16","13","29"
"noelsosa","15","14","29"
"NoguesCamps","15","14","29"
"nom3d","14","15","29"
"nomansland1","14","15","29"
"norbert711","15","14","29"
"Nsuhada","13","16","29"
"ntm1406","14","15","29"
"nufts","14","15","29"
"Nurel2012555","14","15","29"
"NyDream","14","15","29"
"oGodzilla","14","15","29"
"okaloo","15","14","29"
"Oleg_run","14","15","29"
"OlgaBogo","14","15","29"
"olymicmm","15","14","29"
"Omksaxena","13","16","29"
"ondulator","14","15","29"
"ONEgameANDitsALL","16","13","29"
"OneStepAway","14","15","29"
"Ophysicsa","14","15","29"
"optimal_brain_damage","15","14","29"
"orangejuece","14","15","29"
"Orelvorona","14","15","29"
"orlando70","13","16","29"
"OscarVDG","13","16","29"
"Osh-FighteR","15","14","29"
"OtherProtocol","14","15","29"
"otosic","15","14","29"
"OttoVretare","15","14","29"
"Oualiid","14","15","29"
"ourleo","14","15","29"
"ousous","14","15","29"
"OussamaMah01","15","14","29"
"Ovcharenko_Juriy","16","13","29"
"ozkkerem","14","15","29"
"P_Shtalinskiy","15","14","29"
"p1r4t3k1ng","15","14","29"
"Pab20","15","14","29"
"Pablone","16","13","29"
"painesbones","15","14","29"
"paintingmoves","15","14","29"
"pajda","13","16","29"
"Panji_Adhi99","14","15","29"
"Pantao86","16","13","29"
"Patrickwilding","15","14","29"
"Patrizio444","15","14","29"
"Paule04","15","14","29"
"PAULORR","15","14","29"
"Pazzamerek","16","13","29"
"peaman_mb","14","15","29"
"Peasemaker78","15","14","29"
"pedoncino2","16","13","29"
"PedroCorvos2008","13","16","29"
"Peedd","15","14","29"
"penu","16","13","29"
"penyulas","14","15","29"
"PercEaterXanDiego","16","13","29"
"Petcon","15","14","29"
"phatrick","15","14","29"
"PHO814","15","14","29"
"phyrrhon","15","14","29"
"PICARDML","14","15","29"
"Pictsarus","15","14","29"
"Pierogood","13","16","29"
"Pikachu6700","16","13","29"
"Pinguicho123","16","13","29"
"pintica724","16","13","29"
"pirropio","15","14","29"
"pirund","16","13","29"
"Piti_Square","13","16","29"
"Pizza_37","16","13","29"
"PizzaBio","14","15","29"
"PlatanoCanario","14","15","29"
"PokerChess2","15","14","29"
"ponose","14","15","29"
"portugal","15","14","29"
"posj","14","15","29"
"premoveaddict","15","14","29"
"pressingpawn","14","15","29"
"ProCh3ssGamer","14","15","29"
"Prohazka","14","15","29"
"protoni","15","14","29"
"ps_cr7","14","15","29"
"pyserial","17","12","29"
"qa-sami1","16","13","29"
"Quanyshdude","14","15","29"
"QueenChabela","15","14","29"
"rabihawad777","14","15","29"
"rach222","14","15","29"
"Radio-Marconi-Italy","15","14","29"
"Rainer_Witthuhn","15","14","29"
"ralphvb","15","14","29"
"Ramastro88","13","16","29"
"ramin1393","15","14","29"
"ramtin_rismanchi","13","16","29"
"RandomFactPerGame","14","15","29"
"Ratul2611","15","14","29"
"Re_gret2610","14","15","29"
"Recife-Chess-Player","14","15","29"
"RED33","16","13","29"
"RedFrog2020","15","14","29"
"rEEhERNG","15","14","29"
"Regi79","14","15","29"
"Renz88","16","13","29"
"Reveran","16","13","29"
"rezagodarzi","12","17","29"
"RezaLona64","15","14","29"
"rgopires","15","14","29"
"richiea","14","15","29"
"RicitosDeOro","15","14","29"
"rkamlesh73","14","15","29"
"rmen","14","15","29"
"RoAdv1200","15","14","29"
"robbi123","14","15","29"
"robincjohnston","15","14","29"
"rompulo","14","15","29"
"rookiejojo","14","15","29"
"Rosechicken","14","15","29"
"Royelgoku","16","13","29"
"RS2021","15","14","29"
"RSCHMIDTBR","15","14","29"
"Rudraveer022","14","15","29"
"runolho","14","15","29"
"Rus-2512","16","13","29"
"RYUK000","16","13","29"
"S03REN","14","15","29"
"safakkaradayi","15","14","29"
"Safakkkkk","15","14","29"
"SAGAFADES676","14","15","29"
"saidsamil06","14","15","29"
"Saikava","15","14","29"
"Sajad_forlan","14","15","29"
"Salehayad","14","15","29"
"salemB","14","15","29"
"saltdog69","15","14","29"
"SandbagMaster","15","14","29"
"SandHamwich","16","13","29"
"sandman94","14","15","29"
"Santu977","14","15","29"
"SarthakGulyani","14","15","29"
"sas78","15","14","29"
"Sasha3271","14","15","29"
"Sawa84","13","16","29"
"sc19ms170","15","14","29"
"Scaryha","14","15","29"
"scbd","13","16","29"
"sebamoreyra","15","14","29"
"Seghainionism","15","14","29"
"selomo","14","15","29"
"Sentar","14","15","29"
"Sergey_Shtyka","15","14","29"
"SergeySalavat","15","14","29"
"Sergio_Quesada","14","15","29"
"servett9","15","14","29"
"Sevish","14","15","29"
"SHA_KING","14","15","29"
"shaaban32","15","14","29"
"ShadowKingBlack","14","15","29"
"shadowmaster4321","15","14","29"
"shady8686","14","15","29"
"shaggy09","13","16","29"
"Shah_Kerimli","15","14","29"
"shahrokhameri","14","15","29"
"Shakh1n","15","14","29"
"Shami236","15","14","29"
"Shaps29","14","15","29"
"Sheldorafk","14","15","29"
"Shenawy2023","15","14","29"
"SherifGhaly","15","14","29"
"Shewquette","14","15","29"
"shimshak33","16","13","29"
"shlomoazran83","14","15","29"
"SHUBHAMBANSA070106","15","14","29"
"SilverCat22","15","14","29"
"simonb2566","15","14","29"
"sirah","15","14","29"
"Siyar47","15","14","29"
"SkarpasTorres","14","15","29"
"skins4life2621","16","13","29"
"sky_silver7","15","14","29"
"Skywalkerg","13","16","29"
"SlavaJouravlevchess","15","14","29"
"Slaver12061979","15","14","29"
"Slow_Lucas","15","14","29"
"slugish","14","15","29"
"SmarthThought23","13","16","29"
"smiling_assassin","15","14","29"
"snavarro","14","15","29"
"soccerfreak1213","14","15","29"
"softgandhi","15","14","29"
"sogeking414","15","14","29"
"Solomaha-Oleg","13","16","29"
"solooooooooooo","15","14","29"
"SourceRichemale","14","15","29"
"SouthAfricanHyena","15","14","29"
"SpankBang","15","14","29"
"Spiglazov","15","14","29"
"SportsFinisher","14","15","29"
"Spyman_21","14","15","29"
"srabya","15","14","29"
"Stealth297","14","15","29"
"stevestern","14","15","29"
"STOICSTRENGTH_99","14","15","29"
"strongrock","15","14","29"
"Stufengang","14","15","29"
"Sumong1609","15","14","29"
"super_chess2022","13","16","29"
"Superchess76","14","15","29"
"supreeths1","17","12","29"
"Surajsk","13","16","29"
"syrex1221","14","15","29"
"Tailerrrr","14","15","29"
"TamalDeCarne","15","14","29"
"TamirlanElshatov","14","15","29"
"Tantaineverloss148","15","14","29"
"taopaipai-7","16","13","29"
"tasiofosse","14","15","29"
"tenaz46","13","16","29"
"tepary","15","14","29"
"TerraK","13","16","29"
"ThatBishop","15","14","29"
"Thatsnew","16","13","29"
"thebet","13","16","29"
"theCaliforniaDream","15","14","29"
"TheDarkHole","16","13","29"
"TheGosu","14","15","29"
"Themishail","16","13","29"
"THEoctopusKNIGHT-77","14","15","29"
"TheOzcan","17","12","29"
"TheRavage89","14","15","29"
"TheRealCoach","14","15","29"
"Thewillow14","15","14","29"
"ThongMan","15","14","29"
"Thormania","14","15","29"
"ThreePointFive","14","15","29"
"tHubbaBubba","15","14","29"
"ThumbDrive2","15","14","29"
"TiagoRibeiro3","14","15","29"
"tictacto","14","15","29"
"timstevens","14","15","29"
"titaning","14","15","29"
"TKF_Chess","15","14","29"
"Tla-B","14","15","29"
"tobok","15","14","29"
"Toetanchamon1","14","15","29"
"Tonicqueen333","14","15","29"
"torpor","14","15","29"
"traktorist_Uri","14","15","29"
"Traversdaykid","14","15","29"
"Trazorl","14","15","29"
"Triocton","15","14","29"
"trXXble","15","14","29"
"tsunil","17","12","29"
"ttdang","15","14","29"
"TTeteus93","15","14","29"
"tubermatt","13","16","29"
"tuboshidraulicos00","15","14","29"
"Tuc-Tuc","14","15","29"
"TuffGuy","15","14","29"
"turbado2023","14","15","29"
"twalkdaddy","15","14","29"
"Tyreek2nice","14","15","29"
"ucjems","13","16","29"
"UdevDPalliyage","15","14","29"
"Uemerson","14","15","29"
"umutyldz45","14","15","29"
"UncleMaxx","15","14","29"
"user100603471","16","13","29"
"uyguroef","14","15","29"
"uzvara","16","13","29"
"Vahagn333","13","16","29"
"vallecito","14","15","29"
"valmachi","15","14","29"
"vantassel","16","13","29"
"Vanya_004","15","14","29"
"Vasilev_Aleksandr","14","15","29"
"vasylenko","14","15","29"
"Veddim","14","15","29"
"veggieburrito","15","14","29"
"Velu16","16","13","29"
"vev35","16","13","29"
"VIAMRSH","14","15","29"
"Victory392","15","14","29"
"vidal22pirlo","14","15","29"
"ViktorSavelev","13","16","29"
"Vinayaka_Hegde","14","15","29"
"VinceTP","14","15","29"
"VinnyK","15","14","29"
"Vish786","15","14","29"
"vito27187","14","15","29"
"vlad-1329","16","13","29"
"voks1","14","15","29"
"Volo-dya","15","14","29"
"vomisa","15","14","29"
"VovaMurmansk","15","14","29"
"VrbasChess","14","15","29"
"vrkz","16","13","29"
"vrugu","15","14","29"
"vsamasss","14","15","29"
"Vuko","13","16","29"
"vysotskiial","14","15","29"
"Wael999","14","15","29"
"WalangHair","15","14","29"
"WalvinDesu","14","15","29"
"waxwabbit","15","14","29"
"Wgmbella","13","16","29"
"WhopTang","14","15","29"
"Wickermid","14","15","29"
"willanaxel","15","14","29"
"william82","14","15","29"
"windybyrd","16","13","29"
"WirHaltenDurch","15","14","29"
"Wissso","15","14","29"
"witteveder","15","14","29"
"Wole","15","14","29"
"WOS16","14","15","29"
"Wraithandstray","14","15","29"
"Ww0727","13","16","29"
"Wyken-2023","16","13","29"
"XNagib","14","15","29"
"xx13131313","15","14","29"
"y-so-many-virgins","14","15","29"
"Yadayada9","13","16","29"
"Yasielfc1984","14","15","29"
"YassineB52","15","14","29"
"Yegor777","15","14","29"
"yehiaax","14","15","29"
"YelisieikinArt","13","16","29"
"yesilbandana","15","14","29"
"yhij","14","15","29"
"yildirim2121","17","12","29"
"yisus-UwU","15","14","29"
"YLTRASUPERMEGASCHEST","14","15","29"
"Yoandri11","15","14","29"
"Yosafat2021","15","14","29"
"Yousefokasha","14","15","29"
"yzk19890902","14","15","29"
"Z_O_D","14","15","29"
"zabitar","15","14","29"
"zaki2040","15","14","29"
"zakzizou","14","15","29"
"Zambia_One","15","14","29"
"zarkasi","14","15","29"
"zbezza","14","15","29"
"zhomartakmatov","13","16","29"
"ZhulenyKun","14","15","29"
"Zibik77","16","13","29"
"ZikoGG","14","15","29"
"ZimboPower","14","15","29"
"zipfelzapfel2","14","15","29"
"zongorista2","14","15","29"
"ZX-0","17","12","29"
"A-Emiliano","14","14","28"
"A-Ham","13","15","28"
"a1ahmed","14","14","28"
"A1Victor1","14","14","28"
"A7767835532","14","14","28"
"Abcd-dcbA","12","16","28"
"abdelrahman2090","14","14","28"
"abdullayev777","14","14","28"
"abendmal","12","16","28"
"ABG12","14","14","28"
"Abraham_Majila","14","14","28"
"AbRauf","14","14","28"
"abumiteb","13","15","28"
"accelerated_dragon","13","15","28"
"achraf-inf","13","15","28"
"Achspieler","15","13","28"
"AdAm_GaVrIeL","12","16","28"
"adanabam","13","15","28"
"AdharshV","15","13","28"
"adivenk88","14","14","28"
"aetze","15","13","28"
"afacanriza","14","14","28"
"afrimax","12","16","28"
"Afrimiii","15","13","28"
"Agore","14","14","28"
"agriff","16","12","28"
"Ahmed_Darweesh98","13","15","28"
"ahmed77200","14","14","28"
"ahmedgesmalseed","14","14","28"
"ahmedhass","13","15","28"
"AidaTaghipoor","13","15","28"
"AjayChangoiwal","15","13","28"
"ajedrez_de_mi_vida","14","14","28"
"akchesspower","14","14","28"
"akodjayan","14","14","28"
"alaala221","14","14","28"
"alaanajjar","15","13","28"
"Alacazadelrey","14","14","28"
"AlanHandsome","14","14","28"
"ald2","13","15","28"
"AleckSander","13","15","28"
"AlekseySpace","14","14","28"
"Alemdar_polat","14","14","28"
"alepe3","14","14","28"
"Alex32167","14","14","28"
"Alex333B","14","14","28"
"Alex801121","14","14","28"
"AlexaFlame","14","14","28"
"AlexandrMelnichuk","14","14","28"
"AlexChepikov","15","13","28"
"AlexNevskey","16","12","28"
"Alexomiso","14","14","28"
"Alextain","14","14","28"
"Alfa_zolo","14","14","28"
"ali_0202","14","14","28"
"alico13","15","13","28"
"alirezaGm1020","13","15","28"
"Alpha_centauris","14","14","28"
"Altarius","14","14","28"
"Altindag35367","14","14","28"
"alvisyahrin","15","13","28"
"AlwaysLookAtTheBrigh","12","16","28"
"amado1234","13","15","28"
"Amadore","14","14","28"
"Amati","14","14","28"
"amer_galadari","14","14","28"
"AMHABIB80","14","14","28"
"Amirhnajafi","14","14","28"
"Amirhossein128","15","13","28"
"AmiteshP","14","14","28"
"aMiTRakShAr","14","14","28"
"Ammar33ar","15","13","28"
"AmoNasi","15","13","28"
"amr_26","15","13","28"
"ananda1das","14","14","28"
"AnandVishyy","14","14","28"
"Ancoysik","14","14","28"
"Andre26","14","14","28"
"Andrea1977","14","14","28"
"andreykrilov25","15","13","28"
"Andriy_44","14","14","28"
"Anonnnnnn","14","14","28"
"antoniopanoflo","14","14","28"
"Antonkuleshov88","13","15","28"
"anvas80","14","14","28"
"anvk1199","15","13","28"
"araballl","15","13","28"
"archi699","15","13","28"
"Archilionaire","16","12","28"
"ArehAreh","13","15","28"
"arete2","13","15","28"
"arianBRJ","16","12","28"
"ARKADMEL","14","14","28"
"ArlenGod","14","14","28"
"Arnoud01","13","15","28"
"arshadmehmood12","15","13","28"
"arunmoscow","14","14","28"
"arunpr","15","13","28"
"arvind19897","14","14","28"
"asdhxc","15","13","28"
"ashokarora59","14","14","28"
"aslehansen","14","14","28"
"Asmchess","14","14","28"
"AsustadoPotter","14","14","28"
"AtonTheWiseMan","15","13","28"
"Avaneesh010413","14","14","28"
"aweeswaggin","14","14","28"
"awpmac","14","14","28"
"ayberk7","14","14","28"
"aytio","14","14","28"
"azadku10","14","14","28"
"B_eijin_g","14","14","28"
"B_Nasty","14","14","28"
"ba_ni","14","14","28"
"babakbobby1","15","13","28"
"babs4real","15","13","28"
"Babun53","15","13","28"
"bacardirum","13","15","28"
"BadManUno","15","13","28"
"bahaaalmasri","14","14","28"
"Bakamayoko","14","14","28"
"Balhadak","15","13","28"
"ballots","16","12","28"
"barbadensis","15","13","28"
"barnstorm111","15","13","28"
"Bass_coot","14","14","28"
"batadimer","14","14","28"
"bazucar","14","14","28"
"BeatifulGirl_is_LIFE","13","15","28"
"BEATMAGNUS","14","14","28"
"bedo777","14","14","28"
"belakehalmed2021","14","14","28"
"benmacmoonface","14","14","28"
"Bennihil1972","14","14","28"
"Bersec2301","13","15","28"
"betaranda","13","15","28"
"beterman","15","13","28"
"bianney1963","12","16","28"
"BillBruce","15","13","28"
"Bkrajeshbk","12","16","28"
"bladerunner","13","15","28"
"Blaze007","14","14","28"
"Blubufalo","14","14","28"
"bluealqos","14","14","28"
"bluespike","14","14","28"
"bo0mShiva","15","13","28"
"BongoFury1976","13","15","28"
"borczi","14","14","28"
"born_to_dominant","12","16","28"
"boulderingfin","14","14","28"
"bparker7","16","12","28"
"Brainlessme8","15","13","28"
"brcnalbk","14","14","28"
"breakneck7","16","12","28"
"bredder","13","15","28"
"bsantafe","14","14","28"
"BUHOKRAD","14","14","28"
"bulletandblitzplayer","14","14","28"
"burakcanangs","15","13","28"
"byezr123","13","15","28"
"bzzz35","13","15","28"
"Camilodecuatro","14","14","28"
"CaminanteRojo","15","13","28"
"CanadaNovice","13","15","28"
"Cannotbeatme2012","14","14","28"
"canon0000","13","15","28"
"Canor3000","14","14","28"
"captcha2002","13","15","28"
"careless25","13","15","28"
"cariope","14","14","28"
"carlosmorete","13","15","28"
"CaroKanndy","14","14","28"
"casua48","14","14","28"
"cavidh198","14","14","28"
"Cedric_O","16","12","28"
"Cement1","13","15","28"
"chagib23","14","14","28"
"Chandr21","14","14","28"
"chanonino1","15","13","28"
"chanret","14","14","28"
"checkingopenings","15","13","28"
"cheessyjames","14","14","28"
"Chelyabinec","14","14","28"
"Chess_Kat","15","13","28"
"chess_player20202021","14","14","28"
"ChessBeginner720","13","15","28"
"chessinthailand","15","13","28"
"CHESSSKY10","13","15","28"
"chessstonks254","14","14","28"
"chessterbillpro666","15","13","28"
"ChessYapaKopala","15","13","28"
"chishala","15","13","28"
"Chlorprotiksen","16","12","28"
"Ciaomelociao","14","14","28"
"Cicogna","15","13","28"
"Cihan1000","14","14","28"
"CJ58","13","15","28"
"Clonazepunk","13","15","28"
"Clown235","12","16","28"
"cmercs","15","13","28"
"cocoloco254","13","15","28"
"coconatt","14","14","28"
"CoffeeBeaner","13","15","28"
"cokymosnter","16","12","28"
"continental_rus","14","14","28"
"Cordoba24","13","15","28"
"corndogs","14","14","28"
"Cornershimmy","14","14","28"
"Cotoplero","13","15","28"
"CP4070","13","15","28"
"cristi_darko","16","12","28"
"CristoReturned","13","15","28"
"cristoz99","14","14","28"
"cRpe","14","14","28"
"Crumples","15","13","28"
"Crusader-X","15","13","28"
"D4YourMom","13","15","28"
"dalev","15","13","28"
"dametuspiezas","15","13","28"
"dandot2001","14","14","28"
"danielaus","15","13","28"
"DaniilFox","13","15","28"
"dansenlim","14","14","28"
"Dantekerveros","13","15","28"
"Dariusz75","14","14","28"
"dave_austria","13","15","28"
"davebees","14","14","28"
"davidcebu","14","14","28"
"davidmcfp","13","15","28"
"DaVinci103","13","15","28"
"dawgsontop","14","14","28"
"dayvid33","14","14","28"
"dcwdcwdcw","14","14","28"
"DDEMoN_2209","15","13","28"
"Dead-Pawns","14","14","28"
"Deberri","14","14","28"
"Deca_tree","14","14","28"
"demir-21","14","14","28"
"Demoledor64","13","15","28"
"Den1911","14","14","28"
"Deni6629","13","15","28"
"deniab","14","14","28"
"Denis_Grognard","13","15","28"
"DeniSpartak","14","14","28"
"DennisDay","13","15","28"
"deuxualiztix","14","14","28"
"dha-nush","13","15","28"
"dhavalnakum111","14","14","28"
"DiamanteFiuza","14","14","28"
"dictiustenecare","14","14","28"
"Dimitriy1975","13","15","28"
"dimstal","14","14","28"
"dismas","14","14","28"
"djolesurdanovic","14","14","28"
"dkolyshnitsyn","15","13","28"
"DMKAOK","13","15","28"
"Dobermann061","14","14","28"
"dobladoman","14","14","28"
"DocDexter","14","14","28"
"Dokter_ngorok","14","14","28"
"Dolphinchess8","14","14","28"
"dongaitano","13","15","28"
"Dr_Haroon_Enayat","13","15","28"
"dr_nrusimhan","13","15","28"
"dragon_muto","13","15","28"
"Dragonmamba","14","14","28"
"DragonSlayerBansal","13","15","28"
"Drakhar23","15","13","28"
"draxquez","15","13","28"
"DrBronsteino","13","15","28"
"dreko161","14","14","28"
"DrEmetBrown","14","14","28"
"drinkanddrive","15","13","28"
"Drunkiin_Knight","13","15","28"
"DrYagiz2008","14","14","28"
"dubaandras","14","14","28"
"Dubai-Emirates","13","15","28"
"dumpster_man999","14","14","28"
"Dunkestein02","14","14","28"
"Dwarfinflask","15","13","28"
"E-stebn","14","14","28"
"Eddinebach","14","14","28"
"edmdv","16","12","28"
"EdoBot","13","15","28"
"Edwin73","14","14","28"
"EdwinPV","13","15","28"
"egeozbek","14","14","28"
"Egornh","14","14","28"
"eidlom","13","15","28"
"EigenChex","14","14","28"
"Eimons","15","13","28"
"El_fatih","14","14","28"
"elcampeoncito18","14","14","28"
"Eldener_Chessart","13","15","28"
"Elevado","14","14","28"
"elfoo","13","15","28"
"eliasmwiine","14","14","28"
"ell_lalang","12","16","28"
"ellipticd","13","15","28"
"Elmeteorotorre","14","14","28"
"EmilAgaev","14","14","28"
"Emrecinar","13","15","28"
"endhapernalumok","14","14","28"
"enesgurses9","14","14","28"
"ennuigroup","14","14","28"
"EpicZocker","14","14","28"
"erdemisik","13","15","28"
"EREN1234567","15","13","28"
"erenArslansen","14","14","28"
"EugeneTS","13","15","28"
"Evgeny0185","13","15","28"
"evi1234","15","13","28"
"ewatts","14","14","28"
"Exhibit","14","14","28"
"Ezekingnaka","13","15","28"
"EZZELDEEN","14","14","28"
"F_tasty","16","12","28"
"f247","14","14","28"
"F3ynman69","15","13","28"
"FabiFarias","15","13","28"
"fabijeo","15","13","28"
"FabioSNunes","14","14","28"
"faf1980","15","13","28"
"fafeco","14","14","28"
"falperro","14","14","28"
"Falsifikaciy","12","16","28"
"Faresmahmoudn","15","13","28"
"Federals","16","12","28"
"fedor2012","14","14","28"
"felipetavaresk8","15","13","28"
"fenixgm10","14","14","28"
"Fernandonelson","14","14","28"
"Ferzilian","14","14","28"
"Figga","14","14","28"
"Fischer_Combat","15","13","28"
"FLACOLOMBIA","16","12","28"
"flashboy","13","15","28"
"flintgom","14","14","28"
"Frank299","14","14","28"
"FranZac","15","13","28"
"funkytimes","13","15","28"
"gadjoo","14","14","28"
"Gafoor123","14","14","28"
"Gagarin_88","14","14","28"
"GameSquid","13","15","28"
"GammaVortex666","14","14","28"
"gani2009","14","14","28"
"gcn","14","14","28"
"GEMYNY2","14","14","28"
"gennadi88","14","14","28"
"geostatfather","15","13","28"
"Ggs13","14","14","28"
"ghargoo","14","14","28"
"Giftmumba5050","15","13","28"
"giray15","12","16","28"
"GJRush","15","13","28"
"gladiator-858","13","15","28"
"glass-bead-gamer","14","14","28"
"GMAkin","14","14","28"
"gmjkldfzxvy4","15","13","28"
"Gnospo","15","13","28"
"Gongga","14","14","28"
"GoranStar","14","14","28"
"GPCOne","14","14","28"
"GrainBowl","14","14","28"
"grandmasteruzayy","14","14","28"
"gseng","14","14","28"
"GuchessTR","15","13","28"
"Guerdan","16","12","28"
"Guissepe25","14","14","28"
"gunnimagg","14","14","28"
"Gustavomk22","13","15","28"
"ha_jun","14","14","28"
"Hajduch","15","13","28"
"hakansimsek","14","14","28"
"halil1962","14","14","28"
"Hamiltonkingone","13","15","28"
"hamood2024","15","13","28"
"hand_chess","15","13","28"
"Hannibalschlechter","14","14","28"
"hardy592","13","15","28"
"harefaaa","14","14","28"
"harshaurora","14","14","28"
"hashuko","13","15","28"
"Hawkins_entropy","14","14","28"
"hehehehe101","16","12","28"
"hell-on-wheels","13","15","28"
"HelloWorld_gui","13","15","28"
"HerilalaMDG","15","13","28"
"Herries2021","15","13","28"
"hezarfena","15","13","28"
"hg1355","14","14","28"
"Hingal_Sarin","13","15","28"
"Hiscaru_Nkmura","14","14","28"
"Holdys","14","14","28"
"HomayooonT","14","14","28"
"honeylemoncayenne","13","15","28"
"Hossammadkuor","14","14","28"
"Hosseinkg","14","14","28"
"Hot-Male","14","14","28"
"hozyel","14","14","28"
"HUGO2705","13","15","28"
"HungryG","14","14","28"
"i_am_penguin","13","15","28"
"I3ush_Mas1er","15","13","28"
"iamAkshay99","14","14","28"
"Iboat","16","12","28"
"Ibrahimkamal","15","13","28"
"ichakimat","16","12","28"
"IcoEGei","15","13","28"
"ifeelalive","14","14","28"
"igor030888","14","14","28"
"IgorBN5","16","12","28"
"iishchukov","14","14","28"
"ikarus9","14","14","28"
"ilcapodelsur","13","15","28"
"ilir3333","13","15","28"
"ilter241","14","14","28"
"imakareno","15","13","28"
"imhuseinfx1994","15","13","28"
"iNDREI","14","14","28"
"Intermezzo8","15","13","28"
"InveterateTea45","14","14","28"
"IONOVICH","14","14","28"
"ipcy","13","15","28"
"Isaac_gz","16","12","28"
"iskandar_iqos","14","14","28"
"IsmaNeves","14","14","28"
"ispanico89","13","15","28"
"iStudyU","14","14","28"
"itachiamaterasu13","13","15","28"
"itcfbod","15","13","28"
"Itchy_got_the_drip","15","13","28"
"ItokianaRandrian","14","14","28"
"ItzLinkez","13","15","28"
"IvanValjevo","14","14","28"
"izzak","15","13","28"
"Jackdan_0","13","15","28"
"jadubovic","15","13","28"
"Jamrud-JC7_SCI","15","13","28"
"Jannik1092","13","15","28"
"jaresh333","13","15","28"
"JasonRpar29","14","14","28"
"JaviFolch","13","15","28"
"javispace1982","13","15","28"
"Jay2michael","14","14","28"
"JayJay2k","14","14","28"
"JayzenMykal","14","14","28"
"jebatkobayashi96","14","14","28"
"jessaaaaa","14","14","28"
"JhensL","14","14","28"
"JhonnyPlayReyDama","13","15","28"
"jhonsnow23","13","15","28"
"jihadhaha","15","13","28"
"Jjd2017","11","17","28"
"jlbo1974","14","14","28"
"jmdayez","13","15","28"
"johanneslunden","14","14","28"
"Johnnyboimlb","14","14","28"
"Joinvillesc","13","15","28"
"Jolivar","13","15","28"
"JonB","14","14","28"
"JonSnowNW","13","15","28"
"Jose_Barreto","16","12","28"
"Jose_Eim","14","14","28"
"Josebon","14","14","28"
"JoseQuirasco","14","14","28"
"JoskoT","13","15","28"
"jostenman","13","15","28"
"Jovan_Djumic","14","14","28"
"Juan4397","14","14","28"
"juanjocaceres","13","15","28"
"juliojulian985","14","14","28"
"Jumasi","14","14","28"
"JustSenses","14","14","28"
"Jv916","14","14","28"
"Jwass1","15","13","28"
"k___ayla","15","13","28"
"kabo03","14","14","28"
"kaccil","13","15","28"
"Kairat_zko","14","14","28"
"KaiYanKaiYan","13","15","28"
"Kalimi5t","15","13","28"
"KamikazeKnight105","12","16","28"
"kaory12","14","14","28"
"KapibaraGambit","14","14","28"
"karafilyali","14","14","28"
"Kartviller","14","14","28"
"Kasisiete","15","13","28"
"KATATONICO","15","13","28"
"kenkim","14","14","28"
"KeremAltinbas","15","13","28"
"Kev2327","15","13","28"
"kftpolaris","15","13","28"
"Kheder1978","13","15","28"
"khuttsoYachagi","13","15","28"
"killerofsizafu","15","13","28"
"KingOfTernat","14","14","28"
"KingOfTheVillage","14","14","28"
"KIPKOECHBETT","14","14","28"
"KIRILL198330","14","14","28"
"KishorLakra","15","13","28"
"kitsuneisamu","12","16","28"
"Kjksypj","13","15","28"
"kkris21sagala","14","14","28"
"Kleidermann","13","15","28"
"kni02","14","14","28"
"KoenD","14","14","28"
"Koffman58rus","13","15","28"
"KoK111","13","15","28"
"kola000","13","15","28"
"kolenval","15","13","28"
"kornmopark","14","14","28"
"KPsycow1","14","14","28"
"krishnasol","14","14","28"
"KSixGroove1","14","14","28"
"ktg423","14","14","28"
"KubZhan","14","14","28"
"kulfanii","16","12","28"
"kulsuno","14","14","28"
"KultigerZocker","14","14","28"
"KwstasRodos","14","14","28"
"KYFM","14","14","28"
"L-THIPE","14","14","28"
"L9_2","14","14","28"
"Ladamadescalza","14","14","28"
"lagueur","14","14","28"
"laguitt","14","14","28"
"Lamuerte840","14","14","28"
"LanguidMandala","14","14","28"
"LankyLama","14","14","28"
"lanreoo1","11","17","28"
"lapuissance203","13","15","28"
"LaskaJestem","14","14","28"
"lastdays20000","14","14","28"
"lean007uwu","14","14","28"
"lenj0","14","14","28"
"Leonardoseptuaginto","13","15","28"
"leoscherer","15","13","28"
"lich-is","15","13","28"
"Liins","15","13","28"
"LinusP02","15","13","28"
"loktus","14","14","28"
"Longines","15","13","28"
"losme94","14","14","28"
"lostbcausbadmousepad","14","14","28"
"louis056","15","13","28"
"lucila-solis","13","15","28"
"LuckyLuckPlayer","15","13","28"
"Lucynek","12","16","28"
"luiperz","14","14","28"
"lukav1988","12","16","28"
"lukeluke","14","14","28"
"lumenian","14","14","28"
"Luth29","14","14","28"
"Lykkejeger888","15","13","28"
"m_amar2","14","14","28"
"m1ftah","14","14","28"
"m56g","15","13","28"
"M578t","15","13","28"
"macan","14","14","28"
"MadMetelProto","14","14","28"
"MagnersCarlsberg1","14","14","28"
"Magnus_boss","13","15","28"
"mahcup","13","15","28"
"Maherov","14","14","28"
"MaitreyaBuddha","15","13","28"
"maksimrtmo","14","14","28"
"Malak_Mashreqi","15","13","28"
"mamaille","14","14","28"
"maman_bojongz","14","14","28"
"mamdoohdoulaimi","14","14","28"
"ManfredL","12","16","28"
"ManFromRio","14","14","28"
"mani_deep","14","14","28"
"Manonfire11","13","15","28"
"manue23","13","15","28"
"Manuelclever","14","14","28"
"Manzano17","15","13","28"
"marazanof","14","14","28"
"MarcinTalWojtkowski","15","13","28"
"Maria_Bangea","14","14","28"
"marinkomagla","14","14","28"
"MariusDB","14","14","28"
"Mark_Radnitskii","14","14","28"
"Mark1537","14","14","28"
"markenge","13","15","28"
"marlonick","15","13","28"
"marlonolayaac","14","14","28"
"mars1212","14","14","28"
"MartyFunkhouser","12","16","28"
"MarvinPince","15","13","28"
"MasonCrosby","14","14","28"
"Matecosido02","15","13","28"
"Mathodic","13","15","28"
"Matrix111111111","14","14","28"
"Matveevac","15","13","28"
"maxevans4321","14","14","28"
"MaxOttoStierlitz","14","14","28"
"maxyml","13","15","28"
"MaxZabor","13","15","28"
"MAYB1","15","13","28"
"MayorovMichael","14","14","28"
"maziye","14","14","28"
"McAluz-09","13","15","28"
"Mcquuens","14","14","28"
"me12344321","14","14","28"
"Meckie97","13","15","28"
"medabrian","13","15","28"
"MEHRSHAD2020","14","14","28"
"melamela8","15","13","28"
"mickat","14","14","28"
"MiLitusS","16","12","28"
"miljo99","14","14","28"
"millicz","14","14","28"
"mindelo82","11","17","28"
"minifigurine","13","15","28"
"mirac2015","14","14","28"
"Mirmahmut","13","15","28"
"miter","14","14","28"
"mk05012023mk","14","14","28"
"mkMiletic","15","13","28"
"mmiikk","14","14","28"
"mmmchess","13","15","28"
"Mo_zis","14","14","28"
"Moby333","14","14","28"
"ModernEuclid","15","13","28"
"modiolus","13","15","28"
"modita","14","14","28"
"moein0013","12","16","28"
"moha111","14","14","28"
"Mohanad1","16","12","28"
"molfar23","14","14","28"
"Monaton","14","14","28"
"Monty65","14","14","28"
"MorningChess2021","14","14","28"
"MozGambit","14","14","28"
"mp355","14","14","28"
"MrE1","15","13","28"
"MrLazy_sloth","14","14","28"
"MrWais001","12","16","28"
"mSakka","15","13","28"
"msdhoni070707msdhoni","15","13","28"
"mtum2003","15","13","28"
"mtzaniko","14","14","28"
"muis01","13","15","28"
"multik1","14","14","28"
"MustafaMVC","11","17","28"
"mxedari1995","14","14","28"
"my_name_v","15","13","28"
"Mz55","14","14","28"
"N1KNE1M","14","14","28"
"Nachtgold","15","13","28"
"Naculari","13","15","28"
"Nahuel1709","14","14","28"
"Namelessvein65","13","15","28"
"Nanavov_Mikhail","14","14","28"
"Naqqoytska","13","15","28"
"nathan_b131","14","14","28"
"Navid1324","14","14","28"
"navidvd","15","13","28"
"Neheimer-Patzer","14","14","28"
"Nelron","14","14","28"
"netdoom","13","15","28"
"neymarjr107","14","14","28"
"Nezhm","14","14","28"
"nganesh200","13","15","28"
"NickGaz","14","14","28"
"nicolasj56","16","12","28"
"Nightmare261","12","16","28"
"Niki72","14","14","28"
"Nikita_6637","12","16","28"
"Nikitosikbot","13","15","28"
"Nikivar","15","13","28"
"Nikolaabr","14","14","28"
"nikolast86","15","13","28"
"Nilesh1221","13","15","28"
"Nirdesh706","12","16","28"
"Nirvashe","13","15","28"
"Nisz","14","14","28"
"nitsud_prime","14","14","28"
"Nivang1983","14","14","28"
"Nkosijay","13","15","28"
"nonste","14","14","28"
"norman31","15","13","28"
"nosro123","15","13","28"
"Notension","13","15","28"
"nottodayyouwat","15","13","28"
"Nottodey","14","14","28"
"Nourine1602","12","16","28"
"nuevavida2020","12","16","28"
"Nyxtime","14","14","28"
"oasmnfkanldskfna","14","14","28"
"odemirer89","15","13","28"
"Offtherecord","16","12","28"
"Ogladj","14","14","28"
"OhNoMyLands","14","14","28"
"Ohuru","14","14","28"
"olddag","14","14","28"
"OlegAleksandrovich","14","14","28"
"olzhas7p","15","13","28"
"omerustundag","15","13","28"
"onear","13","15","28"
"Onowu","15","13","28"
"ooliinyk","15","13","28"
"Oskaritto","13","15","28"
"OST7","14","14","28"
"Ostro12","16","12","28"
"Ottimot","15","13","28"
"ottomaani","14","14","28"
"Oulskool","13","15","28"
"Over50fast","16","12","28"
"owilde2020","14","14","28"
"ox5","13","15","28"
"Ozane05","15","13","28"
"ozeanos","13","15","28"
"pablo_romero","13","15","28"
"Pabuba","17","11","28"
"Pachalamuta","14","14","28"
"Padur","14","14","28"
"PangJonathan","13","15","28"
"PapaHikaru","15","13","28"
"papitaparaeloro","15","13","28"
"paradigmatico","16","12","28"
"parhamtaut","14","14","28"
"Partecerebros","15","13","28"
"Pasha65","14","14","28"
"Paul_Kopold","13","15","28"
"PaulieGualtieri","14","14","28"
"Pauwwerplay","14","14","28"
"Pavan2b0","14","14","28"
"pc4233","15","13","28"
"pedrocesarba","14","14","28"
"Pegasusch","14","14","28"
"peltarion","15","13","28"
"PercivalCL","15","13","28"
"Percycha","14","14","28"
"Persida","15","13","28"
"petros-ian","15","13","28"
"PewPewPeew","14","14","28"
"pfErdnuss","11","17","28"
"phallusMaximus1","15","13","28"
"philandro","13","15","28"
"pHsyChEjEaN","16","12","28"
"pinkaze","14","14","28"
"Piotr5612","15","13","28"
"PitolMaestri","14","14","28"
"Planet7","15","13","28"
"Player_457","14","14","28"
"plonsert","14","14","28"
"poesruanvinnigop","14","14","28"
"Poiq0","14","14","28"
"Pol09876","14","14","28"
"Poleo_Menta","15","13","28"
"poligami","13","15","28"
"Pollition","14","14","28"
"ponderwonder","14","14","28"
"pooyanth","16","12","28"
"posutinatikina","14","14","28"
"Povod_Napitsya","12","16","28"
"PowerKk","14","14","28"
"ppsrh1","13","15","28"
"pr22","13","15","28"
"pravin26chess","15","13","28"
"Prince_Dakkar","13","15","28"
"PrincessCirilla","14","14","28"
"prolatio_minor","14","14","28"
"ptronz","15","13","28"
"pueblodelviento","13","15","28"
"pupssss","13","15","28"
"Pupy74","14","14","28"
"Purkinjecell","14","14","28"
"pustina","14","14","28"
"q2487575","13","15","28"
"Qalaa","15","13","28"
"qnj96","14","14","28"
"QuarinSoda","14","14","28"
"quedatacasa","13","15","28"
"QuickandTricky","14","14","28"
"Quist50","13","15","28"
"Quttie","16","12","28"
"R_Harrow","15","13","28"
"r-m_2013","15","13","28"
"r34tgg5","14","14","28"
"radioactive19","15","13","28"
"rafet104","14","14","28"
"rahuldchamp","14","14","28"
"raj_priyanshu17","14","14","28"
"RaleCG","21","7","28"
"ramses58","16","12","28"
"ranjvvkk89","13","15","28"
"Raulxx","13","15","28"
"raviteja999","15","13","28"
"RayFrost","13","15","28"
"Raynersen","14","14","28"
"razeden","14","14","28"
"razov","14","14","28"
"RedRockets","14","14","28"
"renzobermudez7","14","14","28"
"repins","15","13","28"
"ret2600","14","14","28"
"reymuerto10","13","15","28"
"Rez_Bzhikhov","14","14","28"
"rfokumura","16","12","28"
"Rhaast7","14","14","28"
"rhmnnn","13","15","28"
"Rhorak","13","15","28"
"Ricardo_Perez_Ruiz","15","13","28"
"RicMaqueda","14","14","28"
"rikashiariri","15","13","28"
"riposte5","13","15","28"
"RISHIPALLAGANI","13","15","28"
"ritzeri","13","15","28"
"robert232323","14","14","28"
"roberthch333","14","14","28"
"Rock445","13","15","28"
"RogenChess","13","15","28"
"Roger_L","12","16","28"
"ROGER10barsa","16","12","28"
"romannosejob","15","13","28"
"Rook_Hunter","14","14","28"
"Ros_ke_123","13","15","28"
"round100","14","14","28"
"rsevim37","14","14","28"
"Ruberiot","15","13","28"
"Rusapi","16","12","28"
"ruslanpay","14","14","28"
"ruthores","14","14","28"
"rutnir","14","14","28"
"RyanSullivan","14","14","28"
"S-Hilbert","15","13","28"
"SabaLarkin","14","14","28"
"Sagacious1","13","15","28"
"sagar_45","15","13","28"
"sai_gangala","14","14","28"
"saidhamideh","14","14","28"
"Sakenych","14","14","28"
"SalahOsman","15","13","28"
"salemshadid","13","15","28"
"SalmonSpirit","14","14","28"
"salvo91","15","13","28"
"SAMCHESS_18","14","14","28"
"samerpush","14","14","28"
"Samrayan","15","13","28"
"sandro1996","13","15","28"
"sandrom","14","14","28"
"Sanspif","13","15","28"
"Sazbe","14","14","28"
"Schachgenie","14","14","28"
"Schachmatt_Meister","15","13","28"
"schmetterling981","14","14","28"
"scoopycat","14","14","28"
"SCorrente","13","15","28"
"SCTeruel","14","14","28"
"SedulousWay","15","13","28"
"sehvenider","15","13","28"
"selMaNCes","14","14","28"
"SemenovAlex27","13","15","28"
"sepehrniam","14","14","28"
"SergDRAG","14","14","28"
"Sergey1Nikonov","13","15","28"
"Serghboroda","13","15","28"
"Sethosxi","14","14","28"
"Sgt_Marcus_Burns","14","14","28"
"ShaquilBonil","13","15","28"
"sharanazarian","14","14","28"
"sharvesh2021avk0903","14","14","28"
"Shijunior1","13","15","28"
"SHIMIVI","13","15","28"
"shivansh_kr","15","13","28"
"showy2","14","14","28"
"shynosaur_7","15","13","28"
"sidv57","13","15","28"
"siklista","14","14","28"
"sima_naz","13","15","28"
"Simkha","16","12","28"
"SinisterVishy","14","14","28"
"Sissfo","13","15","28"
"sjaydenemmanuel","13","15","28"
"Skatam","14","14","28"
"skillzmat","12","16","28"
"Sle4k","13","15","28"
"sleep_ix","14","14","28"
"slnight","13","15","28"
"sloper42","15","13","28"
"Sneetchs","15","13","28"
"solison","14","14","28"
"Solochi01","14","14","28"
"sonderlyw","14","14","28"
"sosal","15","13","28"
"spanky21","14","14","28"
"sriki2020","15","13","28"
"STEFANTRIFU44","14","14","28"
"SteMak88","14","14","28"
"StevenRamirez_UNTELS","14","14","28"
"stigerik1","14","14","28"
"stigovia","14","14","28"
"StipePoljak","14","14","28"
"Stoya06","13","15","28"
"strad-1980","14","14","28"
"sudheep8111987654","14","14","28"
"sunofchess","14","14","28"
"SUPERCHEMONMAN","13","15","28"
"surajit_das_2019","15","13","28"
"sxntimxnt","15","13","28"
"sz1205","10","18","28"
"Szopienicki","14","14","28"
"Tabasca_Channel","14","14","28"
"Tafila","15","13","28"
"TahaN16","14","14","28"
"taktycznemanewry","14","14","28"
"Tarantula_2009","14","14","28"
"tarjmp","14","14","28"
"tcarpes","14","14","28"
"Teardrunker","17","11","28"
"teknosmutnek","15","13","28"
"teko_hydeko","15","13","28"
"teoman1907","14","14","28"
"tepor","14","14","28"
"Tesla2020","14","14","28"
"teumessianfx","14","14","28"
"Thad54","15","13","28"
"thecloudmachine","15","13","28"
"TheFatPlatypus","14","14","28"
"THEPROF78","14","14","28"
"TheQuetzalcoatl","15","13","28"
"TheSchroe","14","14","28"
"ThomasB80","14","14","28"
"ThunderGodCid","13","15","28"
"tiktat","12","16","28"
"Timothase","13","15","28"
"timur198886","14","14","28"
"Timur333","15","13","28"
"tkpcaw","14","14","28"
"tmbanyele","12","16","28"
"Tobenbert","15","13","28"
"TocTep1985","14","14","28"
"tomskiykedr","14","14","28"
"toni_the_man","13","15","28"
"topchess-8","14","14","28"
"TPABKA_OTPABKA","16","12","28"
"trek1900","15","13","28"
"Tricky_169","14","14","28"
"Trin1tron","14","14","28"
"tstedders","14","14","28"
"Turkman_24","15","13","28"
"Turmbrecher","16","12","28"
"tvinit","14","14","28"
"TWBH","15","13","28"
"twitch-vacwep","16","12","28"
"Twitch7_Mile","15","13","28"
"Tyeedavis","14","14","28"
"u_w0t_m8","14","14","28"
"ubay_bsk","14","14","28"
"ucGM-Kaspa","14","14","28"
"ultflame","15","13","28"
"UndeaDragon","12","16","28"
"Ur","14","14","28"
"usEr-19Z300","15","13","28"
"V_Simpi","12","16","28"
"V4V0","15","13","28"
"vacaerror","14","14","28"
"VadimCarlsen","11","17","28"
"val118","16","12","28"
"valentin78600","15","13","28"
"Valki","14","14","28"
"Vanch6","14","14","28"
"VandakurovGleb","16","12","28"
"vat_3046","13","15","28"
"Vaxxic_Avenger","13","15","28"
"vedran6","13","15","28"
"VedranTriPrsta","15","13","28"
"venjc","14","14","28"
"vgolub","15","13","28"
"Vheko","13","15","28"
"vicnicsor80","14","14","28"
"victor666999","13","15","28"
"vikas_8_chess","14","14","28"
"villarinv28","17","11","28"
"vinas003","14","14","28"
"VincentCardamone","14","14","28"
"VinciVega88","14","14","28"
"VivaChes","14","14","28"
"vj123444","15","13","28"
"Vladimir123kr","13","15","28"
"voretsen1","12","16","28"
"vuhoa112","13","15","28"
"w_owvr","14","14","28"
"Waltermelon90","14","14","28"
"weffff","15","13","28"
"wequalw0","14","14","28"
"Wezice","16","12","28"
"whin","14","14","28"
"Whiteghost1005","14","14","28"
"WidmerxD","13","15","28"
"WinterSoliderNaruto","12","16","28"
"Wonderbra","15","13","28"
"Woofik","14","14","28"
"Worldperson","14","14","28"
"wpsdfm","13","15","28"
"x_Heffe_x","14","14","28"
"Xasay2007","13","15","28"
"xavierdemolin","14","14","28"
"xenyal","15","13","28"
"XSaGeZ","13","15","28"
"xswift","16","12","28"
"yagna_chess19","14","14","28"
"YAHYAAAAB","14","14","28"
"yaq21","14","14","28"
"yellowroof","13","15","28"
"Yerbamate_ARG","14","14","28"
"Yersinia2","14","14","28"
"Yghervas","13","15","28"
"yo0000o","13","15","28"
"yololijah","15","13","28"
"yoskm","14","14","28"
"YourLordAndKing","14","14","28"
"yudong","15","13","28"
"Yura_Filatov_2010","13","15","28"
"yuri674","14","14","28"
"zacker22","13","15","28"
"zahrito","14","14","28"
"ZAlexey","14","14","28"
"zaneyu","13","15","28"
"zcanik","16","12","28"
"Zeblon_Vilakazi","13","15","28"
"Zerovsky","15","13","28"
"Zhaslan_Aligozhin","15","13","28"
"ZhouZhekai","15","13","28"
"Ziaddine","14","14","28"
"zigmassk","13","15","28"
"zilakon","13","15","28"
"zimorodokrrr","14","14","28"
"zionchiu","13","15","28"
"Zoltyah","15","13","28"
"zomario","14","14","28"
"zuberpinaz","15","13","28"
"ZugzwangMC","13","15","28"
"zulfu46","14","14","28"
"Zuperzky","14","14","28"
"zwerg_32","13","15","28"
"zyn1976","13","15","28"
"Zyryab","13","15","28"
"AAkbulut","13","14","27"
"aarongifs","13","14","27"
"AatmaramTukuramBhide","13","14","27"
"Abbalbisk","13","14","27"
"abbe101","13","14","27"
"abcdef126","14","13","27"
"AbdelrahmanMostafa","14","13","27"
"Abduulah_sami_8","11","16","27"
"abhee09","14","13","27"
"abinandhvl","12","15","27"
"abstractnuclear","14","13","27"
"Achillies","11","16","27"
"acquanto","14","13","27"
"adagilson","14","13","27"
"adamrao","13","14","27"
"AdeelShakoor","14","13","27"
"adineshkumar","13","14","27"
"afanasiev45","14","13","27"
"agswib","13","14","27"
"Ahmed_sayed_said8","13","14","27"
"AhmedBaRaa009","13","14","27"
"ahmt92","14","13","27"
"AHYAT","13","14","27"
"AidenPGregg","12","15","27"
"Aikikaichess","13","14","27"
"ajaj_ly","14","13","27"
"AktaSkolmatten","14","13","27"
"Alain84","14","13","27"
"Alakdan115","14","13","27"
"AlAlGuss","11","16","27"
"AlanFBG","13","14","27"
"Albe039","14","13","27"
"albinifr","13","14","27"
"alchemia","14","13","27"
"AldiLeonardus","13","14","27"
"Aldoxxi","14","13","27"
"Alejander","13","14","27"
"Aleks78spb","13","14","27"
"aleksandar79","13","14","27"
"AlekseyVerba","14","13","27"
"Alex_Eagleowl","13","14","27"
"ALex_Mixeev","15","12","27"
"alex216600","13","14","27"
"alexanderstamp","14","13","27"
"Alexandr_71","11","16","27"
"Alexl1953s","13","14","27"
"AllaKhazam99","13","14","27"
"Allbeert","13","14","27"
"AllRino","14","13","27"
"alma1960","12","15","27"
"almerok","13","14","27"
"almutaali","13","14","27"
"alosvlad","13","14","27"
"Alpha_03","13","14","27"
"Alppit","13","14","27"
"alvaroluigi","14","13","27"
"Alyssonkar","14","13","27"
"amiklos05","15","12","27"
"AmorFatiMementoMori","15","12","27"
"amrdonya","14","13","27"
"AMSABandara","11","16","27"
"ana_baba_yala","14","13","27"
"AndiSondeng_15","13","14","27"
"Andreasfg","14","13","27"
"Andrew_Cc","13","14","27"
"andrzejrambo17","13","14","27"
"angel_angulo","13","14","27"
"Annas303","14","13","27"
"Annso","15","12","27"
"Anomus","12","15","27"
"AnonymousWwa","13","14","27"
"another2","13","14","27"
"Anthuanchess","13","14","27"
"Antinanco","15","12","27"
"AntoNovikov","14","13","27"
"Antwan8448","14","13","27"
"apetrescu","13","14","27"
"Apex01","13","14","27"
"ApocalypsoKnight","14","13","27"
"Apollo191","14","13","27"
"aprendiendohoy","13","14","27"
"Aprol","13","14","27"
"Aqouty","14","13","27"
"arabiscus","13","14","27"
"Arazil2010","12","15","27"
"Archaeopath","14","13","27"
"ArclightKami","12","15","27"
"ariel101","13","14","27"
"armine","13","14","27"
"Arturoglezmor","13","14","27"
"asdssswda","14","13","27"
"asimon","15","12","27"
"asprododis","13","14","27"
"AstroSmurf","15","12","27"
"Ata0031","13","14","27"
"atalayfy","14","13","27"
"ateoperuano","14","13","27"
"aurasbjj","13","14","27"
"AVED_MAG","13","14","27"
"AveragePotato","14","13","27"
"Axilla3000","14","13","27"
"Axuzer21","12","15","27"
"aydinsihay","14","13","27"
"ayoubbsn","15","12","27"
"Aytekinho","13","14","27"
"Ayush-10-C-G","14","13","27"
"AYUSH1170","12","15","27"
"AzikRB","14","13","27"
"azpirov","13","14","27"
"baby_eubos","14","13","27"
"Badaru1989","13","14","27"
"Baki6187","14","13","27"
"Bakso_Kampung","14","13","27"
"Bakza","13","14","27"
"bald_daddy","14","13","27"
"ballantine","14","13","27"
"BALSLEVELSLABSTER","13","14","27"
"bamboolee","14","13","27"
"Barbun_67","12","15","27"
"Barranquillero","13","14","27"
"barreraleix","13","14","27"
"Bary07","14","13","27"
"basshead2000","13","14","27"
"Batang_Hamog86","13","14","27"
"BatuKarg","14","13","27"
"Bazilov_Arman","12","15","27"
"beansly_7","14","13","27"
"Beast68","14","13","27"
"BegemotBody","13","14","27"
"beirut2010","15","12","27"
"BenedictSantino14","13","14","27"
"Benteng_SombaOpu","14","13","27"
"Bergoltz","12","15","27"
"Beriya-f","14","13","27"
"Berkekocc","13","14","27"
"bernard08","13","14","27"
"BezwingerWinger","13","14","27"
"Bezzeg","13","14","27"
"Bigchess2021","12","15","27"
"bigdoobly","13","14","27"
"billie_strut","13","14","27"
"blade_emr","13","14","27"
"blank_kami","14","13","27"
"blissfulhorripilatio","14","13","27"
"bmcgrail","13","14","27"
"bobbymathews","14","13","27"
"Boblocke3575","13","14","27"
"BohemeRoyal","14","13","27"
"bohemianrock","15","12","27"
"boraakyurek1","14","13","27"
"boredboard","13","14","27"
"Borgov84","14","13","27"
"borjazz","13","14","27"
"Born_to_Insult","14","13","27"
"Bostboss12","14","13","27"
"Boulione","13","14","27"
"Brabo12","13","14","27"
"brabo20023","13","14","27"
"Brain_ID","13","14","27"
"Brave_spirit_2003","13","14","27"
"brinovitc","12","15","27"
"BritonKM","12","15","27"
"Brittag","13","14","27"
"BruceTwarze","13","14","27"
"Brumakin","14","13","27"
"Bruno_AVL","13","14","27"
"BSAKETH","14","13","27"
"BuffDude","13","14","27"
"buguzama","14","13","27"
"bukan1905","12","15","27"
"Bulochka777","14","13","27"
"burgazadabelediye","14","13","27"
"by_kedi","13","14","27"
"C81433549Ramon","12","15","27"
"caipiroska","13","14","27"
"cao985","13","14","27"
"CaraxesFire","13","14","27"
"CARLOS0228","11","16","27"
"CARLOS1028150","14","13","27"
"CarlsensBabyaffe","14","13","27"
"carolkermit34","13","14","27"
"carumax","13","14","27"
"CedrickG","13","14","27"
"cegueraajedrecistica","13","14","27"
"cendres","14","13","27"
"ceppone79","15","12","27"
"ChanditBillyBrian","16","11","27"
"CHANIKI","13","14","27"
"channdlerbinng","13","14","27"
"Charlicorne","12","15","27"
"Charolito03","10","17","27"
"Chatrunga","14","13","27"
"Chayma12345","14","13","27"
"Checkmate22651","14","13","27"
"checkmate2500","13","14","27"
"Cheeseeeeeee","13","14","27"
"Chennuo","12","15","27"
"chepo37","15","12","27"
"Cherny_Rytsar","15","12","27"
"Chess_novichok","14","13","27"
"Chess_persona","12","15","27"
"chessandcode","14","13","27"
"chessbsas","14","13","27"
"ChessCoach20","14","13","27"
"chessfreak_2023","14","13","27"
"chessinot","14","13","27"
"chessjazzbass","13","14","27"
"chesskid1914","13","14","27"
"chessmanishere","14","13","27"
"chessmaster5355","12","15","27"
"ChessNito","14","13","27"
"chessr0x","15","12","27"
"chesstacion","14","13","27"
"chesstranio","13","14","27"
"chessVAC","13","14","27"
"Chestercom","15","12","27"
"CHEsterFielD1000S","14","13","27"
"chicham","13","14","27"
"choje","13","14","27"
"CHONTU","14","13","27"
"ChrisAnton","13","14","27"
"chunmun","14","13","27"
"Cibbah2222","14","13","27"
"cinarser_39","14","13","27"
"Ckaf","14","13","27"
"ckmate1","13","14","27"
"ClaYJR","13","14","27"
"cleisinhochess","13","14","27"
"Clerget","15","12","27"
"cloder","11","16","27"
"clopez805","13","14","27"
"cocoasan","12","15","27"
"colet289","13","14","27"
"comecome2024","15","12","27"
"commondo1988","15","12","27"
"CONSTANTIN2018","13","14","27"
"contragambitod5","15","12","27"
"corderitomanso","14","13","27"
"CouineGambit","14","13","27"
"CrabChess","11","16","27"
"crem1","14","13","27"
"Crescent178","15","12","27"
"CroidAntiquity","13","14","27"
"Curasma","13","14","27"
"Cvb77","13","14","27"
"Cys59","12","15","27"
"D1nnerbone","15","12","27"
"Dakica123","13","14","27"
"dan09102015","13","14","27"
"DanDaniDan","13","14","27"
"dangerous64penguin","12","15","27"
"Danieldanish135","13","14","27"
"danieler262","14","13","27"
"Danielterrance","13","14","27"
"danielthompson52","13","14","27"
"Danny_45dk2","12","15","27"
"DannyPerez","16","11","27"
"daouchess","14","13","27"
"darkaksik","13","14","27"
"Dash07","15","12","27"
"daunnnn","13","14","27"
"davidcalzadilla","14","13","27"
"Davidtem07","12","15","27"
"Dcb5052","14","13","27"
"Ddenissss","14","13","27"
"dede-sla-arg","12","15","27"
"Dedi07","14","13","27"
"deepyeez","14","13","27"
"delfalta10","14","13","27"
"Demolito_L6","16","11","27"
"demon2007","13","14","27"
"denislemouton","15","12","27"
"denizbyr","15","12","27"
"Dentistmaher","14","13","27"
"despr","14","13","27"
"destructora01","14","13","27"
"DeTree","14","13","27"
"devkatia","14","13","27"
"Devlikeschess","13","14","27"
"dgodas","13","14","27"
"dhrysky","14","13","27"
"dianarodrigvez","14","13","27"
"Didriksson","14","13","27"
"diealtegabe","13","14","27"
"Digitallicus","14","13","27"
"DiligentlyWorking","12","15","27"
"dimirest2","13","14","27"
"Dimitrije_Zarkov","14","13","27"
"dindon1963","13","14","27"
"diskroll","13","14","27"
"DK-57","14","13","27"
"dkaptan","14","13","27"
"dl287park","3","24","27"
"Dmk007","14","13","27"
"dochodca","14","13","27"
"doctorBob777","14","13","27"
"DonatasShields","13","14","27"
"dontcrywhenyoudie","14","13","27"
"Dostacisoyler","12","15","27"
"DovahRick","11","16","27"
"Dr_NSF","14","13","27"
"DrFauci","15","12","27"
"DrIrving","14","13","27"
"dsantoz","13","14","27"
"Duinhir","14","13","27"
"Dungagucoo","13","14","27"
"Dvas47","12","15","27"
"dvoechnek","15","12","27"
"dynamic9996","13","14","27"
"dynamite_64","14","13","27"
"edmonddantes1829","14","13","27"
"Eduardikus","14","13","27"
"Egilcaicedo","14","13","27"
"Ehtibar1w3","15","12","27"
"Eis271828","14","13","27"
"ejiroghene","14","13","27"
"ElCachito","13","14","27"
"Electric_Knight","12","15","27"
"Ellotoabsolut","14","13","27"
"Eloir","14","13","27"
"emiliocba","14","13","27"
"emiliofut","15","12","27"
"Empty_King","13","14","27"
"Emre414","14","13","27"
"Emrertl","12","15","27"
"enginsimsek0806","15","12","27"
"EnnioEvo","13","14","27"
"enricc","14","13","27"
"envyseapets","13","14","27"
"epahds","15","12","27"
"epikoder","13","14","27"
"Epivape","13","14","27"
"equinox772","15","12","27"
"Erick_Gaceri","13","14","27"
"ErikWeissR","14","13","27"
"erman1987","14","13","27"
"ermanfaydali","14","13","27"
"ernesto_marrero","13","14","27"
"Erreburundi","14","13","27"
"Erubinic","13","14","27"
"ESCORPION1957","15","12","27"
"Esmeralda_legu","13","14","27"
"Evil_Zodiac","13","14","27"
"F_1ron","13","14","27"
"F7Mongoose","13","14","27"
"fabiomaxxx","14","13","27"
"Fantaman","13","14","27"
"farnamtehran","13","14","27"
"Fath66","14","13","27"
"Fatih-Alaybeyoglu","12","15","27"
"fatiiii","12","15","27"
"fayala_vargas","14","13","27"
"fbemr","13","14","27"
"FC-Schalke-04","13","14","27"
"felypefe","13","14","27"
"fer_us21","15","12","27"
"FerrumBrain","14","13","27"
"filea","12","15","27"
"Filippov1986","14","13","27"
"Finisterrex","13","14","27"
"Firezone","12","15","27"
"fishbaum","14","13","27"
"FlamingNajdorf","15","12","27"
"Flechecasee","13","14","27"
"Floatingself","13","14","27"
"flypig25","13","14","27"
"fo94","14","13","27"
"Fofka","14","13","27"
"Fornirace","14","13","27"
"FortisV","14","13","27"
"FourGoldChains","14","13","27"
"Foxjump","15","12","27"
"foxmouvies","14","13","27"
"Frank_V_P","13","14","27"
"FreddieAlfred","12","15","27"
"Freddzo","14","13","27"
"freeEZdubs","14","13","27"
"FrostbiteSlim","13","14","27"
"Fvjulio","14","13","27"
"G4LVA","15","12","27"
"gabdito","13","14","27"
"Gabe_G23","14","13","27"
"GabrielChavarry2009","14","13","27"
"Garremu","14","13","27"
"GazowanyRosol","14","13","27"
"gberruz","13","14","27"
"Gector_iz_Troi","15","12","27"
"geriaunebus","14","13","27"
"Gerley","12","15","27"
"German5189","14","13","27"
"getthat","13","14","27"
"GGodz2020","14","13","27"
"Ghostintheshell","13","14","27"
"ghostman22","13","14","27"
"GhostRider668","13","14","27"
"Giambo","13","14","27"
"GilSchori","14","13","27"
"Giorbinky","14","13","27"
"Glandor","12","15","27"
"glitchuh","14","13","27"
"gltknbdr","15","12","27"
"Gnosis_Masonry","14","13","27"
"gobpion","13","14","27"
"Gokuchess","15","12","27"
"golcu9","14","13","27"
"Gorillason","13","14","27"
"Gpadibonjour","12","15","27"
"GPGanev","12","15","27"
"gpox","13","14","27"
"Grolsen35","14","13","27"
"Grzesiek575","14","13","27"
"guasco","13","14","27"
"GUIGUISABRINA","13","14","27"
"GuilhermeBiavati","14","13","27"
"guineano29","14","13","27"
"GutsyEdge","13","14","27"
"Gzb99","14","13","27"
"h8gi","15","12","27"
"habib55","13","14","27"
"HadiShab","12","15","27"
"hadros","12","15","27"
"Hakoona_Matata","15","12","27"
"Hammer_of_chess","16","11","27"
"hangower","13","14","27"
"Hanish_Dhanwalkar","13","14","27"
"hankidanki","14","13","27"
"hannibal_0609","14","13","27"
"Hannigro","14","13","27"
"Harolide","14","13","27"
"harshaggarwal","13","14","27"
"Hasandaldal","14","13","27"
"HaykNersisyan2023","14","13","27"
"Hayko887","14","13","27"
"hectormr23","15","12","27"
"helaocentella","14","13","27"
"Helder2013","13","14","27"
"Helg71","13","14","27"
"Hellkive","14","13","27"
"heroiccocoa","15","12","27"
"Hfafhuv","14","13","27"
"hideonmyroom","13","14","27"
"Hiii-hannn","13","14","27"
"Hilproo","14","13","27"
"Hollandmaasssak","13","14","27"
"hopolapa5","13","14","27"
"Hornochse","12","15","27"
"hosannasendie2010","14","13","27"
"hosseinzpp","14","13","27"
"hotrookin","12","15","27"
"Houcine144","14","13","27"
"htwa","13","14","27"
"HuskyZ","14","13","27"
"hyperion412","14","13","27"
"I_2100","14","13","27"
"iago-silva01","14","13","27"
"iamsalmanansari01","13","14","27"
"Ibn_mx","14","13","27"
"ibrahimozkaya","16","11","27"
"ibrahimzaur","12","15","27"
"ignacy02","13","14","27"
"Ignatka","12","15","27"
"Igor2283","13","14","27"
"ilanbokobza","13","14","27"
"ilidge","13","14","27"
"illuminati2003","13","14","27"
"Iluzionisti","15","12","27"
"inamake","15","12","27"
"Itachi_Ut","14","13","27"
"ItchyBadger","14","13","27"
"Itsmesingh","13","14","27"
"ivan_radix","14","13","27"
"ivanbj12","15","12","27"
"iwillnotlose2","14","13","27"
"J3zzy","13","14","27"
"Jacob46","14","13","27"
"JaimeJosePires","14","13","27"
"JaiSankarSubramanian","12","15","27"
"janomiso","15","12","27"
"jas31l","14","13","27"
"jelson_26","13","14","27"
"Jerry1903","13","14","27"
"jexxxreyxh84","14","13","27"
"Jeyjey974","14","13","27"
"Jinny___OsOs","13","14","27"
"jjj_quelch","13","14","27"
"jjohn333","14","13","27"
"jkrolling69420","13","14","27"
"Jm_plays","12","15","27"
"jmkbbles24","14","13","27"
"jmpschiepers","12","15","27"
"Jo_sh_ua","14","13","27"
"Jockel99","13","14","27"
"Joeli","14","13","27"
"johnathanDirk","15","12","27"
"joki_007","13","14","27"
"JoKi10","15","12","27"
"Jomeni","14","13","27"
"jonathan_davidson","14","13","27"
"JooHun","12","15","27"
"Jordi65","14","13","27"
"Jorgito27","14","13","27"
"josalce11","13","14","27"
"jostinator99","13","14","27"
"jp370723","14","13","27"
"Jpoint","12","15","27"
"jpriron","15","12","27"
"JPRP555","14","13","27"
"jrmz","15","12","27"
"JTmero","13","14","27"
"Juanita5975","13","14","27"
"jubah","14","13","27"
"Juliusbravo","13","14","27"
"jurdjan","14","13","27"
"just-me","14","13","27"
"justforhobby","13","14","27"
"JV8","13","14","27"
"jyeyl","12","15","27"
"kAdis17","14","13","27"
"Kagge","13","14","27"
"Kallicharan","13","14","27"
"kamal8710","13","14","27"
"Kameljon","13","14","27"
"kamil_08","13","14","27"
"kangpopanda","14","13","27"
"Karimmmmmmmm","14","13","27"
"kartikbelwal","15","12","27"
"kasaspin","14","13","27"
"Kashakishow","14","13","27"
"Kavish20","13","14","27"
"Kawoonda","14","13","27"
"kbchopra","14","13","27"
"keikuethas","15","12","27"
"kerimdemirr","15","12","27"
"ketambatu","12","15","27"
"KeyserSoze78","14","13","27"
"Khadirovv99","13","14","27"
"khait_81","14","13","27"
"khaledabuyasser","13","14","27"
"KhusanKhasan","14","13","27"
"kian55","16","11","27"
"KillerMillerChess","15","12","27"
"Killersugus","13","14","27"
"kimmeriets","13","14","27"
"king_slayer26","13","14","27"
"KingHunter97","13","14","27"
"KingKef","13","14","27"
"KingOfCornerCastle","14","13","27"
"kingwolf1234","13","14","27"
"KINGXVI","14","13","27"
"Kir13","13","14","27"
"Kirill363","14","13","27"
"kiro2022","13","14","27"
"Klausday","14","13","27"
"KmHachimMoabdou","13","14","27"
"knightgallant","13","14","27"
"knightriderr","14","13","27"
"Konstantin_Mofa","12","15","27"
"koreanchesschamp","13","14","27"
"krakitish","13","14","27"
"krizm77","14","13","27"
"krom2000","13","14","27"
"Kshimati","13","14","27"
"Kufios","13","14","27"
"Kuhburger","15","12","27"
"Kuroo20","12","15","27"
"KurtB55","13","14","27"
"kylekumar88","13","14","27"
"L55e97f07b","14","13","27"
"labhsher","14","13","27"
"Laindiinka","15","12","27"
"Lapox","13","14","27"
"Lareponse3","14","13","27"
"Lasner","12","15","27"
"LATALAIA","13","14","27"
"latebloomer","12","15","27"
"Lawrenxe","13","14","27"
"lbh36","14","13","27"
"le_lion","13","14","27"
"leanbow","13","14","27"
"Lebogangm","12","15","27"
"leforgeron","12","15","27"
"legendary_chesshunt","13","14","27"
"leguytou","13","14","27"
"leite_sem_lactosy","14","13","27"
"LEMR52","14","13","27"
"leolmoss","14","13","27"
"Leone1905","13","14","27"
"LeonidKri","13","14","27"
"LeonidRaf","14","13","27"
"lesersan","15","12","27"
"leviruan","12","15","27"
"Lguizani","14","13","27"
"life4951","14","13","27"
"lilbingo","13","14","27"
"liljon0512","14","13","27"
"LionChess264","13","14","27"
"liondragonphoenix","13","14","27"
"lipsha","12","15","27"
"lmart","14","13","27"
"Logia","14","13","27"
"lohen","13","14","27"
"Lohne","14","13","27"
"LollaRossa","13","14","27"
"Loner1717","13","14","27"
"LordOptimusPrimus","13","14","27"
"Lothus","15","12","27"
"lou509","13","14","27"
"Lowhigh","13","14","27"
"lubitel2","14","13","27"
"LubitelShahmat","14","13","27"
"lucasgalant","15","12","27"
"lucid_rs","15","12","27"
"lucienlongvertstoll","13","14","27"
"Lysne","14","13","27"
"M0XVTWIO","13","14","27"
"MacBane","14","13","27"
"Machiavelli126","13","14","27"
"Maestro_20","13","14","27"
"maggotdj","14","13","27"
"Magyar58","14","13","27"
"Mahe21652","14","13","27"
"mahmoudben_xv7","13","14","27"
"Maihuuna","13","14","27"
"Maissikeisari","14","13","27"
"majcek123","13","14","27"
"makemedie","13","14","27"
"Maksgor","14","13","27"
"Malory77","14","13","27"
"Manatov31","12","15","27"
"Mange04","13","14","27"
"manoloseguel","14","13","27"
"MANU_PATEL","14","13","27"
"ManuRafa","12","15","27"
"mapnascar","13","14","27"
"MarcoIannone","13","14","27"
"marcososaki","13","14","27"
"MardiGras25","14","13","27"
"marino444","14","13","27"
"Markplayer1994","14","13","27"
"MarkVodvud","13","14","27"
"Marouanhassik","12","15","27"
"marquesemerson","13","14","27"
"marwantonio","13","14","27"
"Masne_Debiuty","13","14","27"
"mataco2","13","14","27"
"MatematicoEchevarria","12","15","27"
"matemeister","15","12","27"
"matinyo31","14","13","27"
"MatZak","14","13","27"
"MauroMF","14","13","27"
"MaxDiazMautino","14","13","27"
"maxim_leo","14","13","27"
"mazaooo","14","13","27"
"mazen15alrehawi","15","12","27"
"mazuk29","13","14","27"
"mclvr","13","14","27"
"McMicko","14","13","27"
"Meandme2023","15","12","27"
"megaerGuy","13","14","27"
"mehdouille","14","13","27"
"mehmathsaygili","13","14","27"
"Meister00","13","14","27"
"Melianiski","13","14","27"
"Menelao76","13","14","27"
"Merikard","14","13","27"
"Merlin888","12","15","27"
"mevlutdurmaz","13","14","27"
"Mexicali","14","13","27"
"mhzalex","14","13","27"
"miamia131","14","13","27"
"Micmau1984","16","11","27"
"MicroManiac","14","13","27"
"midouch","14","13","27"
"Mighty_Petrosian","14","13","27"
"mihail_ak","14","13","27"
"Mihossain","14","13","27"
"MikroRR","14","13","27"
"Milos16041971","14","13","27"
"mirkub","12","15","27"
"miron_majden","12","15","27"
"MIscacco","13","14","27"
"missanth","13","14","27"
"miznina1619","14","13","27"
"mladi_fiser","14","13","27"
"MlCHl","14","13","27"
"Mlindos_The_Baptist","13","14","27"
"mn1957","12","15","27"
"MNS_101","11","16","27"
"MoemenAbdElMordy","14","13","27"
"MohamadChikhAlard","13","14","27"
"mohamd_kh50","14","13","27"
"mohamedagl","14","13","27"
"mohamedtalaat5111","14","13","27"
"Mohammad_raouf","14","13","27"
"MoizAhmadShabir","13","14","27"
"molinajesus2801","13","14","27"
"MooTaek","14","13","27"
"morimo","15","12","27"
"Mostofa1","13","14","27"
"motacel","13","14","27"
"Mr_Lord_Atomic","14","13","27"
"Mr_Sobeit","14","13","27"
"Mr-Zenon","14","13","27"
"Mrjoeyg","13","14","27"
"MrJones78","13","14","27"
"MRNOR","13","14","27"
"mrrafael","15","12","27"
"mrxhook","13","14","27"
"mudawod","13","14","27"
"muhtar0101","14","13","27"
"mukisingh","16","11","27"
"Muravev","14","13","27"
"myemreg","13","14","27"
"nacisk","13","14","27"
"Nahabi","14","13","27"
"nahelito","15","12","27"
"nalojhop","14","13","27"
"narankhuu_turbat","13","14","27"
"Nashiro9","14","13","27"
"Naturelover7","14","13","27"
"NawabiChess","14","13","27"
"nedokasparov","14","13","27"
"new_d1v1de","13","14","27"
"nextlvlup","14","13","27"
"NforNoel","13","14","27"
"Nickolay274","14","13","27"
"nico76899","14","13","27"
"Nikolay_Krot","13","14","27"
"NimzoBros","14","13","27"
"nirmalks","13","14","27"
"nitinmaharana","13","14","27"
"nobbyry","13","14","27"
"nokahl","12","15","27"
"nokia1100","14","13","27"
"NotoriousPFG","15","12","27"
"npweston","14","13","27"
"NQue89","13","14","27"
"Ntokozonkosi832","15","12","27"
"NukerGandhi","14","13","27"
"O-Almeida","14","13","27"
"obayda-clay","14","13","27"
"octogono","11","16","27"
"offermeadraw","14","13","27"
"ogabe_k4179","14","13","27"
"Olegoav","13","14","27"
"olujimi12","14","13","27"
"Om_jek17","13","14","27"
"Omar_taiba","14","13","27"
"omio19","13","14","27"
"omkar_0707","12","15","27"
"omniscient_pants","14","13","27"
"onetomate","13","14","27"
"ONKOLOG","13","14","27"
"OptimusPrime78","13","14","27"
"Orangutan61","14","13","27"
"ordunae","13","14","27"
"Orense2023","14","13","27"
"OsidMore","15","12","27"
"oskoparo","12","15","27"
"OssianSjoberg","14","13","27"
"oubeyd","14","13","27"
"oud58","14","13","27"
"Ovoko","16","11","27"
"padhi_bisesh","13","14","27"
"pakrukkcm","13","14","27"
"Palm-Top_Tiger","14","13","27"
"palsaloum","17","10","27"
"panagiskosmatos","14","13","27"
"panterarosa100","14","13","27"
"PanteritaCanelita","13","14","27"
"PapaPeoKING","13","14","27"
"papaulbe","14","13","27"
"PaperStreets","13","14","27"
"PAPOR123","14","13","27"
"patre92","14","13","27"
"patrikmark1311","14","13","27"
"paul_kersey_013","13","14","27"
"paulzki12","15","12","27"
"PAVVIL","11","16","27"
"pawn_storms","14","13","27"
"Pawnstructures","13","14","27"
"paymanmoafimadani","13","14","27"
"pedropauloz","14","13","27"
"peerugio","12","15","27"
"pencil20","14","13","27"
"pendorcha36","14","13","27"
"Petitdormant","14","13","27"
"Petterling","15","12","27"
"pgcbies49","14","13","27"
"Philemon54","13","14","27"
"Philly_SWAT","14","13","27"
"PHSBacaro","13","14","27"
"Phtevenp","13","14","27"
"physics642","14","13","27"
"Pianogijs","13","14","27"
"pianomaner","13","14","27"
"pionas54","13","14","27"
"PipaII","13","14","27"
"PitonAE","13","14","27"
"pitoune","14","13","27"
"poburian","13","14","27"
"Pokazushnik1","13","14","27"
"Polat_Gencler","14","13","27"
"pomarino2","13","14","27"
"povod","13","14","27"
"powerfer","13","14","27"
"ppawnnfirst","13","14","27"
"Praizess","15","12","27"
"prakashman123","13","14","27"
"prakher","14","13","27"
"Pranjal26barola","13","14","27"
"Preyevsky","13","14","27"
"Princess1994","14","13","27"
"Prinsdal","15","12","27"
"ProfeSor1971","13","14","27"
"psmnolan","13","14","27"
"pthorel","14","13","27"
"pugmasterj","14","13","27"
"pushkarsane","15","12","27"
"pushkutty","14","13","27"
"qiwvifm","14","13","27"
"Qmaster3144","13","14","27"
"Queen-2010","14","13","27"
"QuotenUmber","14","13","27"
"qwerty987r","13","14","27"
"rabiday","13","14","27"
"radsh966","13","14","27"
"RafaelBurn","14","13","27"
"Rahim_safi","14","13","27"
"Raidinas1234","15","12","27"
"RajkovicPetar","13","14","27"
"Rajna31","14","13","27"
"Ramiro_345p","13","14","27"
"Ramzikhoory","13","14","27"
"Ranjith05","11","16","27"
"Rasec666","14","13","27"
"Rayan224","13","14","27"
"raz_al_ghul777","15","12","27"
"realneil","13","14","27"
"reay","15","12","27"
"RebelSon123","14","13","27"
"reimannhalf","13","14","27"
"renedobricia","14","13","27"
"Revirado","13","14","27"
"Rey_2003","14","13","27"
"Reyhan_Aniz","14","13","27"
"rezamir8331","15","12","27"
"Riachuelo10","12","15","27"
"Rickveg","14","13","27"
"Rita025","13","14","27"
"riudes","14","13","27"
"rivergambit","15","12","27"
"rlastra","14","13","27"
"RM911","12","15","27"
"Roadcito","14","13","27"
"robertojose","15","12","27"
"robfeynman","15","12","27"
"RoboChess123","13","14","27"
"rodion101001","15","12","27"
"Rodri90","14","13","27"
"RohaCombat22","14","13","27"
"Romancik","13","14","27"
"Romanych30","15","12","27"
"rorere","13","14","27"
"rororok","13","14","27"
"rosas2223","13","14","27"
"Rothose","12","15","27"
"roy_kings12","13","14","27"
"rpvrzoom","14","13","27"
"rsi715","15","12","27"
"Ruatar_1234","14","13","27"
"rudik16","13","14","27"
"Rudolf_Perez","13","14","27"
"Rugbyfab","14","13","27"
"RuiArede81","13","14","27"
"Rusad","13","14","27"
"RyanOP","14","13","27"
"s1984","14","13","27"
"Saed_Aghabsbazade","14","13","27"
"sahiltaneja","14","13","27"
"sajzare","14","13","27"
"sam_1230","13","14","27"
"Samada88","13","14","27"
"sambhav23","14","13","27"
"Samy_Saad","15","12","27"
"Sandi_Croatia","12","15","27"
"Sandi-Andrey","13","14","27"
"sanjhony","13","14","27"
"santinogbr","14","13","27"
"santomega91","15","12","27"
"Sapovsky","14","13","27"
"saravana0411","12","15","27"
"sarppo17","13","14","27"
"satrancseveroyuncu","13","14","27"
"SavaKuptsoV","13","14","27"
"saverioteatro","13","14","27"
"Savke1989","15","12","27"
"saygilarbizden38","14","13","27"
"Sch8urm","13","14","27"
"Schwabenpower","14","13","27"
"seamson","14","13","27"
"Serg_Belyaev","13","14","27"
"Serg_tourn","15","12","27"
"Sergei_Kononovich","13","14","27"
"sergei77","13","14","27"
"sergio291955","14","13","27"
"Serhii_Haleta","13","14","27"
"Serikon","14","13","27"
"serizu","13","14","27"
"sevsnape","13","14","27"
"sguaitima","14","13","27"
"shaayansux","14","13","27"
"shabb_tpt","14","13","27"
"ShampoodeJegue","15","12","27"
"Sharingan06","13","14","27"
"Sharkboy1300","14","13","27"
"sherlockhoholms","14","13","27"
"shermyespitia","14","13","27"
"shiv1235","13","14","27"
"shootnik64","14","13","27"
"sianga002","12","15","27"
"SID0702","14","13","27"
"siel80","15","12","27"
"silashoyerup","14","13","27"
"Simbuwa","13","14","27"
"simongoertzen","13","14","27"
"sin1","14","13","27"
"SirFaithful","13","14","27"
"sirwanalipourr","14","13","27"
"sisisenior","14","13","27"
"Sivanandhaa","14","13","27"
"Slava034","14","13","27"
"slick","13","14","27"
"SloughhZebra218","14","13","27"
"smbatk","13","14","27"
"smlmmmd","13","14","27"
"smoreiras","15","12","27"
"Smyslovs_Poodle","12","15","27"
"snareset","13","14","27"
"Snorlax07","14","13","27"
"Sochen2014","13","14","27"
"Soleoues","12","15","27"
"SOLERR","12","15","27"
"solfasollu","14","13","27"
"SoltBaspo","14","13","27"
"SON-RCK","14","13","27"
"sotac","13","14","27"
"sotoli","15","12","27"
"SoulDoctor","12","15","27"
"SouthParkinson","13","14","27"
"SpaceGandalf","15","12","27"
"spiritakademi","13","14","27"
"sregalado","11","16","27"
"Staleb81","12","15","27"
"StarDancer","14","13","27"
"stekach_temik","12","15","27"
"steynCell","15","12","27"
"STi_v","13","14","27"
"STLV8030","13","14","27"
"stockmitten","15","12","27"
"stolichnaaya","13","14","27"
"StoneColdAustin316","14","13","27"
"stonerockenroll","14","13","27"
"Storm_himself","13","14","27"
"stormthrust","13","14","27"
"StormyNight","15","12","27"
"Stranzki","14","13","27"
"Strongkwon","13","14","27"
"Subhayan_1","13","14","27"
"sudhir","13","14","27"
"suhaib172","14","13","27"
"supasaf","14","13","27"
"SuperBorge","13","14","27"
"superlaza","13","14","27"
"SuperMega1","13","14","27"
"supriadi98","13","14","27"
"SushiChess69","13","14","27"
"susinek70","15","12","27"
"swamyyadav","13","14","27"
"swernoot","13","14","27"
"SydBZH","13","14","27"
"T_101","14","13","27"
"tAbLE53","12","15","27"
"Tajoga","13","14","27"
"Takanohana","13","14","27"
"talenalain2023","14","13","27"
"Tani18","13","14","27"
"tanix2007","14","13","27"
"Tar7a7s7","13","14","27"
"Taras7373","13","14","27"
"TEESTO","13","14","27"
"test_user111","13","14","27"
"Testochess","14","13","27"
"Tha_jesus","13","14","27"
"ThatLastCheck","14","13","27"
"The_Jesters_Cap","13","14","27"
"THEANAS99","13","14","27"
"TheDoctorI","12","15","27"
"thegoldensuperking","14","13","27"
"TheGreatBell","13","14","27"
"thejomurays","13","14","27"
"TheKingsMate","15","12","27"
"TheLivingMatrix","15","12","27"
"theredforest","15","12","27"
"Thomas_Tallis","14","13","27"
"thornheart","13","14","27"
"Tigakoma14","14","13","27"
"tilak18","14","13","27"
"Tilkilt","13","14","27"
"tioli","14","13","27"
"Titan1979","14","13","27"
"tkeskin","14","13","27"
"TNTPLUS","14","13","27"
"todd1794","13","14","27"
"TONPIOZ","14","13","27"
"Tony_Iommi","14","13","27"
"TonyMahoyny","14","13","27"
"tosinos","14","13","27"
"totti77","11","16","27"
"Trapsta","10","17","27"
"tresbon","15","12","27"
"trimararvydas","13","14","27"
"Trisanka","16","11","27"
"tru_la_la","13","14","27"
"tsodmad","13","14","27"
"tulpaaaaana","14","13","27"
"turkistan34","15","12","27"
"turuu0506","12","15","27"
"Twinkle_pawn","12","15","27"
"TwojStarySzachman","14","13","27"
"tylergreen","14","13","27"
"tysiek23","15","12","27"
"U5885U","13","14","27"
"ua_snail","13","14","27"
"UC_MIT_ScD","13","14","27"
"ultraliskus","13","14","27"
"unicorn0123","13","14","27"
"Unorthodo1","14","13","27"
"usame53usame","13","14","27"
"usename_is_already","12","15","27"
"ustad7777","14","13","27"
"UwinIlose","14","13","27"
"VACILII","11","16","27"
"Vahid321","13","14","27"
"valero123","12","15","27"
"valiokite","13","14","27"
"Vasted_S","13","14","27"
"veda71","15","12","27"
"vegitaplays","12","15","27"
"Venom_5732","15","12","27"
"versulinho","14","13","27"
"VictorLeao","15","12","27"
"VikKor","13","14","27"
"ViktorSirota","14","13","27"
"vishytheplayer","14","13","27"
"Vladislavcheg","13","14","27"
"vladunko","14","13","27"
"vodicu_te_na_more","14","13","27"
"Vorkuta11","14","13","27"
"vrbe17","13","14","27"
"VYACHESLAVT","14","13","27"
"wackaccount","13","14","27"
"Wahrani","13","14","27"
"walter_bishop","13","14","27"
"Waner07","14","13","27"
"WANS-MASTERS_69","13","14","27"
"Wapped","14","13","27"
"wav22","15","12","27"
"WaveMan","12","15","27"
"weslanta","14","13","27"
"wgoto744","13","14","27"
"whitearchbishop","14","13","27"
"whoami48","13","14","27"
"WillRi","13","14","27"
"Winlindonwin","13","14","27"
"Winwin37","13","14","27"
"WizardofOzzero","14","13","27"
"Wolfskin2023","12","15","27"
"wolniak","13","14","27"
"worldwar2","14","13","27"
"WSattar","14","13","27"
"wsukmaira","13","14","27"
"wuzek79","13","14","27"
"XenonSaber","14","13","27"
"xlow","14","13","27"
"xsite","14","13","27"
"XTONRIX","13","14","27"
"xxxEulexxx","15","12","27"
"y-so-serious","14","13","27"
"Yacin20","12","15","27"
"yan-iiss","14","13","27"
"yanoxez","13","14","27"
"yarik_arbyz123","12","15","27"
"Yashinov14","15","12","27"
"Yashwanth444","14","13","27"
"yassine85","13","14","27"
"yazgazan","13","14","27"
"ybms","14","13","27"
"Yenilmez92","13","14","27"
"yilmazlesson1","14","13","27"
"YKB_hasan","14","13","27"
"ymmaavstoml","13","14","27"
"YourHumbleNarrator","12","15","27"
"Yror13","12","15","27"
"YurycalatayudM_UNAP","13","14","27"
"yuumimain","14","13","27"
"yvang2023","15","12","27"
"ZabalzaDA","12","15","27"
"Zahlenteufel","14","13","27"
"zaibacker","13","14","27"
"Zajkowski","13","14","27"
"Zatulovskaya","12","15","27"
"Zeedyo","12","15","27"
"ZNF89","14","13","27"
"Zoffob","12","15","27"
"Zolaaa","14","13","27"
"ZPUA","13","14","27"
"a_puschmann","14","12","26"
"Aaditya123","14","12","26"
"aarohan21","15","11","26"
"AaryanCM","13","13","26"
"aasdfg098","13","13","26"
"aatuch","13","13","26"
"Abbas1113","14","12","26"
"Abbasderis","14","12","26"
"AbdullahMorsi","13","13","26"
"Abeygenov","13","13","26"
"abhi_trips","14","12","26"
"abhi2021","12","14","26"
"aboulfeth","13","13","26"
"AbuOmarAhmad","12","14","26"
"adelynne","13","13","26"
"AdHocAdventure","13","13","26"
"Adibekov_Oleg","13","13","26"
"Adidodu","12","14","26"
"Adithyan_024","14","12","26"
"Admirauth","13","13","26"
"Adrianito15","12","14","26"
"AFAZ","12","14","26"
"afrohuman","13","13","26"
"Aguss_5ok","12","14","26"
"Ahmadelsabbagh5","14","12","26"
"Ahmed_Basha999","12","14","26"
"ahmedyali","13","13","26"
"ahmetsabbah","14","12","26"
"Air_Wind","13","13","26"
"Akanch","12","14","26"
"Akopi","12","14","26"
"akulakov","13","13","26"
"akuuuut","14","12","26"
"Al-Miseo","12","14","26"
"AlanWattsEnjoyer","16","10","26"
"alaz","13","13","26"
"albini2","13","13","26"
"Alegre82","13","13","26"
"Aleksandr2200","13","13","26"
"alekstone","12","14","26"
"alexander_polanco","12","14","26"
"alexandergiles","13","13","26"
"Alexandr_41kam","13","13","26"
"alexcoglin","13","13","26"
"alexkornilov","13","13","26"
"alexy08820","14","12","26"
"alfonso_1309","13","13","26"
"AlonsGambit","13","13","26"
"alphanovembertango","13","13","26"
"alwayslosinggames02","14","12","26"
"amadeusw","13","13","26"
"Amateur_hours","13","13","26"
"Amayagan","14","12","26"
"amiralarthur","14","12","26"
"amirkhoda0709","13","13","26"
"amitd123","13","13","26"
"amore_mio","13","13","26"
"Amroof","14","12","26"
"Amrut999","14","12","26"
"Amunt75","13","13","26"
"andiSteiN","14","12","26"
"AndPro","12","14","26"
"Andra_Vis","14","12","26"
"Andreevna","13","13","26"
"andresserdna","15","11","26"
"Andrey196519651224","12","14","26"
"Andrey19Romanov","14","12","26"
"andros96","13","13","26"
"Andsir","15","11","26"
"anduchess","11","15","26"
"Anger_Management","14","12","26"
"Aniko75","13","13","26"
"anirudhselat","13","13","26"
"AnkitShuklaIAF","12","14","26"
"Anmolsingh2000","14","12","26"
"Anonymer","11","15","26"
"Ansegisel","13","13","26"
"ansory88","12","14","26"
"ansu09","14","12","26"
"AntivaporWaves","12","14","26"
"Antivirus2","14","12","26"
"AntonioCavallo","12","14","26"
"Antonyhes","14","12","26"
"antoshkashka","13","13","26"
"antxon67","12","14","26"
"ANUJPILLAI","13","13","26"
"anupkumarb","13","13","26"
"Apgus","12","14","26"
"Aquiles_40","13","13","26"
"Aquiles1972","13","13","26"
"Arad7631","14","12","26"
"araragired","13","13","26"
"ARCANGEL29","13","13","26"
"arcteggzz","12","14","26"
"ArdaYkaya01","14","12","26"
"arjuna2009","14","12","26"
"Arman8989","12","14","26"
"arpit0205","13","13","26"
"arpitnayak","12","14","26"
"ars521","13","13","26"
"Arshinov","13","13","26"
"Asan2014","13","13","26"
"ASayan","14","12","26"
"ASDKH","14","12","26"
"Ash_Ketchum","13","13","26"
"ashilov","12","14","26"
"ASHmaX24","14","12","26"
"Ashu_9650","14","12","26"
"asko1111","12","14","26"
"AslanbekAldoev","13","13","26"
"ASPAN2011","13","13","26"
"asuraimu","12","14","26"
"atamerdin","13","13","26"
"atikkhanfaij","14","12","26"
"atreides326","13","13","26"
"auk75","13","13","26"
"awaken77","12","14","26"
"awangkoteng","13","13","26"
"awfullagers","13","13","26"
"awrus","12","14","26"
"AyanamiRei-III","13","13","26"
"Ayhamkassab1997","11","15","26"
"Aynour","13","13","26"
"azalvovski","14","12","26"
"azarayman","14","12","26"
"azino1","14","12","26"
"B72777","12","14","26"
"Ba1se2m3","13","13","26"
"Babacorlo","13","13","26"
"Bad_Idea27","12","14","26"
"bademisthegolden","13","13","26"
"badkommie","13","13","26"
"Balance67","14","12","26"
"Baldkeeper","15","11","26"
"BamBacione","12","14","26"
"Bamta","13","13","26"
"BandaCK","14","12","26"
"Barandeshotehranwest","12","14","26"
"barDeMoe","13","13","26"
"barkinofasso","13","13","26"
"Barrowview54","14","12","26"
"Batamunhu","13","13","26"
"batuhanqara","13","13","26"
"BAziukAs","13","13","26"
"bazlurrahman1976","12","14","26"
"beastM0de123","12","14","26"
"BeatGeneration","12","14","26"
"beklem","14","12","26"
"BelaliGhost","13","13","26"
"BelgianSausage","13","13","26"
"belosander","12","14","26"
"BENITO_1","13","13","26"
"bennaimguven","13","13","26"
"benroyyy","14","12","26"
"berke60","13","13","26"
"betelguez","14","12","26"
"Beth_Harmon77","12","14","26"
"bhagath_757","12","14","26"
"Bidduo","13","13","26"
"biee15","12","14","26"
"bigal2023","12","14","26"
"Bigfooter","15","11","26"
"bikkfa","14","12","26"
"Bilaxyy","13","13","26"
"BilelIzem","12","14","26"
"billionaired","15","11","26"
"binue_binue","13","13","26"
"Birdwood","14","12","26"
"bispred","13","13","26"
"BittuBolteyyy","12","14","26"
"BIZIII","13","13","26"
"black_and_white_road","14","12","26"
"BlinDplaYerHeRe","12","14","26"
"blindsponge","13","13","26"
"BloodyNose","12","14","26"
"blstr","12","14","26"
"blueOctopus1","12","14","26"
"blundernous","13","13","26"
"bob_tables","13","13","26"
"Boccus79","13","13","26"
"bog69","13","13","26"
"Bogdan_Pypysa","13","13","26"
"Bogdan08122008","13","13","26"
"Bologan1986","12","14","26"
"boobha","13","13","26"
"Bookson","12","14","26"
"boringambit","14","12","26"
"Bowluvski","12","14","26"
"boysc55","14","12","26"
"bp09","15","11","26"
"brainlaw","12","14","26"
"Breizhilien","12","14","26"
"brendantheterrible","13","13","26"
"Bro1963","14","12","26"
"Bruce606","11","15","26"
"bs4129","14","12","26"
"Bsiz","13","13","26"
"bspv9","12","14","26"
"BTwo","13","13","26"
"bugraozyurt","12","14","26"
"bulletfree","14","12","26"
"Buny77","14","12","26"
"Burdyko_Alexandr","11","15","26"
"buslai1978","13","13","26"
"BzA6I5eE","13","13","26"
"C_Blei","14","12","26"
"c-27","13","13","26"
"Caballo340","13","13","26"
"Caduceo","11","15","26"
"caixaprego","13","13","26"
"CAKIRc","12","14","26"
"camel84","14","12","26"
"Cami3","15","11","26"
"camilanoemi","12","14","26"
"Capivara_Mode","13","13","26"
"Capoamorte100","13","13","26"
"Capriccio","13","13","26"
"CaptainTimeout","13","13","26"
"CardanoKing","14","12","26"
"Carebesen","12","14","26"
"Carlosdiba10","14","12","26"
"carlosfuntes05","13","13","26"
"catatonic47","12","14","26"
"cdtemple88","13","13","26"
"cedwards2783","12","14","26"
"celuman","13","13","26"
"cemsolatay","13","13","26"
"ch3ss_n0ob","13","13","26"
"chachan07","14","12","26"
"chalkchild","13","13","26"
"Chanessos","13","13","26"
"Cheace","13","13","26"
"checkersfan420","13","13","26"
"checklaykon","14","12","26"
"CheckMatty","12","14","26"
"chehiro","14","12","26"
"chelspool","13","13","26"
"Chess_DD86","14","12","26"
"Chess1Mate","18","8","26"
"chessathome13121","13","13","26"
"ChessBisdak_YT","13","13","26"
"Chessidi82","13","13","26"
"chessknight1110","12","14","26"
"Chessman123k","12","14","26"
"chesspshs","12","14","26"
"chessqueen111ss14","12","14","26"
"chessrams","14","12","26"
"ChicharitoY","13","13","26"
"chota_chatree","13","13","26"
"Christian_KH","14","12","26"
"Christian_Lazo2","14","12","26"
"Christian2045","11","15","26"
"Chriszimm","13","13","26"
"chunter19","14","12","26"
"cicciopasticcino","12","14","26"
"Cice1945","13","13","26"
"CilginPoyraz","12","14","26"
"cinot","13","13","26"
"CKLondon","12","14","26"
"cloudshaped","13","13","26"
"Club_El_Peon_Real","13","13","26"
"cmhinton","13","13","26"
"ColdEyes","13","13","26"
"Com_V","13","13","26"
"comewemanouver","13","13","26"
"compai","12","14","26"
"comptealeatoire","13","13","26"
"Connorbirchwood","13","13","26"
"CoughOnce","12","14","26"
"coxingrannies","14","12","26"
"crazygames","12","14","26"
"crazykingkong","13","13","26"
"crogal","13","13","26"
"csaal","13","13","26"
"CuberZeke","12","14","26"
"cubistmouse","13","13","26"
"cudikid","13","13","26"
"Cy82","14","12","26"
"cypver","13","13","26"
"Dacks","13","13","26"
"Dagger98","14","12","26"
"daisuke-sannty","13","13","26"
"daltoncezane","13","13","26"
"damrsn","13","13","26"
"DanniBoy","13","13","26"
"Dark_Fenix","14","12","26"
"Darkob2021","14","12","26"
"DAWADARR","13","13","26"
"dayMan26","13","13","26"
"dcons33","13","13","26"
"De_gambit","13","13","26"
"DeCaprio8","13","13","26"
"dedivon","13","13","26"
"deducer38","13","13","26"
"Deedot","12","14","26"
"Deivizla","13","13","26"
"Denis_Berdnikov","13","13","26"
"densQi","14","12","26"
"DerUhrenmacher","13","13","26"
"desaad001","12","14","26"
"Deshu","13","13","26"
"desperati0n","14","12","26"
"Dhafermayahy","14","12","26"
"dhirubhai1","13","13","26"
"DI0BRAND0_76","12","14","26"
"difrutachess","14","12","26"
"Dima19921992","13","13","26"
"dinodynamite","12","14","26"
"dip03","13","13","26"
"DJ1985","12","14","26"
"dkolbcd","13","13","26"
"dmitry1503","12","14","26"
"dms75","14","12","26"
"DNCVA","13","13","26"
"doctorbrume","13","13","26"
"doex","12","14","26"
"dogankarasurmeli","13","13","26"
"Donets13","13","13","26"
"Dont_kick_my_knight","13","13","26"
"Dontseemyname","12","14","26"
"Doryan75","13","13","26"
"doston17","11","15","26"
"Dr_Friendsteins","13","13","26"
"Dragondorado23","13","13","26"
"DragonZVR","13","13","26"
"DrAnthonyFauci69","12","14","26"
"drebrrdrl","12","14","26"
"drk47","12","14","26"
"DrLightman","14","12","26"
"drosselbart4711","13","13","26"
"drtg55","13","13","26"
"DryIce","13","13","26"
"dudeof","14","12","26"
"Duke26","13","13","26"
"DumbPang","12","14","26"
"Dwurdw","13","13","26"
"dyedo","13","13","26"
"e35","11","15","26"
"EAK_00","15","11","26"
"EastanSolo","13","13","26"
"edavidlp1982","14","12","26"
"edino","12","14","26"
"edisud_kpcc","13","13","26"
"edronga","12","14","26"
"edwins1","14","12","26"
"Ehaab_ramadan","12","14","26"
"ehpepo_23","15","11","26"
"ehst","13","13","26"
"Eikeboom","11","15","26"
"EkamSarin","12","14","26"
"Eldar78","13","13","26"
"elhawy_1270","11","15","26"
"elilasoff","13","13","26"
"Elizabeth-Harmon-64","13","13","26"
"elmagodeltablero","12","14","26"
"elox1m","12","14","26"
"elrikmelcom","12","14","26"
"EMADECIA22","12","14","26"
"EmeryNicole","14","12","26"
"Emil9502","13","13","26"
"EnPage","14","12","26"
"EnriqueCanoRioja","13","13","26"
"epsil0ff","14","12","26"
"er_or","13","13","26"
"eraman031998","12","14","26"
"ericklanford","13","13","26"
"erict3","14","12","26"
"Ernie1966","12","14","26"
"erniyaz667","13","13","26"
"erresse","13","13","26"
"eskinemre","14","12","26"
"esmailjalali","12","14","26"
"esolaimane","12","14","26"
"eubatur","12","14","26"
"evgen77777","13","13","26"
"exodusattack","14","12","26"
"EzeNazario","14","12","26"
"ezergecerhehe","11","15","26"
"Ezzeldienamr11","13","13","26"
"f_luccio","12","14","26"
"F84T","12","14","26"
"Fabioschi","13","13","26"
"fade78","13","13","26"
"Fado_62","12","14","26"
"faisol_wahono","11","15","26"
"faluki","13","13","26"
"Farrow6","14","12","26"
"fcuenca","14","12","26"
"fe0fan","13","13","26"
"fefelipe17","13","13","26"
"Felechosa","14","12","26"
"felix090892","13","13","26"
"feodor77","13","13","26"
"fer1211","14","12","26"
"fernando38","13","13","26"
"ferzannozbey76","13","13","26"
"fetax","14","12","26"
"FGFM","12","14","26"
"FIGURELLI","14","12","26"
"fijubr","13","13","26"
"Filiptosakyma","14","12","26"
"FinishMySentence","14","12","26"
"firoz654","14","12","26"
"Fischer_has_Risen","13","13","26"
"FlameboyKL","12","14","26"
"FlolF","12","14","26"
"FlorianRomero","12","14","26"
"FominNik","14","12","26"
"FourDWorm","12","14","26"
"Francesco_Pantano","13","13","26"
"FranciscoJavier_3","12","14","26"
"Francoswanepoel01","12","14","26"
"franklin_eke","12","14","26"
"Franklin-Ruan16","14","12","26"
"FrankTheWhite","12","14","26"
"Franskmannen","13","13","26"
"Franzyzzh","13","13","26"
"Fredysibz","13","13","26"
"free058","13","13","26"
"Frei_bauer","13","13","26"
"Frequent_Blunderer","14","12","26"
"Frere06","12","14","26"
"frkz","13","13","26"
"fusion37","13","13","26"
"G_Boro_50","12","14","26"
"g_giaimo02","13","13","26"
"Gabix94","12","14","26"
"Gabriele0508","12","14","26"
"GadJordaan","12","14","26"
"Galago59","12","14","26"
"galparr","14","12","26"
"Gambinator71","13","13","26"
"Gamer14SSS","12","14","26"
"GandalfGM","12","14","26"
"ganesh957","12","14","26"
"Ganjahpharma","13","13","26"
"GavinVolure","14","12","26"
"GEKKON7777777","13","13","26"
"gentaa12","12","14","26"
"GeorgeHalliday","12","14","26"
"GerardLambert75","13","13","26"
"Gerardo279","13","13","26"
"getoabi","13","13","26"
"GGbers","13","13","26"
"GGLKZ","13","13","26"
"Gigalan","13","13","26"
"gilberth1","13","13","26"
"ginbagas_maydolong","13","13","26"
"Giulio19031975","14","12","26"
"gmltks117","14","12","26"
"gonzimulder","14","12","26"
"googlecash","13","13","26"
"Gorilla_Zippo","13","13","26"
"gothecore","14","12","26"
"GoudvisLama","12","14","26"
"GreatestShowman5","13","13","26"
"greatscots","14","12","26"
"Grecco7777","13","13","26"
"GreenEyesWolf","14","12","26"
"greenhuddle","13","13","26"
"Gregory_of_Narek","13","13","26"
"grexep","15","11","26"
"Griboyedov","14","12","26"
"grifchanskiy","15","11","26"
"GriloVerde","11","15","26"
"Grizz1yBlair","12","14","26"
"Gronjibator","14","12","26"
"grupaman","14","12","26"
"Gudimow_Andrey","13","13","26"
"Guidutra88","14","12","26"
"Guilleramses","12","14","26"
"Gujratgoldmedal","14","12","26"
"GUTI1283","13","13","26"
"gvorSKI","13","13","26"
"GyilkosParipa","12","14","26"
"Gyorgy_Ligeti_1923","12","14","26"
"h_hady","13","13","26"
"H-q1","12","14","26"
"H0weveR","14","12","26"
"hadyorrahman","14","12","26"
"Haechi87","14","12","26"
"HaJo1763","12","14","26"
"hakankaraduman","12","14","26"
"Hamidrezaeghbal","13","13","26"
"Hanfmann","14","12","26"
"HaploBrady","11","15","26"
"harish_kt","11","15","26"
"Harphyan","13","13","26"
"harryszjj","13","13","26"
"Harser","13","13","26"
"Haunter56so","13","13","26"
"Havage","12","14","26"
"hawk101","13","13","26"
"hax0nSryy","13","13","26"
"hcguler","15","11","26"
"helinhazar","13","13","26"
"hendese2022","13","13","26"
"HereticAfricanhands","11","15","26"
"Hermeslm","12","14","26"
"Hewhomustbenotnamed","12","14","26"
"hilal1975","13","13","26"
"hirondelle1962","13","13","26"
"Hisham99","14","12","26"
"hodiope","13","13","26"
"Holmes_Demon","13","13","26"
"Holy_Sheet","13","13","26"
"HolySpirit562","13","13","26"
"Honorato_Kiala","13","13","26"
"HoomanSA","13","13","26"
"Hooooda","13","13","26"
"horna","13","13","26"
"horrendous","14","12","26"
"HORRORMAKER","12","14","26"
"HotGirl98","12","14","26"
"Hotskull","13","13","26"
"HrvojeZagreb","12","14","26"
"Hujie","13","13","26"
"huyovid","13","13","26"
"iambatman02","13","13","26"
"iamkubo","13","13","26"
"ice_creme_man","13","13","26"
"icetornado","14","12","26"
"Iceybones","13","13","26"
"id416","13","13","26"
"Ifachess23","12","14","26"
"Iferlan","13","13","26"
"ighamann","12","14","26"
"IguanaWin","12","14","26"
"Ikpeba","13","13","26"
"ilektrologos-aek","13","13","26"
"Innium","13","13","26"
"inso30","14","12","26"
"INT33","14","12","26"
"Invokergod12","13","13","26"
"Inwesty","12","14","26"
"Iriartin","13","13","26"
"islandSakhalin","13","13","26"
"islandsmurf","14","12","26"
"islemcanada","12","14","26"
"Ivan_Baharev","13","13","26"
"Ivan_RUS37","14","12","26"
"Ivan-Mistic","14","12","26"
"ivangodfather","14","12","26"
"Iverson7","13","13","26"
"jabastinrenu","14","12","26"
"jabbarseif","14","12","26"
"jablicko999","13","13","26"
"jacksparrow31","12","14","26"
"Jackthefrench","14","12","26"
"Jacob-Tuszynski","13","13","26"
"JacobWorldPeace","13","13","26"
"JaggyE","13","13","26"
"Jaiver-camilo","13","13","26"
"janblomstedt","13","13","26"
"janedgar","12","14","26"
"JaredFrance","13","13","26"
"jarrett38","12","14","26"
"Javier0310","12","14","26"
"jaydubs1138","14","12","26"
"jayfog","13","13","26"
"Jbax56","14","12","26"
"jblum96","14","12","26"
"jcabjn","13","13","26"
"JCuest","13","13","26"
"jeangaga","12","14","26"
"jedijackattack1","14","12","26"
"jelkak","14","12","26"
"jeremyangie","13","13","26"
"Jerwt","13","13","26"
"Jesse_db","14","12","26"
"jewpungyort","13","13","26"
"jfmaurizio","13","13","26"
"JFZ84","13","13","26"
"JimMorrisonGM","14","12","26"
"jimmy_1997","13","13","26"
"jishanshaikh4","13","13","26"
"JJV060911","14","12","26"
"JKL-AmbitiousMaster","14","12","26"
"Jm_emad","13","13","26"
"joe_sjo","14","12","26"
"John-Nash","13","13","26"
"JohnDannyJ","13","13","26"
"johnsonan299","12","14","26"
"JoJooJ","13","13","26"
"Joneskurosaki","13","13","26"
"Jorge_Anez","13","13","26"
"jovenjamero1978","14","12","26"
"jsgoodni817","13","13","26"
"juan_s1","13","13","26"
"juanjakemate","14","12","26"
"Jugosky","12","14","26"
"Jugui","12","14","26"
"Julia00","14","12","26"
"julsii2","13","13","26"
"junedkingsbanten","14","12","26"
"just-chessing-dude","13","13","26"
"K_BIZON87","12","14","26"
"K0T_6erem0T","13","13","26"
"kaadaieswaran","14","12","26"
"Kai3A9","12","14","26"
"KakabaewRejepmuhamed","13","13","26"
"kakanakely","12","14","26"
"Kalashkalash","11","15","26"
"KAR3N","12","14","26"
"karakaos","13","13","26"
"karamasow","13","13","26"
"KARCHYGA","13","13","26"
"Kariablatias-90","13","13","26"
"KarlN","12","14","26"
"karlos123","13","13","26"
"karsof","14","12","26"
"kartieee","12","14","26"
"kartiknegi_7","12","14","26"
"KarymTorres","14","12","26"
"Katok_64","12","14","26"
"keaSBU","13","13","26"
"Kemalay","14","12","26"
"keperino","13","13","26"
"KevGrizzly","13","13","26"
"kevguy1","12","14","26"
"KevinOvan","14","12","26"
"kevkevkevkev","13","13","26"
"kgnyakut","14","12","26"
"khaled-bch-DZ","15","11","26"
"KHATTitou47","13","13","26"
"KhiladiFTW","13","13","26"
"Khorn7","12","14","26"
"KimBeth","13","13","26"
"Kindofblbue","13","13","26"
"KingChessguy","12","14","26"
"Kinghunt_isOn_9999","11","15","26"
"kingofringrigaaa","12","14","26"
"Kingroyal23","12","14","26"
"kinuser","12","14","26"
"Kio1729","13","13","26"
"Kir_Larionov","13","13","26"
"Kjellsjoberg","13","13","26"
"kkraim","13","13","26"
"kkt123","13","13","26"
"klaus9","13","13","26"
"kman21","14","12","26"
"Knayanight","14","12","26"
"KNEP_3_Medetov","13","13","26"
"Kobra-11","14","12","26"
"Koko72","12","14","26"
"Kolesnikov_Sa","12","14","26"
"kolkata1987","14","12","26"
"kosmid","13","13","26"
"kostas2020","12","14","26"
"kot-enot","13","13","26"
"kot1kmeow","12","14","26"
"kovalger","13","13","26"
"koziororo","14","12","26"
"krapato","13","13","26"
"krarorah","12","14","26"
"krijn_tb","13","13","26"
"krittz","13","13","26"
"Krivbass96","13","13","26"
"Kronz","14","12","26"
"KrutsenkoIA","13","13","26"
"ksv111ksv","13","13","26"
"KudzaiG","13","13","26"
"kungue","14","12","26"
"kylerega","13","13","26"
"lalitrathee","13","13","26"
"lanjar1","14","12","26"
"Lapinews","13","13","26"
"laporpo_80","12","14","26"
"lat24","12","14","26"
"laziztojiyev","13","13","26"
"learner10101","14","12","26"
"LeastCoolGuyAround","14","12","26"
"leconstantinois","14","12","26"
"ledzhinmisheev","13","13","26"
"Letsile","14","12","26"
"LevelEnding","13","13","26"
"lfb00","13","13","26"
"Lhf77","13","13","26"
"LIAMCR7","12","14","26"
"LightKarate","13","13","26"
"liiinc","15","11","26"
"lilBesiktas","14","12","26"
"lili1011","14","12","26"
"lillicocco","14","12","26"
"limitlessstudy","14","12","26"
"liquidrak","12","14","26"
"lisandrito","12","14","26"
"LitigiousOldMan","13","13","26"
"littleOneOne","14","12","26"
"liyuanhoa","13","13","26"
"ljepliviprsti","13","13","26"
"lmajher","13","13","26"
"lmarcos","13","13","26"
"lnrnrithi","13","13","26"
"Lobuz2009","13","13","26"
"Locke44","13","13","26"
"LOKITO77","13","13","26"
"LoksaMAMA","14","12","26"
"Longjohn97","14","12","26"
"lopijuk","12","14","26"
"lordplordp","14","12","26"
"lorenzodp","13","13","26"
"Lossi_A","13","13","26"
"Lothian65","11","15","26"
"Loverboy","13","13","26"
"LR8","13","13","26"
"lucasdvillegas","13","13","26"
"Lucasob","13","13","26"
"luciamali","13","13","26"
"ludus_bellicus","12","14","26"
"Luis1995","13","13","26"
"luismaxx101","15","11","26"
"Lumbricata","12","14","26"
"Luminerh","14","12","26"
"lundra","13","13","26"
"lwah","14","12","26"
"Lypop","13","13","26"
"M_1331","13","13","26"
"m_p_62","13","13","26"
"M-TASCI","12","14","26"
"M-zabuza","14","12","26"
"Ma_33P2","14","12","26"
"ma-katero","12","14","26"
"Mads_1980","13","13","26"
"Mag_757","13","13","26"
"magae1977","14","12","26"
"Magek_Misr1","14","12","26"
"magolin","13","13","26"
"Mahdy503","13","13","26"
"maicolesneider","13","13","26"
"Majidfahimipour","12","14","26"
"makxsy","14","12","26"
"maliZEKONJA","13","13","26"
"Manfred1953","13","13","26"
"manichae","13","13","26"
"ManishPM","14","12","26"
"Manol89","12","14","26"
"manos_AEK","12","14","26"
"manuchess810","13","13","26"
"ManuelAzana","12","14","26"
"Manuobservations","13","13","26"
"mariniancu","12","14","26"
"MarinoMP","11","15","26"
"Mark_Malashchuk","13","13","26"
"marvinbueno","13","13","26"
"marzochess7","13","13","26"
"maseimatto","13","13","26"
"masmos97","13","13","26"
"MasterAntron","13","13","26"
"masterches12","13","13","26"
"mastergelapjpr","14","12","26"
"Masterzin","13","13","26"
"Mat44444","14","12","26"
"matinga-eva123","14","12","26"
"Matt_Honrado","13","13","26"
"Matty_McTech","11","15","26"
"Matuzza","14","12","26"
"mavioa","12","14","26"
"mbjoe","12","14","26"
"mbt71","14","12","26"
"mc2chess","13","13","26"
"McNulty2002","13","13","26"
"MEGALODON777hs","13","13","26"
"MeghaReddy","13","13","26"
"mehdi_pashaei","13","13","26"
"Mehmeterim3","13","13","26"
"mehran8888","13","13","26"
"Mehrbod94","12","14","26"
"MEKBLACK","12","14","26"
"MelaninGod1","12","14","26"
"Melika8Msv","13","13","26"
"Mercy_Less","13","13","26"
"merkin","13","13","26"
"MetaHuss","13","13","26"
"MeV42","13","13","26"
"mfdoom13","13","13","26"
"mhabek","15","11","26"
"mhuether20","13","13","26"
"MianSanBus15","15","11","26"
"Micaela2023","12","14","26"
"micdrou3","13","13","26"
"Michael_Gz","13","13","26"
"mickerocker","12","14","26"
"Micmosh","14","12","26"
"MidnightScrambler","13","13","26"
"Mightyyyy","13","13","26"
"miha_22848","15","11","26"
"mijelo","13","13","26"
"mikelisa65","12","14","26"
"miko04","13","13","26"
"Miksiii65","14","12","26"
"Milarell","14","12","26"
"Militatomnis","13","13","26"
"millyjazz","14","12","26"
"minalabh","12","14","26"
"minchin","13","13","26"
"minhtoan1903","13","13","26"
"Mintxi","12","14","26"
"Mipi","12","14","26"
"Mix90","14","12","26"
"Mixmisha","13","13","26"
"mj1992","14","12","26"
"mj2412","13","13","26"
"MMonteur","11","15","26"
"MMrStealYoQueen69","12","14","26"
"MNCung_Hasyim","13","13","26"
"Moderate4000","14","12","26"
"MoiDragon","11","15","26"
"monsienne","15","11","26"
"Morenojesus","12","14","26"
"morrahorror","12","14","26"
"mortezajahad","14","12","26"
"mosa_bkour81","12","14","26"
"mottetotte","13","13","26"
"Mountonion","12","14","26"
"moveonetwo","13","13","26"
"mrodrig","12","14","26"
"Mrsunto5","13","13","26"
"MSRBD","13","13","26"
"muantate","13","13","26"
"muhittin06","12","14","26"
"Mzy2020","11","15","26"
"N_Jesus","14","12","26"
"N_LeoNHarDT","14","12","26"
"n0armin","13","13","26"
"Na2203","14","12","26"
"NabinPlaysChess","14","12","26"
"nader9885","13","13","26"
"Nahapok","13","13","26"
"NaToncheva","13","13","26"
"Nebi1995chess","12","14","26"
"nedi0201k","11","15","26"
"NeilJB","14","12","26"
"Nekto_Nekto","13","13","26"
"NeLyubitelVaGuH","14","12","26"
"nemanjaa95","12","14","26"
"nenu123","11","15","26"
"Nepametan","13","13","26"
"newb009","13","13","26"
"nezuko_cutee","14","12","26"
"nhlasto1994","13","13","26"
"Nick000069","13","13","26"
"nicklasrs","12","14","26"
"NightOwl829","12","14","26"
"Nikolateslatech","13","13","26"
"NikPat20","11","15","26"
"ninjablanco","11","15","26"
"nino-grn12","13","13","26"
"Nkome","14","12","26"
"NkweNkgoga","13","13","26"
"Nobru2","13","13","26"
"NoFreedom1","13","13","26"
"nolann","12","14","26"
"NON_pigs","13","13","26"
"Noncicredo","13","13","26"
"none252","14","12","26"
"nonricordo","12","14","26"
"NotMasterBut","14","12","26"
"NotNotAgi","13","13","26"
"notnotnotgood","13","13","26"
"NotThatGood1234","14","12","26"
"nouakchottcavallier","13","13","26"
"Nouh_Zagout_2020","13","13","26"
"Nour77777","12","14","26"
"nozgurunn","13","13","26"
"Nthabeleng_Kgatla365","14","12","26"
"Nthule245","12","14","26"
"Nugaiz","14","12","26"
"Nur-75","14","12","26"
"nyaamojini","13","13","26"
"oade","13","13","26"
"oadindu","13","13","26"
"Oberha01","13","13","26"
"Obid_111","15","11","26"
"OffsetAlien","14","12","26"
"ojasagarwal","13","13","26"
"Okamboss","13","13","26"
"okGGnoRe","14","12","26"
"olegdm23","12","14","26"
"Olifantjeisterug","14","12","26"
"olifantus65","14","12","26"
"om9","14","12","26"
"Omar_alsayegh","14","12","26"
"one22","13","13","26"
"ONI_33","14","12","26"
"only_blitz123","13","13","26"
"oportunidad","12","14","26"
"oranieren100","12","14","26"
"Orhan_42","13","13","26"
"orhngazigul","13","13","26"
"Original_Bigfish","13","13","26"
"osamajbara","13","13","26"
"Oscar282247H","13","13","26"
"oskillar31","13","13","26"
"OStark127","13","13","26"
"otomco","14","12","26"
"Oval2814","13","13","26"
"Ovalles","15","11","26"
"OwinyMark9393","13","13","26"
"Oxiboi","13","13","26"
"Ozymandiaz_0510","13","13","26"
"pamela2002","12","14","26"
"pangui79represent","12","14","26"
"Panku_power100","13","13","26"
"Panschi","14","12","26"
"paradise666","12","14","26"
"parapingo","14","12","26"
"PatadMulo","13","13","26"
"pavan1625","13","13","26"
"pb024","13","13","26"
"PBT00","13","13","26"
"pchelkin_chesss","13","13","26"
"pdnchess","11","15","26"
"pedriolo","14","12","26"
"pennywise_789","12","14","26"
"perpz","13","13","26"
"PetarBosnjak","14","12","26"
"pherborg","11","15","26"
"PHOS747","13","13","26"
"piedrechulo","13","13","26"
"PierrotLeF0u","12","14","26"
"pikaaa","12","14","26"
"pinaua","14","12","26"
"Pinipupini","14","12","26"
"pittipoulet","13","13","26"
"pleaseforgivemysins","11","15","26"
"plma","13","13","26"
"plsforever","12","14","26"
"Polkovnikvalentime","14","12","26"
"pomograd","14","12","26"
"porfeo","14","12","26"
"PotVerdonk","13","13","26"
"PR-kingplay","15","11","26"
"PraKaGuPhi92","14","12","26"
"Prathu28","12","14","26"
"predator28","13","13","26"
"ptouch","13","13","26"
"PuleMangonyane","12","14","26"
"pvaIavq","13","13","26"
"pxwl","13","13","26"
"pydge","14","12","26"
"Qasem_abd1990","13","13","26"
"QCC","12","14","26"
"QDeniZ","13","13","26"
"Qonax","12","14","26"
"qpqzz","13","13","26"
"qq-u","12","14","26"
"quadroalas","12","14","26"
"Quality_2022","12","14","26"
"Quinnbintz","14","12","26"
"qwe_asd","11","15","26"
"r_t3k","15","11","26"
"R1974M","13","13","26"
"R1U2NN3E4R","13","13","26"
"R3xella","12","14","26"
"Rafa712","14","12","26"
"rafaeljtsilva","14","12","26"
"Rafi_81","12","14","26"
"Raghwendrasandikar","13","13","26"
"rahimjon81","13","13","26"
"raist6","12","14","26"
"Rajabov1313","13","13","26"
"rakolfpac","12","14","26"
"Raktim_Halder","14","12","26"
"raofarhan2100","13","13","26"
"Rasanro","12","14","26"
"Rato_Maluco","12","14","26"
"Rav_Attack","15","11","26"
"razvan_the_king","13","13","26"
"rcdp1","12","14","26"
"Re_zzz_a","12","14","26"
"realist55","13","13","26"
"realtimerealchess","16","10","26"
"rebertafi","13","13","26"
"REDA17","13","13","26"
"redistrict9","12","14","26"
"rednese","11","15","26"
"Remar72","13","13","26"
"Repetti","14","12","26"
"reza3136","12","14","26"
"rinneganchess","12","14","26"
"rkszone","13","13","26"
"rmuslimov","14","12","26"
"Rob1Dbois","14","12","26"
"ROBBAN74","12","14","26"
"Rococa","13","13","26"
"roka69","12","14","26"
"roland1906","13","13","26"
"roman137","13","13","26"
"ronaymercan","13","13","26"
"RONGTURN","13","13","26"
"ronnie-d-martin","13","13","26"
"Rook_Shome","12","14","26"
"royaltech2","12","14","26"
"RRH_2022","10","16","26"
"rskl","14","12","26"
"ruelle","13","13","26"
"Rumblepants","14","12","26"
"RumijaBarCG21","13","13","26"
"Rumo_Ao_Rei","13","13","26"
"RUSCH1982","11","15","26"
"ryeblueberry","13","13","26"
"s-hilla","12","14","26"
"sabeeh","14","12","26"
"saber_sparrow2","13","13","26"
"Sabiqul_Rizqy","13","13","26"
"sachin_vashist15","13","13","26"
"saebekassebil","13","13","26"
"sahin_7","13","13","26"
"sairos","12","14","26"
"salehpro12","14","12","26"
"salo41","12","14","26"
"Sameer57","12","14","26"
"samichesstunisia","12","14","26"
"Samuelgo","14","12","26"
"SamuraiGent","14","12","26"
"samvy","12","14","26"
"san_chs","13","13","26"
"sapolonp","13","13","26"
"Sapula1","14","12","26"
"Sarisorf","13","13","26"
"Saruke06","13","13","26"
"savaserdogan","14","12","26"
"savlihuseyin","13","13","26"
"Scaramanga83","13","13","26"
"Schanze97","14","12","26"
"Schnischnaschnappi","13","13","26"
"Schotz","12","14","26"
"scim142","13","13","26"
"ScottishBatman","14","12","26"
"Scythe_09","12","14","26"
"Sebastugal_X","13","13","26"
"sedimcrp","13","13","26"
"Selimcal","13","13","26"
"Semichess","14","12","26"
"senseimh","14","12","26"
"serdarhaznedar","13","13","26"
"SergejPikinskiy","13","13","26"
"sergeybabenko","14","12","26"
"sergxxx","14","12","26"
"Servetstxa09","13","13","26"
"Seyfo13","14","12","26"
"sfureq","13","13","26"
"Sgpben","11","15","26"
"shadowfax77","14","12","26"
"Shafigh32","13","13","26"
"shalom553","14","12","26"
"Shantanu_Chetia","13","13","26"
"SHASHWATHGOUD4959","13","13","26"
"shazam_66","14","12","26"
"SheikMamuti","12","14","26"
"ShenonDeMarco","13","13","26"
"shibupe","10","16","26"
"SHINDINDO","12","14","26"
"SHIVA_123","13","13","26"
"shriveddeshmukh","12","14","26"
"shuntandromed1","13","13","26"
"Silentknight143","13","13","26"
"SilverBound","14","12","26"
"Silverpearl","13","13","26"
"Sintra1k","13","13","26"
"siriocorvino","13","13","26"
"SirSchnuffke","13","13","26"
"Sivakumar_SS","13","13","26"
"sjuanmanuel","14","12","26"
"sjvillanueva","13","13","26"
"sk3wd","13","13","26"
"Skar05","13","13","26"
"Skypelesson99","13","13","26"
"Slayer38","13","13","26"
"smacoach","13","13","26"
"snopsy","14","12","26"
"Soberz","13","13","26"
"softNankarov","13","13","26"
"Soma72","13","13","26"
"sonbol_moh1350","13","13","26"
"soper","13","13","26"
"soprano1972","13","13","26"
"Spaceweaver","12","14","26"
"Spaturno","12","14","26"
"speedcuber12","14","12","26"
"speedymouse","14","12","26"
"SpennyThompson","14","12","26"
"Splash4077","11","15","26"
"Splatoon90","13","13","26"
"spritzendorfner","14","12","26"
"SRJ-bd","14","12","26"
"Ssula","13","13","26"
"SSZ2301","13","13","26"
"star200","13","13","26"
"SteinChoppa42","12","14","26"
"sterlingsjc3","13","13","26"
"stevekf3","14","12","26"
"Stevenlee612","12","14","26"
"stj989","14","12","26"
"StockShah","12","14","26"
"stohik","14","12","26"
"Strashila_koresh","13","13","26"
"subhash2138","13","13","26"
"Suchoparek","13","13","26"
"suemenow","13","13","26"
"sueythechoppa","13","13","26"
"SugarDrug","14","12","26"
"suhaspai","13","13","26"
"summerhaze","14","12","26"
"sundar9627","14","12","26"
"Sunmoon2023","11","15","26"
"sunZett","14","12","26"
"surutka","16","10","26"
"Sweet-Bonanza","14","12","26"
"swipme","13","13","26"
"swisher50","12","14","26"
"sylvanovitch","13","13","26"
"T0MEK0","13","13","26"
"tamashashi6","12","14","26"
"Tanya1600","11","15","26"
"Tar-6094","10","16","26"
"Tastenvirtuose","13","13","26"
"tduncan","12","14","26"
"te989","13","13","26"
"TeacherOnFire","11","15","26"
"tejodi","13","13","26"
"Telious","12","14","26"
"TempoChess-Twitch","13","13","26"
"Terracina55","12","14","26"
"tgaak","14","12","26"
"The_Rump","13","13","26"
"Thebenje","12","14","26"
"TheBlackhorsee","12","14","26"
"themaskedwolf","12","14","26"
"ThePlayer_RB_2000","13","13","26"
"TheTojo","13","13","26"
"TheVorseRaider","14","12","26"
"ThicMic","12","14","26"
"ThinkingKite","14","12","26"
"thorod","13","13","26"
"thoumam","11","15","26"
"thunder-fire","12","14","26"
"timchu1","12","14","26"
"timfromboston","13","13","26"
"Tipra69","13","13","26"
"tiresias64","14","12","26"
"TITANEOPK","13","13","26"
"toddy69","13","13","26"
"Tonioo45","13","13","26"
"tonixxl","12","14","26"
"Trace9999","13","13","26"
"Training361","13","13","26"
"tralismaster01","14","12","26"
"TrigvsFunct","12","14","26"
"triODealaS23","13","13","26"
"trkitty","14","12","26"
"TrueGeoAdi","14","12","26"
"tsaiko","13","13","26"
"tsunkatse","12","14","26"
"tuco1982","13","13","26"
"twocanjam","13","13","26"
"tyrov_123456_7890","12","14","26"
"UCC-JES","13","13","26"
"Uenff","12","14","26"
"ugurbbas","13","13","26"
"Umag51","12","14","26"
"una12345","13","13","26"
"UncleRussUSA","13","13","26"
"UnitedArsenal","13","13","26"
"Unnar","12","14","26"
"Unstable_guy","12","14","26"
"Usame88","14","12","26"
"utkan2909","13","13","26"
"UtzMaltiyox","14","12","26"
"uz_cyber","14","12","26"
"Vaedon","13","13","26"
"Vallo61","14","12","26"
"Valmor_2020","15","11","26"
"varmedjap","13","13","26"
"Varunnn789","13","13","26"
"VatsChess12","13","13","26"
"VeniVidiVici2005","12","14","26"
"vernalscone","12","14","26"
"vesvelichkov","13","13","26"
"Vibhor160502010","13","13","26"
"VIEIRA82","14","12","26"
"vikram1322","13","13","26"
"VikTorS79","13","13","26"
"Vilik_Klika","14","12","26"
"vin1031","12","14","26"
"VincentPaulPalillo","14","12","26"
"vinchee","13","13","26"
"Vipinanitha","12","14","26"
"Vishvajeet","12","14","26"
"vladimir401","13","13","26"
"VladRuddenko","12","14","26"
"VladTheBest","14","12","26"
"vladvg1972","13","13","26"
"vodkaiers","14","12","26"
"vovavovov","14","12","26"
"vsgn","13","13","26"
"Wabanator","13","13","26"
"walaka4","14","12","26"
"Wanwannn","13","13","26"
"Warrior2OOO","15","11","26"
"washedFelix","13","13","26"
"Wati00","13","13","26"
"Weal-305","14","12","26"
"werewolf2004","12","14","26"
"wf10u","15","11","26"
"Willy_Crook_the_best","12","14","26"
"WinMeAndRun","14","12","26"
"Winnie1the1Pooh","12","14","26"
"Wkatipe","12","14","26"
"wng_04","12","14","26"
"WolfuhfuhBot","19","7","26"
"Wolfyz","13","13","26"
"Writergirl","12","14","26"
"Wrungle","12","14","26"
"wuwenhui","13","13","26"
"Xamalaia","14","12","26"
"xefo3","13","13","26"
"xharry31","13","13","26"
"xw07","15","11","26"
"yahyaj","15","11","26"
"Yasser-Derouiche","13","13","26"
"Yelmot","14","12","26"
"Yerson_Nisu","11","15","26"
"YM17","13","13","26"
"YoBot_v2","14","12","26"
"Yodysseus","13","13","26"
"youngkhalifa_x","12","14","26"
"yoyo9","13","13","26"
"Yrrrri","16","10","26"
"ysngns","13","13","26"
"Yupanainca","13","13","26"
"YuriM87","14","12","26"
"yurykrav","12","14","26"
"yuyu29","12","14","26"
"Zangalis","13","13","26"
"Zed-Mutant","13","13","26"
"zendel27","13","13","26"
"ziadd14","11","15","26"
"ziag311","15","11","26"
"Zirni","14","12","26"
"znudzony","14","12","26"
"zombasch","13","13","26"
"Zoobewohner","13","13","26"
"zoran_danilov","13","13","26"
"zrehman","13","13","26"
"zurik13","13","13","26"
"A_1reza1_A","13","12","25"
"A19x19A","13","12","25"
"a1b2c3h8","12","13","25"
"A4ashkkr","13","12","25"
"aagorilla","12","13","25"
"AAlvarezS","13","12","25"
"aanttichessss","13","12","25"
"aarasabir","13","12","25"
"Abaky","12","13","25"
"abdallahOx","12","13","25"
"AbdelhamidAshraf","13","12","25"
"abdo1919","12","13","25"
"Abdulbaghiyev2003","11","14","25"
"abdulhey2","12","13","25"
"abh2k11","12","13","25"
"Abhat97","13","12","25"
"abhisecksri","11","14","25"
"Aboahmd","11","14","25"
"Abuev_Roman","13","12","25"
"ACHERONT","12","13","25"
"achimzucker","14","11","25"
"Acqualider","13","12","25"
"Adilsiddiqui","10","15","25"
"AdipMandiraja","13","12","25"
"Adivirat","13","12","25"
"Adriano022015","13","12","25"
"Adroyab","13","12","25"
"AdvAmanMunot","13","12","25"
"agahtacristie","10","15","25"
"Ahaaki","13","12","25"
"Ahart","12","13","25"
"ahbfromthe3","12","13","25"
"ahmed2009yk","11","14","25"
"ahmed2503","12","13","25"
"Ahmedshatora","14","11","25"
"ahmetselim01062010","14","11","25"
"Ailanto32","11","14","25"
"aiseluck","12","13","25"
"AJamit","12","13","25"
"ajitharjun","13","12","25"
"albeanimal","13","12","25"
"Alcanzare","12","13","25"
"Alejandro_Wiebe","12","13","25"
"alejandroebr","11","14","25"
"alekhines_defence","12","13","25"
"Alekhinoe","14","11","25"
"Aleksandrsk85","11","14","25"
"Alenka2004","13","12","25"
"Alexander_Vittugov","12","13","25"
"AlexandreDavid","13","12","25"
"Alexkimlove","13","12","25"
"Alexp_d1","12","13","25"
"alfilfianchetado123","11","14","25"
"Algorus","13","12","25"
"ali3011","14","11","25"
"Alias_PI","13","12","25"
"alireza_hypo1","13","12","25"
"Alishermjbk","13","12","25"
"ALitvintsev","12","13","25"
"AlKle","13","12","25"
"Allmega","11","14","25"
"Alnjar3laa","12","13","25"
"AlphazeroGodfirst","13","12","25"
"altay_bv","13","12","25"
"altelijah156","13","12","25"
"alum451","12","13","25"
"AmarjeetYadav2005","12","13","25"
"American51","13","12","25"
"amine1970","13","12","25"
"amirsh89","12","13","25"
"amithgowda","14","11","25"
"AMKS84","13","12","25"
"amsamimi","11","14","25"
"Anadoluemre","12","13","25"
"AndrewMolloy","12","13","25"
"andrey181","13","12","25"
"AndronDJ10","12","13","25"
"Ani93","13","12","25"
"AnibalGutierrez","14","11","25"
"Ansfm","11","14","25"
"antichess12","12","13","25"
"AntonaNoir","13","12","25"
"Antonio13666","12","13","25"
"Antonsal","14","11","25"
"anythingforchess","13","12","25"
"apdsn","13","12","25"
"Apofisen","12","13","25"
"aquib_ansarixx","12","13","25"
"Aquilino37","12","13","25"
"Aquino29","11","14","25"
"Arganor","12","13","25"
"Arihantkr","12","13","25"
"arizealien","12","13","25"
"Arman_Callahan","13","12","25"
"ARNOLD1943","13","12","25"
"arpitsujain","12","13","25"
"Arruda1417","13","12","25"
"arshMora","12","13","25"
"art123456","12","13","25"
"arzanishshumak","11","14","25"
"as1978as","11","14","25"
"asglhasklihas","12","13","25"
"ashish3","12","13","25"
"AshuPandey","13","12","25"
"AshX772","13","12","25"
"Asikoks","14","11","25"
"atakanas","12","13","25"
"Atasayy","13","12","25"
"Atasor","12","13","25"
"Atharva_Savnerkar","14","11","25"
"Atulbisen","13","12","25"
"Augustinus27","13","12","25"
"Aurelianmagnus","13","12","25"
"austin_p","11","14","25"
"autumunnfalls","13","12","25"
"Avetbaghdasaryan","12","13","25"
"awab004","13","12","25"
"Aykutkayan","13","12","25"
"Ayline5","13","12","25"
"Ayo_12-mate","13","12","25"
"ayvazyanars","11","14","25"
"azat1sk","12","13","25"
"azharimaster","12","13","25"
"Azimi_nabiullah","13","12","25"
"azzert","12","13","25"
"baburuskame","13","12","25"
"BadmoshChora","13","12","25"
"Bah2016","13","12","25"
"Bakera11","13","12","25"
"balance999","11","14","25"
"Balchy","13","12","25"
"Barako175","12","13","25"
"barbital","13","12","25"
"Basol66","14","11","25"
"bass180","12","13","25"
"BassSyndicate","13","12","25"
"BasureroSaPalasyo","12","13","25"
"BattleLord","12","13","25"
"baymbart","13","12","25"
"bayram2980","12","13","25"
"Beardwin","13","12","25"
"bec02","13","12","25"
"Beli2268","13","12","25"
"Ben98","13","12","25"
"benjainm","12","13","25"
"berna86","13","12","25"
"BeschderMann","13","12","25"
"beschleunigterdrache","12","13","25"
"bestnoob123","13","12","25"
"bfdzsfbv","11","14","25"
"BhingJoelGimony","12","13","25"
"bilibi221","13","12","25"
"BlackSheeep","12","13","25"
"Blacksheep13","14","11","25"
"bladezsucksatchess","14","11","25"
"blahusername","12","13","25"
"Blockchained","12","13","25"
"blood_clott","12","13","25"
"blunderbarsch","13","12","25"
"Blunders_Only_1","13","12","25"
"bobiwu","13","12","25"
"bohrheisenberg","12","13","25"
"BoraKing","13","12","25"
"BorkumFan","13","12","25"
"Borsuk3","12","13","25"
"boulkaria-imane","15","10","25"
"bradobrey","12","13","25"
"Brandt13","12","13","25"
"brayan65","12","13","25"
"BreakingBas","12","13","25"
"BrimstoneHell","13","12","25"
"Broesilein2019","13","12","25"
"BrohChess","11","14","25"
"Bromidas","15","10","25"
"bronsvinnik","13","12","25"
"brotherpower2002","12","13","25"
"brunoeschbach","12","13","25"
"Bubloid","12","13","25"
"bujari123456","13","12","25"
"Buli2020","12","13","25"
"BurakIV","13","12","25"
"cache777","13","12","25"
"caciqueTulian","13","12","25"
"caiocks","13","12","25"
"CallMeGmail","13","12","25"
"canoguzz","13","12","25"
"CapablancaJRCuba","12","13","25"
"capirafa","12","13","25"
"caramel78","12","13","25"
"Carlbulugan","12","13","25"
"CarlosCarmonaC","12","13","25"
"carroman","13","12","25"
"Casparus","12","13","25"
"caszw","13","12","25"
"CAWEHbKA","12","13","25"
"cekan10","12","13","25"
"cerberus63","13","12","25"
"Cetnik123","12","13","25"
"chacalEpico","13","12","25"
"Chaniachess","12","13","25"
"chanterparis1979","13","12","25"
"charleskinbote69","12","13","25"
"Charlista","11","14","25"
"chayanpalit","13","12","25"
"chbeam","13","12","25"
"Cheshir_Archi","13","12","25"
"Chess_player_12134","12","13","25"
"Chess_Sorceror","13","12","25"
"Chess_warlockss","13","12","25"
"CHESS-DEM0N","13","12","25"
"chessbira-2","12","13","25"
"chesscan27","13","12","25"
"chessjj","14","11","25"
"chessjourney23","11","14","25"
"chessKyev","12","13","25"
"ChessLover0000","11","14","25"
"Chessocity","13","12","25"
"Chessrajiv","12","13","25"
"chessveda","12","13","25"
"Chestnute","15","10","25"
"chesunye","12","13","25"
"chevolek","12","13","25"
"chgate123","12","13","25"
"Chichoub52","12","13","25"
"Chilebrahs","12","13","25"
"chr71290","13","12","25"
"chrisleeson","12","13","25"
"Ciberrocker","13","12","25"
"cinqueminutini","12","13","25"
"CitrusJuice","14","11","25"
"cjsworldd","13","12","25"
"claisfab","13","12","25"
"ClubFootDave","14","11","25"
"coconalt","11","14","25"
"coinbirds","13","12","25"
"constenk24","12","13","25"
"cooldude1991","11","14","25"
"cor888","13","12","25"
"CraigReptar","12","13","25"
"credamn","13","12","25"
"creuit","13","12","25"
"Crusator","12","13","25"
"CS_1979","13","12","25"
"CtrlAltDelicious","12","13","25"
"cuprum79","14","11","25"
"curiousrooks","12","13","25"
"cwsplusnig","13","12","25"
"Czech_N_Mate","12","13","25"
"Czeus40","12","13","25"
"d_turu","12","13","25"
"Da-Masta420","14","11","25"
"DaBoon","13","12","25"
"daelton","12","13","25"
"Daleftw","12","13","25"
"DamienAmani07","14","11","25"
"dan910712","13","12","25"
"DanFer56","13","12","25"
"daniyarimamadi","12","13","25"
"Danizomien4ik","13","12","25"
"dariussjm","13","12","25"
"darkpotter","12","13","25"
"DarkQueen777","12","13","25"
"darshakshah_209","12","13","25"
"darstan","13","12","25"
"David_Woodhead","13","12","25"
"DavidDiaz24","13","12","25"
"davidlimo","13","12","25"
"davoodchess","13","12","25"
"Dawfin","14","11","25"
"dedolaga","12","13","25"
"Deepazul1","11","14","25"
"dejavu2020","12","13","25"
"delband","14","11","25"
"dem16","13","12","25"
"denima_m","14","11","25"
"Denis_88","11","14","25"
"DennisMukhin","13","12","25"
"dentfur","13","12","25"
"DeppBlue","13","12","25"
"der-brutalla007","13","12","25"
"dersu-uzala","13","12","25"
"DesertWolfTempo","12","13","25"
"Destructor0","13","12","25"
"deuceses22","13","12","25"
"Dexter_435","11","14","25"
"dheerajagc","13","12","25"
"dhruv_anjaria","13","12","25"
"Dhurgham93","11","14","25"
"di_manchello","13","12","25"
"dial239","12","13","25"
"ding_dong123","12","13","25"
"DinSky","12","13","25"
"Dipak1975","12","13","25"
"dipon2777","12","13","25"
"Disklozher","12","13","25"
"Diyaa86","12","13","25"
"Dizodestroyer","13","12","25"
"Djonkert","12","13","25"
"DjTomin","12","13","25"
"dkskxjzil","14","11","25"
"Dm2004","11","14","25"
"DMagnificent","13","12","25"
"dnizgk","12","13","25"
"dnobsemaj700","12","13","25"
"Dobrorez","13","12","25"
"dodo40","11","14","25"
"DOLMATOP","11","14","25"
"DOLORES_H4ZE","12","13","25"
"Don-Wilco","13","12","25"
"donche428","12","13","25"
"doogdoogdoog","12","13","25"
"Doru45","13","12","25"
"Dottore_dottore","12","13","25"
"DownwithKhameneyi","13","12","25"
"DraculaVEVO","13","12","25"
"drbahamonde2020","13","12","25"
"DrGoldfish","13","12","25"
"Drkillswitch","11","14","25"
"DrogonGOT92","11","14","25"
"DrPrle","13","12","25"
"drrd13","13","12","25"
"drumandcode","13","12","25"
"Drunkpawn2296","11","14","25"
"dtchapar","12","13","25"
"Dthfrmblw","12","13","25"
"dulg","12","13","25"
"Durma_X","13","12","25"
"dutchman67_2015","13","12","25"
"dvunog","13","12","25"
"DydyF","13","12","25"
"EagleScout","13","12","25"
"eastfinchley","13","12","25"
"Ed0on","11","14","25"
"Edenpatzer","10","15","25"
"edgardelrio","12","13","25"
"edlepilote","13","12","25"
"Edralev","12","13","25"
"EduMate","12","13","25"
"edy26","11","14","25"
"Effi10","12","13","25"
"egi911","13","12","25"
"egiMadiun","13","12","25"
"ekki808","13","12","25"
"EL_BURI","12","13","25"
"El-Codo","12","13","25"
"elcorredor101","11","14","25"
"ElGranLau","12","13","25"
"elhijodeldia","13","12","25"
"EliasGoldinger97","12","13","25"
"Eliezer-Quiroz","12","13","25"
"Eliezer5222","12","13","25"
"elizacassan","12","13","25"
"Ell-passo","13","12","25"
"elmantrz","13","12","25"
"elob","12","13","25"
"ElProDelChess","13","12","25"
"elso3","13","12","25"
"ElyAngelo","12","13","25"
"emanuelshai","13","12","25"
"Emi1991ajd","14","11","25"
"emincan218","13","12","25"
"emvi","12","13","25"
"emywilz","12","13","25"
"Enlil-nadin-apli","12","13","25"
"EnriqueAC07","12","13","25"
"entr0p3te","13","12","25"
"Envuladu","14","11","25"
"eoin_jakin","12","13","25"
"eranrieri","13","12","25"
"Ercument_Carlsen","13","12","25"
"erdemoran","13","12","25"
"erkebay2016","12","13","25"
"erlendgt","12","13","25"
"ErmanHT","11","14","25"
"Eroshov","12","13","25"
"EsHwArLoGaN","11","14","25"
"EsleyGC","13","12","25"
"ESP-918","12","13","25"
"Espartac","13","12","25"
"et4458","14","11","25"
"eternal2k23","12","13","25"
"EtienneMRM","13","12","25"
"ETURNUS","14","11","25"
"Evaristo_Moya","12","13","25"
"EvertRoeleveld","13","12","25"
"evgenij1983","13","12","25"
"Evgenij222","11","14","25"
"Evil_forces","12","13","25"
"evren28","13","12","25"
"eybersierra","13","12","25"
"ezralition","11","14","25"
"Ezredes69","12","13","25"
"facelessalien","13","12","25"
"Fafa322322","13","12","25"
"falzyCHESS","12","13","25"
"fano9","12","13","25"
"farid_efendi","13","12","25"
"faris050","12","13","25"
"Fatih06-18","12","13","25"
"fausthitman","12","13","25"
"fergom19","14","11","25"
"FernandoGallegos","13","12","25"
"FerryMan95","12","13","25"
"feyizalrawass","14","11","25"
"FinnveJack","13","12","25"
"Firefly57","14","11","25"
"firein","13","12","25"
"firi77","12","13","25"
"firuZito","11","14","25"
"Fisheroni7","12","13","25"
"fisk87","12","13","25"
"flowerhill86","12","13","25"
"FlowFearless","13","12","25"
"Flyingraijjin","12","13","25"
"FranconianPatzer","14","11","25"
"Francutio","13","12","25"
"Frank08","12","13","25"
"Frankdeng","13","12","25"
"fratazio","14","11","25"
"french8","12","13","25"
"fuzzymedium","13","12","25"
"g_chess1","12","13","25"
"gabrielsd0289","14","11","25"
"gabrimev","13","12","25"
"gagahhafizh","14","11","25"
"gaj9","12","13","25"
"GarradeOso","12","13","25"
"Garry_Kaspahon","14","11","25"
"Garydeloeste","12","13","25"
"Gavelasq2021","12","13","25"
"Gcampeon2023","12","13","25"
"Gentle_Cactus","11","14","25"
"GERMIKH","12","13","25"
"gersonfluengo","13","12","25"
"Gersonmariano32","13","12","25"
"getsetgo-23","11","14","25"
"geza1965","12","13","25"
"ghorbani_kaboodan","12","13","25"
"giorgos1100","14","11","25"
"giri14","14","11","25"
"Girls16","12","13","25"
"gmpm773","13","12","25"
"gmteelegit","12","13","25"
"gnabayar","13","12","25"
"Godjaev","12","13","25"
"Gods-creature","11","14","25"
"goede97","13","12","25"
"Gohlis","12","13","25"
"Golbage","13","12","25"
"GolgothSmurf","13","12","25"
"GoodCrackOnV","12","13","25"
"Grand_mahdi","14","11","25"
"gserafim","13","12","25"
"Gubanov_Dmitriy","12","13","25"
"Guffen1","14","11","25"
"GuillermoAUria","12","13","25"
"GusRulito","12","13","25"
"GUY_BR","12","13","25"
"guzbov","14","11","25"
"gxngar","13","12","25"
"Haggaru39","12","13","25"
"HaidarovS","12","13","25"
"hamster75","13","12","25"
"HaN77","13","12","25"
"handicaper","11","14","25"
"Hani_Naja","13","12","25"
"Hany82000","12","13","25"
"happy-mwabumba","12","13","25"
"haR8Indin","14","11","25"
"harsh_nagarkar","11","14","25"
"Harsh1089","12","13","25"
"HarshdipsinhRathod","12","13","25"
"Hashtag_SonZo","13","12","25"
"hbsueiro","12","13","25"
"Hdgjk","12","13","25"
"hectordetroya","13","12","25"
"Hemanya","12","13","25"
"HermesTrismegistus20","13","12","25"
"Hessi1","13","12","25"
"hhej32","13","12","25"
"Hiiro7","13","12","25"
"hindutime","15","10","25"
"Hippongr","14","11","25"
"hoccala","13","12","25"
"hommis","13","12","25"
"HomoSacer81","13","12","25"
"honain","12","13","25"
"hopebust","12","13","25"
"hrngnc","13","12","25"
"hsn21","11","14","25"
"hsuperbly1980","11","14","25"
"hughie1990","13","12","25"
"human229","13","12","25"
"Humberto_Henriquez","14","11","25"
"hwright01","13","12","25"
"HZ26197713","13","12","25"
"I_Block_Engines","12","13","25"
"I_M_T","13","12","25"
"i7h4nd5R_G0d","12","13","25"
"Iam189","11","14","25"
"iamDK47","13","12","25"
"ibabazagenius35","12","13","25"
"iceRNGR","13","12","25"
"icymoves","11","14","25"
"Igor-i-v","12","13","25"
"IgorKhadeev26","13","12","25"
"IITBHU","12","13","25"
"iiTzTenZ","13","12","25"
"ikramlezgi","13","12","25"
"Imashking1","12","13","25"
"ingwar82rus","13","12","25"
"invicta_ludio","12","13","25"
"iOmba","10","15","25"
"Iran20","12","13","25"
"irem8","11","14","25"
"Irina777-spb","12","13","25"
"isaul577","12","13","25"
"ishaanthechamp","10","15","25"
"IskanderZagirov","13","12","25"
"islam111991","12","13","25"
"ismailtoca","12","13","25"
"it-me","12","13","25"
"IthinkI","13","12","25"
"jaat_harsh","13","12","25"
"Jabol_3x_A_day","12","13","25"
"jacobbehm","11","14","25"
"JacquimAlvirez","13","12","25"
"jaey_the_fawkes","12","13","25"
"jaime_1969","12","13","25"
"Jakovx","13","12","25"
"Jameskavlaki","12","13","25"
"JamesRGW","12","13","25"
"jamilAfg","14","11","25"
"JammyGeorge","13","12","25"
"JamshidbekKomiljonov","13","12","25"
"JanisGailis","13","12","25"
"jarcorlive","12","13","25"
"jasanqui17","12","13","25"
"Jawline","13","12","25"
"JayNotAverage","13","12","25"
"jdblack","12","13","25"
"JediMaster8008","13","12","25"
"Jerryperry","12","13","25"
"Jesim","12","13","25"
"Jessejames88","12","13","25"
"jesusrobertosolanoh","13","12","25"
"jeyeme_dem","11","14","25"
"JhayeLo","13","12","25"
"Jhp2006","14","11","25"
"jimbrak","12","13","25"
"JimJimyourrealtor","13","12","25"
"Jiri63","12","13","25"
"jjam9","13","12","25"
"Joachim72","13","12","25"
"jogender","12","13","25"
"Johhane1","12","13","25"
"John_Ajero","12","13","25"
"John_Christiansen","14","11","25"
"JonahPetrahn","12","13","25"
"jonlagos","14","11","25"
"Jonny_mm","13","12","25"
"Jood_Salz","13","12","25"
"Josephjoey289","12","13","25"
"Josesanve","13","12","25"
"JotaDos","11","14","25"
"JotaSalva","12","13","25"
"Jpcoronel","12","13","25"
"JTHALHEIM","12","13","25"
"Julien-Ange1986","12","13","25"
"Julietta2022","12","13","25"
"jumadilova70","12","13","25"
"jungansgamer","13","12","25"
"justplainpat","13","12","25"
"JZ62","14","11","25"
"k_sels","13","12","25"
"kaiwig","12","13","25"
"kakavazir","13","12","25"
"kal_jug_no_kanaiyo","14","11","25"
"kali03","12","13","25"
"kalisi1","11","14","25"
"kamaelx08","13","12","25"
"kamaliza","12","13","25"
"Kamui1997","13","12","25"
"kamykase","13","12","25"
"kanchirk","13","12","25"
"kannurchess","12","13","25"
"Kapayor","13","12","25"
"karimshadi","13","12","25"
"KarlRies","12","13","25"
"kasperow667","12","13","25"
"kataklisma","12","13","25"
"katematyas","13","12","25"
"Kaungpyaehtet2007","13","12","25"
"keeelooo","12","13","25"
"keesvr","12","13","25"
"Kenyoshida1","12","13","25"
"kerama","13","12","25"
"key_space","11","14","25"
"KeyBoardSpamThe","12","13","25"
"khaled_younis","14","11","25"
"khoek","13","12","25"
"Khumagz","12","13","25"
"Kibitkin_VV","13","12","25"
"KING_SPED","13","12","25"
"kingofdanoobss","13","12","25"
"Kingthe24th","14","11","25"
"KinguBabbar","13","12","25"
"KiQtq","12","13","25"
"KIRADEX","12","13","25"
"KirillRagoza","13","12","25"
"kjndegwa","13","12","25"
"klaurita","15","10","25"
"KMV1","13","12","25"
"Kni8rook","13","12","25"
"Knight_B4_Bishop","14","11","25"
"Knightmare233","13","12","25"
"knutkj","14","11","25"
"kojobempa","12","13","25"
"kontact","13","12","25"
"korenevec1983","13","12","25"
"KostashNick_1990","13","12","25"
"kosto73","13","12","25"
"Krea1961","12","13","25"
"krish2004parikh","11","14","25"
"Krohn","13","12","25"
"kubpica","13","12","25"
"kuladrohi","12","13","25"
"KunalMate","12","13","25"
"KUR0K12","13","12","25"
"Kushnarev_Mikhail","13","12","25"
"KuusamoRasanen","11","14","25"
"KW2020","13","12","25"
"kyok08","12","13","25"
"l8knight","12","13","25"
"Lakoje","12","13","25"
"laleh","12","13","25"
"lalelora","12","13","25"
"lalu_syafrudin","13","12","25"
"LandLawyer","14","11","25"
"Lankise","13","12","25"
"LaraCroft_1","12","13","25"
"Laraditzel","13","12","25"
"Larry_20","11","14","25"
"lastboard2","13","12","25"
"Lbqrom","12","13","25"
"LDB1980","12","13","25"
"leandrocelo13","12","13","25"
"LebonaZuu","12","13","25"
"Leehu","13","12","25"
"LeMerle96","12","13","25"
"LeoIrkutsk","12","13","25"
"lessew","13","12","25"
"LevChamp","14","11","25"
"lezned","12","13","25"
"Lhcardozo47","12","13","25"
"licje","13","12","25"
"LightsM","12","13","25"
"Lijo1997","14","11","25"
"LilithJK","10","15","25"
"limax","9","16","25"
"linakbr","13","12","25"
"LittleJohn007","13","12","25"
"lokner","15","10","25"
"lolitogo","13","12","25"
"lolligmensje","12","13","25"
"LoLLLLLLLLLLL","14","11","25"
"LoopingLouie","13","12","25"
"Loren-Calisma","13","12","25"
"losing_on_time","13","12","25"
"LouisPanis","13","12","25"
"Lozano1979","13","12","25"
"Lplaflamme","13","12","25"
"lreynaud","13","12","25"
"LuanNaufal","11","14","25"
"lubart17","14","11","25"
"Lucasbiga","13","12","25"
"lucasnep92","13","12","25"
"LuckyLabradoodle","12","13","25"
"ludwigbaris","12","13","25"
"ludwigrosz","13","12","25"
"luisorozco16","12","13","25"
"m145","12","13","25"
"M80_11m","14","11","25"
"Ma10az","13","12","25"
"Madeos","13","12","25"
"madhacker","12","13","25"
"Madsound88","13","12","25"
"Maegyr","12","13","25"
"magalpok","12","13","25"
"MagicKneiti1987","13","12","25"
"magisiva","12","13","25"
"Magnusinsp","13","12","25"
"Magus008","13","12","25"
"mahdipartoazar","12","13","25"
"mahir26","12","13","25"
"maia9","15","10","25"
"Making06","12","13","25"
"makrill","12","13","25"
"Malaichess","11","14","25"
"Man_Of_The_Hour","14","11","25"
"Mantablanca","12","13","25"
"manu_mondflieger","12","13","25"
"maor","13","12","25"
"marar","13","12","25"
"Marcos1966","13","12","25"
"marcosreyesh","12","13","25"
"Marigemma","13","12","25"
"Maris_M","13","12","25"
"maroc66","12","13","25"
"martinlee007","15","10","25"
"MartinLutherK","13","12","25"
"MartyLegrand","12","13","25"
"Marvken","12","13","25"
"Masspro","13","12","25"
"MasterAmir369","15","10","25"
"MasterTalent1","13","12","25"
"mataro_chess","13","12","25"
"Mate_in_O","14","11","25"
"Mateocargua","12","13","25"
"Math-Match","12","13","25"
"matrioska99","11","14","25"
"Maxgamebot_0342","13","12","25"
"MAXOB","12","13","25"
"mayonnaise30","12","13","25"
"MazlumBBoylu","12","13","25"
"McanB","12","13","25"
"McCinly","13","12","25"
"McFinchen","13","12","25"
"Meatloaf59","13","12","25"
"MedanChess","12","13","25"
"Megha1234","11","14","25"
"Mehmett49","12","13","25"
"meinascarlet","13","12","25"
"melekess","13","12","25"
"melemine","12","13","25"
"melvinm","11","14","25"
"memologo","13","12","25"
"MeShadow","14","11","25"
"Mesut_Batmaz","11","14","25"
"mevedevmatvey","12","13","25"
"mfcastillo","13","12","25"
"MgmP01","12","13","25"
"mi5terfrenet","12","13","25"
"michelacra","12","13","25"
"michtom","14","11","25"
"Micolgmro","14","11","25"
"Migueeelt","14","11","25"
"Mikez2019","12","13","25"
"Mikheev01","12","13","25"
"miki4545","13","12","25"
"milanasa","11","14","25"
"milkshakegott","13","12","25"
"MillionTimesZero","12","13","25"
"milshireV2","12","13","25"
"Minusmann","14","11","25"
"mirmidao","13","12","25"
"Mistrkinorowijr","13","12","25"
"MitchellKGM","12","13","25"
"Mjavad61","13","12","25"
"MJButty","13","12","25"
"Mk2534","11","14","25"
"mlundo","11","14","25"
"mmackenzie34","13","12","25"
"mmahesh21","13","12","25"
"Moh-Shehab","12","13","25"
"mohamed_abdullbar","11","14","25"
"Mohamed_Nabil90","12","13","25"
"molnarlacko","11","14","25"
"MonsterLoveBack","13","12","25"
"montalt0","13","12","25"
"Moplays","13","12","25"
"Moraynikov","13","12","25"
"MordechaiTheJew","12","13","25"
"Morganpain","12","13","25"
"Morobetja","13","12","25"
"mostfa82","13","12","25"
"Mr_Gamechanger","12","13","25"
"MrBobs","14","11","25"
"mrchumbley","12","13","25"
"MrDurne","13","12","25"
"mrKartin","13","12","25"
"MrMistakes","14","11","25"
"MrTran007","13","12","25"
"Muanda","13","12","25"
"muchoo7887","12","13","25"
"Muhlo","14","11","25"
"mulong28","13","12","25"
"Multikasking","12","13","25"
"MunirJos1967","11","14","25"
"Munstang","13","12","25"
"Murateriskin","12","13","25"
"murksi","12","13","25"
"Mussklprozz","12","13","25"
"Mweetwa","12","13","25"
"my2sats","14","11","25"
"MyrddinEmrysWasTaken","12","13","25"
"Myro88","13","12","25"
"n_w","12","13","25"
"NaciELMALI","12","13","25"
"nagibator335","15","10","25"
"Naiduf","12","13","25"
"Napoleon0111","15","10","25"
"natureboi","13","12","25"
"nazrat123","11","14","25"
"NB210","13","12","25"
"Neal008","14","11","25"
"negative_rsquared","12","13","25"
"Nele_Prim10","13","12","25"
"NemezesCafaliuns","11","14","25"
"neotronik","12","13","25"
"Nep89","14","11","25"
"Nephandi","12","13","25"
"NestorImparable","14","11","25"
"neutronkaleidoscope","12","13","25"
"Nevalawst27","12","13","25"
"Nic076","13","12","25"
"niceKingBro","12","13","25"
"Niconico16","12","13","25"
"nietsche","12","13","25"
"Nikhilssj8","13","12","25"
"nileshchandra","14","11","25"
"ninzninzninz","12","13","25"
"Nirvana777","13","12","25"
"Nithinbright2012","14","11","25"
"Nizarco","12","13","25"
"nizmo20","13","12","25"
"NkG001","14","11","25"
"nodulus","13","12","25"
"Noel8234367","13","12","25"
"Nogi_v_Rot","12","13","25"
"nolradsarev1","11","14","25"
"NoobSasi","12","13","25"
"Noreni","12","13","25"
"Nornate1552","15","10","25"
"norOwGlyk","11","14","25"
"norsons23","12","13","25"
"NORWEGIANHERO","11","14","25"
"NOSEJUGARZZZ","12","13","25"
"Nossaki","12","13","25"
"Not-the-1","14","11","25"
"NotASpacehero","12","13","25"
"NotCraniXort","13","12","25"
"NotMyRook","11","14","25"
"novikovbest","14","11","25"
"NraneG","14","11","25"
"oblack99","13","12","25"
"odato","12","13","25"
"odevamli","12","13","25"
"odoacre72","13","12","25"
"OhThatsABlunder","13","12","25"
"oiledaniel","12","13","25"
"okneifos","12","13","25"
"okunda","12","13","25"
"oldfox07","11","14","25"
"olegucci","13","12","25"
"Olia_etoile","12","13","25"
"olino887","12","13","25"
"olllo1000","13","12","25"
"Olvidaloo","11","14","25"
"Omaromartt","12","13","25"
"OmarRaIbrahim","13","12","25"
"onetwoo","12","13","25"
"onurmertklc","14","11","25"
"OopsIfkdup","13","12","25"
"ormigon","12","13","25"
"Ornio","13","12","25"
"Osmankurdi","14","11","25"
"OSMANSALCEDO","13","12","25"
"Ostadar","13","12","25"
"ota70","12","13","25"
"othrana","13","12","25"
"Otoniel-Santos","13","12","25"
"ottensen","12","13","25"
"otto24","14","11","25"
"ownage","12","13","25"
"oxygen12345","14","11","25"
"ozbozdagli","12","13","25"
"P_Salman","13","12","25"
"pablo2016","13","12","25"
"pablomartino","10","15","25"
"Palithaj","11","14","25"
"palsanatiger","12","13","25"
"panecaldo","11","14","25"
"PapiChulo98","12","13","25"
"Papillon2017","14","11","25"
"pAraranoiA","13","12","25"
"parrot_909","11","14","25"
"PaRuz","13","12","25"
"pashazlat","13","12","25"
"patterm","12","13","25"
"pattymac","11","14","25"
"Pavel_Savinov","13","12","25"
"PaveliOlga","13","12","25"
"PawnsPower","12","13","25"
"pawnTakesPawnTakes","13","12","25"
"pe002a6452","13","12","25"
"pearychess","13","12","25"
"PedroVGarcia","12","13","25"
"PEROPLA","13","12","25"
"peterfrank369","13","12","25"
"pianoplayerjames","12","13","25"
"PierreLe","13","12","25"
"Pilchowitz","12","13","25"
"Pin0chhi0","13","12","25"
"Pittsburgh1962","12","13","25"
"piur","13","12","25"
"Player-003","14","11","25"
"pochek","13","12","25"
"pogiasawa","12","13","25"
"polsta","11","14","25"
"Porquoi","13","12","25"
"potsy","13","12","25"
"prairiepelagic","13","12","25"
"Pranit_42","12","13","25"
"pres_prot","12","13","25"
"PresaIgru","13","12","25"
"PrinceNavi007","12","13","25"
"prlck","13","12","25"
"Prochess0000","12","13","25"
"profemr","13","12","25"
"Professor_Stravinsky","13","12","25"
"prophets","13","12","25"
"przemofitness","12","13","25"
"ptmadhan","12","13","25"
"Pullin","14","11","25"
"puneetdalimss","14","11","25"
"punranger","12","13","25"
"punter1988","12","13","25"
"purp7","13","12","25"
"purplesky91","12","13","25"
"PurpleString","11","14","25"
"Pusteblume123","13","12","25"
"Putinsnasenhaar","13","12","25"
"Pygiz","13","12","25"
"QGDplay","13","12","25"
"Quaidartois","13","12","25"
"QuanHOLIO","12","13","25"
"quantumchessmanu","14","11","25"
"quantumultra","12","13","25"
"quereinsteiger","12","13","25"
"QUILLOTANO1970","14","11","25"
"Quirkyink","13","12","25"
"Qurator","14","11","25"
"QwertPolk","11","14","25"
"R0nJeremy","13","12","25"
"R1gby","12","13","25"
"r3buLL","12","13","25"
"rachfan","12","13","25"
"rafaelthome","14","11","25"
"Rahulknr","12","13","25"
"RainaldoMiselini","12","13","25"
"RaLucky_Gasy","11","14","25"
"ramber55","12","13","25"
"Ramis-Kuberdinov13","13","12","25"
"Randomguyplayingches","11","14","25"
"rashed12","12","13","25"
"rastahrasta","13","12","25"
"RAULSDLM","11","14","25"
"Razakasoa","12","13","25"
"rbalaji35","13","12","25"
"redish15","13","12","25"
"Regina-ballerina","12","13","25"
"Rehnua","13","12","25"
"Renat11","12","13","25"
"Reservebank","12","13","25"
"ResoluteBot","11","14","25"
"RetroGamers8bit","13","12","25"
"reubear","11","14","25"
"RevJBudd","14","11","25"
"revmay976","10","15","25"
"RhoPi","10","15","25"
"Riadhchouchen","11","14","25"
"rianasukarela","12","13","25"
"ricarios","12","13","25"
"rich86","12","13","25"
"RichShyYear","13","12","25"
"RIGHT_BEHIND_YOU","13","12","25"
"rijillo2018","13","12","25"
"Rijubps111","13","12","25"
"rizzer12","12","13","25"
"rkido","13","12","25"
"rmc_mx","12","13","25"
"rmvanderspek","13","12","25"
"robertogiglio00","12","13","25"
"RobertskiGH","14","11","25"
"rocco0987","12","13","25"
"rock_rocke2000","15","10","25"
"Rockeyover_hop","12","13","25"
"RockSmasher10","12","13","25"
"Roddy1966","13","12","25"
"rogeltigre","13","12","25"
"ROGGY12","13","12","25"
"RoGr","12","13","25"
"Rolandreloading","11","14","25"
"RollyBall","11","14","25"
"rom58","13","12","25"
"romagont","14","11","25"
"Romniksem","12","13","25"
"rookie191919","12","13","25"
"rookmate121","13","12","25"
"Rosario_Cueva32","13","12","25"
"rp123","12","13","25"
"rrakatakatuka","14","11","25"
"RSM24","11","14","25"
"rudil","12","13","25"
"Ruslan-GMB","12","13","25"
"ruslan2351","14","11","25"
"Ryback9","13","12","25"
"Ryzen78","13","12","25"
"Rzepa5","12","13","25"
"s0000k","12","13","25"
"s1na","13","12","25"
"sachin4444","13","12","25"
"sahil_gupta100","12","13","25"
"Saidkaplan38","12","13","25"
"Salnes","13","12","25"
"Sam_12345","12","13","25"
"saman93armand","11","14","25"
"sambi619","13","12","25"
"Sanek3647","12","13","25"
"sanjay_gs","13","12","25"
"santadigger","12","13","25"
"santanug","13","12","25"
"Santeraspa","13","12","25"
"Sasha14112010","12","13","25"
"Satoru735","11","14","25"
"satyammetal","13","12","25"
"savtsavt","12","13","25"
"Scapin64","12","13","25"
"scecarlos","12","13","25"
"Schackisen","13","12","25"
"SCOBishop2","12","13","25"
"sd1313","13","12","25"
"sdmm","12","13","25"
"sembodo100","11","14","25"
"sen46","12","13","25"
"Sensei_Blunder","13","12","25"
"sergey1529","13","12","25"
"SERHIO_SERGIO","12","13","25"
"ServantOfServants123","12","13","25"
"Sesharanjith","12","13","25"
"Seshh","13","12","25"
"seuf456","12","13","25"
"Seyfibugra123","14","11","25"
"sgolizadeh","12","13","25"
"shahnawazkhan_16","13","12","25"
"Shewamati","12","13","25"
"ShiawasenaHikari","12","13","25"
"shno1","13","12","25"
"shoester","12","13","25"
"ShreyasAgra","12","13","25"
"shuvamgupta97","13","12","25"
"shuvel","13","12","25"
"Siabal","13","12","25"
"siddiqueee","13","12","25"
"Sidik71","13","12","25"
"Siente_el_dolor","13","12","25"
"SigurdSigurdsson","12","13","25"
"SimoneVictorelli","12","13","25"
"SimpleChessEngine","19","6","25"
"simplysaf","14","11","25"
"simranjeet5","14","11","25"
"sims2","13","12","25"
"sir_siddu","14","11","25"
"SirJellington","12","13","25"
"sirlancelot141","12","13","25"
"SisifoReventado","12","13","25"
"Sivaram123","12","13","25"
"sjakkchessajedrez","12","13","25"
"skakbenteng","12","13","25"
"slammayjammay","12","13","25"
"Slav4uk","12","13","25"
"Slavjaro","13","12","25"
"SlawaUkraini","11","14","25"
"sleepmodezombie","12","13","25"
"sleepymonk","12","13","25"
"SlevinKelevra1980","13","12","25"
"Smagulov_Alaziz_12","12","13","25"
"smax47","12","13","25"
"SMstar","14","11","25"
"Smukov04","13","12","25"
"snickers777","12","13","25"
"sofiaslws","13","12","25"
"sohariov_BC","14","11","25"
"Solaris21","13","12","25"
"someclassicalgames","12","13","25"
"sontagwoj","13","12","25"
"soroushmansouri","13","12","25"
"SOSamPotato","13","12","25"
"soterov","13","12","25"
"SoumyaDipchess03","12","13","25"
"souuu3","12","13","25"
"spaceman_spiff_52","13","12","25"
"spetrov-comox","12","13","25"
"Splatty42","13","12","25"
"SplitCop007","13","12","25"
"springer55","14","11","25"
"SpyZx","13","12","25"
"squinteros","13","12","25"
"Sriya_Prasad","13","12","25"
"ssipdesserts","14","11","25"
"Stauffenberg77","13","12","25"
"Steel_king","11","14","25"
"SteelKunFUR","13","12","25"
"StefanoCavalcante","12","13","25"
"Stfnkrae","12","13","25"
"stifado","13","12","25"
"stoicfruitsmoothie","13","12","25"
"STONE-GOLD","12","13","25"
"stonedreligion","12","13","25"
"Stores","12","13","25"
"StrahleHermann","13","12","25"
"STRANGER11","11","14","25"
"strela84","13","12","25"
"stronglychuks","13","12","25"
"SubhaTheKing","12","13","25"
"subramanian_pl","12","13","25"
"suetiik","13","12","25"
"sultan_mehmed1453","13","12","25"
"sumarokov","13","12","25"
"sunnyvegas","12","13","25"
"supermengo2","12","13","25"
"SuperTigrusik","12","13","25"
"SurenderS","12","13","25"
"SushrutR","14","11","25"
"SVETLOMbISL","13","12","25"
"Swoog","12","13","25"
"t1987121","12","13","25"
"T1lly","12","13","25"
"Taegambit","11","14","25"
"Tafarelly","11","14","25"
"taffo","11","14","25"
"tapanar","13","12","25"
"TAPAPAX","15","10","25"
"Taras_Drwal","12","13","25"
"tarjein","12","13","25"
"teaandpie","13","12","25"
"tebe2020","12","13","25"
"TedyKabTasikmalaya","12","13","25"
"Tema108","13","12","25"
"Temkovets","14","11","25"
"Teor3m","12","13","25"
"terfjayrew8","12","13","25"
"Terigosong","13","12","25"
"Tesema","13","12","25"
"TGAS_MrSmith","13","12","25"
"th37","12","13","25"
"tharindusapumal","13","12","25"
"The_ThreeChecks","13","12","25"
"TheBossCaev","13","12","25"
"thebrozejade","14","11","25"
"ThErKoCh","13","12","25"
"theteleprompter","12","13","25"
"thewasi","14","11","25"
"Thiago_Sousa","13","12","25"
"thota4","14","11","25"
"Thrillicy","13","12","25"
"Tibbymonster","13","12","25"
"timirsun","12","13","25"
"Tinus4","12","13","25"
"tionaoto","13","12","25"
"Titann","13","12","25"
"titinho1","12","13","25"
"tjs111","12","13","25"
"tm23904","12","13","25"
"tmmesp","12","13","25"
"Toivo_p","12","13","25"
"tomraax","13","12","25"
"Tomzis","12","13","25"
"Toncopadre2","13","12","25"
"tonyalam","13","12","25"
"Tonyzzzzzzz","11","14","25"
"topef27","13","12","25"
"toribiov","11","14","25"
"ToToTuTeTais","13","12","25"
"Touzy","13","12","25"
"tovbe_tovbe","13","12","25"
"Toxicochess","12","13","25"
"TranquilHamster","12","13","25"
"tratorres","12","13","25"
"trevorSN","13","12","25"
"TRexCupcake","13","12","25"
"trincafortes","13","12","25"
"Trucknguy","13","12","25"
"TtheJedii","12","13","25"
"tucepriest","13","12","25"
"tur4lmammadli","13","12","25"
"TurnpikeRangers","12","13","25"
"Turtles54p","12","13","25"
"Tutunamayan123","13","12","25"
"Tuwtod","12","13","25"
"TUZ7","14","11","25"
"typicalplayer99","12","13","25"
"Uberdaddy","12","13","25"
"Ultrasur","12","13","25"
"unluckymaster","13","12","25"
"urus-murus","13","12","25"
"usuba","13","12","25"
"vaheg","12","13","25"
"valbuev","12","13","25"
"Vanavana","12","13","25"
"VanQ22","11","14","25"
"Vassallo","12","13","25"
"vayarkadassss","12","13","25"
"Vazulka","14","11","25"
"vbpe7","12","13","25"
"Velavr","13","12","25"
"vibro22","12","13","25"
"Vickyellen","13","12","25"
"Victorhy","13","12","25"
"Vik_An","13","12","25"
"Viktoria6","11","14","25"
"vimaldevs","14","11","25"
"vincenttian","13","12","25"
"Vinton","11","14","25"
"vishwacool0731","12","13","25"
"vitswanathan","12","13","25"
"vkokorev","12","13","25"
"vlada037","12","13","25"
"vladrjazan","13","12","25"
"volgin_2017","12","13","25"
"vremis","13","12","25"
"vulejuca1985","13","12","25"
"VVD-EOL","14","11","25"
"wanduin","13","12","25"
"WanoBanano","12","13","25"
"waspsps","15","10","25"
"watchThis123","12","13","25"
"WaveFunction","12","13","25"
"Wayward24","12","13","25"
"wee_rogue","10","15","25"
"weeweewawa","14","11","25"
"WeiRong","12","13","25"
"welsh_water","13","12","25"
"Wgtali","14","11","25"
"Whiskypawn","14","11","25"
"whoIsGae","13","12","25"
"Whynotplay","12","13","25"
"williamm360277","12","13","25"
"Willian_Miku","14","11","25"
"wmapp","12","13","25"
"Wonderman80","13","12","25"
"Woodking75","12","13","25"
"World-Loser","12","13","25"
"World2024","14","11","25"
"wtfdudereu","11","14","25"
"wynnej1983","14","11","25"
"Xandmann","13","12","25"
"Xarhan","12","13","25"
"xasid","10","15","25"
"xcho011","13","12","25"
"xchu","13","12","25"
"xdog12","12","13","25"
"xdonsal","13","12","25"
"Xeigg","12","13","25"
"Xirtame","12","13","25"
"Xoult","13","12","25"
"xX_k1ng_0f_pawnz_Xx","13","12","25"
"YabbieMcgee","12","13","25"
"yaminot","13","12","25"
"YAQUB555","12","13","25"
"Yavox","13","12","25"
"yhking","14","11","25"
"yilmacho","13","12","25"
"YobaZinHo17","12","13","25"
"YuzaPenguin","13","12","25"
"YyYy222","13","12","25"
"zain_on_oppo","13","12","25"
"Zajega","13","12","25"
"zaki98","13","12","25"
"zanduuu_3333","12","13","25"
"zarzor07","13","12","25"
"ze-goisinho","13","12","25"
"ZeDeBeatbox","12","13","25"
"Zenit29","12","13","25"
"zeynepasya_54","12","13","25"
"zezo107","13","12","25"
"ZheniaSemyanko","12","13","25"
"zi0mek","13","12","25"
"ziggynew","13","12","25"
"zimmo","11","14","25"
"Ziparrak","12","13","25"
"ziromz","12","13","25"
"Zobbie","12","13","25"
"Zocks","13","12","25"
"zss","13","12","25"
"zulale","12","13","25"
"ZxcVinograd","12","13","25"
"A_H_Kashefi","12","12","24"
"Aaish01","11","13","24"
"Abacha","12","12","24"
"Abajocastro","12","12","24"
"ABMSA","13","11","24"
"Abo_lafi07","11","13","24"
"aboalmik","12","12","24"
"abouoways","12","12","24"
"ad83","12","12","24"
"adarshjain00","12","12","24"
"addu66","12","12","24"
"AdianHD","12","12","24"
"aDIRAk","12","12","24"
"aephemirall","11","13","24"
"AEQ","11","13","24"
"Afkar_Fadhillah","13","11","24"
"Afonfis","12","12","24"
"Aggressiveplayer1234","13","11","24"
"aghaeipor","12","12","24"
"ahmetltn","13","11","24"
"ahmetreha61","12","12","24"
"AiraCobra77","11","13","24"
"ajedrez_champagne","12","12","24"
"ajedrez322","12","12","24"
"akaMirya","13","11","24"
"akash1990","13","11","24"
"Akhil_chand","13","11","24"
"Akoniti","11","13","24"
"akshay_0602","12","12","24"
"Aktobechess13","11","13","24"
"Aktuar","12","12","24"
"al701","13","11","24"
"Aladi-TJ","12","12","24"
"alapelotita","13","11","24"
"alegoll","11","13","24"
"Aleiser","11","13","24"
"Aleksei987654321","13","11","24"
"alex_beyleveld","12","12","24"
"Alexads","11","13","24"
"Alexander_2008","11","13","24"
"AlexanderFo","12","12","24"
"algumotavio","12","12","24"
"alibarowa","11","13","24"
"AliBerlin_4","11","13","24"
"alicnnn","12","12","24"
"AliFJ","13","11","24"
"Alimojaddam","12","12","24"
"alizzaade","13","11","24"
"alkabdythh","13","11","24"
"AllesSchonBesetzt","12","12","24"
"AllUNeedIsRostIsLove","12","12","24"
"almafer52","11","13","24"
"almaster64","11","13","24"
"Alonzoem","12","12","24"
"alperovbuyukski","12","12","24"
"Alpha7490","11","13","24"
"alpsungur","12","12","24"
"Alquin32","11","13","24"
"ALTiiN","12","12","24"
"Alzwam","11","13","24"
"amar8988","13","11","24"
"AmateurMaster_0","11","13","24"
"Amator1980","12","12","24"
"ambrozije","12","12","24"
"amirhoosoo","10","14","24"
"amirmohammadjabari47","12","12","24"
"ammerseechesss","13","11","24"
"AmonToledo","13","11","24"
"amortada","12","12","24"
"amrhany1","12","12","24"
"an17up","13","11","24"
"anaridabaru","12","12","24"
"anat1960","12","12","24"
"Anatoly1962","13","11","24"
"Andaluz50","11","13","24"
"AndresCasado17","13","11","24"
"andrew-r","12","12","24"
"andriuspavon","12","12","24"
"andymorales2023","14","10","24"
"Angel_durann","13","11","24"
"Angusmacska","13","11","24"
"Anibozz1","15","9","24"
"Anonymous4910","12","12","24"
"anonymousj","11","13","24"
"Antennen","12","12","24"
"Anthony_Kaife","12","12","24"
"Antinomy_10","12","12","24"
"AntonVT","11","13","24"
"ANTprostoANT","12","12","24"
"anucalex333","12","12","24"
"anujrajgupta","12","12","24"
"anuvindkg","13","11","24"
"anxelio","13","11","24"
"ardani4","13","11","24"
"arijone83","11","13","24"
"Arkadiy_Razum","12","12","24"
"ArlindoPinto","13","11","24"
"armanila","13","11","24"
"Armleuchtender","12","12","24"
"Artagert","13","11","24"
"Artemii232323","11","13","24"
"ASAP_Gnocchi","13","11","24"
"asd123009","12","12","24"
"ashwintashi","12","12","24"
"aslanboga","11","13","24"
"Asu2503","10","14","24"
"atharjamal48","11","13","24"
"Atharva_Zurange","11","13","24"
"atienza16","14","10","24"
"atlas2412","12","12","24"
"Aunsiels","12","12","24"
"AuthenticLogic","13","11","24"
"Avamposto","13","11","24"
"Avang86","13","11","24"
"averystrongplayer","11","13","24"
"awfultune","11","13","24"
"AxinosX","13","11","24"
"aymanzaid","12","12","24"
"ayrankafasi","11","13","24"
"aysh2010","12","12","24"
"AzadAlzoubi","11","13","24"
"azizismaili","12","12","24"
"B-l-e-r-i-m","11","13","24"
"B-ry_Money","12","12","24"
"babak1352","10","14","24"
"bagels4u","12","12","24"
"bakpao_coklat","11","13","24"
"bambang_hcn","12","12","24"
"Bardiya___Daneshvar","13","11","24"
"Barkhet","13","11","24"
"Barockstadt","13","11","24"
"BARS-82","12","12","24"
"Basem2404","14","10","24"
"bashingyourbishop","13","11","24"
"basile73","11","13","24"
"bassostefano","12","12","24"
"Bathmaster","11","13","24"
"Bauerle","11","13","24"
"beabibi","13","11","24"
"BeGoodCheer","13","11","24"
"behzzz","11","13","24"
"bejo1","12","12","24"
"bela021","13","11","24"
"Belprahon","12","12","24"
"BelugaEagle","12","12","24"
"ben12375","12","12","24"
"ben8292","12","12","24"
"benator","11","13","24"
"bennnvdg","13","11","24"
"bensikhaled","13","11","24"
"berkehanilhann","12","12","24"
"berket77","11","13","24"
"berlinvarun","12","12","24"
"betawave","12","12","24"
"bguttel","14","10","24"
"BhasiBoyz","12","12","24"
"Bhuvan02","12","12","24"
"bilmaster","12","12","24"
"bingshan","14","10","24"
"Binod-Gyanwali","12","12","24"
"binosebastian","13","11","24"
"birbenim","11","13","24"
"bishopsComing","12","12","24"
"BISWAJIT410","13","11","24"
"bitemydust007","12","12","24"
"bjplayer21","13","11","24"
"BK-Hala","10","14","24"
"bla_blah","12","12","24"
"Black_Adder","11","13","24"
"blahblahblahgun","12","12","24"
"Blazewar","13","11","24"
"Blicquy","12","12","24"
"BlueBerryOkra","12","12","24"
"Blunder_Lizard","13","11","24"
"BlunderousBrian","11","13","24"
"Blup","13","11","24"
"Bm_6866","13","11","24"
"BNDWFG","11","13","24"
"BobaF","13","11","24"
"bobby82","12","12","24"
"bobby933","12","12","24"
"Bollentitsche","12","12","24"
"bonnard93","12","12","24"
"bonstio","12","12","24"
"Booboolaski","13","11","24"
"boocmp1","12","12","24"
"borayuzer1","13","11","24"
"BOT-NNHoangNamcv2011","11","13","24"
"boy042","11","13","24"
"Boyaxxx","12","12","24"
"Brainlost","12","12","24"
"brazlelis","12","12","24"
"brickitboy","11","13","24"
"briks1970","12","12","24"
"bronstein92","11","13","24"
"browngarth","12","12","24"
"Bullet_House","12","12","24"
"Bura1950","12","12","24"
"burak01954","12","12","24"
"burklapa","12","12","24"
"butkovevg","9","15","24"
"Bydonbph","10","14","24"
"C4stor","12","12","24"
"Cabal1","12","12","24"
"caballofrances","12","12","24"
"cabeza53","13","11","24"
"Cambod","12","12","24"
"canna_fumaria","13","11","24"
"Capivarademais","11","13","24"
"captain-pio","14","10","24"
"CaracalFordjen","11","13","24"
"Carasso","12","12","24"
"Cari0n","12","12","24"
"carokann1965","10","14","24"
"carped65","11","13","24"
"Cavaliere2022","12","12","24"
"cbedoya","12","12","24"
"cedvi","11","13","24"
"CeejayJasper","12","12","24"
"cegs17","12","12","24"
"cellplayO9","11","13","24"
"cerdik08","11","13","24"
"Cesar1974","13","11","24"
"cesardp","11","13","24"
"CGTCaleb","12","12","24"
"CH-Subject30","11","13","24"
"Champa86","11","13","24"
"Charlie_nic","11","13","24"
"CharltonGm","13","11","24"
"CheLong","11","13","24"
"chess_9889","11","13","24"
"Chess_Burster","12","12","24"
"Chess_sumara","12","12","24"
"chess24user","12","12","24"
"chessbombaerts","12","12","24"
"ChessDiagnostic","13","11","24"
"chessessins_creed","12","12","24"
"ChessGeek_2020","13","11","24"
"chessGRANDMASTER74","12","12","24"
"chessnycbaharh","11","13","24"
"chessoholic","13","11","24"
"ChessPlayer2311","12","12","24"
"ChessPraxis02","12","12","24"
"ChessSpringer","13","11","24"
"chesswithorlan","12","12","24"
"Chibuikem","13","11","24"
"chichiunea","13","11","24"
"chilimasa","13","11","24"
"chimpandolfo1","12","12","24"
"chocleroslover","11","13","24"
"chribi","11","13","24"
"christabove","11","13","24"
"chrysaetos","12","12","24"
"Chuffy","12","12","24"
"Circ","13","11","24"
"ck1903","12","12","24"
"ckwx","12","12","24"
"cleidert","12","12","24"
"cmcaleb","11","13","24"
"ComradeBathory","12","12","24"
"Cornelius95","12","12","24"
"corocity","13","11","24"
"CostaTeguise","12","12","24"
"CP_Bryan","12","12","24"
"Crazy_Dragon999","11","13","24"
"crazyboy_104","12","12","24"
"CreaseyBear","13","11","24"
"CRF_1895","13","11","24"
"crismano","11","13","24"
"Cristianjac","11","13","24"
"CRISZINHO","12","12","24"
"CrushBy","12","12","24"
"Cruz12","13","11","24"
"CuchilloAfilado","11","13","24"
"CursoryGlance","12","12","24"
"CwRChess","13","11","24"
"Da_Tbl_Jlox","12","12","24"
"damandra","12","12","24"
"Damenkiller","13","11","24"
"Daniel_Einheit_HBS","11","13","24"
"DanielMorales8","10","14","24"
"Dannykid","11","13","24"
"daNorwegian","11","13","24"
"dansiv","13","11","24"
"Dapomniachichi","12","12","24"
"Daria_Osi","13","11","24"
"darmac212005","13","11","24"
"Dauren_mb1988-xxxx","12","12","24"
"Davidmendez","12","12","24"
"dedum","11","13","24"
"Deep_Amin","13","11","24"
"deepermine","10","14","24"
"defacedknight","13","11","24"
"dejax12","11","13","24"
"Dejwit","12","12","24"
"dekap","11","13","24"
"Dembelek","13","11","24"
"Dembis","11","13","24"
"Demonkid","13","11","24"
"dendodor","12","12","24"
"Denis2123","12","12","24"
"deniskaChess3","12","12","24"
"Denizbulut35","12","12","24"
"DeNsKabRaHaM","12","12","24"
"Der_Helle_Mensch","20","4","24"
"dercoolefred","13","11","24"
"Devid09","11","13","24"
"dfvfxhdyejw","11","13","24"
"diamond11","12","12","24"
"Diego_Flores28","12","12","24"
"Diegoapaglez","12","12","24"
"Dilmurod05","12","12","24"
"Dimb-123","11","13","24"
"din500","13","11","24"
"DinkenSanfridsson","12","12","24"
"DInkognito","12","12","24"
"diomedesdiaz","12","12","24"
"DizzasterFritz","12","12","24"
"djekob","12","12","24"
"dlg_ns","12","12","24"
"DMaxi9","11","13","24"
"Dmitriychesser","13","11","24"
"DmitryK1","11","13","24"
"DmytroKushch","12","12","24"
"DocVic","11","13","24"
"Dom1982","13","11","24"
"dominik_chess_player","11","13","24"
"Dominik96","12","12","24"
"DoNothingClub","14","10","24"
"dopedidar","13","11","24"
"Dorukmann","11","13","24"
"dosbornetx","11","13","24"
"DoubleRook_pwan","12","12","24"
"downtown_brown","11","13","24"
"DQVIGGE","12","12","24"
"Dr_D_OO_M","11","13","24"
"Dr_Darshi","12","12","24"
"Dr_salih_srein","13","11","24"
"Drangedchicken","12","12","24"
"drawsfromwins","12","12","24"
"drhashchess","13","11","24"
"drmellie","10","14","24"
"dropsing","12","12","24"
"drtepe","12","12","24"
"DULCEMP","13","11","24"
"Duzy8","11","13","24"
"dvalenca","12","12","24"
"Dvate","12","12","24"
"Eachiz","13","11","24"
"EagerRunnerSpider","12","12","24"
"ear7070","13","11","24"
"EasierDays","12","12","24"
"ECHOS99","11","13","24"
"ecw312","13","11","24"
"edbore52","12","12","24"
"EddiniHaythem","11","13","24"
"Edimahpuz","12","12","24"
"edinhonogueira123","12","12","24"
"eduer","12","12","24"
"EdwardR221","12","12","24"
"Eemre01","14","10","24"
"efevisy123","13","11","24"
"egikvtumane","13","11","24"
"Eingepatzt","12","12","24"
"El_CascaNuez","11","13","24"
"El4in","12","12","24"
"elaf997","13","11","24"
"eldelgas","12","12","24"
"elom1k","12","12","24"
"elpandolf","14","10","24"
"Elpapidelbullet","12","12","24"
"elpepinillo14","13","11","24"
"Em_zi","11","13","24"
"Emanuel1994","12","12","24"
"emeraldsword","12","12","24"
"EmmanuelR20","12","12","24"
"emolmoschess","12","12","24"
"emrah_kilickara91","12","12","24"
"EmreKar_Ata5","11","13","24"
"eneeo","12","12","24"
"enelhakk","12","12","24"
"EnesAltay","11","13","24"
"Entgleiserov","12","12","24"
"Er-Pollo88","12","12","24"
"erebos64","13","11","24"
"erhanfirinci","12","12","24"
"erick_astro","11","13","24"
"ernestusviridisagri","12","12","24"
"EroShop","12","12","24"
"eskayblaze","12","12","24"
"esteban16","13","11","24"
"estoicosuertudo","12","12","24"
"Eugene2022","13","11","24"
"Eugimold","11","13","24"
"evelio_canto","13","11","24"
"everest999","13","11","24"
"expertblock","13","11","24"
"exploredreamdiscover","13","11","24"
"eyad777ui","12","12","24"
"Ezeleb","13","11","24"
"ezerivera","13","11","24"
"FabioBarbos","11","13","24"
"FabioCunha-1982","11","13","24"
"fabry_albisola","13","11","24"
"fajafea","12","12","24"
"faradi","11","13","24"
"faraway_x","13","11","24"
"fares_otaku","12","12","24"
"faryaaab","12","12","24"
"FASHENBEL","12","12","24"
"fastal","12","12","24"
"FausMarquez","11","13","24"
"Fedor001","10","14","24"
"Feliks_V","11","13","24"
"felipedencio","12","12","24"
"felixholly1","11","13","24"
"Fer_Kaizen","12","12","24"
"ferdztamayo1007","13","11","24"
"fergousen20","11","13","24"
"Fernando_Manrike","12","12","24"
"Fessnik","12","12","24"
"Feylesofya","12","12","24"
"ffrenchy","12","12","24"
"ffurkanemer","12","12","24"
"Fichter-H46219","10","14","24"
"firebolt09","12","12","24"
"Fisherize","13","11","24"
"Florent_Danet","11","13","24"
"Flumen38","12","12","24"
"Flying_Camel","11","13","24"
"FoDMeDiC","11","13","24"
"folot","11","13","24"
"Forstl","11","13","24"
"Fortetattoos","12","12","24"
"fosuy2020","13","11","24"
"FRALLOCAVALLO","13","11","24"
"Frank_J_S","14","10","24"
"frebss","12","12","24"
"FREE_KURDISTAN","12","12","24"
"FrtTrhnc","13","11","24"
"Frusiklovekolbaska","13","11","24"
"fsaman57","12","12","24"
"Fullbronze","12","12","24"
"Fundacja64","12","12","24"
"funny_milkman","13","11","24"
"Fxlolchess_1","12","12","24"
"fzztr","11","13","24"
"G03099","11","13","24"
"Gabrielacdc","12","12","24"
"gabrielATHENA","12","12","24"
"galgaevskiy","14","10","24"
"Galinka-Malinka","12","12","24"
"Gambit2023","11","13","24"
"gambitgambitgambit0","12","12","24"
"GamblingPieces","11","13","24"
"Ganeshknight","11","13","24"
"gantenbein82","12","12","24"
"garkysh","13","11","24"
"Gauteee777","11","13","24"
"GCD110","11","13","24"
"Gena1971z","12","12","24"
"geometric0","13","11","24"
"georgeXRP","13","11","24"
"GeraldMarek","12","12","24"
"geraldojfer","11","13","24"
"ghieghf","11","13","24"
"ghlamasmar","12","12","24"
"Ghost73","13","11","24"
"Gimmeurpawnboyy","12","12","24"
"Ginomis","12","12","24"
"Gio3030","12","12","24"
"Gionnyxmaster","13","11","24"
"girdharirawat","13","11","24"
"Givanny","11","13","24"
"glebkuz","12","12","24"
"glebsitnickow","13","11","24"
"Glorfindel17","12","12","24"
"Gmarouvo","12","12","24"
"GmiraA","11","13","24"
"GnedNom25","12","12","24"
"GoDeeperStockfish","12","12","24"
"gofourit","13","11","24"
"golfprowanabe","12","12","24"
"gonac","13","11","24"
"gorkagf","12","12","24"
"gouthamb002","13","11","24"
"Gowthamsunny","11","13","24"
"GPKabayu-tarova","12","12","24"
"Gradik70","13","11","24"
"GrafDeMonteKritz","12","12","24"
"GrandFunkR","12","12","24"
"Gridell","13","11","24"
"Grigori_62","13","11","24"
"grindingmj007","10","14","24"
"GS_LLS","11","13","24"
"guEsSwHSbAck","11","13","24"
"Guyanabeast","11","13","24"
"h__dd","13","11","24"
"h9277ayxn2n","12","12","24"
"habibthegreat1","11","13","24"
"hadimahmoodii","12","12","24"
"halibo355","12","12","24"
"Hammilton1","10","14","24"
"hamzacorum","12","12","24"
"Hanstz","13","11","24"
"Harizag","13","11","24"
"HaroonHamid","11","13","24"
"Harshggn","12","12","24"
"Hasannecmi","11","13","24"
"Hasriad","12","12","24"
"hattanu","12","12","24"
"hayderbaghdad","12","12","24"
"haymatlos","13","11","24"
"Hazem7000","12","12","24"
"heatseeker3","12","12","24"
"Heczus","13","11","24"
"HektorWektor","11","13","24"
"hepek73","11","13","24"
"herbsboyjudochess","11","13","24"
"Hexden","13","11","24"
"HIALUPHARMpl","13","11","24"
"HidupMainPB","11","13","24"
"hippo23","12","12","24"
"Hiuon","12","12","24"
"Hodlbro","13","11","24"
"Honiee","12","12","24"
"HopeHope4","13","11","24"
"hosseinbasirat","13","11","24"
"hp669","12","12","24"
"HPK5","13","11","24"
"hrb1984","12","12","24"
"Huerta555555","11","13","24"
"hughieferg","14","10","24"
"Hulibo","12","12","24"
"hynes7","13","11","24"
"HyperFocus99","12","12","24"
"I_B_N","12","12","24"
"I2520qrup","14","10","24"
"I314rat","11","13","24"
"i7k_Xenocidez","10","14","24"
"IamTheMan92","12","12","24"
"iamthesimo","13","11","24"
"idirbrigui","13","11","24"
"iewhLFKJCNVQBEOIPHwo","12","12","24"
"ignat_neadekvat","12","12","24"
"IgorKopylov","14","10","24"
"iHadi92","12","12","24"
"IhBinS","12","12","24"
"Ildar_17","12","12","24"
"ilev4ik","12","12","24"
"Ilia_sart","12","12","24"
"Illya_Eremin","11","13","24"
"ilshatahmathanov","11","13","24"
"iltraas","11","13","24"
"imojojojo","11","13","24"
"inano","12","12","24"
"ingeniouspal","12","12","24"
"innba","11","13","24"
"inphy184534","12","12","24"
"intik","13","11","24"
"inyenzi","11","13","24"
"Ips28105","12","12","24"
"IQ400IQ","13","11","24"
"IskanderAD","13","11","24"
"ismailzabiullah","13","11","24"
"IsoPahaHukka","13","11","24"
"IsThisGolf","12","12","24"
"iTakBigDumps","11","13","24"
"italomfv","13","11","24"
"iTranceU","12","12","24"
"its_SK","13","11","24"
"itsshakir","12","12","24"
"Ivadreev","11","13","24"
"ivanivan88","12","12","24"
"ivoronkov","12","12","24"
"iya2406","12","12","24"
"iyaguai","12","12","24"
"izoo123","12","12","24"
"J_Badou","13","11","24"
"j_n_b_s","13","11","24"
"JabbarBaraocor","12","12","24"
"jaime62","14","10","24"
"jaka01","13","11","24"
"jakeinmn","12","12","24"
"Jakob_belh","13","11","24"
"Jalal1367","12","12","24"
"Jamiul_islam","12","12","24"
"Janaine","12","12","24"
"JanKre","13","11","24"
"jaredjm5","13","11","24"
"JariHittmannen","12","12","24"
"jatingaur7272","12","12","24"
"JavierListe","12","12","24"
"Jazztopher","12","12","24"
"jbegis","12","12","24"
"jbrit","10","14","24"
"jdtorradolu","12","12","24"
"Jean_Masseaux","13","11","24"
"Jean-Ralphio","12","12","24"
"Jebarobinson","11","13","24"
"Jeka_7","12","12","24"
"jerb0","13","11","24"
"JeromeLawther","10","14","24"
"Jerry987","12","12","24"
"jesapelGroot","12","12","24"
"JeuneDragon","10","14","24"
"jevinjevin","12","12","24"
"jhanca","12","12","24"
"jhillmarhugoe","12","12","24"
"jledcarteles","11","13","24"
"jlferrer","12","12","24"
"jmpachu","11","13","24"
"Joaquin1286","11","13","24"
"joefrazier87","12","12","24"
"johnchena69","11","13","24"
"JonathanRonestar","11","13","24"
"jonosteven13","12","12","24"
"Jordschu11","13","11","24"
"Jorge_Artidiello","11","13","24"
"Jorgeplayrpg","12","12","24"
"joz3000","11","13","24"
"jpleddington","11","13","24"
"Jrodriguez163","11","13","24"
"jsung","11","13","24"
"Juanbosch","11","13","24"
"juancarsr","13","11","24"
"Juktai_1","12","12","24"
"july269","11","13","24"
"justnick20","12","12","24"
"K-R","11","13","24"
"kaisinho","11","13","24"
"KaKtusKipiK","12","12","24"
"KAMAKIRIAD","12","12","24"
"Kamilking2003","13","11","24"
"KamParadox1a","12","12","24"
"Kappy","12","12","24"
"Karlos_Mendez","12","12","24"
"karposanski","12","12","24"
"karthikasakthi","11","13","24"
"Kasius","13","11","24"
"KawanyADMV","12","12","24"
"Kazakov_S","13","11","24"
"KDRSpike","11","13","24"
"Kebabka112","12","12","24"
"kelvincimili","12","12","24"
"kemgim62","10","14","24"
"khaledalmoakef","14","10","24"
"Khatulistiwa","12","12","24"
"khelil","12","12","24"
"Kikonutty","12","12","24"
"king_john_the_elder","12","12","24"
"King_of_the_south","12","12","24"
"Kingen12345","10","14","24"
"KingFritz","12","12","24"
"kingg59","12","12","24"
"kingsac4theloss","13","11","24"
"kingskreamer","13","11","24"
"kintups","13","11","24"
"kiple","13","11","24"
"kivn09990","21","3","24"
"kizil_elma1969","12","12","24"
"KKHETH630","15","9","24"
"kkoelly","13","11","24"
"kl22","12","12","24"
"klausburmeister","12","12","24"
"kleinholzhacker","12","12","24"
"klerick2","13","11","24"
"Kloovin","12","12","24"
"klopfk1","12","12","24"
"KM_Cich0ciemny","12","12","24"
"kmvegachess","11","13","24"
"knighk","12","12","24"
"knightattack500","11","13","24"
"Kokeperez","12","12","24"
"kongolav","11","13","24"
"konstantinopolsky92","12","12","24"
"Konus","11","13","24"
"Kostya2021","11","13","24"
"Kovalchuk94","11","13","24"
"kpera","12","12","24"
"Krechh","11","13","24"
"kronker444","12","12","24"
"krzycho1543","12","12","24"
"kubanychbek_ibraimov","13","11","24"
"kuranyi","12","12","24"
"kutu_kola23","11","13","24"
"KyonExe","13","11","24"
"l1ggy","13","11","24"
"Laffen","12","12","24"
"Laky941","11","13","24"
"LameFrayout","13","11","24"
"Lancero40","12","12","24"
"Landwirt-Opfer","12","12","24"
"Laranarene1","12","12","24"
"larich999","10","14","24"
"LarryAlmendrado","11","13","24"
"larzone","11","13","24"
"last_mohican","12","12","24"
"LatheefChess","12","12","24"
"lavico60","12","12","24"
"le_batman","12","12","24"
"Le2D","12","12","24"
"learnchesswithliches","11","13","24"
"learningchess6","13","11","24"
"lebab","11","13","24"
"Lebanonnnn","12","12","24"
"Lelouchv1Britann1a","12","12","24"
"leokielbo","12","12","24"
"Lethu05","12","12","24"
"letsdothisbaby","11","13","24"
"lev1955","11","13","24"
"Leverpostaylor","12","12","24"
"lexus92","13","11","24"
"linopawn","13","11","24"
"lionhearts","11","13","24"
"lkalinin72","12","12","24"
"lksec","11","13","24"
"loboestepario40","12","12","24"
"loewe9","12","12","24"
"Logoy_Toyon21","11","13","24"
"loiters","13","11","24"
"LokomotivenTom","12","12","24"
"Lonteon","12","12","24"
"lopsidedmanatee","13","11","24"
"LOR_J","12","12","24"
"Loz16","13","11","24"
"luca_lo","13","11","24"
"Lucky_Melody","11","13","24"
"LuckyStrikePlain","12","12","24"
"ludwigferreras2013","12","12","24"
"lukeleslie99","12","12","24"
"LunaTics","13","11","24"
"lupdestepa","13","11","24"
"luvadeouro","11","13","24"
"lvn2k","12","12","24"
"M104987","12","12","24"
"mabeaverat","13","11","24"
"Mabel_E_Simmons","12","12","24"
"Madbjj","12","12","24"
"Madrista_Cityzen","11","13","24"
"magfff","13","11","24"
"Magicmush1","12","12","24"
"MagnoliaChess","13","11","24"
"magnusdumpson","14","10","24"
"mahaatman","12","12","24"
"MaheshChandra","12","12","24"
"Mahmoud28276362","12","12","24"
"Majed070","12","12","24"
"majidzarei2","12","12","24"
"majklstajpl","13","11","24"
"majonessss","13","11","24"
"maksymillian912","12","12","24"
"MALAKORED","10","14","24"
"Malikmusawwir","14","10","24"
"Manel63","12","12","24"
"manish2601","13","11","24"
"manojkr","12","12","24"
"MaRaT_25","12","12","24"
"MaratMulku","12","12","24"
"marconii92","13","11","24"
"MarcosLituano","13","11","24"
"marcus1wood","11","13","24"
"marekvacha","12","12","24"
"Marianinchess","13","11","24"
"Mark13ua","12","12","24"
"Markini","11","13","24"
"marmas","13","11","24"
"MARSAN7","14","10","24"
"Marthaandgeorge","12","12","24"
"marting0815","12","12","24"
"martinhaleyt","12","12","24"
"MARVELEUS","11","13","24"
"Mary_Bell","11","13","24"
"MarzanAssaf","11","13","24"
"MASHEL001165","12","12","24"
"Master_71","12","12","24"
"Matador52","12","12","24"
"Mate73","11","13","24"
"matehGenggeng","13","11","24"
"Mateoe","11","13","24"
"matoper","13","11","24"
"mattzen","13","11","24"
"mau_maciel","12","12","24"
"maurisaavedra","14","10","24"
"mavigandalf","12","12","24"
"max_125","11","13","24"
"Maxetuwkw","11","13","24"
"Maxigestor1977","13","11","24"
"maxsik911","13","11","24"
"May_87","14","10","24"
"mayhem23111","13","11","24"
"mbugi","13","11","24"
"Mbulicha","13","11","24"
"Medodido2","13","11","24"
"megas_marwanos","12","12","24"
"meisenheim","12","12","24"
"MeLL043","14","10","24"
"Melnikartem2011","12","12","24"
"melonsbars","12","12","24"
"MesmerizeMe","11","13","24"
"MessiFalcon","12","12","24"
"metafisico_azmoun","11","13","24"
"MFVL","12","12","24"
"Micha1111","12","12","24"
"MichaelVargas","12","12","24"
"MightyArtist","12","12","24"
"miguitos","11","13","24"
"Mikasa1982","13","11","24"
"MikelHuerga","12","12","24"
"MikhailRabaev","12","12","24"
"Mikle13","12","12","24"
"mikosebanyinasos","11","13","24"
"Miltongenio10","12","12","24"
"Mimi_Nellie","14","10","24"
"Minati143","11","13","24"
"mirem67","13","11","24"
"Miroshima","11","13","24"
"mirospirk1","11","13","24"
"Mirox_2215","12","12","24"
"MissMariposa","12","12","24"
"MISurg","11","13","24"
"mjkv90","12","12","24"
"MM_Fox2000","12","12","24"
"mmatros","12","12","24"
"mnbb","13","11","24"
"MNTORRES","11","13","24"
"Moa1","11","13","24"
"moenes_belghith","11","13","24"
"Moffkape","12","12","24"
"Mogiccan","12","12","24"
"mohamadknasa","12","12","24"
"Mohammad876mn","11","13","24"
"Mohammadfarahbakhsh","11","13","24"
"MohammadMoammd1988","13","11","24"
"mohshin_reza","12","12","24"
"MojoHand","12","12","24"
"mongdaster","10","14","24"
"Monsieur_D","12","12","24"
"MonsieurPaul","13","11","24"
"mopgop","13","11","24"
"morganspirit","12","12","24"
"MousaWael","11","13","24"
"Moussafir_Mohamed","12","12","24"
"Movingponcho","11","13","24"
"Mozs1999","12","12","24"
"mpetrelli","13","11","24"
"mr_globetrotter","11","13","24"
"mr_klassic1506","12","12","24"
"mrrrrk","11","13","24"
"MsCalculation","11","13","24"
"mt456","12","12","24"
"MTal_Student","12","12","24"
"MTichomirov","11","13","24"
"mty92","12","12","24"
"mu2000","13","11","24"
"Muftw","12","12","24"
"mugubatscher","13","11","24"
"Muhammad55","13","11","24"
"MullerKamins","12","12","24"
"muralim143","12","12","24"
"murbit","11","13","24"
"Murilex22","14","10","24"
"Mursalem_Kerim","13","11","24"
"murtinhoo","11","13","24"
"mus_1985-alim","12","12","24"
"mushkulpesend","12","12","24"
"MustafaElserafi1","11","13","24"
"Mustaka","12","12","24"
"MuxauJLPV","10","14","24"
"MwapeMwewa","13","11","24"
"Myremattis","11","13","24"
"MyuranS","13","11","24"
"Nagy1989","12","12","24"
"NahuelS","11","13","24"
"Naman009","10","14","24"
"namory","12","12","24"
"Nananicleo","12","12","24"
"naserr","13","11","24"
"nasikav","10","14","24"
"NATSIRT78","12","12","24"
"NaturaXChess","12","12","24"
"nawid32","12","12","24"
"NayanGedam","12","12","24"
"nDie_Zatoichi","13","11","24"
"nebjam","11","13","24"
"neilsh","11","13","24"
"nekerone","12","12","24"
"Neksit","12","12","24"
"NetFishing","12","12","24"
"Neuquen","13","11","24"
"new2sanjose","12","12","24"
"newafter40yrsaway23","11","13","24"
"newgrasser","13","11","24"
"Newyorker10026","12","12","24"
"nguyenpooh","11","13","24"
"NicholasAakre","13","11","24"
"Nick_Fury99","11","13","24"
"night_watch_man","13","11","24"
"Night765","11","13","24"
"NIHIL67","11","13","24"
"NimalAnand","11","13","24"
"nimar7","11","13","24"
"nimdna","13","11","24"
"Ninjanegro2006","12","12","24"
"NirajPulami","11","13","24"
"Nirvana_Flame","13","11","24"
"nissif","12","12","24"
"nissimsharabi","12","12","24"
"no_gh","12","12","24"
"noam913","12","12","24"
"NoelHdezFdez1964","12","12","24"
"noelmape","12","12","24"
"nogay_ata","12","12","24"
"Novanox","12","12","24"
"novato09","11","13","24"
"nozerg","13","11","24"
"Nsebruce","13","11","24"
"nthdegree","11","13","24"
"Nurlan_2003","11","13","24"
"NUSeflan","12","12","24"
"Nyathi13","11","13","24"
"O_G_1","12","12","24"
"oayk","12","12","24"
"ObuileTax","14","10","24"
"odysso","12","12","24"
"ogi051","11","13","24"
"OK_4","13","11","24"
"okarinchik","13","11","24"
"Oleg_Mat","11","13","24"
"olegqusarow","11","13","24"
"Olivier189","12","12","24"
"omar_haitham","12","12","24"
"omardama","11","13","24"
"omerrbeyy","13","11","24"
"omid2021","12","12","24"
"ommeghwal000","13","11","24"
"onceevery24hours","12","12","24"
"One_Autumn_Leaf1452","13","11","24"
"OneEmre","12","12","24"
"OneMoreDreamer","10","14","24"
"onohie","12","12","24"
"ontheboard08","12","12","24"
"Op_Finn","12","12","24"
"orangenewblack","13","11","24"
"orexe","13","11","24"
"ozgun1917","12","12","24"
"paatzer","12","12","24"
"PanasheThinkchess","12","12","24"
"paoCHESS","12","12","24"
"papifumi","12","12","24"
"PARIS_22","12","12","24"
"Parooni","11","13","24"
"Parsa_fakhar","13","11","24"
"Parthiv10","10","14","24"
"PatatesliKumpir","12","12","24"
"Patissot","11","13","24"
"Patrik_Springare","12","12","24"
"paulica-sebi","12","12","24"
"pavel630","12","12","24"
"pavlospanagiotis","12","12","24"
"pawn-com-queijo","11","13","24"
"pbuelna","12","12","24"
"PedroFernandesDiL","10","14","24"
"pegasuserectus","12","12","24"
"Peim","12","12","24"
"PeonMata86","12","12","24"
"pepapepe789","11","13","24"
"PersianBoss","13","11","24"
"peterzmode","13","11","24"
"Petrov98","12","12","24"
"peyotechees","13","11","24"
"pharbatosz","12","12","24"
"Philippine_Monkey22","13","11","24"
"philpac29","12","12","24"
"Phoenixascends","13","11","24"
"phoenixstone","12","12","24"
"Pianoman83","13","11","24"
"piccy","12","12","24"
"Pier153","12","12","24"
"PietSkiet","13","11","24"
"Piku_702","11","13","24"
"pintopaul","12","12","24"
"piotrmarkiewicz","12","12","24"
"pipidonchik","11","13","24"
"pisisuper","12","12","24"
"Piyade42","11","13","24"
"Ploikin","12","12","24"
"pluvioz","12","12","24"
"Poffertjesbakker","12","12","24"
"Polakk24","10","14","24"
"Polynaikes","8","16","24"
"Pomidoris","14","10","24"
"pparto-EOL","10","14","24"
"prabhatdhn","12","12","24"
"pragya1kumari","13","11","24"
"Prahasaurus","12","12","24"
"praiseel15","12","12","24"
"prcmiloiko","12","12","24"
"PrematurAtackulation","13","11","24"
"prince16","12","12","24"
"PritamEiga","13","11","24"
"PrNHS","12","12","24"
"proballonabwehr","12","12","24"
"prochesseur02","13","11","24"
"prokayra","12","12","24"
"putri_jJUNJUNGBUiH","11","13","24"
"PuYaKiNg","12","12","24"
"PvHohenheim","11","13","24"
"qani","12","12","24"
"qduvall","10","14","24"
"qq81","12","12","24"
"QuantumPlayer","12","12","24"
"Quiper","12","12","24"
"QwTengen","12","12","24"
"RAAD_AGAIN","12","12","24"
"rafaell_kitahara","12","12","24"
"Rahali66","12","12","24"
"RahmadiRCC","12","12","24"
"raisinmuffin","12","12","24"
"raj2017","12","12","24"
"rajwa","13","11","24"
"ramses222","12","12","24"
"RandallNCY","12","12","24"
"Randomopening01","12","12","24"
"Ranieri","12","12","24"
"rascolnikow","12","12","24"
"Rasikahane","10","14","24"
"Raskhan","12","12","24"
"Rathore007","11","13","24"
"Raviteja33","12","12","24"
"raynoa11","11","13","24"
"razorback341","13","11","24"
"rcem","11","13","24"
"RCK82","13","11","24"
"Realdish","12","12","24"
"recepkzldr","12","12","24"
"Reg1c1de","12","12","24"
"regis_2012","13","11","24"
"Reid__59","11","13","24"
"Rendeliz","11","13","24"
"rened22","13","11","24"
"repeldo","12","12","24"
"Reyalonsopro","12","12","24"
"Rezamo","13","11","24"
"Rezo2015","12","12","24"
"RGPescoso","12","12","24"
"rick_jelier","13","11","24"
"Ritchy1963","12","12","24"
"rizarasulzade","12","12","24"
"rjgg99","12","12","24"
"RKNAYAK","14","10","24"
"RMOUN707","13","11","24"
"ROBERT_LOPEZ","11","13","24"
"robertjohnson92","12","12","24"
"roby67","12","12","24"
"rockaid","12","12","24"
"rockmahadev","12","12","24"
"Rodelio","11","13","24"
"roexchess","12","12","24"
"rogeNN","13","11","24"
"Roger59","11","13","24"
"Rohit_kus","11","13","24"
"Rolle57","10","14","24"
"Roman200670","12","12","24"
"Rookilicious","12","12","24"
"Roopy","12","12","24"
"rovkaspa","11","13","24"
"Rt4000ALVIN","12","12","24"
"Rugero","12","12","24"
"Runval","12","12","24"
"Rus1987","12","12","24"
"Ruslan1106","11","13","24"
"RussDT","12","12","24"
"Ryan-Cotter","13","11","24"
"RYDER0211","10","14","24"
"Rz108","11","13","24"
"s_line_quatro","13","11","24"
"S0D0MSI0N1ST","12","12","24"
"s1lery","12","12","24"
"saaazha","12","12","24"
"sachinujjwal","13","11","24"
"SacrificeMachine","13","11","24"
"sacrificeyourking","12","12","24"
"sagar233","13","11","24"
"salah20011","12","12","24"
"SalahEldin_abumasoud","12","12","24"
"saleh_ha","12","12","24"
"salilgadgil","12","12","24"
"salMarina","12","12","24"
"Sam_2088","12","12","24"
"SamiCarlsen","12","12","24"
"SamSharmaTheEarl","12","12","24"
"samurize56","11","13","24"
"Samwor2003","12","12","24"
"Santi_2804","12","12","24"
"Santi_Sugus","12","12","24"
"Sanya72","13","11","24"
"saranji","11","13","24"
"saravanan_chess-1050","12","12","24"
"sarthakjaiswal","13","11","24"
"SavantBrain","12","12","24"
"SaverioCavazzi","13","11","24"
"Saveysk","12","12","24"
"schnecken_bot","13","11","24"
"ScorpioMind","12","12","24"
"scott-chegg","12","12","24"
"Scriptalorian","12","12","24"
"sdrhmd","12","12","24"
"seba71974","11","13","24"
"sebasfei89","13","11","24"
"SebastianWagner","11","13","24"
"sebchat","13","11","24"
"SEg_HIsHam","13","11","24"
"selemats2020","11","13","24"
"semargal","11","13","24"
"Semih088","13","11","24"
"Serega_Lopuh","12","12","24"
"Sergey_2023","12","12","24"
"sergeyal64","12","12","24"
"sergo76","13","11","24"
"Seryozha_2003","12","12","24"
"seshv","12","12","24"
"SetHc2","11","13","24"
"Sexycrow","12","12","24"
"seymurarif","12","12","24"
"Seyyahdr","13","11","24"
"shah_e","13","11","24"
"ShaneStop","11","13","24"
"sharkov1","11","13","24"
"SherlockMates26","11","13","24"
"Shidartha7","12","12","24"
"SHINDAEV_VADIM74","12","12","24"
"Shrutishreya123","11","13","24"
"shucker","11","13","24"
"siambu","13","11","24"
"Sidchadmii","12","12","24"
"SidM2000","12","12","24"
"Simendeev","12","12","24"
"simplex4","12","12","24"
"SiribaJr2","12","12","24"
"sisovn","11","13","24"
"Skalliez","11","13","24"
"Skaspersen","12","12","24"
"skbajpai1702","12","12","24"
"SkillswitchEngage","11","13","24"
"Slarkle","12","12","24"
"slavapetkevic","11","13","24"
"slee7268","10","14","24"
"slimer","13","11","24"
"Smileandrelax","12","12","24"
"snusmumrik3n","13","11","24"
"sofiko-tereladze","12","12","24"
"Sogeco","11","13","24"
"solarski","12","12","24"
"SOLDIER3004978P","11","13","24"
"sondrekol","13","11","24"
"SonOfBN","13","11","24"
"Souchess_zabala","13","11","24"
"SOUROVChess","12","12","24"
"South_African_Sniper","12","12","24"
"Sozcu10","10","14","24"
"Specter_90","11","13","24"
"Spiderschwein","12","12","24"
"Spiker29","12","12","24"
"spqr1979","11","13","24"
"spynemaster278","12","12","24"
"sqokomish","11","13","24"
"SquaringSquirrel","12","12","24"
"sr005","12","12","24"
"ssgodbrian1","11","13","24"
"ssherlockholmess","11","13","24"
"SszRzgr","11","13","24"
"st12357","12","12","24"
"StaIeWar","11","13","24"
"Stas_83","12","12","24"
"Stason2020","11","13","24"
"sten1955","11","13","24"
"stilllaughing","13","11","24"
"stod","12","12","24"
"stormageddon1270","11","13","24"
"stormvringer07","12","12","24"
"Stranger210904","14","10","24"
"streblag","11","13","24"
"Strostren","12","12","24"
"Stupeking","12","12","24"
"stylebander","12","12","24"
"Suleyman20108","11","13","24"
"SunFlowerChessSeed","11","13","24"
"Super_Nova1986","12","12","24"
"SurajitBarman","13","11","24"
"surajverma","12","12","24"
"svarog_it","11","13","24"
"Svidler85","13","11","24"
"Svietq","12","12","24"
"Swordzero","13","11","24"
"sygwild","12","12","24"
"Symptome","12","12","24"
"Szakszuk","12","12","24"
"Taajasnenuda","12","12","24"
"TacticalAdvantage","13","11","24"
"taguMite","11","13","24"
"TALdre","13","11","24"
"Talisimo","12","12","24"
"Talorama","12","12","24"
"Tarhan9513","12","12","24"
"tbischel","12","12","24"
"tchecorda","12","12","24"
"tegelviken","12","12","24"
"TehroG","13","11","24"
"teja_main_hoon","12","12","24"
"Tele-puziK12","11","13","24"
"TelichkoIvan","12","12","24"
"Tempusss","12","12","24"
"tetitasdemarfil","12","12","24"
"ThabisoJD","12","12","24"
"Thami_Mash","13","11","24"
"thanasi99","11","13","24"
"the_Limit","11","13","24"
"the_MM","11","13","24"
"the-strange","10","14","24"
"thebigguy","12","12","24"
"Thegoonk","10","14","24"
"TheGrandest","13","11","24"
"TheGreyAI","14","10","24"
"themightyedd","13","11","24"
"thempel3","12","12","24"
"thespeler","12","12","24"
"thirdylucasprecious","11","13","24"
"thirtyone31","13","11","24"
"ThomasBuddenbrook","12","12","24"
"tiagoadc1","12","12","24"
"tiko03","13","11","24"
"Tinguiringui","11","13","24"
"titico290896","12","12","24"
"tm_margiana","12","12","24"
"tnchamp96","12","12","24"
"TobyLaForge","12","12","24"
"tolyankid","11","13","24"
"Tommie1717","12","12","24"
"tompraisan","12","12","24"
"Tomsand","10","14","24"
"Tonyskr","12","12","24"
"ToxycNo1","12","12","24"
"Tragou","12","12","24"
"trainingfortactics","12","12","24"
"Tranchillo","12","12","24"
"trashking","13","11","24"
"Tribilitin","13","11","24"
"TrickPenguin","13","11","24"
"Truchess","12","12","24"
"Trufaux","12","12","24"
"tsampoul","12","12","24"
"Tshah80","12","12","24"
"tubbytronicsuperdome","12","12","24"
"Tuna1000","12","12","24"
"TunnelFlyer","13","11","24"
"Turd__Ferguson","12","12","24"
"turpanov91","13","11","24"
"Tusharpawarindia","12","12","24"
"TWillums","12","12","24"
"two_litre","13","11","24"
"tydoww11","12","12","24"
"tyson76","11","13","24"
"Uhialfil","12","12","24"
"ULDAMEN-main_COTED","12","12","24"
"Uli001","12","12","24"
"umut_1756","12","12","24"
"un_etudiant","13","11","24"
"Unfamiliar_Player","12","12","24"
"uran66","13","11","24"
"usta9010","12","12","24"
"vai9211","12","12","24"
"VaishnaviJai","12","12","24"
"VaLeRka228","13","11","24"
"Valery23","13","11","24"
"valicero","12","12","24"
"Vantala161","13","11","24"
"varun__b","11","13","24"
"Vasko_Da_Qama","12","12","24"
"Vassallog","12","12","24"
"vatsalshahchess","12","12","24"
"vaxpy","11","13","24"
"Vegard","13","11","24"
"Venezolanoencolombia","12","12","24"
"venki_2003","12","12","24"
"vetongacaferi","13","11","24"
"Veziratkale","11","13","24"
"victorhugo30","13","11","24"
"VictoriaJusticeFeet","12","12","24"
"Victornaoseijogar2","11","13","24"
"VictorSamko","13","11","24"
"Vidar2","12","12","24"
"Vikki499","12","12","24"
"Viktor_Ovcharenko","15","9","24"
"vinayak1501","11","13","24"
"Virtual_Lord","11","13","24"
"viveksankar","12","12","24"
"VJlap","12","12","24"
"vk4806","13","11","24"
"Vlad_tu1384","13","11","24"
"vlad682","11","13","24"
"Vladimir_Rybkin","12","12","24"
"vladimirrvassis","12","12","24"
"Voice_50","11","13","24"
"volodja49","12","12","24"
"wahwah81","14","10","24"
"WaiseGiraffe","12","12","24"
"WalChess89","12","12","24"
"WalidCastillo","13","11","24"
"wasuki55","12","12","24"
"waynemcdougall","13","11","24"
"WaytooStrong33","11","13","24"
"WeakNovice","12","12","24"
"WeirdBen1712","12","12","24"
"wetywy","11","13","24"
"Wildfire35","11","13","24"
"Wilsofo","14","10","24"
"wizkidd464641","12","12","24"
"Wizzy_j","12","12","24"
"woooooyoyo","13","11","24"
"wrigleyfield","13","11","24"
"WrldRaven","14","10","24"
"wute","12","12","24"
"wvbergstrom","12","12","24"
"xavi2017","12","12","24"
"xcraftx","11","13","24"
"XeimarraDimas","12","12","24"
"XLBlaze","12","12","24"
"XmxChess","13","11","24"
"Xtrapec","12","12","24"
"yahshu999","12","12","24"
"yahya39","12","12","24"
"YashD2002","13","11","24"
"yasothegod","12","12","24"
"yawnoc","11","13","24"
"yeejs","12","12","24"
"yenilicem","12","12","24"
"ykslysn","12","12","24"
"YoChen","12","12","24"
"yogi_003","12","12","24"
"Yosefrevivo","11","13","24"
"you_are_a_chess","12","12","24"
"yourolympicher0","13","11","24"
"Ytnegro","12","12","24"
"yudhimaster","13","11","24"
"yugimaster7","14","10","24"
"yumurtalipattes","12","12","24"
"YusufBugraCitir","11","13","24"
"yusufiverson","11","13","24"
"z_jure","13","11","24"
"z1st","13","11","24"
"Zaid124","11","13","24"
"ZecaOlho","12","12","24"
"Zelalem127","12","12","24"
"Zelarayaan","11","13","24"
"zepzoso","12","12","24"
"Zerempil","12","12","24"
"Zhandildina","11","13","24"
"zilu123","11","13","24"
"Zjvc14","12","12","24"
"Zlippilz","12","12","24"
"ZN_76","12","12","24"
"zomen","11","13","24"
"Zsoben01","10","14","24"
"zukauska","12","12","24"
"Zulfat_Sirazov","12","12","24"
"zurkinek","11","13","24"
"A_o_F_1750","12","11","23"
"a-u","12","11","23"
"A19781977asdfghjkl","12","11","23"
"AaronJamesQuilang","11","12","23"
"AaronKaz","13","10","23"
"Abatronic","11","12","23"
"Abdulkadir02","12","11","23"
"abelardo2017","12","11","23"
"abelms2006","12","11","23"
"abelova","12","11","23"
"abkansiz","12","11","23"
"achrafes","12","11","23"
"acns","11","12","23"
"AD2","13","10","23"
"ade-10","12","11","23"
"adel500","11","12","23"
"AdelaideMetro","12","11","23"
"adieguez","11","12","23"
"admete_bot","15","8","23"
"Adro81","12","11","23"
"AE794","12","11","23"
"Afdile","13","10","23"
"affentot","12","11","23"
"Agata2023w","12","11","23"
"agent-gib","12","11","23"
"Ahmedalaa08999","12","11","23"
"Ahmedboulahsen","12","11","23"
"ahmedsalamiq","12","11","23"
"Ahsan-2009","12","11","23"
"Aiden_Morgan","11","12","23"
"ajchovanec","10","13","23"
"AjuAshok","11","12","23"
"AK_76","11","12","23"
"Akabobby","12","11","23"
"akaybayat","11","12","23"
"akhilk_01","11","12","23"
"akouty_k","11","12","23"
"Aksayelmas","11","12","23"
"aksh_d11_your_king","11","12","23"
"Akshaythebeast1","10","13","23"
"AKURT2","11","12","23"
"al6x","11","12","23"
"Alan120","11","12","23"
"Alanali23","12","11","23"
"albowiem","12","11","23"
"Albright4","11","12","23"
"Alcibiade33","11","12","23"
"ALDanisa2","12","11","23"
"aleczandyr","11","12","23"
"Aleks06723","11","12","23"
"Aleksey_Romanov","11","12","23"
"alem323","11","12","23"
"alephnull_1729","11","12","23"
"alex-scorpion","11","12","23"
"Alex200505","12","11","23"
"Alex2286","10","13","23"
"Alexander-Gavilan","12","11","23"
"alexanderpavlov91","11","12","23"
"Alexandrch","11","12","23"
"AlexeyVM","10","13","23"
"AlexisHoare","11","12","23"
"AlexKazakh","12","11","23"
"AlexPerSilva","12","11","23"
"algred","14","9","23"
"AllCubesCuber","12","11","23"
"AllEyezzOnMe0101","12","11","23"
"Allvanos","12","11","23"
"almohtady","11","12","23"
"alpetrovg","12","11","23"
"alvarezp","12","11","23"
"Alwayshyne","13","10","23"
"alwaysmakeaplan","12","11","23"
"alzaeem12345","12","11","23"
"ama-deusz","11","12","23"
"Aman240","11","12","23"
"amanu1519","10","13","23"
"Amatercina","11","12","23"
"amidimi","12","11","23"
"AmineRakni","11","12","23"
"Amir_Alipour","11","12","23"
"amir_ismagilov","11","12","23"
"amol0000","12","11","23"
"Amro90","12","11","23"
"amurushkin","10","13","23"
"An-132","11","12","23"
"anastetik","12","11","23"
"Anch0r21","12","11","23"
"And-4nd-1","12","11","23"
"ander_unzaga","11","12","23"
"andikuhn","10","13","23"
"Andrej888888","12","11","23"
"ANDREPAREDES17","11","12","23"
"Andrii123321","11","12","23"
"andrij85","12","11","23"
"andrisadipa","12","11","23"
"Andtiger","11","12","23"
"Andy_Llanes","12","11","23"
"Aneekaa","13","10","23"
"Angeline_2150","13","10","23"
"angelobirdman","12","11","23"
"ANNAGR2","12","11","23"
"AntarcticaRepublic","11","12","23"
"anteus777","12","11","23"
"anvimol","12","11","23"
"ap02138","13","10","23"
"Aquiles831","10","13","23"
"arapars","12","11","23"
"arash_tanha2005","11","12","23"
"arasjet","12","11","23"
"aravindArz","13","10","23"
"ark4nt0s","12","11","23"
"ARM-NA","13","10","23"
"arongey","11","12","23"
"aronkri83","13","10","23"
"Arsig","11","12","23"
"Arswy","11","12","23"
"artemarchenkov","11","12","23"
"Arttheleo","12","11","23"
"Artur-Masis111","11","12","23"
"arturo25151","11","12","23"
"ArvindBalajidot","10","13","23"
"aryafork","12","11","23"
"aryan647","12","11","23"
"asceticbee","12","11","23"
"asganeshchess","13","10","23"
"ash1234567777","12","11","23"
"ashkanff","10","13","23"
"Aslanbi_R","12","11","23"
"Aslanov90","12","11","23"
"aslansadigli","13","10","23"
"ASoare","11","12","23"
"AtaWoelk","12","11","23"
"ats211","12","11","23"
"Attack2003","13","10","23"
"Atti0130","10","13","23"
"augie027","12","11","23"
"AUSTIN_PRINCE","12","11","23"
"AV7777","12","11","23"
"avinashkajare","11","12","23"
"avnicetiner","12","11","23"
"aWarmNut","11","12","23"
"Ay7agA22","12","11","23"
"aybi","12","11","23"
"Aymanchessplayer","13","10","23"
"az2hra","11","12","23"
"Azde","12","11","23"
"azi1971","11","12","23"
"AZIZBEKYAN","11","12","23"
"azizisiavash99","10","13","23"
"B0B0","12","11","23"
"backwing","11","12","23"
"Bag","11","12","23"
"bahram28854","13","10","23"
"Balrog_aka_SD","11","12","23"
"barcas219","10","13","23"
"baritonoedson","12","11","23"
"bartu200","12","11","23"
"Bas19851","10","13","23"
"BasDmitry1990","12","11","23"
"basharbara3","11","12","23"
"BASHENDI","11","12","23"
"basmar36","10","13","23"
"bassiopeia","12","11","23"
"bastiandash","11","12","23"
"batec","10","13","23"
"BavarianChou","11","12","23"
"Bazylev","11","12","23"
"bedbahting","11","12","23"
"behnam-1991","12","11","23"
"behrady1300","11","12","23"
"Ben2584","12","11","23"
"Benavente","12","11","23"
"BenjaminLe2002","12","11","23"
"benonian","11","12","23"
"benonigambit","11","12","23"
"berdieal18","11","12","23"
"bertberty","10","13","23"
"Beshmin2","11","12","23"
"besiwka","11","12","23"
"besyocu72","11","12","23"
"BetterThanRaw","12","11","23"
"bgeller999","12","11","23"
"Bhaiii","12","11","23"
"Bhgtre","11","12","23"
"Bibi1983","13","10","23"
"bigmelon11","11","12","23"
"bilgabor","12","11","23"
"billy_butcher_oi","14","9","23"
"BillyBouwmans","11","12","23"
"bimes","11","12","23"
"BitzerLake","12","11","23"
"biybach1","11","12","23"
"Bksinn22","12","11","23"
"blacksheep64","12","11","23"
"BLE1994","12","11","23"
"Blitzinchess","11","12","23"
"Blurpsterino","11","12","23"
"BMAXIM2888","10","13","23"
"bnymn534","11","12","23"
"BOBAH999999","11","12","23"
"BOLDMAN","12","11","23"
"bolych","11","12","23"
"Boriskomendantov","11","12","23"
"boskayu","10","13","23"
"Bosnjaki","12","11","23"
"bozkurtfrkn","11","12","23"
"Brain_killa","12","11","23"
"brandyking","12","11","23"
"BREEZY_LINE","12","11","23"
"briknmortar","12","11","23"
"Brisy","12","11","23"
"brooklynjo07","10","13","23"
"brucewayne72","10","13","23"
"bu70","12","11","23"
"bubtubus","13","10","23"
"Bubulant","11","12","23"
"budel","13","10","23"
"Bugman620","10","13","23"
"bula72","13","10","23"
"BunyaminDe","11","12","23"
"burpingchicken","12","11","23"
"BURZUM76","11","12","23"
"c_magnus_billgren","13","10","23"
"c00kiecrisp","13","10","23"
"c2ddo","11","12","23"
"cabbar53","11","12","23"
"Cabezadevaca22","12","11","23"
"cactus_RUS","11","12","23"
"calculadoracassio","12","11","23"
"camilo_u","11","12","23"
"CaptainFabulous","10","13","23"
"Carl_Aarnes","13","10","23"
"Carthagodelendaest","10","13","23"
"casual8","12","11","23"
"CatainGuLL","12","11","23"
"catalankhaled15","12","11","23"
"CatfishAndTB","11","12","23"
"Catullus999","11","12","23"
"cb2012","11","12","23"
"CEO17","12","11","23"
"CEPKOB","11","12","23"
"chadarang","12","11","23"
"charlie33","11","12","23"
"Chavdamk9","11","12","23"
"check-mating","12","11","23"
"chees1211","11","12","23"
"Chess_bdarija","11","12","23"
"Chess_Dalias","11","12","23"
"Chess_Ledi","11","12","23"
"chess_pendik","12","11","23"
"chess_std","11","12","23"
"chessacolyte","11","12","23"
"chessclimb","11","12","23"
"Chesscoach240","11","12","23"
"ChessFlo93","11","12","23"
"ChessGamer2018","11","12","23"
"chesslover24","11","12","23"
"chessman10","11","12","23"
"Chessman19790303","11","12","23"
"chessmd486","11","12","23"
"ChessNinja23","13","10","23"
"chesspanda82","11","12","23"
"Chesspir7","12","11","23"
"chessslion","11","12","23"
"chessthepawn","11","12","23"
"Chesstrubador","12","11","23"
"Chessucation","11","12","23"
"Chevalieraupancreas","11","12","23"
"Chistyakofff","11","12","23"
"Chleze","11","12","23"
"Christian_Reuss","12","11","23"
"christianZem","12","11","23"
"chrss2017","12","11","23"
"Chrysanthemum1991","12","11","23"
"cjanma","13","10","23"
"ckaanakyol","12","11","23"
"clauspro","12","11","23"
"Clerison","11","12","23"
"coce","11","12","23"
"cokin888","11","12","23"
"ColonelSalade","12","11","23"
"communistmanifester","11","12","23"
"Connor5050","11","12","23"
"Conquerer2005","11","12","23"
"convective_envelope","12","11","23"
"Cordeiro85","12","11","23"
"CQUIK","12","11","23"
"CrazyBison","11","12","23"
"creathix","11","12","23"
"Crescentmoon12","11","12","23"
"Crm47","11","12","23"
"crocobus","13","10","23"
"cruciverbalist73","12","11","23"
"cryptify","13","10","23"
"cucaracha_de_mar","11","12","23"
"curse90210","12","11","23"
"Cyber_Attack","12","11","23"
"Cyberdoc","12","11","23"
"cyo_07","10","13","23"
"Daat36","11","12","23"
"Dalabay","12","11","23"
"Dalashangit","13","10","23"
"dangerous7777","10","13","23"
"DanielOcantoA","13","10","23"
"danilo200492","12","11","23"
"DaniloTheory","13","10","23"
"DaniNDK","10","13","23"
"Danklok","11","12","23"
"Dark_knight9999","12","11","23"
"DarkRuien","11","12","23"
"Daryl01","12","11","23"
"datasoy","11","12","23"
"david007mu","12","11","23"
"DavidAngelo1986","12","11","23"
"davidsrj","12","11","23"
"davoodjoon","11","12","23"
"DDamir","12","11","23"
"Deadpooled","11","12","23"
"DearBreeder","12","11","23"
"deepblucat","11","12","23"
"DeepcarBlade","12","11","23"
"dejichess","11","12","23"
"deLusignan","12","11","23"
"DEMKUR","12","11","23"
"denden_sitf","12","11","23"
"denisu14","11","12","23"
"denjoys","11","12","23"
"densmith","12","11","23"
"Desh_Wk","12","11","23"
"Dev1lBoB","12","11","23"
"devansh1407","14","9","23"
"devaraj1963master","11","12","23"
"DEVILMD","12","11","23"
"DexterousDex","12","11","23"
"dfbv9i","12","11","23"
"dgandhi","11","12","23"
"dhalilsim","11","12","23"
"diamante3003","11","12","23"
"Diemei","12","11","23"
"diididir","12","11","23"
"Dilan_Laura96","12","11","23"
"dimanov74","12","11","23"
"dirtpirate","12","11","23"
"disak_7","13","10","23"
"Disperso","10","13","23"
"Diston30","12","11","23"
"DJChezzinator","11","12","23"
"DjTorres","11","12","23"
"dmageiras","11","12","23"
"dmesq","10","13","23"
"Dmitriy_goovnev","11","12","23"
"DmitriyRisus","12","11","23"
"DmitryNikolaev","13","10","23"
"Doaiepor","10","13","23"
"dolfinary","11","12","23"
"Don_jon10","13","10","23"
"Donauprincess","10","13","23"
"donkeylaugh","12","11","23"
"Doom_x","12","11","23"
"doroo","12","11","23"
"Doxter","11","12","23"
"Dr_Goldman","11","12","23"
"Dr-Ukrop","9","14","23"
"drahcir_1125","13","10","23"
"Draxler135","12","11","23"
"dreiling_king","12","11","23"
"DrKh_Albertawi","12","11","23"
"DrMaaz786","12","11","23"
"druged","13","10","23"
"DTFROMCLEVELAND","11","12","23"
"ducanhdinh","12","11","23"
"duda333","12","11","23"
"DukEsuPerEviL","12","11","23"
"Duraid_2020","12","11","23"
"dwumasa","12","11","23"
"DynamiteChetan","12","11","23"
"Dz1712","11","12","23"
"e20i","11","12","23"
"EBTincho","12","11","23"
"ederbleder","12","11","23"
"Edimarlon","13","10","23"
"EdwinMaturan","13","10","23"
"EEM3","11","12","23"
"Efewyos","12","11","23"
"ehab100100","13","10","23"
"einnor","11","12","23"
"Ekwos","13","10","23"
"El_gusanito_de_oro","10","13","23"
"El1poder","11","12","23"
"elfekey","12","11","23"
"ElGremistaSC","10","13","23"
"ElHerr","12","11","23"
"elisChess12","11","12","23"
"ElishaS12","12","11","23"
"Eliterate","13","10","23"
"ellidafearless12345","10","13","23"
"elmo3tasem","11","12","23"
"EloquentEnPassant","12","11","23"
"Elramirolegana","13","10","23"
"ElReyLagarto","13","10","23"
"Elshaeri","12","11","23"
"Elvisj6","11","12","23"
"em_ce","12","11","23"
"emadkhosravi","12","11","23"
"Emanuel17_argentina","11","12","23"
"EmmanuelQTRNorth","12","11","23"
"Emre6719","12","11","23"
"Emree78","11","12","23"
"EndTi","11","12","23"
"Entharex","12","11","23"
"enver_ae","12","11","23"
"Ercan-Ese","12","11","23"
"Erenor23","12","11","23"
"ErezBerkan","12","11","23"
"eriknavfra","12","11","23"
"EugeneSave","11","12","23"
"evane","12","11","23"
"everyday150game","13","10","23"
"evgenii1989","12","11","23"
"evilsmaher","12","11","23"
"ezangeneh","10","13","23"
"Ezarate","11","12","23"
"f_mertt","11","12","23"
"f1nt","10","13","23"
"F9182519","11","12","23"
"FabioBo","12","11","23"
"FabulousCanta","12","11","23"
"Facufgfc","11","12","23"
"FanatManUtd","11","12","23"
"fanilsabirov","10","13","23"
"Fares1268","11","12","23"
"Fares2021","12","11","23"
"farooqui","14","9","23"
"Farzad1367","11","12","23"
"fastchess123","10","13","23"
"faustopj","12","11","23"
"Favonius80","10","13","23"
"Fazl5","11","12","23"
"fca_arun","12","11","23"
"FedeTame","12","11","23"
"fedotovsu","11","12","23"
"Ferchus","11","12","23"
"ferlo11","12","11","23"
"fernbach01","12","11","23"
"festero31","11","12","23"
"fferrazdeo","12","11","23"
"fideP9464","12","11","23"
"FiratT96","12","11","23"
"firemanralph","11","12","23"
"Fliegenderschnee","12","11","23"
"FloridaBoy62","11","12","23"
"Forix","11","12","23"
"Forman221","11","12","23"
"Fralle","11","12","23"
"Franafri","11","12","23"
"freefoodguy","10","13","23"
"Fuldenburg","13","10","23"
"Fuleiro83","12","11","23"
"Fungai_Dizha736","11","12","23"
"furschi","11","12","23"
"g_daddel","12","11","23"
"Gaabo","11","12","23"
"gabeanchi","11","12","23"
"GageC","13","10","23"
"gallagp4","11","12","23"
"gamelindo","12","11","23"
"GarciFernandez","11","12","23"
"garry_p","11","12","23"
"garryluber","12","11","23"
"GauchoVerde","12","11","23"
"gbalac","11","12","23"
"Geneste","12","11","23"
"Geoffrey20","11","12","23"
"Geoika","13","10","23"
"georgegeo","11","12","23"
"georgosvoskos","12","11","23"
"Geronimo56","12","11","23"
"geton82","12","11","23"
"ggggpro","10","13","23"
"GhassenBenJaber","12","11","23"
"ghatrsah","12","11","23"
"gianni62","12","11","23"
"giftedblunder","10","13","23"
"GiorgioLeo","11","12","23"
"Glamhadril","12","11","23"
"go2love","11","12","23"
"Goeasyonme981","11","12","23"
"gogokingtaja","11","12","23"
"Goodie_Boy","11","12","23"
"Gosha_D","12","11","23"
"gramatikov","12","11","23"
"grangadir","13","10","23"
"GRAZYJM","12","11","23"
"GreatCornolho","12","11","23"
"Greek-UB","11","12","23"
"Grigori_Artist","10","13","23"
"Grimpooo","12","11","23"
"Grobertson","11","12","23"
"GroteBeer","12","11","23"
"GroveDay","11","12","23"
"GSBHabanero","11","12","23"
"GSuberlak","11","12","23"
"GuglielmoGuido","12","11","23"
"guillecarracedo","11","12","23"
"gunnarbr","12","11","23"
"GunnerAsch","12","11","23"
"gureye","12","11","23"
"Gurgle2","11","12","23"
"gusarov_fedor","11","12","23"
"Gusferatu1980","12","11","23"
"GWEKEONOME","12","11","23"
"h1dd3n-pr0c3ss3s-axx","11","12","23"
"h4nz2","12","11","23"
"Hades_007","11","12","23"
"HairyJamie","11","12","23"
"Hannah51","11","12","23"
"harounandthesea","11","12","23"
"harunmeric","11","12","23"
"hasanali54","12","11","23"
"hassangolmohammadi","12","11","23"
"Havefun3001","12","11","23"
"hbonaert","12","11","23"
"Hectocotylus","12","11","23"
"Henry_Bukowski","9","14","23"
"henry_verytt","11","12","23"
"herobrine19961","12","11","23"
"Herotob","11","12","23"
"HeWhoForesees","11","12","23"
"hhlit0","12","11","23"
"Higmmina","12","11","23"
"hipis","12","11","23"
"hiqma","12","11","23"
"HiruzenSaru","11","12","23"
"hkkr2009","12","11","23"
"hknkzlkn","11","12","23"
"HolgerBackes","12","11","23"
"homelessbutterfly","10","13","23"
"honzasis","11","12","23"
"hosseinra","12","11","23"
"howdymodi","12","11","23"
"Hr1988","11","12","23"
"htawa","12","11","23"
"huebli","11","12","23"
"Huuskari","11","12","23"
"iamcalledomar","11","12","23"
"iamrahar","12","11","23"
"IamRajanKhanna","12","11","23"
"iamzegrandmaster","11","12","23"
"IEEE8023","12","11","23"
"IGroot","12","11","23"
"ikingas1","11","12","23"
"ildivino","11","12","23"
"Iliqchuan","11","12","23"
"ilshat22","11","12","23"
"Ilyas94","11","12","23"
"Ilyin_Sergey","11","12","23"
"imrai007","11","12","23"
"Imran-Akhtar2008","10","13","23"
"InamzhanovEmir","11","12","23"
"indriwhe22","12","11","23"
"infty17","11","12","23"
"ingdmaldonado","12","11","23"
"insolent_puppy","11","12","23"
"iodar","12","11","23"
"Ipmanchamp","12","11","23"
"irhann14","10","13","23"
"irint","11","12","23"
"Irodster","12","11","23"
"ironchickenO6","11","12","23"
"IronmanBrix32","12","11","23"
"is-da","11","12","23"
"IsaacCm","13","10","23"
"isaacyauri","10","13","23"
"ISENSEVEN","12","11","23"
"itsanand","11","12","23"
"ItsDaKing","12","11","23"
"iv9","13","10","23"
"ivana1000","12","11","23"
"ivek","12","11","23"
"ivica5lav3n","11","12","23"
"ivo_sivo","12","11","23"
"Ivychess","11","12","23"
"izvol","12","11","23"
"jaime_10","11","12","23"
"jakarianomann","13","10","23"
"Jalbert_Vilan","11","12","23"
"jamc10","13","10","23"
"jamin34","12","11","23"
"Jan1904","12","11","23"
"Jangor","10","13","23"
"janicetot","10","13","23"
"jaquerito","12","11","23"
"jar2275","12","11","23"
"jason192515","13","10","23"
"JAT1987","12","11","23"
"Jaypatel4","11","12","23"
"jc331","12","11","23"
"jdaubner","10","13","23"
"JDircks","11","12","23"
"jeanbruno123","11","12","23"
"JEANCARRUYO","11","12","23"
"JediHippo","11","12","23"
"JeepMaster","11","12","23"
"JefersonGald","11","12","23"
"Jefhardi","11","12","23"
"jeperi65","13","10","23"
"Jeroguerrero","13","10","23"
"jess098","12","11","23"
"jesselroy99","12","11","23"
"jeyjey007","12","11","23"
"JHONJHONRONDAEL1125","11","12","23"
"Jiacheng","12","11","23"
"jjcampos","11","12","23"
"JK5100","12","11","23"
"JmWamba","10","13","23"
"joaopauloaraxa","12","11","23"
"joaquin_jimenez","12","11","23"
"John_with999","13","10","23"
"John10001","12","11","23"
"johnclaessens","12","11","23"
"JohnLightning","16","7","23"
"johnnyboldt","11","12","23"
"Johnnywhitewalker","12","11","23"
"JohnTV","10","13","23"
"Jonathan266","13","10","23"
"jonathanbalignot","11","12","23"
"JonathanRiedel","12","11","23"
"jongek-sesetan","13","10","23"
"JonnySan","11","12","23"
"JosebaArrieta","11","12","23"
"Josef-kuzhanov","11","12","23"
"josekachess","9","14","23"
"JosephJess","13","10","23"
"joseplluis","13","10","23"
"JosiaDavidSetzer","11","12","23"
"joyfulpawns","11","12","23"
"jrasmusbm","12","11","23"
"jshah","12","11","23"
"jstenger","11","12","23"
"juanitojones121","11","12","23"
"JukaA123","12","11","23"
"jukamaninho","11","12","23"
"julian-moritz","13","10","23"
"Julius_Spanier","11","12","23"
"junmark-baldesimo24","11","12","23"
"Just-a-Dambantshekwa","11","12","23"
"justinpredator23","12","11","23"
"k_schroeder","11","12","23"
"K-Paul","13","10","23"
"kainkorvin","13","10","23"
"kakon3","12","11","23"
"kaktus77","12","11","23"
"kamicasi","13","10","23"
"KamilWymiatacz","11","12","23"
"kampotian","12","11","23"
"KanjukuMango","11","12","23"
"Kankrmz","12","11","23"
"Karachakov_Oyas","11","12","23"
"karimattari","13","10","23"
"KARitter","12","11","23"
"KarlOz_AlexandroS","10","13","23"
"kasapoglu","10","13","23"
"kati2017","12","11","23"
"kb1pA","11","12","23"
"kdmitrie","12","11","23"
"kdoimel","11","12","23"
"Kentucky_avenue","11","12","23"
"kevinmelo","12","11","23"
"Keylix","12","11","23"
"kfyas","12","11","23"
"khakimov6343","11","12","23"
"khaled_amr1992","12","11","23"
"khalidkhader","11","12","23"
"Khalidledu","11","12","23"
"Khanibale","12","11","23"
"KIJU97","11","12","23"
"KillaWill","11","12","23"
"killerbishp","11","12","23"
"killua_zoldyck007","11","12","23"
"Kimok","11","12","23"
"King_Senatle","10","13","23"
"King1414","11","12","23"
"KingDre007","11","12","23"
"KingLag","12","11","23"
"KingofEnglund","11","12","23"
"Kings_hunt88","11","12","23"
"kinliov","11","12","23"
"Kirill_Sotnikov","12","11","23"
"KirillShishkoV022","13","10","23"
"kjhack62","12","11","23"
"kjjl","11","12","23"
"Kloppfrosch","12","11","23"
"klortify","12","11","23"
"KnightChuks","12","11","23"
"KnightKnight007","10","13","23"
"KoblizekWiz","12","11","23"
"kocc86","11","12","23"
"kok1991","12","11","23"
"koka01","12","11","23"
"kokokook","11","12","23"
"Kolobok625","10","13","23"
"korbangambit","12","11","23"
"korsikatan19","13","10","23"
"kosalb","11","12","23"
"kostromin_chess","11","12","23"
"kowalski1984","11","12","23"
"Kpectuk_tm","11","12","23"
"kramniq","11","12","23"
"KristianSVG","11","12","23"
"krisvan","12","11","23"
"Kruchuverchu","12","11","23"
"KU-Kochnev-Danya","12","11","23"
"kuil4","11","12","23"
"KuliaVLob","11","12","23"
"kumarchessFun","13","10","23"
"kumikualv","12","11","23"
"kun_Zheng","12","11","23"
"KUNaL2050","11","12","23"
"KunAlixes","11","12","23"
"Kvazimajstor","12","11","23"
"kvn222","12","11","23"
"kyuapika","12","11","23"
"Labourdonnais1934","12","11","23"
"lafortezzabastiani","11","12","23"
"Lagginhands","12","11","23"
"LambertLambert","12","11","23"
"langgar_Qu33N","13","10","23"
"lassiter123","12","11","23"
"LaurierHJ","11","12","23"
"lavaducci","12","11","23"
"lazaroEH","11","12","23"
"leadermakers","12","11","23"
"leebster","12","11","23"
"Lemisourd","10","13","23"
"lenar111","10","13","23"
"Lennonovich","12","11","23"
"leoattubato","12","11","23"
"Leonfiroo","12","11","23"
"LeonGreco","12","11","23"
"Leonid_Starozhilov","11","12","23"
"Leopejo2","11","12","23"
"Leostar0708","12","11","23"
"leovmt","11","12","23"
"letongold1","12","11","23"
"Levay","12","11","23"
"leviTHEwolf","12","11","23"
"LexRevenge","12","11","23"
"lfceline","11","12","23"
"Li_Ne_x","11","12","23"
"LiamMoaz","13","10","23"
"linkgcelchess","11","12","23"
"lissss","10","13","23"
"LivelyUp","12","11","23"
"ljubija1958","12","11","23"
"Loaynaser170","12","11","23"
"LOBO10","11","12","23"
"loolexa","12","11","23"
"LordCostas","11","12","23"
"lorebaucar","12","11","23"
"losincos","12","11","23"
"LostPuppy","10","13","23"
"loudognola","13","10","23"
"lozanoarte","12","11","23"
"lshek","11","12","23"
"luarez999","12","11","23"
"Lubo_Ovechkin","12","11","23"
"lucazran","12","11","23"
"ludaludaed","10","13","23"
"LuFrechi","12","11","23"
"Luis_Felipe0612","12","11","23"
"luisantonio_reyes11","12","11","23"
"lukasho","11","12","23"
"Luks96","11","12","23"
"luliya","11","12","23"
"Lupin2218","12","11","23"
"luqiszac","11","12","23"
"M0RFE0","12","11","23"
"m3dats","11","12","23"
"M7h7","13","10","23"
"mac151","10","13","23"
"MACTEPvbn000","13","10","23"
"Maerchenprinz","12","11","23"
"Magister_Ludi","11","12","23"
"Magnus_Karsen_True","11","12","23"
"magnuschess1982","12","11","23"
"Mago10000","12","11","23"
"MagVishy","11","12","23"
"MAHDARIN2010","11","12","23"
"maher2000","10","13","23"
"maherfarh","10","13","23"
"Makhnovets1960","11","12","23"
"makokha","12","11","23"
"MalenkyChervyiak997","12","11","23"
"Man77boy","12","11","23"
"Manablitz","12","11","23"
"ManInTheShadow","12","11","23"
"Manmoth321","12","11","23"
"ManosPas99","11","12","23"
"Marasma1","12","11","23"
"Maratkgkz","11","12","23"
"Marce46","11","12","23"
"Marci0223","11","12","23"
"MarcoLoSmilzo","11","12","23"
"Mariia642009","11","12","23"
"marionardelli","10","13","23"
"mark2k29","12","11","23"
"MarkiDarky","12","11","23"
"markwalls","11","12","23"
"marlongyn","10","13","23"
"maroEz","12","11","23"
"martin0008","12","11","23"
"martincotto9191","10","13","23"
"martingala1","11","12","23"
"MarwenAlHussein","11","12","23"
"marzban1388","11","12","23"
"masrashidi2537","11","12","23"
"Masrur_Number_One","11","12","23"
"Master_sifu25","12","11","23"
"MasterOfChi","11","12","23"
"matadorUA","12","11","23"
"matborlop","12","11","23"
"matchester","13","10","23"
"MateMeBabe","12","11","23"
"mateNaz","10","13","23"
"mateusdireito","12","11","23"
"matey147","12","11","23"
"mathdean","11","12","23"
"MathsBzh","12","11","23"
"Matitjahu","11","12","23"
"mawrinho","11","12","23"
"maxdgm","11","12","23"
"maximus2929","12","11","23"
"maxkeeper","12","11","23"
"MaXouD","11","12","23"
"maxyz","12","11","23"
"mazlven","11","12","23"
"MBIDN","12","11","23"
"mckyam","11","12","23"
"McSneakyyy46","13","10","23"
"Mefisto-vs-Faust","12","11","23"
"Mega_537","11","12","23"
"megatishka","13","10","23"
"mehafuj","10","13","23"
"Mehdi-khan","12","11","23"
"Mehmet12391","12","11","23"
"mehmetfg","12","11","23"
"Mekus22","11","12","23"
"melanciaaa","12","11","23"
"mememm","13","10","23"
"memoo97","11","12","23"
"Mescalero81","12","11","23"
"Mestreakira","12","11","23"
"MFO34","13","10","23"
"mgtiger","12","11","23"
"mguiu","11","12","23"
"mgulfiliz","10","13","23"
"michaelagung1109","11","12","23"
"Michalis8","12","11","23"
"middle6blocker","11","12","23"
"midesk","11","12","23"
"MIFUERTEESFINALES","12","11","23"
"MikeSerge","13","10","23"
"milkanyuszi","11","12","23"
"mimar_harsen","12","11","23"
"ministr9","12","11","23"
"minithemoocher","10","13","23"
"mioride","12","11","23"
"miriamN1","9","14","23"
"Mirzezadehhh","12","11","23"
"Mischuk_D","11","12","23"
"Mistinio","11","12","23"
"Mitsotakisk14","11","12","23"
"Mixanya","12","11","23"
"mjdowney","10","13","23"
"Mjoilnir_hammer","11","12","23"
"mlfmagic","12","11","23"
"mlhdsdmr","11","12","23"
"MMiki14","11","12","23"
"mo-hi-la","11","12","23"
"Mo7amedAziz","12","11","23"
"mobbyn2115","12","11","23"
"MobileJangles","10","13","23"
"Mohamedbaraakat","13","10","23"
"mohamedchesss","12","11","23"
"Mohamedkhawalda","11","12","23"
"mohitkumar9211","12","11","23"
"mohsenfaraz","12","11","23"
"moja_malenkost","12","11","23"
"MokkoLava","11","12","23"
"Molise07","12","11","23"
"MOLOGA69","11","12","23"
"momedhat","12","11","23"
"Morbius23","12","11","23"
"Morff","11","12","23"
"Morgenius","12","11","23"
"moro137","11","12","23"
"MotmotFr","12","11","23"
"move_anticipator","10","13","23"
"mozius","12","11","23"
"Mr_Kumpir_17","11","12","23"
"mr_tomashe","11","12","23"
"Mr0Sk","12","11","23"
"MrAkdemir","12","11","23"
"MrAndoEsq","12","11","23"
"MrCrik","12","11","23"
"mrgaaab","12","11","23"
"MrKillerQueen","12","11","23"
"MrLeGrisdu67","12","11","23"
"mrtdrn17","11","12","23"
"MrWu","12","11","23"
"MrYENER","12","11","23"
"mso179","12","11","23"
"msollyman_5","12","11","23"
"mTRzn","12","11","23"
"MTunahan","10","13","23"
"mtyto","11","12","23"
"Muhammed-Ali-N","12","11","23"
"muhari82","11","12","23"
"MukisaOwen77","12","11","23"
"MuncleU","11","12","23"
"muratzhumadilov","11","12","23"
"MuravskyjEvgen","11","12","23"
"MurphyNotMorphy","11","12","23"
"mvargas","11","12","23"
"Mwangemi","11","12","23"
"mxqoh","11","12","23"
"My_name_is_Sultan","13","10","23"
"mychessmate","12","11","23"
"Mykoleus","12","11","23"
"Mystiske","11","12","23"
"MyZuly","11","12","23"
"Nadya333","12","11","23"
"NaeNicolae","12","11","23"
"NaLLsuR","12","11","23"
"Nanuk97","11","12","23"
"NarekPetrosyan","12","11","23"
"Narwhalius","10","13","23"
"Nasrullahshojaee","12","11","23"
"necrojazzz","11","12","23"
"neformalist","13","10","23"
"negative204","12","11","23"
"nemo1001","12","11","23"
"Neno2021","13","10","23"
"neobobfisher","10","13","23"
"neptune58","11","12","23"
"Neri_Vera","12","11","23"
"NEVED123","12","11","23"
"newfuture2","11","12","23"
"Nichothh","12","11","23"
"NickVen","11","12","23"
"NicoleAdelyn","11","12","23"
"NidhiR_Chess","12","11","23"
"NightRome","10","13","23"
"nikhil94j","11","12","23"
"NikutaPozdnakov","12","11","23"
"nisar33","10","13","23"
"nissou-ach","11","12","23"
"nivlek2109","11","12","23"
"NJVermeer","12","11","23"
"Noah_TGH_CRUSADER","12","11","23"
"nofal2031","12","11","23"
"Noke_40","12","11","23"
"noob2ninja","12","11","23"
"nooralsyofe","11","12","23"
"Norb74","12","11","23"
"nori30","12","11","23"
"nosrati_m","12","11","23"
"NOSTALGIA-PROSTO_TAK","12","11","23"
"notropis","8","15","23"
"Novaski","11","12","23"
"Novatron","11","12","23"
"Nowaythisnameistaken","12","11","23"
"nowotr","11","12","23"
"NSch","12","11","23"
"nscotty","10","13","23"
"NSILVA64","12","11","23"
"Nurlan_Anaroglu","11","12","23"
"Nuss1980","11","12","23"
"Nyamasvisva","12","11","23"
"O-younis-O","11","12","23"
"Odaniel01","11","12","23"
"OddAbe","10","13","23"
"ogi_bor","10","13","23"
"oguzkaangok96","12","11","23"
"OhheckImincheck","11","12","23"
"OldDog65","10","13","23"
"olebear2","10","13","23"
"OlegGil","11","12","23"
"olegm06","11","12","23"
"OlegVlad","11","12","23"
"oltoporoco","11","12","23"
"OptimusX27","11","12","23"
"orhansatranc100","12","11","23"
"osc21","12","11","23"
"ostadegonde","11","12","23"
"Osvetnik67","11","12","23"
"OutOfBubbleGum","13","10","23"
"OutOfTen","11","12","23"
"Overrated_Bum","12","11","23"
"OzanCESUR","11","12","23"
"ozgrcbn","11","12","23"
"ozn0","11","12","23"
"p157013","10","13","23"
"P55555555","11","12","23"
"pablito302","11","12","23"
"PacoVY","13","10","23"
"palebo-effect","12","11","23"
"pandinorombante","11","12","23"
"panglima_perang","11","12","23"
"Papaistdumm","11","12","23"
"Papaxibemano","11","12","23"
"PAUL_MORPHY_GENIUS","11","12","23"
"Paul_Periquito","11","12","23"
"Paulita09","12","11","23"
"pawelfritsch","10","13","23"
"pawnstormiq","10","13","23"
"Pedalty","12","11","23"
"PegaRei","11","12","23"
"Pentagrammon","12","11","23"
"percy_thrillington","12","11","23"
"perseus_01","11","12","23"
"peterzinek","11","12","23"
"petr_skarka","11","12","23"
"pfallavo","11","12","23"
"pg78","13","10","23"
"pgagarin","11","12","23"
"Phate4219","10","13","23"
"pi64","13","10","23"
"pia_chess","13","10","23"
"PieterJJ","11","12","23"
"piglo24","12","11","23"
"Ping2019","10","13","23"
"Piranaseven","11","12","23"
"Pivovarnik","11","12","23"
"pkdubey65","12","11","23"
"plateroytu","11","12","23"
"Playforfun99999","11","12","23"
"PlebeRuso","11","12","23"
"PM10breeze","13","10","23"
"PokemonGen4","12","11","23"
"ponnapalli","11","12","23"
"Powerplay2000","12","11","23"
"Poxelius","12","11","23"
"PPriL","11","12","23"
"prajic","11","12","23"
"pranab2004","11","12","23"
"pranavmodx","13","10","23"
"PrasetyaTobink","11","12","23"
"prashant15a","13","10","23"
"praveen1013","11","12","23"
"pReseNT88","12","11","23"
"PriscillaWaku","13","10","23"
"pro100still","12","11","23"
"Prodoskine75","12","11","23"
"Proudhon90","11","12","23"
"proxxs","11","12","23"
"PrunusSerotina","12","11","23"
"Psychiatristt","12","11","23"
"ptown30","12","11","23"
"Puckelmann","11","12","23"
"Puri_Ayu","12","11","23"
"Putyn","11","12","23"
"pwolk","11","12","23"
"QayibovK","11","12","23"
"Queen_is_overrated","11","12","23"
"Quesigaelquepase","11","12","23"
"Quietscheente","11","12","23"
"r1th1k_krt14","12","11","23"
"Rafa_DF","12","11","23"
"Rafael200","14","9","23"
"Raghzybogzy","11","12","23"
"Rahmanjon07","12","11","23"
"rahulnagare65","12","11","23"
"RajendranPR","10","13","23"
"raki_yoga","11","12","23"
"Ramin8282","12","11","23"
"RamosRoy","12","11","23"
"ranger-power","12","11","23"
"Rapidchessyoutube","12","11","23"
"raunakmaharaha","12","11","23"
"Ravile","12","11","23"
"rbozkurt27","12","11","23"
"Re_elL","12","11","23"
"re19ka19","12","11","23"
"redstar73","11","12","23"
"ReeLTry","11","12","23"
"RENATO749","12","11","23"
"resistance62","12","11","23"
"retlet","11","12","23"
"rexaf","10","13","23"
"Rhinoced","12","11","23"
"Richard8998","11","12","23"
"richardcarr133","11","12","23"
"richinoya","11","12","23"
"Ricky07","11","12","23"
"RickyK22","13","10","23"
"rikimaru666","12","11","23"
"RingGeneral1","11","12","23"
"rittvikkmajumdar1234","11","12","23"
"RKKAR","11","12","23"
"rms1qw","11","12","23"
"RobertDwayneWomack","11","12","23"
"RobertJameFischer","12","11","23"
"RobertLewis","12","11","23"
"robertpintilie","10","13","23"
"Rocco456","12","11","23"
"RodyChess13","13","10","23"
"rogeliomartin","12","11","23"
"RogerTheElephant","12","11","23"
"romacheck","12","11","23"
"Roman18yo","12","11","23"
"RomanLUBITEL","10","13","23"
"Romchik47","12","11","23"
"Ronaldharing","12","11","23"
"Roorx","11","12","23"
"rqm1980","11","12","23"
"rrs2428","12","11","23"
"Rubinst","11","12","23"
"Runawaycarp","12","11","23"
"rustam201bs","11","12","23"
"RusticSpot","12","11","23"
"ryska","11","12","23"
"S__Sme","12","11","23"
"s11s1s","11","12","23"
"sabam","12","11","23"
"SaburKhan0554139493","11","12","23"
"sachin3485","12","11","23"
"sachinlc","11","12","23"
"saimonph11","12","11","23"
"saisriramdodda1302","11","12","23"
"sakibnasirkhan","11","12","23"
"salemwhistler","12","11","23"
"Samba4","12","11","23"
"samehsayed340","11","12","23"
"samira_19","11","12","23"
"SAMPETER31","11","12","23"
"samyar2026","12","11","23"
"sanjeev_09_1","12","11","23"
"SapiensHacks","10","13","23"
"sargon-3ply","11","12","23"
"Sarkazam","12","11","23"
"sasiad1978","12","11","23"
"sasuke321","11","12","23"
"satden","11","12","23"
"Satoaki","12","11","23"
"Sattilnad","11","12","23"
"sauerbraten","12","11","23"
"saulotracer","12","11","23"
"Sayerco","11","12","23"
"SBibla","12","11","23"
"Schachzabel","13","10","23"
"Schaqkes","10","13","23"
"schlackschlack","10","13","23"
"SchnellSchnecke","10","13","23"
"scorpiusx14","11","12","23"
"Sdr2007adr2011","11","12","23"
"sean01","11","12","23"
"SeanDevison","11","12","23"
"sebiche808","12","11","23"
"seckinguvenc","11","12","23"
"sefades","11","12","23"
"segama","13","10","23"
"Seibrem","13","10","23"
"Seid_Not","12","11","23"
"sellingknifes","12","11","23"
"Seredhel","12","11","23"
"Sergey_Afonin","11","12","23"
"SergFem","12","11","23"
"Sergibus7","10","13","23"
"sergio120981","11","12","23"
"SergioTO2","11","12","23"
"seribolat_azhibay","11","12","23"
"Sesil23","12","11","23"
"sessiz28","12","11","23"
"SevenTheE","12","11","23"
"Sevokkk","11","12","23"
"sfd4806","12","11","23"
"Sfide_Mentali","11","12","23"
"Shadow16Wolf","12","11","23"
"shaheenummerp","13","10","23"
"SHAIDEV0123","12","11","23"
"Shaism","11","12","23"
"Shamsur","13","10","23"
"ShaneRad1017","12","11","23"
"Shankarach","11","12","23"
"Shapirkan","11","12","23"
"shaubrey","12","11","23"
"shaxmatist1922","13","10","23"
"shaxrizoda_009","13","10","23"
"Sherz_dj4","12","11","23"
"Shes_a_Killer_Queen","12","11","23"
"shining_sky74","12","11","23"
"shinya2023","11","12","23"
"shirekhofteh","12","11","23"
"ShivumB","12","11","23"
"Shobhadevi84","11","12","23"
"shocks1","12","11","23"
"Shosho35","12","11","23"
"ShuderWalk","11","12","23"
"SidEWilliams","13","10","23"
"SIim_rck","11","12","23"
"sillyrook13","10","13","23"
"Silva303","10","13","23"
"simplythebest_123","11","12","23"
"Sincope","11","12","23"
"SinCosTanCotVN","12","11","23"
"sinring12","11","12","23"
"sipovvv","12","11","23"
"sir_earl","11","12","23"
"sksinghking","12","11","23"
"sl_chess_beginner","12","11","23"
"sladd","11","12","23"
"slater_exe","12","11","23"
"sliddjur","11","12","23"
"slonnd","14","9","23"
"slow91","12","11","23"
"Slumbit","11","12","23"
"SME6749204","11","12","23"
"smile2laughs","12","11","23"
"SMMA","12","11","23"
"sneaky1","12","11","23"
"Sneutrin0","10","13","23"
"snorre990","12","11","23"
"sobsunleashed","11","12","23"
"socopogogo","11","12","23"
"soffaxx","12","11","23"
"Softermann","12","11","23"
"Sohail_khann","12","11","23"
"somaryara","13","10","23"
"somiahravi","11","12","23"
"Soroka-beloboka","11","12","23"
"sort53","10","13","23"
"soy_chago","11","12","23"
"soyekan","11","12","23"
"SpamAcid","12","11","23"
"sparkiit","12","11","23"
"spartakmoskow","11","12","23"
"spartanschess89","12","11","23"
"specialino22","11","12","23"
"Speekzola","12","11","23"
"Spieler1973","11","12","23"
"spike20","10","13","23"
"splajne","12","11","23"
"Sridharse","11","12","23"
"srinadh","12","11","23"
"StallionR","11","12","23"
"stas1969","13","10","23"
"statelessprincess","13","10","23"
"Statham_13","12","11","23"
"Stefan922","11","12","23"
"StefanoR","12","11","23"
"stepanzabelin","11","12","23"
"Stinji","12","11","23"
"Stn-ly","12","11","23"
"stogsena","11","12","23"
"Storm2010","12","11","23"
"stouvide","11","12","23"
"STOYANIS","12","11","23"
"Stratulakh","11","12","23"
"StructuralRigidity","13","10","23"
"stuart007","11","12","23"
"Suan_zomi","10","13","23"
"sud10","11","12","23"
"sujeetchaudhari","12","11","23"
"SuperBlitzAccount","12","11","23"
"supersolis","11","12","23"
"surajsatpute","13","10","23"
"Sureshsuna","12","11","23"
"suysr","12","11","23"
"SvandalO","12","11","23"
"Svib","11","12","23"
"SVygolov","12","11","23"
"SweatyGuy_1957","11","12","23"
"Swswsws","12","11","23"
"Sydera","10","13","23"
"SyukriAzhar_LPA","12","11","23"
"T1IMEUSEONLY","11","12","23"
"tadanur","12","11","23"
"tahirahmedt","12","11","23"
"Tairam39","11","12","23"
"Tamik92","12","11","23"
"tandao","11","12","23"
"tanertaner13","11","12","23"
"Tanya14","11","12","23"
"Tara5","11","12","23"
"Tarash32","11","12","23"
"tarhan2","12","11","23"
"Tarster","11","12","23"
"Tasmanien","11","12","23"
"tatayuliya","11","12","23"
"tato82","12","11","23"
"TatTvam","12","11","23"
"TaylerLayne","10","13","23"
"TBBE","13","10","23"
"Tdolee","11","12","23"
"Tecua","11","12","23"
"tenacious_dave","11","12","23"
"Teregarcov","11","12","23"
"Tessalop","12","11","23"
"Testator","11","12","23"
"Tflat","12","11","23"
"The_Dark_Bishop","12","11","23"
"the0din","12","11","23"
"TheCastor","13","10","23"
"Thefinancegeek","12","11","23"
"TheJPK","12","11","23"
"TheMagnusClone","13","10","23"
"themoodiesthankmoody","11","12","23"
"theprete97","11","12","23"
"These_men_are_pawns","13","10","23"
"TheSingularity254","10","13","23"
"TheSlaughter1","12","11","23"
"thesurgeon17","12","11","23"
"TheTermin-a-tort","10","13","23"
"TheTrassinator","11","12","23"
"Thordith","11","12","23"
"till-Eulenspiegel","10","13","23"
"timachessmaster","11","12","23"
"timadordeancianas","12","11","23"
"Timo_B","12","11","23"
"Timothychausa","10","13","23"
"TimoXZA1","12","11","23"
"to_nawet_nie_on","11","12","23"
"Tofe1975","12","11","23"
"ToffevonW","12","11","23"
"tolkach_1961","11","12","23"
"Tomaszbaron","10","13","23"
"tombotombo","11","12","23"
"TommasoGiunta","12","11","23"
"Torinovi","11","12","23"
"Torpeur","11","12","23"
"TortySaar","11","12","23"
"totillas","12","11","23"
"Trepper","11","12","23"
"tri23trim","13","10","23"
"TS93","11","12","23"
"tsmith2351","13","10","23"
"tTeo67","12","11","23"
"TTITUSS","11","12","23"
"ttufy","11","12","23"
"ttuka","11","12","23"
"TudorPS","11","12","23"
"tumay","12","11","23"
"Tumbi","10","13","23"
"TundeDembo","11","12","23"
"tuplastu","11","12","23"
"tusharbad101","11","12","23"
"tusicologo","10","13","23"
"tyb84","11","12","23"
"u2andahalfknight","11","12","23"
"uknowme2","11","12","23"
"ularcobra","13","10","23"
"UltraB0OredM3WTF","11","12","23"
"Umbilixus","10","13","23"
"umer5","11","12","23"
"Unknown42","11","12","23"
"unknownfischer","11","12","23"
"Uragonine","12","11","23"
"Urstark","10","13","23"
"USAH","10","13","23"
"VaibhavLM10","11","12","23"
"Valera_Z","12","11","23"
"valera1927","13","10","23"
"valy_cerbu1983","11","12","23"
"Valyrian1","13","10","23"
"vardaan_b","11","12","23"
"Varkram_LED","11","12","23"
"Varunp5","12","11","23"
"Vasiliche","12","11","23"
"vasiliy1995","11","12","23"
"vater1","11","12","23"
"vedant8","10","13","23"
"Vedantrw","13","10","23"
"VelikyPelikan","11","12","23"
"verbo94","12","11","23"
"verygoodbadguy","11","12","23"
"vesr","10","13","23"
"vg_23","12","11","23"
"Vicente_0208","12","11","23"
"Victor0612","12","11","23"
"victor12558888","11","12","23"
"vihai96","12","11","23"
"Vik2108","12","11","23"
"Viktorkkk","12","11","23"
"Vine-4tel","12","11","23"
"VinniBee","12","11","23"
"Viral_BlueGirl","10","13","23"
"vitaljonvitaljonson","13","10","23"
"viv59","11","12","23"
"viveksaini","11","12","23"
"Viverton99","11","12","23"
"vladdo1234","11","12","23"
"Vladimir503","13","10","23"
"vmarci0902","11","12","23"
"Vocher11","12","11","23"
"Voloha71","12","11","23"
"Vovan-number_1","11","12","23"
"Vrushabh007","10","13","23"
"vStepanchik16","12","11","23"
"vuckozr","11","12","23"
"wadoz","11","12","23"
"wakeandblake","12","11","23"
"Watamiskinan","10","13","23"
"WAYTOIMPROVERESIDENT","10","13","23"
"welsonsou1","11","12","23"
"westernmeadow","12","11","23"
"Whiskey_Pete","11","12","23"
"wildpawn20","11","12","23"
"WilliamK31","11","12","23"
"WillLucas","12","11","23"
"Wilston","12","11","23"
"Wirklich123","12","11","23"
"WishesToBe2000OneDay","12","11","23"
"WMOOOMW","10","13","23"
"Woelfie123","12","11","23"
"WolBo","11","12","23"
"WOLFs_DEN","12","11","23"
"WolfSharkBeaver","11","12","23"
"wonderleftme","13","10","23"
"worldtsarr","11","12","23"
"Wpolo","12","11","23"
"wsd74","10","13","23"
"xalonewzad","11","12","23"
"xamillion43","12","11","23"
"XaviEscacs","11","12","23"
"Xo9_KoHeM","11","12","23"
"xra123","11","12","23"
"Yash_Shingade","12","11","23"
"Yashayish","11","12","23"
"yaskater","11","12","23"
"Yassin15","11","12","23"
"yassinkhaliss960","11","12","23"
"yasudaneboltovatpris","12","11","23"
"Yeknafar","12","11","23"
"Yerba_on_the_Board","12","11","23"
"yigitcanovic","12","11","23"
"yigitgobel","12","11","23"
"yiyo3","12","11","23"
"YMEN_NAKKAR","11","12","23"
"YN6","11","12","23"
"yolococo68","11","12","23"
"Youcrytoohard","11","12","23"
"YOURHEADISREELING","10","13","23"
"Youyoutub","10","13","23"
"YSemc","10","13","23"
"yun1er","12","11","23"
"yunDa","12","11","23"
"Yura-11","11","12","23"
"Yxgeloest","11","12","23"
"ZachM","11","12","23"
"zaferimo","11","12","23"
"Zaher_elqradawy","11","12","23"
"zaid515","11","12","23"
"Zakariawithu2","11","12","23"
"ZanzibarPM","12","11","23"
"zavadya","10","13","23"
"zavierwong","11","12","23"
"ZBIGUII","11","12","23"
"ZBRasimAVCI","12","11","23"
"zedis_lapidus","12","11","23"
"zeland22","11","12","23"
"Zelenko","13","10","23"
"zeringus","12","11","23"
"zhyvtone","12","11","23"
"zipazakmo","11","12","23"
"Zipzilchzippo","12","11","23"
"ZiTePi","12","11","23"
"Ziya_Mammadov","11","12","23"
"zkwnms","11","12","23"
"Zooad","13","10","23"
"Zugzwang_Graham","12","11","23"
"zulayed","11","12","23"
"Zyams1","11","12","23"
"ZydrunasIlgauskas","12","11","23"
"zzaaddyy","12","11","23"
"a_alka3by","11","11","22"
"a12tr51","11","11","22"
"A1848revolution01","11","11","22"
"A61935088GUSTAVO","10","12","22"
"A7Ghost","11","11","22"
"a9685","9","13","22"
"aaaallljj","11","11","22"
"aaaanotherone","10","12","22"
"aababayev","12","10","22"
"AAponte","11","11","22"
"aasheesh9","11","11","22"
"abczyxpqr","10","12","22"
"abdu14","12","10","22"
"abdulradcliffe","10","12","22"
"abhi-shek09","11","11","22"
"abhiii","11","11","22"
"abhisar2000","11","11","22"
"AbhishekChhalani1701","11","11","22"
"ABM-KING","12","10","22"
"AboAmir","11","11","22"
"Abolfazl009","12","10","22"
"acafranrus","10","12","22"
"acommonpatzer","11","11","22"
"Acsibacsi","12","10","22"
"actions4vision","10","12","22"
"adabash","12","10","22"
"AdamAbb","10","12","22"
"Adebar1967","11","11","22"
"adham_73","12","10","22"
"adilliadil","11","11","22"
"Aditya24942","11","11","22"
"adkinley","11","11","22"
"Adma3","11","11","22"
"Adolf_M","12","10","22"
"ads_a","12","10","22"
"aemondtheprince","12","10","22"
"Afecamu","11","11","22"
"Afernanferlissi","10","12","22"
"Afifi_A","11","11","22"
"Afrikantis","12","10","22"
"Agnivesh18","11","11","22"
"agustintb","11","11","22"
"Ahldin","11","11","22"
"ahmedsalimalihatheet","12","10","22"
"ahmedt189x","11","11","22"
"aimar31","11","11","22"
"Aishu_137","10","12","22"
"Ajay_B","9","13","22"
"akoub20","11","11","22"
"aktorion","11","11","22"
"alabarc","11","11","22"
"Alan-peralta1","11","11","22"
"Albert1260","11","11","22"
"AlberTMQ","12","10","22"
"albertoones","12","10","22"
"AlbertoUnapietra","12","10","22"
"Aldyak","10","12","22"
"Aleppo_Storm","12","10","22"
"Ales19","11","11","22"
"Alex-in-chess","12","10","22"
"Alex120999","10","12","22"
"AlexandrKyyiv","12","10","22"
"AlexTornado","11","11","22"
"Alexxx2011","11","11","22"
"Alfopebu","12","10","22"
"Alhagam2","11","11","22"
"Aliasgari77","11","11","22"
"Alireda1233","11","11","22"
"aliRsleiman","11","11","22"
"aliyavuz0","11","11","22"
"AllanSalientes24","10","12","22"
"allymArt","11","11","22"
"alpago07","12","10","22"
"Alpaye13","10","12","22"
"Alpha_Omega97","11","11","22"
"alsoli77","10","12","22"
"amadeowattson","11","11","22"
"Amadeu123","11","11","22"
"AmanG247","10","12","22"
"amanni100","10","12","22"
"amarnathvenkatarama","11","11","22"
"amasyasahmat","9","13","22"
"amateurold","11","11","22"
"amdars","12","10","22"
"amir_955","12","10","22"
"ANARQUISTAX","11","11","22"
"AnatoliyV","10","12","22"
"Andi32131","10","12","22"
"Andnetl","11","11","22"
"Andr178","12","10","22"
"andrea_1976","12","10","22"
"AndreikaRUS","11","11","22"
"Andreottis","12","10","22"
"andresammi","11","11","22"
"andrespic6","11","11","22"
"Andrespp","12","10","22"
"andrew223344","11","11","22"
"andy25000","11","11","22"
"AngelHDax","11","11","22"
"AnhHuy-Remy","12","10","22"
"AnKV1998","11","11","22"
"anoopsaxena76","11","11","22"
"ANTHONY-MASTER","11","11","22"
"Antko2009","11","11","22"
"anutaisland","11","11","22"
"Aooksioman","11","11","22"
"aparicioescaques","10","12","22"
"apschauhan","12","10","22"
"Aquaman47","10","12","22"
"Aquileiensisacies","11","11","22"
"Arandir","11","11","22"
"ArchbishopG","11","11","22"
"ARCHERRR","12","10","22"
"archerry","10","12","22"
"archimag","11","11","22"
"Archmonk","11","11","22"
"ArenaMasterOnly","11","11","22"
"arimendez","11","11","22"
"AriParson","10","12","22"
"Arpsteid","10","12","22"
"ArrestMeIGape","10","12","22"
"ARSA4Chess","11","11","22"
"artbiel","10","12","22"
"ArtemjevE","10","12","22"
"ArthurCK","10","12","22"
"arti17","10","12","22"
"AryaHakasa","12","10","22"
"asbe","12","10","22"
"asdad3255435","12","10","22"
"asdfaf","10","12","22"
"asdjafgad","10","12","22"
"asdog22","11","11","22"
"Ashmeet_5","11","11","22"
"Asiphe02","13","9","22"
"aspirapolvere22222","12","10","22"
"Asumi_Nase","9","13","22"
"ATHALANTHEv2","11","11","22"
"Atworkwithoutfocus","10","12","22"
"auauue","12","10","22"
"AugustoSierra","11","11","22"
"aurequic","10","12","22"
"Av_erage","11","11","22"
"avillar-4","11","11","22"
"avinashvenkat11","12","10","22"
"awhitin2","11","11","22"
"awsy2013hellfire","11","11","22"
"AxelsSpringer","11","11","22"
"Axp156","10","12","22"
"AXSRichard","12","10","22"
"Ayanokouji244","11","11","22"
"ayberkkk","10","12","22"
"AyoFeso","11","11","22"
"aysvspartan","11","11","22"
"Ayteus","13","9","22"
"ayu2000tri","11","11","22"
"Az1kooy","11","11","22"
"b1957","11","11","22"
"B4nsh33","13","9","22"
"babakarimli","9","13","22"
"babayaro76","10","12","22"
"Bahabaha","12","10","22"
"Bajrams","12","10","22"
"baktyuk","11","11","22"
"baneneba","11","11","22"
"bar10","10","12","22"
"bartus12312","10","12","22"
"barzushka","11","11","22"
"Baskota77","11","11","22"
"BasPay","11","11","22"
"Basti2play","11","11","22"
"batman41","11","11","22"
"BattleCarrot","11","11","22"
"bcc000068","12","10","22"
"BeautifulPain","11","11","22"
"behnam_sadoughi1988","11","11","22"
"Belal71","10","12","22"
"benjie74","10","12","22"
"Bernhard_Roettgers","11","11","22"
"bgw987468","11","11","22"
"Bhongskie8170","11","11","22"
"BigOlFish","11","11","22"
"biktassov","11","11","22"
"BillyBudd","11","11","22"
"BillyChess482","11","11","22"
"binatone","10","12","22"
"Birkhoff977","13","9","22"
"bishopfromhell","12","10","22"
"bitsoflogic","12","10","22"
"Bizinga","12","10","22"
"BK3","11","11","22"
"Black_Zorbas","11","11","22"
"BlackAndWhite_495","12","10","22"
"BlackBoarder","10","12","22"
"blacKnight011","12","10","22"
"BlackRaven1","11","11","22"
"Blauauge2508","13","9","22"
"Blitzek2800","12","10","22"
"Bluebreeze","13","9","22"
"Bluemoon1","11","11","22"
"Blunder-Storm","11","11","22"
"Bobby_Knuckles","10","12","22"
"Bobby_Mc","11","11","22"
"boberczus","13","9","22"
"boev_i","11","11","22"
"Bonsaiginko","12","10","22"
"Boojah","12","10","22"
"BOOMBOOMMATE","9","13","22"
"boomtastic-1","10","12","22"
"botTideEval","11","11","22"
"Botvinnik47980","11","11","22"
"bqart","10","12","22"
"Brilliant_09","11","11","22"
"brunogcfilho","10","12","22"
"Brutul","11","11","22"
"bryanmabini","12","10","22"
"bubul75","11","11","22"
"BUNGLOND","11","11","22"
"Burakm08","11","11","22"
"Burgess14","10","12","22"
"ByronAlejadandroM","11","11","22"
"C_T_A_C_R_M_6_A","12","10","22"
"Cabrera_Chess","11","11","22"
"Caduca","12","10","22"
"Cahyosurabaya","12","10","22"
"Cakhandar_1","11","11","22"
"calemoon","11","11","22"
"Calistri","11","11","22"
"calvinism","10","12","22"
"campmeyer","12","10","22"
"cantaloupebob","11","11","22"
"Cap7","12","10","22"
"cardtosset","12","10","22"
"CarlosAttack","12","10","22"
"carlosjmarte","12","10","22"
"Carlosknt","11","11","22"
"CarlosMedina","11","11","22"
"CASARTHAK","11","11","22"
"Catastropher14","12","10","22"
"catberet","11","11","22"
"CATlyn28","10","12","22"
"Catur_Pos_Ronda","11","11","22"
"Cavaleronegro","10","12","22"
"CedenoXavier2003","10","12","22"
"celinh0","11","11","22"
"cfarwick","11","11","22"
"cgberrendero","10","12","22"
"chachkapipsov","12","10","22"
"CharlesCS","11","11","22"
"charleshuang20","10","12","22"
"CHB-MIT","11","11","22"
"check_wes","10","12","22"
"Cheenns","11","11","22"
"Chekan_and_melody","11","11","22"
"chesas","11","11","22"
"chess40Kaluga_196405","11","11","22"
"chess4hutao","12","10","22"
"ChessBabyPro","11","11","22"
"chesschallanger","10","12","22"
"chesschillout","11","11","22"
"ChesscularGodofChess","11","11","22"
"ChessDexters","11","11","22"
"chessmacchessface","11","11","22"
"Chessnutzroasting","12","10","22"
"chessPlaya11","11","11","22"
"chessprofi1","11","11","22"
"chessrook23","12","10","22"
"chesssexmachine","11","11","22"
"Chessy89","11","11","22"
"CheTrader","11","11","22"
"Child-of-Skaro","12","10","22"
"Chimamiso","11","11","22"
"Chimex17","11","11","22"
"CHINMAYKEDIA","12","10","22"
"chintan14911","11","11","22"
"Chmykhahalo","10","12","22"
"Christopher9797","11","11","22"
"Chtarov","10","12","22"
"chuiafon","12","10","22"
"Chupakok","11","11","22"
"chuttadched","12","10","22"
"Claudia_Klepp","11","11","22"
"ClaudioZ1985","11","11","22"
"cleardot","12","10","22"
"CLH1","11","11","22"
"Clocone","10","12","22"
"co7a","11","11","22"
"complete8","11","11","22"
"Cookie23","11","11","22"
"CranberryKnight","10","12","22"
"Crescent_18","9","13","22"
"Crevs","11","11","22"
"Cristal-21","11","11","22"
"crlsktr","11","11","22"
"CrnaStrela","10","12","22"
"Csori_84","12","10","22"
"ctnoob34","11","11","22"
"CuCbka","11","11","22"
"cyaspy","11","11","22"
"D242","11","11","22"
"Daacher","11","11","22"
"Dab91","11","11","22"
"daburtog84","10","12","22"
"Dahiusz","11","11","22"
"Dalmas99z","11","11","22"
"damavand1400","10","12","22"
"daniat87","11","11","22"
"danilo_mon","12","10","22"
"danimellow","13","9","22"
"darkknight2025","11","11","22"
"daronch","10","12","22"
"dasteepler","12","10","22"
"david_papa_zadig","10","12","22"
"DAVID0000009","12","10","22"
"DavidLeszinsky","12","10","22"
"davitibest","9","13","22"
"DaweedHo","11","11","22"
"Dbruland","10","12","22"
"ddd5","10","12","22"
"deadleph","10","12","22"
"deamonate55","12","10","22"
"deanadams20","11","11","22"
"dedsvarog","10","12","22"
"deepequity","11","11","22"
"Def2pac","9","13","22"
"DefCier","11","11","22"
"degchess","11","11","22"
"Deiton","11","11","22"
"Dellas05","11","11","22"
"delta343","19","3","22"
"Demolito_L5","13","9","22"
"DenchikOnop2003","11","11","22"
"Denis_Chuev","11","11","22"
"derov82","11","11","22"
"DES756","9","13","22"
"deyboi27","10","12","22"
"dh1979","12","10","22"
"DhruvaPrasad","12","10","22"
"dibooo","11","11","22"
"didntsee","13","9","22"
"Diego_Distel","11","11","22"
"diegoyola","11","11","22"
"diesummederteile","11","11","22"
"digitalengineer","10","12","22"
"Dileimotos150","10","12","22"
"Dilharb","10","12","22"
"dim_K-U","11","11","22"
"dima81","10","12","22"
"dimasik2008","12","10","22"
"Dimikorex","11","11","22"
"disgruntled_vet","11","11","22"
"DivisibleXThree","12","10","22"
"DJ-Chessto","10","12","22"
"Dkochkurov","12","10","22"
"dkrzhalovski","11","11","22"
"dmckeon16111","11","11","22"
"DmitrijKh","11","11","22"
"Dobestvampire","11","11","22"
"dodido","12","10","22"
"dolomite_boi","11","11","22"
"Dombrovskis","10","12","22"
"domche59","10","12","22"
"Domi83130","10","12","22"
"dominic16","9","13","22"
"Donovix","10","12","22"
"dontknowchess666","13","9","22"
"DorianW","10","12","22"
"DorotheaRocks","11","11","22"
"dorukar","11","11","22"
"dosia94","11","11","22"
"doughorn","11","11","22"
"douglas007","11","11","22"
"Doyqtieee","10","12","22"
"dr_yan","10","12","22"
"dragandacom","12","10","22"
"dragoviron","11","11","22"
"DrBabs","12","10","22"
"DRBenjamin909","13","9","22"
"drdentist1990","9","13","22"
"DrDumle","11","11","22"
"DrEmre_NeP","11","11","22"
"drguzt13","12","10","22"
"DrMelekess","10","12","22"
"DrNiierustein","11","11","22"
"drorBir2","11","11","22"
"DrS809290","11","11","22"
"DrXendria","11","11","22"
"dubux3","12","10","22"
"duccanh","12","10","22"
"dumitrudoru","12","10","22"
"dvoraktyper","10","12","22"
"Dylo99","10","12","22"
"EarnestGreystar","11","11","22"
"Ediosbel05","12","10","22"
"EdLs","12","10","22"
"Edo_Tensei_No_Jutsu","11","11","22"
"Eduardod01","11","11","22"
"Edward_Nortonn","11","11","22"
"EeV_YtriD","11","11","22"
"Ehudgol","10","12","22"
"eineminutenick","11","11","22"
"EithanArelius","12","10","22"
"EkbMAG","11","11","22"
"Ekevelz","12","10","22"
"El_Rupe","12","10","22"
"ElCapoII","11","11","22"
"eleddin1892","12","10","22"
"elestrangulador","12","10","22"
"ElGiuvan","10","12","22"
"EliaouM","11","11","22"
"eliecercruzramirez71","11","11","22"
"elizm","10","12","22"
"Elmanir","11","11","22"
"elmidar","12","10","22"
"elmohakes","11","11","22"
"Emil_scorpio","11","11","22"
"EmilioBallard","11","11","22"
"emilzatopek","12","10","22"
"Emransahabshabani","10","12","22"
"EndeavourMorse","10","12","22"
"enesmert06","10","12","22"
"Engineer_Chess","11","11","22"
"EngineeredMechanized","11","11","22"
"enginyigit","11","11","22"
"Engulec","11","11","22"
"enkiduuu","10","12","22"
"Enlure","11","11","22"
"Enri66","10","12","22"
"Envel","11","11","22"
"eprikazc","11","11","22"
"Ernesto32","10","12","22"
"Euleakrobat00","13","9","22"
"EvasDad","10","12","22"
"Evefghi","11","11","22"
"evelio01","10","12","22"
"EvilGenius10","11","11","22"
"EvokingGames7","12","10","22"
"Exorciccio","12","10","22"
"eymbee01","12","10","22"
"ezzeldeengamil","11","11","22"
"F0rs","10","12","22"
"Fabio-rj","11","11","22"
"fadeasda","11","11","22"
"faiez","12","10","22"
"FAIRPLAY28","11","11","22"
"fakhriyusaf","12","10","22"
"Fan2mas","11","11","22"
"fanoftal2","11","11","22"
"FantasticMrFoxy","12","10","22"
"far1108","11","11","22"
"faresbaha","11","11","22"
"farvardin","12","10","22"
"fatih_57_61","13","9","22"
"fatihdemirbas83","11","11","22"
"fatonabazi","10","12","22"
"FDrHASH","11","11","22"
"Fedor29031961","12","10","22"
"FelixArba","11","11","22"
"FENAG","12","10","22"
"fenerbahceli1907","11","11","22"
"fereidoun36","12","10","22"
"ferflowda","11","11","22"
"FERZ_GRAPPLING","11","11","22"
"fiddlercrab3","10","12","22"
"fidgecastv","11","11","22"
"Fiesta1981","10","12","22"
"filizzrr11","13","9","22"
"Fill_avcisi","10","12","22"
"firebreadman","10","12","22"
"Fireffin","11","11","22"
"Fireman112","11","11","22"
"Fischbobber","11","11","22"
"FisiWankulu","11","11","22"
"fiumedk","11","11","22"
"fjzorro78","11","11","22"
"FlameCross10","12","10","22"
"flightoftheconchords","11","11","22"
"Flo0opi","10","12","22"
"Flobeando","12","10","22"
"flofll","12","10","22"
"florense123","10","12","22"
"FloSacc","11","11","22"
"Fortovov","12","10","22"
"FR0G0","11","11","22"
"Fradrag","10","12","22"
"FrancescoS68","11","11","22"
"francis79","10","12","22"
"franco_mastrocesare","10","12","22"
"francuasa","11","11","22"
"frank81","10","12","22"
"FrankesteinChess","9","13","22"
"Freddieboi","10","12","22"
"freeblue","12","10","22"
"FRODOCAPITAL","12","10","22"
"fth22","11","11","22"
"Furkan_Erdgn","11","11","22"
"fusion36","11","11","22"
"FV_44","10","12","22"
"g0atb0y37","11","11","22"
"Gabalou","10","12","22"
"gabeglynny","12","10","22"
"gabrielderecho507","11","11","22"
"galaxe64","12","10","22"
"galbraic","11","11","22"
"gambit1917","11","11","22"
"ganesh28","11","11","22"
"gangaputra02","12","10","22"
"GangstaGeek","10","12","22"
"GanymedSaleh","11","11","22"
"garik7777","12","10","22"
"gautom","11","11","22"
"gbb6344","12","10","22"
"Gedebus75","11","11","22"
"GeniusCat","11","11","22"
"Genuisfarid","12","10","22"
"GeoChess1980","12","10","22"
"geokuh","12","10","22"
"George_Lopez","11","11","22"
"Gerardoanimas111","11","11","22"
"Geriatrie","11","11","22"
"Germaindu35","10","12","22"
"Gerthoi","12","10","22"
"gertsson","12","10","22"
"gestor","11","11","22"
"getsetchill","11","11","22"
"Ggaming4u","11","11","22"
"GGGOKHANSS","9","13","22"
"ghaboun","11","11","22"
"gian4034","11","11","22"
"gideon4u96","11","11","22"
"giisee","13","9","22"
"Girolamo_Savonarola","11","11","22"
"gkhn46","12","10","22"
"gladi619","11","11","22"
"glclvr","12","10","22"
"glitchcl","10","12","22"
"gmjakes","11","11","22"
"godisdead168","10","12","22"
"Godsentjnr3","12","10","22"
"GodzIV","11","11","22"
"GogdeMagog","11","11","22"
"goja100","10","12","22"
"Goldy24","10","12","22"
"GomesJr","10","12","22"
"Gondorlord","12","10","22"
"Gonzalom2013","12","10","22"
"gopendra2207","10","12","22"
"gorgoroyan","11","11","22"
"Gorilla97","11","11","22"
"gp7084","10","12","22"
"GrandChariot","11","11","22"
"great_gmi","10","12","22"
"GReentea11","10","12","22"
"Greixdel60","11","11","22"
"Greventitan","11","11","22"
"Grim82205","11","11","22"
"grkmmtl98","11","11","22"
"grujson","10","12","22"
"GrumbleBruno","12","10","22"
"Gshah","10","12","22"
"gsingh","11","11","22"
"Guidini","11","11","22"
"guisrgoncalves","11","11","22"
"gunner1974","11","11","22"
"GurbanovMusa2021","11","11","22"
"gurka-2020","11","11","22"
"Gustavoguerra08","11","11","22"
"gx2147","11","11","22"
"h2gandhi","10","12","22"
"habibus","11","11","22"
"hadijafaria","10","12","22"
"HahBikes","10","12","22"
"HajdukZiviVjecno","13","9","22"
"hakanclkrs","12","10","22"
"hakanoguz","12","10","22"
"Hakomola","12","10","22"
"hamedmaz12","11","11","22"
"HammerMenace","10","12","22"
"harishgovekar100","11","11","22"
"HaroldVen06","12","10","22"
"hasannadeemkhan","12","10","22"
"Hash321","11","11","22"
"HasturPazuzu","11","11","22"
"hatburglar","11","11","22"
"Haugee","12","10","22"
"hauiii","11","11","22"
"hdeep03","11","11","22"
"Hebweb","12","10","22"
"Hector_Alarcon","12","10","22"
"Heeeen","11","11","22"
"helelist","12","10","22"
"helicoco","10","12","22"
"helmyto","11","11","22"
"Henningtest","11","11","22"
"HenriqueZmx","11","11","22"
"herbalista","11","11","22"
"HERVE9042","11","11","22"
"Hessisjaa","11","11","22"
"hhmm52","11","11","22"
"hi21","11","11","22"
"HimansuGupta","11","11","22"
"HMIsTF","10","12","22"
"Hoangvananh","11","11","22"
"hohlblock","11","11","22"
"Homunkulus","11","11","22"
"hopinthevan","12","10","22"
"Horozkentli","11","11","22"
"hosak94","11","11","22"
"Hosso17","12","10","22"
"Houdanny","11","11","22"
"HowsItGoing","10","12","22"
"hpchole","12","10","22"
"hproudfoot","12","10","22"
"hQzen","12","10","22"
"hranjan11","12","10","22"
"hritik_1231","11","11","22"
"hsez","11","11","22"
"Hsv52","11","11","22"
"hugolve","12","10","22"
"HuizeOpgelicht","11","11","22"
"humbleBimbo","10","12","22"
"hunniax","10","12","22"
"hverma314","14","8","22"
"hvnz","12","10","22"
"HypnoseFive","11","11","22"
"i_and_d_calculus","10","12","22"
"I_m_Newbie","13","9","22"
"i_play_grob","11","11","22"
"I-am-Obosa","11","11","22"
"iamdevince","12","10","22"
"ianchooo","11","11","22"
"Icarus02","11","11","22"
"iceyishu","11","11","22"
"IchbinderNinja","9","13","22"
"iema_crew","11","11","22"
"Igor_Novak","9","13","22"
"Igorchyk","11","11","22"
"IGSaE","11","11","22"
"ildar-80","12","10","22"
"ilhansahin","9","13","22"
"ilias1972","11","11","22"
"ilyes_dev","11","11","22"
"Immanovic","11","11","22"
"immortal4651","11","11","22"
"Imortal1851","11","11","22"
"improvingyes","11","11","22"
"Incognito_Z","10","12","22"
"Indi420","11","11","22"
"ingreenheaven","12","10","22"
"Invader02","12","10","22"
"Ironrage","10","12","22"
"Isaac100carde","11","11","22"
"Ishwar1977","10","12","22"
"ismaelmartinez","10","12","22"
"iSmailKuRmanHan","9","13","22"
"Isonoob9","11","11","22"
"issawatum","12","10","22"
"istlentev88","11","11","22"
"itfavor","12","10","22"
"itsjustagame13","11","11","22"
"ItsMeShock","11","11","22"
"ItsVb","12","10","22"
"j_westy84","11","11","22"
"j2dindia","11","11","22"
"J4gdfalke","12","10","22"
"jabulani05","11","11","22"
"JaguhKampung2022","11","11","22"
"JairusG","8","14","22"
"jaivalmehta","11","11","22"
"JAK007","10","12","22"
"jakconq","11","11","22"
"Jakobuskirche","11","11","22"
"jal2562","11","11","22"
"Jamalkamel1234","11","11","22"
"Jambie","11","11","22"
"jamorgan","11","11","22"
"Jamostafavi","12","10","22"
"jan_1","11","11","22"
"JayeshSinha","11","11","22"
"jbats814","11","11","22"
"Jbpawnstorm","12","10","22"
"JCDM","12","10","22"
"jeanveneuse","11","11","22"
"JediBender","11","11","22"
"Jeick_2022_13","11","11","22"
"JenniferMateos","12","10","22"
"jeremiboy","11","11","22"
"jessebonesz","11","11","22"
"jesslee","12","10","22"
"jetztaber2","10","12","22"
"JgPanther_St","11","11","22"
"jhaira","11","11","22"
"jhe28","12","10","22"
"jimmypatinn","10","12","22"
"Jiras80","10","12","22"
"Jiuva","11","11","22"
"jivagoalves","11","11","22"
"JJafetAR","11","11","22"
"jjrocon","12","10","22"
"jk20212021","10","12","22"
"jk5599","10","12","22"
"jkus60","11","11","22"
"JM_29","12","10","22"
"jmczarne","11","11","22"
"joaocunhajeronimo","11","11","22"
"jocen23","11","11","22"
"Joedaa","11","11","22"
"johnchees","11","11","22"
"johnnyboi27","12","10","22"
"joibaza","12","10","22"
"jolesf","10","12","22"
"Jonnyna","11","11","22"
"Jorgedosa","11","11","22"
"Joseanderson00","10","12","22"
"JosefKabala","12","10","22"
"Josefruiz","9","13","22"
"josemigs11","11","11","22"
"joseramospenal","12","10","22"
"Josh87","11","11","22"
"Jost33","10","12","22"
"JoysBoy","12","10","22"
"jpablom","11","11","22"
"JRB21","10","12","22"
"jrcalzado","13","9","22"
"JuaN7006","11","11","22"
"juisay","11","11","22"
"juju0408","11","11","22"
"Jule18","10","12","22"
"julk14219","13","9","22"
"Julkiboy","10","12","22"
"Jumbo_vole","12","10","22"
"JunctionPool","12","10","22"
"junepe","11","11","22"
"jungleemonkee","11","11","22"
"junixieanu","12","10","22"
"K1ngp1n6969","11","11","22"
"kadir08","13","9","22"
"KaiserChessLT","12","10","22"
"kalli21","11","11","22"
"kamal_max","10","12","22"
"Kamila201","9","13","22"
"Kamote01","11","11","22"
"kampitsis_vasilis21","12","10","22"
"Kamruzzaman75","11","11","22"
"Kaneki_kenl","11","11","22"
"KAOS92","12","10","22"
"karoolc","10","12","22"
"KARTHIKKB","11","11","22"
"karwinariza","11","11","22"
"KASKAROVVE","12","10","22"
"KateKlykavka","12","10","22"
"KAYIMLAR","13","9","22"
"Kazeshuni","11","11","22"
"keddi","11","11","22"
"keeneee","11","11","22"
"Keir4nLee","11","11","22"
"keremgkablan","11","11","22"
"kevin-casper","11","11","22"
"Kevinsux","11","11","22"
"Keyglock1234","11","11","22"
"kgillies","11","11","22"
"khalosy","10","12","22"
"Khanov78","12","10","22"
"khph54","11","11","22"
"KhusnutDudajanMag","11","11","22"
"khusrawfarzad","12","10","22"
"kilo85","11","11","22"
"kimvladimiril","12","10","22"
"King_Saver_Crusher","10","12","22"
"KingDingLin","11","11","22"
"KingDrew01","11","11","22"
"KingMaster31","11","11","22"
"KingofUganda","11","11","22"
"Kirpi4ina","10","12","22"
"kispista712","11","11","22"
"Kisuke_Urahara_1","11","11","22"
"kit455","11","11","22"
"KitoKai","11","11","22"
"KizakinES","11","11","22"
"Kiziltepe47","11","11","22"
"kljuka","11","11","22"
"knele86","10","12","22"
"knix05","11","11","22"
"kochesokov","11","11","22"
"koherent","12","10","22"
"Koi_tea","11","11","22"
"konitiwa","18","4","22"
"Kosova_Natalya_1982","10","12","22"
"Kostro_mich","12","10","22"
"Kostya_Pereslegin","11","11","22"
"koszia","10","12","22"
"KoT_Tropical","9","13","22"
"Kou2020","11","11","22"
"kovarisht","10","12","22"
"kpnag1002","11","11","22"
"Krankenschein","11","11","22"
"kucukprens280801","11","11","22"
"kuda-siluman_ccn","11","11","22"
"Kuker4e","11","11","22"
"Kulikov_Sergei","11","11","22"
"kurdistan5055","11","11","22"
"KURT1923","11","11","22"
"KutayAydin","10","12","22"
"l_i_n_t_e_k","12","10","22"
"lad2013g","11","11","22"
"Ladicpian","10","12","22"
"Lakshya2104","11","11","22"
"LaMoleGuines","11","11","22"
"Laparcanegra","10","12","22"
"Larbi60","12","10","22"
"LarryMatejka","10","12","22"
"LarsKhaidarov_21","11","11","22"
"LashaUbilava","11","11","22"
"lastfight2008","11","11","22"
"LastJedai","10","12","22"
"LawlessLC","11","11","22"
"Laz1z","12","10","22"
"Lazar65","12","10","22"
"Lcfighter99","12","10","22"
"LealMorphy18","11","11","22"
"Lecoc28","10","12","22"
"Leftraro","11","11","22"
"Lelo13","11","11","22"
"Leo_Leo_Leo","11","11","22"
"leonn171","9","13","22"
"lernci","11","11","22"
"Levi4","11","11","22"
"Levon95","11","11","22"
"libi11","11","11","22"
"Licherty","10","12","22"
"Lider_partii","10","12","22"
"Linev2014","11","11","22"
"Livermewschess","10","12","22"
"lizzy_carlsen8","11","11","22"
"LLaddhad","11","11","22"
"lleva","11","11","22"
"lnaveran","11","11","22"
"Loader4","11","11","22"
"loadstarr","10","12","22"
"Loonchess","12","10","22"
"LopinhoH-K","10","12","22"
"lovesomemama","11","11","22"
"lssnc","12","10","22"
"lucapgrecco","10","12","22"
"lucasindus","11","11","22"
"lucifuge1968","11","11","22"
"ludvikpet","11","11","22"
"LuisSoto_FCB","12","10","22"
"Lupin11","9","13","22"
"lupis_channel","11","11","22"
"Lynx_BOT","8","14","22"
"M_Ismaeel_Butt","11","11","22"
"macgen","11","11","22"
"MACROSPACE-1","10","12","22"
"madhansundhar","11","11","22"
"Maelstrom1800","11","11","22"
"maere_man","11","11","22"
"Maga121","11","11","22"
"Magnnishant","11","11","22"
"MagnosCarlson69","12","10","22"
"Magnus_101_yes","12","10","22"
"magnusONfire","10","12","22"
"Mahdi771","12","10","22"
"mahendrab","11","11","22"
"mahesh72","11","11","22"
"mahmoud_morad","11","11","22"
"mainini-tambu","11","11","22"
"majhenticvelikrejtin","11","11","22"
"Maksim186","9","13","22"
"Malzone","12","10","22"
"manamanah","11","11","22"
"Mandarlad17","12","10","22"
"manducam","9","13","22"
"ManishMeena","12","10","22"
"ManiUSA2008M","11","11","22"
"Manju90","12","10","22"
"Mansour_G1988","11","11","22"
"Mantizer","11","11","22"
"ManuelLizarraga","11","11","22"
"maq-h1986","10","12","22"
"maquio","11","11","22"
"MarcelourbanStival","10","12","22"
"MarcelVogel118","11","11","22"
"marciogambito","12","10","22"
"Marcoko44","11","11","22"
"Marcos_Retamales","10","12","22"
"MarcosRoman009","12","10","22"
"mardy_bhavesh","11","11","22"
"MarekSmudla","12","10","22"
"MarkKeiner","10","12","22"
"Markus-59469","12","10","22"
"marmg","11","11","22"
"martinchanda","8","14","22"
"MASRY_SEIF105","11","11","22"
"master-top10","11","11","22"
"masterwulee","11","11","22"
"masukon","11","11","22"
"mat4you2","11","11","22"
"Matela768","12","10","22"
"MateusMota14","11","11","22"
"mattsars","12","10","22"
"Maurice004-sf_G","11","11","22"
"Maurizio1971","10","12","22"
"mavewrik","11","11","22"
"Max475656","12","10","22"
"MaximYuranov","9","13","22"
"Maxineuquen","10","12","22"
"maxlikescheese","11","11","22"
"maxryan","11","11","22"
"MB0001","11","11","22"
"mc849","11","11","22"
"mcartisan00","12","10","22"
"McKiller61","10","12","22"
"mcuadrai","11","11","22"
"Meanbeaver","11","11","22"
"Meesg","11","11","22"
"mehdigermanynew","10","12","22"
"mehmetcantu","12","10","22"
"mehrantmi","10","12","22"
"Meisterdieb","12","10","22"
"melllerok","11","11","22"
"menamelad","12","10","22"
"mendo2000","10","12","22"
"Meno_re5","11","11","22"
"mergermaster","12","10","22"
"Mexico2022","11","11","22"
"mezni","10","12","22"
"mghm56","11","11","22"
"MHMTEMN","9","13","22"
"Michael1steph","12","10","22"
"Michaelderhausschuh","9","13","22"
"micklars","12","10","22"
"Mike_Rif","12","10","22"
"mikedoubleu","10","12","22"
"mikemannx","11","11","22"
"Mikudo","11","11","22"
"MineyevAG_Krsk","12","10","22"
"mircosiri","11","11","22"
"MIRKE48","11","11","22"
"MixedUp","11","11","22"
"mk9000","10","12","22"
"ML17WANGI","10","12","22"
"Mle5000","12","10","22"
"mlgpro228337","11","11","22"
"mm5830","12","10","22"
"mmd2022","11","11","22"
"Mmel36","11","11","22"
"mmhh46","12","10","22"
"Mohamed_101","11","11","22"
"MohannadShark","11","11","22"
"MOHi_Iran1996","11","11","22"
"mohsen10gmail","11","11","22"
"moj96","11","11","22"
"moonbootica","11","11","22"
"Morenazo77","11","11","22"
"mostafa_f","10","12","22"
"Moyov","12","10","22"
"mp0p0v1c","11","11","22"
"MParra","11","11","22"
"mpekatsao","11","11","22"
"mr_kaos","12","10","22"
"Mr_Mashao","11","11","22"
"mr_sarigul","11","11","22"
"MrBizE_28","11","11","22"
"MrBogotan","11","11","22"
"MrCrawfish","11","11","22"
"MrHolmanTheSmarty","11","11","22"
"mriglu","11","11","22"
"MrKranker","11","11","22"
"MrLaffen","12","10","22"
"MrLero","9","13","22"
"MrMitico82","11","11","22"
"MrMojon","10","12","22"
"MrMosasaurus","11","11","22"
"MrVanChu","11","11","22"
"msbg","10","12","22"
"mshahins","10","12","22"
"msmns","12","10","22"
"mtytel","11","11","22"
"Mucker18","11","11","22"
"Muhammad1402","12","10","22"
"muralimohan","10","12","22"
"Mursejleren","11","11","22"
"Museyib_Huseynov","10","12","22"
"MusicMaven25","10","12","22"
"mwenx1","12","10","22"
"my213","10","12","22"
"myigityuksel","10","12","22"
"myworld1","10","12","22"
"n1o0","11","11","22"
"n30n6r33n","10","12","22"
"Nabhan1312","11","11","22"
"NABUCONODOSOR62","10","12","22"
"Nader-49","11","11","22"
"Nafeh","10","12","22"
"nafiu1729","10","12","22"
"nakulsharrma","12","10","22"
"NarekChess01","10","12","22"
"NARSAY","11","11","22"
"NashL","12","10","22"
"Nave-Shifroni","11","11","22"
"Nawksy","11","11","22"
"Nawras_T","11","11","22"
"nblacks","11","11","22"
"neerajanand","11","11","22"
"Neicheto8","11","11","22"
"neither1988","10","12","22"
"neoldian","11","11","22"
"neomatic","12","10","22"
"NeRBeRIn","11","11","22"
"Nerimath","11","11","22"
"Nerteros","12","10","22"
"nettoka","11","11","22"
"NewBreeze","11","11","22"
"NewMasysay","12","10","22"
"Nexhip2","11","11","22"
"nftjackharlow","13","9","22"
"nglkante","13","9","22"
"NgokaKM","11","11","22"
"nibikaus","11","11","22"
"nicolac","11","11","22"
"NidzoM","11","11","22"
"NigelBillsby","11","11","22"
"nihaalnraj","12","10","22"
"nikhil_anand","11","11","22"
"NikMed87","11","11","22"
"ninadgn","10","12","22"
"noahklein","11","11","22"
"nobi078","9","13","22"
"noellucenio2024","11","11","22"
"NoMind_1","12","10","22"
"noob_guy","11","11","22"
"Noob-005","9","13","22"
"Nordlinger_88","10","12","22"
"NoriCohen","11","11","22"
"NormalPerson7","12","10","22"
"nothingbutfun","10","12","22"
"nour2023","10","12","22"
"novemestranged","12","10","22"
"ntnn_brdn","11","11","22"
"nyawan","10","12","22"
"nyxzon","11","11","22"
"obedience","10","12","22"
"ObinoTraining","12","10","22"
"ochosinco","10","12","22"
"Oddarneelstad","12","10","22"
"Odumsky","10","12","22"
"oggesbeast","11","11","22"
"OGOLOGO","11","11","22"
"OK_78","12","10","22"
"oksh13","11","11","22"
"olimacoinotna","11","11","22"
"Omar55k","10","12","22"
"omarept","12","10","22"
"Omarjod","12","10","22"
"Omarschess","10","12","22"
"Ometochtli","11","11","22"
"omid1972","11","11","22"
"onlinechessplay","10","12","22"
"Onur_Bak","12","10","22"
"openhaard2021","12","10","22"
"Opheodrys","10","12","22"
"Opjeplaat","11","11","22"
"orbit53","12","10","22"
"orion5000","10","12","22"
"Oroigor","10","12","22"
"OscarLondon","12","10","22"
"OsmanSaraci","11","11","22"
"osmux","12","10","22"
"ospreyoak","12","10","22"
"ostad1400","11","11","22"
"ostrogradsk","11","11","22"
"otoom_X","11","11","22"
"OtpravlyauKPraotsam","12","10","22"
"ouga-kanuga","11","11","22"
"Ovchinnikov_Vsevolod","10","12","22"
"p3ktin","11","11","22"
"Packensj","10","12","22"
"pacujo","11","11","22"
"Pakhtakor","10","12","22"
"PakistaniSher","11","11","22"
"Paolovich","11","11","22"
"Paradoxien","10","12","22"
"parksy1878","11","11","22"
"Parlament1990","11","11","22"
"Parshukov_Stepan","11","11","22"
"parshvabhadra","11","11","22"
"PARY_PSHTIWANN77","11","11","22"
"Passionary_1","12","10","22"
"patosalas","10","12","22"
"Patrick_Druma","12","10","22"
"Patser","10","12","22"
"Paul_Tal","11","11","22"
"Paul2699","13","9","22"
"Paul3163","11","11","22"
"PaulEliaz","11","11","22"
"paulocarmo2022","12","10","22"
"PauloRick1","11","11","22"
"Pawn2k17","10","12","22"
"pawnstar1984","11","11","22"
"pbjtraining","9","13","22"
"pdawug","11","11","22"
"peartastic","10","12","22"
"PedroGraffito","12","10","22"
"pedrooliveira","12","10","22"
"Peeet42","11","11","22"
"peha50","10","12","22"
"pekasmed","12","10","22"
"pelechelsea","10","12","22"
"PeonValiente09","10","12","22"
"Peoofff","11","11","22"
"pepa87","11","11","22"
"pepekasparov","11","11","22"
"Perform","12","10","22"
"permitmail","11","11","22"
"perplexedstroller","11","11","22"
"Petlateco","12","10","22"
"petof","12","10","22"
"Petraq87","10","12","22"
"Petro86","11","11","22"
"Petrov245","11","11","22"
"peymanmohajerin","11","11","22"
"phi_z","11","11","22"
"Phortos054","12","10","22"
"photon1054","11","11","22"
"phyChess","11","11","22"
"Pias","11","11","22"
"Picev","10","12","22"
"pier94","10","12","22"
"pieroelauria","11","11","22"
"pilesos","12","10","22"
"pipostit","10","12","22"
"pippo_ketamina","11","11","22"
"pjospoul","11","11","22"
"Platofon","11","11","22"
"pleasebfrank","12","10","22"
"plumbercop","11","11","22"
"pmiral","10","12","22"
"pocu","9","13","22"
"pohretree1234","12","10","22"
"Ponita","10","12","22"
"pont-2018","12","10","22"
"prashanth9652","11","11","22"
"Pravinkumar123","10","12","22"
"Prayaswre","10","12","22"
"Preludio2","13","9","22"
"Pro100koro","11","11","22"
"Props5","10","12","22"
"prr21","10","12","22"
"PryingSemtex","11","11","22"
"pschneider1968","12","10","22"
"Psyche16","10","12","22"
"pumpurs","11","11","22"
"Puncher_de_Pablo","11","11","22"
"pvp803","11","11","22"
"Qf3toQf7","10","12","22"
"quantstamp","10","12","22"
"queija","10","12","22"
"Quesita","11","11","22"
"QuietStorm24","11","11","22"
"Quinturias","11","11","22"
"qwerty_qwerty_qwerty","11","11","22"
"R_DaNaBeK","12","10","22"
"raammalladi","10","12","22"
"rabearivelodoudoune","10","12","22"
"Racimmohamed","11","11","22"
"radinheydari","12","10","22"
"RadioEd","12","10","22"
"radwan_og","13","9","22"
"RafAlmeida","10","12","22"
"Ragab1","11","11","22"
"Raghugc","11","11","22"
"Raging_Potatoes","11","11","22"
"Ragnarov_Lothbrok","12","10","22"
"Rahul1221saini","10","12","22"
"RaKaiAlifansyah","11","11","22"
"RAMF","12","10","22"
"rampageram","10","12","22"
"Ran130","9","13","22"
"randrover","11","11","22"
"rankandfiler","9","13","22"
"Raposa_Agressivo","11","11","22"
"rashkehisraq","11","11","22"
"rasmusrt","11","11","22"
"Rasmusthiim","11","11","22"
"Ratbel","10","12","22"
"rave22","12","10","22"
"RaviThathodia","11","11","22"
"Re_nut23","10","12","22"
"Reaobaka","10","12","22"
"record_player","10","12","22"
"RecPro","11","11","22"
"red_brick","11","11","22"
"reedybear","11","11","22"
"rehorxsamsa","9","13","22"
"Reingeguckt","11","11","22"
"Remisverbot","11","11","22"
"ResminiCizdim","11","11","22"
"RetusTF","12","10","22"
"rezav60","11","11","22"
"rfitzgerald231","11","11","22"
"RICARDORIX","11","11","22"
"rida15","10","12","22"
"rifqianwar","12","10","22"
"riko12812","11","11","22"
"rionamber1","12","10","22"
"rittickrr","12","10","22"
"RITVIK_2012","9","13","22"
"Rivler","10","12","22"
"RJ_7","11","11","22"
"RobCoe","10","12","22"
"RobEisler","11","11","22"
"RockandRollyo","12","10","22"
"Roham1390_bey","10","12","22"
"Rohan_786","11","11","22"
"roig7","10","12","22"
"Rojasomar4","11","11","22"
"rojay123","11","11","22"
"rolandoayala3","10","12","22"
"Roman2002","11","11","22"
"Roman31RUS","12","10","22"
"Romaniusiusus","11","11","22"
"ronnealjr123","12","10","22"
"Rowdy2000","10","12","22"
"rpranav14","8","14","22"
"rrubiox81","10","12","22"
"rsk_gg","12","10","22"
"Ruble_78","11","11","22"
"RudenManul","11","11","22"
"ruiaf","11","11","22"
"Rul-bm","10","12","22"
"Rupeople","12","10","22"
"Rusyafa","11","11","22"
"Ruziboyevich_14","11","11","22"
"rvl30","11","11","22"
"s_ahmadmahmoodi","12","10","22"
"S1-NN","12","10","22"
"sa2016","12","10","22"
"saab21","11","11","22"
"sabkabaap01","12","10","22"
"sachinpanwar7244","11","11","22"
"sahmatx","11","11","22"
"sakgan","12","10","22"
"SakShaM1308X","11","11","22"
"Saleemmohammed","11","11","22"
"Salemkhan71","11","11","22"
"salianz","12","10","22"
"Sambabak","10","12","22"
"Samed1982","11","11","22"
"Samisami17","12","10","22"
"Samsamsamw","11","11","22"
"saradolab0","9","13","22"
"SaraNgi53","12","10","22"
"sArwar_sHafee","11","11","22"
"sasa40","11","11","22"
"satkk","11","11","22"
"satranc_monarch","11","11","22"
"satrancmioynuyoruz","10","12","22"
"Saurav_anand","10","12","22"
"SAVCHink_2042","11","11","22"
"saviorline","11","11","22"
"sbtsbt","11","11","22"
"scazz0matt0seudeu","10","12","22"
"schachinator999","10","12","22"
"Schachschlumpf","11","11","22"
"Sebtherook3","11","11","22"
"Segund","13","9","22"
"Senseory","11","11","22"
"sepehrafrooz","11","11","22"
"Seraphoenix","10","12","22"
"sergay17","12","10","22"
"Sergey1203","12","10","22"
"Serikmed","11","11","22"
"Seshadri0412","11","11","22"
"sge8","10","12","22"
"ShahlaRa","10","12","22"
"shahmath","12","10","22"
"Shalashaskaxxx","11","11","22"
"shardulsilswal","12","10","22"
"Shashank13","12","10","22"
"sherifali","10","12","22"
"Sheriff00","10","12","22"
"sHiNiPa","10","12","22"
"Shint0","11","11","22"
"Shivamnagpal007","12","10","22"
"shivemperor","10","12","22"
"Shket_10","11","11","22"
"sicilian_baby","11","11","22"
"Sicilian_Offence","10","12","22"
"silifkeli33","11","11","22"
"simoncarc","12","10","22"
"sinafarhani384","10","12","22"
"SinemXan-Mitra-2019","11","11","22"
"Sinhsation","12","10","22"
"sinisalugonja","11","11","22"
"sirdemin","11","11","22"
"sivasrksrk","12","10","22"
"sizad","10","12","22"
"Skanda_Nagendra","12","10","22"
"Slappe","11","11","22"
"slavi0512","11","11","22"
"Slavic57","11","11","22"
"SLDZ71","12","10","22"
"sleepymyr","11","11","22"
"smashinglad","12","10","22"
"SoberHolNaoborot234","10","12","22"
"sofasrami","12","10","22"
"Sokol","9","13","22"
"Sokol_1985","12","10","22"
"Sokolata","12","10","22"
"Som2805","12","10","22"
"somad_delta13","12","10","22"
"someownissues","12","10","22"
"Sonny24delarosa","11","11","22"
"Sorcinger","11","11","22"
"Sorena007","10","12","22"
"Soreto","12","10","22"
"Sparkle_16","11","11","22"
"spc2014","11","11","22"
"SpiceGoddess85","9","13","22"
"SpinEco","10","12","22"
"spopkov","11","11","22"
"Sprakat","10","12","22"
"sqwertyu","9","13","22"
"Sronger","12","10","22"
"SShenron","11","11","22"
"Ssi_hn","9","13","22"
"STARK8228","12","10","22"
"stayar","12","10","22"
"steamedmomo","11","11","22"
"Step58","11","11","22"
"stepaleks","12","10","22"
"stepp","11","11","22"
"Stereo_1991","12","10","22"
"SteveNick786","11","11","22"
"stoyanovpavel","12","10","22"
"strongd1","11","11","22"
"StruggleBusRider","11","11","22"
"StudyEverything","11","11","22"
"Styles29","12","10","22"
"Sudarma_KotaBogor","11","11","22"
"Sumilda","12","10","22"
"Sumsimitpo","10","12","22"
"SUNGUR-3","11","11","22"
"Sunilthegreat","11","11","22"
"Suniltoshniwal","11","11","22"
"SuperHamster123","9","13","22"
"SuperNova30","10","12","22"
"Susikoira","12","10","22"
"svizzero","9","13","22"
"swap_64","12","10","22"
"swazimelo","10","12","22"
"SwissMex","11","11","22"
"systew","11","11","22"
"Szczurson","12","10","22"
"szharas","12","10","22"
"T307","10","12","22"
"taalay78","12","10","22"
"tabing","11","11","22"
"Tacir_09","11","11","22"
"Tails009","11","11","22"
"Tal01","12","10","22"
"TalkerPro","11","11","22"
"TankBugra","9","13","22"
"TanoAP1982","11","11","22"
"Tanvir06","13","9","22"
"taormilan","11","11","22"
"tapa_loycekie76","11","11","22"
"TarouChess","12","10","22"
"TC6788","11","11","22"
"TDkai","10","12","22"
"teezer","12","10","22"
"Telegram2022","12","10","22"
"Telu-putsoa","11","11","22"
"tempusnemini","12","10","22"
"terremoto-bugi","11","11","22"
"thanos_2031","10","12","22"
"the_jonathan","12","10","22"
"The-Tax-Collector","12","10","22"
"thearchies","10","12","22"
"TheBash","11","11","22"
"TheBomzhara","11","11","22"
"TheBulletDodger","10","12","22"
"thecca","11","11","22"
"theChessMaster3012","11","11","22"
"TheEatShotGuy","12","10","22"
"thejagatpal","11","11","22"
"themightyraoul","11","11","22"
"THENAKKEDTRUTH","11","11","22"
"theprofessional89","11","11","22"
"theunperson","11","11","22"
"TheVaio","11","11","22"
"Thevanhagen","10","12","22"
"Thunderbird991","12","10","22"
"timetodiebruh","11","11","22"
"Timuchinooo","11","11","22"
"Timur_kostanay","11","11","22"
"Tiradores","11","11","22"
"tirlusa72","10","12","22"
"Tislam","10","12","22"
"tlofusers","12","10","22"
"ToiletSeat","11","11","22"
"Tolik2007","12","10","22"
"Tolstoy42","10","12","22"
"TomSawyer53","11","11","22"
"TomUru18","12","10","22"
"tonatihus","10","12","22"
"TONI7777","11","11","22"
"topo_chico","13","9","22"
"Torrecor123","11","11","22"
"Tosbaabeaucoup","11","11","22"
"Toucan351","12","10","22"
"Traffic233","11","11","22"
"TrainStopper","10","12","22"
"TRANNHATFC39","11","11","22"
"TranphuocBinh123","10","12","22"
"traveleroftime","11","11","22"
"treizef","12","10","22"
"Trener1990","11","11","22"
"tritrac","10","12","22"
"Tronchamula","10","12","22"
"truenorthstrong","11","11","22"
"tsewqxr9","11","11","22"
"Tshukudu","10","12","22"
"tsvyah","11","11","22"
"ttffdd","11","11","22"
"ttggt1525","11","11","22"
"TuianChess","12","10","22"
"tunnel-vision","10","12","22"
"turgut24","11","11","22"
"twincky","12","10","22"
"TycoTal","12","10","22"
"typhon7","12","10","22"
"tysonfuryboom","11","11","22"
"U2da","11","11","22"
"Ubirov","12","10","22"
"ufuk1987","10","12","22"
"Ulicius","12","10","22"
"Ulises16","12","10","22"
"ultra_chess245","9","13","22"
"UmayV06","11","11","22"
"UmitAtc","11","11","22"
"umutgulec09","12","10","22"
"underrated_toaster","9","13","22"
"UnKnownHeIp69","12","10","22"
"urquell","10","12","22"
"user119","12","10","22"
"userokk","12","10","22"
"usijg","11","11","22"
"ust_timofey","10","12","22"
"UU97","11","11","22"
"VAG2101","11","11","22"
"vagassi","11","11","22"
"vamsi_-4","10","12","22"
"vanchous01","11","11","22"
"vasiliyperedruk","11","11","22"
"vaultcrum","10","12","22"
"Vectra2","12","10","22"
"vedantshah2002","10","12","22"
"Vedoris","10","12","22"
"Venorius","11","11","22"
"venuvirat","12","10","22"
"Vertju","11","11","22"
"verynoobbb","11","11","22"
"veselov82","10","12","22"
"Vher520","13","9","22"
"VICTORIOUS556","11","11","22"
"VictorMarquesz","11","11","22"
"victornunez","12","10","22"
"VikSaturday","11","11","22"
"Viktor1004","11","11","22"
"villarley","11","11","22"
"vinitrennepohl","11","11","22"
"vitalya2009","12","10","22"
"vjvammi","10","12","22"
"VK2003","12","10","22"
"vladchiriches","10","12","22"
"Vladislav0609","11","11","22"
"voidfiller","11","11","22"
"vol_lov","11","11","22"
"Volker-Racho","10","12","22"
"Voltage53","10","12","22"
"voxcore","11","11","22"
"VZXplorer","10","12","22"
"Waitformeee","12","10","22"
"waldmeista","11","11","22"
"wanamir2022","11","11","22"
"waratah","11","11","22"
"Warrior_777","11","11","22"
"webster-muma","10","12","22"
"Wendlingm","12","10","22"
"Werhart","10","12","22"
"Werriatone","10","12","22"
"Wesikarat","10","12","22"
"WhatsPawnStruct","11","11","22"
"whoisis","12","10","22"
"wilborjim84","12","10","22"
"WIN_Chees0_0","11","11","22"
"winstoncarlsberg","10","12","22"
"wmaltriph","11","11","22"
"WohLamhe","11","11","22"
"Wtfayta","10","12","22"
"wuarabei","11","11","22"
"wwwrrr","11","11","22"
"xavi75","10","12","22"
"xeque962","9","13","22"
"XMecachess","12","10","22"
"Xopg","11","11","22"
"xxfreepalestinexx","11","11","22"
"Y-benmahmoud","10","12","22"
"yahyaalii","12","10","22"
"Yahyamarwa","13","9","22"
"Yakalar35","10","12","22"
"Yakovlev_Aleksandr","11","11","22"
"yandykov","12","10","22"
"YannisP","10","12","22"
"yargi_dagitan","10","12","22"
"yarilanekmeginbugusu","11","11","22"
"yaroslavkobets","10","12","22"
"Yaroslavmn","11","11","22"
"yas2495","9","13","22"
"YashhK","10","12","22"
"Yeahboii1","11","11","22"
"yemrezn","11","11","22"
"YGadde13","11","11","22"
"yogie_cs","9","13","22"
"younessHarr","11","11","22"
"your2ndwife","11","11","22"
"Yousef_Omran","11","11","22"
"yp682b","11","11","22"
"ys59","12","10","22"
"YT_KCI","10","12","22"
"yunusyilmaz35","10","12","22"
"Yuriag","12","10","22"
"yurifridkin","11","11","22"
"yusuf2133","11","11","22"
"yuvansb1","11","11","22"
"zaggor","12","10","22"
"zagor73","10","12","22"
"Zaidas","12","10","22"
"Zakeri1385","11","11","22"
"Zakiev_Maksim32","11","11","22"
"Zakstin","12","10","22"
"zarinelu","10","12","22"
"Zedaping","11","11","22"
"ZeinRuth","11","11","22"
"zephsk","13","9","22"
"zero-mate","11","11","22"
"zeromancer101","11","11","22"
"zidan123","10","12","22"
"zitounov","11","11","22"
"Zoli987","10","12","22"
"zraza33","11","11","22"
"zstella","11","11","22"
"Zwellop","12","10","22"
"A-head-rest","9","12","21"
"AadyantChaturvedi","11","10","21"
"AAJ_88","10","11","21"
"aarwatson","11","10","21"
"Aashutos","10","11","21"
"Ab00dy-dx","10","11","21"
"Abbasov13","10","11","21"
"abbassam","11","10","21"
"abhijatdutta","11","10","21"
"AbhiMeg","11","10","21"
"abhishekmshr956","10","11","21"
"abhjin1","9","12","21"
"abhnr","10","11","21"
"abizuh","10","11","21"
"abohader817","10","11","21"
"abris59","10","11","21"
"absnov2","10","11","21"
"Accent45","10","11","21"
"adam_chess_player","10","11","21"
"Adam_t1987","11","10","21"
"aderingol","10","11","21"
"adhvik5757","11","10","21"
"aditya_allam","11","10","21"
"adityaM07","10","11","21"
"adm19862022","11","10","21"
"Adnan_Haj","11","10","21"
"Adt192","12","9","21"
"Afidavit","10","11","21"
"Aghamooshe","11","10","21"
"Agoginas","11","10","21"
"agopyan","11","10","21"
"AguanteVito","12","9","21"
"AgyemangBernard","11","10","21"
"ah1122","10","11","21"
"ahaasdd","10","11","21"
"Ahbabcsckert","11","10","21"
"ahmad_faturohman","11","10","21"
"Ahmad_Halabi68","11","10","21"
"ahmadrajaboof","12","9","21"
"Ahmed_essa","10","11","21"
"Ahmed-Abduallah","10","11","21"
"Airton_Reis","10","11","21"
"AIVARS2000","10","11","21"
"aizz","12","9","21"
"ajaxsak","11","10","21"
"Ajedrez-2020","10","11","21"
"Akachigozie","11","10","21"
"akarumbi","10","11","21"
"akaS00","10","11","21"
"Akay_91","11","10","21"
"akibastastny","11","10","21"
"akiles10","10","11","21"
"akmon","11","10","21"
"akrauze","10","11","21"
"aksoycagatay","11","10","21"
"alben6526","9","12","21"
"albert_1","10","11","21"
"aledumas","11","10","21"
"Alejandr001","11","10","21"
"AleKido","10","11","21"
"aleksandr20","10","11","21"
"AlekseyChasha","10","11","21"
"AleNyr","12","9","21"
"Alesen","11","10","21"
"alex_giann","10","11","21"
"alex1190","11","10","21"
"alex264828","11","10","21"
"AlexeyKuznetsov","11","10","21"
"alexpgo2","10","11","21"
"Alexwonderful","11","10","21"
"alezandrian","10","11","21"
"alfreddd","10","11","21"
"alhoro","11","10","21"
"alibigharar","10","11","21"
"AlicanKam","10","11","21"
"ALIFUDIEN435","10","11","21"
"Aligrayder","9","12","21"
"alinaf82","11","10","21"
"aliulgun00","9","12","21"
"Allenbaba","10","11","21"
"AllRa","10","11","21"
"Almaz901","10","11","21"
"alonso3098","9","12","21"
"alperbuyuknacarr","10","11","21"
"Alpha_Apollo","12","9","21"
"alpkan1903","11","10","21"
"alpopo84","12","9","21"
"alsoraidy87","10","11","21"
"Aluckard","9","12","21"
"alvythesage","11","10","21"
"alwardak","11","10","21"
"Alygamal","10","11","21"
"am000007","10","11","21"
"Amade_us","10","11","21"
"Amanplaychess","10","11","21"
"AmbientAardvark","10","11","21"
"Amersoiv","12","9","21"
"Amir_ahmadmohsen","10","11","21"
"AmirHMJD","10","11","21"
"amiri2022","11","10","21"
"amirking8","10","11","21"
"Amiruu","10","11","21"
"amlake_bartar","9","12","21"
"AmrAlDobal","11","10","21"
"AnanyaRaman","10","11","21"
"Anas0316","11","10","21"
"Anatolik95","10","11","21"
"AnDGooglovich","10","11","21"
"Andriuha777","11","10","21"
"andronbaton","8","13","21"
"Andru97","10","11","21"
"andryhkin","10","11","21"
"andytoot","13","8","21"
"anferaza","10","11","21"
"AnibalJulio","11","10","21"
"anish_thakur007","12","9","21"
"Annberg","11","10","21"
"anshcfc","11","10","21"
"Ansious","11","10","21"
"ansuman","10","11","21"
"ant_warrior","11","10","21"
"Antanarivo","12","9","21"
"anthonyrb","10","11","21"
"antibiotik1985","12","9","21"
"antiokhos","10","11","21"
"anton2504","10","11","21"
"antoniose85","10","11","21"
"anuj0203","10","11","21"
"aoterziogluu","10","11","21"
"ap_twister","10","11","21"
"Apenat","10","11","21"
"Applezone","12","9","21"
"Appolinarushka","11","10","21"
"Aprendiz17","10","11","21"
"ar0ck","12","9","21"
"arasden","11","10","21"
"archvince","12","9","21"
"ArenaMonOfficial","10","11","21"
"ArenSigrid","10","11","21"
"Arevvvera","11","10","21"
"Argel_David","10","11","21"
"arif314","11","10","21"
"aristobulo","9","12","21"
"ARJ0N","11","10","21"
"arjav_2104","10","11","21"
"Arkadey234","9","12","21"
"Arken-17","10","11","21"
"Arm-chess2010","10","11","21"
"Armen60","11","10","21"
"ArnavJain69","11","10","21"
"arnehaa","12","9","21"
"Arseniy11042012","10","11","21"
"arslug","10","11","21"
"artak69","11","10","21"
"artsykern","11","10","21"
"Arvil888","11","10","21"
"Aryan_97","11","10","21"
"ARYO-BARZAN","10","11","21"
"asc3","11","10","21"
"Aser970","10","11","21"
"Asgard_8791","9","12","21"
"Ashi5923","11","10","21"
"ashokkumarsharma","10","11","21"
"Ashor","11","10","21"
"ashu1505","9","12","21"
"Ashvashan","11","10","21"
"asishgt","12","9","21"
"Asleep20185422","12","9","21"
"ASM_zugzwang","9","12","21"
"asmundrost","11","10","21"
"astroworld10","12","9","21"
"Asu777","10","11","21"
"Asuranceturix","10","11","21"
"atakan_aysakar","12","9","21"
"Atanasio_Romao","11","10","21"
"Atash10","11","10","21"
"Atharva5720","9","12","21"
"Atomic_Fish","11","10","21"
"atomic_master_123","10","11","21"
"Atrakator","12","9","21"
"attoretorico","11","10","21"
"av9","10","11","21"
"Avamposto_Spartaco","11","10","21"
"avatar101","12","9","21"
"Awadx100","9","12","21"
"Axhell8","10","11","21"
"ayax1964","10","11","21"
"AyushSingh56","10","11","21"
"Azamat-SPb","12","9","21"
"AZAtheist","10","11","21"
"AzhariPong95","10","11","21"
"b3nhur","11","10","21"
"baaldipeor78","10","11","21"
"Bababel","10","11","21"
"babaco87","12","9","21"
"babikovdoc","10","11","21"
"Babotelli","10","11","21"
"BabyLokum","11","10","21"
"bahadirsanalboun","10","11","21"
"balochok","10","11","21"
"Balongo","12","9","21"
"BANJU77","10","11","21"
"barabash91","11","10","21"
"BarboCapivara","10","11","21"
"bareq_hazem","11","10","21"
"Baris_Baba","11","10","21"
"barlasfish","10","11","21"
"basarinan","11","10","21"
"baum1221","11","10","21"
"Bayanbalkhi","11","10","21"
"BBooth40","10","11","21"
"BD-digbo","12","9","21"
"Beemate","10","11","21"
"bekirguvendi","11","10","21"
"ben-e-whitney","10","11","21"
"Benc5929","11","10","21"
"Benosaurus","12","9","21"
"bensin","10","11","21"
"benzochess","10","11","21"
"Berder","10","11","21"
"berkovic95","11","10","21"
"bertcn","10","11","21"
"bertolazzi","10","11","21"
"BesnikBerisha63","9","12","21"
"Bestergustav","11","10","21"
"bg410z","11","10","21"
"BGunnersito","10","11","21"
"Bicho25","11","10","21"
"BigChibba","10","11","21"
"bigred151","10","11","21"
"biparcabira","11","10","21"
"bipocico","11","10","21"
"Birdieloose","7","14","21"
"bishooooooooo","9","12","21"
"biswa2944","9","12","21"
"BKenom","10","11","21"
"blackforge","10","11","21"
"blackswanburst","10","11","21"
"BlackTal1899","10","11","21"
"blckburak","11","10","21"
"BleuDeSauvage","11","10","21"
"Bobbychuku","11","10","21"
"bocahbabat3","11","10","21"
"BochaB","10","11","21"
"Bockwurstelus","10","11","21"
"bogantsev","10","11","21"
"Boggington","11","10","21"
"Bogongwarriors","10","11","21"
"Boniva","11","10","21"
"booba-booby-boop","9","12","21"
"boris_tanaskovski","10","11","21"
"borisisback","9","12","21"
"Borusik","11","10","21"
"boterbram","9","12","21"
"boxcat","10","11","21"
"BoxedBishop","10","11","21"
"bplusplus","11","10","21"
"Bradford317","9","12","21"
"BraveSirRobin47","9","12","21"
"Breku","13","8","21"
"Brezenbrater","11","10","21"
"Brian_sol","10","11","21"
"Brian34","11","10","21"
"Brianmon","11","10","21"
"bridgybooboo","10","11","21"
"BrokenArrow827","12","9","21"
"BronxWiseGuy","10","11","21"
"brparthi","11","10","21"
"bruce-lee_2020","11","10","21"
"brudi","10","11","21"
"bshargorodskiy","11","10","21"
"bsksubbu","11","10","21"
"BUGGA12","11","10","21"
"BurakGurel","10","11","21"
"BWASSIM4","10","11","21"
"bwindichess","11","10","21"
"C_Finny","10","11","21"
"caballero767","10","11","21"
"cagkane07","10","11","21"
"cagrisar","11","10","21"
"CaiodeCarvalho","11","10","21"
"Camessalochess","11","10","21"
"CanbiShop","10","11","21"
"Canoset","9","12","21"
"cantarrijan","12","9","21"
"canyildiz","9","12","21"
"capablanca991","9","12","21"
"capamatojav","10","11","21"
"caperucita86","11","10","21"
"Carlid","11","10","21"
"CARLOOFF1C1AL","9","12","21"
"CarlosOnts","10","11","21"
"CarlosSalinasG","10","11","21"
"carlsenVOL2","9","12","21"
"CarlVERSTAPPEN","11","10","21"
"carlvinggaard","10","11","21"
"carrybagman","10","11","21"
"carryche","11","10","21"
"cashier","10","11","21"
"catroot24","10","11","21"
"causinhavoc","9","12","21"
"ccorentin136","10","11","21"
"cf9","10","11","21"
"CG1974","10","11","21"
"chachcha","10","11","21"
"Champion2017","11","10","21"
"ChampiondechesS","10","11","21"
"CharlesKalu25","12","9","21"
"charly-CETAB","10","11","21"
"CheckmateCutie","10","11","21"
"chessablemom","11","10","21"
"chessdotcomsappsucks","11","10","21"
"chessendless","10","11","21"
"chesshunter90","12","9","21"
"chessjitsuflow","11","10","21"
"ChessQueenPoo","10","11","21"
"CheSSStokfish86","10","11","21"
"Chesstitanp0","12","9","21"
"chesucks","10","11","21"
"ChiefPopeye","10","11","21"
"Chilma","10","11","21"
"chilufyaDm","11","10","21"
"chiwambo68","10","11","21"
"Chocolateboy97","11","10","21"
"Chopik","10","11","21"
"Chopist01","10","11","21"
"Chris5896","10","11","21"
"chugets","12","9","21"
"churrisdeuz","11","10","21"
"Ciberespacio","10","11","21"
"CLICKVADER","10","11","21"
"Clindamicin300","8","13","21"
"clpatterson","10","11","21"
"ClumsyClapEm","10","11","21"
"Cmchess10","10","11","21"
"Coatsley","11","10","21"
"coco422","12","9","21"
"coenzymeb","11","10","21"
"comdab","10","11","21"
"Connoi","10","11","21"
"ConsuColonizer","10","11","21"
"CookieMonster939","10","11","21"
"Cool_Guy_69","10","11","21"
"Coopi","11","10","21"
"cosmiccommunist","12","9","21"
"CounterSacrifice1996","10","11","21"
"Coutermaster4","10","11","21"
"Cr1stal_1331","10","11","21"
"crackcubano","10","11","21"
"Crashter","11","10","21"
"Cristian_Bernal01","10","11","21"
"croquete","10","11","21"
"crossover09","10","11","21"
"Crushingking","10","11","21"
"ctom8603","11","10","21"
"Cuzari83","10","11","21"
"Cwat789","10","11","21"
"cwlam","11","10","21"
"Cylon272","12","9","21"
"D_Teach","12","9","21"
"dahem3r","11","10","21"
"dahon07","12","9","21"
"dakro","11","10","21"
"dalekdank","10","11","21"
"Dallas_Golova","11","10","21"
"dan1492","11","10","21"
"Dane_007","11","10","21"
"Dani_Geverola73","10","11","21"
"Danish4103","11","10","21"
"DaniSX","9","12","21"
"Danmagic","9","12","21"
"darkmistjordan","11","10","21"
"Darler","10","11","21"
"darsar09","11","10","21"
"DarthMccartney","11","10","21"
"Dave_C","10","11","21"
"davidbretema","11","10","21"
"Daviddijon21","11","10","21"
"DAVIDMS10","10","11","21"
"davidpc98","10","11","21"
"Dayscreamer","9","12","21"
"DcG33100","10","11","21"
"Dean-smart","9","12","21"
"DeathXItself","11","10","21"
"Deepak_vishi","11","10","21"
"deepakk777","9","12","21"
"DeepFrn","11","10","21"
"Dellair","11","10","21"
"delorian54","9","12","21"
"Demharu","10","11","21"
"DemoNFReemaN","11","10","21"
"Den_gi","11","10","21"
"deneb7","11","10","21"
"Dennniis","11","10","21"
"DePanter","9","12","21"
"dependent_kim","11","10","21"
"Derdaturk","11","10","21"
"desperados1980","10","11","21"
"destinado","10","11","21"
"Dexter_06","11","10","21"
"dezakedana","10","11","21"
"dhfernandez","9","12","21"
"dhruvjain71","10","11","21"
"diablo33","10","11","21"
"digisol","11","10","21"
"Dikiki","11","10","21"
"Dimaslovo","11","10","21"
"dimert64","10","11","21"
"Diokno_Y22","10","11","21"
"DionisioRomeroP","9","12","21"
"DirkStruan88","11","10","21"
"djamesug","11","10","21"
"dmcnamara","10","11","21"
"Dmitriy0425","11","10","21"
"Dmitry_Shalaginov","10","11","21"
"Dmitry19898989","10","11","21"
"dmitryshere56","11","10","21"
"DNoreroPuc","9","12","21"
"DobleChessBurguer","12","9","21"
"Dobrodomov","9","12","21"
"Docaxel85","10","11","21"
"Dolar2000","11","10","21"
"dolphin_0006_v2","11","10","21"
"Dom201","11","10","21"
"DominaFortuna","10","11","21"
"domosfeher","11","10","21"
"doobidoo","11","10","21"
"Doolisco","11","10","21"
"doraozcelik","11","10","21"
"DorianTelsa0","11","10","21"
"dostoix1975","11","10","21"
"Dothrakies","11","10","21"
"doty089","11","10","21"
"dr_sindre","10","11","21"
"Dr-oztekin","10","11","21"
"drachany","10","11","21"
"dragecb","11","10","21"
"drageciusbrutalius","10","11","21"
"dragonkraken","11","10","21"
"DrDibalsparo","9","12","21"
"dream1161","11","10","21"
"Dreamwarrior","10","11","21"
"DrFranky001","11","10","21"
"drillfiend","10","11","21"
"drissalaoui","10","11","21"
"drpepperisgood","12","9","21"
"DrRaulstein","10","11","21"
"drunkchess2137","11","10","21"
"dryuenc","12","9","21"
"Dsniperjr","10","11","21"
"dudnik_kroti","11","10","21"
"DumbyChess","11","10","21"
"DuosNik","9","12","21"
"DuqueBecker","10","11","21"
"dzabir69","10","11","21"
"e1liff","11","10","21"
"eastforce30","10","11","21"
"ebraaryy","11","10","21"
"ecn16","11","10","21"
"ecvictor","11","10","21"
"edapacrack","10","11","21"
"edege77","10","11","21"
"edimoral","12","9","21"
"Edison05","10","11","21"
"EdsonFR","10","11","21"
"edwardlegaspi2024","10","11","21"
"Edwinmpa","10","11","21"
"egemenck","11","10","21"
"el_maurice","12","9","21"
"Elasado312_de_N","9","12","21"
"elcolumbio","10","11","21"
"eldurazno","10","11","21"
"elegantmate","10","11","21"
"elisif","10","11","21"
"elmashboec99","10","11","21"
"eloali","10","11","21"
"EloGrazyna","11","10","21"
"ElonMuzg","11","10","21"
"elrojoreydecopas","11","10","21"
"elshadabdullayev","11","10","21"
"eltemerario","10","11","21"
"emanuelesaiu","13","8","21"
"Emiliocho","11","10","21"
"EmperorBundaloy","11","10","21"
"Emrah66632","10","11","21"
"Enash666","10","11","21"
"enciendemeeee","11","10","21"
"ender_chest17","11","10","21"
"endlessnight2000","11","10","21"
"enes327","10","11","21"
"enkuex","9","12","21"
"EnPassantInstinct","10","11","21"
"Enrigo93","11","10","21"
"Eoghanv","10","11","21"
"EpiFranco","10","11","21"
"ericsterin","10","11","21"
"ErmakovMFB","11","10","21"
"ertugrulkutuk","11","10","21"
"esclot","11","10","21"
"EsPionDE","10","11","21"
"ethanww00","11","10","21"
"eugene_kz","11","10","21"
"eugnio","11","10","21"
"EvanMojo","11","10","21"
"Evgen_Serg","9","12","21"
"Evgenievna","10","11","21"
"EvgeniySex","11","10","21"
"evgenyukraine","11","10","21"
"Evilgenius02","10","11","21"
"evripides33","9","12","21"
"f3tzel","11","10","21"
"fabian_guevara","11","10","21"
"fabio72","11","10","21"
"FabioCiuffi","11","10","21"
"facman001","11","10","21"
"FaltuChessPlayer","10","11","21"
"FamousCHILL","9","12","21"
"Fantastico_QB","9","12","21"
"FantomFoenix","11","10","21"
"farmazon4er","10","11","21"
"FatalFork21","11","10","21"
"FCKfan","10","11","21"
"fdeage","11","10","21"
"FearMyPetBeaver","9","12","21"
"FearOfL","10","11","21"
"fedenoziglia","12","9","21"
"fefer78","9","12","21"
"felixb311","9","12","21"
"femme_forte","11","10","21"
"ferdi3205","10","11","21"
"Fins","11","10","21"
"Firebolt333","10","11","21"
"firstmovedraw","9","12","21"
"fislikler","11","10","21"
"five_min_andrey_ok","12","9","21"
"Fladdaryadom","8","13","21"
"Flaneto","12","9","21"
"florhasan","11","10","21"
"Florian1963","10","11","21"
"FlyingPiggy","10","11","21"
"flymorgan","11","10","21"
"Fnicallo","10","11","21"
"Fonseca1983","11","10","21"
"forestclaud","11","10","21"
"FortunetripleR","11","10","21"
"Fraggle","12","9","21"
"FrancescoSanti","10","11","21"
"francocastro","9","12","21"
"Frank-1978","11","10","21"
"Fravis02","10","11","21"
"fredisa4letterword","11","10","21"
"FredKuhn","11","10","21"
"Freemychkine","10","11","21"
"FrenchToast7","11","10","21"
"FridgeJeffries","10","11","21"
"Frisher_A","11","10","21"
"FritzCucu","10","11","21"
"FROM-EGYPT-WZ-kiss","10","11","21"
"Frostwrath","11","10","21"
"Fryst","9","12","21"
"fuji-san","11","10","21"
"fun_chess_games","10","11","21"
"Fuzz_WD","10","11","21"
"fvdblom85","12","9","21"
"Fyzats","11","10","21"
"G_x_A-x3","10","11","21"
"g54Lcn","10","11","21"
"gaboark21","10","11","21"
"Gabriel_JSSz","10","11","21"
"gabrielchiti","9","12","21"
"GabrielOdok_II","13","8","21"
"Gafr","10","11","21"
"Gajendra","9","12","21"
"Galdino_Win","11","10","21"
"Gamarra","10","11","21"
"Gargamuni","11","10","21"
"garik0879","10","11","21"
"Gautham_Hari","10","11","21"
"Gc6","11","10","21"
"gchryssikos1111","10","11","21"
"gecedev","10","11","21"
"Gehad9691","11","10","21"
"gelutopya","10","11","21"
"GeneralAgent999","11","10","21"
"GenuinelyTerrible","10","11","21"
"Georg7488","11","10","21"
"Gersy","10","11","21"
"GerToishuv","8","13","21"
"gghio","12","9","21"
"Ghiddy","11","10","21"
"gia_m","12","9","21"
"gianporr","11","10","21"
"gieronVV","10","11","21"
"Gigantium9000","12","9","21"
"gilsoney","10","11","21"
"Gleb763","9","12","21"
"Gmaluhoy","9","12","21"
"Gmariz","11","10","21"
"gmvito","11","10","21"
"Godsakle","9","12","21"
"GoelandFurtif","11","10","21"
"goldenfish26","11","10","21"
"goncu","10","11","21"
"gondolaimmemore","11","10","21"
"gopro2103","10","11","21"
"gorkajauna","11","10","21"
"Gornulf","11","10","21"
"Gothamstudent","11","10","21"
"graciasdenada","12","9","21"
"grami117","9","12","21"
"grandmaster123012","10","11","21"
"graudeejs","10","11","21"
"Gravitar","11","10","21"
"Great_Bishop","10","11","21"
"GREAT_CHESS_PLAYER","10","11","21"
"GrecoChess","10","11","21"
"GreekMike","11","10","21"
"GreenTeaMonkey","12","9","21"
"grkmgrbzaslan","11","10","21"
"grknsysl86","10","11","21"
"gruenfrank125","10","11","21"
"grymee","11","10","21"
"gscangs2","11","10","21"
"gssplayer1","11","10","21"
"GTelt","11","10","21"
"GTM_Virtuoso","10","11","21"
"Gudenouf","11","10","21"
"guillaume_tr64","11","10","21"
"gurugantaal","10","11","21"
"gustavchess","11","10","21"
"Gybson","11","10","21"
"haakoruu","10","11","21"
"haddihaddi","11","10","21"
"hadiyaparsin","11","10","21"
"haheide","10","11","21"
"HalANDArchie","10","11","21"
"Halil_H","10","11","21"
"hallithor","11","10","21"
"Hamadiwhibi","10","11","21"
"Hamidreza78","10","11","21"
"HamiSimsek","11","10","21"
"hamzasaad0","10","11","21"
"HamzaZer0","10","11","21"
"harichandan","12","9","21"
"Hars4444","12","9","21"
"harsh100","9","12","21"
"hassan22898","11","10","21"
"Hausiparty","10","11","21"
"havf88","11","10","21"
"havfanridindis","10","11","21"
"Hawii1","11","10","21"
"HawkInFFX","9","12","21"
"hbakken","10","11","21"
"heartschess","11","10","21"
"Hector-Garcia","11","10","21"
"Heinz1955","11","10","21"
"helluva_shark","12","9","21"
"helyum007","11","10","21"
"heniineh699654","10","11","21"
"Henrique1931","11","10","21"
"HENRY100","11","10","21"
"HEPR1985","10","11","21"
"herethere","10","11","21"
"heroofhasting","10","11","21"
"Heryvim","11","10","21"
"hikmet-choo","11","10","21"
"hinke87","11","10","21"
"Hokusai58","9","12","21"
"Hombergpatzer","11","10","21"
"HopePoet","11","10","21"
"Hopfer","11","10","21"
"HORROROSO","11","10","21"
"hpaes","10","11","21"
"hpqd","10","11","21"
"HT-SWORKS","11","10","21"
"Hubaduba","9","12","21"
"HumbertoHuerta","10","11","21"
"HungryChessKiller","10","11","21"
"husoboss","11","10","21"
"Hvr0542","10","11","21"
"HWTNATION","11","10","21"
"HyetoIglesias","11","10","21"
"hyperb0la","9","12","21"
"HyseniFaton","11","10","21"
"I_am_sorry","10","11","21"
"I_Eat_Chess","10","11","21"
"i_tusitala","10","11","21"
"iammaloser","10","11","21"
"IanTembo90","9","12","21"
"Iaroslaw","11","10","21"
"ibraham","11","10","21"
"IceRayee","10","11","21"
"ichbinaqil","11","10","21"
"ideal_gas","10","11","21"
"iDparww","10","11","21"
"ieofkfjdic","11","10","21"
"ierjgijire","10","11","21"
"igorpavlov1","10","11","21"
"IGVAKO","11","10","21"
"IHateMyCollege","11","10","21"
"iliketomoveit78","10","11","21"
"iliyah","11","10","21"
"ilyachess1998","10","11","21"
"ilyas0","9","12","21"
"ILYoDA","11","10","21"
"ImaginaryPawn","9","12","21"
"imakegunn","11","10","21"
"Imeldamaina","10","11","21"
"ImtheBlunderking","12","9","21"
"InTheFutureSeruyGm","10","11","21"
"invincy99","12","9","21"
"IONESKU","10","11","21"
"iossif_vissarion","10","11","21"
"IPTRM","10","11","21"
"Irshat82","10","11","21"
"irvington78","12","9","21"
"IsaacAbheek","11","10","21"
"itstimetoroll","10","11","21"
"ivan_durachek","10","11","21"
"IvanChelovekov","11","10","21"
"IvanSvyatogor1984","10","11","21"
"IWillFightUntilIWin","11","10","21"
"iWillLoseAgain","10","11","21"
"IzAlex","10","11","21"
"jackbravo","11","10","21"
"JackyAndriniaina","11","10","21"
"Jacob_Philp","10","11","21"
"JacopoM","10","11","21"
"Jadirod","11","10","21"
"JaimeGarzonGue","9","12","21"
"jakobmollis","11","10","21"
"jamiet420","11","10","21"
"Jamsteeeeer","11","10","21"
"Jamtallawah","10","11","21"
"jandanda","13","8","21"
"jandrec","11","10","21"
"jaoso78","11","10","21"
"japaul","9","12","21"
"Jason1989","10","11","21"
"JasSow10","10","11","21"
"JaToKozak","9","12","21"
"Jaume_Barcelona","11","10","21"
"Javier116","10","11","21"
"jayteezy","10","11","21"
"jblick","11","10","21"
"JCFER","11","10","21"
"JEAN_AYNERA","11","10","21"
"JeanBlack","9","12","21"
"Jeeni","11","10","21"
"jeffacce","11","10","21"
"Jeggy263","11","10","21"
"JendrikKi2","11","10","21"
"Jere_Laborde","11","10","21"
"JersonPachecoC","10","11","21"
"jess_444","11","10","21"
"Jessiebatulat1990","12","9","21"
"jesusch123","11","10","21"
"jesusjavierCUBA","11","10","21"
"jeyachi","10","11","21"
"JFU90","11","10","21"
"JhonyKing18","11","10","21"
"Jicay","10","11","21"
"JimmyB19","10","11","21"
"Jin1225","10","11","21"
"JLeonardRE","11","10","21"
"JM107","9","12","21"
"jnunez37","11","10","21"
"jockinnz","11","10","21"
"joebro_1124","10","11","21"
"JoeyBuck","11","10","21"
"jogibaer21","11","10","21"
"JohanCarlo","11","10","21"
"johansnow","11","10","21"
"JOHN_KING","11","10","21"
"JOHN_PATRICK_TILAON","11","10","21"
"John0007","10","11","21"
"JohnJanuary","12","9","21"
"JohnShinggu","11","10","21"
"JOMJR","9","12","21"
"jonathandelacruz","10","11","21"
"jonjon2022","10","11","21"
"JordanDF","10","11","21"
"jordydia","10","11","21"
"Jorgeliko","10","11","21"
"JosephTom","11","10","21"
"JoshuaLang","9","12","21"
"jotapiquer","10","11","21"
"Jozava","11","10","21"
"jpchess244","11","10","21"
"JTW1234","11","10","21"
"juanchi222","11","10","21"
"JuanDeag1","9","12","21"
"Juanff","11","10","21"
"Juanvi1972","11","10","21"
"judd67","11","10","21"
"JueSch60","10","11","21"
"jules1975","10","11","21"
"juliansophos","10","11","21"
"JuNoKen","11","10","21"
"just4fun13","12","9","21"
"JustCallMeGreat","11","10","21"
"justlikeheaven","9","12","21"
"justPlayStopTalk","11","10","21"
"JuzzJoel","12","9","21"
"jvosantos","10","11","21"
"JWC7215","11","10","21"
"Kaan140611","10","11","21"
"Kadir_akman_1453","10","11","21"
"Kadirkuscul","12","9","21"
"kamuscatur","10","11","21"
"Kanat87","11","10","21"
"Kanchan_-17","11","10","21"
"KangMaen","11","10","21"
"kankali","11","10","21"
"Kankamyallahlobiye","12","9","21"
"kantupatil","10","11","21"
"Kapanagambit","11","10","21"
"kapelives","10","11","21"
"Karalievya","10","11","21"
"karanyanvekar","12","9","21"
"Kareemsameh55","11","10","21"
"KarenGrigorian94","10","11","21"
"Karpfenangler","11","10","21"
"karthikeyanns","11","10","21"
"kassiuslord","11","10","21"
"katilbaran2013","10","11","21"
"kaunda21q","11","10","21"
"Kaury_martins","11","10","21"
"kayahantr","10","11","21"
"kblitz_11","10","11","21"
"KdlsT","11","10","21"
"Keedymaster","9","12","21"
"kemal-chess","10","11","21"
"keraladude","11","10","21"
"kereshady","11","10","21"
"KGaud123","10","11","21"
"khabibjim","10","11","21"
"Khalid189","9","12","21"
"KhangBarca","10","11","21"
"khapna","9","12","21"
"Khelmor","11","10","21"
"Khilesh786","11","10","21"
"khoday_i","11","10","21"
"KielenZ","12","9","21"
"kikirov","11","10","21"
"King_perun","11","10","21"
"KingBongs","11","10","21"
"kingnb","11","10","21"
"kirill1845","10","11","21"
"KirtimanG","10","11","21"
"kitaiza3","10","11","21"
"KK_Sharma","10","11","21"
"klunik1908","11","10","21"
"Knutll","11","10","21"
"Koennn","10","11","21"
"kokospoko","11","10","21"
"Kolczynski","10","11","21"
"kolk12","11","10","21"
"kolos006","10","11","21"
"KonstanzDEUTschlan","10","11","21"
"Konurr11","10","11","21"
"KosmaVlahos","10","11","21"
"kostyvdovinykh","11","10","21"
"kotgjo","10","11","21"
"kothnascher","11","10","21"
"Krechals","10","11","21"
"Krikrimon","11","10","21"
"krist59","11","10","21"
"kristero","10","11","21"
"Krzysiek987","11","10","21"
"ksagar1708","11","10","21"
"Kuljoma","10","11","21"
"kunashuk","10","11","21"
"Kushagrakhare","11","10","21"
"Kuyza","11","10","21"
"Kw4go","11","10","21"
"lacade","10","11","21"
"LACHGAR1342","11","10","21"
"lagbaja","11","10","21"
"Lake_Victoria","9","12","21"
"Lakshay1112","11","10","21"
"lambeauleaper","11","10","21"
"lamidepin","11","10","21"
"lamineqwerty","11","10","21"
"Lanicus","11","10","21"
"LaPica","10","11","21"
"LastWolfe","10","11","21"
"latking","10","11","21"
"ldtrejo","9","12","21"
"Leafar4643","11","10","21"
"leela100cores","11","10","21"
"Legolas_01","10","11","21"
"legrandmonarque","11","10","21"
"Lehtomaki","11","10","21"
"Lelichek","10","11","21"
"LennyShmeckle","11","10","21"
"Leonard_LIBONGCOGON2","11","10","21"
"leonardogon_2021","10","11","21"
"LeonardoLeo1694","10","11","21"
"lerss","10","11","21"
"LeSpix","12","9","21"
"Lestiger","10","11","21"
"LetsExplore","9","12","21"
"leuleutrungmuoi","9","12","21"
"levan72","10","11","21"
"lever4","10","11","21"
"levy42","10","11","21"
"licancp","11","10","21"
"lidenik","9","12","21"
"Limzhunwing","9","12","21"
"lion_snow","10","11","21"
"lisandro84","11","10","21"
"Liverpoolian","11","10","21"
"ljuks","11","10","21"
"LLamperouge","10","11","21"
"llilya","10","11","21"
"lnicoles","11","10","21"
"Lobotomia","10","11","21"
"locrio9","10","11","21"
"Lol023","10","11","21"
"lolpoli009821","12","9","21"
"looptroop1","10","11","21"
"LoraForoponovaCMF","10","11","21"
"LordeFS","12","9","21"
"lorenzolunerti","11","10","21"
"lossstories","11","10","21"
"lostinwild","11","10","21"
"LosXodos","11","10","21"
"Loulouchess","10","11","21"
"lowak","10","11","21"
"lsandallioglu","9","12","21"
"LucaFipav","11","10","21"
"lucascarvalho92","11","10","21"
"Luchok2261","11","10","21"
"LUIS197710","10","11","21"
"Luisdani82","10","11","21"
"LuisFSMC","11","10","21"
"Luk1986","11","10","21"
"lundstig","11","10","21"
"lutkooo","11","10","21"
"Luvovava","11","10","21"
"Lyrlai","11","10","21"
"m_t_marinov","9","12","21"
"m-a-s-k","12","9","21"
"M-iqbal_BBC","10","11","21"
"M-skull","11","10","21"
"m33sChess","11","10","21"
"Maaasss71","11","10","21"
"maartenxxl","10","11","21"
"Maciu90","11","10","21"
"Mack-Deezo","9","12","21"
"MadhavMallem","11","10","21"
"Maestro_Esmail","11","10","21"
"MaestroDuncan","11","10","21"
"MafiaGeneral","11","10","21"
"magaja","10","11","21"
"Magic777","10","11","21"
"Magical-Pawn","11","10","21"
"MagnarCarlsen","12","9","21"
"magnuskarlsun69","10","11","21"
"magreco2","8","13","21"
"mahed400","12","9","21"
"Mahi_ooooo","9","12","21"
"mahmoodmaleki","10","11","21"
"Majidkp5","10","11","21"
"Majidou","9","12","21"
"Makarov_Grigory52","11","10","21"
"MaksVasilenkoAsino","10","11","21"
"makten","11","10","21"
"Malacothius","12","9","21"
"malandroso","11","10","21"
"MalavikaM2012","9","12","21"
"Malmir_hamid_R","10","11","21"
"mammad2020","10","11","21"
"Mamuma","11","10","21"
"manaralsaad21","8","13","21"
"MANDALORIAN052","9","12","21"
"Mania456","10","11","21"
"manishmundra","10","11","21"
"manojkudur","10","11","21"
"Manolete111","10","11","21"
"Mansarinik","10","11","21"
"manu1511","12","9","21"
"manuelh4","11","10","21"
"Manula123","11","10","21"
"Marc400","10","11","21"
"Marcio0zg","11","10","21"
"marcock","10","11","21"
"mardanov-mansur","10","11","21"
"Marduk86","11","10","21"
"marijasam","12","9","21"
"mariomarcelo33","10","11","21"
"mariorobaglio","9","12","21"
"markfratkin","10","11","21"
"markostamenic","10","11","21"
"marlinchess","10","11","21"
"marsociety","12","9","21"
"Master_Tal","10","11","21"
"Masterglass","10","11","21"
"masterkudeiro","10","11","21"
"mastershams56","11","10","21"
"mate18","10","11","21"
"matealwayss","11","10","21"
"Matiasm75","11","10","21"
"matshow","11","10","21"
"Matt-Eagle","10","11","21"
"Matz-94","10","11","21"
"maurice01","10","11","21"
"Mauyao","10","11","21"
"maxbergmark","10","11","21"
"maxon101","11","10","21"
"Maygaess","10","11","21"
"Mcanaverde","11","10","21"
"mchambers0530","11","10","21"
"McLorenz","10","11","21"
"mco1207705","11","10","21"
"mcrje","11","10","21"
"mcruggiero","10","11","21"
"MechantChien","9","12","21"
"med_med86","10","11","21"
"Medraj","10","11","21"
"medvemark1997","11","10","21"
"Meeetchess","11","10","21"
"MeetMeAtThe","10","11","21"
"mehdigrp61","11","10","21"
"mehmetsalih_yl","11","10","21"
"Meiirem","10","11","21"
"Melchist","11","10","21"
"Meliodass10","11","10","21"
"MendizCynthia","9","12","21"
"mhelliwell","10","11","21"
"mhz7","11","10","21"
"michaelabebeb","11","10","21"
"michaix","9","12","21"
"Michalf2020","12","9","21"
"MichiB2002","11","10","21"
"miensteen","10","11","21"
"MiguelARH","11","10","21"
"miguelloser","11","10","21"
"migwolf","10","11","21"
"mihaibujanca","11","10","21"
"mikanovski","11","10","21"
"Mikey141620","9","12","21"
"Mikezmn","10","11","21"
"MikiMih","11","10","21"
"mikkelu","11","10","21"
"MIKYchess67","11","10","21"
"miloccs","11","10","21"
"minato_n","11","10","21"
"minhcungchoichess","9","12","21"
"mirsadnp","13","8","21"
"MissingShadow","10","11","21"
"mkoart","11","10","21"
"mksmiles","11","10","21"
"mohammad_jordan","10","11","21"
"mohammad_rahmani_74","10","11","21"
"Mohammadho32","10","11","21"
"Mohammadro","9","12","21"
"mohammadtaghi","10","11","21"
"mohdhabash","11","10","21"
"Mohsh2256","11","10","21"
"Mohtadi-zenaidi_2005","12","9","21"
"Moloh-Good","11","10","21"
"Mono45demonio","10","11","21"
"Monty_Pig","11","10","21"
"morg77","12","9","21"
"Morning_Storm","11","10","21"
"MorpheusChess","12","9","21"
"morshedal4i","11","10","21"
"mostafa1357farsan","11","10","21"
"Mr_Chessman","11","10","21"
"Mr_Incognito_2019","9","12","21"
"Mr-Fewer","10","11","21"
"MrAnamario","10","11","21"
"MRB_NRP","11","10","21"
"mrchaos91","11","10","21"
"MrDrunkeinstein","9","12","21"
"mrhd","11","10","21"
"mrisa01","11","10","21"
"MrKokochi","10","11","21"
"Mrrango1981","10","11","21"
"mrtoxic88","12","9","21"
"Msbaldwin","11","10","21"
"mskrabic","10","11","21"
"msludwick","10","11","21"
"mstr_chrssj","10","11","21"
"Mthoma87","11","10","21"
"MTNKRSLN","11","10","21"
"muf53","12","9","21"
"mukesh24","10","11","21"
"Munoz0502","11","10","21"
"murat_khalishkhov","10","11","21"
"murenachess","9","12","21"
"mustafaeroglu2534","10","11","21"
"MyNolph","10","11","21"
"mzaman01","12","9","21"
"Naanox","10","11","21"
"nabeeltnabs4","10","11","21"
"nabilhunt","10","11","21"
"Nahuelhug","10","11","21"
"Najdorf18","11","10","21"
"Najdorfk55","11","10","21"
"namanpurii","12","9","21"
"Namin_904","10","11","21"
"Narottolo","11","10","21"
"Navalha77","12","9","21"
"Naveenk352","10","11","21"
"nb1283","12","9","21"
"nbtuncay","11","10","21"
"Nchima_zambia","9","12","21"
"nebbiolo422","11","10","21"
"necky0","10","11","21"
"Nedair10","10","11","21"
"NeElArGhYaK","10","11","21"
"Neelmaniex007","11","10","21"
"negro77","10","11","21"
"Negromusica","10","11","21"
"Neizer1337iphone","10","11","21"
"nelsonstwart","10","11","21"
"Nemeshka","11","10","21"
"Nena_802","10","11","21"
"NeoSamurai","9","12","21"
"newrandoplaya007","10","11","21"
"Neznay-ka","10","11","21"
"ngduc","12","9","21"
"ngx11","11","10","21"
"NicFeltes","11","10","21"
"Nichelino","9","12","21"
"nick_cabansag","12","9","21"
"nickotime","9","12","21"
"NickSLF","11","10","21"
"Nico1025","11","10","21"
"nicolae83","11","10","21"
"niedlich79","9","12","21"
"Nigerian_Nightmare","10","11","21"
"nihalnshetty","11","10","21"
"Nik2772","10","11","21"
"Nikke111","10","11","21"
"nikman-ru","10","11","21"
"nilesh-shahane","10","11","21"
"nilsmo","10","11","21"
"ninine","9","12","21"
"NishadNSD","12","9","21"
"nivmalka146","10","11","21"
"Nizarius","11","10","21"
"nnani_flora","10","11","21"
"NobleFarms","10","11","21"
"Noelsky","11","10","21"
"nomi589","11","10","21"
"noobcheck96","10","11","21"
"Nossumus","12","9","21"
"notoneman","11","10","21"
"noury_4","10","11","21"
"Novichock","11","10","21"
"Novichokotrava","11","10","21"
"nozar123","9","12","21"
"nqno71mla","10","11","21"
"nsour4755","10","11","21"
"nuhr367","9","12","21"
"numericun","10","11","21"
"numeron","10","11","21"
"nutchthehunt","10","11","21"
"Nythrir","11","10","21"
"obudhIMarcOe","11","10","21"
"octot11","10","11","21"
"odintsov","10","11","21"
"ofirp","11","10","21"
"Oguzhan2560","11","10","21"
"oguzt_tr_YT","10","11","21"
"oibees","11","10","21"
"OIIIIIO","10","11","21"
"Oituz1917","11","10","21"
"okirici817","10","11","21"
"oldbob","10","11","21"
"Oleg_sevastopol","11","10","21"
"olezhik123","11","10","21"
"olguim8","11","10","21"
"om_0303","11","10","21"
"OmarKayler","11","10","21"
"omerfaruk81","11","10","21"
"OMGClayAiken","10","11","21"
"oneiro_naut","11","10","21"
"Onepiece_rs86","10","11","21"
"Onigari14","10","11","21"
"onlygod","11","10","21"
"onthepotty","10","11","21"
"oogerah","11","10","21"
"Opa-Kasti","11","10","21"
"opazero","10","11","21"
"orca_orca","10","11","21"
"orexinergic","12","9","21"
"OrhanKoksal","11","10","21"
"OrtoDoxy_14","12","9","21"
"osauyi-1","9","12","21"
"Oscar_Garcetic","10","11","21"
"OscarYankee","11","10","21"
"Osculatator","11","10","21"
"OSGOT","10","11","21"
"Ottogiugno","11","10","21"
"Outlaw_Torn","11","10","21"
"OVVV_25012023","10","11","21"
"ozkancardozo","11","10","21"
"Ozymandias9999","10","11","21"
"p_chess08","11","10","21"
"Pabliyo77","11","10","21"
"pacman6","11","10","21"
"padmaraj11","11","10","21"
"paheam","12","9","21"
"Paijoirenge","10","11","21"
"paintthetownred","11","10","21"
"PaleSpy","12","9","21"
"palik_elo","11","10","21"
"pandamasterchess","9","12","21"
"Panick81","10","11","21"
"Papamight","10","11","21"
"papatya_kokusuu","11","10","21"
"papik2","9","12","21"
"Parag0852","10","11","21"
"Parham-Chegini","11","10","21"
"ParlePasChine","10","11","21"
"pasajero","10","11","21"
"pascal-rouleaux","9","12","21"
"pasha32","11","10","21"
"patembert","9","12","21"
"pathos_guy","9","12","21"
"pauk1967","9","12","21"
"Paustralia","10","11","21"
"pavbpp2","12","9","21"
"pavvolo","10","11","21"
"Paws82","9","12","21"
"pbultoc","10","11","21"
"pegaso74","10","11","21"
"pelbonek","11","10","21"
"pembleton","10","11","21"
"PerpetuumChessPlayer","10","11","21"
"perspolis1967","12","9","21"
"peterpatti111","10","11","21"
"petpetpil","11","10","21"
"pettycrimes","10","11","21"
"petyuscontrahent","10","11","21"
"PhantomBowie","10","11","21"
"Phenix89","11","10","21"
"Philoctetes1979","11","10","21"
"Philou1802","10","11","21"
"Phoenix33GOS","11","10","21"
"phys-mostafa","11","10","21"
"Pichonazzo","9","12","21"
"PiJay72","9","12","21"
"Pikkaaa","11","10","21"
"Pimonov_Igor","10","11","21"
"Pinangsori_Chess","10","11","21"
"PinkPanda74","10","11","21"
"pionsuper","11","10","21"
"piotrekzx","11","10","21"
"Piyushbhardwaj3","10","11","21"
"plentyattack","11","10","21"
"point_2020","12","9","21"
"poka64","10","11","21"
"pokerchess1980","10","11","21"
"PolloLoco87","11","10","21"
"PolynER","11","10","21"
"PooSok","11","10","21"
"positron961","11","10","21"
"Potter10","10","11","21"
"pourparsa","10","11","21"
"Poussepain","9","12","21"
"POWERPLAY_2013","10","11","21"
"pradeep_cboi","12","9","21"
"PRADEUS","11","10","21"
"praful_2708","11","10","21"
"Prag4321","10","11","21"
"praharsh97","11","10","21"
"PratamaRizki","10","11","21"
"pravia1972","11","10","21"
"Prawn_5tarrr","10","11","21"
"Premoves888","10","11","21"
"Prestrom","9","12","21"
"PRIMAL_T","10","11","21"
"Prince_Mekki","9","12","21"
"ProfTim","10","11","21"
"Profwillians","10","11","21"
"pschlick","10","11","21"
"PSIHALIVE","11","10","21"
"pthakan","10","11","21"
"pulizie2015","11","10","21"
"qtyui","11","10","21"
"QuestionableMove","10","11","21"
"R_irrepressible","10","11","21"
"R12345678","10","11","21"
"Rababany","11","10","21"
"Rabanebunu","9","12","21"
"racibekmez","10","11","21"
"raciomasf","11","10","21"
"Rafa_surf_vb","11","10","21"
"rafadcgr","12","9","21"
"rafamat","10","11","21"
"RaghavGoyal","11","10","21"
"Rahin009","11","10","21"
"raigo215","11","10","21"
"rajeshrknss","10","11","21"
"Ralumon","10","11","21"
"rama-0","12","9","21"
"ramimagdi90","11","10","21"
"RamoTX","11","10","21"
"randomcharacters","10","11","21"
"raoakhi25","11","10","21"
"rapozpower","11","10","21"
"Raptorrock007","11","10","21"
"Ratingcollector","11","10","21"
"Ratmir0709","10","11","21"
"raul190","10","11","21"
"raulptoamo","11","10","21"
"RavenExp","11","10","21"
"rayebersohn","10","11","21"
"Raymundo18","11","10","21"
"Real8","10","11","21"
"Realynotreal","10","11","21"
"Redkit87","11","10","21"
"Reilyx","11","10","21"
"rejeebush","10","11","21"
"rejoke","10","11","21"
"Remo_95","11","10","21"
"RemyAndre","10","11","21"
"reWIND23","11","10","21"
"ReyChessYT","10","11","21"
"ribbongraph","10","11","21"
"ricardosvs","10","11","21"
"RiRi314","11","10","21"
"rishiprakash1234","11","10","21"
"RizskyDominic","11","10","21"
"Rjvkw","11","10","21"
"rkawins","11","10","21"
"RM1998","10","11","21"
"Road2worldchampion","10","11","21"
"Robert_Tunnicliffe","12","9","21"
"Roberto-Donati","11","10","21"
"RobertoAndreev","10","11","21"
"robjansenphd","11","10","21"
"Rocknbol","11","10","21"
"RockyWinS2","10","11","21"
"rodia_rip","11","10","21"
"RoideGlace123","10","11","21"
"Rojali7411","10","11","21"
"Rolo3","10","11","21"
"RomanAr2006","10","11","21"
"romanozvj","11","10","21"
"romantix74","11","10","21"
"Ronald75","11","10","21"
"RonanB","11","10","21"
"RonGutman","10","11","21"
"roock22","10","11","21"
"Rook_around","11","10","21"
"Rooney92","10","11","21"
"Roquedaime","11","10","21"
"Rossonero7676","10","11","21"
"Rouky33","11","10","21"
"RRQD2E","10","11","21"
"rsweeney148","10","11","21"
"rtb123","10","11","21"
"rtfiction","10","11","21"
"Rushikk1986","10","11","21"
"russian_neutrino","11","10","21"
"RussianAmonster","11","10","21"
"RussianEagle96","9","12","21"
"rustico40","10","11","21"
"Rvs23","11","10","21"
"ryohma59","11","10","21"
"Rythroja","11","10","21"
"SABE8","11","10","21"
"sabinaj01","11","10","21"
"sabyrrakhim_amd","10","11","21"
"SacTheLot","10","11","21"
"SADRAFAKOURIAN","10","11","21"
"SadrArt","11","10","21"
"SAEEDIE771","11","10","21"
"Saeidrazaghi","11","10","21"
"SafinRinatRamilevich","11","10","21"
"safirhakim","11","10","21"
"sahadipayan","11","10","21"
"saif098","11","10","21"
"saikiran07","12","9","21"
"Saiko3746","11","10","21"
"Salahudeen","11","10","21"
"saleh_khandan","11","10","21"
"salem_Tarek_10","11","10","21"
"salmabdesalam1","11","10","21"
"Salmaguap","12","9","21"
"Saltpickle","11","10","21"
"sam13er","11","10","21"
"samaymate","11","10","21"
"samersyria","10","11","21"
"Samiachess","10","11","21"
"Samkhya_Purusa","11","10","21"
"Samuelabiolarobinson","10","11","21"
"Samuelyael","9","12","21"
"sandan1111","11","10","21"
"SanderStruck","11","10","21"
"sandhyamerta","10","11","21"
"Sandrocosme2010","10","11","21"
"Sandwichlover","10","11","21"
"sangiorno","10","11","21"
"sanjay115","10","11","21"
"sankeerth1234","11","10","21"
"sanskrutish","10","11","21"
"Santos1397","11","10","21"
"santoshbzaware","10","11","21"
"saraisitave","10","11","21"
"sashashad2011","10","11","21"
"SbadiglioBlu","11","10","21"
"sbrian","10","11","21"
"Scatur1x","11","10","21"
"schach321","9","12","21"
"schefflengO","11","10","21"
"SchrodingersMax","11","10","21"
"SchwarzesHemd","11","10","21"
"ScienceguruTTX1","9","12","21"
"scouser2009","11","10","21"
"ScrubBreaker","11","10","21"
"sdaro","11","10","21"
"seal_beserked","10","11","21"
"searchingforbobby","11","10","21"
"sefahmet","11","10","21"
"sequent9","10","11","21"
"serge3000","11","10","21"
"Sergey_Elfimov","12","9","21"
"Sergey1308","10","11","21"
"SergeyIvanofsson","10","11","21"
"Sergio2397","12","9","21"
"sergmaster1993","11","10","21"
"serhatorkun39","12","9","21"
"sexywenses","10","11","21"
"seyitnursahin","11","10","21"
"seymakrkya","12","9","21"
"SGena","11","10","21"
"sgggrf","9","12","21"
"Shaban_Alena","10","11","21"
"ShahabRahimi","9","12","21"
"shahalamchaudhry2","11","10","21"
"ShamanBelgorod","10","11","21"
"shashwat_tiwari2208","10","11","21"
"Shatranj81","10","11","21"
"shaveko","10","11","21"
"shayan1011","9","12","21"
"shedeadpool","11","10","21"
"sherlock2001holmes","10","11","21"
"Shevchenko_Anatoly","11","10","21"
"ShinraTensei46","10","11","21"
"Shreyu_Palley","12","9","21"
"Shubhachandra","10","11","21"
"Si-14","8","13","21"
"Sibelius-fan","10","11","21"
"siddhant69","10","11","21"
"SiempreNostalgia","12","9","21"
"Sigurd204","12","9","21"
"SileJack","10","11","21"
"Silkwave","11","10","21"
"silverine9","10","11","21"
"Simoham","11","10","21"
"Sinaga96","11","10","21"
"Sirajmsr","11","10","21"
"SirJaques","10","11","21"
"SirMikevonSchwanz","10","11","21"
"siro1922","10","11","21"
"sjuer","10","11","21"
"Skeptikos","10","11","21"
"SkillfulShed","11","10","21"
"sklibur","11","10","21"
"Skromnik","10","11","21"
"sky_black","10","11","21"
"Skywalker_5","11","10","21"
"SL_DMSS","12","9","21"
"SleepMittens","10","11","21"
"sletz","12","9","21"
"SlovakiaL","11","10","21"
"SlowLearning69","10","11","21"
"slowpoke81","9","12","21"
"Smekk","10","11","21"
"smetekucuk","11","10","21"
"smh14","11","10","21"
"SmileZzz","10","11","21"
"SMohamed21","13","8","21"
"smoooth_operator","11","10","21"
"snn24","11","10","21"
"SnorlaxSham","11","10","21"
"sobhansh1385","10","11","21"
"sofwanasmat","10","11","21"
"solua","11","10","21"
"sonobox","10","11","21"
"soorajmekkara","11","10","21"
"SpacoRegina","12","9","21"
"spamnaahs","11","10","21"
"SpecialAllez","10","11","21"
"Spieler2","9","12","21"
"spokiy","11","10","21"
"SralMies","10","11","21"
"Src19911115","11","10","21"
"ss1ss21","11","10","21"
"SSRIMGT","10","11","21"
"Sszmatu","11","10","21"
"stalemate_pro","11","10","21"
"stalemilk94","10","11","21"
"Starfaith","13","8","21"
"stargazerlily_2","11","10","21"
"SteckerlMike","11","10","21"
"stephan2703","11","10","21"
"stevebonet","10","11","21"
"SteXpe","10","11","21"
"stickstick","11","10","21"
"stnghng","11","10","21"
"strapinski","13","8","21"
"strappaccio","11","10","21"
"StrawberrySundae","12","9","21"
"Strushkin","11","10","21"
"stulda","10","11","21"
"sturdynarnar","9","12","21"
"Stylexx","10","11","21"
"su6n","12","9","21"
"SubAntonov","10","11","21"
"Subatlantic","10","11","21"
"subzero_2021e","10","11","21"
"sucres72","11","10","21"
"SugarDaddyOfLagos","11","10","21"
"Suhyun-1","12","9","21"
"Sujan92","11","10","21"
"Sumaher","10","11","21"
"Sunshine_in_the_sky","10","11","21"
"sunshine2019","11","10","21"
"Supadikancil","11","10","21"
"supertenere","10","11","21"
"SusyRD","11","10","21"
"SV92","10","11","21"
"SwagGandalf","10","11","21"
"Swashas","12","9","21"
"SWIFTlee","10","11","21"
"SwillaryHank","10","11","21"
"symbolisch","11","10","21"
"SyntheticFate","10","11","21"
"T_Mkandawire_1","10","11","21"
"T1CGK","10","11","21"
"T1mb3r","9","12","21"
"tadcrazy","11","10","21"
"Take_iteasyy","10","11","21"
"Talant1974","11","10","21"
"Talovian14","11","10","21"
"tarikanwar","11","10","21"
"tarikios96","12","9","21"
"tashotytgovorit","10","11","21"
"tato158","11","10","21"
"Tawheed12","11","10","21"
"taylanpazarci","10","11","21"
"Technipower","9","12","21"
"TelexPandi20","11","10","21"
"Temirr","10","11","21"
"teofree78","10","11","21"
"TERMEN999","11","10","21"
"testouverture","9","12","21"
"ThanosCarlsen","11","10","21"
"the_Scrooge47","9","12","21"
"thebathpirate","11","10","21"
"TheEgo23","11","10","21"
"theforgemaster1","9","12","21"
"TheGhostOfCapa","11","10","21"
"TheHotPotatoe","11","10","21"
"Themilkeyway","11","10","21"
"Themrbrown","11","10","21"
"TheRealRawan","12","9","21"
"TheYoungMimmo","8","13","21"
"ThiagoCallupe_2PUC","9","12","21"
"thibzz","10","11","21"
"thomsontg","12","9","21"
"thuanpony","11","10","21"
"ThunderlionCHN","11","10","21"
"thymarco","11","10","21"
"tigor777","10","11","21"
"Tilman_Goetze","10","11","21"
"Tilori","10","11","21"
"Timestan","10","11","21"
"Timothy_1997","11","10","21"
"Tinchin","11","10","21"
"tio_salamanca","11","10","21"
"Tishe_MKD","11","10","21"
"titaneuropa","10","11","21"
"TitouML","11","10","21"
"tkara28","10","11","21"
"Tofas_Em_Ercan","12","9","21"
"tokomaster","11","10","21"
"tommykanst","11","10","21"
"tommyw6548","10","11","21"
"Tomorrow_Man","10","11","21"
"tonggak","9","12","21"
"Tonka-Tweende","10","11","21"
"TonyYourich","9","12","21"
"TooeleJedi","11","10","21"
"Toooobi","9","12","21"
"topherboco86","10","11","21"
"Toso42069","8","13","21"
"TotallySober","3","18","21"
"Traderlein","10","11","21"
"trainningmb","11","10","21"
"Traxxin","11","10","21"
"TroGen14","10","11","21"
"Trueblood","10","11","21"
"TruTheAce","11","10","21"
"tsarev_777","11","10","21"
"tsty","10","11","21"
"ttfb","12","9","21"
"tuasorella","11","10","21"
"Tudlenudle","10","11","21"
"TuGsTeN_JIGSAW","12","9","21"
"Tulchess","10","11","21"
"tural_moilamov","11","10","21"
"TurgenewDurachok1","10","11","21"
"Turukmakkto","11","10","21"
"Tuttle_M","10","11","21"
"tyrion301099","11","10","21"
"u_zorn","11","10","21"
"UBERMAN83","10","11","21"
"Ububo","10","11","21"
"Uggelguggel","11","10","21"
"UHentschel","11","10","21"
"ukdp","11","10","21"
"ukvan","10","11","21"
"Ulan_N","11","10","21"
"Ulanbek_shahmatist","12","9","21"
"Ulistielike","10","11","21"
"Ulpepo","11","10","21"
"umnums","11","10","21"
"UnclePS","10","11","21"
"UniversalSun","11","10","21"
"usama2013","9","12","21"
"Utkarshjha28","10","11","21"
"uzbek_44","10","11","21"
"vadangyal9","11","10","21"
"vahidnaghdi","12","9","21"
"Vahram777","10","11","21"
"Vaibhav_Saxena2001","10","11","21"
"Valerian2019","10","11","21"
"vanderteim","10","11","21"
"vanix","11","10","21"
"Vansiso","10","11","21"
"VarazdatAmiraghyan5","10","11","21"
"VarneyJ","9","12","21"
"varymicus","11","10","21"
"vassap","11","10","21"
"Vassilisk777","11","10","21"
"Vcube","10","11","21"
"vedantkarandikar","11","10","21"
"veestal","11","10","21"
"Vengeful-King777","11","10","21"
"VenturaJ","10","11","21"
"verbalkid","10","11","21"
"Vesperdose","10","11","21"
"Vibushan","9","12","21"
"Vicky1mishra","10","11","21"
"VieilElfeSage","11","10","21"
"vihaan-thakur1","11","10","21"
"viktor7182","11","10","21"
"VILSONMROCHA","10","11","21"
"Vincent26310","11","10","21"
"Ving_Gambit","11","10","21"
"viniJones","10","11","21"
"Vinlav","11","10","21"
"viper3m","10","11","21"
"vis-1","11","10","21"
"visokos","10","11","21"
"VitaliySnatenkov","11","10","21"
"vitkadok","10","11","21"
"vitthalsur","11","10","21"
"VKdoc","11","10","21"
"Vlad1965-Vlad","9","12","21"
"VladStarr","10","11","21"
"VOJplayer","12","9","21"
"Volchara11","11","10","21"
"Voldemort85","10","11","21"
"vonduch","11","10","21"
"votaro","11","10","21"
"vvchessli","10","11","21"
"Vvedite_text","11","10","21"
"vwv_ra","10","11","21"
"Waake23","11","10","21"
"WAFDI","10","11","21"
"WalidHarati","11","10","21"
"wallgrub","10","11","21"
"Wandall17","11","10","21"
"wastone","9","12","21"
"wavingbeats","10","11","21"
"Wesitos","11","10","21"
"wetatae","11","10","21"
"whosaysiamgay","10","11","21"
"WhyQ","10","11","21"
"Wildergl74","11","10","21"
"William_19","11","10","21"
"williamhesson","10","11","21"
"wills8203","10","11","21"
"wingedturtle","10","11","21"
"winisthegame","10","11","21"
"winning666","11","10","21"
"Winterwriter","11","10","21"
"woobinda66","10","11","21"
"ws_hlebasik","10","11","21"
"WTF_IhaveDone","9","12","21"
"x3333","10","11","21"
"XasanboyAzimov","11","10","21"
"XBAQEERX1","11","10","21"
"Xeque-Fidas","11","10","21"
"Xerox7x","10","11","21"
"xgme","11","10","21"
"xhumblex","10","11","21"
"Xickavana","11","10","21"
"xO-Ox","11","10","21"
"xphytushila123","12","9","21"
"xxxMiguelxxx","11","10","21"
"Y_001","11","10","21"
"Yaboyrobby","11","10","21"
"yahya1359","11","10","21"
"Yairsinio","10","11","21"
"yamya23","10","11","21"
"YankeesChessOfficial","10","11","21"
"yarib97","10","11","21"
"Yass_0909","10","11","21"
"yassine1996","11","10","21"
"YasuuiTheGreat19","11","10","21"
"YeahhhhhBuddy","11","10","21"
"YegorPro","11","10","21"
"YellowSnowGlobe","10","11","21"
"Ynouh","10","11","21"
"YogaVasistha","10","11","21"
"Yoshinere","10","11","21"
"YougotViolated","11","10","21"
"younesmousavian","10","11","21"
"YouShallNotCastle","12","9","21"
"yousseftn","10","11","21"
"youtookmyqueen","9","12","21"
"ysrtll","8","13","21"
"yungjeep","11","10","21"
"YuriySav","10","11","21"
"YX35","10","11","21"
"zabbread","12","9","21"
"Zabdiel81","11","10","21"
"zadvinski","10","11","21"
"zahirazizi","9","12","21"
"Zakarniahmad","12","9","21"
"zap8000","10","11","21"
"zardoz53","11","10","21"
"zaur1974","11","10","21"
"Zavhoz1972","10","11","21"
"Zdziabas","10","11","21"
"ZE_ROOK","9","12","21"
"ZEDMAX","10","11","21"
"zenmmm","10","11","21"
"ZEUQIV","10","11","21"
"Zigi83","10","11","21"
"Ziitoune","11","10","21"
"Zingh","11","10","21"
"ziopaperin","11","10","21"
"Zireael7","10","11","21"
"ziupi2","9","12","21"
"ziyasenol","11","10","21"
"zu8co","11","10","21"
"zulukill","11","10","21"
"zurek1991","11","10","21"
"zwetschgenbammes","10","11","21"
"A_amin_chess","11","9","20"
"A_LHak144","8","12","20"
"A2252","11","9","20"
"a714661ATA","10","10","20"
"A9200012","12","8","20"
"AalapP","11","9","20"
"aaramsamsam","11","9","20"
"aaronack","9","11","20"
"Aayush_Blue","10","10","20"
"ab_niazy","10","10","20"
"Abaelard","10","10","20"
"abbasj1357","9","11","20"
"abhishek_ganiger","11","9","20"
"AbhishekJha01","10","10","20"
"aboba13","10","10","20"
"abolopez","10","10","20"
"abraham666","11","9","20"
"aburiert","11","9","20"
"abuzubeir","11","9","20"
"acbar1234","11","9","20"
"acfapos","10","10","20"
"achebo","10","10","20"
"ACHILATA_POWER","9","11","20"
"adam657","10","10","20"
"AdelaidedelVasto","11","9","20"
"adelamani2020","11","9","20"
"adham98ba","9","11","20"
"Aditya-Beast","10","10","20"
"AdrianGal0","10","10","20"
"AErISch","11","9","20"
"afsec_br","12","8","20"
"Afwan","10","10","20"
"afzali1980","11","9","20"
"agentliquid","10","10","20"
"AhmadR","10","10","20"
"Ahmed_Abid","10","10","20"
"Ahmedfathi1958","9","11","20"
"AhmedRady011","8","12","20"
"Ahmedsw62","11","9","20"
"Ahmedzy","11","9","20"
"ahmet4707","11","9","20"
"Aikichess","10","10","20"
"aimare","10","10","20"
"ainabayo","10","10","20"
"Ainurbot","11","9","20"
"aiyubmollavaiseh","9","11","20"
"Ajain2703","8","12","20"
"Ajedres1","10","10","20"
"Akagamass","10","10","20"
"Akash0115","12","8","20"
"akashchinam","10","10","20"
"AKHILESH9800","10","10","20"
"akiraelli","10","10","20"
"Akita_Aomori","10","10","20"
"Akshay_97","10","10","20"
"Akshay012","9","11","20"
"AksuSerkan","10","10","20"
"AlaGr8","10","10","20"
"Alberto1962","10","10","20"
"Albinius","10","10","20"
"AlBondarenko","10","10","20"
"Aldabonazo-ILG","9","11","20"
"alduim","11","9","20"
"aleks1214","9","11","20"
"Aleksa_sportske","9","11","20"
"Aleksschach","11","9","20"
"Alex-Centr","10","10","20"
"Alexandr337320","10","10","20"
"Alexandrebsb","9","11","20"
"Alexchess82","10","10","20"
"alexsendeza","10","10","20"
"Alferd-1","8","12","20"
"AlfredoArand","10","10","20"
"ALGENERAL_97","11","9","20"
"Alghero","10","10","20"
"Ali_Alqubaiti","9","11","20"
"Ali-22s","10","10","20"
"ali31087","9","11","20"
"aliasgharahmadarabi","10","10","20"
"AlighieriDante2020","10","10","20"
"alireza_phy","9","11","20"
"alireza6985","9","11","20"
"alk_tactics","10","10","20"
"alpererdogmus7900","8","12","20"
"ALPMOURA","11","9","20"
"Alpy00","9","11","20"
"altaerbird","10","10","20"
"aLuminous","8","12","20"
"AM72Esp","9","11","20"
"AmaraMaple","10","10","20"
"amaysharma","10","10","20"
"ameermoham07","11","9","20"
"Amersham","10","10","20"
"amikhelaparinah","9","11","20"
"Aminev_Zahir13","10","10","20"
"AminG92","9","11","20"
"Amirshmohamad","11","9","20"
"amit88aa","9","11","20"
"amitindia","10","10","20"
"ammarbad","10","10","20"
"ammon17","10","10","20"
"AnatolyKarpawn","10","10","20"
"andersenrobinsen","10","10","20"
"andersito1990","10","10","20"
"andi2701","9","11","20"
"Andra23","11","9","20"
"andreascha94","11","9","20"
"AndreasHH","11","9","20"
"Andrei_1960","10","10","20"
"Andresilve","10","10","20"
"ANDREY_1965","9","11","20"
"Andrey101983","10","10","20"
"Andromedaxxx","10","10","20"
"AndSeSerG","10","10","20"
"andys26","11","9","20"
"anees_gh","11","9","20"
"angelfcabello","10","10","20"
"AniketRajSah","10","10","20"
"Anonymoussad07","11","9","20"
"anteloper","10","10","20"
"Anthonyoja","10","10","20"
"antique0440","10","10","20"
"antognow","9","11","20"
"antoniogora","10","10","20"
"antros1","15","5","20"
"Anyaene","10","10","20"
"AO1992","9","11","20"
"Aofa","11","9","20"
"aousmanaseer","10","10","20"
"aperfil","10","10","20"
"Aperol69","9","11","20"
"aph0","9","11","20"
"apprenti-jedi","9","11","20"
"aragornthegreat","10","10","20"
"arashabs1390","9","11","20"
"aravindans1","9","11","20"
"arcadelt","9","11","20"
"Arda764","10","10","20"
"Arian-GHb","12","8","20"
"Aries0917","10","10","20"
"aristir","12","8","20"
"Aristotus","9","11","20"
"Arju_Mainali","9","11","20"
"Arkangelmx","10","10","20"
"arlucman","10","10","20"
"ArmandoSantiago","10","10","20"
"art_hart1","11","9","20"
"Arteaga_felipe8","10","10","20"
"Artem84","11","9","20"
"Arthur-Cuillere","9","11","20"
"artin_asgharzadeh","9","11","20"
"artizan","11","9","20"
"Artur-Sindoyan","11","9","20"
"arupjyotisahoo2006","9","11","20"
"As3DChess","9","11","20"
"asadmosa","9","11","20"
"Asesino_delajedreZ","10","10","20"
"ashishthomas314","10","10","20"
"Asigahn","11","9","20"
"askabhay","11","9","20"
"Askaruly","9","11","20"
"Atagma","11","9","20"
"ataynuhs","11","9","20"
"AtharvaUrdhwareshe","8","12","20"
"athmane_oran","10","10","20"
"Attack2GM","9","11","20"
"atticus_n","9","11","20"
"Attila03","10","10","20"
"Atul10921","11","9","20"
"audichyamukul","10","10","20"
"audunb","10","10","20"
"Avan_Evan","10","10","20"
"Aviokkk","10","10","20"
"avov2002vesol","10","10","20"
"AVVostrukhov","10","10","20"
"AxemanneRs_A","10","10","20"
"ayan116","10","10","20"
"Aydin_Sarica","10","10","20"
"aydinnagilo","9","11","20"
"aymenchesa","10","10","20"
"Ayrique_D","9","11","20"
"azdnlh3","9","11","20"
"azi421","10","10","20"
"B5it89","11","9","20"
"Baba-Moctezuma","10","10","20"
"babaisback","10","10","20"
"babayodelasabana","11","9","20"
"Babur_Yussupov","13","7","20"
"BabyGoth","11","9","20"
"bachgenius","9","11","20"
"bad_boy_21","9","11","20"
"badatchess5087","11","9","20"
"Baiel_new","11","9","20"
"baimukhanov","11","9","20"
"bakatsel","11","9","20"
"balaaspire09","11","9","20"
"bAlbes_77","9","11","20"
"Balrof","7","13","20"
"BaltimoreDean410","9","11","20"
"bananabrown","10","10","20"
"BanditMoscow","10","10","20"
"Bansalboss123","9","11","20"
"baonam22","9","11","20"
"baron","10","10","20"
"BaronMarkKheel93","11","9","20"
"Barry_Barnabas","11","9","20"
"BartoszPlaczek","9","11","20"
"Baru-belajar-MCS","10","10","20"
"BaSeM1973","10","10","20"
"basic_student","10","10","20"
"Batsy_Batsyyy","9","11","20"
"bavariawick","10","10","20"
"BBBGirl","11","9","20"
"bcleary2000","10","10","20"
"Beblike","9","11","20"
"beetlejuice64","10","10","20"
"behrad175","10","10","20"
"behraz","11","9","20"
"BellcraneI","10","10","20"
"belowmelow","10","10","20"
"Belozerov2512","10","10","20"
"BEN_ABDOU","10","10","20"
"BenDWWS","10","10","20"
"Benek77","9","11","20"
"Benja_Gomezz","9","11","20"
"benjiprice1","7","13","20"
"benrazer","10","10","20"
"Berkay171735","11","9","20"
"Berthel","10","10","20"
"BestBadPlayer","10","10","20"
"Bestevenn","10","10","20"
"bestpredator","10","10","20"
"Bestrezaee","10","10","20"
"Betments","11","9","20"
"beyondbirthday","11","9","20"
"bharatbajaj","9","11","20"
"Bibi-Blocksberg","10","10","20"
"Big_di_very","11","9","20"
"BigDogTheDestroyer","10","10","20"
"BiggestBird001","10","10","20"
"Bighead256","9","11","20"
"BigRaphi","9","11","20"
"BigTiger123456","11","9","20"
"bika44","8","12","20"
"Bill_Ackman","9","11","20"
"BillLennon007","10","10","20"
"Bimbolism","10","10","20"
"BinaryFour","10","10","20"
"BINOD_o_o_o","9","11","20"
"birth-of-pawn","12","8","20"
"bitdax","11","9","20"
"Bixzare","10","10","20"
"Bjorn_99","11","9","20"
"BL_V2","10","10","20"
"black_jack","9","11","20"
"black9987","11","9","20"
"blackdemir","10","10","20"
"blackjoemesut","9","11","20"
"blaziza","10","10","20"
"Bleakmove","9","11","20"
"bloodlordhenry","10","10","20"
"blueberry60","9","11","20"
"Bluedonuts","10","10","20"
"blundersonly86","10","10","20"
"BMupondi","10","10","20"
"boardman","10","10","20"
"bobby-fischer-10","11","9","20"
"Bobby0070","11","9","20"
"Bobby1971Sofia","10","10","20"
"bobbyfischer17","11","9","20"
"boczek_dla_psa","10","10","20"
"BogdanYevtukhov","10","10","20"
"bogoln","11","9","20"
"bolatbey","10","10","20"
"Bomsjepom","10","10","20"
"bonjourjoel","9","11","20"
"BORBILFENCINARE","9","11","20"
"borisacevedo","10","10","20"
"borisbrejcha1970","9","11","20"
"bossAlvin","11","9","20"
"BouDthraox","12","8","20"
"Boulyvmo","10","10","20"
"BozoBaller","10","10","20"
"bpsbandit","10","10","20"
"BradRush","11","9","20"
"Brainhitu","9","11","20"
"Brandzello","9","11","20"
"BrayBrayCrayCray","10","10","20"
"BrochwelYsgithrog","9","11","20"
"brosbane","10","10","20"
"Bruc3W4yn3","11","9","20"
"Brunobill","10","10","20"
"bs624","10","10","20"
"bubar92","10","10","20"
"Bubensohn","10","10","20"
"bugbear45","10","10","20"
"Bulyshev_KY","10","10","20"
"buraqq16","10","10","20"
"burg-et-bm","11","9","20"
"BurnsCh","9","11","20"
"burutow24","9","11","20"
"Burzumishi","9","11","20"
"C4ylak","10","10","20"
"cacaleite","11","9","20"
"cafegu","9","11","20"
"CakeIsALie","10","10","20"
"calistopace","10","10","20"
"Call_him_hero","9","11","20"
"CAMELIER","10","10","20"
"candelil","10","10","20"
"CapivaraAssumido","10","10","20"
"caravantheman","10","10","20"
"carelessblunder","10","10","20"
"carluchin91","11","9","20"
"cassio_mottaa","11","9","20"
"casumbal_tedfrancis1","10","10","20"
"catzinha","11","9","20"
"cchess_amateur","10","10","20"
"ccoyas","10","10","20"
"celach7","9","11","20"
"cepi_nugraha","11","9","20"
"cerino7777","10","10","20"
"chacjo99","10","10","20"
"chadPaulie","11","9","20"
"chadreiz","10","10","20"
"Chairboys","9","11","20"
"chambalang","9","11","20"
"chanchal63","9","11","20"
"changingiswinning","10","10","20"
"Chaudharsami","10","10","20"
"Chaun2735","9","11","20"
"CHchessik","10","10","20"
"Checkmate1970","9","11","20"
"CheesyChessCheque","9","11","20"
"Chelsea14011988","10","10","20"
"cherrypicke","9","11","20"
"Cherwin","11","9","20"
"ches123ty","11","9","20"
"chess_idk","9","11","20"
"chess_redneck","10","10","20"
"Chess-learner","11","9","20"
"Chess-We-Can","10","10","20"
"Chess31Chess31","9","11","20"
"Chessachieve","10","10","20"
"CHESSALON","11","9","20"
"chessblackbelt1","11","9","20"
"chessindex1111","10","10","20"
"Chessington008","10","10","20"
"Chessinventer","10","10","20"
"chessj10","10","10","20"
"chesslbpgm","11","9","20"
"chessmaster2870","11","9","20"
"chessmasterTF","10","10","20"
"chessmatisto","11","9","20"
"ChessPapi639","9","11","20"
"chessreskatar","10","10","20"
"chesssarath","9","11","20"
"ChessTalesoftheCrypt","11","9","20"
"chesstarc","10","10","20"
"chesstursu","11","9","20"
"chickenheads","9","11","20"
"chickennuggetlover74","11","9","20"
"Chila_Killer","9","11","20"
"chilli_muffin","10","10","20"
"Chinasky_Hank","10","10","20"
"chingiz45","11","9","20"
"Chipita4582","10","10","20"
"chipontij","9","11","20"
"chiz1111","11","9","20"
"ChocolateRain","9","11","20"
"Chris_Dindo","8","12","20"
"chubak","10","10","20"
"Chubakaa","10","10","20"
"Chucho_0125","11","9","20"
"cieloemar","11","9","20"
"cifos13","9","11","20"
"cinemakro","9","11","20"
"CircleTurbo","11","9","20"
"Ckirkham1","11","9","20"
"CLAMeLeon","11","9","20"
"Clasher__7","11","9","20"
"clavenera","10","10","20"
"ClerTHEBsst","10","10","20"
"closure3","10","10","20"
"cminella","8","12","20"
"cobraGDO","9","11","20"
"coer6","10","10","20"
"Collecter","10","10","20"
"CombiLoco","9","11","20"
"Comepeon","10","10","20"
"Corsar7","10","10","20"
"COSDUM","11","9","20"
"couzin","10","10","20"
"Covenant786","11","9","20"
"crackstonee","10","10","20"
"Craddox","10","10","20"
"crazfa","10","10","20"
"Crazybuu","10","10","20"
"crossfd","10","10","20"
"cSilveira","9","11","20"
"Cultured","10","10","20"
"cumomnia","11","9","20"
"CYBERFRANK","11","9","20"
"D3m3d0n","11","9","20"
"D5wn","11","9","20"
"dachaidh","11","9","20"
"Dady_CooL","10","10","20"
"dafdasfdfd","9","11","20"
"dal_dal_usholl","10","10","20"
"Dalkhak","11","9","20"
"DamascenoDF","11","9","20"
"Damian2024","10","10","20"
"DamienStClaire","10","10","20"
"Damowalsh","14","6","20"
"Dan033","9","11","20"
"dangofangirl","10","10","20"
"dani44","10","10","20"
"danielooprade","11","9","20"
"danielv06","10","10","20"
"danilausssr","11","9","20"
"danjabek","10","10","20"
"dante0224","10","10","20"
"darDrast","11","9","20"
"darkblastois","9","11","20"
"dasgnu","11","9","20"
"DasWinkey","10","10","20"
"dave21","10","10","20"
"DaveCo13","11","9","20"
"Davi_ro","11","9","20"
"david-123fuentes","8","12","20"
"david13800","9","11","20"
"DAVIDRE1988","10","10","20"
"db70","9","11","20"
"dbanica","12","8","20"
"Dcm_1977","10","10","20"
"DD_FIRE","11","9","20"
"ddaannbb","10","10","20"
"ddxcv98","10","10","20"
"Decimus11","11","9","20"
"dedilu","9","11","20"
"defendarov1","8","12","20"
"definitelyme","10","10","20"
"dennis0308","10","10","20"
"DennyImbativel","9","11","20"
"DerHDrache","10","10","20"
"derhemmes","9","11","20"
"Derkamentuschesswiz","9","11","20"
"Derrick1Rose","10","10","20"
"Destinyabasi","10","10","20"
"devils","10","10","20"
"Dgbarral","9","11","20"
"Dhairyasummi","10","10","20"
"DhananjaySharma8888","11","9","20"
"Dharsan_Kumar_G","9","11","20"
"dhedden82","10","10","20"
"DIADORA","10","10","20"
"Dido0","10","10","20"
"diegoisbetterthanyou","10","10","20"
"diegomadeo","10","10","20"
"DiegoR3T","10","10","20"
"diegosoto3684","9","11","20"
"DifferentiateMe","10","10","20"
"dikasths123","10","10","20"
"Dilys","10","10","20"
"dimagnatyuk","10","10","20"
"Dimasik111222","10","10","20"
"dimevt","9","11","20"
"dimon7870","10","10","20"
"DimosGeo","11","9","20"
"DJ-Z","10","10","20"
"DjanduL","9","11","20"
"DJSK18","10","10","20"
"DM03","10","10","20"
"dm277","11","9","20"
"dmgoico","8","12","20"
"Dmitry199607","10","10","20"
"domonsky","11","9","20"
"domqasrawi","9","11","20"
"DonsuzFare","10","10","20"
"Doogen","11","9","20"
"Doomsayer","10","10","20"
"double_zero","10","10","20"
"Doyol_bc","9","11","20"
"dr_knightout","10","10","20"
"dr-x17","10","10","20"
"dragonetti","12","8","20"
"DrakeRodriguez","9","11","20"
"DrDrukkenbolt","10","10","20"
"DrDrunkensss","10","10","20"
"DrPlesky","11","9","20"
"drugic18","9","11","20"
"Druzus","10","10","20"
"DrWankstein","10","10","20"
"ds2643","10","10","20"
"DSCO","11","9","20"
"dshapeti","11","9","20"
"DT632","9","11","20"
"DuBaH","11","9","20"
"Duber_2020","11","9","20"
"DumbDumbDummy","11","9","20"
"Dundulic","9","11","20"
"DuRie","10","10","20"
"DURILANDAK_OUCH","9","11","20"
"Dusan007","11","9","20"
"Dusankostic","10","10","20"
"DVLChess","10","10","20"
"Dynamovec","10","10","20"
"dythlan","11","9","20"
"E2300","10","10","20"
"E3C8","10","10","20"
"eagle-eyed-tiger","10","10","20"
"Easy-Peasy-Japanese","10","10","20"
"Ebueslem","11","9","20"
"Echecs_58","11","9","20"
"Ed92","9","11","20"
"edbergchang","10","10","20"
"Eddie_ibanga","11","9","20"
"EdElrik","10","10","20"
"Ederken80","11","9","20"
"Edrickcosta","9","11","20"
"Efe1927","10","10","20"
"eFeRnos","10","10","20"
"efeskry","11","9","20"
"efimov45","10","10","20"
"efra1917","10","10","20"
"ehaphamed72","10","10","20"
"EikichiOn1zuka","10","10","20"
"ekinoezcelik","10","10","20"
"El_Ajami","9","11","20"
"El_Mojjo","8","12","20"
"el-tutuca","11","9","20"
"elBrowarro","10","10","20"
"electricwarpig","9","11","20"
"elena_1967","9","11","20"
"ElGordoZugzwang","10","10","20"
"elhijodeander","10","10","20"
"Elisiumkill","10","10","20"
"Ellusionist20","8","12","20"
"ElNihad","10","10","20"
"elnurvl","9","11","20"
"ELO404","10","10","20"
"Elpeondiablo","9","11","20"
"elpode123","10","10","20"
"Eltottoblanco","10","10","20"
"Elwenhollidays","10","10","20"
"em1","10","10","20"
"emalu21","12","8","20"
"Emanuel-Argentina","11","9","20"
"emersonsg","9","11","20"
"Emmystrategy","10","10","20"
"emptyeyes","9","11","20"
"emy3455","10","10","20"
"end930223","11","9","20"
"endlessmeetings","8","12","20"
"ENESvelicanstveni","9","11","20"
"enginteekin","11","9","20"
"ENGRMZ","10","10","20"
"Enpassantforthedub","11","9","20"
"eps12","10","10","20"
"Erdbewohner","9","11","20"
"Eren_Yeager-1","10","10","20"
"Erene1","8","12","20"
"ErinGoBragh","11","9","20"
"eritrocit20","12","8","20"
"ErkamMarasli","11","9","20"
"erolx07","10","10","20"
"erpresso","9","11","20"
"erwin007600","9","11","20"
"esikuku","10","10","20"
"Eslivek","11","9","20"
"Esmail_17","9","11","20"
"esmosu","10","10","20"
"EstherE007","10","10","20"
"eternal_prisoner","10","10","20"
"EternalZugzwang","10","10","20"
"ethan-eric","11","9","20"
"Eugen_Maluta","10","10","20"
"Evachesslover","10","10","20"
"Evgeny69","9","11","20"
"EvilRage","9","11","20"
"evolsinats","10","10","20"
"Explod","9","11","20"
"extremal01","10","10","20"
"F_Cowperwood","10","10","20"
"FaaizAhmed10","10","10","20"
"fabricio-paiva","10","10","20"
"factquran09","9","11","20"
"facured12","9","11","20"
"fah33387","11","9","20"
"fai2010","9","11","20"
"fakhutin","10","10","20"
"fannivanpelt","10","10","20"
"Fantaisie","10","10","20"
"Fantomass57","11","9","20"
"faranz","9","11","20"
"fares0055","10","10","20"
"fareslow1971","10","10","20"
"FARIH-BIH","8","12","20"
"Fatih_58","11","9","20"
"fatih_karadeniz34","10","10","20"
"Faucon18","9","11","20"
"FCKPTN7","10","10","20"
"fearberg","9","11","20"
"Fearghas7","10","10","20"
"FedorIvanov","9","11","20"
"felix1981","10","10","20"
"Feras9","9","11","20"
"FernandoElFermoso","11","9","20"
"ferry18","10","10","20"
"FeSalvacion","10","10","20"
"fh_016","10","10","20"
"fidaykin","10","10","20"
"Filatmat","9","11","20"
"filipebisinella","10","10","20"
"Firefighter_ufear","10","10","20"
"FireFishBOT","10","10","20"
"firelordfern","10","10","20"
"Fischerboy1900","9","11","20"
"fishflakes","9","11","20"
"Fisho","9","11","20"
"fit-zee","10","10","20"
"fixities","10","10","20"
"FJ76","9","11","20"
"fkaret55","10","10","20"
"flecha53","9","11","20"
"FortinTiburcio","10","10","20"
"fotoh","8","12","20"
"Fox2828","10","10","20"
"fra88","10","10","20"
"frajo","9","11","20"
"FrankSolanki","10","10","20"
"frans-1","10","10","20"
"FrederickMaster01","10","10","20"
"freepalestine_gyn","9","11","20"
"Frogsmaster","10","10","20"
"fronaldo","10","10","20"
"fruitchess","11","9","20"
"FUNdaMentalChess","11","9","20"
"Furkan_Sami","10","10","20"
"G-G-4","11","9","20"
"G1ml1Dwarves","10","10","20"
"Gabrixuu","10","10","20"
"gagarin0007","10","10","20"
"GALAAD4","10","10","20"
"Galaxyvsg","10","10","20"
"gambett","9","11","20"
"GamblersCop","11","9","20"
"gamking","9","11","20"
"gan_2009","10","10","20"
"ganblg70","10","10","20"
"garconune","10","10","20"
"Garfeel_LeZanya","11","9","20"
"garganturix","10","10","20"
"Garik81","11","9","20"
"gatitodecampo","11","9","20"
"Gearhead","10","10","20"
"Geisel911","10","10","20"
"Gemenis","9","11","20"
"Gengis-Khan","11","9","20"
"Gertz_Alvarado","9","11","20"
"Gesandter","11","9","20"
"Gharleen","9","11","20"
"gianpier08","10","10","20"
"giarenn","9","11","20"
"Giesy","10","10","20"
"giftie123","10","10","20"
"giftson1","11","9","20"
"Gilbert_Tha_Fish","9","11","20"
"git_push","9","11","20"
"giyaaa","9","11","20"
"gjoshi1","10","10","20"
"Gleicson","10","10","20"
"gmsl07","9","11","20"
"gnev22","10","10","20"
"Gobmm","10","10","20"
"GodlessGambit","10","10","20"
"gokalp_kahraman1417","10","10","20"
"GokhanYesiloz068","11","9","20"
"Golfito12","9","11","20"
"golodtimofey","9","11","20"
"Goluboay","10","10","20"
"gons74","9","11","20"
"gonzalezmiguelanguel","10","10","20"
"Gooyo","9","11","20"
"Gordi33","10","10","20"
"gorenovas","10","10","20"
"Gorie","10","10","20"
"Gozic","9","11","20"
"Gransiurell","10","10","20"
"gransus","11","9","20"
"Green_Star","11","9","20"
"GreencrossALCOHOL","11","9","20"
"GREGxGREG","11","9","20"
"GriffinX15","10","10","20"
"grimmeggman718","11","9","20"
"Grisha_Chess2022","8","12","20"
"grrrayson","9","11","20"
"Guilles","11","9","20"
"Guillex","10","10","20"
"guitarguy420","10","10","20"
"GujjuGun","10","10","20"
"Gulideev_55555","10","10","20"
"Gurenci","9","11","20"
"Gurupendulo","11","9","20"
"gustavosamaja","10","10","20"
"gutinhochess","10","10","20"
"guyaul1108","10","10","20"
"gyozo123","9","11","20"
"H123R","10","10","20"
"Haakon08","10","10","20"
"Habeeb72","10","10","20"
"haidak","11","9","20"
"hailampfui","10","10","20"
"HakunaShida","10","10","20"
"Hakvov","12","8","20"
"halfazebra","10","10","20"
"halkhujen13","9","11","20"
"Hamdy_7","10","10","20"
"hamed5058","11","9","20"
"hamid135888","10","10","20"
"Hamza174001","10","10","20"
"Handlaggaren","10","10","20"
"HankRearden","10","10","20"
"HanniBal141","11","9","20"
"Happyfeet8888","11","9","20"
"happypikachoo","10","10","20"
"harenpitroda","10","10","20"
"Hari0011","10","10","20"
"Haruun_2007","10","10","20"
"Hassan_Sinno","11","9","20"
"hatchetfish24","10","10","20"
"hatimSnepi","9","11","20"
"hbcck9","12","8","20"
"hcil","9","11","20"
"Hdhd-mma","10","10","20"
"Hechavarria","9","11","20"
"Hellish","10","10","20"
"hema7680","9","11","20"
"hendy1446","10","10","20"
"Hengki04","10","10","20"
"hennythechess","9","11","20"
"Henrique1234","10","10","20"
"Heretolearn97","9","11","20"
"hermanb22","9","11","20"
"Hermesovsky","10","10","20"
"herredu","11","9","20"
"herreo31","10","10","20"
"HerrVeh","11","9","20"
"Heyitsmeiplaychess","10","10","20"
"Hiawatha-2","9","11","20"
"Hicham2324","9","11","20"
"hicham6382","10","10","20"
"hifer03","10","10","20"
"hikakau_nakamura","9","11","20"
"Hilal_da_boss","12","8","20"
"Himanchess","10","10","20"
"HippenB","10","10","20"
"hkorkutata","10","10","20"
"Hogaak","10","10","20"
"HollyWoodKillz36","9","11","20"
"Holyshots","10","10","20"
"HopeForFuture","11","9","20"
"Horribleplayer_1","9","11","20"
"Hresvelg","12","8","20"
"hrfoukin_96","10","10","20"
"huig","10","10","20"
"HumbleChola28","12","8","20"
"Humbly","11","9","20"
"huwais11","9","11","20"
"iAmM1chael","11","9","20"
"iamsrktv","10","10","20"
"iamvinniev","11","9","20"
"ibasro","9","11","20"
"iceycreamie","10","10","20"
"icklifz","12","8","20"
"Igor_Lutz","11","9","20"
"Igorm37","10","10","20"
"igorsofronenko","10","10","20"
"IGRAMPROTIVFIGURA","10","10","20"
"IKeepOnFalling","11","9","20"
"Ikspeellieverdammen","10","10","20"
"ildarey","9","11","20"
"IliaVS","9","11","20"
"Iliko1","10","10","20"
"Ilkerberber","10","10","20"
"ILoveYouAll100","11","9","20"
"IlyaFetisov","11","9","20"
"imgabe","10","10","20"
"imilsdgd","10","10","20"
"Immortals794","9","11","20"
"impenguin0","9","11","20"
"imsabr","10","10","20"
"INDinoo","11","9","20"
"indiukr","9","11","20"
"Induscombo","10","10","20"
"Ingwar1969","10","10","20"
"inpele","9","11","20"
"IntentMusician","11","9","20"
"InterPrice_99","11","9","20"
"Intron014","11","9","20"
"invisiblesky","10","10","20"
"invoker-666","11","9","20"
"ionplayer","10","10","20"
"Irocmias","10","10","20"
"IrreverentIguana","10","10","20"
"isaacmd","10","10","20"
"IsaacNewton17","10","10","20"
"Isbyllia","10","10","20"
"Iskander101","10","10","20"
"Islamalta","10","10","20"
"Israel1996","10","10","20"
"Isrodro88","10","10","20"
"isteb","10","10","20"
"itaibdr","10","10","20"
"itoiz","10","10","20"
"itsRookJamesBishop","10","10","20"
"Ivan999999","12","8","20"
"ivansanthosh","10","10","20"
"Iwan_Dsas","9","11","20"
"J_Kohonen","10","10","20"
"Jaaaniz","10","10","20"
"jackolg","10","10","20"
"Jackrider1","10","10","20"
"jaco9","9","11","20"
"jah20179","10","10","20"
"Jaksun","9","11","20"
"Jamal-dawdi","9","11","20"
"jameswade111","11","9","20"
"JamieKlem","10","10","20"
"JAMPIER","10","10","20"
"Jankot","10","10","20"
"JanoooChess","10","10","20"
"Janopaz","11","9","20"
"Japonist","10","10","20"
"JarOfBean","10","10","20"
"jarula","10","10","20"
"jatinbatra","10","10","20"
"jaundii","10","10","20"
"Javarroyo","9","11","20"
"javaSniper","10","10","20"
"JAVIER0984","11","9","20"
"JavierSL2003","9","11","20"
"Javinchuu","10","10","20"
"JAY-V","9","11","20"
"JB2906","10","10","20"
"jboer28","10","10","20"
"jcgallont1","9","11","20"
"jean_000","12","8","20"
"Jeff0503","10","10","20"
"Jeffritz","10","10","20"
"Jelen44","10","10","20"
"jemo_ssps","10","10","20"
"jeremychristy14","10","10","20"
"jerhat","9","11","20"
"Jeronimo_stilron","9","11","20"
"jertvakachestva","11","9","20"
"jesse","10","10","20"
"Jesse19","10","10","20"
"JesusCH13","10","10","20"
"JesusLovesYou33","10","10","20"
"jetbee","11","9","20"
"jewboat","10","10","20"
"Jez1984","9","11","20"
"jf_frank","10","10","20"
"jhbigej","9","11","20"
"JHendrix619","9","11","20"
"jimerik","9","11","20"
"Jjard1","11","9","20"
"jjcook1","10","10","20"
"JNakmatov","10","10","20"
"Jnth007","10","10","20"
"JoanaElena","10","10","20"
"JoaoDaGoveia","11","9","20"
"johan886","10","10","20"
"john_doe11","11","9","20"
"john1000056","10","10","20"
"Johnes29","10","10","20"
"JohnLuq","9","11","20"
"johnwickpewpew","10","10","20"
"joinijo","11","9","20"
"Jojo85jo","10","10","20"
"Jonami","11","9","20"
"Jonel_aznar","11","9","20"
"jonembret","9","11","20"
"Jonoze","11","9","20"
"JorgeManobraS92","10","10","20"
"jorgemm","11","9","20"
"jose1992","10","10","20"
"Josi07","11","9","20"
"joyo2","7","13","20"
"JP60","11","9","20"
"jpcheck1984","8","12","20"
"jpf102","10","10","20"
"jpjp","10","10","20"
"jtp_jack","9","11","20"
"juan1967","11","9","20"
"JuanCLA","10","10","20"
"juanit0banana","10","10","20"
"JuanoPabloSecundo","11","9","20"
"juanpablo0608","11","9","20"
"JuHer","11","9","20"
"JulchenF","10","10","20"
"julian254","9","11","20"
"JulianCaraxFermin","11","9","20"
"julianfrogon","9","11","20"
"julioninapaca","10","10","20"
"justinv","9","11","20"
"justmejustme789","10","10","20"
"juzeep","9","11","20"
"jwvcchess","9","11","20"
"kachok_nikita","10","10","20"
"Kaffebryggaren1","11","9","20"
"Kaiyote1","10","10","20"
"Kamil0505","11","9","20"
"kannanbalu","11","9","20"
"Karl_Metzer","10","10","20"
"Karlheinzz53","11","9","20"
"KarlKulator","11","9","20"
"KarloPin2874","10","10","20"
"Karryman","10","10","20"
"KARSH15","8","12","20"
"Karterkarlo","10","10","20"
"Kartoffelkaefer","10","10","20"
"karunmammen","11","9","20"
"Kaustubh1908","10","10","20"
"Kayra_Kamer","11","9","20"
"KBS1102","10","10","20"
"kdinho","10","10","20"
"KDorian69","11","9","20"
"kebabitto","11","9","20"
"keijozz","11","9","20"
"kelex","10","10","20"
"KelvinPatel","9","11","20"
"KenNedy_666","10","10","20"
"KENOBI17","10","10","20"
"keo456","11","9","20"
"Kerminator","11","9","20"
"KevinCorner","9","11","20"
"kevinkeogh09","10","10","20"
"KevSu","11","9","20"
"khaled1993","11","9","20"
"khaledhh","11","9","20"
"Khaledklib","10","10","20"
"khaledtal","9","11","20"
"khan65","9","11","20"
"Khatron_ke_khiladi","10","10","20"
"khismatullint","11","9","20"
"Khoden","9","11","20"
"kilangili","9","11","20"
"KING-SOLOMUN1","11","9","20"
"KingCley","10","10","20"
"kingjymz","10","10","20"
"KingsKnight123","9","11","20"
"kingspawn69","10","10","20"
"KinJong","9","11","20"
"KirillChampion","9","11","20"
"kirithalani","9","11","20"
"Kirk_Franklyn","11","9","20"
"Kmuhammet","10","10","20"
"Knight_Raid3r","10","10","20"
"KnightMovezz","10","10","20"
"knightsmovethinking","10","10","20"
"knightWizard","10","10","20"
"Kokorec_Adam","9","11","20"
"kokymiller2","11","9","20"
"kombucha_sloot","8","12","20"
"Konva11","10","10","20"
"korktundimi","9","11","20"
"kostask9","10","10","20"
"KostiantynUA","10","10","20"
"kostyakabiokov","9","11","20"
"kotaro040","12","8","20"
"kotresha888","11","9","20"
"KPTKDM","11","9","20"
"krantikiran","10","10","20"
"kretenezor","9","11","20"
"krips","11","9","20"
"Krystof83","9","11","20"
"ksanovitch","9","11","20"
"KumarAMR33","9","11","20"
"kunalinamdar","11","9","20"
"Kundele","10","10","20"
"kurkaf","10","10","20"
"Kvassovsski","10","10","20"
"kvirto","10","10","20"
"Kyrn","12","8","20"
"KyZeee","10","10","20"
"La_Mazet","10","10","20"
"LaGrandeNation","9","11","20"
"lakamb","9","11","20"
"laloyop","9","11","20"
"LaMarmotaFatal","12","8","20"
"LamppostsDontCare","9","11","20"
"LanaFedorova","10","10","20"
"lapapaajedrecista","10","10","20"
"LaPepeta","11","9","20"
"Lars1540","10","10","20"
"Lassicalchessrules","9","11","20"
"laten1ght","10","10","20"
"lazarlfc","11","9","20"
"LBG11","11","9","20"
"Lebak","9","11","20"
"Lebensmond","10","10","20"
"LeChat30","9","11","20"
"Lee_Fierro-Zero","10","10","20"
"leechessi","10","10","20"
"leeeeoooo","10","10","20"
"legwenya","10","10","20"
"Leo_Bossi","10","10","20"
"leogambit","9","11","20"
"Leon_DL","10","10","20"
"LeonardoYopalCas","11","9","20"
"LeoVillano1","9","11","20"
"Lepovl","10","10","20"
"lesonnguyen2k7","10","10","20"
"LetsSplitPot","10","10","20"
"li220","10","10","20"
"LiberatingArt","8","12","20"
"lilAMIL","12","8","20"
"link1985","10","10","20"
"linyball","10","10","20"
"Lion77","9","11","20"
"LisacLui","9","11","20"
"Lito0745","10","10","20"
"Lizaveta78","10","10","20"
"lmrnn","10","10","20"
"loetverbruggen","10","10","20"
"Lokeshgarg","11","9","20"
"LongRoadto2000","10","10","20"
"Looking1955","9","11","20"
"looky06","9","11","20"
"LordCarnero","10","10","20"
"Lordfish000","10","10","20"
"lordyoung11","10","10","20"
"losernofriends","9","11","20"
"losetas","9","11","20"
"loudhuman","9","11","20"
"LoveLiveChess1","10","10","20"
"LowRobin","9","11","20"
"Lozilian","10","10","20"
"lPLlKCl","11","9","20"
"lronhubbard","9","11","20"
"lsquard05","11","9","20"
"LTKAUNAS","10","10","20"
"LuanQuan","9","11","20"
"Luc422","11","9","20"
"Lucas_05","9","11","20"
"lucasdecastilla","10","10","20"
"lucaspoocas","10","10","20"
"Luchenza1","9","11","20"
"Luchepeon","11","9","20"
"Lucky-Luke-76","10","10","20"
"lucusdomincus","10","10","20"
"Luis_O_P","10","10","20"
"Luisierra","10","10","20"
"LuisManuelDias","10","10","20"
"LuisVegaCastillo123","10","10","20"
"luisvi2000","9","11","20"
"lunarferro","11","9","20"
"Luzgin","10","10","20"
"Lvfuy","10","10","20"
"LydiaNight","10","10","20"
"m_rizqull","8","12","20"
"M-A-R-i-O","9","11","20"
"m4rv3l0us","10","10","20"
"maaa_chess","10","10","20"
"MacaroniShoes","10","10","20"
"MacazOne","10","10","20"
"macgyversp","10","10","20"
"macho2014","9","11","20"
"MademoiselleColette","12","8","20"
"maestrossimo","11","9","20"
"Magic-Square","9","11","20"
"magnum_carlsberg005","10","10","20"
"mahinashad1602058","9","11","20"
"mahmoud-hassan9696","9","11","20"
"mahrvel7","11","9","20"
"mahyar_abadeh7","10","10","20"
"MajkyM","10","10","20"
"Makandinzwanani","10","10","20"
"MaLangThang","8","12","20"
"Maliman","10","10","20"
"malpiefigle","10","10","20"
"Maltires","9","11","20"
"ManFromMars","10","10","20"
"mani_pulation","10","10","20"
"MANNANgo","9","11","20"
"ManniFraggle","11","9","20"
"manuelservant","10","10","20"
"mapinc","10","10","20"
"MarcosBarzana","9","11","20"
"mariaeugeniausuga","9","11","20"
"Marieczekbullet","10","10","20"
"marine31","10","10","20"
"MariuszH","9","11","20"
"markus76","9","11","20"
"Marluxa85","10","10","20"
"marvmonkey","10","10","20"
"maryamchamann1989","11","9","20"
"Masikskai","11","9","20"
"MASINA89","10","10","20"
"masoud09150336","8","12","20"
"Master_Will","10","10","20"
"MastermindTN","11","9","20"
"masternks","9","11","20"
"masterreddy1","9","11","20"
"mastranion","11","9","20"
"mat551","11","9","20"
"MateInAit","8","12","20"
"Mathias2099","10","10","20"
"Matias_arerbacc","10","10","20"
"matrix_determinant","9","11","20"
"Mauandreilejavi","11","9","20"
"maxilujan2019","9","11","20"
"Maxim2015_ukr","10","10","20"
"MaximuSeverus","10","10","20"
"maxmodena","10","10","20"
"maxmud1337","10","10","20"
"Maxno2002","10","10","20"
"maxwellf05","11","9","20"
"Mc_Donald22","11","9","20"
"mcavalcante2000","11","9","20"
"mcmlxxxvi_ad","9","11","20"
"MdRidwan","9","11","20"
"mdx3","9","11","20"
"MeDaBeast","10","10","20"
"MedoChess12","10","10","20"
"meepstyle13","11","9","20"
"meetrasurik","11","9","20"
"melguete","12","8","20"
"MelkorMorgothBauglir","10","10","20"
"memiriop","8","12","20"
"memocemre","10","10","20"
"Messbecher","9","11","20"
"MetallaroUrlante","9","11","20"
"Methrandir","11","9","20"
"MexicoChess","11","9","20"
"MglSuarez94","10","10","20"
"Mhamed_alhwameda","10","10","20"
"MichaelAfanasyev","8","12","20"
"michal7992","11","9","20"
"michamib","11","9","20"
"michealx0","10","10","20"
"mickmao","11","9","20"
"mike-wazowski","9","11","20"
"mikedaab","10","10","20"
"Mikhail_Mityanin","11","9","20"
"MikhailTalReverso","10","10","20"
"Mikolaj89","10","10","20"
"MilhailTal","11","9","20"
"Mimik7","11","9","20"
"mInZHenFaN","11","9","20"
"mipaltan","10","10","20"
"miratvorecGrinya","10","10","20"
"misha1998","10","10","20"
"mishkkael","10","10","20"
"Miss__Holms","11","9","20"
"Mister21345","10","10","20"
"mittbeste","11","9","20"
"miuryo","11","9","20"
"mjinwonderland","11","9","20"
"mk3029","8","12","20"
"Mkarp","9","11","20"
"MMSC","9","11","20"
"mmzeynalli","10","10","20"
"mohammad_j","10","10","20"
"mohammadbreens1","10","10","20"
"Mohammadjaradat","11","9","20"
"mohammadjavad44","10","10","20"
"mohammadrezad","10","10","20"
"mohitd_1024","11","9","20"
"mohsen102","9","11","20"
"mohsenjafari54","10","10","20"
"mojo540","10","10","20"
"Molina_Illan","10","10","20"
"monte777","10","10","20"
"MOONLEN","10","10","20"
"MorMinx","9","11","20"
"moro4370","10","10","20"
"motoholic","10","10","20"
"motz","11","9","20"
"Moudzedun","11","9","20"
"Mr_Sacrificee","10","10","20"
"MrCervantes","11","9","20"
"mrceviz","10","10","20"
"MrChrizZ","10","10","20"
"Mrelevated","10","10","20"
"mrmatchnul","10","10","20"
"Mrnobody000","11","9","20"
"MrNovice","11","9","20"
"MrRuli","10","10","20"
"MrShunz","9","11","20"
"msyoung2012","10","10","20"
"MTMH034","9","11","20"
"MTurtle","10","10","20"
"muddassarpatel","9","11","20"
"MugheesAhmed2439","11","9","20"
"MugiwaraNoNika","10","10","20"
"MuhammadElNady55555","10","10","20"
"Mukchy143","10","10","20"
"mukhtarmeral","10","10","20"
"multimotyl","10","10","20"
"Muramasa_Saber","11","9","20"
"musicalmeditations","10","10","20"
"Mustiy","9","11","20"
"Mutka","10","10","20"
"Mutreta","9","11","20"
"Muzamily","10","10","20"
"Muzikopat","10","10","20"
"Myco_Cris_Romasanta","11","9","20"
"MyMovesAreBad","9","11","20"
"mynk2498","10","10","20"
"myrnaminkoff10","9","11","20"
"Mysterio_30","10","10","20"
"nadjmo40","10","10","20"
"Nadmvp","11","9","20"
"Naggelbett","9","11","20"
"Nagmus-Karlsen","10","10","20"
"Naif_X","10","10","20"
"Naman2100","10","10","20"
"NamazChess00","10","10","20"
"Nandhakumarsen7","11","9","20"
"NarekS","10","10","20"
"Nasuhxxx","7","13","20"
"Natalia321","10","10","20"
"NateWales","9","11","20"
"NatStrelnik","10","10","20"
"nature_love_germany","9","11","20"
"navjotahuja92","10","10","20"
"Nawartarboush","10","10","20"
"Nazar_Samotiy","10","10","20"
"NBTVNB","9","11","20"
"ND1011","8","12","20"
"NDavidConde","10","10","20"
"Neandergroschen","9","11","20"
"Neel07","10","10","20"
"nejat6347","10","10","20"
"nekitsever","11","9","20"
"Nem_Lesha","9","11","20"
"nemiroy","9","11","20"
"nen1981","10","10","20"
"NeponunBullugu","9","11","20"
"Nepsuliini","10","10","20"
"Nerell","10","10","20"
"nESTORPANTOJA","10","10","20"
"NetStorm","10","10","20"
"NETUNOgod","10","10","20"
"nevermind2121","10","10","20"
"Nextblunder07","10","10","20"
"Nezosman","10","10","20"
"nhtoz","10","10","20"
"Nibor77","10","10","20"
"Niccless","10","10","20"
"Nico10-69","10","10","20"
"niedowieszsieitak","10","10","20"
"NightPrimrose","11","9","20"
"Nigleria23","10","10","20"
"Nik_Korenev","10","10","20"
"nikhilvp","10","10","20"
"nikofach","10","10","20"
"nilabhra_beginer","10","10","20"
"Nillecs","9","11","20"
"Nils_S","11","9","20"
"nimbawop","11","9","20"
"Nimishananda","10","10","20"
"niranam","10","10","20"
"niri81","10","10","20"
"niru20","9","11","20"
"Nitt_Singh","10","10","20"
"nityanshu1312","10","10","20"
"niv1999","10","10","20"
"Niwtoncosmico","11","9","20"
"nizamul37","9","11","20"
"Nizar0204","9","11","20"
"nizofisher1","10","10","20"
"NKGoesToWin","11","9","20"
"nobodyplaysbetter","10","10","20"
"Nohaypanduro","10","10","20"
"NoPro123","9","11","20"
"NOSGALA","10","10","20"
"NotAphdael","10","10","20"
"nowqaq","10","10","20"
"Npppppppp","9","11","20"
"Nrapa","11","9","20"
"Ntozaar","10","10","20"
"numenb","11","9","20"
"nuran","11","9","20"
"Nutellabroetchen","10","10","20"
"nyaung","10","10","20"
"oagv13","10","10","20"
"OcchioDiTriglia","10","10","20"
"Offizieler_Account","11","9","20"
"OGTenner","11","9","20"
"OgundijoHassan","9","11","20"
"oguz1818","11","9","20"
"oguzaydin96","11","9","20"
"Ohassa","10","10","20"
"oisann","11","9","20"
"Okan-Turan23","10","10","20"
"ol4g_antonov","10","10","20"
"olduvai","10","10","20"
"Oliveoyl168","10","10","20"
"oliver_beyond","10","10","20"
"Olop","10","10","20"
"olracleifubm","9","11","20"
"omer1997","9","11","20"
"One_system1","10","10","20"
"Online_chessplayer","10","10","20"
"oooxyzzz","10","10","20"
"opethian","9","11","20"
"Orasgadelas","8","12","20"
"Ordzhocity","11","9","20"
"orhun79","11","9","20"
"Orlaggagien","10","10","20"
"OruOorlaOruRaja","10","10","20"
"orwell4president","11","9","20"
"osaksman1","10","10","20"
"oscarsupermax","10","10","20"
"osmangokcepinar","10","10","20"
"osuamkpe2008","11","9","20"
"otmshk","10","10","20"
"outpostedknight","10","10","20"
"Owelien","10","10","20"
"P1peter1","11","9","20"
"paabloolivares","10","10","20"
"pablo_calabro","10","10","20"
"Pablo_Gomez","11","9","20"
"pacochen","9","11","20"
"paddy_k29","10","10","20"
"paerstymer","10","10","20"
"paleoketo","10","10","20"
"PAMEND","10","10","20"
"Panajotov96","9","11","20"
"panalpizm","11","9","20"
"Panamalcolm","11","9","20"
"paogpaog19","10","10","20"
"PaperEatingRabbit","11","9","20"
"Parasitee","10","10","20"
"Pasaminy","9","11","20"
"pasapi0","10","10","20"
"Passagier01","10","10","20"
"PasuquinBoy","9","11","20"
"pateyiz","10","10","20"
"pathorw08","10","10","20"
"patlat","10","10","20"
"paulasc","9","11","20"
"Paullo1980","10","10","20"
"PavelKoro","10","10","20"
"Pawnonpar","9","11","20"
"Pawnstarkiller","10","10","20"
"PawntiacBand1t","9","11","20"
"Peacemaker67","11","9","20"
"PecaBattya","10","10","20"
"pederao","10","10","20"
"Pedro7AC4","10","10","20"
"peeffes","10","10","20"
"peisnecker","10","10","20"
"perfeccion999","10","10","20"
"peterfrisk","10","10","20"
"Petrovisk21","10","10","20"
"pfticas","10","10","20"
"Phile89","11","9","20"
"Phl0gist0n","11","9","20"
"phong1","10","10","20"
"phoodle","9","11","20"
"piazzai","9","11","20"
"pier67xxx","9","11","20"
"pierluigi87","11","9","20"
"pimousse13","10","10","20"
"pion_123","10","10","20"
"piotrszmidt1985","9","11","20"
"pjkon_1_2_3","10","10","20"
"PL23","10","10","20"
"placaplaca","10","10","20"
"Plano_de_200","10","10","20"
"Play4myLive","7","13","20"
"PlayWithFun","9","11","20"
"plplp1","9","11","20"
"PoczatkujacyMadrala","11","9","20"
"podavrelo","11","9","20"
"Pole_vineeth","10","10","20"
"Polina14191849","11","9","20"
"PolMorfi","11","9","20"
"polo_01","8","12","20"
"Pomelow","9","11","20"
"PORIYAs","10","10","20"
"poundsign","10","10","20"
"Praetor25","11","9","20"
"prashj","10","10","20"
"prathamesh112","10","10","20"
"President2033","10","10","20"
"press-F","10","10","20"
"PrinzHonigtopf","10","10","20"
"PrithviRajPrajeesh","10","10","20"
"pro2005memo","11","9","20"
"protohumanist","10","10","20"
"PRUDHVIRAJ11","9","11","20"
"puxasturies5","10","10","20"
"pwkd","10","10","20"
"py4nik","11","9","20"
"qarizMa35","8","12","20"
"QGD_07","11","9","20"
"QOrsi","10","10","20"
"quavorrio","8","12","20"
"Quinnator21","10","10","20"
"Quirin","10","10","20"
"r_bayer","10","10","20"
"R0SH4N","9","11","20"
"Rabbi03","10","10","20"
"RadeauEnPerdition","11","9","20"
"rafaroque2000","10","10","20"
"Rahmetov_Ruslan","10","10","20"
"rahulmadavi","10","10","20"
"rahulvb1994","10","10","20"
"Raichstag","11","9","20"
"RAIDERS-FC","10","10","20"
"Rajabov_B","10","10","20"
"Rajendiran26","9","11","20"
"rak_rab7_hhhh","11","9","20"
"RalfB23","11","9","20"
"Ralza63","10","10","20"
"Ram1302","10","10","20"
"ramboY","10","10","20"
"ramsaybolton31","11","9","20"
"ramukakaTHEog","9","11","20"
"Rana_0001","9","11","20"
"RandomResponse","11","9","20"
"randz6","11","9","20"
"ranjah87","10","10","20"
"Raonic","11","9","20"
"Rapha1507","9","11","20"
"rappertizer","9","11","20"
"rasulovchess","10","10","20"
"ratiua","10","10","20"
"RattigeGurke03","10","10","20"
"RaudelBG88","10","10","20"
"ravigamingtv","9","11","20"
"RaynSteckn","10","10","20"
"Raziy","17","3","20"
"rbidigaray","11","9","20"
"rbravishankar","9","11","20"
"rcflyair","11","9","20"
"rcx85","10","10","20"
"rdlc","9","11","20"
"RE_Dexter","10","10","20"
"realmadrid105","10","10","20"
"redlaw","10","10","20"
"RedThinker","11","9","20"
"Refhku","7","13","20"
"regoGr","10","10","20"
"remasmoon556","9","11","20"
"ReMatto1956","9","11","20"
"Remigio2023","11","9","20"
"Renacentista","10","10","20"
"RendraAnggiraSCC","9","11","20"
"Renz1623","10","10","20"
"rere1969","10","10","20"
"residentbald","12","8","20"
"reymnen","9","11","20"
"Reynerio19","12","8","20"
"Reza19781978","10","10","20"
"Ric-leo","10","10","20"
"richi010","10","10","20"
"RichTum007","11","9","20"
"Rikky-96","10","10","20"
"rimmir75","11","9","20"
"Rino85","10","10","20"
"Rioinmorocco","9","11","20"
"ripC-hitchens","11","9","20"
"rittersport29","11","9","20"
"robert-30","10","10","20"
"robinchristopher","10","10","20"
"Robotoy","10","10","20"
"RocketSwalker","10","10","20"
"RohanParsan118","12","8","20"
"rokeerboy94","12","8","20"
"Rokiman7","10","10","20"
"ROM4IK_1","10","10","20"
"Roma_365","9","11","20"
"Roman197430","11","9","20"
"Roman46","8","12","20"
"Romschimz","10","10","20"
"roool123","10","10","20"
"rosenfox","11","9","20"
"RostPruymuk","11","9","20"
"roysayan","11","9","20"
"rpandey0802","10","10","20"
"RRBRRB","9","11","20"
"ruchess24","10","10","20"
"Rudraksh420","9","11","20"
"rumble_bee","10","10","20"
"RupertHBL","10","10","20"
"rusadir8x8","9","11","20"
"rushenpolla","9","11","20"
"ruskano","11","9","20"
"RuslansGambit","9","11","20"
"RussiaUral","10","10","20"
"rusten153","10","10","20"
"RVaclavik","9","11","20"
"Ryba-Trin","10","10","20"
"s_ss","10","10","20"
"Sa_Nia","10","10","20"
"Sacer","11","9","20"
"sachin0809","10","10","20"
"Sadaba_Dennis","11","9","20"
"Safrat_Samia_28","10","10","20"
"Said_Batyrov","11","9","20"
"SaifKarol","10","10","20"
"Saifkhanwarshi","10","10","20"
"Sajadmirzaei1385","10","10","20"
"saket_sinha","10","10","20"
"Salihof","10","10","20"
"sallam321","11","9","20"
"Sam10061986","10","10","20"
"Sam21072107","10","10","20"
"Sam75847584","11","9","20"
"SamBam84","10","10","20"
"SamirGhimire","10","10","20"
"sanchez-pedroo","11","9","20"
"SandisoDlamini","10","10","20"
"SandroSanBal","10","10","20"
"SandyaKala","10","10","20"
"SanjuBaba786","10","10","20"
"sansiz70","10","10","20"
"Santiago_alvarado","9","11","20"
"saraivosky","10","10","20"
"Sataccot","10","10","20"
"satlab","9","11","20"
"SATO_1","10","10","20"
"satrancustasi38","10","10","20"
"satulosabes","10","10","20"
"satz97","10","10","20"
"sbenz2","10","10","20"
"Sboniso205","10","10","20"
"scarface007_e","10","10","20"
"schiardi","10","10","20"
"SchurlVienna","12","8","20"
"Scorch9","9","11","20"
"Scumbria","10","10","20"
"seanjensen","9","11","20"
"sebasambu","10","10","20"
"sebastianluna","10","10","20"
"sebp00","11","9","20"
"Sedevacantista","10","10","20"
"sedoystinc","10","10","20"
"segslo","10","10","20"
"Seiml","10","10","20"
"selo1313","10","10","20"
"SemenovIgor","10","10","20"
"semisolid","9","11","20"
"Semmelgreis","10","10","20"
"Senzo111","10","10","20"
"sequenz420","11","9","20"
"SerenoSantos","10","10","20"
"Serg2912","10","10","20"
"sergei-1609","10","10","20"
"sergey11011963","10","10","20"
"sergioxxx","10","10","20"
"Serhan55","11","9","20"
"Serranoo63","9","11","20"
"Servej1","10","10","20"
"SGMYoussef","10","10","20"
"shahparth1","9","11","20"
"shalomsg","10","10","20"
"Shamb","10","10","20"
"shane_2003","11","9","20"
"Shankar_2001","10","10","20"
"Shankar_Lal","9","11","20"
"Sharmas007","10","10","20"
"Shaxmatist_Armo","9","11","20"
"Shazaarian","10","10","20"
"SHESTAKOV_O","10","10","20"
"shevy99","11","9","20"
"Shikdekanda","11","9","20"
"Shmuel148","9","11","20"
"ShockIsPlayerGood","11","9","20"
"Shockwave619","10","10","20"
"SHOTGUNLOVER","11","9","20"
"shsjzjsjsm23","10","10","20"
"shubh_025","10","10","20"
"Shukrullo_F","10","10","20"
"shy_sw4ggr7","10","10","20"
"shyma2","10","10","20"
"sidakchhabra123","10","10","20"
"SiddharthPandey1330","9","11","20"
"Sify007","10","10","20"
"silvia74","10","10","20"
"simonpark061219","10","10","20"
"SimpleMustang","10","10","20"
"Sinaasadifar","11","9","20"
"sinnerman12","11","9","20"
"siriys1231","9","11","20"
"sitkienesbaris","9","11","20"
"Sk_singh5","10","10","20"
"Skardo","10","10","20"
"Skhokho1507","10","10","20"
"Skyhunter46","10","10","20"
"SkySpyGuy","11","9","20"
"slickmick432","10","10","20"
"slumpona","12","8","20"
"SMarton0w0","10","10","20"
"Smegmahamgems","10","10","20"
"Smratty","9","11","20"
"Smrm-Persian","11","9","20"
"smwedzi","10","10","20"
"sndjones008","10","10","20"
"snifl","9","11","20"
"Snumpy_fairy","11","9","20"
"sodabread","10","10","20"
"Softcore_Pawn","10","10","20"
"solinelfa","10","10","20"
"SolVita","10","10","20"
"som85","11","9","20"
"Sonics1962","10","10","20"
"SonjaHl","11","9","20"
"SoonerOrLaterPASWins","10","10","20"
"sor_haydar1903","11","9","20"
"soulfood_official","11","9","20"
"Sovon92","10","10","20"
"spascha4f","10","10","20"
"spathdio","10","10","20"
"Speed15032012","9","11","20"
"Spinacina","9","11","20"
"Spoutnik1983","9","11","20"
"sprava","10","10","20"
"Squash1405","10","10","20"
"SrbinUSvemiru","10","10","20"
"Srendin","10","10","20"
"ssahinilhan","9","11","20"
"SSam56","11","9","20"
"ssannit","10","10","20"
"ssds125","10","10","20"
"Stahgah","11","9","20"
"stathisk","9","11","20"
"StefanoMaggio","10","10","20"
"stefanopatrick07","11","9","20"
"Steinitz777","10","10","20"
"stepan845","10","10","20"
"stephane-22001","10","10","20"
"StephFameux","12","8","20"
"steventst2","11","9","20"
"strong_pilot","10","10","20"
"SuAnk","10","10","20"
"Suchaplayer2020","10","10","20"
"sudhu7","11","9","20"
"sugarcamp","9","11","20"
"Suhyun_2","10","10","20"
"SukatJalan","11","9","20"
"Sukhbat_1","10","10","20"
"SukriGatti","10","10","20"
"sunabass","8","12","20"
"supiansy","10","10","20"
"supritam_das","10","10","20"
"SupWitches","10","10","20"
"Survivor77","10","10","20"
"Syahrilmesi","8","12","20"
"SylentKnyght","10","10","20"
"syncmewithyou","9","11","20"
"System_7","11","9","20"
"Szalonyborsuk","11","9","20"
"szubkov","9","11","20"
"SzyC","10","10","20"
"T-Steak","9","11","20"
"TacticallyFlawed","11","9","20"
"tahakhalili1389","11","9","20"
"tahsinnpasha","10","10","20"
"tajik5757","10","10","20"
"takanoyama","10","10","20"
"takenbyyWine","9","11","20"
"takesiftakes","10","10","20"
"Tamballa","10","10","20"
"TanosBullet","10","10","20"
"taotechaching","9","11","20"
"TarekRiahi11","10","10","20"
"tarn2l","10","10","20"
"TASSOELLA","10","10","20"
"Tatarin1959","10","10","20"
"taureaurouge","10","10","20"
"tayfun_12230","10","10","20"
"tayyibimeci","10","10","20"
"techatark","11","9","20"
"Tecknik_B10","9","11","20"
"Ted-FatDad","10","10","20"
"teleb","9","11","20"
"temetnosce01","10","10","20"
"temur9799","11","9","20"
"teperdonamos","11","9","20"
"Tesla_19","10","10","20"
"teymen3","11","9","20"
"thabomalaka","10","10","20"
"ThalesUrian","10","10","20"
"The_Knight_Watch","9","11","20"
"the_mindset","9","11","20"
"the_phenomenal_VJ","9","11","20"
"the_ZeitungFrom43","10","10","20"
"TheBoyOfMan","9","11","20"
"TheCavedweller","11","9","20"
"TheGoodest_TheBest","10","10","20"
"thegreatgemi","11","9","20"
"thehippocrates24","11","9","20"
"TheIsmofR","10","10","20"
"Theo_Dorant","9","11","20"
"Therifki07","10","10","20"
"TheSoundOfSilence98","9","11","20"
"thingsbad","9","11","20"
"thisthis","10","10","20"
"thlefteris","10","10","20"
"thomasjulian","10","10","20"
"thomasvogel","9","11","20"
"thorgrin","10","10","20"
"throbbed-gristle","10","10","20"
"throwaway1988","10","10","20"
"Tianvitt","10","10","20"
"Tichala","9","11","20"
"Timaks","10","10","20"
"Timers15","11","9","20"
"tinmarc","10","10","20"
"Tinyiko100","9","11","20"
"TipYourKingDude","10","10","20"
"Tiranchessali","10","10","20"
"TitaniumRook22","10","10","20"
"titou123","11","9","20"
"TitunovIvan","10","10","20"
"tjdeberry2","8","12","20"
"TKDK","9","11","20"
"tlehrig","9","11","20"
"TobiKingerino","10","10","20"
"toboso_07","11","9","20"
"tojuju","10","10","20"
"tolstojevski","8","12","20"
"tom-at","10","10","20"
"tomerdo","10","10","20"
"ToniDex","10","10","20"
"ToniFeloni","9","11","20"
"toofan303","9","11","20"
"TooSwety","9","11","20"
"TOPCUenes42","10","10","20"
"Toprak632","11","9","20"
"toukebri","10","10","20"
"tourne14","11","9","20"
"ToxicLoser","10","10","20"
"traegic","10","10","20"
"trankillooo","10","10","20"
"Travel_Size","10","10","20"
"treisoboloi","10","10","20"
"Tretik","11","9","20"
"trilob1te","11","9","20"
"TriloBJJ","10","10","20"
"Trivelius","9","11","20"
"TrueRom","11","9","20"
"TRUFFE68","10","10","20"
"tscchess","10","10","20"
"Tttttttooooooooo","11","9","20"
"Tubebitofiufiu2022","9","11","20"
"TumbweArtorius","10","10","20"
"tunxhi","11","9","20"
"TurboYasser","9","11","20"
"TurmD2","10","10","20"
"turnkey33","10","10","20"
"turuu99","11","9","20"
"Twiceupontwotimes","10","10","20"
"TWOJstaryTOspokoGOSC","11","9","20"
"tyson1980","10","10","20"
"tyubraj","11","9","20"
"tyzzz78","10","10","20"
"ubermensch_3","10","10","20"
"ubiiica","11","9","20"
"Udokos","10","10","20"
"Uhorcik","9","11","20"
"ujjwalabhishek","10","10","20"
"ujkushijakut","11","9","20"
"Ulises88","11","9","20"
"unalruzgarHsa","10","10","20"
"UngeheuerLich","10","10","20"
"UNOHU","10","10","20"
"UsoNoYume","10","10","20"
"Uzunyan","9","11","20"
"V-jay","11","9","20"
"VAA63","9","11","20"
"VaddanamGoutham","10","10","20"
"Vaek","11","9","20"
"VahePoghosyan","9","11","20"
"vahey","9","11","20"
"vakitsiz","10","10","20"
"Valduero","10","10","20"
"valerio_rodorigo","11","9","20"
"vanomako","11","9","20"
"Varad1215","9","11","20"
"Vargandras","11","9","20"
"varun740","11","9","20"
"vasiliofturks","10","10","20"
"vasyaivaN24","9","11","20"
"vcothurnatus","10","10","20"
"VenkataKalyanY","11","9","20"
"veranerox","9","11","20"
"verde013","10","10","20"
"Vhengani","9","11","20"
"vhssdoo","10","10","20"
"vibhanshu1995","9","11","20"
"vigorek","10","10","20"
"vikingo2b","11","9","20"
"vinu465","9","11","20"
"VishwajitMankar","11","9","20"
"vishyvishy19","12","8","20"
"Viva_Africa","11","9","20"
"vivnnornd","10","10","20"
"viybu_MC","11","9","20"
"vlad_Nrb","10","10","20"
"VladimirBron","9","11","20"
"Vladivostok_40","11","9","20"
"Volantary","8","12","20"
"voldemar_der","10","10","20"
"volodya61","11","9","20"
"vouyerken","11","9","20"
"vrekhson","10","10","20"
"waadbaa","10","10","20"
"Wael_Noaman","10","10","20"
"waelfarouk74","10","10","20"
"Wanap","10","10","20"
"Wander3r","11","9","20"
"warehden","9","11","20"
"watchmeblowthisgame","10","10","20"
"Watersprint","8","12","20"
"Wave00","10","10","20"
"welinson","9","11","20"
"White459","10","10","20"
"WhiteBeard1978","11","9","20"
"whozaipha","9","11","20"
"wicksdontlie","10","10","20"
"wik2012","10","10","20"
"Wildthing61","10","10","20"
"willerer","10","10","20"
"williamsmithiv","11","9","20"
"Willymunro","10","10","20"
"Wilsmer","10","10","20"
"WimpieD","8","12","20"
"winken09","9","11","20"
"wiwit01","10","10","20"
"Wizord","10","10","20"
"WorcesterYork","8","12","20"
"WORMATE","11","9","20"
"WP404E","10","10","20"
"X_pedricox_X","10","10","20"
"X442ypsamudra","10","10","20"
"xb4","11","9","20"
"xChessMan13","11","9","20"
"xecutor3minem","10","10","20"
"Xerxiaxynn","9","11","20"
"xhati","12","8","20"
"ximobayo","10","10","20"
"xitur","9","11","20"
"Xivaz","10","10","20"
"xk387","10","10","20"
"Xopiad","11","9","20"
"xteqko","10","10","20"
"XusanboyErkinjonov","11","9","20"
"xX_ProGamer_Xx","10","10","20"
"Xyzcmkare","9","11","20"
"YA_BOI_PLAYS_CHESS","11","9","20"
"Ya_rulin","9","11","20"
"Yabadu","10","10","20"
"yamakas11","9","11","20"
"Yaraslau_Zadvorny","11","9","20"
"yasin_ghavi","12","8","20"
"Yasinking","10","10","20"
"YasonKa","10","10","20"
"yasserpain","8","12","20"
"Yatagaruso","10","10","20"
"Yea-chess","9","11","20"
"yehyaboutouatou","10","10","20"
"yekas","11","9","20"
"Yhanz24","11","9","20"
"yoan1987","10","10","20"
"yoel158","10","10","20"
"YouLoseBud","10","10","20"
"youngloser","10","10","20"
"youssef_1933","10","10","20"
"yssin05","10","10","20"
"Ysyakh","10","10","20"
"Yuki99","9","11","20"
"yulort","10","10","20"
"YummyRatburger","11","9","20"
"YuriSmirnov1977","10","10","20"
"Yuriykuzenko","10","10","20"
"YuvrajPlaysChess","10","10","20"
"z1x","10","10","20"
"zachavelli","10","10","20"
"Zahar_57","10","10","20"
"ZaheerAsefi","10","10","20"
"zenica2003","10","10","20"
"ziegfiroyt","10","10","20"
"Ziyabaykus","12","8","20"
"Zlatek2212","8","12","20"
"zooooooooooooooooof","9","11","20"
"zor123","10","10","20"
"zoros_07","10","10","20"
"Zoubba","9","11","20"
"ztousLB","10","10","20"
"zulus11","10","10","20"
"zumzum20","11","9","20"
"ZvukyMu","10","10","20"
"Zwickau1","10","10","20"
"A_asem_23_yousry","11","8","19"
"a_saze79","9","10","19"
"a-k-live","8","11","19"
"AAA_71","9","10","19"
"aadityar","10","9","19"
"Aakaash_sky","10","9","19"
"AAL10A","9","10","19"
"Aandrijaa","10","9","19"
"aashu1","10","9","19"
"Abd_karam","10","9","19"
"AbdallahHamdey5599","11","8","19"
"Abdalloh_mostafa","9","10","19"
"abdelrahaman","9","10","19"
"abdullahkz","10","9","19"
"abdullrahman77","9","10","19"
"abengc40","9","10","19"
"abiel66","8","11","19"
"abo_abdelrahman","12","7","19"
"Abo-Malek","9","10","19"
"ABoulderProposal","9","10","19"
"aburakyakar","9","10","19"
"Abusadament3","9","10","19"
"acapangoat","9","10","19"
"Ache4","10","9","19"
"achichorro","9","10","19"
"acima","10","9","19"
"AciraSoul","10","9","19"
"aclwitt","9","10","19"
"AdamPDotty","9","10","19"
"Adelaalsakr","10","9","19"
"Adenan","9","10","19"
"adham5","9","10","19"
"adiab06","10","9","19"
"AdieuMyQueen","8","11","19"
"Adik100893","9","10","19"
"Adrioh","9","10","19"
"advaitdubey","10","9","19"
"advoet","9","10","19"
"aerience","9","10","19"
"afrodiziziak","10","9","19"
"AgnisMednis","9","10","19"
"agreste","9","10","19"
"aguedagg","9","10","19"
"agulhadourada","10","9","19"
"ahaneek","9","10","19"
"ahmed2036","9","10","19"
"ahmedtymour","10","9","19"
"Ahmeterarslan","10","9","19"
"AhornGolf","9","10","19"
"Ai89doss","9","10","19"
"ajcolmenarez","10","9","19"
"Ak-447","10","9","19"
"akashtripathichamp","9","10","19"
"Akejan_KZ","11","8","19"
"akif256","8","11","19"
"akilay","10","9","19"
"akjett","9","10","19"
"akomx1000","9","10","19"
"AksChess1","10","9","19"
"Akshay_kashyap","11","8","19"
"Aku99","9","10","19"
"Al_Azif","11","8","19"
"Al-N0man","11","8","19"
"AlasDeLibertad","10","9","19"
"AlastoR_1980","9","10","19"
"alayecommot4street","9","10","19"
"Albilosco","10","9","19"
"alcapone21","9","10","19"
"alecwinbald","8","11","19"
"AlejandroMGarcia","11","8","19"
"ALEKSAKRA","9","10","19"
"Aleksandr_Diag","11","8","19"
"Aleksei1985","11","8","19"
"Aleksej81","9","10","19"
"AlekseySmirkin","10","9","19"
"Alex_512","9","10","19"
"alex103","9","10","19"
"alex113","10","9","19"
"alex23ro","9","10","19"
"AlexanderAsis11","10","9","19"
"alexandr0920","10","9","19"
"ALEXIS100PRO","10","9","19"
"Alexzyk1","11","8","19"
"alfilo7","10","9","19"
"ali-moshae","9","10","19"
"Alibastra69","9","10","19"
"alienwarevf2tr","10","9","19"
"Alik123","11","8","19"
"Alirman","10","9","19"
"Alivmo","10","9","19"
"aliyashk","9","10","19"
"ALNFASH","10","9","19"
"alostracco","10","9","19"
"alp111111","8","11","19"
"AlperKaan2011","10","9","19"
"Alphazero2023","9","10","19"
"alptigre","8","11","19"
"ALROGM","9","10","19"
"Alvas76","10","9","19"
"amir_amirii_2021","9","10","19"
"amirbd89","8","11","19"
"amirhosein_baradaran","9","10","19"
"AmirHosseynMP","9","10","19"
"amirreza02","10","9","19"
"AmirulFauzi19","10","9","19"
"amphibianfrog","9","10","19"
"Amr_Alkarm1992","9","10","19"
"AMRO444","9","10","19"
"Amyshah696","9","10","19"
"anand-anshu","10","9","19"
"ander16","9","10","19"
"Andreas578","10","9","19"
"andreasroessner91","9","10","19"
"Andrei82","10","9","19"
"andreicap","8","11","19"
"Andreittr","9","10","19"
"andrenov","9","10","19"
"Andres_Felipe","10","9","19"
"Andres7321","10","9","19"
"AndresDinamic","9","10","19"
"AndresRueda1","7","12","19"
"Andrew-Saba","10","9","19"
"andrey77777","7","12","19"
"AndreyAAAAA","10","9","19"
"andreyka007","10","9","19"
"AndreyKashinPerm","9","10","19"
"AndreyPestryakov","9","10","19"
"AndyDodo","10","9","19"
"Anecdot","10","9","19"
"ANEWVIRUS2021","10","9","19"
"angelenko","10","9","19"
"AngrySigma","10","9","19"
"AnIshdS","10","9","19"
"anna01232","10","9","19"
"AnneV","10","9","19"
"AnodeRLoss","10","9","19"
"ANS789123","9","10","19"
"ant44","8","11","19"
"anteickch","10","9","19"
"Antman757","10","9","19"
"Anton-Dementyev","9","10","19"
"antoniodelbacile","9","10","19"
"Anya_Kolesnikova","9","10","19"
"APAE","9","10","19"
"apit_kabcianjur","11","8","19"
"ApoloCastleK","9","10","19"
"Aquasar","9","10","19"
"Arcaduz","9","10","19"
"arcygamrat","9","10","19"
"ardatt1155","10","9","19"
"Ardenas45","10","9","19"
"ardianfoniqi","10","9","19"
"ardid","9","10","19"
"Ardzinba","10","9","19"
"ArgonAchilles","8","11","19"
"Arihant01","9","10","19"
"Aristotelov","9","10","19"
"arivieito","9","10","19"
"arjun_pr","9","10","19"
"Arkadiy_PchelkiN","10","9","19"
"arkchess1963","9","10","19"
"arLan_manru","9","10","19"
"ArmenPapyan","9","10","19"
"Arminflco","10","9","19"
"armmaud","9","10","19"
"arnaldojrbr","11","8","19"
"ArneHomann","10","9","19"
"arni21ds","10","9","19"
"ArnovanH","9","10","19"
"arolis","8","11","19"
"ArsenAdunts","10","9","19"
"ArturA","10","9","19"
"arvind_prasanna","10","9","19"
"Aryash42","9","10","19"
"arzabico","9","10","19"
"Asem1_1","8","11","19"
"ash241","10","9","19"
"Asher10","9","10","19"
"Ashok2004","10","9","19"
"Ashu2442","11","8","19"
"asleem557","10","9","19"
"AsmitKhare","8","11","19"
"aston2510","10","9","19"
"AstrodreamZ","9","10","19"
"athaa","11","8","19"
"avf1953","10","9","19"
"Ayar-27","9","10","19"
"Ayemen5555","8","11","19"
"aygnbyls","10","9","19"
"ayhaY","9","10","19"
"AyratKhamitov","10","9","19"
"Aysusha","9","10","19"
"Azaza49","10","9","19"
"azdy_nuzam","10","9","19"
"azhel_v_v","10","9","19"
"azul_Borges89","10","9","19"
"Azula0","10","9","19"
"azure8","10","9","19"
"B_AA_l","10","9","19"
"b_u_k_i","9","10","19"
"b0zata","9","10","19"
"B1xnk","9","10","19"
"baba0202","10","9","19"
"babak12345","9","10","19"
"BabakAlimoradi","10","9","19"
"Babar97","10","9","19"
"BABarnes-Cocke","9","10","19"
"Badali","11","8","19"
"baddestever","9","10","19"
"BagelsBean","10","9","19"
"bakkurt","10","9","19"
"Balrot","10","9","19"
"BaRBaRYaN","9","10","19"
"BarbetSebastien","9","10","19"
"barloventoso","10","9","19"
"Barry_Soetoro123","11","8","19"
"basednotcringe","9","10","19"
"basheerae","8","11","19"
"Bashir2021","11","8","19"
"BassMaster","9","10","19"
"Bassopierluigi","10","9","19"
"BastiBauer","10","9","19"
"Bbarbaross","9","10","19"
"BBorachess","10","9","19"
"bbsul","10","9","19"
"Bdog0000","9","10","19"
"Begin_play74","10","9","19"
"BeMaL","10","9","19"
"Benaya1414","10","9","19"
"BENBEST","10","9","19"
"Bendji65","9","10","19"
"bennyk","10","9","19"
"BestDeityGod","10","9","19"
"Bestializator","10","9","19"
"bestplayer2024ever","9","10","19"
"bestporifle","9","10","19"
"betterbutwillgift","10","9","19"
"bfx683","9","10","19"
"bg2906","7","12","19"
"BGSicario","9","10","19"
"bhanu45","8","11","19"
"bhcs2014","10","9","19"
"Bhudhiza","10","9","19"
"biasedmuffin","10","9","19"
"bigdaddy1270","11","8","19"
"bigday","8","11","19"
"Bigdede","7","12","19"
"Bigler","8","11","19"
"bignmad","9","10","19"
"bilbah23","9","10","19"
"bilge_kral","10","9","19"
"BinYamIngoldStein","9","10","19"
"biouk1","9","10","19"
"Birder67","10","9","19"
"biscu","9","10","19"
"bishop-and-pawn","9","10","19"
"BishopOdds","8","11","19"
"Bissonm","10","9","19"
"Bjuster","10","9","19"
"bkalake","9","10","19"
"bkymr","10","9","19"
"Bl1ndqq","11","8","19"
"blackbobbiefisher55","9","10","19"
"Blackknight05","11","8","19"
"blady","9","10","19"
"Blah_blaah","10","9","19"
"Blaszeta23","10","9","19"
"blebla","10","9","19"
"blindfoldacc0unt","9","10","19"
"BlindfoldBlunderer","9","10","19"
"Blitz_Gamer_17","9","10","19"
"blitz_trader","8","11","19"
"blunderburger","10","9","19"
"blunderengine1","9","10","19"
"BlunderRook","10","9","19"
"BM456","9","10","19"
"bmwant","10","9","19"
"Bo3non","9","10","19"
"bobbyinyourmind","10","9","19"
"Bobik82","10","9","19"
"Bodyguard_MCS","9","10","19"
"boisdhinoki","10","9","19"
"Bojo10","10","9","19"
"Bolestina","10","9","19"
"Boneology","11","8","19"
"booneathan","9","10","19"
"boooth","9","10","19"
"BornTooSlow","10","9","19"
"Bot_System","9","10","19"
"botwinnik1948","10","9","19"
"bpbpbpbpbp","9","10","19"
"BraumIRL","10","9","19"
"braveway","9","10","19"
"BrendonbucK","9","10","19"
"briacmomo","8","11","19"
"Brikann","9","10","19"
"Broffi1969","9","10","19"
"broken_AC","9","10","19"
"bry9","9","10","19"
"bsavoie","10","9","19"
"bskmohit99","10","9","19"
"btffijfvu","10","9","19"
"bubbleboy","8","11","19"
"buchtech","10","9","19"
"Bucky216","10","9","19"
"bugaboo1998","10","9","19"
"bugrabulut3","10","9","19"
"bulanbu","10","9","19"
"BulletJunkie","10","9","19"
"BulletXake","9","10","19"
"Bumba-Bamba_01","10","9","19"
"burov_va","10","9","19"
"BusayoPerpz","9","10","19"
"bvkinv","11","8","19"
"byagmr","10","9","19"
"BZEPro","9","10","19"
"c_heee_se","9","10","19"
"c4tc4tc4t","9","10","19"
"Cabadger","9","10","19"
"caedip85","10","9","19"
"CAFEROGULLARI","7","12","19"
"cagansenaydin","12","7","19"
"cahokey","11","8","19"
"CalciumCarbonate1","10","9","19"
"calmNot","10","9","19"
"Calvin223s","9","10","19"
"CanadianClimber","8","11","19"
"canfrans","10","9","19"
"canna198","9","10","19"
"Canta1","10","9","19"
"Cantoy","9","10","19"
"Capauctea","9","10","19"
"caradesusto","8","11","19"
"CarcaraDoDiabo","9","10","19"
"CarlesMurusevich","10","9","19"
"carloscamilom","9","10","19"
"CarlosOzielbi","9","10","19"
"carlosvtp","9","10","19"
"carmen_belasco","10","9","19"
"carpetdealer","9","10","19"
"CARPINCHO2021","11","8","19"
"Caspli","9","10","19"
"casualfun","10","9","19"
"catsil","9","10","19"
"CBS007007","11","8","19"
"ceas100","9","10","19"
"ceemoney28","10","9","19"
"Cephalos","8","11","19"
"cerodb","5","14","19"
"Cesar_Delgado","9","10","19"
"cevherakin","9","10","19"
"Cgbvfh","10","9","19"
"chabad770rabbi","9","10","19"
"Chaboncito","9","10","19"
"chafroud1977","9","10","19"
"chagal_x","11","8","19"
"chameau","9","10","19"
"championsenior","10","9","19"
"Chanane","9","10","19"
"chante_mulaan","11","8","19"
"CHaos_71","9","10","19"
"Chaotic3006","10","9","19"
"ChaoXiangGanWei15","9","10","19"
"Charlie_b_bassman","10","9","19"
"ChasPickard","9","10","19"
"ChastinEron","8","11","19"
"Chavindu","9","10","19"
"Checkking10","9","10","19"
"Checkmate1982","10","9","19"
"CheekyGustavo","10","9","19"
"cheesevampire","9","10","19"
"Cheserim","10","9","19"
"chesger1230","9","10","19"
"chess_perry04","9","10","19"
"chess_phd","10","9","19"
"chess0191","9","10","19"
"Chess1playerboki","9","10","19"
"chess246704410553","9","10","19"
"Chess82_v2","9","10","19"
"ChessBandito","9","10","19"
"ChessChampJonny","10","9","19"
"ChessK0ala","10","9","19"
"chessKrypl","9","10","19"
"ChessMaster_Cisne","10","9","19"
"Chessna320","9","10","19"
"chessted169","10","9","19"
"ChessterBlack","10","9","19"
"chesswiz31","9","10","19"
"Chesuzfree","10","9","19"
"chiapple","10","9","19"
"Chicky9","12","7","19"
"Chingachguk91","8","11","19"
"Chipio","8","11","19"
"Chitlapalli","9","10","19"
"chloie_evangilista01","9","10","19"
"Cholwezovich","9","10","19"
"Chom_sky","9","10","19"
"chris33729","9","10","19"
"chrisarnoldtx","9","10","19"
"ChrisMwanza","10","9","19"
"Chrqnicle","9","10","19"
"ChunkyMonkey54","9","10","19"
"CinCionPanza2_0","10","9","19"
"ciprut_ciprut","9","10","19"
"Cirenaica","10","9","19"
"Ciruglione","10","9","19"
"CitizenK9","9","10","19"
"clairechess18","9","10","19"
"CleverNinja21","11","8","19"
"CoachFrikki","8","11","19"
"coco52","11","8","19"
"codebreaker2019","9","10","19"
"coldgiraffe","9","10","19"
"collinspaul","9","10","19"
"commanddotcom","8","11","19"
"ConcreteComa","8","11","19"
"CondeBelisario","9","10","19"
"ConditionalStatement","9","10","19"
"conformate","9","10","19"
"constantin_b","10","9","19"
"Cooldude62","10","9","19"
"CopyrightedName","10","9","19"
"coratos","8","11","19"
"cosimani","9","10","19"
"cr666stal","10","9","19"
"crally17","11","8","19"
"crazyblue29","11","8","19"
"crazypony123","11","8","19"
"Crelel601Trainer","9","10","19"
"cricospoetos","9","10","19"
"CrislyluvCayudong","9","10","19"
"CristoferV","10","9","19"
"Crocospok","9","10","19"
"crown_homes","9","10","19"
"cry-minister","9","10","19"
"Ctrps","10","9","19"
"cubeincube","9","10","19"
"d_masta_r","10","9","19"
"D_Y_K","9","10","19"
"d1sruptwastaken","10","9","19"
"d3Marc099","9","10","19"
"D4boss","10","9","19"
"d4hesabi","9","10","19"
"dad_tt","9","10","19"
"DaGolem","10","9","19"
"Daikyri","10","9","19"
"Damirka2015","8","11","19"
"DanceWithCoffin","10","9","19"
"dandy_boy","9","10","19"
"DangerKaspa","10","9","19"
"Daniel123uche","9","10","19"
"Daniel272001","8","11","19"
"danieljaber","10","9","19"
"Danielzx10","7","12","19"
"danishhasan","9","10","19"
"danizpitera","9","10","19"
"dankemario","8","11","19"
"Danny_28","8","11","19"
"dany100","10","9","19"
"Dardan_komani","9","10","19"
"dargenn","10","9","19"
"dario1962","9","10","19"
"darken","8","11","19"
"DarkGross","9","10","19"
"Darrenski","10","9","19"
"darth_sidious80","10","9","19"
"Dave_pastel","8","11","19"
"davutfszgn","9","10","19"
"Dayor","10","9","19"
"dcabal","9","10","19"
"Dcrd","10","9","19"
"Deadstock3","10","9","19"
"declanvh","9","10","19"
"DedeAloha","9","10","19"
"delcinocastelo","10","9","19"
"delporte98","9","10","19"
"demi-sec","9","10","19"
"Demius1979","11","8","19"
"DenDenis","10","9","19"
"DenisBarbaris301","9","10","19"
"DenisOliveira","9","10","19"
"denrose","9","10","19"
"DENTOCHESS1178","10","9","19"
"dentokid","10","9","19"
"Denyk","10","9","19"
"depriadrigm","9","10","19"
"Der_neue_Schredder","10","9","19"
"DerpyPotato","10","9","19"
"devayus","10","9","19"
"Devinhunter23","10","9","19"
"DeyviB","9","10","19"
"dg1407","9","10","19"
"Dgarc","10","9","19"
"dh6679","8","11","19"
"Dharmakirti","9","10","19"
"dherring","8","11","19"
"dhino_saur","10","9","19"
"dhoods8","10","9","19"
"diego4907","10","9","19"
"DiegoElCholoSimeone","11","8","19"
"Dilnoz11","10","9","19"
"Dima_Pupkin","9","10","19"
"Dima2500","9","10","19"
"dimmi36","9","10","19"
"Dimonxaxaxa","10","9","19"
"dinazorrr","12","7","19"
"DinoNuggs","10","9","19"
"dinsizadam1","9","10","19"
"diogolm13","9","10","19"
"dipopopo","8","11","19"
"DirkKoch","10","9","19"
"Dis_username_in_use","10","9","19"
"discgolf","9","10","19"
"disectamenta","8","11","19"
"Django66","10","9","19"
"Djokovid","10","9","19"
"djordjeO","10","9","19"
"Djordjik","9","10","19"
"DKarolan","10","9","19"
"dkok","9","10","19"
"dmack","10","9","19"
"DMfanboy1","9","10","19"
"Dmitry2406","9","10","19"
"dmitry500","10","9","19"
"Dmitryivanovichkursk","10","9","19"
"DmtKalbas","9","10","19"
"dngx","11","8","19"
"dnldsdavila","10","9","19"
"dnlfp","9","10","19"
"dobrila18","10","9","19"
"Docwisper","10","9","19"
"domuzgribi","9","10","19"
"Don21","9","10","19"
"donjuan9012","9","10","19"
"Donn1eBrascoo","9","10","19"
"Donny_Trump","9","10","19"
"dootyfree","9","10","19"
"DorosT1","10","9","19"
"dpodoliak","10","9","19"
"dr_atom102","10","9","19"
"Dr_Gonzo78","11","8","19"
"Dr-Fizzlebottom","10","9","19"
"DRAGAO500","9","10","19"
"dragl","10","9","19"
"Dragutin1904","9","10","19"
"DrAlymuhammad","9","10","19"
"drbalashetty","10","9","19"
"Drophammer","9","10","19"
"DropTheMOAB","10","9","19"
"dropyourweapawns","8","11","19"
"DrQader","9","10","19"
"drserb17","10","9","19"
"DrunkAsDuck","9","10","19"
"drunknevyn","9","10","19"
"dseffdsteff","10","9","19"
"dskrishna","10","9","19"
"dstrk","9","10","19"
"duce7777","10","9","19"
"dumbales","10","9","19"
"duTulah999","9","10","19"
"dyadya1305","10","9","19"
"DylanAG10","9","10","19"
"dylanette","10","9","19"
"dzabr","11","8","19"
"Dzain1","9","10","19"
"Dzeva","10","9","19"
"Dzhamaludin05","10","9","19"
"Dzieciuch7","9","10","19"
"e-ltnklc","10","9","19"
"E4_Andy","10","9","19"
"e7nelson1","9","10","19"
"earlybath","9","10","19"
"easymart","8","11","19"
"ecopoesis","10","9","19"
"ecst4zy","10","9","19"
"eddybiggs","9","10","19"
"Edgardo9712","9","10","19"
"Edison_1986","9","10","19"
"Edisoninho","10","9","19"
"Edson_Chess","8","11","19"
"Eduardo039","10","9","19"
"ef73","10","9","19"
"efe0867","9","10","19"
"Egam","8","11","19"
"Egeozb","10","9","19"
"egon_hubert","11","8","19"
"Egor90","10","9","19"
"eHQtYOaPfJ","10","9","19"
"Ehsanbehpur","9","10","19"
"eimra","9","10","19"
"einstein02","10","9","19"
"Einsteinpointer","5","14","19"
"Eizenhot","10","9","19"
"EJVaz","9","10","19"
"Ekronix","9","10","19"
"El-Mahmoud","9","10","19"
"eladpatut","10","9","19"
"eldani31","10","9","19"
"ELDQ974","11","8","19"
"elektronaut23","12","7","19"
"elephantstampede","9","10","19"
"elfu03","9","10","19"
"ElialdoJunior","11","8","19"
"ElieserDorneles","8","11","19"
"ELISEONAVATORRES","10","9","19"
"Eliskhan","10","9","19"
"Ell1ar","9","10","19"
"elmanmans","8","11","19"
"elmanyak","10","9","19"
"ElmedinNeziri1","8","11","19"
"elmo27","11","8","19"
"elmoctar777","9","10","19"
"elvir1g","10","9","19"
"elwakil4","11","8","19"
"EmAlma","10","9","19"
"Ematrion","10","9","19"
"EmberDev","11","8","19"
"Emiirhn","9","10","19"
"emil123m","9","10","19"
"EmileBergeron","9","10","19"
"EmilSur2021","8","11","19"
"emokpaire","9","10","19"
"emperorza","9","10","19"
"EmpireDeath","10","9","19"
"empratur","10","9","19"
"emrahgazi","10","9","19"
"emrecannk","10","9","19"
"enesbae","8","11","19"
"enigmattic","10","9","19"
"enok07","10","9","19"
"enriquesergiom","10","9","19"
"enrodi2022","9","10","19"
"enteltosba","11","8","19"
"Entotre","9","10","19"
"Entrego","10","9","19"
"eperdepa","9","10","19"
"Eralvi123","10","9","19"
"Eraytektass","11","8","19"
"erfanhadian","10","9","19"
"Erich_Eliskases","10","9","19"
"erikfelipe011","10","9","19"
"erikmartin","10","9","19"
"ernie707","10","9","19"
"erpl","10","9","19"
"Eslam_Roby","8","11","19"
"EspinacaPoint","10","9","19"
"Essence1","9","10","19"
"etcetera4321","10","9","19"
"ETORafat","9","10","19"
"eurongreyjoy69","9","10","19"
"evee-007","10","9","19"
"Eveleen","10","9","19"
"evgen1890","9","10","19"
"EvgenyShved","9","10","19"
"EvgenyViktorovich","11","8","19"
"evsrama","8","11","19"
"Evyallah","10","9","19"
"Ewgen1024","9","10","19"
"fab191919","10","9","19"
"fabele","9","10","19"
"facchinp","9","10","19"
"FacuHol","9","10","19"
"failedtofindaname","9","10","19"
"FaisalKhan99","10","9","19"
"FaithlessValor","9","10","19"
"fakeelefante38","10","9","19"
"Fana_ujchess","9","10","19"
"fanaticfox","9","10","19"
"FanofBronstein","10","9","19"
"Farnaby","10","9","19"
"Farstrider","9","10","19"
"Fatihsnts","9","10","19"
"FatihZG","9","10","19"
"Faultier321","9","10","19"
"fce","11","8","19"
"fckswg","10","9","19"
"federicogomez","7","12","19"
"felipemaya2020","10","9","19"
"felixbiedma1","10","9","19"
"Ferboca12","10","9","19"
"Fercaoz","10","9","19"
"FERDIEB_ONGO","10","9","19"
"feres0","9","10","19"
"Fernando-Felicio","10","9","19"
"Fexerico","9","10","19"
"Fiama5044","9","10","19"
"fiancheto888","8","11","19"
"FiatJustitia","10","9","19"
"fieserfuddler","9","10","19"
"fila5","9","10","19"
"financerr","9","10","19"
"Finnesed","9","10","19"
"Fischer_03","11","8","19"
"fish1108","9","10","19"
"FK7146","10","9","19"
"FLATwaterFLATearth","10","9","19"
"fletchy01","9","10","19"
"FloppRap","9","10","19"
"floum","9","10","19"
"FlyingPenguin669","10","9","19"
"fmeton","9","10","19"
"FNietzschee","9","10","19"
"folioallariz","9","10","19"
"foolishlingerer","10","9","19"
"foorth","9","10","19"
"Forger1","8","11","19"
"forgot_my_username","9","10","19"
"Foucaulty","9","10","19"
"Fouzar","10","9","19"
"francheA76","11","8","19"
"Frank_Trejos","10","9","19"
"Frankmozes","11","8","19"
"franknoah","10","9","19"
"Frankoworld","10","9","19"
"frankycor","10","9","19"
"frecio20","10","9","19"
"fredabalos76","8","11","19"
"Fredo-the-real-one","10","9","19"
"fredo1959","10","9","19"
"FredPower","10","9","19"
"Free_Palestine_2023","10","9","19"
"FrenchPlayerConfined","9","10","19"
"frenzzzzz","10","9","19"
"frezien","9","10","19"
"frezyykingonelove","11","8","19"
"friendlyguy1","10","9","19"
"Frodo0911","9","10","19"
"frogsad","9","10","19"
"ftbyrkc4","10","9","19"
"Furmiga","9","10","19"
"fzuzz","9","10","19"
"g86k","11","8","19"
"gabanishey","10","9","19"
"gabibulla","10","9","19"
"gala9","9","10","19"
"GalaDriels","10","9","19"
"galiwood","10","9","19"
"galtun","10","9","19"
"GambitGambino","8","11","19"
"gandalf13","10","9","19"
"GaneshKING","9","10","19"
"Ganzalla","10","9","19"
"garbinhood","10","9","19"
"GarchaBenitez","10","9","19"
"Gary_KasparovBEL2","8","11","19"
"gastar","8","11","19"
"Gatoussa","10","9","19"
"Gbej","9","10","19"
"GBTO","7","12","19"
"gee2tee","10","9","19"
"GeeBag","9","10","19"
"Geekbean","9","10","19"
"geelenb","9","10","19"
"gemadri","10","9","19"
"Geminis137","10","9","19"
"GendalfBely","9","10","19"
"genghis_cant","11","8","19"
"GennadiyF","9","10","19"
"Gennex","10","9","19"
"genoguinmanuel","11","8","19"
"George_Parasol","10","9","19"
"GeorgeBal","10","9","19"
"GeorgyM3","10","9","19"
"geosmat","9","10","19"
"Geronimo54","10","9","19"
"Get_Moked","11","8","19"
"Getting_Better_23","10","9","19"
"Gforce820","10","9","19"
"GGmYAgnesh","10","9","19"
"GhostSheep","9","10","19"
"ghowley","9","10","19"
"Giancarlo1985","9","10","19"
"Gierkeplatz","10","9","19"
"Giftmuyumbana","10","9","19"
"gilgaladdd","9","10","19"
"Ginogi_04","10","9","19"
"GinoMonk","10","9","19"
"gio89","10","9","19"
"girafFe86","9","10","19"
"Gisger","9","10","19"
"glauridsen","8","11","19"
"Globuss_01","9","10","19"
"glumbo","10","9","19"
"gnu_brian","9","10","19"
"GodGiven","10","9","19"
"GoidenkoDmitriy","9","10","19"
"GOKHAN272727","9","10","19"
"GoKnight123","10","9","19"
"GOLDARROWOFT","10","9","19"
"Golden24Kastle","9","10","19"
"Gonzalo-_-_m","9","10","19"
"good_cat","10","9","19"
"good72015","9","10","19"
"gorand","9","10","19"
"gost1k","9","10","19"
"goxu_a","9","10","19"
"gpat","8","11","19"
"grabb","9","10","19"
"Granatractor","9","10","19"
"GrandmasterSer","8","11","19"
"greasy_boy","10","9","19"
"GREBENIUC","10","9","19"
"greekgodd","8","11","19"
"Greg-Li","10","9","19"
"Gregszach","10","9","19"
"GrennTerra","10","9","19"
"GriffinMac","10","9","19"
"groovymood","9","10","19"
"gros_echecs","10","9","19"
"GruenerPanther","9","10","19"
"Grumellullo","10","9","19"
"gsablin","9","10","19"
"Guerch","10","9","19"
"gulson847203","10","9","19"
"GUS_S","10","9","19"
"Guttee","10","9","19"
"guymichetti","9","10","19"
"GVRamana55","9","10","19"
"GZG87","9","10","19"
"haakokr","10","9","19"
"haghshenas-59","9","10","19"
"Hama_aziz0","10","9","19"
"Hamed-Iran-p","9","10","19"
"hamid444","9","10","19"
"HamidReza_2308","8","11","19"
"Hamilton3","10","9","19"
"hamzah-5567","10","9","19"
"hamzahtalafha","10","9","19"
"Hangmat","10","9","19"
"hanonfuller","10","9","19"
"HaPpY_055","8","11","19"
"Happy67","10","9","19"
"Hardvalue","9","10","19"
"Harini_v","9","10","19"
"harrypoterchess","9","10","19"
"Haydenb349","9","10","19"
"Haydera","10","9","19"
"Hazeable","10","9","19"
"HazemAshraf7","10","9","19"
"hectorislas","9","10","19"
"heegz","9","10","19"
"Heisenberg_Aze","11","8","19"
"heisoli","10","9","19"
"Hendrix_Willman","10","9","19"
"Heraclito-mov","9","10","19"
"hfurkanteke","11","8","19"
"hi_nack","11","8","19"
"hidden_check","9","10","19"
"High_Light","9","10","19"
"Hitrizhop_na_veka","9","10","19"
"Hitsugaya","9","10","19"
"HkBkH","9","10","19"
"hknslvi","10","9","19"
"hmko1368","9","10","19"
"HMKrause","11","8","19"
"hodorsam","10","9","19"
"Hoggfish","10","9","19"
"hojjattaghizadeh63","12","7","19"
"HojMoj","9","10","19"
"hooman09","9","10","19"
"Hopeless64","9","10","19"
"hoptop_22","12","7","19"
"Horrow2d","8","11","19"
"hortkuluk","9","10","19"
"Hossemdz","9","10","19"
"hpetwagner","9","10","19"
"HPM1971","10","9","19"
"huelikeski","10","9","19"
"HumanX1","10","9","19"
"Hurricane_Freya","9","10","19"
"hushdog","10","9","19"
"Hx_49_64_69_6F_74","9","10","19"
"Hyan23","10","9","19"
"hydoleyS1953","8","11","19"
"hypokagne1","9","10","19"
"Hysterisis7282","8","11","19"
"I_am_catalan","9","10","19"
"i_am_crunk","11","8","19"
"i_am_sabaribabu","9","10","19"
"I_am_Stupid_At_Chess","8","11","19"
"I_D_N","9","10","19"
"I0ur","10","9","19"
"Iamfoysal","9","10","19"
"iAmNoobHaveMercy","10","9","19"
"IaRos-15TYV","10","9","19"
"ibm5000","11","8","19"
"iddotoledano","9","10","19"
"IdoWerde","9","10","19"
"ieat14","10","9","19"
"IGi0n","10","9","19"
"ihmert61","9","10","19"
"Ihor_Bilonozhko","9","10","19"
"III_Winter_Soldier","9","10","19"
"IIIPr0t0typ3III","9","10","19"
"Ildar277","9","10","19"
"ilia_zzz","9","10","19"
"IliaSurikov","10","9","19"
"illidanstormrage42","9","10","19"
"imafokingbear","9","10","19"
"imperialwarrior","9","10","19"
"impoem","9","10","19"
"importador2","13","6","19"
"incogknighto","8","11","19"
"IndigoGamer","9","10","19"
"Indudhar","9","10","19"
"infodanyboy21","7","12","19"
"INGEN1UM","9","10","19"
"InnateDistress","9","10","19"
"InnocentusIII","11","8","19"
"integration009","10","9","19"
"intjosue","10","9","19"
"invencibletoday","9","10","19"
"Invincible_JD","8","11","19"
"Iosue_Ardeus","9","10","19"
"iplaywhenimbored","10","9","19"
"IRMs1323","9","10","19"
"Is2gar","11","8","19"
"isaaktas07","9","10","19"
"Islam4ek","10","9","19"
"IsmaelGT","10","9","19"
"Ismailiraz12Agsl","10","9","19"
"ismbyrm32","9","10","19"
"Issam_k","10","9","19"
"Ithaque21","9","10","19"
"IURDP","10","9","19"
"Ivan_Umpelev","10","9","19"
"Ivanchique","11","8","19"
"ivansencerov","9","10","19"
"iver3on","10","9","19"
"ivkoni19","9","10","19"
"Iyari_Miguel","10","9","19"
"Izcrown","7","12","19"
"J0hnGa1t","11","8","19"
"JackPaycheck","10","9","19"
"JacksonMumbq","9","10","19"
"JadenWWS","10","9","19"
"jadore_dior","11","8","19"
"JaiganeshArulkumar","11","8","19"
"Jairofelipe99","9","10","19"
"Jak-cruz","9","10","19"
"Jakobro","9","10","19"
"Jakubjose","8","11","19"
"jam_aica","8","11","19"
"jamesalbert","10","9","19"
"JAMESBRUIZ","9","10","19"
"JamesDunk","10","9","19"
"janbrusk21","9","10","19"
"janks31","9","10","19"
"Jaquafresh","10","9","19"
"JasonFeng","10","9","19"
"JAXSONAVILES","10","9","19"
"jay_jay_okocha","10","9","19"
"Jay-Cee-99","11","8","19"
"Jaylen_Brown","9","10","19"
"JBlakeRed4","9","10","19"
"JBSkak","9","10","19"
"Jc1961","9","10","19"
"jdk506","10","9","19"
"jeansami","8","11","19"
"jedz_brokuly","9","10","19"
"jeekdah","10","9","19"
"jekas19","10","9","19"
"JenniferLawrenceFeet","11","8","19"
"Jeppe30","10","9","19"
"JeremyIsFishing","10","9","19"
"JeremyMaldini","10","9","19"
"jerocotta96","10","9","19"
"Jerodriguez","10","9","19"
"Jery1954","8","11","19"
"jgalvezj","10","9","19"
"jha100174","10","9","19"
"JhonB14","9","10","19"
"JillyyyAceee","9","10","19"
"JimboElrod","8","11","19"
"JimChe","9","10","19"
"jimenezjcarlos","8","11","19"
"jinjizo123","11","8","19"
"jizay62","10","9","19"
"jjiguarans","11","8","19"
"jkbarbant","10","9","19"
"JMG06NISSA","10","9","19"
"jmna","9","10","19"
"jmrsalo","8","11","19"
"Jo3Jo","8","11","19"
"joanamedinakender","10","9","19"
"Joe_Fresh","8","11","19"
"joebech","10","9","19"
"Joekapi13","9","10","19"
"joellim","9","10","19"
"JoeRoganIs5Foot3","11","8","19"
"JoeWayne","9","10","19"
"JohanPg","10","9","19"
"johnpaluszkin","11","8","19"
"johnv48","10","9","19"
"jojud","10","9","19"
"JokingHero","8","11","19"
"Jonas_R911","9","10","19"
"Jordanius","9","10","19"
"josaan1979","10","9","19"
"JoseWolf21","10","9","19"
"josuebotvinnik","8","11","19"
"Jota-Ce","12","7","19"
"Joven_jubilado","10","9","19"
"JozefManuel2012","10","9","19"
"jss77","10","9","19"
"JTan12","10","9","19"
"Juanchoelpollo","8","11","19"
"JuanJo1985","11","8","19"
"juankamanei","10","9","19"
"Juanmaaaaaa","8","11","19"
"Juillet1","8","11","19"
"JujaFlan","10","9","19"
"julesrous","9","10","19"
"Julio_Souza_57","8","11","19"
"Julio1212","10","9","19"
"Justillo","8","11","19"
"JustLikeAKing","10","9","19"
"Juvaa","10","9","19"
"JVERGARAP","10","9","19"
"Jwansido900","10","9","19"
"Jwcool","10","9","19"
"K-TALASKAR","10","9","19"
"K1BR1T_N1","9","10","19"
"K3nzz","10","9","19"
"Kabilesh2008","10","9","19"
"Kabwestanley","10","9","19"
"Kafari","9","10","19"
"Kailoking","9","10","19"
"kaish_sigma","9","10","19"
"Kaldi","8","11","19"
"kamlesh16th","8","11","19"
"Kane631","9","10","19"
"Kanishka_Singh","9","10","19"
"kannan84","10","9","19"
"Kansler66","10","9","19"
"kansomee","10","9","19"
"kapaky4yk","9","10","19"
"Karavaha","9","10","19"
"KardasChess03","10","9","19"
"karennn","10","9","19"
"KarimElghotmy","9","10","19"
"Karina_Fioravante","10","9","19"
"karmalin","8","11","19"
"karombasan_mdo1","10","9","19"
"KartaL1985","9","10","19"
"Karthik_Ajeesh_chess","8","11","19"
"karthikvishnu_k","11","8","19"
"kartoffel96","9","10","19"
"karunada","10","9","19"
"kaspigorgonof","10","9","19"
"Katherine_T","9","10","19"
"Katia_Schuurman","10","9","19"
"Kawther03","9","10","19"
"Kaycee1221","10","9","19"
"kaynaryan","10","9","19"
"Kaz1994","9","10","19"
"kazem620","11","8","19"
"Kcgoins","11","8","19"
"kchm2000","10","9","19"
"kegel_knievel","11","8","19"
"Kegelrobbe","10","9","19"
"kehkehkeh","9","10","19"
"KeithCar","9","10","19"
"Kekekekekxd","11","8","19"
"Kelasdesa","10","9","19"
"Kelogs","10","9","19"
"keres12","10","9","19"
"kerolimos","9","10","19"
"Keule88","10","9","19"
"keydon1","10","9","19"
"kfarahi","9","10","19"
"kfenix","9","10","19"
"kgaranin","12","7","19"
"kgtt","10","9","19"
"khalil-D7","10","9","19"
"khama","9","10","19"
"Khasenkhan","9","10","19"
"KhethoKlutz","8","11","19"
"Khirgiz","9","10","19"
"khusaenow","9","10","19"
"KIAN_ASLAN","9","10","19"
"Kibitz42","10","9","19"
"kickrocks24","10","9","19"
"kidkoala42","9","10","19"
"Kikechen","9","10","19"
"killerayanda","11","8","19"
"Kinapjij","9","10","19"
"King_Hope_73","9","10","19"
"king_robbo","9","10","19"
"Kingdope","9","10","19"
"KingHunter_14","9","10","19"
"Kingress","10","9","19"
"KingRichards","10","9","19"
"kingrookk","9","10","19"
"KirCAT","9","10","19"
"Kirill_Naryan_mar","10","9","19"
"kitastrophic","9","10","19"
"Klodshans85","10","9","19"
"KMC4ECC","10","9","19"
"kn1ghtr1der","10","9","19"
"Knight545","10","9","19"
"koha2805","10","9","19"
"Kohlenstoffeinheit","10","9","19"
"Konsumierer","10","9","19"
"korrven","9","10","19"
"Kosa245","8","11","19"
"kostric","9","10","19"
"koualsky","8","11","19"
"kozor","10","9","19"
"KPRF2","10","9","19"
"KrasnoeBeloe","11","8","19"
"krastatitsa","10","9","19"
"Kriegblitz","10","9","19"
"kristinagoldenbater","10","9","19"
"Kruger1996","9","10","19"
"krugger","9","10","19"
"ktlsrt11","9","10","19"
"kucukoglue","10","9","19"
"kuki81","10","9","19"
"kusoban","11","8","19"
"Kuwasaki","10","9","19"
"kuya_olan64","10","9","19"
"Kuzenbot","10","9","19"
"Kvdbnew","8","11","19"
"kvedel","9","10","19"
"kvgangadhark","8","11","19"
"kxng5232","9","10","19"
"L_15TOBIuchiha","9","10","19"
"l_lo_lait","11","8","19"
"L1qu1d","9","10","19"
"l4_phoenix","10","9","19"
"laadozhop","10","9","19"
"LaBaconElToro","10","9","19"
"lahani","9","10","19"
"lakersfan24","10","9","19"
"lama78","11","8","19"
"Landazar28","10","9","19"
"Laone_2019","9","10","19"
"laparrilla","10","9","19"
"larsvital","8","11","19"
"LaughShield","9","10","19"
"LavrentiyBeriaBanana","9","10","19"
"LayaneBaby","10","9","19"
"LaYne33","8","11","19"
"Layvender","9","10","19"
"leanderdg","10","9","19"
"leemour","10","9","19"
"Leeroy-Jenkins","8","11","19"
"leftwinglens","9","10","19"
"leiso","9","10","19"
"Leiyara","9","10","19"
"Leleka_US","11","8","19"
"leo1925","9","10","19"
"leonmon","9","10","19"
"Leprintemps","9","10","19"
"leskar","9","10","19"
"letal28","9","10","19"
"leusneee07","10","9","19"
"Levisir","10","9","19"
"levtov","9","10","19"
"Lexman661","9","10","19"
"lexx777","10","9","19"
"Lgants","9","10","19"
"LibertadOMuerte","10","9","19"
"Lichano","11","8","19"
"lil_cat_scats","10","9","19"
"lion1453","10","9","19"
"lion321321","11","8","19"
"lisanidzh","8","11","19"
"Litigator94","11","8","19"
"littleantz","9","10","19"
"LOLIFIED_VERSA","10","9","19"
"looss","10","9","19"
"lopatka1234","10","9","19"
"lord_blizah","11","8","19"
"lord342312","11","8","19"
"LordGanpati","9","10","19"
"LordGlorfindell","11","8","19"
"LORDGUILLERMO","8","11","19"
"LouisDau02","11","8","19"
"lousyknights","9","10","19"
"loveinlaw","9","10","19"
"Lssss","9","10","19"
"Lubacello","10","9","19"
"Lucienp","8","11","19"
"luckyan","10","9","19"
"Luis2393","10","9","19"
"Luisgil","10","9","19"
"Luism72004","9","10","19"
"luizrouanet","10","9","19"
"Luminator","10","9","19"
"LunaKalem","10","9","19"
"lung6008","9","10","19"
"Lustyyyeee","10","9","19"
"Lutein","8","11","19"
"lutris_3","9","10","19"
"LVN1964","10","9","19"
"LWMF","8","11","19"
"lyesdeghou","8","11","19"
"M0921","10","9","19"
"m3rs3nn3","10","9","19"
"maahyaar","9","10","19"
"mace0windu","9","10","19"
"MaciekBranecki","8","11","19"
"MADINGWANE","10","9","19"
"MadMallow","9","10","19"
"MadScientists","9","10","19"
"Magadikaushu","11","8","19"
"MagicienToz","10","9","19"
"MagicMecha","10","9","19"
"Magistre","8","11","19"
"magjoor","10","9","19"
"MagnKarl2_0","10","9","19"
"magnus2809","10","9","19"
"Magvae","9","10","19"
"Mahanaim16","9","10","19"
"mahdimirzapoor","9","10","19"
"MahmoudBadih","11","8","19"
"mahomes74","10","9","19"
"MaiChessMaiJitu","9","10","19"
"Majoloa","9","10","19"
"Makacoco","9","10","19"
"Makaroovi","9","10","19"
"Maks_s_s","9","10","19"
"malayaali","10","9","19"
"malek19862022","8","11","19"
"Mali5969","9","10","19"
"MaloyBoss","9","10","19"
"MalutinVA","10","9","19"
"mandalorian229811","10","9","19"
"Mangatur","11","8","19"
"manindian","9","10","19"
"Manish1444","8","11","19"
"manolo654321","11","8","19"
"Manos_Kia","10","9","19"
"manunitedcr7","9","10","19"
"marcodevezz","9","10","19"
"mario2705","9","10","19"
"mariocarlsen01","9","10","19"
"mariuszk","10","9","19"
"MarkFr","9","10","19"
"Markh67","9","10","19"
"MarkJosephNopal_07","9","10","19"
"marks1842","10","9","19"
"Markskii","9","10","19"
"Markus_M92","9","10","19"
"Maronarodam","9","10","19"
"maroonLeeks","8","11","19"
"marquiore","11","8","19"
"Martusss","10","9","19"
"mascacul0n88","9","10","19"
"mascenic","9","10","19"
"mashinist120380","10","9","19"
"Mashoto","8","11","19"
"MasterCassim","10","9","19"
"Mastropiero86","9","10","19"
"Masxy","9","10","19"
"matan_kaufman","9","10","19"
"matanm369","10","9","19"
"mate_a_la_reyna","10","9","19"
"MatejKrivka","9","10","19"
"Matemaatikko","9","10","19"
"MateX7","8","11","19"
"MatiasCapi","10","9","19"
"matreshca","9","10","19"
"Matsuru","10","9","19"
"Matthes84","8","11","19"
"Mattonthephone","10","9","19"
"Matvey_Kubyshkin","10","9","19"
"maurots","10","9","19"
"mausezahn","11","8","19"
"Maverixk","8","11","19"
"Maximus_1988","9","10","19"
"Maxioui","11","8","19"
"maydonozbrokoli","9","10","19"
"Mayhem0zzy","10","9","19"
"MBchamp2011","10","9","19"
"MBDTF2015","10","9","19"
"MBY1453","10","9","19"
"MCJapnkx","9","10","19"
"mdsanthosh88","9","10","19"
"Meditail","9","10","19"
"MegaBi4","9","10","19"
"mehmeetarslaan","9","10","19"
"mehrdadnavarchi1","10","9","19"
"Melby_Lao","10","9","19"
"melquiadescastaneda","9","10","19"
"melunen","9","10","19"
"Melzargard","9","10","19"
"merdhal","10","9","19"
"merlin647","9","10","19"
"mestre-A1","8","11","19"
"MetendoNojo","9","10","19"
"meteochess","9","10","19"
"Meu_Marido","8","11","19"
"mfilomenapb","10","9","19"
"mgaldino","10","9","19"
"mhulukanli","11","8","19"
"micdvc","10","9","19"
"Michail_GOOD","10","9","19"
"michelleke","10","9","19"
"michigna","9","10","19"
"MigelDanny27","9","10","19"
"mightyelo","9","10","19"
"migo88","8","11","19"
"Migueloangelo5","9","10","19"
"Mihail_Vlasov_1","10","9","19"
"Mike-L","10","9","19"
"mikeabchess9","9","10","19"
"MIKEOI","11","8","19"
"Mikhail-Mironov","9","10","19"
"mikhms","8","11","19"
"mikmikci","10","9","19"
"Mikolaj_123_R","10","9","19"
"mikrimouse","9","10","19"
"miksas991","10","9","19"
"Mini-Carlsen","10","9","19"
"minku_77","9","10","19"
"mirzadoruk21","9","10","19"
"misaleh","9","10","19"
"MisterBossErik","8","11","19"
"MisterMorro","9","10","19"
"MixmasterInterest","8","11","19"
"MJboy","10","9","19"
"mjlopez80","10","9","19"
"MKA2022","9","10","19"
"Mkhaliphov","10","9","19"
"mko0987uj","10","9","19"
"mkoruk","11","8","19"
"MM4MM","9","10","19"
"MMAAVV","10","9","19"
"mnscrazy","9","10","19"
"MoDL","9","10","19"
"Mogolo","10","9","19"
"moh_alfatih","10","9","19"
"mohamedhassan1123","9","10","19"
"MohammadFateh","9","10","19"
"MohammedAshor125","8","11","19"
"mohanRU","11","8","19"
"molotokag","11","8","19"
"Mondino7","10","9","19"
"mongokek","8","11","19"
"Monohordov","10","9","19"
"morenobrownjose","9","10","19"
"Morgenstern64","9","10","19"
"Mori1z","11","8","19"
"Moriarty28","8","11","19"
"Morphissimo","10","9","19"
"Morphyguy","9","10","19"
"Mouatazba","9","10","19"
"mplbj","10","9","19"
"Mr_Mutshidzi","11","8","19"
"mranthrop","11","8","19"
"MrCredibuli","9","10","19"
"MrDauntless","10","9","19"
"MrJohnNash","10","9","19"
"MrKaminaki","9","10","19"
"mrtydnn","9","10","19"
"mtaver","10","9","19"
"mukarati85","9","10","19"
"mukul007","10","9","19"
"multraxXx69","10","9","19"
"Murat-69","8","11","19"
"murle04","9","10","19"
"MurtazinWRA8","9","10","19"
"Musicaparatuchess","9","10","19"
"Musicman523","9","10","19"
"mustafa__kb","9","10","19"
"Mutebessim","9","10","19"
"MVZ_11","10","9","19"
"Mychessclass","10","9","19"
"Myon-Neutrino","10","9","19"
"myopic-bot","10","9","19"
"Myroslav-Ponomarenko","9","10","19"
"MySnakeDoc","9","10","19"
"MZGKX","11","8","19"
"nagarnav","9","10","19"
"naitikjain","9","10","19"
"NalBits","10","9","19"
"nano13","10","9","19"
"Natalylema","10","9","19"
"nathannerd123","9","10","19"
"Navarone89","10","9","19"
"Naytonn","10","9","19"
"NAZP_INF","10","9","19"
"nbarkai","9","10","19"
"NBmacovi","10","9","19"
"Nchimunya_1","10","9","19"
"nearlyevil665","10","9","19"
"Nemojsmarat","10","9","19"
"Nephw","10","9","19"
"NeroSaution","9","10","19"
"nervus_vagus","9","10","19"
"Netcris80","8","11","19"
"netzocker","10","9","19"
"Neuro77","9","10","19"
"NeuroSerpens","9","10","19"
"newhexer","9","10","19"
"Nextroll","10","9","19"
"nexus6ca","10","9","19"
"Nezhdeh","11","8","19"
"nezhmetdinov07","10","9","19"
"NguyenMinhTam","10","9","19"
"Nhl17","8","11","19"
"nienawidzeszachow","9","10","19"
"NightmareABD","10","9","19"
"nikhildixit","9","10","19"
"Nikita_strong","8","11","19"
"Nikita35fgf","10","9","19"
"Nikitenko_Nikolay","9","10","19"
"Nikola2601","11","8","19"
"Nikolay_234","10","9","19"
"nilotpal9797","11","8","19"
"Nilyyyy","9","10","19"
"niputio","9","10","19"
"niveKurama","9","10","19"
"Nixon_Gracia","8","11","19"
"Niyant","9","10","19"
"njogz","9","10","19"
"NLevinN","10","9","19"
"nlskeebo42","10","9","19"
"no1CanStopMe","10","9","19"
"noLance10","9","10","19"
"nomer111","10","9","19"
"noobsukya","10","9","19"
"Norad1354","10","9","19"
"noranta4","10","9","19"
"notesonchess","10","9","19"
"notkafka","11","8","19"
"notvad","9","10","19"
"Novalmoraalfred","9","10","19"
"nsima","11","8","19"
"nt9","9","10","19"
"ntwkguru","8","11","19"
"nubnub57","11","8","19"
"nylonfaden","10","9","19"
"Nzghzr","9","10","19"
"oakpack","10","9","19"
"obersson","10","9","19"
"Obi_himself","10","9","19"
"ODISEOSTAR","10","9","19"
"ofek71","9","10","19"
"oguz_toksoy_vefa","9","10","19"
"Oguz92","9","10","19"
"Ohnli","8","11","19"
"olahafs","9","10","19"
"oldleafybeard","8","11","19"
"Ole19","10","9","19"
"Oleg_Tupitsyn","8","11","19"
"OlegTsukanov99","9","10","19"
"Oleshko_11","8","11","19"
"Oli149","10","9","19"
"olizm","8","11","19"
"Olki-L","9","10","19"
"Ollie_Haak","10","9","19"
"omarbelal","9","10","19"
"OmerTBN","11","8","19"
"omertugrul","9","10","19"
"omkar_patil11","10","9","19"
"one-Bullet","9","10","19"
"oneforoneforone","9","10","19"
"OPato_Donald","9","10","19"
"opinatus","10","9","19"
"opple","11","8","19"
"orace","9","10","19"
"orangeginger","9","10","19"
"OrcaNinja","9","10","19"
"orhaz","10","9","19"
"Orion333","9","10","19"
"ornoob","10","9","19"
"orstkho","11","8","19"
"Oscarghl27","10","9","19"
"OscarValdivia_ESIP","10","9","19"
"oscarwoka","10","9","19"
"oskarchen","9","10","19"
"Otiotto37","10","9","19"
"ouietnon","8","11","19"
"overshamy","8","11","19"
"ozanbub7","9","10","19"
"ozanman","8","11","19"
"ozdemir2003","9","10","19"
"P-Saulus","9","10","19"
"p0831223","9","10","19"
"P2LaraTomas03","9","10","19"
"P4ts4k","9","10","19"
"pablo06","10","9","19"
"Pablo130593","10","9","19"
"pacolilla","10","9","19"
"Padi1976","10","9","19"
"paisible-wanderer","10","9","19"
"pallllas","9","10","19"
"panchoooooooooooo","11","8","19"
"panmaluszekszach","10","9","19"
"pantera63","9","10","19"
"panxaverda","10","9","19"
"paolo6183","9","10","19"
"papelYtijera","8","11","19"
"paras_plays","9","10","19"
"paspalov","10","9","19"
"PatChess666","9","10","19"
"patrice_directeur","9","10","19"
"Patrook","11","8","19"
"patrycjusz23","9","10","19"
"PAUL_SOLSONA","9","10","19"
"paul42","9","10","19"
"PaulBeckwith","10","9","19"
"Pavel2502","9","10","19"
"pavest","9","10","19"
"pawelszachy1","10","9","19"
"Pbom","10","9","19"
"Pbortolo","9","10","19"
"peaky3425","9","10","19"
"PedroArenales","9","10","19"
"Peetrhans","9","10","19"
"Pelageya","10","9","19"
"Pelmeshek228","10","9","19"
"Pelofu","9","10","19"
"Penguin_Quesadilla","8","11","19"
"PenryVIII","9","10","19"
"pepe20202020","9","10","19"
"Pepetto","9","10","19"
"peradajz","9","10","19"
"Percaga01","9","10","19"
"Percyz","9","10","19"
"perejilciencias","8","11","19"
"Perfectenschlag","10","9","19"
"peris1411","9","10","19"
"PermisDeTuer","9","10","19"
"PeterEG","9","10","19"
"PflazmenSnu","9","10","19"
"Ph_225","10","9","19"
"ph-omar","9","10","19"
"phanty_boy1","8","11","19"
"phekoo","10","9","19"
"Phenolphthalein82","10","9","19"
"Philipdeeb93","9","10","19"
"philwestturkey","10","9","19"
"Phobtor","9","10","19"
"Phoebee8","9","10","19"
"photoelectron","8","11","19"
"PianyiTuapsinets","10","9","19"
"Pidevil","9","10","19"
"Piegatore_78","9","10","19"
"PikeMatton","9","10","19"
"pinestar","10","9","19"
"pioonier","11","8","19"
"Piroberto","9","10","19"
"pjaram","8","11","19"
"PlatonNinja","11","8","19"
"Player_BR","10","9","19"
"Ploug","10","9","19"
"plutarco11","10","9","19"
"Pluviophilic","10","9","19"
"pmrobinson162","10","9","19"
"pnin22","10","9","19"
"pochiss","9","10","19"
"podenko","9","10","19"
"polaris232","10","9","19"
"Pollomatic","10","9","19"
"pondorien","10","9","19"
"poohead45","9","10","19"
"pouler","9","10","19"
"poz3","9","10","19"
"Pr0sper_1990","10","9","19"
"pradac","9","10","19"
"Pradheep_1900","9","10","19"
"profz","9","10","19"
"ProPawnn","10","9","19"
"prot1","10","9","19"
"pseudodifferential","10","9","19"
"PSV_77","9","10","19"
"psycho_setu","10","9","19"
"PsychoBrain","10","9","19"
"ptrfile","11","8","19"
"Pu146","9","10","19"
"Pushkarjain","9","10","19"
"putra_payudan","11","8","19"
"Pwnasauruspwn","10","9","19"
"pxm337","10","9","19"
"Pyrhos","9","10","19"
"QuackQB","9","10","19"
"QuantumMechanix","9","10","19"
"QuevedoRW","9","10","19"
"Quinnzie","10","9","19"
"Qurrahman","11","8","19"
"QwerQwer123321","10","9","19"
"qwerty878","10","9","19"
"Qwertybaconzez","10","9","19"
"r2k1985","10","9","19"
"RaCCoNius","9","10","19"
"Racri28","10","9","19"
"RadikFrenkel","9","10","19"
"raeesaq99","9","10","19"
"raelmeix","10","9","19"
"rafaelhoteles","8","11","19"
"rah91","10","9","19"
"rahil_khera","10","9","19"
"rahoyo","11","8","19"
"Rahuljal","10","9","19"
"raja291","9","10","19"
"rajatag","10","9","19"
"RakjendeR","8","11","19"
"Ramverma1808","9","10","19"
"ranjabov","9","10","19"
"ranvie","10","9","19"
"raphuuuu","10","9","19"
"rapsim","10","9","19"
"RassohinAlex","9","10","19"
"ratatouille1969","11","8","19"
"raul_omar","10","9","19"
"ray_xl","11","8","19"
"RayTango","9","10","19"
"Rayzmd","10","9","19"
"readthis_behindclock","10","9","19"
"Reallybadatchess2020","10","9","19"
"recruit69","9","10","19"
"redline29","10","9","19"
"RedonBlack","9","10","19"
"Reginaldofpn","11","8","19"
"regularplayer","10","9","19"
"Rengoku_25","11","8","19"
"Renzo96","10","9","19"
"RESORTFF","10","9","19"
"RESUL_PASHA","11","8","19"
"reyouking","9","10","19"
"rharbeg","9","10","19"
"rheageorge","9","10","19"
"Ribach","9","10","19"
"RicardoReis_2020","10","9","19"
"RicardoSilva1971","10","9","19"
"RICBOY85","10","9","19"
"Richard1985","11","8","19"
"ricsun432","9","10","19"
"Ridgehosmon","9","10","19"
"Rightlock05","9","10","19"
"Rigo31","8","11","19"
"RIKARDHO","9","10","19"
"Rikkard_Craft","10","9","19"
"rikyataupah","9","10","19"
"rishant12","12","7","19"
"RithwikRaj","9","10","19"
"rivera027","10","9","19"
"rizalmazlan","7","12","19"
"rizk786","9","10","19"
"Rjinraj","9","10","19"
"rkocekici","9","10","19"
"rmsyecla","10","9","19"
"RN1979","10","9","19"
"rnbqkrva","9","10","19"
"Rob_Duderino","11","8","19"
"Robbi-NRW","11","8","19"
"robert_wickel","9","10","19"
"robertl30","8","11","19"
"robertosalgado","10","9","19"
"robsonsismer","12","7","19"
"rockmalvar","10","9","19"
"rocknf","10","9","19"
"rod1664","9","10","19"
"rodamap732","9","10","19"
"Rodi39","10","9","19"
"RodolfoDiego","9","10","19"
"rodrigo_cruz","10","9","19"
"rodrochi","11","8","19"
"Rogeriano","10","9","19"
"Roman212603","10","9","19"
"romancc","10","9","19"
"romanfire","9","10","19"
"Ronald_C_Berdera","9","10","19"
"RooksOnSteroids","8","11","19"
"Rozwa","10","9","19"
"RSJbits","8","11","19"
"rsriram66","10","9","19"
"rsulca8","9","10","19"
"rubenadolfo","8","11","19"
"ruholla_j","10","9","19"
"Rulo-Ar","8","11","19"
"rupinbhatia","11","8","19"
"RuPol","9","10","19"
"RVGeorg","10","9","19"
"rvsax","9","10","19"
"RWIN","9","10","19"
"Ryan_Yao","10","9","19"
"s1ng1e_rp","10","9","19"
"S69","10","9","19"
"Sacrificetheking777","10","9","19"
"saeedhamrah1997","10","9","19"
"saeiddr","9","10","19"
"safandula60","10","9","19"
"Safe95mast89","10","9","19"
"Sagaz23","11","8","19"
"Sahhmat","8","11","19"
"saikayena","10","9","19"
"sajdi0001","8","11","19"
"SalaDin_B","8","11","19"
"salbut","9","10","19"
"salvadordede","10","9","19"
"sam2015","9","10","19"
"sam8","10","9","19"
"samilkivanc","9","10","19"
"Samistall","9","10","19"
"samlse","9","10","19"
"samyside","10","9","19"
"sancar07","10","9","19"
"sandeepsandhu27","10","9","19"
"Sandrik1988","10","9","19"
"sanguilis","9","10","19"
"SanidhyaJ","10","9","19"
"Santa-a","10","9","19"
"sapolion","9","10","19"
"sarangel","10","9","19"
"Sardal198080","10","9","19"
"Sargsli","9","10","19"
"Sarmach","7","12","19"
"sarutmana","9","10","19"
"SashaChpu","9","10","19"
"sasi151988","10","9","19"
"Sasukechidori","10","9","19"
"SatanTxiki","10","9","19"
"saterike","9","10","19"
"SaulGoodman","9","10","19"
"SAURABH7412","10","9","19"
"SavageRockstar","9","10","19"
"savas","8","11","19"
"savelii_Lopatych","11","8","19"
"SavusMoudry","9","10","19"
"sber1","10","9","19"
"Sbrodolino","9","10","19"
"sbugra11","10","9","19"
"ScacoMale","9","10","19"
"Schachmon94","9","10","19"
"Schachspieler_S","11","8","19"
"Scorpione2022","11","8","19"
"seaj10","10","9","19"
"Seashells_06","9","10","19"
"Sebassp","10","9","19"
"Secret1234567","11","8","19"
"Seddik-Reggae-T108","10","9","19"
"Seeg7345","10","9","19"
"seeyoulater","11","8","19"
"Selqk","9","10","19"
"sensssey","10","9","19"
"seoseroff","9","10","19"
"Sephardic","9","10","19"
"sergelyam1907","9","10","19"
"Sergey_Gribkov","11","8","19"
"sergheicovalenco","11","8","19"
"Sergio_Garvan","9","10","19"
"SergioMarega","10","9","19"
"SergioSousa","10","9","19"
"Serhii_21","9","10","19"
"SeriousSpam","10","9","19"
"Serjio95","8","11","19"
"serkan7","9","10","19"
"seunlicious","9","10","19"
"Sevak_Tavetian","10","9","19"
"Sexydannyaaron","8","11","19"
"sFournier","9","10","19"
"shadikeitaro","9","10","19"
"Shah111","9","10","19"
"shahargindi","9","10","19"
"Shako5555","10","9","19"
"shankattack","10","9","19"
"Shanks42","11","8","19"
"shankyo4","9","10","19"
"sharkkid","10","9","19"
"SHARVES","9","10","19"
"SHATAEV","9","10","19"
"Shedrach","11","8","19"
"Shegzz-III","9","10","19"
"Sher44","10","9","19"
"sherfin94","9","10","19"
"Sherif_Olwan365","10","9","19"
"Sheriftoma","9","10","19"
"Shervin_Emrani","10","9","19"
"shipriaemadhe","10","9","19"
"shubham0786780","10","9","19"
"shubuo1","10","9","19"
"shunyao","10","9","19"
"Shvetsov-Ars","10","9","19"
"Sia050891","11","8","19"
"Siciliandragon_95","9","10","19"
"sicilianfan","9","10","19"
"SickBots","9","10","19"
"Siddddharth","9","10","19"
"siedeljules","11","8","19"
"Sieglindehans","9","10","19"
"signorina_baggio","10","9","19"
"Sikhumbuzo123","10","9","19"
"SimianMaster","9","10","19"
"SimiLakiNidza","10","9","19"
"sImoaR79","9","10","19"
"simon0311","9","10","19"
"sinan_sinanoglu","9","10","19"
"sinapsem","10","9","19"
"SINGER77","9","10","19"
"sirejester","9","10","19"
"sivaspassky","7","12","19"
"Sixunits","9","10","19"
"sjostrom123","10","9","19"
"sk3306","10","9","19"
"Skipper1982","10","9","19"
"skrawb","10","9","19"
"slapz2017","9","10","19"
"Slobodan_Samby","9","10","19"
"SmaduMath420","11","8","19"
"smart_Jaguar","10","9","19"
"SmHeart","11","8","19"
"Smirz75","9","10","19"
"Snakeparade","9","10","19"
"SNFA","10","9","19"
"sniper199","9","10","19"
"SNMTBRNEEKaYa","9","10","19"
"soahss","10","9","19"
"Socialismistyranny","9","10","19"
"sohela-bharat89","9","10","19"
"sokharev74","11","8","19"
"sokolove","9","10","19"
"Solly_Molomo","10","9","19"
"solotobronze","9","10","19"
"solovyev3","9","10","19"
"sonBrohan","9","10","19"
"Sopper","9","10","19"
"Sore-toes","9","10","19"
"sp1ea","9","10","19"
"Speedcar_chess","10","9","19"
"Speedroots","10","9","19"
"Speedy_Knight","9","10","19"
"sputnickey","10","9","19"
"Squeak1967","10","9","19"
"Squidw56","8","11","19"
"sreeharichess","8","11","19"
"SrihariNaidu-15","9","10","19"
"ssempijjaandrew","10","9","19"
"ssomechess","9","10","19"
"sstratega","10","9","19"
"sstrb","10","9","19"
"ssyal","11","8","19"
"StanleyMcHewitt","10","9","19"
"stavasoli","9","10","19"
"stealth69","10","9","19"
"Steeefiej2","9","10","19"
"Steeltitan_123","9","10","19"
"Steely57","10","9","19"
"Sterzingah","9","10","19"
"StonedPawn","10","9","19"
"StoPensandoPoco","9","10","19"
"straightahead","9","10","19"
"Stranger66","10","9","19"
"Stremyashisya_66","10","9","19"
"Strong2004","10","9","19"
"SumukhiShukla","9","10","19"
"Sunnykc69","9","10","19"
"Superiordestroyerrr","10","9","19"
"Supernova1975","10","9","19"
"supersprit","9","10","19"
"Surya1456","9","10","19"
"sushichef","10","9","19"
"sutmut","9","10","19"
"Suyog_Gulhane","10","9","19"
"swchrissw","9","10","19"
"syless888","10","9","19"
"Sylhety_Fua","10","9","19"
"Symcity23","10","9","19"
"Symon56","9","10","19"
"syracuse1","10","9","19"
"SzachowyPrawiczek01","9","10","19"
"Szirdzsa","9","10","19"
"T-Bag07","11","8","19"
"ta4erka228","9","10","19"
"tahagorji","9","10","19"
"tahamohammadi1393","11","8","19"
"Taido88","10","9","19"
"TaielChess","10","9","19"
"Tairmashekenov1242","10","9","19"
"talasofobia","9","10","19"
"Talent75","9","10","19"
"Tamylover","9","10","19"
"TanStreet","9","10","19"
"tanya8","10","9","19"
"tateti123","11","8","19"
"Tatiel_chess","9","10","19"
"Taurus89","10","9","19"
"Tavarius","10","9","19"
"tb1229","9","10","19"
"Tbned","10","9","19"
"td1680","8","11","19"
"Team_TryHard","10","9","19"
"Tear0000","11","8","19"
"Temir_Z","9","10","19"
"Temogo","10","9","19"
"temppumies12345","10","9","19"
"tequila190","10","9","19"
"terrilbe","9","10","19"
"test0102030405","9","10","19"
"Tetrisx","11","8","19"
"tharuki","9","10","19"
"The_Fundraiser","10","9","19"
"The_Great_Evil","10","9","19"
"The_Throne98","9","10","19"
"TheBlackSnake02","11","8","19"
"TheGreatChuckAnthony","11","8","19"
"TheKafka","9","10","19"
"theodracir","11","8","19"
"TheoTramontin","9","10","19"
"Theseus9","9","10","19"
"thestar97","11","8","19"
"ThisIsMyriii","8","11","19"
"tijilsingh","10","9","19"
"timaloveschess","9","10","19"
"Timbo90","11","8","19"
"timh1234","10","9","19"
"timrikcfc","10","9","19"
"timson33","8","11","19"
"Timur-rumiT","9","10","19"
"Tincuskan","10","9","19"
"Tiny25","10","9","19"
"Tinyefunza","9","10","19"
"Titibacsi","10","9","19"
"titie123","10","9","19"
"titoborde","9","10","19"
"TitusW","11","8","19"
"TkMango","11","8","19"
"tlhyurk1","10","9","19"
"TMCRemastered","10","9","19"
"Toariki","9","10","19"
"tobi1104","9","10","19"
"TobiasOvermark","11","8","19"
"Tolbiac","10","9","19"
"tommhy1","10","9","19"
"TomThumbChess","9","10","19"
"Tonafr23423","10","9","19"
"tonathernandez","9","10","19"
"TonChy777","18","1","19"
"tonystark450","10","9","19"
"topazine","11","8","19"
"topbeer86","9","10","19"
"tornova6","11","8","19"
"tossalados","9","10","19"
"TotresRepetto","9","10","19"
"toychess","10","9","19"
"Traderherz_com","8","11","19"
"tratatta","9","10","19"
"trpy-1","9","10","19"
"Trubbercrue","10","9","19"
"tschorodrick","10","9","19"
"tslominski","9","10","19"
"tthaumea343","10","9","19"
"ttlukasfw","10","9","19"
"tukbah","10","9","19"
"Tulachessroom","9","10","19"
"tuntem","9","10","19"
"turbomint","10","9","19"
"TwoKnow1","9","10","19"
"typhoontanny","9","10","19"
"Ubermensch1","9","10","19"
"Udar59","9","10","19"
"uditkirar123","9","10","19"
"Udy_8","10","9","19"
"Ukimok","9","10","19"
"umousemehawk","10","9","19"
"Una1","9","10","19"
"uncompromising90","10","9","19"
"Unknown11111111","11","8","19"
"UnoriginalUser42","10","9","19"
"urasemenov6881","9","10","19"
"Ustai","10","9","19"
"utkuk","9","10","19"
"uttam_chess_whiz","9","10","19"
"utyan","8","11","19"
"UVOChess","10","9","19"
"Uvolfi","10","9","19"
"v1tao","9","10","19"
"v3niiiiice","10","9","19"
"Vadymbus","10","9","19"
"vago54","9","10","19"
"Vaibhav_Dang","9","10","19"
"vajik","10","9","19"
"valhallas","10","9","19"
"valim_bokom","9","10","19"
"valya7576","10","9","19"
"vandpibesalg","8","11","19"
"vangala_venugopal","10","9","19"
"Vankoks","9","10","19"
"vankwaadtoterger","10","9","19"
"Vansh_man14","11","8","19"
"Veetkaa","10","9","19"
"Vega1234","9","10","19"
"velmurugan007","10","9","19"
"veluca","10","9","19"
"Veraarev","10","9","19"
"vexomaniac","9","10","19"
"vicentess","9","10","19"
"Viggobergman03","11","8","19"
"villo97","10","9","19"
"vinayakchess42","8","11","19"
"vippervipper","9","10","19"
"vipvegas","9","10","19"
"VishaliRajendran","9","10","19"
"vitekru1984","9","10","19"
"Vitor_Moraes_Calixto","9","10","19"
"Viveka2023","8","11","19"
"VivekRoyMarch","9","10","19"
"vivianpayan","10","9","19"
"Vladialav_Yefimovich","7","12","19"
"VladimirGalechyan","11","8","19"
"Vlixz","10","9","19"
"Vlkncbr","9","10","19"
"vmlichess","10","9","19"
"vodafone","9","10","19"
"volkii","9","10","19"
"Vonander556","10","9","19"
"VonRiktoeffen","10","9","19"
"VorisBian","9","10","19"
"VORONOFF-39","8","11","19"
"Vostok65","10","9","19"
"vvaynej","10","9","19"
"w2411438","8","11","19"
"w4urae","9","10","19"
"Wachtelkoenig","9","10","19"
"wamugunda","8","11","19"
"Weber_Chess","10","9","19"
"weeza","10","9","19"
"Wermeland","8","11","19"
"Wh1teq","10","9","19"
"WhackyWookiee","9","10","19"
"whateverltn","10","9","19"
"whitehair","9","10","19"
"whiterobe","10","9","19"
"WhoYifan","10","9","19"
"Whyalwaysme22","8","11","19"
"WhyAmISoBadAtThis","8","11","19"
"Whytriks","9","10","19"
"WiLifOg","8","11","19"
"WillyLozz","8","11","19"
"Wimboza","9","10","19"
"wise_wolf","10","9","19"
"woody777","9","10","19"
"Wossos","11","8","19"
"wpez","9","10","19"
"wrappedupinclouds","9","10","19"
"WSR17","10","9","19"
"xavi2009","9","10","19"
"xCelentano","9","10","19"
"Xerox1959","10","9","19"
"xMOMANIxx","11","8","19"
"xocotaps","10","9","19"
"xsdrag","9","10","19"
"XtramileChess","9","10","19"
"xxangelnocturnoxx","9","10","19"
"YaNiSe","10","9","19"
"yanivk740","10","9","19"
"yanivs","8","11","19"
"yanleng29","11","8","19"
"Yasinyunus","9","10","19"
"yaxio","9","10","19"
"ycalvino","9","10","19"
"yefersono","10","9","19"
"Yelowa56","9","10","19"
"YG_16","9","10","19"
"YoCHESS9518","10","9","19"
"yonatanhakatan","10","9","19"
"youbet","9","10","19"
"YouCanCallMePal","10","9","19"
"Youcef_zaballa","9","10","19"
"Yournightmare2","10","9","19"
"Yrist","10","9","19"
"ysr44","9","10","19"
"Yunromero","11","8","19"
"Yuri_77","9","10","19"
"zafer_1234","10","9","19"
"zakb5","9","10","19"
"zavidsky","9","10","19"
"zaziialbert","10","9","19"
"Zedek30","11","8","19"
"zefraun_krova1423","9","10","19"
"Zekethegeek","10","9","19"
"zenon011","9","10","19"
"ZentrumZauberer","9","10","19"
"zenutrio","9","10","19"
"ZEUS-OMEGA","9","10","19"
"ZeusExMachina","8","11","19"
"ZG-777","9","10","19"
"ZheltiyAlex","10","9","19"
"zhenyashkin","9","10","19"
"Zhihar","9","10","19"
"ZianVenn","8","11","19"
"Zico_1","10","9","19"
"Zippu","9","10","19"
"zizar117","9","10","19"
"zmaths","9","10","19"
"zo2229","11","8","19"
"zohiro","9","10","19"
"zomig12","10","9","19"
"Zozzer","8","11","19"
"zwanzigcent","9","10","19"
"Zwiebelfisch","10","9","19"
"Zwottel","9","10","19"
"a_NameLess","9","9","18"
"A-Timothy","9","9","18"
"a05","9","9","18"
"a32kLW0mCx0kx","9","9","18"
"AA711","9","9","18"
"Aaaaaud","9","9","18"
"Aasha04122005","9","9","18"
"aazack","9","9","18"
"abdal_dayem2300","10","8","18"
"abdelrahmantag1","9","9","18"
"Abdulkareemaldukhil","8","10","18"
"AbdullaTET","8","10","18"
"aberhall","10","8","18"
"abhaynara","8","10","18"
"Abhi_RockZ","8","10","18"
"AbhinavRanjith_1636","9","9","18"
"abhinmk10","9","9","18"
"abolfazl-karami","9","9","18"
"Abolust","9","9","18"
"Aboozaralavi","9","9","18"
"abrahamyandavit777","8","10","18"
"Abranovan2","9","9","18"
"abrok83","9","9","18"
"abtohpro","7","11","18"
"Adam_Sikorski","9","9","18"
"Adamjw","8","10","18"
"adeny","8","10","18"
"adiguna-21","10","8","18"
"aditya1026","10","8","18"
"Admirov","10","8","18"
"adoler","10","8","18"
"adrianbg","9","9","18"
"adygha","9","9","18"
"aecolling","9","9","18"
"Aeronatical_Engineer","9","9","18"
"AFAT07","9","9","18"
"Afrekanooooo","9","9","18"
"AG2093","9","9","18"
"agentnemo","9","9","18"
"agiandoni","9","9","18"
"aguilarnaldo","9","9","18"
"aguinas","9","9","18"
"aguszgd","9","9","18"
"ahmadhallaji","10","8","18"
"Ahmedabdallahosman","8","10","18"
"ahoravasapique","9","9","18"
"Aiouni16","10","8","18"
"airbug_88","9","9","18"
"AirEchWhen","9","9","18"
"aitotolkien","9","9","18"
"Aizawa_EraserHead","8","10","18"
"aj107","9","9","18"
"Ajedrezultrabullet","9","9","18"
"Ajensacar10","10","8","18"
"ajis_rumpin2020","9","9","18"
"AjithKM","10","8","18"
"akom_mosh","10","8","18"
"AKS-Mantissa","9","9","18"
"akshay18","8","10","18"
"Akshaykher11","9","9","18"
"Akul_Bastia","9","9","18"
"AKVGUR","9","9","18"
"alagbaonile","8","10","18"
"Alaingon","8","10","18"
"alban5011","8","10","18"
"Albina23","8","10","18"
"alcortandroid","9","9","18"
"ale000x","10","8","18"
"aleeyy","10","8","18"
"alekine99","10","8","18"
"Aleksandr_Ovechkin","9","9","18"
"AlEkSvAsIlEv12","9","9","18"
"aleozaj","8","10","18"
"Alesha_1988","9","9","18"
"Alex_1892","9","9","18"
"AlEX-2507","9","9","18"
"Alex054","10","8","18"
"AlexAltuhov","9","9","18"
"alexeenka","9","9","18"
"ALeXeI022","8","10","18"
"Alexeius","10","8","18"
"AlexLid","9","9","18"
"AlexNepo","10","8","18"
"alexxx87","10","8","18"
"Alfonso_Hernandez","9","9","18"
"Alfredo00","8","10","18"
"Aliardatik","9","9","18"
"alidurden","10","8","18"
"ALIFAIZ","9","9","18"
"aliican61","9","9","18"
"alinia2021","9","9","18"
"aliyasar-93","8","10","18"
"aliyavuuz0","9","9","18"
"ALKASER99","11","7","18"
"Alkoholjin","8","10","18"
"Alles_s","9","9","18"
"alloisevankleef","9","9","18"
"allopriem","9","9","18"
"allsquares","10","8","18"
"Alo-6400","10","8","18"
"alogo24","9","9","18"
"Alpnostik","9","9","18"
"alpr","9","9","18"
"amagno65","8","10","18"
"amar72","11","7","18"
"amateur1034","9","9","18"
"Ambun-2023","9","9","18"
"ameya_loya","10","8","18"
"Amgad36","9","9","18"
"AMIN_BLUES","9","9","18"
"aminovitch","8","10","18"
"amir_mohamad1370","10","8","18"
"Amir_tmnt","9","9","18"
"Amirkhan1401","9","9","18"
"amit_12349a","10","8","18"
"amite","9","9","18"
"ammmko","10","8","18"
"amnbbnma","9","9","18"
"Anandselvasekaran","10","8","18"
"anaskottukadu","10","8","18"
"anasmm","9","9","18"
"Anchkov","10","8","18"
"anchoress_evelyn","10","8","18"
"andrea_jeremy","9","9","18"
"AndreasLS","10","8","18"
"Andreikin_Student","8","10","18"
"AndreiMendez","9","9","18"
"andreimiricescu","10","8","18"
"Andrejchy","9","9","18"
"Andrenki","10","8","18"
"andresgz92","8","10","18"
"Andrew58","10","8","18"
"Andrey_Agrachev99","10","8","18"
"Andrey_Ilyin","9","9","18"
"Andrey5878","9","9","18"
"andreybez2011","9","9","18"
"Andreymuhin777","9","9","18"
"andy_simplemoves","9","9","18"
"andychris","8","10","18"
"Anest87","10","8","18"
"angelcamina","9","9","18"
"anik3377","9","9","18"
"AnilST","9","9","18"
"Anomaly_kristoss","9","9","18"
"Anon696","10","8","18"
"Antherz_03","9","9","18"
"antpadi","10","8","18"
"Antzo","10","8","18"
"anubhavsharmahp","9","9","18"
"Ap3ls1nka","9","9","18"
"AperaciumPericis","8","10","18"
"APOLO_13F","9","9","18"
"Aquarius94","10","8","18"
"Ara_vind","12","6","18"
"Aram_05","9","9","18"
"arashhh1378","10","8","18"
"AravindPinku","9","9","18"
"Arcadian_Pietrangelo","9","9","18"
"ArchanRay","9","9","18"
"ArchBishopX","9","9","18"
"ArcPhoenix","9","9","18"
"arda_764","11","7","18"
"areg123","9","9","18"
"arin_chanda","10","8","18"
"Aristocrat_knight","9","9","18"
"ArliganZ","9","9","18"
"arlutzandoni","11","7","18"
"ArmChessBo","9","9","18"
"ArnabK1213","9","9","18"
"arrail","10","8","18"
"arrcheck","10","8","18"
"arrogantant","9","9","18"
"arsengusejnov2008","8","10","18"
"Arsenij_13ty","7","11","18"
"arshiya11389","8","10","18"
"Art_3005","9","9","18"
"arthur07061998","9","9","18"
"Arthur3113","8","10","18"
"artics2","9","9","18"
"artx52135","9","9","18"
"arun_galactico","10","8","18"
"Aryakodali","9","9","18"
"Asad-lion","9","9","18"
"ascn","10","8","18"
"Ashebeny","9","9","18"
"asuspc1","9","9","18"
"ata1123581321","10","8","18"
"attackno1","9","9","18"
"Auctioned212","10","8","18"
"AureliusColumn","9","9","18"
"ausm","9","9","18"
"AV90","10","8","18"
"Avalanche1391","8","10","18"
"avatar274","10","8","18"
"avidplayer03","9","9","18"
"avitohool","9","9","18"
"avrihanein","8","10","18"
"AwesomeRobot","9","9","18"
"axpar","9","9","18"
"ayckzo","9","9","18"
"Azerothh","8","10","18"
"azioneperpendicolare","9","9","18"
"B3Badmiton","10","8","18"
"B3nJ","8","10","18"
"BabayOgly","9","9","18"
"Baf11","9","9","18"
"BagariRapture","8","10","18"
"BahadirAyaz","9","9","18"
"BaijuC","8","10","18"
"balika22","8","10","18"
"Ballsark","10","8","18"
"Banji9","11","7","18"
"Banteng_Manado","9","9","18"
"bariskurtulus","9","9","18"
"barnyardpuer","10","8","18"
"bassiousmaximus","10","8","18"
"bassjester","12","6","18"
"basten82","9","9","18"
"batistato","10","8","18"
"Batuflexmarka","10","8","18"
"bayezid007","8","10","18"
"bazeenga","9","9","18"
"BAZHUKOVAleksandr","9","9","18"
"BDACHESS09","9","9","18"
"BeaTenerife","9","9","18"
"beauheme","9","9","18"
"beberton","9","9","18"
"Behroz11","8","10","18"
"BekirBerkAyvalli","9","9","18"
"BelZem","9","9","18"
"BenedekBar","9","9","18"
"beniniron","10","8","18"
"benins2021","9","9","18"
"BenitoMcLanbeck","10","8","18"
"BennyFischer","9","9","18"
"Benoit-87","10","8","18"
"Berbola","9","9","18"
"Bereikua","9","9","18"
"berlininberlin","10","8","18"
"bertchess","8","10","18"
"bestnotmiss","9","9","18"
"Betomanix","11","7","18"
"BetoUNI","10","8","18"
"BEVIE","8","10","18"
"Beyogllu","10","8","18"
"bfg9","10","8","18"
"bgvs","9","9","18"
"bia","10","8","18"
"bigcyc","9","9","18"
"BIGMAN45","9","9","18"
"BigNutz","10","8","18"
"bihruz","9","9","18"
"BILB020","9","9","18"
"bilgeibrahim","9","9","18"
"billyoungeneral","9","9","18"
"BiMsLank","9","9","18"
"biobrain1962","8","10","18"
"BirKimsee","10","8","18"
"BishopBlazer","10","8","18"
"BishopofBristol","10","8","18"
"bisness","8","10","18"
"biswassudipta05","8","10","18"
"Bjarkinnn","10","8","18"
"blacckk22","9","9","18"
"blackburneagain","9","9","18"
"BlackestBishop","9","9","18"
"blackjacks4","9","9","18"
"blackrock_rdl","9","9","18"
"BlakeRaketa","7","11","18"
"Blomqvist6","10","8","18"
"blundertholt","9","9","18"
"boatl0ver","8","10","18"
"bob_vv","10","8","18"
"Bobbybrexit","9","9","18"
"bodya17","9","9","18"
"Boi-tempo","10","8","18"
"BoleBili","9","9","18"
"boltninjajo","9","9","18"
"BorchTrzyKawki","9","9","18"
"BoskoRadic77","8","10","18"
"BOU3AFIA","9","9","18"
"BoxeoCerebral","9","9","18"
"bratow19","10","8","18"
"Brayan_Zela","9","9","18"
"Brenio24","9","9","18"
"Bressana68","9","9","18"
"bronski66","10","8","18"
"BROTHER-TE5TING","9","9","18"
"brtkalgan","9","9","18"
"brunskovic","8","10","18"
"bsiddarth","9","9","18"
"bugraaaJK","10","8","18"
"BUILDER9999","9","9","18"
"BulletIsFakeChess","9","9","18"
"bulletwithpen","10","8","18"
"buriram","9","9","18"
"burnjake","9","9","18"
"bus_station07","9","9","18"
"butcherson","9","9","18"
"butchv123","9","9","18"
"Buylov","9","9","18"
"Bxrqa","9","9","18"
"C-Note2626","9","9","18"
"C242Racing","9","9","18"
"cabri007","10","8","18"
"CACG2000","10","8","18"
"cactuslover","9","9","18"
"cadjo","8","10","18"
"cadrona","9","9","18"
"Caesium-137","10","8","18"
"caeszar98","9","9","18"
"caIOIcy","9","9","18"
"caiuslacer","10","8","18"
"calkipz","10","8","18"
"calleelmaso","7","11","18"
"Calyll","9","9","18"
"came14","9","9","18"
"Camireles10","10","8","18"
"Camsky","8","10","18"
"can_yasar","11","7","18"
"canasma52","9","9","18"
"CanBeko","8","10","18"
"CappuccinnoD5","8","10","18"
"CaptainNeutron","9","9","18"
"carlgauso72","9","9","18"
"carlosastu2023","8","10","18"
"carrascof","11","7","18"
"carsinoma-peritonei","10","8","18"
"cash1981","8","10","18"
"caspermabaya","9","9","18"
"CassiusCampos","10","8","18"
"Catana3547","8","10","18"
"CatherinPaul","9","9","18"
"catnip-typeset","9","9","18"
"catriever","9","9","18"
"cCc_Turkiyem_cCc","8","10","18"
"cdalo","9","9","18"
"ce_ec","10","8","18"
"Celestin2014","8","10","18"
"Cemento_Torturowicz","9","9","18"
"Centum","10","8","18"
"cforero48","8","10","18"
"Chalimoniuk77","9","9","18"
"CHAMPION-UTSAV","8","10","18"
"chanchlesh","9","9","18"
"charliedrago","8","10","18"
"CharlieHustle59","8","10","18"
"chatoorking","8","10","18"
"CHAXMATNYJZHU4OK","9","9","18"
"check_mate_pawn","7","11","18"
"checkmateacademy7","8","10","18"
"ChefZito","9","9","18"
"chelan","8","10","18"
"ChequeEtMate","9","9","18"
"Cheremiss","10","8","18"
"chess_blenz","8","10","18"
"Chess_Dog8","9","9","18"
"chess24better","9","9","18"
"ChessAnes","10","8","18"
"chessbrain3","8","10","18"
"chessbukucu21","9","9","18"
"chessbump17","10","8","18"
"chesser_1898","9","9","18"
"chessgamerrr","9","9","18"
"chesslawyer12","8","10","18"
"chessmuho","9","9","18"
"ChessResearchAI","8","10","18"
"Chesss_2021","9","9","18"
"chessworld40","9","9","18"
"Chete05","9","9","18"
"ChiGeo","7","11","18"
"chintupandit","9","9","18"
"ChivasKangal","10","8","18"
"Chris46","10","8","18"
"chrisstansell","9","9","18"
"chxssmxnic","9","9","18"
"Cichyszachista","9","9","18"
"cincinnatikid","10","8","18"
"cindigo_1st","9","9","18"
"Ciprea","9","9","18"
"ciro79","9","9","18"
"ck2023","9","9","18"
"Clcasee","9","9","18"
"ClearestBlue","9","9","18"
"ClearkDubMaxwellyum","8","10","18"
"clementelarrainv","9","9","18"
"clemmy13","9","9","18"
"Clemrmd","9","9","18"
"ClerkofGod","9","9","18"
"Clino","8","10","18"
"cnouray","9","9","18"
"cocolocuaz","10","8","18"
"codementes","9","9","18"
"Coffee_The_Answer","10","8","18"
"composite_notation","9","9","18"
"conniork","9","9","18"
"conradoromero","8","10","18"
"ConspiranoyCorp","9","9","18"
"ContessaFortuna","10","8","18"
"Contreras69088","9","9","18"
"Coolesz","9","9","18"
"coolkid86","8","10","18"
"Copey74","9","9","18"
"Coque0816","9","9","18"
"cordoba123","9","9","18"
"Cornitipio","10","8","18"
"Craneman","8","10","18"
"cretcret","10","8","18"
"Crips-P-Bacon","10","8","18"
"cro_92","10","8","18"
"crunch02","9","9","18"
"CrveniCira","10","8","18"
"CrystalMethods","9","9","18"
"CSHTSFX","9","9","18"
"cudgel-proof","10","8","18"
"CyberFire123","9","9","18"
"Cynixa","9","9","18"
"D3g47","9","9","18"
"d4man","9","9","18"
"D5499","9","9","18"
"da3m0n_mp4","8","10","18"
"Dada0503","8","10","18"
"dagg123","10","8","18"
"DamaQueen","9","9","18"
"dame39","8","10","18"
"damian16","10","8","18"
"DamianAdv7","9","9","18"
"DamianoTonon","10","8","18"
"damidamidam","9","9","18"
"damog","10","8","18"
"DanielCubas1988","10","8","18"
"danielfmelo","9","9","18"
"danielstrungout","10","8","18"
"daniil-kaminskii","10","8","18"
"Danlag86","9","9","18"
"Danpt","9","9","18"
"Dantdant","9","9","18"
"DANYAMs","9","9","18"
"DaPoisonPawn","9","9","18"
"Darachess","10","8","18"
"DarisZafran","8","10","18"
"dark_bishop01","8","10","18"
"DarkAlligator","9","9","18"
"daryazorina","8","10","18"
"datamining","10","8","18"
"DATSHIMMOMA","10","8","18"
"dave543t","9","9","18"
"Davenof","9","9","18"
"davidiscos","8","10","18"
"davidlop45","7","11","18"
"Dazstarcraft","9","9","18"
"dbhdbh","7","11","18"
"Dbun","9","9","18"
"ddijien","9","9","18"
"Debesir","10","8","18"
"Dedondesaliste","9","9","18"
"definitelynothacking","9","9","18"
"DellyCheual","9","9","18"
"delnik","9","9","18"
"Delphichess75","10","8","18"
"den19kck","9","9","18"
"deplasman","9","9","18"
"Depzaikonganai2k9","9","9","18"
"derbeste123","10","8","18"
"derHerzog","9","9","18"
"derwisch","10","8","18"
"designerdaan","8","10","18"
"destinedtofail","9","9","18"
"Deuterio27","9","9","18"
"DevanshAcharya","8","10","18"
"Devendradubey","7","11","18"
"Devilhorse","8","10","18"
"DevJason35","9","9","18"
"dexseveneleven","8","10","18"
"Dezember11","10","8","18"
"DezoR","9","9","18"
"DFomin","9","9","18"
"Dheeraj_kaushik","9","9","18"
"Diaa_Jun","8","10","18"
"didar2013lbp","9","9","18"
"Diegogalle","10","8","18"
"Dieter136","9","9","18"
"DilemOzkanFIDE","9","9","18"
"DimaLV","9","9","18"
"dimlight96","8","10","18"
"dimtheod1","9","9","18"
"dinoban","10","8","18"
"dioniswe","9","9","18"
"Dirk_Ratzkowski","8","10","18"
"django41","9","9","18"
"Djonnik80","8","10","18"
"dkaias","9","9","18"
"DLRX","9","9","18"
"Dmitrii_Ezhov","10","8","18"
"dmitriisk","9","9","18"
"dmitryt","9","9","18"
"DMV002","8","10","18"
"Dneprianin","9","9","18"
"DNox04","10","8","18"
"dobra_dobrayovski","9","9","18"
"doctormarcusdavidoff","13","5","18"
"Doctrine","10","8","18"
"dogonaphone","10","8","18"
"Doido2021","10","8","18"
"Doktor_victor","9","9","18"
"dokugaku","8","10","18"
"Dolelembico","10","8","18"
"dolly3","9","9","18"
"Dominic_KL4","8","10","18"
"Don_Marwil","9","9","18"
"Donea_Marius_Cristi","8","10","18"
"DonMasaccio","9","9","18"
"DonutMaker17","9","9","18"
"DonYoshua","8","10","18"
"dora9221","10","8","18"
"Dorado21","9","9","18"
"Doris47","9","9","18"
"Doskali","8","10","18"
"Double_Shacker","9","9","18"
"douma","9","9","18"
"Doxaa","9","9","18"
"dpatr004","10","8","18"
"dpinomun","10","8","18"
"Dr_CheckYmate01","8","10","18"
"dr_madmax","9","9","18"
"dragongana","9","9","18"
"DrChampionstein07","8","10","18"
"dreadhed","9","9","18"
"DrMurodMansur","9","9","18"
"droded","7","11","18"
"druvavirat6360","10","8","18"
"drzymek_1","9","9","18"
"dsaulakh","9","9","18"
"DScheuring","9","9","18"
"dsrmd","9","9","18"
"dstothek","9","9","18"
"Dubbelgamer","9","9","18"
"dubnostep","10","8","18"
"DucksAndGeese","10","8","18"
"DummyAcxss","10","8","18"
"Duncan412","9","9","18"
"dursdems","9","9","18"
"DZB","10","8","18"
"dzhumadylov1","9","9","18"
"dzsombi","8","10","18"
"eaturspiders","10","8","18"
"ebliujus","9","9","18"
"Eddyvann","10","8","18"
"edibtbt","9","9","18"
"edicmic","8","10","18"
"edmedoed","9","9","18"
"EduardoGuerrero","9","9","18"
"EdyDarma","8","10","18"
"edymate","8","10","18"
"eee01","9","9","18"
"egepoyraz25","10","8","18"
"egerzi","10","8","18"
"ehsan85863","9","9","18"
"EhSanMaghSodian","9","9","18"
"einar-st","9","9","18"
"einmalistkeinmal","10","8","18"
"eisone","10","8","18"
"ekiki_76","9","9","18"
"elaminchess","10","8","18"
"ElbowDeepInIt","9","9","18"
"elbring","7","11","18"
"eldit_s","9","9","18"
"Eldores-chess","10","8","18"
"ElemagAsenov","9","9","18"
"elgo83","9","9","18"
"elgranlucas","8","10","18"
"eliasevinotintos","10","8","18"
"Elina_Di","9","9","18"
"ELMAGISTRAL2018","10","8","18"
"ELMagnitiko","9","9","18"
"ElP1ngaDA0OxiDADO","8","10","18"
"ElSieteDamas","7","11","18"
"ElVolpe","10","8","18"
"EmanoelYeshua","9","9","18"
"EmilianoCoello","9","9","18"
"emilloman","9","9","18"
"emilmammadov177","8","10","18"
"emin0808","10","8","18"
"Eminencio","9","9","18"
"Emre88673","9","9","18"
"Enderunn","9","9","18"
"enhvi","9","9","18"
"Eniseus","8","10","18"
"enoxxx","8","10","18"
"epicboy","10","8","18"
"eptargueta","10","8","18"
"erasson","9","9","18"
"Erdalsochi","9","9","18"
"erekle89","10","8","18"
"eren26yna","10","8","18"
"ergunplak01","7","11","18"
"eric8552312345","8","10","18"
"Erowl","9","9","18"
"ERUINSAF","8","10","18"
"ErwinSayang","9","9","18"
"EscoFiquetto","9","9","18"
"Esengeldi1992","9","9","18"
"eslam-elnaidany","10","8","18"
"esquizo_frenico-96","10","8","18"
"estedrez","9","9","18"
"EVA321qwe","10","8","18"
"Evgeny-Samarenkov76","9","9","18"
"EvilChessCoach","9","9","18"
"Exilado","10","8","18"
"exploredaytona","9","9","18"
"exSelNick","9","9","18"
"ezequiell","9","9","18"
"Eziz1993","9","9","18"
"f_hassan","8","10","18"
"F_jojo","10","8","18"
"Fabian61","8","10","18"
"Fabiolo74","8","10","18"
"Fadimh01","8","10","18"
"FaritAkhmetshin","8","10","18"
"farukomerbas","8","10","18"
"Fascinus","9","9","18"
"fastbreaks","10","8","18"
"Fatihsnck25","9","9","18"
"Fayala21","9","9","18"
"Feel_the_love_i","8","10","18"
"felixwrede","9","9","18"
"fer70","8","10","18"
"ferchav90","9","9","18"
"FerdinandLeFurier","9","9","18"
"fere1442","10","8","18"
"Feryan","9","9","18"
"Feyyazata001","9","9","18"
"ff_ff","10","8","18"
"fghfghryhj","9","9","18"
"Fianchetto_hole","9","9","18"
"Fichtelzwerg","9","9","18"
"fieldtrip","9","9","18"
"fillintheblanks","10","8","18"
"fin_trader","7","11","18"
"findoctor","8","10","18"
"finn_schabath","10","8","18"
"Finthewin","9","9","18"
"fipsi","10","8","18"
"firedery","9","9","18"
"firr","9","9","18"
"fischer64cria","9","9","18"
"fiveredapples","10","8","18"
"flegmeth","10","8","18"
"flowien","10","8","18"
"Flying_Pizza1","9","9","18"
"FMcarpov","8","10","18"
"Fokstish420","9","9","18"
"fontana1233","8","10","18"
"foodrus","9","9","18"
"Fooldan","9","9","18"
"fox_er","9","9","18"
"foxpwnzz","9","9","18"
"Franck_PIETERS","9","9","18"
"FreeDen","8","10","18"
"FreePoint4u","9","9","18"
"freshmode","7","11","18"
"Frizzy1000","8","10","18"
"frodik","9","9","18"
"fubu","10","8","18"
"Fuego23","9","9","18"
"Fulldex","8","10","18"
"fullmoonnnnn","8","10","18"
"fulviofarina","9","9","18"
"funky78","10","8","18"
"furace","9","9","18"
"furkankirbass","10","8","18"
"futbolme","9","9","18"
"Futurechess1672","11","7","18"
"g33zm0","9","9","18"
"gabrielzapata","8","10","18"
"Gabs1234","9","9","18"
"gabyggg","9","9","18"
"Gael-1011","9","9","18"
"GALAXXXY","9","9","18"
"galileo33","8","10","18"
"gallouns","9","9","18"
"galzuural","9","9","18"
"Gameechanger12","9","9","18"
"GannibalBarka","8","10","18"
"ganstayojik","9","9","18"
"garret13","9","9","18"
"Garriv","11","7","18"
"GASTONMOISSET","9","9","18"
"Gawzilla","9","9","18"
"Gayaraa","9","9","18"
"gazzzton","8","10","18"
"GBFJr","10","8","18"
"gehrmansparrow","9","9","18"
"generalsterlingprice","9","9","18"
"GENIO3719","10","8","18"
"Genry1999","8","10","18"
"GeorgeCBaker","8","10","18"
"Georgie675","9","9","18"
"GersonSantos","10","8","18"
"getodac","9","9","18"
"GetRickRolled","9","9","18"
"ghidrasanbogdan","9","9","18"
"ghost333","9","9","18"
"gibonacci","10","8","18"
"Gilbert_Velarde","9","9","18"
"gilu89","10","8","18"
"giogio1111","9","9","18"
"GK87","9","9","18"
"glhfx","8","10","18"
"Gligoric16","9","9","18"
"gloriabendita","9","9","18"
"Gmarasa","9","9","18"
"gmating","9","9","18"
"gnits89","9","9","18"
"gogo991","9","9","18"
"gojiko","9","9","18"
"GoldenEpoch","8","10","18"
"Goncharenko-Kiril_27","9","9","18"
"gonthalo","9","9","18"
"gonzalo7799","9","9","18"
"GoodRooks","8","10","18"
"GoStraightTurnRight","9","9","18"
"goxzy","11","7","18"
"Grand-admiral_Thrawn","10","8","18"
"GrayDuck","9","9","18"
"Grey_Tomcat","9","9","18"
"Griffan","10","8","18"
"Grimgor","10","8","18"
"GrimReaperX_SA","11","7","18"
"Grom121","9","9","18"
"gromble","9","9","18"
"GS5176","10","8","18"
"Gtrigueros_49","10","8","18"
"Guarner","9","9","18"
"Gudari","9","9","18"
"gugula","10","8","18"
"gugyfdx","9","9","18"
"guipsdenovoaf","9","9","18"
"gulag1","8","10","18"
"guniym","9","9","18"
"gurkensepp","9","9","18"
"Gustovan","9","9","18"
"GyaoLaDre","8","10","18"
"Gymnastic","9","9","18"
"h0mbie","9","9","18"
"hadesa","9","9","18"
"HADIICNMMM17","9","9","18"
"HadingaMoemedi","10","8","18"
"haffman","8","10","18"
"hafhaf","9","9","18"
"hahaha2_o","10","8","18"
"haizivs","9","9","18"
"hajohnson56","10","8","18"
"HakanK8","8","10","18"
"haliitsh","9","9","18"
"hamit97","9","9","18"
"hamr","8","10","18"
"hamrabi","9","9","18"
"Hamster_Furtif","9","9","18"
"HaN_GooD","9","9","18"
"hannatus","9","9","18"
"HannesHamburg","10","8","18"
"Harakiriii","9","9","18"
"Harapach","9","9","18"
"Hardenbeat27","10","8","18"
"hari850","9","9","18"
"haroldo_uy","9","9","18"
"harsh2197","9","9","18"
"harshalshrimali","9","9","18"
"HarshBaranwal2006","11","7","18"
"HashMobile","10","8","18"
"hasssantouri","9","9","18"
"Hast2006","9","9","18"
"hatemholaibi","9","9","18"
"Hawk-Assem","10","8","18"
"hdegroot43","8","10","18"
"he1dj","9","9","18"
"heavyandsons","9","9","18"
"Hebibezare","10","8","18"
"hectorgermes","9","9","18"
"Henry47","8","10","18"
"henway","8","10","18"
"HeraldoPR","10","8","18"
"HerbyW","9","9","18"
"HerrBlabla","10","8","18"
"Hetrik","10","8","18"
"heygee","9","9","18"
"hikamagnus","9","9","18"
"hikaru2811","10","8","18"
"hils4star","8","10","18"
"Himaliya","9","9","18"
"Himansh2014","9","9","18"
"Hindu_Warrior","10","8","18"
"HinzKunz","9","9","18"
"hipotermia93","10","8","18"
"hitthebongjack","9","9","18"
"hkminh","9","9","18"
"HMMM20","9","9","18"
"HMS_Thunderchild","10","8","18"
"hobbiwi","9","9","18"
"hobbyschaak","9","9","18"
"holod238","9","9","18"
"Holzbruecke","9","9","18"
"Homem_aranha","11","7","18"
"HoNeY96","9","9","18"
"Hops_in","9","9","18"
"Houede","8","10","18"
"HP38","9","9","18"
"htBattousau","9","9","18"
"hugoboss_111","10","8","18"
"huijia-chenbin","9","9","18"
"Huitzilopochtl","10","8","18"
"Human321","8","10","18"
"Hurkan81","9","9","18"
"huss14","9","9","18"
"Huvy","8","10","18"
"Huxley734","10","8","18"
"Hylus1989Zabkowice","9","9","18"
"Hyruhero","8","10","18"
"I1i4s","9","9","18"
"ia_ne_ymeiy_igrat","9","9","18"
"IamCreed","10","8","18"
"IamNostromo","10","8","18"
"iBauxXinha","9","9","18"
"icecoldace","10","8","18"
"idk_wallahi","8","10","18"
"IdyNaDno","9","9","18"
"Ifern16","11","7","18"
"Igarin","9","9","18"
"IgnacioCarrera","9","9","18"
"Ignatius23","9","9","18"
"IgorFilias","17","1","18"
"igorshahrai","9","9","18"
"iknowww","8","10","18"
"ilin","8","10","18"
"illassantos","9","9","18"
"ilya_devia","9","9","18"
"ilyamikhalev","9","9","18"
"Ilyuks","10","8","18"
"imenachery","8","10","18"
"Imnewname","9","9","18"
"INDIANsacrificer","10","8","18"
"Indie11","9","9","18"
"industrialmedia","9","9","18"
"ingushano","10","8","18"
"Iniciante2017","8","10","18"
"Inito_R","9","9","18"
"InsomniaNsk","10","8","18"
"intelalex621","10","8","18"
"interpretator","9","9","18"
"Ionlyslaygoblins","10","8","18"
"Irek717","8","10","18"
"Irena16041986","9","9","18"
"IrinaKol","9","9","18"
"Irynakhom","8","10","18"
"IsaAnd","8","10","18"
"Isaias543","8","10","18"
"iSasha","12","6","18"
"Islandswede","8","10","18"
"issamansur","8","10","18"
"issamki","8","10","18"
"Itachi_The_Pug","9","9","18"
"ITSHAPPENINGAGAIN","10","8","18"
"Itsmehara","9","9","18"
"itsmejhee_08","8","10","18"
"itsmenickyt","9","9","18"
"ItsTheLittleMoves","10","8","18"
"Ivan_Zhuravlev_124","8","10","18"
"ivan-solob72","8","10","18"
"IvanBag","9","9","18"
"Iwanlutim","9","9","18"
"IWC3777","9","9","18"
"izidiojunior","9","9","18"
"J_Wandersen","9","9","18"
"j-a-b","10","8","18"
"J3R1K0","9","9","18"
"jaberjbirat","10","8","18"
"Jacek1978","9","9","18"
"jacksonsirra","8","10","18"
"JacRodrigues","8","10","18"
"Jagoff","9","9","18"
"jainsandipt","8","10","18"
"jaksefar","9","9","18"
"james7b2","10","8","18"
"jamesexe","10","8","18"
"janpalach","9","9","18"
"jardo-1","9","9","18"
"jasonparas","9","9","18"
"jaumetrompeta","9","9","18"
"javierardiles","9","9","18"
"JayDope","9","9","18"
"JBakker","9","9","18"
"Jbossanova","9","9","18"
"JC1109","9","9","18"
"JCCS4","9","9","18"
"jcellox","8","10","18"
"jcking1","9","9","18"
"jeffperkins","9","9","18"
"jegauth","10","8","18"
"Jeici","9","9","18"
"Jelitech","9","9","18"
"Jenen2022","8","10","18"
"jeremiah_bullfrog","9","9","18"
"JesaulenkoYouBeauty","10","8","18"
"Jeshammed","8","10","18"
"Jesuino","9","9","18"
"Jfjsfjkkckxk","9","9","18"
"jfmechecs","9","9","18"
"Jgmarsh","9","9","18"
"jhonnycano","10","8","18"
"jil1965","10","8","18"
"Jim_Morgan","9","9","18"
"Jimakos21","9","9","18"
"Jimenezchess1","8","10","18"
"JimMoriarty23","9","9","18"
"jimny","9","9","18"
"jimsprout","10","8","18"
"JituBel","10","8","18"
"JJBaker","8","10","18"
"JMEnceladus","8","10","18"
"JMurrieta","8","10","18"
"jmurtozoev","8","10","18"
"Joeldinho","9","9","18"
"johanneswerhahn","9","9","18"
"John_James_Argale","11","7","18"
"John17344","10","8","18"
"John4789","8","10","18"
"Johndass","8","10","18"
"johnjbarry","9","9","18"
"JohnnyMikael","10","8","18"
"JoLindien69","9","9","18"
"joma1998","8","10","18"
"Jon4th4n90","9","9","18"
"jonathan4727","9","9","18"
"jonwh1","9","9","18"
"Jorgboge","9","9","18"
"Jorge730","8","10","18"
"Jorgeleon7793","9","9","18"
"JORIK_VARTANO","10","8","18"
"jorplane","10","8","18"
"JosBar92","9","9","18"
"Josemesa123","9","9","18"
"Joseph87","9","9","18"
"josorio","8","10","18"
"Jothefine","9","9","18"
"Jozzzy","7","11","18"
"jperes","9","9","18"
"Jr_Thabiso","9","9","18"
"JrCletus626","9","9","18"
"Juan_1209","9","9","18"
"JuanCracksman","9","9","18"
"JuanesMarser1","10","8","18"
"julesbeck","8","10","18"
"julianacrain-sek","8","10","18"
"JuliusBerger","10","8","18"
"jungerbunger","10","8","18"
"Jurbit","10","8","18"
"JurgenSanchez97","8","10","18"
"jusn64","9","9","18"
"JustChessing995","9","9","18"
"JustinKevin","8","10","18"
"justpassingtime","10","8","18"
"Justus321","10","8","18"
"jvmborges","10","8","18"
"kaanbey22","10","8","18"
"Kachapob","9","9","18"
"Kael8an","8","10","18"
"Kai2701","9","9","18"
"kakakakaronaldo","10","8","18"
"Kakarot511","10","8","18"
"Kalach92","10","8","18"
"Kalalay","9","9","18"
"kalampazhagu","8","10","18"
"kalaveshi123","9","9","18"
"Kalle-6","8","10","18"
"kalz3hardy","9","9","18"
"KamilChessPlayer","9","9","18"
"kanistra1","9","9","18"
"Kapalu05","9","9","18"
"Karibas","9","9","18"
"KarimSual","8","10","18"
"karkadee","10","8","18"
"karolek1337","9","9","18"
"Karthikvishva123","9","9","18"
"Kasgar92","8","10","18"
"kaspaczar2020","9","9","18"
"kaspariello","9","9","18"
"katash","10","8","18"
"Katravath_jagadeesh","8","10","18"
"KaWa1999","9","9","18"
"kedves_1993","10","8","18"
"KeerthanaBalaga","8","10","18"
"KeinProfi","6","12","18"
"kekturizm1","9","9","18"
"kellytadgh","10","8","18"
"Kelpiii","9","9","18"
"kemira-m","9","9","18"
"Ken710","10","8","18"
"Ketty666","10","8","18"
"KEY_GLOCK","8","10","18"
"KFAC","9","9","18"
"Kgj1018","9","9","18"
"Khaitannk","9","9","18"
"Khalid_Algreeh_666","8","10","18"
"khan_zaid","9","9","18"
"khtb","9","9","18"
"Kiawczak","8","10","18"
"kickmales","8","10","18"
"kiflaaa","9","9","18"
"kiim11","9","9","18"
"kilin1","9","9","18"
"Killer_Whale1","9","9","18"
"kimothor","7","11","18"
"Kinduric","9","9","18"
"kingmosa2350","10","8","18"
"KingofKings6","9","9","18"
"kingslayer2410","8","10","18"
"kingsmurder68","9","9","18"
"kingspawn2401","9","9","18"
"KingsRookie","9","9","18"
"KingWizzy","10","8","18"
"kinocopilka","10","8","18"
"Kirby1","10","8","18"
"Kirill_Ulito4kin","9","9","18"
"Kirill1401","9","9","18"
"kivancfk","11","7","18"
"kizawski","9","9","18"
"KJ1980","9","9","18"
"Kjell42H","8","10","18"
"kml20200","9","9","18"
"kmt875","9","9","18"
"Kmyr2003","8","10","18"
"KNC4","11","7","18"
"knetto","9","9","18"
"knight_bu","10","8","18"
"Knight_PaulR","10","8","18"
"Knight7374804063","9","9","18"
"knightandfork","9","9","18"
"Koboss","10","8","18"
"Koeniglich","7","11","18"
"Kole124","10","8","18"
"Kollol-2005","9","9","18"
"kommersant1976","9","9","18"
"KoningVanDeHarten","10","8","18"
"konmega","9","9","18"
"konstantinz2000","8","10","18"
"Kortur","9","9","18"
"Kourosh1379","9","9","18"
"kovadlinka","10","8","18"
"Kovtun_den","8","10","18"
"kraft18","10","8","18"
"kraminik3","9","9","18"
"Kramser","8","10","18"
"krasukdima","9","9","18"
"kreyons","9","9","18"
"krinos2","7","11","18"
"Krisengebiet","9","9","18"
"Kristopoulos","9","9","18"
"Ktj20110916","9","9","18"
"kube1202","10","8","18"
"kuczax","9","9","18"
"KullbackLeibler8","9","9","18"
"kuqezi999","10","8","18"
"KuznecovViktor","10","8","18"
"Kwandasaneli","9","9","18"
"Kwenty1209","10","8","18"
"kxnal","10","8","18"
"L0ne-W0lf","10","8","18"
"la-erdi","10","8","18"
"labananajusticiera","9","9","18"
"LaBestiaParda","9","9","18"
"Lada2015","10","8","18"
"laksgroup","8","10","18"
"lamambanegra","9","9","18"
"lancarjaya13","9","9","18"
"Langarzu","9","9","18"
"Lansun","9","9","18"
"LaptevAnton","9","9","18"
"larsern2","10","8","18"
"lasdamasnegras","8","10","18"
"Lateefaf","9","9","18"
"lautaromassolini","11","7","18"
"Lavyx","9","9","18"
"LazerDice","8","10","18"
"Lazy_Ryuk","10","8","18"
"lcyfgcm18","9","9","18"
"LdSDrEaMz","9","9","18"
"Leader369","8","10","18"
"Leandro_Almada","9","9","18"
"learningopening","8","10","18"
"LeBonDavid","11","7","18"
"Lebrunov","10","8","18"
"lecoleco","9","9","18"
"leivas","9","9","18"
"LeNaiff","9","9","18"
"LengthOverGirth","7","11","18"
"Leningrad83","9","9","18"
"leo002","9","9","18"
"Leochesstrainer","9","9","18"
"LeonCr","10","8","18"
"lethanhnhan","10","8","18"
"Leventcolak","9","9","18"
"Levon7777","10","8","18"
"levpahnic","10","8","18"
"lhdk2712","10","8","18"
"Li-henk","10","8","18"
"Liambu","8","10","18"
"Libiamo","9","9","18"
"lidumarques","9","9","18"
"linoketchup","8","10","18"
"lipschitz2","9","9","18"
"Lito_b","9","9","18"
"LittleJohn1","8","10","18"
"LittleKing25","9","9","18"
"littleplotkin","8","10","18"
"lkpo","10","8","18"
"ll_Andranik_ll","9","9","18"
"Lmao_tse_tung","11","7","18"
"LOCKDOWN001","9","9","18"
"locopalo77","9","9","18"
"loeckerv","9","9","18"
"loiisse","9","9","18"
"Loki015","10","8","18"
"lolocost","9","9","18"
"loosewhiteboy","7","11","18"
"lopezasceves","9","9","18"
"lopstrijder","9","9","18"
"Lorenzo1624","9","9","18"
"LouisXIV2","10","8","18"
"lowslow","9","9","18"
"lpglycerine","9","9","18"
"lucasradamel","10","8","18"
"lucasrsm","9","9","18"
"LuchiniFrank","9","9","18"
"LucianoBenedetti18","8","10","18"
"LucianoParalucius","10","8","18"
"LucioPocone222","10","8","18"
"Lucius_the_Eternal","9","9","18"
"LuckyBoi92","9","9","18"
"luckyj2014","9","9","18"
"luckyking8","10","8","18"
"LuckyMed","9","9","18"
"LuckyT22","6","12","18"
"LudoSGL","8","10","18"
"Ludwig022","9","9","18"
"luis987MQ","10","8","18"
"Luisangel_Floresblas","11","7","18"
"Luisao0711","8","10","18"
"luisfebrenes","11","7","18"
"Luisfer30","9","9","18"
"luke7","9","9","18"
"lukethereoww","10","8","18"
"lukkino","8","10","18"
"lumgwada","9","9","18"
"Lutangu_M","9","9","18"
"M_A1357","9","9","18"
"M_Fathi","10","8","18"
"M_Romanov","9","9","18"
"M_Shanmukhesh","9","9","18"
"M_Y_Chael","9","9","18"
"mabthera","9","9","18"
"macias007","10","8","18"
"maciejpiotr","9","9","18"
"MadDimon","9","9","18"
"Madpessac","9","9","18"
"madrakm","9","9","18"
"maestromorenito","9","9","18"
"Mafia85","8","10","18"
"magedtaha","9","9","18"
"MagicalChess-YouTube","10","8","18"
"Magnus-or-so","9","9","18"
"MagnusLudus","10","8","18"
"Magnysnekarlsen","9","9","18"
"Magojey","9","9","18"
"magouuk","9","9","18"
"Magut","10","8","18"
"majid3905","9","9","18"
"Mak_95","11","7","18"
"Maka09","9","9","18"
"Makaron02","9","9","18"
"MakayM","9","9","18"
"makifyldz","9","9","18"
"Makutanui","9","9","18"
"malcer","9","9","18"
"MalkaPikla","8","10","18"
"Malley1","9","9","18"
"Maluma_CarlsenParov","9","9","18"
"MaMiBuscameEnCasa","8","10","18"
"Mandtam","10","8","18"
"manguitochiquito","8","10","18"
"manisingko","9","9","18"
"manolwatu","8","10","18"
"Mansa_musa_71","9","9","18"
"ManuelRojasChirino","9","9","18"
"MarchOfTheQueen","9","9","18"
"marcin1812","9","9","18"
"MarcosHernandez","8","10","18"
"MarcosJab","10","8","18"
"marcus290","9","9","18"
"Marcusus","9","9","18"
"margincall1","9","9","18"
"mariano1010","10","8","18"
"mariasg11","9","9","18"
"MarinaAnnHantzis","9","9","18"
"mariokrstev","10","8","18"
"mark_trixta","9","9","18"
"Markho","9","9","18"
"marpachu","9","9","18"
"Marsalbert","9","9","18"
"MarsK1816","10","8","18"
"martin77898","9","9","18"
"Masaker100","10","8","18"
"MASSIMO67www","10","8","18"
"master123457","8","10","18"
"Matador09","9","9","18"
"MateChoc","8","10","18"
"mateinpie","9","9","18"
"MathiasJBB","9","9","18"
"matias1993","8","10","18"
"matiascaprile","8","10","18"
"matiaspalma","9","9","18"
"matigda","8","10","18"
"matin88","7","11","18"
"MatMinator_Vol1","9","9","18"
"Mattias-L-Johansson","8","10","18"
"mattingly27","9","9","18"
"Matyas15","8","10","18"
"maumau20","8","10","18"
"maurosolelopez1","9","9","18"
"max_yt","9","9","18"
"MaxandreLucia","11","7","18"
"Maxim_Bezzubetc_2020","10","8","18"
"Maxim8820","9","9","18"
"mayo1302","9","9","18"
"MayuelPRO_24032012","9","9","18"
"mb_composer","9","9","18"
"mbdharan","9","9","18"
"mcarthy","9","9","18"
"mdemetri","8","10","18"
"mdsobhan","10","8","18"
"MEALMAN","10","8","18"
"MecSolide","9","9","18"
"meddakhlaoui","8","10","18"
"MeDeKa","9","9","18"
"Meep636","9","9","18"
"Mefistofele12","10","8","18"
"MegaArtemka","9","9","18"
"MegaDad_Marvin","11","7","18"
"MehmetAsil","9","9","18"
"meiers13","9","9","18"
"MEkermo","9","9","18"
"Mekusmee","10","8","18"
"Melo180","10","8","18"
"Melvin_Khumalo","9","9","18"
"Meowmeowpickle","9","9","18"
"MereseBerserkNhi","11","7","18"
"Merlonidas","8","10","18"
"metalmatt213","9","9","18"
"Metaphocis","9","9","18"
"Michael_lewis18","9","9","18"
"Michael1962","10","8","18"
"Michaelala","7","11","18"
"Michal5808","8","10","18"
"michowcho","8","10","18"
"miclonx2","10","8","18"
"migselv","9","9","18"
"mihirches","10","8","18"
"mikazin_d","9","9","18"
"Mike_Lopez","9","9","18"
"MiKeRoosveltG","10","8","18"
"Mikurxnw","9","9","18"
"MilosNikolic0709","9","9","18"
"milujumartinu","9","9","18"
"Mime2020","8","10","18"
"minamavr","9","9","18"
"mirusa","8","10","18"
"mishanator2010","9","9","18"
"missedtactic1809","10","8","18"
"Mister_1986","9","9","18"
"MisterChrist","9","9","18"
"MisterMax09","10","8","18"
"MiyamotoMusashi101","9","9","18"
"Mjahid","9","9","18"
"MJaxon20","9","9","18"
"mkmk1205","9","9","18"
"MLLABH2112","9","9","18"
"mmadala","9","9","18"
"mmark97","9","9","18"
"mmmmooh00","7","11","18"
"mo33","10","8","18"
"moagho","9","9","18"
"moazgad","10","8","18"
"moha1412","10","8","18"
"Mohamed512100","9","9","18"
"mohamedhassenx2","8","10","18"
"Mohamednaem","10","8","18"
"Mohammadrezamdz","8","10","18"
"Mohammarif","9","9","18"
"mohammed18","9","9","18"
"Molotov007","10","8","18"
"momgetdacamera","9","9","18"
"Mongwadi","10","8","18"
"Monochromatograf","9","9","18"
"Monsterlaks","9","9","18"
"monstro42","9","9","18"
"morfi21","10","8","18"
"morski81","12","6","18"
"Morteza_lincler","8","10","18"
"mosqueteiro","8","10","18"
"moteutsch","8","10","18"
"mothwoman","9","9","18"
"Mr_Coronel","9","9","18"
"Mr_November1234","8","10","18"
"Mr0Beast","9","9","18"
"mr1maleki","9","9","18"
"Mraiziq","9","9","18"
"MrCwan","8","10","18"
"MrDeltoid","9","9","18"
"mrmrg81","10","8","18"
"MrPawnalone","10","8","18"
"MrPii","8","10","18"
"mrtickle24","10","8","18"
"MrUp","9","9","18"
"msofopoulos","10","8","18"
"mstshn","9","9","18"
"Muaddibi","8","10","18"
"muallimfuadi","9","9","18"
"Mukali","7","11","18"
"mukundh123","9","9","18"
"mula002","8","10","18"
"MurodAbdurahmonov","9","9","18"
"Mushi81","10","8","18"
"Mwahara24","9","9","18"
"Mwembe","9","9","18"
"MXD","9","9","18"
"mybanana","8","10","18"
"Mygoodbrother","9","9","18"
"myst--19","9","9","18"
"N1355P","9","9","18"
"nachog22","9","9","18"
"nagibatorrakov","8","10","18"
"Nail1962","8","10","18"
"nailuj","9","9","18"
"najibben","9","9","18"
"Namotal1","10","8","18"
"naresh03","9","9","18"
"NastyaGorelova","9","9","18"
"Natheer_telfah","9","9","18"
"Nathokon","8","10","18"
"Natnat27_asdasd","9","9","18"
"Naw_9","9","9","18"
"Nawaf-71","10","8","18"
"nayankhandelwal","9","9","18"
"NBC20","9","9","18"
"NduvhoN3","8","10","18"
"NeaPulica","9","9","18"
"necim","8","10","18"
"Nedelko_Nikita","9","9","18"
"NeilNamoraG","8","10","18"
"Nekich19","10","8","18"
"Nekkine","9","9","18"
"Neo11Matrix","10","8","18"
"Nerasik","9","9","18"
"neurofilament","9","9","18"
"NevArt","8","10","18"
"NeverBackDown11","10","8","18"
"NeverEnoughPawns","9","9","18"
"new8899","9","9","18"
"Newdass21","8","10","18"
"NewKenD","9","9","18"
"nicholasbailey","8","10","18"
"nick4a","8","10","18"
"Nicklaus1","9","9","18"
"Nico_rc41","9","9","18"
"nicofat","9","9","18"
"NICOLASMABURRO","9","9","18"
"NicoleMedina24","10","8","18"
"nicoluna123","10","8","18"
"nicomasterchief","9","9","18"
"Nicoscav1981","9","9","18"
"Nihad1212","10","8","18"
"nihal32","10","8","18"
"nikan_kazemi","9","9","18"
"Niki1992","9","9","18"
"nikolatrailovic","7","11","18"
"Nikolay_L","9","9","18"
"Nikser12","9","9","18"
"NiktoNikto","9","9","18"
"Niku2","10","8","18"
"nilanshu96","10","8","18"
"Ninian","10","8","18"
"NiNJOO1","8","10","18"
"Nino_PY","10","8","18"
"nipeed","8","10","18"
"niqon","10","8","18"
"nirbhaythegreat","10","8","18"
"nirgr","10","8","18"
"NJA_B","10","8","18"
"njdehakan","10","8","18"
"nkolarevic","9","9","18"
"Noakanoi","8","10","18"
"noblesseoblige4","8","10","18"
"noel4715","9","9","18"
"noGoal","9","9","18"
"NOMAMO","10","8","18"
"Non_Revoco","9","9","18"
"NoNicK56","10","8","18"
"Noory87","9","9","18"
"notacheater","9","9","18"
"nujzitro","9","9","18"
"nursultankurmanaliev","9","9","18"
"Nutepunecuzohan71","9","9","18"
"NyamugadaR","9","9","18"
"O_rizwan","10","8","18"
"obaksys","9","9","18"
"oboe00777","10","8","18"
"Oche1985","10","8","18"
"odminchik","10","8","18"
"of_S","9","9","18"
"ogmygodness","9","9","18"
"Ogopogo97","11","7","18"
"OGPotatoKing","9","9","18"
"ohmcm48","8","10","18"
"OhneBeschrankung","10","8","18"
"OK_S","9","9","18"
"OKC123","9","9","18"
"Olaniran_Oluwatosin","8","10","18"
"oldwest1978","8","10","18"
"Olegas88","9","9","18"
"Oli_D","8","10","18"
"Ollabrac","9","9","18"
"OluyisolaAbiolaBanks","9","9","18"
"Omada","8","10","18"
"OMARELAASRI","9","9","18"
"omarwhite","9","9","18"
"Ominous_Shadow","9","9","18"
"omynia24","10","8","18"
"One_punchman28","8","10","18"
"Onepiece107","9","9","18"
"onuraynali","8","10","18"
"ooolf","9","9","18"
"OoooBoyBoyBoy","9","9","18"
"Oorthogenese","9","9","18"
"Oplm123432","10","8","18"
"orangelemon1234","9","9","18"
"Orpheus6","9","9","18"
"OrthoPozzy","9","9","18"
"ortizfrancisco","9","9","18"
"Orzeck","10","8","18"
"oskarov53","9","9","18"
"Osmankarada35","8","10","18"
"ostdejan","9","9","18"
"otis32","9","9","18"
"oubeid23","9","9","18"
"OussamaDouli01","9","9","18"
"Owati","10","8","18"
"ozasujeet","9","9","18"
"p1223","9","9","18"
"PabloRoman","9","9","18"
"Pacheco64","9","9","18"
"pachequin01","9","9","18"
"Pacman_bs","10","8","18"
"pacotilla999","9","9","18"
"PaddyTheBaddy","10","8","18"
"paitovic","8","10","18"
"PakPres_SC","8","10","18"
"palerider503","10","8","18"
"pancakeazz","9","9","18"
"Pandemiel","9","9","18"
"PansiluGM","9","9","18"
"Papsi","9","9","18"
"PARAT77","9","9","18"
"Parbulele1","9","9","18"
"parim","8","10","18"
"parking94free","9","9","18"
"parkom","10","8","18"
"paseante","9","9","18"
"patel322","8","10","18"
"patojero","8","10","18"
"paul-pote","9","9","18"
"paulanair","10","8","18"
"paulbertz","8","10","18"
"PaulMorphysGhost123","10","8","18"
"PauloSantiago","9","9","18"
"PaulShift","8","10","18"
"Pauper80","10","8","18"
"Pauperrimo","9","9","18"
"paurana","9","9","18"
"pavanposa","9","9","18"
"Pavel2525","9","9","18"
"PavelDekhterinskiy","10","8","18"
"pavelS1985","10","8","18"
"pawldr000","10","8","18"
"Pawnduster","8","10","18"
"pawnziescheme","10","8","18"
"PCDebnath","8","10","18"
"Pcorab","10","8","18"
"pcoriola","8","10","18"
"Pejhanfarbod1995","8","10","18"
"PengagumRahasia","8","10","18"
"peterxm","9","9","18"
"pflyer5","9","9","18"
"philibee1","8","10","18"
"Philipp_Cf","10","8","18"
"pierre-douceur","10","8","18"
"Pikachu0","10","8","18"
"pikatxu","9","9","18"
"pikuskd_32","8","10","18"
"pionkiszot","8","10","18"
"Piotr-Matveiev","9","9","18"
"pipmarshall","10","8","18"
"pipsqueak16","10","8","18"
"pirataa","8","10","18"
"Pircaner","8","10","18"
"Piro27","9","9","18"
"pisulpisul","9","9","18"
"Plato20021","9","9","18"
"plaxtol_pawn","8","10","18"
"Player123410","9","9","18"
"PlayerIPlayerII","8","10","18"
"playitaaa","9","9","18"
"pleasebeahuman","9","9","18"
"ploopleton","8","10","18"
"Plutarco96","8","10","18"
"pmav99","9","9","18"
"Pocho84","8","10","18"
"PodSU","10","8","18"
"Poet_Cathedral","8","10","18"
"pohang","9","9","18"
"pokahtoa","8","10","18"
"Poker2323","9","9","18"
"Pokkelaw","9","9","18"
"Pokutny","10","8","18"
"pomidorkin","9","9","18"
"pond-life","8","10","18"
"poornacoc123","10","8","18"
"pooyant","8","10","18"
"PoPi31","8","10","18"
"Poppapop","9","9","18"
"portenoir","10","8","18"
"PortlyBishop","9","9","18"
"Posmotrovador","9","9","18"
"Potapov_01","8","10","18"
"PowerfulBeam47","10","8","18"
"powertower","10","8","18"
"pozorishe","8","10","18"
"PP1298","9","9","18"
"Praxton","9","9","18"
"preciousness","8","10","18"
"PremiumScotch","10","8","18"
"princeofozamis39","10","8","18"
"privatejoker","10","8","18"
"ProdigalAlex","9","9","18"
"ProMance1","10","8","18"
"promjselan47","9","9","18"
"Psalm23","10","8","18"
"Pshizdowice","9","9","18"
"psspeed","10","8","18"
"Pswazy","10","8","18"
"pug_gambit","10","8","18"
"puradiqi","10","8","18"
"Purple_Cloud","10","8","18"
"PushkarMhaske15","9","9","18"
"Pushkarv12351","9","9","18"
"pustotavnutri","9","9","18"
"puza53","10","8","18"
"Pvezelj","8","10","18"
"PW_1","9","9","18"
"PythagorasABC","8","10","18"
"q-think","9","9","18"
"Qamca","8","10","18"
"qqqwwerr","7","11","18"
"Qritiqal","9","9","18"
"quackquacking","9","9","18"
"queensisop","9","9","18"
"queenslady","9","9","18"
"QUIDES5","9","9","18"
"Quiksilver87","10","8","18"
"quiqueone","11","7","18"
"QuiteQuickly","9","9","18"
"qussix","8","10","18"
"Qwerty1422","7","11","18"
"qwertyuiop645","9","9","18"
"qwskr","9","9","18"
"R0N1Ns","9","9","18"
"R71mc","9","9","18"
"Raach","8","10","18"
"rabbit277","9","9","18"
"rados993","9","9","18"
"ragsybee","9","9","18"
"Rahath13","10","8","18"
"Rahul_015","9","9","18"
"Rahul_bora786","8","10","18"
"Railos","10","8","18"
"rainer1584","9","9","18"
"Raja51","8","10","18"
"Rajan_Kumar_Raj1110","8","10","18"
"RajivKailasam","9","9","18"
"rajmundos99","9","9","18"
"rakso98","9","9","18"
"ralphtapgar","8","10","18"
"ram_001","9","9","18"
"Ramazotti","9","9","18"
"RamblingRook","9","9","18"
"RameshAmate","8","10","18"
"ranchov","8","10","18"
"randisi14","10","8","18"
"randy380","11","7","18"
"Ranjittt","8","10","18"
"Rarcc","9","9","18"
"RashidAbdala","9","9","18"
"RashiniYasara","8","10","18"
"ratattack","8","10","18"
"ratnapakaja","8","10","18"
"RatoTheForker","9","9","18"
"rattymenon","8","10","18"
"Raul05005","9","9","18"
"Rayshone","9","9","18"
"Rayus","9","9","18"
"RBCC-Hasanayn","10","8","18"
"RBotha","11","7","18"
"RBSDA","9","9","18"
"REALMinecrafter","8","10","18"
"Rebellion010kr","9","9","18"
"Rebuked","11","7","18"
"recurrent_depression","9","9","18"
"redghass","9","9","18"
"Reezius","8","10","18"
"rehan_mahat","8","10","18"
"Reined","9","9","18"
"Relashio","8","10","18"
"Renf7","9","9","18"
"Renren1209","10","8","18"
"reticule","8","10","18"
"retiToGo","10","8","18"
"reviks","8","10","18"
"Reytg","11","7","18"
"Reza_Pourkarami","9","9","18"
"Reza7Galedari7","8","10","18"
"rezasajed","9","9","18"
"RFerman","8","10","18"
"rfgswlcm","9","9","18"
"rgramil","9","9","18"
"Rhorho","10","8","18"
"RhysLa","9","9","18"
"ribeirense","9","9","18"
"Ribosoom","9","9","18"
"RiceGrain","10","8","18"
"richdaly","12","6","18"
"rickdhaliwal","10","8","18"
"RickMieczochlast0","10","8","18"
"ricodf","9","9","18"
"Riise04","10","8","18"
"RIP_VIPIN","10","8","18"
"rishabhaudi","8","10","18"
"RishatKh","10","8","18"
"RkLark_5","9","9","18"
"RMusil","10","8","18"
"Rob14","9","9","18"
"robchess16","8","10","18"
"Robot0301","9","9","18"
"roeeyourboat","10","8","18"
"RogerFischer","9","9","18"
"roguedoc1","9","9","18"
"Roland2036","10","8","18"
"RomanXman","9","9","18"
"Romanya81","10","8","18"
"romeodies","9","9","18"
"Ronito2020","10","8","18"
"ronneru","8","10","18"
"ronnywinkler","9","9","18"
"rony47","9","9","18"
"rooh_666","8","10","18"
"roseb1","9","9","18"
"RoteKampfflieger","10","8","18"
"Rowi1953","10","8","18"
"RPPMoura","9","9","18"
"RssehC00","9","9","18"
"ru235","9","9","18"
"RubeGoldberg","9","9","18"
"Rubi_Rot","8","10","18"
"RueMoe","10","8","18"
"RuggedRuffRaw","8","10","18"
"Rus10","9","9","18"
"Rusevilia124","8","10","18"
"Rushil1729","9","9","18"
"RutvijRajdeo","11","7","18"
"Ruzalabdullin","8","10","18"
"RyanCalv","10","8","18"
"s0nial","9","9","18"
"S4vitaar","9","9","18"
"Saamie","8","10","18"
"Sabda_CSI","9","9","18"
"sachinovitch","8","10","18"
"sadrabbit04","10","8","18"
"Saeednikbin","9","9","18"
"saeidnr","9","9","18"
"SagareSage","9","9","18"
"sahakyanvahan","9","9","18"
"sahanyl","9","9","18"
"Sahiruriel","10","8","18"
"SahsaV0603","9","9","18"
"sai_pranay_goud","8","10","18"
"saidsaid100100","10","8","18"
"salahsayes","9","9","18"
"salman247","9","9","18"
"saltun","10","8","18"
"sam_sult","8","10","18"
"samboy_mallati","9","9","18"
"sametneni","10","8","18"
"saminbabaei1397","9","9","18"
"Sampad","8","10","18"
"samthesniper","9","9","18"
"samuelaugusto","10","8","18"
"samuelepalmas","9","9","18"
"samur1212","9","9","18"
"samurasan","7","11","18"
"san_san20","10","8","18"
"SanchoPanza321","10","8","18"
"Sander_98","10","8","18"
"sankuri_rahul","8","10","18"
"santanaricardo","10","8","18"
"Santi2002","9","9","18"
"Santiago94","9","9","18"
"sashuk8e","8","10","18"
"Satoru_17","10","8","18"
"SattB","10","8","18"
"saurai3h","8","10","18"
"savannah4ever","10","8","18"
"Savastoi","8","10","18"
"Savrin","10","8","18"
"SavvyD","8","10","18"
"Saxe60","8","10","18"
"Scacco-Ratto","9","9","18"
"Scam_Hacker","9","9","18"
"scanooo","10","8","18"
"Schamann","9","9","18"
"schbaggs","8","10","18"
"Schiele93","8","10","18"
"schnoeselbert","9","9","18"
"schnullipulli","9","9","18"
"schwarzer_Panther0","8","10","18"
"schwoetta","10","8","18"
"sconnors","9","9","18"
"sdsingh","9","9","18"
"Seacoast","10","8","18"
"Seb37808","9","9","18"
"SebM14","9","9","18"
"SebRies81","10","8","18"
"Secundi","10","8","18"
"Seddyq","8","10","18"
"seeeesh","8","10","18"
"Seehundy","8","10","18"
"sejir","9","9","18"
"seko13","8","10","18"
"semihkoc","10","8","18"
"SeniorPhysician","11","7","18"
"sentlhaga","8","10","18"
"septimo-peon","9","9","18"
"Sergey918","10","8","18"
"SergeyMir","9","9","18"
"sergiold","9","9","18"
"SerrorG","9","9","18"
"serwantamur","9","9","18"
"Sevald","8","10","18"
"Sever_noob","8","10","18"
"SEVERUS_SNAPE10","8","10","18"
"sexycalculus","9","9","18"
"seyedjamal","9","9","18"
"seyedmostafamoosavi","8","10","18"
"sfketjafnafnsgwrb","9","9","18"
"sg59fr","9","9","18"
"shaheer19991","10","8","18"
"Shahin852","10","8","18"
"shahmatniykon","9","9","18"
"Shahnowaj2003","9","9","18"
"Shahrokh1976","8","10","18"
"Shahrokh1977","8","10","18"
"shahshatranj71","9","9","18"
"Shailen24","9","9","18"
"shamshown","9","9","18"
"ShanLG","9","9","18"
"shaorz","8","10","18"
"ShawshankDexter","9","9","18"
"Sheldon_Galaxy","10","8","18"
"Sherlockabilajan","8","10","18"
"Shin_Ryujin","9","9","18"
"shiuzs","9","9","18"
"shiv515","9","9","18"
"Shivam03062002","9","9","18"
"Shmidt_Kirill","10","8","18"
"ShowUrBest","9","9","18"
"shssaa","10","8","18"
"Shu74","8","10","18"
"Shubham_Pande9122","10","8","18"
"shurik191","10","8","18"
"shurtugal","8","10","18"
"ShustovIvan2005","9","9","18"
"SiciDragonSlow","10","8","18"
"sidla24","8","10","18"
"SikkaGurneet","9","9","18"
"Silver-Bullet","9","9","18"
"SilversRays","8","10","18"
"singh_the_king","9","9","18"
"sinirax","8","10","18"
"sirgoodheart","10","8","18"
"sirguts","10","8","18"
"sizeduser","9","9","18"
"SjakkAnders94","8","10","18"
"Sjerikov","9","9","18"
"sk27102002","10","8","18"
"skopplersworld","9","9","18"
"Skvorec","8","10","18"
"Slevitt","9","9","18"
"slonjonok","9","9","18"
"Slowgoman","10","8","18"
"Slytherin0","9","9","18"
"SmileGK","10","8","18"
"smilesystem2020","9","9","18"
"sneeditorkeepit","9","9","18"
"snipertrader22","9","9","18"
"snowbird122","10","8","18"
"soandos","9","9","18"
"SolaimanAmbol","8","10","18"
"Solomon4156","9","9","18"
"SOLOMON87","11","7","18"
"soltanmobin1","10","8","18"
"Soltor","9","9","18"
"Somereta","9","9","18"
"sonso","10","8","18"
"Sosuke_Aizen_Bankai","8","10","18"
"Soumya_Kumar","8","10","18"
"south123","8","10","18"
"southeuro","7","11","18"
"SovietPropaganda","8","10","18"
"spaghettification420","9","9","18"
"Spaine","8","10","18"
"spence28","9","9","18"
"speranzaa1","9","9","18"
"SPG79","10","8","18"
"Sphere17","10","8","18"
"sphinxofcement","10","8","18"
"SpinningG","9","9","18"
"spthree","8","10","18"
"srbh","9","9","18"
"srdamaa7","9","9","18"
"SSSFIREHEART","9","9","18"
"stachu12","10","8","18"
"stalinic","9","9","18"
"stanthechessman06","9","9","18"
"Stares_NG","10","8","18"
"StarterBill","10","8","18"
"steganoz","9","9","18"
"StephOrfeas","9","9","18"
"Stevo180","8","10","18"
"stich09","9","9","18"
"StMarinus","9","9","18"
"stolenshortsword","8","10","18"
"Stralsunder","9","9","18"
"StratosTsos","9","9","18"
"Strinksage","10","8","18"
"stuckonagame","8","10","18"
"sudirik","9","9","18"
"suleyman8","9","9","18"
"SultanAlibaba","9","9","18"
"sumitan","8","10","18"
"SunilSingh1980","9","9","18"
"Superjavi21","8","10","18"
"supr1ya","9","9","18"
"supviv","9","9","18"
"suraj_ratan","9","9","18"
"Surajg2002","9","9","18"
"Surajkumal","6","12","18"
"susana098","9","9","18"
"suyog2703","9","9","18"
"Svein-Tore","10","8","18"
"Sven-PLS","9","9","18"
"svjatoslav2003","8","10","18"
"Swami22","9","9","18"
"Swastik2002","9","9","18"
"swili","9","9","18"
"Syarafsuhaili","9","9","18"
"syclical","9","9","18"
"Synatic","8","10","18"
"szekelyfold","9","9","18"
"T2wo","8","10","18"
"taajt","9","9","18"
"tacca-bitacca","8","10","18"
"taikun","9","9","18"
"TakeTheDiag","9","9","18"
"Tal0024","8","10","18"
"tamerkarali","9","9","18"
"TamerSavasci","9","9","18"
"Tank_1234","9","9","18"
"TaofeeqFowora","8","10","18"
"tarakca123","9","9","18"
"Tari_96","10","8","18"
"Tarrabacos","9","9","18"
"TASAYCODAVID","9","9","18"
"Tasos86","9","9","18"
"Tavernell","10","8","18"
"TawfeekSalam","9","9","18"
"TBone_learning_chess","10","8","18"
"tcarlisl1688","8","10","18"
"Teachercoachbatil","9","9","18"
"TechnologistC","10","8","18"
"TehGendul73","9","9","18"
"teomanhakan","8","10","18"
"terevientosocio","9","9","18"
"Terminator110","10","8","18"
"termnus","9","9","18"
"terrazzo","10","8","18"
"tEX3r","9","9","18"
"thaddeus_stevens","8","10","18"
"Thaddeuslee","9","9","18"
"Thanir","9","9","18"
"ThatIsNotGood","10","8","18"
"The_Devor","9","9","18"
"the_Eternal","10","8","18"
"the_gun","8","10","18"
"the_lobster","8","10","18"
"The_Smoking_Man","9","9","18"
"TheAhmedTamer","10","8","18"
"thearif","8","10","18"
"theartofthinking","8","10","18"
"TheBloody9","9","9","18"
"TheChessmate4U","9","9","18"
"theduck_best","9","9","18"
"Theexaltedpawn","9","9","18"
"thefrickouttaherelol","10","8","18"
"TheGreatPotter","9","9","18"
"theimpulse","10","8","18"
"TheKerro","9","9","18"
"themagician2","8","10","18"
"thenightsky09","8","10","18"
"Theocat35","8","10","18"
"theolevision","9","9","18"
"theonlyoneshoo","9","9","18"
"TheoSmulputjes","9","9","18"
"Theristicus","10","8","18"
"TheTacticalFisch","9","9","18"
"TheThrill","9","9","18"
"Thiago_Chagas","9","9","18"
"THIAGO2009","8","10","18"
"thiagotoss","8","10","18"
"ThirteenOne","9","9","18"
"thomic","9","9","18"
"Thorschot","8","10","18"
"thrff","8","10","18"
"Thulee","8","10","18"
"Tiago2119","9","9","18"
"Tie-dyeguy","11","7","18"
"timetrex","9","9","18"
"Timilifa","10","8","18"
"Timmmmmbo","10","8","18"
"timour","9","9","18"
"tinaftoreee","9","9","18"
"tinrb33peel","8","10","18"
"tio_miller","9","9","18"
"tirelo101","6","12","18"
"Titt","10","8","18"
"tj1211","9","9","18"
"tkabs","9","9","18"
"tkse","10","8","18"
"tMThhhe","9","9","18"
"Toasty29","9","9","18"
"tobtho","10","8","18"
"tom2chessy","9","9","18"
"tom36adams","10","8","18"
"TomShields","9","9","18"
"toni_aljund","8","10","18"
"tonyraheb","9","9","18"
"tortue_gniale","9","9","18"
"Toshik29","9","9","18"
"tosluu","9","9","18"
"totiagos","8","10","18"
"toylion","10","8","18"
"TR_SkyWalker","9","9","18"
"tramvai","9","9","18"
"trasle","9","9","18"
"Trimbo07","9","9","18"
"triniJi7","8","10","18"
"TrueKnightmare","8","10","18"
"trumanizers","9","9","18"
"ts_ufa","9","9","18"
"ttalha11","9","9","18"
"ttanersimsek","9","9","18"
"TTSypher","9","9","18"
"Tulinius","11","7","18"
"Tumbali","9","9","18"
"tumenerves","9","9","18"
"TurkOglan27","10","8","18"
"Tweax","9","9","18"
"Ty-Pharaoh","8","10","18"
"tyesuhiro","9","9","18"
"TylerDurden2022","9","9","18"
"TyoKent","9","9","18"
"TyroKenya","8","10","18"
"U_Aruzhan","10","8","18"
"ubiitsa","9","9","18"
"Ucandadas","8","10","18"
"ugrrr","8","10","18"
"Ujan12345","9","9","18"
"Ulusal","9","9","18"
"Ulverion","11","7","18"
"UmbrellaAca","8","10","18"
"UMensch","9","9","18"
"umuthasansertcelik","9","9","18"
"UnhealthyAddiction","8","10","18"
"Unknownmoves","9","9","18"
"unnamedll","9","9","18"
"Unstoppablo","8","10","18"
"usersklls","8","10","18"
"uuseengineiimprisonu","9","9","18"
"v0rt3xx","9","9","18"
"vadim200904","7","11","18"
"vados8791","9","9","18"
"Valera83","9","9","18"
"valicious","8","10","18"
"Validol30","10","8","18"
"valzs","9","9","18"
"Vanjari","8","10","18"
"vasant_kalal","10","8","18"
"Vasja_Pupkin","9","9","18"
"vasszendvics","10","8","18"
"vasyperd","7","11","18"
"Vcg946","8","10","18"
"vegeton","9","9","18"
"VHRblitz","9","9","18"
"VicktorJesus1","8","10","18"
"Vicobalt17","9","9","18"
"vido1411","9","9","18"
"viet_duc_92","10","8","18"
"vigneshvicky350","9","9","18"
"Vinchess","9","9","18"
"Vincy6984","9","9","18"
"Vishalin_Leo27","9","9","18"
"vishnuhashim","8","10","18"
"vishwavinayaka","10","8","18"
"Vitaliy3","9","9","18"
"vivek08","9","9","18"
"Vivekchss","10","8","18"
"Vlad_Beloglazov","8","10","18"
"Vladom68","9","9","18"
"vlasak64","9","9","18"
"vlee24","11","7","18"
"vlibrovs","8","10","18"
"vlkngrgn","8","10","18"
"Vo1ych","9","9","18"
"volkanu","9","9","18"
"VoN-bUren","6","12","18"
"vongole","9","9","18"
"VRANJE68","10","8","18"
"VRSTARQUEEN","8","10","18"
"vslakshmi","10","8","18"
"vyazemskiycity","8","10","18"
"waheed99","9","9","18"
"wakhadimaster","9","9","18"
"walidElfull","9","9","18"
"walubita","9","9","18"
"Wasik","8","10","18"
"Watchingay","9","9","18"
"Watifoufou","8","10","18"
"WayneG2","9","9","18"
"Wayovsky","8","10","18"
"Wazir027","8","10","18"
"wcyog1_-VA","9","9","18"
"weekbcn","9","9","18"
"werrior04","9","9","18"
"weso_f","9","9","18"
"Weversonhmf","9","9","18"
"wfavcisi67","9","9","18"
"whaatIsChess","8","10","18"
"wikirifi","7","11","18"
"WildoSeguiel","10","8","18"
"WilsonE","11","7","18"
"windsovich","10","8","18"
"WinterBearPark","10","8","18"
"wirwarr","8","10","18"
"WokeEwok","9","9","18"
"woLyyy","11","7","18"
"Wonfei","9","9","18"
"wongbanten","10","8","18"
"Woolooloo85","9","9","18"
"wooski404","8","10","18"
"WPAEZ","9","9","18"
"Wroclove","8","10","18"
"WSRTY","9","9","18"
"Xadass","9","9","18"
"xadrezprogressista13","9","9","18"
"xagocal","8","10","18"
"xarop","10","8","18"
"Xavier-Lefevre","9","9","18"
"xbodro","8","10","18"
"Xboxlive","8","10","18"
"xebat1","10","8","18"
"xempathy","9","9","18"
"xerozx","9","9","18"
"xeturnd","9","9","18"
"xiangqi5","8","10","18"
"XKTheory","8","10","18"
"xmno","9","9","18"
"xxJoudxx","9","9","18"
"xxmasikxx","9","9","18"
"Yaaman25","9","9","18"
"YAKOJI","9","9","18"
"yargidagitan","9","9","18"
"Yashankmalik171109","9","9","18"
"yasir_l","9","9","18"
"yassin68","10","8","18"
"YassirZaoud","9","9","18"
"Yasti8","10","8","18"
"Yastudent","9","9","18"
"yazan-9","9","9","18"
"yburrats","8","10","18"
"ycap","9","9","18"
"yerakaz","10","8","18"
"yevge","9","9","18"
"yevkool1983","9","9","18"
"yigitylmaz2017","9","9","18"
"yinkalesi","9","9","18"
"yldzapo61","9","9","18"
"ymate","8","10","18"
"Yorck","8","10","18"
"Yppu","8","10","18"
"YriiGR","9","9","18"
"yssr","9","9","18"
"Ytinasni","10","8","18"
"yuki_tactic","9","9","18"
"yukuanzou","10","8","18"
"Yunusyunusk","9","9","18"
"YuriSA","9","9","18"
"yusufyasarmat","11","7","18"
"zabiullah1","9","9","18"
"zakaria_libya","9","9","18"
"Zanzara_DJ","8","10","18"
"zbleu","9","9","18"
"Zeezebruh","8","10","18"
"Zeinabo","9","9","18"
"Zeitgeist999","10","8","18"
"Zeke_Targaryen","10","8","18"
"zeki34","9","9","18"
"zeldazaire","9","9","18"
"ZemariaBeeg","9","9","18"
"zerdam","9","9","18"
"zhembilfrosh","9","9","18"
"zheneks82","10","8","18"
"Zherdev_Oleg","10","8","18"
"Zignich","9","9","18"
"ZimGy","10","8","18"
"zingalot","10","8","18"
"zloy_geka","10","8","18"
"ZoroXm","9","9","18"
"zota","9","9","18"
"Zou_Winchester","8","10","18"
"zrkamal","8","10","18"
"ZSAKI05","10","8","18"
"zserf","9","9","18"
"Zubin31","9","9","18"
"ZULUKUS","9","9","18"
"ZURGEISSEL","9","9","18"
"A_Bhardwaj","8","9","17"
"a_mehdi","9","8","17"
"A2511236","8","9","17"
"A254gambit","8","9","17"
"a3sicil","10","7","17"
"A4Gerd","10","7","17"
"A7-M3D","10","7","17"
"a7mad_nagy","8","9","17"
"a949786430","9","8","17"
"Aa_Daffa","8","9","17"
"aaahfrancee","9","8","17"
"Aabdi74","9","8","17"
"Aayushchh","9","8","17"
"AbAlIhE","9","8","17"
"Abbas79","8","9","17"
"abdallah_amin","8","9","17"
"abdalrhman11","8","9","17"
"Abe70","9","8","17"
"Abhi_1_2_3","9","8","17"
"abhi_burman","8","9","17"
"ABHIPANSE10","8","9","17"
"Abhishek9999","7","10","17"
"abhupops","9","8","17"
"Abolfazl_Abedi3","9","8","17"
"aboryan2011","9","8","17"
"abozezo","8","9","17"
"Abramov_Grigory","8","9","17"
"abyzzz","9","8","17"
"achrefna","8","9","17"
"aconnors","9","8","17"
"active_bum","8","9","17"
"activesquido","8","9","17"
"AdamSmith44","9","8","17"
"Adanedhel2D","9","8","17"
"addhaher","9","8","17"
"adecomik","9","8","17"
"adelsaid512","8","9","17"
"adha1","8","9","17"
"adilya_f","8","9","17"
"AdisPadalarang","10","7","17"
"admiral-2020","8","9","17"
"Adoration_love","8","9","17"
"AdrianHR2020","9","8","17"
"AdrianMekki","10","7","17"
"aelshafey","9","8","17"
"AgentDDD","9","8","17"
"AGM_Warrior","10","7","17"
"agm2018","10","7","17"
"aguel","9","8","17"
"agusriv","9","8","17"
"ahahahahaha","9","8","17"
"ahernanchess","8","9","17"
"Ahmadreza_2500","8","9","17"
"ahmed_hekal98","9","8","17"
"Ahmed_salah_zaki","8","9","17"
"Ahmed95ahmed","9","8","17"
"Ahmedmounirdiab","8","9","17"
"ahmedtata62623333","9","8","17"
"Ahmet2004","9","8","17"
"Ahmetnewplayer","9","8","17"
"AidanRU2","9","8","17"
"ailtonoscar4","9","8","17"
"AJADUMEH","9","8","17"
"ajedrez001","9","8","17"
"Ajile","9","8","17"
"ajpcoolio","9","8","17"
"ak685","10","7","17"
"Akerke","8","9","17"
"akindudesilva","9","8","17"
"akotai","10","7","17"
"AkshayJ","9","8","17"
"akshayknar","8","9","17"
"aksumhmt8","9","8","17"
"al_new","9","8","17"
"Al-1976-D","9","8","17"
"alanadayswork","7","10","17"
"AlanSalvador99","8","9","17"
"albaz0101","7","10","17"
"Alberike","9","8","17"
"albokerky","7","10","17"
"Albornoz00","8","9","17"
"Alekoks","8","9","17"
"Aleks777diablo","8","9","17"
"Alesha_shah","9","8","17"
"alex_bateman","8","9","17"
"Alex_Popov","10","7","17"
"Alex116603","8","9","17"
"Alex2000run","10","7","17"
"Alex23842","8","9","17"
"Alexandercanava","9","8","17"
"AlexanderGust","9","8","17"
"alexanderholguin","8","9","17"
"AlexandreKaihara","8","9","17"
"AlexMAZ89","9","8","17"
"Alexnoj","7","10","17"
"alfaomegalitic","9","8","17"
"Alfo_gg","9","8","17"
"Alfonso_Duponte-36","9","8","17"
"aliaranish","8","9","17"
"alico27alico","9","8","17"
"Aliojin1892","9","8","17"
"alireza44","8","9","17"
"alitamerlan","10","7","17"
"ALk_RUS","8","9","17"
"alkam-85","8","9","17"
"AllahBlessRussia","11","6","17"
"Allan_l","9","8","17"
"allandd","9","8","17"
"almas_444","9","8","17"
"almlksam1","9","8","17"
"almostbeatlevel0","7","10","17"
"Alnilam87","9","8","17"
"alpacino55","9","8","17"
"AlpAsilkan","7","10","17"
"alperenkondakci","8","9","17"
"alphacon001","8","9","17"
"alphadominant","9","8","17"
"AlphaQUP45666","9","8","17"
"alpoglu","9","8","17"
"ALQAS3M","8","9","17"
"alright24","8","9","17"
"Alsace2020","9","8","17"
"altexit13","8","9","17"
"alub2k","9","8","17"
"alvis29","9","8","17"
"Alxko33","9","8","17"
"AM1994","11","6","17"
"amacprof","9","8","17"
"amintaktaz","8","9","17"
"Amiraliiliya1400","9","8","17"
"Amiron2011","8","9","17"
"Amm_ar_Ali","7","10","17"
"ammaresto","8","9","17"
"amogus201020","7","10","17"
"AMR2601","9","8","17"
"Amrmohamedsoltan","8","9","17"
"Amyntas953","9","8","17"
"ANAK_KECIL","7","10","17"
"AnatolyLiel","9","8","17"
"ancientworrier","8","9","17"
"AnderFeron","8","9","17"
"andermovac","9","8","17"
"andreikaramyshev","9","8","17"
"Andrii_Bozhuk","9","8","17"
"andryushen1ka09","9","8","17"
"Andymari_38","10","7","17"
"AndySpore","8","9","17"
"anecdote12","9","8","17"
"anemosgr","10","7","17"
"Anetto","8","9","17"
"Angeldanielmerchan08","8","9","17"
"AngeloZach","9","8","17"
"Angry_Khinkali","8","9","17"
"anibaloctavio1675","9","8","17"
"AniBanani10","9","8","17"
"anigimi","8","9","17"
"Annasaheb","9","8","17"
"anonymouse81","10","7","17"
"anshuldwivedi","8","9","17"
"antebr","9","8","17"
"antjuanrfinch","8","9","17"
"Antolin23","9","8","17"
"Anton_V_87","9","8","17"
"Antonionero39","10","7","17"
"Antonsemenov","7","10","17"
"Anuranju","9","8","17"
"Anyger","8","9","17"
"anymousunknown","8","9","17"
"aoiharu","9","8","17"
"AomineDaiikiiii","8","9","17"
"Aonidas","8","9","17"
"ap25","9","8","17"
"apavlovskyy","5","12","17"
"apostolakakis","8","9","17"
"Ara61","9","8","17"
"Arctica02","9","8","17"
"ardaseckin","9","8","17"
"ArenillasR","9","8","17"
"arequipeno","8","9","17"
"Areus","9","8","17"
"arg28","9","8","17"
"arichezz","10","7","17"
"Aristocrat48","10","7","17"
"arman426","6","11","17"
"ArNaVRKuMaR","9","8","17"
"ArniGuo","9","8","17"
"arpan_dang","7","10","17"
"Arpann","8","9","17"
"arpit295","10","7","17"
"Artabiber67","9","8","17"
"artemryabchun","9","8","17"
"artman20002021","10","7","17"
"Arturo_rivera2020","7","10","17"
"Arturo1402","8","9","17"
"Arun1210","8","9","17"
"Aryan_Rahimpour_2004","10","7","17"
"aryan744","9","8","17"
"Asbestoz","9","8","17"
"Ash_ketchum_92","8","9","17"
"Asheagle23","10","7","17"
"ashutoshchaturvedi","10","7","17"
"AsishNayak","9","8","17"
"AsitiEtImaShelcha","9","8","17"
"askar13511351","9","8","17"
"Asoneenya","10","7","17"
"Aspenx","9","8","17"
"atfeeeeen","8","9","17"
"Athlentarus","9","8","17"
"AtlanteanLegend","9","8","17"
"AttilaTheHunnn","8","9","17"
"attyengrtinio","9","8","17"
"au_n","8","9","17"
"aurelianosegundo","10","7","17"
"autoking","8","9","17"
"Avarezao","9","8","17"
"aveted1991","8","9","17"
"avramazandonmez","8","9","17"
"awardak","10","7","17"
"axionovax","8","9","17"
"Axmax","8","9","17"
"aybra","10","7","17"
"aydinergul_83","7","10","17"
"ayk747","8","9","17"
"AyuSh_223","8","9","17"
"AzamatT5","9","8","17"
"Azerty385692","9","8","17"
"azolot","9","8","17"
"azoobnysalameh","9","8","17"
"azoozalmokhtar","8","9","17"
"B3njmeister","9","8","17"
"b3ry","9","8","17"
"baagadde","10","7","17"
"Babich_Roman","8","9","17"
"backprof","9","8","17"
"bacorr1515","8","9","17"
"badboyshakan","8","9","17"
"Bagangmarakmarok","9","8","17"
"bagel34BC","8","9","17"
"Bagheriam","8","9","17"
"Baguio342","9","8","17"
"Bahraini83","8","9","17"
"bajpai11","7","10","17"
"BakeGary","9","8","17"
"bakhtash","9","8","17"
"bakhtiary54","8","9","17"
"bakliwal123","9","8","17"
"BalaniSaysHi","8","9","17"
"balasoiu","9","8","17"
"Balkinator","8","9","17"
"balldawg0912","9","8","17"
"baloid","9","8","17"
"Baltuano","8","9","17"
"BamBoy90","8","9","17"
"bapa007","8","9","17"
"BarackObama-Official","10","7","17"
"barakoker","8","9","17"
"Baran110","9","8","17"
"Barry-B-Benson","9","8","17"
"Baslespats","8","9","17"
"bato248","8","9","17"
"Battafix88","9","8","17"
"bauxite123","9","8","17"
"beautifuldisaste","8","9","17"
"behappii","8","9","17"
"behcetkbas","8","9","17"
"bekamasalbekov","9","8","17"
"belchguy","8","9","17"
"Belegeduk","9","8","17"
"BenDerq","9","8","17"
"beni_01","9","8","17"
"benibeni","8","9","17"
"Benipi","9","8","17"
"Benjapro2010","8","9","17"
"BennyAroeta","8","9","17"
"benyaminbzg","8","9","17"
"berkaiser1","9","8","17"
"berlemak","8","9","17"
"Bernialas","9","8","17"
"Bestwishesforme","8","9","17"
"Betrunkenstein","8","9","17"
"Biba_i_boba","9","8","17"
"Bibien21","8","9","17"
"bibo24","10","7","17"
"Bigbozo135","9","8","17"
"BigMustard","10","7","17"
"bigVlasa","9","8","17"
"Bijan2022Se","9","8","17"
"bijumonks","9","8","17"
"billbrock","8","9","17"
"BillSteak","8","9","17"
"Bindul","8","9","17"
"BinWolf","9","8","17"
"biyz02","8","9","17"
"biziz","9","8","17"
"BKYNdigital","8","9","17"
"blackbeginningnuar","8","9","17"
"Blacknight_11","8","9","17"
"blancoj3000","8","9","17"
"Blaqqboii","8","9","17"
"BlazejAMS","8","9","17"
"BlindCulers","9","8","17"
"BlindPlayAccount","9","8","17"
"blitz60","8","9","17"
"Blondindublockhaus","9","8","17"
"Bloodpack","8","9","17"
"blopita","10","7","17"
"BlueGreenWaters","7","10","17"
"Bo10","8","9","17"
"BobbySwisherSweets","9","8","17"
"BobbyTaL2020","9","8","17"
"bobek87","8","9","17"
"bobifiser2","9","8","17"
"BobyFischer2","10","7","17"
"Bocah_angon2013","11","6","17"
"Bochick","7","10","17"
"Bodhi108","8","9","17"
"bogaynicov","8","9","17"
"Bogdanov87","8","9","17"
"BoJackHorsemans2","8","9","17"
"BomPom","8","9","17"
"Bongs2","10","7","17"
"bonowo","9","8","17"
"booht","6","11","17"
"bookieboekie","7","10","17"
"BooomBoss","9","8","17"
"borispak","8","9","17"
"Borja-no","8","9","17"
"bornforking","8","9","17"
"borophi","7","10","17"
"BossLev","9","8","17"
"Botas85","9","8","17"
"brabar","9","8","17"
"BrandaoFelipe","7","10","17"
"BraveNeewWorld","9","8","17"
"brentus","9","8","17"
"BrGriffin","8","9","17"
"Brilliant-Blunderzzz","8","9","17"
"bro_montana","9","8","17"
"brogui","8","9","17"
"brolav","8","9","17"
"Bronik88","8","9","17"
"BrunoPsFoz","8","9","17"
"BrynArgoll","9","8","17"
"budaqov2009","7","10","17"
"Buddiekev","8","9","17"
"BuddyMiles","8","9","17"
"buhbuh","9","8","17"
"bulatov","9","8","17"
"BulletIsgay","8","9","17"
"bwertkin","9","8","17"
"Bxngu","8","9","17"
"Byylene","10","7","17"
"c20-cil-linnvincible","9","8","17"
"cacaca11","8","9","17"
"Cafer56","9","8","17"
"caissa_furniture","8","9","17"
"Calculus54","9","8","17"
"callmeseva","9","8","17"
"Camille19","7","10","17"
"Canguroveloz","10","7","17"
"Cannizares","8","9","17"
"CannotPlayGoodChess","8","9","17"
"canvas_kanava","9","8","17"
"capitan777","9","8","17"
"capoel","8","9","17"
"car32","9","8","17"
"Caretofobiaa","9","8","17"
"Carflippedover","8","9","17"
"carlosty","8","9","17"
"carlsenloses","8","9","17"
"carmelocoton","8","9","17"
"Carmelovell","9","8","17"
"Carol778","8","9","17"
"Carole11","7","10","17"
"Caroms","8","9","17"
"Castroooh","9","8","17"
"Catalonia-Kann","8","9","17"
"catlover111","9","8","17"
"cavoglave","8","9","17"
"cazadordelobos1","9","8","17"
"cazadu-valencia","9","8","17"
"cbumae","8","9","17"
"cck27","8","9","17"
"ccrrvv","8","9","17"
"CDC1976","10","7","17"
"CelticFC67","8","9","17"
"CemBiye16","8","9","17"
"cerebros","9","8","17"
"CERECITA24","8","9","17"
"Cergkater","9","8","17"
"Cesare_Montanari","9","8","17"
"cfif5","9","8","17"
"Cgrt","9","8","17"
"chainsingh","9","8","17"
"challenger555","9","8","17"
"chambers8214","9","8","17"
"Chandra47","10","7","17"
"charlin878","10","7","17"
"ChatAlter","8","9","17"
"Chateau62327","9","8","17"
"chaveiro1","8","9","17"
"Chayan154","9","8","17"
"Checke5","9","8","17"
"cheesybites","8","9","17"
"chefilti","9","8","17"
"Cheikmate","10","7","17"
"Chernomurov","9","8","17"
"Chernorizec","8","9","17"
"chess_bitsh2","8","9","17"
"chess_runner_2022","8","9","17"
"Chess-In-Motion","8","9","17"
"chess-surfing","8","9","17"
"chess12312","8","9","17"
"chessboardbetter","9","8","17"
"Chesser00967","9","8","17"
"ChessGuardian15","8","9","17"
"chessigrok","8","9","17"
"Chessjoerni","8","9","17"
"chesskobra","8","9","17"
"chessmaster9753","9","8","17"
"Chessmasters9000","10","7","17"
"chessplayer00X","10","7","17"
"Chessprt","8","9","17"
"chessUvara","9","8","17"
"chickschicken","8","9","17"
"Chieftain_Mk7","8","9","17"
"Chikiboys","8","9","17"
"chikoo775","7","10","17"
"ChillVibes90","8","9","17"
"CHINYANDREI","8","9","17"
"chipmunknau","9","8","17"
"ChipsNdrinks","9","8","17"
"Chisanga","8","9","17"
"chita342","10","7","17"
"chiter980","8","9","17"
"chrisforid","9","8","17"
"chrisgat","8","9","17"
"Christian1323","8","9","17"
"Chrrispin","8","9","17"
"Chuchon","9","8","17"
"CiaranMc","8","9","17"
"Cienfuegos21","8","9","17"
"CihanUtku","9","8","17"
"Circassian_Ts","9","8","17"
"CKamilo","9","8","17"
"cleberGemelli","9","8","17"
"cmuzumcu","7","10","17"
"cnaran","8","9","17"
"coach_armin_khajavi","8","9","17"
"coachandiwoh","8","9","17"
"coco_mellow","8","9","17"
"cocomark","8","9","17"
"cocoseco17","8","9","17"
"codescalper","9","8","17"
"cohimar80","8","9","17"
"Coldistop","9","8","17"
"Confzone","9","8","17"
"consorte","10","7","17"
"Copydoc","9","8","17"
"corpuscollossus","9","8","17"
"CORZO1234","9","8","17"
"CR005","8","9","17"
"cr798","8","9","17"
"Crank1","7","10","17"
"CreamyDice","9","8","17"
"Creator133","10","7","17"
"CREMAPERU","9","8","17"
"cricrimec","9","8","17"
"cristiancarra18","9","8","17"
"CRIXUUS","8","9","17"
"Croc0Duck","9","8","17"
"Crower","8","9","17"
"Cundrajz","9","8","17"
"cuperme","9","8","17"
"cyam","10","7","17"
"cyanicr","7","10","17"
"Cyberdramon","9","8","17"
"D-N-V","9","8","17"
"d2-r2-cu","7","10","17"
"d4d5d3","7","10","17"
"D4n13","8","9","17"
"d8sn9sm1s","8","9","17"
"Dabarchal","8","9","17"
"Dabbas312","8","9","17"
"dadbod123","8","9","17"
"dadydada","8","9","17"
"dafalck","8","9","17"
"daftpenguin","8","9","17"
"DAGmnffya","8","9","17"
"DahaiA","8","9","17"
"dairick","9","8","17"
"dakidkicks","8","9","17"
"Dam_shapolak","9","8","17"
"Damblodar","8","9","17"
"DamenProbleme","9","8","17"
"damer74","8","9","17"
"damianivan","9","8","17"
"damir1968","9","8","17"
"Daniel_the_cat","8","9","17"
"Danielchavez12","8","9","17"
"Danielitovich","9","8","17"
"danielmantik","9","8","17"
"DanielMarks","9","8","17"
"danikatayev11","7","10","17"
"danlie","9","8","17"
"Danny_ro","8","9","17"
"dante_2023","10","7","17"
"dante3318","9","8","17"
"DantesBlessed","9","8","17"
"dar_kinght","9","8","17"
"DARK_SWORD123","8","9","17"
"Darkantaris","7","10","17"
"DarkhanKaz","10","7","17"
"Daromir24","8","9","17"
"Darth_Sarodus","7","10","17"
"Darwin2018","8","9","17"
"dashriprock","8","9","17"
"DasiWen","8","9","17"
"DataXYZ","9","8","17"
"daumaple","9","8","17"
"daurthu","8","9","17"
"Dave10Litty","8","9","17"
"Davo4312","8","9","17"
"daycvar","8","9","17"
"dddashhh","9","8","17"
"Ddemirhaan2","8","9","17"
"DDmukul","7","10","17"
"Dead0wl","9","8","17"
"Deej03","8","9","17"
"Deep_Meep","8","9","17"
"deepersystems","7","10","17"
"deepspace2","8","9","17"
"definitely-worse","9","8","17"
"Deletoxx","9","8","17"
"Deni_Nurdiana22","7","10","17"
"denimotor","8","9","17"
"Denisenko_Artem","9","8","17"
"Denny2023","8","9","17"
"denorus","8","9","17"
"dereito","8","9","17"
"DerMayrFlo","8","9","17"
"desperado202","8","9","17"
"DexterAnna","8","9","17"
"DEYAHBEATS","8","9","17"
"dhakerHas","6","11","17"
"Dhrishtadyum","9","8","17"
"Diabeto","8","9","17"
"dicihan","8","9","17"
"didiao","8","9","17"
"Didus29","9","8","17"
"Diemerforever","10","7","17"
"DifficultBreads","7","10","17"
"difigiano89","9","8","17"
"Dimal25","9","8","17"
"dimasikl","9","8","17"
"Dimehell","11","6","17"
"Dimonay","9","8","17"
"Dimouzon","9","8","17"
"Dinamita77","10","7","17"
"Dinar88","9","8","17"
"dingadonga","8","9","17"
"diogocardosof","8","9","17"
"discomfort1","9","8","17"
"dishantmanchanda","8","9","17"
"Divyesh999","8","9","17"
"djangobezokovi94","9","8","17"
"djarlsby","9","8","17"
"DjMaNYeTi","9","8","17"
"djudjan","8","9","17"
"dkloves","9","8","17"
"DmiTry_Rud0m_2012","7","10","17"
"Dmitry_Samsonov","8","9","17"
"Dmle","10","7","17"
"DoesItMatterHuh","8","9","17"
"dogubeykafkas","9","8","17"
"DolaTello","8","9","17"
"Dominiik18","8","9","17"
"don77777","9","8","17"
"DonNMD001","8","9","17"
"Dontspeakamericano","9","8","17"
"Doommaker","8","9","17"
"DordtZuid","8","9","17"
"Dorjko11","9","8","17"
"Doxxxx","8","9","17"
"doyouevenridebruh","8","9","17"
"drag0ndeagua","9","8","17"
"dragan21","9","8","17"
"Drago-Malfoy","7","10","17"
"dragonindia","8","9","17"
"DragonWar","7","10","17"
"DrAlbatRoss","8","9","17"
"DrCaRlisFan","7","10","17"
"DrDeath333","10","7","17"
"drdilaver","8","9","17"
"DrezdenkoFinalBoss","8","9","17"
"DRflash07","8","9","17"
"DrGluclitchchingonzo","10","7","17"
"DrLazystein","9","8","17"
"DrNykterstein19","7","10","17"
"drproffesor","8","9","17"
"DrStan","8","9","17"
"Druiden","8","9","17"
"DrunkardGambit","8","9","17"
"DrunkenAyman","8","9","17"
"Drusseldorf","9","8","17"
"Drwal12321","8","9","17"
"DrWitzenstein_0","9","8","17"
"DrZykrstein","9","8","17"
"Ducktile","9","8","17"
"duiooitfhjitfgnkiufd","9","8","17"
"dulekladionicar","8","9","17"
"dumauBR","8","9","17"
"Durfy","9","8","17"
"DustyMonkey","9","8","17"
"duykhau1","10","7","17"
"dvdsansay","8","9","17"
"Dybala23","7","10","17"
"Dystopiax","9","8","17"
"e-player","8","9","17"
"EAlex73","8","9","17"
"eastern_sheriff","9","8","17"
"eb526","9","8","17"
"ecstasyrajat","8","9","17"
"ECTdreipatungan09","9","8","17"
"ecwix","8","9","17"
"ed_borba","8","9","17"
"edalet090","9","8","17"
"eddydepeddy","9","8","17"
"Eden_Joker","8","9","17"
"edneves88","8","9","17"
"educaiua","7","10","17"
"eduIDGod","8","9","17"
"eeeeeeef","8","9","17"
"Efyr","8","9","17"
"Eger1","8","9","17"
"EgweneAlVere","8","9","17"
"ehamouda2020","8","9","17"
"eihaaab","8","9","17"
"EinheitAndreas","9","8","17"
"Elaalem","10","7","17"
"elachoradordearepas","9","8","17"
"elbandid0","7","10","17"
"elcoste7","8","9","17"
"ElDiegoM","9","8","17"
"elementsfinis","8","9","17"
"ElenaPoleno27","9","8","17"
"Elghrawey","10","7","17"
"EliaRee","8","9","17"
"Elibrasko_307_4","9","8","17"
"eligolf","8","9","17"
"ELIO2012","9","8","17"
"elmatador321","8","9","17"
"elpepino137","7","10","17"
"Elquelexd","8","9","17"
"ElViejoNajdorf","9","8","17"
"Elvis_V","8","9","17"
"ELYSV","8","9","17"
"elza_galieva","8","9","17"
"Emad303","9","8","17"
"emanym","9","8","17"
"emir122","10","7","17"
"Emma859510","9","8","17"
"Emperor1907","7","10","17"
"Emptyminds","9","8","17"
"Enderchr","8","9","17"
"Enes_Maz","9","8","17"
"engineerergul","9","8","17"
"ensarlahna","9","8","17"
"entatico","8","9","17"
"EnzoDeLuca","9","8","17"
"eosbamsi","8","9","17"
"erenhalil","8","9","17"
"erfan2586","8","9","17"
"EricLangedijk","8","9","17"
"ERipley","8","9","17"
"ErkebaiKz","9","8","17"
"ermalbreza","8","9","17"
"ermia1391","9","8","17"
"Eros77","10","7","17"
"eRrcGo","8","9","17"
"esatcihan1905","9","8","17"
"estamosmelos","10","7","17"
"estebita","9","8","17"
"Esword","8","9","17"
"Ethyl_Tosylate","8","9","17"
"EugeneTisch","9","8","17"
"eugenio125","9","8","17"
"Eusebi123","9","8","17"
"EuSouRodrigo","8","9","17"
"evaldo1","8","9","17"
"Evanke","9","8","17"
"Evgenix1999","9","8","17"
"Evgeniy_Kravets","8","9","17"
"Evgeny1234","8","9","17"
"Evliya1","7","10","17"
"Evolute","10","7","17"
"ewhimpanny","8","9","17"
"exbrikadlo","10","7","17"
"exegallo","10","7","17"
"Exploding_chess","9","8","17"
"eyronkeyleb","8","9","17"
"F2805","8","9","17"
"F6F2","10","7","17"
"FabianoSephirot","8","9","17"
"Fabriziodm22","8","9","17"
"Failusionn","8","9","17"
"fairzu","8","9","17"
"Faisalpatehi","9","8","17"
"fajartmg","9","8","17"
"FantomBK","9","8","17"
"fares2000","8","9","17"
"fargo66","9","8","17"
"FarisMOMZ","10","7","17"
"FarukSelimTanis","9","8","17"
"fasma90","8","9","17"
"faster-than-a-GTR","8","9","17"
"fastloser61","9","8","17"
"fatality666","8","9","17"
"fatherofjose","8","9","17"
"FatinSiarSekaki","7","10","17"
"Fayama","9","8","17"
"fcardenas","8","9","17"
"fcesitler","8","9","17"
"Feduha22","8","9","17"
"Fehruzovvvv","7","10","17"
"Felique","8","9","17"
"felix_sll1","9","8","17"
"felixog","9","8","17"
"felsengeier","7","10","17"
"fEndYyInChesS","8","9","17"
"Feodalby","9","8","17"
"ferlleb29","8","9","17"
"Fernandolosadaf","8","9","17"
"FernandoVenturaRJ","8","9","17"
"ferro07","9","8","17"
"fg1999","8","9","17"
"fgdtg","7","10","17"
"fide1190","6","11","17"
"FilipH10","8","9","17"
"Film256","9","8","17"
"FireKnight","9","8","17"
"FireRace","9","8","17"
"Fischer1903","9","8","17"
"fischerish","9","8","17"
"fissl","9","8","17"
"FJ2PROFG12MAX","7","10","17"
"Fjellrype","8","9","17"
"flagging0zBullet","9","8","17"
"Flameboyisaking","7","10","17"
"Fmad77","8","9","17"
"Foaad_8","8","9","17"
"foechster","10","7","17"
"Fogaca23","9","8","17"
"Forsythus","9","8","17"
"foxwizard","8","9","17"
"frajkira","10","7","17"
"Francis907","8","9","17"
"FranciscoDongo","7","10","17"
"franciscoe","9","8","17"
"Francois_r","8","9","17"
"frankeistein65","9","8","17"
"FranklinScoot","8","9","17"
"FrankyPerry","10","7","17"
"FrazeRex","8","9","17"
"FreedomChoice","9","8","17"
"freeenthalpy","10","7","17"
"Fregger","8","9","17"
"Freiburger","8","9","17"
"Fresh_Fire","9","8","17"
"Frode123","8","9","17"
"fronzy2489","10","7","17"
"fsacfsac","8","9","17"
"FTOMF","8","9","17"
"Fuhreru","8","9","17"
"fulol","9","8","17"
"fun_root","8","9","17"
"funyMonkeChessClub","9","8","17"
"Furkanack","8","9","17"
"futureb","8","9","17"
"Fyft","8","9","17"
"G_Kumar","8","9","17"
"G-Pawn-Attack","8","9","17"
"G0ldSt0ne","8","9","17"
"g4s13","9","8","17"
"gabari1961","8","9","17"
"Gaborli","8","9","17"
"GabrielOpera","8","9","17"
"gabuydvardik","9","8","17"
"Galaxxx","9","8","17"
"GalenRupp","8","9","17"
"Gallison","9","8","17"
"gambit493","8","9","17"
"gamblingjohnny","8","9","17"
"Game_Over_666","7","10","17"
"game5000","9","8","17"
"gameoftage","8","9","17"
"GAmir7","8","9","17"
"gangamstyle01","8","9","17"
"garaxgis","9","8","17"
"GarikManukyan","9","8","17"
"garrigaller2","9","8","17"
"Gattosilvestro","8","9","17"
"GaussianError","8","9","17"
"gavroche2","8","9","17"
"GaziSahin","9","8","17"
"gecerpiyon2014","8","9","17"
"GennadyBukin","9","8","17"
"Geo_Dal","9","8","17"
"Georgefirst1","9","8","17"
"Georgi_popov-10","9","8","17"
"Geosebio","8","9","17"
"German22","8","9","17"
"Gesch1k89","10","7","17"
"getmanqhy","9","8","17"
"GGdede","8","9","17"
"ggioprt193","8","9","17"
"ghadanfar","9","8","17"
"ghadiyampurna2020","10","7","17"
"Ghmahk","8","9","17"
"Gianni_Bambino87","9","8","17"
"gibsoniano","9","8","17"
"Gigenzo","9","8","17"
"Gihanperera","8","9","17"
"Gilbrater","7","10","17"
"gimiha","9","8","17"
"giminosk","9","8","17"
"Giresunn2861","10","7","17"
"GiuseppeElpadron","8","9","17"
"Givemereason","8","9","17"
"Gizemlioyuncuoyunda","9","8","17"
"glarange","8","9","17"
"Glotov_Dmitry","8","9","17"
"GlowUpChess_YT","8","9","17"
"gmsamra","10","7","17"
"Godhida","5","12","17"
"gogguno","8","9","17"
"gokmenguner","7","10","17"
"GoneKW","9","8","17"
"gonyalicarlsen","10","7","17"
"Goodfighter","9","8","17"
"goodiehoodie","9","8","17"
"Gootman","9","8","17"
"gor1415","8","9","17"
"Gordon___Ramsay","9","8","17"
"gplayer777","8","9","17"
"GrandBlundster","8","9","17"
"Grantelope","8","9","17"
"Greek_Chips","8","9","17"
"Green-Knight92","9","8","17"
"GreggsIsDead","8","9","17"
"GreteVals","8","9","17"
"Grigos","9","8","17"
"GroDanny","8","9","17"
"Grombier","10","7","17"
"Groszvendel","8","9","17"
"grottii","8","9","17"
"Gryph0n","9","8","17"
"GSantosJr76","9","8","17"
"GSlavaD","8","9","17"
"Gu1lh3rm3_F3l1x","8","9","17"
"guest102885323677854","8","9","17"
"guness10","8","9","17"
"Gunnar_Svensson","9","8","17"
"gusanovic","9","8","17"
"gustavorayo","9","8","17"
"Gustragoo","9","8","17"
"Guzorochi","8","9","17"
"Gwebzilla","9","8","17"
"gyuu","8","9","17"
"h-24_j","9","8","17"
"H3phaistos","8","9","17"
"hakanolog","9","8","17"
"Hamdan15","9","8","17"
"hamid9000","9","8","17"
"hamidDZ25","8","9","17"
"HamzaSmedhi","8","9","17"
"Hansmatt","9","8","17"
"HaPe2018","8","9","17"
"happymachine","8","9","17"
"Harambaexox","9","8","17"
"hardzie","9","8","17"
"Harikv80","8","9","17"
"harsha_oo7","9","8","17"
"Harsha7770","9","8","17"
"Harshpatel7","9","8","17"
"Hasan392","10","7","17"
"hasruthashri","8","9","17"
"hatatu","8","9","17"
"Hatyaara01","8","9","17"
"haxxter","10","7","17"
"Haybe711","9","8","17"
"HBludo","8","9","17"
"Headsup80","9","8","17"
"Heavy-Metall","7","10","17"
"Heets1705","9","8","17"
"Helmyhaleem33","10","7","17"
"hemakshidamani","8","9","17"
"hemi-romance","7","10","17"
"HendriC82","8","9","17"
"HenkStenk","9","8","17"
"HenryRaoul","8","9","17"
"hernan27","8","9","17"
"HERNANDEZ_36","7","10","17"
"hernantactico","9","8","17"
"herr_mrx","8","9","17"
"herridz","8","9","17"
"heshahed","9","8","17"
"hgbear","9","8","17"
"HH1963","8","9","17"
"Hi_Dagger","8","9","17"
"hidden00","8","9","17"
"HiddenLeaff","8","9","17"
"hieudoan","12","5","17"
"High_on_kola","9","8","17"
"hijodedios6666","9","8","17"
"hillejo","8","9","17"
"Hipolyne","8","9","17"
"HiroSaaS","9","8","17"
"hiyaanm","9","8","17"
"hk007_95","9","8","17"
"hmedbourourou16","9","8","17"
"Ho-no-none","8","9","17"
"HoBuKoB_MaKCuM","9","8","17"
"hollysteric","9","8","17"
"holmes5","7","10","17"
"Hopik777","8","9","17"
"Horsenotknight1729","9","8","17"
"Hram13","10","7","17"
"hrvat07","9","8","17"
"humpbackbee","8","9","17"
"HungryDeeJay","9","8","17"
"hunteramit","7","10","17"
"hurtedking","8","9","17"
"Hussellhoff","8","9","17"
"HwanCho","9","8","17"
"hydrodevil54","8","9","17"
"hyergin","10","7","17"
"Hypnogician","8","9","17"
"i_am_a_noobie","9","8","17"
"i_d_g_a_f","10","7","17"
"i-am-gran","8","9","17"
"i2g5","9","8","17"
"i999van","9","8","17"
"iamags","9","8","17"
"ianhi","7","10","17"
"iaps","9","8","17"
"Iblesspopes","10","7","17"
"ibra105","8","9","17"
"Ibrahim153","8","9","17"
"ibuhatela","8","9","17"
"ichbin94","7","10","17"
"ichbinbusy","9","8","17"
"idan18","9","8","17"
"idirtaleb","10","7","17"
"ifty69","9","8","17"
"igorpav","9","8","17"
"IgorVK","9","8","17"
"ijoe","9","8","17"
"ildrug0","8","9","17"
"IlkhamS","9","8","17"
"illinisieve","9","8","17"
"Illyasviel","9","8","17"
"Ilmash","9","8","17"
"Ilya_uf","9","8","17"
"imhotep_0","10","7","17"
"Imyourkarma","8","9","17"
"indianstar","9","8","17"
"InfinitodeCordoba","9","8","17"
"infinityparadox","6","11","17"
"IngahBeckham","10","7","17"
"InLo","7","10","17"
"inovalsky","9","8","17"
"INSANE-KING","9","8","17"
"insanity418","8","9","17"
"Insomnie","9","8","17"
"Integrada","9","8","17"
"intelscape","9","8","17"
"ionelka","8","9","17"
"IOSTRA","9","8","17"
"IP1nKI","9","8","17"
"Ipal1093","8","9","17"
"iPhone0099","9","8","17"
"IrishViking1970","8","9","17"
"Iron22rus","8","9","17"
"irong2","9","8","17"
"IronMan_Mark85","9","8","17"
"isaac0613","7","10","17"
"Isaacov","8","9","17"
"ismail_gazi","9","8","17"
"ismaildogus","9","8","17"
"issaadme30","9","8","17"
"Isvaz97","8","9","17"
"iswanto_bc","9","8","17"
"ITCHIEST","9","8","17"
"Its_BASE","8","9","17"
"ItsMrstealY0queen","8","9","17"
"itsthenewmeta","8","9","17"
"Ituassegabu","8","9","17"
"itzTurki","8","9","17"
"Ivan_0088","9","8","17"
"Ivan_Sergeevich13","7","10","17"
"ivanov05","9","8","17"
"ivant13","8","9","17"
"ivaylo_vladimirov7","8","9","17"
"Ivo_Xavi","8","9","17"
"Iwari","9","8","17"
"IXoNiX","8","9","17"
"izibella","9","8","17"
"J-Fish","9","8","17"
"j-leonard","10","7","17"
"J12Hero","9","8","17"
"J3J3C3C3","9","8","17"
"J4Josh","8","9","17"
"JABP_abc","8","9","17"
"jaca634","8","9","17"
"jacklapinza","8","9","17"
"jackmuz","7","10","17"
"jacksonbaese","10","7","17"
"JaESch","8","9","17"
"Jahangir_Alom","8","9","17"
"JaimeT9","9","8","17"
"JakubM","8","9","17"
"janbrb","9","8","17"
"Janikl","9","8","17"
"jaracov11","9","8","17"
"Jardsonfb","10","7","17"
"Jarhed_D_M","8","9","17"
"Javicho_10","8","9","17"
"javid66","8","9","17"
"javimendu","8","9","17"
"Jayraven","8","9","17"
"jaz1997","8","9","17"
"jbhowmick94","9","8","17"
"jbliz97","9","8","17"
"jbobzz","8","9","17"
"JCJY11","9","8","17"
"jdigs","9","8","17"
"jeanr4","9","8","17"
"JediKnight3","8","9","17"
"jeevansmail","10","7","17"
"Jef_2018","8","9","17"
"jeisondavid","9","8","17"
"jejejdjd","8","9","17"
"Jeremy_Bearimy0","9","8","17"
"JesusBondad007","9","8","17"
"jetBrains","9","8","17"
"jevina","9","8","17"
"Jewish_Happiness","9","8","17"
"JIJOKOTTAYAM","9","8","17"
"JimKung","9","8","17"
"JJFC4B","9","8","17"
"jjjaaahhheeeddd0","9","8","17"
"JMK1802","8","9","17"
"Jmkaragulian1","10","7","17"
"jnable","8","9","17"
"Joaquinriver","8","9","17"
"joaquinxd1922","10","7","17"
"Jobst","9","8","17"
"Jobzitro","8","9","17"
"JoCo161","8","9","17"
"jodanbihag","8","9","17"
"JoeDBX","8","9","17"
"joel83","9","8","17"
"Joelsuperstar","9","8","17"
"JoelVarela_Tacloban","9","8","17"
"joemanix","8","9","17"
"Johannes_The_Juice","6","11","17"
"John_10_10","8","9","17"
"John_Martin_Leduna","8","9","17"
"johnalok","8","9","17"
"johno123","8","9","17"
"JohnTanner","9","8","17"
"joker609","9","8","17"
"JOLLYGEOFF","8","9","17"
"jomasu90","9","8","17"
"jonathonbates","8","9","17"
"jonddoe","9","8","17"
"jonlius","8","9","17"
"joowonkim","9","8","17"
"jopedro","8","9","17"
"JorenHuysmans","7","10","17"
"Jorge0201","8","9","17"
"jorgemario1959","9","8","17"
"JorgeVasquez_UNU","9","8","17"
"joriomaycon","8","9","17"
"Jose-juan","8","9","17"
"josecbjaque","11","6","17"
"JoseDeggimena","8","9","17"
"joseph78","9","8","17"
"JosephFouche","9","8","17"
"josetricks","9","8","17"
"jotham23","9","8","17"
"joti1978","9","8","17"
"jotoczula1","7","10","17"
"JovanRusqui","8","9","17"
"jrc2000bc","8","9","17"
"jrchevalier11","8","9","17"
"Jrleonh","9","8","17"
"jroch","8","9","17"
"jrooms","8","9","17"
"jsqu99","9","8","17"
"jsulst","9","8","17"
"jswanderulo","8","9","17"
"jtric22","8","9","17"
"Juanjobem","8","9","17"
"Judaskira","9","8","17"
"jujujujuju78","9","8","17"
"juketay","9","8","17"
"Jules86","8","9","17"
"julian_d","10","7","17"
"julianozero","9","8","17"
"JulioCPR","9","8","17"
"Junior_Shabadoo","9","8","17"
"juragancctv","9","8","17"
"JurrietheFury","8","9","17"
"jurttyn_balasy","8","9","17"
"jusepramon","8","9","17"
"juspoz2021","8","9","17"
"justonerloser","9","8","17"
"juzba23","8","9","17"
"jxhkael","8","9","17"
"k_pejwak","8","9","17"
"k3one","8","9","17"
"Kaara_619","8","9","17"
"Kaaterstrophe","9","8","17"
"kabo239","8","9","17"
"Kacperszachmat","8","9","17"
"kahko","10","7","17"
"kahloo512","9","8","17"
"kamatt","8","9","17"
"KamikazeCommie88","7","10","17"
"Kamila2000","9","8","17"
"kaos84","9","8","17"
"karam91","9","8","17"
"karatel3000","9","8","17"
"Karatinos","10","7","17"
"KarloHabek6","9","8","17"
"karthik8888","9","8","17"
"kartsev","8","9","17"
"kartur92","10","7","17"
"kasparagio","9","8","17"
"KasparG","8","9","17"
"KasparovialMagnus","8","9","17"
"Kasstet","9","8","17"
"kaszhu","8","9","17"
"kavrulmus","8","9","17"
"kawama","9","8","17"
"kawkaba","9","8","17"
"kaybetmeyici","8","9","17"
"kazanchess1","9","8","17"
"kdabbas","9","8","17"
"Keerthana_fab","10","7","17"
"Keitu19","8","9","17"
"KEKWait23","9","8","17"
"kellergaming123","7","10","17"
"kemamaks","9","8","17"
"Kendrick_Prince","9","8","17"
"Kenneth_Donoga123","8","9","17"
"Kenny1985","10","7","17"
"kerimPro29","8","9","17"
"kerrykyule","9","8","17"
"keshav001at","9","8","17"
"KEVIN2305","8","9","17"
"keymasta","10","7","17"
"kha-leed","7","10","17"
"khaledmcheik","8","9","17"
"KHALEESI_storm","8","9","17"
"kilburnj200","9","8","17"
"Kim_Jong_Un_888","8","9","17"
"kinder4","10","7","17"
"King_fischer","8","9","17"
"king_khaste","9","8","17"
"King_Ragnar123","9","8","17"
"king_size666","8","9","17"
"kingkiller24","9","8","17"
"kingmathan","9","8","17"
"kingofthenorth55","7","10","17"
"kingsharem","9","8","17"
"Kirill_Miller","9","8","17"
"kitsuni","8","9","17"
"kkkkkk22","9","8","17"
"KlarkChessburger","8","9","17"
"Klaus_Joachim","10","7","17"
"KLORY","9","8","17"
"Kniaz74","8","9","17"
"knifewich","8","9","17"
"knight3606","9","8","17"
"knightbandit","9","8","17"
"knovaljames","9","8","17"
"kobojagi","9","8","17"
"kobrasyas","9","8","17"
"Koehlinski","9","8","17"
"Koenamo","8","9","17"
"Kokonko","8","9","17"
"Komissaroff","10","7","17"
"konan-99","10","7","17"
"KoniemKasia","8","9","17"
"konstantints","9","8","17"
"koolchessy","8","9","17"
"Koparius","9","8","17"
"Koppenberg","9","8","17"
"Kopushon","8","9","17"
"kore94","9","8","17"
"korgboy","9","8","17"
"Korol_Kazinak","8","9","17"
"KOROL-NEBES","7","10","17"
"Kospi","9","8","17"
"Kostenko","8","9","17"
"koullaras","7","10","17"
"koumajavan","8","9","17"
"KoXatour","8","9","17"
"KR2002","8","9","17"
"krakenx64","8","9","17"
"krannik","9","8","17"
"krishnashankar97","8","9","17"
"kristoff04232015","8","9","17"
"kristofphillips95","9","8","17"
"Kronketekron","9","8","17"
"KROT_EHOT","8","9","17"
"krrag06","9","8","17"
"Krully","8","9","17"
"KrustyKrabbs","8","9","17"
"krylosz","8","9","17"
"Ksenia2000","7","10","17"
"Kuatsh1978","9","8","17"
"kuda_Nf2","8","9","17"
"kudin29","8","9","17"
"Kuhail","8","9","17"
"Kuliev09","9","8","17"
"kuljeetsinghkhurana","7","10","17"
"kumlemark","9","8","17"
"Kunadilov_Ersultan","9","8","17"
"Kuncung-Putih","8","9","17"
"kurret","8","9","17"
"KushalShaw","8","9","17"
"kutayksb01","9","8","17"
"Kuusandra","8","9","17"
"KVE_88","9","8","17"
"kwispito","9","8","17"
"Kxiser","9","8","17"
"kyanite111","7","10","17"
"kykyepta","10","7","17"
"Lad01","9","8","17"
"ladyartema","8","9","17"
"Laflaish","8","9","17"
"Lakhananandani","8","9","17"
"Lala_Dabangg","8","9","17"
"Lalo1645","7","10","17"
"Lamentis_Walker","9","8","17"
"lamiaras","8","9","17"
"lannkinen","8","9","17"
"laosu","9","8","17"
"LarryGreen","8","9","17"
"Larryrj","9","8","17"
"Larssov","9","8","17"
"Lasker-02","8","9","17"
"lau_ocs","9","8","17"
"lavanyachaudhary","9","8","17"
"Lawjh","8","9","17"
"Lazy_Sloth1234","9","8","17"
"Lb4Matt","9","8","17"
"lbe","8","9","17"
"LeafOnOurOnion","9","8","17"
"Leci","8","9","17"
"legend_chess_player","8","9","17"
"Leibold1","10","7","17"
"Leichtes_Spiel2023","9","8","17"
"lekion123","8","9","17"
"LemonadeVodka","8","9","17"
"LENOM89","8","9","17"
"Leon3142","8","9","17"
"leonardomaranoo","9","8","17"
"leoyama","9","8","17"
"Lewcass","7","10","17"
"LexHernandez","10","7","17"
"leythzeood","8","9","17"
"lgroning","8","9","17"
"LGustavo_01","8","9","17"
"lhospit","8","9","17"
"Lhoussaine","8","9","17"
"Li771","9","8","17"
"Liam_44","9","8","17"
"Liavon-2020","8","9","17"
"librado_caceres","9","8","17"
"Librophylia","8","9","17"
"licas","9","8","17"
"LiChampion64","8","9","17"
"Lichesercom","8","9","17"
"lietuvis","9","8","17"
"Likhon_Sapiens","10","7","17"
"lil_anku","8","9","17"
"LincolnSchweers","8","9","17"
"linkdiss","9","8","17"
"lion_sta","10","7","17"
"Lionsnake","9","8","17"
"Lisbethe","8","9","17"
"litus6","9","8","17"
"lividsquirrel","9","8","17"
"lkman27","10","7","17"
"Llawliet125","9","8","17"
"Llebats","8","9","17"
"lluismonteis","8","9","17"
"lmgxnq","9","8","17"
"LN55","9","8","17"
"lnv40","8","9","17"
"lobster1332","8","9","17"
"locus007","9","8","17"
"LoelAnderzon","8","9","17"
"loganwenzel","9","8","17"
"logicgateG","8","9","17"
"lolusukc","9","8","17"
"lomariewil13","8","9","17"
"londia01","9","8","17"
"Loozman80","7","10","17"
"lopes0017","8","9","17"
"LOPEZ_NORSH_UE","8","9","17"
"lopez2020","8","9","17"
"lordgosto","8","9","17"
"LotteW","9","8","17"
"lova_lova","8","9","17"
"lovemelikeyoudolaala","8","9","17"
"Lowfyr667","8","9","17"
"LowLiquidity","9","8","17"
"LP1987","8","9","17"
"LucasRosa1986","9","8","17"
"LuchoGenes","8","9","17"
"Luchok_130","8","9","17"
"Lucianocapa","9","8","17"
"lucifer6891","9","8","17"
"Luckyman_one-one","10","7","17"
"LuckytasLar","8","9","17"
"ludicious","8","9","17"
"luffy123456789","8","9","17"
"lufti11","10","7","17"
"luis_Om","9","8","17"
"Lukino24","8","9","17"
"lyublyu7","8","9","17"
"M_Amin_imani","8","9","17"
"M_arshia224","8","9","17"
"M-k19990","8","9","17"
"m1134n","9","8","17"
"M1NURA","9","8","17"
"m4yu12","10","7","17"
"M7H","9","8","17"
"Ma7mood_1928","10","7","17"
"maashkhan","8","9","17"
"macclassic","8","9","17"
"MachoBar","8","9","17"
"madarflorin","9","8","17"
"Madun","8","9","17"
"magdy-e4e5","8","9","17"
"MaggieCarl","7","10","17"
"Magiciansurya","8","9","17"
"Magnum_ZZ","8","9","17"
"magnusabtch","8","9","17"
"Magucho","8","9","17"
"Mahdi_r80","9","8","17"
"mahdi313","9","8","17"
"mahmod792001","8","9","17"
"mahmoudali1842001","9","8","17"
"MahmoudLensari2000","9","8","17"
"Makaronissmo","8","9","17"
"Makenty","9","8","17"
"MaksimGard","9","8","17"
"MakTG","10","7","17"
"malcomb","8","9","17"
"Malinkamalina","8","9","17"
"mamcgarr","10","7","17"
"ManaNebesnaya","8","9","17"
"manchessi","8","9","17"
"Mandalorian1303","9","8","17"
"MandoBando","9","8","17"
"manishkaushal0123","9","8","17"
"Manitas770","7","10","17"
"MANNY_PACMAN2211","8","9","17"
"Manolito13","7","10","17"
"Mantan52","9","8","17"
"manwithatractor","7","10","17"
"Mapendane","9","8","17"
"marbe1ss","9","8","17"
"marco100307","8","9","17"
"marco1227","8","9","17"
"Marcouscous","7","10","17"
"MareeraM","7","10","17"
"maretate","6","11","17"
"mariano_italiano","8","9","17"
"Mariela_22","8","9","17"
"marioadriancastillo","10","7","17"
"MARIQUITA_2021","8","9","17"
"Maritim","9","8","17"
"markoub","8","9","17"
"Markruben","8","9","17"
"markus_win","8","9","17"
"martinobi","9","8","17"
"marvin99","9","8","17"
"marykated10","8","9","17"
"Masoudagn","9","8","17"
"Massatardperaprendre","8","9","17"
"Master-one","8","9","17"
"Masterchess2006","9","8","17"
"MataMaster","10","7","17"
"Matiel666","8","9","17"
"matokral16","7","10","17"
"mattaschaffer","10","7","17"
"mauriccious","8","9","17"
"Mauricio54030","8","9","17"
"max_euwee","9","8","17"
"Max_Prue99er","7","10","17"
"maxi3666","9","8","17"
"Maxle92","8","9","17"
"Maybe_88","7","10","17"
"Maykson","8","9","17"
"Mbuso_ujchess","8","9","17"
"Mc_Coy55","8","9","17"
"mcconnell417","9","8","17"
"mcd8519","11","6","17"
"mcghoo","8","9","17"
"mcos07","8","9","17"
"mdshakil","9","8","17"
"mebelman","8","9","17"
"mebuscasteaquiestoy","8","9","17"
"Medi-12","9","8","17"
"medien","8","9","17"
"meerschwein","10","7","17"
"meetandgreet","9","8","17"
"Meganath1","8","9","17"
"mehdib5191","9","8","17"
"MEHMET-TOPRAK-GM","8","9","17"
"mehmetarli","8","9","17"
"melamelinda08","9","8","17"
"MelihZambak","8","9","17"
"Meloarm123","9","8","17"
"Meltdown41","9","8","17"
"Mely2110","8","9","17"
"MemoMugen","5","12","17"
"mesin1021","8","9","17"
"mesutovic","8","9","17"
"Metegol10","9","8","17"
"metenimoo","9","8","17"
"metsercake","8","9","17"
"Meysami","9","8","17"
"mezmerrett","9","8","17"
"MF1978","9","8","17"
"mgomez101","9","8","17"
"MHKhan","8","9","17"
"MhmtOflaz","9","8","17"
"miban","9","8","17"
"mic_7902","9","8","17"
"mic50","8","9","17"
"MicahthePod","8","9","17"
"micbear","9","8","17"
"michael-relleum","10","7","17"
"Michael14parrenas","9","8","17"
"MICHANGELO","8","9","17"
"michii_nl","9","8","17"
"Mickey326","8","9","17"
"micronome","10","7","17"
"migsala","9","8","17"
"Miguel-Carlsen","9","8","17"
"Miguelmmr","9","8","17"
"mijailmoiseyewitch","8","9","17"
"Mikael1989","9","8","17"
"MikaMokaMuka","8","9","17"
"mike_t54","9","8","17"
"Mikkimikki","4","13","17"
"mil-e","9","8","17"
"milandeburidan","8","9","17"
"milevich","7","10","17"
"Millikan","8","9","17"
"milouviklo","9","8","17"
"Mily2849","8","9","17"
"Mina9633","9","8","17"
"MiniGreat","9","8","17"
"minombrenoesunacruz","9","8","17"
"mio1989","9","8","17"
"miracyildiz0","9","8","17"
"Mircucio","9","8","17"
"mirdza666","9","8","17"
"Mirjalol-Norqulov","9","8","17"
"mirusak94","8","9","17"
"mirzabruins","6","11","17"
"misho81","11","6","17"
"MistrzowskieMalpki","8","9","17"
"misty867","8","9","17"
"Mitsuki18","9","8","17"
"miu2c","8","9","17"
"mjkstorm","9","8","17"
"Mjporras","9","8","17"
"mkose4086","8","9","17"
"mkRenaissance116","9","8","17"
"mkwnyd","8","9","17"
"mlthuns","9","8","17"
"mmalax","8","9","17"
"Modlobot","9","8","17"
"Mohamed6423687777765","8","9","17"
"Mohamedd2002","9","8","17"
"MohamedRedaZhar","8","9","17"
"Mohamedsabir-killer","10","7","17"
"Mohamedyousof","8","9","17"
"mohammad1341","9","8","17"
"Mohammed_ahmed2020","8","9","17"
"mohanku","8","9","17"
"Mohhammeddadell","10","7","17"
"MOHOX","9","8","17"
"MOHTD32DZ","7","10","17"
"Mokujin08","8","9","17"
"mollermo","8","9","17"
"Monaliza7","8","9","17"
"Monazo97","7","10","17"
"Monklock","8","9","17"
"moodyp","7","10","17"
"moohcow","8","9","17"
"Morbius_Claim","9","8","17"
"MORFE1903","10","7","17"
"morgan3","10","7","17"
"Morganstenli","7","10","17"
"Morgennebel","9","8","17"
"Mormor59","9","8","17"
"Mostafa_S110","9","8","17"
"MostlyToast","7","10","17"
"MotherCassandra","9","8","17"
"mothmoss","9","8","17"
"mottian","8","9","17"
"Motze91","10","7","17"
"moumouh","9","8","17"
"mpriotto","9","8","17"
"Mr_Litt","9","8","17"
"Mr_Names","8","9","17"
"mrbodya","9","8","17"
"MrGeralt","8","9","17"
"mrKori","9","8","17"
"MrMcBaum","8","9","17"
"mrmiyame","9","8","17"
"mrnafari88","9","8","17"
"mrperfectprash","9","8","17"
"Mrthedevil123","8","9","17"
"MS_18","7","10","17"
"Ms_HollyGolightly","9","8","17"
"MSara894","8","9","17"
"msc_anderson","8","9","17"
"mseye1992","8","9","17"
"msoudi","8","9","17"
"MsRaaiin","9","8","17"
"Mstiwa","8","9","17"
"mugiyono_s","7","10","17"
"Muha076","9","8","17"
"Muhammad_RizKi","9","8","17"
"Mulauzi","8","9","17"
"Mulilo14","9","8","17"
"Muntakim_Ahmed_Nafi","8","9","17"
"muruguAmr","8","9","17"
"Muslimalgeria","9","8","17"
"mustafa_savar","9","8","17"
"MY61","9","8","17"
"Mycroft-S-Holmes","8","9","17"
"Mydalon","9","8","17"
"Mydumbmove","10","7","17"
"myers55","9","8","17"
"Mystery_king","9","8","17"
"Mystman","7","10","17"
"mz1975","8","9","17"
"N0T_A_C0P","8","9","17"
"NachoOutsider","8","9","17"
"Nacsa","8","9","17"
"NailGalimov","8","9","17"
"nakirillov","8","9","17"
"nakribha","9","8","17"
"NamalaM","7","10","17"
"Namigchess","9","8","17"
"nancyrash","8","9","17"
"Nanhe0808","7","10","17"
"nanjaninja","9","8","17"
"nano0616","9","8","17"
"NAPTOWNDRKNITE","7","10","17"
"naqalsamoht","10","7","17"
"NASCA2017","9","8","17"
"naseemali","9","8","17"
"Naserbidgol","9","8","17"
"nasfa","9","8","17"
"Nasrat1","8","9","17"
"Nathanielbee","9","8","17"
"nathanyan92","9","8","17"
"nativesas","9","8","17"
"Natural_Pawn_Killer9","8","9","17"
"naufalaziz7","7","10","17"
"Navari","9","8","17"
"naxim","9","8","17"
"Nazdare","9","8","17"
"nbschd","8","9","17"
"ncaldwell350","9","8","17"
"NebulonC","8","9","17"
"necati42","8","9","17"
"NECO01","9","8","17"
"Nederico","9","8","17"
"nekitka0525","8","9","17"
"Nelsonmeza","9","8","17"
"Nemesis_8702","9","8","17"
"nesloT","10","7","17"
"net_shaggy","8","9","17"
"Netfreak07","8","9","17"
"NetNOC","8","9","17"
"nevedemes","7","10","17"
"newbeePlayer","8","9","17"
"newcomer12","9","8","17"
"NexenTriz","10","7","17"
"Nez0x_364","8","9","17"
"NG_168","9","8","17"
"nic_oyola","10","7","17"
"Nick07_15","9","8","17"
"NickBraham","8","9","17"
"nico1713","9","8","17"
"nict46","8","9","17"
"nightbarbarian","9","8","17"
"nightshade99","8","9","17"
"Nigite","8","9","17"
"NIHELA1","9","8","17"
"nikanoff","8","9","17"
"NIKARU_HAKAMURAH","9","8","17"
"Nikita160811","9","8","17"
"Nikitin_Konstantin","10","7","17"
"niko-99","9","8","17"
"Nikobeast","8","9","17"
"nikolozkvaracxelia","9","8","17"
"Nikosor","8","9","17"
"nikpant","7","10","17"
"nimaxz","8","9","17"
"Nimgr3","8","9","17"
"NIMOneverDIES","8","9","17"
"Nimziquitous","10","7","17"
"ninoslava48","8","9","17"
"nisako","9","8","17"
"Nitin096","9","8","17"
"niyasaliss","9","8","17"
"Nizam09","8","9","17"
"Nkataboy","8","9","17"
"Noble76","8","9","17"
"Noblesse_Raizel","9","8","17"
"nodnarb125","9","8","17"
"NoDoctor","9","8","17"
"nogalitos49","9","8","17"
"nohavond","9","8","17"
"NoirAbruzze","8","9","17"
"Noncomp","8","9","17"
"NormalRandomGuy","8","9","17"
"NorxondorGorgonax","7","10","17"
"NoskovAlexandr","9","8","17"
"nour1212","9","8","17"
"NovaSun","9","8","17"
"Npdharma","9","8","17"
"npuBem_om_Mopo3ku","8","9","17"
"NRKK2023","10","7","17"
"Nukichka","10","7","17"
"null_tex","9","8","17"
"numbawan","8","9","17"
"NumericalRange","8","9","17"
"nung","8","9","17"
"Nurlan449","8","9","17"
"NUTO_MAX","10","7","17"
"O_mate","9","8","17"
"oandlig99","8","9","17"
"obeyingrule2","8","9","17"
"ochu2001","9","8","17"
"Octagram","9","8","17"
"ODIDIMODE","9","8","17"
"ODINNAZ","8","9","17"
"oifhauofhPOFHF229","7","10","17"
"okl-dostaje-baty","8","9","17"
"Oky_Kupang","8","9","17"
"Olaf61","9","8","17"
"Oleg_from_Russia","9","8","17"
"Oleg-Sm1rnov-08","8","9","17"
"OlegSt777","8","9","17"
"olehsh","8","9","17"
"Oleksik0","7","10","17"
"oleskiw","8","9","17"
"Olimjon77","9","8","17"
"olioli10","9","8","17"
"olubiz","8","9","17"
"OmarB01","8","9","17"
"omarx24","8","9","17"
"OmkarCapstone","8","9","17"
"Omniloss","7","10","17"
"OneSwipeDinero","7","10","17"
"Ops01","10","7","17"
"optimusprime23","9","8","17"
"oriko123","8","9","17"
"orsonhart","9","8","17"
"orxanhsynl12","8","9","17"
"osamabaha","9","8","17"
"OscarCarlsen","9","8","17"
"Oscarderhund","8","9","17"
"oscarfrodo","9","8","17"
"Osen2017","8","9","17"
"Osenn1u_List","8","9","17"
"Osho143","10","7","17"
"Oskarry","9","8","17"
"Osman24","9","8","17"
"OssoRD","10","7","17"
"Otanazargross","9","8","17"
"otrebor_solrac123","8","9","17"
"OttoInfieldHarm","8","9","17"
"OTYCH","7","10","17"
"OUDZEER","9","8","17"
"Ouztarhan","8","9","17"
"Overstug","8","9","17"
"owl2009","9","8","17"
"pabfernandes","8","9","17"
"pacoCHESS380","9","8","17"
"Paddy6991341","9","8","17"
"Pahlof","8","9","17"
"pajaromaldito","7","10","17"
"pamirtik","7","10","17"
"PanicButton","9","8","17"
"papins","9","8","17"
"Parinov1956","9","8","17"
"Pashkere","9","8","17"
"Passport_1","8","9","17"
"Patzer1947","9","8","17"
"paul_dempster","9","8","17"
"paul_h1rs","9","8","17"
"PauloSergioPM","8","9","17"
"Paupidk","7","10","17"
"pavel_k73","9","8","17"
"Pavel_Kuznetsov","7","10","17"
"PavelFromPerm","8","9","17"
"Pavelsvaz","9","8","17"
"pavelztarsu","9","8","17"
"pawelotwinowski","8","9","17"
"pawncrisis","8","9","17"
"PawnHarsh","9","8","17"
"pawZilla","10","7","17"
"Payam-maleki","9","8","17"
"pbuch","8","9","17"
"PC_Chess_Master","8","9","17"
"pdmitt94","9","8","17"
"pdxLife","8","9","17"
"Pearman","8","9","17"
"pegasus2011","8","9","17"
"peja1965","8","9","17"
"Penelope97","8","9","17"
"Penkuzduy","9","8","17"
"peonpeligro","9","8","17"
"Pepitors","9","8","17"
"Pepper2008","9","8","17"
"PERCAYA_YPD","8","9","17"
"pesk","8","9","17"
"pete369","9","8","17"
"peteronwarfare","8","9","17"
"PeterTombleson","9","8","17"
"petrovito","8","9","17"
"Pezkovi1","8","9","17"
"phasmato","9","8","17"
"Philani_njomza","8","9","17"
"philipcares","7","10","17"
"philochs1994","9","8","17"
"phlippy","8","9","17"
"PICOMELERO","8","9","17"
"pihepotty","8","9","17"
"pilotkostyan","8","9","17"
"pintajo","9","8","17"
"piotreklegalni","9","8","17"
"piotrus_11","7","10","17"
"piotrx1","8","9","17"
"pirannavan","8","9","17"
"Pircanha","8","9","17"
"Piyos_Jeday","7","10","17"
"pizzabox99","9","8","17"
"pj5","9","8","17"
"Playfaster92","10","7","17"
"playwithmorphy","8","9","17"
"Plazmat","8","9","17"
"plinx1963","9","8","17"
"plocharski13","8","9","17"
"ploytos","9","8","17"
"Pmad1995","10","7","17"
"PMamparo","9","8","17"
"PNofficial","9","8","17"
"pococreativo97","10","7","17"
"Poison8d","9","8","17"
"PokercitooB","8","9","17"
"polidis","8","9","17"
"Polkovnik1963","8","9","17"
"Pomorska","8","9","17"
"potattotomatto","9","8","17"
"potkrovlje","8","9","17"
"Poupoupidou07","9","8","17"
"Pragati_8","9","8","17"
"Prathamesh88","9","8","17"
"premolar2","7","10","17"
"prep5","9","8","17"
"Prepodobniy1337","8","9","17"
"prez11","9","8","17"
"PrinceB18","7","10","17"
"prk3n","9","8","17"
"probabaonurco","9","8","17"
"ProfTalha","8","9","17"
"Pronebonejones","8","9","17"
"Proselitechess","8","9","17"
"Prospirooo","8","9","17"
"Protopunk","8","9","17"
"prshntprw","9","8","17"
"pseudo-boots","8","9","17"
"pslinus","8","9","17"
"Puipuia7","9","8","17"
"puneet_kr919","9","8","17"
"pure-joaq","7","10","17"
"puzzle-prime","8","9","17"
"puzzlemaestro69","8","9","17"
"qaz102","9","8","17"
"qewear","10","7","17"
"qgd35","10","7","17"
"qimnastikaww","9","8","17"
"Qqqwwseqq","9","8","17"
"Quejugadorpapa","10","7","17"
"Querflote1","9","8","17"
"quick_loss","8","9","17"
"R00kst3r","9","8","17"
"r0tten","10","7","17"
"r1d0ne","10","7","17"
"R292","11","6","17"
"rachford","8","9","17"
"RafaelR","9","8","17"
"rahulge","10","7","17"
"rahulnain367","8","9","17"
"rai_akash12","9","8","17"
"Raiden23","10","7","17"
"rainierL","8","9","17"
"RAJ1A","8","9","17"
"Raj333version","8","9","17"
"rajiv78","7","10","17"
"Rajrr","9","8","17"
"rakean2014","9","8","17"
"rakesh0225","9","8","17"
"Rakub","9","8","17"
"ramahapula","8","9","17"
"ramesh1989","8","9","17"
"ramil_hus","9","8","17"
"RaminAhmad","8","9","17"
"ramitoya","9","8","17"
"Ramouis","10","7","17"
"randPlayer","9","8","17"
"RapidFM","8","9","17"
"Rasooli92","7","10","17"
"Rasputinus","9","8","17"
"Ratssor","9","8","17"
"RaulGracia","9","8","17"
"raullls","8","9","17"
"raviom","9","8","17"
"Ray2293","8","9","17"
"Raybel512","8","9","17"
"RayGButler","7","10","17"
"RB88","9","8","17"
"rcs15","9","8","17"
"reagonkumar","8","9","17"
"REALCHESS_SCHOOL","7","10","17"
"Red_Mashine","9","8","17"
"RedEgnival","9","8","17"
"redi1","9","8","17"
"RedRob","10","7","17"
"RedRush","9","8","17"
"redzic","7","10","17"
"reformado69","8","9","17"
"ReiCassieri","9","8","17"
"Reilingen1","10","7","17"
"Renounce_Capitalism","8","9","17"
"repper","8","9","17"
"reruloin20","13","4","17"
"reti123","9","8","17"
"rezafar","10","7","17"
"rezathereza7","9","8","17"
"rgonzalezcar_IFDP","9","8","17"
"Riachao123","8","9","17"
"Rialive","9","8","17"
"Ricksikka123","9","8","17"
"Ridchess","8","9","17"
"Riddhi2007","8","9","17"
"Rig_joker","9","8","17"
"rikifus","8","9","17"
"rinborIT","8","9","17"
"Rishikesh09","9","8","17"
"rishu456Chess","9","8","17"
"ritchermsx","9","8","17"
"Rjkingdeep","8","9","17"
"rkchsshr","8","9","17"
"Rlenz","9","8","17"
"RML65_SS_1","8","9","17"
"rob5in","9","8","17"
"RobBartom","8","9","17"
"RobertRojas48","10","7","17"
"Roberttblack","8","9","17"
"robygf","7","10","17"
"Roch123","9","8","17"
"rockfish","9","8","17"
"RockSolidBlunder","8","9","17"
"Rocova","8","9","17"
"rode313","9","8","17"
"Rodrigobom","9","8","17"
"rogermelilla","9","8","17"
"Rogkimura","8","9","17"
"roguepegasus","10","7","17"
"RolandEic","8","9","17"
"Roman_Kos","6","11","17"
"RomaricPanda94","8","9","17"
"romnic87","9","8","17"
"RonDSunny","9","8","17"
"Ronidias","8","9","17"
"roniel1980","9","8","17"
"Rose0511","9","8","17"
"Routhchess","9","8","17"
"RROH","8","9","17"
"rrr001eefeg","9","8","17"
"rrrafa","9","8","17"
"rss3398","9","8","17"
"Rubik_v","9","8","17"
"RUDACOM","9","8","17"
"rudiprus","9","8","17"
"Rudolf-Sikorski","8","9","17"
"ruilop","8","9","17"
"Rulick","10","7","17"
"Rumyancev","7","10","17"
"Ruskup","8","9","17"
"RuslanT","9","8","17"
"Rust2000","8","9","17"
"rustamNSU","8","9","17"
"Ruznak","9","8","17"
"ryanc20109689","7","10","17"
"Ryba_Fish","9","8","17"
"Rybusacha","9","8","17"
"Ryszko","8","9","17"
"S_D_T_K_G","10","7","17"
"Saa55aad","9","8","17"
"Saak-Torosyan","8","9","17"
"Saba_kudri","9","8","17"
"Saberrr122333","8","9","17"
"sadeq0_0","9","8","17"
"Saeid_sh","8","9","17"
"safulya","9","8","17"
"SaganaRodrigo","8","9","17"
"sagitariio","9","8","17"
"saiprasad4572","8","9","17"
"sakgl","10","7","17"
"sakobey","8","9","17"
"salchipancho","8","9","17"
"salehsquared","8","9","17"
"salinov26","9","8","17"
"salud94ekin","8","9","17"
"sam-sparks","7","10","17"
"sameer73","10","7","17"
"sammie9797","8","9","17"
"sammiedev99","8","9","17"
"Samuel1498","10","7","17"
"Samuel41","9","8","17"
"Samuilych45","8","9","17"
"SamuskoOleg","8","9","17"
"sandeepkrishnamurthy","10","7","17"
"sandeepphy","7","10","17"
"Saner_1979","8","9","17"
"SanjaySP","9","8","17"
"Sanket2911","8","9","17"
"sanssovinno","10","7","17"
"Santaccc","8","9","17"
"santagostino","10","7","17"
"Santhisenan","7","10","17"
"santhrupth22","9","8","17"
"santkas","8","9","17"
"saodem74","9","8","17"
"sapooria","9","8","17"
"saraguato","9","8","17"
"sarangan","9","8","17"
"Sarionn","9","8","17"
"Sascha24","8","9","17"
"Satya4689","9","8","17"
"savka777","9","8","17"
"Sawunggaling79","8","9","17"
"sayyidanmuhamad","9","8","17"
"Sbrik","9","8","17"
"scaccomoro","9","8","17"
"Schachjamei","9","8","17"
"schachking87","8","9","17"
"SchafDesTodes","8","9","17"
"schaker5","8","9","17"
"schlendrianowitsch","8","9","17"
"schnoeggi","9","8","17"
"SchwingdasDing","9","8","17"
"sciyan15","8","9","17"
"Scmek","10","7","17"
"scoreggione91","9","8","17"
"SeanWarner","9","8","17"
"sebadrez","9","8","17"
"sebakuz","9","8","17"
"sebastianocampo","9","8","17"
"Segma01","9","8","17"
"selex1978","9","8","17"
"Semchansky","8","9","17"
"sen04sen","9","8","17"
"Sengrak","8","9","17"
"Senko-Sama","8","9","17"
"Senseschach","8","9","17"
"Seppel272","9","8","17"
"serban001","7","10","17"
"Sergei33xD","8","9","17"
"SergeyMK","8","9","17"
"Sergio10s","8","9","17"
"SergioDest","8","9","17"
"SergioSoh","8","9","17"
"Serious-chess-player","9","8","17"
"serjbudee","9","8","17"
"seyeseun","9","8","17"
"Sezgin79","9","8","17"
"shaffiadam","8","9","17"
"ShaGzs","8","9","17"
"shahleezay","9","8","17"
"shahspeshka","9","8","17"
"Shaik_12345","9","8","17"
"shailesh8882","9","8","17"
"shaka69","9","8","17"
"shaked997","9","8","17"
"ShameOfNation","7","10","17"
"Shatranj-Khiladi","8","9","17"
"shaunak2552","9","8","17"
"Shayanshazz12","9","8","17"
"ShayneLoa","9","8","17"
"shefei","8","9","17"
"shermanatrix","10","7","17"
"shijilnanu","8","9","17"
"shinidjose","8","9","17"
"ShivaSubba","9","8","17"
"shlaq","8","9","17"
"Shogun_tv","8","9","17"
"shonc","8","9","17"
"Shongi","8","9","17"
"Shreyas19","8","9","17"
"Shubharth","8","9","17"
"Shunia_dnepr","9","8","17"
"shyfieri","8","9","17"
"sicariusnoctis","9","8","17"
"sid41x41","8","9","17"
"Siegsag","9","8","17"
"SiggiHD","9","8","17"
"siiree","10","7","17"
"Silverback91","9","8","17"
"SilverSurfer4","9","8","17"
"Simba2013","9","8","17"
"sinadn20","9","8","17"
"sinitsyn","8","9","17"
"sinsad","8","9","17"
"SINTezZz_94","9","8","17"
"Sipo","8","9","17"
"sippalc","8","9","17"
"sishef","8","9","17"
"Sjakksrud","8","9","17"
"sk8eracel","8","9","17"
"Skandi00","9","8","17"
"Skarveed","9","8","17"
"Skjellanger","10","7","17"
"Skopje1903","8","9","17"
"skuraew","9","8","17"
"Skvo11","8","9","17"
"skvrny","8","9","17"
"slaiko77","10","7","17"
"SlamSandwich","8","9","17"
"smacznie","8","9","17"
"SmartChessPlayer123","8","9","17"
"smartut","9","8","17"
"smithco7","9","8","17"
"smlnrg","8","9","17"
"smooth-operation","9","8","17"
"snaju","8","9","17"
"snihata","9","8","17"
"sniper30","9","8","17"
"sociologists","9","8","17"
"sockdolager47","10","7","17"
"soksae","9","8","17"
"solomon33","8","9","17"
"solvation","8","9","17"
"Soman92","9","8","17"
"someIndian96","10","7","17"
"somepatzar1","9","8","17"
"somethingbetter","9","8","17"
"SometimesGoodPlayer","9","8","17"
"SOMNATHMUKHERJEE_16","8","9","17"
"SON_SAMURAY","9","8","17"
"SoniaBabes","10","7","17"
"sonyb1","9","8","17"
"SooPano","9","8","17"
"sosisteyze","8","9","17"
"sosoozoza","8","9","17"
"soswi","9","8","17"
"soumen1","8","9","17"
"sourishsikdar","8","9","17"
"souvlakia","9","8","17"
"soygakc","8","9","17"
"spanis","8","9","17"
"SparklyPunch","9","8","17"
"Sparrowtoyourjack","9","8","17"
"SPARTACUS-DECIUS","8","9","17"
"speaker215","7","10","17"
"SpeedDemon9","9","8","17"
"spellhower","9","8","17"
"SpencoFung","8","9","17"
"spenihil","8","9","17"
"Speriamo930","8","9","17"
"Spertello","9","8","17"
"Sperto","8","9","17"
"speter3","8","9","17"
"Spiderman_007","8","9","17"
"splinee","8","9","17"
"Srabalabanienie","9","8","17"
"SridharRavindar","9","8","17"
"Srini900","8","9","17"
"sshlapakovvlad","8","9","17"
"st_78_ranger","8","9","17"
"ST-AN-AR","8","9","17"
"St-Rendroy","8","9","17"
"ST78","8","9","17"
"Stalemateraja","8","9","17"
"Stan_s","9","8","17"
"Stan75","9","8","17"
"stanco14","9","8","17"
"stanoramo","8","9","17"
"Startanos7","10","7","17"
"Stathes","9","8","17"
"stavros65","9","8","17"
"staxolee","9","8","17"
"Stefanich","8","9","17"
"stefanodegiorgi","9","8","17"
"Steff1975","8","9","17"
"Stev0n","8","9","17"
"SteveBevan","9","8","17"
"Stevensarah","8","9","17"
"stgrfgf","8","9","17"
"Stino1","9","8","17"
"stockphotofish","8","9","17"
"Stoeckili","8","9","17"
"StoneImperial","8","9","17"
"strai1","9","8","17"
"Strengthensmental555","9","8","17"
"strongcapybara","8","9","17"
"struktured","8","9","17"
"stuffedneutron","10","7","17"
"Stupaki","9","8","17"
"stupendously","9","8","17"
"sturkmen","8","9","17"
"SturmfriedHaudrauf","9","8","17"
"styopikss","8","9","17"
"Subcero00","8","9","17"
"SudatiSuSideswipes","8","9","17"
"Sukhvinder789","9","8","17"
"sukrukabil","9","8","17"
"Summer-Son","10","7","17"
"Sunny2g","8","9","17"
"sunnyy3579","8","9","17"
"sunshineo","7","10","17"
"SunWillCome","10","7","17"
"Super_chess-21","9","8","17"
"Superbiam","7","10","17"
"SuperF1000","10","7","17"
"SuperM9876","8","9","17"
"supianoor21","8","9","17"
"suprisel","10","7","17"
"surajfase","9","8","17"
"surferdim","7","10","17"
"Suvanwita_2013","7","10","17"
"Suvatha","10","7","17"
"svenmoose2000","9","8","17"
"svetata_mishka","7","10","17"
"swelars","8","9","17"
"swindon373","9","8","17"
"sy0_0ny","7","10","17"
"sysadm","8","9","17"
"systemofamach","9","8","17"
"sywak","10","7","17"
"Syzdykov_Sabir","9","8","17"
"szczyk","8","9","17"
"TA9I","9","8","17"
"tabunben","8","9","17"
"tahasaid","10","7","17"
"tahir8686","8","9","17"
"tahlich","8","9","17"
"taiheb106","9","8","17"
"Taka_Man","8","9","17"
"Takimitusha","9","8","17"
"Tal_dilettante","8","9","17"
"Talvanes","9","8","17"
"tamilchess004","9","8","17"
"tanaz-alimardani","9","8","17"
"TAOSushant","9","8","17"
"tapcblade777","8","9","17"
"Tapiwa360","8","9","17"
"taradavinci","9","8","17"
"Tarcisius","9","8","17"
"tareksh","8","9","17"
"tarheel1","8","9","17"
"tarikb10","8","9","17"
"tazdoto","9","8","17"
"TECAK18","8","9","17"
"Tech2718","8","9","17"
"Teddy9476","8","9","17"
"teeder17","8","9","17"
"tekkenHR","8","9","17"
"Tellevimsen","10","7","17"
"temmzi","9","8","17"
"tempogigant","8","9","17"
"TeodorDamian","8","9","17"
"tepartov","9","8","17"
"terne00","8","9","17"
"TeymourKhaan","8","9","17"
"tgimpf","10","7","17"
"Th3rdattempt","9","8","17"
"ThaiNguyen","9","8","17"
"Tharusha_2009","8","9","17"
"Thatsnotnice","7","10","17"
"The_Red_Sheep","8","9","17"
"the_rezz","9","8","17"
"tHe_sEcReT_wEaPoNs","7","10","17"
"The_Yaman_94","11","6","17"
"The-Pianist","8","9","17"
"TheAbSystem","8","9","17"
"theBlastardSon19","8","9","17"
"thecao","9","8","17"
"thechesspawn2000","8","9","17"
"theenc","8","9","17"
"thegoldennut","9","8","17"
"THElCROW","9","8","17"
"THELUNATICWARRIOR_5","9","8","17"
"TheranosIsLegit","8","9","17"
"TheRookMaster","8","9","17"
"TheSAQueen","8","9","17"
"Thiza","7","10","17"
"Thomas-E","8","9","17"
"ThomasBernhard","8","9","17"
"ThomasLyster","9","8","17"
"ThommyDarko","8","9","17"
"Tiagoe49","9","8","17"
"tiger242","8","9","17"
"Timgo97","7","10","17"
"timo42","9","8","17"
"timochka_cutie","9","8","17"
"Timotmanda","8","9","17"
"Timotz","8","9","17"
"timsa9","9","8","17"
"Tiochessmaster7","9","8","17"
"titinio13","9","8","17"
"TiWi1000","8","9","17"
"tjstump","9","8","17"
"TLannigan","9","8","17"
"TMak_77","9","8","17"
"Tmplario85","9","8","17"
"todtward","8","9","17"
"Toeddy","9","8","17"
"Tolik321","10","7","17"
"tomfroehle","9","8","17"
"tommygiu","8","9","17"
"tommytactic","10","7","17"
"tomojeff","9","8","17"
"tomuzik","8","9","17"
"Tomzilla18","9","8","17"
"TondanoNiboss","9","8","17"
"Toothdoc","8","9","17"
"topestrellante1","8","9","17"
"Torjaeger10","9","8","17"
"TORQAN","9","8","17"
"Tortic","9","8","17"
"TosattoSaurusRex","9","8","17"
"ToucanPlayAtThisGame","8","9","17"
"Toulan","9","8","17"
"tournesol1982","9","8","17"
"Toyosi","9","8","17"
"tphyn","9","8","17"
"Trauma","8","9","17"
"Travistyyy","9","8","17"
"Tres1","9","8","17"
"trevorgatewood","9","8","17"
"trevorisgoodbad","8","9","17"
"trevosucks","8","9","17"
"trimot","9","8","17"
"Trinity08","9","8","17"
"Trippa","9","8","17"
"TristoneChess","8","9","17"
"trivia-L","9","8","17"
"TRLTRE55","9","8","17"
"Troedeldoedel","9","8","17"
"Tschlen83","8","9","17"
"TshenoloMaleke","9","8","17"
"tskyhard1","9","8","17"
"tsopgniduhamel","7","10","17"
"Tuluhan","9","8","17"
"TurkishChessMaster","8","9","17"
"tv","9","8","17"
"TyphoonRex","9","8","17"
"UDK_me","9","8","17"
"udupadhyay","10","7","17"
"UFOCLUB","8","9","17"
"Ufuk2","9","8","17"
"UKIO777","8","9","17"
"Ulimattor","8","9","17"
"uliseslf99","9","8","17"
"ultraleicht","9","8","17"
"umutkanbay","9","8","17"
"Uncertain_2","10","7","17"
"Underfill","9","8","17"
"unfeigned17","9","8","17"
"Unique-Nickname","9","8","17"
"unrat3d","8","9","17"
"upower89","9","8","17"
"UrjitParab","7","10","17"
"Urzatron212","8","9","17"
"Uschiotze","8","9","17"
"usefor","9","8","17"
"user_2306","8","9","17"
"UTCANI3600","8","9","17"
"v1234","9","8","17"
"V1per_6","10","7","17"
"VahagnKhalafyan","8","9","17"
"vahapibrahim","9","8","17"
"vaibhavgarg","10","7","17"
"Vakha_1962","9","8","17"
"vakili57","9","8","17"
"ValeBigBruh","8","9","17"
"valterslcs","8","9","17"
"ValterVolt","9","8","17"
"Vanbo7","8","9","17"
"vanianl","8","9","17"
"VanRyan","8","9","17"
"varshil006","8","9","17"
"vassos","9","8","17"
"Vatreni_Hodac","9","8","17"
"vaxxx84","9","8","17"
"Vazelinchik","9","8","17"
"vb22","9","8","17"
"vblock","9","8","17"
"VDT_GDKDG7","8","9","17"
"vermifugo","8","9","17"
"vertex4","8","9","17"
"VeryNice89","8","9","17"
"vgchary","8","9","17"
"vicidous","9","8","17"
"vik12345vs","8","9","17"
"VikingChessClub","8","9","17"
"vilmos","9","8","17"
"vimarsh06","8","9","17"
"vimbai01","7","10","17"
"VinCollo","10","7","17"
"vinegreat","9","8","17"
"vinilepin","9","8","17"
"virat006p","8","9","17"
"Virtualnost","8","9","17"
"Vishal98k","9","8","17"
"Vishesh_01","8","9","17"
"vishnuvinod_13","9","8","17"
"vitaliyCh","9","8","17"
"VitaminNs","10","7","17"
"vivekhegde","8","9","17"
"vkan72","7","10","17"
"Vladik2281337","9","8","17"
"vladimiralexeev20","8","9","17"
"VLADIMIRFETALCURIN","9","8","17"
"VladimirIpatov","9","8","17"
"VladimirSavitskij","10","7","17"
"vo60em1","8","9","17"
"VonDottingen87","8","9","17"
"Vosobati","8","9","17"
"VovaChuprakov","9","8","17"
"vsanyich","8","9","17"
"vuaxchliuvh","7","10","17"
"vukich","9","8","17"
"Vyacheslav123","8","9","17"
"W110","9","8","17"
"WACM76","9","8","17"
"waelalkattan","8","9","17"
"waldemarXXV","10","7","17"
"warmsake","8","9","17"
"warsaymer","8","9","17"
"Wasik93","9","8","17"
"Wave91","9","8","17"
"wchbuttonsshoot","9","8","17"
"WeijunB","9","8","17"
"WeikoHestermann","8","9","17"
"Werder264","8","9","17"
"wes123456","7","10","17"
"whatAdnan","8","9","17"
"WhiskyDrinker","9","8","17"
"wiciokrzew","8","9","17"
"widesheep","9","8","17"
"wilfred115","8","9","17"
"Wilson69","9","8","17"
"Windessand","9","8","17"
"Wise_Chip","9","8","17"
"Witch_Harry","9","8","17"
"Wiwiksela","8","9","17"
"Wladislau","8","9","17"
"Woland10","8","9","17"
"worker21","9","8","17"
"wowwa","8","9","17"
"wuwiky98","9","8","17"
"x_CrazyRook_x","9","8","17"
"x_KaupmeeS_x","9","8","17"
"x3xy","9","8","17"
"XaheerAli","7","10","17"
"xailon","9","8","17"
"Xavierb05","8","9","17"
"xbrv","9","8","17"
"xDeclareZ","8","9","17"
"xedice-mur","9","8","17"
"xellyfish","7","10","17"
"XLucasCarvalhoX","10","7","17"
"XO378","8","9","17"
"XonkiZ","9","8","17"
"Xorim","9","8","17"
"Xpinker","9","8","17"
"xxgermanoxx","8","9","17"
"XxJesus_SockxX","9","8","17"
"yago666","9","8","17"
"YahiaFY","8","9","17"
"yahya2024","7","10","17"
"Yajoura","9","8","17"
"Yakimkin_Igor","9","8","17"
"Yakuperozkan","9","8","17"
"yanbekov14","8","9","17"
"yarullina_kamila","8","9","17"
"yasiniesta","8","9","17"
"Yasintok93","8","9","17"
"yaskoetemovic","8","9","17"
"Yectorect","9","8","17"
"Yeghiazaryan89","8","9","17"
"Yenilmekyok","8","9","17"
"YerkinS","8","9","17"
"yesbeeam12345","9","8","17"
"yetos","8","9","17"
"Yewturn","9","8","17"
"yildizhasan","10","7","17"
"Yohohoyohohoho","9","8","17"
"Yorvi7","7","10","17"
"yousefgaming77","10","7","17"
"ysfcmsnr","8","9","17"
"ystasino","8","9","17"
"Yttrium39","8","9","17"
"YuMuTwo","8","9","17"
"YungChessticles","9","8","17"
"yunis2o16","9","8","17"
"yunusvar","8","9","17"
"yusufaslan02","8","9","17"
"Yvoyalaruina","9","8","17"
"yzerman","8","9","17"
"Z11112","8","9","17"
"Zackeyo","9","8","17"
"Zaharikrumov","9","8","17"
"ZahraMF","9","8","17"
"zakish","9","8","17"
"zaq531","10","7","17"
"Zarfoid","9","8","17"
"ZarosLeonhart","10","7","17"
"zeki4040","8","9","17"
"zephyr89","7","10","17"
"ZephyriiS","9","8","17"
"zestsunil","9","8","17"
"Zeyad20Mohamed","9","8","17"
"ZhenShen3","8","9","17"
"Zhenya2022","9","8","17"
"Zhidang_Ching_Peng","9","8","17"
"ziomek6097","9","8","17"
"Zip2205","9","8","17"
"zirbto","8","9","17"
"Ziv_ose_Mat","9","8","17"
"zman950","8","9","17"
"ZouhairFZ","9","8","17"
"zruska","9","8","17"
"ZTalex","8","9","17"
"Zugzuoneg","10","7","17"
"zugzwang1988","9","8","17"
"zuppid","9","8","17"
"zxccersed","7","10","17"
"Zythe12","7","10","17"
"a-dumdum","8","8","16"
"A123132","8","8","16"
"a1ireza","7","9","16"
"a1weekto1900","9","7","16"
"a4g0k45ygi45g","8","8","16"
"a7mmo","8","8","16"
"A98Z","8","8","16"
"aaa15","7","9","16"
"AAA93","8","8","16"
"aabid004","9","7","16"
"aamayachica","8","8","16"
"aamx29","8","8","16"
"abatevella","8","8","16"
"Abderrahmanboudad","8","8","16"
"Abdmaleek","7","9","16"
"Abdo-x","8","8","16"
"Abdo1984","7","9","16"
"Abdo1992","9","7","16"
"Abdosallam","9","7","16"
"Abdul83","9","7","16"
"Abdullah_Dinke","8","8","16"
"Abekis","8","8","16"
"AbelmanHoffman","8","8","16"
"Abelsky","7","9","16"
"AbexLegends","9","7","16"
"ABHIJITKHANRA","9","7","16"
"abhishek_dubey003","8","8","16"
"Abhishekkodate","8","8","16"
"Abipop","8","8","16"
"abouemk","8","8","16"
"abraxiel8","7","9","16"
"Abusabra","8","8","16"
"AbuThalj","8","8","16"
"acar_56x","9","7","16"
"Ace124","8","8","16"
"acemi_Kral","8","8","16"
"achmabo","8","8","16"
"Achte","7","9","16"
"acke83158","8","8","16"
"acunator","7","9","16"
"AdeRonie","9","7","16"
"AdityaPrakashLOF","8","8","16"
"Adju","8","8","16"
"Adn1966","8","8","16"
"adonis28850","7","9","16"
"Adrian_Siregar_2006","7","9","16"
"AdrianMono","7","9","16"
"AdrianPallares87","8","8","16"
"AdrianVaira","8","8","16"
"AdrienV17","9","7","16"
"Adsno","7","9","16"
"aeje","8","8","16"
"aFancyPirate3","7","9","16"
"agadkhalid","9","7","16"
"agahdogan","9","7","16"
"Agnemilla","9","7","16"
"AGUILA_IMPERIO","7","9","16"
"agustinescobar","9","7","16"
"Ahhamam","8","8","16"
"Ahmadsilaban","8","8","16"
"Ahmed_Alhssawy2021","6","10","16"
"Ahmed_diaa2400","9","7","16"
"ahmedpsher6","9","7","16"
"ahmedtawfeek1","7","9","16"
"ahmetaydgn","7","9","16"
"ahmmedsayed","8","8","16"
"ahnadi0003","7","9","16"
"ahrispens","8","8","16"
"Aidar_T","8","8","16"
"AiKhuler","8","8","16"
"Aisw_d","8","8","16"
"Ajedrez_Fast","7","9","16"
"ajshay","9","7","16"
"ak96ankit","9","7","16"
"akashlalwani","8","8","16"
"akashlamba87","8","8","16"
"Akhi2695","9","7","16"
"akiba6464","9","7","16"
"akrsn","8","8","16"
"Akwann_eDiv","9","7","16"
"Al_1976","8","8","16"
"Al_Hakobyan2008","8","8","16"
"AL-2309","8","8","16"
"al3essa1","7","9","16"
"alabacakm","7","9","16"
"alan310","8","8","16"
"albino_pho","8","8","16"
"albolik","8","8","16"
"ALBORO2","8","8","16"
"Albrechtser28","8","8","16"
"Albuquerqueleandro","7","9","16"
"Aldo70","8","8","16"
"Aldouse","8","8","16"
"Alebe","8","8","16"
"AleksandarSrbija","6","10","16"
"Aleksandr2345","8","8","16"
"Aleksnov86","8","8","16"
"Aleksv558","8","8","16"
"Aletreng","9","7","16"
"Alex_CCO","9","7","16"
"Alex_Ivanov","8","8","16"
"Alex061192","9","7","16"
"Alex4345345","8","8","16"
"Alexander_101","7","9","16"
"Alexandra1992","8","8","16"
"ALEXANDREZANINI","8","8","16"
"Alexey1998","7","9","16"
"AlexeyKP1201","8","8","16"
"Alexsandr45","8","8","16"
"Alexxxkhine","8","8","16"
"alfa2222222","8","8","16"
"Alfiler46","8","8","16"
"alfilgogo","8","8","16"
"alfilius2","7","9","16"
"Alhander","7","9","16"
"Ali_Amin","7","9","16"
"ali_dodangeh","10","6","16"
"Ali-fish","9","7","16"
"aliaskarinejad","8","8","16"
"AlienIND","9","7","16"
"alifirat21","8","8","16"
"Alihafez","9","7","16"
"alihaveshki","8","8","16"
"Alik83000","8","8","16"
"aliman99666","8","8","16"
"allanbs","9","7","16"
"AllenV","7","9","16"
"Alltaj","8","8","16"
"almaisky","9","7","16"
"ALMARWANI","8","8","16"
"Alomar123","6","10","16"
"Alonesoldier111","6","10","16"
"alonm33","9","7","16"
"Alovisi","8","8","16"
"alperenry","9","7","16"
"alperenss","6","10","16"
"alpkaancel","9","7","16"
"alsohafy","8","8","16"
"aluisiofelix","8","8","16"
"Aman_Indian_Chess","8","8","16"
"aman_is_not_perfect","9","7","16"
"ameona","7","9","16"
"amhash","8","8","16"
"Aminul10","8","8","16"
"amir12akbari","7","9","16"
"AmirAidosDarkhanovic","8","8","16"
"amirtoussi","8","8","16"
"Amo_123","7","9","16"
"AmoghSS","8","8","16"
"Amos2021","8","8","16"
"Amy_nay","8","8","16"
"an_ivanov","8","8","16"
"an01bis","8","8","16"
"Anatol331","9","7","16"
"ancaman","8","8","16"
"Ancient_of_Days","9","7","16"
"Ancientsupremacy","9","7","16"
"AndAst","8","8","16"
"andre-mil-12","7","9","16"
"andrea95ct","8","8","16"
"AndreaNRS","9","7","16"
"AndreaPastore","8","8","16"
"andreasch36","8","8","16"
"Andreasdfghj","8","8","16"
"AndresPolo18","7","9","16"
"ANDREW-S","8","8","16"
"AndrewBronny","8","8","16"
"Andrey-1-razryd","8","8","16"
"AndreyStarkon","9","7","16"
"AndreyUrich","9","7","16"
"Andsu","8","8","16"
"AngDT","7","9","16"
"ani_nme","7","9","16"
"aniRudh722","10","6","16"
"Anishkrishna","8","8","16"
"anlsglam","8","8","16"
"anmid77","8","8","16"
"Anna75000","9","7","16"
"annitaconerman","8","8","16"
"anonymous65498","8","8","16"
"AnsTri_OP","9","7","16"
"antarayatish","9","7","16"
"Antheus","9","7","16"
"Antoniano","9","7","16"
"antonsgau","8","8","16"
"AnurAbdullin","9","7","16"
"aolson1","10","6","16"
"aozerinc","9","7","16"
"apoorvadipankar","8","8","16"
"apreston","7","9","16"
"APulut","7","9","16"
"Apusol","8","8","16"
"AQUATECH80","8","8","16"
"aram-jabra","8","8","16"
"ARCENIC","8","8","16"
"Arczur","7","9","16"
"ardaorhan","8","8","16"
"arf71","8","8","16"
"argj00","7","9","16"
"argosek","8","8","16"
"ArgyBoom","7","9","16"
"AriBR17","8","8","16"
"Arkadi000","9","7","16"
"Arkni","8","8","16"
"Arkon89","9","7","16"
"Arlekinowna","7","9","16"
"Arlintong","8","8","16"
"Armani-szp","7","9","16"
"armen-5","9","7","16"
"Arnau_Oms","8","8","16"
"arosenil","9","7","16"
"Arrevel","8","8","16"
"arrineh","8","8","16"
"Art-of-winning","7","9","16"
"Artem_Attack_Chess","8","8","16"
"Artem16092010","8","8","16"
"artemchumakov","8","8","16"
"ARTHUR-CHESS","8","8","16"
"Arthurred22","8","8","16"
"Artiym","9","7","16"
"Asga22","9","7","16"
"Asha19","9","7","16"
"AshenOne20","9","7","16"
"ashes-gambit","7","9","16"
"Ashik_7rh","8","8","16"
"Ashis38thakur","9","7","16"
"ashsdri","9","7","16"
"Askhat7773","7","9","16"
"Aslan84","8","8","16"
"Asm_21","7","9","16"
"AsmaeBk","8","8","16"
"asmsjs","7","9","16"
"assyl1988","8","8","16"
"AStep_00","8","8","16"
"astrof","7","9","16"
"astrointruso","8","8","16"
"Astronaut4","7","9","16"
"Asuka_Yuri","9","7","16"
"atalay000","8","8","16"
"atilla_06","7","9","16"
"Atilla88","7","9","16"
"Atillachess","8","8","16"
"atomicnatedog","8","8","16"
"AtsuyaFubike","8","8","16"
"aurkuchkaamnaihe","8","8","16"
"AverageBloonsEnjoyer","9","7","16"
"avidit_arya","9","7","16"
"Avikghosh","8","8","16"
"Aviv-B","8","8","16"
"avk_spb","8","8","16"
"axeletto","9","7","16"
"Axf7","9","7","16"
"AYB777","7","9","16"
"aykutyucelgunel","8","8","16"
"ayoubichou","8","8","16"
"aysuakdemir","7","9","16"
"ayz81","8","8","16"
"azazkari1","9","7","16"
"AzerbaijanElchin","8","8","16"
"Azerishahmat","7","9","16"
"Azertqso","8","8","16"
"Aziat84","8","8","16"
"Azizkaya","8","8","16"
"b0nerforest","9","7","16"
"babalubah","9","7","16"
"Babarro","9","7","16"
"Babnik","7","9","16"
"baburercan","8","8","16"
"babylonian","9","7","16"
"BabySealForYouToClub","9","7","16"
"Bac_0ne","7","9","16"
"Badplayer1801","8","8","16"
"Baginda_77","9","7","16"
"Baklavaci4590","8","8","16"
"BAKZILLA","7","9","16"
"balbasbow","8","8","16"
"BaluBossBear","7","9","16"
"bambik1","8","8","16"
"bamolar","8","8","16"
"bandit217","8","8","16"
"Banz0","7","9","16"
"bapi12345678","7","9","16"
"Bar68","8","8","16"
"Baran55","8","8","16"
"BarbatosRSPR","8","8","16"
"bardan","7","9","16"
"barhnety","7","9","16"
"BarisSannan","8","8","16"
"baronoam","8","8","16"
"barrioni","8","8","16"
"Barrochio","8","8","16"
"Barutcu61","9","7","16"
"bb_16","9","7","16"
"Bballbuck","8","8","16"
"bbkchess","9","7","16"
"bclnaseb","8","8","16"
"bdw1984","8","8","16"
"Bear51lfc","9","7","16"
"BEAST299","9","7","16"
"Beatorexac","8","8","16"
"BEBASS","8","8","16"
"BeeDeeA","6","10","16"
"BEKCOX777","9","7","16"
"beksultvn","8","8","16"
"Belarra","8","8","16"
"Belezky","7","9","16"
"bellerophone","9","7","16"
"Belley2000","8","8","16"
"BelykhA","7","9","16"
"Benji1994","8","8","16"
"benjialextie","8","8","16"
"BenLiege","8","8","16"
"benoni93","8","8","16"
"Benzoquinone","9","7","16"
"bernaguaro","8","8","16"
"berthagductes","8","8","16"
"Besher_17","9","7","16"
"BesPolezny","7","9","16"
"Bezshansov","9","7","16"
"Bhasker25","8","8","16"
"bhavikkotak","9","7","16"
"bhavinchess","9","7","16"
"Bic-Bozji","8","8","16"
"BigChinggis69","8","8","16"
"bigdirewolf","7","9","16"
"BilDexter","8","8","16"
"BillCamp","8","8","16"
"Billythebunter","9","7","16"
"binhnt7","8","8","16"
"binsaneed","8","8","16"
"bioagent","9","7","16"
"bjedughh","9","7","16"
"bkklover","8","8","16"
"bkpandey","7","9","16"
"BlackBug","8","8","16"
"Blackdge","8","8","16"
"blackjk72","9","7","16"
"blackknightpawn","8","8","16"
"blackmagnus123","7","9","16"
"blackmoon187","7","9","16"
"blackreaperprime","7","9","16"
"Blackzombie28","8","8","16"
"BlaxDerTyrann","9","7","16"
"Blesso1991","8","8","16"
"blitzer23","9","7","16"
"blndfld_mrkls","9","7","16"
"bloksisss","7","9","16"
"blue_philia","6","10","16"
"BluePanda3","8","8","16"
"Blunder63","7","9","16"
"Blunderbuss31","8","8","16"
"Blunderment","8","8","16"
"BNCCP","9","7","16"
"Bob_Pop","9","7","16"
"BobanPecic","7","9","16"
"bobbylittlehelper","8","8","16"
"BodnusCarlsen","9","7","16"
"bogaca","8","8","16"
"Boity","8","8","16"
"bokeness","8","8","16"
"Boksor0606","7","9","16"
"boltrog","9","7","16"
"bombinov","7","9","16"
"bonzaist","7","9","16"
"Boredom23","7","9","16"
"borozdaaa","8","8","16"
"borzoobastami","8","8","16"
"Bourlef","9","7","16"
"boykin_spaniel","7","9","16"
"boyster3000","8","8","16"
"brainjustin","8","8","16"
"Brainpower3D","8","8","16"
"brancitre","8","8","16"
"Brassmonkey30","8","8","16"
"brax100","8","8","16"
"Brazilchess1","8","8","16"
"Brazy_zeus","9","7","16"
"breakingEG0s","8","8","16"
"brekkekeks","8","8","16"
"brestarinio","7","9","16"
"Briselune","8","8","16"
"BrunoRaider","8","8","16"
"bryce3","9","7","16"
"bsalman","8","8","16"
"bthrvrwhr","8","8","16"
"Btomic","8","8","16"
"BudaTadika","12","4","16"
"Buggsbunnny","8","8","16"
"Bugrhak_Z","8","8","16"
"BULLDOZER_VX","9","7","16"
"bulletbattle99","8","8","16"
"bulutmus","7","9","16"
"bunela67","7","9","16"
"burakgunoral10","10","6","16"
"burkow79","8","8","16"
"BurningPooper","8","8","16"
"buzzti84","8","8","16"
"bvulle","9","7","16"
"bx3jaden_c","9","7","16"
"ByJIbgo3ep","8","8","16"
"c32echess","9","7","16"
"caccavallo","8","8","16"
"CaHb11","9","7","16"
"cahtse","8","8","16"
"Caleb_001","6","10","16"
"CalgaryCardboard","9","7","16"
"Camlann","9","7","16"
"can0034","8","8","16"
"candelabro23","7","9","16"
"CANKIYAK","8","8","16"
"CANRAY","9","7","16"
"Cap_Harlock","6","10","16"
"capablancaRealNoFake","9","7","16"
"capojok","8","8","16"
"Captain-Herve","9","7","16"
"CaptainCoool","9","7","16"
"CARLA8787","9","7","16"
"Carlos_Bringas","8","8","16"
"carpetservice","7","9","16"
"CaRToShKaPotato","8","8","16"
"Casparinhasen","7","9","16"
"Casper1337","10","6","16"
"cAstAlAbombA","8","8","16"
"CATCHESS11","8","8","16"
"catgiu83","9","7","16"
"cathydra","8","8","16"
"Cazsiel","8","8","16"
"CCCP265","7","9","16"
"CCU_CHESS7","8","8","16"
"CCXhris","9","7","16"
"cennost161","7","9","16"
"Centellla0503","7","9","16"
"Cepu60","8","8","16"
"ch_ris2023","8","8","16"
"ChampionMV","8","8","16"
"chandlerchandler","8","8","16"
"charlyaba","8","8","16"
"checkmate3141","9","7","16"
"CheckMateCPTU","8","8","16"
"Cheddar_Chess_Good","8","8","16"
"cheerfulchipmunk","8","8","16"
"Chelyabinskiy_Noob","8","8","16"
"CHESS_CHAMPION2023","8","8","16"
"Chess_is_nice64","8","8","16"
"chess_mate_10","8","8","16"
"Chess-Gun","8","8","16"
"chess1808808","8","8","16"
"ChessassassinHd","8","8","16"
"Chessbru514","8","8","16"
"ChessCenterYKT","7","9","16"
"chesschefchaouen2015","8","8","16"
"chessclown888","9","7","16"
"chesscycle","8","8","16"
"chessflash88","9","7","16"
"Chessgh0st","8","8","16"
"chessguyniner","8","8","16"
"chessimani53","8","8","16"
"chessmajster123","7","9","16"
"ChessMasster04","8","8","16"
"chessmmmm","9","7","16"
"Chessnator","7","9","16"
"Chesspatzer123","7","9","16"
"chessT0STER0NE","7","9","16"
"Chessterphil2021","9","7","16"
"chessugur","8","8","16"
"Chesswaldi","7","9","16"
"chesswatermelon","8","8","16"
"Chetanrusty","9","7","16"
"Chetouane-1966","10","6","16"
"chezzmarcos","7","9","16"
"Chidanandachess","7","9","16"
"Chidarura","8","8","16"
"chilliams","9","7","16"
"ChipiVera","9","7","16"
"Chipodejunin","8","8","16"
"Chippp","9","7","16"
"Chireso","8","8","16"
"chorec","9","7","16"
"choubistrot","8","8","16"
"Chouchittou","8","8","16"
"choukri2022","8","8","16"
"Chpoki","7","9","16"
"ChrissKing1975","9","7","16"
"christiansugani22","7","9","16"
"chum-d","8","8","16"
"Chybaka123","8","8","16"
"Circassian17","8","8","16"
"CivilYorges4","8","8","16"
"cjones589","8","8","16"
"CKcharmant","9","7","16"
"CleanStamp","8","8","16"
"cleonaara","8","8","16"
"cleopatra02","8","8","16"
"ClownPrince","8","8","16"
"cmbchess10","8","8","16"
"cmiranda","8","8","16"
"cnss4","11","5","16"
"Coatil","8","8","16"
"coeyg","8","8","16"
"Colbyy18","8","8","16"
"collax","8","8","16"
"Conkere","9","7","16"
"connor755","6","10","16"
"Conrado19","7","9","16"
"Consulter","8","8","16"
"cooldude555","9","7","16"
"coolhead","8","8","16"
"Cooper41","9","7","16"
"copiouscreams","9","7","16"
"corjujo","8","8","16"
"CorleoneCorleone10","8","8","16"
"Corte03","9","7","16"
"cosicosi","8","8","16"
"crap1","9","7","16"
"CRAZYBALLS","9","7","16"
"CristianoSilva","8","8","16"
"crolock07","8","8","16"
"csminb","9","7","16"
"csv007in","8","8","16"
"Ct_pogi","9","7","16"
"Cthulhu_awakes","8","8","16"
"ctrlaltdelf4","8","8","16"
"cueneyt","8","8","16"
"CWatts","8","8","16"
"cyanalex11","8","8","16"
"Cyclase","9","7","16"
"d_koroleva","8","8","16"
"D_VECTOR","9","7","16"
"d347h71n4t10n","8","8","16"
"D85thJean13","8","8","16"
"da_007","10","6","16"
"da1kee","9","7","16"
"DaevMithran","8","8","16"
"Dagoretti","9","7","16"
"dahmax","9","7","16"
"Dalpat","9","7","16"
"Dam_arly","8","8","16"
"Damion_ni","8","8","16"
"DamocLe12","7","9","16"
"Dancers_Rope","6","10","16"
"Daneryjavier","9","7","16"
"DANI21","8","8","16"
"daniac23","8","8","16"
"DanielB99","9","7","16"
"DanieleLeo00","8","8","16"
"danielrcooper","7","9","16"
"DanielSmolensky","7","9","16"
"Daniil_Evgenievich","8","8","16"
"DaniilDetkov","7","9","16"
"Danilka28","9","7","16"
"Danya_Russia","8","8","16"
"Dar_Weter","8","8","16"
"Dardeer","8","8","16"
"DarkNoveL","8","8","16"
"Darlton","8","8","16"
"darma7","8","8","16"
"Dart_Groznyi","8","8","16"
"Dass2","10","6","16"
"Davide21","9","7","16"
"Davidjgraham","7","9","16"
"dawtonlms","8","8","16"
"DazBoot","8","8","16"
"dbas076","8","8","16"
"dbrrm2000","8","8","16"
"DBRxCode","9","7","16"
"Dc7-c5","7","9","16"
"dcons28","9","7","16"
"Ddemirhaan","7","9","16"
"DDMSpain80","7","9","16"
"DEadpoOlShIkAmarU","9","7","16"
"deanrabin11","8","8","16"
"debendk2","7","9","16"
"debezoo90","10","6","16"
"deception_13","8","8","16"
"decvdb","8","8","16"
"dede86","6","10","16"
"DedMoroz7","9","7","16"
"deepaksajwan06","8","8","16"
"Deeperunderthesink","9","7","16"
"DeliAlparslann","9","7","16"
"delsoul","8","8","16"
"deltackro","8","8","16"
"DeMiguel","8","8","16"
"demirezenburak","8","8","16"
"DemisG","8","8","16"
"demneptune","8","8","16"
"deneill","7","9","16"
"DenisAI","7","9","16"
"DenisBrest","8","8","16"
"denizperhan","7","9","16"
"DenLee007","9","7","16"
"DeRenat","8","8","16"
"derpmango","8","8","16"
"desert2913","9","7","16"
"Desh262","7","9","16"
"despiadado_maleante","8","8","16"
"Detectie","8","8","16"
"Devadhathan007","7","9","16"
"Devajitkhanikar","7","9","16"
"Deval100","9","7","16"
"devrim247","8","8","16"
"Dewa_Kucrut","7","9","16"
"dgasa","5","11","16"
"DGJ","7","9","16"
"dhaker20","8","8","16"
"Dharmit29","9","7","16"
"Dhruvil1609","7","9","16"
"Diablo36","7","9","16"
"diamondkings","8","8","16"
"Diastell","9","7","16"
"dickins","9","7","16"
"diegod2017","7","9","16"
"diewilde13","7","9","16"
"Dilesh95","7","9","16"
"Dim_sx","9","7","16"
"dimak1987","9","7","16"
"Dimasik1708","9","7","16"
"DimitriBermuda","7","9","16"
"dimka8668","7","9","16"
"dimochka_tsoi","9","7","16"
"dimon03","8","8","16"
"dimoxix","8","8","16"
"DimSumChess","8","8","16"
"dingdongbell","9","7","16"
"diontch22","9","7","16"
"DionysiosGr","8","8","16"
"DishaJain123","7","9","16"
"disturbi0s","8","8","16"
"Dixitvivek123","8","8","16"
"DjinnKahn","8","8","16"
"djkot","8","8","16"
"djonnyfon","8","8","16"
"Dmitriy3011","8","8","16"
"Dmitrypr777","7","9","16"
"DMunthe","8","8","16"
"Dnoni","6","10","16"
"DoctorWH0","7","9","16"
"dohaianh8108","8","8","16"
"doktoralexx","9","7","16"
"dokuli","9","7","16"
"Dolmetcher","8","8","16"
"Dom619","8","8","16"
"DomagojBegic","7","9","16"
"Domin59","7","9","16"
"donaldfuchs","8","8","16"
"donfrank","7","9","16"
"Donmzee","7","9","16"
"donphilbo","7","9","16"
"donutcaper","11","5","16"
"Doogus","6","10","16"
"doren2004","9","7","16"
"Dorni90","8","8","16"
"doubleknightfather","8","8","16"
"doudou1980","8","8","16"
"dourios_ippos","8","8","16"
"Dp12x123","8","8","16"
"DPARKERMIT","9","7","16"
"dpg_25","8","8","16"
"dr_viper","7","9","16"
"Draculmare","8","8","16"
"Dradster","8","8","16"
"Dragoncool1991","8","8","16"
"DragonFruit37","9","7","16"
"DragonShiryu","9","7","16"
"draiden","8","8","16"
"DrDarkphoenix98","8","8","16"
"dreivierteltakt","8","8","16"
"drenchFefence","9","7","16"
"DRMAIMANE","8","8","16"
"drnefario666","8","8","16"
"Drop55","9","7","16"
"dropxy","9","7","16"
"Druizr","8","8","16"
"DrunkKnightX","9","7","16"
"drvalpop","7","9","16"
"dsf09","8","8","16"
"dsm444","8","8","16"
"dtp_niki","9","7","16"
"Dtrap2315","9","7","16"
"dub_medi","8","8","16"
"DudarIgor","8","8","16"
"Dude2023","9","7","16"
"DuelOh","8","8","16"
"duliomarcio","8","8","16"
"dumlucks","8","8","16"
"DunkelGotz","8","8","16"
"DupeR","9","7","16"
"durakovandrey","8","8","16"
"durganagar","9","7","16"
"Dushan2009","9","7","16"
"dustin633","7","9","16"
"Duszman","8","8","16"
"duvvuru1984","7","9","16"
"DW_Smith1001","8","8","16"
"Dydax95","8","8","16"
"dylant0","8","8","16"
"dyrdyr","8","8","16"
"EADGBE776","8","8","16"
"easahin","8","8","16"
"ebimzk","7","9","16"
"ebowen31","8","8","16"
"EBTEBT","8","8","16"
"ecandan77","8","8","16"
"ech07","8","8","16"
"echecsman10","7","9","16"
"ecourist","9","7","16"
"Eddieaedipus","8","8","16"
"eddyrod","8","8","16"
"Edheady","8","8","16"
"EdmundoOrtiz","8","8","16"
"edoarad","8","8","16"
"eduardog39","6","10","16"
"efrem_garfild","9","7","16"
"Eggnogmaniac","8","8","16"
"Egorkann21","8","8","16"
"eiche","8","8","16"
"EightToMate","6","10","16"
"eisfuchs","8","8","16"
"ejawwwww","9","7","16"
"Ekera","8","8","16"
"Ekins1","8","8","16"
"Ekulivaz","9","7","16"
"El_Rancho","7","9","16"
"elaganail","7","9","16"
"Elangovijay","7","9","16"
"elcat0","6","10","16"
"elcorso","10","6","16"
"Elev3NN","8","8","16"
"EliasSiyas","8","8","16"
"elite_2022","10","6","16"
"Eliudreyes233","9","7","16"
"Ellak95","8","8","16"
"Elmarce2","8","8","16"
"elmenjols","8","8","16"
"elmorty","8","8","16"
"ELO2789","8","8","16"
"ELPADRINORT19","8","8","16"
"ELPATRON991","9","7","16"
"ELPRIETOAZABACHE","7","9","16"
"eLSeR17","8","8","16"
"Eltractor","7","9","16"
"ElvisWalsh","9","7","16"
"emeffess","6","10","16"
"Emekapeters","8","8","16"
"EmeraldTempest","8","8","16"
"emilythecriminal","7","9","16"
"emirkagan22032","8","8","16"
"emmaorrego","7","9","16"
"empirestateofmind","9","7","16"
"Emrebey190","6","10","16"
"EnderAk2004","9","7","16"
"endjam","7","9","16"
"Endless-79","8","8","16"
"Engabdo2017","8","8","16"
"Engr_Slimz","8","8","16"
"enso89","8","8","16"
"EntregadorDeLasanhas","9","7","16"
"Entropico","7","9","16"
"Envy_1","7","9","16"
"Enwave","9","7","16"
"Enzo31","8","8","16"
"EnZwHyOh","8","8","16"
"EOblomoff","8","8","16"
"EoinTy","8","8","16"
"eosri","8","8","16"
"Epora","8","8","16"
"EpoxyMyPieces","10","6","16"
"EPPik","9","7","16"
"erdi_e","8","8","16"
"erickbrenes","8","8","16"
"Eritel","7","9","16"
"ErlendLoe","8","8","16"
"errejapa","7","9","16"
"Eryk89","9","7","16"
"esinger","8","8","16"
"esmaeli6158","8","8","16"
"esmeraldasyahir2003","9","7","16"
"essichess","8","8","16"
"estebanC15","8","8","16"
"EstebanGmz","8","8","16"
"Estrella67","8","8","16"
"EthanR2823","8","8","16"
"Ethoneeee","8","8","16"
"evgen1970","9","7","16"
"Evgenii67","8","8","16"
"Evistin","7","9","16"
"ewadriel","8","8","16"
"Ewgenii","8","8","16"
"ExamTimeCome","9","7","16"
"Exayevie","9","7","16"
"ExBotGirl","8","8","16"
"ExtraTimeForYou","8","8","16"
"EYPckr","8","8","16"
"Eyro","7","9","16"
"ezko84","9","7","16"
"F_avee","8","8","16"
"F_Requena","8","8","16"
"Fabiego","7","9","16"
"fabiogbe","7","9","16"
"faboec228","8","8","16"
"facar0s","8","8","16"
"Facciamo_amore","8","8","16"
"FadedFantasyy","8","8","16"
"fadibe78","8","8","16"
"Fairplay50","9","7","16"
"falkonetti","8","8","16"
"far_rh_chess","8","8","16"
"farhan689","9","7","16"
"fariditsky","8","8","16"
"Farmaajo","7","9","16"
"farok33","10","6","16"
"Farshid4545","10","6","16"
"Fat71","9","7","16"
"favourjoyjoy","7","9","16"
"Fayaz9","7","9","16"
"fbs77","8","8","16"
"fearfire35","8","8","16"
"feceden","9","7","16"
"feki94","9","7","16"
"feliperoble2","8","8","16"
"ferdiiska","8","8","16"
"fermatron","7","9","16"
"fermolmar","8","8","16"
"Fernich","8","8","16"
"fezter","8","8","16"
"fffxxx14","7","9","16"
"Fia727","7","9","16"
"fibonacci66","7","9","16"
"fibunko","8","8","16"
"fic_wieslaw","8","8","16"
"FIDE_2022","8","8","16"
"fieldsofthenephilim","8","8","16"
"FIGO2O2O","8","8","16"
"Firas_Hatira","8","8","16"
"firemaks","8","8","16"
"Fireontheboard26","9","7","16"
"FireStorm-e4","6","10","16"
"FirstTimeChessToday","9","7","16"
"fischer970","8","8","16"
"Fischers_spawn","7","9","16"
"fishboom","7","9","16"
"fishdog1","8","8","16"
"fivebeat","8","8","16"
"Fixupgooscooth","8","8","16"
"Flashtiger17","8","8","16"
"flaubert14","8","8","16"
"fletcherlynd","7","9","16"
"Flipstar86","8","8","16"
"Flitze","9","7","16"
"flochessi","6","10","16"
"Florenc_Seferkolli","8","8","16"
"floried200_9","7","9","16"
"fluxus2020","7","9","16"
"fofolido7","7","9","16"
"fokay","7","9","16"
"forest_ua","10","6","16"
"Fortgeho","8","8","16"
"fortisvol","7","9","16"
"Fortuna57","7","9","16"
"FranciscoPico3","8","8","16"
"Frecco","8","8","16"
"fred123mar","9","7","16"
"Freeman001","8","8","16"
"freshprince1100","8","8","16"
"froggie6845","7","9","16"
"from96","9","7","16"
"frostie72","8","8","16"
"Fruitdom","8","8","16"
"FSasse","8","8","16"
"fullluck","8","8","16"
"Funkemariechen","8","8","16"
"fury4401","8","8","16"
"fyllyfuglset","6","10","16"
"G_Murtuja_Kayes","7","9","16"
"G6H7","8","8","16"
"gabriells261","9","7","16"
"gabristuc","8","8","16"
"gabybonaventura","8","8","16"
"GachiMixFight28","8","8","16"
"GALAHADxGOD","9","7","16"
"Galericifeyyaz","9","7","16"
"gamblingiscool","8","8","16"
"Gameover0007","8","8","16"
"Gaprun","8","8","16"
"GardaLea","7","9","16"
"gardrha","8","8","16"
"garov_kasparsky","7","9","16"
"garputs","8","8","16"
"Garzila","6","10","16"
"gaspard12","8","8","16"
"Gastonn09","8","8","16"
"Gatiloco77","8","8","16"
"gball","7","9","16"
"gbeldaa","7","9","16"
"gbrockman","8","8","16"
"geldikyoktunuz","8","8","16"
"Geleerter","7","9","16"
"Gelezmen","9","7","16"
"Gennek","6","10","16"
"Genti_Xh","8","8","16"
"george7031","7","9","16"
"GeorgeQartveli","9","7","16"
"GeorgianRoqi","7","9","16"
"gerdus","8","8","16"
"gervasioroberto","8","8","16"
"GGanesh1","8","8","16"
"GIBHELLA2","8","8","16"
"gibralima","7","9","16"
"GigachadMcNoobovitch","8","8","16"
"GingerBreadGuy","8","8","16"
"ginotomino","7","9","16"
"Giordanopetersoni","7","9","16"
"GitProphet","9","7","16"
"giuliob86","10","6","16"
"GiveMeThimbles","8","8","16"
"GL1003","8","8","16"
"glk2000","8","8","16"
"gloopyglup","8","8","16"
"Gneissy","9","7","16"
"Go_Move","8","8","16"
"goadf90a","7","9","16"
"GODAVE","7","9","16"
"godofolimpus","8","8","16"
"gogomario","7","9","16"
"gokhan0987","7","9","16"
"Gokul55","8","8","16"
"GokulKramnik","8","8","16"
"Golden34","7","9","16"
"Goldworm","8","8","16"
"Good-Bro","9","7","16"
"Gorgonzola88","7","9","16"
"goson10","8","8","16"
"GoSub1972","9","7","16"
"GouthamManikonda","6","10","16"
"goyzueta3","9","7","16"
"gpaulino","6","10","16"
"GPKhomyak","7","9","16"
"GPlayer11","9","7","16"
"gprgprgpr","9","7","16"
"Grand_Zeno21","8","8","16"
"grandmaster_12345675","8","8","16"
"GreatConQueror24","9","7","16"
"greennight","9","7","16"
"gregg_beaverman","8","8","16"
"greggyb","9","7","16"
"Grnja8","8","8","16"
"GrosDeVaud","8","8","16"
"grumpyhackdaniel","8","8","16"
"gsankar","8","8","16"
"gsgameplayer","9","7","16"
"GsMehmet","8","8","16"
"Gspencer12345","8","8","16"
"gsrein","9","7","16"
"GtAMp004","8","8","16"
"Guachupino","8","8","16"
"Gucci-BK","7","9","16"
"guccibubba1","6","10","16"
"GUCUMUCUMAMI","9","7","16"
"gunapriya","8","8","16"
"Guntramn","8","8","16"
"gurkenbauer","8","8","16"
"GuruGus","7","9","16"
"GustavoKatch","7","9","16"
"Guumayusi","8","8","16"
"Guybrush_Monkey","7","9","16"
"guzstro101","8","8","16"
"GymshoeRex","8","8","16"
"h1234","9","7","16"
"Haasa96n","8","8","16"
"Hafidz_Raja","8","8","16"
"Hahaha2223133","8","8","16"
"Hahavsnsjimgod","8","8","16"
"Haichibumbaichi","7","9","16"
"hakkot","8","8","16"
"hakuna_matata_007","10","6","16"
"Hamburger4meal","8","8","16"
"hamedwpi","8","8","16"
"Hamitt1366","8","8","16"
"Hammer_ff","9","7","16"
"Han_Agga02","9","7","16"
"Hane_Aki","8","8","16"
"Hangya99","8","8","16"
"hannomai3","8","8","16"
"HansTuit","8","8","16"
"Happy_Mouse","8","8","16"
"happycrabby","9","7","16"
"happynjoy","9","7","16"
"HardikKkkk","8","8","16"
"haris_DMA","8","8","16"
"HaroldFromRovia","8","8","16"
"Harprit_Singh","8","8","16"
"HarrisKara","9","7","16"
"Harry11P","8","8","16"
"HarryUno","8","8","16"
"Harshal-Kulkarni","8","8","16"
"Harshih_papa","7","9","16"
"hasani1364","8","8","16"
"Hasaniskender","8","8","16"
"hase69","7","9","16"
"Hassan_shahata11","8","8","16"
"hassansadki10","8","8","16"
"hatikvahShalom","8","8","16"
"haxman","8","8","16"
"Hayk_M","9","7","16"
"haylander2023","8","8","16"
"HeavenPath","6","10","16"
"hector00","8","8","16"
"Helquak","8","8","16"
"helvetian","8","8","16"
"Hendoggh","7","9","16"
"henelnacon","8","8","16"
"hesham_elmasry3","10","6","16"
"HetmanPolny78","7","9","16"
"hichamlux","8","8","16"
"hichamov76","9","7","16"
"hichanch","8","8","16"
"hierapolis","8","8","16"
"Hijkl_froost","9","7","16"
"hilalham","9","7","16"
"hima053","7","9","16"
"Hirad_mhn","8","8","16"
"Hirenrajgor","8","8","16"
"hitamkelam","8","8","16"
"hmada012","7","9","16"
"hoangminhhieu43","9","7","16"
"hohoho123456789","9","7","16"
"HolyMoof","7","9","16"
"Homer_Wells","8","8","16"
"Hoorgan","8","8","16"
"hosseinshirali","8","8","16"
"Houssem43","8","8","16"
"howari","7","9","16"
"howdocastle1","8","8","16"
"HRDuru","9","7","16"
"Hruday2000","8","8","16"
"Huerry","8","8","16"
"HugoPoli","8","8","16"
"hugoxadrez21","8","8","16"
"Hussaini786","9","7","16"
"HutzButz","8","8","16"
"HuyVietNam","7","9","16"
"hvoIIITA","8","8","16"
"hylianshield","9","7","16"
"i_am_raaj","9","7","16"
"I-am-basil","9","7","16"
"i-Quit","8","8","16"
"I00jaMes00","8","8","16"
"I3ananas","9","7","16"
"iampicklerickmorty","8","8","16"
"IamUnoriginal2","7","9","16"
"IanRst","8","8","16"
"IB981","8","8","16"
"Ibarragr","8","8","16"
"ibauu","8","8","16"
"Ibrahim20200","8","8","16"
"icbett","8","8","16"
"ichthy80","9","7","16"
"iDaGoat","8","8","16"
"ieranieran","8","8","16"
"IGMex","7","9","16"
"Igor_1966","6","10","16"
"Igor_Akushevich","9","7","16"
"Igor_mas","9","7","16"
"IGORekZaidler","7","9","16"
"Igorka1960","9","7","16"
"IgorOchirov","10","6","16"
"ihabo01","8","8","16"
"ikerabad","9","7","16"
"ikeregi","8","8","16"
"ikjetenkpadet","8","8","16"
"ilias121","9","7","16"
"ilja448544","9","7","16"
"ilkertorun3592","7","9","16"
"IlyaSigida","8","8","16"
"Imagallanes","8","8","16"
"imanshapiev","8","8","16"
"ImmortalVisionary","8","8","16"
"imouseslipped","8","8","16"
"indhio","7","9","16"
"Inferna1","8","8","16"
"Infinitum87","9","7","16"
"InfoGenii","8","8","16"
"infusoria","9","7","16"
"InGrandeur","8","8","16"
"inkanspicuous","8","8","16"
"Innuendik","7","9","16"
"Inoa0","8","8","16"
"Inozemtsev_Arsen","8","8","16"
"inpursuitofcheckmate","8","8","16"
"interchisety","8","8","16"
"InterEugene","8","8","16"
"Intigam1","9","7","16"
"inzell0813","8","8","16"
"iorii9","9","7","16"
"iPenchess","9","7","16"
"Irenaea","8","8","16"
"irfaan123","8","8","16"
"IRIFK","9","7","16"
"Irmary2018","7","9","16"
"Ironman86","9","7","16"
"ironmanth","8","8","16"
"isakgilbert","9","7","16"
"ishaqaaa","8","8","16"
"isherf_random","9","7","16"
"IsidorDunkan","8","8","16"
"Iskaral_Pust","8","8","16"
"iskoiskopartizani","7","9","16"
"islamsamadov","8","8","16"
"ismael70","9","7","16"
"ITMonster","8","8","16"
"ItryButISuck","9","7","16"
"itzAnkit_14","8","8","16"
"IuliiaShch","8","8","16"
"iust","8","8","16"
"ivan_drozhdev_1967","8","8","16"
"ivance","9","7","16"
"ivane28","9","7","16"
"Ivanovv","9","7","16"
"Ivantob77","7","9","16"
"iveipom","8","8","16"
"Iwannis","8","8","16"
"izzetberk","7","9","16"
"Jaafar_07","7","9","16"
"jabirudin","7","9","16"
"Jack1011","8","8","16"
"jackmess254","8","8","16"
"jackmugglestone","7","9","16"
"JacksonTalE","8","8","16"
"jacobjsteele","10","6","16"
"Jacosk","8","8","16"
"jacossoa","7","9","16"
"jagdishreddy5","8","8","16"
"jaimejllanos","9","7","16"
"jakester97","9","7","16"
"jamesislegend","8","8","16"
"Jamice","8","8","16"
"jannikb","7","9","16"
"jannissorry","8","8","16"
"Jara97py","8","8","16"
"jas146","9","7","16"
"Jaseck77","7","9","16"
"jaskoniemowa","10","6","16"
"jasubal","9","7","16"
"javad_bab","8","8","16"
"jaxeune","8","8","16"
"Jaystae","7","9","16"
"JazzOpk","9","7","16"
"JCarRoBar77","9","7","16"
"jcastells","7","9","16"
"JcBlanco","9","7","16"
"jchelab","7","9","16"
"jcpfalcon","7","9","16"
"Jdciasulli","8","8","16"
"jean2net","7","9","16"
"jean34","8","8","16"
"Jeanno","8","8","16"
"jeffren10","8","8","16"
"Jensen043","8","8","16"
"jeremie_bohbot","7","9","16"
"jeroenn","8","8","16"
"jerohamsanchez","7","9","16"
"JesseKorhonen","7","9","16"
"Jesuismwa","8","8","16"
"jesusangel66","8","8","16"
"jesusoff","7","9","16"
"jesusvilar","9","7","16"
"JewishKetFiend","9","7","16"
"JGilomeno","8","8","16"
"Jhilsberg","8","8","16"
"jhonatancontreras1","9","7","16"
"Jhonf_1123","8","8","16"
"Jhonfq18","8","8","16"
"JiaQiC","9","7","16"
"jibarra","8","8","16"
"jibon90","7","9","16"
"Jigidi","8","8","16"
"jigneshbhatt28","9","7","16"
"JimJam1099","8","8","16"
"jipefa","8","8","16"
"jithi123","8","8","16"
"jjradams","7","9","16"
"JKvsJK","9","7","16"
"JLR15","7","9","16"
"JMRA-357","9","7","16"
"jnco","7","9","16"
"JNunes25","9","7","16"
"JocaKenjic","8","8","16"
"Joemani","9","7","16"
"joey64","7","9","16"
"Joghurt","7","9","16"
"jogito94","8","8","16"
"John_F_B","8","8","16"
"JohnJohnMackey","8","8","16"
"JohnMarkovitch","8","8","16"
"johnnybix","8","8","16"
"Jojomadkip","8","8","16"
"joki7461","10","6","16"
"jonas2509","9","7","16"
"Jonat318","8","8","16"
"jonragbir","7","9","16"
"JOPB","10","6","16"
"jorope","9","7","16"
"Jose_32","8","8","16"
"jose1369","8","8","16"
"Jose234khexD","8","8","16"
"Josephflomo","8","8","16"
"josephkagan","8","8","16"
"joshua129","8","8","16"
"Joyachessensei","7","9","16"
"Jpv_carvalho","8","8","16"
"jrbr","9","7","16"
"jrik1","9","7","16"
"js4chess","7","9","16"
"jschumer","7","9","16"
"Jtdr","8","8","16"
"Juan_David_Cr","8","8","16"
"Juanjuzgado","8","8","16"
"juankasfma","8","8","16"
"juanMate","9","7","16"
"julianrosso","8","8","16"
"Junock","7","9","16"
"juscy","8","8","16"
"JustinConway7","8","8","16"
"justintimejosh","9","7","16"
"jvzmusic","9","7","16"
"jxj3588","8","8","16"
"k_patzer","9","7","16"
"k0lis","7","9","16"
"K1NGs_P4WN","9","7","16"
"k45p4r0v","8","8","16"
"ka1i","6","10","16"
"KaBaMaKs13","7","9","16"
"kaffe71","8","8","16"
"kaiswe","8","8","16"
"Kaka_kaki","7","9","16"
"Kalachevivan2305","8","8","16"
"Kalin1978","8","8","16"
"kallimachess","8","8","16"
"kameshkarthik","8","8","16"
"kanepeci","8","8","16"
"kanomate","7","9","16"
"kaoticshield","8","8","16"
"kapildedhia","8","8","16"
"kapusta17kapusta","8","8","16"
"karanshallow","8","8","16"
"karatai","8","8","16"
"karenchess","8","8","16"
"karimreda","10","6","16"
"karkalamtahu","8","8","16"
"Karlowski","9","7","16"
"Karpov2808","9","7","16"
"Karthik1496","8","8","16"
"kasparov1679","7","9","16"
"kAu500","8","8","16"
"Kaumba07","9","7","16"
"kaypete","8","8","16"
"KayRowski","8","8","16"
"kcoo17","7","9","16"
"kehlh","8","8","16"
"KeithPatrick","8","8","16"
"kelcel","9","7","16"
"kelessburakk","8","8","16"
"Kelvin2600","7","9","16"
"Kemalll","8","8","16"
"kencha","10","6","16"
"KenMV","7","9","16"
"Kenny665","9","7","16"
"Kenshie","7","9","16"
"kestrel2top","8","8","16"
"KevinTraveler","8","8","16"
"keynun47","8","8","16"
"keyurchd11","9","7","16"
"Khalesi4","7","9","16"
"KhalidRehman","8","8","16"
"khalilbakinec","8","8","16"
"khansherin","10","6","16"
"khryashchev","7","9","16"
"Kid_Colombia","8","8","16"
"killer_pawn001","7","9","16"
"killtimechess","10","6","16"
"Kinabu","8","8","16"
"Kinetic_JR","8","8","16"
"King_Loves_His_Queen","9","7","16"
"KingAzimov","8","8","16"
"kingdhaval","8","8","16"
"KiNGHaZaRaa","7","9","16"
"KingMeYouBum","8","8","16"
"kingslayer66","7","9","16"
"Kiraprokofeva","8","8","16"
"kirchhoffbaloyi","8","8","16"
"kirill_polishuk","8","8","16"
"kirillkas","8","8","16"
"Kisaki_Tetta","8","8","16"
"kiyanm007","7","9","16"
"kjbnfjabid","8","8","16"
"kkeremkaya07","8","8","16"
"KLappin","8","8","16"
"klaustheros","8","8","16"
"KLUBASD","7","9","16"
"Klusek214","8","8","16"
"Kmir","8","8","16"
"kms119","8","8","16"
"Knight80lv","8","8","16"
"knighteater","8","8","16"
"knightfallofdawn","9","7","16"
"knightfightsall","8","8","16"
"Knightrider8600","8","8","16"
"knockout_Artist","8","8","16"
"Kodra1754","8","8","16"
"Kodukkapuli","9","7","16"
"Koeier","8","8","16"
"KoenigActivity","9","7","16"
"kokokoko9","8","8","16"
"komenskeho53","8","8","16"
"Konsultan_Pajak","8","8","16"
"Koolboydon","8","8","16"
"Kooresh123123","9","7","16"
"Korfez41keremasallah","8","8","16"
"korsh","8","8","16"
"kosleo116","8","8","16"
"kosmonavt91","8","8","16"
"koty_sker_ataka","9","7","16"
"koushik100","7","9","16"
"Kovalev_V","8","8","16"
"KozakMAX","7","9","16"
"Kranisch","8","8","16"
"kranky2","9","7","16"
"Krasi73","6","10","16"
"Krezubi","9","7","16"
"Krydsfok","8","8","16"
"kskserega","8","8","16"
"kuchey","7","9","16"
"Kuchtogadbadhaidaya","8","8","16"
"KuF_KaF_09","8","8","16"
"kufu007","8","8","16"
"kumanoit","8","8","16"
"Kumbang-Nyiur","9","7","16"
"Kungen371","8","8","16"
"kushagra_saxena","7","9","16"
"Kushan27","9","7","16"
"kwnw","7","9","16"
"kzndragon","8","8","16"
"kzo011tse01","8","8","16"
"l_shan","7","9","16"
"l-PingWin-l","8","8","16"
"l0bster85","7","9","16"
"L239","7","9","16"
"l2oberto","9","7","16"
"ladsar","6","10","16"
"Lafferty21","8","8","16"
"LagusWielgus","8","8","16"
"Lahwassim","8","8","16"
"LAITHSTARK","8","8","16"
"LaitVeineFiche","8","8","16"
"Lajarto","6","10","16"
"Lalito01","8","8","16"
"LANREBONTOP","8","8","16"
"Laols","7","9","16"
"Laquant","9","7","16"
"Lara_c91","9","7","16"
"Larkus0907","7","9","16"
"latek73461","8","8","16"
"laurens97","8","8","16"
"Laurent_Lachaussee","8","8","16"
"lawrence1987","8","8","16"
"lazarus060","7","9","16"
"lazer2014","8","8","16"
"le_comte_glouglou","8","8","16"
"leathernec","10","6","16"
"leblanc98","8","8","16"
"lecosmopolite","8","8","16"
"LEDaGEN","8","8","16"
"LeFauxPoulet","7","9","16"
"Legacy2017","8","8","16"
"LegendsReload2612","8","8","16"
"Lehinovych_Maksym","8","8","16"
"lekhrefy","7","9","16"
"lelucio","6","10","16"
"LeMachete","9","7","16"
"lemfan","8","8","16"
"lemonlol","7","9","16"
"LemonSnaps","8","8","16"
"lenababy00","7","9","16"
"lennardp","9","7","16"
"lenze","7","9","16"
"leo_agui","9","7","16"
"Leo_lersoneni","7","9","16"
"leo_tokyo2","9","7","16"
"Leo1700","9","7","16"
"leo270","7","9","16"
"leonidaespartano","8","8","16"
"leonsinclair","9","7","16"
"leophotos","8","8","16"
"lerrilo","8","8","16"
"Lev_Burym","8","8","16"
"levike321","9","7","16"
"Lewicki_Dawid","8","8","16"
"LexiesSuperfan","10","6","16"
"LFM_7","7","9","16"
"liamfriedman","9","7","16"
"libanezmar","9","7","16"
"libuda9","7","9","16"
"LIENMINHNHAT","8","8","16"
"Lightning77","7","9","16"
"LIGOVOCHESSS","7","9","16"
"lilipoooooT","9","7","16"
"LilleWillu","8","8","16"
"LilliFranSthlm","8","8","16"
"lindogatito","9","7","16"
"lindyhoppingchess","6","10","16"
"litd123","8","8","16"
"livadiic","8","8","16"
"LiveChessnow","9","7","16"
"livingdaylight","8","8","16"
"ljagushonok","8","8","16"
"llalalaalalalla","8","8","16"
"Lliellu","8","8","16"
"LLYYNNMMNN","8","8","16"
"LNX_Demon","9","7","16"
"Lo-Roig","7","9","16"
"lock5882353","8","8","16"
"Lodhar","9","7","16"
"LodiNeo","9","7","16"
"Loebi","8","8","16"
"logorithm","8","8","16"
"lohoped","7","9","16"
"loic_midy","8","8","16"
"Lomasm","7","9","16"
"longname","8","8","16"
"Longva91","9","7","16"
"Looser17","8","8","16"
"lopesecades","7","9","16"
"LordTurnbull","9","7","16"
"lorenzos","8","8","16"
"lorlgd","7","9","16"
"losthighway","7","9","16"
"Lotfii","9","7","16"
"Lotolvaj","7","9","16"
"Loulou_Banane","8","8","16"
"LoWa99","7","9","16"
"lresp","8","8","16"
"lspl","8","8","16"
"LTblue83","7","9","16"
"Lubmara","7","9","16"
"Luca_90","8","8","16"
"lucahofstatter","7","9","16"
"lucaint","8","8","16"
"Lucanabol","8","8","16"
"Luchinrojo","8","8","16"
"lucianurban","8","8","16"
"Luckysoooooooo","8","8","16"
"luffy_strawhats","9","7","16"
"lugoking","8","8","16"
"luispulido23","9","7","16"
"LuizBerlin","9","7","16"
"Luizhenriqueg","9","7","16"
"lukekahoot","7","9","16"
"lunkaran","7","9","16"
"Lvmox","8","8","16"
"lwkane","8","8","16"
"lyra-silvertongue","7","9","16"
"LyricalDesert","7","9","16"
"M_a_g_n_i","8","8","16"
"M_professor","9","7","16"
"m_salik","9","7","16"
"m_souza","8","8","16"
"M-Fobby_Bischer","8","8","16"
"MA1997","8","8","16"
"Maalpa","8","8","16"
"Macroniboy","7","9","16"
"Madara_The_God","8","8","16"
"MadeinDetroit","8","8","16"
"madeqx","8","8","16"
"MADHAV_18","7","9","16"
"Madisonpop","9","7","16"
"MagicianFromMalaysia","9","7","16"
"Magnus_D","7","9","16"
"Magnus58","8","8","16"
"magnuscarlsend","8","8","16"
"Mahara003","8","8","16"
"mahdikbl","8","8","16"
"mailbox","10","6","16"
"Maishead","7","9","16"
"majidgh1997","8","8","16"
"Make-Donskiy1980","8","8","16"
"Maksat7","8","8","16"
"maksenius","9","7","16"
"MaksimPanov","8","8","16"
"maksssss2882","7","9","16"
"Malawiana","8","8","16"
"malpensa2000","9","7","16"
"Malsawma77","8","8","16"
"Maman_Durahman","11","5","16"
"Manchitasthomas","9","7","16"
"Manfred_25","8","8","16"
"manin21","9","7","16"
"manoj431","8","8","16"
"mansour12","7","9","16"
"Manss70","7","9","16"
"Manudripker","9","7","16"
"Manuel_Sanz","8","8","16"
"manulopez80","10","6","16"
"Manuquilmes","8","8","16"
"manyaCHESSalvarez","8","8","16"
"MarcelineoG","8","8","16"
"MARCHEUR","8","8","16"
"Mariano37","8","8","16"
"mariarty85","9","7","16"
"mariellemeijs-61","8","8","16"
"MarinVassilev","7","9","16"
"mario_yo_p","7","9","16"
"Mariogascon","7","9","16"
"Mariola_Ri","8","8","16"
"Marius-R","7","9","16"
"Markbaliwang","7","9","16"
"Markcxc","7","9","16"
"Markhor3","7","9","16"
"markus_schirmbeck","8","8","16"
"Martabak-telor","8","8","16"
"MarteLech","8","8","16"
"Martian_4","8","8","16"
"MartiOrozco","8","8","16"
"Marvinma11","8","8","16"
"marvinmarshy","7","9","16"
"marzul12","8","8","16"
"Masada","8","8","16"
"masdr1234","8","8","16"
"Maske-0","7","9","16"
"MastaBlenda","7","9","16"
"Mastakhan","8","8","16"
"Masterfu_2000","7","9","16"
"mataramassuko00","8","8","16"
"mategg","9","7","16"
"Matej98","8","8","16"
"Mathathias50028070","8","8","16"
"mathestudent","8","8","16"
"MatMixer","7","9","16"
"mattila","9","7","16"
"Matzup","8","8","16"
"Mauro1912","8","8","16"
"Maurochi22","10","6","16"
"Maverick4799","8","8","16"
"Mawklan","8","8","16"
"Max1million","9","7","16"
"Maxi2255","7","9","16"
"MaximPower1","7","9","16"
"Maximus43","9","7","16"
"Maykil","8","8","16"
"Mazter_007","8","8","16"
"MazurLeonid","9","7","16"
"Mbah_Painul","9","7","16"
"mbburabak","8","8","16"
"mbk102","7","9","16"
"mchamu","7","9","16"
"mcterebauts","7","9","16"
"mdp34","9","7","16"
"mdsaif","10","6","16"
"medoumok2","8","8","16"
"medulloblastoma","8","8","16"
"medved29","8","8","16"
"medvedev125","8","8","16"
"meenRSD","8","8","16"
"megaserg02","8","8","16"
"megerko","7","9","16"
"mehdi7170","8","8","16"
"mehdiassadi","8","8","16"
"Mehran13mome","8","8","16"
"Meirinho","8","8","16"
"Melanholik655","8","8","16"
"melihtan2312","8","8","16"
"Melo08-SA","8","8","16"
"Melquizedeque","7","9","16"
"Menxele","8","8","16"
"meraj_srb","8","8","16"
"messagemetosayhi","7","9","16"
"Metalnick","6","10","16"
"mete_03youtube","8","8","16"
"Metehan16092","9","7","16"
"metobey0707070707","8","8","16"
"metrooo69","7","9","16"
"MexWin","7","9","16"
"mgarridoa","8","8","16"
"mgold","9","7","16"
"MGorki","8","8","16"
"MGsquare","9","7","16"
"mhmmdpi","8","8","16"
"MHunter553","8","8","16"
"mhva","7","9","16"
"mi2n","9","7","16"
"Micha4895","8","8","16"
"michael_murray1","7","9","16"
"Michunddich","8","8","16"
"michycola","8","8","16"
"MicRay","8","8","16"
"micromac","9","7","16"
"midas83","9","7","16"
"mietiaivoilla","8","8","16"
"MIFernando","9","7","16"
"Mikan111","6","10","16"
"mikektkedeclaro","7","9","16"
"Milaan45","10","6","16"
"Milad_Fozooni","7","9","16"
"miladizl88","8","8","16"
"Milosorio","7","9","16"
"milovichalex","9","7","16"
"minacordero","7","9","16"
"Mindalkin","7","9","16"
"mindlessme","7","9","16"
"minikiki","7","9","16"
"MirkoMK","9","7","16"
"miro202p","9","7","16"
"misterkiem","9","7","16"
"Mistikmaster","7","9","16"
"mitsja","9","7","16"
"mjrmmm","8","8","16"
"MJTC","8","8","16"
"mkbella","7","9","16"
"MKBLITZ","8","8","16"
"mmr56","12","4","16"
"mmrterol","8","8","16"
"mnmurray","8","8","16"
"Moby_Duck","8","8","16"
"moez-kat","8","8","16"
"MoGamad","8","8","16"
"Mohamad-M-Ajamya","7","9","16"
"Mohamed_elroz","9","7","16"
"mohamed_gharbi","7","9","16"
"MohammedNamlah","9","7","16"
"Mohitdha1","9","7","16"
"mohnochka","7","9","16"
"MohsenS369","8","8","16"
"mohzekry","9","7","16"
"Mojtabai","9","7","16"
"monimo","7","9","16"
"monsieur_merde","9","7","16"
"morfesis","8","8","16"
"Mormakil","7","9","16"
"Morph1988","8","8","16"
"Morschbert","9","7","16"
"Morti1","9","7","16"
"MOSH33","7","9","16"
"mosika2001","8","8","16"
"mosluk","7","9","16"
"mostafafarrag812","8","8","16"
"Mostarski_rodjeni","8","8","16"
"Motiot","8","8","16"
"mozeks","8","8","16"
"mpanty","7","9","16"
"mqTuna","8","8","16"
"Mr_Charles_V","8","8","16"
"Mr_Mayer","7","9","16"
"Mr_NC26","8","8","16"
"mr-pro","7","9","16"
"mrbig4life","9","7","16"
"MrBrilok","8","8","16"
"MrCrow","7","9","16"
"MrDavidOCHOA999","8","8","16"
"MRKARADUMAN01","8","8","16"
"mroku99","7","9","16"
"MrRotateyHead","8","8","16"
"msgm","9","7","16"
"mudassir786","8","8","16"
"muhammetemrekiz","8","8","16"
"muhl1991","9","7","16"
"Mukul24","7","9","16"
"murad5222","8","8","16"
"murat169","7","9","16"
"Muratti06","8","8","16"
"murdovalo","8","8","16"
"MuRpHy84","8","8","16"
"murtadha_salah","7","9","16"
"musen9220","9","7","16"
"musicalfriend","7","9","16"
"Musiciantist","8","8","16"
"mvribeiro","8","8","16"
"Mwadayz","8","8","16"
"my501ways","9","7","16"
"MyBlunderAccount","7","9","16"
"MYDG8IT","8","8","16"
"MyNameIsBalani","8","8","16"
"mynoblefrenchman","7","9","16"
"myspacebardoesntwork","8","8","16"
"mzorenyi","8","8","16"
"N_K-m","8","8","16"
"naamiSwaan","8","8","16"
"naazoo","8","8","16"
"NabuconodosorII","7","9","16"
"naftarp","8","8","16"
"nahpets77","8","8","16"
"nailor","8","8","16"
"nakanak","7","9","16"
"nam_sike","8","8","16"
"NanakN","7","9","16"
"napoleon_tinman","9","7","16"
"NapoleonePaolo","9","7","16"
"naruto2134323","7","9","16"
"nat34370","9","7","16"
"NathanF5477","7","9","16"
"nathanielowott","8","8","16"
"natioa","8","8","16"
"natsirk","7","9","16"
"naveenmodani","8","8","16"
"navneetsoni16","8","8","16"
"nbanovic","8","8","16"
"nbd86","8","8","16"
"NchessM","8","8","16"
"Nebra5ka","9","7","16"
"NecmettinUsta497","7","9","16"
"NEmo2001","8","8","16"
"nerevar83","9","7","16"
"NetterKerl","8","8","16"
"Nettunop","9","7","16"
"Never_Saint","8","8","16"
"Neverlowcrow","7","9","16"
"neversober","7","9","16"
"NewConcept","8","8","16"
"newgrip","8","8","16"
"NewLegendChess","8","8","16"
"NewSicilian","9","7","16"
"newuserlich","9","7","16"
"neymarchess","9","7","16"
"nezhmetdinov3","8","8","16"
"nezhmetdinovthecat","9","7","16"
"NeZoX1st","7","9","16"
"ngd","8","8","16"
"Nickita92","7","9","16"
"nicnico89","8","8","16"
"Nico0824","8","8","16"
"nicoedli","8","8","16"
"NiDeChess","8","8","16"
"niekepiek","6","10","16"
"nihaltal","8","8","16"
"Nikolai_Mikhail","7","9","16"
"NikolajPetersen96","7","9","16"
"Nikschess","8","8","16"
"niksyakira_7","7","9","16"
"NimitGautam2012","6","10","16"
"nimzicien","8","8","16"
"Ninad_27","8","8","16"
"Ninja_shadows-1234","8","8","16"
"Ninster3000","7","9","16"
"NISHANT28","7","9","16"
"NityKariya","7","9","16"
"Nkumunye","8","8","16"
"NLObP","7","9","16"
"No_escape1","8","8","16"
"NO_NAME1231","8","8","16"
"noeblassel","9","7","16"
"non2die4","9","7","16"
"nonamesry","9","7","16"
"NoobNoobAt","8","8","16"
"Nortiga","8","8","16"
"nosjugar0123","8","8","16"
"Novodranov","9","7","16"
"NoZhora","8","8","16"
"nraheja","8","8","16"
"Nsesheye","8","8","16"
"Ntakzies","9","7","16"
"ntoreg","8","8","16"
"NURKHAN-SADUAKASSOV","7","9","16"
"Nurtugan1234","7","9","16"
"Nutta","9","7","16"
"nutzy35","7","9","16"
"Nxq589","8","8","16"
"oasisnigeria","10","6","16"
"Obiw71","7","9","16"
"occidencel","9","7","16"
"Ocelot32","8","8","16"
"Ockman","8","8","16"
"OF-CC","10","6","16"
"OGMaelStazy","9","7","16"
"ohtree52","8","8","16"
"Okharchenko","9","7","16"
"ol19721304","8","8","16"
"Oldiesbutgoodies","10","6","16"
"OlegCasale","8","8","16"
"OlegSolo","8","8","16"
"olis2baba","8","8","16"
"olivierhbh","9","7","16"
"olysseus","7","9","16"
"om_badiyani-07","8","8","16"
"omarmahagnah","8","8","16"
"omerkalgan","9","7","16"
"omurbekjk","8","8","16"
"OneC_anon","9","7","16"
"onlykamd","9","7","16"
"Onnikikkolo","8","8","16"
"onthewaygm","9","7","16"
"onurgok97","8","8","16"
"ooL3xi","9","7","16"
"ooohhhnooohhh","7","9","16"
"operl26","8","8","16"
"optizorb","8","8","16"
"Optmath","8","8","16"
"Orangatang","8","8","16"
"oranges_not_22","9","7","16"
"orbelinpuligol","8","8","16"
"Orfritz","8","8","16"
"ORK_21","8","8","16"
"oscar005","8","8","16"
"osha_ray","7","9","16"
"Osibro","7","9","16"
"oskuee","8","8","16"
"Osmanalim","8","8","16"
"osoberlines","8","8","16"
"OttomansTurkey","8","8","16"
"OualidBOUTERBIAT","9","7","16"
"Oupvcm","9","7","16"
"ovi9ilie","8","8","16"
"OvidioJoseBianquet","8","8","16"
"Owlssk","8","8","16"
"oyungamer26","8","8","16"
"p1roject","8","8","16"
"p2lly","8","8","16"
"P618","8","8","16"
"Pablek1187","9","7","16"
"pabloarnaugonzalez","7","9","16"
"pablock7","11","5","16"
"PabloPaul56","9","7","16"
"PabloTheGiantKiller","9","7","16"
"Pacman2","8","8","16"
"Panc4ke","8","8","16"
"pancake0208","8","8","16"
"pandalice","8","8","16"
"Pandeer","8","8","16"
"pandemiusmagnificus","8","8","16"
"Paparochi","9","7","16"
"papichulo277","6","10","16"
"Paranoiamx","8","8","16"
"ParanoidStalin","9","7","16"
"parasar","7","9","16"
"parfumerr","7","9","16"
"Parzhetskiy","8","8","16"
"passion4chess","7","9","16"
"PasteldeOvo","8","8","16"
"patricio120401","9","7","16"
"Patrick096","7","9","16"
"Patrick1974","7","9","16"
"patricklayb","8","8","16"
"Patriot2001","7","9","16"
"PatzerSupreme","8","8","16"
"pausola","8","8","16"
"pavdaddy","7","9","16"
"Pavelaguedomarrero","8","8","16"
"Pavelx4y16","9","7","16"
"pavuk_of_the_world","8","8","16"
"Pawan_sondhiya","7","9","16"
"Pawnfull","9","7","16"
"PaysCosmique","8","8","16"
"pbnr8785","7","9","16"
"pdhaigh","9","7","16"
"pdias","8","8","16"
"Pdzbc","8","8","16"
"peacemaker0128","7","9","16"
"pearclaw01","9","7","16"
"PeD1AtR","8","8","16"
"peer888","7","9","16"
"pegasII","8","8","16"
"PeibiN","9","7","16"
"PEJMG19","8","8","16"
"pepelalo","8","8","16"
"Pepeltoro","9","7","16"
"PepeS1lvia","8","8","16"
"perazz","8","8","16"
"Perotin26","7","9","16"
"PERSAJBA","8","8","16"
"Peter_Kaladius","8","8","16"
"peter_sellers","8","8","16"
"Petroliam89","10","6","16"
"pevek","8","8","16"
"PeynirAltiSuyu","8","8","16"
"philglafata","6","10","16"
"phillynott7","8","8","16"
"PhilZabrocki","9","7","16"
"phoroneus","9","7","16"
"PhysicsSiri","8","8","16"
"Piblow","8","8","16"
"PICOTS_ORIOL","8","8","16"
"Piero_Marmanillo","9","7","16"
"PietroG51","7","9","16"
"piglet_engine","6","10","16"
"Pio3008","9","7","16"
"pistadruzganic","8","8","16"
"PitifulMagikarp","8","8","16"
"PitKot","7","9","16"
"pityty","8","8","16"
"Pixula_Party","8","8","16"
"Pjdjrock","8","8","16"
"Planetas79","9","7","16"
"planitiskahakoix","7","9","16"
"Planter78","7","9","16"
"Platon27","7","9","16"
"Play_TR","9","7","16"
"PlayFastMyFriend","9","7","16"
"pleber","8","8","16"
"plethy","8","8","16"
"PNHuy","8","8","16"
"Pocelui_Menya_Udacha","8","8","16"
"Poedynok","8","8","16"
"pogichess","8","8","16"
"poisonedpawn69","8","8","16"
"poker21","9","7","16"
"pokilsok","9","7","16"
"Poldeddd","8","8","16"
"Polidectes","8","8","16"
"Polisay","8","8","16"
"Polka678","9","7","16"
"Polliakow","8","8","16"
"pomell","8","8","16"
"pontebosio","9","7","16"
"poorbobby","7","9","16"
"poseidon12345","7","9","16"
"Pospa77","9","7","16"
"ppkdmilkyway","8","8","16"
"PRADEEPPAL","8","8","16"
"Pranav_Arunprasad","8","8","16"
"pranayy0909","9","7","16"
"pranshubhagat","7","9","16"
"PreChiomba","9","7","16"
"Pret_Endgame","8","8","16"
"Prihlop","8","8","16"
"princhess66","8","8","16"
"Prins77","9","7","16"
"PriseChess","8","8","16"
"Prithuj_Sarkar","8","8","16"
"Privett","8","8","16"
"Priyansh9","9","7","16"
"PrizrenAttack","8","8","16"
"pro-alex","8","8","16"
"proboy24","7","9","16"
"profesor5858","7","9","16"
"ProfessorKaos","9","7","16"
"Prometeaaa","8","8","16"
"ProsperEinstein","8","8","16"
"Proze2","7","9","16"
"prsch","8","8","16"
"PsychoPlayz","8","8","16"
"Psykoankka","8","8","16"
"Punter2013","7","9","16"
"pureDEplatano","8","8","16"
"Pushkarev_Andrew","9","7","16"
"pv_Victor_0","7","9","16"
"pwg","8","8","16"
"Q2022","7","9","16"
"qaem1402","8","8","16"
"Qat7ro","8","8","16"
"qgzsixcent10","8","8","16"
"QoDKarTReZ","8","8","16"
"qqskew","7","9","16"
"qstear","8","8","16"
"Quark111190","8","8","16"
"queeef123","9","7","16"
"Queen_Cipinang","8","8","16"
"queriengp","7","9","16"
"QulamEyvazov","9","7","16"
"Quocanhsama","8","8","16"
"QyouWe","6","10","16"
"r0lfas","8","8","16"
"R17_Dantas","7","9","16"
"Raafat1999","9","7","16"
"Raamoaga","9","7","16"
"RAC1888","8","8","16"
"Rachidrim","7","9","16"
"RadovanPerkovic","8","8","16"
"raedhallak","8","8","16"
"rafael_aguiar123","9","7","16"
"rafgenf","8","8","16"
"rafsgamer","9","7","16"
"RaghavGarg96","9","7","16"
"Raidor","7","9","16"
"raimund72","5","11","16"
"Rain_Boyy","8","8","16"
"Raisins","8","8","16"
"Rajan23","7","9","16"
"Rajan9473139431","8","8","16"
"rajuppi","7","9","16"
"Ralph666","8","8","16"
"ralphg","9","7","16"
"ramarajuca","8","8","16"
"ramgade","7","9","16"
"raminmokhtari","9","7","16"
"Rammsd007","8","8","16"
"ramy_adel999","8","8","16"
"Random141","7","9","16"
"rangatanga","9","7","16"
"Rannikko","8","8","16"
"RaokOrhan","8","8","16"
"Rapcon","7","9","16"
"rastamanforpresident","9","7","16"
"RatingHeist","8","8","16"
"RatSteel","8","8","16"
"raulnuriyev","7","9","16"
"RavivGazit","8","8","16"
"RaxmaZZers","9","7","16"
"Raymond_Arellano","8","8","16"
"rbraga18","5","11","16"
"Rea_572","8","8","16"
"realdier","8","8","16"
"reavan1881","8","8","16"
"reckful994","8","8","16"
"redeiperdenti","8","8","16"
"redokubi67","8","8","16"
"Reewake","8","8","16"
"refikkralbaba","9","7","16"
"Reion19","8","8","16"
"relaxcks","8","8","16"
"RelaxedBolt","8","8","16"
"RenardShatayon","7","9","16"
"rente","8","8","16"
"Repetto_Veracruzano","9","7","16"
"Republic728","8","8","16"
"rerenoazoro","9","7","16"
"reverdineverdi","7","9","16"
"reza_bpu","8","8","16"
"Reziders","8","8","16"
"rflecom","8","8","16"
"rg_76","7","9","16"
"Rhayar","8","8","16"
"rhein33","8","8","16"
"Rhyolite","7","9","16"
"RiasGremoryRG","7","9","16"
"Richy2000","8","8","16"
"Riemann02","8","8","16"
"riharde231q","7","9","16"
"rikudou78","8","8","16"
"rina_akabane","8","8","16"
"Rishabh47104","8","8","16"
"Riskov","8","8","16"
"rithwikp","9","7","16"
"Rizicofactor2018","8","8","16"
"RLIV","8","8","16"
"RLStine","9","7","16"
"rmjk","8","8","16"
"Rmove64","8","8","16"
"Rmv456","8","8","16"
"rng_58","9","7","16"
"rntzs","8","8","16"
"Rob_Farias","8","8","16"
"Robert_Cizmar","8","8","16"
"Robertoo1","8","8","16"
"robertoperozo53","9","7","16"
"Robinkill12","8","8","16"
"RobNeville","10","6","16"
"ROCKET613","8","8","16"
"Rodrigogl123","8","8","16"
"rogerthelodger","8","8","16"
"rogertrejos","8","8","16"
"Roham92","8","8","16"
"RohanSadaphule","8","8","16"
"Rohithjacob","7","9","16"
"Rokelis","8","8","16"
"roland2720","8","8","16"
"romansathish","8","8","16"
"RookMeNot","9","7","16"
"rookpin","8","8","16"
"Rougeshadow","8","8","16"
"RoyalHankey","8","8","16"
"royyurusai","9","7","16"
"rp22chess","9","7","16"
"RRamune","7","9","16"
"RT4P","8","8","16"
"rudenis","8","8","16"
"RudiRampensau","9","7","16"
"RudolphSigl","9","7","16"
"rumee_11","9","7","16"
"runmoney","8","8","16"
"russellsparadox","8","8","16"
"RussianLampard","7","9","16"
"rustam_137","7","9","16"
"RutgerHans","8","8","16"
"Rxmaxchess","8","8","16"
"Ryudoo","7","9","16"
"ryxx14","8","8","16"
"rzbz","8","8","16"
"S3B","9","7","16"
"S7H7I7V7A","8","8","16"
"sa666ka","10","6","16"
"sabmivida","9","7","16"
"Sacceri","10","6","16"
"saeedbarjaste","7","9","16"
"saeeeeeeeeeeddd","7","9","16"
"saftfert","6","10","16"
"Saguenay3","8","8","16"
"Sahildhobale1","9","7","16"
"said_123456","8","8","16"
"said_tooba","9","7","16"
"sainandhu2002","7","9","16"
"saivijay","6","10","16"
"Sakh98","7","9","16"
"Salihucucu1903","8","8","16"
"SalmonConnolly","9","7","16"
"salomesoniiaaa","9","7","16"
"Salvarode","7","9","16"
"sam_dayo01","8","8","16"
"SameOldJets","9","7","16"
"Samisbenko","9","7","16"
"samoistra","8","8","16"
"samuaoki","8","8","16"
"samuel021590","9","7","16"
"samuelemazzola","8","8","16"
"SamuelMV","9","7","16"
"Sanaev","8","8","16"
"Sanderleft","7","9","16"
"Sandy-the-duke","7","9","16"
"sanjeevlulla","8","8","16"
"sanketc","8","8","16"
"sanledesma","7","9","16"
"Santiago_Solarte","7","9","16"
"sarahxsx","8","8","16"
"SarajevoChePassione","8","8","16"
"saria-shelleh","9","7","16"
"saridahi1907","7","9","16"
"Sarunas-HH","8","8","16"
"sasabeh","8","8","16"
"sasha-kovalev","8","8","16"
"Sasha1962","8","8","16"
"sashahshahah","8","8","16"
"Sashok1999","7","9","16"
"Sathvik_Shivram","8","8","16"
"Satiii26","9","7","16"
"satyan0","7","9","16"
"saumya402","8","8","16"
"savoy_wasitsemarang","8","8","16"
"Sawlon","8","8","16"
"sazhiK","8","8","16"
"Scaccola","8","8","16"
"ScaryBishop","8","8","16"
"Schabescha","8","8","16"
"SchachFredy","8","8","16"
"SchachKannIchNicht","7","9","16"
"schlubby","8","8","16"
"Schmicklemeister","8","8","16"
"school727","7","9","16"
"schotterwilli","7","9","16"
"scrust","7","9","16"
"sd_maicon","6","10","16"
"sdalfmlafllfsl","8","8","16"
"sdvoryan","8","8","16"
"searchasif","9","7","16"
"Seb0","7","9","16"
"Sefuda","8","8","16"
"segona","8","8","16"
"Sekhute","9","7","16"
"selemon","8","8","16"
"Seleznev2003","8","8","16"
"semistrunka","9","7","16"
"semjon00","8","8","16"
"senadc","8","8","16"
"Seni1312","8","8","16"
"Senkel92","9","7","16"
"SeqDam","7","9","16"
"Serg209","7","9","16"
"sergey_017","7","9","16"
"Sergio_Nicolly","8","8","16"
"sergio-lan","8","8","16"
"sergiosalahramos","8","8","16"
"Sesico","8","8","16"
"Seuburro12","9","7","16"
"Sevane","8","8","16"
"sevith16","8","8","16"
"seyyedturk","8","8","16"
"SGNyght","8","8","16"
"ShadeOfGreen","7","9","16"
"Shadow051","9","7","16"
"ShadowSmirker","8","8","16"
"shafafbhat1","8","8","16"
"shaggyharry","8","8","16"
"Shahabul","8","8","16"
"shahmaty24","8","8","16"
"Shailendrah","9","7","16"
"Shakmatey","7","9","16"
"Shammoph","9","7","16"
"shandar","8","8","16"
"shapa57","8","8","16"
"sharjilsharafat","9","7","16"
"shartiv","9","7","16"
"shashanksanga","8","8","16"
"Sheidernebato12345","8","8","16"
"Sherlockgx2","7","9","16"
"Shihabdeen","7","9","16"
"shino-yu","8","8","16"
"shizdra777","8","8","16"
"shlo","7","9","16"
"sholem","9","7","16"
"ShOndar","8","8","16"
"Shooter_srt","8","8","16"
"shubhang08","10","6","16"
"shubhhhh","7","9","16"
"shura_Ig","7","9","16"
"SiBuGayNon","9","7","16"
"siebzig","8","8","16"
"SiegbertJohann","8","8","16"
"Sierdavid","9","7","16"
"Siggi115","8","8","16"
"sikandarnaeem","8","8","16"
"Sikati","9","7","16"
"Sikora81","8","8","16"
"Silent_Teacher","7","9","16"
"Silentforcepower","8","8","16"
"silentium4","9","7","16"
"silocham1234","8","8","16"
"Silverliver","9","7","16"
"simcity2000","7","9","16"
"simdeaf","7","9","16"
"SimLock","8","8","16"
"Simorodok","7","9","16"
"sina_2285","8","8","16"
"SirFoxoF","9","7","16"
"sirius101","10","6","16"
"sit79","7","9","16"
"Siviertez","9","7","16"
"six999","8","8","16"
"sjafta","9","7","16"
"Sjakkbakk","9","7","16"
"sjakkformaten","6","10","16"
"Skarmi","8","8","16"
"Skater36","8","8","16"
"skevis","8","8","16"
"SkippingGoat","9","7","16"
"Skn2020","8","8","16"
"skullbucks","7","9","16"
"SKUVA00","8","8","16"
"skyblues123","7","9","16"
"sla1m","8","8","16"
"Slava_Ykraini","8","8","16"
"slava1987i","7","9","16"
"slavaflex","8","8","16"
"slipper31","11","5","16"
"Slob112","7","9","16"
"Slon74","8","8","16"
"Slonnik","8","8","16"
"Slyxdexic","8","8","16"
"SmackMyB1shop","8","8","16"
"smd_training","8","8","16"
"smtmf","8","8","16"
"snh","8","8","16"
"snowspawn","7","9","16"
"so_hallo","8","8","16"
"So-so_person","9","7","16"
"so123123","8","8","16"
"soda_7","8","8","16"
"sofos","9","7","16"
"Sohamchess1998","8","8","16"
"Soleyman8015","8","8","16"
"soltantgris","8","8","16"
"som_zap","9","7","16"
"SomethingFierce","9","7","16"
"Sonale2028","7","9","16"
"Sonjinwoo","9","7","16"
"SonperghiniGuy","9","7","16"
"Sorlow","9","7","16"
"Sorrow_cz","7","9","16"
"soslanserafimasofiy","9","7","16"
"soudya","8","8","16"
"soukhan","7","9","16"
"Sparrie","9","7","16"
"specialist_x","7","9","16"
"spite_cult","8","8","16"
"SPITFIRE81","9","7","16"
"SPOOKY_BOY_22","9","7","16"
"spreys_aleksandr","7","9","16"
"Spwaaa","7","9","16"
"sr_drp","8","8","16"
"Srajit101","8","8","16"
"srbFR","9","7","16"
"SREEHARIKING","8","8","16"
"sshentov","6","10","16"
"stabtak","7","9","16"
"Staku","8","8","16"
"Stalemat3","9","7","16"
"starayashlyapa","8","8","16"
"Starcat004","7","9","16"
"starmerbryan","9","7","16"
"Statist_chess","9","7","16"
"steinerkadabra","9","7","16"
"step1990","8","8","16"
"Steuermann23568","8","8","16"
"SteveNash1345","8","8","16"
"Stevenmas","8","8","16"
"stevepro89","7","9","16"
"StGambit","7","9","16"
"StilinskiAHY","8","8","16"
"stillwater","8","8","16"
"StLermontov","7","9","16"
"sto_radu","8","8","16"
"stolar2972","8","8","16"
"StonE2003","8","8","16"
"stop1992","8","8","16"
"STR00PWAFEL","8","8","16"
"Strahd999","7","9","16"
"Strain2021","7","9","16"
"strawberry11","9","7","16"
"StrikeFirst1","9","7","16"
"stro22","8","8","16"
"stroemming14","8","8","16"
"Strong_cmForzaa","8","8","16"
"stronghand14","7","9","16"
"stronius","8","8","16"
"StrSa","7","9","16"
"Struuut","8","8","16"
"Stxmetal","8","8","16"
"subin067","7","9","16"
"SuchtDatei","8","8","16"
"Sucyalg","6","10","16"
"SudeepTodwal","8","8","16"
"Sudhi89","9","7","16"
"sulmann1981","7","9","16"
"sumerali","7","9","16"
"sumitprat","8","8","16"
"supatiger","8","8","16"
"superkiko624","8","8","16"
"supernova13","9","7","16"
"Supremum-Infimum","7","9","16"
"surendraku","8","8","16"
"SurkovMikhail","9","7","16"
"surprise2000","8","8","16"
"SuRpriZeQingzhao","7","9","16"
"survivalzombie","8","8","16"
"SURYAGM","8","8","16"
"Susanna77","8","8","16"
"Sushant1999","8","8","16"
"Suvorov1728","8","8","16"
"Suyash_pandey_IIITR","9","7","16"
"svenosaurus","9","7","16"
"svmiroslav","9","7","16"
"swapzero","7","9","16"
"SwaRRR","6","10","16"
"Swerkdoodle","8","8","16"
"swysy","10","6","16"
"sxe_beast","8","8","16"
"Syrnick","8","8","16"
"T-heRock","8","8","16"
"tacticlplayer3","9","7","16"
"Tadeush1976","8","8","16"
"tagi123","8","8","16"
"Tahacam1","8","8","16"
"tair-1","8","8","16"
"Talarea","8","8","16"
"Talexander","10","6","16"
"TalJoko","8","8","16"
"TameImpalaFan","9","7","16"
"TamerlanR","7","9","16"
"tamim5241","7","9","16"
"tanay_0701","8","8","16"
"tanchik99999","7","9","16"
"tancming","8","8","16"
"Tanmay_Mittal7","7","9","16"
"TanmayPJha6","9","7","16"
"tannleg1","8","8","16"
"tapreto","8","8","16"
"TareqAttiaEG7","8","8","16"
"TarushPradhan","8","8","16"
"Taufik_10","8","8","16"
"TAWADE","8","8","16"
"TayTayP","8","8","16"
"TB_niek","8","8","16"
"tbeee","8","8","16"
"Tebrug","10","6","16"
"TeeKaa","8","8","16"
"tejusrs","7","9","16"
"Tel_998888110989","10","6","16"
"tenientemerlo","8","8","16"
"Teopotamus","10","6","16"
"terbalba","8","8","16"
"Terben","10","6","16"
"terminator789","9","7","16"
"terrysilver","8","8","16"
"teshxy","7","9","16"
"tetrisplayer1","7","9","16"
"TG281","8","8","16"
"Thanhkien2013","8","8","16"
"The_Butterfly_Effect","8","8","16"
"The_Ousyrian","8","8","16"
"the_wassel","7","9","16"
"TheBishopR","9","7","16"
"thebrokepharmacist94","7","9","16"
"Thechicken65","9","7","16"
"TheDillingerPrisoner","7","9","16"
"theFAST98","8","8","16"
"TheGambler97","8","8","16"
"TheGreatChampionPlus","8","8","16"
"TheIdealist","7","9","16"
"thekingslayer","7","9","16"
"TheKreso","8","8","16"
"TheMIL0","8","8","16"
"thepowerguido","8","8","16"
"thereal93","8","8","16"
"thereasonk9","8","8","16"
"TheSoftwareDeveloper","7","9","16"
"TheStoicG","7","9","16"
"thewalrus69","6","10","16"
"thewbert","8","8","16"
"TheWCH","7","9","16"
"TheWellHeeledKing","8","8","16"
"thilono","9","7","16"
"ThirdForest","7","9","16"
"ThisBeBharat","8","8","16"
"thomchesser","8","8","16"
"thunderblunder9","7","9","16"
"tiburon_duga","9","7","16"
"Tiger_Pdu","8","8","16"
"Tikto133","8","8","16"
"Tilllaoshi","7","9","16"
"Tim1400","8","8","16"
"Timemanagement","7","9","16"
"timewheel","9","7","16"
"timofeilatuhin","8","8","16"
"Timur96","8","8","16"
"Tincek33","9","7","16"
"tino93","8","8","16"
"TinoRose","8","8","16"
"Tiranosaurio_Rex","8","8","16"
"Titi064","8","8","16"
"titi2troyes","9","7","16"
"TitleKiller","8","8","16"
"Tjhao","9","7","16"
"TJLue","7","9","16"
"TjoffenPD","10","6","16"
"TJpogi","8","8","16"
"Tmaten3","10","6","16"
"TMpelwane","7","9","16"
"TNCMinhDuc2008","8","8","16"
"tnmyd","7","9","16"
"toibtobi","8","8","16"
"Tolentinoadcris","9","7","16"
"Tolga-28","8","8","16"
"Tom29092005","7","9","16"
"tom41","9","7","16"
"TomasGrijalba","8","8","16"
"tombstone5858","8","8","16"
"tommyacin","8","8","16"
"TomSeeber","8","8","16"
"tomstico","7","9","16"
"ToNice4u_sir","8","8","16"
"tonio18c","8","8","16"
"tooweaktooslow06","7","9","16"
"Torbet","8","8","16"
"Tormund","8","8","16"
"totallypropel","8","8","16"
"TotidePuelo","9","7","16"
"towardsGod","7","9","16"
"TOXIC_M","7","9","16"
"training_gambits","8","8","16"
"Trainkind","8","8","16"
"Trains_2020","8","8","16"
"TraperoTriste","7","9","16"
"travesting","9","7","16"
"trecklord","9","7","16"
"tressmann","8","8","16"
"Tribasuki_chess2020","8","8","16"
"trifonas","7","9","16"
"trishikamarballi","8","8","16"
"TRLAZKOPAT28","7","9","16"
"troubouilie","8","8","16"
"Tudor_51","8","8","16"
"tun-seifnj06","8","8","16"
"tungstenTS","8","8","16"
"TuriMatto","8","8","16"
"Tutnix","9","7","16"
"Twins2","7","9","16"
"Two_million_views","9","7","16"
"TwoGamesOneBlunder","9","7","16"
"Txiki","7","9","16"
"TyskMcCoy","9","7","16"
"tyuvavi1","8","8","16"
"U_GOOD","7","9","16"
"Ubbo","7","9","16"
"ucokwashere","8","8","16"
"UgandaPOp","8","8","16"
"ugasgar","7","9","16"
"UK1","8","8","16"
"Ulerij","7","9","16"
"Uliui","8","8","16"
"UltraMaga","8","8","16"
"unbeknownst","9","7","16"
"UNKNOWN_WIZARD_008","7","9","16"
"Uno23DiloOtraVez","9","7","16"
"UPARELA","8","8","16"
"urahara07","8","8","16"
"ursicino","9","7","16"
"Urveesh","8","8","16"
"USCdrtgm","8","8","16"
"user2563","8","8","16"
"Username2215","8","8","16"
"ushakov_sm","7","9","16"
"Usno","7","9","16"
"utkuo","7","9","16"
"UTrashTho","7","9","16"
"utsabkafle","8","8","16"
"UU_fabi","8","8","16"
"Uzbekstudent","7","9","16"
"v0528","7","9","16"
"v124entkl","10","6","16"
"V3108B","10","6","16"
"va86an","9","7","16"
"vacaloria","8","8","16"
"Vadim_Perm","8","8","16"
"VadymKovta","8","8","16"
"Vahe18_10","9","7","16"
"VAHID-JAVADY","7","9","16"
"Valera-07","9","7","16"
"valle_391","7","9","16"
"ValuableHire","8","8","16"
"Vandervince","9","7","16"
"VanLake","8","8","16"
"vaquita02","8","8","16"
"Vedant_Sontake","8","8","16"
"VELALFARO","8","8","16"
"VeniVidiVictor","9","7","16"
"venym","7","9","16"
"vercingetorix_II","8","8","16"
"Verediman","9","7","16"
"Verjaal","7","9","16"
"vertebraeden","8","8","16"
"Veseris0","8","8","16"
"vgoku90","8","8","16"
"vibesonvibess","9","7","16"
"viceback","7","9","16"
"VicenteGuedes","8","8","16"
"VickyMalviya08","8","8","16"
"Vicont84","9","7","16"
"victorchan8","9","7","16"
"VictorFuentes","8","8","16"
"VictorTal","6","10","16"
"vik_kuz","9","7","16"
"vikram_G","9","7","16"
"Viktor_Semionov","8","8","16"
"ViktoriaGerasim","8","8","16"
"ViktoriaVolk","8","8","16"
"VilhelmL","8","8","16"
"vincent11205","9","7","16"
"ViniSilva02","8","8","16"
"VipulSharma007","7","9","16"
"viscarielv","9","7","16"
"vischi","8","8","16"
"VISHVESHSAYAM","8","8","16"
"Vist09","6","10","16"
"Vitaliy_Martyanov","8","8","16"
"Vitaliy1258","9","7","16"
"vitorben10","8","8","16"
"Vlad_335","8","8","16"
"vlad18k2003","8","8","16"
"VladimirK-H","9","7","16"
"VladimirRay99","9","7","16"
"Vladislsv","7","9","16"
"Vllaadd777","8","8","16"
"vmaksoud","9","7","16"
"vmaster2911","9","7","16"
"Voorhees_j","7","9","16"
"voroby","7","9","16"
"VoVoV0","9","7","16"
"vszosk","8","8","16"
"W082hjxtqo3763bod","7","9","16"
"w0gjoso","9","7","16"
"wa_aung18","9","7","16"
"Wael13","8","8","16"
"WajidMobin","8","8","16"
"Waldlaeufer_io","8","8","16"
"Wale35011","8","8","16"
"Walgoat70","7","9","16"
"walk5765","8","8","16"
"wanbergen","9","7","16"
"WarmWine","6","10","16"
"Warsher","7","9","16"
"WayneIndustries","9","7","16"
"wbsoft","9","7","16"
"Weak-3","7","9","16"
"webabua","9","7","16"
"webello","7","9","16"
"Weedryle","8","8","16"
"Weirdgoose","8","8","16"
"Wellington1_2","8","8","16"
"wemif","7","9","16"
"werner88713","7","9","16"
"werner888","8","8","16"
"werokajo","8","8","16"
"wertsd_0","7","9","16"
"Whalekit","8","8","16"
"wham00000000","8","8","16"
"what_happened999","8","8","16"
"whitser","8","8","16"
"WhoCares1909","7","9","16"
"Widerling","6","10","16"
"Willmagalhaes","8","8","16"
"wilo90","9","7","16"
"wilvin1234","9","7","16"
"Wing08","8","8","16"
"Winner-ChessNarendra","8","8","16"
"WinstonHagedorn","8","8","16"
"Winterstale","8","8","16"
"wiramelayu","8","8","16"
"wisesehn","7","9","16"
"wisperorw","8","8","16"
"wlexi","7","9","16"
"Wlfnm","6","10","16"
"wodincher","7","9","16"
"wokenhero","8","8","16"
"WolfpackTwentyThree","8","8","16"
"WolfSch","8","8","16"
"wollker","7","9","16"
"woqa","8","8","16"
"WorkerBumblebee","9","7","16"
"WorkHardandAdvertise","8","8","16"
"wpickup","8","8","16"
"Wrongfoot","8","8","16"
"xadrista1","8","8","16"
"xafdx3","8","8","16"
"XavierTheBrave","8","8","16"
"XavierZegarra_UNTELS","9","7","16"
"xay0","9","7","16"
"xdrxs","8","8","16"
"xela2002","8","8","16"
"xenopanda","8","8","16"
"Xfactor200","8","8","16"
"XIIII","9","7","16"
"xlatif","8","8","16"
"xS0uLLx","9","7","16"
"XxDomeHDxX","8","8","16"
"xXx_4AUHik_xXx","8","8","16"
"xxX_Alex_Xxx","8","8","16"
"xxzfrxx","8","8","16"
"Xysci_chessislife","6","10","16"
"xzoulouxz","8","8","16"
"YA_NE_ZNAYU","7","9","16"
"yacorabaj","7","9","16"
"Yacosta","8","8","16"
"YaDeputat","6","10","16"
"YahyaKhan345","8","8","16"
"Yami-ma-ho","8","8","16"
"Yamschikov1967","7","9","16"
"yann55091","7","9","16"
"Yaroslav239245","8","8","16"
"YaroslavTsypkin","9","7","16"
"yasant","7","9","16"
"yebrifery","8","8","16"
"Yeeboi346","8","8","16"
"yegork5","8","8","16"
"yekaing","9","7","16"
"Yesboom","7","9","16"
"Yesikov","7","9","16"
"Yffats","7","9","16"
"yFurkan35","8","8","16"
"yilou88","8","8","16"
"ynaranjo8585","8","8","16"
"ynwa73","8","8","16"
"YoavPR","7","9","16"
"Yoda42","8","8","16"
"yogeshshetty2000","7","9","16"
"yosefhuri","8","8","16"
"yossofreakingcool","9","7","16"
"YourObstacle","7","9","16"
"YourShahIsDead","7","9","16"
"Yousseff22","9","7","16"
"youths","7","9","16"
"yuanlj","8","8","16"
"yujiro0","9","7","16"
"YuliGPrO5","10","6","16"
"Yura1939","8","8","16"
"Yuri_Kuzmin","6","10","16"
"yuskoo","8","8","16"
"yusufkerem48","8","8","16"
"yutanagano","9","7","16"
"Yvan58","7","9","16"
"zacogc","9","7","16"
"ZALVARINIS","8","8","16"
"zamikcs","8","8","16"
"zanachka_jorika","8","8","16"
"zanahorio","9","7","16"
"zavodman96","8","8","16"
"Zdevor76","8","8","16"
"zecozeco","7","9","16"
"ZERO2580","7","9","16"
"zeugirdor05","8","8","16"
"Zhatar","10","6","16"
"Zhenja-jj","8","8","16"
"zigzvayen","7","9","16"
"zinbin","8","8","16"
"zizabay","8","8","16"
"zloy_grey","7","9","16"
"zlyrekindzidek","9","7","16"
"Zokipritoka","7","9","16"
"zoroaster7","8","8","16"
"zoysia","8","8","16"
"zpp_j_pln","8","8","16"
"ZRY97","7","9","16"
"a_true_Ninja","8","7","15"
"A123milton","7","8","15"
"A2023g6englishcatal","7","8","15"
"a20isbsjal","9","6","15"
"A7medX11","7","8","15"
"aa1x","7","8","15"
"AAabbaspour1389","7","8","15"
"aaabbuuuuuh","8","7","15"
"AADITYA_275","8","7","15"
"Aafthab","8","7","15"
"aaksu28","8","7","15"
"aalaz","7","8","15"
"aamyth","9","6","15"
"Aanjey","8","7","15"
"aaronwallach","8","7","15"
"AarushDalavai","7","8","15"
"AASU1430","8","7","15"
"ab_lk3","9","6","15"
"Abbhi","8","7","15"
"abd_m_a","7","8","15"
"abdelrahman9997","8","7","15"
"abdullah-adh","9","6","15"
"Abdulrahman_123","9","6","15"
"Abdulrehmansaeed","7","8","15"
"Abdurahmon19076","8","7","15"
"abduxoliq_01","6","9","15"
"Abel_Savva","8","7","15"
"Abhay-10","7","8","15"
"Abhinath","8","7","15"
"Abhishek_ra0","8","7","15"
"abimanju1308","7","8","15"
"abjmam94","8","7","15"
"abod2988","7","8","15"
"abosako4","7","8","15"
"AbrahamValencia","7","8","15"
"abzoluteZero","8","7","15"
"AccacuH_01","7","8","15"
"ACE6704","8","7","15"
"Achechino","8","7","15"
"achess_player20","8","7","15"
"Achiles007","5","10","15"
"Achiles22","8","7","15"
"AchilleasAchilleous","7","8","15"
"AchillesTroy","8","7","15"
"acmesser","8","7","15"
"acmmercan","8","7","15"
"AcquaFresh","9","6","15"
"ad41me","7","8","15"
"adcxyz1","9","6","15"
"Adekbu","7","8","15"
"Adelbert86","8","7","15"
"Adeola","7","8","15"
"adideljka","7","8","15"
"adisentoso","7","8","15"
"Aditya8773","6","9","15"
"admin07n14","7","8","15"
"Adonii","8","7","15"
"Adriam145","8","7","15"
"Adventurer217","9","6","15"
"aeiscimen1","8","7","15"
"Aeorin","8","7","15"
"AfghanGirlie","7","8","15"
"aforismo04","8","7","15"
"aga193","8","7","15"
"agag2","8","7","15"
"AgaGesh","7","8","15"
"AGEEV_ALEXANDR","5","10","15"
"agentflare","8","7","15"
"aguas","7","8","15"
"Agustinesquivel","8","7","15"
"ahakman","7","8","15"
"aheadastep","7","8","15"
"ahhuzai","8","7","15"
"ahmadsoltani89","7","8","15"
"ahmed-gamal131","7","8","15"
"Ahmed1977","8","7","15"
"Ahmed9saddave","8","7","15"
"ahmedbargaoui","7","8","15"
"Ahmedeyad2","8","7","15"
"ahmedrabee1914","8","7","15"
"ahmedtarek_53","8","7","15"
"ahmetcnblt","7","8","15"
"AI0000KI","8","7","15"
"AibondUfa","7","8","15"
"Aidyn-sadinov","8","7","15"
"Aikidoshu","7","8","15"
"Aioi","8","7","15"
"Airapparent","7","8","15"
"ajar1604","8","7","15"
"ajemconjar","8","7","15"
"AkashMax","7","8","15"
"akatadioktos","8","7","15"
"Akbaruz","7","8","15"
"Akhil3202","7","8","15"
"akifselim55","8","7","15"
"akinium","8","7","15"
"aknv25","9","6","15"
"akram2sa","7","8","15"
"Akrojames","8","7","15"
"akxhner","8","7","15"
"Akylbek2001","7","8","15"
"AL_Reims_Stewart","9","6","15"
"Al-Didi","7","8","15"
"Alabasterbox","7","8","15"
"alaetizz","7","8","15"
"Alam_BKD","8","7","15"
"alan123piano","9","6","15"
"Alancran","5","10","15"
"Albert1er","8","7","15"
"Alcogolikk","8","7","15"
"aldario","7","8","15"
"alekosomegas","8","7","15"
"Aleksandr_0","8","7","15"
"AleksFish","7","8","15"
"aleksucra55","6","9","15"
"AlenS_MD1988","9","6","15"
"aleqsijudomannnn","8","7","15"
"AlessiaChile","8","7","15"
"Alesya123456","8","7","15"
"Alex_fox","6","9","15"
"alex-fm2","6","9","15"
"alex0306","6","9","15"
"Alex2101982","7","8","15"
"alex9739","8","7","15"
"Alexan31","8","7","15"
"AlexanderBloxin","8","7","15"
"AlexanderPopov1976","8","7","15"
"AlexausK","7","8","15"
"alexbaranda","7","8","15"
"Alexey960502","8","7","15"
"AlexeyDS","8","7","15"
"Alexiss1226","7","8","15"
"alfie_uy","8","7","15"
"AlfiereCarino","8","7","15"
"alfuraydi","9","6","15"
"Ali_agh","7","8","15"
"Ali-alsudairi2","7","8","15"
"aliaksandr","7","8","15"
"Alien_eye_poker","8","7","15"
"alihakimiradvin","7","8","15"
"aliiiarbabi","7","8","15"
"Alikashkha64","7","8","15"
"alimz4","7","8","15"
"alioth_g","7","8","15"
"Aliska2006","8","7","15"
"alizarifneshat","8","7","15"
"Alkanaby","8","7","15"
"Allison_r","8","7","15"
"Almanzor009","7","8","15"
"almsroor11","7","8","15"
"alone_123","7","8","15"
"Alperatakul","8","7","15"
"AlphaSpirit","7","8","15"
"alpis111","7","8","15"
"Alston","7","8","15"
"altan5555","8","7","15"
"Altazori","8","7","15"
"alvaro33","7","8","15"
"Alvaroargolo","7","8","15"
"AlvMG96","7","8","15"
"Amar_Ashaq","7","8","15"
"amauta22","8","7","15"
"Amawtac","7","8","15"
"Amazing_Knight","6","9","15"
"amazingsunny","8","7","15"
"ambidextrousjojo","7","8","15"
"AMCC2022","7","8","15"
"ameerkhan1000","8","7","15"
"Ameeruddin","8","7","15"
"Amelyllis","8","7","15"
"amin-moghbeli","8","7","15"
"Amin8631","8","7","15"
"Amir2110","8","7","15"
"amirdoki","8","7","15"
"Amirou","8","7","15"
"amirpni","7","8","15"
"Amirreza07","7","8","15"
"amirrrrrr1382","8","7","15"
"amirsani","8","7","15"
"amjadalniser","8","7","15"
"ammarhawa","7","8","15"
"AmolShirode","8","7","15"
"amorrre","7","8","15"
"amrkhaled47","7","8","15"
"ananassaMan","7","8","15"
"Anatolii1","6","9","15"
"anderson1988","8","7","15"
"andinosaurio4","7","8","15"
"Andleo82","7","8","15"
"AnDreck","6","9","15"
"andrei6269","8","7","15"
"andrekajaquim","8","7","15"
"Andrewraj","8","7","15"
"andronik_AS","8","7","15"
"Andutu_sahistul","7","8","15"
"Andy_ne","8","7","15"
"AndyGarciaNYC","5","10","15"
"aneba","8","7","15"
"Anfeli08","8","7","15"
"Angga_oktariawan","7","8","15"
"anhghOst100","7","8","15"
"Anjaly","8","7","15"
"Anjann","7","8","15"
"anlevi","7","8","15"
"Anmol_Baranwal","8","7","15"
"Annisa_Dj","8","7","15"
"AnnybalSalas_UNAP","8","7","15"
"AnpuChess","7","8","15"
"ansagan_amira","8","7","15"
"Ansh3009","8","7","15"
"Ant-25","7","8","15"
"Ant103","6","9","15"
"AntiSport","6","9","15"
"Anton0502","8","7","15"
"AntonFert","7","8","15"
"Antonio_Fuentes","7","8","15"
"antoniomurgia","8","7","15"
"antonukivan1959","8","7","15"
"Antonym007","8","7","15"
"ANTREASKP","7","8","15"
"anumole","7","8","15"
"Anurag130584","9","6","15"
"aosuhgfas","7","8","15"
"ap10_3","8","7","15"
"apetard","9","6","15"
"api19","8","7","15"
"Apostrofree","8","7","15"
"Appie747","7","8","15"
"applet-reactor","7","8","15"
"Aqeel92","8","7","15"
"arabic_wolf","7","8","15"
"Arad_Karimi","8","7","15"
"archi_vdc","8","7","15"
"arda359","7","8","15"
"arefparvak","7","8","15"
"Argentum999","7","8","15"
"Argosthedog","8","7","15"
"ArielNinoAton","7","8","15"
"arien7","7","8","15"
"Arif_Wahyudi","8","7","15"
"ArifulFarhan","8","7","15"
"arimail77","7","8","15"
"ArjaycBernardo","8","7","15"
"arleq2020","7","8","15"
"arlutz","7","8","15"
"Armanabg","14","1","15"
"Armanitraber04","6","9","15"
"Armel-b","7","8","15"
"armin1362","7","8","15"
"ArnaAKulkarni","8","7","15"
"arnavvranjan","7","8","15"
"arnichess","8","7","15"
"Arsen9604","7","8","15"
"ARSENIYsvin","7","8","15"
"arso-aydin","7","8","15"
"Artur-Gaina","8","7","15"
"ArturoBandini9","8","7","15"
"Arturs_Perfurovs","8","7","15"
"Artus43","9","6","15"
"Aryan_MM1","8","7","15"
"Asaad67","7","8","15"
"Asary","8","7","15"
"AsdrubalBarca","6","9","15"
"Asegar","8","7","15"
"asg2000","8","7","15"
"ashgun86","7","8","15"
"ashish_nagpur","7","8","15"
"Ashkilreiju","8","7","15"
"ashokml","7","8","15"
"Asif133-20829","8","7","15"
"AssProZlo","8","7","15"
"Astra369","7","8","15"
"Astras_p","6","9","15"
"asvirgil","8","7","15"
"Aswin_aswin","8","7","15"
"Ataman7777","7","8","15"
"athonian","7","8","15"
"AtlantesNL","8","7","15"
"Atoff-2","8","7","15"
"ATOMIC135","13","2","15"
"Atoysman","9","6","15"
"Attilagalamb","7","8","15"
"Attirov","7","8","15"
"austinredthomas","8","7","15"
"Avagyan2008","7","8","15"
"Avety","7","8","15"
"avinashkartik","7","8","15"
"avkuzmenko","7","8","15"
"Awnerd","7","8","15"
"axiomattik","8","7","15"
"AyazMS","9","6","15"
"Ayman411","8","7","15"
"ayoze80","7","8","15"
"Aypumpn","8","7","15"
"Aza1990","5","10","15"
"azermekhtiyev","8","7","15"
"Azice","8","7","15"
"azizbettioui","9","6","15"
"azjezz","8","7","15"
"aznaur211","9","6","15"
"B737M","8","7","15"
"Baba_Yaga09","8","7","15"
"babahase","9","6","15"
"babaknas","7","8","15"
"babmington","7","8","15"
"Babylon1987","7","8","15"
"BabylonSystem","7","8","15"
"bac10ly","8","7","15"
"BadWolf180","7","8","15"
"Bae_JooHyun_lover","8","7","15"
"Bagirow","7","8","15"
"Bahamdrakina","7","8","15"
"BainKnight","7","8","15"
"bakai2013","7","8","15"
"balam_crimson","9","6","15"
"Balettan2","7","8","15"
"Ballacher","6","9","15"
"Ballal","7","8","15"
"bammy","7","8","15"
"Banabart","7","8","15"
"bandido701","7","8","15"
"BaneRiemann98","7","8","15"
"Baraa-Almodrek","7","8","15"
"barbichina","8","7","15"
"bardi_ba16","7","8","15"
"barnsnake","8","7","15"
"barschzumund","6","9","15"
"BartBartBart","8","7","15"
"BARTIMIUS12","8","7","15"
"bartyjool","8","7","15"
"bascasljiva","8","7","15"
"BashkimMa","10","5","15"
"basoon330","8","7","15"
"Bassem_Nassar","7","8","15"
"bassically73","7","8","15"
"Bastanov","7","8","15"
"Batil","7","8","15"
"Batmunkh0","8","7","15"
"bayci1985","5","10","15"
"Baykem1","8","7","15"
"bayzn","6","9","15"
"Bazookocircus","7","8","15"
"BBD0072_KEVISVARAN","7","8","15"
"bbl64","7","8","15"
"Bbllaaddee","7","8","15"
"BduzyJelen","7","8","15"
"BE_68","7","8","15"
"be_nice_is_free","8","7","15"
"beanjokes","8","7","15"
"Beatskull","9","6","15"
"beginnerwannabe","7","8","15"
"begood123","8","7","15"
"behruzahmet","7","8","15"
"bekad2","7","8","15"
"beligro","8","7","15"
"Belowaverage09","8","7","15"
"BenAtticus","8","7","15"
"BenedictusXVI","8","7","15"
"BENgiddah","9","6","15"
"Benim07","8","7","15"
"beno","10","5","15"
"Benxaque","7","8","15"
"berke132","7","8","15"
"berkekahraman3131","7","8","15"
"Bernabas9","8","7","15"
"BerndPan","8","7","15"
"beshik2h","8","7","15"
"best_maths_memesIG","6","9","15"
"bestrader","7","8","15"
"betulseha","7","8","15"
"bezpolotu","6","9","15"
"bgoddin","7","8","15"
"Bhagwat07","8","7","15"
"Bharatarki","8","7","15"
"Bharathr27","8","7","15"
"Bhdr256","7","8","15"
"bibbysosa","8","7","15"
"Bibelette","7","8","15"
"bicili","8","7","15"
"BidiBoy","7","8","15"
"bidibu","7","8","15"
"Biernot","8","7","15"
"BigboyBowman","6","9","15"
"BigChessMan124","8","7","15"
"bigchesspower","9","6","15"
"bigg_smoke","7","8","15"
"BigPandita","7","8","15"
"bigyumz","6","9","15"
"biish0P","9","6","15"
"billyboy77","9","6","15"
"bilmiyodumki","8","7","15"
"Bilol9911","8","7","15"
"BishopBlessings","8","7","15"
"bivo","8","7","15"
"bjveira","8","7","15"
"bkhanyilee","7","8","15"
"bkoleg","8","7","15"
"bkusrest","8","7","15"
"Black_dealer","9","6","15"
"blacknight20","7","8","15"
"Blackyin","8","7","15"
"blaco50gr","7","8","15"
"Bladesxd","8","7","15"
"blaljsryalamadrid","7","8","15"
"blanchard1","8","7","15"
"Blankboiii","7","8","15"
"blueknightredknight","8","7","15"
"Bluelight53","8","7","15"
"bluyin","7","8","15"
"bmpascoguin","8","7","15"
"bmx81","7","8","15"
"bna61","7","8","15"
"bobbytal440","7","8","15"
"Bobbytheindian","8","7","15"
"Bober001","7","8","15"
"BOBRIspitatel","8","7","15"
"bobromir","6","9","15"
"bobsik111","8","7","15"
"BodoSpartan","7","8","15"
"bogdanSen","7","8","15"
"BolloBollo","8","7","15"
"bondarev","6","9","15"
"Bondesnapperen","8","7","15"
"BONEKCAK","7","8","15"
"bongcloud97","7","8","15"
"boni77","8","7","15"
"boostfi","8","7","15"
"BorahanDeniz","8","7","15"
"BorAleks","6","9","15"
"borisiojuro","7","8","15"
"Borja1992","8","7","15"
"BoscoVIX","7","8","15"
"bot179","7","8","15"
"bouzafria","7","8","15"
"boyombo1","8","7","15"
"BozidarS1","8","7","15"
"BraBaBaYaGaGa","7","8","15"
"bracar","8","7","15"
"braiandaniel83chess","7","8","15"
"BreachTheLine","8","7","15"
"brendid","7","8","15"
"BrentHeirman","7","8","15"
"brian_greenbee","8","7","15"
"Brij-esh_57","8","7","15"
"briobrie","7","8","15"
"brittain92","8","7","15"
"brkztrk","6","9","15"
"broccolibush42","8","7","15"
"Bronski17","8","7","15"
"Brook_fan","7","8","15"
"brother-7777","7","8","15"
"BrownSportsGuy","8","7","15"
"brtfbr","6","9","15"
"bsupp1999","9","6","15"
"BTheGreat","7","8","15"
"Bubarf","9","6","15"
"Bukkapu","8","7","15"
"bulat729","8","7","15"
"bundit","7","8","15"
"Bungus2Bungus","6","9","15"
"bunyaminpolat89","7","8","15"
"burtoc","7","8","15"
"burzhun","8","7","15"
"Buzuluk","10","5","15"
"bvanderw","8","7","15"
"bwesty_14","8","7","15"
"Bymathematician0","7","8","15"
"c73cris","9","6","15"
"CadereDiscere","7","8","15"
"cadkyjo","7","8","15"
"Cagampanov430","8","7","15"
"Cagnus_Marlsen_73","8","7","15"
"CagnusMarlsen1435","7","8","15"
"caioblackops","8","7","15"
"caiopops","8","7","15"
"cairiartev","7","8","15"
"calafrag","8","7","15"
"Calanthe","7","8","15"
"caleuche","8","7","15"
"callme_blondie","6","9","15"
"CalventePepe","7","8","15"
"camelluo","6","9","15"
"Canhino19","8","7","15"
"Cantalou","9","6","15"
"CAPAngLIGAO","8","7","15"
"CapaRov1","8","7","15"
"Capivari","6","9","15"
"cara_naka","8","7","15"
"Cardi","9","6","15"
"Carlos6666","8","7","15"
"Carlos9898","7","8","15"
"carpedef","9","6","15"
"carvalho78","8","7","15"
"casborg","7","8","15"
"Cascamonde","8","7","15"
"casiestoner","9","6","15"
"cataseven","8","7","15"
"catursaham","7","8","15"
"CavemanWyld","8","7","15"
"ccyronakayy","8","7","15"
"Celal_Nebiyev","8","7","15"
"CenationTaker","7","8","15"
"Centtumpion","8","7","15"
"Cephanevi","7","8","15"
"cereal_killer_moya","6","9","15"
"cesar133","8","7","15"
"cesaralvarado3","8","7","15"
"cestmoisimba","5","10","15"
"ceuoalluop","7","8","15"
"cevelon","7","8","15"
"Ceyl0","9","6","15"
"cfnm01","7","8","15"
"CGrecco","8","7","15"
"chairno","8","7","15"
"Chaitanya23","8","7","15"
"chal88","8","7","15"
"changizx2","7","8","15"
"chaosmafia58","7","8","15"
"charles_brown1","7","8","15"
"Charleybrown70","7","8","15"
"Charmander44","7","8","15"
"chasser88","7","8","15"
"chaston","7","8","15"
"chavezortiz","8","7","15"
"cheers2chess","8","7","15"
"chegebrian","8","7","15"
"ChelimsizPaxlava","7","8","15"
"chemweno","6","9","15"
"ChernenkoDanil","8","7","15"
"cherress","8","7","15"
"chess_king_vkube","7","8","15"
"Chess_player_Joey","7","8","15"
"Chess_Ronaldo","8","7","15"
"Chess_Universe_2023","7","8","15"
"Chess-Ninja-Goldie","7","8","15"
"Chess-Terrorist46","8","7","15"
"Chess0009","7","8","15"
"chessartist54","7","8","15"
"Chessbrah19","9","6","15"
"chessdjw","7","8","15"
"ChessDunn","8","7","15"
"ChessedToImpress","7","8","15"
"chesselisabeth","8","7","15"
"Chesserker","7","8","15"
"Chessi-James","8","7","15"
"Chessjazz4","8","7","15"
"ChessJLR","8","7","15"
"chesskingkn09hd7rur","7","8","15"
"chessmalter1","7","8","15"
"chessmj9","8","7","15"
"chessnewbie918","7","8","15"
"ChessNf3","7","8","15"
"chessnut81","6","9","15"
"ChessPlayer_012345","8","7","15"
"Chessplayer2101","9","6","15"
"chessrg17","7","8","15"
"CHESSROCKY","7","8","15"
"Chesstnii","7","8","15"
"Chesswortex1903","7","8","15"
"chezzterminator800","8","7","15"
"chico72","8","7","15"
"Chief_Big_Jug","8","7","15"
"Chiemeka","8","7","15"
"Chikku_31","7","8","15"
"ChilufyaMashambe","8","7","15"
"chinez_7","7","8","15"
"chintala9","8","7","15"
"chintofano","8","7","15"
"Chirath_1234","8","7","15"
"chizwiz","8","7","15"
"Chloe_box","8","7","15"
"chouhan_Ayushman","8","7","15"
"ChrisInEdmonton","8","7","15"
"chriss22","6","9","15"
"christian_ronaldo1","9","6","15"
"Christisaliveinheart","7","8","15"
"ChristoMBrillantes","9","6","15"
"Christophemathieu49","7","8","15"
"Chruptor","7","8","15"
"chumpy","8","7","15"
"Chypsie58","10","5","15"
"cifoZ","7","8","15"
"Ciro_Capre","8","7","15"
"citra_amelia95","8","7","15"
"ckt125","7","8","15"
"Clarklagang","9","6","15"
"Cllueless","7","8","15"
"cloudyyl","7","8","15"
"Clovis1088","8","7","15"
"cmews","7","8","15"
"cmk15","7","8","15"
"cmusa44","8","7","15"
"cocakai","9","6","15"
"Cochondindo","8","7","15"
"CocoRd","8","7","15"
"Codesov","6","9","15"
"Cola_Zonder","7","8","15"
"ColdTehran","7","8","15"
"Colorama","7","8","15"
"CONDETO","9","6","15"
"confusedweather","8","7","15"
"Conrado3","8","7","15"
"ConstantinMarc","7","8","15"
"Contaflex","8","7","15"
"coolerman","7","8","15"
"Coolerstake","8","7","15"
"copyer_fc","7","8","15"
"corfurra","8","7","15"
"corle007","7","8","15"
"CosmeFulanito46","8","7","15"
"cossuttafan","7","8","15"
"costet","7","8","15"
"Cr7wechess","8","7","15"
"cracus","8","7","15"
"CrazierRex","8","7","15"
"Credulity","7","8","15"
"creeatig","7","8","15"
"Crimean_Anna","8","7","15"
"crisbm1973","8","7","15"
"croghan97","8","7","15"
"CroSsY23","7","8","15"
"CrownJJ","8","7","15"
"crstefan","7","8","15"
"crxzzzzz","7","8","15"
"csakmakk","8","7","15"
"csandris","8","7","15"
"csgroce","8","7","15"
"cube_m","9","6","15"
"cutku","7","8","15"
"CyberChert","7","8","15"
"Cypppppppppppppppp","8","7","15"
"cyrlex","7","8","15"
"Czarjoy","7","8","15"
"Czesio","7","8","15"
"D1neX1107","8","7","15"
"D3Exclusive","7","8","15"
"d43lio","7","8","15"
"D4Nc61-0","8","7","15"
"da13","8","7","15"
"dadas-25","9","6","15"
"Daito_998","8","7","15"
"DALERAMO","7","8","15"
"Dama333","8","7","15"
"damir1238","8","7","15"
"DAMODARAM","8","7","15"
"DandyManny","8","7","15"
"danhershel","8","7","15"
"Danialhomaun","8","7","15"
"daniel0chess","7","8","15"
"DanielB2011","8","7","15"
"DanielBiedenbach","8","7","15"
"DaniloBesedes","7","8","15"
"danpin2","8","7","15"
"Danroselli","9","6","15"
"dantesl","7","8","15"
"Danya_sharky","7","8","15"
"Danyboydu13","8","7","15"
"Daraliel","9","6","15"
"DarkItachi","8","7","15"
"DarkLink182","8","7","15"
"Darklord555","7","8","15"
"DarkPatate","8","7","15"
"darkthor786","8","7","15"
"darnel","7","8","15"
"darshan283","8","7","15"
"DATV75","7","8","15"
"David_ChessExcelsior","7","8","15"
"Davidalhesa","7","8","15"
"davidchessczech","6","9","15"
"Davidesaqui","7","8","15"
"DavidKyshynko","9","6","15"
"DavidLeandro","8","7","15"
"Davidspi","8","7","15"
"davilova","7","8","15"
"davood1198","7","8","15"
"dawgunderpressure","8","7","15"
"DD6613","8","7","15"
"ddaydreams1","8","7","15"
"dean7777777","7","8","15"
"deanmcv","7","8","15"
"Dear_Invisible","8","7","15"
"debasis_01","7","8","15"
"DecBee","8","7","15"
"decoliveira","8","7","15"
"dedaw","7","8","15"
"Dedi_irawan","9","6","15"
"Deeeek","7","8","15"
"Deepak110898","6","9","15"
"deeperdelta","7","8","15"
"deepesh11","6","9","15"
"Deerhound","8","7","15"
"Deeyanbothra10","6","9","15"
"DEFEATsir","7","8","15"
"DefJam90","7","8","15"
"DefLeppard","7","8","15"
"degornjo","9","6","15"
"Del_Cel_Sialab","8","7","15"
"DelicateStorm32","9","6","15"
"DelNG","7","8","15"
"Delphi1977","9","6","15"
"demidovd","7","8","15"
"demirciokn","8","7","15"
"DemolishionMan","7","8","15"
"Denbur8","7","8","15"
"dendanilov","8","7","15"
"DendrofilForYgdrasil","7","8","15"
"denilovitch","8","7","15"
"Denis_Matveev","7","8","15"
"Denis_Mushlantov2009","9","6","15"
"Denys_Stetsenko","7","8","15"
"DerK10","7","8","15"
"DerzkijPyos","7","8","15"
"DestroyerSani","7","8","15"
"detech500","7","8","15"
"DetectiveBlunder","7","8","15"
"deusblack","7","8","15"
"dev-priporov","8","7","15"
"devil_inside","8","7","15"
"Devilsmaycry","8","7","15"
"DeviouBoots","8","7","15"
"devyani123","10","5","15"
"dewbler","8","7","15"
"dex50","7","8","15"
"dggh","7","8","15"
"dhruv1507","7","8","15"
"DIaaA1993","7","8","15"
"dibbo007","7","8","15"
"diego1975","7","8","15"
"DiegoAlejoG","9","6","15"
"Diegoj7","7","8","15"
"dierosasau","8","7","15"
"Digiyus81","7","8","15"
"Dilkay","8","7","15"
"dillu114","6","9","15"
"dimatavr","7","8","15"
"dimitrovbm","6","9","15"
"dimmdimm","8","7","15"
"Dimnisignal7","9","6","15"
"Dindayal_30","8","7","15"
"Dinesh88","8","7","15"
"Dinora","8","7","15"
"DionDenzelAdvincula","7","8","15"
"DipeshTamboli1","7","8","15"
"disciplegambit","8","7","15"
"DizzyKing","7","8","15"
"dj_SavioR97","7","8","15"
"Dj2186","7","8","15"
"DM68","8","7","15"
"Dmitri-123","7","8","15"
"Dmitry_Viktorovich","7","8","15"
"DMX92","7","8","15"
"dntim","7","8","15"
"Do-thraki","9","6","15"
"DocenteINA","8","7","15"
"DoctrHouse","8","7","15"
"dod60","8","7","15"
"Doge_Dandolo","7","8","15"
"DOGGIE_master","8","7","15"
"dogus08","7","8","15"
"DoguYsrr","7","8","15"
"Dolatyan","7","8","15"
"dolfi","8","7","15"
"domahony","7","8","15"
"dominator43","8","7","15"
"Domyati","7","8","15"
"DonDiegon","7","8","15"
"donelbek","8","7","15"
"DonElDragondelChess","7","8","15"
"donguri211","7","8","15"
"doo0oodi","8","7","15"
"doodle_bug","7","8","15"
"Doppler12321","8","7","15"
"doriez","7","8","15"
"double07pawn","8","7","15"
"DoubleGutted","7","8","15"
"dougiO5","8","7","15"
"Dovahzul","8","7","15"
"DPYNG","6","9","15"
"Dr_BenwayXX","6","9","15"
"Dr_Renard","8","7","15"
"Dr_tron101","8","7","15"
"Dr-Cooper","7","8","15"
"Dr-Wangenheim","8","7","15"
"Dragon_Alex","7","8","15"
"Dragonlisk","8","7","15"
"Dranzer99","8","7","15"
"dratyte0","7","8","15"
"Draugodan","8","7","15"
"DrBlunderMasterTTV","8","7","15"
"drdesoto22","7","8","15"
"drdodier123","8","7","15"
"Drdoov","7","8","15"
"Dreadful_death","8","7","15"
"Dreamer457","8","7","15"
"DrFlink","9","6","15"
"dripa","7","8","15"
"DrLegolas","9","6","15"
"DrMakerstein","8","7","15"
"dronex10","8","7","15"
"droplets_of_rain","7","8","15"
"DrPeaceVictory","9","6","15"
"DrST0NED","8","7","15"
"DrTaktykterstein","7","8","15"
"dtriest","9","6","15"
"DualChessTV","7","8","15"
"ducthiennguyen","7","8","15"
"dudewithahoodie","9","6","15"
"dudist","6","9","15"
"duncan2020","7","8","15"
"DungeonFamily","7","8","15"
"Dustin_Dod","7","8","15"
"duvernavia16","6","9","15"
"dviralsh","6","9","15"
"dxbair","8","7","15"
"dxon_ug","7","8","15"
"dz77","9","6","15"
"dzemingo","7","8","15"
"E110101","8","7","15"
"E78Emp87E","7","8","15"
"easy99","7","8","15"
"EasyWinLolNoope","7","8","15"
"ebumelo1","7","8","15"
"ecar","8","7","15"
"Ecidicius","7","8","15"
"ecjensen","7","8","15"
"Eddy_De_La_Cruz","7","8","15"
"edek99","7","8","15"
"edglo","7","8","15"
"ediazp","8","7","15"
"edizOn","9","6","15"
"EDLechecs","7","8","15"
"Edopastis","8","7","15"
"eduardkolesnikov","7","8","15"
"Edugostosao","9","6","15"
"Eemir-2006","8","7","15"
"egivaud","8","7","15"
"Egyptianking","7","8","15"
"ehbobbeh","8","7","15"
"EkariOrama","8","7","15"
"el_joey","7","8","15"
"El_Teide","8","7","15"
"El_Yazar","7","8","15"
"elaouamihassan","9","6","15"
"elconceptual","9","6","15"
"elena-nikitina","7","8","15"
"eliassph","8","7","15"
"eliezer723","7","8","15"
"Elkapaya","7","8","15"
"elkoranyoooov","8","7","15"
"elliot_alderson_404","8","7","15"
"elmaspro002","7","8","15"
"Elmerson","8","7","15"
"elmfarhang","8","7","15"
"elmonkey","7","8","15"
"Elo-Quent","9","6","15"
"ElonMuskTwitter","8","7","15"
"elPacha11","7","8","15"
"ElPeonDeAcero","8","7","15"
"elpepejamaspierde","7","8","15"
"eltigreII","8","7","15"
"ElXeneize","8","7","15"
"EmadHammouda","7","8","15"
"Emer_Limbo22","8","7","15"
"emieagreste","8","7","15"
"emil240","7","8","15"
"emilbrend","7","8","15"
"eminutkucu13","7","8","15"
"emman_ok","7","8","15"
"empty-battery","8","7","15"
"emre56899","7","8","15"
"EmreErdem0344","8","7","15"
"Emreyldrm2121","7","8","15"
"endgamelearner","8","7","15"
"endywr10","9","6","15"
"Eng_AhmedAbdullah","8","7","15"
"Enitsug","8","7","15"
"enneli","8","7","15"
"Enos55","9","6","15"
"enriann10","7","8","15"
"enrijesu","7","8","15"
"enrique-tapia_103","8","7","15"
"enunes","7","8","15"
"enzogo","8","7","15"
"Epoxico","10","5","15"
"eratilla","8","7","15"
"ercanbrkn34","7","8","15"
"erco08","8","7","15"
"Erfan7e35et","8","7","15"
"Erinsiena","7","8","15"
"Eristys75","8","7","15"
"erkameren33","8","7","15"
"erkolacci","7","8","15"
"Ernesto78_cont-m","7","8","15"
"Ernestshams","8","7","15"
"erradid","7","8","15"
"Errare-humanum-est","6","9","15"
"error_io","8","7","15"
"errorrus","7","8","15"
"ertuio","7","8","15"
"es-Seffah","7","8","15"
"esamson","8","7","15"
"ESCORCIA_1","7","8","15"
"esmaeili","8","7","15"
"esoas","8","7","15"
"essasaeed","8","7","15"
"Estebangamer77","6","9","15"
"Eternaall","7","8","15"
"eti64","8","7","15"
"EugenioEd235","8","7","15"
"Eule1","8","7","15"
"Euscorpius","8","7","15"
"Evgenyermolaev","9","6","15"
"evicio","8","7","15"
"EwB3d","5","10","15"
"Ewgen185","7","8","15"
"Expater","7","8","15"
"eyal2000","8","7","15"
"EyeILLUSION","8","7","15"
"eymenhamza","8","7","15"
"ezmlm","8","7","15"
"ezzo01","8","7","15"
"F1eldEz13","7","8","15"
"Fabianompl","8","7","15"
"FabianWolff","8","7","15"
"FabienWang","7","8","15"
"FaceBuch","7","8","15"
"Factorial_zero","7","8","15"
"FahimullahZiaee","8","7","15"
"faig_ibr","6","9","15"
"FAlharbi1998","9","6","15"
"falke_b4","7","8","15"
"famzzzy","8","7","15"
"Fantom_G","7","8","15"
"farahsampion","7","8","15"
"farbopps","8","7","15"
"FarhadBagheri","7","8","15"
"faridboukabous","7","8","15"
"FarisF","8","7","15"
"Farodriguez","7","8","15"
"farshad697","7","8","15"
"fastbilly","8","7","15"
"fastplaychel","7","8","15"
"Fastplayer29","8","7","15"
"Fatahilah","7","8","15"
"fatihmehmet19","8","7","15"
"Fayis1982","6","9","15"
"fcb523","8","7","15"
"febg40","7","8","15"
"fede0666","10","5","15"
"FedeMessina","7","8","15"
"Fekry-Ahmed","8","7","15"
"Felicshin","7","8","15"
"felikc","7","8","15"
"FelixT1984","7","8","15"
"fenrarer228","8","7","15"
"Fenrir-Fang","7","8","15"
"Ferhguz","7","8","15"
"fermanchuela","8","7","15"
"Fernando696","9","6","15"
"FernandoAcevedo","5","10","15"
"Fethi22","8","7","15"
"FFedorK","8","7","15"
"FFF007","8","7","15"
"Fffdw","8","7","15"
"fide77","8","7","15"
"fikus2018","7","8","15"
"Filipaszka","7","8","15"
"Fimbres","7","8","15"
"Finalrun666","8","7","15"
"Finchpatrick","7","8","15"
"firmabajoel0","8","7","15"
"Fischer_64","8","7","15"
"fisherboss86","7","8","15"
"fitimlutfiu","7","8","15"
"fl","7","8","15"
"flaviopopoff","9","6","15"
"flickon","7","8","15"
"floffchikc","8","7","15"
"flomenk0","7","8","15"
"FloresAlejandro","8","7","15"
"Florrran","8","7","15"
"flutemaker","6","9","15"
"Fobe","9","6","15"
"FoosballWill","8","7","15"
"foratfaris","8","7","15"
"forceOfHabit","8","7","15"
"ForestMy","8","7","15"
"ForgotTheGame","8","7","15"
"fork_it","7","8","15"
"formula2Gambit","7","8","15"
"ForsakeNinnight","8","7","15"
"Foxlight","8","7","15"
"Fozoolbashi","6","9","15"
"fra95ita","8","7","15"
"francisco3","7","8","15"
"Frank2612","8","7","15"
"frankensteingambit","8","7","15"
"FrankiePoh","7","8","15"
"FranzKingfisher","8","7","15"
"FRED1963","7","8","15"
"Freddie11","8","7","15"
"frederick40","8","7","15"
"fredifries123","9","6","15"
"Frednc3","8","7","15"
"FredPlam","7","8","15"
"freespirityouth","8","7","15"
"Frekr","7","8","15"
"frenchieclem","8","7","15"
"Fresh_account1","8","7","15"
"FreshVic","7","8","15"
"Friends_r_dangerous","8","7","15"
"Frisded","8","7","15"
"Fristrech","9","6","15"
"frithjof_bm","8","7","15"
"fromsakh","7","8","15"
"Fruchtsalat","8","7","15"
"fschewzow","8","7","15"
"funchess921","7","8","15"
"Fusedcon","8","7","15"
"Fuseritos","7","8","15"
"fuxpui","6","9","15"
"G4unt","8","7","15"
"Gabaz","6","9","15"
"gabrams","6","9","15"
"gabrielataque","8","7","15"
"gadfly111","7","8","15"
"GAGArinREcorDS","8","7","15"
"gaithmuhtadii","8","7","15"
"Galactussl","9","6","15"
"galakstop123","6","9","15"
"GamesZone","7","8","15"
"GaMrakinho","8","7","15"
"gandharsoman","6","9","15"
"ganeshbn","8","7","15"
"gaozu","7","8","15"
"Garandi","9","6","15"
"garayevf","8","7","15"
"garbut","8","7","15"
"GarManukyan","6","9","15"
"GarrettBobbyFerguson","7","8","15"
"garyandres","8","7","15"
"GaseosaSinGas","7","8","15"
"GastonWein","8","7","15"
"Gaurav2608","8","7","15"
"Gavra59","6","9","15"
"Gavroche_Thenardier","6","9","15"
"Gazap","7","8","15"
"gdaniil89","7","8","15"
"Gektosi","8","7","15"
"gelatries","8","7","15"
"geluca","7","8","15"
"Genauso01","7","8","15"
"GenCSwift","8","7","15"
"genio34","8","7","15"
"georgi-igrae-shah","8","7","15"
"Ger2013man","8","7","15"
"GeraAmador","7","8","15"
"geraldooliveira","8","7","15"
"Gerard8909","6","9","15"
"Gevorg_Harutjunyan","7","8","15"
"geza66","7","8","15"
"Ghaharman","8","7","15"
"ghibran","7","8","15"
"Ghost_of_GB","8","7","15"
"GhostsAndGoblins","5","10","15"
"Gian2090","7","8","15"
"gidya123","9","6","15"
"giggleworth","8","7","15"
"gigrobot","7","8","15"
"gimpovn","7","8","15"
"gingergmstyle","7","8","15"
"giorap","8","7","15"
"giovannitubaro","7","8","15"
"Giox1812","9","6","15"
"githinjii","6","9","15"
"GiulioAlessandro","7","8","15"
"Giulliano-Teruya","7","8","15"
"gizatupu","7","8","15"
"gkhngkhn123","7","8","15"
"gkhngrkn","7","8","15"
"glejtmat","7","8","15"
"Glibre2","7","8","15"
"Glidingdong","8","7","15"
"globitobombucha","7","8","15"
"Glutt194","8","7","15"
"gmrsimon","9","6","15"
"gnanamsalomi_212","7","8","15"
"gncabee","9","6","15"
"gnndeep7","8","7","15"
"Gnr777","9","6","15"
"gnt009","7","8","15"
"Go-Inigo","8","7","15"
"GodlyCarbonara52","8","7","15"
"godseeker14","8","7","15"
"GoldMafiaX","7","8","15"
"Gonzo86","7","8","15"
"goocool_24","8","7","15"
"good_atom","7","8","15"
"GoodOldReliable","7","8","15"
"goose_chess","10","5","15"
"Gorria","7","8","15"
"gosiesta","7","8","15"
"Gr1bn1c","7","8","15"
"Gr8Gambit","8","7","15"
"Gradi5Munene","8","7","15"
"Graf_de","8","7","15"
"Granex","9","6","15"
"Grant1983","8","7","15"
"gravierpaladin","7","8","15"
"GreatDarvin","8","7","15"
"greekway","7","8","15"
"greenviper","7","8","15"
"Gregory49201","6","9","15"
"greyson07","7","8","15"
"grindpad","8","7","15"
"Groetzbach","8","7","15"
"grzebien","7","8","15"
"gtosun","7","8","15"
"GTR30","7","8","15"
"GTUPP","8","7","15"
"guca123","8","7","15"
"gueril","7","8","15"
"Guguk21","8","7","15"
"Guideon_Schalt","7","8","15"
"guidopietro91","8","7","15"
"guilledani","8","7","15"
"Guiltpleasure","8","7","15"
"GulliverMadrid","8","7","15"
"gunebakan37","7","8","15"
"Gurton-Buster","7","8","15"
"GWilkerson","7","8","15"
"gyurygyury","8","7","15"
"h_sepahvand","8","7","15"
"h00d_rich","7","8","15"
"h3kvus","7","8","15"
"H3paJ","8","7","15"
"Haarspringer","7","8","15"
"Haavard81","8","7","15"
"HaciBerke","7","8","15"
"hahaee","9","6","15"
"Haiderkareem98","8","7","15"
"haimuhammad","7","8","15"
"Hajimme","7","8","15"
"hak4n2","9","6","15"
"Hakeny","7","8","15"
"HaLaYBeYogLu","9","6","15"
"haleo","7","8","15"
"halilbaha","8","7","15"
"halpsb","7","8","15"
"hamed2478","6","9","15"
"Hamidjons","9","6","15"
"hamzimosta","8","7","15"
"hanifast","8","7","15"
"HappyAlpaca","7","8","15"
"Harunhan88","7","8","15"
"hasan471212","8","7","15"
"hatsubuu","8","7","15"
"HaustovDmitrij","9","6","15"
"Haydarmert","7","8","15"
"HazelScarlet","8","7","15"
"headinajar","8","7","15"
"heatman1","7","8","15"
"heixko","9","6","15"
"HEKESOR","8","7","15"
"Helampas","8","7","15"
"Helg_Power","8","7","15"
"HelloHikaru","7","8","15"
"Helmesberger","7","8","15"
"hemanshexo","8","7","15"
"Heorge","7","8","15"
"Heribertomex","8","7","15"
"hesham901","7","8","15"
"hetgur25","7","8","15"
"Hhhhhm","8","7","15"
"HikmatMo","8","7","15"
"HilariousHorseman","7","8","15"
"HillbillyGenius","7","8","15"
"Hjames23","8","7","15"
"ho3ein61","8","7","15"
"homero56","6","9","15"
"horeeet","8","7","15"
"Horlawale","8","7","15"
"Hosny_1964","7","8","15"
"hossein_babaee","8","7","15"
"hottomato4","8","7","15"
"houssam","8","7","15"
"Hram25","8","7","15"
"hruotane","8","7","15"
"hsyngrgze","9","6","15"
"Hugh__Hafner","7","8","15"
"Hugo_troyano","8","7","15"
"Huitzilopochtli69","8","7","15"
"human55","7","8","15"
"HungryBear81","6","9","15"
"hunter_killer00","8","7","15"
"huseyin_1903_15","8","7","15"
"HuseyinEsat","8","7","15"
"Huybui2911","6","9","15"
"HVK79","6","9","15"
"Hyppocampus","8","7","15"
"i_am_king_of_kings_1","6","9","15"
"I_ingest_cheese","7","8","15"
"I-dont-get-Lucky","8","7","15"
"i-shmatko","9","6","15"
"i132franco","7","8","15"
"I5v6a2n","8","7","15"
"IAC78","8","7","15"
"iamadil2","7","8","15"
"iamShiba","6","9","15"
"Iamuv","8","7","15"
"IbrahimPandzic","7","8","15"
"ibrahimyazimci","8","7","15"
"ibroo_jay","6","9","15"
"IceBurnEngine","5","10","15"
"Icecrimmelt","7","8","15"
"iceinyoureyes","7","8","15"
"ictoafun","6","9","15"
"ides7roy","7","8","15"
"Idfst","8","7","15"
"iFISCHER00","9","6","15"
"Igbarumun","8","7","15"
"IgnatiousN","7","8","15"
"Igor_Filipovich","8","7","15"
"Igorev","7","8","15"
"IGotNerf6676","7","8","15"
"Igrac_saha","8","7","15"
"iGuerra89","7","8","15"
"Ihwal_Muhammad","7","8","15"
"IisBest","7","8","15"
"Ijevan-Chess777","7","8","15"
"ijkhurana","7","8","15"
"Ikigai137","8","7","15"
"ilanri","8","7","15"
"Ilsyx","7","8","15"
"Ilyas_Shoy","7","8","15"
"imad1996","6","9","15"
"ImaGirlPlayer","8","7","15"
"IMASeriousPlayer","7","8","15"
"ImperatorKonstantin","6","9","15"
"inakivk","7","8","15"
"Inclinatusadarete","8","7","15"
"incongurous","8","7","15"
"inconsiderate_pigeon","9","6","15"
"Indjija123","8","7","15"
"Infinity315","8","7","15"
"Ingarius","7","8","15"
"Ingvarr777","7","8","15"
"insensitive1","8","7","15"
"Insiatio","7","8","15"
"Internaco_GSP","7","8","15"
"invatsajoc","8","7","15"
"InvestmentPrankster","7","8","15"
"Iodi","7","8","15"
"Iplay4Drawski","8","7","15"
"IrDr","7","8","15"
"IronBreath","7","8","15"
"Ironhal","7","8","15"
"Ironman1622","8","7","15"
"IsaacCubillos","8","7","15"
"IskrenBaninski","7","8","15"
"islamov2020","8","7","15"
"ismailmedyahya","8","7","15"
"israelaw08","7","8","15"
"Isthemoment","7","8","15"
"itaiacoca","9","6","15"
"itayov","8","7","15"
"itrytow","8","7","15"
"itsartificial","8","7","15"
"itsnotguddu","8","7","15"
"ivan_bolotin","7","8","15"
"Ivan_Smirnov1997","7","8","15"
"Ivan21390995","8","7","15"
"Iwankincai","9","6","15"
"IWinAgain1","7","8","15"
"iyaas545","8","7","15"
"izan_ag","7","8","15"
"izzatvobkent","8","7","15"
"ja4516975","7","8","15"
"JACK_E_BAGBAGA","8","7","15"
"Jackson551","9","6","15"
"Jadlarsen","7","8","15"
"jahongir070","7","8","15"
"jaiamar2003","8","7","15"
"Jaideep79","8","7","15"
"jairo-araujo","6","9","15"
"Jaiz93","8","7","15"
"Jalod5","9","6","15"
"jamal_ameli","7","8","15"
"James_Bedore-Chess","7","8","15"
"James3722","7","8","15"
"jamesacojedo","8","7","15"
"jamescrusher","8","7","15"
"Jamesdg408","8","7","15"
"JanAdra","7","8","15"
"jango99","8","7","15"
"Jannekasperi","9","6","15"
"JAR_Ajedrez","8","7","15"
"Jasko2000","7","8","15"
"Jasmatash","7","8","15"
"Jasur_85","8","7","15"
"jayarahul","8","7","15"
"jayeshv","7","8","15"
"jbal2839","8","7","15"
"jbeadles","7","8","15"
"jbenlandau","10","5","15"
"JC1004","8","7","15"
"JCTolley","4","11","15"
"jdgd","8","7","15"
"jdindo","8","7","15"
"jean_val_jean","8","7","15"
"jebatspersonne","9","6","15"
"Jebgy","8","7","15"
"Jeepe","8","7","15"
"jefflarkin","8","7","15"
"JEG76","7","8","15"
"jeisonprimo10","7","8","15"
"jeoth","6","9","15"
"jesse_hansen","8","7","15"
"Jesse7769","8","7","15"
"jessypinkman123","8","7","15"
"Jesusjacksus","8","7","15"
"jets12","7","8","15"
"Jey-mehdy","9","6","15"
"JGould","7","8","15"
"JhonGarcia","8","7","15"
"JhoseDan","8","7","15"
"jigg17","8","7","15"
"jiji0000","8","7","15"
"jimmitto","8","7","15"
"jimmybutlerme","9","6","15"
"JimmyD1","9","6","15"
"JimmynPapetos","6","9","15"
"Jimson1","7","8","15"
"Jimzon24","7","8","15"
"jirasek","7","8","15"
"jj099","7","8","15"
"JJOOFF","6","9","15"
"jkleoop","7","8","15"
"jklmsdhd","6","9","15"
"jm8740","8","7","15"
"JMackenzie","8","7","15"
"jmonaco","7","8","15"
"jmonteirchess","7","8","15"
"jmrowe","8","7","15"
"jmwelland","7","8","15"
"JoaquIIIn","7","8","15"
"joejoegetback","8","7","15"
"joel34172","8","7","15"
"JoelPenn","8","7","15"
"Johajedrez","6","9","15"
"JohannRaizel","7","8","15"
"Johelo","9","6","15"
"johnkotsos","8","7","15"
"Johnmak","7","8","15"
"JohnnyGunn","8","7","15"
"JohnTrane","9","6","15"
"JoLuFam","7","8","15"
"JONARD_LABADAN","9","6","15"
"jonathan0G","7","8","15"
"Jordy_22","7","8","15"
"Jorgearte02","8","7","15"
"JorgeGar99","7","8","15"
"jorgegomes27","8","7","15"
"Jorgemdj","7","8","15"
"jorgesstelmach","8","7","15"
"jorgichi10","7","8","15"
"joselu1976","8","7","15"
"JoseMabini","8","7","15"
"Josephreyes202","8","7","15"
"joserevins","8","7","15"
"JosNelitz","7","8","15"
"Jotake","6","9","15"
"jouschey","7","8","15"
"jovannedimasupil_07","7","8","15"
"jovelcfgos","7","8","15"
"JOYSAHA5648","8","7","15"
"jpflesm","7","8","15"
"jpsemaca","7","8","15"
"jray3","8","7","15"
"JrNykterstein","7","8","15"
"jrrios","8","7","15"
"jshiv21","7","8","15"
"jsj7322","7","8","15"
"JslReydorado87","8","7","15"
"JSRdL","8","7","15"
"Juan26","6","9","15"
"juanchitosanta","7","8","15"
"juandavid716","9","6","15"
"juanfriss","8","7","15"
"JuanGargantuan","8","7","15"
"juanporro","7","8","15"
"juanragnarok11","8","7","15"
"juanTac1","9","6","15"
"JuergenWerner","7","8","15"
"jugarfutbol","7","8","15"
"JulenAG","7","8","15"
"JuliaJr","7","8","15"
"JulienDr","6","9","15"
"Julio_Oliveira","8","7","15"
"JuliusIMT","9","6","15"
"junior_ozveren","8","7","15"
"Junkiii","7","8","15"
"Junmontecalvo","6","9","15"
"Jurdano","8","7","15"
"justus153","7","8","15"
"K1LL3RM0T","7","8","15"
"k3DL3Gend22","8","7","15"
"k9_martin","9","6","15"
"Ka6anUK","8","7","15"
"kaeptngiese","7","8","15"
"Kahle12","9","6","15"
"kai23209133","7","8","15"
"kaielsu","9","6","15"
"kaisertolga","7","8","15"
"KajaVach","8","7","15"
"kale_blum","8","7","15"
"kalg11","8","7","15"
"KalleMatt","7","8","15"
"kaloup","8","7","15"
"Kalu1916","7","8","15"
"Kamal_dadgar","7","8","15"
"kamalsharma_7033","8","7","15"
"kamarof","8","7","15"
"KAMAZSNM","8","7","15"
"Kamel_AbdulNasser","7","8","15"
"kamudhar","6","9","15"
"Kangulwe","8","7","15"
"Kapishkandoi","7","8","15"
"Kapporius","9","6","15"
"Karel77K","8","7","15"
"Karilaz","6","9","15"
"Karimes","8","7","15"
"Karkarov","8","7","15"
"karlosnikov","7","8","15"
"karthikaravi","8","7","15"
"kas_ast","8","7","15"
"KasparoWWW","8","7","15"
"katarsys","7","8","15"
"Kazakhstan2030","8","7","15"
"kbbx","7","8","15"
"kcharman","7","8","15"
"keepshelly","8","7","15"
"keesvn","8","7","15"
"keithbender","7","8","15"
"keizoreality","7","8","15"
"Kejad","8","7","15"
"Kemal-Chix","7","8","15"
"kennedy69","7","8","15"
"kenobiwhale","8","7","15"
"kepiii","7","8","15"
"keramnik","8","7","15"
"keravnos78","7","8","15"
"KerleSchorsch","9","6","15"
"kerzhakov58","8","7","15"
"Kesha_666_uiop","7","8","15"
"keshu9162","7","8","15"
"Kevin_arquero","8","7","15"
"Keyser_S","8","7","15"
"KhabirKhan","7","8","15"
"Khalilbigonah","7","8","15"
"khandelwal_31","10","5","15"
"khinecapa","8","7","15"
"Khlyen","9","6","15"
"khoabright","8","7","15"
"Kialandri","8","7","15"
"kihvu","7","8","15"
"killban","8","7","15"
"killer_11","8","7","15"
"Killer_God","6","9","15"
"kim254","8","7","15"
"king_atack3000","8","7","15"
"King_Cubiwish","7","8","15"
"king_hav","8","7","15"
"king_staz","8","7","15"
"KINGbraylon74","8","7","15"
"kingchess66","8","7","15"
"Kingethree","8","7","15"
"KingGideonChu","8","7","15"
"KingLebronJames23","8","7","15"
"KingLorien","7","8","15"
"kingslayer112233","5","10","15"
"Kirill1001","7","8","15"
"KirillLider","8","7","15"
"KirillRoginja_2010","8","7","15"
"Kirystis","8","7","15"
"Kis774","7","8","15"
"kisabanzira","7","8","15"
"Kissandcryarea","7","8","15"
"KissMarci1999","7","8","15"
"kitanik03","7","8","15"
"Klemuc","8","7","15"
"klfo","8","7","15"
"klimchess92","8","7","15"
"knight_145","10","5","15"
"KnightDreams","7","8","15"
"knighthorse96","8","7","15"
"Knightknightslptight","8","7","15"
"KnightMovesLikeAW","8","7","15"
"knightPM","8","7","15"
"knockout76","8","7","15"
"knoekvent","7","8","15"
"Knowlesfitzm","8","7","15"
"kobie75","7","8","15"
"kochetkow","9","6","15"
"koffi77","6","9","15"
"KolvaPetr1","8","7","15"
"Kolyaaaa","7","8","15"
"komendart","8","7","15"
"konsul","7","8","15"
"Koopin","8","7","15"
"kooroshmalakooti","8","7","15"
"kopanosekopane","8","7","15"
"kopigfe","6","9","15"
"kostiiii","8","7","15"
"kostli","8","7","15"
"kosto93","7","8","15"
"kostya_29","8","7","15"
"Koswara2023","8","7","15"
"kotobkaa","8","7","15"
"Kotte12","8","7","15"
"kotx32","7","8","15"
"KozakVlad","7","8","15"
"KP21","6","9","15"
"kqqq","8","7","15"
"Krakhen","7","8","15"
"Krest16m","7","8","15"
"ku199328","9","6","15"
"kuafrtim","8","7","15"
"kuailexiaozi","8","7","15"
"KudziKiri","8","7","15"
"KulAndr10","8","7","15"
"kunaltanwal","8","7","15"
"Kurchina","8","7","15"
"Kurimu21","7","8","15"
"kurumo","6","9","15"
"kushavpatalia","8","7","15"
"kutaytheiren","8","7","15"
"kuwab","7","8","15"
"kuzey95","8","7","15"
"Kuzumsu","7","8","15"
"kvantochh","7","8","15"
"Kwad","7","8","15"
"kwinto1986","8","7","15"
"KyleKey","9","6","15"
"KyleRobertson","8","7","15"
"Kyndige","7","8","15"
"kztbt","8","7","15"
"l3on8","7","8","15"
"la_brassade","7","8","15"
"Lachezar_Kirchev","7","8","15"
"LadyCrystalShip","8","7","15"
"lag_harto","6","9","15"
"lag00n","7","8","15"
"lagatada","7","8","15"
"Lagnieu","8","7","15"
"LakiPecanac","7","8","15"
"lakshay2209","7","8","15"
"Lalit_hydro","9","6","15"
"lalpatea","8","7","15"
"lanceflamme33","7","8","15"
"langsam1967","8","7","15"
"Lap_mi","8","7","15"
"Larkintransit","6","9","15"
"Larry696","6","9","15"
"Larrygre98","8","7","15"
"larrywheels","8","7","15"
"Larsenspecial","8","7","15"
"Lary_Lodini","6","9","15"
"laschmade79","8","7","15"
"Lastonegame","7","8","15"
"lattice","8","7","15"
"lawyer01","8","7","15"
"lazarus201000","8","7","15"
"LaziZ_17","8","7","15"
"LaZxDaddy","8","7","15"
"lbi212","8","7","15"
"Le4stelle","9","6","15"
"Leandroavr_2000","7","8","15"
"Leblero","8","7","15"
"LeeEuler","8","7","15"
"legitrookie","7","8","15"
"Legouix","8","7","15"
"leksmark","7","8","15"
"Lenar_Mv","7","8","15"
"Leodanny007","8","7","15"
"leon-buzios","7","8","15"
"LeonardoC","8","7","15"
"leporello1003","8","7","15"
"leRoger","8","7","15"
"lespacionaute","7","8","15"
"Letmethink2","8","7","15"
"Lets_talk_english","7","8","15"
"letsmakeitbig","8","7","15"
"Letvv","5","10","15"
"Leveris","8","7","15"
"li01","8","7","15"
"liberium35","8","7","15"
"life_compendium","8","7","15"
"LIKITHGANESH","7","8","15"
"Likonik","7","8","15"
"liliano99","7","8","15"
"Lily_9707","6","9","15"
"limpetpete","7","8","15"
"Linarez","8","7","15"
"Lino3l","7","8","15"
"Linyonyo","8","7","15"
"Lisa_76","7","8","15"
"listeik","7","8","15"
"LisWro","8","7","15"
"littlebunny932","7","8","15"
"littlecmason","9","6","15"
"LittleSchnitzel","7","8","15"
"LivingWaters","8","7","15"
"lobo1313","6","9","15"
"Lobokham","7","8","15"
"lobotomised","7","8","15"
"LocalKey","8","7","15"
"lokibonz","7","8","15"
"LOMEPAL34","7","8","15"
"londonkid","6","9","15"
"LondonUncle","8","7","15"
"loobyagin","8","7","15"
"Loop-Chess","7","8","15"
"loopingmurdoch","6","9","15"
"lopes98","8","7","15"
"lopsidedsalad","7","8","15"
"lordofminds","8","7","15"
"LorenzoChess45","9","6","15"
"lorenzocom","8","7","15"
"LorenzoIlMagnifico","7","8","15"
"Lorok","8","7","15"
"lothar-s","8","7","15"
"LoudPelican","7","8","15"
"Louis2703","8","7","15"
"LPazz","8","7","15"
"lr_as","7","8","15"
"lucasbarata","8","7","15"
"Lucasif17","8","7","15"
"luchonmariov","8","7","15"
"luciano79","8","7","15"
"lucifar007","7","8","15"
"Lucifer07-pro","6","9","15"
"Lucifer1982","6","9","15"
"luckopat","6","9","15"
"Lucky_1uke","7","8","15"
"LuckyGraaf","7","8","15"
"luckylucas","6","9","15"
"Luckymore","7","8","15"
"lucyan_x","7","8","15"
"Luicito","7","8","15"
"Luis9999Santiago","8","7","15"
"LuisCastillo1993","9","6","15"
"Luisdany16","7","8","15"
"LuisOlmosH","8","7","15"
"lukanian","8","7","15"
"Lukas2011","9","6","15"
"lukoshkos","7","8","15"
"luli1108","7","8","15"
"Luschi","8","7","15"
"Lutskin","7","8","15"
"LuVo1","8","7","15"
"Luxeflex","7","8","15"
"LV_Johnson85","8","7","15"
"lvmurf55","6","9","15"
"LW14","9","6","15"
"lyam1512","8","7","15"
"Lymphocyte-nk","7","8","15"
"LyS_Hiena","8","7","15"
"lysteg","6","9","15"
"m_alekseev","6","9","15"
"m_k20000","8","7","15"
"M_v_chessplayer","8","7","15"
"m-duchamp","6","9","15"
"M1ha1","7","8","15"
"M1nR","8","7","15"
"m45cr1","8","7","15"
"M7H_1","8","7","15"
"MA-GNE","7","8","15"
"MA1AH","8","7","15"
"maaadsanta","8","7","15"
"Mac_Bride","8","7","15"
"MACA955","6","9","15"
"Macabba167","7","8","15"
"Mackan64","7","8","15"
"Madakor","8","7","15"
"madalini","7","8","15"
"MadClockworkOrange","8","7","15"
"MaddMaxx88","9","6","15"
"MadhiasM","8","7","15"
"madranek","7","8","15"
"madshepherd","7","8","15"
"maggie_carlsberg","7","8","15"
"magicchess2000","7","8","15"
"Magician4ik","8","7","15"
"MAGIZOV","8","7","15"
"Magnocarlo","9","6","15"
"magnuscraslen","8","7","15"
"Mahmoud-123","8","7","15"
"Mahyar_Sahraei","7","8","15"
"Makar64russ","8","7","15"
"makechessgreatagain2","7","8","15"
"makojohn","7","8","15"
"makopako05","7","8","15"
"Maksim_tr","7","8","15"
"MaksimAr","7","8","15"
"malatadilimalata","7","8","15"
"malcx","9","6","15"
"maldaj","8","7","15"
"Malezyjczyk","7","8","15"
"mali853","8","7","15"
"Malik_WNS","7","8","15"
"malolaprasath","8","7","15"
"maltebricht","8","7","15"
"Maltewi","8","7","15"
"mamaofive","7","8","15"
"Mamkudolbil","8","7","15"
"man3600","8","7","15"
"ManalAlashwal","8","7","15"
"manasaranjan","7","8","15"
"manbat998","8","7","15"
"mancruser","7","8","15"
"Maniek79","8","7","15"
"manikcs","7","8","15"
"Manjac","8","7","15"
"mannerboy","7","8","15"
"mannu7871","8","7","15"
"MANOJCHAITANYA","8","7","15"
"mantel94","7","8","15"
"manticor","6","9","15"
"ManuTal","8","7","15"
"Mao_13-04","7","8","15"
"Marbejal","7","8","15"
"Marc_Fink","7","8","15"
"marcel_martin1","8","7","15"
"marcel3","8","7","15"
"Marcelo_Viana","7","8","15"
"marcelocabral220","9","6","15"
"MarceloSolha","6","9","15"
"MarceloWill","7","8","15"
"Marco-76","7","8","15"
"Marcorvaz","7","8","15"
"MarcosReis","7","8","15"
"marcostorresarias","8","7","15"
"marcsoul","7","8","15"
"Marcus82","8","7","15"
"marekniebory","7","8","15"
"Margo_Krieg","8","7","15"
"Marianovic69","7","8","15"
"MarioMandril","7","8","15"
"MariusVolante14","6","9","15"
"markchilo","7","8","15"
"Markfavour","7","8","15"
"Markstanard","8","7","15"
"Marranara","7","8","15"
"marshalldavu","8","7","15"
"MARSMasteR","8","7","15"
"Martin_Sando","9","6","15"
"Martin096","8","7","15"
"martinbrownstone","7","8","15"
"marvinlocmayon","8","7","15"
"Maryam-27042002","7","8","15"
"masakrator","7","8","15"
"MascielDiaz","7","8","15"
"Masha2010_Kr","8","7","15"
"mashuuuuu","7","8","15"
"massagesadegh","7","8","15"
"Master712020","7","8","15"
"masteramogh","7","8","15"
"MasterMind07","9","6","15"
"Masterpierrot","8","7","15"
"MasterRaider","8","7","15"
"mastershredder","8","7","15"
"mastersolve","6","9","15"
"masuuni","7","8","15"
"masvladvlad","8","7","15"
"mat69631","7","8","15"
"matanos96","7","8","15"
"Mateferoz","6","9","15"
"mateos42","7","8","15"
"matetini","7","8","15"
"mathcone","7","8","15"
"mathelkler","8","7","15"
"Matheus_Vilaca","8","7","15"
"mattdune","8","7","15"
"mattenia","8","7","15"
"MattOUFC","7","8","15"
"matus85","8","7","15"
"Matwey2010","8","7","15"
"Maulwurf54","8","7","15"
"mauriciorios","7","8","15"
"Mauro_Carrasco","8","7","15"
"Maurocavil","8","7","15"
"maverickarya","8","7","15"
"Maxdrummer","9","6","15"
"Maxengland","7","8","15"
"maxfeinberg","7","8","15"
"MAXIDOM","6","9","15"
"MaxiFox","8","7","15"
"maximo15","7","8","15"
"Maximu5","6","9","15"
"Maximus013","6","9","15"
"maxinozi","8","7","15"
"maxnosleeves","7","8","15"
"MayakaOOsinde","7","8","15"
"MayRodrigues","8","7","15"
"Mazaness-Hacker","8","7","15"
"mazda6","8","7","15"
"mbahsupri","7","8","15"
"Mbarani220","8","7","15"
"mbhforever","8","7","15"
"mcagribey","7","8","15"
"mcoskan7","8","7","15"
"mcp18","7","8","15"
"MDC5","8","7","15"
"MdPhdUtku","7","8","15"
"me_sha","8","7","15"
"mea46","7","8","15"
"meborc","6","9","15"
"meck1","7","8","15"
"Megamsh","9","6","15"
"mehditavakoli","8","7","15"
"mehmetcakilli","7","8","15"
"MehmetCan14","8","7","15"
"mehta_sourav","9","6","15"
"mehti20","8","7","15"
"mejnuun","7","8","15"
"mel-turtle","7","8","15"
"Melaza","8","7","15"
"melchanov2013","8","7","15"
"melghandour","6","9","15"
"Memoo1234","8","7","15"
"memosasuke13","8","7","15"
"menac221","8","7","15"
"menJIAYI","7","8","15"
"MentorNeto","8","7","15"
"meranaam1","8","7","15"
"Merdusa","7","8","15"
"merdy","8","7","15"
"Mericba","9","6","15"
"mernst","6","9","15"
"merrol","7","8","15"
"Merxas1","7","8","15"
"Merzthik","8","7","15"
"mesem01","8","7","15"
"mesharieid","8","7","15"
"mestrydosmestrys","7","8","15"
"mfamadorglez","8","7","15"
"Mhamodalsrnoby","7","8","15"
"mhmd6","7","8","15"
"Mi3008","8","7","15"
"MicahKnight","8","7","15"
"Michael174","6","9","15"
"MichaelLucas1","8","7","15"
"michaelmay248","8","7","15"
"micka66380","7","8","15"
"microbot","7","8","15"
"mieleke75","8","7","15"
"Mieres","8","7","15"
"MiGatoRonca","7","8","15"
"MightyKidChessTeach","8","7","15"
"Migueljerezano","8","7","15"
"MiguelOArcanjo","8","7","15"
"Mihail955","7","8","15"
"Miitcher","7","8","15"
"mikefallegger","8","7","15"
"mikeroh","8","7","15"
"mikolz2","8","7","15"
"Mikson136","8","7","15"
"mildsamurai","8","7","15"
"MILINDadate","6","9","15"
"Milkhoney","8","7","15"
"milltax","8","7","15"
"miltonmp","8","7","15"
"Minazukiii","8","7","15"
"MintZ","7","8","15"
"Miquel73","7","8","15"
"MirasAmantayev","7","8","15"
"Misagh_10","7","8","15"
"Mishu23","7","8","15"
"mishuchess","7","8","15"
"mithunanvellore","6","9","15"
"MJRoss","8","7","15"
"Mkh8118","7","8","15"
"mks91","8","7","15"
"ml3320","8","7","15"
"MM03676","7","8","15"
"MMatze99","8","7","15"
"MMaximum","7","8","15"
"MMed","8","7","15"
"mms88","8","7","15"
"mmvisagie","7","8","15"
"mnifjm","7","8","15"
"MNour89","7","8","15"
"Modhusudon","8","7","15"
"Modos_Gabor","7","8","15"
"mofpupz","8","7","15"
"MOHAMADKIFAWI","7","8","15"
"mohamed_Ebrahim","8","7","15"
"MohamedMostafaIsmail","8","7","15"
"MohamedSiraj","9","6","15"
"mohammadmansour70111","8","7","15"
"mohammadmomenizadeh","8","7","15"
"MohsinBaloch67","7","8","15"
"Moi122","8","7","15"
"mokhalif","8","7","15"
"Molesliebana","8","7","15"
"Mon_Mammon","8","7","15"
"Mondom","7","8","15"
"Monroy33","7","8","15"
"monsieurGrimpeur","8","7","15"
"monstet","8","7","15"
"Monte024","8","7","15"
"monujbaruah","7","8","15"
"Monyet2000","8","7","15"
"mora99","9","6","15"
"Mordamer","9","6","15"
"mos1982","7","8","15"
"Mosssimo","8","7","15"
"Most4f4","8","7","15"
"motorola2022","8","7","15"
"mouseclickBOOM","8","7","15"
"moustruito","8","7","15"
"mr__m","9","6","15"
"mr_anderson1","7","8","15"
"MrChaseTshabalala","8","7","15"
"MRChessClassic","8","7","15"
"mrdurability","8","7","15"
"MrFraction","8","7","15"
"MrHariSeldon","8","7","15"
"mrkdc","8","7","15"
"MrKlowb","7","8","15"
"Mrkvo","9","6","15"
"Mrooz","8","7","15"
"Mrrobot07","8","7","15"
"MrrRGooD","8","7","15"
"Mrsattorov","8","7","15"
"mrt53","7","8","15"
"MS70WAW","7","8","15"
"msmbc1122","7","8","15"
"MSSATIQ","8","7","15"
"msunu7","7","8","15"
"Mubarakdanyaro","9","6","15"
"MuffMuffMuff","8","7","15"
"muhammedalitekdmr","9","6","15"
"muhannad2004","7","8","15"
"muhtar689","8","7","15"
"MUiNtheCHamp","7","8","15"
"Mukhammadiso","8","7","15"
"Mukkie","6","9","15"
"muminkul","7","8","15"
"MunishMummadi","7","8","15"
"muradil","6","9","15"
"Murat0309","8","7","15"
"MuRoBaBa68","7","8","15"
"Mushu12","9","6","15"
"mustafa_sezgin","8","7","15"
"MustaMw","7","8","15"
"mutimir","8","7","15"
"Muto0o","8","7","15"
"muzaa018","8","7","15"
"MV_J","7","8","15"
"mwnsiri","7","8","15"
"myavuzz","8","7","15"
"myendgamesareajoke","7","8","15"
"myFlea","8","7","15"
"Mykola2413","9","6","15"
"myrdkl","8","7","15"
"Mzuber","8","7","15"
"Naba_ON","8","7","15"
"nabeel_javaid83","7","8","15"
"Nadav12","7","8","15"
"NaderxD","7","8","15"
"nafleur","8","7","15"
"nahid00","5","10","15"
"naidenpetkov84","8","7","15"
"naldfischer","7","8","15"
"nandomartinrguez","8","7","15"
"Nankarov2020","7","8","15"
"nano-01","8","7","15"
"Napoleon_Magno","7","8","15"
"NapsterAbdulla","7","8","15"
"naramaker","8","7","15"
"Naresh8742","7","8","15"
"narkninja","7","8","15"
"narlie1","8","7","15"
"Narziqulov","8","7","15"
"nasx","8","7","15"
"nauzdagon","8","7","15"
"naveen1212","9","6","15"
"Nayef88","6","9","15"
"Nazeri1234","7","8","15"
"nclanchy","6","9","15"
"Ndg33","8","7","15"
"needuo","8","7","15"
"Neetrenaza","8","7","15"
"Negevv","8","7","15"
"Negrolenny13","7","8","15"
"NeilStrongarms","7","8","15"
"nejadian","7","8","15"
"nekoknajt","7","8","15"
"nelly52","7","8","15"
"nemke92","8","7","15"
"nerocukku","8","7","15"
"NeSlava","7","8","15"
"nessio1","8","7","15"
"nessiq","7","8","15"
"never3d","8","7","15"
"NewRepertoireInUse","8","7","15"
"NewRoadOldCity","8","7","15"
"NewWork","7","8","15"
"Nezrin","7","8","15"
"nfluc","7","8","15"
"nghkt58","8","7","15"
"nibd03","8","7","15"
"nic999","7","8","15"
"nickhensler","6","9","15"
"nicleon15","8","7","15"
"Nico_Bri","6","9","15"
"Nightrider13","8","7","15"
"nik1712","8","7","15"
"Nikakoi94","9","6","15"
"Niketreddy2018","8","7","15"
"nikita1999","8","7","15"
"nikitiiy","8","7","15"
"NikKul","8","7","15"
"NikonovNV","8","7","15"
"NilsonMendes","7","8","15"
"nima54chess","6","9","15"
"NimitGautam_VCL","7","8","15"
"Nimzo-Kenyan","7","8","15"
"NipunM","7","8","15"
"nishushable","9","6","15"
"NithilanBhagav","7","8","15"
"Nix100","8","7","15"
"Niyayesh-89","8","7","15"
"nj1374","8","7","15"
"nk023","8","7","15"
"nks_23_27_12","6","9","15"
"nn1133","8","7","15"
"no_moves_no_luck","7","8","15"
"No1Won","7","8","15"
"Noahboah07","7","8","15"
"NoBadJokeovic","8","7","15"
"nobbyfru","8","7","15"
"Nodirbek88","8","7","15"
"nodtin","10","5","15"
"noelalpaso","7","8","15"
"Nofx_a","7","8","15"
"noJCarl","8","7","15"
"nomo7887","7","8","15"
"nordosa","7","8","15"
"noroz97","6","9","15"
"North_african-sosso","7","8","15"
"noxerat","7","8","15"
"Noxyes","8","7","15"
"nsunza111","7","8","15"
"ntaioglou","8","7","15"
"ntobeng","8","7","15"
"nurdin124","7","8","15"
"NutritionistVignesh","8","7","15"
"nwlf7","8","7","15"
"Nword95","7","8","15"
"nyamawi","7","8","15"
"Nybrott","8","7","15"
"NyiNaung","7","8","15"
"nYkk","6","9","15"
"NZ37","9","6","15"
"oalexandr","8","7","15"
"objectivesubjects","8","7","15"
"ObsidianStarfish","7","8","15"
"ochido2502","8","7","15"
"octavius881","7","8","15"
"odannysazaharez123","7","8","15"
"oeniek","7","8","15"
"Officialbar","8","7","15"
"oGottas","8","7","15"
"Ogu070","7","8","15"
"oguzerenbayraktar","7","8","15"
"ohcaptainmycaptain","7","8","15"
"ohnomykiing","7","8","15"
"Oielaymed","8","7","15"
"Okado89","7","8","15"
"oknergard","8","7","15"
"Oktay0913","9","6","15"
"Oleg_Ukr","8","7","15"
"Oleg1rr","8","7","15"
"Oleg210","8","7","15"
"olega1974","7","8","15"
"olimkasab","8","7","15"
"Olivari777","8","7","15"
"omar232323","8","7","15"
"Omareta","9","6","15"
"OmarHassan1","8","7","15"
"OmarOttoman07","8","7","15"
"Omarrrr12","7","8","15"
"omidkc7","7","8","15"
"omr-1212","8","7","15"
"omsa","7","8","15"
"one_from_none","8","7","15"
"OneDownTwoToGo","8","7","15"
"Onkar14","7","8","15"
"OnlyOync","8","7","15"
"oooo11111","7","8","15"
"OPG_AR","8","7","15"
"Optima_666","8","7","15"
"origamichno","7","8","15"
"orubibi","8","7","15"
"osamtri","6","9","15"
"oshik9713","8","7","15"
"Oskar011","6","9","15"
"oskate57","7","8","15"
"oslobigbros","8","7","15"
"Oussama_ETTAOUIL","7","8","15"
"OuterWilds","7","8","15"
"ouyuu23","6","9","15"
"Owvee","8","7","15"
"oysata","8","7","15"
"ozandursun","9","6","15"
"ozcel","7","8","15"
"ozgurdenizk","8","7","15"
"ozzyhunter","10","5","15"
"p3blo11","8","7","15"
"Pablo_1amr","7","8","15"
"pablo-savage","7","8","15"
"PabloFabian","8","7","15"
"PabloSandoval2174","8","7","15"
"Pachajoa","7","8","15"
"PacoMonza","7","8","15"
"PadraicRatigan","8","7","15"
"Pagecold","8","7","15"
"paivis","9","6","15"
"PajaroSaurio","8","7","15"
"Paliflanker","7","8","15"
"palmbreeze","8","7","15"
"Paloma1103","7","8","15"
"pampopp","8","7","15"
"PANCAKE_007","7","8","15"
"pandaloafers","6","9","15"
"PandorasBox13","6","9","15"
"panicboy78","7","8","15"
"Panlc","7","8","15"
"Pantokww","8","7","15"
"Paolo-hehim","7","8","15"
"PapaCastoro","9","6","15"
"papamepapame","7","8","15"
"Paparino","7","8","15"
"Papito_PL","8","7","15"
"Papucho3","8","7","15"
"parade_de_sixte","8","7","15"
"ParetoTax","8","7","15"
"parkerblaze","7","8","15"
"pascmarq","6","9","15"
"Pashut","9","6","15"
"pasindi_ip","6","9","15"
"patjk","7","8","15"
"patnaikt4","9","6","15"
"PatronVictor11","7","8","15"
"PatxiJulen","7","8","15"
"paul_gasol","7","8","15"
"Paul_Morpy","8","7","15"
"PaulChessOne","8","7","15"
"pauledge","7","8","15"
"paulsbauer","7","8","15"
"Pavelmi1980","9","6","15"
"PavelSkitev","8","7","15"
"PawanPrabashana","7","8","15"
"Pawn_hunter416","8","7","15"
"pawnchitter","7","8","15"
"Pawns_are_no_nuts","6","9","15"
"pchavezc","8","7","15"
"pcnett","6","9","15"
"PDG35","7","8","15"
"pdragon","8","7","15"
"Pdubya","7","8","15"
"peakyblinding","7","8","15"
"pedritoYoda","9","6","15"
"Pedro-Amor","8","7","15"
"PedroLopezz","7","8","15"
"peitx","8","7","15"
"Pekisoni8","7","8","15"
"pekowitsch","8","7","15"
"Pele45","7","8","15"
"Pengamat_Catur","8","7","15"
"Peon_alPaso","8","7","15"
"PEON_DE_FUEGO","7","8","15"
"Pepinosa","8","7","15"
"PepsiMaxAddict","9","6","15"
"PercySuarezC","7","8","15"
"PERNANTIAN_TINAMBUNA","7","8","15"
"pero65","7","8","15"
"petete6969","8","7","15"
"peturdog","8","7","15"
"Pevrik","8","7","15"
"PHACC","7","8","15"
"Pheonixkiller1","7","8","15"
"Philipdenk","8","7","15"
"philippG777","8","7","15"
"Phumi","8","7","15"
"phyzika86","7","8","15"
"Pi-casso","7","8","15"
"pilotSS20","7","8","15"
"Pimpolhaum","7","8","15"
"Pinarooski","9","6","15"
"pinguin1980","7","8","15"
"Pionx1","7","8","15"
"piroz2127","8","7","15"
"pishgam2020","8","7","15"
"Pislik2848","7","8","15"
"Pistacchietto","8","7","15"
"Pistol01234","7","8","15"
"pitasakkolo","8","7","15"
"Plamen27","8","7","15"
"planetbishop","7","8","15"
"Platanik","7","8","15"
"platoniart","6","9","15"
"platsandr","9","6","15"
"playlionchess","7","8","15"
"Pleaseblunder","7","8","15"
"PLightWizard","8","7","15"
"PlutTimofei","7","8","15"
"Pm11111","7","8","15"
"PO93","7","8","15"
"Pocket_Productions","7","8","15"
"poetaludens","9","6","15"
"pointedmountains","7","8","15"
"Polar_bear9","8","7","15"
"PolarBear55","7","8","15"
"PolarPajamas","6","9","15"
"polat3535","7","8","15"
"ponchorello","7","8","15"
"Pongag","8","7","15"
"porcupinetree78","7","8","15"
"Potatoasdf","7","8","15"
"Pouya_R","7","8","15"
"Poxoreu","8","7","15"
"pq5c","8","7","15"
"prable","7","8","15"
"pradeepkmds","7","8","15"
"pranavnagesh1","7","8","15"
"pranaybabu","7","8","15"
"Prarthana-lops","8","7","15"
"praveen_001","8","7","15"
"PraytoG","8","7","15"
"Prebator","8","7","15"
"Predator_Shark","6","9","15"
"prespun","7","8","15"
"prestrelo","6","9","15"
"prffkdnchk","8","7","15"
"PriestOfKek","7","8","15"
"primavera22","8","7","15"
"Prince_1641","8","7","15"
"prince-uno","8","7","15"
"Pro_Master20","7","8","15"
"PRO_oleg","7","8","15"
"ProfMaxSe94","7","8","15"
"ProfSye","7","8","15"
"ProphetBones","7","8","15"
"protaolaurruchi","7","8","15"
"Prula","9","6","15"
"Przem0-0-0","8","7","15"
"Przych84","7","8","15"
"psichristiangdl","8","7","15"
"PSIXyz","8","7","15"
"PSVPlaysChess","8","7","15"
"psychokilla","7","8","15"
"ptterodaktil","8","7","15"
"pucheroargentino","7","8","15"
"puffinl","8","7","15"
"Punchlinne","7","8","15"
"Punissher","8","7","15"
"Puschkinpr1968","7","8","15"
"Puyi26","8","7","15"
"Puyu4d","8","7","15"
"QueenOfPersia","7","8","15"
"Queroteurating","7","8","15"
"quickpawns1","7","8","15"
"quiquerr","8","7","15"
"Qulaly","8","7","15"
"Qv3","8","7","15"
"qverland","7","8","15"
"qwepri3","7","8","15"
"qzyho_pl","7","8","15"
"R_BiliusW","8","7","15"
"R_Kartal59","9","6","15"
"r8marcus","7","8","15"
"Radist361","8","7","15"
"Rador","8","7","15"
"radoslav006","7","8","15"
"rafaest","8","7","15"
"raffai","7","8","15"
"Rafffu","8","7","15"
"Ragnaros657","7","8","15"
"Ragozin3908","7","8","15"
"RahatShahriar","7","8","15"
"Rahmat_Percasi_Garut","7","8","15"
"rahuldan","7","8","15"
"Raihere","7","8","15"
"rakanishux","9","6","15"
"Rakib_33","7","8","15"
"Raknos","8","7","15"
"RALGOG","8","7","15"
"Ralph_Bienert","7","8","15"
"Raman_8","7","8","15"
"ramangarcha","7","8","15"
"ramazan2611","8","7","15"
"rami_usa","8","7","15"
"ramiro-orrego","8","7","15"
"ramlisihombing27","8","7","15"
"RaMonChess1975","8","7","15"
"ramyangshu","8","7","15"
"rapadox","7","8","15"
"Rasool_vzr","6","9","15"
"rastemka","8","7","15"
"Ratanchess","7","8","15"
"Rateb23","9","6","15"
"ratheeshbhadran","7","8","15"
"raulignacio","8","7","15"
"Rayanovice","7","8","15"
"Rayeki","8","7","15"
"rcsatrancopening","9","6","15"
"RDverm","7","8","15"
"Redario","7","8","15"
"Redthebean","8","7","15"
"RegularBattery","7","8","15"
"Rektdem","7","8","15"
"Renat-Khizapov_0001","7","8","15"
"RenatoPereira","8","7","15"
"renaudallenlefebvre","8","7","15"
"Repetete","8","7","15"
"Repsej","8","7","15"
"rexadolf","7","8","15"
"Rexted","9","6","15"
"rezachesss","8","7","15"
"rezatavak","8","7","15"
"RhalfRheifa17","7","8","15"
"Rhinoferos","8","7","15"
"ricardo1111","7","8","15"
"RichardUK","8","7","15"
"ricloppal","8","7","15"
"ricsan1970","8","7","15"
"Ridgeykeiek","7","8","15"
"RidireAgLeim","7","8","15"
"RiemannZeta69","7","8","15"
"rin4en","7","8","15"
"Rinkiar","7","8","15"
"rishabh221","7","8","15"
"RishabhRajesh","8","7","15"
"Rishat1991","8","7","15"
"Rivergiraffe68","8","7","15"
"RizkySoll","7","8","15"
"rjgeek","6","9","15"
"rkaeser5458","8","7","15"
"RKnBQKBKnR","6","9","15"
"RMM","6","9","15"
"rnuguidjr","8","7","15"
"Robbing_Peppermint","8","7","15"
"robbuschman","6","9","15"
"RobertFischerUkraine","7","8","15"
"Robertvzla","6","9","15"
"rocelsgalicia","9","6","15"
"roci26","9","6","15"
"rocingersol","8","7","15"
"Rockefe11er","8","7","15"
"Roderic1010","7","8","15"
"Rodrigo_Arturo_A","7","8","15"
"rodrigoosantos","7","8","15"
"Rodrillesky","9","6","15"
"rog2000","7","8","15"
"RogerMaster","8","7","15"
"Rohyinisrap","8","7","15"
"RokJam","8","7","15"
"RoKuMa","8","7","15"
"rolf69","7","8","15"
"Rollercoaster1","8","7","15"
"romarco","8","7","15"
"Romeo_1991","7","8","15"
"Romka36","7","8","15"
"rommel-rn","7","8","15"
"ronaldobaba34","8","7","15"
"ronnzer","7","8","15"
"rookierw","7","8","15"
"Roosevelt7","7","8","15"
"Roozzbeh","7","8","15"
"Roronoa_Zoro_56","9","6","15"
"rosendito","8","7","15"
"Rotarom","9","6","15"
"RP-TC","7","8","15"
"rrajasekar90","8","7","15"
"rryv","8","7","15"
"rtto","7","8","15"
"rubenromerof","9","6","15"
"ruhrohrraggy","8","7","15"
"Runald-Waschlab","7","8","15"
"rusodecuba","6","9","15"
"russianattack","7","8","15"
"RussianMan19","7","8","15"
"Rydlandf","8","7","15"
"Rytis_Rytis","7","8","15"
"S_M_D27","8","7","15"
"s0m","7","8","15"
"s3sam","7","8","15"
"s3v4k","9","6","15"
"S7lb0","7","8","15"
"saadjadoon0033","8","7","15"
"sachinravi","8","7","15"
"sachistaAles","8","7","15"
"sachleen_5","8","7","15"
"saedkitt","8","7","15"
"sagar2189","7","8","15"
"sagitormer","8","7","15"
"Sagnik_1","6","9","15"
"sagnik89","8","7","15"
"sagocuelagozlerin","7","8","15"
"sahaldau","6","9","15"
"SahibOrucov","7","8","15"
"saidbentafat7","8","7","15"
"SaitamaG","7","8","15"
"Sajjad_Ahmed","7","8","15"
"Sakuma","7","8","15"
"saladin65","6","9","15"
"salomalecula","8","7","15"
"Salsoul","7","8","15"
"Salvador_13","7","8","15"
"SalvadorIsidroRey","7","8","15"
"salvamanzur","8","7","15"
"salzhering","7","8","15"
"samara452","6","9","15"
"Samayoa_MX","9","6","15"
"Sambernyowo_BBC","7","8","15"
"samer_s","8","7","15"
"samipro2011","7","8","15"
"Samir_BOUKRATEM","8","7","15"
"samir12222222","7","8","15"
"Samolichenko","7","8","15"
"sampathj","7","8","15"
"Samsu_BC","8","7","15"
"Samzerlastreet","8","7","15"
"Sandro_Ladion","7","8","15"
"Sangala","8","7","15"
"sanjoo25","7","8","15"
"Santiagodm","9","6","15"
"Santoshes","7","8","15"
"santyperez","9","6","15"
"Saphirdrache","8","7","15"
"sapiens6","8","7","15"
"SAQA39","8","7","15"
"sarinzzzzz","7","8","15"
"Sasha344556","8","7","15"
"sassenac","7","8","15"
"satishprasad","7","8","15"
"Satranctime","7","8","15"
"sattar1401","8","7","15"
"saucysalsa","8","7","15"
"Saul_Tarvitz","7","8","15"
"saurabhanand1995","7","8","15"
"Savva_228","8","7","15"
"SayedARASH","8","7","15"
"sayooooo","7","8","15"
"sazmer","8","7","15"
"sbancomat","7","8","15"
"SBellingan","7","8","15"
"SchaakCampus","8","7","15"
"schachebbe","7","8","15"
"schachkof","7","8","15"
"schnecke69","8","7","15"
"scott1a","7","8","15"
"sdrag","7","8","15"
"Sechess2022","8","7","15"
"Security_inf","7","8","15"
"seeecreeet","6","9","15"
"seeker90","8","7","15"
"seifmbeik","8","7","15"
"SeigneurBordiga","7","8","15"
"sembar","8","7","15"
"semsemhalfa","7","8","15"
"senem36","7","8","15"
"Senorita1","8","7","15"
"SEO77","7","8","15"
"seraphiel7","7","8","15"
"Sergei111974","8","7","15"
"Sergej_Kljuschin","8","7","15"
"Sergey25_69","7","8","15"
"SergioSettecasi","8","7","15"
"sergiosm1978","7","8","15"
"sergnsk1977","7","8","15"
"SerhiyBelov","7","8","15"
"serkan2727","9","6","15"
"sevencolor","7","8","15"
"seyedchees","8","7","15"
"Sfratto_al_Re","7","8","15"
"sgretski","9","6","15"
"sh1nro","8","7","15"
"Shaethoes","7","8","15"
"shafiq77","8","7","15"
"Shah-_Mat","8","7","15"
"Shakhmatenok","8","7","15"
"Shakhzod98","7","8","15"
"shameer123","9","6","15"
"sharmota_manioka","7","8","15"
"Shaunak-INDIA","8","7","15"
"Shaxmat_polvon","9","6","15"
"Shaxmatist_225","7","8","15"
"shayan_sa","8","7","15"
"shayan4321","7","8","15"
"Shekel-RF","7","8","15"
"ShekerMeker","6","9","15"
"Sherlock72","8","7","15"
"Sherzod_man18","8","7","15"
"Shirkhan73","8","7","15"
"Shizhi","8","7","15"
"Shneqel","8","7","15"
"ShoniS","7","8","15"
"shoyshar","8","7","15"
"shravan0209","8","7","15"
"Shrillshows","6","9","15"
"Shuay","8","7","15"
"Shuu0628","7","8","15"
"sid299792458","5","10","15"
"Sidail","7","8","15"
"sider_jr","8","7","15"
"sigur94","8","7","15"
"SigurdRushfeld","8","7","15"
"Silherino","8","7","15"
"Silver_pegasus","9","6","15"
"silverblade1973","8","7","15"
"Simbarashe2000","7","8","15"
"SimonMaster","7","8","15"
"Sina9824","7","8","15"
"SirmcCli","8","7","15"
"Situerte","7","8","15"
"sixdeath","7","8","15"
"sjakken","7","8","15"
"skaker","8","7","15"
"skaulakis","9","6","15"
"SkinInTheGame","7","8","15"
"SkipperJJ","7","8","15"
"Skverna_666","8","7","15"
"skywalk12345","8","7","15"
"slashxave","8","7","15"
"Slava_zloi","8","7","15"
"slavensen","6","9","15"
"Sleep_Dirt","7","8","15"
"slice_of_code","8","7","15"
"Slikemebro","7","8","15"
"Slikiaz","7","8","15"
"SlimanX","7","8","15"
"slipperynuts","8","7","15"
"sm13shreyas","7","8","15"
"Smart-Zay","7","8","15"
"Smartpants77","8","7","15"
"SmirnovDima2015","7","8","15"
"smnc","7","8","15"
"SmokingLikeTal","6","9","15"
"Smolboar","7","8","15"
"smor02","8","7","15"
"Snabbt","7","8","15"
"sniperANR","7","8","15"
"Snorrisk","7","8","15"
"snow4us","8","7","15"
"snus-nocco","7","8","15"
"soam1","8","7","15"
"sobies","7","8","15"
"Sobol_Dima","8","7","15"
"sohrab-sad","8","7","15"
"solay76","8","7","15"
"solid-pawn13","7","8","15"
"solo48","6","9","15"
"SolomkinIgor","8","7","15"
"Somnambule","7","8","15"
"Sonda01","7","8","15"
"SophiesChess","9","6","15"
"Sosbu","8","7","15"
"sotskova_ea","7","8","15"
"Soumassa","8","7","15"
"Souplessluc","8","7","15"
"soytumarido","7","8","15"
"Space_Odyssey","7","8","15"
"spaceinvader404","9","6","15"
"Spacetimecurve963","7","8","15"
"Spaetzi","9","6","15"
"Spasko1","8","7","15"
"Spasologija","7","8","15"
"SpectatorG","6","9","15"
"spectre48","7","8","15"
"spensa20033","7","8","15"
"sphinx2011","7","8","15"
"spingilegno-2023","6","9","15"
"Spouif","8","7","15"
"SrajatdinUsnatdinov","8","7","15"
"Sreekanta48","7","8","15"
"Srhuron","8","7","15"
"Srs31","7","8","15"
"sshenn","8","7","15"
"St_1110","8","7","15"
"stafint","7","8","15"
"Stalkergg","7","8","15"
"StampLW","7","8","15"
"StanleyU","7","8","15"
"Stay138","9","6","15"
"Stef9998","8","7","15"
"Stefan4130","8","7","15"
"Steggae","7","8","15"
"steilev","8","7","15"
"Stein73","8","7","15"
"steinarsn","7","8","15"
"Stephanetah","8","7","15"
"Sternchen1321","6","9","15"
"StevieRay1","8","7","15"
"stillblade","8","7","15"
"stinkypinky69","7","8","15"
"Stockfish_Kapata","8","7","15"
"stoic123456","7","8","15"
"StonerBlunder42_3","9","6","15"
"stratocastro1","6","9","15"
"Strengle","7","8","15"
"StrivingOnwards01","8","7","15"
"Strngcm_Forza","7","8","15"
"stromile","8","7","15"
"stshsf","8","7","15"
"StuGe","8","7","15"
"Styx1325","8","7","15"
"suazo1999","8","7","15"
"subasharavindh7","7","8","15"
"subham1100","8","7","15"
"Sudhirmorche","8","7","15"
"sudo_pyc","7","8","15"
"sufaidsaleel","7","8","15"
"sugar_daddy000","7","8","15"
"suhaib22","7","8","15"
"suhan1","8","7","15"
"Sulesu44","8","7","15"
"suliq","8","7","15"
"sully2021","7","8","15"
"Sultanbekk","7","8","15"
"SumkinMikhail","8","7","15"
"sundaysandsundaes","8","7","15"
"Supelgen","7","8","15"
"superguti","7","8","15"
"Superjenov","7","8","15"
"Supernadie","9","6","15"
"supersymmetry91","8","7","15"
"surphi10","8","7","15"
"SuspectW","7","8","15"
"Suturaa","8","7","15"
"SUVEERANGIRASH","7","8","15"
"svajukonis","8","7","15"
"svbz","7","8","15"
"svdl76","8","7","15"
"SvenFfm","7","8","15"
"swapnil358","7","8","15"
"switzerly","7","8","15"
"Sword_of_the_Morning","8","7","15"
"SWRG","9","6","15"
"SXDM2","7","8","15"
"Sxepunk","8","7","15"
"sydorovs","7","8","15"
"Sysol","8","7","15"
"szakacsneni","8","7","15"
"T_i_ll","7","8","15"
"T0Sharaff8200","7","8","15"
"T515236","7","8","15"
"tactinhos2900","7","8","15"
"tadeasek532","6","9","15"
"Tael29","8","7","15"
"tajadov","8","7","15"
"TaktikFux123","7","8","15"
"tal_holmes","7","8","15"
"TalaL-abu-osama1","9","6","15"
"Tamago","6","9","15"
"tamerchess","7","8","15"
"tamnsh","8","7","15"
"tandwiel","8","7","15"
"TangerineVastCod","6","9","15"
"Taniushka","8","7","15"
"Tanmoy15","8","7","15"
"tarihcimusluman","8","7","15"
"tarnado777","8","7","15"
"tartaruga_genial","7","8","15"
"taruns","8","7","15"
"tatonunuzo2","8","7","15"
"tBBBfor4","8","7","15"
"TBD-3mr","8","7","15"
"TeddyDuy01","8","7","15"
"Tee_jay72","7","8","15"
"Tema_Shakespear","8","7","15"
"TEMPLAR10","9","6","15"
"Temuchin92","8","7","15"
"Tenacity101","6","9","15"
"tenspeed","7","8","15"
"TeodenRohansky20","8","7","15"
"ter0","8","7","15"
"Tercerdlosp22","6","9","15"
"terence_bhaiya","7","8","15"
"tertimedestroyer","9","6","15"
"tgstr","7","8","15"
"Thatopseustes","8","7","15"
"the_AAA","8","7","15"
"The_Fungus","7","8","15"
"TheAryan7777","9","6","15"
"theashggl","8","7","15"
"TheBards","7","8","15"
"TheBrendonian","8","7","15"
"THECHESER","7","8","15"
"TheDoc7","7","8","15"
"thedreamsaver","8","7","15"
"theeone","8","7","15"
"THEGIGACHAD98","8","7","15"
"thehasbean","8","7","15"
"TheIgnite","8","7","15"
"TheLinking","7","8","15"
"themathews","7","8","15"
"theo2013","7","8","15"
"Theofil","8","7","15"
"theofrast","8","7","15"
"TheSound","7","8","15"
"TheTar","8","7","15"
"TheThe27","6","9","15"
"TheTrashTalker","8","7","15"
"TheVortexxxxy","8","7","15"
"TheWeirdStyle","7","8","15"
"TheWinter_Winner","7","8","15"
"TheWolkan","7","8","15"
"TheyTryna8eCray","7","8","15"
"thezoinkmaster69","6","9","15"
"Thisisaddictive","7","8","15"
"Thugg_B","8","7","15"
"Thure01","8","7","15"
"Tihiy_174","7","8","15"
"tiltedKev","8","7","15"
"timaero","9","6","15"
"TimHolland","8","7","15"
"TIMONNI","8","7","15"
"TIMOSHA2013","8","7","15"
"tioho","6","9","15"
"tisoti1958","7","8","15"
"Titan357S","9","6","15"
"tive0211","6","9","15"
"TJ_chess","7","8","15"
"TjasaRe","8","7","15"
"TJnoobster","8","7","15"
"Tjofs","7","8","15"
"tkibuliclub1010","7","8","15"
"Tlachi","7","8","15"
"Tlaxiaco","7","8","15"
"Tlayor","8","7","15"
"TLC_DatOh","7","8","15"
"tlukk","7","8","15"
"Tlvr","7","8","15"
"TMN30","8","7","15"
"Toblarone","8","7","15"
"TobsenToby","6","9","15"
"tobyx21","8","7","15"
"TokyoDurr","9","6","15"
"Tom_Chaos","8","7","15"
"tomatucaldo","7","8","15"
"Tomlong","8","7","15"
"tommijama","7","8","15"
"tommmmy","8","7","15"
"TommySHELBYyYy","8","7","15"
"TomovZhenya","8","7","15"
"tomweb77","8","7","15"
"Tomy9486","8","7","15"
"toneodl","8","7","15"
"Tonnieboy","8","7","15"
"Tonton1976","7","8","15"
"TooMuchClowning","8","7","15"
"TopOpp","7","8","15"
"toptop50","8","7","15"
"toritoush","8","7","15"
"Torky93","7","8","15"
"tornado021","7","8","15"
"torodan","6","9","15"
"ToroSentado19","8","7","15"
"TorresEnSeptima","7","8","15"
"tostaditens","8","7","15"
"TotalInterferencia","8","7","15"
"Trampoline","8","7","15"
"treborjan","7","8","15"
"trekronor","7","8","15"
"Tribbiani7","8","7","15"
"tricky1947","7","8","15"
"TrnTrnTrn","7","8","15"
"Trow9","8","7","15"
"Troxa83","8","7","15"
"TrueCrime","8","7","15"
"trulsfredin","7","8","15"
"trx55555","7","8","15"
"trzysiek","8","7","15"
"TTabatabaee","7","8","15"
"ttavares13","7","8","15"
"tuccic","8","7","15"
"Tulaa-kk","8","7","15"
"Tumen81","8","7","15"
"tunculus","6","9","15"
"Tunnelsyn","7","8","15"
"tupopavuk","8","7","15"
"turalchess009","7","8","15"
"TurboRanger","7","8","15"
"turkeypol4","8","7","15"
"tvurbanov","7","8","15"
"TwaamboPower","7","8","15"
"Tyky14","7","8","15"
"TysonNguyen","6","9","15"
"Tzonunsanga","8","7","15"
"tzrj","8","7","15"
"u53rn0nam3","6","9","15"
"uche2010","8","7","15"
"udcene","8","7","15"
"Ugljesa011","8","7","15"
"Ukranian_BishOps","8","7","15"
"ulkumn","8","7","15"
"ultrahighdensity","8","7","15"
"umangkamdar","7","8","15"
"UmbraLucis","7","8","15"
"umitkarabulut03","8","7","15"
"umutderenduman","8","7","15"
"Un-Lucky-Boy","7","8","15"
"unassuming_boy","8","7","15"
"uncle_mamba","7","8","15"
"Undeflix","8","7","15"
"under_taker","8","7","15"
"undergradmaster","7","8","15"
"UnEthical","9","6","15"
"Unslet","8","7","15"
"urbina2","8","7","15"
"User1997","8","7","15"
"user821883","6","9","15"
"ustomerus","6","9","15"
"Utangatta","8","7","15"
"uurdem36","7","8","15"
"Uwe_Holzer","8","7","15"
"Uxia1barcelos","7","8","15"
"uzunara","8","7","15"
"Vac2000","7","8","15"
"Vadik2008","8","7","15"
"Vahid050","7","8","15"
"VahidVahedian","9","6","15"
"VAIBHAV86","7","8","15"
"Vaigxtu","6","9","15"
"valemige","7","8","15"
"Valentina_Gorant","8","7","15"
"valeriyreal","7","8","15"
"vamos83","8","7","15"
"vanillagodzilla","7","8","15"
"Vannto","7","8","15"
"VanTierry","7","8","15"
"Vanyewan","7","8","15"
"VardhanD","7","8","15"
"varun1053012","8","7","15"
"VarunLonare","8","7","15"
"varunsohanda","7","8","15"
"Varvara-K01","7","8","15"
"Vasfid","7","8","15"
"Vasilen78","7","8","15"
"vasko98","8","7","15"
"vbvb","8","7","15"
"VedatMuriqi7","8","7","15"
"Veddey","8","7","15"
"vegard94","9","6","15"
"vegardwilh","8","7","15"
"veirab","7","8","15"
"VelikiKombinator","6","9","15"
"velsona","7","8","15"
"venda001","8","7","15"
"VenturaJohn","8","7","15"
"verirsenyanar","7","8","15"
"VERONACHAMP","7","8","15"
"Veronica_Palmer","7","8","15"
"vezi","8","7","15"
"vicky_fastabiqul","9","6","15"
"Vicont_Bel","7","8","15"
"victorchtl","8","7","15"
"Vignesharavind","8","7","15"
"Vijayabasi","8","7","15"
"Vikaf","8","7","15"
"VikingJosh","8","7","15"
"ViktorPribe","8","7","15"
"ViktorWFH","7","8","15"
"vilsonkaraj","8","7","15"
"Vinay13580","7","8","15"
"Vince1416","8","7","15"
"Vincedruff","8","7","15"
"vinodim","8","7","15"
"Vinxs","8","7","15"
"ViperaBacillo","8","7","15"
"virgule06","7","8","15"
"virtual34","7","8","15"
"vishnu864","8","7","15"
"vitonjagm","8","7","15"
"vivek045","8","7","15"
"vladimirshmatko","8","7","15"
"VN1084","6","9","15"
"Vocepulita","8","7","15"
"VOLT55","7","8","15"
"Vorovskaya_lapa_d","8","7","15"
"vova_mat","7","8","15"
"Vrang_moskus","8","7","15"
"VsevolodElagin","8","7","15"
"vtrk1ng","8","7","15"
"Vuko4","7","8","15"
"vvelat","7","8","15"
"vytautasgaizauskas","8","7","15"
"w-h-y515","7","8","15"
"wadood651","8","7","15"
"wakat","8","7","15"
"wakeeka","8","7","15"
"Waldorf9000","8","7","15"
"walterhorn","8","7","15"
"Wanhedawin","8","7","15"
"Wannabe05","8","7","15"
"Wapenik1961","7","8","15"
"War4","7","8","15"
"warren_the_geologist","7","8","15"
"waschl","7","8","15"
"Wasweissich","6","9","15"
"Waterman1970","6","9","15"
"wavynumber","7","8","15"
"WaxMax","7","8","15"
"wayde_ezekiel9","6","9","15"
"WazaMart","8","7","15"
"webniac","8","7","15"
"Wefson","8","7","15"
"wekler","8","7","15"
"WelcomeViolence","8","7","15"
"welibab","7","8","15"
"Wellonoz","7","8","15"
"weran","8","7","15"
"weredragon","7","8","15"
"Wesz808","7","8","15"
"wexler98","8","7","15"
"WGFJ","8","7","15"
"White_Knight313","8","7","15"
"White_Panther_Upp","12","3","15"
"Wieft","8","7","15"
"wigertwoods","7","8","15"
"Wilbur_Tseng","8","7","15"
"Wildlycrafted","8","7","15"
"Williamli2012","7","8","15"
"williekorchnoi","7","8","15"
"wilsonion","8","7","15"
"wilt-on","8","7","15"
"Wimzowitsch","7","8","15"
"wojtek54","8","7","15"
"wojtekpolska","8","7","15"
"WOLFCHARA","7","8","15"
"Wolverene75","8","7","15"
"woo0504","8","7","15"
"Woodpecke","8","7","15"
"woolang","7","8","15"
"Workfull_WK","7","8","15"
"wouayo","8","7","15"
"wykell","7","8","15"
"X______________X","8","7","15"
"X-els","7","8","15"
"X-legend","8","7","15"
"xakzakan","8","7","15"
"Xalnurf","8","7","15"
"xaviazul","7","8","15"
"Xedooos","7","8","15"
"Xeharas","7","8","15"
"XeRo13g","9","6","15"
"xexO_Av","7","8","15"
"xfcnm2139","7","8","15"
"XimoP","7","8","15"
"Xinyue8","7","8","15"
"XM64","8","7","15"
"Xochipilzahualt","8","7","15"
"xpsli","7","8","15"
"xxlacihu","7","8","15"
"Xyrz","6","9","15"
"Xyxa","8","7","15"
"xyz113","7","8","15"
"Xyzali","7","8","15"
"yadot","7","8","15"
"Yagelmeister","8","7","15"
"yahazzu","8","7","15"
"YakBert","8","7","15"
"Yamalec","8","7","15"
"yangolov_d","8","7","15"
"Yaniell07","8","7","15"
"Yasabvi","7","8","15"
"yash_G10","7","8","15"
"Yavasgr","7","8","15"
"yaya696","6","9","15"
"yazanhalasa79","7","8","15"
"YBATHEMPEROR","7","8","15"
"yeezus3000","6","9","15"
"yenall","7","8","15"
"Yeptis","7","8","15"
"yes2050i","7","8","15"
"YevrahX81","8","7","15"
"YHthe1andonly","7","8","15"
"yiandry9012","7","8","15"
"YKDRchamion","7","8","15"
"ykula","7","8","15"
"Yodalayhehu","8","7","15"
"Yokedicixx","7","8","15"
"Yoobi22","8","7","15"
"yoshika1980","8","7","15"
"younga-chess","6","9","15"
"your_desaster","7","8","15"
"YoureNotAsGoodAsMe","9","6","15"
"Yourinka","6","9","15"
"yourtimesup","8","7","15"
"yousefamen87","8","7","15"
"youssefmostafa12","6","9","15"
"yousufsaidah","9","6","15"
"Yrikbyar","8","7","15"
"Yriy222","8","7","15"
"yrn_alf","7","8","15"
"Yu5ar","6","9","15"
"Yugo42","8","7","15"
"yunus29","6","9","15"
"Yuriy_Andrienko","7","8","15"
"Yusif97","7","8","15"
"Yusuf_caaan","7","8","15"
"yusufmert0","7","8","15"
"yyakubovich","7","8","15"
"yycroman","4","11","15"
"yyungg","7","8","15"
"Za_Mir","7","8","15"
"Zacek","7","8","15"
"Zal-Aida","8","7","15"
"Zastenchiviy","7","8","15"
"zbishnikov","8","7","15"
"zensei69","7","8","15"
"ZeoElite","8","7","15"
"zerkaholic","7","8","15"
"zeta_3","7","8","15"
"Zetsuboi","7","8","15"
"zfraz1","8","7","15"
"ZhanEmin","7","8","15"
"Zharas08","7","8","15"
"Zhmyshok","6","9","15"
"Zibrak","7","8","15"
"ziec","7","8","15"
"ziidan111","7","8","15"
"zinebdinaabdi","8","7","15"
"ZioG","8","7","15"
"ZivN","7","8","15"
"zlethan5252","8","7","15"
"zoaz007","7","8","15"
"zohar13","7","8","15"
"zolfir","8","7","15"
"zormerton","8","7","15"
"zpck01","7","8","15"
"zphyr2004","9","6","15"
"Zrinski_Frankopan","8","7","15"
"zriox","8","7","15"
"zrkadlo","7","8","15"
"Zuikre1","7","8","15"
"ZweiandZwanzig","6","9","15"
"Zweigart","8","7","15"
"Zweitedame","7","8","15"
"zx777xz","8","7","15"
"zyke12","8","7","15"
"Zyrennnn","7","8","15"
"zytnylmz","8","7","15"
"a_511kinderheimer","5","9","14"
"a_genius_player","6","8","14"
"A_yas12","7","7","14"
"A-Jaleel","6","8","14"
"a7md_j3fr","7","7","14"
"a7med_elhady","7","7","14"
"A7med11khaled11","8","6","14"
"aaa007","6","8","14"
"AAIF77","6","8","14"
"aamirm007","7","7","14"
"aaravlakes","7","7","14"
"aarf64","8","6","14"
"AASL","6","8","14"
"Abdikarim_Takhiatash","8","6","14"
"abdo1989503","6","8","14"
"AbDoger38","9","5","14"
"abdullahaq09","6","8","14"
"abdullahtahatosun000","6","8","14"
"Abdulrahman577","7","7","14"
"AbdulrahmanDllo","7","7","14"
"abhaayy","8","6","14"
"abhie999","7","7","14"
"Abhinav2","7","7","14"
"Abhinav841","7","7","14"
"AbhinavGrandmaster25","6","8","14"
"Abhishek_Shaiju","7","7","14"
"Abideepu","6","8","14"
"aboalinajjar","7","7","14"
"abod_b","7","7","14"
"abood114","7","7","14"
"abrakhadabra","7","7","14"
"abrint","8","6","14"
"AbrVG","6","8","14"
"absolutturkey","6","8","14"
"accardenas","7","7","14"
"achpurbek","7","7","14"
"Acidjazz","7","7","14"
"Adam_jo","7","7","14"
"adam00","6","8","14"
"adambspencer","7","7","14"
"Adamica","8","6","14"
"Adang_K","7","7","14"
"Adboys1","7","7","14"
"Addyvm22","7","7","14"
"AderoH","7","7","14"
"Adil10743","6","8","14"
"aditya_74","8","6","14"
"aditya00kumar","6","8","14"
"Adje99","6","8","14"
"admattchamp12","9","5","14"
"admincoc2020","7","7","14"
"Adnieeel","7","7","14"
"adolfo_peru","7","7","14"
"adro128","8","6","14"
"advay168","6","8","14"
"AEjoB","7","7","14"
"afarfan28","7","7","14"
"AFM-RoyalBengalTiger","7","7","14"
"Aghasi","9","5","14"
"agingjedi","7","7","14"
"Agizer","7","7","14"
"aGoscha","7","7","14"
"agrorol14","6","8","14"
"AgustinFei","7","7","14"
"AGYIIIA15","8","6","14"
"Ahich","7","7","14"
"ahmad-mona","6","8","14"
"Ahmed_Elsadany","7","7","14"
"Ahmed5152","7","7","14"
"ahmedeldeed","7","7","14"
"ahmedelzamalkawy","8","6","14"
"ahmetefeekici","7","7","14"
"ahmetkus19","7","7","14"
"aibihater","5","9","14"
"aidalvis","8","6","14"
"aidehua","6","8","14"
"AiHa7","8","6","14"
"aillin","7","7","14"
"AinisDainuvitis","6","8","14"
"Airattack","7","7","14"
"ajjjjjjab","7","7","14"
"AK_Deen","8","6","14"
"akaplan680","8","6","14"
"AKC-Khanh_Xuan","6","8","14"
"Akela_916","6","8","14"
"akhlad","6","8","14"
"akki1330","8","6","14"
"akshay_2111","8","6","14"
"akubli","8","6","14"
"akurtb","5","9","14"
"akvishal","8","6","14"
"AkyonLive","8","6","14"
"Al_Sanbagh2002","7","7","14"
"al2ksandr","7","7","14"
"alaintemperie","7","7","14"
"AlbertDripstein","5","9","14"
"albertmt","7","7","14"
"albertnoven","7","7","14"
"Alderplayschess11","7","7","14"
"Aldistrz","7","7","14"
"AleAP","7","7","14"
"aled-34","5","9","14"
"Aleee130689","7","7","14"
"aleeeeee1234","6","8","14"
"Alefisio2023","7","7","14"
"Alejandro_Wall","7","7","14"
"Alekhin56","7","7","14"
"alekhineati1","7","7","14"
"Aleksand63","6","8","14"
"Aleksandr_Novikov","6","8","14"
"Aleksandr21","7","7","14"
"Aleksei1951","7","7","14"
"AleksRK84","6","8","14"
"aleval","7","7","14"
"Alex_Mirny","9","5","14"
"alex55555","6","8","14"
"Alexander_Camenzind","8","6","14"
"alexei_kochetkov","6","8","14"
"alexeynnn","8","6","14"
"alexfb10","7","7","14"
"Alexfot","8","6","14"
"alexleo2007","7","7","14"
"alexluong","7","7","14"
"Alexmenassa","7","7","14"
"AlexRevolledo","6","8","14"
"AlexrVel","7","7","14"
"AlexTimoshenko","6","8","14"
"AlexW_Chess","7","7","14"
"Alexxandermate","6","8","14"
"Alfilpeligroso","7","7","14"
"Alfredencina","7","7","14"
"alfsn","6","8","14"
"ali_ipsec","7","7","14"
"AliaFan","7","7","14"
"aliavard","7","7","14"
"alihadi19821985","6","8","14"
"Alikate","7","7","14"
"Alimorfi","8","6","14"
"AlinoPatco","6","8","14"
"alirsd","8","6","14"
"Alisa9","7","7","14"
"AliShehata133","6","8","14"
"ALIZENNOU","6","8","14"
"aljouni","6","8","14"
"allerski","8","6","14"
"AllEyezOnMee","6","8","14"
"allofthem","6","8","14"
"almarri87","6","8","14"
"AlperGRSN","7","7","14"
"alteredboy","7","7","14"
"altgovzen1985","6","8","14"
"Alyeddri","7","7","14"
"alyosha21","7","7","14"
"AlZuRen","8","6","14"
"Aman29037","7","7","14"
"Amarjeet_Singh","5","9","14"
"Ambatolampy","7","7","14"
"ameri_ali","7","7","14"
"amiensa","8","6","14"
"aminbavarsad","7","7","14"
"aminkhan6969","7","7","14"
"AminNazari","7","7","14"
"amitdubey2033002","8","6","14"
"ammazzarie","7","7","14"
"amphionamphion","7","7","14"
"amrmamdouh","6","8","14"
"an1729","7","7","14"
"Ana_Geneva","8","6","14"
"Ana_Maria15","6","8","14"
"Anatoliymag","9","5","14"
"Anavissos4","6","8","14"
"ANCAJA","7","7","14"
"ancient_01","6","8","14"
"and1cuni","7","7","14"
"Andi_den","7","7","14"
"andr3j","6","8","14"
"andrea_spagnolo","7","7","14"
"Andrei_GPN_logist","8","6","14"
"andrejstakhanov","7","7","14"
"Andres2947","7","7","14"
"Andresito2003","8","6","14"
"Andrewtoo","7","7","14"
"Andrey_Dushin","7","7","14"
"Andrey_Smirnov","6","8","14"
"Andreyevs","7","7","14"
"AndreyKila","6","8","14"
"Andromalius","8","6","14"
"Andronik1976","7","7","14"
"andudin","7","7","14"
"andythechessplayer","7","7","14"
"andYudhistira","8","6","14"
"Aneud","7","7","14"
"anewar","7","7","14"
"Anfh","8","6","14"
"Angel_Langdon","8","6","14"
"Angularity","8","6","14"
"ANGULO23","8","6","14"
"Anhour1729","6","8","14"
"aniket24","8","6","14"
"anjini18","7","7","14"
"Annesara","6","8","14"
"Annonax","8","6","14"
"anntree5","7","7","14"
"anonWasTaken","7","7","14"
"Anonym365492","8","6","14"
"anonymous_player1234","8","6","14"
"anschau","7","7","14"
"anthilapass","8","6","14"
"AnthonyWhite","6","8","14"
"Antikill","7","7","14"
"antimisil","8","6","14"
"antolf","5","9","14"
"Anton561905","7","7","14"
"AntonDeev","7","7","14"
"antonio_pavon2903","7","7","14"
"antonliwa","7","7","14"
"Antonlucas","8","6","14"
"anubhaw","8","6","14"
"Anujmgr","7","7","14"
"Anwita001","7","7","14"
"anzhukov3","6","8","14"
"apaykush","7","7","14"
"aplihidopongalan","7","7","14"
"apollo1994","9","5","14"
"apolon79","7","7","14"
"ARandqmPerson","8","6","14"
"Arashjahanshahi","7","7","14"
"Arawak971","7","7","14"
"archit3ct","7","7","14"
"arda_bln","7","7","14"
"ardatokwae","7","7","14"
"arfds","7","7","14"
"Argaze","8","6","14"
"arian2998","7","7","14"
"Arianna1975","6","8","14"
"Arief-Rahman-Thalib","8","6","14"
"Ariel1977Br","7","7","14"
"Ariel2252","7","7","14"
"Arielidas","6","8","14"
"arifk","8","6","14"
"ariyoseun","6","8","14"
"Arjun_Giridharan","7","7","14"
"Arjun_Rawat_26","8","6","14"
"arjun1206","8","6","14"
"arka58","8","6","14"
"arkadankremli53","7","7","14"
"Arksora","6","8","14"
"Arm-Boy","9","5","14"
"armanjbrl","6","8","14"
"Armatwo","6","8","14"
"arnelcarteciano","8","6","14"
"Arnold1024","7","7","14"
"ArnRys62","5","9","14"
"AroXXteR","6","8","14"
"Arq_Miguel_Millan","7","7","14"
"arseni09","8","6","14"
"ArslanMH","7","7","14"
"artemartemm","7","7","14"
"ArtemKarasev","7","7","14"
"ArtemZapara","7","7","14"
"Artopelo","7","7","14"
"artur_1014","9","5","14"
"ArturCR7","7","7","14"
"ArtyShort","7","7","14"
"artzay","7","7","14"
"arvinamanii","7","7","14"
"ASALAK8282","7","7","14"
"asdpo","6","8","14"
"Ash1197","7","7","14"
"asherlubelski","6","8","14"
"ashutosh0121","9","5","14"
"asia53059","7","7","14"
"askaru","7","7","14"
"asketak","7","7","14"
"askye98","7","7","14"
"AslanT8","8","6","14"
"asmn","6","8","14"
"assanged37","7","7","14"
"assfss","8","6","14"
"astranut","7","7","14"
"astrazeneca2","8","6","14"
"Asymptote05","7","7","14"
"AtabekAlim","7","7","14"
"Atharv_Jaju","8","6","14"
"atimcmiii","7","7","14"
"AtomicP","8","6","14"
"AubakirovEldos","7","7","14"
"AubiFlex","8","6","14"
"audpar","7","7","14"
"AussieTrompo","8","6","14"
"authentic01","7","7","14"
"Avenger82","8","6","14"
"AverageLondonEnjoyer","6","8","14"
"averagestudent04","7","7","14"
"Avijanchess","8","6","14"
"Avinash_Oraon61722","7","7","14"
"Avyayaprabhu","7","7","14"
"axlroseinablender","7","7","14"
"Ay_Richie","7","7","14"
"AyAytheRon","7","7","14"
"ayaz-88","7","7","14"
"ayesdeeef","6","8","14"
"ayrtonpa","7","7","14"
"Aystarr","7","7","14"
"ayushi2013","7","7","14"
"Azadahmadi2020","7","7","14"
"Azamatz","7","7","14"
"Azizbek_abu_Omar","6","8","14"
"azonub","7","7","14"
"Azpeitia77","8","6","14"
"AzureNelson","7","7","14"
"b_kozino","7","7","14"
"b0b_ec","6","8","14"
"b0uffon","7","7","14"
"b1010011010","7","7","14"
"B1g_M4k","8","6","14"
"babiCabita","6","8","14"
"babor8","7","7","14"
"Babuc777","6","8","14"
"BadarinathAjeesh2015","7","7","14"
"BadBishBansel","7","7","14"
"badi96","7","7","14"
"baeuerchen","8","6","14"
"bagdur","6","8","14"
"Bagii_Bagii","6","8","14"
"Bajingan_tengix","7","7","14"
"Balakumaran03082005","6","8","14"
"balalam","7","7","14"
"BalasiusTNT","7","7","14"
"balsss","8","6","14"
"Baltay","7","7","14"
"Bamak","7","7","14"
"banana886","6","8","14"
"Bardock08","8","6","14"
"barracudaking","7","7","14"
"Bartek40","7","7","14"
"bastmaster","7","7","14"
"batboy514","7","7","14"
"BatorGM","8","6","14"
"batu1055","7","7","14"
"Batucet","8","6","14"
"batutopaloglu2022","7","7","14"
"Baumberger","7","7","14"
"Bayindir4","7","7","14"
"BBWill","6","8","14"
"bear96","7","7","14"
"beast2020","7","7","14"
"beckham_cs88","6","8","14"
"beefhead500","8","6","14"
"beerluyten","6","8","14"
"Beezy4You","7","7","14"
"BeFriendly","7","7","14"
"Beginner2024","8","6","14"
"behanp","7","7","14"
"Beikenet","7","7","14"
"bekzhan054045","8","6","14"
"belegstrongbow","7","7","14"
"believer1215","8","6","14"
"BelleFyre","7","7","14"
"Belzebuth13","6","8","14"
"Benalcarly","7","7","14"
"benchboy","7","7","14"
"Beneficent","8","6","14"
"Benfayfay1","6","8","14"
"BenLGW","6","8","14"
"Bento66","7","7","14"
"Bercellino","6","8","14"
"Berker8","7","7","14"
"bernardbriemel","6","8","14"
"Bernbach","7","7","14"
"BERNULLI","5","9","14"
"BESTPlum100","8","6","14"
"BetoDeLaRosa98","7","7","14"
"betzi_sanchez","7","7","14"
"Beware_of_me","7","7","14"
"bhdr2535","7","7","14"
"bhuvn","7","7","14"
"BiankaMacakova","10","4","14"
"biblik1","7","7","14"
"bicerkerem","9","5","14"
"Bichos","7","7","14"
"BieneMaja","6","8","14"
"bigbonghits","8","6","14"
"BigCoomer","7","7","14"
"bigfluffything","7","7","14"
"bigglesatlarge","7","7","14"
"Biggzleouf","7","7","14"
"Bigolabeach","7","7","14"
"bigrepking","8","6","14"
"bimbumbam","8","6","14"
"binjov","6","8","14"
"birol2","8","6","14"
"Bishal56","7","7","14"
"bishop_knight21","7","7","14"
"BishopOPplsnerf","7","7","14"
"bishoy112399","8","6","14"
"Bisonio","8","6","14"
"bistduroh","6","8","14"
"Biyayo","7","7","14"
"Bizkos","8","6","14"
"bkebab","7","7","14"
"bkwoods43","8","6","14"
"Black_horsey","8","6","14"
"BlackNight_18","8","6","14"
"blackrebel256","8","6","14"
"BlackSheep91","6","8","14"
"BlankatoliKarpov","7","7","14"
"blapboi","7","7","14"
"Blessingbanda","7","7","14"
"blinds25","6","8","14"
"Blood_drinker","7","7","14"
"blue_sol","6","8","14"
"Blumars22","6","8","14"
"bmaak","6","8","14"
"BMV_CS","6","8","14"
"boban87","7","7","14"
"bobbyrafitagore","7","7","14"
"BobyChris","7","7","14"
"BokiDjordjevic","8","6","14"
"bokul","7","7","14"
"bombilla312","7","7","14"
"bonakid1982","6","8","14"
"Borax047","7","7","14"
"BorchePeshevski","8","6","14"
"Boreal_Bear","8","6","14"
"Boris1986","4","10","14"
"borkar0","7","7","14"
"Borntowinchess","6","8","14"
"Boson1234","7","7","14"
"Botchess69","7","7","14"
"bourne_1","7","7","14"
"bowlingpink","7","7","14"
"Boy-Hambog","7","7","14"
"BoyBalat","7","7","14"
"br1r0","8","6","14"
"Brasilgabi","7","7","14"
"BrassJames","7","7","14"
"bratan187","7","7","14"
"BraveBraveSirRobin92","5","9","14"
"bredezel","8","6","14"
"brhomrussian","6","8","14"
"brigham","7","7","14"
"brookallan","8","6","14"
"BruceChessWeirdo","6","8","14"
"Brunogaranhuns","7","7","14"
"brunoperc","8","6","14"
"brunouai","6","8","14"
"Bryansilvs","7","7","14"
"BSanych","7","7","14"
"btevilo12","8","6","14"
"buckcoin","7","7","14"
"Buddha2020shib","7","7","14"
"bugdust","7","7","14"
"Buin_2017","7","7","14"
"buIunmaz","8","6","14"
"Bulat1234","8","6","14"
"BulatDamage","6","8","14"
"BulatKazan","7","7","14"
"bungeeburger4","5","9","14"
"Burak101010","7","7","14"
"burakkizilay","7","7","14"
"BureauVeritas","7","7","14"
"bwkadi","7","7","14"
"by_psikomik","7","7","14"
"byguile","7","7","14"
"bythewayisay","8","6","14"
"C_Jiber","7","7","14"
"Ca7Chess","8","6","14"
"Cabopjc","5","9","14"
"cafeter","6","8","14"
"caganhess","7","7","14"
"Cagri_Celebi","7","7","14"
"Caifaz","8","6","14"
"CainInvictus","6","8","14"
"calalo","8","6","14"
"Calmitify","7","7","14"
"CalmNewt","8","6","14"
"calvintuck","7","7","14"
"cam25999","8","6","14"
"camstar915","7","7","14"
"canerhan","7","7","14"
"CantgiveIn_2U","6","8","14"
"canwewin","7","7","14"
"Captainchavhan","8","6","14"
"CaptainDada","7","7","14"
"caradhya","6","8","14"
"CardCaldas","7","7","14"
"Cardosojose","7","7","14"
"carl_hibbard","8","6","14"
"Carmine78","8","6","14"
"Carobee","6","8","14"
"Cas2","9","5","14"
"casey-ryback","8","6","14"
"caseyunder18","8","6","14"
"casiofx991esplus","7","7","14"
"Castelli1356","8","6","14"
"Castrillon-Nare","7","7","14"
"Catalanforlife","7","7","14"
"Catchess555","7","7","14"
"catchesstity","7","7","14"
"Catherinrose","8","6","14"
"catur_ronda90","7","7","14"
"Cavid_Huseyn","7","7","14"
"cb2sdavis","7","7","14"
"cbdbra","6","8","14"
"cbennettOR","8","6","14"
"CCarlsson","6","8","14"
"Cdhodgson","7","7","14"
"CehAnteCroatia","7","7","14"
"Celal47","7","7","14"
"Cementnik","7","7","14"
"CemUmutKa","8","6","14"
"Ces_Zam","6","8","14"
"Ceuijin","7","7","14"
"ch3ssmaster91","7","7","14"
"Chacks","6","8","14"
"Chaham75","7","7","14"
"Challengetactics","7","7","14"
"CHAMPION_world","8","6","14"
"changedlater","6","8","14"
"chaninim7","6","8","14"
"Chaos01","9","5","14"
"chartmagicianGK","7","7","14"
"Chatbox","8","6","14"
"CheckersGeek","7","7","14"
"checkmeck9","8","6","14"
"cheemsfan22","8","6","14"
"Cheglakov","7","7","14"
"chek_ka","7","7","14"
"Chernikov-Miroslav","7","7","14"
"ches121","7","7","14"
"chess_5334","7","7","14"
"Chess_is_Forever555","8","6","14"
"Chess_Lover90","7","7","14"
"Chess-SavGab","7","7","14"
"Chess1211","7","7","14"
"chess124765","7","7","14"
"chess21588","6","8","14"
"Chess4Fun2022","6","8","14"
"chessc6","7","7","14"
"ChessDonut1492","6","8","14"
"chessdorkie","7","7","14"
"Chessiara1","7","7","14"
"chessimprov","8","6","14"
"chessisthebest2021","7","7","14"
"chessklok","8","6","14"
"chessliberia","7","7","14"
"Chessman4246","7","7","14"
"ChessMasterpro42069","7","7","14"
"chessmeallnightlong","8","6","14"
"chessmooon","7","7","14"
"Chessname200","6","8","14"
"ChessNoob_4","7","7","14"
"ChessPathshala","5","9","14"
"Chesspeoth","6","8","14"
"ChessTalN","6","8","14"
"chesswerker","7","7","14"
"ChessWiz2000","7","7","14"
"chessybacca","8","6","14"
"Chevss","7","7","14"
"chichimene1","7","7","14"
"chicken234","7","7","14"
"chigar","8","6","14"
"ChillyRoach","6","8","14"
"chingizzzz","7","7","14"
"chiotas20","8","6","14"
"chittyct","8","6","14"
"ChocolateConMoet","8","6","14"
"chori05ru","5","9","14"
"choripanchu","8","6","14"
"chounmw","7","7","14"
"Chrellemanden1235","8","6","14"
"CHRIK1972","7","7","14"
"Chriri75","7","7","14"
"Chris_de_Rech","7","7","14"
"ChrisBall","7","7","14"
"chrism216","7","7","14"
"CHRISTIAN_3115","6","8","14"
"ChristianTo04","8","6","14"
"ChrisVibe","8","6","14"
"chssgm","8","6","14"
"chukmate","7","7","14"
"chusoq","8","6","14"
"Cicbert","7","7","14"
"cihanyalman","7","7","14"
"cipucci","7","7","14"
"Ciumas","8","6","14"
"Ckleo","6","8","14"
"Classic-22","6","8","14"
"ClaudioLeiteee","8","6","14"
"clayreg","7","7","14"
"Cleaner75","9","5","14"
"clementalo","7","7","14"
"Coachkirk432","7","7","14"
"CoatedWinner","6","8","14"
"Coban62","8","6","14"
"cocofortin","6","8","14"
"cocomendez","8","6","14"
"ColetasRataDeCloaca","7","7","14"
"colinedwards8","7","7","14"
"colingotswag","6","8","14"
"CommandaOz","7","7","14"
"CONELROCKENLASVENAS","7","7","14"
"Conhecidous83","7","7","14"
"constall","5","9","14"
"Coolmaths","8","6","14"
"coolrom","6","8","14"
"CORNED-BEEF-06","7","7","14"
"CornelChief","7","7","14"
"corpatwork","7","7","14"
"Cosmin2321","7","7","14"
"Cotolo","7","7","14"
"CrackbuddyMethusalem","8","6","14"
"Crag33","7","7","14"
"crassical","7","7","14"
"Cream2929","7","7","14"
"Credo55Panda","7","7","14"
"crisis2k2","6","8","14"
"cristapana","6","8","14"
"cristiancdd22","7","7","14"
"crottag","8","6","14"
"Crozess","7","7","14"
"CryptoNight9000","8","6","14"
"crysus","7","7","14"
"cslvs","7","7","14"
"Cugulukqv","7","7","14"
"cuHuu_npoBoD","7","7","14"
"cunamiflo","7","7","14"
"Curial","7","7","14"
"cxcvive","7","7","14"
"CypherGreen","7","7","14"
"czeda1991","6","8","14"
"D_R_Tank","8","6","14"
"D1ead","7","7","14"
"d4994","9","5","14"
"D52DD","7","7","14"
"d7nasser","6","8","14"
"D887","8","6","14"
"da71shaker","6","8","14"
"daBernardoBossi","7","7","14"
"Daddy_Wanz","7","7","14"
"DadmasterSN","7","7","14"
"DailyRohan","6","8","14"
"dake-nny","7","7","14"
"DakshS07","8","6","14"
"Damicent","7","7","14"
"Damnc","7","7","14"
"damnitsit","7","7","14"
"Damsi2","6","8","14"
"DAN_ShMiDt","7","7","14"
"Danduur","8","6","14"
"Dandywood","7","7","14"
"Dangcar84","7","7","14"
"daniel1985alejandro","8","6","14"
"DanielMi","4","10","14"
"danielpr13","7","7","14"
"Danielsunny","7","7","14"
"dankirpan","7","7","14"
"DanMei","9","5","14"
"DanOF","7","7","14"
"dansge","7","7","14"
"DanStuckieMM","7","7","14"
"DanteFuentealba","8","6","14"
"danttt","7","7","14"
"Dantunes22","8","6","14"
"dany371","7","7","14"
"Danzy_Tal","8","6","14"
"dapacri","7","7","14"
"dariodelu","7","7","14"
"darkhorseben","8","6","14"
"darkix11","6","8","14"
"darknight-f3","6","8","14"
"darko133321","7","7","14"
"DARKosse","6","8","14"
"darkrpc","8","6","14"
"darshans","7","7","14"
"davblacksmith","7","7","14"
"davestizzy","7","7","14"
"DavidF1","6","8","14"
"DavidKolchuga","9","5","14"
"DavidPereyra","6","8","14"
"DavidsGuterBot","7","7","14"
"Davona2005","7","7","14"
"DavuTR","7","7","14"
"davymax3","7","7","14"
"dawidos1994","8","6","14"
"Dazzbazz","7","7","14"
"dcheel","7","7","14"
"ddb0013","7","7","14"
"ddvln","6","8","14"
"ddxint","7","7","14"
"de666vansh","7","7","14"
"Deathcat","8","6","14"
"DeathMonarch21","6","8","14"
"deepakches","7","7","14"
"deepwaterdeeznuts","8","6","14"
"deesse-cerise","8","6","14"
"DEFENDER500","8","6","14"
"Deivyzrojo","7","7","14"
"Delay_Stavki","8","6","14"
"Delila_bard","7","7","14"
"dellennn","8","6","14"
"delnevo50","6","8","14"
"DemianLH","7","7","14"
"Demolidor_gyn","7","7","14"
"Den_ruS","6","8","14"
"deniz1999gg","6","8","14"
"dennis_rutar","7","7","14"
"dennisg1985","7","7","14"
"Dennyvdavis","8","6","14"
"DenzilJudeDaniels","8","6","14"
"DeRemate","8","6","14"
"Derromma","8","6","14"
"DerSigi1990","6","8","14"
"dertjohn","8","6","14"
"dev_knp","8","6","14"
"Deverski","7","7","14"
"devilemperor99","7","7","14"
"DevilGigatron","8","6","14"
"dexibuprofen","8","6","14"
"deyuz","7","7","14"
"dguehenneuc","7","7","14"
"Dhick_03","9","5","14"
"DiabeticBY","7","7","14"
"dicearr","7","7","14"
"Didizz","7","7","14"
"DIDO-BG","7","7","14"
"DiegoYa14","7","7","14"
"Dieguito_Magnusiton","6","8","14"
"DieguoEs","8","6","14"
"digi256","6","8","14"
"digihigi","7","7","14"
"Digol","8","6","14"
"DilankaMB","7","7","14"
"Dildile","7","7","14"
"Dilsandurski","8","6","14"
"Dilshan86","7","7","14"
"Dimitja","7","7","14"
"Dimitriy1302","7","7","14"
"Dinnoo","7","7","14"
"Dinujaya2014","7","7","14"
"diogo2244","6","8","14"
"Dipu_123","6","8","14"
"DisaDV","7","7","14"
"DIYARBAKIRLI","6","8","14"
"DJLLH27","7","7","14"
"DjMart0","7","7","14"
"djolens","7","7","14"
"djorfchess","8","6","14"
"dmev","6","8","14"
"dmg120","6","8","14"
"dmiha","7","7","14"
"dmitriynegriy","7","7","14"
"Dmitrokoz","7","7","14"
"DmitryAkimov","7","7","14"
"DNelson16","6","8","14"
"dnltkmn7","8","6","14"
"DO881DO","6","8","14"
"DobarlyM","6","8","14"
"dobrimir","7","7","14"
"dodik_kbpl","7","7","14"
"Dogutu","6","8","14"
"DoktorAli12","8","6","14"
"Doktorhirnlos","8","6","14"
"DominicEsputo","7","7","14"
"Dominicp","6","8","14"
"domovangreathoven","7","7","14"
"Don-Piton","7","7","14"
"DONDEEPAK","7","7","14"
"Doniyor_Jobborov_78","6","8","14"
"donleg","8","6","14"
"DonMauricio","7","7","14"
"Donnerknall","7","7","14"
"donnienic","6","8","14"
"DonXY","7","7","14"
"dorenko","6","8","14"
"dorit0snbacon","8","6","14"
"Dory12","6","8","14"
"Dotun","7","7","14"
"Dpf2023","7","7","14"
"Dr_Damage","7","7","14"
"Dr_Murphy","7","7","14"
"Drachenvariante","6","8","14"
"Dragonheat","6","8","14"
"Drakarnaj34","7","7","14"
"Dralion","8","6","14"
"drango66","7","7","14"
"dravida","6","8","14"
"DrBattlecat","7","7","14"
"drchessless","6","8","14"
"DrChessMachine69","8","6","14"
"drdrowaway","8","6","14"
"DrewnoDrewno","7","7","14"
"DrFauxci","7","7","14"
"DrGiul","7","7","14"
"drillsergeant","6","8","14"
"driven3","6","8","14"
"drksn","7","7","14"
"DrMajd03","6","8","14"
"DRMANOJKUMARP","7","7","14"
"Drogaicev_Oleksandr","6","8","14"
"droyan","8","6","14"
"DrPleasent","7","7","14"
"drunkRatel","6","8","14"
"DrVovHu","7","7","14"
"drwhyte","8","6","14"
"DrZav","7","7","14"
"dsneidz","7","7","14"
"dswsaghvd","8","6","14"
"Dude_Without_A_Face","6","8","14"
"DudeWheresMyStallion","7","7","14"
"DurinVII","7","7","14"
"Dutchgiant007","7","7","14"
"duty_engineer_DC","7","7","14"
"Duzcespor","7","7","14"
"dvk2007","7","7","14"
"dw_dw","7","7","14"
"dwboo","7","7","14"
"dwightschruteofchess","7","7","14"
"DylanT2010","7","7","14"
"Dynamic_Thakur","7","7","14"
"DynamicFlatzzz","6","8","14"
"Dyssemiamoeba","7","7","14"
"e-135","7","7","14"
"E27","6","8","14"
"e74mi","7","7","14"
"Eagleforce","7","7","14"
"earthssuperhero","6","8","14"
"Easy-Esmail","7","7","14"
"Ebuzer1234","8","6","14"
"EclipseGuardian","7","7","14"
"Edgar0007","6","8","14"
"Edgaroso123","7","7","14"
"Edilson223","8","6","14"
"Edlizzy","7","7","14"
"eduardo2345","6","8","14"
"Educk1982","7","7","14"
"Edusate","7","7","14"
"edwinchess94","6","8","14"
"EdwinNolasco","7","7","14"
"eftday","7","7","14"
"Egorka2020","6","8","14"
"eight08","7","7","14"
"Eihab4719855","6","8","14"
"EinChess","8","6","14"
"EirikurKB","5","9","14"
"El_3_14ter","8","6","14"
"El_Flexo","8","6","14"
"El_Gago","8","6","14"
"EL_TRANSPORTISTA","7","7","14"
"el-contragolpe","6","8","14"
"El-flaco-oeste_47","6","8","14"
"ElBuda","7","7","14"
"Elcolosal","8","6","14"
"Eldar10072013","6","8","14"
"ElGordoSCZ","6","8","14"
"Eli_Tech","7","7","14"
"Elie13700","6","8","14"
"Elite_Dangerous","7","7","14"
"Ellita","7","7","14"
"Elman1907","7","7","14"
"elokgypsum","7","7","14"
"ElPatronSoyYo","6","8","14"
"Elreyblanco1","7","7","14"
"ElSAFY","9","5","14"
"ElSanty2","7","7","14"
"ElshanBaxshiyev","8","6","14"
"Eltomero","7","7","14"
"ElvinbayramoVe","8","6","14"
"Elvo","7","7","14"
"Elyano11","8","6","14"
"Emad_chabock","7","7","14"
"Emanuelsousa","7","7","14"
"emdrc","7","7","14"
"Emerson_01","7","7","14"
"emikehgs","5","9","14"
"emiliovegag","7","7","14"
"Emilo0o","7","7","14"
"Emilu355","6","8","14"
"emin1967","6","8","14"
"emincati72","7","7","14"
"emoporemilio","8","6","14"
"Emory_Tate","7","7","14"
"emrebogrek2","6","8","14"
"EncoderAtanu","7","7","14"
"EndlessPython","6","8","14"
"EnDsOnLiMaRR","6","8","14"
"EnesBabaProxxx","7","7","14"
"eness3457","6","8","14"
"enflare","7","7","14"
"enginoner","6","8","14"
"Enoch15","6","8","14"
"Enpatsu","8","6","14"
"Enqidodino","7","7","14"
"enriquepistone","6","8","14"
"ens_tyglu","6","8","14"
"Ensign_1","7","7","14"
"Eoganliro","8","6","14"
"Epente","8","6","14"
"epic-a","7","7","14"
"eranyer","8","6","14"
"erfan_abdi","7","7","14"
"erhanulu","7","7","14"
"Eric_chess1224","8","6","14"
"ericleo1980","7","7","14"
"erykzabujca","7","7","14"
"Esin87","7","7","14"
"eska1386","7","7","14"
"Eslamali91","8","6","14"
"Eslamshaker777","8","6","14"
"essel2","6","8","14"
"etabares","7","7","14"
"Eternojuvenil","7","7","14"
"Ethieeeeeeeeeeeee520","7","7","14"
"Eugen138","8","6","14"
"eugeniot","7","7","14"
"Eulalia62","7","7","14"
"EuSouTal","7","7","14"
"Evan_19127","7","7","14"
"Evanchampion","6","8","14"
"evangelosgougou","7","7","14"
"Everybucket","6","8","14"
"Evgeniya_L","6","8","14"
"EvilWilliam","8","6","14"
"Ewanu","8","6","14"
"exarjun","7","7","14"
"Ezekiel30","7","7","14"
"Ezemuo","7","7","14"
"ezzaeimme24","5","9","14"
"F15CHER988","6","8","14"
"f201","8","6","14"
"fabbiolo","8","6","14"
"Fabletom1","6","8","14"
"faboche","7","7","14"
"Fabrizius81","8","6","14"
"Fac_de_sistem","8","6","14"
"facumalon","7","7","14"
"Fadied","7","7","14"
"FAFA_BBC","6","8","14"
"Faithality","8","6","14"
"fakerthe12","7","7","14"
"Famaf2021","7","7","14"
"Farid_G","6","8","14"
"Faster512s","7","7","14"
"Fateful_life","8","6","14"
"Fathi-Alzuqmi","8","6","14"
"fathm","7","7","14"
"fattigatti","7","7","14"
"faust_2","6","8","14"
"fawe4","8","6","14"
"fballantyne","6","8","14"
"Fcdkbear","6","8","14"
"fchet","8","6","14"
"Feanor48","8","6","14"
"federischio","7","7","14"
"fedetopia","6","8","14"
"Fedor2281337","7","7","14"
"Fedorovgs","7","7","14"
"FELI111","7","7","14"
"felina_flocke","7","7","14"
"Felipejba","7","7","14"
"FelixeCulpa","7","7","14"
"FelixFavorite","7","7","14"
"felixftw10","6","8","14"
"Felixynfante2002","7","7","14"
"Fen0men","6","8","14"
"fenix322","8","6","14"
"Fergarcia15","7","7","14"
"Ferhad010","7","7","14"
"FernandoPascual","6","8","14"
"Fero174","7","7","14"
"FFAV0va","7","7","14"
"ffigue92","7","7","14"
"fideinstructoronline","7","7","14"
"File000phaks","9","5","14"
"Filemona","7","7","14"
"filip3004","7","7","14"
"fineksplus","8","6","14"
"finlayslater66","7","7","14"
"firejuggler31","5","9","14"
"FirstPioneer","8","6","14"
"fischeroutofwater","5","9","14"
"Fishmanfu","7","7","14"
"FittingFinch","8","6","14"
"fiut","7","7","14"
"fkaingat07","6","8","14"
"Fkaiscer03","8","6","14"
"fl-ap","6","8","14"
"FlamingoEgg","6","8","14"
"Flandern1302","8","6","14"
"Flavera","6","8","14"
"flelix","8","6","14"
"flori_chess6","6","8","14"
"Florian0224","6","8","14"
"FloriF","7","7","14"
"Flowee512","7","7","14"
"Fluturas","7","7","14"
"fogbat","7","7","14"
"Fokuno","7","7","14"
"Forestmaker","8","6","14"
"fork_king42","8","6","14"
"foudet","5","9","14"
"foxytiti","8","6","14"
"FQknight","8","6","14"
"fra_g","6","8","14"
"FractalFork","7","7","14"
"FraenzNr1","6","8","14"
"Franchishek","7","7","14"
"FranciscoMarquez_20","8","6","14"
"Franco_Bergonce","7","7","14"
"FrancoJacob","7","7","14"
"FRANK2307","7","7","14"
"frankewofobe","7","7","14"
"frankzua18","7","7","14"
"Fredy10","7","7","14"
"Fritzelman","7","7","14"
"frkan","7","7","14"
"frodehb","6","8","14"
"Frolo40","7","7","14"
"fsneberger","8","6","14"
"ftn20","7","7","14"
"Fuego8803","6","8","14"
"fujtajksl","7","7","14"
"Funk_Noise","6","8","14"
"furkannvv","6","8","14"
"G_arrow","6","8","14"
"g11g00g3r","6","8","14"
"G2NicoRodriguez","7","7","14"
"gab75","7","7","14"
"gabrielkalilm","6","8","14"
"gabrielorion","7","7","14"
"Gabrucho","6","8","14"
"Gaelblunder","6","8","14"
"GaijinBushi","8","6","14"
"GaiusOctopus","8","6","14"
"Galihrakasiwi","7","7","14"
"Gamalfayad","7","7","14"
"gamalo","7","7","14"
"gambit_Pnav","7","7","14"
"Gambitneu","7","7","14"
"gambits960","7","7","14"
"gameboy123","7","7","14"
"Ganeshgchess","6","8","14"
"Gangaak","7","7","14"
"GANGERR","7","7","14"
"Ganillik","7","7","14"
"Ganjali_1976","8","6","14"
"gao239","7","7","14"
"Gapete","7","7","14"
"garachana","5","9","14"
"Gargya","7","7","14"
"garies64","7","7","14"
"garikm","6","8","14"
"garryadamoff","7","7","14"
"Gartholomew","8","6","14"
"Garushabi","7","7","14"
"garyrm","6","8","14"
"GASTRODOOM","7","7","14"
"Gatei","5","9","14"
"gattocbryan","8","6","14"
"geekrick","7","7","14"
"gekkognecco","6","8","14"
"gen_pickle","8","6","14"
"genisineg","9","5","14"
"geo2700","8","6","14"
"Ger1","7","7","14"
"Gerald774496804","6","8","14"
"Gerardo_Castro123","7","7","14"
"GerardoApraez","7","7","14"
"Geri0901","6","8","14"
"Geronimo71","7","7","14"
"Gerundium","8","6","14"
"getme0816","7","7","14"
"GHADER_1980","8","6","14"
"ghawar","6","8","14"
"GheorgheS","6","8","14"
"Gian_dei_Brughi","6","8","14"
"Gianbabose","7","7","14"
"Gianvi","6","8","14"
"gigilamera","8","6","14"
"ginger_beard","6","8","14"
"Giorgio_Mahagoni","7","7","14"
"giorgiofontana81","6","8","14"
"giorgos1233","6","8","14"
"GiuImpa","7","7","14"
"GKL_Limited","7","7","14"
"GladdyJ","8","6","14"
"Gladiator2004","7","7","14"
"glassyr","7","7","14"
"Glazlynn","8","6","14"
"GlennIsRad2010","7","7","14"
"glicyn","7","7","14"
"Gmdalods-16","6","8","14"
"gme_noob","7","7","14"
"gmmps2020","7","7","14"
"gmralph","6","8","14"
"go4success","7","7","14"
"Goblin028","7","7","14"
"God_Save","7","7","14"
"GoDim0","7","7","14"
"godrej","7","7","14"
"GokulThombare","6","8","14"
"Goldpiece","6","8","14"
"GOLT161","6","8","14"
"Gomvar","7","7","14"
"goodvibesBY","8","6","14"
"gordanadam","7","7","14"
"Gordon_Shamuey","7","7","14"
"gorgannlion","7","7","14"
"gorishak","6","8","14"
"gorkemli","7","7","14"
"Gormahia","7","7","14"
"GospelOfMy","7","7","14"
"goyaldev0911","7","7","14"
"GQ_IGT","7","7","14"
"Grandmaster_Priyan","6","8","14"
"grandmastermoist","7","7","14"
"grazgoldenboy","6","8","14"
"Great-Warlock","7","7","14"
"GrigAlex79","9","5","14"
"Gromcakes","8","6","14"
"GroningseGeit","7","7","14"
"Grootmeestertje123","7","7","14"
"GrosPig","6","8","14"
"Grozny94","8","6","14"
"grump_kirkpatrick","7","7","14"
"grxbullet2","6","8","14"
"gsbit","8","6","14"
"Guaj","7","7","14"
"gudimov","7","7","14"
"Guest-YKBn7RuU","7","7","14"
"guimo","8","6","14"
"Guiseppe_Tartini123","9","5","14"
"Gunnarson","6","8","14"
"gupta9919","5","9","14"
"Gurdeniz","7","7","14"
"gustavo11","5","9","14"
"guybads","7","7","14"
"guybrush89","7","7","14"
"h_94q8","7","7","14"
"H_Mehdi313","7","7","14"
"h_sy","7","7","14"
"h_yperborea","6","8","14"
"H-E-R-E-T-I-C","7","7","14"
"h0w","8","6","14"
"Hacenyacin","8","6","14"
"hacku_luci4","7","7","14"
"haddadin1","6","8","14"
"Haeschen_Huepf","7","7","14"
"Hagiri00","6","8","14"
"Hai_Fisch","7","7","14"
"Haintex","7","7","14"
"Haivem_Colorado_Colo","8","6","14"
"haklp","7","7","14"
"Hakuhou","6","8","14"
"HAL9050","6","8","14"
"Halibo28","6","8","14"
"Hamedalbaji","9","5","14"
"hamedkarbasi1989","6","8","14"
"Hamila_TN","6","8","14"
"Hamurk","7","7","14"
"HAMZA_LIOn","7","7","14"
"Hangar-18","8","6","14"
"Hansans","7","7","14"
"HansOvlla","7","7","14"
"HantaiSankak","6","8","14"
"Hanyeldeeb","7","7","14"
"happy3838","8","6","14"
"Harel007","7","7","14"
"Harit_Tarwani","8","6","14"
"HarpiaJ","7","7","14"
"harps09","5","9","14"
"Harshavardhan_237","7","7","14"
"harshmahajan","9","5","14"
"HASAN7A","7","7","14"
"hasanbayar","7","7","14"
"hashkid_22","6","8","14"
"Hashtag_Bullet","6","8","14"
"HasnunGalip","7","7","14"
"hassankhmsawy2002","7","7","14"
"haydar195","7","7","14"
"hayufmu","6","8","14"
"Hb2023","8","6","14"
"HBILICI","7","7","14"
"healer69","6","8","14"
"heatmiserr","7","7","14"
"hecinali2","8","6","14"
"HECO16","7","7","14"
"Heger75","7","7","14"
"HeijiDekuTwilight59","6","8","14"
"heiseb01","6","8","14"
"Heisenbergchen","7","7","14"
"hejhej2","6","8","14"
"Helene2012","7","7","14"
"HelloImEd","6","8","14"
"HelloMyDear","7","7","14"
"hemangghodadra","7","7","14"
"Hemond","6","8","14"
"HenrikOlai","9","5","14"
"henriquecaribe","6","8","14"
"Heresiarcha","6","8","14"
"Hernanecha","8","6","14"
"Herr_Nilsson","7","7","14"
"HerrLowenthal","8","6","14"
"hervegeorge","7","7","14"
"Hietala85","5","9","14"
"HighSerAtonin","6","8","14"
"Hilal007","7","7","14"
"HilmyAmjad","7","7","14"
"hinni","8","6","14"
"Hipolito1505","8","6","14"
"hitesh72856","8","6","14"
"Hiziiir","7","7","14"
"hks11","8","6","14"
"HMSzzzz","7","7","14"
"Hohol_chubatuy","7","7","14"
"Hokhokjok","7","7","14"
"Holychessspirit","8","6","14"
"hongoren","9","5","14"
"HoodedSaint","8","6","14"
"horagoncache","7","7","14"
"horde85","6","8","14"
"Hosako","7","7","14"
"HOSPI-BCN","7","7","14"
"hossamalaa","6","8","14"
"hotice_vadim","7","7","14"
"houmaan","7","7","14"
"Hous_md","7","7","14"
"HouseThatPeterbilt","6","8","14"
"houssemcollo","8","6","14"
"hovhkas","7","7","14"
"HovikM","7","7","14"
"howhorseymove83","7","7","14"
"hrithik1371","7","7","14"
"hsnbl7","7","7","14"
"htc25","7","7","14"
"huerry_0403","7","7","14"
"Huesca919","7","7","14"
"HugoVillar","8","6","14"
"HuiZiShi","7","7","14"
"HumbertoB","7","7","14"
"HumdrumE","7","7","14"
"HumenPotato","7","7","14"
"humidair","8","6","14"
"huzeycan1","7","7","14"
"hwilkens","8","6","14"
"hxin","7","7","14"
"hyfe","7","7","14"
"Hyogga68","7","7","14"
"Hypnoctopus","7","7","14"
"Hyubato","7","7","14"
"hzdurgut","7","7","14"
"i_gmh","6","8","14"
"i_hate_my_chess","7","7","14"
"i3uccaneer","9","5","14"
"iaka","7","7","14"
"Iamplayingonlyfan","7","7","14"
"IamYourSuperior","7","7","14"
"ibragim96","8","6","14"
"IBRAHEM88","7","7","14"
"ibrahim1222","9","5","14"
"IbraHimreIs","7","7","14"
"ibrefe00","7","7","14"
"Ibrhm79","7","7","14"
"ICallKnightsHorseys","8","6","14"
"icanbeatisaiaheasily","7","7","14"
"icebox28","7","7","14"
"ICursedUrKing","7","7","14"
"idkbro","7","7","14"
"idra23","7","7","14"
"idsev2ied","9","5","14"
"ifycent","8","6","14"
"igar1","7","7","14"
"Ignat00","7","7","14"
"IgnatiusAM","7","7","14"
"Igno123","8","6","14"
"igondal","7","7","14"
"Igor_nr","6","8","14"
"igoralvespalmeira","6","8","14"
"IgorBaw","7","7","14"
"igorvoloshin","7","7","14"
"Igrok1984","7","7","14"
"IIupor","7","7","14"
"ijones2074","7","7","14"
"iKedy","6","8","14"
"IkromAkhunov","8","6","14"
"il_mercenario","7","7","14"
"IlCavalloInesistente","6","8","14"
"ilhamemre","7","7","14"
"ilhamhocamatematik","6","8","14"
"ilia_garbuzov","7","7","14"
"IlieBolojan","7","7","14"
"ilikepotpie","7","7","14"
"IljaWeid","9","5","14"
"ilkertozluklu","7","7","14"
"Ilnur_the_best","7","7","14"
"iluom","7","7","14"
"imissuplschatmoko","6","8","14"
"imlearninginnit","8","6","14"
"Imnoobsor","6","8","14"
"impuls63","8","6","14"
"inanilmaz","7","7","14"
"Incognickta","6","8","14"
"incognitopawn","8","6","14"
"incrediblejay03","6","8","14"
"indra020407","7","7","14"
"infairverona","8","6","14"
"infinia","7","7","14"
"inibukanwilmar","5","9","14"
"Innovation24","7","7","14"
"Insider4","7","7","14"
"Integral271828182845","7","7","14"
"Invatacel","6","8","14"
"IonConnor","8","6","14"
"IQ_Amka22","7","7","14"
"Irader05","7","7","14"
"irhead747","7","7","14"
"irivera","7","7","14"
"ironalligator","6","8","14"
"IRTO","7","7","14"
"Isaac_8","6","8","14"
"Isaac979797","6","8","14"
"Isaacnewton111","7","7","14"
"Ischukin","7","7","14"
"ishaan99th","6","8","14"
"iskambil","8","6","14"
"ismaildakrory","8","6","14"
"isuckatchess1000","8","6","14"
"itrdty","8","6","14"
"Itseyce","7","7","14"
"itsmeabbhhhiiii","6","8","14"
"iulian_m1967","6","8","14"
"iuttam","8","6","14"
"Ivan_Reznikov","7","7","14"
"ivan20102009","6","8","14"
"IVANeltitan","8","6","14"
"Ivanklim","8","6","14"
"IvanSPaPa","7","7","14"
"IvanTolstoy","7","7","14"
"IvanToshet","7","7","14"
"IvanZhuk96","7","7","14"
"ivri","7","7","14"
"ivsta","7","7","14"
"j0ker000","7","7","14"
"jacker_VT","7","7","14"
"Jacko032020","7","7","14"
"JacobSiiya","5","9","14"
"JadeLizard","7","7","14"
"Jaesun722","7","7","14"
"JaGarCap","7","7","14"
"Jaggl","7","7","14"
"jagoOp","7","7","14"
"Jahin-xhowduri","7","7","14"
"jajamARG","6","8","14"
"JakabZsolt","6","8","14"
"JakobHsu","7","7","14"
"jalexmor","7","7","14"
"jam80","5","9","14"
"JamalGAMBIT","8","6","14"
"jamen776","7","7","14"
"jamilson","6","8","14"
"Jane_Chess","7","7","14"
"janggo123","7","7","14"
"Janiiiiiiiiiii","7","7","14"
"Janitor-X","8","6","14"
"Jaques","7","7","14"
"JaquesDeMolay","7","7","14"
"jared4497","6","8","14"
"jaredsacks","8","6","14"
"Jarek1987123","7","7","14"
"jarrok","6","8","14"
"jasb5708","6","8","14"
"JasonLawwrencePinto","7","7","14"
"jasonspam108","7","7","14"
"Javid1966","7","7","14"
"javidurdes","7","7","14"
"Javiergarcia202317","7","7","14"
"Jax0909","5","9","14"
"Jay100","7","7","14"
"jayesh_jdv","7","7","14"
"Jazzbrazuca","8","6","14"
"JBHM","8","6","14"
"jbran","7","7","14"
"JCuevas","7","7","14"
"jdmg86","8","6","14"
"Jean2001","6","8","14"
"Jebasznikow","8","6","14"
"jeetukiran","7","7","14"
"jeezyal","8","6","14"
"jefreybro","6","8","14"
"jenikfrancois","7","7","14"
"Jens_Jungmann","6","8","14"
"jeonkjs","7","7","14"
"jerinc17","7","7","14"
"Jerzykk","7","7","14"
"jeven3","6","8","14"
"jfoner","7","7","14"
"JGBastiat","7","7","14"
"JHE333","7","7","14"
"Jhnkb","5","9","14"
"Jhojairo","7","7","14"
"JhonnJR97","8","6","14"
"jiarnne","8","6","14"
"jiiiiim","7","7","14"
"JimCarroll","7","7","14"
"JimmyMow","7","7","14"
"jipkin","6","8","14"
"JJDIZCH","7","7","14"
"jknotten","7","7","14"
"jl58","8","6","14"
"jlnazario","8","6","14"
"Jlork73","7","7","14"
"JoelGreen1","7","7","14"
"johaca","7","7","14"
"Johalcala83","8","6","14"
"johannesekman","7","7","14"
"johannn","6","8","14"
"john-xl","6","8","14"
"John1111","6","8","14"
"Johnjairoosorio","8","6","14"
"jomaaslo","9","5","14"
"jonela0777","7","7","14"
"jonhonay","8","6","14"
"Jonny_1234","7","7","14"
"JonnyChessMasterFunk","6","8","14"
"jonnyq1387","7","7","14"
"Jonnyquest1","8","6","14"
"joolove5124","8","6","14"
"Jordzz","8","6","14"
"Jorges_sagastume","8","6","14"
"JOSAVI","7","7","14"
"Josch04","7","7","14"
"Jose86","8","6","14"
"Joselp731","7","7","14"
"jourdywong","5","9","14"
"jovanrambored","6","8","14"
"JOVENJOAQUIN","8","6","14"
"JozimarSan","6","8","14"
"js23456","7","7","14"
"Jsairo","6","8","14"
"Jthelittleman","7","7","14"
"Juan_Andres_Zamora","8","6","14"
"Juancho_17mega","8","6","14"
"juanetico","8","6","14"
"juanjo_mnz_col","8","6","14"
"JuanPablo1403","7","7","14"
"judhajit","7","7","14"
"juergowo","5","9","14"
"juisef","8","6","14"
"JuLGG","7","7","14"
"Julian-Erwin","7","7","14"
"JULINHO21","7","7","14"
"julIo_boLbochan","8","6","14"
"Julius129","7","7","14"
"Jungikim10","7","7","14"
"junxilinchess","7","7","14"
"JuS_94_HH","6","8","14"
"justchrissithings","7","7","14"
"Justjms","7","7","14"
"justswim","9","5","14"
"JVCG","7","7","14"
"jwchess","6","8","14"
"jzerok","7","7","14"
"k_15_mn","8","6","14"
"k_bear","6","8","14"
"K_Nurlan","7","7","14"
"K5Z15","7","7","14"
"K7N2Delta","7","7","14"
"Kabesh","7","7","14"
"kadircevirme","7","7","14"
"kaf_fa","7","7","14"
"kaffekoppen11","7","7","14"
"kaiser_finland","8","6","14"
"kaiser007","7","7","14"
"Kaiyan10","7","7","14"
"kamesh07","6","8","14"
"kampfzwerg84","6","8","14"
"Kampion","7","7","14"
"Kanad321","7","7","14"
"kantianer2","7","7","14"
"kanttandtechniek","7","7","14"
"Kanzass","7","7","14"
"Kapivara_Gambit","8","6","14"
"kapokluh","7","7","14"
"kappa7631","7","7","14"
"Kara1966","7","7","14"
"Karadjurdjevic","6","8","14"
"karamansedat","8","6","14"
"Karedm","7","7","14"
"karmelekmaly","7","7","14"
"karobia","7","7","14"
"Karol_Pabijan2","5","9","14"
"karthickmurugesan","7","7","14"
"kaskarino","7","7","14"
"kasmanasg","6","8","14"
"KaspaMag","8","6","14"
"Kat_Pro","7","7","14"
"KatonaFerenc","6","8","14"
"kavish2004","7","7","14"
"kawasakibackflip","8","6","14"
"kaweskar13","6","8","14"
"kawkaw14","7","7","14"
"kaycshine","7","7","14"
"Kaymosna","6","8","14"
"KC_Kelley","7","7","14"
"kchpapps","8","6","14"
"kcsreejith","7","7","14"
"kdkmcghee","7","7","14"
"keigo123","8","6","14"
"Kelloq","7","7","14"
"kems","7","7","14"
"Kencraig","7","7","14"
"Keng9190919","7","7","14"
"KenKankei","6","8","14"
"Kenobi33","8","6","14"
"keremisthebabapro","7","7","14"
"kerm0de","8","6","14"
"Kever","7","7","14"
"KHAGOKPAMRONALDO","6","8","14"
"khesraw","7","7","14"
"kian1shah","6","8","14"
"KIBBOSS8","7","7","14"
"Kiburi","7","7","14"
"kicker90","7","7","14"
"kieranfz","7","7","14"
"kifer35","7","7","14"
"kiflino","7","7","14"
"KikeHG","7","7","14"
"Kikou0031","6","8","14"
"killerbros59","7","7","14"
"Kinderschach","7","7","14"
"king_8888","8","6","14"
"King_of_Gore","7","7","14"
"KingDonik","6","8","14"
"KingDwight14","7","7","14"
"kingisalive","6","8","14"
"kingkira2","7","7","14"
"kinglarsen","7","7","14"
"kingmohammad90","7","7","14"
"kingquwais67137505","7","7","14"
"kingsterra","7","7","14"
"kingtobi","7","7","14"
"kira_yagami98","6","8","14"
"Kirill1988Kirill","6","8","14"
"Kishoru72","7","7","14"
"kitsiosv","8","6","14"
"kiwichessguy","7","7","14"
"kktrk","7","7","14"
"klamar74","6","8","14"
"klbrn","7","7","14"
"klosischer","7","7","14"
"Kluge_Witte","7","7","14"
"kmokoena844","7","7","14"
"kms108","8","6","14"
"kmsridhar","7","7","14"
"KOBRAAAAA999","8","6","14"
"KocharGM","7","7","14"
"Koko_1","7","7","14"
"Kolotovkin","6","8","14"
"komarosik","8","6","14"
"Kondor75","5","9","14"
"KongKing_3rd","7","7","14"
"konstantin_tokar","8","6","14"
"konstzh","7","7","14"
"koridor42","6","8","14"
"korneli_sulla","8","6","14"
"korsanmirik","7","7","14"
"kosemanism","7","7","14"
"kostavd","7","7","14"
"Kosto_Riko0608","7","7","14"
"Kotinho","8","6","14"
"Kqbk","6","8","14"
"kripton48","7","7","14"
"kris7j4n","7","7","14"
"krish1502","7","7","14"
"krochen","7","7","14"
"krolor","7","7","14"
"krotos","8","6","14"
"Krtolacic","6","8","14"
"KrugerIndSmoothing","8","6","14"
"Kruppe1","8","6","14"
"ksiaz3","6","8","14"
"Ktoblepas","7","7","14"
"kuahara","6","8","14"
"kuandd","6","8","14"
"kullenoskar","6","8","14"
"Kumbayas","6","8","14"
"kunalbatra95","8","6","14"
"Kurddddd","7","7","14"
"Kurkumalatte","8","6","14"
"KuroObi","7","7","14"
"Kurt0916","7","7","14"
"Kushengpeng","8","6","14"
"kvothe0411","8","6","14"
"kwayso","7","7","14"
"Kwuuak","7","7","14"
"Kymera21","6","8","14"
"KyryloP","7","7","14"
"l_50x50_l","8","6","14"
"L_A_YU","9","5","14"
"l_Individu","7","7","14"
"L19Jason99","7","7","14"
"labhi","7","7","14"
"Lacasitos90","7","7","14"
"lacin_mirza","7","7","14"
"Ladewig2100","7","7","14"
"lakrim","7","7","14"
"LaMag55","6","8","14"
"LandonHawk","6","8","14"
"LangeRochade","6","8","14"
"lankurtis","5","9","14"
"Larsarust","7","7","14"
"larueentn","8","6","14"
"Laser2020","8","6","14"
"Lashat25","8","6","14"
"Laterrazza7","8","6","14"
"latrame","8","6","14"
"Lavakusha2","8","6","14"
"LBreno98","7","7","14"
"LDS_Fuchs","6","8","14"
"le_degenerat","7","7","14"
"lechgyver","7","7","14"
"leeaxilPKJ","7","7","14"
"LeeHolliday7","8","6","14"
"Leherzahn","7","7","14"
"Lehobo","7","7","14"
"lelh","7","7","14"
"lenam","8","6","14"
"lengo777","7","7","14"
"lennie_retro","6","8","14"
"leo441423","6","8","14"
"leodudd","7","7","14"
"Leolebg2011","6","8","14"
"Leon_hr","7","7","14"
"leopschess","9","5","14"
"Leoste12","7","7","14"
"LePepeLoco","8","6","14"
"lerrymonstyle","7","7","14"
"leskov-daun","6","8","14"
"lestevez","7","7","14"
"leto-atreydes","7","7","14"
"Levyshka","7","7","14"
"Li_Vilius","5","9","14"
"liedito","7","7","14"
"Liem88","6","8","14"
"Lifsitch","7","7","14"
"LightBlackHole","6","8","14"
"lilyy_aguss","7","7","14"
"linacarochess","5","9","14"
"linaS_Po","7","7","14"
"LionShark17","7","7","14"
"litfamily","8","6","14"
"Lithumonly","6","8","14"
"littlewing237","7","7","14"
"LiveChessAtldotcom","7","7","14"
"Livianil","6","8","14"
"Livonna77","5","9","14"
"ljmch","6","8","14"
"lluiset_de_la_vall","8","6","14"
"lmehrdad64","7","7","14"
"Local-host","7","7","14"
"lolaylalom","8","6","14"
"Lollo7878","7","7","14"
"lolote2002","9","5","14"
"Lomero","7","7","14"
"longoil","6","8","14"
"lord369","7","7","14"
"LordCrackrat","8","6","14"
"Lorenzgh5","6","8","14"
"lostelenecos","7","7","14"
"Louis_B","7","7","14"
"Louisiana23","8","6","14"
"LOUTTAMDIGVIJAY","7","7","14"
"loveneedslove1980","5","9","14"
"LOVERLOAD","6","8","14"
"LowellC2-A","7","7","14"
"Loyola1972","7","7","14"
"loytkchan0","6","8","14"
"LucasKoch","7","7","14"
"LucasMareque","7","7","14"
"Luchetti420","6","8","14"
"LuckyLactose","7","7","14"
"Luckymo","6","8","14"
"LudenKonstantinool","6","8","14"
"Ludio1","7","7","14"
"luischess10","6","8","14"
"luisdeav","7","7","14"
"LuisZuluaga","6","8","14"
"luizbraudes","7","7","14"
"Lukangelconquistador","7","7","14"
"lulzsex","7","7","14"
"lumbereb","9","5","14"
"lumbi1","7","7","14"
"Lumenzzz","7","7","14"
"LupiVTuza","7","7","14"
"LuxTux","8","6","14"
"M4693220","7","7","14"
"M4GNUS_KR","7","7","14"
"m6767","5","9","14"
"maazrk","8","6","14"
"machax1","7","7","14"
"maciberia","6","8","14"
"macjas","7","7","14"
"macmac1979","7","7","14"
"macsimc","6","8","14"
"Maddhu2222","6","8","14"
"madmat","7","7","14"
"mafalsa","5","9","14"
"magnato_chess","7","7","14"
"MagnumCardsen","7","7","14"
"Magnus_Fischer7","7","7","14"
"Magnus1120","7","7","14"
"mahan_2012","6","8","14"
"mahdinnnnnnnn","7","7","14"
"MaheshHebbar","6","8","14"
"mahmoud9","7","7","14"
"Mahmoudmslm","7","7","14"
"maicongalo","7","7","14"
"Maitre126","7","7","14"
"MajorMinor","8","6","14"
"MAK04","6","8","14"
"MaksGur","7","7","14"
"MAKSMAKS1167","7","7","14"
"malaticcio","7","7","14"
"malcolms123","7","7","14"
"Malek2005","8","6","14"
"malguer","7","7","14"
"mali6177","7","7","14"
"MamanPasir","6","8","14"
"Mamayka1993","7","7","14"
"MamchenkoSA","7","7","14"
"MandrakZoro","8","6","14"
"manikumarreddy","7","7","14"
"Maniofski_58","6","8","14"
"Manjari_arjun","6","8","14"
"Mannero_Napici","6","8","14"
"Mannimeister","6","8","14"
"ManojWarrier","7","7","14"
"Manthan1134","8","6","14"
"ManuelAntonio","6","8","14"
"manyakege","6","8","14"
"Maratbekov04","7","7","14"
"MaratEsayan","5","9","14"
"marc_222_X","7","7","14"
"MarcDBeats","7","7","14"
"marcelbino","7","7","14"
"march02","6","8","14"
"Marcin_77","7","7","14"
"MarcinSzary77","7","7","14"
"marciomyler","5","9","14"
"marcosjkbrazil","7","7","14"
"MarcoStegner","7","7","14"
"MarcusLiciniusCrass","7","7","14"
"mariodel","7","7","14"
"marioleston","7","7","14"
"maris910","7","7","14"
"Marjankiller","8","6","14"
"MarkCB123","7","7","14"
"markishere","7","7","14"
"markocop_12345678","7","7","14"
"Marlan","8","6","14"
"marlonalburogesta","7","7","14"
"MarloTheGangster","8","6","14"
"marni0","7","7","14"
"Marshall_RBA","6","8","14"
"marshall_ykt","7","7","14"
"MarshmallowWaffles","6","8","14"
"MartaSergeeva","7","7","14"
"martib11","6","8","14"
"martin0289","8","6","14"
"martinalarcon78","7","7","14"
"MartinChurov","9","5","14"
"MartinGianella","7","7","14"
"MartinoQuelloBravo","7","7","14"
"marylin_m","8","6","14"
"MascoVetten","7","7","14"
"Mashi","8","6","14"
"mashol_OPG","7","7","14"
"masoodluluo","5","9","14"
"masoudhamed","7","7","14"
"MassiveBoy","7","7","14"
"Master845","7","7","14"
"MASTERChaLe","6","8","14"
"mastergaurav","7","7","14"
"MasterJYR","8","6","14"
"mata_krakens","8","6","14"
"Matabicho","7","7","14"
"Matabsolu","6","8","14"
"Mate_in_ten","6","8","14"
"mategiorgadze","7","7","14"
"Mateo_93","7","7","14"
"MateusVilanova","7","7","14"
"MATfer","6","8","14"
"Mathematica75","8","6","14"
"Mathias_May","7","7","14"
"mathprobsolver","7","7","14"
"Mati1957","6","8","14"
"matkemata","7","7","14"
"MatteoVHIkar","8","6","14"
"MatthewAlan","8","6","14"
"matthieu_dc","8","6","14"
"matyas2389","7","7","14"
"mauroicardi93","6","8","14"
"mavroprovato","6","8","14"
"mavundlaalbright","7","7","14"
"max_turbo_f1g4","5","9","14"
"max254","7","7","14"
"maxi000","6","8","14"
"maxi393","7","7","14"
"Maxib0ne","7","7","14"
"Maxim_Levashov","6","8","14"
"MaximianD","7","7","14"
"maxinevandate","6","8","14"
"MaxR2723","6","8","14"
"maxvayda","8","6","14"
"Maya_MZ","7","7","14"
"MayanjaN","7","7","14"
"MaybeFirstTime","7","7","14"
"Maye23","8","6","14"
"MazenHany","8","6","14"
"mazigh13","7","7","14"
"mazurB","8","6","14"
"mbalong79","7","7","14"
"MboyaBob","6","8","14"
"MCDB","8","6","14"
"McLarenMP4_4","7","7","14"
"MDD123","7","7","14"
"mdepiilo","6","8","14"
"mdumairieh","6","8","14"
"MdZakiMuzahid","7","7","14"
"Me-Cezar","6","8","14"
"MeatOverSoy","7","7","14"
"MediocrePlayer555","7","7","14"
"Meenuverma","8","6","14"
"Mego7","7","7","14"
"mehdi2a","7","7","14"
"mehdiafrasyabi","7","7","14"
"mehdimohamadz","7","7","14"
"mehmetali1233","7","7","14"
"MehmetKURT","7","7","14"
"mehran_5678","8","6","14"
"Melisara","6","8","14"
"Memo7683","5","9","14"
"Mercydams","8","6","14"
"Mert12091","7","7","14"
"MertFischer","7","7","14"
"mertplt","7","7","14"
"Messi2019","7","7","14"
"mesterj","7","7","14"
"metemat","9","5","14"
"MeTTTeo","7","7","14"
"MF_Starboy","7","7","14"
"mgag2002","7","7","14"
"mgbobullet","6","8","14"
"MGdrachirld","8","6","14"
"mgedwill","6","8","14"
"mgvm","7","7","14"
"mher594","7","7","14"
"mhmdzayed","6","8","14"
"michal_chill","7","7","14"
"michal7892","7","7","14"
"MichelleAjedrez","7","7","14"
"mid1zy","7","7","14"
"Midnightheart","6","8","14"
"miege3","7","7","14"
"MightyMase99","8","6","14"
"migottardi","8","6","14"
"Miguel683","7","7","14"
"mihail_f1812","6","8","14"
"MihailSandykov","6","8","14"
"mijayl","6","8","14"
"mike_kon_tis","7","7","14"
"MikeMolto","6","8","14"
"mikhailbalabaev","8","6","14"
"mikosamia","7","7","14"
"Milan660","8","6","14"
"milik999","7","7","14"
"Milites","6","8","14"
"MILLNA_45","7","7","14"
"Miltonhp","6","8","14"
"mimadrechess","6","8","14"
"minEcev","6","8","14"
"Minions73","7","7","14"
"MinnaTheCat","7","7","14"
"miqtek","6","8","14"
"MisaqueKing","7","7","14"
"Mishakim2009","7","7","14"
"MishkaGoguadze","8","6","14"
"mistrzandrzej","7","7","14"
"MitchaLEXX","8","6","14"
"MiV68","8","6","14"
"mjwhtkr","8","6","14"
"MMM3443","8","6","14"
"MMT01","7","7","14"
"MnichuPL","6","8","14"
"Mo_ona","7","7","14"
"mo-sobhi","7","7","14"
"MO3EP","7","7","14"
"Mohoni","7","7","14"
"mohsen-oro","5","9","14"
"mohsensbu100","7","7","14"
"moijk","8","6","14"
"monitorist","6","8","14"
"monkeyface55","6","8","14"
"monster3670","6","8","14"
"monstertah","6","8","14"
"monteggia","7","7","14"
"Monumma","7","7","14"
"mooooosh","8","6","14"
"morefire","7","7","14"
"Morinat","7","7","14"
"moritake","8","6","14"
"Morositass","7","7","14"
"moroti","7","7","14"
"morphy_paul_2020","6","8","14"
"mortadell","6","8","14"
"mosama22","7","7","14"
"Mosenmo","8","6","14"
"Moshiso","7","7","14"
"mosiiii____72","7","7","14"
"mossab92","6","8","14"
"mostafaalizade","8","6","14"
"MostafaF2020","7","7","14"
"Mou_sad","6","8","14"
"mousmoulia","6","8","14"
"mplege2s","8","6","14"
"Mr_Gyrfalcon","8","6","14"
"Mr_X_X_X","7","7","14"
"mra2ul","7","7","14"
"Mrazidlo","7","7","14"
"Mrbboy100","7","7","14"
"MrBlackAdam","8","6","14"
"MrCandidateMoves","6","8","14"
"mrdibujante","6","8","14"
"MrGeoDr","7","7","14"
"MrMyazaki","7","7","14"
"MrPrinceisBack","6","8","14"
"MrSCUTI","8","6","14"
"MRX2002","7","7","14"
"MRyoso241","7","7","14"
"msb2","7","7","14"
"MSDENIZ","7","7","14"
"MSDLover","7","7","14"
"msg19","7","7","14"
"msilesia1800","7","7","14"
"msk04","7","7","14"
"msluks","6","8","14"
"MTalis","6","8","14"
"mtarunpr","8","6","14"
"MTK890","7","7","14"
"muammerkeskin","7","7","14"
"Muckelchen","7","7","14"
"Muditjgd","7","7","14"
"mugiwara2358","7","7","14"
"Muhammad_Aref","7","7","14"
"muki00","8","6","14"
"mundialito","7","7","14"
"Munzevi_183","7","7","14"
"Murad712","8","6","14"
"Murat2011","6","8","14"
"murcigan","6","8","14"
"MurilloVictorioSJr","8","6","14"
"Mushotoku","7","7","14"
"musssol","7","7","14"
"Mustafa_85","7","7","14"
"Muszyn21","7","7","14"
"Mutaz_Hamra","6","8","14"
"muzafferuzunhan","8","6","14"
"MVL_Student","7","7","14"
"mw_iktan","7","7","14"
"mwamwa","7","7","14"
"Mwizukanji","7","7","14"
"Mxoli99","9","5","14"
"MyHugeSonMario","7","7","14"
"Mykymen6","7","7","14"
"Mysoul2","7","7","14"
"n_santa31","7","7","14"
"n1ckyw1cky","8","6","14"
"N1tr0Express","7","7","14"
"na_ich","7","7","14"
"Nabi30","7","7","14"
"Nacho0210","8","6","14"
"Nad3z","7","7","14"
"Nadrel","8","6","14"
"Nadroy46","7","7","14"
"Nafsen","7","7","14"
"NAGIBATOR987","7","7","14"
"nahucan","9","5","14"
"nakunari","7","7","14"
"NallagatlaPrasad12","7","7","14"
"Nameless132","7","7","14"
"Nandhakumar2220","7","7","14"
"Nandocustodio1976","8","6","14"
"nanofon","7","7","14"
"nanostar","8","6","14"
"naohmiruth","7","7","14"
"Napoleon_Murat","8","6","14"
"Nare_Hovakimyan","7","7","14"
"Narek555","7","7","14"
"naro-fominsk_chess","7","7","14"
"naser_1974","7","7","14"
"NASROLLAH1357","7","7","14"
"nasser5001","7","7","14"
"natalia_xyz","7","7","14"
"natanaelcano133","6","8","14"
"nattaphum","6","8","14"
"naura05","8","6","14"
"NaveelN","7","7","14"
"Navinshaanth12","7","7","14"
"Nazarenko_Pavlo","6","8","14"
"ndriana56","7","7","14"
"neb225","8","6","14"
"nebuer00","7","7","14"
"Nectarsy","7","7","14"
"NeedNoNerdName","8","6","14"
"neeuqymonho","7","7","14"
"NEFFIE_01","7","7","14"
"Nemesis-999","7","7","14"
"neok63","8","6","14"
"nepaliwarrior3","7","7","14"
"nereirt2","8","6","14"
"nesen96","7","7","14"
"netgold","8","6","14"
"Nevermore_V","7","7","14"
"newbie123000","7","7","14"
"nexa83kpd","7","7","14"
"nexanhelmut","8","6","14"
"nextiwin","6","8","14"
"nexustyr3","6","8","14"
"NEXXEF","6","8","14"
"nguyen11111111","7","7","14"
"NguyenAnhkhoi1507","6","8","14"
"Nicatik","8","6","14"
"niceguypaul","7","7","14"
"nick7452","7","7","14"
"Nicolaifrost","7","7","14"
"Nicolay_Bel20","8","6","14"
"NightGuy2021","8","6","14"
"Nightmare_2321","8","6","14"
"Nik0smio","7","7","14"
"Nikiforov-Semen","7","7","14"
"nikila225","7","7","14"
"nikito301","7","7","14"
"Nikolaievich","8","6","14"
"NikolaySouZa","7","7","14"
"niksar887","7","7","14"
"Nilay_byju","8","6","14"
"nimaHocam1","7","7","14"
"NinjaMatta","6","8","14"
"ninjaong","7","7","14"
"NioZERO","7","7","14"
"niscartes","7","7","14"
"Nisnaju","8","6","14"
"Nitaidas8860","7","7","14"
"Nithie","6","8","14"
"Nithon","7","7","14"
"Nitroboy","6","8","14"
"NitroGL","8","6","14"
"Nitulkhare010","7","7","14"
"NIYog","8","6","14"
"nizhmedinywa","7","7","14"
"nkhaitov","6","8","14"
"Noambenshoshan21","5","9","14"
"Noeuf_Noeuf","7","7","14"
"Nogaibaev-ye","7","7","14"
"NOIR27","7","7","14"
"Nomedeusuarioa","7","7","14"
"noname312432165","6","8","14"
"nonychess","6","8","14"
"noob_96","6","8","14"
"noob_hn","8","6","14"
"noob249","8","6","14"
"Noodles80","7","7","14"
"Noordhoek","7","7","14"
"NoProVE","6","8","14"
"norbieetorbi","8","6","14"
"northvangasman","7","7","14"
"notalegend","6","8","14"
"NotBunkers","8","6","14"
"notelle","6","8","14"
"notramen","6","8","14"
"Nov75","8","6","14"
"Novato4056","6","8","14"
"now2022","8","6","14"
"nowothny","5","9","14"
"nriaziat","7","7","14"
"Nsiki","7","7","14"
"ntheotikos001","7","7","14"
"ntlahlajayeee","8","6","14"
"Numeric02","7","7","14"
"nurisayrac","7","7","14"
"nxecutioner","6","8","14"
"O_CiRiGueLa_O","7","7","14"
"O-o-f","8","6","14"
"obada20","7","7","14"
"ObaHube","6","8","14"
"Obeliks1985","7","7","14"
"obert93mw","7","7","14"
"occipucio","7","7","14"
"oceaneagle","7","7","14"
"Ochukov","6","8","14"
"odafu","7","7","14"
"Odoboshian_487938","7","7","14"
"odxn","5","9","14"
"oguzhanono13","6","8","14"
"oidocrop74","7","7","14"
"okyHb_MapuHa","7","7","14"
"olagarroa","7","7","14"
"Oldergold","6","8","14"
"OlegBrigadir","8","6","14"
"oleksandere-gulbayev","7","7","14"
"OlgaaglO","8","6","14"
"olimonaghan","8","6","14"
"OliveiraLucas","7","7","14"
"olivercromwell1639","8","6","14"
"ollie_marco","7","7","14"
"olsenco","7","7","14"
"Olzhas_Sartayev","6","8","14"
"OmarAhmedEzz","7","7","14"
"omarkarawana1982","6","8","14"
"omarpedreira","6","8","14"
"omarruu","6","8","14"
"omarsouri","8","6","14"
"Omer_Hamle","6","8","14"
"omer97","7","7","14"
"omerrrd","6","8","14"
"OneAboveSecond","7","7","14"
"oneminutemate","7","7","14"
"oneplayermore4","7","7","14"
"OnePunchRick","7","7","14"
"oneshoe1819","7","7","14"
"Only_Sicil_Najdorf","7","7","14"
"ooger_blooger","7","7","14"
"OOriekhov","7","7","14"
"optimus12","8","6","14"
"orangejake","7","7","14"
"orgal0rg","6","8","14"
"OrtizMarc","7","7","14"
"ortizne","7","7","14"
"Orxanasag","7","7","14"
"oscarleonel91","7","7","14"
"Oschmini100","7","7","14"
"Osifeso12","7","7","14"
"Osmutlu74","8","6","14"
"oterastios","7","7","14"
"othmanalajoury","6","8","14"
"ousfd2","6","8","14"
"OxUGHeN","7","7","14"
"Ozennn","8","6","14"
"Ozka83","7","7","14"
"p0T_Randbauer","8","6","14"
"p1tty","7","7","14"
"P314159265359","7","7","14"
"Pachuko","6","8","14"
"Paciat8","6","8","14"
"paerpo","7","7","14"
"pakadilla","8","6","14"
"pakiii","7","7","14"
"palaev1999","7","7","14"
"Palang24","8","6","14"
"pancevac","8","6","14"
"panda88617","7","7","14"
"Pandapoan","6","8","14"
"pandapopper","8","6","14"
"pandarin0","7","7","14"
"Pandu1991","7","7","14"
"pandury","7","7","14"
"paneof","7","7","14"
"Panetela2021","7","7","14"
"panormitis2006","7","7","14"
"panzermeyer","8","6","14"
"Papillondenuit","7","7","14"
"ParadoxFox","7","7","14"
"Paratwa","7","7","14"
"Pardealfiles888","6","8","14"
"Parmenidis","7","7","14"
"parsa_nor89","8","6","14"
"pascualss","7","7","14"
"Pasha1992","7","7","14"
"Pasj","7","7","14"
"paullller","7","7","14"
"pauloliber","8","6","14"
"PauloRowlands","6","8","14"
"Paulus_Sanych","7","7","14"
"Pavel_887","7","7","14"
"Pavel776","7","7","14"
"pavelzprahy","4","10","14"
"PawnTaylor","6","8","14"
"payamfkz","7","7","14"
"payamkchessplayer","7","7","14"
"PeaTearGriffin","8","6","14"
"Peeperkorn","6","8","14"
"PekeCatriel","8","6","14"
"pelledod","7","7","14"
"Peluvazquez","8","6","14"
"PemaJigme","6","8","14"
"penenmann","7","7","14"
"Pepe_AQP","7","7","14"
"PepinoElChico","8","6","14"
"perdoelomanonilvizio","7","7","14"
"Periweb","6","8","14"
"PerkyPerk","8","6","14"
"pernat","6","8","14"
"pesok-81","8","6","14"
"PesoPluma1","7","7","14"
"Pesos1980","7","7","14"
"peteentry","8","6","14"
"peteofpl","7","7","14"
"Peter_Swindler","8","6","14"
"Peterdro83","8","6","14"
"PeterTaylor","7","7","14"
"Petrowisch","8","6","14"
"Pettask","6","8","14"
"pfeiffer54","7","7","14"
"phijielboy1","7","7","14"
"phil402","7","7","14"
"philfer","7","7","14"
"Philippe3028","7","7","14"
"Piano_rumbero","6","8","14"
"pic9pic9","7","7","14"
"PicklePassOut","7","7","14"
"PinkVelociraptor","7","7","14"
"PinkyWinky","6","8","14"
"Pinto1","7","7","14"
"Pirania999","7","7","14"
"Piter_FM","8","6","14"
"Pixel74","6","8","14"
"pjgyc72","6","8","14"
"PJoGE","7","7","14"
"Plaksin1959","8","6","14"
"PlasticRider","7","7","14"
"playalp6","6","8","14"
"plohak1960","7","7","14"
"pmof71","9","5","14"
"pneumatico94","7","7","14"
"Po1991_as-18zxc","6","8","14"
"Pol-vaso","6","8","14"
"polabucay","6","8","14"
"Polina333","6","8","14"
"PolloFrito123YT","7","7","14"
"poloutside","6","8","14"
"polypet","7","7","14"
"PomboSkate","7","7","14"
"pongalopongal","8","6","14"
"Poplap","9","5","14"
"popup441","7","7","14"
"Porestoranams","6","8","14"
"Porki007","8","6","14"
"poslan","7","7","14"
"Postmanraj","8","6","14"
"potatobananasmoothie","7","7","14"
"PotatoChips123","7","7","14"
"Potro_79","6","8","14"
"Power_Ranger_Negr0","7","7","14"
"Praatjies","6","8","14"
"pradeep235","7","7","14"
"prasadrc23","7","7","14"
"prateemsavaskar","6","8","14"
"Premmovrr","6","8","14"
"Presiden","9","5","14"
"PrestaJay","6","8","14"
"prestige_67","9","5","14"
"primat666","6","8","14"
"Princebey673","7","7","14"
"PrinceznaKenny","6","8","14"
"Prithvivivek","7","7","14"
"Priyanshh","8","6","14"
"proficient_noob","7","7","14"
"profjoseantunes","8","6","14"
"Proksinkler","8","6","14"
"promak","7","7","14"
"Promodul","8","6","14"
"Prosha2007","7","7","14"
"PrrplSqrrl","7","7","14"
"przerzutek","8","6","14"
"Pseudonymousss","7","7","14"
"pstro","7","7","14"
"ptjs95","7","7","14"
"puchopu","7","7","14"
"pugzebub","6","8","14"
"Pumex13","7","7","14"
"PunisherMark","6","8","14"
"pupoc-81","7","7","14"
"Purpleforest","7","7","14"
"purplegirl","7","7","14"
"putrisalju","7","7","14"
"PvE1960","7","7","14"
"pwil95","6","8","14"
"Pwpon500","7","7","14"
"qasim965","9","5","14"
"QB65","7","7","14"
"Qgd_for_life","6","8","14"
"QueenToKingsLevel1","7","7","14"
"QWERTy1677876","6","8","14"
"qwerty2096","6","8","14"
"R_Berzinsh","7","7","14"
"R_Squared","7","7","14"
"RABG","8","6","14"
"rachakonda","8","6","14"
"RachitS","7","7","14"
"Radiphus","6","8","14"
"Rafael070","8","6","14"
"RafaFiPa","7","7","14"
"rafakamsky","8","6","14"
"RafixuS","7","7","14"
"Rahul-Noronha","7","7","14"
"rahuldandu","8","6","14"
"raizam","7","7","14"
"Rajasekaran-Kanchi","7","7","14"
"Rajathmaliye","7","7","14"
"Rajdeep97","6","8","14"
"RajYadav","7","7","14"
"Raka21","7","7","14"
"ram_sail","9","5","14"
"RamarosonRindra","7","7","14"
"ramiocta","6","8","14"
"Rango_Pavel","7","7","14"
"RaphaMagic","6","8","14"
"RapiderUntergang","11","3","14"
"RASYD","7","7","14"
"rat7","7","7","14"
"ratid","7","7","14"
"rauf33","7","7","14"
"Rauf4553","8","6","14"
"Raulflores","8","6","14"
"Rauu","6","8","14"
"ravager83","9","5","14"
"raviv9989","7","7","14"
"Rayleigh12345","6","8","14"
"rayohauno","6","8","14"
"razika","6","8","14"
"RBS1271","7","7","14"
"RC29124","7","7","14"
"RCables","6","8","14"
"Rd_4","7","7","14"
"RD_s_Dad","5","9","14"
"realharun","7","7","14"
"Realmeajay","8","6","14"
"RealStigma","8","6","14"
"recepbakirhan","8","6","14"
"reclac","7","7","14"
"recod","8","6","14"
"Redbeard_the_pirate","6","8","14"
"Redblaze100","7","7","14"
"RedEyes_BlackDragon","6","8","14"
"redkingken","7","7","14"
"reevansinha","7","7","14"
"Regisha228","7","7","14"
"Reiniervg77","6","8","14"
"ReinisZ","8","6","14"
"renan_nls","7","7","14"
"rendrarehan28","6","8","14"
"Reneggarcia11","7","7","14"
"Rengemec","7","7","14"
"RensvdBerg","7","7","14"
"resasha","8","6","14"
"Retired_master04","8","6","14"
"RetroBash","8","6","14"
"Revo3","7","7","14"
"reyanshzad","7","7","14"
"Reyquintero","6","8","14"
"reyregalizz","8","6","14"
"reyrey2","7","7","14"
"REZA_RM","8","6","14"
"reza_sadeghi_sari14","7","7","14"
"RezaJF","8","6","14"
"rezasabu","7","7","14"
"rhanxu","7","7","14"
"Riandi_kotabanjar","7","7","14"
"ribald","7","7","14"
"riccardo_quarta","7","7","14"
"riez160280","6","8","14"
"RimwiZ","8","6","14"
"ripama","6","8","14"
"Riseeee","7","7","14"
"RiskliBerkay","7","7","14"
"risorius","6","8","14"
"RJ2004","7","7","14"
"rjf3","6","8","14"
"Rko132","7","7","14"
"rlan","6","8","14"
"RlCARDO","7","7","14"
"rm626","6","8","14"
"RNBos","6","8","14"
"Roar89","6","8","14"
"rob1958","7","7","14"
"robert_ruso_sw","7","7","14"
"Robert1997","6","8","14"
"RobertRoki","7","7","14"
"RobertSia","6","8","14"
"Robybyte2268","6","8","14"
"RocksDXebec112","6","8","14"
"rodanes","8","6","14"
"Rodel12345","7","7","14"
"rodelroc","6","8","14"
"Rodion_21","7","7","14"
"rodrigocpj","7","7","14"
"rodrigofs775","7","7","14"
"RogerAckroyd","7","7","14"
"RogierDo","7","7","14"
"Rognark","7","7","14"
"rojo374","6","8","14"
"rokh1001","8","6","14"
"Roman_il","6","8","14"
"romanplohoi","7","7","14"
"romansed","5","9","14"
"Rommario48","7","7","14"
"ROMPECOOL","7","7","14"
"RomuloSegato","6","8","14"
"ronaldo050113","6","8","14"
"rood_73","7","7","14"
"Roofbreaker","6","8","14"
"Rooktopawn23","7","7","14"
"rorschach54","7","7","14"
"rosahuefner","5","9","14"
"RoShamBo","8","6","14"
"rossolimo44","5","9","14"
"Rosya74","7","7","14"
"Rowaan","7","7","14"
"rozamira67","9","5","14"
"rpfaraco","7","7","14"
"Rpk17","8","6","14"
"Rqmik","8","6","14"
"RRA7","6","8","14"
"rsi64","7","7","14"
"Rubens_Lavor","6","8","14"
"rubi64","7","7","14"
"rubicube","8","6","14"
"Rubzizou","7","7","14"
"RuelsKie","5","9","14"
"RuFroG","7","7","14"
"ruifrancocampos","7","7","14"
"RuiYCosTa","7","7","14"
"Rulfo1992","6","8","14"
"Rumpelsdahl","7","7","14"
"RuneScapeFan9000","8","6","14"
"rusandor228","7","7","14"
"Rustem9-11","7","7","14"
"Ruthvik_R","7","7","14"
"Ruudi","7","7","14"
"rvsel","7","7","14"
"rwrmd","6","8","14"
"Ryller04","7","7","14"
"Rys-sir","8","6","14"
"rzatay","6","8","14"
"rzrsanchez","7","7","14"
"s_dilshod_2001","7","7","14"
"s1mpleeeeeee","8","6","14"
"Saanjh0211","8","6","14"
"Sab73","7","7","14"
"Sabine1971","6","8","14"
"sabriel","7","7","14"
"sabrinarain","7","7","14"
"sacha-ek1","6","8","14"
"Sadi07","7","7","14"
"Sadramardani","7","7","14"
"saeed_ajami","7","7","14"
"saesori","7","7","14"
"Saf874","7","7","14"
"Sahil_Babayev","7","7","14"
"Saint8","7","7","14"
"saipranav14","6","8","14"
"sakthi09","7","7","14"
"Salandra","8","6","14"
"Salazarm","7","7","14"
"Sale13","8","6","14"
"sam_cool","7","7","14"
"samarthBadola","8","6","14"
"SamBooker","8","6","14"
"Samdino","6","8","14"
"SamGold042633","7","7","14"
"sammc111","7","7","14"
"samomoja1","6","8","14"
"Samra","7","7","14"
"Samsobbi786","6","8","14"
"samtng","7","7","14"
"Samuel_Thomas","8","6","14"
"samuelkane","7","7","14"
"Sanal1992","6","8","14"
"sandeepnaidu","7","7","14"
"SandilAdhikari","7","7","14"
"SandipChess123","7","7","14"
"sandisa28685","7","7","14"
"sandman14236","7","7","14"
"Sandrochess89","7","7","14"
"Sanek_pog","7","7","14"
"Sanfoor","8","6","14"
"sanjith1294","7","7","14"
"SanJorge83","8","6","14"
"Sankshep","6","8","14"
"santoshramu","7","7","14"
"Sapujapu","8","6","14"
"Sara_Brandon","7","7","14"
"sara11336611","7","7","14"
"SarahPlaysChesss","6","8","14"
"sarapcidayi","6","8","14"
"sargissulyan","8","6","14"
"Sarguito","7","7","14"
"SartC","7","7","14"
"Sarthakchess21","8","6","14"
"Saseendran","7","7","14"
"SashaBukin1988","5","9","14"
"sashag2012","6","8","14"
"Sasun_Mkrtumyan","7","7","14"
"saswatb014","7","7","14"
"Satyamtomer","7","7","14"
"SaulNunez_UNAP","6","8","14"
"Saurav_Mishra","8","6","14"
"sauss007","7","7","14"
"savby","6","8","14"
"Savio_Perego","7","7","14"
"Savya_SD7","6","8","14"
"saxarbarad","6","8","14"
"saxexj","8","6","14"
"Sayonha","7","7","14"
"scaix","7","7","14"
"schach_schlange","6","8","14"
"SchachGesehen69","8","6","14"
"SchachMonk","8","6","14"
"Schachneuling2018","7","7","14"
"Schaker_Frederik","8","6","14"
"Schmalle","8","6","14"
"Schmosby","7","7","14"
"Schnarchzapfen","6","8","14"
"Schneihei","7","7","14"
"schoenhenz","7","7","14"
"schonheit76","7","7","14"
"Schulzy","6","8","14"
"SCHUSCHLIK","7","7","14"
"scipioaege","7","7","14"
"scofieeeld","6","8","14"
"Scorpion321","7","7","14"
"Scp_Engine100Elo","7","7","14"
"SD854301","7","7","14"
"sdhosseini20","9","5","14"
"sdv170977","6","8","14"
"sebach101","7","7","14"
"sebas25","6","8","14"
"secanto","6","8","14"
"Sehr_geehrter","8","6","14"
"Seifer666","7","7","14"
"sek0r","7","7","14"
"selahattinbkr1","8","6","14"
"semap1978","8","6","14"
"SenhorCortez","7","7","14"
"Sentdomingo","7","7","14"
"Senthodss","7","7","14"
"Septentrio","7","7","14"
"serg3400","6","8","14"
"Sergei_Cherepanov","8","6","14"
"Sergeidamd","7","7","14"
"SergeiK1981","8","6","14"
"SergeyNKry","8","6","14"
"serhancalhan","6","8","14"
"serhiyhulyi","7","7","14"
"serravalle","6","8","14"
"servo7","5","9","14"
"SESE26","6","8","14"
"setya007","7","7","14"
"sevanrit","8","6","14"
"Sevenle","7","7","14"
"SeVeNsHoTs","7","7","14"
"sgen","8","6","14"
"SGSO","6","8","14"
"sh4yboodi","8","6","14"
"shabdarth","8","6","14"
"shadmehr2019","8","6","14"
"shadow303","8","6","14"
"shafiqazhar","6","8","14"
"shahrozenasir","7","7","14"
"Shakkimestari2030","7","7","14"
"shakwsh","7","7","14"
"Shalvin101","6","8","14"
"shareef109","8","6","14"
"Sharkinho","6","8","14"
"Shashank2212","7","7","14"
"shashank223","7","7","14"
"SHEHAB56","6","8","14"
"Sherminator93","8","6","14"
"sherwinlemonde","7","7","14"
"SheryllAndresBordon","7","7","14"
"Shifu_Mi","7","7","14"
"Shine911","6","8","14"
"Shivananda1964","7","7","14"
"Shivkr5499","8","6","14"
"shqiptari321","6","8","14"
"shreyassriram","6","8","14"
"SHRIHARITK","8","6","14"
"shubh1907","8","6","14"
"shubkh","8","6","14"
"Shukhrat_Zholdoshev","7","7","14"
"shuvoxcd01","7","7","14"
"shwet_vahan","8","6","14"
"shyamdangol","6","8","14"
"ShYarEx","8","6","14"
"Siamaz","8","6","14"
"SicKiriLL","8","6","14"
"sidao","6","8","14"
"Siddhanth47","7","7","14"
"Siemprepositivo1","8","6","14"
"Siesipalpul","8","6","14"
"Sihela","7","7","14"
"Silent3D","7","7","14"
"Sillyturdle","7","7","14"
"silverbv","6","8","14"
"silvestro1","8","6","14"
"Silviohh","7","7","14"
"silvioton","6","8","14"
"SimonCantCount","7","7","14"
"simparent2","7","7","14"
"sina_ghavam","6","8","14"
"SindarovI","7","7","14"
"singhakhilesh","8","6","14"
"SinSinJoon","6","8","14"
"sinyovercosy","7","7","14"
"Sir_Loin_of_Beef","7","7","14"
"SirChessman","7","7","14"
"sismen","7","7","14"
"siva8055","7","7","14"
"SJen","8","6","14"
"Sjoptra","7","7","14"
"sk4nkula","8","6","14"
"SkaughtF","9","5","14"
"skfo2023","7","7","14"
"SkimpySwimsuit","8","6","14"
"SKMSM","7","7","14"
"Skulmar","7","7","14"
"SkunkAte8","7","7","14"
"Skyalixille0113","7","7","14"
"Skyress_29","8","6","14"
"skywalker117","8","6","14"
"slavik032","6","8","14"
"Slavka88","6","8","14"
"SlaweKurp","6","8","14"
"Slmnnv","7","7","14"
"SlothPivot","7","7","14"
"Slug_Thinker","7","7","14"
"SMALL41","7","7","14"
"smanojVR","7","7","14"
"SmartyKnight999999","8","6","14"
"smashcut","6","8","14"
"SMELVIN52","7","7","14"
"Smiladon","6","8","14"
"smishe","7","7","14"
"smit_37_mistry","7","7","14"
"sn49","7","7","14"
"Snapp_food","8","6","14"
"Snarmerk","7","7","14"
"Snate","8","6","14"
"snazzywiggles","7","7","14"
"snbi","7","7","14"
"Snoopyfc","7","7","14"
"snopp_dogg88","6","8","14"
"So68930193","6","8","14"
"Sobhym","6","8","14"
"SocialErrorist","8","6","14"
"socratosphere","7","7","14"
"soehoemi","8","6","14"
"sohelh","7","7","14"
"sojurou","7","7","14"
"solidoutlaw","6","8","14"
"solomon88","6","8","14"
"Solumighty","6","8","14"
"Sombrero_o","7","7","14"
"sonbi67","8","6","14"
"SonKasparow","8","6","14"
"soo_cienty","6","8","14"
"soukaina_01","6","8","14"
"SouliosE","7","7","14"
"SoullessCommit","8","6","14"
"SOYLESBIANA","6","8","14"
"soyrocks","6","8","14"
"sparklingknight","6","8","14"
"SparrowIHIawK","6","8","14"
"sparshturaga","6","8","14"
"Spaydz","7","7","14"
"SpeakingTheTruth","6","8","14"
"speeTortoise","6","8","14"
"Spellord","6","8","14"
"Spicywings374","7","7","14"
"spiff01","6","8","14"
"spipp","7","7","14"
"Spock1995","7","7","14"
"spogo","6","8","14"
"Spontaneousdogmatism","8","6","14"
"sqarD67","7","7","14"
"squallmasters","7","7","14"
"squeezebunny","7","7","14"
"srijithh","8","6","14"
"SS10_Sangamfest2021","6","8","14"
"ssana","7","7","14"
"ssingh2998","8","6","14"
"SSStepan333","7","7","14"
"sst8d","7","7","14"
"ssterminator","8","6","14"
"st_play","7","7","14"
"StanleyTubeHD","7","7","14"
"stanwarwick","7","7","14"
"stefan01mo","6","8","14"
"stefg","7","7","14"
"Stegobert_Duck","9","5","14"
"Steinbran","8","6","14"
"Stepan-NNovgorod_81","7","7","14"
"Stephenhello","7","7","14"
"STEVEN86","6","8","14"
"STEVIE_WUNDER","8","6","14"
"Stickan1","7","7","14"
"Stickyblanket","7","7","14"
"StockFish9876","7","7","14"
"Stoggi","7","7","14"
"stoker19","7","7","14"
"STPP","7","7","14"
"stqc","7","7","14"
"Str0ng_cmF0rzaaa","7","7","14"
"Str0ngg_cmForza","7","7","14"
"StrategicDisaster","6","8","14"
"strelec11","5","9","14"
"Studies_Galore","7","7","14"
"stuntydunty","8","6","14"
"sudhi_m","7","7","14"
"Sufiks","6","8","14"
"SuhasChintala","6","8","14"
"sully_007","7","7","14"
"sultanov78","6","8","14"
"sunglases","7","7","14"
"Sunrise999","7","7","14"
"superchess2002","7","7","14"
"SuperGM07","8","6","14"
"superinvestor","6","8","14"
"supermaster01","7","7","14"
"Superpaul33","6","8","14"
"SurfTide","7","7","14"
"Surya20000","7","7","14"
"sushantar1989","7","7","14"
"sux2suck","8","6","14"
"Swastikaggarwal","8","6","14"
"Swingui","6","8","14"
"syams-OPG","7","7","14"
"SyrilSnir","7","7","14"
"system_88","7","7","14"
"Systemstoerung","7","7","14"
"szachus","7","7","14"
"Tabyret","7","7","14"
"tacituscicero","7","7","14"
"TahaBurakAyan","8","6","14"
"Tahiri-Veila","7","7","14"
"tahiti-bob","9","5","14"
"takethecanoli","6","8","14"
"taktak2017","8","6","14"
"Taktikfuchs05","6","8","14"
"talent4ever","6","8","14"
"Talesh1","7","7","14"
"talex76","6","8","14"
"Tamar334","7","7","14"
"Tamarques","7","7","14"
"TAMAZGHA","7","7","14"
"Tamer1Salah","6","8","14"
"Tamilguna","8","6","14"
"Tanatos_I","7","7","14"
"Tanbur1","7","7","14"
"tangosalsa","7","7","14"
"Tania2022","8","6","14"
"Tanmayee06","7","7","14"
"Tarann100","7","7","14"
"Tarasevich_3007","7","7","14"
"targetismad","7","7","14"
"taromisakii","7","7","14"
"tarunbahel","8","6","14"
"tausi07","6","8","14"
"Tavares","7","7","14"
"tavetkov","6","8","14"
"tcal917","6","8","14"
"TealUtmostBeetle","6","8","14"
"tema4ever","8","6","14"
"Temo97","7","7","14"
"temuri2020","6","8","14"
"tengiz2012","7","7","14"
"Terminator131","7","7","14"
"Terrelojeo","7","7","14"
"TETYANA84","7","7","14"
"TexasDeBrazil","8","6","14"
"thalsen","6","8","14"
"thamika123","7","7","14"
"Thanyasekboops","8","6","14"
"Tharmeegan","6","8","14"
"thasurf","7","7","14"
"The_alchem1st","7","7","14"
"The_KillerZ","7","7","14"
"The_Prince1991","7","7","14"
"The_Puzo","7","7","14"
"the0oz","8","6","14"
"TheAtheist91","6","8","14"
"thebarbarossa","7","7","14"
"theBeastFromIndia","7","7","14"
"TheBeguiler","6","8","14"
"TheBossfan02","7","7","14"
"TheBotezGambitt","8","6","14"
"TheChessHunt","7","7","14"
"TheConspirator","7","7","14"
"thecubenerd","6","8","14"
"TheDaley","7","7","14"
"thedodo","6","8","14"
"TheHiddenmove87","7","7","14"
"TheKitchenSink","7","7","14"
"Themusturdtiger","7","7","14"
"thenamesmarlowe","7","7","14"
"TheOdysseus","7","7","14"
"there_is_no_god","7","7","14"
"TheRobins","6","8","14"
"TheSilverHammer","6","8","14"
"thetasquared","9","5","14"
"theverce","7","7","14"
"ThiagoMaSophi","7","7","14"
"thijscom","8","6","14"
"ThoBjo","8","6","14"
"ThomasvanderMeiden","6","8","14"
"thongthief","7","7","14"
"thornland","7","7","14"
"Three4","8","6","14"
"threeonesix","7","7","14"
"thstnggscappin","7","7","14"
"Thunderbeast145","7","7","14"
"Tiefgeist","7","7","14"
"TigerAndTheWolf","7","7","14"
"tilal80","6","8","14"
"timbo55","8","6","14"
"TimFrolSerg","7","7","14"
"timophey01","7","7","14"
"tinagus2000","6","8","14"
"Tinchess73","8","6","14"
"TinyEyebrows","7","7","14"
"TioGelo","7","7","14"
"Titan32921352","7","7","14"
"titan91","7","7","14"
"TitanBR","7","7","14"
"titaniumksh","5","9","14"
"Titelac","7","7","14"
"Titibella","7","7","14"
"TITINIII","7","7","14"
"TitoLoch","8","6","14"
"Titty_Twister73","7","7","14"
"Tiuring_Mashine","7","7","14"
"Tkachman","6","8","14"
"tkrvl","8","6","14"
"tmarat7","7","7","14"
"tmtttoprakli","8","6","14"
"tn_314","7","7","14"
"tolanbus","8","6","14"
"tolgalation","6","8","14"
"tolian201","7","7","14"
"tolis833","7","7","14"
"Tombailey777","8","6","14"
"Tomis6y","7","7","14"
"Tomkeaufdie1","6","8","14"
"Tompanicks","5","9","14"
"TomPeace","8","6","14"
"tomratd","7","7","14"
"tomsebomsen","8","6","14"
"TomskViktor95","6","8","14"
"tonibaja","6","8","14"
"tonidragoja","7","7","14"
"Tonoyann","7","7","14"
"TooSerious","6","8","14"
"topkek555","6","8","14"
"Torre71","8","6","14"
"TorsoJones","8","6","14"
"tottimagic","7","7","14"
"TPare","8","6","14"
"TracyChess","6","8","14"
"Trainerdelfuturo","5","9","14"
"traintraining","7","7","14"
"trakyacocu","7","7","14"
"TravellBlog17","7","7","14"
"Travmire","6","8","14"
"TREANNO","7","7","14"
"trimonk","8","6","14"
"Trincia","7","7","14"
"Trne1965","8","6","14"
"TrojanTrading","8","6","14"
"trstruth","7","7","14"
"tshenin","6","8","14"
"TSMFischer","8","6","14"
"tstad21","7","7","14"
"TTiburonBlanco","7","7","14"
"TTR_VuTuanDung2010","8","6","14"
"tugra_destan123","7","7","14"
"TuksuBot","7","7","14"
"TumeloTsukulu","7","7","14"
"Turenbor","7","7","14"
"Turkoglu18","7","7","14"
"turochamp-2ply","6","8","14"
"Tursunov_R","7","7","14"
"turyf","6","8","14"
"tushar00","7","7","14"
"TushiChess","8","6","14"
"Tuvik","7","7","14"
"tuxarPat","7","7","14"
"Tvarshney","6","8","14"
"twhite123","7","7","14"
"Tyco2","7","7","14"
"tyhjyydesta","7","7","14"
"Tyoma888","7","7","14"
"tzagi","7","7","14"
"u_soon_give_up","7","7","14"
"ugurkonan","7","7","14"
"ugus","6","8","14"
"uiony","7","7","14"
"ulan_84","8","6","14"
"ulasceyhun","7","7","14"
"ulasdurden","8","6","14"
"ulfulfssondervierte","8","6","14"
"Umar_Jafarov","6","8","14"
"umutbekiragaoglu","7","7","14"
"unai_ab","7","7","14"
"uncle_ahtong","7","7","14"
"UncleFries","8","6","14"
"unclerus","7","7","14"
"undertoad","6","8","14"
"ungetoastet","7","7","14"
"UNIC_ua","8","6","14"
"UnstoppableForce777","6","8","14"
"unwanted","8","6","14"
"upk55","8","6","14"
"ups_matt","7","7","14"
"urcudiumadunna","7","7","14"
"Urislav","6","8","14"
"usagi1969","8","6","14"
"usmanshady","8","6","14"
"utahbeach","6","8","14"
"UTL1073","7","7","14"
"Utsrga","7","7","14"
"uy_pa","9","5","14"
"uyknight","6","8","14"
"uznachschachlegende","7","7","14"
"v_pl","6","8","14"
"v1148656","6","8","14"
"vahid5200","7","7","14"
"Vaibhavghildiyal","6","8","14"
"valenpro123xd11","7","7","14"
"ValidName","7","7","14"
"valmowa","6","8","14"
"vandalenhvalen","7","7","14"
"Vanderbert","6","8","14"
"Vanmatan91","6","8","14"
"VarunGandhi","7","7","14"
"Varvaratam","7","7","14"
"vasekpaulus","7","7","14"
"Vasiliyzvasiliy","6","8","14"
"VatanSevdalisi","7","7","14"
"vazdakontra","7","7","14"
"VazgenNYC","7","7","14"
"vegan_vampire","6","8","14"
"VeiDoRio","7","7","14"
"veigmall","8","6","14"
"VelinPetkov","6","8","14"
"Venator_Goe","7","7","14"
"Venceramos","6","8","14"
"VentusKitsune","6","8","14"
"verp89","7","7","14"
"Verstehichnicht","8","6","14"
"veselukha31","7","7","14"
"Vettecore","8","6","14"
"Victor-Sc","7","7","14"
"VictorFerla","8","6","14"
"Victorfrum","7","7","14"
"victormaruneac","8","6","14"
"vidoq_dp","8","6","14"
"Vigor1983","7","7","14"
"VIJAY_1510","7","7","14"
"Vijaya_Bow","8","6","14"
"Vika_Vinn","6","8","14"
"vikash680","7","7","14"
"vikashk9","8","6","14"
"vikibaz","6","8","14"
"Villi1988","8","6","14"
"vimalmadhavan","7","7","14"
"vineeth03","7","7","14"
"vinefmoraes","8","6","14"
"viniciusfelix2147","8","6","14"
"vinograd74","7","7","14"
"Violker","8","6","14"
"vipaan","7","7","14"
"Virendrak","7","7","14"
"viru1995","7","7","14"
"Vishwa_549","7","7","14"
"vistacho","7","7","14"
"vit7777","7","7","14"
"VitaliuNarskiy","7","7","14"
"VitaliyPro87","8","6","14"
"vithiyasam","8","6","14"
"Vk177","7","7","14"
"Vladimirlis","6","8","14"
"Vladislav_Sperkach","7","7","14"
"Vladlanin","8","6","14"
"Vmax","8","6","14"
"Vmr4","7","7","14"
"Voinz2022","7","7","14"
"Volgota","7","7","14"
"Volkan700","7","7","14"
"Vovchenko322","7","7","14"
"voytvitl","8","6","14"
"VPetrovichR","7","7","14"
"vroomvroom_minority","7","7","14"
"VSteria","7","7","14"
"vvg28","5","9","14"
"w1zo1d","7","7","14"
"Wa0_Mrchris","7","7","14"
"wagenormal","7","7","14"
"Walatik","7","7","14"
"WalerAruba","6","8","14"
"Waliz521","7","7","14"
"Wallstreetbully","7","7","14"
"wannawhat","7","7","14"
"wanton98","6","8","14"
"ward-haji","8","6","14"
"warurin","6","8","14"
"WasHopingToBeatYou","7","7","14"
"Wasserp","7","7","14"
"Wawazak","7","7","14"
"WdanboyW","7","7","14"
"weberzin01","7","7","14"
"Welington52","7","7","14"
"welmer2023","8","6","14"
"weltamdraht","7","7","14"
"westwoodnb","7","7","14"
"WhatDoesTheRookSay","7","7","14"
"White_Gekko","6","8","14"
"whitechessmaster7777","5","9","14"
"WhiteRabbit777","7","7","14"
"whymagnus","7","7","14"
"Wiener97","8","6","14"
"Wikihow_Image_Macros","8","6","14"
"Wilan_the_pro","7","7","14"
"wilde333","7","7","14"
"WilderAbrantes","7","7","14"
"Wizzle_ST","7","7","14"
"wjbg","8","6","14"
"WladiP","7","7","14"
"wlodarsky","7","7","14"
"wojzar1234","6","8","14"
"WolffA24","8","6","14"
"Wolfia272000","7","7","14"
"wolfsgier","7","7","14"
"Wonjune","7","7","14"
"Woonjae","7","7","14"
"wtq7","8","6","14"
"xaviermarch1","6","8","14"
"Xeyal7","6","8","14"
"xezer9222","7","7","14"
"Xinfu32","7","7","14"
"xlordmum53","7","7","14"
"Xnv2016","6","8","14"
"Xolutions","7","7","14"
"xOnTheMoneyy","6","8","14"
"xQuardx","8","6","14"
"xrudie","6","8","14"
"Xtal","8","6","14"
"xubuntu","7","7","14"
"xunshine","7","7","14"
"xuxproductions","7","7","14"
"xxjpdestrezaxx","7","7","14"
"xxOS98xx","8","6","14"
"XXXPawnStar_1986XXX","8","6","14"
"yalcinarda","5","9","14"
"yanivf","7","7","14"
"YankeeHotelFoxtrot","6","8","14"
"YanYan_005","6","8","14"
"yardoc","6","8","14"
"YashNir4e","6","8","14"
"yashoke","6","8","14"
"yaskata123","7","7","14"
"Yassine_slawi","8","6","14"
"YavuzSelimD","7","7","14"
"yayoOoO","6","8","14"
"yedo","8","6","14"
"yehudi123","7","7","14"
"yellowandbluemakes2","8","6","14"
"YERNUR2004","6","8","14"
"Yhu-chez","7","7","14"
"yiba_97","7","7","14"
"yidnekachew-mesfin","7","7","14"
"Ykarov","6","8","14"
"yliy_19","7","7","14"
"yobber","6","8","14"
"Yohan1977","7","7","14"
"yojimbo732","6","8","14"
"Yorik85","6","8","14"
"YostinJe18","6","8","14"
"yotta123","8","6","14"
"youcefchesss","6","8","14"
"YouLLose","7","7","14"
"youngmozart_tk","7","7","14"
"YourChess","7","7","14"
"YourLossX","7","7","14"
"ypa123net","7","7","14"
"Yri7","8","6","14"
"yruss","7","7","14"
"yuanos","6","8","14"
"Yudha29","7","7","14"
"yungbwoyseth","6","8","14"
"yuni57","8","6","14"
"Yunus00","7","7","14"
"yupi1952","6","8","14"
"yurasupr","6","8","14"
"Yurimitonov","7","7","14"
"yuriyp","8","6","14"
"Yurri","7","7","14"
"yuscoru","8","6","14"
"Yusuf339","8","6","14"
"yves77","8","6","14"
"Z_Amine","7","7","14"
"ZacharyP97","7","7","14"
"Zalco_Chess","8","6","14"
"zanmlakar","7","7","14"
"ZanyElephant","9","5","14"
"zapan4","8","6","14"
"Zaraahmedhiba1999","7","7","14"
"zaur_b","6","8","14"
"Zav27_NoxB","7","7","14"
"zavaneli","6","8","14"
"ZB_IC","7","7","14"
"Zendeyro","7","7","14"
"zenitalfa","6","8","14"
"Zenith_Shawn","7","7","14"
"zeromill","8","6","14"
"ZeroStrategy0110","7","7","14"
"zeta2k","8","6","14"
"Zezgor","7","7","14"
"Zhamier011226","7","7","14"
"Zhezhezhezhezhe","7","7","14"
"zikman347","7","7","14"
"zilbermanov","7","7","14"
"ZIMTHANDE035","5","9","14"
"Ziquitraque","7","7","14"
"Zlatanthelegend","7","7","14"
"zloi_kolasic","7","7","14"
"ZloyKolxoznik777","8","6","14"
"zloyukr","7","7","14"
"zne223","8","6","14"
"Zockata","8","6","14"
"zocotroco","7","7","14"
"zodiac1997","6","8","14"
"zohei18","7","7","14"
"zoma99","7","7","14"
"ZookrateeZ","7","7","14"
"zpolat66","7","7","14"
"zulalinho","7","7","14"
"Zurrael","7","7","14"
"zwartepeete","7","7","14"
"zxcmode","6","8","14"
"A_Mortal","7","6","13"
"a-t-4","7","6","13"
"A1v4r076","7","6","13"
"A5yroldfoe","5","8","13"
"Aadi143","8","5","13"
"aaronsantana26","7","6","13"
"aazang","6","7","13"
"abbop","6","7","13"
"abdallah_majed","6","7","13"
"abdelmoezbasha","6","7","13"
"Abdifat","6","7","13"
"ABDLRAHEM77","8","5","13"
"abdoafefy","8","5","13"
"Abdouf","6","7","13"
"Abdullah1929","5","8","13"
"Abdulov023","8","5","13"
"Abdulselamustundag","8","5","13"
"abebantegui","7","6","13"
"AbeIlka","6","7","13"
"Abekete","6","7","13"
"Abelchennn","6","7","13"
"abeliyoo","6","7","13"
"Abhihari4","7","6","13"
"Abhishek14890","8","5","13"
"Abiderten333","6","7","13"
"aboe83","6","7","13"
"abokawqmz","7","6","13"
"Abrahams55","7","6","13"
"Abramyan_Artur","6","7","13"
"abs_o_lute","6","7","13"
"absinthminded","6","7","13"
"absowute","6","7","13"
"abtinmirzai","7","6","13"
"abumaazin","6","7","13"
"AbuMarcel","7","6","13"
"AC42","6","7","13"
"acer14","7","6","13"
"acero_27","5","8","13"
"achaer","6","7","13"
"Acornjohnson","6","7","13"
"adam-bobomb","7","6","13"
"adamadamada","6","7","13"
"ADAMS3455","6","7","13"
"adamz12345","7","6","13"
"ADARRON","6","7","13"
"addkimzy","7","6","13"
"Adec_007","6","7","13"
"adibnaimm","5","8","13"
"AdilAziz676","7","6","13"
"adillersami","7","6","13"
"Aditya_DXT","6","7","13"
"Aditya1116","8","5","13"
"adityaraute","7","6","13"
"adiwiener","6","7","13"
"Adrian_Glez","8","5","13"
"Adrian_QFI","8","5","13"
"Adrian890417","7","6","13"
"adrisofi","7","6","13"
"Aerial_mapper","6","7","13"
"aescht","6","7","13"
"afatone95","6","7","13"
"affoh","7","6","13"
"aflores_Deloitte","6","7","13"
"AG753","6","7","13"
"agadyrskii","7","6","13"
"againandagain","6","7","13"
"Agatosaner","6","7","13"
"AggressiveGambits","7","6","13"
"agressivess","6","7","13"
"agusatnp","6","7","13"
"aherman69420","7","6","13"
"ahjupedro","6","7","13"
"ahmadov2003","6","7","13"
"Ahmd369","8","5","13"
"ahmed070","6","7","13"
"ahmed3ali8","6","7","13"
"ahmedyehia12","7","6","13"
"ahmetaytekin","8","5","13"
"ahmetcanberlioz","7","6","13"
"ahmettt28150076","8","5","13"
"Ahpaptoh","7","6","13"
"aibalaoca","6","7","13"
"aijnn","6","7","13"
"aimar_yazji","6","7","13"
"air-air","6","7","13"
"Aiyke","6","7","13"
"ajdar1360","8","5","13"
"ajedrezminero56","6","7","13"
"Ajithkumar257","6","7","13"
"ak313","7","6","13"
"akachowchow","5","8","13"
"Akde","5","8","13"
"akiono","7","6","13"
"akm7","6","7","13"
"Akor97","6","7","13"
"Akram74","6","7","13"
"akshsingh","5","8","13"
"Aksin92","6","7","13"
"aksumuratt","8","5","13"
"akumba","6","7","13"
"al_ameer_rbg","7","6","13"
"Al-Adrian","5","8","13"
"alba_bellator","5","8","13"
"AlbanianGeneral","6","7","13"
"Alberto_Balsalm","7","6","13"
"Albolote90","6","7","13"
"Ale11mc","7","6","13"
"Aleb77","6","7","13"
"alejoagudelosanta","6","7","13"
"aleksandr13579","7","6","13"
"AleksDan911","6","7","13"
"alekusuk","7","6","13"
"Alessio_Malavolta","6","7","13"
"Alex7402","6","7","13"
"Alex844","6","7","13"
"Alexander_Player","6","7","13"
"Alexander091212","7","6","13"
"ALexandr26Ru","7","6","13"
"AlexandreH","7","6","13"
"alexandridis","7","6","13"
"alexantosh","7","6","13"
"alexfan011","6","7","13"
"alexgiou10","7","6","13"
"Alexis24Ruiz","7","6","13"
"alexis43b","6","7","13"
"alexkotov1700","7","6","13"
"Alexsandr_777","6","7","13"
"AlexTav","6","7","13"
"Alexzy19","6","7","13"
"alfil1975","8","5","13"
"ALFILDORADOO","6","7","13"
"Alfilpo","6","7","13"
"AlfinSantizo","6","7","13"
"Algos","6","7","13"
"algostat","6","7","13"
"ali2635","7","6","13"
"Aliaksandr777","7","6","13"
"aliar88","9","4","13"
"alidilman","6","7","13"
"aliebd","7","6","13"
"alihhh","5","8","13"
"alimamedov1211","7","6","13"
"Alis2011","7","6","13"
"AllAb0utGoodM0ves","5","8","13"
"Allotment","7","6","13"
"almaz198","6","7","13"
"AlmazGir","6","7","13"
"almeida07","7","6","13"
"almoharm","7","6","13"
"Alo238","7","6","13"
"alofa808","6","7","13"
"alonsap","6","7","13"
"alotaibi888","5","8","13"
"alperen250","7","6","13"
"Alpha_Scorpionis","7","6","13"
"alsokorte","5","8","13"
"Altynbek111992","7","6","13"
"alu44","5","8","13"
"Aluminebat","6","7","13"
"alvarcarmona","7","6","13"
"Alvaroxd","6","7","13"
"alwaysdreamer","7","6","13"
"Alyaz7","8","5","13"
"am4897","6","7","13"
"Amadi042","8","5","13"
"Amateur_IM","7","6","13"
"Amazingh","7","6","13"
"AmberLeaf","6","7","13"
"AMBITIOS","8","5","13"
"ameise","7","6","13"
"amemipiaceanutella","6","7","13"
"Amigo_one","5","8","13"
"amigoitanhaem","6","7","13"
"Amin1406","6","7","13"
"Amir-alkahlawy","6","7","13"
"amiralimoumivand","7","6","13"
"amireziii","6","7","13"
"amirhomayoun","6","7","13"
"ammarzooqi","6","7","13"
"ammoro","5","8","13"
"amol90","7","6","13"
"anamoir","6","7","13"
"Anarchy07","7","6","13"
"Anareza_Firiojzja","6","7","13"
"ANASWARS","7","6","13"
"ANATOMY_OF_DISASTER","6","7","13"
"anayoolmergen","7","6","13"
"AncientAlien","7","6","13"
"AncientElement","7","6","13"
"AnderMp","6","7","13"
"Anderskak","5","8","13"
"andre_cogo","7","6","13"
"Andre_Iglinburg","7","6","13"
"Andre030","6","7","13"
"andre2003","6","7","13"
"Andreag75","6","7","13"
"ANDREI-XZ","8","5","13"
"Andrei8912","6","7","13"
"Andrei99988","6","7","13"
"andreigregory","7","6","13"
"AndrewATC","7","6","13"
"AndrewZaycev","7","6","13"
"andrey_88888","7","6","13"
"Andrey_from_Tomsk","7","6","13"
"Andrey_Romashev","7","6","13"
"andrey_veret","7","6","13"
"Andrey-Lyapun","6","7","13"
"AndreyKa_2009","6","7","13"
"andualem","7","6","13"
"Andy_Great","6","7","13"
"andyballer","6","7","13"
"angelicterran","6","7","13"
"AngeloMG","7","6","13"
"angeloveri","7","6","13"
"AngelSantillan","8","5","13"
"Angu_23","7","6","13"
"anhen004","5","8","13"
"Anjal_07","6","7","13"
"Ankesh_puru7046","7","6","13"
"ankurvadnere","7","6","13"
"Anna_and_Littleman","6","7","13"
"anna_matiyash","7","6","13"
"Anonimus_89","7","6","13"
"anrulo","7","6","13"
"anselmochl","6","7","13"
"antekkuras","7","6","13"
"Anti_Comedian","5","8","13"
"Antieight","7","6","13"
"AntoC","7","6","13"
"Antoine_Belgo","6","7","13"
"antoinemll","7","6","13"
"Antonin287","8","5","13"
"AntonVin","7","6","13"
"anupchan","7","6","13"
"anuragkumar08","7","6","13"
"aolinchuk","8","5","13"
"aoyan","6","7","13"
"ap1340","6","7","13"
"apoalfozdroih","7","6","13"
"APR07","7","6","13"
"APSmith","7","6","13"
"AquilaeAltair","7","6","13"
"Aquilinum","7","6","13"
"Arakelll","6","7","13"
"Aral_l","6","7","13"
"araldavuteserli","6","7","13"
"ARandomMove","6","7","13"
"aravan1000","7","6","13"
"ARaway","7","6","13"
"arbinferati","8","5","13"
"Arbokmanful","8","5","13"
"arcagyaz","6","7","13"
"arch_arjel","6","7","13"
"ARchajfd","6","7","13"
"Archessor","7","6","13"
"Archiduc71","6","7","13"
"arcwardeen","6","7","13"
"Ardapr488","6","7","13"
"ardecg","7","6","13"
"ardhi_binjai","7","6","13"
"Argala_JMB","6","7","13"
"Argess_mtz","6","7","13"
"ArgossLess","7","6","13"
"arheoloq","6","7","13"
"Arhoh","6","7","13"
"Ariaan_Scheffel","6","7","13"
"arianjahja","7","6","13"
"Arias12643","6","7","13"
"ariemakkie","7","6","13"
"ariya00","6","7","13"
"armansheikhi","7","6","13"
"armbos","7","6","13"
"armin2000p","8","5","13"
"Arnerd","6","7","13"
"Arona_2007","6","7","13"
"Arquimidez272","6","7","13"
"Arraia","6","7","13"
"arsen-akhanov","7","6","13"
"arsiko","6","7","13"
"Arsipartner","7","6","13"
"Arslanx844","6","7","13"
"Art1980v","7","6","13"
"ArtemK1984","7","6","13"
"ArtemLazunin","8","5","13"
"Arthav_pai112009","7","6","13"
"artinbahojb1387","7","6","13"
"artinchess77","6","7","13"
"artmr","6","7","13"
"Artur200000","6","7","13"
"arturdeandrade","6","7","13"
"ArturoHo","7","6","13"
"ArturoMatus","7","6","13"
"artursjo","6","7","13"
"arty-otr","7","6","13"
"ArtyP1981","7","6","13"
"aruarian_chess","7","6","13"
"Arvind1_Tomar","6","7","13"
"Arvindjain01","7","6","13"
"ARYAN1_1","6","7","13"
"ArystanNurmukhanov","7","6","13"
"as11112222","6","7","13"
"Asbax","7","6","13"
"AscencioYazid","7","6","13"
"asdfghjkl2","6","7","13"
"asemi12","6","7","13"
"Asesish47","7","6","13"
"asgharian","6","7","13"
"ashishghimire","4","9","13"
"ashishmishra5","6","7","13"
"Ashkan7789","8","5","13"
"Ashkglod","7","6","13"
"Asimoa","7","6","13"
"askerick","6","7","13"
"AskYourGirlAboutMe","6","7","13"
"Asmar7","6","7","13"
"asmekb","6","7","13"
"Aspabilat","7","6","13"
"Aspat1","7","6","13"
"asqar1125","7","6","13"
"Astemir_078","5","8","13"
"astink","6","7","13"
"astolfo26","7","6","13"
"asuma_s","6","7","13"
"Atakapa","7","6","13"
"ATCFaust","7","6","13"
"Atharv_2008","6","7","13"
"AurelBily","6","7","13"
"Ausser_Konkurrenz","7","6","13"
"aussi_2307","7","6","13"
"AutoPirate","6","7","13"
"Avagimyan","7","6","13"
"Avasty","8","5","13"
"Avelmir","7","6","13"
"avinava","7","6","13"
"avpix","6","7","13"
"Awab123","6","7","13"
"axdatz","7","6","13"
"axedev","7","6","13"
"Axel_c2002","7","6","13"
"Axel-32","6","7","13"
"axelhr84","7","6","13"
"axeloxen","8","5","13"
"AxH9","7","6","13"
"AxlGO","7","6","13"
"aydind","6","7","13"
"ayguu","9","4","13"
"AykutEser","7","6","13"
"Ayush_Singh_Chauhan1","5","8","13"
"ayussuke","8","5","13"
"AZ00000000","6","7","13"
"azalghoul151","7","6","13"
"Azat555","6","7","13"
"Azd31","7","6","13"
"azencia1987","6","7","13"
"AZR43L","7","6","13"
"azulagoinmad","7","6","13"
"azuras","6","7","13"
"Azzazy_man","6","7","13"
"b_72_b","7","6","13"
"B112","6","7","13"
"baanne","7","6","13"
"babanunu","7","6","13"
"babay123","8","5","13"
"Babenko_Yurii","6","7","13"
"babi1363","6","7","13"
"bablack","6","7","13"
"Bablustephen","6","7","13"
"Babul","7","6","13"
"BadBishop805","5","8","13"
"BadFella01","7","6","13"
"baenjer","5","8","13"
"BAGZADA","7","6","13"
"Bahman49","5","8","13"
"bakhabbaba","7","6","13"
"BAKNALI","6","7","13"
"BakoTheBull","6","7","13"
"bakso_are","7","6","13"
"Balbesskin_O","6","7","13"
"balpor","7","6","13"
"balti","6","7","13"
"BandUa95","7","6","13"
"Barabasshka","7","6","13"
"Baran355","7","6","13"
"Barendol","6","7","13"
"barilla1","7","6","13"
"barinthus","7","6","13"
"barisinhesabi","6","7","13"
"Barkhagen","7","6","13"
"BarryCarlsen","5","8","13"
"BarryIDK","6","7","13"
"baryshevigor","8","5","13"
"bashoy","7","6","13"
"BasselBada","8","5","13"
"batchat2021","7","6","13"
"BatuhanAkgul","6","7","13"
"BayaningGatTayaw","6","7","13"
"bb8","7","6","13"
"bbabungo","6","7","13"
"Beasdaddy","7","6","13"
"Bedi-t","7","6","13"
"Bedshaped","7","6","13"
"behnam58","7","6","13"
"Beimbetkh","7","6","13"
"BellaFat","5","8","13"
"Belvek","6","7","13"
"Benali_Abderahmane","7","6","13"
"bencrow11","6","7","13"
"Benepot","6","7","13"
"BenHeideveld","6","7","13"
"benicetojosh","6","7","13"
"Benjamin_A444","6","7","13"
"benjaweiner","6","7","13"
"benmaatoug","7","6","13"
"bennoken","6","7","13"
"Bensontupapi","7","6","13"
"BepisDrinker","7","6","13"
"Berdyanskiy999","7","6","13"
"Beremor","6","7","13"
"berkaycifci","6","7","13"
"berkdar","7","6","13"
"berke2012","7","6","13"
"berkmtn10","7","6","13"
"berl1oz","7","6","13"
"bErnalEsrobErt","5","8","13"
"berniebernardo","8","5","13"
"Bernisof","6","7","13"
"Berserkling","6","7","13"
"Bestrapgod","4","9","13"
"BetaWolf0815","7","6","13"
"betomex1994","6","7","13"
"BEU1907","7","6","13"
"bgryldz","7","6","13"
"Bhanu01","6","7","13"
"Bhavdeep2901","5","8","13"
"bhroooz602","8","5","13"
"biber-beginner","7","6","13"
"Bibey17","6","7","13"
"Bibleuniversecom","7","6","13"
"bibobus1","6","7","13"
"BidentDur","6","7","13"
"bigagezu","6","7","13"
"bigawesomemullet","7","6","13"
"BigBrainGambit","6","7","13"
"bigcrits","7","6","13"
"BIGDOG1971","7","6","13"
"BigShaqStrikesBack","8","5","13"
"BigSim","7","6","13"
"bikkel21","7","6","13"
"bilal_1989","6","7","13"
"bilald54","7","6","13"
"billybob619","6","7","13"
"Billybobjoe4228","7","6","13"
"Bioinformagician","7","6","13"
"Biomekanov","7","6","13"
"bipbambabtillidie","7","6","13"
"Bishopp67","5","8","13"
"bishopRick_s","7","6","13"
"Bispochess","7","6","13"
"biswasghat","7","6","13"
"Bitbotbut","7","6","13"
"Bjoern_Bjoernson","7","6","13"
"bktsklc","5","8","13"
"Blabub","6","7","13"
"black_norris","7","6","13"
"Blackbirdd7","6","7","13"
"BlackPawnRank2","6","7","13"
"blackpawnwhitepawn","7","6","13"
"blankblank1","7","6","13"
"Blaziiee","7","6","13"
"bli2u","7","6","13"
"blind_folded","6","7","13"
"BlindfoldChess69","4","9","13"
"Blitzek","8","5","13"
"blitzmark123","6","7","13"
"BLovedProphet","6","7","13"
"blublo","6","7","13"
"blueorjan","7","6","13"
"BLUNDER_GODS","6","7","13"
"blunderchess-8","7","6","13"
"BM_Occeno","7","6","13"
"BMCLN_1","7","6","13"
"Bo_Rifaat","7","6","13"
"Bo3uthman","7","6","13"
"bobderbaunikolayy","7","6","13"
"bobnine6","8","5","13"
"Bobunaga","5","8","13"
"Bogdan_43","8","5","13"
"Boing6684","6","7","13"
"BonDos","7","6","13"
"bonkas","6","7","13"
"Boomshanker","6","7","13"
"Borimbi","7","6","13"
"Borkkie","8","5","13"
"Boss8888","6","7","13"
"bourec","6","7","13"
"bowhunter1412","6","7","13"
"BOY_II_III_I","7","6","13"
"braiscb","6","7","13"
"brandonruns","6","7","13"
"Braxo87","5","8","13"
"Braysleb11","7","6","13"
"BrazenShrimp70","6","7","13"
"BrazilianNugget","7","6","13"
"BrendanDraper","7","6","13"
"Brianatchess","5","8","13"
"Brightknight01","7","6","13"
"Brize08","6","7","13"
"BroncoJDL","6","7","13"
"BRsharma","7","6","13"
"brummerjane","6","7","13"
"Bruxxx","6","7","13"
"BryanBarcelon","7","6","13"
"bsayar","6","7","13"
"BsMaster","7","6","13"
"btmilhome","7","6","13"
"Btmmemo","7","6","13"
"BuddvP","7","6","13"
"builuongbang","6","7","13"
"BulaBula1337","7","6","13"
"bulbulchess","8","5","13"
"buldua","8","5","13"
"bulgatov","6","7","13"
"Bulkidig241922","6","7","13"
"BULL1976","6","7","13"
"Bulut_Tuna","7","6","13"
"Bulykin_Sergey","8","5","13"
"BumpoRecords","6","7","13"
"buncubed","6","7","13"
"buraaaan","7","6","13"
"Burak10ay","6","7","13"
"by23333","7","6","13"
"C4fun1234567890","6","7","13"
"C7b9b13","7","6","13"
"C9Elise","6","7","13"
"Cabaro1","6","7","13"
"CaciqueMulato","6","7","13"
"cACtuss1","6","7","13"
"caganberkk_96","5","8","13"
"Caique_Bertolino","6","7","13"
"CaissaCubana","6","7","13"
"Cakirhizir","6","7","13"
"Calbal","7","6","13"
"CalebRGH","7","6","13"
"caligula57","7","6","13"
"calisiribrahim","7","6","13"
"Callicratidas2","6","7","13"
"Callisto57","7","6","13"
"callofktulu","5","8","13"
"callyourmomy","6","7","13"
"cameodemon","7","6","13"
"camiloamaru","7","6","13"
"CanalStreetBlues","7","6","13"
"Canbaba33","7","6","13"
"cann001","7","6","13"
"cap_levi_23","7","6","13"
"CAPABLANCA_PILOT","6","7","13"
"capitant","6","7","13"
"caracanchic","7","6","13"
"CarIo97","6","7","13"
"Carl-Emix","7","6","13"
"CarlosLoro","7","6","13"
"Carlostapia1599","7","6","13"
"Carlus_Magnussen2003","6","7","13"
"CarolinaPastor","6","7","13"
"CaryGasparov","6","7","13"
"catanist","6","7","13"
"Catheto","6","7","13"
"Catinlove","6","7","13"
"CAVALIERDU93","7","6","13"
"cdubz","6","7","13"
"Cebeo","7","6","13"
"Cedricov","7","6","13"
"cedrid","7","6","13"
"Cemm97","7","6","13"
"Centauro7","5","8","13"
"CEOTenet","7","6","13"
"ceredan94","5","8","13"
"Cesco5544","7","6","13"
"cetobeyy","6","7","13"
"Cett","7","6","13"
"cevape98","7","6","13"
"cfergon12","6","7","13"
"cfhtang","7","6","13"
"ch3sspawn","6","7","13"
"chaitanyabhala24","6","7","13"
"champion11223344","6","7","13"
"ChampYusuf","7","6","13"
"chan1968","7","6","13"
"chandansssss","7","6","13"
"charankalyan007","7","6","13"
"charannn","7","6","13"
"Charis_T","6","7","13"
"charishuios","7","6","13"
"charlesperezluciano1","7","6","13"
"Charlie_Manjerico","8","5","13"
"charlton25","7","6","13"
"chasebasefsd","7","6","13"
"ChatlessBob","7","6","13"
"chay0k","7","6","13"
"Che9k99","7","6","13"
"checho1964","6","7","13"
"CHECKFBR","7","6","13"
"checkmateov","6","7","13"
"checky_fork","7","6","13"
"CheckZILLA1","7","6","13"
"cheesewater","7","6","13"
"Chef_Curry3","7","6","13"
"CHEMP_Serin","6","7","13"
"chenzhongkai007","8","5","13"
"Cheo27","8","5","13"
"Cheparinov","7","6","13"
"CherenkovPeak","7","6","13"
"Chernoukhov_I","7","6","13"
"chesdotcomisbeter","7","6","13"
"chesnokov54","7","6","13"
"Chess_7emechko","7","6","13"
"Chess_brother","5","8","13"
"Chess_Cocuk_3737","6","7","13"
"Chess_hustler27","7","6","13"
"chess_is_fun12345","6","7","13"
"chess_n00b","7","6","13"
"chess_player12345","6","7","13"
"Chess-Matador","6","7","13"
"chessandchesschess","5","8","13"
"Chesscio","6","7","13"
"chessfighterhero","5","8","13"
"chessforjesuschrist","7","6","13"
"chessgraph","6","7","13"
"chessiekk","6","7","13"
"CHessM13","7","6","13"
"ChessMate108","7","6","13"
"chessnocheck","6","7","13"
"Chessplastic","7","6","13"
"chessplayer999111","7","6","13"
"Chesspoets","7","6","13"
"ChessRatchetandClank","6","7","13"
"ChessReapter","6","7","13"
"chessSjogand34","7","6","13"
"chesssuch","6","7","13"
"chesstime122","7","6","13"
"Cheszpl","5","8","13"
"chickenparm","5","8","13"
"chickenwings96","6","7","13"
"chico-br","6","7","13"
"ChidiMelenu","6","7","13"
"chiefofchess2","6","7","13"
"Chimbombo","7","6","13"
"Chinolo_valera","6","7","13"
"chiragkhakkhar","6","7","13"
"Chiranjit_32","7","6","13"
"chlebik","7","6","13"
"chocolateparty","6","7","13"
"Choi_YunHu","6","7","13"
"chpliteyze","7","6","13"
"chrigbreezy","6","7","13"
"chris835","7","6","13"
"Chrissi249","7","6","13"
"christ41-EOL","6","7","13"
"ChrisTheWall","7","6","13"
"christianov","6","7","13"
"ChristianPallmay","6","7","13"
"Christopher412","9","4","13"
"christophercrack","6","7","13"
"chucky666","7","6","13"
"chulolopez","7","6","13"
"Chumbivilcas1","6","7","13"
"chuspeon57","7","6","13"
"CiceronChess","7","6","13"
"cie_adi","7","6","13"
"Ciuci","6","7","13"
"CJkronoss21","6","7","13"
"CleanWindows","8","5","13"
"clemates","6","7","13"
"clover0804","7","6","13"
"cloydel","6","7","13"
"cmnt","8","5","13"
"cmusch","7","6","13"
"cn_V","6","7","13"
"cnbreezy","6","7","13"
"Codio","7","6","13"
"CoffeJeanPierre","6","7","13"
"colosha","8","5","13"
"Colossus_Chess","6","7","13"
"ColTraw","7","6","13"
"Commissioner_of_war","7","6","13"
"ConcertedDismissal","7","6","13"
"conetly","7","6","13"
"Connor_hye2","6","7","13"
"ConstantinRuhm","7","6","13"
"constellations","7","6","13"
"ControlFantasy","7","6","13"
"CoolChess06","7","6","13"
"coollad","7","6","13"
"coopseychess","6","7","13"
"Coquito06","6","7","13"
"corvin83","6","7","13"
"Cory_V","7","6","13"
"CoskunCihangir","7","6","13"
"Cosy1","8","5","13"
"COTC1695","7","6","13"
"cottonseed1","6","7","13"
"cpaspossible","7","6","13"
"Crancrana","7","6","13"
"craneee","7","6","13"
"crazypawn1","7","6","13"
"CringeyChessMan","6","7","13"
"CriRo_7","8","5","13"
"Cristian-JR","6","7","13"
"cristigr","7","6","13"
"Cristiliano","7","6","13"
"crl_tucz","7","6","13"
"crosales","7","6","13"
"Crowbar_Jones","8","5","13"
"crushermean","6","7","13"
"CryMeARivah","6","7","13"
"CsabiT","6","7","13"
"cubanoases","8","5","13"
"cuervomdp","6","7","13"
"cufcufc","7","6","13"
"cunhahudson","7","6","13"
"Cyclex","8","5","13"
"Cyrus0001","7","6","13"
"cz2","7","6","13"
"d_p_e","6","7","13"
"D-men","6","7","13"
"D4nn1","6","7","13"
"Daalmoam","6","7","13"
"daanielsladebackup","6","7","13"
"dacko420forever","6","7","13"
"Dadone","7","6","13"
"Daenek","7","6","13"
"daericallen","6","7","13"
"Dafina10","6","7","13"
"daholmes","6","7","13"
"dak1977","6","7","13"
"dakoban","7","6","13"
"DAMALOKA","6","7","13"
"damdiou","5","8","13"
"damiandii","6","7","13"
"damndude19","7","6","13"
"dana1011","7","6","13"
"Daniel_Defo","7","6","13"
"Daniel-Olafsson","6","7","13"
"DanielChessCaissa","6","7","13"
"DaniyarRakhimov","7","6","13"
"Danjo18","7","6","13"
"Dank1840","8","5","13"
"Danowitsch","7","6","13"
"danschool","7","6","13"
"dapa150","6","7","13"
"dariosh123","6","7","13"
"Dark_Horse0","6","7","13"
"DarkRookRises","7","6","13"
"DarkSoulw","6","7","13"
"Darren1664","6","7","13"
"Darthmambo","7","6","13"
"DarthZugzwang","8","5","13"
"Dasdreideustch7","7","6","13"
"dat_dat","6","7","13"
"Dato_Margiani","8","5","13"
"dau_npukypumb","7","6","13"
"Dave_7","7","6","13"
"Dave010568","7","6","13"
"daveadj","7","6","13"
"davi999","6","7","13"
"david_grb","7","6","13"
"david_pangburn","7","6","13"
"David-1998-16","8","5","13"
"david7292","6","7","13"
"davidarias9940","6","7","13"
"Davide313","7","6","13"
"davidjohnston16","7","6","13"
"Davidroadtotop200","6","7","13"
"Davood-Yousefi","9","4","13"
"DAVVV9","6","7","13"
"DawGnar","6","7","13"
"DawgStrategist","7","6","13"
"dawlew86","7","6","13"
"daymake2","7","6","13"
"Dayron-Adriel","6","7","13"
"dbellagio","6","7","13"
"dcroe69","6","7","13"
"DCSLXIV","7","6","13"
"ddppgg","8","5","13"
"DebC77","7","6","13"
"Debshikhadas","6","7","13"
"DechetNucleaire","6","7","13"
"ded107","7","6","13"
"Dede_21","7","6","13"
"Dedushka007","5","8","13"
"deepak2016","6","7","13"
"deepstrategy100","6","7","13"
"deepzombie","7","6","13"
"dejan22","7","6","13"
"Deku98","6","7","13"
"deltafenix","7","6","13"
"Den_escc","7","6","13"
"den_millman","6","7","13"
"den1010","6","7","13"
"Denis_Novokshonov","7","6","13"
"denisgr72","8","5","13"
"Denisssk3","7","6","13"
"DenisTver","6","7","13"
"denitan","7","6","13"
"Derin1988","7","6","13"
"dernacht","6","7","13"
"Desantnik3","7","6","13"
"deutschermann22","6","7","13"
"DEVILshelby","8","5","13"
"dezmond25","8","5","13"
"dgblasco","7","6","13"
"Dharma289","7","6","13"
"Dharsan","7","6","13"
"DHME-ALSHREEF","7","6","13"
"dhruvagg03","6","7","13"
"diazriverajesus","7","6","13"
"DICTATEUR12","6","7","13"
"diegoarmandovc96","5","8","13"
"diimazy","5","8","13"
"Dijagonala","6","7","13"
"DillonHoracio","7","6","13"
"Dima1995acula","6","7","13"
"dimi1947","6","7","13"
"Dimismi","7","6","13"
"dimitris_gav","7","6","13"
"Dimuthu1234","8","5","13"
"dineshgotnolife","5","8","13"
"Ding888","7","6","13"
"dinkydarko","7","6","13"
"Dino1990","6","7","13"
"dioke","6","7","13"
"dionysos_booksA","6","7","13"
"Diranko","6","7","13"
"dirtsprouts","6","7","13"
"DirtyHarry111","7","6","13"
"Dixy12","6","7","13"
"diyorbek_2006","6","7","13"
"djakomboo","7","6","13"
"djalmacardoso","7","6","13"
"djmga","5","8","13"
"Djo1990","6","7","13"
"DLBob","7","6","13"
"dmason2k","6","7","13"
"Dmitry_chess_player","7","6","13"
"Dmitry000007","6","7","13"
"DMRaunak","7","6","13"
"dmyfed","7","6","13"
"dnbhattacharya","6","7","13"
"Dockerman","6","7","13"
"docshelby","6","7","13"
"DoctorJzzz","7","6","13"
"dodothedreamer","7","6","13"
"Dom80120","7","6","13"
"DomIncog","6","7","13"
"domoyongdaisy","6","7","13"
"donat86","7","6","13"
"Donbass_2020","7","6","13"
"DONCHIPs90","6","7","13"
"dondindo8","5","8","13"
"donmiguelnajdorf","7","6","13"
"donquesto","6","7","13"
"dontmakegoodmoves","7","6","13"
"DoofusDougie3","6","7","13"
"doors07","6","7","13"
"doroci","6","7","13"
"DOSNEURONAS","7","6","13"
"douddiboule","6","7","13"
"dpa09","6","7","13"
"dpaniagua","6","7","13"
"Dr_BlunderStein","7","6","13"
"Dr_iqimscgm","6","7","13"
"Dr_Miracle","6","7","13"
"DR1LLL","6","7","13"
"DracoVolantus","6","7","13"
"Draculahorrorfever33","5","8","13"
"Draggo97","6","7","13"
"dragon_ypatia","7","6","13"
"Dragondish","6","7","13"
"DrAhmediip","8","5","13"
"DramaticBug1","7","6","13"
"DRAMIREZ141","7","6","13"
"DrBalaji","7","6","13"
"Dreamweaver96","6","7","13"
"dreamybull3162","6","7","13"
"DrFarkhod_ssmu","6","7","13"
"DrIrukandji","7","6","13"
"DrownedNegative","6","7","13"
"DrPepper01","6","7","13"
"DrProut","7","6","13"
"drscorpion","5","8","13"
"DrTrippinstein","6","7","13"
"Drunkenstein_2","6","7","13"
"dsk71","6","7","13"
"dsthedragon","6","7","13"
"dturkar","6","7","13"
"duayen12345","7","6","13"
"Duckstotherescue","7","6","13"
"Dues1","6","7","13"
"DumbTaDumb","7","6","13"
"dumut","7","6","13"
"dusancv","5","8","13"
"dustyduck","6","7","13"
"dwedare","6","7","13"
"DylantheBear","8","5","13"
"DzejmsBlond","7","6","13"
"Dzhigoriy","7","6","13"
"E2010E","6","7","13"
"E4vinxD","6","7","13"
"E4zili","7","6","13"
"earik","7","6","13"
"Easaltykov","6","7","13"
"ebat_azov","6","7","13"
"ebh_96","6","7","13"
"ebleronidas","7","6","13"
"EBrandstedt","7","6","13"
"Eciepecie","6","7","13"
"ed_22","5","8","13"
"ed_dy","6","7","13"
"ed6219","7","6","13"
"eddie_doo","6","7","13"
"Eddymillohlg","7","6","13"
"EDGARGUS2","6","7","13"
"Edibatteri","6","7","13"
"edoardo920","7","6","13"
"edrono","7","6","13"
"Edu_1973","6","7","13"
"Edu17","7","6","13"
"EduardMilliard1","6","7","13"
"Eduaru","6","7","13"
"edycacoal","5","8","13"
"Efe2007","7","6","13"
"efeyorulmaz","7","6","13"
"Eflatun07","7","6","13"
"egd001","6","7","13"
"Eggie_007","6","7","13"
"egorbalan","7","6","13"
"Egorio24","6","7","13"
"eh_56","8","5","13"
"ehtd","6","7","13"
"EihwazDefence","6","7","13"
"einkonstantin","7","6","13"
"EiskaltesHaendchen","6","7","13"
"El_Arcon_Negro","7","6","13"
"EL_TITAN_MB14","5","8","13"
"El-pOllO-l0c0","6","7","13"
"ELBEBRA2281337","6","7","13"
"Eldarslamahunov","6","7","13"
"Eleggu4","7","6","13"
"elfathi1999","6","7","13"
"elinatsy","7","6","13"
"Elishaselene","6","7","13"
"EliteChessAcademy","7","6","13"
"Elix28","7","6","13"
"Elliberetta","6","7","13"
"Elmotol","6","7","13"
"elo2000pls","7","6","13"
"Elogarcia","6","7","13"
"eloof","6","7","13"
"elos63","7","6","13"
"ElPoetaMounstruo","6","7","13"
"elsadi555","6","7","13"
"elvisrosso","7","6","13"
"elyar91","6","7","13"
"elyas06","7","6","13"
"elyninvydr","6","7","13"
"Elyor_Sharopov","5","8","13"
"Emadasgari","7","6","13"
"emadshz","5","8","13"
"Emame","7","6","13"
"emaur","7","6","13"
"Emeror_G","7","6","13"
"Emerson007","6","7","13"
"emiliosoprano","5","8","13"
"EmiratesEnergy","7","6","13"
"Emiriwnl","9","4","13"
"emirron","7","6","13"
"emirspor","6","7","13"
"Emmanuelmr03","8","5","13"
"emmawang2015","6","7","13"
"Emphy","7","6","13"
"Emrekuleli","7","6","13"
"En_MEisaateef","7","6","13"
"EN_QN","7","6","13"
"endyloved4","6","7","13"
"Enfileurdepoutre","6","7","13"
"Enginbarbaros","7","6","13"
"Enjoy_Lag","7","6","13"
"enpjerz12","6","7","13"
"EnterYourName","7","6","13"
"enuboll","5","8","13"
"ENVILBONA","6","7","13"
"epeen","5","8","13"
"EPetkov","6","7","13"
"Epic_Royale","6","7","13"
"equanimitous","6","7","13"
"er_cuccumella","6","7","13"
"Er_love","6","7","13"
"eranzu","7","6","13"
"ErazmFandorin","7","6","13"
"erdmaennchen105","7","6","13"
"erdme","6","7","13"
"Erensenn12","7","6","13"
"Ernest666","7","6","13"
"ErrantRat","6","7","13"
"error000by","7","6","13"
"errquivocal","6","7","13"
"ersinorak","6","7","13"
"Escape_Matrixfirst","6","7","13"
"Escentric","6","7","13"
"escurinho14","8","5","13"
"esha_arudik_2","5","8","13"
"Eshaad007","8","5","13"
"Esidomenic0","7","6","13"
"Esmond","7","6","13"
"Espasquis","8","5","13"
"Esportmichi","7","6","13"
"essadalak","5","8","13"
"estebancarlino","6","7","13"
"estevezvic","6","7","13"
"Estrella123456","7","6","13"
"ethan_alvarez","6","7","13"
"Ethicalgambit","7","6","13"
"Etienne44","7","6","13"
"Ettore_Risicato","6","7","13"
"eu_xen","7","6","13"
"Eubo0","6","7","13"
"EugenDamer","6","7","13"
"Eugene01","6","7","13"
"eugenyo","6","7","13"
"euhplayer1","8","5","13"
"Eukarya","6","7","13"
"eule72","7","6","13"
"eurie","7","6","13"
"Evan_Vedh","6","7","13"
"EvanoffD","8","5","13"
"evgenevgenr","6","7","13"
"EvgeniyVino","5","8","13"
"evgeshaaa","6","7","13"
"Evgheni78","7","6","13"
"EvilSa1nt","6","7","13"
"evmru","8","5","13"
"EvrenCem","6","7","13"
"EXC01ADMIN","5","8","13"
"Excaliburic","6","7","13"
"excellentdanny","7","6","13"
"ExiledSumo","8","5","13"
"extremka","6","7","13"
"EzToRememberUsername","6","7","13"
"F1gubben","6","7","13"
"Fa_L","6","7","13"
"FabFab28","7","6","13"
"Fabianheredia","6","7","13"
"fabianxbx","6","7","13"
"Fabkas","7","6","13"
"fabrizioochoa33722","6","7","13"
"fae99","6","7","13"
"fahri20","6","7","13"
"fais_maulana","7","6","13"
"Faisal_Nirjhor","6","7","13"
"fake_bobs","6","7","13"
"faliii","8","5","13"
"falito","6","7","13"
"fangri007","6","7","13"
"FanOfTheGame14","7","6","13"
"fanudoc7","7","6","13"
"Far1d_555","7","6","13"
"Fasaa","6","7","13"
"fasaluvm","7","6","13"
"faseko","6","7","13"
"fast_eddiefelson","6","7","13"
"Fatiakhesh","6","7","13"
"Fatih-v_v-Bera","7","6","13"
"fatma0d","7","6","13"
"FavoredChoiceAnt","6","7","13"
"fawzi08","7","6","13"
"Fayssal14","6","7","13"
"FBM2","6","7","13"
"fcalw2139sbclak","6","7","13"
"fd_fd","8","5","13"
"FDecarlo","6","7","13"
"fedexoc","5","8","13"
"fedisfax","6","7","13"
"FeedMe13","7","6","13"
"FeintEars","8","5","13"
"femiabiola","7","6","13"
"Fenix17","6","7","13"
"fennooooo","7","6","13"
"fenrril","8","5","13"
"ferasabdelkader","6","7","13"
"FergusL1","7","6","13"
"ferociousinbattle","6","7","13"
"ferwerda00","6","7","13"
"FetmaKhadijaa","7","6","13"
"FEYUAR","7","6","13"
"ffelrm","7","6","13"
"FFWW","7","6","13"
"Fguerrerost","7","6","13"
"fiborn","8","5","13"
"Fidel_kun","6","7","13"
"Fidellisd_taz","6","7","13"
"fiesty1","6","7","13"
"fighterballyr","6","7","13"
"FightingBishops","7","6","13"
"figurinochess","6","7","13"
"filozof35","7","6","13"
"fin56","7","6","13"
"firana123","7","6","13"
"Fire_Starter_OP","5","8","13"
"Firsov_Kuzma","7","6","13"
"Firsta16","7","6","13"
"FirstRoundLion","6","7","13"
"fischeredward","6","7","13"
"Fishi","8","5","13"
"Fjellz1","6","7","13"
"FKnapik","7","6","13"
"flango3000","6","7","13"
"Flanmaestro","8","5","13"
"FlavioHenrique20","7","6","13"
"Flaviu2017","7","6","13"
"flector","6","7","13"
"fligirsotspycupxpys","8","5","13"
"floress26","6","7","13"
"FlorianBaake","6","7","13"
"Floyd_Pink","7","6","13"
"fmoyamun","7","6","13"
"Foghornleghorny","6","7","13"
"Fokker-Planck","6","7","13"
"FolkArt1","7","6","13"
"ForeverBeginner46","7","6","13"
"forksup","5","8","13"
"forrest2020","7","6","13"
"fortniteballz6969","5","8","13"
"fortraining_1","6","7","13"
"ForzaOleg","6","7","13"
"fouikiai","7","6","13"
"Foxgcleax","8","5","13"
"Foxmkg","8","5","13"
"Fragarrakh","7","6","13"
"francesco18","7","6","13"
"Francis173","6","7","13"
"FranciscoBressy","6","7","13"
"Franciszek_J","6","7","13"
"FrancoisBenis","7","6","13"
"Frank_90","6","7","13"
"frankdestiny","8","5","13"
"FrankFischer","6","7","13"
"frankthetank68","6","7","13"
"FrantaGellner","6","7","13"
"franz192","7","6","13"
"freddykruger","8","5","13"
"FrederikBaldus","7","6","13"
"free_blocka","6","7","13"
"FreeQuds03","6","7","13"
"FrenchSalmon","6","7","13"
"Freyd3r","7","6","13"
"friendsOfHans","7","6","13"
"Friskisis","6","7","13"
"frklazartee","7","6","13"
"Frosskroete","7","6","13"
"fthsln","7","6","13"
"FTSA","6","7","13"
"FuadGeddaJunior","6","7","13"
"Fuddled","8","5","13"
"Funsukhwangdu","6","7","13"
"FunTomCZ","7","6","13"
"furkanpszl","4","9","13"
"fuzzychess","5","8","13"
"fzg","6","7","13"
"GaaFtwin","5","8","13"
"Gabbospaccaculi2","6","7","13"
"GaBeKool","7","6","13"
"gabiferbar","6","7","13"
"Gabo2593","6","7","13"
"Gabriellgowez","6","7","13"
"gabybbo","6","7","13"
"galacticImperator","7","6","13"
"Gambit-Pawn","6","7","13"
"Gambit760","8","5","13"
"GAMBITO_HACK","7","6","13"
"Gambits_Win","6","7","13"
"Gandalf600","8","5","13"
"Ganeshati","6","7","13"
"GangaLee88","6","7","13"
"Gangebass","7","6","13"
"GarboBot","6","7","13"
"Gartnersgambit","6","7","13"
"GARVITSHARMA77","5","8","13"
"Gashtano","7","6","13"
"Gasser21","6","7","13"
"gauti21","6","7","13"
"Gavar4","7","6","13"
"gbosh","6","7","13"
"GDI_43","6","7","13"
"geesemeese","6","7","13"
"gelbyoshi","7","6","13"
"Genarohz","7","6","13"
"general_Barsuk","6","7","13"
"General_lee_frie","5","8","13"
"GeneralKong","7","6","13"
"GenGMaster","7","6","13"
"gens_03","8","5","13"
"geoffmcgeoff","6","7","13"
"georgesky","7","6","13"
"Georgesyria","8","5","13"
"German_Dom","6","7","13"
"germinax","6","7","13"
"Gernhardt_Lunzelot","8","5","13"
"gerotesk","6","7","13"
"gerundy","6","7","13"
"getme-a-username","6","7","13"
"geuvebe","7","6","13"
"gfdctj","7","6","13"
"ggdil","6","7","13"
"ghagins","6","7","13"
"GhostDeini","6","7","13"
"Giac_17","6","7","13"
"Giacoletto_Cl","7","6","13"
"GiancarloStanton","7","6","13"
"gianmarco12","6","7","13"
"GiantKiller15","6","7","13"
"Giedrius_M","6","7","13"
"Gigantmis","7","6","13"
"gigi_DAN","6","7","13"
"Gigs_01","6","7","13"
"gilipter1","6","7","13"
"GioCapo","6","7","13"
"Giollaccio","6","7","13"
"GiovanyGarc","6","7","13"
"Giracle","6","7","13"
"gjanaelida","6","7","13"
"gjc27","6","7","13"
"Gleb1210","7","6","13"
"GlebPendler","6","7","13"
"gleyron","7","6","13"
"glindsaynz","7","6","13"
"gmatakador2","7","6","13"
"gmbarbosachess","7","6","13"
"gnaaneswaranChess","6","7","13"
"gnomenreigen","6","7","13"
"Goak","6","7","13"
"goebenauer","7","6","13"
"goegoe","7","6","13"
"Goeranraus","6","7","13"
"Goes21","7","6","13"
"gogi1947","6","7","13"
"Gogochari69","7","6","13"
"gokaysatranc","6","7","13"
"Goktug","7","6","13"
"goldenmover","8","5","13"
"Goldknight33","7","6","13"
"Gollatzproblem","7","6","13"
"golovan1979","6","7","13"
"GoncharovOk","7","6","13"
"Gopalchess007","6","7","13"
"Gorbachevskikh","7","6","13"
"gorechka","6","7","13"
"gorkemyalcin","6","7","13"
"Gorkhali005","7","6","13"
"GornorPo","7","6","13"
"gottagonow123","6","7","13"
"govindpawar2007","6","7","13"
"GP_263","6","7","13"
"gpwmy","6","7","13"
"Gracchu_S","7","6","13"
"Graeme-Currie","8","5","13"
"Gragmate","7","6","13"
"Granadillostrong","6","7","13"
"GrandmasterBobur","6","7","13"
"grandmonster52","6","7","13"
"grannyfahrts","6","7","13"
"granskipper","6","7","13"
"GraySquid","6","7","13"
"GreatestWallofPaul","6","7","13"
"grebo33","6","7","13"
"Grego2","6","7","13"
"gregorth","6","7","13"
"GregoryAmateur","7","6","13"
"grendel_2013","8","5","13"
"grepabole23","6","7","13"
"Grevling","7","6","13"
"Griebenschmalz","7","6","13"
"griffinreichert","6","7","13"
"Grigory_Mironov","7","6","13"
"grimmaster011","6","7","13"
"GrinCH_1","7","6","13"
"GrMDrunk","6","7","13"
"Grongle","6","7","13"
"Grosslov","7","6","13"
"guessworkceo","7","6","13"
"GuilhermeTrarbach","6","7","13"
"guillermovergara","6","7","13"
"Guitarhero1984","7","6","13"
"gulliver26","7","6","13"
"Gulsib","7","6","13"
"Gumbolt","7","6","13"
"GumGumRedHawk","7","6","13"
"GuoRan","6","7","13"
"GurcayArarat","7","6","13"
"Gurzuf76","7","6","13"
"Guthi","7","6","13"
"Guto8000","7","6","13"
"guythatmightwin","6","7","13"
"GVACHARI","7","6","13"
"Gvein","7","6","13"
"GVGVGV","7","6","13"
"gwagnerChess02","7","6","13"
"H-Lecter","6","7","13"
"H3HM8","8","5","13"
"hajbehrouz","6","7","13"
"hakan1577","5","8","13"
"Halbertolara","5","8","13"
"Halftrickpony","6","7","13"
"halsau","6","7","13"
"hamish_the_dog","6","7","13"
"hamismahmood","7","6","13"
"hammerclavier","6","7","13"
"hamza-22","7","6","13"
"hamzacakirr","6","7","13"
"hamzajuha","8","5","13"
"Hanamaila","7","6","13"
"hang20","6","7","13"
"haniehjavadi2004","7","6","13"
"HANIG2016","5","8","13"
"haNikonikoniii","7","6","13"
"hansolavr","6","7","13"
"Hantuz","5","8","13"
"Hapchaev","7","6","13"
"HappyBulletNoob","7","6","13"
"harborsresentment","7","6","13"
"Hardly_Awake","6","7","13"
"Hardware1129","6","7","13"
"Hari_Raja","6","7","13"
"harison_maamo44","7","6","13"
"hartshaun1","7","6","13"
"HaruhisBiggestSimp","7","6","13"
"HasanFecriDIRBO","6","7","13"
"HashemHashem","6","7","13"
"hassan_6999","6","7","13"
"Hassoviski","6","7","13"
"Hastllles","6","7","13"
"HatayLee","7","6","13"
"havebed_sermad","6","7","13"
"hayalolsamm","6","7","13"
"haykmovsisyan","7","6","13"
"Headachess91","6","7","13"
"heat2006","7","6","13"
"hec64","7","6","13"
"hefergm14","7","6","13"
"heimoelo","7","6","13"
"hekmatian99","7","6","13"
"Helen_Chufe","7","6","13"
"hellosweets","7","6","13"
"HELMUT_LANG","6","7","13"
"helper2020","7","6","13"
"Hendriixx","6","7","13"
"heniii","6","7","13"
"HenkoGodNeethling","7","6","13"
"hercolester","6","7","13"
"herrieu33","7","6","13"
"herubuss","6","7","13"
"HeSacrifacedTheRook","7","6","13"
"heyiamusinglichess","7","6","13"
"HeziIsTankward","6","7","13"
"hhcuuid","6","7","13"
"hi1234222","6","7","13"
"hiepsieunhan","6","7","13"
"Hijibijbij_Prof-753","6","7","13"
"hikaru_naknampocha","7","6","13"
"HikaruNoChess","7","6","13"
"hiken2426","7","6","13"
"hikkikunjrs","6","7","13"
"hilmiaydin12","5","8","13"
"Him348","6","7","13"
"Himahulk","8","5","13"
"HIMAN_19","6","7","13"
"Himvvv","7","6","13"
"hirakmodi","6","7","13"
"hjardolph","7","6","13"
"hjondi","7","6","13"
"HkIamGHOST","6","7","13"
"Hmgod","7","6","13"
"Hodjanasreddin","7","6","13"
"Hoeraun","6","7","13"
"HolyMate","5","8","13"
"HolzRabe","6","7","13"
"Honeybadger23","6","7","13"
"HongoStars","7","6","13"
"Hook2006","6","7","13"
"hoppala69","7","6","13"
"HorribleBlunders","6","7","13"
"HorseLoco","6","7","13"
"hosamco","6","7","13"
"HosseinBeglariGermii","7","6","13"
"HosseinOghli","6","7","13"
"houseofficer4","5","8","13"
"hoviedo93","8","5","13"
"HPRick33","6","7","13"
"Hribbn","7","6","13"
"hrmulak","7","6","13"
"Hromas_Jan","8","5","13"
"hseyin4700","6","7","13"
"htijseling","6","7","13"
"hu3ta_05","6","7","13"
"hugiebum1","6","7","13"
"hugooo1","6","7","13"
"HUMAN_111","5","8","13"
"Hundename","6","7","13"
"Hunter_1998","7","6","13"
"hunterRSA","8","5","13"
"huseyinunal86","5","8","13"
"husneguldemirci","6","7","13"
"Hussein21y","7","6","13"
"husseinalsarhan","6","7","13"
"Hussien_Saabneh","7","6","13"
"HuxleyBurgess","6","7","13"
"Hvldk_20","6","7","13"
"I_DOORS","6","7","13"
"I_play_London33","6","7","13"
"I5a_H","8","5","13"
"iAliErdm","6","7","13"
"IamMehran","6","7","13"
"IAmNitehawk","6","7","13"
"iamtitanium7","8","5","13"
"ibartok","6","7","13"
"ibrahem91","7","6","13"
"ibrahimakaak","7","6","13"
"ibrahimmeymenn","5","8","13"
"ibsjap","6","7","13"
"ICanSeeDeadPeople","6","7","13"
"iceman_29","6","7","13"
"iceonboardBh7","6","7","13"
"icragul02","7","6","13"
"icycakes","6","7","13"
"idiguic71","7","6","13"
"idiot28","6","7","13"
"Ieatplaydoh1","7","6","13"
"ifeanyi_2k1","7","6","13"
"ifk00000","7","6","13"
"Igor160","6","7","13"
"IHateBishopF2","7","6","13"
"IHATELOSEEE","7","6","13"
"IHatePineapplePizza","5","8","13"
"Ihsan_Karim","7","6","13"
"ihsanM26","7","6","13"
"IIIaxMaTucT98","6","7","13"
"iiitachi_uchiha","6","7","13"
"ijlitster","6","7","13"
"Ikantt77","6","7","13"
"Il_terzo_scacco","7","6","13"
"IlGiggio","7","6","13"
"Ilias1979","7","6","13"
"ilich84","6","7","13"
"Iliya_63","7","6","13"
"illumenatishadow344","7","6","13"
"IllusionAhead","7","6","13"
"IloveMozzarella","6","7","13"
"Iluvatar117","6","7","13"
"imagine_embalo","7","6","13"
"Imam_Lanang","9","4","13"
"imani131313","6","7","13"
"ImmerGewinner","6","7","13"
"imnotantisocial","8","5","13"
"imnow","7","6","13"
"InawNaww","6","7","13"
"InBedAlmostAsleep","7","6","13"
"inchavdaro","8","5","13"
"Incognito55","7","6","13"
"InevitablyAbout","6","7","13"
"infested","7","6","13"
"INLA","5","8","13"
"Innymrazem","5","8","13"
"inobilya","6","7","13"
"InoIno66","8","5","13"
"inthqtowhjnnnjjjjbnn","6","7","13"
"inukpuk3","7","6","13"
"InventiQ","6","7","13"
"Involuntary","7","6","13"
"IOError21","6","7","13"
"iordanis","7","6","13"
"IQ150pluz","7","6","13"
"iRonCads","7","6","13"
"Isabela24","6","7","13"
"Isac169","7","6","13"
"Isai579","7","6","13"
"isaiahsherman","6","7","13"
"Isath2009","7","6","13"
"ISENGARD1967","7","6","13"
"ishagiri070","6","7","13"
"isheglov","7","6","13"
"ishi007","7","6","13"
"Ishiwaki","6","7","13"
"Isidinho","7","6","13"
"iskitimskiy","6","7","13"
"islam__095","7","6","13"
"ismailu1710","7","6","13"
"isnull","7","6","13"
"Israelpalma1","6","7","13"
"isrit","6","7","13"
"Issa94","7","6","13"
"it_was_Friday","7","6","13"
"Italoindio","8","5","13"
"ItsOtisQuin","7","6","13"
"itzvikas2020","5","8","13"
"ItzYashReal","6","7","13"
"Iuqoekdb","7","6","13"
"ivan_ekb","8","5","13"
"Ivan_Sparrow","7","6","13"
"Ivan3797","7","6","13"
"ivanchokfan","5","8","13"
"Ivanchuk2000","5","8","13"
"IVANMARTINEZ","6","7","13"
"IvanMoyseiev","7","6","13"
"ivannnnnnnnlllllllll","6","7","13"
"Ivanov9999","6","7","13"
"IyadCharef","6","7","13"
"iyannov","6","7","13"
"IykeDerek","6","7","13"
"izetmember","6","7","13"
"J_Mamani","6","7","13"
"J12risk","6","7","13"
"J2212bee","7","6","13"
"jacekbramkarz","7","6","13"
"jack-50","6","7","13"
"JackFol","7","6","13"
"jackmackxx","7","6","13"
"Jacky96","7","6","13"
"Jacobtata","7","6","13"
"Jacopit","6","7","13"
"Jacques_P","7","6","13"
"jadontheginger","7","6","13"
"jago291","5","8","13"
"jagp11","7","6","13"
"Jahsmine","7","6","13"
"Jaimelv20","7","6","13"
"jairaj28","8","5","13"
"JAJADINGDONG","7","6","13"
"JakoBishop","5","8","13"
"jalak5bintang","8","5","13"
"jalemagno","7","6","13"
"jaleska30","7","6","13"
"jamalq19","7","6","13"
"jameAnthony","6","7","13"
"jamerrq","7","6","13"
"james_bucaling","7","6","13"
"Jamieobean","6","7","13"
"Jamnonos","7","6","13"
"Jan1698","6","7","13"
"janbelz2","7","6","13"
"jani","8","5","13"
"jano-king","8","5","13"
"JanQOzbennijr","7","6","13"
"Japok","6","7","13"
"Jardina","6","7","13"
"Jared22","7","6","13"
"jarfe","8","5","13"
"jaski225","7","6","13"
"Jasmee","6","7","13"
"JasonPV8","7","6","13"
"jat_desi","5","8","13"
"javad1996","7","6","13"
"javi34","8","5","13"
"Javicho100","6","7","13"
"Jayant01","6","7","13"
"JayDaHug","6","7","13"
"jaydeepii","6","7","13"
"Jaydev1","7","6","13"
"jaynou","8","5","13"
"JayPea","6","7","13"
"Jaypehg","6","7","13"
"JayRex","7","6","13"
"Jaysuper777","6","7","13"
"jbirdt83","7","6","13"
"JBurgos_2003","6","7","13"
"jcflowers","6","7","13"
"JCHess84","5","8","13"
"jcjaycee","8","5","13"
"jcl6cm","7","6","13"
"jdan_2106","7","6","13"
"Jedeal","7","6","13"
"jeeva2812","7","6","13"
"jeffreytay","7","6","13"
"jefreytumangke","7","6","13"
"jegama19","7","6","13"
"jeir26","6","7","13"
"jenmendoza","7","6","13"
"Jeperies","6","7","13"
"jeremiasznovak","6","7","13"
"jesperc11","5","8","13"
"JesperVinge","6","7","13"
"Jessugutierrez","6","7","13"
"JESUS_POPKOV","6","7","13"
"JesusIsLordAndKing7","6","7","13"
"jeyetaak","6","7","13"
"jfouche","6","7","13"
"Jgef","7","6","13"
"Jhammered","7","6","13"
"jhojann","7","6","13"
"JhonasChess","7","6","13"
"Jhonblack","7","6","13"
"Ji-tae","7","6","13"
"jiexa_m","7","6","13"
"jimmytheredknight","7","6","13"
"JINJ0","7","6","13"
"jjgard","8","5","13"
"jkobs","6","7","13"
"JLALGA","7","6","13"
"JLAMPA","8","5","13"
"JLTSandwich","7","6","13"
"joanarev","7","6","13"
"joe4rrfg","6","7","13"
"joebouncing","7","6","13"
"Joelk88","7","6","13"
"joewes","7","6","13"
"JohanChess01","7","6","13"
"Johighness","7","6","13"
"JohnBagalawis","8","5","13"
"JohnF28","7","6","13"
"Johnmccombs","7","6","13"
"Johnny-awesome","6","7","13"
"JohnnyKelowna","7","6","13"
"Johnsylver","7","6","13"
"jokob0","6","7","13"
"Jonatan_Raul_Joe","7","6","13"
"joncass","8","5","13"
"Joneshassent","7","6","13"
"jonny_en","5","8","13"
"jonny_h","7","6","13"
"jonsholt","6","7","13"
"jorditom","6","7","13"
"JorgeAbarca2013","7","6","13"
"jorgino27","7","6","13"
"Jose_Luis94","6","7","13"
"Jose961","7","6","13"
"JoselSC","6","7","13"
"josephm123","7","6","13"
"Josepjordi","7","6","13"
"josh_ok","7","6","13"
"Jossuexp","6","7","13"
"jousef2080","6","7","13"
"joyofstatic","8","5","13"
"Jozz2","7","6","13"
"Jpallep","6","7","13"
"jpiguave","7","6","13"
"jrab227","7","6","13"
"JrdanDz","7","6","13"
"jrobi6","7","6","13"
"jsaldanavzz","6","7","13"
"jt44","6","7","13"
"jtbs","7","6","13"
"jtrane","6","7","13"
"JTyy","6","7","13"
"Juan-Pablo-1414","8","5","13"
"Juanni","6","7","13"
"Juannnnnnn","7","6","13"
"juans1810","6","7","13"
"Juantas","7","6","13"
"Jub-Jub-Bouvier","8","5","13"
"Jude1500","7","6","13"
"JudgementNutEnd","8","5","13"
"judiacatolica","7","6","13"
"JugadorAgresivo666","6","7","13"
"Juguem0s","8","5","13"
"JULIAG2010J","6","7","13"
"Julian2056","7","6","13"
"JulianProleiko","6","7","13"
"Julio_Benitez","6","7","13"
"jupiterboy","6","7","13"
"JURCAMA","6","7","13"
"Just_GuiDo_It","6","7","13"
"JustPlayBullet","7","6","13"
"JustSparky","6","7","13"
"jutanboy","6","7","13"
"jvalis","7","6","13"
"jvfdtvbhgxc","5","8","13"
"K_Dawg","6","7","13"
"kaanoz1414","6","7","13"
"Kaarelplay","6","7","13"
"Kabongo","7","6","13"
"Kaedy_e","6","7","13"
"kafka815","6","7","13"
"Kahdu1","6","7","13"
"kai0604","5","8","13"
"Kairatkost1986","6","7","13"
"kaisenreal","7","6","13"
"Kajsan","6","7","13"
"KAK_TAK_TO__O_o","7","6","13"
"kalemim","7","6","13"
"Kalinsa18","7","6","13"
"kamaka11","7","6","13"
"kamikuza","6","7","13"
"kamilchik04","7","6","13"
"Kamoliddin98","6","7","13"
"Kamoljon702","7","6","13"
"kamrat","8","5","13"
"kanhasidar","5","8","13"
"kap100","5","8","13"
"Karateloru","7","6","13"
"KarenNino","7","6","13"
"Karibou07","7","6","13"
"Karl3141618","7","6","13"
"karlfcb","6","7","13"
"Karlos0810","6","7","13"
"karlv2020","6","7","13"
"kartemuz","7","6","13"
"kartfull","6","7","13"
"karthik_masterschess","6","7","13"
"Karthikaya_prasanth","7","6","13"
"Kartika91","7","6","13"
"kartikey92","7","6","13"
"karuna_bora","8","5","13"
"Kasi68","6","7","13"
"kaskavel","7","6","13"
"kasraarabi","7","6","13"
"Kassy0802","7","6","13"
"kastst","6","7","13"
"KATASTR0FA","6","7","13"
"KatharsisChess","6","7","13"
"KatkaZ","6","7","13"
"Kaya_ru","6","7","13"
"kayampov","5","8","13"
"kayoni","5","8","13"
"kayraguler8","7","6","13"
"kccj","7","6","13"
"KcePL","7","6","13"
"KCR_123","6","7","13"
"kd12222","7","6","13"
"KD6-3-7","6","7","13"
"KeepMovingBr","6","7","13"
"Keikou","6","7","13"
"kemi123","6","7","13"
"KEMO019","6","7","13"
"Kemotheking","7","6","13"
"kenan54","7","6","13"
"KenannaneK","6","7","13"
"Kenji9","7","6","13"
"Kennybenny7777","7","6","13"
"kennyq22","6","7","13"
"Kenon3","8","5","13"
"kenota","6","7","13"
"KentsTents","7","6","13"
"Kenula_Wijepala","7","6","13"
"KepalaBatu","6","7","13"
"kese1972","7","6","13"
"keskinferdi","7","6","13"
"KEV0301","6","7","13"
"Kevbomb","7","6","13"
"Kevin_Ashshidiqie","7","6","13"
"keypath","6","7","13"
"Kgn1111","7","6","13"
"kgzz1","6","7","13"
"khairy1000","6","7","13"
"KHALID_NORZAI1978","8","5","13"
"khammes","7","6","13"
"khanhchoico","5","8","13"
"khatami-h14001111","6","7","13"
"Khatben","6","7","13"
"Khodan","7","6","13"
"kidjezzel","6","7","13"
"kiidmthoBisi123","7","6","13"
"Kikokoki","5","8","13"
"kil1mi","7","6","13"
"KilenSnickers","8","5","13"
"kilicmert","7","6","13"
"Killboredom","7","6","13"
"killerfuchs8","6","7","13"
"killerooknight","7","6","13"
"KimSoeun","6","7","13"
"kinderlow","5","8","13"
"King_Boss","6","7","13"
"king_mark","9","4","13"
"King_Nilesh","5","8","13"
"King_Top","7","6","13"
"KingArthurSV","7","6","13"
"kingboard19","6","7","13"
"kingdavid1011","6","7","13"
"kingkenny2580","5","8","13"
"KingKiritu","5","8","13"
"KingKnight001","5","8","13"
"KingQbert","6","7","13"
"KingsBluff","6","7","13"
"kingshambit","7","6","13"
"kingsizeali","7","6","13"
"Kingskilla","7","6","13"
"KiPviC","6","7","13"
"KisicDanilo","6","7","13"
"Kistirella","6","7","13"
"kisufaj","7","6","13"
"Kjanka85","6","7","13"
"kjxilasudfhaiuskldfj","6","7","13"
"kklimek","7","6","13"
"Kkofia","7","6","13"
"Kkpro2021","7","6","13"
"klapco","6","7","13"
"klassiker1","7","6","13"
"klikklakBEN","7","6","13"
"KmikeKhab","6","7","13"
"kmoaly","7","6","13"
"kmokmo","6","7","13"
"knatwila","6","7","13"
"KnightsAreMyWeakness","7","6","13"
"Knockkkknockw","6","7","13"
"KnoxJM","6","7","13"
"kobalt-00","7","6","13"
"Kobayashi_99","7","6","13"
"kobe12312312312","5","8","13"
"kochs_fridge","6","7","13"
"Koerschi","7","6","13"
"kolaras","7","6","13"
"kolfo","7","6","13"
"komeilganbarzade","6","7","13"
"Komissar_Shatalin","7","6","13"
"Kon_Krytoi","6","7","13"
"konepelaaja","7","6","13"
"KonradKLK","6","7","13"
"konsaltman","7","6","13"
"Konstantin_GL","6","7","13"
"KookieKoala","6","7","13"
"kopa851","8","5","13"
"Korneel_S","5","8","13"
"Korostel","7","6","13"
"korushpishva","6","7","13"
"kosko31","7","6","13"
"kostasbaburas","7","6","13"
"KOTIKAKBAS13","6","7","13"
"Kotip1","6","7","13"
"Kotsalat1","7","6","13"
"koup","6","7","13"
"Kovalev_Vitaly","6","7","13"
"koventpro","7","6","13"
"kozyablo","7","6","13"
"kpj","7","6","13"
"kramink-86","7","6","13"
"kramnik77","7","6","13"
"krazyMonk","7","6","13"
"Kreisligaspieler","6","7","13"
"Krikkeb","7","6","13"
"KristianEkman","7","6","13"
"Kristofer92","6","7","13"
"Kriyak","6","7","13"
"kronpeter","7","6","13"
"kronzborg","6","7","13"
"KRRU","6","7","13"
"Krupal_bid","7","6","13"
"Krystofferus","7","6","13"
"krzysio290","6","7","13"
"Ksa123","7","6","13"
"ksakkos","7","6","13"
"ksanda","6","7","13"
"ksella","6","7","13"
"kskqshdh","7","6","13"
"KudaTroya212","8","5","13"
"Kudryavtsev_Boris","5","8","13"
"kuestor","6","7","13"
"Kujo10","5","8","13"
"KUKI6070","7","6","13"
"kukla77","7","6","13"
"kumarp","7","6","13"
"kumarRk","7","6","13"
"kumbestyle","7","6","13"
"KunalSingh231","7","6","13"
"kunkkutapsa","7","6","13"
"kursaal79","6","7","13"
"kurt16116","6","7","13"
"Kurumilover69","6","7","13"
"Kutay91","6","7","13"
"kute234","6","7","13"
"kuttappy","6","7","13"
"kuzeyasiken","7","6","13"
"Kuzu_pirzola","7","6","13"
"KvrkSml","6","7","13"
"Kylejacksontx","7","6","13"
"L30_D3L","5","8","13"
"LabebeAngara","7","6","13"
"labestia95","6","7","13"
"Labyrinthos","7","6","13"
"laddoo","6","7","13"
"LaDea01","8","5","13"
"LaHamle","6","7","13"
"Lahnstein","9","4","13"
"LAJALENE","6","7","13"
"Lakrod","6","7","13"
"lanap7","6","7","13"
"lancdubois","7","6","13"
"Langobarden","7","6","13"
"laniakea89","6","7","13"
"lanzpaulqt","7","6","13"
"Lapsap008","8","5","13"
"LAPSU5","8","5","13"
"Lareina7887","8","5","13"
"Large_stone","7","6","13"
"larryswanson","6","7","13"
"Lars747","7","6","13"
"Lasalleballer32","7","6","13"
"lasky97","6","7","13"
"LASTYASTY","6","7","13"
"latifimus","7","6","13"
"Latoniis","5","8","13"
"Laurensschaakmat","6","7","13"
"Laurent09","6","7","13"
"Laurin_2009","7","6","13"
"Laurinhalim","7","6","13"
"lavr64","5","8","13"
"Layone","7","6","13"
"Laziel","6","7","13"
"lchuza_otro","7","6","13"
"LCondeM","6","7","13"
"LeafyBennett","6","7","13"
"Leafybug303","7","6","13"
"Learn2PlayChess17","6","7","13"
"lebarb","7","6","13"
"LeboucherdelaCour","6","7","13"
"LEBPlayer33","7","6","13"
"Lebser58","7","6","13"
"lecoste","6","7","13"
"Lecter79","6","7","13"
"lee833","7","6","13"
"Lefty1987","6","7","13"
"Legende87","6","7","13"
"LeIouch-vi-Britannia","5","8","13"
"Leka75","6","7","13"
"Leksindo","7","6","13"
"lele_oliveira","6","7","13"
"Leminhquang2022","6","7","13"
"Lemsu","6","7","13"
"leoajedrez","6","7","13"
"leon79","6","7","13"
"LeonardoCR","6","7","13"
"LeonelRios","7","6","13"
"Leonid13rus","7","6","13"
"leonildolopes222","5","8","13"
"leopogerar","6","7","13"
"Lepid","8","5","13"
"leqso03","6","7","13"
"Leroystein","8","5","13"
"LesdokDROX","7","6","13"
"lesuslug","5","8","13"
"let-me_win-pls","6","7","13"
"Letho_bubbles","7","6","13"
"Leuzay","7","6","13"
"levchikbullet","7","6","13"
"Levinezj","6","7","13"
"levon_dzhan","6","7","13"
"Lewis79","6","7","13"
"Lexa120788","7","6","13"
"LiAlexChess","5","8","13"
"Liamyum","6","7","13"
"libcelmartinez","6","7","13"
"lidiera","7","6","13"
"lifechange","7","6","13"
"lifeisagamehuh","6","7","13"
"lifeoftactician","6","7","13"
"Lightning_knight","6","7","13"
"lightningarrow1","7","6","13"
"liherm","8","5","13"
"Lilisan","7","6","13"
"lilraymun","7","6","13"
"Limitlessmaster32","7","6","13"
"Limmadimm","6","7","13"
"limpack","6","7","13"
"link8436","7","6","13"
"lipoUK","6","7","13"
"LisandroGomez3Jaques","8","5","13"
"listik_2010","6","7","13"
"Litich","6","7","13"
"litt3r","6","7","13"
"Livanchetti","7","6","13"
"lizardinho","7","6","13"
"ljpeg","7","6","13"
"llanerazo2020","6","7","13"
"LNDTheChesser","6","7","13"
"localpro228","6","7","13"
"Loch_ess","6","7","13"
"LODUlalitt","7","6","13"
"Logan_rsk","7","6","13"
"Logan0039","6","7","13"
"LogicBook","6","7","13"
"Lokojake","6","7","13"
"Loksaid","8","5","13"
"Lolounger","7","6","13"
"Lombinsky","7","6","13"
"Lone_wolf10000","6","7","13"
"LOOSER619","6","7","13"
"Lopuh99","7","6","13"
"Lord_Beilish","7","6","13"
"Lord_Proper","6","7","13"
"LordHunterGER","6","7","13"
"los_calibra","7","6","13"
"Loshpedrus","7","6","13"
"losing_losing_losing","6","7","13"
"lostdwarf","7","6","13"
"Louayfre","5","8","13"
"lovac1980","7","6","13"
"Lovag","6","7","13"
"Love_Honor_Chess64","6","7","13"
"Lovedrop","6","7","13"
"LoveUrSelfBro","7","6","13"
"lplplplplp715","7","6","13"
"lrocode","5","8","13"
"lsms91","6","7","13"
"lu-tze","6","7","13"
"lucaspit","7","6","13"
"luchoff92","7","6","13"
"lucianoelrey","7","6","13"
"Lucio91","6","7","13"
"luckyi","7","6","13"
"luckykienboy","6","7","13"
"Luggash","5","8","13"
"Luis0","6","7","13"
"luisfi","7","6","13"
"LuisValle1604","7","6","13"
"Luiz_bonimcontro","7","6","13"
"luiz_sato","6","7","13"
"Luiz2015","6","7","13"
"luizfernandoalves","6","7","13"
"LukasCoffee","7","6","13"
"luluhehe","6","7","13"
"Luntingen","6","7","13"
"LupusNick","6","7","13"
"Lur15","7","6","13"
"lursusl","7","6","13"
"LuukDeGrote","6","7","13"
"luxik","6","7","13"
"LynKox","6","7","13"
"LyoshaNati","6","7","13"
"M_e_zo","6","7","13"
"M_HendrikF","7","6","13"
"M_Mahroos","7","6","13"
"m_shark","6","7","13"
"m0kus","7","6","13"
"M2666","7","6","13"
"m3rk","6","7","13"
"M477s","6","7","13"
"m69rahmandust","6","7","13"
"ma1975","6","7","13"
"mabesmabes","7","6","13"
"maccarthaigh","8","5","13"
"machatanor","7","6","13"
"Machiavellly","6","7","13"
"Mack-T","6","7","13"
"MacMilan_TR","6","7","13"
"mactrey","7","6","13"
"madatojo","5","8","13"
"madhavvemuri","7","6","13"
"MadiVerso","6","7","13"
"Mafec116","6","7","13"
"Maga747","6","7","13"
"Maggern","5","8","13"
"maghsoodi","8","5","13"
"Magicomatias","7","6","13"
"magneviktor","7","6","13"
"magnifying","6","7","13"
"Magnus_bestll","6","7","13"
"MagzyPotato","6","7","13"
"Mahavelona","6","7","13"
"Mahi321","6","7","13"
"Mahir0xbadcode","7","6","13"
"Mahouli","7","6","13"
"Maikage","7","6","13"
"Makine41","8","5","13"
"Makma08","7","6","13"
"Maksimov_Egor_2012","6","7","13"
"Malawi_06","6","7","13"
"Malbuch","7","6","13"
"Malibu2020","7","6","13"
"MAljijazy","6","7","13"
"malkocserkan","7","6","13"
"mallor1","7","6","13"
"Mama228696969","8","5","13"
"Mamjuna","8","5","13"
"mammadovv7","6","7","13"
"Mamontmamont","7","6","13"
"mananshah212","7","6","13"
"manchon","6","7","13"
"Mandau99_MCS","7","6","13"
"MandauTerbang","7","6","13"
"Mandrom","7","6","13"
"mangorsi08","7","6","13"
"Maniisshhh","7","6","13"
"manojkumarg1","6","7","13"
"manolinux","6","7","13"
"manu_hnr","7","6","13"
"Manuel_L","6","7","13"
"manuelalb_1947","7","6","13"
"ManuelRB20","6","7","13"
"mao_sz","6","7","13"
"Mapache0222","7","6","13"
"MaraiiKnights","7","6","13"
"marcdeyvis","6","7","13"
"marcel27","6","7","13"
"marcel391","7","6","13"
"Marcelopov","5","8","13"
"MarcJacob","6","7","13"
"marcolov","6","7","13"
"Marcus91","8","5","13"
"MarekPOL","7","6","13"
"mariannamartinez","6","7","13"
"marianpiticut29","6","7","13"
"marijana121","8","5","13"
"marincharte","6","7","13"
"marinz","7","6","13"
"mario_joaquin","7","6","13"
"Mariokz","7","6","13"
"MaritaGranda","7","6","13"
"markast","6","7","13"
"markb0716","6","7","13"
"Markcenko","6","7","13"
"Market_003","7","6","13"
"markin52","7","6","13"
"markjesterdelos","5","8","13"
"markmarkedymarkmark","7","6","13"
"marko_trigg","7","6","13"
"Marseille2","6","7","13"
"marticheck","7","6","13"
"marty1_CZ","6","7","13"
"Marya_Gajova","7","6","13"
"mashane1","7","6","13"
"Masolla","6","7","13"
"Maspadin","7","6","13"
"mastertodd","7","6","13"
"masuhelman","7","6","13"
"Matias_Sanders","6","7","13"
"Matiichuk_Aleksander","6","7","13"
"matorko","6","7","13"
"matt012493","6","7","13"
"mattcarter","7","6","13"
"MatteoPitza","6","7","13"
"Matthewsone","7","6","13"
"Matthias19700","6","7","13"
"mattmarsh323","8","5","13"
"MAVERICK2205","7","6","13"
"maviii07","8","5","13"
"Mavorion","6","7","13"
"Max_Biryukov","8","5","13"
"Max09","7","6","13"
"Maxementium","7","6","13"
"maxfrei","7","6","13"
"MaxiBlitzz","6","7","13"
"Maxim142","7","6","13"
"Maxim7B","7","6","13"
"Maximus__Decimus","6","7","13"
"maxiswagg","8","5","13"
"Maxope","7","6","13"
"MAXPAPST","8","5","13"
"Maxwello_o","6","7","13"
"Mayank_jh","7","6","13"
"Mayankkochar7","6","7","13"
"mayarr","6","7","13"
"maydey","7","6","13"
"Mayis1997","6","7","13"
"Mazeem","6","7","13"
"Mazykin125","7","6","13"
"Mbo_weakplayer1","7","6","13"
"mdcoolily","6","7","13"
"Medico1809","6","7","13"
"MegaPatator","5","8","13"
"Mehdi1347","7","6","13"
"mehdiseidabadi","7","6","13"
"mehmetbalyemez","7","6","13"
"Mehrnoosh786","6","7","13"
"mellamoluis","7","6","13"
"melo1998","6","7","13"
"MEMEENTO","7","6","13"
"MEmory07","7","6","13"
"mendu8055","5","8","13"
"Menestre","5","8","13"
"Meninotoneca","8","5","13"
"meowmanboi","7","6","13"
"Meponeburro","5","8","13"
"Merdjani","8","5","13"
"Mergen0","7","6","13"
"merlin989","7","6","13"
"Meshif","8","5","13"
"MEssyPlayerS","6","7","13"
"MeSwingSword","6","7","13"
"metehanaltinkaya","7","6","13"
"methamph","7","6","13"
"metinbagci","6","7","13"
"MeysamKarimi","7","6","13"
"Meysamtb1372","7","6","13"
"mezarkabul1","7","6","13"
"Mezo_chess_90","6","7","13"
"MFAlvarez1959","6","7","13"
"Mgaines1","7","6","13"
"mgh2005","6","7","13"
"mgrossb","7","6","13"
"mguit","5","8","13"
"Mhdr1986","8","5","13"
"mi00kard","7","6","13"
"miaad654","8","5","13"
"MiaHamm","6","7","13"
"Miawrr","6","7","13"
"Michael_Bag","7","6","13"
"Michael_Merriweather","8","5","13"
"michalmx2","6","7","13"
"michel66","7","6","13"
"mick3l","6","7","13"
"Micmacher","6","7","13"
"miguelfc","5","8","13"
"mihaSik21","7","6","13"
"MiiGr","6","7","13"
"MikaVerLeth","8","5","13"
"Mike1212","7","6","13"
"mike2763","7","6","13"
"mikebeagle","7","6","13"
"mikesback","6","7","13"
"mikevalila","6","7","13"
"MikiMiata","7","6","13"
"Milan04ka","8","5","13"
"milbca","7","6","13"
"Milchkafi","6","7","13"
"MILYJOHN","7","6","13"
"minaskevork","6","7","13"
"Minecraftado","6","7","13"
"minigunpunk212","7","6","13"
"minimot","6","7","13"
"Mira165","6","7","13"
"mirage007","7","6","13"
"mirii22","6","7","13"
"Miseg","6","7","13"
"Misha2835","6","7","13"
"mishan","4","9","13"
"Misk123","7","6","13"
"misssilent74","8","5","13"
"Mister_Connor","6","7","13"
"misterGROAR","6","7","13"
"mistika2019","6","7","13"
"Mitridates_IV","6","7","13"
"Mizoguchi_Yorisuke","6","7","13"
"MJaf","7","6","13"
"mjs8","7","6","13"
"MKchess2","6","7","13"
"mkk1","8","5","13"
"mm_1","6","7","13"
"Mm27","6","7","13"
"MM71","6","7","13"
"mmd_mahdi","7","6","13"
"mmss109","7","6","13"
"MockingBird212","5","8","13"
"ModestasK","6","7","13"
"MogzyBogous","7","6","13"
"Moha_Majary","6","7","13"
"mohaaboeata","7","6","13"
"Mohamed_38","7","6","13"
"Mohameddidal","6","7","13"
"mohammad-Monzer","7","6","13"
"Mohammed_alhanini","7","6","13"
"mohammed1234","6","7","13"
"MOHAMMEDALHAYEK","6","7","13"
"Mohannadaj","7","6","13"
"moia71","6","7","13"
"monchoserantes","6","7","13"
"monhor","5","8","13"
"monkbychoice","6","7","13"
"Monnem","5","8","13"
"Montestorr","7","6","13"
"montuchess","7","6","13"
"Moobin","7","6","13"
"mood112","6","7","13"
"Moonraker65","7","6","13"
"mophethe","6","7","13"
"mopolomolo","7","6","13"
"morepatience","6","7","13"
"morevikrant","6","7","13"
"morgenikus","6","7","13"
"Morgulcoolboy","6","7","13"
"Moritz0405","6","7","13"
"Morlok","7","6","13"
"MORNAR1","6","7","13"
"morning063","6","7","13"
"Mortyir1983","6","7","13"
"Mostafa_Nasr","6","7","13"
"mostafa_taha","7","6","13"
"mostafa1626","6","7","13"
"mostafa8989","7","6","13"
"Mostafabll","5","8","13"
"MOTAKASE-19","7","6","13"
"motorcyclist","7","6","13"
"motulu","6","7","13"
"mountedpython","7","6","13"
"mozil23","6","7","13"
"Mpaphi","7","6","13"
"Mr_Ash7","6","7","13"
"Mr_Hobohm","7","6","13"
"Mr_Legend","7","6","13"
"Mr_Rook","6","7","13"
"mrandred","7","6","13"
"mrbchess","7","6","13"
"MrCyclon","6","7","13"
"mrdamanation","7","6","13"
"MrDupin","6","7","13"
"MrDuuucky","7","6","13"
"MrEggoff","6","7","13"
"mrhawrylciw","7","6","13"
"MrLWright","7","6","13"
"mrm007","7","6","13"
"MrOfenkaese","6","7","13"
"MrPearsonKES","7","6","13"
"MrPiggy-Bank","6","7","13"
"MrRob0t","6","7","13"
"MRS_Magnificent","7","6","13"
"MrTata","7","6","13"
"MrWinWon","7","6","13"
"mtilli","6","7","13"
"MTimon","5","8","13"
"mtraldi","7","6","13"
"Mu1992","6","7","13"
"muawy","6","7","13"
"Mugiwara_ya_ya","6","7","13"
"muha81","6","7","13"
"Muhammad_sira2013","6","7","13"
"muhammadabdullahamr","6","7","13"
"MukulKhamayacha","5","8","13"
"MuratGunbay19","6","7","13"
"MurrLean","7","6","13"
"muskmalon","6","7","13"
"MustaA7","9","4","13"
"mustafaergan","7","6","13"
"mustas","7","6","13"
"mut_inda","8","5","13"
"Mutniy_strah","8","5","13"
"MuzEka","6","7","13"
"Mwamba-JUNI0R","7","6","13"
"mxm09","7","6","13"
"Myasar23ELZ","6","7","13"
"MyChess_lps","7","6","13"
"mychess4ever","6","7","13"
"myman","7","6","13"
"N3v3rG1veUp","7","6","13"
"nabbysh","7","6","13"
"NADER37","6","7","13"
"NaderSobhan","6","7","13"
"Nafiz13","6","7","13"
"nagendra_singh","8","5","13"
"NagsHead","6","7","13"
"NaHbReeH","6","7","13"
"NamanChhabaria","7","6","13"
"nami1234","6","7","13"
"namikaziii","7","6","13"
"namissiz","7","6","13"
"NamNguuuu","7","6","13"
"Nanannnn","7","6","13"
"nanomena","7","6","13"
"Nanosim","7","6","13"
"nanotek_red","6","7","13"
"napieterku","7","6","13"
"narcysa","7","6","13"
"naskki","7","6","13"
"Nassar2252000","6","7","13"
"NATIV0","7","6","13"
"Natonik","6","7","13"
"Naveen_8971","6","7","13"
"naveen_bhimireddy","7","6","13"
"Navid23234","6","7","13"
"navidof","6","7","13"
"NAVIN23","6","7","13"
"nawwfel","7","6","13"
"NCRAM2","7","6","13"
"ndabahagamye1","6","7","13"
"ndryvrbv","6","7","13"
"near_ai","8","5","13"
"nebulo89","7","6","13"
"neferty","6","7","13"
"nelis05","5","8","13"
"NelsonXebro54","6","7","13"
"Nemo2002","6","7","13"
"neorod","7","6","13"
"Nesen_roman","6","7","13"
"Nessie0808","6","7","13"
"Nestorio5","8","5","13"
"nevergiveup11","7","6","13"
"nevpopad","7","6","13"
"newelectricity","7","6","13"
"newswatch","7","6","13"
"newton87","7","6","13"
"nexusmate","8","5","13"
"Nhan0907","7","6","13"
"nhor27","7","6","13"
"nicann","8","5","13"
"nick_jrw","6","7","13"
"Nico-del-oeste","7","6","13"
"NicoBpirata","7","6","13"
"nicolasavendano","7","6","13"
"nicoraoul","6","7","13"
"nicosasa","7","6","13"
"nightghost8","6","7","13"
"Nightmare777791","6","7","13"
"NightPie","7","6","13"
"nijkamp","7","6","13"
"Nika2023ch","7","6","13"
"Nikari","6","7","13"
"NIKE1990","6","7","13"
"nikhil0111","7","6","13"
"nikikirov","7","6","13"
"nikillkumaar","6","7","13"
"Nikita_Lugovoy","7","6","13"
"nikitaleonchik","7","6","13"
"NikitaLv25","7","6","13"
"NikkDm","7","6","13"
"Nikolayiy","6","7","13"
"NikolayMarch","7","6","13"
"Nilly302","6","7","13"
"nimdaa","7","6","13"
"Nimzonellowitsch","6","7","13"
"nipun19","6","7","13"
"Nirab_saikia","7","6","13"
"nischlos","6","7","13"
"Nissay2800","7","6","13"
"nmstr","6","7","13"
"nnonn","7","6","13"
"no_sql","6","7","13"
"Nocturn_FCB","8","5","13"
"noelopmx55","6","7","13"
"NoKonsekvens","6","7","13"
"noleTaff","6","7","13"
"Nomadic_George","7","6","13"
"nomellamo","6","7","13"
"nonoche42","6","7","13"
"Noobie_99","7","6","13"
"Norwin30","6","7","13"
"nory31","6","7","13"
"Norzhun","6","7","13"
"notabeaver","6","7","13"
"notalama","6","7","13"
"NotBrazilian","7","6","13"
"noti_boyK","7","6","13"
"notthikaru","7","6","13"
"nownaim","5","8","13"
"Nozar","6","7","13"
"NP_QBRK","6","7","13"
"NP99","7","6","13"
"NsdLOSAHm","6","7","13"
"NT313","7","6","13"
"Nuceleus","6","7","13"
"nuKs","7","6","13"
"NumeroOneMaster","6","7","13"
"Nurgali92","6","7","13"
"NurilHudaMustofa","6","7","13"
"nurlan_iron","6","7","13"
"Nurmukhametov","6","7","13"
"nurqasehimani","6","7","13"
"Nusky","7","6","13"
"Nyakallo","8","5","13"
"nyambik","7","6","13"
"o4w","7","6","13"
"oa85","7","6","13"
"Oaschlochkorl","6","7","13"
"oatvt","6","7","13"
"obanna","6","7","13"
"OBgm","6","7","13"
"obiSuruh","6","7","13"
"OceanMan03","7","6","13"
"Octodian","6","7","13"
"Odins","7","6","13"
"odlando","5","8","13"
"Odontomyia","7","6","13"
"OF_native","6","7","13"
"oferglick","7","6","13"
"OH_N0_MY_QUEEN","7","6","13"
"oh1","7","6","13"
"ojordan2308","5","8","13"
"ok6968","6","7","13"
"Okeyximo","6","7","13"
"okubao","6","7","13"
"oldhillel","6","7","13"
"OldPadawan","5","8","13"
"olegpakchess","5","8","13"
"Oleksiy_Gross","7","6","13"
"OmarDeeb911","8","5","13"
"omarend","8","5","13"
"omargard","7","6","13"
"omarsameh16","6","7","13"
"omgcake","6","7","13"
"OMMHOA","6","7","13"
"Omnes","7","6","13"
"Omnimodofacturus","5","8","13"
"Omran_eeeee","6","7","13"
"once96","6","7","13"
"oncudeniz","8","5","13"
"Ondrya","7","6","13"
"One_rush","6","7","13"
"one_trick_pony","7","6","13"
"onickpires","6","7","13"
"onlykinq24","6","7","13"
"onurk83","6","7","13"
"onurulken","7","6","13"
"OPaco13","6","7","13"
"opboy12","6","7","13"
"OpeningsBot","8","5","13"
"OperYpolnomochenny_7","6","7","13"
"oracle599","6","7","13"
"orang_pendek","6","7","13"
"orangbarulagi","6","7","13"
"oratoa","6","7","13"
"ORB404","6","7","13"
"orcunc","7","6","13"
"ordinary-man","7","6","13"
"Orhan-Matzir","7","6","13"
"ORiquelme","6","7","13"
"OrlSan","6","7","13"
"ornek1903","7","6","13"
"orsol","7","6","13"
"orutra10bar","7","6","13"
"oscarmex45","7","6","13"
"OskarKrt","7","6","13"
"OskarWerner","7","6","13"
"Osman3560","6","7","13"
"Osman4242","6","7","13"
"OsmiumGolem","5","8","13"
"Ossyriss","6","7","13"
"Ostap_Bender88","6","7","13"
"Ostervogel","6","7","13"
"Osva1","6","7","13"
"otrogeronimo","8","5","13"
"OuEstLaBalle","7","6","13"
"ours-mal-lecher","7","6","13"
"oussamabouha1408","7","6","13"
"OVIP","6","7","13"
"Oxytoon","6","7","13"
"oyranden","6","7","13"
"ozcnkazoluk","8","5","13"
"ozert","7","6","13"
"ozkan61","7","6","13"
"OZKANKOC21","7","6","13"
"ozkansyh","7","6","13"
"p0onlord","7","6","13"
"p3rr0x","6","7","13"
"pa8rsa8","6","7","13"
"paavopaavo","7","6","13"
"Pablii-7","7","6","13"
"pablo2007zed","8","5","13"
"Pablomol","6","7","13"
"Padovanez","5","8","13"
"Padser","6","7","13"
"palan22","5","8","13"
"Palashpriyachess","6","7","13"
"Pampraveen","6","7","13"
"pandadansi24","7","6","13"
"Pangra","7","6","13"
"panic11","6","7","13"
"PanMech","6","7","13"
"PAns26","6","7","13"
"PapaiFoguete","7","6","13"
"Papangu2020","6","7","13"
"papiji","6","7","13"
"Papoto","6","7","13"
"papsycho","6","7","13"
"parkplayer87","7","6","13"
"parray","8","5","13"
"parshu47831","7","6","13"
"PartOfTheProblem","6","7","13"
"Parvinder1220","7","6","13"
"paschalaliozor","7","6","13"
"Pasili","7","6","13"
"Paspaa","7","6","13"
"pasqualjugaalsescacs","6","7","13"
"PatPoker","7","6","13"
"Patron29","6","7","13"
"PatronDimon","6","7","13"
"patrono","7","6","13"
"PattyOB","6","7","13"
"patygod15","7","6","13"
"Paul2006","7","6","13"
"Paultnt","7","6","13"
"Pavel_Trushkin","7","6","13"
"Pavelvich","6","7","13"
"PavelZadov","7","6","13"
"Pawel_esc","6","7","13"
"Pawel-lewkowicz","7","6","13"
"Pawellllo","6","7","13"
"PawnStarFreddy","6","7","13"
"Pcd_123","6","7","13"
"peacekeeper82","7","6","13"
"pebles027","7","6","13"
"peda97","7","6","13"
"Pedjatron","7","6","13"
"Pedrto03","7","6","13"
"pedsneurodoc","6","7","13"
"Peenoise","7","6","13"
"PEGASUS_2329","7","6","13"
"Peonilandia","6","7","13"
"peperon","6","7","13"
"Pepslees","7","6","13"
"perebla","7","6","13"
"pergaeta","6","7","13"
"pericoxyz","5","8","13"
"perikles812000","7","6","13"
"perseo1971","6","7","13"
"peskywabbit","7","6","13"
"peterhoang93","6","7","13"
"Peterxf","7","6","13"
"petrem56","7","6","13"
"PGV90","8","5","13"
"Phathatwo84","7","6","13"
"PhilCastle","7","6","13"
"phillars101","7","6","13"
"Philmon91","6","7","13"
"Phungquan113","7","6","13"
"phytech","6","7","13"
"PIERESPIRITU_S1HYO","7","6","13"
"PIF85","7","6","13"
"Piffero1986","6","7","13"
"pikeras","5","8","13"
"pikouzator","7","6","13"
"pilottan","8","5","13"
"pinatturbo","6","7","13"
"PineappleandPartners","6","7","13"
"pinto55","7","6","13"
"Pinuno","7","6","13"
"piranpara","7","6","13"
"pirocu","6","7","13"
"Pita_Alonie","7","6","13"
"Piticlin","6","7","13"
"piwaz","8","5","13"
"piyuku7","6","7","13"
"PkGuy","6","7","13"
"pl4nuts","7","6","13"
"Placeaidan99","7","6","13"
"PlannedEconomy","6","7","13"
"planomene","7","6","13"
"Ploi80","7","6","13"
"PLQB","6","7","13"
"PLUTO_MOONKNIGHT","6","7","13"
"plZnotmyqueen","6","7","13"
"pmegar","7","6","13"
"pockelmann","7","6","13"
"Podshibikhin","8","5","13"
"pokemon42","6","7","13"
"polinominom","8","5","13"
"Polish","7","6","13"
"POLITRUK77777","7","6","13"
"PolnyiAV","6","7","13"
"Polovnikovv","7","6","13"
"pom53","6","7","13"
"PomadaPraAssadura","6","7","13"
"pommzie","6","7","13"
"Pontiuspilatus18769","6","7","13"
"popcorn96","7","6","13"
"Porifera","7","6","13"
"pornocu21","7","6","13"
"portalplumber","6","7","13"
"possiblypanget","7","6","13"
"Potang7171","6","7","13"
"Potkonjak","5","8","13"
"Pottle362","6","7","13"
"POWER_FIST","6","7","13"
"POWOP","7","6","13"
"prabhari","7","6","13"
"prajwalkore007","7","6","13"
"Pranav_Chandak","6","7","13"
"pranjalatolia","6","7","13"
"prasanna97","7","6","13"
"prasopes","7","6","13"
"prathamchess11","8","5","13"
"prathamesh1","6","7","13"
"Prathamgada","6","7","13"
"pravindahal","6","7","13"
"preclik","8","5","13"
"premsai80","7","6","13"
"PrestoPassant","7","6","13"
"pritam_upadhyay","6","7","13"
"Priyanshu1502","6","7","13"
"PrizrakSatany","7","6","13"
"Probroker82","7","6","13"
"ProfessorOfDefense","7","6","13"
"Profi2904","6","7","13"
"proGraMMar","6","7","13"
"proKnight64","5","8","13"
"prokof","7","6","13"
"Prometeo2013","6","7","13"
"Prosikito3","6","7","13"
"prospero06","6","7","13"
"Protocrate","6","7","13"
"protozoa2019","6","7","13"
"Proudbuckeye","7","6","13"
"Psycho_boi","6","7","13"
"ptr_62","6","7","13"
"pudge_bog","6","7","13"
"PuffShroom","6","7","13"
"pulquijuan","6","7","13"
"Pungsten","8","5","13"
"PunisherBunny","6","7","13"
"pushkar260","7","6","13"
"puzledgullyy","7","6","13"
"Pvkkvp","7","6","13"
"pvladimir","6","7","13"
"PythagoreanTriple","6","7","13"
"Pyushkin","7","6","13"
"Qiyaam","6","7","13"
"qocaman","8","5","13"
"QTipPoker","6","7","13"
"Quaresma77","6","7","13"
"quasar23","7","6","13"
"Qubeski","7","6","13"
"Queenarmy","5","8","13"
"Queenbach","6","7","13"
"QueenOfTheMultiVerse","6","7","13"
"Quellkartoffeln","7","6","13"
"Quickword","5","8","13"
"Quilga","7","6","13"
"Quisqueyano","7","6","13"
"Qwas_igl","6","7","13"
"qwerfgh","7","6","13"
"R0LLINGST0NES","7","6","13"
"r0tt0","7","6","13"
"Ra911","7","6","13"
"Rabanal","7","6","13"
"Rabindra000","7","6","13"
"racout135","7","6","13"
"radegast1","7","6","13"
"RadekRides","6","7","13"
"Radin03","6","7","13"
"Rady0","6","7","13"
"rafael98141704","6","7","13"
"RafaelJRM","6","7","13"
"RafaZepeda","6","7","13"
"Raft14","7","6","13"
"ragab0","7","6","13"
"Ragggbjun","7","6","13"
"Ragzzz","6","7","13"
"rahulp123","6","7","13"
"RaimundPopper","8","5","13"
"raitan","8","5","13"
"Raj2178","7","6","13"
"Raj787","6","7","13"
"RajMithun","7","6","13"
"Raldi0","6","7","13"
"ralgob","6","7","13"
"ramana2","7","6","13"
"Ramazan_Alp","7","6","13"
"RamBhat","5","8","13"
"rameshgchinesepepper","7","6","13"
"raminglzd","7","6","13"
"ramir0ck","7","6","13"
"ramle","8","5","13"
"Ramosopat","7","6","13"
"ramruz","7","6","13"
"Rancho88","7","6","13"
"raoofsob","6","7","13"
"RareFishInvestor","7","6","13"
"Rasalgul","6","7","13"
"rasool_moh","7","6","13"
"rasoulmirak1985","6","7","13"
"RatkovicP","7","6","13"
"raulitocarrillo2022","7","6","13"
"Ravi28","7","6","13"
"raviscn","6","7","13"
"raviverma","7","6","13"
"RayquazaWasAWizard","7","6","13"
"Razin_Alexey","6","7","13"
"razorarc","8","5","13"
"rcinhere","7","6","13"
"rdarapu","5","8","13"
"RdZq2310","7","6","13"
"rea11","7","6","13"
"real101chess","7","6","13"
"realbossjan","6","7","13"
"realmatrice","6","7","13"
"realPioneer","7","6","13"
"REALREALREAL","6","7","13"
"rebel_rebel","5","8","13"
"Rec-Tim","6","7","13"
"redx55","5","8","13"
"reendreener254","6","7","13"
"Regalwitch","6","7","13"
"reggy","7","6","13"
"regiakb","7","6","13"
"Reinover1","7","6","13"
"rejmou","7","6","13"
"RelaxinVibes","6","7","13"
"Rember280714","6","7","13"
"Repaksto","6","7","13"
"repbl4","6","7","13"
"Resilienz76","6","7","13"
"Restartus","7","6","13"
"Retornaire","6","7","13"
"Rex89","8","5","13"
"RexDisa","7","6","13"
"ReyDeRoma","7","6","13"
"REZA_chess123","6","7","13"
"rgsnatzke","6","7","13"
"rhbqkbhr","6","7","13"
"rHeGiEsTeR","8","5","13"
"rhubarb3","7","6","13"
"Riadh19","6","7","13"
"RicardoAleixo","6","7","13"
"RICARDOALEXANDER","6","7","13"
"ricardolsen02","6","7","13"
"RicardoPP","6","7","13"
"richiew","6","7","13"
"Richware70","7","6","13"
"riesel","6","7","13"
"Rijulwa","6","7","13"
"rikomakpato","6","7","13"
"rikopollo","6","7","13"
"Rinig","6","7","13"
"riotcontrol","6","7","13"
"Rishabh_122003","6","7","13"
"rishabhplays","8","5","13"
"Rishikesh16","7","6","13"
"ritesh_chamlate","6","7","13"
"rithwik_manu","7","6","13"
"riunwp","6","7","13"
"rizalakamal","7","6","13"
"rjekker","6","7","13"
"Rjlc10","6","7","13"
"rmorera","7","6","13"
"RNC","7","6","13"
"RoadTo2000_walter","6","7","13"
"Robalc","5","8","13"
"Robert_de_Warano","6","7","13"
"RoberthGA","6","7","13"
"Roberto_DG9","6","7","13"
"Roberto1961","6","7","13"
"RoBeX-NiC-NiC","7","6","13"
"Robicar","6","7","13"
"Rocest","6","7","13"
"Rockforr","7","6","13"
"Rockstar95","7","6","13"
"rocky_rockstar_111","7","6","13"
"Rocky12102007","7","6","13"
"rockyGi","6","7","13"
"roddrick850","7","6","13"
"Rodolfo_Paxtor_GUAT","6","7","13"
"Rodranir","7","6","13"
"Rodrigobsr","6","7","13"
"Rogodogoro","6","7","13"
"rogue_one123","6","7","13"
"rohith30","6","7","13"
"rohkoh","7","6","13"
"RohovAlex","7","6","13"
"roi2016","6","7","13"
"Rolando_Costello","6","7","13"
"rollofan","6","7","13"
"RollTide86","6","7","13"
"Roma2332","7","6","13"
"RomaJi01","7","6","13"
"Roman_Safarov","6","7","13"
"Roman888_0","5","8","13"
"Romanooo","6","7","13"
"Rommelpressing","8","5","13"
"RonaldCrisanto","7","6","13"
"ronddaa","9","4","13"
"Rooena","6","7","13"
"Rookless11","5","8","13"
"RookQueens","7","6","13"
"Roozbeh6486","7","6","13"
"rosebud1h","7","6","13"
"rossdw","6","7","13"
"Rosse15","7","6","13"
"Royalchessdeluxe","5","8","13"
"rpfeynman","6","7","13"
"Rscooter","7","6","13"
"rubberhen","8","5","13"
"RubenAlonsoGonzalez","7","6","13"
"Rubenstein1","6","7","13"
"rulfster","6","7","13"
"rupsadbgm","7","6","13"
"ruscomp","6","7","13"
"ruslanrosso","6","7","13"
"rusmanenko777","6","7","13"
"rviking777","6","7","13"
"rwildernessr","6","7","13"
"Ryan_house82","7","6","13"
"RyanRajesh","6","7","13"
"s_sugiarto","6","7","13"
"S1niestro","6","7","13"
"S357943313589","5","8","13"
"s4d_scum","6","7","13"
"Saarwarrior","7","6","13"
"Sabantekeci","7","6","13"
"sabir2001a2442","6","7","13"
"sabpap","7","6","13"
"sacrificequeen-tal","6","7","13"
"sadecegeciyorum","6","7","13"
"saikheshmadhav","6","7","13"
"saitmaop","7","6","13"
"Sakura_ttt","5","8","13"
"SalihBenlice","6","7","13"
"salimovic","6","7","13"
"Saloed88","6","7","13"
"Sambeckk","6","7","13"
"sambram","7","6","13"
"sambyrne99","6","7","13"
"Samos73","6","7","13"
"samozzy123","6","7","13"
"sampiyonefe","7","6","13"
"Samvel_888","6","7","13"
"Samyar_jarideh","9","4","13"
"sanasaumya","6","7","13"
"Sand_Jork","7","6","13"
"Sane4k","7","6","13"
"Sangan","7","6","13"
"SanitizeU","7","6","13"
"SanMarinoo","7","6","13"
"santiagozelaya","7","6","13"
"SantosIgor","7","6","13"
"Santu3295","7","6","13"
"Sapfir12345678","6","7","13"
"SapperDeKriek","6","7","13"
"sapta12","8","5","13"
"Sar-thak","7","6","13"
"Saransuga","6","7","13"
"Saredna","7","6","13"
"saribekyantaron","6","7","13"
"sarthak69","8","5","13"
"sashaCE","7","6","13"
"satsat","7","6","13"
"satyamchess04","7","6","13"
"sauber163","6","7","13"
"Saule001","6","7","13"
"SaulRichman","6","7","13"
"Savard27","7","6","13"
"Savo1r","6","7","13"
"SawSamuelSanHnit","8","5","13"
"sayaAmatir","6","7","13"
"sayannag23","4","9","13"
"Sayonara0001","7","6","13"
"SayWhatAgain","8","5","13"
"Sazik","6","7","13"
"sbmark23","7","6","13"
"Sbss_MC","7","6","13"
"scacchi1965","5","8","13"
"scandinavian11","6","7","13"
"Scanor1","7","6","13"
"scarfo609","6","7","13"
"Scarsissimo78","5","8","13"
"Schach123457","7","6","13"
"schachandmatt","6","7","13"
"schachfieber","5","8","13"
"schachmattze","6","7","13"
"Schachnoob-Nachschub","5","8","13"
"schachueli","5","8","13"
"Schepotin","6","7","13"
"schiaffo_matto","7","6","13"
"Schrano","7","6","13"
"schreder80","7","6","13"
"Schwum","6","7","13"
"Scrunders","6","7","13"
"seansmithjr","7","6","13"
"seathemoose","7","6","13"
"Seb_Brno","6","7","13"
"Sebfrance","6","7","13"
"Sebica23","6","7","13"
"Sechas","7","6","13"
"sedxto","7","6","13"
"SEEKER006","8","5","13"
"SeemingIsDeceiving","6","7","13"
"segomo","6","7","13"
"selobiyo","7","6","13"
"Semmathe","6","7","13"
"Senay_B","7","6","13"
"Senbond","7","6","13"
"Sending","7","6","13"
"Senkabala","6","7","13"
"sentua","6","7","13"
"Sepanak","7","6","13"
"serb_molotoff","6","7","13"
"Serg305","5","8","13"
"SergeevVladislav","6","7","13"
"sergelenbat","6","7","13"
"Sergey_nikolaevich01","6","7","13"
"SergeySavchenko","7","6","13"
"Sergio-Urias","7","6","13"
"sergioabarca79","7","6","13"
"SergioT62","7","6","13"
"SergiykoNemyiboroda","7","6","13"
"Sergo_777","7","6","13"
"sergo6996","6","7","13"
"sergol","6","7","13"
"SerhiiKovalenko","6","7","13"
"Serhio23","6","7","13"
"Serjoga95","6","7","13"
"serkan1980serkan","7","6","13"
"servetaydemir","6","7","13"
"SeSe404","8","5","13"
"sesilu29","7","6","13"
"Sethmibandara","7","6","13"
"Sethsito","7","6","13"
"Seyhanngumus","6","7","13"
"SFianchetto","7","6","13"
"sfister66","6","7","13"
"sg8400","7","6","13"
"shaashwathk","6","7","13"
"shadjian","7","6","13"
"Shadowalker009","6","7","13"
"ShadyPrince1995","6","7","13"
"shafeiao","6","7","13"
"shah1492","6","7","13"
"ShahCzarCapoSultan","7","6","13"
"Shahirochka","5","8","13"
"shahryarfathi","7","6","13"
"Shajid321","7","6","13"
"shaolin037","6","7","13"
"sharp_87","7","6","13"
"shashank_bgs_123","7","6","13"
"sheecko","8","5","13"
"Sheezrax","7","6","13"
"SherifBerry","6","7","13"
"Shhuishe","6","7","13"
"ShireGuardian","7","6","13"
"Shivam10ag","8","5","13"
"shivansh007","7","6","13"
"shkampor","6","7","13"
"Shlok_g06","6","7","13"
"Shloobinstein","7","6","13"
"Shofukan","7","6","13"
"shokov","6","7","13"
"Shourya_S-09","6","7","13"
"showstopper_ger","7","6","13"
"shubham_jain277","7","6","13"
"shyamdas101","6","7","13"
"ShyKidd","6","7","13"
"sickskills1993","6","7","13"
"sid01","7","6","13"
"sidi12345","6","7","13"
"SidiKs","7","6","13"
"sidney-jr","7","6","13"
"Sidorov58","6","7","13"
"SierraCharriba","7","6","13"
"SifaNurum","6","7","13"
"Sigarini","7","6","13"
"sikilmisgoztepe","6","7","13"
"SilenceInCSection","6","7","13"
"SilentDeath789","7","6","13"
"silusha","7","6","13"
"silverblaize","7","6","13"
"sim0nt","7","6","13"
"Simbatomik_09","7","6","13"
"Simcha-k","7","6","13"
"simmerschmack","6","7","13"
"SimonxD123qt","7","6","13"
"simplchss","6","7","13"
"Sinaj10","7","6","13"
"SinclairRostislav","6","7","13"
"singularitet","6","7","13"
"siphobaloyi2000","7","6","13"
"SirBrian","6","7","13"
"SirDeelan_uj","8","5","13"
"SixShooter04","7","6","13"
"SJ0809","6","7","13"
"sJ13_sAngAmfEsT2022","5","8","13"
"sj24","4","9","13"
"sjr","6","7","13"
"skifforK","7","6","13"
"SkodaFelicia99","6","7","13"
"Skotnik","6","7","13"
"skprajkumar","7","6","13"
"skylistampeli","6","7","13"
"Slarti_die_Erste","7","6","13"
"Slava_ZSU","6","7","13"
"slawa-23","7","6","13"
"slim254","7","6","13"
"sloncegoracee","6","7","13"
"slushatel73","7","6","13"
"smail1371","6","7","13"
"small_PP_energy","7","6","13"
"SmallEmrah","6","7","13"
"SmartpantsMcGee","7","6","13"
"SMirsky","7","6","13"
"Smithereens916","8","5","13"
"SMockingbird","6","7","13"
"smsoccer","7","6","13"
"snape0","6","7","13"
"sniperhearts","5","8","13"
"Sofa228","8","5","13"
"Softsam","6","7","13"
"sohan1234567","6","7","13"
"soitbig","7","6","13"
"sokolenkZR","7","6","13"
"Solomon1974","7","6","13"
"some_crap","7","6","13"
"SomeBelgianKid","7","6","13"
"somebodyelse7","7","6","13"
"SometimesAdequate","6","7","13"
"sonictrooper22","7","6","13"
"Sor_ram99","6","7","13"
"Sorean","7","6","13"
"sosiska74","7","6","13"
"Soul0ne","7","6","13"
"SoulShakinTex","5","8","13"
"soundchaser2112","7","6","13"
"Souschefchess","6","7","13"
"soviet_1917","7","6","13"
"Space1999","4","9","13"
"spacecob59000","7","6","13"
"spadedeuce","7","6","13"
"SpaghettiWolf","7","6","13"
"sparky234","7","6","13"
"spearfisher","6","7","13"
"SpendYourRaitingOnMe","6","7","13"
"spiderman1964","8","5","13"
"Spidershadow","6","7","13"
"spinner1997","6","7","13"
"Spiral_Ham","4","9","13"
"SpookyJimSock","6","7","13"
"spring80","7","6","13"
"Springerine","7","6","13"
"springtimefrog","7","6","13"
"Sputnik83","7","6","13"
"sputnikzar","6","7","13"
"spvoron","7","6","13"
"squirrelfish","6","7","13"
"squirrelosopher","7","6","13"
"squrtoslav","7","6","13"
"sreegora","7","6","13"
"Sreekanth0024","7","6","13"
"Sreya_balaji","5","8","13"
"Srivatsa1565","7","6","13"
"srkramasamy","7","6","13"
"Sroy17","7","6","13"
"srs5","6","7","13"
"sscorpion9991","7","6","13"
"St4ck3","8","5","13"
"Staalanden","7","6","13"
"Stainless_Chess","7","6","13"
"stainslous","5","8","13"
"stalemateyes","5","8","13"
"StallionR1","7","6","13"
"Stamel","6","7","13"
"stanfor","7","6","13"
"StanislavD","6","7","13"
"Stanleytime","6","7","13"
"starting_2002","6","7","13"
"StaticApnea","6","7","13"
"stefania-dim","6","7","13"
"stein60","7","6","13"
"Stepan_Kuznecov","7","6","13"
"Stephanie_go","6","7","13"
"sterlingcooper","7","6","13"
"Steuermann01","6","7","13"
"Steve_Malacura16","7","6","13"
"SteveLawson","7","6","13"
"SteveManU","7","6","13"
"stewart_amazing","6","7","13"
"sthammons","7","6","13"
"stimmtso","6","7","13"
"stimpetroleo","7","6","13"
"STING_17-12","6","7","13"
"StjarnornasFred","6","7","13"
"stoegge","5","8","13"
"STSP37","8","5","13"
"student68","5","8","13"
"studytimechess","6","7","13"
"StuMR","5","8","13"
"StupidChessRobot","5","8","13"
"Stuppieeeeeee","6","7","13"
"styletoss","7","6","13"
"Stype87","6","7","13"
"su_n_flower","6","7","13"
"SUATSENGOL","6","7","13"
"subith","8","5","13"
"Sudneo","7","6","13"
"sudr474t","6","7","13"
"SujeetKumarlkr","6","7","13"
"Sukriti","6","7","13"
"sulfaz","8","5","13"
"sultaaaaaan","6","7","13"
"Suluit","7","6","13"
"sunilkaushik4120","7","6","13"
"SunIndia","7","6","13"
"SuperMegaGarry","6","7","13"
"superplayerr","7","6","13"
"SUPERSDG","7","6","13"
"Supertoast","7","6","13"
"SUPREME_KING_X","7","6","13"
"surdev","6","7","13"
"Surprise-mat","7","6","13"
"SuryDude","6","7","13"
"Suvari16","6","7","13"
"Suxrob0207","6","7","13"
"Svamirama","7","6","13"
"Svarog47","6","7","13"
"svarschik1","7","6","13"
"svna01","7","6","13"
"svvvv","7","6","13"
"SwampyThing","6","7","13"
"Swedish_Lara","6","7","13"
"sweetcream","7","6","13"
"Sweetness_34","5","8","13"
"Swissy","6","7","13"
"SWlFTYY","7","6","13"
"syamil_mudzakir","7","6","13"
"SYED_UBED","7","6","13"
"Syrrl","6","7","13"
"Szachy_z_yerbom","7","6","13"
"szegedalegjobb","7","6","13"
"Szlapson","6","7","13"
"szutsmester","6","7","13"
"Szymaski-53","7","6","13"
"SzymonP78","7","6","13"
"T-KID","6","7","13"
"t0xxic","6","7","13"
"T1ighttighttight","6","7","13"
"TadeoFp","7","6","13"
"taha220","7","6","13"
"taheraliaade","7","6","13"
"Tahersmidi77","5","8","13"
"tahsinaltuun","6","7","13"
"Tairelza","6","7","13"
"taka6s6","6","7","13"
"tal122","6","7","13"
"talctofrank","6","7","13"
"Taminos","6","7","13"
"TanAHP","7","6","13"
"tancredi1123","7","6","13"
"tank4455","7","6","13"
"Tantana2023","6","7","13"
"tanzids","7","6","13"
"Tarung2989","6","7","13"
"Tastwer","7","6","13"
"Tatiss_K","8","5","13"
"tatucu","7","6","13"
"Taxavoider","6","7","13"
"taxidriver1","6","7","13"
"Taylqr","7","6","13"
"TAYONUNGAZABI2","5","8","13"
"tb_ax","5","8","13"
"tcadguy","6","7","13"
"tdutreui","6","7","13"
"Teafour","6","7","13"
"TebelloX","7","6","13"
"Technotum","8","5","13"
"Tegmiles","6","7","13"
"tehayk","6","7","13"
"TejaTheDon","6","7","13"
"tekayevshatlyk","5","8","13"
"temamx","6","7","13"
"teowyz77","7","6","13"
"terjer","5","8","13"
"Tertojen","6","7","13"
"Teygif","6","7","13"
"Tezzy_n1","7","6","13"
"tfuaah","5","8","13"
"Thaar99","6","7","13"
"thamiran","7","6","13"
"Thats_M8","7","6","13"
"thatsjusthowifeel","7","6","13"
"thayspetacular","7","6","13"
"The_Avalanche","6","7","13"
"the_blankbandit","6","7","13"
"The_Dragon_Slayer","6","7","13"
"The_f1rst33","5","8","13"
"The_Nb4","6","7","13"
"the_ultimate","6","7","13"
"TheAtlantica","6","7","13"
"theblackbishop","7","6","13"
"thecoder97","6","7","13"
"thedarkwarkcavalier","6","7","13"
"TheDavidClark22","6","7","13"
"TheEpicEric","7","6","13"
"TheFatherIsOn","5","8","13"
"TheForkMafia","6","7","13"
"thekidrob","7","6","13"
"TheLastMachine","6","7","13"
"TheMagicianFromRome0","7","6","13"
"theodd","7","6","13"
"TheRealDealBTCH","7","6","13"
"theriserider93","4","9","13"
"thesamman42","7","6","13"
"TheSeaDiver","6","7","13"
"TheSharkie","7","6","13"
"TheStranger89","7","6","13"
"TheToni","6","7","13"
"TheTurner12","8","5","13"
"TheUltimateChess","6","7","13"
"thewall79","6","7","13"
"TheWyatt12","6","7","13"
"thinkinghardbrain","6","7","13"
"Thinkschmink","5","8","13"
"thirstygnat","6","7","13"
"ThisIsMisheck","6","7","13"
"thomas44","6","7","13"
"thomcool","6","7","13"
"thorthugnasty","7","6","13"
"thouseefgis","5","8","13"
"throbbert","7","6","13"
"ThulaniSfundo","6","7","13"
"thunder164","8","5","13"
"ThundeRrStorm","6","7","13"
"Ticko1","8","5","13"
"ticomarques","8","5","13"
"Tigran_Movsesyan2006","7","6","13"
"TihonBro","7","6","13"
"tilak143","4","9","13"
"TimaS","6","7","13"
"TimBstn","5","8","13"
"TimofeyKH","7","6","13"
"timwang38","7","6","13"
"TimzyAD","6","7","13"
"Tinaeintracht","6","7","13"
"Tisch294","8","5","13"
"TismaVelemajstor","6","7","13"
"TitaniumPlayer492003","7","6","13"
"Tiwiz9","8","5","13"
"TJ_74","6","7","13"
"Tjalle","6","7","13"
"tjawe","6","7","13"
"Tjtofu","6","7","13"
"Tleshev_Nariman","6","7","13"
"tmorsy123","8","5","13"
"TMphelps","7","6","13"
"to7m","5","8","13"
"Toastvernichter","6","7","13"
"tobbeking","5","8","13"
"Tobeor1997","7","6","13"
"Tobias_Schueller","4","9","13"
"tohidmaghsoudi","7","6","13"
"toivokuula","6","7","13"
"Toksik46","7","6","13"
"Tom_Sheldon","6","7","13"
"tomassino144","6","7","13"
"TomasSosa","7","6","13"
"Tomijayo","6","7","13"
"TomMarquardt","6","7","13"
"tommi1999","6","7","13"
"tommyzac","7","6","13"
"Tomnick","7","6","13"
"TOMNS","7","6","13"
"tonrovbetterversion","7","6","13"
"tony007","7","6","13"
"Tonystarkandpepper","6","7","13"
"TonyYak","6","7","13"
"TooWeakAndSlowToday","6","7","13"
"tophatter","6","7","13"
"topher872","6","7","13"
"Torgil","7","6","13"
"TORPEDA-07","7","6","13"
"TorreEboli","5","8","13"
"Torvikzito","7","6","13"
"TOSUN41","6","7","13"
"tounsi1","5","8","13"
"tournament2580","6","7","13"
"Tovarishch_Ecilop","6","7","13"
"tpkal","7","6","13"
"Tr1o","7","6","13"
"tragakanti","7","6","13"
"TranAnhTri","7","6","13"
"trashl0rd3","5","8","13"
"TRDOSAY","7","6","13"
"TrefilovDmitry88","7","6","13"
"Trejo6","6","7","13"
"TRGB","9","4","13"
"Tri_32","6","7","13"
"Trick_Boy","7","6","13"
"TriggerKrish","8","5","13"
"trkrsrkr","7","6","13"
"trogon67","7","6","13"
"TrojanX","7","6","13"
"trokhilos","6","7","13"
"TroyOunce","6","7","13"
"trueffel_95","7","6","13"
"TrueSiberianBear","7","6","13"
"Truetatin","6","7","13"
"trungcbhpp01","8","5","13"
"tsourelaki","7","6","13"
"TsukaNaut","8","5","13"
"tsunami6141","6","7","13"
"Tugaichess","6","7","13"
"tugrado","7","6","13"
"TukoWorksMzeiya","8","5","13"
"turbinist","6","7","13"
"TurkerPasHa","7","6","13"
"turkishcoffee","7","6","13"
"Turkut","6","7","13"
"turkyani","8","5","13"
"tusemmesut","7","6","13"
"tushar555","7","6","13"
"tusiu81","7","6","13"
"Tuzunbil","7","6","13"
"twayde","6","7","13"
"txd078","6","7","13"
"txf82","6","7","13"
"Tyrell_2023","7","6","13"
"u-cell","7","6","13"
"Ubojica","5","8","13"
"Udaykiran3618","6","7","13"
"uebak337","7","6","13"
"Ugansk_hmao","7","6","13"
"ujju9","8","5","13"
"Ukbha","6","7","13"
"Ulitka_na_sklone","7","6","13"
"UltimateDad","7","6","13"
"UltraUhuu","7","6","13"
"ulyopnik232223232","6","7","13"
"Umar_aka","8","5","13"
"umutkorijeli","7","6","13"
"unaloon","5","8","13"
"underachiever838","6","7","13"
"ungeschlagenseit0min","6","7","13"
"universfritz","7","6","13"
"Unknown_P3rs0n23013","7","6","13"
"untitled_master28","6","7","13"
"urbanwarrior3558","7","6","13"
"urpel","7","6","13"
"UrsTruely","8","5","13"
"UserVKO","6","7","13"
"USGroup1","7","6","13"
"Usmanns","7","6","13"
"Usuariox_123","6","7","13"
"UvarkinTim","6","7","13"
"uzerche","6","7","13"
"V_Eugene186","7","6","13"
"V_potoke_absolute_89","6","7","13"
"V-oltinash32","6","7","13"
"v1ct0r_01","6","7","13"
"v2k1988","6","7","13"
"VadersBarber","8","5","13"
"Vagoff","7","6","13"
"Vahe91","6","7","13"
"vahitb","7","6","13"
"vaibhavsharmav777","7","6","13"
"Vaiolnd","7","6","13"
"vajjala2","6","7","13"
"ValentinAnais","10","3","13"
"ValgameDios","7","6","13"
"ValleyOfTheKings","7","6","13"
"Valquiria_DAVE","7","6","13"
"Valthonis","8","5","13"
"vanidad1","8","5","13"
"VannyHill","6","7","13"
"Vanoer","6","7","13"
"VanWorden","7","6","13"
"variatie","5","8","13"
"vcion","6","7","13"
"Veerapandi1","7","6","13"
"VeerYoddha88","7","6","13"
"venkkatesrau","7","6","13"
"verybigbang","7","6","13"
"vghq","6","7","13"
"vgwhitewins","6","7","13"
"vhwa","7","6","13"
"VianaVie","6","7","13"
"VICDR","7","6","13"
"Victor19999","7","6","13"
"Victorterror1","7","6","13"
"victorybobr007","8","5","13"
"vigues2015","8","5","13"
"VikChaos","8","5","13"
"vikingpride","7","6","13"
"vikrammm","5","8","13"
"Viktor_Grib","6","7","13"
"ViktorKozhinov","7","6","13"
"villo123","6","7","13"
"vilmantas13","7","6","13"
"Vilter3214","7","6","13"
"vimun","7","6","13"
"Vincedcar","8","5","13"
"Vincer777","6","7","13"
"vinko60","6","7","13"
"viplovec1","8","5","13"
"Virenz","6","7","13"
"Vishn00gupta","6","7","13"
"vishnu99vardhan","7","6","13"
"vishy_washy_tactics","7","6","13"
"viswajitht","6","7","13"
"vit_3131","7","6","13"
"Vitalik25","6","7","13"
"VitezSudbine","6","7","13"
"vithan","6","7","13"
"VIVEK12300","5","8","13"
"vkgupta103","7","6","13"
"vlad006","6","7","13"
"Vladimir2929","7","6","13"
"vladimirlv","6","7","13"
"vladnel","6","7","13"
"VlalaV","6","7","13"
"Vlaleksa","8","5","13"
"vol74ire","7","6","13"
"voland9999","7","6","13"
"volkankaraali1977","6","7","13"
"volpefurba","6","7","13"
"Vonbroten","7","6","13"
"vonUndZuAufgegabelt","7","6","13"
"Vor113","6","7","13"
"Vova1987D","7","6","13"
"vovan7777","8","5","13"
"vovankerch78","6","7","13"
"voyager77","7","6","13"
"Vukkan","6","7","13"
"vvduc0104","6","7","13"
"vvinz","6","7","13"
"VVoronov","6","7","13"
"wagiji","6","7","13"
"WagonBB","7","6","13"
"WaitingBalloon","7","6","13"
"Walance","5","8","13"
"waldolopez","6","7","13"
"Waleed-1982","7","6","13"
"Walklass10","6","7","13"
"WalturPPK","6","7","13"
"wanna_be_grandmaster","6","7","13"
"wannagetout","6","7","13"
"wantJoy","7","6","13"
"Wardell_lewis54","6","7","13"
"Wasp_Nest_3","5","8","13"
"Waston95","6","7","13"
"watcher1307","7","6","13"
"Waxen","6","7","13"
"wdntndhlp","8","5","13"
"weaksquare4","7","6","13"
"Weizenic","8","5","13"
"wekoo778","6","7","13"
"Welat88","7","6","13"
"Welato","6","7","13"
"weNeedMoreVespeneGas","7","6","13"
"Wertu-tu","7","6","13"
"Wezhira","7","6","13"
"wgmmasna","7","6","13"
"WGSujith","8","5","13"
"whem","7","6","13"
"white-pieces","7","6","13"
"Whiteangel2001","6","7","13"
"WhiteKnightArmy","9","4","13"
"whiteroom01","5","8","13"
"WhiteStar0202","7","6","13"
"whois8thpresident","6","7","13"
"Whoisjohngalt13","7","6","13"
"Why_I_Am_Panicking","5","8","13"
"WickedTribe","7","6","13"
"wied","6","7","13"
"WiktormDm","7","6","13"
"wilhiam","7","6","13"
"willhatch","6","7","13"
"willie4","6","7","13"
"willsvale1","7","6","13"
"willzen89","7","6","13"
"Wimati","6","7","13"
"Winchun","7","6","13"
"Winner_9000","7","6","13"
"winteriscoming10","6","7","13"
"Wintherbone","6","7","13"
"Wissem10","7","6","13"
"wlll","7","6","13"
"woa2010","7","6","13"
"Wobber","6","7","13"
"wodmart","7","6","13"
"Woldo123","7","6","13"
"wolf1509","6","7","13"
"wolfmaster","6","7","13"
"wordarch","6","7","13"
"workiya","7","6","13"
"wormhole5","6","7","13"
"WouterGrys","7","6","13"
"woyaoshishi","6","7","13"
"WrestlerCan","6","7","13"
"WssDoors","6","7","13"
"Wylowind","6","7","13"
"X1234567","7","6","13"
"Xacmoul3","8","5","13"
"xavixd","6","7","13"
"xChespin","7","6","13"
"xflaqmeman","5","8","13"
"Xiao_ling_tong","8","5","13"
"Xiped","7","6","13"
"Xirimoyo","8","5","13"
"xmai","7","6","13"
"Xoteck","6","7","13"
"xpredo","7","6","13"
"xT9n","6","7","13"
"xTecto","7","6","13"
"xtof974","6","7","13"
"Xuyanxuyan","6","7","13"
"XxXmysticsXxX","5","8","13"
"xzy1","6","7","13"
"YA_TAMAL","5","8","13"
"yadumaleur","6","7","13"
"yahoo91","6","7","13"
"yairgoz","7","6","13"
"yak777","6","7","13"
"Yakamate","6","7","13"
"Yaksh1649","7","6","13"
"yandyotano","6","7","13"
"Yanhaiochessfriend","7","6","13"
"yannikov","7","6","13"
"YanSG","6","7","13"
"yarenben","6","7","13"
"YaroslavHignak","6","7","13"
"Yashket","6","7","13"
"YashMauryalol","5","8","13"
"Yasitha","8","5","13"
"yasupers","6","7","13"
"YavuzDoganChess","7","6","13"
"yeahhans","7","6","13"
"yedidyay","8","5","13"
"yehudadwi","7","6","13"
"Yell0wY0shi","6","7","13"
"YesWeCaroKann","7","6","13"
"yeungadrian","8","5","13"
"yeyeck","6","7","13"
"yhanki07","6","7","13"
"YigitBagatur13","6","7","13"
"Yitianzhang","5","8","13"
"Ylawer23","7","6","13"
"ylllAcTuK","8","5","13"
"ymoiseyev","7","6","13"
"yoav1955","5","8","13"
"Yohan-Steve","7","6","13"
"Yolokid2927","6","7","13"
"YOLPAKI3O","6","7","13"
"yopper77","6","7","13"
"yordan08","7","6","13"
"Yotehagomate","7","6","13"
"YouAreWretchedDude","6","7","13"
"youlost1way","6","7","13"
"YourSilentKnight","8","5","13"
"yousef2025h","6","7","13"
"Youssofateen","6","7","13"
"Yoyokkp3","7","6","13"
"ysmforyou","7","6","13"
"yuanwari","5","8","13"
"yungblaze","6","7","13"
"Yura94","6","7","13"
"YusufAyazElverdi","6","7","13"
"yuuki-asuna","7","6","13"
"Yvan_Scr","7","6","13"
"yyr_7","6","7","13"
"Z3m410z004","6","7","13"
"zafarini","6","7","13"
"zagizag","5","8","13"
"Zaiasron","7","6","13"
"ZaidSabti","6","7","13"
"zale22","7","6","13"
"zambonizaddy2021","7","6","13"
"Zanasahmat","7","6","13"
"Zarinjo","7","6","13"
"ZarkoAlRey","7","6","13"
"zedOdin","7","6","13"
"zekeboedo","7","6","13"
"ZeMaN777","6","7","13"
"zempudsafi333","7","6","13"
"zenDjin","6","7","13"
"Zener_diode7","6","7","13"
"zenewbe","6","7","13"
"ZenyMaster","6","7","13"
"ZeroTwoNone","7","6","13"
"zetalight","7","6","13"
"zetroretro","6","7","13"
"Zevatha","6","7","13"
"zezux","6","7","13"
"zh17","7","6","13"
"Zhabchuk","7","6","13"
"Zhani","6","7","13"
"ZhekaPutnik","6","7","13"
"zhivkokasabov","7","6","13"
"Zibimeister3","8","5","13"
"zigipha","7","6","13"
"ZigonNiyazi","7","6","13"
"zikov","7","6","13"
"ziodariozz","7","6","13"
"Zivah","7","6","13"
"ZizoooB","7","6","13"
"zlarkisz","6","7","13"
"znagler","6","7","13"
"ZoooperDan","6","7","13"
"zoranardalic","6","7","13"
"Zorrona_Del_Carmen","7","6","13"
"zoupzoup06","7","6","13"
"zouzou123gen","6","7","13"
"ZradaGdd","7","6","13"
"zsbhutta","6","7","13"
"zub7","7","6","13"
"Zugdon","7","6","13"
"ZupJup","7","6","13"
"Zurgook","7","6","13"
"zVedat","6","7","13"
"Zyngalamaduni","6","7","13"
"A_Boyraz","7","5","12"
"A_Danila","6","6","12"
"A_Fresh_Start_389","7","5","12"
"A_K9","7","5","12"
"A_Lot_of_Birds","7","5","12"
"A_mamdouh","6","6","12"
"a_normal_user","6","6","12"
"A_Shihabi","6","6","12"
"a-re-se","8","4","12"
"A11659","6","6","12"
"a13alinnnn","7","5","12"
"a19961","6","6","12"
"a29_fa","6","6","12"
"A3ju","6","6","12"
"A62360708DIEGO","6","6","12"
"a7_a5","5","7","12"
"AA_NoName","6","6","12"
"aaa_bbb","6","6","12"
"aadvaark","7","5","12"
"AaFfBb98","6","6","12"
"aalbbb","6","6","12"
"Aalejo10002412421","5","7","12"
"Aaravpk123","6","6","12"
"Aarshjha36","7","5","12"
"Aarushbajoria","7","5","12"
"AASHISHK824","8","4","12"
"Aasif_Raza","7","5","12"
"Aatulaya","5","7","12"
"Ab_Astra","6","6","12"
"ab_olfazl_139090","7","5","12"
"ab0baa","7","5","12"
"ab745","6","6","12"
"abanob_micheal","7","5","12"
"Abata_6","7","5","12"
"Abdallah_malik","5","7","12"
"Abdelrahman600","7","5","12"
"abdennour31","5","7","12"
"AbdIsmail","6","6","12"
"Abdul-Rafay","6","6","12"
"abdulahalmasry","6","6","12"
"AbdulKarim2537","5","7","12"
"aBdulLah80","5","7","12"
"Abdullh_jlel","6","6","12"
"AbellaD","7","5","12"
"abhi205abc","6","6","12"
"Abhichess23","6","6","12"
"Abhinav704","5","7","12"
"abhiP08","7","5","12"
"Abhyudaya123","5","7","12"
"abomalkk","6","6","12"
"Abood_12345","5","7","12"
"aboutaleb","6","6","12"
"aboyazan22","7","5","12"
"Abuwasdenn","6","6","12"
"AcaGornjiMilanovac","6","6","12"
"AcaiChess","6","6","12"
"AccountantsAdvisor","5","7","12"
"Ace_Estimate","6","6","12"
"Achanich","6","6","12"
"adahan2010","5","7","12"
"adalbertos","6","6","12"
"adam_fabelous","5","7","12"
"AdamBirstein","7","5","12"
"adamnaji","7","5","12"
"adamzinho","6","6","12"
"additri2018","6","6","12"
"AdeanjoDaniel","6","6","12"
"Adhall98","5","7","12"
"adi_maun","6","6","12"
"Adin0919","6","6","12"
"AdityaPawaskar","7","5","12"
"Adkk3028","5","7","12"
"ado1284","4","8","12"
"adrian3101","6","6","12"
"ADRIK19GANE19","6","6","12"
"AEL9806575266","7","5","12"
"Aemir34","6","6","12"
"aerastic","4","8","12"
"Aeriy","7","5","12"
"Aey4434","4","8","12"
"AfifDarda02","6","6","12"
"Aftonian","6","6","12"
"agbarakiller","6","6","12"
"AgentRook","6","6","12"
"agglikh","5","7","12"
"agiraldo","6","6","12"
"agusto0785","5","7","12"
"agustotranquilo","6","6","12"
"ah_cz","6","6","12"
"ahaider20chess","6","6","12"
"ahmadsakhleh","6","6","12"
"Ahmed_Fouad97","6","6","12"
"AhmedAdelelsherqawy","6","6","12"
"AhmedMutairi","6","6","12"
"Ahmednada13","6","6","12"
"ahmedosamaofficial","6","6","12"
"AhmetDemirci","6","6","12"
"ahmetkucukikiz","6","6","12"
"Aideo","5","7","12"
"aim4thequeen","6","6","12"
"Aimed","6","6","12"
"Aipa","6","6","12"
"ajm1234","6","6","12"
"ajthoor","7","5","12"
"AK_Konstrukta_30","6","6","12"
"akakios777","6","6","12"
"aKashiiiiiii","6","6","12"
"akbarghafary","5","7","12"
"akbarmustafakulov","6","6","12"
"akin00","7","5","12"
"akinovak","5","7","12"
"Akito2407","6","6","12"
"akki00071","6","6","12"
"akoenig","4","8","12"
"akosiallen","6","6","12"
"AkshayAnandPunjab","6","6","12"
"akshayyy69","6","6","12"
"Al_Faris","6","6","12"
"AL_MC","5","7","12"
"Al-3x","7","5","12"
"alan196","6","6","12"
"albaron_chess","7","5","12"
"albeiro","6","6","12"
"albeyeh","6","6","12"
"Aldahyr37","5","7","12"
"ale63978","6","6","12"
"Alejandro851","7","5","12"
"alejoroldn","6","6","12"
"AleksandarBagas","6","6","12"
"AleksanderDvoretsky","5","7","12"
"aleksibey","6","6","12"
"ALEN_05","5","7","12"
"Alena_Gorbatenko","6","6","12"
"alessandroid","5","7","12"
"AlEstand","6","6","12"
"Alex_de833","6","6","12"
"Alex_Dnestranskiy","6","6","12"
"Alex_drr","7","5","12"
"alex-57","6","6","12"
"Alex0211","6","6","12"
"Alex1604Alex","5","7","12"
"Alex198720","7","5","12"
"Alexandre-Alex","5","7","12"
"AlexCatcher","6","6","12"
"Alexchess33","7","5","12"
"Alexey_45","6","6","12"
"alexeyimperator","6","6","12"
"AlexGale2666","6","6","12"
"alexJoly","5","7","12"
"Alexmtz2315","5","7","12"
"AlexPiter812","7","5","12"
"alexsolla","7","5","12"
"alexsrog","5","7","12"
"Alexvalkin","6","6","12"
"alfa10000","6","6","12"
"AlfaceBr","6","6","12"
"alfaromeroquad","5","7","12"
"alffclaude","6","6","12"
"alfilazul","6","6","12"
"Alfiler11235","5","7","12"
"Ali_saker11","5","7","12"
"aliali55","6","6","12"
"Alibeheshti1388","6","6","12"
"alickdy","5","7","12"
"alicrazy26","6","6","12"
"alidarvishi","7","5","12"
"aliesber200015","5","7","12"
"Aligcam","5","7","12"
"alihaydi11","6","6","12"
"aliiranian","6","6","12"
"Alisamsa","6","6","12"
"Alisher_04","7","5","12"
"ALISQ","5","7","12"
"AlissonMaus","3","9","12"
"Alixan_Raim","7","5","12"
"AliYousef86","7","5","12"
"alizert1","5","7","12"
"aljohani747","7","5","12"
"alkhin_hb199","6","6","12"
"alkimico","6","6","12"
"allangarcia2021","7","5","12"
"AlleGrande","5","7","12"
"Allevatra","6","6","12"
"allmtd","6","6","12"
"AlmDgi","5","7","12"
"Almirall10","5","7","12"
"Almjnoooon","6","6","12"
"alpamyss109","6","6","12"
"Alperkolata","6","6","12"
"alpha-7","6","6","12"
"AlphaCentaurii","7","5","12"
"alsaydtaer_87","7","5","12"
"alti147","6","6","12"
"alumno_malcriado","7","5","12"
"Alves-Chess","5","7","12"
"AlvinJohnCordova","6","6","12"
"Alwazer","6","6","12"
"Alyakhin9777","6","6","12"
"ama301219","6","6","12"
"amandeep1e","6","6","12"
"Amar8999","6","6","12"
"amarna1234","6","6","12"
"amaymahajan_123","6","6","12"
"amigo-57","5","7","12"
"amir_fathi","5","7","12"
"amir76","5","7","12"
"Amirhon1988","6","6","12"
"amirr_dadstan","6","6","12"
"Ammar123321","6","6","12"
"AmmosovPetr2","5","7","12"
"amrsala7","6","6","12"
"Amruta1306rathi","6","6","12"
"Amsjob","5","7","12"
"Amxr-S","7","5","12"
"An0nym0usi0","7","5","12"
"AnAllegoryOfThePoet","5","7","12"
"ananasikmini","7","5","12"
"anaritaferreira","6","6","12"
"ANASBARAKA1","7","5","12"
"anasnabil","7","5","12"
"anass_lazaar","7","5","12"
"anay03","6","6","12"
"Andersson2","6","6","12"
"andmon","5","7","12"
"Andorian","6","6","12"
"Andrandandand","6","6","12"
"Andre1520","7","5","12"
"Andrea-001","6","6","12"
"Andreacar89","5","7","12"
"Andrei1908","6","6","12"
"andrej1406","6","6","12"
"andremanit","6","6","12"
"Andreonius","7","5","12"
"Andrew_zol","7","5","12"
"AndrewYangforPrezzz","7","5","12"
"andreybenhur","6","6","12"
"Andreyka_v","6","6","12"
"Andreyvic","7","5","12"
"Andriy05","6","6","12"
"AndroideZ","5","7","12"
"Andronikus","6","6","12"
"andrpr","6","6","12"
"Andrss94","7","5","12"
"Andrysha777","7","5","12"
"andy80","5","7","12"
"aneesh1618","7","5","12"
"Angel_Romero","7","5","12"
"AngelD_A","7","5","12"
"AngiePerez_5SOL","6","6","12"
"Angirasnazar","6","6","12"
"ANGLOAN","8","4","12"
"AnGol","7","5","12"
"angryomi","5","7","12"
"aNIELKAj","6","6","12"
"Aniket_29","7","5","12"
"Animengineer","7","5","12"
"aninda_banik","6","6","12"
"AnishAliyar","6","6","12"
"AnkRCP","5","7","12"
"AnmolJain_snps2","6","6","12"
"AnneFenger","5","7","12"
"annonnim","7","5","12"
"anomanonano","7","5","12"
"anonim7","6","6","12"
"anonymus004","6","6","12"
"ANOOPTHYAAGU","5","7","12"
"anpro","6","6","12"
"AnselKErol","6","6","12"
"ANSHU_DEY","6","6","12"
"ansstriv","6","6","12"
"Antay2022","7","5","12"
"antek_szachy","7","5","12"
"antesoldo","6","6","12"
"antikid","6","6","12"
"antimattr","7","5","12"
"anton_lp","6","6","12"
"Anton25071992","7","5","12"
"Antres","5","7","12"
"AnujHumaiN","6","6","12"
"anupshrestha","5","7","12"
"AnxiousBlunder","6","6","12"
"aOJeTyZtIK","6","6","12"
"AP317","6","6","12"
"apfelkuchen12","6","6","12"
"aplayersdream2003","6","6","12"
"apodoktorolmakistiyo","7","5","12"
"apollemis","7","5","12"
"aportnoy","7","5","12"
"Aprendendizpara","5","7","12"
"apxrussia","6","6","12"
"Arahorn","7","5","12"
"ararara26","5","7","12"
"Arash111","6","6","12"
"arathorn00","6","6","12"
"arbolada","6","6","12"
"ArborInversa","6","6","12"
"arcadvyr","5","7","12"
"ArchiChessPlayer","6","6","12"
"Arcywojak","5","7","12"
"Arda05_1907","5","7","12"
"arealKING","6","6","12"
"Arekk7","6","6","12"
"arez_nosrat","7","5","12"
"arinazamat_21","6","6","12"
"aristarche","5","7","12"
"ariyan_sharifi_1994","7","5","12"
"Arjani","5","7","12"
"ARK_1999_new","6","6","12"
"ArkadiCh","6","6","12"
"Arlan7127","6","6","12"
"arman_j_a","6","6","12"
"armangholipour90","6","6","12"
"Armanyroger","6","6","12"
"Armenshirinyan","6","6","12"
"armita2001","6","6","12"
"armkhitaryan1981","7","5","12"
"armr","6","6","12"
"armstron","6","6","12"
"arnel08","6","6","12"
"Arni400","7","5","12"
"Arrogant_Scientist","6","6","12"
"Arshia_king_1386","7","5","12"
"artem_sarin","6","6","12"
"Artem-haha","6","6","12"
"artem1994g","7","5","12"
"Artem985656","5","7","12"
"artemiy_koles","6","6","12"
"Artemiy_ZE","6","6","12"
"artiedabbelju","6","6","12"
"Artissimissimo","6","6","12"
"artistius","6","6","12"
"artoblo11","6","6","12"
"Artur_Konans","7","5","12"
"Artur_Lew","6","6","12"
"arturikos","7","5","12"
"arturm77","5","7","12"
"ArturT","6","6","12"
"ArturT2023","7","5","12"
"arun2071","6","6","12"
"Arunkumar_Aravind","7","5","12"
"arusun","5","7","12"
"Arvanium17","6","6","12"
"Aryafard","6","6","12"
"Aryanzad","6","6","12"
"AS529","7","5","12"
"Ascot2022","6","6","12"
"asdddddddumutmal","6","6","12"
"Asgotoi","6","6","12"
"AshCarlsen1","4","8","12"
"Ashhamm","5","7","12"
"AshikRahman","6","6","12"
"ashishzesty","5","7","12"
"AshotMkrtumyan2020","7","5","12"
"ashraf_altaki","6","6","12"
"ashtynbamba","6","6","12"
"Ashwath_Ram","7","5","12"
"asilesinti","6","6","12"
"AskerAskerovv222","6","6","12"
"AskMe0","6","6","12"
"asnawi81","6","6","12"
"Asorock","6","6","12"
"AssemAbdou","6","6","12"
"AssumingRH","6","6","12"
"asterix91","7","5","12"
"astor80","6","6","12"
"AstRogue","5","7","12"
"astyl","5","7","12"
"Asul_1978","6","6","12"
"Aswink","6","6","12"
"Atahan_Kala","6","6","12"
"AtanatiyaSutta","5","7","12"
"atharv_kothari","6","6","12"
"Atil","7","5","12"
"atogi5","6","6","12"
"ats_1990","6","6","12"
"AttackonTitan_dabest","5","7","12"
"atubi","6","6","12"
"atwiss","5","7","12"
"AUmn","5","7","12"
"Ausprobierer","6","6","12"
"austrianPainter2023","6","6","12"
"Autodidacta-44","6","6","12"
"AvalonsXD","6","6","12"
"Avatar206","5","7","12"
"avenka2","5","7","12"
"AvertosChessFourth","7","5","12"
"avinesh_fiji","6","6","12"
"AVO779","7","5","12"
"avtroman","6","6","12"
"awaisali","6","6","12"
"Awanta","6","6","12"
"awele","7","5","12"
"AwkwardAngle","7","5","12"
"AyAzKoRkMaZ10","6","6","12"
"ayhanCHN","7","5","12"
"AYOUB_JABARNE","5","7","12"
"ayoubensalem","5","7","12"
"AyupovNail","6","6","12"
"Ayushganeshi","6","6","12"
"ayysu04","5","7","12"
"AZ_McCoy","6","6","12"
"AZAMAT310592","7","5","12"
"AzariaK","6","6","12"
"azez3030","5","7","12"
"aziz5632","6","6","12"
"azL131","6","6","12"
"Azleem","6","6","12"
"Azrey","6","6","12"
"azuar33","7","5","12"
"B_HINSON","6","6","12"
"B_sh_m","7","5","12"
"B1ackManFo2Pound","5","7","12"
"ba0","6","6","12"
"Babaega","7","5","12"
"babilaut","6","6","12"
"BaboK6","5","7","12"
"bacalhau","6","6","12"
"bachaceur","5","7","12"
"Bad_Bond","7","5","12"
"BadatUsernames","6","6","12"
"BadDaysAccount","6","6","12"
"BadDaysXd","6","6","12"
"BadMovesOnTheWay76","6","6","12"
"baetensc","5","7","12"
"Baghyan_Karen82","5","7","12"
"Bahamelinyo","7","5","12"
"Bahodirjon1909R","6","6","12"
"bakalin","6","6","12"
"bakeds","7","5","12"
"baker_dopok","6","6","12"
"BalahnaZachararies","7","5","12"
"Balamutleo","5","7","12"
"Baldkestral","6","6","12"
"BaLion29","6","6","12"
"balohg03","6","6","12"
"Baloo2626","7","5","12"
"balook","6","6","12"
"Bantu631","7","5","12"
"Bao6Dur","6","6","12"
"Baoone21","6","6","12"
"Baptiste-Regnier","5","7","12"
"baranselkaan","5","7","12"
"bargouking","6","6","12"
"barisde","7","5","12"
"barney2121","6","6","12"
"baron383","5","7","12"
"Barrientos","6","6","12"
"barrueta89","7","5","12"
"baryony","6","6","12"
"Bashar_Q","7","5","12"
"Bashman33","6","6","12"
"bassofi08","5","7","12"
"bastamichess","7","5","12"
"Batman1117","6","6","12"
"batr96","7","5","12"
"BatuhanAtasci3829","7","5","12"
"BaumMitEmotionen","6","6","12"
"bavarels","6","6","12"
"baykal87","6","6","12"
"bayorov","6","6","12"
"BBrulQwhynot","6","6","12"
"bclarke","7","5","12"
"bconrad217","5","7","12"
"Be1ingham","5","7","12"
"bear856","7","5","12"
"beautybo-dk","6","6","12"
"beboneze","7","5","12"
"BedrouneS","5","7","12"
"Bee_Fischer","7","5","12"
"Bega20","6","6","12"
"beginnerstein","6","6","12"
"bekotrk","7","5","12"
"BektaevaAnna","6","6","12"
"BellaKins","7","5","12"
"Belyaevsky","7","5","12"
"Belzince","7","5","12"
"benharb","6","6","12"
"Bensheim","6","6","12"
"benz_01","6","6","12"
"beowulfinlove","6","6","12"
"berehat123","6","6","12"
"bergkas","7","5","12"
"berlinn_bitoy","6","6","12"
"BerserkGriffith","6","6","12"
"besoh","6","6","12"
"betweenyouandme","6","6","12"
"Beviss","6","6","12"
"bgdn0083","7","5","12"
"BGHBG","6","6","12"
"bghuman","7","5","12"
"bgitzinger","7","5","12"
"Bgylisatranccioglu","6","6","12"
"bharadwajj1729_v4","6","6","12"
"bhaskargogoi2001","7","5","12"
"bhaturachole","6","6","12"
"BhundibaI","6","6","12"
"Bhupberg","5","7","12"
"Biasars","6","6","12"
"biba56","6","6","12"
"Bichitomex","6","6","12"
"Bichitrananda","6","6","12"
"biehtar","7","5","12"
"Biencuong20187118","7","5","12"
"Bigbounce10k","6","6","12"
"bigdaddyprincess","7","5","12"
"BiggestKek","6","6","12"
"bigodones","5","7","12"
"BigStuph","7","5","12"
"BIKj","5","7","12"
"BilallKabbiny","7","5","12"
"BilboSmokingWeed","7","5","12"
"billyparham","6","6","12"
"birkanozey","6","6","12"
"BishopLP","6","6","12"
"bishory","7","5","12"
"BISWAJIT_1994","6","6","12"
"BitNine","7","5","12"
"bitsignal","5","7","12"
"BitteLangsam","6","6","12"
"Bixidu","6","6","12"
"bizhan321","5","7","12"
"BJ-64","6","6","12"
"bkma6","7","5","12"
"bkseok6016","7","5","12"
"BlackBishop2005","6","6","12"
"BLACKCOLE2000","6","6","12"
"BlackfishSounder","5","7","12"
"Blackknight77718","6","6","12"
"blackrabbit96","7","5","12"
"Blacksmoker","6","6","12"
"blindsage1911","7","5","12"
"blink555","5","7","12"
"Blkgalaxy","5","7","12"
"BlockchainNFT","5","7","12"
"blolt","6","6","12"
"BlondeVA","7","5","12"
"bloniak14","7","5","12"
"blue_knight78","6","6","12"
"Bluesiegfried","6","6","12"
"BlueSpectralNight","6","6","12"
"BlunderChamp89","6","6","12"
"Blundher","6","6","12"
"BM_U31z3n","5","7","12"
"bmilenki","6","6","12"
"BMJWmusic","6","6","12"
"Boanerges59Inter","4","8","12"
"bob1790","7","5","12"
"Bobzabout","6","6","12"
"Bocian37","6","6","12"
"bodydrum","6","6","12"
"boefje","7","5","12"
"Bojnourd_caissa","7","5","12"
"Bokcuk655","6","6","12"
"BoldMJV","6","6","12"
"BOLELA","6","6","12"
"BolotinMax","5","7","12"
"boltus71","6","6","12"
"bonziwells","7","5","12"
"Boobbi","6","6","12"
"Boombica","7","5","12"
"borisShchekin","7","5","12"
"BoRygg","6","6","12"
"bosbony","5","7","12"
"Boss_06","6","6","12"
"bosshekim","6","6","12"
"Botafogo73","7","5","12"
"botella202","6","6","12"
"Botifarro","7","5","12"
"Botir1987","6","6","12"
"Botzki","7","5","12"
"boznick","6","6","12"
"Braaxdesfaax","6","6","12"
"Brad_Lee","6","6","12"
"Bramseb","7","5","12"
"Brandium","6","6","12"
"brantkasparov","6","6","12"
"Brasildude","6","6","12"
"BrazilianBlueFish","5","7","12"
"BrendonKrugerChess","6","6","12"
"Brettlbroad","6","6","12"
"BrezneyCS","5","7","12"
"Brfx2004","5","7","12"
"Brian-19","5","7","12"
"brickyblimp","7","5","12"
"brijesh777","5","7","12"
"bristolhouse","6","6","12"
"Briti","7","5","12"
"briv42","5","7","12"
"Brookod1","6","6","12"
"brucenzi","6","6","12"
"Bruhtislava","7","5","12"
"brukolima","5","7","12"
"brunobos94","5","7","12"
"BrunoPavcevic","6","6","12"
"btastimur","6","6","12"
"Bubi1995_1932","6","6","12"
"bubukisaur","6","6","12"
"BuckinghamMike","6","6","12"
"bucko-mcghee","6","6","12"
"BuellerBanker","7","5","12"
"Bullet0nWeed","3","9","12"
"bulutb","6","6","12"
"burns22","6","6","12"
"Bustamaister","6","6","12"
"ButanePropaneMix","7","5","12"
"buttonz","6","6","12"
"BVS07","5","7","12"
"bwc143","6","6","12"
"byekshe","6","6","12"
"c0vj3k","6","6","12"
"c1nnam0n","7","5","12"
"cabocan","7","5","12"
"Cactus1221","5","7","12"
"CaduCorrea","6","6","12"
"cagakdemir","6","6","12"
"CaganxRainy","6","6","12"
"caintrain","6","6","12"
"Cairo27","6","6","12"
"calipal","5","7","12"
"camarena71","5","7","12"
"canbican35","6","6","12"
"Cancha","6","6","12"
"cane667","6","6","12"
"Cangiza","6","6","12"
"caniViana","5","7","12"
"cansertel","5","7","12"
"Capitano_Hougomont","6","6","12"
"CaptinMarvel","6","6","12"
"CapW","7","5","12"
"CarlMagnussen420","6","6","12"
"Carloboy1","6","6","12"
"CarlosAnaitasuna","6","6","12"
"CarlosEstevez","7","5","12"
"carlosnoriega","6","6","12"
"CARLSENMAG-NUS","6","6","12"
"Carno1","6","6","12"
"Carolcarol11","8","4","12"
"casan0va","7","5","12"
"Casanegra2570","7","5","12"
"cascarudito","6","6","12"
"Catalan-woman","7","5","12"
"Cattssppurroff","6","6","12"
"cayeta18","7","5","12"
"cbartolata","6","6","12"
"CCSPOURNAMISD","7","5","12"
"cdanison96","6","6","12"
"cdelalosa","6","6","12"
"Cdq","7","5","12"
"Cdub_14","5","7","12"
"Ced724","7","5","12"
"Ceduardo","6","6","12"
"ceftriaxson","7","5","12"
"cellis33","6","6","12"
"CeluiQuiDemeure","7","5","12"
"Centurion63","6","6","12"
"cesarruizyque","6","6","12"
"Cfhjjj","8","4","12"
"Cfrkrby","5","7","12"
"CG0950","6","6","12"
"ch_nv1","5","7","12"
"CH-Subject003","6","6","12"
"ChadChampion420","6","6","12"
"Chadoor","6","6","12"
"Chainik78","7","5","12"
"Chakxx_UB","6","6","12"
"ChaloJH","7","5","12"
"ChampignonI","5","7","12"
"champion09","6","6","12"
"Chanber","6","6","12"
"Chargerule","7","5","12"
"charizardlover","6","6","12"
"CHARLEMAGNEANONUEVO","4","8","12"
"charles_db","6","6","12"
"CHARLES-XR","6","6","12"
"Charlietrigonomet","6","6","12"
"charlyF","6","6","12"
"CharTheGreat","5","7","12"
"ChasingGhosts","6","6","12"
"chazegg","7","5","12"
"Che6urek","6","6","12"
"Check_and_Mate12","6","6","12"
"checkitmightbemate","6","6","12"
"Checkmate-Chess","6","6","12"
"CheckWarrior","6","6","12"
"cheesecakeQ2","6","6","12"
"Cheesey25","5","7","12"
"Cheess-MarcoAurelio","6","6","12"
"chefsuleyman","6","6","12"
"Cheldor","6","6","12"
"Chelovekd","6","6","12"
"ChelseaWahid13","6","6","12"
"Chemchess93","6","6","12"
"chemicalspaceman","5","7","12"
"chemkar","6","6","12"
"chepukaitis1966","6","6","12"
"chernobylpp","5","7","12"
"Chernoskutov","6","6","12"
"Cheshood","6","6","12"
"chess_krd","6","6","12"
"Chess_Player_518491","6","6","12"
"chess_potato_blue","6","6","12"
"chess_pro42","6","6","12"
"Chess-master20","7","5","12"
"chess4055","6","6","12"
"chessadub","6","6","12"
"ChessAssassin10","7","5","12"
"chessaudi","5","7","12"
"chessboxingisasport","6","6","12"
"chessc9","6","6","12"
"ChessChaser","6","6","12"
"chesschess124536","7","5","12"
"chessdance1212","6","6","12"
"ChessDogLOL","6","6","12"
"chessebbo","6","6","12"
"chessflysylhet","6","6","12"
"Chessi007","6","6","12"
"Chessisnotfair","7","5","12"
"chessiszen2018","6","6","12"
"chesskid_udit","6","6","12"
"chessless_guy08","6","6","12"
"Chesslife","6","6","12"
"chesslover19751","6","6","12"
"ChessLoverDheeraj","5","7","12"
"CHESSmagicians","6","6","12"
"Chessmaster_1500","6","6","12"
"chessmcgeddon","6","6","12"
"ChessMikos","5","7","12"
"chessmillion","5","7","12"
"chessmuhammet28","6","6","12"
"Chessnerd87","6","6","12"
"chessplayer1793","6","6","12"
"ChessPTY","6","6","12"
"chessRaC","6","6","12"
"ChessSD1","6","6","12"
"chessstournameentt","6","6","12"
"Chesstdayy","6","6","12"
"ChessTraainer","6","6","12"
"ChessTrainer101","6","6","12"
"ChessVik1","7","5","12"
"ChessWizard2008","5","7","12"
"chessyme1112","6","6","12"
"ChessyPlayer","6","6","12"
"ChessyRubes101","7","5","12"
"Chester232","5","7","12"
"Chevdar62","6","6","12"
"Chfrog","6","6","12"
"ChicoLouco","5","7","12"
"chicorompecorazones","6","6","12"
"ChiffaT","7","5","12"
"Chiliwiilie","7","5","12"
"Chinamay","6","6","12"
"Chochchi","6","6","12"
"ChoPiri","7","5","12"
"Christian6868","6","6","12"
"christopherperro","6","6","12"
"ChubbyWubs","6","6","12"
"ChukNoris","6","6","12"
"chupawhisky","6","6","12"
"cidH","5","7","12"
"cikey91","6","6","12"
"ciphermur","7","5","12"
"CitiCowboy","5","7","12"
"ciunkis","5","7","12"
"civitas1","6","6","12"
"cizmelipisi","6","6","12"
"cjq0003","6","6","12"
"cjrock530","7","5","12"
"ck2020","6","6","12"
"cka1","6","6","12"
"Ckayahan","6","6","12"
"Clark19","7","5","12"
"claseajedrez","6","6","12"
"clases_ajedrez","6","6","12"
"claudio51","6","6","12"
"claudiokaspa","7","5","12"
"CleanCode","7","5","12"
"Clementc42","6","6","12"
"closetolose","5","7","12"
"clowndeath","5","7","12"
"cnkaplann","6","6","12"
"CocaineTeddyBear","6","6","12"
"cody_from_phone","6","6","12"
"coetata","6","6","12"
"Cognacman","6","6","12"
"Cojonu","6","6","12"
"ComicallyLargeFork","8","4","12"
"CoMpLeXiTy_ScArLyNx","6","6","12"
"ConfusedandBored","5","7","12"
"conrawin","5","7","12"
"const-art","7","5","12"
"ConstipatedDuck","6","6","12"
"conte8787","6","6","12"
"CoolSubbu_1997","6","6","12"
"Corehz","5","7","12"
"cosmoroute","6","6","12"
"Costovoyi","6","6","12"
"counselcisco","5","7","12"
"Cova76","5","7","12"
"cqnakcan","6","6","12"
"CraftOre","5","7","12"
"Craftpilot1818","6","6","12"
"CrazyStakeHolder","6","6","12"
"creepthis","6","6","12"
"cringeloss","6","6","12"
"crips1","7","5","12"
"cristhianoChess","6","6","12"
"cristianocord2","6","6","12"
"CRM_19","6","6","12"
"Croake03","6","6","12"
"cronaldinho","6","6","12"
"Crossfyre","7","5","12"
"cruc1o","7","5","12"
"crush25","6","6","12"
"crusherk","5","7","12"
"Crystal-10-10","6","6","12"
"csgo111","6","6","12"
"cukit_haehe","7","5","12"
"Cumacevik46","5","7","12"
"Cutiebumbum","6","6","12"
"Cuvie_97","6","6","12"
"Cvijan","6","6","12"
"cxrloz2000","6","6","12"
"cyacha","6","6","12"
"Cyclone-13","5","7","12"
"cysheng","5","7","12"
"D_H_21","6","6","12"
"D2004","6","6","12"
"d291103","6","6","12"
"D3H","6","6","12"
"d5dl2","7","5","12"
"daAsianHighKick","5","7","12"
"Dabadman","6","6","12"
"dabugelca","6","6","12"
"Dadhino","7","5","12"
"Dafalpm","6","6","12"
"Dagerman","6","6","12"
"daguev","6","6","12"
"Daisy114","6","6","12"
"daizel_14","5","7","12"
"Daktarin","7","5","12"
"dali1993","5","7","12"
"Dalrei","6","6","12"
"Dama_della_Brianza","8","4","12"
"DamianLevkau","6","6","12"
"DamirZ87","6","6","12"
"damnnotagain","6","6","12"
"danhammer1989","6","6","12"
"Dani342","6","6","12"
"daniande","5","7","12"
"Daniel_Capablanca","6","6","12"
"DanielaChaeline","6","6","12"
"DanielJr23","6","6","12"
"daniellin110","6","6","12"
"daniemg43","6","6","12"
"Daniil__2000","6","6","12"
"Daniil_001","7","5","12"
"Daniil71","6","6","12"
"danil_panamera","6","6","12"
"DANILA89","7","5","12"
"danilo71","6","6","12"
"danilofchess","6","6","12"
"danilov1987","7","5","12"
"Daniyar_08","6","6","12"
"danjorg","6","6","12"
"dankzuluchess","6","6","12"
"danny844","6","6","12"
"dannyalchamy1","6","6","12"
"dansaruntspis","6","6","12"
"danviana","6","6","12"
"danylo03","6","6","12"
"Darayhummer","7","5","12"
"DarielHernandez","6","6","12"
"darionard","5","7","12"
"Darkfall57","7","5","12"
"DarkSkin1","5","7","12"
"dartfax8","6","6","12"
"DartFrog","5","7","12"
"Darth_Vader64","6","6","12"
"DarthVexlor","6","6","12"
"darzz","6","6","12"
"DaSh-More","6","6","12"
"DaShumi","6","6","12"
"Davar_b1","6","6","12"
"Davidcj2310","5","7","12"
"davidf131995","7","5","12"
"DavisH","5","7","12"
"davsof","5","7","12"
"dbanco29","7","5","12"
"deathknight111","7","5","12"
"deathnomad","5","7","12"
"Deb_1729","7","5","12"
"DebanjanGhosh2004","5","7","12"
"Debi69","6","6","12"
"dedeo","7","5","12"
"DEDSORupiyaDEga","6","6","12"
"Deep_Math_Moves","7","5","12"
"deepak1113","6","6","12"
"DeepVerne","5","7","12"
"deffo90","6","6","12"
"definitelynotdk","6","6","12"
"deflected12","7","5","12"
"Degruytere","7","5","12"
"dejame","6","6","12"
"Dejoxe","6","6","12"
"Delarj2","6","6","12"
"delimoon","5","7","12"
"delpetroo","7","5","12"
"delyan-peevski","6","6","12"
"Demokhrit","7","5","12"
"Denilson23","6","6","12"
"Denis3115","7","5","12"
"Denisgay24","5","7","12"
"DenisRED","7","5","12"
"DentalChess","7","5","12"
"denzelisyohan","6","6","12"
"Deocto","7","5","12"
"Dereloper","7","5","12"
"destinybondCO","6","6","12"
"destroymichaelstack","5","7","12"
"Detii","6","6","12"
"DetoMaster","6","6","12"
"Devid_Tiraboschi","7","5","12"
"DevilHedgehog","5","7","12"
"dewsh","6","6","12"
"dexhi","6","6","12"
"dferna","5","7","12"
"dffa","6","6","12"
"dft2021","5","7","12"
"dgerv","7","5","12"
"Dhagash1","6","6","12"
"dhanesh16","5","7","12"
"DHEERAJ0577","6","6","12"
"Diakov_Jakob","7","5","12"
"didnotseethatm","5","7","12"
"Diego91","7","5","12"
"DientesDDS","5","7","12"
"diesel81","6","6","12"
"dievert","5","7","12"
"Diheda","6","6","12"
"dilettante23","6","6","12"
"DilodokSoang","6","6","12"
"Dimitraculix","6","6","12"
"Dimman","6","6","12"
"dinhojboy","6","6","12"
"dinopimenta1","6","6","12"
"Diomedesbr","6","6","12"
"dion309","6","6","12"
"Dionysos33","7","5","12"
"DiosdelUniverso","7","5","12"
"diostru","6","6","12"
"Diosvanys","7","5","12"
"Diozzy","5","7","12"
"Diplana7","6","6","12"
"DiRiZhaBL","6","6","12"
"disturb3d","6","6","12"
"djerdjer","6","6","12"
"djofer","5","7","12"
"dkalim3","7","5","12"
"dl8419","6","6","12"
"Dmarak","5","7","12"
"dmd75","6","6","12"
"DMRigual","5","7","12"
"Dmzol","6","6","12"
"Dobry_Lotr","6","6","12"
"DockShust","5","7","12"
"doctor_72","5","7","12"
"doctor_adi","5","7","12"
"DoctorNoxious","6","6","12"
"dodo7","6","6","12"
"Dolgo1992","7","5","12"
"domagoj4321","6","6","12"
"Domingues86","6","6","12"
"Dominik31","6","6","12"
"domizenkong","7","5","12"
"donapapa","5","7","12"
"Donchler","5","7","12"
"Dondkih_Roman","6","6","12"
"donerix","7","5","12"
"DonGreg45","6","6","12"
"DonnieDarkcore","6","6","12"
"DonQuixoteBrasilis","6","6","12"
"DoNsHefF","6","6","12"
"dontplayplay27","6","6","12"
"doronex","7","5","12"
"Double_Baden","5","7","12"
"Double-L","6","6","12"
"doublemuzioenjoyer","7","5","12"
"DP7777777","7","5","12"
"Dr_Biibert","6","6","12"
"DR_DAVINCI_SYR_9","5","7","12"
"Dr_Jos","7","5","12"
"dr_tawfeq","6","6","12"
"Dr_thinkerstein","7","5","12"
"Dr_Wobbegong","6","6","12"
"dr-33-74ded","6","6","12"
"Drachess","7","5","12"
"dragonfruitcacti","7","5","12"
"Dragonkes","5","7","12"
"Dragonmel","7","5","12"
"DRAMAZIGH","7","5","12"
"drankpanda","6","6","12"
"Dream-013","6","6","12"
"DreamChess000","7","5","12"
"DreamyPangolin","6","6","12"
"drewplusdrew","6","6","12"
"drgnslyr929","7","5","12"
"DrIanDuncan","6","6","12"
"Drmehulpatel","6","6","12"
"Drongo1","6","6","12"
"Drooper2","6","6","12"
"drp28","5","7","12"
"Drsuchafunkillus","6","6","12"
"Druje231","7","5","12"
"DrummerS","5","7","12"
"drumsetter","5","7","12"
"DruzhkovVN","5","7","12"
"drvafa","6","6","12"
"Dsankey","6","6","12"
"dstn271012","6","6","12"
"dswin","7","5","12"
"dtank28","7","5","12"
"dtlvslm","6","6","12"
"ducharnel","6","6","12"
"DukeN_2011","4","8","12"
"dukeofnature","6","6","12"
"Dumarik","5","7","12"
"DunkingDeutschman","6","6","12"
"DUOTELIS","6","6","12"
"dupinozka","6","6","12"
"Durrrrstar79","5","7","12"
"DutchFish","6","6","12"
"Duvivier","6","6","12"
"duwirstverlieren","6","6","12"
"dVeNom","6","6","12"
"Dvip6","4","8","12"
"dyinjil","6","6","12"
"Dyonysos","6","6","12"
"DysCityGame","5","7","12"
"e-yavari","6","6","12"
"EasilyRic","6","6","12"
"EasyRider28","6","6","12"
"eathequeen","6","6","12"
"Ebin__02","5","7","12"
"EbroByBeck","5","7","12"
"Echamorroduocvina","6","6","12"
"echann15","6","6","12"
"echecs29","6","6","12"
"ecsekiandor","6","6","12"
"edenx43312","6","6","12"
"Edgariko","6","6","12"
"edgwin","6","6","12"
"edisonq27","7","5","12"
"Edith1107","6","6","12"
"Edollo18","7","5","12"
"Eduardo2214","7","5","12"
"edulopesll","6","6","12"
"EDVI","6","6","12"
"EdwardoPHutasoit","7","5","12"
"edyzem","6","6","12"
"eedusan","6","6","12"
"efiloglu55","6","6","12"
"Egor_Q5","4","8","12"
"eguindy","5","7","12"
"ehsan960","6","6","12"
"ehsanisf93","5","7","12"
"einfachmalspielen","5","7","12"
"Einszugzwang","7","5","12"
"EkatNS","6","6","12"
"Ekuah10082020","5","7","12"
"El_Fuego_Nis","6","6","12"
"ELAman00","5","7","12"
"ElanMorinTedronai","6","6","12"
"ElBandito1666","6","6","12"
"elbasrouisama","6","6","12"
"ELBENIDORM","6","6","12"
"elchiricano","6","6","12"
"elee1390","6","6","12"
"Elegance10_saba","5","7","12"
"Elfamosogaragion","7","5","12"
"elfresco","7","5","12"
"Elhalby","6","6","12"
"EliasDerRenner","7","5","12"
"eliaszanandrea","5","7","12"
"Elidrissi","5","7","12"
"elif_020","6","6","12"
"elkiy","7","5","12"
"elkjam","5","7","12"
"elldso","6","6","12"
"Elmar177","6","6","12"
"Elnur135","4","8","12"
"Elosen","7","5","12"
"Elrafa681","6","6","12"
"elv3ganr4sta","6","6","12"
"elyorch","6","6","12"
"EmilioCarlos5","7","5","12"
"EmilStenstrom","6","6","12"
"emirhan_ildeniz","6","6","12"
"Emirhanyl13","6","6","12"
"Emiro_de_Quarat","7","5","12"
"emma890","6","6","12"
"EmmyGold","6","6","12"
"Empty99","6","6","12"
"Emre1995","7","5","12"
"emrealtinkaya","5","7","12"
"emunoz","7","5","12"
"en_visage","7","5","12"
"Endevor1","5","7","12"
"endzik61","5","7","12"
"enes1903arslan","6","6","12"
"enes3640","5","7","12"
"engineer222","6","6","12"
"engr9","5","7","12"
"enpsz","6","6","12"
"Enryah","6","6","12"
"ensrercn","6","6","12"
"Epilierer","7","5","12"
"Epilith","6","6","12"
"epilogue72","6","6","12"
"Erdemaltug","5","7","12"
"erdemsoyyigit","5","7","12"
"erdzirbelnuss","5","7","12"
"erfan_b","5","7","12"
"erickzeta","6","6","12"
"Ericrickick","6","6","12"
"Erik_IO","6","6","12"
"Erik-Zin","6","6","12"
"erimkadikoy","6","6","12"
"erlend1980","7","5","12"
"ermafroditos","6","6","12"
"erroos","8","4","12"
"Ersk","5","7","12"
"ErTonino","5","7","12"
"Esaie","6","6","12"
"escandinava","7","5","12"
"escherichiacolina","5","7","12"
"Esdla7","7","5","12"
"eserakba","6","6","12"
"esJon","7","5","12"
"EskiDostum","6","6","12"
"eskimil","7","5","12"
"EsOo1010","6","6","12"
"Esparrin","6","6","12"
"esteimling","5","7","12"
"esteselkin","5","7","12"
"ESTHU","6","6","12"
"etcetcetc","6","6","12"
"Etienne794","5","7","12"
"Etonamatekana_hahaha","6","6","12"
"eugene28","6","6","12"
"Eugenio31","6","6","12"
"eumeline","5","7","12"
"evandrorocha","6","6","12"
"everisto","6","6","12"
"everytang","6","6","12"
"evgeniyyarkov","5","7","12"
"EvgenyVNIIGAZ","6","6","12"
"evrenpelvan","6","6","12"
"excusmi","7","5","12"
"Expedition_GeForce","6","6","12"
"Experimentator1","6","6","12"
"exquiseesquisse","6","6","12"
"Extension_265","6","6","12"
"Extremonde","5","7","12"
"EyeJacket","6","6","12"
"EYFBI","8","4","12"
"ezhilarasi6973","6","6","12"
"Ezhuerdo","6","6","12"
"ezkhaled","6","6","12"
"F1a4h8","6","6","12"
"F4stp0k3","7","5","12"
"Fa1ret","7","5","12"
"Fabalis","6","6","12"
"Fabian100","7","5","12"
"Fabian9191","6","6","12"
"FabienneT","7","5","12"
"Fabricio_Almeida","6","6","12"
"fabricio24069","7","5","12"
"Fabulous_Finn","6","6","12"
"FabulousKnight2020","6","6","12"
"FaceofLight","5","7","12"
"Facundovico","6","6","12"
"fafa88","5","7","12"
"Fafner1337","6","6","12"
"fahdad","7","5","12"
"FakeZeus_IN","5","7","12"
"falc7","6","6","12"
"Falk111","6","6","12"
"Fallen_Ant","7","5","12"
"fallenfelix","7","5","12"
"famnit23","5","7","12"
"Faneva10","7","5","12"
"fanllik","5","7","12"
"Fann_11","7","5","12"
"fap1955","6","6","12"
"farag95","6","6","12"
"FarbrorBarbro","6","6","12"
"faressaadi12","6","6","12"
"farh","6","6","12"
"farhan06","6","6","12"
"Farid_Gasanzade25","6","6","12"
"faroukbennaser","6","6","12"
"faryadazad10","6","6","12"
"farzadrezaee","6","6","12"
"Fast-n-Furiuos","6","6","12"
"fast211","6","6","12"
"faster23","5","7","12"
"FateRedeemer","6","6","12"
"fato35","6","6","12"
"fawassel","6","6","12"
"Fawazsek","6","6","12"
"FearTheVoid","7","5","12"
"Febbycia01","6","6","12"
"FebriAndrian","6","6","12"
"fede789","5","7","12"
"federal24","6","6","12"
"FedoraTheExplora666","7","5","12"
"fek27","6","6","12"
"fel8ix","6","6","12"
"felbion","6","6","12"
"Felipe014","8","4","12"
"Felipe1731","6","6","12"
"FELIPEJOAO","6","6","12"
"Felisinde","11","1","12"
"Felix4637","6","6","12"
"fellipedsg","5","7","12"
"felowar","6","6","12"
"Felxs","6","6","12"
"FeminineZeus","6","6","12"
"Fenix24","5","7","12"
"FERETRO","6","6","12"
"Ferhad280211","5","7","12"
"ferlorenzo","5","7","12"
"fernando9889","6","6","12"
"FERZ_mat","7","5","12"
"festivewrist","6","6","12"
"feti46","5","7","12"
"fevergrass","7","5","12"
"FFioxx28","5","7","12"
"FflashkingF","5","7","12"
"fgh_frezkez","6","6","12"
"fhenix","5","7","12"
"fhfghjdfh","5","7","12"
"FiddleHed","5","7","12"
"FideL77","6","6","12"
"Filibero75","6","6","12"
"Filipdol","6","6","12"
"Fillad","7","5","12"
"FindorffHeat","6","6","12"
"findthebest","6","6","12"
"Finilshat","8","4","12"
"fionn-fc","7","5","12"
"FirstAGRRESSOR","7","5","12"
"FirstTwoWeeks","7","5","12"
"Fishcer91","5","7","12"
"FiveSenses","6","6","12"
"FlamingInfernape","6","6","12"
"Flash_The_Sloth","6","6","12"
"FleeingMaple","7","5","12"
"FliegenderMann1921","5","7","12"
"fliesonfire","6","6","12"
"flllnu","6","6","12"
"flomycel","7","5","12"
"FLOR573","7","5","12"
"FlorianNeuhaus","6","6","12"
"FlUwU","5","7","12"
"Flynnton_gg","7","5","12"
"foltopoulos","6","6","12"
"FonGauss","6","6","12"
"FoodLion","6","6","12"
"FoolishSage","6","6","12"
"fopdoodle","6","6","12"
"Forceile-23","7","5","12"
"Forester70","6","6","12"
"ForgottenBeef","7","5","12"
"Forjessica_sake","5","7","12"
"ForksAndKnives","7","5","12"
"ForksNotKnifes","5","7","12"
"forsythinc","6","6","12"
"fortaken","7","5","12"
"Fortuna4","6","6","12"
"Forty6andtwo","7","5","12"
"fotik1999","5","7","12"
"Founders2015","5","7","12"
"fpirez","5","7","12"
"FractiousRival","6","6","12"
"fraksiyon","7","5","12"
"Franael","7","5","12"
"Franbuesa13","6","6","12"
"franciscoviento","6","6","12"
"francois12","6","6","12"
"frankdrebin23","6","6","12"
"Fratorresar","5","7","12"
"Fred-1962","6","6","12"
"FredBarbier","6","6","12"
"freekings_bigdh","7","5","12"
"Fremen81","8","4","12"
"Fresita_Champion","6","6","12"
"freyshol","6","6","12"
"frg35","6","6","12"
"friendky","6","6","12"
"Frikkadellir","5","7","12"
"fringe-class28","6","6","12"
"fritto_mistico","6","6","12"
"Frmr9595","6","6","12"
"Froderator","7","5","12"
"frunze88","7","5","12"
"fudgeboy","5","7","12"
"fudgelover1981","6","6","12"
"Fuegro","7","5","12"
"fullclixp","6","6","12"
"fun3410","5","7","12"
"funreed","7","5","12"
"Furda96","7","5","12"
"FuriousNixht01","7","5","12"
"Furuike","6","6","12"
"fuzbalgot","7","5","12"
"Fxgrandmaster","6","6","12"
"G_M_kenek","5","7","12"
"g1mert","5","7","12"
"G33S3R","6","6","12"
"G3NTRY","7","5","12"
"Gabegullidge","5","7","12"
"gaberagusa","6","6","12"
"Gabgamilos","6","6","12"
"gabo02","7","5","12"
"Gabri273","5","7","12"
"Gabriel177","6","6","12"
"Gabriele96","7","5","12"
"Gach88","6","6","12"
"gadiwolff","4","8","12"
"GAGIK_JAN","6","6","12"
"Gajanand09","6","6","12"
"GalaxyDragon69","6","6","12"
"galitig","5","7","12"
"galloxxl","6","6","12"
"galukova","7","5","12"
"GamBit444","7","5","12"
"Gambitoni","7","5","12"
"games9","7","5","12"
"gamma_gandalph","5","7","12"
"Gancius80","7","5","12"
"Gandore","5","7","12"
"Gangrell","5","7","12"
"garbo86","6","6","12"
"GareevA","6","6","12"
"GarryKas1977","5","7","12"
"Gasparilla","6","6","12"
"Gauravmathur","6","6","12"
"Gavnwins","5","7","12"
"Gayet2014","6","6","12"
"Gaz-to-SHazz","5","7","12"
"Gdynski_byk","6","6","12"
"geertb","5","7","12"
"gegamx","6","6","12"
"GeneralPxx","6","6","12"
"gennadyiii","6","6","12"
"geogpav","6","6","12"
"GeorgeAB94","5","7","12"
"georges88","7","5","12"
"georiad","6","6","12"
"GerGl17","6","6","12"
"geroeder","6","6","12"
"GhaAlhallak23","6","6","12"
"GHC32","7","5","12"
"ghostemanne","6","6","12"
"ghostkane","5","7","12"
"ghunawat","6","6","12"
"Gi4ms","6","6","12"
"giacgiac","7","5","12"
"Gianfranc","6","6","12"
"GianlucaTipa","6","6","12"
"Gigabyte76","6","6","12"
"gimSop","6","6","12"
"Giovanna_Roque","7","5","12"
"giovannimarr","6","6","12"
"giovixl","5","7","12"
"GiriMurali","6","6","12"
"girishdivate","6","6","12"
"giu2970","6","6","12"
"Giuiba","6","6","12"
"GIvI_GretaThunberg","6","6","12"
"gizar_alex","5","7","12"
"gizy1","6","6","12"
"gjob83","6","6","12"
"gknocke","5","7","12"
"Gleb_Skornyakov","6","6","12"
"glenott","4","8","12"
"GlHLI","7","5","12"
"GlobaLLU","6","6","12"
"glsosa","6","6","12"
"Glueckstreffer","6","6","12"
"Gluhorse","6","6","12"
"gmorante","8","4","12"
"Gmsammarshall","5","7","12"
"GoblinSS","6","6","12"
"GOCOAT","6","6","12"
"GodricNihilist","5","7","12"
"Godsteve","6","6","12"
"goFwD","5","7","12"
"Goldentrophy","6","6","12"
"Goliardo87","5","7","12"
"Gomas_Thottschalk","5","7","12"
"Gombymen","5","7","12"
"Goncharenko_Georg","6","6","12"
"Gonex73","6","6","12"
"Gonzalo2","7","5","12"
"GoodGuyGab","6","6","12"
"Googly123","6","6","12"
"gopherlou","6","6","12"
"gopibadavath","7","5","12"
"GorbachevAnton","6","6","12"
"Gostos","6","6","12"
"Gotsome_tricks_forya","6","6","12"
"Govard54164","5","7","12"
"gozojoe","6","6","12"
"Gr3mlin","8","4","12"
"Graf-Livertowsky","7","5","12"
"grafiqchess","5","7","12"
"grair1233","5","7","12"
"grand-master176996","6","6","12"
"grasugga","7","5","12"
"greatlifewarrior","6","6","12"
"greenfoo_13","6","6","12"
"greenling134","7","5","12"
"gregor234","4","8","12"
"GregoryPaschos","6","6","12"
"Gressman_1234","7","5","12"
"Greundzo","6","6","12"
"Greuther","6","6","12"
"Grifon70","6","6","12"
"grillon6u","6","6","12"
"grimbuszka","6","6","12"
"grind1e","8","4","12"
"grionkr","6","6","12"
"Grisha190115","6","6","12"
"gromadecki","6","6","12"
"Gromwild","7","5","12"
"grossgoerschen1969","6","6","12"
"grubyfus","6","6","12"
"GruenerBecher","5","7","12"
"GruntGunter","5","7","12"
"grvmishra","7","5","12"
"GSALcoach","6","6","12"
"gsbwysb","6","6","12"
"Guiep","7","5","12"
"GuilleMI","6","6","12"
"guiribeirod","6","6","12"
"gulinski10","7","5","12"
"gurkeyn","6","6","12"
"gustavblomq","6","6","12"
"gustavo314","7","5","12"
"Gustavojackowski","5","7","12"
"Gustavollllllll","6","6","12"
"guy_chaimy","5","7","12"
"guycalleddave","6","6","12"
"Guzar","7","5","12"
"Gweyr","6","6","12"
"Gwill_jesukhogie","7","5","12"
"gypsymagician","5","7","12"
"h0wlet","5","7","12"
"H3PO5","7","5","12"
"h8h8h8h8h8","5","7","12"
"hackj0b","5","7","12"
"Hadiaslani12","5","7","12"
"HafeezFaizi","8","4","12"
"haggl","6","6","12"
"HAHASCHACHMATT","7","5","12"
"hailkingdom","6","6","12"
"HairyRick","6","6","12"
"HakanD7","6","6","12"
"haknznn","6","6","12"
"half_morphy","6","6","12"
"halfie","7","5","12"
"halfthorreimsen","1","11","12"
"halo_friend","7","5","12"
"hamed1983","6","6","12"
"HamedTeh","7","5","12"
"hamidreza58","7","5","12"
"Hamoda1991","6","6","12"
"hamza_abdelhady0","6","6","12"
"Hamzaas","7","5","12"
"hanakota","6","6","12"
"Hanawa","6","6","12"
"Handy1000","5","7","12"
"hannesroos","5","7","12"
"hannibal707","4","8","12"
"hanspeterfoss","6","6","12"
"Hanzyathewpanga_n","6","6","12"
"HappyPillows","6","6","12"
"harakedikhamc","6","6","12"
"HaRaMbAe69","5","7","12"
"Harrytor84","5","7","12"
"Harshaath090309","6","6","12"
"Harshil47","6","6","12"
"Hartantodavincii","6","6","12"
"harukim","6","6","12"
"Harveyblizzard","6","6","12"
"Hasan92DA","5","7","12"
"Hasanyasin","7","5","12"
"hash0x","6","6","12"
"Hasty_Carp0","6","6","12"
"Hatkowsky","7","5","12"
"hattler19","5","7","12"
"hawkij12","6","6","12"
"HaxelHoff","6","6","12"
"haythem_deadlift","5","7","12"
"hazem-nidal123","6","6","12"
"hbendriss","6","6","12"
"He_is_Temir","7","5","12"
"He_the_Man","6","6","12"
"Hedony","5","7","12"
"Heet6112012","6","6","12"
"Hehe64","6","6","12"
"heises22","6","6","12"
"HektorVla","7","5","12"
"hellovitaly","7","5","12"
"HeloGuy","6","6","12"
"Heman_MasterofUniv","7","5","12"
"HEMANTA56","6","6","12"
"henmad","6","6","12"
"Henrikgu","7","5","12"
"Herbie239","6","6","12"
"Herja84","6","6","12"
"HermannElQuerusco","6","6","12"
"hernandezjorge","6","6","12"
"HESjae","6","6","12"
"Hettems","5","7","12"
"Heureka888","5","7","12"
"HeYCaNn","6","6","12"
"HeyYouHighFive","6","6","12"
"hfclaus123","6","6","12"
"hhyduke11","6","6","12"
"hichess2016","6","6","12"
"hicluna","6","6","12"
"hieuhoang2010","6","6","12"
"HiltonMaly","6","6","12"
"hiphopdk","6","6","12"
"Hirsuite","7","5","12"
"hk008","6","6","12"
"hklb78","6","6","12"
"Hmay","5","7","12"
"hmmdeif","6","6","12"
"hmnkrtl","6","6","12"
"Hmuaktea","5","7","12"
"hocuspocusfidibus123","6","6","12"
"Hoholtactic","5","7","12"
"holaholita","5","7","12"
"Holger1077","6","6","12"
"hollow19","6","6","12"
"HollyMaeHenry","6","6","12"
"holypinecone","4","8","12"
"Holzgranate","7","5","12"
"Homelander1225","8","4","12"
"homieee","6","6","12"
"Honet","6","6","12"
"honeyglow","7","5","12"
"hongphat08","6","6","12"
"hopahopa","6","6","12"
"HORAZULU","7","5","12"
"horly1largo","6","6","12"
"horsinggaround","5","7","12"
"hossam_antar","6","6","12"
"HossamKira","6","6","12"
"hosse_m","5","7","12"
"Hotpiece","6","6","12"
"hriday_tm","7","5","12"
"hrushka2009","7","5","12"
"hsnhsn9999","6","6","12"
"Htryggeset","7","5","12"
"hube2001","6","6","12"
"HugoCarnifex","5","7","12"
"huliO-O","7","5","12"
"humbalabumbala","6","6","12"
"hung_2011","4","8","12"
"HungryPo","6","6","12"
"HungryW","6","6","12"
"huseyin701","5","7","12"
"Huseyn1412","6","6","12"
"HusseinMendoza","6","6","12"
"hutbut","6","6","12"
"huyman9102","6","6","12"
"hwoodward","6","6","12"
"hxim","6","6","12"
"HydeoBLINDFOLD","7","5","12"
"Hyperbrain69","5","7","12"
"HyzriTallachessclub","6","6","12"
"I_Altwaty_I","5","7","12"
"i_am_gay_naaaat6","5","7","12"
"I_Hate_e4","6","6","12"
"I_loser_2009","6","6","12"
"I24","6","6","12"
"i313","6","6","12"
"i435TDD","7","5","12"
"iahmedrifat","6","6","12"
"iaintcomingit","6","6","12"
"iamhereforyoubaby","6","6","12"
"IamJustATest","5","7","12"
"iamsidman","6","6","12"
"IAmTheNoodle","6","6","12"
"ib_world","5","7","12"
"IbrahimOre12_STJ","6","6","12"
"ibtmn","6","6","12"
"ichbinabhi","6","6","12"
"idarb","6","6","12"
"Idiffiiifgh","7","5","12"
"iditevsevpopy_290","6","6","12"
"idkwhoami42","7","5","12"
"idroz","6","6","12"
"Iek3","6","6","12"
"ighirdm","5","7","12"
"ignacko","6","6","12"
"IGODVIL","5","7","12"
"Igor1809","7","5","12"
"Igrok_161rus","6","6","12"
"Ijob","6","6","12"
"ikizkan2323","7","5","12"
"Ilanlins2002","6","6","12"
"ilbayiahmet_3","7","5","12"
"Ilia_Lukianov","6","6","12"
"Iliasb","6","6","12"
"iliassjabali","6","6","12"
"ILikeBlitz73","7","5","12"
"Ilkin22","5","7","12"
"illogicalhawk","5","7","12"
"IlluminatiJanitor","5","7","12"
"Illution_ist","7","5","12"
"ilo2710","4","8","12"
"ILoveChessts","6","6","12"
"iluy","7","5","12"
"ilVelocistaxxx","5","7","12"
"ilya_tro","5","7","12"
"Ilya267","7","5","12"
"Ilya755","7","5","12"
"ilyana_bkh","6","6","12"
"ilyasssklimov","7","5","12"
"imamahmad24","7","5","12"
"imaman7","6","6","12"
"imanazer00","6","6","12"
"imjoel","6","6","12"
"ImperialETHZ","6","6","12"
"inaciolino","6","6","12"
"INCH154","7","5","12"
"IneedMoreBulletssir","6","6","12"
"Infeks","6","6","12"
"infibeam","5","7","12"
"ingeval","7","5","12"
"ingmacs","7","5","12"
"inkognito00","5","7","12"
"Innocent_Phantom","6","6","12"
"Inspektori1","6","6","12"
"insurjection","6","6","12"
"Invincible34","6","6","12"
"invokedRegime","7","5","12"
"iqut","5","7","12"
"iRathik28UwU","7","5","12"
"IRICAL","6","6","12"
"irisdiscencia","6","6","12"
"irkirk","6","6","12"
"Iron_man_TCC","6","6","12"
"IronChoir","7","5","12"
"IsaacHill10","5","7","12"
"IsaacSchaken","5","7","12"
"IsabellaDH","5","7","12"
"Isacada","7","5","12"
"isaktheman","6","6","12"
"isard64","6","6","12"
"Ischkabibble","5","7","12"
"ISCKO","6","6","12"
"Ishwar98","7","5","12"
"isino","6","6","12"
"Iskender9","5","7","12"
"ismailourabi","7","5","12"
"issam334","7","5","12"
"ItaloGomes","6","6","12"
"Ivan_26reg","6","6","12"
"Ivan_SuMa","7","5","12"
"ivanmuniz","6","6","12"
"IvanZmushko0602","6","6","12"
"IvasiRamsi","6","6","12"
"Ivaykin","7","5","12"
"IVIac","5","7","12"
"iwikilu","6","6","12"
"iwishyouluck","6","6","12"
"Ixoc","6","6","12"
"IXpidy","7","5","12"
"izabera","6","6","12"
"J_Henry_Blackburne","6","6","12"
"J-Soul","6","6","12"
"jacekmpl","6","6","12"
"Jack-100","6","6","12"
"JackGrabbit","4","8","12"
"JackUrcu_Ccecna","6","6","12"
"jackyyes","6","6","12"
"Jaco503","6","6","12"
"jaeky","6","6","12"
"JAFAR97","6","6","12"
"Jag1975","6","6","12"
"jaimelemontdor","6","6","12"
"jaj81","7","5","12"
"jajs","6","6","12"
"JakeCollier1","6","6","12"
"jamal_feras","6","6","12"
"JamCor","7","5","12"
"James_Balucos","5","7","12"
"JamesNYC","7","5","12"
"Jamesurmom2","6","6","12"
"jangnago","6","6","12"
"Janinho","6","6","12"
"jankae","6","6","12"
"Jankowitsch","6","6","12"
"janski69","6","6","12"
"jaquealocio","7","5","12"
"jase1988m","5","7","12"
"jaskirat","5","7","12"
"Jasonx6792","6","6","12"
"Jasur_Abdurahmonov","6","6","12"
"Jatkemat","5","7","12"
"Javad18","6","6","12"
"Javi_er","5","7","12"
"Javichess98","4","8","12"
"javidan7","6","6","12"
"Javier_Moscol_4PD","6","6","12"
"Javijjllkk","6","6","12"
"Javs24","6","6","12"
"JaYX88","6","6","12"
"jaz38","6","6","12"
"Jazzforever55","6","6","12"
"jbernal","6","6","12"
"jboris333","6","6","12"
"jCbRUNaEs","5","7","12"
"JClementeM","6","6","12"
"JCMax","6","6","12"
"JCpepinoMasivo","6","6","12"
"Jdarf","5","7","12"
"jdonnistheman","7","5","12"
"jdsgraphic","6","6","12"
"jeevarajans","6","6","12"
"Jeffkrost","5","7","12"
"Jegadheesh7861","7","5","12"
"jekeagle","7","5","12"
"jellybob","5","7","12"
"jernchr","6","6","12"
"jeromsky","6","6","12"
"JesseWeNeedToCooks","6","6","12"
"JessSaysYesToChess","6","6","12"
"Jethm","6","6","12"
"jethvavin","6","6","12"
"Jetset_Willy","6","6","12"
"Jezz4","6","6","12"
"JFL26","6","6","12"
"jfowgsjfpgjf","6","6","12"
"JFuego","6","6","12"
"jhansen","6","6","12"
"Jhon_Good","7","5","12"
"Jhonkikano10","6","6","12"
"jhoshizo149","5","7","12"
"jibran_mir","6","6","12"
"jimkingchess84","5","7","12"
"jimmpen","6","6","12"
"jinada17","6","6","12"
"jinxzzzzz","6","6","12"
"jirayasennin9949","6","6","12"
"Jithalel","7","5","12"
"Jjjorge","4","8","12"
"jmsan26ar","5","7","12"
"JMStockfisch","6","6","12"
"jnbob","7","5","12"
"jng91","6","6","12"
"jnrasmussen","5","7","12"
"JoaquinM","5","7","12"
"Jobj","6","6","12"
"JoBr83","6","6","12"
"Joduramo","6","6","12"
"Joe003","6","6","12"
"joe1402","5","7","12"
"JoeBuden","5","7","12"
"Joel-Matuba-Muntu","5","7","12"
"Joemaridades","7","5","12"
"joeRona","6","6","12"
"Joeyrd7","5","7","12"
"JoFalk","6","6","12"
"jogername","5","7","12"
"Johannes19","6","6","12"
"JoHayoz","4","8","12"
"JohnBreckinridge","6","6","12"
"johnjoestar","5","7","12"
"Johnkarkes","5","7","12"
"Johnmahendiran","7","5","12"
"johnny_bh","7","5","12"
"Johnny25","6","6","12"
"johnsvensson","6","6","12"
"JohnW2509","5","7","12"
"JohnWick0634","6","6","12"
"JokicInator15","6","6","12"
"jokke42","6","6","12"
"Jokker24007","6","6","12"
"Jokymoky","6","6","12"
"Joloboy","6","6","12"
"Jonathasjs","6","6","12"
"Jonygra","7","5","12"
"jophiel13","6","6","12"
"JORCALO","5","7","12"
"JorgeVDL","5","7","12"
"Joripasmol","6","6","12"
"Jose_Luisx","6","6","12"
"Jose-guedes","4","8","12"
"Jose87","7","5","12"
"Josef_chess_cz","7","5","12"
"joselito20","7","5","12"
"Josemendez","7","5","12"
"josemhp92","6","6","12"
"josemi8878","7","5","12"
"JosephPinto29","4","8","12"
"Joshn48","7","5","12"
"JosueGarcia81","4","8","12"
"JosueTheTiger","5","7","12"
"jotwede","6","6","12"
"Jourefrmg","8","4","12"
"joyfromnt","7","5","12"
"jp19999","5","7","12"
"jpchaves","7","5","12"
"Jresyep","6","6","12"
"jreyero","6","6","12"
"jrjulius2004","5","7","12"
"jrnmrtn","5","7","12"
"jronberg","6","6","12"
"jsb1401","7","5","12"
"jsdarden","5","7","12"
"jsuresh","8","4","12"
"Juan_carlos85","5","7","12"
"juancamilochica","5","7","12"
"Juaneromero","6","6","12"
"Juanghione","7","5","12"
"JuanIbanez2021","7","5","12"
"Juanjo999","6","6","12"
"Juanomarn","7","5","12"
"juggernaut91","6","6","12"
"JuicyKnight","6","6","12"
"Juliank89","6","6","12"
"Julianmu2707","6","6","12"
"julio910619","6","6","12"
"Julion_Alvarez_8v","6","6","12"
"Jumpi212","5","7","12"
"Junior_Foxido","6","6","12"
"JuratTayir","6","6","12"
"jureVII","6","6","12"
"JurgenHabermas","5","7","12"
"juritheflurry","5","7","12"
"JustAbner","6","6","12"
"Justine_Gonzalez-09","6","6","12"
"justintonyjohn","7","5","12"
"justmysk1ll","7","5","12"
"JVGrace","6","6","12"
"Jyotishraj_025","6","6","12"
"K_night_5","7","5","12"
"K0049T","6","6","12"
"ka237","6","6","12"
"kaanyazici","7","5","12"
"kaba4ok200000","7","5","12"
"Kadroh","7","5","12"
"Kaer234","7","5","12"
"Kaibtsu","6","6","12"
"Kaliban_likes_toplay","5","7","12"
"Kalyke2003","6","6","12"
"Kamal_yasser74","7","5","12"
"kamaS","6","6","12"
"Kamatheuska","7","5","12"
"kamimaghsoudi21","6","6","12"
"Karadag_aysima","6","6","12"
"karanag","6","6","12"
"Karatas89","6","6","12"
"karim1986","6","6","12"
"Karimsaad","7","5","12"
"Karolisco1","6","6","12"
"karthikeyans17","7","5","12"
"kartikagr","8","4","12"
"Kartoshka228","4","8","12"
"Karupusamy_Ganesh","7","5","12"
"Karylangan","6","6","12"
"kaspicipri","6","6","12"
"kassioskov","6","6","12"
"katakuri2","7","5","12"
"katastrov2800","7","5","12"
"Katena12","5","7","12"
"KaviAdam","6","6","12"
"Kavineiish","6","6","12"
"KAYCEEyt","5","7","12"
"Kaz_888","6","6","12"
"Kazbek8","5","7","12"
"Kbernis","6","6","12"
"kbvakgyv","7","5","12"
"KCTChess","7","5","12"
"kdrdrl","6","6","12"
"kearvek","4","8","12"
"Kecmar","7","5","12"
"Kekara","7","5","12"
"kekunana","6","6","12"
"kekweecireturn","6","6","12"
"kelonbwo","6","6","12"
"kenanthewarrior","6","6","12"
"Kenewbi","6","6","12"
"kenman8943","5","7","12"
"kenough","6","6","12"
"KentGamber","7","5","12"
"Kenwane1","6","6","12"
"keomanero","6","6","12"
"Kerim_Ashirov","5","7","12"
"KerimChary","7","5","12"
"kerneldernel","5","7","12"
"Kero97","6","6","12"
"keromo54","5","7","12"
"kevin-heinrich","7","5","12"
"kevin1307","6","6","12"
"KeyboardSound1","6","6","12"
"keyofquiet","7","5","12"
"keyofrevelation","6","6","12"
"KfksqNghtmr","6","6","12"
"Khalifmania_bot","6","6","12"
"khanhNguyen15082010","6","6","12"
"KhankendiKarabakhAze","8","4","12"
"Khannanov_IA","6","6","12"
"kharitonow","6","6","12"
"Khaschess_Berserk","6","6","12"
"khastoomehrmajid","5","7","12"
"Khbonu","7","5","12"
"khinito","6","6","12"
"khorpyakov303","7","5","12"
"KHOSROW_SHAH","6","6","12"
"khrapov1111","7","5","12"
"khudov2002","4","8","12"
"khumcanbit","6","6","12"
"Kidlus","7","5","12"
"KidPoker86","6","6","12"
"kiedysgral","5","7","12"
"Kieran909","6","6","12"
"KiiroiSenko","7","5","12"
"kilirincon","6","6","12"
"killer_ba","7","5","12"
"kilmeplease","7","5","12"
"kimiru","6","6","12"
"Kimmi25","7","5","12"
"Kimmsky","6","6","12"
"kimon4ik777","6","6","12"
"KINDOW","6","6","12"
"KING_TORMUND","7","5","12"
"king_wood","6","6","12"
"KINGBAY1","7","5","12"
"kingboers","5","7","12"
"KingCelt","6","6","12"
"Kingdemiser","6","6","12"
"kingken2020","6","6","12"
"KingKuFo","7","5","12"
"KingMaVeeeh_NeneVP","6","6","12"
"KingMeYo","5","7","12"
"kingnevermoves","6","6","12"
"kingofspeedd","5","7","12"
"kingslayer1947","6","6","12"
"Kingsley34","6","6","12"
"KingstonForce","7","5","12"
"Kinto1981","5","7","12"
"Kiot_aka_Wer","6","6","12"
"Kirill_0111","6","6","12"
"kirillick2005","5","7","12"
"kitametam","7","5","12"
"kitty_Katya_2010","7","5","12"
"kittykatmeowmeow","6","6","12"
"kiwinuken","6","6","12"
"kjgex","5","7","12"
"kjwarrior","6","6","12"
"klafoto","5","7","12"
"klambda","7","5","12"
"klaudiok","7","5","12"
"KletMaria","7","5","12"
"Klichev_Mikhail","6","6","12"
"KlokovSergey88","5","7","12"
"klopstockus","6","6","12"
"Kman35","6","6","12"
"Kmpk","6","6","12"
"kmv030370","6","6","12"
"knighthowler","6","6","12"
"ko-oleg","5","7","12"
"Koba37","6","6","12"
"KodiakZodiac","7","5","12"
"koke685","6","6","12"
"kolibril13","7","5","12"
"kolomboo","6","6","12"
"KOLOSS_v_ROSS","5","7","12"
"Kolynn","6","6","12"
"Kompis","7","5","12"
"Konsou","6","6","12"
"Konstantin_Kluger","7","5","12"
"Konstantin1501","5","7","12"
"korchaChess","7","5","12"
"KornBizk1t","6","6","12"
"Kornthape","6","6","12"
"Korolczuk","6","6","12"
"kosilica","6","6","12"
"KOSINE","6","6","12"
"kosmosis","5","7","12"
"kostashatz","6","6","12"
"KosTya2007","6","6","12"
"Kostya20111102","6","6","12"
"kovan1317","6","6","12"
"kpchess4","6","6","12"
"KpeMop","6","6","12"
"kpestefani","6","6","12"
"KPiVaha","6","6","12"
"kprfTuva2","6","6","12"
"Kraftmag8","7","5","12"
"Kramsky","4","8","12"
"Krasotkin","6","6","12"
"kratos_1711","5","7","12"
"Krecetas","4","8","12"
"krishthakkar","6","6","12"
"kritz13","6","6","12"
"Kross_Kolxoz10","5","7","12"
"Krumpl","6","6","12"
"krutskix","6","6","12"
"krystalingrad","6","6","12"
"ksn555","6","6","12"
"ksvirle2005","5","7","12"
"Kudam","6","6","12"
"Kugis_Mugis","6","6","12"
"KuijHia","5","7","12"
"KuJlo_do6pa","6","6","12"
"Kukdor","6","6","12"
"Kulkid","6","6","12"
"Kumnick","5","7","12"
"KunalG0786","5","7","12"
"kundan_1337","6","6","12"
"KungPowChes","6","6","12"
"Kunhikrishnan","5","7","12"
"kunlejames","7","5","12"
"kuros","6","6","12"
"kursad33x","7","5","12"
"kutkoaa","6","6","12"
"Kuvshin_ne_chainik","6","6","12"
"kytonyyy","5","7","12"
"kyurkov","5","7","12"
"L_1994_IT","6","6","12"
"L_oChIrBaT","6","6","12"
"La_Peono","6","6","12"
"la-bulle","6","6","12"
"ladrua","6","6","12"
"Lakabyo","6","6","12"
"lakersin4","5","7","12"
"Lakstar275","6","6","12"
"lalyqwx","6","6","12"
"lama31415","6","6","12"
"lamboliu","6","6","12"
"LamorakdeGales","6","6","12"
"lamsal123","7","5","12"
"landmoralitos","4","8","12"
"Langust","6","6","12"
"LaPalomaGomez","5","7","12"
"Lapantera17","5","7","12"
"lapsus92","6","6","12"
"Laricris7","5","7","12"
"larry_frog","8","4","12"
"lars6512j","6","6","12"
"LastTitan","6","6","12"
"lau3","6","6","12"
"Laweaweosa","6","6","12"
"Lazarwastaken","6","6","12"
"LazyBotJr","7","5","12"
"lazzybad","7","5","12"
"lchbinf","5","7","12"
"Le_S_des_E","5","7","12"
"LeAlves","6","6","12"
"LeandroGuerraAracaju","7","5","12"
"lechwsus","7","5","12"
"leeonelfe","5","7","12"
"legend2014","6","6","12"
"Leila_gholami","8","4","12"
"leit0815","6","6","12"
"Lejun011876","6","6","12"
"leks-adler","6","6","12"
"lemonpep","6","6","12"
"Lemonyyyy57yyyyyyyyy","6","6","12"
"Lenar363","6","6","12"
"Lenido","7","5","12"
"Lennystark","6","6","12"
"Leo465","6","6","12"
"leo7600","5","7","12"
"leocoriat","6","6","12"
"leoga1","6","6","12"
"Leolim1986","7","5","12"
"Leomares","6","6","12"
"Leon210","6","6","12"
"leonardo_loureiro","6","6","12"
"Leroychess","6","6","12"
"leshiy91","5","7","12"
"LesRobertT","7","5","12"
"LesTrabzonien","6","6","12"
"LetItFlow8000","6","6","12"
"Levan228339","5","7","12"
"level_86","6","6","12"
"levik85","6","6","12"
"lewisconsultant","6","6","12"
"LexieEXE","7","5","12"
"lexisacademy","7","5","12"
"LGuha1996","6","6","12"
"LH76600","7","5","12"
"LH92","4","8","12"
"librarian15907","6","6","12"
"Lichegg2","5","7","12"
"lichunob","6","6","12"
"Likedeeler42","8","4","12"
"Lilith001","6","6","12"
"Lilly_Morphy","6","6","12"
"lineer3","6","6","12"
"linggar_bkd","5","7","12"
"Linne95","6","6","12"
"Liofer","6","6","12"
"lionelronaldo37","7","5","12"
"Liqwang","5","7","12"
"LisbonBound","6","6","12"
"Lisiduna","7","5","12"
"listamauer","6","6","12"
"little10kobe","6","6","12"
"littlecoder","5","7","12"
"LittleJune","7","5","12"
"LiveInChess1","6","6","12"
"llewrentious","7","5","12"
"llucaspiinheiro","6","6","12"
"Lmaksy","6","6","12"
"lmu321","5","7","12"
"LoicChesstremau","7","5","12"
"Loisinho123","7","5","12"
"lomohov","6","6","12"
"lonesomeware","6","6","12"
"loran8899","5","7","12"
"lord_10","5","7","12"
"LordMicheel","6","6","12"
"LorenzSch","6","6","12"
"loretano1194","6","6","12"
"lorororso","7","5","12"
"LOSDOSMPC","5","7","12"
"loserllama","7","5","12"
"LosStar","5","7","12"
"loukas111","6","6","12"
"loulou1977","6","6","12"
"LP5O4","5","7","12"
"Luai-md","5","7","12"
"lucareon","6","6","12"
"Lucas_chess_2003","6","6","12"
"Lucas_Le_Mao","6","6","12"
"LucasFA","6","6","12"
"Luchkov","6","6","12"
"luciaaguiar","6","6","12"
"luciole2022","5","7","12"
"Lucky7z","5","7","12"
"luckyredhot","5","7","12"
"luigigmamer","5","7","12"
"Luisale99","6","6","12"
"luisc10","5","7","12"
"luisfernandob201207","6","6","12"
"LUIZesandra","5","7","12"
"luizgustavojacob","7","5","12"
"luk888","6","6","12"
"Luke_x97","5","7","12"
"luklaza","5","7","12"
"LulamaN","7","5","12"
"LunarCojas","6","6","12"
"Lunten","5","7","12"
"lvenk","6","6","12"
"lw1321","5","7","12"
"LWittg","6","6","12"
"lzedson94lz","6","6","12"
"M_Alamry","7","5","12"
"M_Diab","8","4","12"
"m_oss","6","6","12"
"m00nbase","7","5","12"
"M22320000","5","7","12"
"m97ezzat","5","7","12"
"ma_lementec","6","6","12"
"Mabrouk90","6","6","12"
"Machevvoiao","5","7","12"
"Machi23x","5","7","12"
"maciek12341234","6","6","12"
"MacqPL","7","5","12"
"MADCAT2020","5","7","12"
"maddem","6","6","12"
"MadhavChess","5","7","12"
"madmanmadhur","6","6","12"
"Madprof","5","7","12"
"mafiox1","6","6","12"
"Mafrucorte2013","5","7","12"
"maga_55","6","6","12"
"magician1129","6","6","12"
"Magnuakarlsen","5","7","12"
"magnus748","7","5","12"
"MAGR1002","7","5","12"
"maguelid","6","6","12"
"MAHanif","5","7","12"
"mahdy_92i","7","5","12"
"MahdyKhaled","5","7","12"
"Mahmoud-96","6","6","12"
"mahmut111","6","6","12"
"maholi8165","6","6","12"
"mailrishigupta","5","7","12"
"MainSequenceStar","6","6","12"
"Maiorov_Maxim","5","7","12"
"maisseee","6","6","12"
"mak72","7","5","12"
"makamanje","5","7","12"
"MakerofBlunders","6","6","12"
"Makhubu-DA","6","6","12"
"Maks_S_S_S","5","7","12"
"Maksim_Chess","6","6","12"
"maldor12","7","5","12"
"malidoost35","5","7","12"
"Malik316z","6","6","12"
"malon7106","6","6","12"
"mandariinikyy","6","6","12"
"MANDOKHAIL07","6","6","12"
"maneesh01","7","5","12"
"Mangus_Carlens","7","5","12"
"ManiaK22","7","5","12"
"manish8895","7","5","12"
"ManishxA","5","7","12"
"mannylokz","6","6","12"
"Manoel_Brasil","6","6","12"
"manojak1972","6","6","12"
"manzanares_0lvin","6","6","12"
"MapleLeafJuno","5","7","12"
"Maquejate","6","6","12"
"Mar2a","6","6","12"
"Maracker","6","6","12"
"MarAnDahl","6","6","12"
"Marazm1972","4","8","12"
"Marc_Cox","6","6","12"
"Marcell_Chess","6","6","12"
"Marceluxmarcelux","7","5","12"
"marcfd","5","7","12"
"MarcioArjones","6","6","12"
"MarckMoreno","6","6","12"
"Marco_nika","7","5","12"
"marcocham","6","6","12"
"marcofi2003","5","7","12"
"Marcone5","6","6","12"
"Marcsello0329","6","6","12"
"Mardan0212","6","6","12"
"MaRdEnP","7","5","12"
"mare82","6","6","12"
"Margherita345","7","5","12"
"Margulus","6","6","12"
"mariachichess","6","6","12"
"Mariapupo","7","5","12"
"Maricishtar","5","7","12"
"Mario_Togata","6","6","12"
"MARIOUZB","6","6","12"
"Mark_Dulatre","7","5","12"
"Mark_Levitin","7","5","12"
"mark110794","5","7","12"
"MarlboroMartini","5","7","12"
"Marlon_Shakespeare","7","5","12"
"Marlow15","5","7","12"
"Marvel09","7","5","12"
"marygarcia656","6","6","12"
"Masakerbanan","7","5","12"
"Masbate_REGarcia","7","5","12"
"Mascaliendres","5","7","12"
"Masereno","6","6","12"
"maska5","5","7","12"
"MassimoFT","7","5","12"
"Master_Parung","7","5","12"
"masterkim","6","6","12"
"MasterRoshi","6","6","12"
"masuel","7","5","12"
"MAT3J","6","6","12"
"Mate_uruguayo","6","6","12"
"maten17","5","7","12"
"Material_Collector","7","5","12"
"Mateusz_Kalinski","6","6","12"
"matheny2014","6","6","12"
"matheustelesSe","7","5","12"
"Mathisca","7","5","12"
"mathk78","6","6","12"
"MatiRiki","5","7","12"
"Matirow2010","5","7","12"
"Matjjjj","6","6","12"
"Matryoshka12","6","6","12"
"MATTHEWWWWWWWW","6","6","12"
"Mattia0992","6","6","12"
"MattiaRH","5","7","12"
"Matts19","6","6","12"
"MatveyTeplikov","7","5","12"
"maulidina","7","5","12"
"maverickrabiddogiam","6","6","12"
"Max_Klevsov-4b","6","6","12"
"Max926","6","6","12"
"maxdev360","6","6","12"
"MAxGNUS","7","5","12"
"Maximus237","6","6","12"
"MaxLoves444","6","6","12"
"Maxpwr","6","6","12"
"maxthesilent","5","7","12"
"maxtrz","5","7","12"
"maykl345","4","8","12"
"mbm99","6","6","12"
"Mc_Mllr","6","6","12"
"mc00","7","5","12"
"Mcarras","5","7","12"
"mcc10","6","6","12"
"McNight_RO","7","5","12"
"MCT03_SHAH_MILAN","5","7","12"
"MCubillo17","5","7","12"
"mdioxy","6","6","12"
"me109zito","6","6","12"
"mediterraneansea777","7","5","12"
"Medojota","6","6","12"
"Meekagin","6","6","12"
"Mefeso","6","6","12"
"megadunderdelux","6","6","12"
"Megatherion1","8","4","12"
"MehDiBahramian","7","5","12"
"MehmeT_6060","5","7","12"
"mehmet_maz","6","6","12"
"mehmet3541","6","6","12"
"Melarion05","5","7","12"
"melih59","7","5","12"
"memerevi3w","5","7","12"
"Mendoza_Chessler","6","6","12"
"MengoDragon","8","4","12"
"meranaamjoker1","5","7","12"
"merimerimeri","5","7","12"
"merngw","5","7","12"
"meroars","6","6","12"
"mersed79","7","5","12"
"Mert23341","6","6","12"
"MestrePato","6","6","12"
"Mesut_gumus","6","6","12"
"Metalium","5","7","12"
"mfarooq","6","6","12"
"mfatihsen","7","5","12"
"mhamed_kr","5","7","12"
"mhammad95","5","7","12"
"MHK98","4","8","12"
"mhmmd_65","6","6","12"
"MHPPPP","7","5","12"
"MiasnikovOleg","6","6","12"
"michaelbagherzadeh","7","5","12"
"MichaelRahman","4","8","12"
"MichelFoucault32","7","5","12"
"Mickey-Coyote","6","6","12"
"MidKnightowl","5","7","12"
"MigalkoDmitriy","6","6","12"
"Migcha","7","5","12"
"MightyZooKeeper","6","6","12"
"migueldelibex35","5","7","12"
"migueleca","5","7","12"
"miguelh94","5","7","12"
"Miha_il-83","6","6","12"
"Mihai_Ghita","6","6","12"
"mihail_solodovnikoff","7","5","12"
"Mihailov_Denis","7","5","12"
"Mihalazar","6","6","12"
"Mihaylo","5","7","12"
"Mike58603","7","5","12"
"mikeesuede","7","5","12"
"MikelPos","5","7","12"
"mikestrutworth","7","5","12"
"Mikhail270","5","7","12"
"MikhailKorovin","6","6","12"
"miki1955","6","6","12"
"Mikono","6","6","12"
"miksoid","6","6","12"
"MiladGharakhlo","6","6","12"
"milanbandic420","7","5","12"
"MILLENIUM_2002","7","5","12"
"milosacks","7","5","12"
"MilRain","6","6","12"
"mimic148","5","7","12"
"Mimirus","5","7","12"
"Mindflush","7","5","12"
"MineJump","6","6","12"
"mingfromharlem","6","6","12"
"Minhntq81","6","6","12"
"MiniTaglierina","6","6","12"
"Mirannis96","6","6","12"
"mirco_saccomani","7","5","12"
"MirdajanCz","5","7","12"
"mirhanaltunbas1","6","6","12"
"Miron1208","5","7","12"
"Miroslav123s","6","6","12"
"Mishima-Zaibatsu","6","6","12"
"Mishlen_first","7","5","12"
"mishmetall","6","6","12"
"MishrasProdigy2","7","5","12"
"mista_rida","6","6","12"
"mistabrando","6","6","12"
"Misteri1979","6","6","12"
"misterio123","6","6","12"
"misterschmutz","7","5","12"
"mitchellm43","6","6","12"
"Mix_Star","6","6","12"
"mjbay","5","7","12"
"MJC7060","5","7","12"
"MKaladinStormblessed","6","6","12"
"mkl2005","7","5","12"
"Mktal58","6","6","12"
"mlazowski","6","6","12"
"Mlfaria","7","5","12"
"MmirandaG","7","5","12"
"mmmmagnus","5","7","12"
"mnavarrocia","6","6","12"
"MNTEC-9","5","7","12"
"mo1237897","6","6","12"
"MODY9","7","5","12"
"Moe_elsamani","6","6","12"
"moeinmoflehi1","5","7","12"
"moh_Faouri","6","6","12"
"Mohamad123459","7","5","12"
"mohamad793","6","6","12"
"MOhamed_Emad","6","6","12"
"mohamedale782","5","7","12"
"MohamedFayez96","5","7","12"
"Mohamedzaid","6","6","12"
"mohammadalirahimgol","6","6","12"
"Mohammadreza-shateri","5","7","12"
"MohammedMalan","6","6","12"
"mojmal","6","6","12"
"mojo872","5","7","12"
"mojtabaanand","6","6","12"
"mokiser","6","6","12"
"MolagaiBajji","6","6","12"
"Molecularman","6","6","12"
"MolThrill","6","6","12"
"monadchess","5","7","12"
"monahmila","6","6","12"
"Mondja","6","6","12"
"Mondlie98","6","6","12"
"monpoeme","6","6","12"
"Montetjupi","5","7","12"
"Moonslok","6","6","12"
"Moorheadd","7","5","12"
"mordicai","6","6","12"
"Morolesik","5","7","12"
"MorphysAutisticSon","7","5","12"
"Mosa-Alnaas","6","6","12"
"Moses_09","7","5","12"
"MosesTracy","6","6","12"
"moshes","7","5","12"
"MostazaBio","6","6","12"
"Mosu12","6","6","12"
"motik_artamonov","6","6","12"
"motivation2023","7","5","12"
"mpiekos2","6","6","12"
"Mr_Lihai","5","7","12"
"MR_rootMan","7","5","12"
"Mr-Bluesky","5","7","12"
"Mr-Levi","6","6","12"
"mr-mateux13","5","7","12"
"Mr-Wise","6","6","12"
"MrBkts","6","6","12"
"MrBlunder99","6","6","12"
"MrCarrot_228-pro","5","7","12"
"mrcatswill","6","6","12"
"MrHR","6","6","12"
"MrKuang","6","6","12"
"MrLemes","6","6","12"
"mrmrds","5","7","12"
"MrSoberstein","6","6","12"
"Mrwhite44","6","6","12"
"ms135","6","6","12"
"mssuperbad","6","6","12"
"mtahack","7","5","12"
"MTBoss","5","7","12"
"Mthoko453","6","6","12"
"Muathbh","6","6","12"
"Muchenya","7","5","12"
"muchno","6","6","12"
"Mudshark","6","6","12"
"mugpunter8554","7","5","12"
"MuhammadSalimDW","7","5","12"
"muhammedaliatasever","7","5","12"
"munat","7","5","12"
"munjo123","5","7","12"
"munoki-TCC","6","6","12"
"munster1","6","6","12"
"Muroslavfedorchak","6","6","12"
"MursiJ","6","6","12"
"mus555","5","7","12"
"musa_mashau","6","6","12"
"Music_Lover","5","7","12"
"musik92","6","6","12"
"muskid","6","6","12"
"Musratte","5","7","12"
"mustafakesin","6","6","12"
"Mustafasezisl","6","6","12"
"Mutsupulis","7","5","12"
"Muyumba","6","6","12"
"Muzammil5500","7","5","12"
"muzli","5","7","12"
"mvockic","5","7","12"
"Mwaday","7","5","12"
"myrzabekov1991","5","7","12"
"Myyo_Jgo_Tabuno","6","6","12"
"N_13","6","6","12"
"n001oone","6","6","12"
"N1KyXQ","7","5","12"
"n711awaf","6","6","12"
"nabeee057","7","5","12"
"Nabide","6","6","12"
"Nabil885","7","5","12"
"nabucco","8","4","12"
"nachote","6","6","12"
"NADEROV","5","7","12"
"Nadjib_GUERGOUR","6","6","12"
"NaEBali","6","6","12"
"nailya1346","6","6","12"
"najeebshaqury","7","5","12"
"najey","7","5","12"
"najly","6","6","12"
"Namiiiiiiiiiiiiiiiii","8","4","12"
"NanoAdam","6","6","12"
"Nanochess22","6","6","12"
"Nap57","7","5","12"
"narag","6","6","12"
"Narkotik_Kal","6","6","12"
"nasser_nedaei","7","5","12"
"Nasser_saif","6","6","12"
"natedawggg","6","6","12"
"Natesz777","5","7","12"
"natetg57","6","6","12"
"nathang","6","6","12"
"NathinPillay","6","6","12"
"natillas1990","6","6","12"
"naum1603","5","7","12"
"Navarro83","6","6","12"
"Navees07","6","6","12"
"NazcaanKing","7","5","12"
"nbraquita","6","6","12"
"Nealst21","6","6","12"
"NechaevNS","5","7","12"
"Nedko_1992","5","7","12"
"NEEDPS5","6","6","12"
"NefedovMySurname","6","6","12"
"negous","6","6","12"
"Neha2010","5","7","12"
"NEHANSH12","6","6","12"
"NEIR0SETI","7","5","12"
"NELSONAQ","5","7","12"
"Neoromancer","6","6","12"
"Nepobedimi","6","6","12"
"Nerozy77","4","8","12"
"Nesarinka","5","7","12"
"neshuggah","8","4","12"
"NestorJ00","6","6","12"
"netwarrior13","6","6","12"
"nevada15","6","6","12"
"neverevereve","6","6","12"
"NewME003","5","7","12"
"NextEx3110","6","6","12"
"Nez3","6","6","12"
"NG1000","6","6","12"
"NgenehAnggerWani","6","6","12"
"nguyenducdungxxx","4","8","12"
"ni0ub","5","7","12"
"nicatmurtuzayev","7","5","12"
"nicko7","5","7","12"
"Nicks99","7","5","12"
"nico20z","6","6","12"
"NicoFelice","5","7","12"
"NicoGrelo","6","6","12"
"nicoklinger","6","6","12"
"NicolasVolgin","5","7","12"
"NICOLEPUNTAPINAS","6","6","12"
"nicoshka","6","6","12"
"NIEL69","6","6","12"
"Niethar","6","6","12"
"nigelgeorge127908C","6","6","12"
"nigelpetrosian","6","6","12"
"nihalsarin2004","6","6","12"
"Nijiv","5","7","12"
"Nikita_Kit","5","7","12"
"Nikita_Petrov12","7","5","12"
"NikitaLeBoss","6","6","12"
"NikitosFCKE","6","6","12"
"Nikssa_45","6","6","12"
"NimzTL","6","6","12"
"Nirmal_1111","6","6","12"
"nishu-nishu54321","5","7","12"
"Nishu007","6","6","12"
"nithy","6","6","12"
"NitoPensis","6","6","12"
"nixbro15","5","7","12"
"Niyamanand","6","6","12"
"NizzleyBizzley","6","6","12"
"NJPREDATOR","7","5","12"
"nkdamn","7","5","12"
"nlazouzi2","6","6","12"
"nneva","5","7","12"
"nnfokin","5","7","12"
"Noah7474","6","6","12"
"NoDiffusion","7","5","12"
"noemac76","5","7","12"
"non_servium","6","6","12"
"nonsonochry","6","6","12"
"nonstopchessplayer","5","7","12"
"nonutorak","5","7","12"
"noob_chess_noob","7","5","12"
"noobchess26","6","6","12"
"NOOBIE_001","5","7","12"
"noobster2021","6","6","12"
"NoorJannahja","6","6","12"
"norisyla","6","6","12"
"norwin","6","6","12"
"nostradamus33","5","7","12"
"Not_Abhay","6","6","12"
"not_ringo","6","6","12"
"notcleverandtooslow","6","6","12"
"NotFranky1985","6","6","12"
"NotKaru","6","6","12"
"nousernamewhatsoever","7","5","12"
"Novich-OK","7","5","12"
"novichok-12","6","6","12"
"Novoraj","5","7","12"
"Noygabs","6","6","12"
"Nubayeed_Yasin","6","6","12"
"Nuclear-Winter","7","5","12"
"Nugwa_awodi","6","6","12"
"Numro","7","5","12"
"Nunu045","6","6","12"
"nuralec","6","6","12"
"Nutricionista","5","7","12"
"ny89kz","6","6","12"
"nyashkov","6","6","12"
"nynjx","6","6","12"
"nyyasugoi21","6","6","12"
"o_online","6","6","12"
"O9AI","6","6","12"
"oakerlind","6","6","12"
"oblongshelf","6","6","12"
"OddAlpaca","6","6","12"
"odetojoyb","5","7","12"
"Off-War","6","6","12"
"OfficerAction","6","6","12"
"oficialmonto","6","6","12"
"OG_BES","5","7","12"
"oG_Jughead","5","7","12"
"OGbobbieblack","7","5","12"
"Ogerportel","7","5","12"
"ognivo","7","5","12"
"Ogreaggressive","7","5","12"
"Oguzhan_OKTAY2021","5","7","12"
"oguzhandulger399","6","6","12"
"oguzhann_turgut","7","5","12"
"ohmydaps","5","7","12"
"okimangelo","6","6","12"
"OlDirtyBishop","6","6","12"
"oldmagic47","6","6","12"
"Oleg_Li","6","6","12"
"Oleg_St_93","5","7","12"
"Olek_Anderson","6","6","12"
"OlekGL","6","6","12"
"Oleksandr898","6","6","12"
"oliveirasamuel","6","6","12"
"Olivier115","7","5","12"
"Oluche","5","7","12"
"Olzhas1509","6","6","12"
"omar1993j","6","6","12"
"omarcano","7","5","12"
"OmarElsherif11","5","7","12"
"omarsango","6","6","12"
"OmBrArch","5","7","12"
"omdajicaz","6","6","12"
"omeersanal","5","7","12"
"omerozyer","6","6","12"
"Ominimann","7","5","12"
"Onair","7","5","12"
"onaratawayha2","7","5","12"
"onetruepixd","5","7","12"
"Only_random","6","6","12"
"Onmyo-za","6","6","12"
"ono2ae","5","7","12"
"Ontario1","6","6","12"
"Onursari61","6","6","12"
"Onyawe","7","5","12"
"ooma93","6","6","12"
"OpasMost","6","6","12"
"opasno2","6","6","12"
"openriot","6","6","12"
"orangejustu","5","7","12"
"OrangeToby","7","5","12"
"oreskrunt","6","6","12"
"OrganicOil","6","6","12"
"Os_13","7","5","12"
"Osama_Ghoraba","6","6","12"
"osama8z22","5","7","12"
"OsamabnGamal","5","7","12"
"osamanegm","7","5","12"
"OscarOliva","6","6","12"
"Ostalovista","7","5","12"
"Osvaldo1985","6","6","12"
"otime4planb","6","6","12"
"Otsieno","5","7","12"
"Otty","6","6","12"
"Ous1709","7","5","12"
"Ovannes","6","6","12"
"OwtaCtrl","7","5","12"
"oyungamer27","5","7","12"
"ozdmr49","5","7","12"
"ozelburak","6","6","12"
"OzNeFerrari","6","6","12"
"P4bl0123","7","5","12"
"pabi_muri","8","4","12"
"pablo12tres","7","5","12"
"PabloBey77","6","6","12"
"Pabloca","6","6","12"
"pablocarnota1980","6","6","12"
"PabloGalli","6","6","12"
"pacao9","5","7","12"
"Pachanguero","6","6","12"
"pafgot","7","5","12"
"PAGM","6","6","12"
"palashdas","6","6","12"
"PalPalich","6","6","12"
"pan59","6","6","12"
"pandey_adi26","6","6","12"
"PansitDean","4","8","12"
"papapro1","7","5","12"
"papatilleul","6","6","12"
"papen83","6","6","12"
"PaperCrusader","5","7","12"
"papone63","6","6","12"
"Papuzzetto998","6","6","12"
"Paranese","6","6","12"
"paranoidPhantom","7","5","12"
"parasha_228","6","6","12"
"Parsa_chess85","7","5","12"
"PartyService","6","6","12"
"Pashahan","6","6","12"
"Pashokadidas","5","7","12"
"PassaroAlto","6","6","12"
"patatesizm","6","6","12"
"Patbasslatreille","6","6","12"
"pato_gamer111","7","5","12"
"PatrickBK","5","7","12"
"patricvf","7","5","12"
"Paul_Johnny","6","6","12"
"paulfabian","6","6","12"
"Paulicho","5","7","12"
"paurapides","7","5","12"
"PavelHrolovich","6","6","12"
"Paveljar","6","6","12"
"pawnpawn2345","5","7","12"
"pcpessoa","5","7","12"
"Pedal_42","7","5","12"
"pedro1906","7","5","12"
"pedroussuda","6","6","12"
"PefouLeFou","5","7","12"
"peixutu","5","7","12"
"Pekiat","6","6","12"
"pelao_galactico1","6","6","12"
"PelGambit","7","5","12"
"Pengy78","5","7","12"
"penquen","7","5","12"
"Pepperonibreakdown","6","6","12"
"Percussivejazz","5","7","12"
"PERNALEX","6","6","12"
"Persianbruv","5","7","12"
"person23","6","6","12"
"pertev","6","6","12"
"PerversissimusEns","5","7","12"
"pescerosso12345","6","6","12"
"PeshkaD4","6","6","12"
"pesky3","6","6","12"
"peterpants3","6","6","12"
"phalanks81","5","7","12"
"phalgun","7","5","12"
"phamkhoa2311","6","6","12"
"philippe58","6","6","12"
"phips55","7","5","12"
"photicdoom","6","6","12"
"PhychedeliC","6","6","12"
"piaggero","5","7","12"
"pichetete","6","6","12"
"Pichi40","7","5","12"
"PicoBelloBV","5","7","12"
"Piercer16","6","6","12"
"Pierrot5115","7","5","12"
"PieterBons","7","5","12"
"PietFailliet","6","6","12"
"pigolo","6","6","12"
"pijuan","7","5","12"
"PikachuGambit","6","6","12"
"Pilau","5","7","12"
"pimath","6","6","12"
"Pinku_12","6","6","12"
"Pintiaux","7","5","12"
"PioPioPiotrek","6","6","12"
"piotrp966","7","5","12"
"PiplupPrincess69","5","7","12"
"pirito2015","7","5","12"
"pistache_chocolat","6","6","12"
"Pitalo","7","5","12"
"Piterian2","5","7","12"
"pitoco09","6","6","12"
"Piviohyeah","6","6","12"
"Pizzabote1893","5","7","12"
"PizzaSteakhouse","6","6","12"
"PJose-Miguel","7","5","12"
"pkonid","6","6","12"
"PL_PL_13","6","6","12"
"plainplayer","7","5","12"
"plamia","6","6","12"
"player1389","6","6","12"
"Player169","6","6","12"
"player9999","6","6","12"
"Playernuno","6","6","12"
"Plc7hsz","6","6","12"
"Please_BeGentle","6","6","12"
"Pluslux","5","7","12"
"Pmodd","7","5","12"
"pocaloca","5","7","12"
"pockardbell","6","6","12"
"Pocmoj","5","7","12"
"poetpeople","5","7","12"
"Poisoner75","6","6","12"
"polinashavrina","6","6","12"
"pollito2021","6","6","12"
"Polovnikov_Denis","7","5","12"
"Polvazo","6","6","12"
"PomaG12","6","6","12"
"Pomares","6","6","12"
"Pooh431","6","6","12"
"poppoi","7","5","12"
"PorkFries","5","7","12"
"PormaX","6","6","12"
"portizan","6","6","12"
"potrobragado","6","6","12"
"poulets","6","6","12"
"POWERFULL1","7","5","12"
"PrabhuD","7","5","12"
"pranob","5","7","12"
"prateekshah","6","6","12"
"Pratul5","6","6","12"
"praveen-prakash","6","6","12"
"Praxis_Macola","7","5","12"
"Prep2390","6","6","12"
"Pretanoisma","6","6","12"
"pretobras","6","6","12"
"prime_predator","5","7","12"
"primenum02","6","6","12"
"Prince_Suhag","7","5","12"
"PrinceOfMostHigh","7","5","12"
"princesingh0010","5","7","12"
"PrinceTny","5","7","12"
"PrinzSciller","6","6","12"
"Progamer123213","7","5","12"
"prokopchik01","7","5","12"
"Prokopez","5","7","12"
"promoOD","6","6","12"
"promptdecomando","6","6","12"
"Pronoy568","6","6","12"
"ProPritam","6","6","12"
"ProSoC26","7","5","12"
"prothumb","5","7","12"
"provincyal","7","5","12"
"pryzum","7","5","12"
"psb1992","6","6","12"
"pstigerid","6","6","12"
"psychopathalien","6","6","12"
"PsychoticMe231","6","6","12"
"Ptaha_1-7_Panda","6","6","12"
"Ptdnnnn","6","6","12"
"Pterygoideus","7","5","12"
"ptolemeee","6","6","12"
"Ptx1976","5","7","12"
"PuH4uH","6","6","12"
"puil835","6","6","12"
"pumuckl26","5","7","12"
"Puppenmutti","5","7","12"
"Pupuka","5","7","12"
"Pureczcky","6","6","12"
"PurpleCandleyes","5","7","12"
"purplemagnolia","6","6","12"
"Purusartha","7","5","12"
"put1zeubi","6","6","12"
"puzakbro","5","7","12"
"PvalN","6","6","12"
"pvdrcz","6","6","12"
"pwned_pawn","6","6","12"
"pygmbr","6","6","12"
"pzlatsim","8","4","12"
"Qamyon","5","7","12"
"Qantaspi","6","6","12"
"Qf7x","5","7","12"
"qmac","6","6","12"
"Qosim_09","6","6","12"
"quackyduck1","6","6","12"
"Quantumxyz","8","4","12"
"Quarantinemachine","5","7","12"
"QuartzWatch","6","6","12"
"QueenElisabethIII","6","6","12"
"quemedo1321","6","6","12"
"quenwithonee","6","6","12"
"Quij0ter0s","5","7","12"
"QuinnLGC","6","6","12"
"Quinoma","5","7","12"
"Quit-After-I-Beat-U","5","7","12"
"Qvwd","6","6","12"
"qweii","6","6","12"
"qwertyion","5","7","12"
"R_M_XIIX","5","7","12"
"R_P_Das","6","6","12"
"R3NZDURIAN","7","5","12"
"raaj161","7","5","12"
"rachitmahajan","7","5","12"
"Racso97","6","6","12"
"radmir31","7","5","12"
"Radojica79","5","7","12"
"Radzio77","6","6","12"
"Raf_3141592","8","4","12"
"Rafaelcayon","6","6","12"
"raghunandan05082011","6","6","12"
"ragu143","6","6","12"
"Raha_Ghorbani","5","7","12"
"Rahemov","6","6","12"
"RAHill","7","5","12"
"rahmanyhamze","6","6","12"
"rahmathidd","6","6","12"
"Rahul_d90","7","5","12"
"rahulkille","7","5","12"
"Raiden2911","7","5","12"
"raiken2","6","6","12"
"rainerjyfh","6","6","12"
"Rainfuru","7","5","12"
"Raisuca","6","6","12"
"Raj283","6","6","12"
"rajabnijat","6","6","12"
"RajatSinghSahadev","6","6","12"
"rajnish1615","6","6","12"
"rajveer2703","5","7","12"
"Rak-sheet_09","5","7","12"
"RaketaBazhan","6","6","12"
"RakhishevAlizhan","6","6","12"
"ralivlecxa","7","5","12"
"Ralphjoe","5","7","12"
"Ram1995","6","6","12"
"ramafe","6","6","12"
"ramburak","5","7","12"
"ramiahwaz","6","6","12"
"ramsky34mendoza","4","8","12"
"Ramzai21","6","6","12"
"rand2020","6","6","12"
"randallsteel2","5","7","12"
"Random3434","7","5","12"
"rapok2020","5","7","12"
"rastarasta","6","6","12"
"Ratan0425","7","5","12"
"Ratatata333","6","6","12"
"Rateb1111","6","6","12"
"RaulNadal","6","6","12"
"raulsiglo21","7","5","12"
"ravichopra4032","6","6","12"
"ravidr250296","5","7","12"
"ravipranjalp","7","5","12"
"RayIsHere","6","6","12"
"Rayo77","6","6","12"
"Razavilli","6","6","12"
"rbickley","6","6","12"
"readyerrnot","6","6","12"
"RebeccaHarris2","6","6","12"
"redcathal","5","7","12"
"redearth329","7","5","12"
"redifikrio","6","6","12"
"Redsky2023","5","7","12"
"ReGiorgino","6","6","12"
"Reifier","6","6","12"
"ReiG_G","6","6","12"
"Reinaldopires","6","6","12"
"RelaxingOne","7","5","12"
"rembiejewski1989","5","7","12"
"Renatochess","6","6","12"
"rePaHb-2","5","7","12"
"resurgenceqft","6","6","12"
"Revy","7","5","12"
"rex0114","6","6","12"
"reygriva","6","6","12"
"ReyhanT","6","6","12"
"reymagic2","6","6","12"
"reza_kiani","6","6","12"
"Reza_SS","6","6","12"
"rezaa152","6","6","12"
"rezaamiri66","7","5","12"
"rezasalar","7","5","12"
"rgapurov","6","6","12"
"Ribas_Bc","6","6","12"
"Ricardolabrada","7","5","12"
"Ricefruit","6","6","12"
"RichaldoElias","6","6","12"
"RicoDD","6","6","12"
"rideu","7","5","12"
"Rik2020x","6","6","12"
"rim_chan","5","7","12"
"rimac_c2","6","6","12"
"ringardiyam","6","6","12"
"Rinnert","5","7","12"
"risamara","5","7","12"
"Rishik_Jain","7","5","12"
"Rithvik6","6","6","12"
"RivasUV","6","6","12"
"rivrblindnes","6","6","12"
"Riyan05","6","6","12"
"Rizki-novianto-BKD","6","6","12"
"rizzardofozz","6","6","12"
"RKDOC","6","6","12"
"Rkurup","7","5","12"
"Rmyslov","6","6","12"
"Rnhs","6","6","12"
"ROAD_2700","7","5","12"
"roadmanting","6","6","12"
"rob_a_17","6","6","12"
"Rob1603","6","6","12"
"RobbotC","7","5","12"
"robertluis","6","6","12"
"Roberto1","6","6","12"
"Robertt_38","5","7","12"
"robintin","6","6","12"
"robot01","8","4","12"
"robotik123","7","5","12"
"robsoniwamoto","6","6","12"
"Roby08","6","6","12"
"rockthebellbaby","5","7","12"
"Rocky1048","6","6","12"
"rodenas1","6","6","12"
"RodionZV","5","7","12"
"Rodraeg","6","6","12"
"Rodsan2000","7","5","12"
"roger1987","6","6","12"
"rohit91","6","6","12"
"rohitraj_iit","5","7","12"
"Rojas_Alejandro","6","6","12"
"rojopar69","7","5","12"
"Rojouleastley1221","5","7","12"
"Roman_2108","7","5","12"
"Roman533","7","5","12"
"Romanikus","6","6","12"
"Romanopro","7","5","12"
"romashik","5","7","12"
"Romeus07","7","5","12"
"Ronak_2000","5","7","12"
"ronniak2","7","5","12"
"ronnieSJ","6","6","12"
"RookButWhite","5","7","12"
"rookfromanothercolor","7","5","12"
"rookie-e4","7","5","12"
"ROOKIEMISTAKESALWAYS","7","5","12"
"Roque175","6","6","12"
"RORIBA1968","7","5","12"
"RosC","5","7","12"
"RoshanS","6","6","12"
"Rost_Chess","7","5","12"
"Rothkochapel","7","5","12"
"Round_of_Applause","5","7","12"
"royattaboy","6","6","12"
"royhuang","6","6","12"
"rrrjjjaaayyy","6","6","12"
"rrubiochess","6","6","12"
"Rtahock93","7","5","12"
"RubberDonkey","7","5","12"
"RubenDR","6","6","12"
"rubs98","6","6","12"
"Rudeboy267","5","7","12"
"rufos7","5","7","12"
"rumours","6","6","12"
"Runar72","6","6","12"
"Runner-Runner","6","6","12"
"rusel1","5","7","12"
"Russiabah","6","6","12"
"RussianBlizzard","7","5","12"
"RussianMaverik","5","7","12"
"rustyKing1965","5","7","12"
"Rutigliano","7","5","12"
"Ruzgar7_10","6","6","12"
"RVRommel","5","7","12"
"ryan535","6","6","12"
"RyanTaylor","7","5","12"
"rybakov22","7","5","12"
"ryebread4","6","6","12"
"rzaltfi","5","7","12"
"S_Golzari","6","6","12"
"S_L_Y","7","5","12"
"s_to_the_k","6","6","12"
"sabe1","6","6","12"
"SABiza","6","6","12"
"sachen_training","5","7","12"
"SadecebirInsan_1","6","6","12"
"sadifaiz","6","6","12"
"sado245","6","6","12"
"Saeid1357","7","5","12"
"saeid1363","5","7","12"
"Saeidb","5","7","12"
"sagar_IMproving","7","5","12"
"Sahib724","6","6","12"
"sahra56678999","5","7","12"
"sailor_sinbad","6","6","12"
"Saitov_Kami","7","5","12"
"Sajejobe","7","5","12"
"Sajoro","5","7","12"
"SAKAMOTO54321","7","5","12"
"sakeerhussain","6","6","12"
"Saksham999_999","6","6","12"
"Salamander97","7","5","12"
"Salavanstra","6","6","12"
"Salenko33","5","7","12"
"salsaton88","6","6","12"
"salutmoileplatan","6","6","12"
"sam_114","6","6","12"
"sam223","7","5","12"
"SamanthaPringle","7","5","12"
"samareshmandal","6","6","12"
"SamarthDariya","6","6","12"
"SametKorkusuz","7","5","12"
"Samhouri","6","6","12"
"Sami_BA","6","6","12"
"samkg5","6","6","12"
"samoleus","6","6","12"
"samosadelicavaru","6","6","12"
"samsles","6","6","12"
"Samstuart19","6","6","12"
"samuelkumar","7","5","12"
"san-tropez","6","6","12"
"Sandeep_katoch_07","6","6","12"
"SanderEN","6","6","12"
"SandnesOJ","5","7","12"
"sandr39","5","7","12"
"SandroGarcia","7","5","12"
"Sandrojorjadze","5","7","12"
"SankaKoffee08","5","7","12"
"sanketagrawal0707","7","5","12"
"santiago9828","6","6","12"
"Santitobibenji","5","7","12"
"Santo_Guti","7","5","12"
"Santosh_90","6","6","12"
"Sarbaz_Fadakar","7","5","12"
"Sarcasticplayer","6","6","12"
"Sarents","5","7","12"
"sargon-4ply","5","7","12"
"sarmeshk","6","6","12"
"Sarmientojesus1961","5","7","12"
"sarwar_87","8","4","12"
"saryevazim","7","5","12"
"Sasha-Zh2008","7","5","12"
"Sasha09212012","6","6","12"
"SashaFloppa","6","6","12"
"Sashidhar1997","5","7","12"
"Sasorian","6","6","12"
"sass2212","6","6","12"
"sasukiuchiwa","6","6","12"
"Saswata00","6","6","12"
"SatouMatsuzaka","6","6","12"
"satrancdahisi12","6","6","12"
"SaturneFr","6","6","12"
"sauer28","6","6","12"
"saurabhsmusic","7","5","12"
"savoie74","7","5","12"
"savva341","7","5","12"
"Sayful-Islam131992","6","6","12"
"SAYMA","7","5","12"
"sbarbauro","7","5","12"
"sbct10","6","6","12"
"SBG_For_Lyfe","6","6","12"
"Sbkana","7","5","12"
"sc_Vitaly","6","6","12"
"scaccolomatto","6","6","12"
"Scampini","6","6","12"
"Schach_AG","5","7","12"
"Schachtor611","6","6","12"
"Schachwaldi","6","6","12"
"ScheveningenSea","5","7","12"
"schka","6","6","12"
"Schlammpeitzger","6","6","12"
"Schmoscar","6","6","12"
"schoenherrr","6","6","12"
"Schrulli","7","5","12"
"Schubi","6","6","12"
"Schwadrobel","6","6","12"
"Sciattic","6","6","12"
"Scott1974","7","5","12"
"scottyBandelo","6","6","12"
"scottyv","6","6","12"
"sd_sahan","6","6","12"
"SDnems","7","5","12"
"sdres","6","6","12"
"seabass66","6","6","12"
"SeanHolman","5","7","12"
"seanjudd","6","6","12"
"Seb_a","6","6","12"
"Sebacus","5","7","12"
"SebaGambit","5","7","12"
"Sebas_117_09","6","6","12"
"sebastian1398","6","6","12"
"Sebbojones","6","6","12"
"sebL7","7","5","12"
"sedmark","6","6","12"
"Seep_Daniel","5","7","12"
"seethegreen","7","5","12"
"Seif_Mousa","6","6","12"
"seif78","6","6","12"
"sekhar123","7","5","12"
"sekta995","6","6","12"
"Seldom7","6","6","12"
"SelfishDetail","6","6","12"
"selin_ahang","7","5","12"
"sem1111","6","6","12"
"Semper_Fideliz","7","5","12"
"semsettinbilgin","5","7","12"
"Senio","5","7","12"
"Seomoonjo","6","6","12"
"SephenFe","6","6","12"
"SEQUOIA","6","6","12"
"Ser171","6","6","12"
"Ser1979","7","5","12"
"seraj1892","7","5","12"
"Serega2302","6","6","12"
"sereja666","7","5","12"
"sergey1406","6","6","12"
"SergeyPodorozhnik","7","5","12"
"Sergeysa1974","7","5","12"
"SergTom","6","6","12"
"serik24","5","7","12"
"SeriousSadiq","6","6","12"
"serjoga85","7","5","12"
"Serrkan","6","6","12"
"Sery78","7","5","12"
"Setu10","6","6","12"
"Seven_Plus","6","6","12"
"sey1t","7","5","12"
"shadowhak","6","6","12"
"shafiq1ca","5","7","12"
"shahidbits2012","7","5","12"
"shakingthetree","6","6","12"
"shaneb235","6","6","12"
"shaolchypa","6","6","12"
"sharathshiva","7","5","12"
"sharisson","6","6","12"
"sharjeelailia","7","5","12"
"Sharknado88","6","6","12"
"sharmardl","7","5","12"
"SharpAsHell","6","6","12"
"shashank277","6","6","12"
"Shcherbyna","7","5","12"
"shefatov","5","7","12"
"Shekoov","6","6","12"
"Shelenn","6","6","12"
"sherlock_holmes77","7","5","12"
"shesellsseashells","6","6","12"
"shibhansh","7","5","12"
"shillbuild","6","6","12"
"shining06","7","5","12"
"shinj1kari","6","6","12"
"Shiwah","6","6","12"
"shleemthonson","7","5","12"
"Shogui85","6","6","12"
"shoootin","5","7","12"
"ShortBusBrown","6","6","12"
"shreejoypodder","6","6","12"
"Shreyangha","5","7","12"
"shriprakashn","6","6","12"
"shubh04gayle","5","7","12"
"shubham_95","5","7","12"
"Shubhamrai","7","5","12"
"Shugenja","6","6","12"
"shurmajee","6","6","12"
"shyam_sundar","7","5","12"
"si-liesure","5","7","12"
"Sibahle1","6","6","12"
"Sicha","6","6","12"
"Siciliansnake","6","6","12"
"Siddgambit","5","7","12"
"Siddharth998","6","6","12"
"SiddharthAswal","6","6","12"
"Siddhesh9","6","6","12"
"Siggilius","6","6","12"
"Sigi1982","7","5","12"
"sigurdstout","7","5","12"
"siju2411","6","6","12"
"silvia125550","6","6","12"
"Simi64","6","6","12"
"Simonien","7","5","12"
"simplengpogi","6","6","12"
"simsekmcquenn","6","6","12"
"sipgate","5","7","12"
"Sippy5073","6","6","12"
"SirAlmonds","6","6","12"
"sirissac","6","6","12"
"SirjamesoL","6","6","12"
"Sirkocarlsen","6","6","12"
"Sirlucas26","6","6","12"
"SISCHESSAR","6","6","12"
"sivle-priv","5","7","12"
"sixtyfour64","7","5","12"
"skadar","7","5","12"
"skadoosh12311","5","7","12"
"Skarthik69","6","6","12"
"skaterat","7","5","12"
"skcp","6","6","12"
"SKfox","6","6","12"
"SkillCapped","6","6","12"
"SkizUnderrated","5","7","12"
"skrish027","6","6","12"
"SL_U","6","6","12"
"Slake13","6","6","12"
"Slava_125","6","6","12"
"Slava_Ki4","5","7","12"
"slavamyronov","6","6","12"
"sledsupport","5","7","12"
"sliv4enko","7","5","12"
"slogmyth","6","6","12"
"Slowdie","6","6","12"
"slowfinger2","5","7","12"
"Slyweb07","7","5","12"
"sm_412","5","7","12"
"smarties75","6","6","12"
"smerdjakow","6","6","12"
"smh99","6","6","12"
"SmoczeKule","6","6","12"
"SmoothCrimi","6","6","12"
"smsemod","6","6","12"
"Snake_Mthira","7","5","12"
"snuskrusk","6","6","12"
"sobhan_naseri1394","6","6","12"
"soccerswag10","6","6","12"
"sohaibbmkns","6","6","12"
"SojaHenne","7","5","12"
"SolanaCheckmateCrew","6","6","12"
"Solijon","6","6","12"
"solube2","5","7","12"
"solwezi1","5","7","12"
"somewhereinthe4thdim","6","6","12"
"Sommerfugl","7","5","12"
"Sonnnnn","6","6","12"
"soosh","6","6","12"
"sop","5","7","12"
"souftosouf","6","6","12"
"Souix","6","6","12"
"Soum2003","6","6","12"
"source_juma","7","5","12"
"Sousoudespc","6","6","12"
"sOvAirInA","6","6","12"
"SoyChina","6","6","12"
"soyolerdene","6","6","12"
"Sozin_ST","6","6","12"
"Sp33dY2000","7","5","12"
"spandchess","6","6","12"
"Spank_Daddy","6","6","12"
"Sparid","6","6","12"
"sparkeygames","6","6","12"
"SpbSouthWest","5","7","12"
"SpeedcuberTim","6","6","12"
"Spibuttel","5","7","12"
"splattael","5","7","12"
"spoilt88","5","7","12"
"SpookyDoc","5","7","12"
"sPPainistan","8","4","12"
"SPranav1234","5","7","12"
"squarecentral1","6","6","12"
"Squiffknight","6","6","12"
"sr_yanes","6","6","12"
"SR1992","5","7","12"
"srag90","6","6","12"
"SRajchess","6","6","12"
"sreehariprasad","7","5","12"
"srekoble","6","6","12"
"srgvetal","6","6","12"
"Srijanii","7","5","12"
"srikanthkommula","7","5","12"
"srikawnthp","6","6","12"
"Srinath99","6","6","12"
"sriramchess077","6","6","12"
"SrSquanchy","6","6","12"
"ssdebeli","5","7","12"
"sshrpa","5","7","12"
"ssssserrrrr","6","6","12"
"Staarsh","7","5","12"
"stan777","6","6","12"
"stanchess007","7","5","12"
"stanislaw2006","6","6","12"
"stapora001","6","6","12"
"Stardate3277","7","5","12"
"STATEH2O","7","5","12"
"stavrosd08","6","6","12"
"STDragon","7","5","12"
"steffe20","7","5","12"
"steffisteinmueller","6","6","12"
"sterman","5","7","12"
"steve_austine","6","6","12"
"steviechess","6","6","12"
"steviecool","6","6","12"
"StichyM","6","6","12"
"stillaPatzer","7","5","12"
"stinkeye","6","6","12"
"stkgarant","6","6","12"
"StoneyBalogna","8","4","12"
"STOPID","7","5","12"
"Storm974","5","7","12"
"Stormbreaker24","7","5","12"
"stoukerman","6","6","12"
"StrangeOldMan","6","6","12"
"strangerous","5","7","12"
"strangify","6","6","12"
"Strekha_Viktor","6","6","12"
"Strike2","6","6","12"
"Stritzknisk","6","6","12"
"strogoff66","7","5","12"
"stuif","5","7","12"
"subho628","6","6","12"
"suctionprints","6","6","12"
"sudee13","5","7","12"
"sudhanshusagar04","6","6","12"
"sukruthhk","6","6","12"
"Suleymanov_Marat","6","6","12"
"Sumukh-B","6","6","12"
"suntzuatwar","7","5","12"
"superchess222","7","5","12"
"superkeltos1234","6","6","12"
"Superleif79","7","5","12"
"supertight31","5","7","12"
"SuperVovik","6","6","12"
"surys","6","6","12"
"sushiman1111","5","7","12"
"suweid","6","6","12"
"suwflacer","6","6","12"
"sv_st","6","6","12"
"sveinb","6","6","12"
"swapnily","5","7","12"
"Swarit-05","8","4","12"
"syahkay","7","5","12"
"Syara-RCK","5","7","12"
"SydneyBarrett","7","5","12"
"Szachrataj","5","7","12"
"T_1_M_A_X","7","5","12"
"T2013","6","6","12"
"T4n0","6","6","12"
"ta-veren","7","5","12"
"TaBella-Ira","6","6","12"
"taco_man","6","6","12"
"TacticalMonkey","6","6","12"
"TacticalTerrapin","7","5","12"
"tadakori","6","6","12"
"Taedium","7","5","12"
"tafse92","6","6","12"
"tagrcm","6","6","12"
"TAHAGS10","7","5","12"
"Taistelumurmeli","7","5","12"
"talactm","4","8","12"
"TalsProdigy","5","7","12"
"TamajonPorras","6","6","12"
"Tamaraion","6","6","12"
"tamur","7","5","12"
"Tanja64","6","6","12"
"Tankke5_3","6","6","12"
"tapdatash","6","6","12"
"Tapo17","5","7","12"
"Tara-ua","6","6","12"
"taras85","7","5","12"
"Tartar11","5","7","12"
"Tartetatin","6","6","12"
"Taselino","6","6","12"
"Tasin51","7","5","12"
"TassiloS","6","6","12"
"TatianaDias16","6","6","12"
"taue_ar","7","5","12"
"Taylancen","8","4","12"
"TaylanSS","6","6","12"
"tbomas","6","6","12"
"tbone11234","6","6","12"
"te307mo","7","5","12"
"teacher_98","6","6","12"
"teborne","6","6","12"
"technomagnus","5","7","12"
"ted3890","7","5","12"
"Tedtobii","7","5","12"
"TegunGorkem","7","5","12"
"teletobby","6","6","12"
"tello57","5","7","12"
"teodordada","6","6","12"
"terapist","7","5","12"
"TERI_GCI","6","6","12"
"terminator-t800","6","6","12"
"Tesii","5","7","12"
"Teterin_Alexander","5","7","12"
"Teza_18","5","7","12"
"tgktgk","6","6","12"
"TGZAB","7","5","12"
"TH3_PL4Y3R","6","6","12"
"thaikhanglucnguyen","7","5","12"
"thanospol","7","5","12"
"thanosvergina","5","7","12"
"Tharmiel2020","5","7","12"
"Thasmira","5","7","12"
"That1SoldierBoy","4","8","12"
"the_checker","6","6","12"
"THE_DARK_PHEONIX_SL","6","6","12"
"the_das","6","6","12"
"The_Head777","6","6","12"
"The_Owl_of_Minerva","6","6","12"
"The_Rising_Night","7","5","12"
"THE_USELESS_ONE","6","6","12"
"thebeanmeister","5","7","12"
"thebluehawk1","6","6","12"
"TheConjuring","6","6","12"
"TheCooby","5","7","12"
"TheCosmicArda07","6","6","12"
"TheDarkKnightRising","5","7","12"
"Thedrunkwill","7","5","12"
"TheHumanCentipawn2","5","7","12"
"TheMajesticBrito","6","6","12"
"themuskratman","6","6","12"
"theobg025","6","6","12"
"Theonetruejerry","7","5","12"
"theox07","7","5","12"
"TheQueeningPawns","6","6","12"
"TheRedgreekdude","6","6","12"
"TheRigaMagician","6","6","12"
"TheWeepingMonk","6","6","12"
"theysn","5","7","12"
"ThibS2906","6","6","12"
"THIS_IS_SPARTAA","6","6","12"
"thomas18F","6","6","12"
"thomasvkerala","6","6","12"
"ThonySo","6","6","12"
"Thor_44","6","6","12"
"Thorine","6","6","12"
"thyh","6","6","12"
"thykingburna","6","6","12"
"ti_ny","7","5","12"
"tiagodrehmer","7","5","12"
"Tigerauge","8","4","12"
"Tigerroll","7","5","12"
"tigr64","6","6","12"
"Tigran281190","5","7","12"
"Tikoff_CR","5","7","12"
"Tikpo","7","5","12"
"timidbeast","6","6","12"
"Timinho44","5","7","12"
"Timurlenk1516","6","6","12"
"TisIvanOnAVisit","5","7","12"
"TisuBasah","6","6","12"
"titi62330","6","6","12"
"titovandrey29ru","6","6","12"
"tittypair","6","6","12"
"Titus59","5","7","12"
"tkmsd7","5","7","12"
"tn_wvsof","5","7","12"
"tnjking","6","6","12"
"ToeBrogan","5","7","12"
"ToJIuk","6","6","12"
"ToKnightt","6","6","12"
"tom_tom20","6","6","12"
"tom_tom3","7","5","12"
"tomasduhalde","6","6","12"
"Tomasgor","6","6","12"
"Tomfadd","6","6","12"
"Tomthomo","5","7","12"
"tonyjjose","7","5","12"
"tonypr","6","6","12"
"TopalFare","6","6","12"
"Topalov_QX","6","6","12"
"TopeDinamico","6","6","12"
"TOPRAKLONTONGSAYUR","6","6","12"
"torhh","6","6","12"
"toric8","6","6","12"
"Torlej","5","7","12"
"toront0","5","7","12"
"TotalCrush","6","6","12"
"toutlemondeBP","6","6","12"
"TPHRyan","6","6","12"
"TpTemuka","6","6","12"
"TR1PAseca","6","6","12"
"Tr4ffaz","7","5","12"
"Training_2008","6","6","12"
"Trapezedro","5","7","12"
"Trebor050","7","5","12"
"Trellefant","7","5","12"
"Trewq54yyfs7","4","8","12"
"TreyvorJannarone","7","5","12"
"TRiddle","5","7","12"
"Tridibesh_87","7","5","12"
"Trihard17","5","7","12"
"Trishona576","6","6","12"
"Trishu_N","7","5","12"
"Tristrike","6","6","12"
"Triyambak4377","6","6","12"
"trkmrm","7","5","12"
"TRMartial","6","6","12"
"Troiba","5","7","12"
"trolasblack","7","5","12"
"Tron-Legacy2025","6","6","12"
"trpunk","6","6","12"
"TrudelGeratella","6","6","12"
"ts332vn","6","6","12"
"Tsba2000","5","7","12"
"Tsentle2016","6","6","12"
"Tsoris","5","7","12"
"TT0mas","5","7","12"
"Tubby2010","6","6","12"
"TugraCoskundeniz35","6","6","12"
"tuhlata","7","5","12"
"tuldoklambat","6","6","12"
"Tulio26","7","5","12"
"tumbleweeDD","5","7","12"
"TuralG7","6","6","12"
"turbo_boy","7","5","12"
"Turing310","6","6","12"
"turj_classical","6","6","12"
"tuskeeeee","6","6","12"
"tututz","5","7","12"
"TVDK","7","5","12"
"Two-legged-Nessie","6","6","12"
"txt7","5","7","12"
"txuritonichan","6","6","12"
"TylerGoh","6","6","12"
"TylerSweeney","6","6","12"
"typoymister","7","5","12"
"Tytyto","7","5","12"
"u_s_e_r_n_a_m_ee","6","6","12"
"U100D","6","6","12"
"Uchiha_Itachiiiii","5","7","12"
"Udayabaskar","6","6","12"
"udaychandra","7","5","12"
"UEGStalemate","6","6","12"
"Ufuk0855","6","6","12"
"UJelly1","5","7","12"
"umang__k","6","6","12"
"umbs89","6","6","12"
"Umbuakale","5","7","12"
"UMCH","6","6","12"
"umgod","6","6","12"
"umuttutal","5","7","12"
"uncle_p","6","6","12"
"Uncompahgre","6","6","12"
"Unconnecting","5","7","12"
"uncrushedIce","6","6","12"
"Ungavar1","6","6","12"
"Unknoof","6","6","12"
"unluckypawnes","6","6","12"
"UnNoOne","7","5","12"
"Unomasuno","7","5","12"
"urius59","6","6","12"
"urmatstroi","6","6","12"
"username_ro","5","7","12"
"ustad17","5","7","12"
"UTuutt1207","6","6","12"
"V0v12","7","5","12"
"va11ra77va-a","7","5","12"
"va3101","6","6","12"
"Vacazul","6","6","12"
"vace117","6","6","12"
"Vadim_V_Teplyakov","6","6","12"
"Vadim1990stark","6","6","12"
"Vadim369","6","6","12"
"VAdriaan","5","7","12"
"Vadyan_workout","6","6","12"
"VaevSerg1","6","6","12"
"VakotaLikeDi","6","6","12"
"ValdemarVlad","7","5","12"
"Valeita","5","7","12"
"Valentin193","5","7","12"
"Valeri4","5","7","12"
"Valondil","8","4","12"
"Van_Der_Saar","6","6","12"
"vandan10","6","6","12"
"Vandy614","6","6","12"
"Vanik1993","7","5","12"
"vanqu1sh95","7","5","12"
"VANR1029","6","6","12"
"vanzzx10","6","6","12"
"varan77","6","6","12"
"Vardan03","7","5","12"
"VareNick","6","6","12"
"vasabi89","6","6","12"
"Vasisualii","6","6","12"
"Vazimba","6","6","12"
"vchugo","6","6","12"
"vedatdelevi1","6","6","12"
"vedop123","6","6","12"
"Vegeta67","6","6","12"
"velediplayer","5","7","12"
"veli232323","7","5","12"
"Velocidads","5","7","12"
"venado29","6","6","12"
"Vera3016","6","6","12"
"verdugo3000","5","7","12"
"Verouge","7","5","12"
"verstunken","7","5","12"
"very_good_person","6","6","12"
"VeyselAlptekin","5","7","12"
"vgah92","6","6","12"
"VH6270","6","6","12"
"vialcampeon","5","7","12"
"vicmanx","6","6","12"
"Victa_V","6","6","12"
"VictorHH","6","6","12"
"vidhanisthename","5","7","12"
"Vidw760987","6","6","12"
"vietnogi","5","7","12"
"Vignatus","7","5","12"
"VikramGS","6","6","12"
"Vinayak_Tripathy-58","5","7","12"
"VinaySridhar","7","5","12"
"VincentM2001","6","6","12"
"vinesh_2006","6","6","12"
"ViniciusRealMadrid","6","6","12"
"vinnie742","6","6","12"
"vinnythegreat","6","6","12"
"Vinob","7","5","12"
"VinodFernando","7","5","12"
"virual","6","6","12"
"ViRuS5687","6","6","12"
"visdemryggengutt","6","6","12"
"Vish_al","6","6","12"
"vishal_gupta9","5","7","12"
"Vishwatheknight1468","6","6","12"
"Viskozite","5","7","12"
"VISWESE","5","7","12"
"VitaliaMaster","5","7","12"
"VITALO888","6","6","12"
"vitorsmchess","7","5","12"
"vittamraju","5","7","12"
"vittgio2014","7","5","12"
"vive64","5","7","12"
"Vivek_01","7","5","12"
"Vivern-Gorgon80","6","6","12"
"vixtt","6","6","12"
"ViZero","5","7","12"
"vkanavath","5","7","12"
"vkdhar","6","6","12"
"Vlad_Aleksushin","6","6","12"
"Vlada4321","8","4","12"
"vladgasya","7","5","12"
"VladimirVE70","5","7","12"
"Vladislav771","5","7","12"
"VladLen17","4","8","12"
"Vlasikhin_Maksim","6","6","12"
"vlasovalexander","5","7","12"
"vmathur007","7","5","12"
"vnordhessen","6","6","12"
"vobaka","5","7","12"
"voldnik","5","7","12"
"vorovskayalapa1917","7","5","12"
"vovattop","6","6","12"
"vs_Pro_nik","5","7","12"
"vsdc2020","5","7","12"
"vulehathuy","6","6","12"
"VUQAR100","6","6","12"
"vvek","6","6","12"
"vyeth","6","6","12"
"wajdis","5","7","12"
"wakefuldreamer","7","5","12"
"Waldemarling","6","6","12"
"walid-et","5","7","12"
"walidchess","6","6","12"
"Walter4632","6","6","12"
"wandervelloso","6","6","12"
"warchief93","6","6","12"
"warjer","6","6","12"
"warlitros","6","6","12"
"Warlock24","5","7","12"
"warplanner187","4","8","12"
"warryhalsh","6","6","12"
"wasemKaressli","7","5","12"
"wasili","6","6","12"
"WCCC24","6","6","12"
"Weaverwaver","6","6","12"
"Wednesday27","6","6","12"
"WeirIV","6","6","12"
"wejih_ensi","6","6","12"
"Welingt0n","6","6","12"
"wet-pants","6","6","12"
"whalzat3","6","6","12"
"wheaties","5","7","12"
"Whigo05","7","5","12"
"White__Black","5","7","12"
"whitegale","6","6","12"
"WhyUdontBongcloudMe1","6","6","12"
"wickedbishop01","6","6","12"
"wiiun","6","6","12"
"Wildhorses1","5","7","12"
"willi2500","6","6","12"
"willygradefes","6","6","12"
"winged_victory","6","6","12"
"winiak88","7","5","12"
"WinnaB007","5","7","12"
"WiseT","5","7","12"
"Witch-way","5","7","12"
"wlanzani","6","6","12"
"woah10","6","6","12"
"Wolfier","5","7","12"
"wonderknight12","5","7","12"
"WonderNo7","4","8","12"
"wreed20229","7","5","12"
"wryaosman","6","6","12"
"WTA69","7","5","12"
"Wunni","7","5","12"
"WwF89","6","6","12"
"Wychbold","6","6","12"
"wzrd101","6","6","12"
"X5W","7","5","12"
"xac78","8","4","12"
"xadolei","6","6","12"
"Xadrezistaz","7","5","12"
"Xanter555","6","6","12"
"Xavitu","6","6","12"
"xBwa","6","6","12"
"xeniaraider","6","6","12"
"XL1981","6","6","12"
"Xm4i","5","7","12"
"xon333","6","6","12"
"xsarahx","6","6","12"
"xsophianaz","5","7","12"
"XVoomen","6","6","12"
"Xyrhxjan","7","5","12"
"y_nick","6","6","12"
"Y4EHUK","6","6","12"
"ya_rosla_v","6","6","12"
"yacine_pawn","5","7","12"
"Yakoubi95","6","6","12"
"yakultsoju","6","6","12"
"Yannie21st","5","7","12"
"yarnivek","6","6","12"
"YaroslavGarres","5","7","12"
"yash_chhabra","5","7","12"
"yashlnarayan","5","7","12"
"yasosafo","6","6","12"
"Yasser_189","7","5","12"
"Yassine267","7","5","12"
"Yavokan","6","6","12"
"yayura","6","6","12"
"yazdani1347rahim","5","7","12"
"YBH","6","6","12"
"YC56","5","7","12"
"YCAW","6","6","12"
"yChessNow","6","6","12"
"Yeeeeeeaaaaahhhhhhhh","5","7","12"
"yellowknight1","5","7","12"
"Yeppes18","5","7","12"
"Yetisport_85","5","7","12"
"yhajaira","6","6","12"
"yhorel-2O12","7","5","12"
"yigitaras42","8","4","12"
"Yjhangiri","6","6","12"
"yliubm","5","7","12"
"ymnshn","6","6","12"
"ynnhi","5","7","12"
"ynovation","6","6","12"
"Yogas20","6","6","12"
"Yogesh2803","6","6","12"
"Yordy26","5","7","12"
"youcant","7","5","12"
"YouHateMyName","7","5","12"
"younesdzz213","7","5","12"
"youneszar","6","6","12"
"youngaryan","7","5","12"
"youngmax","6","6","12"
"yousef1360","5","7","12"
"ysag07","6","6","12"
"YU_SU_F","6","6","12"
"YuliaC01","6","6","12"
"yuna9990","5","7","12"
"YungDM420","7","5","12"
"Yunus222","6","6","12"
"yuriprm","6","6","12"
"YuriyBSK","8","4","12"
"YuvalMarchasin","6","6","12"
"yvanjesus24","6","6","12"
"Z5_Z5_Z5","6","6","12"
"z7DaviD","5","7","12"
"za_korolya","6","6","12"
"ZacL_HTHS","7","5","12"
"zafarimtiaz","6","6","12"
"Zaigraev_Mikhail","4","8","12"
"ZakirAliyev","6","6","12"
"Zalakain2020","5","7","12"
"zalterego","5","7","12"
"Zanja187","6","6","12"
"Zbigniew99","7","5","12"
"zbru","7","5","12"
"ZBTraits","6","6","12"
"zdannyz","7","5","12"
"zdraj","7","5","12"
"Zega_PCI","6","6","12"
"ZehirsizKobra","7","5","12"
"ZehraKoca","6","6","12"
"zeiado","6","6","12"
"Zeliot","6","6","12"
"Zelo_seobie","6","6","12"
"zendoh07","6","6","12"
"Zepper_chu","6","6","12"
"ZeusOfChess0","6","6","12"
"zevy06","6","6","12"
"ZeynalOtman","6","6","12"
"zhaky","5","7","12"
"Zhugbuk10","5","7","12"
"Zhyamm","5","7","12"
"Zimbabweanac","6","6","12"
"Zirakezrang","7","5","12"
"zlata1083","5","7","12"
"zonderzon","6","6","12"
"Zoom-123","7","5","12"
"zorrochyvak","6","6","12"
"zossen201","6","6","12"
"Zubaedy-Bone","7","5","12"
"zubic1986","6","6","12"
"zuhairabbas","6","6","12"
"zurabib","6","6","12"
"zurcio","7","5","12"
"zvone1986","6","6","12"
"zyozyo_1","7","5","12"
"Zypharce","6","6","12"
"Zyriabe","7","5","12"
"a_call_beyond","5","6","11"
"a_leeeeeeee","6","5","11"
"A_Moradizaki","6","5","11"
"A_nuta","4","7","11"
"A_Qays99","6","5","11"
"a-g-07","6","5","11"
"a11n","5","6","11"
"a123hramov","6","5","11"
"A1964","6","5","11"
"A1SaUCE93","6","5","11"
"A4wins","4","7","11"
"Aadidev14042011","5","6","11"
"AALISONN","5","6","11"
"Aardonyx","6","5","11"
"aathakurdesai","7","4","11"
"ab03","5","6","11"
"Abalulu","5","6","11"
"Abantu","6","5","11"
"AbarTokhm","4","7","11"
"abbas2740","6","5","11"
"abbasrana","6","5","11"
"abbbbas","5","6","11"
"abcd_abcd_1401","5","6","11"
"Abchife","5","6","11"
"Abdalla_Abukleawa","5","6","11"
"abdelkaderb","5","6","11"
"Abdelrhman-afifi","6","5","11"
"abdul181988","5","6","11"
"Abdulc55","5","6","11"
"abdulla6if","6","5","11"
"abdullahsha89","6","5","11"
"Abed556078","5","6","11"
"abhay4444","5","6","11"
"abhi_ab","5","6","11"
"abhi2606","6","5","11"
"AbhiBhandari","6","5","11"
"AbhijeetP123","6","5","11"
"abhijithsharma","6","5","11"
"Abinas","6","5","11"
"abo_taleen","5","6","11"
"Abodehasson","5","6","11"
"AboEIAD2021","5","6","11"
"Abolfazl021_km","6","5","11"
"abombelephant","5","6","11"
"aborici","6","5","11"
"AboYosef1967","5","6","11"
"Abubakr0904","5","6","11"
"accedi_benfrank643","6","5","11"
"acemiyim21","6","5","11"
"ACGenc","6","5","11"
"Achdian","5","6","11"
"aconcept24","5","6","11"
"AD_Nezar2019","6","5","11"
"adam92ss","5","6","11"
"Adamar","4","7","11"
"Adamixx","6","5","11"
"AdamSami19","6","5","11"
"AdamSmith88","5","6","11"
"AdaYl","6","5","11"
"Adayson","6","5","11"
"Adhish_MJM","6","5","11"
"AdilB123","5","6","11"
"ADITKHERIA1005","5","6","11"
"Aditya7k","5","6","11"
"Adityatanawade27","7","4","11"
"Adnantoosane","6","5","11"
"Adolf_Geizer","5","6","11"
"adolfomagister33","6","5","11"
"adrenaline96","5","6","11"
"adrmx","5","6","11"
"AdroaLive","5","6","11"
"adryan69","5","6","11"
"Adzigeldiev_Zahar26","5","6","11"
"Affan771","6","5","11"
"Affigueroab","5","6","11"
"Affinis","7","4","11"
"Afipia-felis","6","5","11"
"afk2671","5","6","11"
"Agent33","7","4","11"
"agger302","4","7","11"
"AghasiyevaFidan","5","6","11"
"agisitan","5","6","11"
"Agrimssingh","6","5","11"
"AgunkSambeng","6","5","11"
"agushtik","5","6","11"
"Agustin_Suarez33","6","5","11"
"ahaangod","6","5","11"
"Ahm524","5","6","11"
"ahmad_alshurafa","4","7","11"
"Ahmadalmaasfeh","4","7","11"
"AhmadKabeya","6","5","11"
"ahmed_mroosh","7","4","11"
"Ahmed0107","6","5","11"
"ahmed10000","5","6","11"
"ahmed1996asd","6","5","11"
"Ahmed289","4","7","11"
"Ahmed8402","7","4","11"
"Ahmedashraf92","4","7","11"
"ahmedelsaedy","6","5","11"
"Ahmedhan2008","5","6","11"
"ahmedhosni","6","5","11"
"AhmedMosttafa","7","4","11"
"Ahmedsolo","5","6","11"
"AHmeeeeed55","6","5","11"
"ahmet4","6","5","11"
"ahmetfarukozsoy","6","5","11"
"ahmetkayanz","4","7","11"
"AHS17","6","5","11"
"AidarOn","5","6","11"
"Aidos_Dosmakhan","5","6","11"
"aimenmansouri","5","6","11"
"airjam","6","5","11"
"Aisop","6","5","11"
"aitorbe","6","5","11"
"Aizhan000","6","5","11"
"ajdararvan","5","6","11"
"ajedrecista2023","5","6","11"
"AjedrecistaFrustrado","7","4","11"
"AJEDREZ-ESTUDIO","5","6","11"
"ajedrezelmejor","5","6","11"
"AJHaa","5","6","11"
"AJKT","5","6","11"
"ajzea","6","5","11"
"ak00001","6","5","11"
"ak9588171","6","5","11"
"akakudan","5","6","11"
"akakyaguruprasad","5","6","11"
"Akbar_Sandro","6","5","11"
"Akbaraly","5","6","11"
"AkcaM","6","5","11"
"akchesss","4","7","11"
"AkhetNaydler","6","5","11"
"Akhilenth","6","5","11"
"akhilnbr1","5","6","11"
"aki43","5","6","11"
"akine7","5","6","11"
"AKingdomForAPawn","6","5","11"
"ako_TOpre","6","5","11"
"Akova","6","5","11"
"akxonil","6","5","11"
"al_fnan","6","5","11"
"al1974","5","6","11"
"Al3x_96","6","5","11"
"Al3xandr_Ulyanov","5","6","11"
"Al4xchess","4","7","11"
"AlaaElhares30","5","6","11"
"alaahelmy","5","6","11"
"AlaaMasoud","5","6","11"
"Alaattinn","5","6","11"
"Aladdin_Delon","4","7","11"
"Aladino6","6","5","11"
"AlainVeniceMontreuil","6","5","11"
"alanmosRJ23","6","5","11"
"Albanoveneto69","6","5","11"
"albarca","5","6","11"
"Alberrrrrr","4","7","11"
"albert_0971","5","6","11"
"alberto_rivera","6","5","11"
"Albi_1991","6","5","11"
"Albread","5","6","11"
"Aldo68","7","4","11"
"AlecMiah","4","7","11"
"AleDottore00","5","6","11"
"Alejandrojjp","4","7","11"
"Aleksa_Frizer034","5","6","11"
"AleksaFrizer","6","5","11"
"aleksandr040","6","5","11"
"AlekseiR","5","6","11"
"alekskuko","5","6","11"
"Aless28","6","5","11"
"Alex_Kartsev","6","5","11"
"alex1szz","6","5","11"
"alex96parsay","5","6","11"
"Alexander_22_09","7","4","11"
"alexander6333","5","6","11"
"Alexandr_Kotov","5","6","11"
"Alexandre_Lopez","5","6","11"
"Alexandrelepetit","5","6","11"
"AlexandrETA","5","6","11"
"Alexandros888V4","5","6","11"
"Alexbg75013","5","6","11"
"Alexdineira","5","6","11"
"alexeii9","6","5","11"
"Alexey12356","5","6","11"
"Alexeykmv","5","6","11"
"AlexeyLeo","6","5","11"
"AlexHC","5","6","11"
"alexkoran","6","5","11"
"AlexnGuy","6","5","11"
"AlexNvkz","5","6","11"
"AlexRussian375","6","5","11"
"AlexS01","6","5","11"
"alexsevas28","6","5","11"
"Alextare88","4","7","11"
"alexvasnetsov","6","5","11"
"alexxiz","6","5","11"
"Alfanhui","5","6","11"
"ALFASHEl","6","5","11"
"alfhillen","6","5","11"
"alfonsozunica","6","5","11"
"algernop","6","5","11"
"alhassan121992","7","4","11"
"Ali_taji95","5","6","11"
"ali_ttermahh","6","5","11"
"ali-alfanar","6","5","11"
"Ali-Kawas","5","6","11"
"ali22LooL","5","6","11"
"alimente","7","4","11"
"alinanaa10","6","5","11"
"AlinovAlireza","6","5","11"
"aliraza3303","6","5","11"
"alireza_khani","6","5","11"
"AlirezaFirouzjaFan","5","6","11"
"alishashaikh786","6","5","11"
"Alittledubious","6","5","11"
"alixan17","6","5","11"
"aljehin113","5","6","11"
"alkaloss22","5","6","11"
"Alksey_Zvyagintsev21","7","4","11"
"All_Blacks94","5","6","11"
"all_pawns_no_hope","5","6","11"
"Allawalateef","5","6","11"
"allegroagitato27","6","5","11"
"allinateor","6","5","11"
"Allumfasser","5","6","11"
"Ally461","5","6","11"
"AllyBorroughs","6","5","11"
"Almazed","4","7","11"
"Almir174","6","5","11"
"almohannad4","5","6","11"
"aloevera205","6","5","11"
"alperaktas","6","5","11"
"alperenmc1","5","6","11"
"alphalactam","6","5","11"
"Alpkuday","6","5","11"
"alpsip","6","5","11"
"altfkkk","6","5","11"
"ALTON_06","7","4","11"
"alvovskii","6","5","11"
"Always_Checkmate","5","6","11"
"Alyona93","5","6","11"
"AM-95","7","4","11"
"Aman513","5","6","11"
"Amanaa7","5","6","11"
"amanbirs","6","5","11"
"amateurjet","6","5","11"
"amauricchio","6","5","11"
"Ambardude","6","5","11"
"AmbeshT","5","6","11"
"AmDm","5","6","11"
"ameetmandrekar","6","5","11"
"americanspecops","6","5","11"
"AMG80","6","5","11"
"AMI_M_07","5","6","11"
"amir_hno","6","5","11"
"amir_rozairie","6","5","11"
"Amir_Zi","6","5","11"
"Amiramini2000","6","5","11"
"amirgolestani1358","6","5","11"
"amishmessias","6","5","11"
"amit782","5","6","11"
"amitaggarwal5","6","5","11"
"amitv772","6","5","11"
"amiz_228","6","5","11"
"ammar20072011","5","6","11"
"ammar5555","5","6","11"
"ammarBobby","5","6","11"
"Ammarjordan","6","5","11"
"amn635","6","5","11"
"Amoebe1974","5","6","11"
"Amon_Sul","6","5","11"
"Amoniah","5","6","11"
"amri_hassen","7","4","11"
"Amsachdev","4","7","11"
"amta01","6","5","11"
"anaa_stz","5","6","11"
"Analitico","5","6","11"
"anasmaster1998","4","7","11"
"Anastasiya_22","5","6","11"
"And1119","6","5","11"
"AndGale","6","5","11"
"andiardian","6","5","11"
"Andikurniawnp","7","4","11"
"andrea1990","6","5","11"
"Andreas64xl","6","5","11"
"andrei8819","5","6","11"
"AndresCamposM","5","6","11"
"Andresito_Lat","6","5","11"
"Andrew_Ma","4","7","11"
"Andrew-nat","6","5","11"
"AndrewMaiano","6","5","11"
"Andrewwel","6","5","11"
"andrewwu","7","4","11"
"Andrey_76Yar","7","4","11"
"AndreyZarubin83","5","6","11"
"andrmar2003","5","6","11"
"andy_fordham","5","6","11"
"AneekChess","6","5","11"
"Angel180119","6","5","11"
"Angelit007","6","5","11"
"Angeliter52","6","5","11"
"AngelKIT1","5","6","11"
"angelmagdiel","6","5","11"
"angelo-65","4","7","11"
"Angelo198781","5","6","11"
"angeloshibu","5","6","11"
"angga_21","5","6","11"
"Angryoso","6","5","11"
"Aniachess","5","6","11"
"Anik_Sana","7","4","11"
"Anil_bajaj","5","6","11"
"Aniruddh292","6","5","11"
"AniVaidya","6","5","11"
"anivia123456","6","5","11"
"AnjaliQQ","6","5","11"
"Anjas_ancha","5","6","11"
"ankagrs","5","6","11"
"Ankles1232","6","5","11"
"ankulindia","4","7","11"
"ANM2003","6","5","11"
"anmol1054","5","6","11"
"anna_belova2006","6","5","11"
"anna_cabana","6","5","11"
"AnnaCt","5","6","11"
"Anne723","6","5","11"
"Anni_03","6","5","11"
"anno2003","5","6","11"
"anoobie97","4","7","11"
"aNormalChessPlayer","6","5","11"
"ans433","6","5","11"
"ANSHkumaro","5","6","11"
"ANT12","6","5","11"
"anton_astafiev","5","6","11"
"antonioguitarrista","5","6","11"
"Antoniosaira1","7","4","11"
"AnuragGupta93","5","6","11"
"Anvar_AKA","6","5","11"
"anwted","6","5","11"
"Aoirc","4","7","11"
"APlayerInMaking","6","5","11"
"apmyp","6","5","11"
"Aquila78","4","7","11"
"aquilesllanos1234","5","6","11"
"aquioattack","6","5","11"
"AR91AR","6","5","11"
"aragic","4","7","11"
"aragornj","5","6","11"
"Araik09","6","5","11"
"aranhajara","6","5","11"
"Arash-bahadorii","5","6","11"
"Araznal","5","6","11"
"ARCELPEREZ","5","6","11"
"Archiana","6","5","11"
"ArdalfBlanca","6","5","11"
"ArdenNGM","6","5","11"
"arekandaru_u","5","6","11"
"Aren81","6","5","11"
"arena2006","6","5","11"
"ariachess20","4","7","11"
"arjaybee","6","5","11"
"arjlcc","5","6","11"
"Arkadian","6","5","11"
"ArminMT_PT","6","5","11"
"Armking7","7","4","11"
"ARomera","5","6","11"
"Arompylli","5","6","11"
"arookiemistake","5","6","11"
"Arquimedes5566","5","6","11"
"arsam11","5","6","11"
"Arsheiya","5","6","11"
"Artem25042008","5","6","11"
"Artemgab","6","5","11"
"ArtemGladkov","5","6","11"
"artemlipko1","5","6","11"
"arteta03","6","5","11"
"arthurafarias","5","6","11"
"articulating","6","5","11"
"ArtieK","6","5","11"
"artistendo","5","6","11"
"Artur_C","5","6","11"
"Arturka428","8","3","11"
"artyomkasimov","5","6","11"
"artysark","5","6","11"
"arunsr1996","6","5","11"
"Arya_Parsa","5","6","11"
"Aryanbrave1","4","7","11"
"AryanKrishna","6","5","11"
"arzuhicran","6","5","11"
"Asdak2000","5","6","11"
"asdfg199","5","6","11"
"Ashas_fon_An","6","5","11"
"Ashkan2019","5","6","11"
"Asim_12","5","6","11"
"Asimtot","6","5","11"
"ASKCHESS","5","6","11"
"Asnan_BBC","5","6","11"
"asosyalsosyalci","6","5","11"
"Asp_Wc3Tactician","6","5","11"
"asrullahlolawa","5","6","11"
"Assane67","6","5","11"
"assinnata","5","6","11"
"asthana_kartavya07","5","6","11"
"astroboyosilic","6","5","11"
"Asylbekradnoy","6","5","11"
"Atadam_oooops","6","5","11"
"Ataichik","6","5","11"
"atomglider","6","5","11"
"ATSTOUR","5","6","11"
"Atzenkalle","5","6","11"
"AupaZaragoza","6","5","11"
"Aurel-Dup","4","7","11"
"avadigokul","6","5","11"
"Avephoenix3","5","6","11"
"AVI_LIO","5","6","11"
"Avoe","6","5","11"
"awoerl","7","4","11"
"AyanAli2009","6","5","11"
"Aymanpe6","5","6","11"
"ayulebedev","6","5","11"
"Azarbaican1982","6","5","11"
"Azayev_Samuray","5","6","11"
"azazili","5","6","11"
"aziz318","6","5","11"
"Azizbektursinbaev","6","5","11"
"azlake","5","6","11"
"azmiosman","6","5","11"
"Azozik","7","4","11"
"azrail93","7","4","11"
"Aztor","5","6","11"
"azumi1978","6","5","11"
"B_aeume","6","5","11"
"b_b123","6","5","11"
"B0319","6","5","11"
"b4ckforit","5","6","11"
"b4k4y4ik","5","6","11"
"Baaluu","6","5","11"
"Baba_Saad_U","5","6","11"
"BabaKhashy","5","6","11"
"babaris","5","6","11"
"Babi_smrt","5","6","11"
"babschess","6","5","11"
"Babyrook65","5","6","11"
"BabySharkRaww","6","5","11"
"bach86","6","5","11"
"Bad348","6","5","11"
"Bagsi007","5","6","11"
"bagudada","4","7","11"
"bahadirbayrak","6","5","11"
"bahador57","5","6","11"
"Bairon2199","5","6","11"
"bakiyordum","5","6","11"
"Bala05","6","5","11"
"Bam088","6","5","11"
"banan314","5","6","11"
"Bananaman2","5","6","11"
"banatosakk","6","5","11"
"banca1234","6","5","11"
"BangersandSmash","5","6","11"
"baranthemenace","5","6","11"
"Barbarossa64","5","6","11"
"BARET_MERAH","6","5","11"
"Barisesin","6","5","11"
"Barish-Sergey","4","7","11"
"Barrerass","6","5","11"
"Bart1940","5","6","11"
"Bartii","5","6","11"
"bartje2","5","6","11"
"basant459","5","6","11"
"basiakrzychu","6","5","11"
"basicallymartin","5","6","11"
"BasimaAli","5","6","11"
"basler1979","5","6","11"
"BassamHilal","5","6","11"
"BassemTaha","7","4","11"
"bat17apollo","5","6","11"
"batosta","6","5","11"
"batuhan3861","5","6","11"
"batuhanpro200005","4","7","11"
"Batwood","5","6","11"
"BatyrDS","6","5","11"
"BauarbeiterUlf","5","6","11"
"BaumWolle1234","5","6","11"
"BAYRAMADJL4","5","6","11"
"baythiame","7","4","11"
"bballgame01","6","5","11"
"BC078M","4","7","11"
"be-lingual","5","6","11"
"beardedbob_le","5","6","11"
"Beastii","5","6","11"
"BeaterBSD","5","6","11"
"Bedirhan171","6","5","11"
"Bedrettinspartacus","3","8","11"
"behindcurtain3","4","7","11"
"behzadiran","5","6","11"
"Bekatop1","6","5","11"
"Bekuna","5","6","11"
"belabarce","5","6","11"
"belaya_gvardia","5","6","11"
"Believe_in_Solskjaer","5","6","11"
"belittle","5","6","11"
"BelleIsle","5","6","11"
"BelloJ","6","5","11"
"Bencci","5","6","11"
"benedictus92","5","6","11"
"benfere","6","5","11"
"Benfinnerty","6","5","11"
"Benito5","7","4","11"
"Benj_78","5","6","11"
"benjhamin12345","5","6","11"
"Benpat69","6","5","11"
"bentohali","6","5","11"
"BenyaMaks","5","6","11"
"Berangere","6","5","11"
"berenjenal","6","5","11"
"Berezedny","6","5","11"
"berkantsanli","5","6","11"
"berkbozkurt","5","6","11"
"Berkler_0","6","5","11"
"berkytaskn","5","6","11"
"bernardmwila","5","6","11"
"bernardsw2","6","5","11"
"Bernatti","5","6","11"
"Betanekol","6","5","11"
"betohero","6","5","11"
"BeytiOzkan","5","6","11"
"Bezmaternykh","6","5","11"
"bezzer11","6","5","11"
"bf_Martial","6","5","11"
"Bfjg23","6","5","11"
"bhansson","5","6","11"
"Bhatia79","7","4","11"
"bhrugesh02","6","5","11"
"Bhupendra_Jogi","6","5","11"
"BigChessDog","5","6","11"
"BigDogGazza123","4","7","11"
"BigMoveBySchindi","5","6","11"
"bigmrmoomoo","6","5","11"
"BigNebat","5","6","11"
"bigs0202","6","5","11"
"bigsexy8","6","5","11"
"bikerideonsunnydays","6","5","11"
"bilalascb","6","5","11"
"bilgeguc","5","6","11"
"billbracy11","5","6","11"
"billmcdougall8","6","5","11"
"billyNtone","5","6","11"
"Bimskopp69","5","6","11"
"bimwbiy","6","5","11"
"Bindas6ora","5","6","11"
"Biogradlija","5","6","11"
"bioman02","5","6","11"
"birdy4242","6","5","11"
"birkamikaze","5","6","11"
"Bishop_1996","6","5","11"
"Bishop_basher_26","7","4","11"
"bishoph7ExCLAM","5","6","11"
"bishopx","5","6","11"
"Bistali","5","6","11"
"Bjug87","5","6","11"
"bkrc","6","5","11"
"bkrmp04","6","5","11"
"black_falcon","5","6","11"
"black_heart7070","6","5","11"
"Black_Knight_7","5","6","11"
"BlackBeltKing","6","5","11"
"blackhorse04","4","7","11"
"Blackmamba600","6","5","11"
"BlackTG","6","5","11"
"BlackWidoow","6","5","11"
"Blades81","6","5","11"
"blakus","5","6","11"
"blavken213","6","5","11"
"Blaz10_12","6","5","11"
"Blazinmate","4","7","11"
"blckghost","5","6","11"
"blend3","5","6","11"
"BlessTheInsolence","5","6","11"
"Blind_Spot_the_Dog","6","5","11"
"BlindMelone","5","6","11"
"blitz-suriname","6","5","11"
"BLITZ1111","5","6","11"
"Blizzard1411","5","6","11"
"BlkMoses","5","6","11"
"blldmr24","5","6","11"
"bloomster","6","5","11"
"blubberpuff","5","6","11"
"BlueMeth420","5","6","11"
"blunder_king_27991","6","5","11"
"Blunders4life","6","5","11"
"bm_g","5","6","11"
"bmyers137","5","6","11"
"bnhm2z","5","6","11"
"Bnurutdinov","6","5","11"
"bob_men","6","5","11"
"bobalita7","6","5","11"
"bobbyspassky","5","6","11"
"BObertiooop5021","6","5","11"
"Bobine_Fisher","5","6","11"
"BoboDaCorte","6","5","11"
"bobScofield2","5","6","11"
"bobthethird","6","5","11"
"boddino","5","6","11"
"Bodhiwin","6","5","11"
"Bodmas","8","3","11"
"bogatovroman","5","6","11"
"Bogi1965","6","5","11"
"bokerrr","5","6","11"
"BokumVar","5","6","11"
"Bolat92","6","5","11"
"bondiman00","6","5","11"
"bonecollector","6","5","11"
"BongD","6","5","11"
"BoogieMan66","6","5","11"
"BooleanChess","4","7","11"
"BooowZ","6","5","11"
"BorisTanks","6","5","11"
"BorkesBG","5","6","11"
"borrego99","4","7","11"
"Bossa-jazz","5","6","11"
"Botwinnik90","5","6","11"
"boucautnicolai","6","5","11"
"bouchnina","7","4","11"
"boudin_creole","5","6","11"
"boulil","5","6","11"
"bourcani","4","7","11"
"bozyon","5","6","11"
"br50kab","6","5","11"
"BradburyRey","6","5","11"
"BradyCorp","5","6","11"
"bramislekker","6","5","11"
"BrancoNL","5","6","11"
"Brandolfo","5","6","11"
"Brasilarquiteto","5","6","11"
"braslov","5","6","11"
"bratori","5","6","11"
"Braumanrikez","6","5","11"
"brausefrosch","6","5","11"
"Brayan-TV","6","5","11"
"BrazenCelt","5","6","11"
"brazlo","5","6","11"
"Brboglodka","6","5","11"
"Brechto","5","6","11"
"breinz","5","6","11"
"BrenSasot","5","6","11"
"BRF-2011","5","6","11"
"brian_23","6","5","11"
"BrightM2022","5","6","11"
"brisachess1","4","7","11"
"BroCoy","5","6","11"
"Brown0","6","5","11"
"broyoutried","7","4","11"
"brumax4","5","6","11"
"BrunoMarins","7","4","11"
"Brunss","6","5","11"
"bryanbegu","4","7","11"
"bskmohit","5","6","11"
"bstnrdsxrck","6","5","11"
"bt337","6","5","11"
"Btata_2","5","6","11"
"bubal1","5","6","11"
"Bubble_trouble","6","5","11"
"Buckdenpieman","7","4","11"
"buduncar","5","6","11"
"bugiK1bar","7","4","11"
"buizn","5","6","11"
"buknpe","7","4","11"
"bulletb_tch","6","5","11"
"Bulletzki","6","5","11"
"BurakBilirr","5","6","11"
"BurbotsRevenge","5","6","11"
"BurgerRain","6","5","11"
"burhanspb","5","6","11"
"Burn1","6","5","11"
"Busdevil","6","5","11"
"Busemuggel","6","5","11"
"BUSTINZAS","5","6","11"
"buteleto","5","6","11"
"bwit13","6","5","11"
"Byaltan","6","5","11"
"byandreallen","4","7","11"
"byb59","6","5","11"
"bymat53","6","5","11"
"C_Graca","6","5","11"
"C-Goldbach","5","6","11"
"c0d3n4m3g0d","5","6","11"
"C28Lenya28","6","5","11"
"c4r0l1n40897","6","5","11"
"c4r1o5","6","5","11"
"c819","5","6","11"
"C9Sigma","5","6","11"
"Cabukcabuk","5","6","11"
"Cachamuinha","7","4","11"
"cachicamo100","6","5","11"
"Cachorro_Cansado","6","5","11"
"cagayan","5","6","11"
"cagy_cephalopod","5","6","11"
"cahiltoplane","5","6","11"
"cal_nerd","6","5","11"
"calebpang","5","6","11"
"Callejerov","6","5","11"
"Camara202","5","6","11"
"Camipurry","7","4","11"
"camp_rona","5","6","11"
"CanadianEngineer","5","6","11"
"Candycrushed","5","6","11"
"canfo1","4","7","11"
"cangalheiro","4","7","11"
"CanismajorisVY","6","5","11"
"CanYouHearTheMusic","5","6","11"
"Caprox11","6","5","11"
"CaptainNeeda","5","6","11"
"carelessdanny","5","6","11"
"Carlos-Israel","5","6","11"
"carlosfleury74","5","6","11"
"Carlosteno","6","5","11"
"CarlosVigilO","5","6","11"
"carodom","5","6","11"
"carpatian_tea","5","6","11"
"Carter-1922","2","9","11"
"Casezilla","6","5","11"
"cashy","5","6","11"
"Cass_chess","7","4","11"
"Cassiopeia13","6","5","11"
"casterlyrook","5","6","11"
"castigando_biribiris","5","6","11"
"castleberryco","6","5","11"
"Castleifyoucan","6","5","11"
"CavalierRadieux","7","4","11"
"CayserSoze","6","5","11"
"CCCLXII","6","5","11"
"Cchibuzorrr","5","6","11"
"CDEIBAR","6","5","11"
"cdhiemsas","4","7","11"
"cedchass25","6","5","11"
"Cee-loooow","6","5","11"
"Ceemown","6","5","11"
"cekithechess","5","6","11"
"cele60","6","5","11"
"cemal5454","6","5","11"
"cenedacris","6","5","11"
"cente123","6","5","11"
"CEOofBlundering","5","6","11"
"CerealMaterial","6","5","11"
"Ceres445","5","6","11"
"CeriniA","5","6","11"
"cestbach","7","4","11"
"chabbygriezmann","5","6","11"
"Chaczapuri","6","5","11"
"chaitanya_CA","5","6","11"
"chak-108","6","5","11"
"ChakrabortyNirvik","5","6","11"
"Chamacoburro","5","6","11"
"ChanceToD1e","6","5","11"
"Chandrukh72","6","5","11"
"Charly99Gabriel","5","6","11"
"chavales","6","5","11"
"Cheasywin","4","7","11"
"checkadoodle","6","5","11"
"checkmatenoteasy","6","5","11"
"checkmizzzzate","5","6","11"
"Checo_Perez_11","4","7","11"
"Cheesekoko1234","6","5","11"
"cheestraps","7","4","11"
"Cheezzzo2007","6","5","11"
"chef-curry","6","5","11"
"Chess_0_ssehC","5","6","11"
"chess_5580","4","7","11"
"chess_intel","6","5","11"
"Chess_Lukass","6","5","11"
"chess-chelsi-ali","5","6","11"
"ChessBiteX","6","5","11"
"chessbruce","6","5","11"
"ChessBubby","6","5","11"
"ChessCharli","6","5","11"
"ChessClubAstana","6","5","11"
"ChessCoach2020","5","6","11"
"chesscracker","4","7","11"
"ChessePinkman92","5","6","11"
"chesskingdestroyer","5","6","11"
"chesslet","5","6","11"
"Chessmaestro_2010","5","6","11"
"chessman441","4","7","11"
"ChessMan794","4","7","11"
"chessnans","5","6","11"
"ChessNerd27","5","6","11"
"chesspali","5","6","11"
"chesspattern","5","6","11"
"Chesspractice99","6","5","11"
"chessprinxe","4","7","11"
"Chessquid_Tech","7","4","11"
"Chessrulz231","6","5","11"
"ChessScriptMaster","5","6","11"
"chessshark12","5","6","11"
"Chesssmenn1","4","7","11"
"chesssoma","6","5","11"
"chessurban","5","6","11"
"ChiggyWiggy69420","6","5","11"
"Chilipeppr","6","5","11"
"Chimi_Chonga","5","6","11"
"ChinaDoXadrez","5","6","11"
"chinitosamurai","6","5","11"
"Chinmey","6","5","11"
"ChinoDama","3","8","11"
"Chirag_Shaha18","6","5","11"
"chizler","6","5","11"
"chobs","7","4","11"
"Chocolate-10","5","6","11"
"Cholanski","5","6","11"
"cholorecio","6","5","11"
"Chopszandre2011","5","6","11"
"chrachx","5","6","11"
"chrigi145","6","5","11"
"chris705","6","5","11"
"chriscrux","4","7","11"
"chrisgeo2020","6","5","11"
"ChrisM345","7","4","11"
"chrissunga","5","6","11"
"ChristianCC10","6","5","11"
"Chronus","5","6","11"
"Chstarman01","5","6","11"
"chubilita","5","6","11"
"Cica_je_lama","6","5","11"
"CickoMarjan","5","6","11"
"CincottoROX","5","6","11"
"cingck","5","6","11"
"cinics","7","4","11"
"Cipodomato","6","5","11"
"ciwanyll","6","5","11"
"cjernigov","5","6","11"
"CK-ChessKing","5","6","11"
"ckaraman13","5","6","11"
"Cko6apb","5","6","11"
"ckw000","6","5","11"
"claskort","6","5","11"
"classicalonlyhere","4","7","11"
"Classos","6","5","11"
"claw1","5","6","11"
"ClaytonMarques","5","6","11"
"cleberfreire","6","5","11"
"CleitonSB","6","5","11"
"clem1123","6","5","11"
"clokcface","5","6","11"
"Clrocha","7","4","11"
"clv_a1","5","6","11"
"cman789","7","4","11"
"cmgo1982","5","6","11"
"cmx-wt","5","6","11"
"coach_1","6","5","11"
"CoachBrendan","5","6","11"
"code_carousel","6","5","11"
"CoffeeLover35","7","4","11"
"Cofi7","6","5","11"
"cokun","5","6","11"
"Cold-Winter","6","5","11"
"Colibri07","5","6","11"
"colonel-flatulence","6","5","11"
"CommoNonsense","5","6","11"
"COMRADE-RV","6","5","11"
"comurule","6","5","11"
"ConChesso","5","6","11"
"cOnGoMaD1234","6","5","11"
"conor200","6","5","11"
"ConradTrocio","6","5","11"
"Constricting","5","6","11"
"ConwyCastle","6","5","11"
"CoolStoryDY","6","5","11"
"copceac","6","5","11"
"CopperHead_6","6","5","11"
"Corredor_1986","5","6","11"
"cosmicotic","7","4","11"
"cotcho","5","6","11"
"country820","6","5","11"
"covuasg","5","6","11"
"cowboysdallas","5","6","11"
"cpakoglu","6","5","11"
"cpttsubasa1numara","6","5","11"
"CraigJames","5","6","11"
"crash19867","5","6","11"
"CrazyBishop11","7","4","11"
"CrazyMaharajah","4","7","11"
"CreativeElephants","5","6","11"
"CringeLord10","5","6","11"
"crisbalmeo","6","5","11"
"Crislop09","5","6","11"
"crisoto2023","5","6","11"
"CristianPessatti","5","6","11"
"Cristof_rp","5","6","11"
"crtomir11","6","5","11"
"cruccator","7","4","11"
"CruzJulian","5","6","11"
"CrystalMethWarrior","6","5","11"
"Cryxus2","5","6","11"
"cshaw204","5","6","11"
"Csrr73","5","6","11"
"cubanvedado","6","5","11"
"cucumelero","5","6","11"
"cudgel","6","5","11"
"Cunga16","5","6","11"
"curtaturc","5","6","11"
"cuufichille","5","6","11"
"cyberknight18037","6","5","11"
"cynet","6","5","11"
"cyrilou69","5","6","11"
"CzechP","5","6","11"
"D_vyasji","5","6","11"
"D1a2n3i4","5","6","11"
"d78asd7","5","6","11"
"dabbs666","5","6","11"
"dacs1991","6","5","11"
"daddyben7","6","5","11"
"Daddyschess","6","5","11"
"dadekoning","5","6","11"
"Dafnu","7","4","11"
"dahen-soran","6","5","11"
"Dahigh1","7","4","11"
"DAK1986","5","6","11"
"Dakotajm","5","6","11"
"Dakshin-M","6","5","11"
"dale777","6","5","11"
"Daleshy","6","5","11"
"dalisterm","6","5","11"
"DAMalich","5","6","11"
"Dame03015","6","5","11"
"DamianBorja","5","6","11"
"DanDiego","6","5","11"
"DanialAbl","5","6","11"
"DaNickS","5","6","11"
"Daniel_garduno","5","6","11"
"DanielBoggio10","6","5","11"
"DanielKrogh","5","6","11"
"danielsb","6","5","11"
"DanielStassfurt","6","5","11"
"Daniil1989","5","6","11"
"DaniilGoryachkin","6","5","11"
"danilduvoc132","5","6","11"
"danilo2511","6","5","11"
"danjiun","5","6","11"
"Danny17","6","5","11"
"danospanos","6","5","11"
"Danto37","5","6","11"
"daProgramer","5","6","11"
"darbha","6","5","11"
"darbona","5","6","11"
"DarioDD","7","4","11"
"Darisha202","6","5","11"
"darkerwhite","6","5","11"
"darkmochuelo","4","7","11"
"Darkmoon1634","6","5","11"
"Darkstar108","5","6","11"
"DarshanPorwal","6","5","11"
"Darth_Chi","6","5","11"
"DarwinVA","6","5","11"
"darwish1","5","6","11"
"Daskevich","6","5","11"
"DatAsset69","6","5","11"
"DAV17","6","5","11"
"DAV78","6","5","11"
"dave01934","5","6","11"
"Davi1","5","6","11"
"david_ajedrez","5","6","11"
"David_learn_chess","6","5","11"
"david1888","6","5","11"
"DavidAfonso27","5","6","11"
"DavidBrowniee","7","4","11"
"davide_mo","5","6","11"
"DavideSale","6","5","11"
"DavidEverything","6","5","11"
"Davidoff2","6","5","11"
"DaxterG","4","7","11"
"DayroPro","7","4","11"
"Daystar123","4","7","11"
"dbofe","3","8","11"
"DCabornero","5","6","11"
"dcmayo","6","5","11"
"dcrystalj","4","7","11"
"dd43chess","5","6","11"
"DDA1980","5","6","11"
"deadly_wolf_42","6","5","11"
"DeAriAsem","4","7","11"
"debapriyo_0007","5","6","11"
"debmondal","5","6","11"
"Debowaluz","5","6","11"
"deep_well_wizard","7","4","11"
"deep0312","6","5","11"
"defaultygambit","5","6","11"
"DekiNasution_MF","6","5","11"
"delrio3087","6","5","11"
"Delvinchina","6","5","11"
"deM0nteCrist0","7","4","11"
"demoleidor3000","5","6","11"
"DemonD_999","6","5","11"
"den1991","5","6","11"
"DenisChed21","4","7","11"
"deniserodriguez","5","6","11"
"DenKim","6","5","11"
"Denmasss","7","4","11"
"Der_Otter","6","5","11"
"DerGaertner2014","5","6","11"
"Dersporty","5","6","11"
"des3rtman19","5","6","11"
"desautels","4","7","11"
"Desconhecido","6","5","11"
"desisiht","6","5","11"
"Desperain","5","6","11"
"DetonRc","5","6","11"
"dev2310","6","5","11"
"dev6284","4","7","11"
"DeveLOBEr","5","6","11"
"DeVille-224","5","6","11"
"dexyeah","5","6","11"
"Dgjot4","5","6","11"
"DhairyaxBTS","5","6","11"
"DhariusWick","6","5","11"
"Dharsin","6","5","11"
"dhdhdhdhdhdg","7","4","11"
"DhrunQ","5","6","11"
"dialectric","7","4","11"
"DiamondOfGold","5","6","11"
"DiAShuki","6","5","11"
"didenkins","5","6","11"
"didi5","5","6","11"
"dido367","6","5","11"
"diego940166","5","6","11"
"diemahmod","6","5","11"
"digimike1960","6","5","11"
"digitalgroup3","5","6","11"
"dim62","6","5","11"
"Dimas06","4","7","11"
"dimash0","5","6","11"
"DimaSovet","5","6","11"
"Dimidimicrip","6","5","11"
"Dimitrius2281","6","5","11"
"Dimka140291","5","6","11"
"Dimond2021","6","5","11"
"DINABANDHU07","6","5","11"
"Dini_Chess","6","5","11"
"Dino_Chess","5","6","11"
"Dion007","6","5","11"
"diosfaustoN1","5","6","11"
"Dioxis10","6","5","11"
"direktorsvemira420","5","6","11"
"dirtybrazilian","6","5","11"
"disa12","7","4","11"
"discono","6","5","11"
"DiscoverBack","6","5","11"
"DiseasedDonkey","6","5","11"
"Dispoled","6","5","11"
"ditssm","6","5","11"
"Divyansh_Pandey","5","6","11"
"diyaghosh2","6","5","11"
"Diyarbakirchesss","6","5","11"
"dizal","5","6","11"
"Dj_coldcuts","5","6","11"
"dj-omla","5","6","11"
"djaloo21","5","6","11"
"djenoilija","5","6","11"
"DJKHC","5","6","11"
"djlindsey86","6","5","11"
"DJP_2_Hario","4","7","11"
"DJRobertFischer","6","5","11"
"DJVince","6","5","11"
"dk1129","6","5","11"
"dkubik","5","6","11"
"dladydrl2","6","5","11"
"dletra","5","6","11"
"DmiBoS","5","6","11"
"DmitriiSA","5","6","11"
"DmitriyAlexandrovich","6","5","11"
"DmitriyGross55","7","4","11"
"Dmitry_1982","7","4","11"
"Dmitry_75G-z","6","5","11"
"dms833","6","5","11"
"DoChessTalj","5","6","11"
"DocLoranga","5","6","11"
"Dodecimas","5","6","11"
"dodongcalo","6","5","11"
"doesntmatterif","6","5","11"
"dogbog","6","5","11"
"DoktorSpace168","5","6","11"
"Dommsen","6","5","11"
"domore","6","5","11"
"Donbass2","5","6","11"
"DonCl3to","5","6","11"
"donewithchess","7","4","11"
"DoNotTrustMe","6","5","11"
"donrumata7","6","5","11"
"DontFlagMeBro","6","5","11"
"dontforgetthehorse","5","6","11"
"DontStopTheMusic","5","6","11"
"DontYouDare12","6","5","11"
"Doodlezz","6","5","11"
"doppelsechs","5","6","11"
"DOTAPRo","5","6","11"
"dotchess","5","6","11"
"Doudouseb","6","5","11"
"Douds29","6","5","11"
"DownCube","5","6","11"
"downisthenewip","6","5","11"
"dozen_wolves","6","5","11"
"dp71","6","5","11"
"dpcross","4","7","11"
"Dpi3200_G304","5","6","11"
"DPope","6","5","11"
"Dr_burgul","5","6","11"
"Dr_El_Farash","6","5","11"
"dr_mo_azab","5","6","11"
"Dr_Rainn","5","6","11"
"Dracaris007","5","6","11"
"DrAgnevstein","5","6","11"
"dragon12345p","6","5","11"
"Dragon28","6","5","11"
"dragonchess63","4","7","11"
"Dragonfly62","5","6","11"
"Dragonking_2011","6","5","11"
"DragonSiciliano","6","5","11"
"drami78","5","6","11"
"drasob","6","5","11"
"drawlex","5","6","11"
"DrChess786","5","6","11"
"DrDrErik","5","6","11"
"Dreamfish_127","5","6","11"
"dreddknight1","4","7","11"
"Dreick1987","6","5","11"
"drew_fearless","5","6","11"
"DrFell1","5","6","11"
"DrHelal","6","5","11"
"DrHerbst","6","5","11"
"drknight24","5","6","11"
"Drlao2022","6","5","11"
"drmskr","6","5","11"
"DrNoah","5","6","11"
"dropdropusa","6","5","11"
"Drozdov-21","4","7","11"
"DrRahatbek","6","5","11"
"drrupesh18","6","5","11"
"drshab","5","6","11"
"DrSJ2003","6","5","11"
"drstrange312","6","5","11"
"DrSuccar","6","5","11"
"DrThrawn","4","7","11"
"dryb","4","7","11"
"DrzolkaR","6","5","11"
"DsaV40","6","5","11"
"DT-Daniel","5","6","11"
"DTMauricio","6","5","11"
"DuCHESS1999","7","4","11"
"duco3101","7","4","11"
"dudubianchi01","6","5","11"
"duki_crack","5","6","11"
"Dulal-Kausal","6","5","11"
"DumanUtebayev","5","6","11"
"DumbPlay","6","5","11"
"dusk2k2","6","5","11"
"DuskDementor","5","6","11"
"dvfx","5","6","11"
"dvs15lsa","7","4","11"
"Dybamo","6","5","11"
"dyeselaaa","6","5","11"
"dysjav","5","6","11"
"DziadMroz1997","5","6","11"
"dzolarica","6","5","11"
"e4_e5_or_afk","6","5","11"
"E4-DerTagGehoertDir","5","6","11"
"earliebird","6","5","11"
"Ebbv","6","5","11"
"ebeb22","6","5","11"
"EberCuevas","6","5","11"
"Echelon_64","6","5","11"
"Echtelion-C","6","5","11"
"edaertugrul14","6","5","11"
"edivaldomarreiro","6","5","11"
"Edobaldo","7","4","11"
"EdSantana","5","6","11"
"Eduard2611","6","5","11"
"Eduardo_Z","5","6","11"
"eduardo1395","6","5","11"
"Eduvicalo","5","6","11"
"Edward45","6","5","11"
"Efekaan77","5","6","11"
"Efesenturk7","6","5","11"
"efyousekay","6","5","11"
"egnyte","4","7","11"
"ego_lego","6","5","11"
"Eifelspieler","7","4","11"
"eighttwentyone","5","6","11"
"Eightvo","6","5","11"
"eilonreshef","5","6","11"
"ejmaliza","5","6","11"
"EJUTECO","5","6","11"
"Ekkers","5","6","11"
"Ekki25","5","6","11"
"El_HoD","6","5","11"
"el-ladan","5","6","11"
"El-Rey-Arturo","6","5","11"
"Elas1977","6","5","11"
"ElCapa305","5","6","11"
"ElChapulin","6","5","11"
"Elchulo","5","6","11"
"Elcucuy1","5","6","11"
"elemarjr","6","5","11"
"Elenilton360","6","5","11"
"elephant_shah","5","6","11"
"ELEVEN11D","7","4","11"
"elfelm","6","5","11"
"Elguaposoyyo","5","6","11"
"ElgunCavad","6","5","11"
"Elham1234","6","5","11"
"ELHoseiny1907","5","6","11"
"Eliasbaruc","7","4","11"
"eliaw","6","5","11"
"ElijahB97","6","5","11"
"elijahstoudemayer","5","6","11"
"Eliminator001","5","6","11"
"eliseeff1910","5","6","11"
"Elitemob","5","6","11"
"elleo","5","6","11"
"elMaster-1239021","5","6","11"
"ElMasterJ","7","4","11"
"Elmohamin","6","5","11"
"eloguidici","6","5","11"
"Elohim22","6","5","11"
"elpiafo","4","7","11"
"elquetal","6","5","11"
"elro9910","6","5","11"
"elserrano","6","5","11"
"elsur0","6","5","11"
"emaheu","5","6","11"
"Eman33200","4","7","11"
"emasofip11","5","6","11"
"Emeki","6","5","11"
"emer1987","6","5","11"
"emi007","5","6","11"
"Emily29","5","6","11"
"emirburkayy","5","6","11"
"EmirhanSKR31","6","5","11"
"emlag","4","7","11"
"Emmanouilidis","5","6","11"
"empal01","5","6","11"
"emre665544","6","5","11"
"emreozkan","5","6","11"
"EngTheWise","6","5","11"
"Enhbat2222","6","5","11"
"EnixtheChess","6","5","11"
"enki60","5","6","11"
"ensardagci","5","6","11"
"EntrenoFuerte","5","6","11"
"EnzoChess2008","6","5","11"
"Epicslovak22","6","5","11"
"EranLe","7","4","11"
"erdabos","4","7","11"
"Erdbeerkuchen20","6","5","11"
"erentas","5","6","11"
"erfan-1358","6","5","11"
"ERFAN-ANSARI","5","6","11"
"erfan123456","6","5","11"
"eribomberi","6","5","11"
"Eric_Bong_CMPNR_23","6","5","11"
"erico024","5","6","11"
"ErikLucio","5","6","11"
"erikzambrano","5","6","11"
"Erkiss","7","4","11"
"ERMViktor","6","5","11"
"ERNEST_1","6","5","11"
"erniej","6","5","11"
"Ertel","6","5","11"
"EsBeeEm","7","4","11"
"Escacs245","4","7","11"
"ESchess_TCC","6","5","11"
"EselPopesel","5","6","11"
"eslamkhalef","6","5","11"
"esmaelatila","5","6","11"
"espac11","6","5","11"
"Ess41","6","5","11"
"estie20","6","5","11"
"estupendastico","7","4","11"
"EthanLin180","6","5","11"
"Etherii","4","7","11"
"EtienneDaudin","5","6","11"
"etneciv_tal","6","5","11"
"etreanor","6","5","11"
"Eu45","6","5","11"
"euwe1978","5","6","11"
"EV_Brayan10","5","6","11"
"Evangrozne","6","5","11"
"evdgg","5","6","11"
"EverBanega","5","6","11"
"everich93","5","6","11"
"Evgeniy_one_g","5","6","11"
"Evgeny_A","6","5","11"
"evilpulpo","7","4","11"
"EvilRick316","6","5","11"
"Evo01","5","6","11"
"evv8600","5","6","11"
"evyatar613352","6","5","11"
"ewerbqy32","5","6","11"
"Exozik","5","6","11"
"Explosinszombie","5","6","11"
"expositor","5","6","11"
"Ext3rM1n4t0R123","5","6","11"
"exterior26","6","5","11"
"ExterminadorAng","5","6","11"
"ExtraToni","4","7","11"
"EzeTactics","5","6","11"
"Ezrealnottingham","6","5","11"
"F-B0MB","5","6","11"
"fabeon1425","5","6","11"
"Fabriciopsb","6","5","11"
"Facualva09","6","5","11"
"Fadhil_Chess_2021","5","6","11"
"FadiMatar99","5","6","11"
"FADLBOUMAZA","5","6","11"
"fadlicinar","6","5","11"
"FAFABOM","5","6","11"
"fahrradflucht","6","5","11"
"FahrradimGleis","4","7","11"
"Faiavuds","5","6","11"
"FaisalAqhtani","7","4","11"
"fakechessplayer","6","5","11"
"FakePandemic19","5","6","11"
"Falc0nZ","5","6","11"
"FanisV93","6","5","11"
"FantacticEman","5","6","11"
"Fantastic1492","5","6","11"
"FanTasTikGuy","6","5","11"
"Fantomas24","6","5","11"
"Fargam13","6","5","11"
"Farhadesh","6","5","11"
"Faridd2012","6","5","11"
"farobusido","6","5","11"
"farukesra","6","5","11"
"faseelafasal","7","4","11"
"fatG","5","6","11"
"fatihafy","6","5","11"
"fcoskun28","6","5","11"
"Fedor_Ustinov","6","5","11"
"feflo","5","6","11"
"fejwkdj234","5","6","11"
"Felipe_Tellez","6","5","11"
"felixchessRd","5","6","11"
"Fer_14","6","5","11"
"Ferarri123","6","5","11"
"Ferdinand0501","5","6","11"
"ferdipadidi","5","6","11"
"FermentedWorm","6","5","11"
"fernerth","6","5","11"
"Fertig24","5","6","11"
"Ferzarate23","5","6","11"
"festyval","5","6","11"
"feyyazkle","5","6","11"
"FfMat147","5","6","11"
"fgtjytjtyjyj","5","6","11"
"fianchetto123","5","6","11"
"fibesgotjibes","7","4","11"
"fierakike","5","6","11"
"fifakiev","5","6","11"
"Figueroa2325","6","5","11"
"fikor","4","7","11"
"filigrik","8","3","11"
"FilipeRbk","6","5","11"
"Filippo_Montanelli","5","6","11"
"Filnav4","4","7","11"
"Filosahist","6","5","11"
"financ73","5","6","11"
"Fischer_Mechanics","5","6","11"
"Fischi7","6","5","11"
"fischstabchen-2007","5","6","11"
"Fishfish1","5","6","11"
"fishing_tadpole","6","5","11"
"fishkem","5","6","11"
"fishmoney18","6","5","11"
"FishnShoot","7","4","11"
"FJLR","6","5","11"
"Flamboyana","6","5","11"
"flanky64","6","5","11"
"flappy_knight","5","6","11"
"flash16","5","6","11"
"FlashTax","5","6","11"
"Fleex-19","7","4","11"
"Fleur_Loving","6","5","11"
"FloppaFriday","5","6","11"
"floppynutts","6","5","11"
"Florestan79","5","6","11"
"FLStarlit","6","5","11"
"Fluorite1","5","6","11"
"FlyingTurkman","6","5","11"
"fmf","6","5","11"
"fmnoorman","5","6","11"
"fmuleya89","6","5","11"
"Fogao","5","6","11"
"foggyland","6","5","11"
"Fokhenshtein","5","6","11"
"fokus81","5","6","11"
"folostina","6","5","11"
"Fominykh_Dmitriy","6","5","11"
"Fondan","6","5","11"
"forhadic","7","4","11"
"ForkUBish0p","4","7","11"
"FourTure","6","5","11"
"FouRtyoZdeGree","6","5","11"
"foxdonuts","5","6","11"
"fppmng","6","5","11"
"Fr0gGyYy","5","6","11"
"fradi7","5","6","11"
"Franciccio91","7","4","11"
"Francis0426","7","4","11"
"francisjoel","6","5","11"
"francix3000","6","5","11"
"Franck891","5","6","11"
"FrancoCorelli","6","5","11"
"francocr","5","6","11"
"Franjist","6","5","11"
"franju78","6","5","11"
"frankEsque","6","5","11"
"frankleen","5","6","11"
"frathesi","5","6","11"
"fred07805","6","5","11"
"Freddy-s","6","5","11"
"freemik","7","4","11"
"frenetisk","7","4","11"
"freshtostart","5","6","11"
"fresser","5","6","11"
"freyv01","6","5","11"
"Friedrich_Skiller","5","6","11"
"Friendly95","5","6","11"
"frikito","6","5","11"
"Frimos","5","6","11"
"Frogandtoadrfriends","6","5","11"
"frogfractions","5","6","11"
"FromGalich","6","5","11"
"FrontChess","4","7","11"
"Frotato","6","5","11"
"fthrbs","6","5","11"
"FUGlTlVE","6","5","11"
"funkierthanamosquito","7","4","11"
"Funkylaturbine","4","7","11"
"Furkan_YT","5","6","11"
"furkylmz","6","5","11"
"FuturePalace","5","6","11"
"g-z100","6","5","11"
"g4_g5_a6_b5","6","5","11"
"g91307","6","5","11"
"Gabel75","5","6","11"
"Gabriel-1230","5","6","11"
"GabrieleD02","5","6","11"
"gabrielmatos3123","5","6","11"
"Gagoo","6","5","11"
"Gajosh","5","6","11"
"galardomond","5","6","11"
"Galo1968","8","3","11"
"GamanJain","5","6","11"
"GAMBIDER","6","5","11"
"GameNotCreator","5","6","11"
"gameofthrones08","6","5","11"
"gaminotik","6","5","11"
"Gamyi","5","6","11"
"Ganthorosimanjuntak","5","6","11"
"ganym3d","5","6","11"
"garatarik07","6","5","11"
"Garminston","6","5","11"
"Garnet_ff9","5","6","11"
"Gary_19","6","5","11"
"GarySkeetserov","5","6","11"
"gautam07kr","5","6","11"
"GavinSchmid123","5","6","11"
"Gayashath","5","6","11"
"gazu187","5","6","11"
"gbgardo","6","5","11"
"geartube","6","5","11"
"Geert_Brouwers","5","6","11"
"GelidoToliat","5","6","11"
"GEN_Senior","5","6","11"
"generalfieldmarshal","6","5","11"
"generalo18","5","6","11"
"GenivaldoCarregani","6","5","11"
"Geo3rd","5","6","11"
"GEORGE_2000","5","6","11"
"George_Brassens","6","5","11"
"georgebright","6","5","11"
"georgegfedoroff","6","5","11"
"gerardpoutineH4T1V6","5","6","11"
"gerbil18","5","6","11"
"GerdavanForeest","6","5","11"
"Germano2000","5","6","11"
"Gerriejj","5","6","11"
"gespindola","5","6","11"
"getlera","4","7","11"
"gg_2999","4","7","11"
"GG133567029","6","5","11"
"GGG_KZ","6","5","11"
"ggnextgame","5","6","11"
"Ghiglione","6","5","11"
"ghodrati8888","6","5","11"
"GhosT-CyberSoldier","6","5","11"
"ghostknife17","6","5","11"
"GiancarloPG78","5","6","11"
"gifted_hands","5","6","11"
"Gildardo1991","5","6","11"
"Gillotina19","5","6","11"
"Giorgi_Tskarozia","6","5","11"
"Girfy","6","5","11"
"giulianoc74","6","5","11"
"GKubi","5","6","11"
"GlacialBear","6","5","11"
"gloopygamer219","5","6","11"
"glouglou27","5","6","11"
"Gmanton16","6","5","11"
"gmboombl4","6","5","11"
"GMCARL","5","6","11"
"GnlDsmn03","6","5","11"
"gnsss67","6","5","11"
"Gnusbert","6","5","11"
"Godwill007","5","6","11"
"gokhangumus","7","4","11"
"Gokulsankar2008","5","6","11"
"Gold_in_them_Hills","5","6","11"
"goldb4ch","5","6","11"
"Goldennem08","5","6","11"
"golgayd","7","4","11"
"golimaro","6","5","11"
"Gomeron_Khv","5","6","11"
"Gonzarigi","4","7","11"
"Good_Luck_mf","5","6","11"
"goodpjw2008","5","6","11"
"gopalasharmak_029","6","5","11"
"GopalMateo","6","5","11"
"GoranDelac","6","5","11"
"Gorisagorisa","6","5","11"
"gorkyrahul","5","6","11"
"goro-mn","4","7","11"
"GothamsWhiteKnight","5","6","11"
"gotit47","5","6","11"
"GozerTheGozerian","6","5","11"
"Gr3gory","5","6","11"
"grafaelw","6","5","11"
"Gramuero-11","6","5","11"
"grandmasterlord","5","6","11"
"grandmasterzab","6","5","11"
"GrandMJEREMYPRINCE","6","5","11"
"GrandMobsterCakes","6","5","11"
"GrandMuenster","6","5","11"
"grangerize","6","5","11"
"Grass_Winemaker","5","6","11"
"grautur","4","7","11"
"GRBee","5","6","11"
"greatname","5","6","11"
"greg15615165","6","5","11"
"GregFocker","5","6","11"
"Gregmc3434","6","5","11"
"GrepVyne","6","5","11"
"gri384x","6","5","11"
"Griff_Blackfyre","5","6","11"
"GrigotiyT","6","5","11"
"grish2013","6","5","11"
"GrishkaPoptsov","5","6","11"
"groelb","5","6","11"
"gromoboev","5","6","11"
"gromovey","5","6","11"
"Grossmeister_rus","6","5","11"
"GrossmeisterIvanov","6","5","11"
"grovercleveland","5","6","11"
"GrozaGrosov","5","6","11"
"grubet80","5","6","11"
"gsandve","6","5","11"
"GSC-1873","6","5","11"
"GTJons","6","5","11"
"guacs","5","6","11"
"Guadaguapo","5","6","11"
"guaped","6","5","11"
"guccin","5","6","11"
"Gui_tarchess","5","6","11"
"guidokeller","4","7","11"
"GuidoMaifeld","5","6","11"
"guilhermefaa","6","5","11"
"GumTree","4","7","11"
"guoguo1","7","4","11"
"GuruCardona","5","6","11"
"Gurzil95","6","5","11"
"Gushiken_Naoshi","6","5","11"
"gustavincho2","6","5","11"
"gustavocesarpelli","8","3","11"
"guzelmarmara","6","5","11"
"Guzmarco1968","7","4","11"
"gvk89","4","7","11"
"gwapohon","6","5","11"
"gwexy","6","5","11"
"gwylx","6","5","11"
"Gzlo19","5","6","11"
"Gzlyl","4","7","11"
"h1de","4","7","11"
"H4R1B3R7","6","5","11"
"Haeternes","5","6","11"
"Haf13","7","4","11"
"Hagener","6","5","11"
"Haginathor","6","5","11"
"hajarita","4","7","11"
"hakim_3","7","4","11"
"hallissonoliveiraahh","4","7","11"
"halperry","5","6","11"
"halvorbm2","6","5","11"
"hamid135","5","6","11"
"HamidaKhan","5","6","11"
"hamidasgari","5","6","11"
"Hamza-dm","5","6","11"
"HamzaAyan2011","5","6","11"
"Hamzavg56","6","5","11"
"hannn3z","5","6","11"
"Hanonet","5","6","11"
"HanSchut","5","6","11"
"Hantz","6","5","11"
"haphuong_03","6","5","11"
"haqoqo","5","6","11"
"hardikhd7","5","6","11"
"hargryd","6","5","11"
"Harishman","5","6","11"
"Harjeck","6","5","11"
"Harmagedon","6","5","11"
"HarryPeru","5","6","11"
"harryssuperman","4","7","11"
"Harsh_00937","5","6","11"
"Harshdeep_093045","6","5","11"
"hasbelkader86","4","7","11"
"HaseebKH","4","7","11"
"HasiMvox","4","7","11"
"Hassan313","6","5","11"
"Hatem_d","7","4","11"
"hayri13","6","5","11"
"Haz87","6","5","11"
"Haziellavalle","6","5","11"
"hb111","6","5","11"
"HBNM","6","5","11"
"hbpdf","6","5","11"
"HBS2","7","4","11"
"Heathcliff171","6","5","11"
"Hehma_1950","6","5","11"
"HeimerdingersMom","5","6","11"
"Helgy","6","5","11"
"Hello_hellolynley","6","5","11"
"hellois","4","7","11"
"hemantk1508","5","6","11"
"hemedseid","6","5","11"
"HenriqueDronneau","5","6","11"
"henriqueze","7","4","11"
"Henrykt","6","5","11"
"HenryWalker","5","6","11"
"henzercad18","5","6","11"
"Heraph","6","5","11"
"herzstrasse36","6","5","11"
"HeyShortyItsUrBDay","5","6","11"
"hghhgh111","5","6","11"
"Hi8h5ive","5","6","11"
"Hicksforthetry","5","6","11"
"HiddenByCode","5","6","11"
"hiddenlion","6","5","11"
"Highballwiththedevil","4","7","11"
"HiImSnaky","5","6","11"
"Hikaru_Nakamura010","6","5","11"
"hikarudaddy","4","7","11"
"himaelmasrey","6","5","11"
"Himanshu_ramoliya","6","5","11"
"Hinuyya","4","7","11"
"hiornek","5","6","11"
"hitsuji","6","5","11"
"HiveGaming","5","6","11"
"hj2187","6","5","11"
"hjrogers95","6","5","11"
"Hkaen","6","5","11"
"hkankhrmn","4","7","11"
"hm9","6","5","11"
"hmharshil","6","5","11"
"hminasy","6","5","11"
"hmmmBrain","6","5","11"
"hmza99","6","5","11"
"holbue","6","5","11"
"HolS757","7","4","11"
"homme-fatal","7","4","11"
"hondeo","5","6","11"
"honormonood","5","6","11"
"Hoogkamp","5","6","11"
"hooksp1","5","6","11"
"HooooooCarauyo","6","5","11"
"Hoshigaki_Kakuzu","4","7","11"
"hossein_esfini","6","5","11"
"hosseinbarbod","7","4","11"
"hoswald","5","6","11"
"Hotspurs_2020","7","4","11"
"HotSwim","6","5","11"
"HowsYourClam","5","6","11"
"HowToPlay7","5","6","11"
"hpollitt26","5","6","11"
"HR1964","5","6","11"
"hs0805","5","6","11"
"hshah7","6","5","11"
"Htetmyat1993","5","6","11"
"htyeow92","5","6","11"
"HUACACHINERO","5","6","11"
"huatafak","6","5","11"
"HugePotatoBullet","5","6","11"
"hugo_sousa","5","6","11"
"HugoGrotius","5","6","11"
"HugoStyglits","6","5","11"
"Hulin","5","6","11"
"humanimal93","6","5","11"
"huseyneemre","5","6","11"
"HusseinAlaa88","6","5","11"
"hvalentino","5","6","11"
"Hype_Eemeli","5","6","11"
"hyz44","6","5","11"
"i_can_beat_you","5","6","11"
"I_Eat_Therefore_I_Am","5","6","11"
"I_LAF","7","4","11"
"I_LOVE_LESLEY","5","6","11"
"i2019","6","5","11"
"I55I55I","4","7","11"
"IABTB","5","6","11"
"iamchristianfar","5","6","11"
"iamrajeev","5","6","11"
"iamsuperpuper","5","6","11"
"IanBolinha","7","4","11"
"IceCreamTacoSandwich","5","6","11"
"ICEGAME-kz","5","6","11"
"Icemankids123","4","7","11"
"Icko1","5","6","11"
"idkoscar","6","5","11"
"ifansinambela","5","6","11"
"igiigiigi","5","6","11"
"ignaciosuarez","3","8","11"
"Igor981","6","5","11"
"IGorHR","6","5","11"
"igorwieckowski08","6","5","11"
"ihadtosignin","5","6","11"
"Ihsan_Kilic","6","5","11"
"iiiiijo","5","6","11"
"IIINeb","5","6","11"
"iiKiRaayy","5","6","11"
"iitbombayaayush","5","6","11"
"ikj","5","6","11"
"Iliya_Antoniuk","5","6","11"
"ILKERFATIH","4","7","11"
"IlluminatedPlays","5","6","11"
"IlyaK_v","6","5","11"
"IlyaK83","5","6","11"
"ilyasor","5","6","11"
"ilynsky","6","5","11"
"Iminsanneee","6","5","11"
"imiolk","5","6","11"
"Imperfect934","6","5","11"
"imtolstoyevski","6","5","11"
"imvishnkr","6","5","11"
"incognitofox","5","6","11"
"InesFathallah08","6","5","11"
"InferiorMove","5","6","11"
"Inigov18","5","6","11"
"Innointylit","7","4","11"
"insausti","6","5","11"
"Inter1sta","5","6","11"
"InVoluptasMors","7","4","11"
"iodiam","6","5","11"
"ionYV","5","6","11"
"IPejin","5","6","11"
"IQis1","5","6","11"
"Irani886","5","6","11"
"iRauofy","5","6","11"
"irbis3","6","5","11"
"Irg3ndw3r","5","6","11"
"IronFisttVelvetGlovv","5","6","11"
"IrvinQuill","7","4","11"
"Ishmex","6","5","11"
"ishwar999","5","6","11"
"isidro2503","5","6","11"
"Islam711","6","5","11"
"isragram","6","5","11"
"issyon","5","6","11"
"It4444","5","6","11"
"ItanOrtega","6","5","11"
"ItJustWorks","5","6","11"
"itsghazy1","5","6","11"
"itsismael","6","5","11"
"ItsMeKhalil","5","6","11"
"ItsNotMyFamily","6","5","11"
"ItzRupam","6","5","11"
"Ivan-Fool","5","6","11"
"ivanjo2016","6","5","11"
"IvanMartins","4","7","11"
"IvanNasc","6","5","11"
"Ivarsh","4","7","11"
"Ivetamig","6","5","11"
"Ivor78","5","6","11"
"ivralamri","5","6","11"
"IvyCossack","6","5","11"
"iwank_rck","5","6","11"
"IwannaTakashawa","5","6","11"
"IWatchedQGImherenow","4","7","11"
"ixaka","6","5","11"
"izo1899","6","5","11"
"j_a_n_c_h_e_s_s","8","3","11"
"J_VERSELES","6","5","11"
"j-pierre","5","6","11"
"j09154184453","5","6","11"
"j0rnus","5","6","11"
"Jaavid_mehr_ahoora","6","5","11"
"JaCe87","5","6","11"
"jachabert","5","6","11"
"Jack_Sparrow_7331","7","4","11"
"jack8bc36","6","5","11"
"JackDa7ank","5","6","11"
"jackp16","5","6","11"
"jaco_francis","6","5","11"
"Jacuss91","5","6","11"
"Jade-1","6","5","11"
"Jaga83","6","5","11"
"jaheimdk","6","5","11"
"jaibheem1986","5","6","11"
"Jaipreet_S","6","5","11"
"Jaji2010","6","5","11"
"Jakhongirmirzo","5","6","11"
"jakkkc","5","6","11"
"Jakovic67","5","6","11"
"Jalal_baluch","5","6","11"
"Jalces","7","4","11"
"james_hope","6","5","11"
"James1124","5","6","11"
"James78","4","7","11"
"jamessayscheckmate","5","6","11"
"Jammer123","6","5","11"
"Jan-van-schaken","6","5","11"
"Jan2711","5","6","11"
"janakraj09","6","5","11"
"jangine","6","5","11"
"Jardo253","6","5","11"
"jarichile","5","6","11"
"Jaromir123s","6","5","11"
"jarujarujaru","5","6","11"
"Jasonjones","6","5","11"
"JasonVoorhees","5","6","11"
"jaumecases","6","5","11"
"Javi_Solano","5","6","11"
"javiastu","7","4","11"
"Javiergomezdelvalle","6","5","11"
"Javigg2010","5","6","11"
"javogarnica","5","6","11"
"Jaw23","6","5","11"
"Jaybeth","6","5","11"
"jaysimari1","5","6","11"
"JayTee2004","5","6","11"
"JB108","6","5","11"
"jchesse","6","5","11"
"JChessK","5","6","11"
"Jchessssssssssssss","5","6","11"
"Jchira","6","5","11"
"Jck3737","6","5","11"
"jcolclough99","6","5","11"
"JDSnr1","5","6","11"
"je_5us","6","5","11"
"Je-sus040","5","6","11"
"jebaisearthur","6","5","11"
"jeelee181818","6","5","11"
"JeEstUnAutre","4","7","11"
"jefe5000","6","5","11"
"jefersonbem","5","6","11"
"jeffinsam","5","6","11"
"JEGL22","6","5","11"
"JeJfunk","6","5","11"
"JemLavy","6","5","11"
"JennyBarnes","6","5","11"
"JericCollado_1326","5","6","11"
"Jeronimo_Ecuador","6","5","11"
"Jersonpf","6","5","11"
"jerv01","6","5","11"
"jeselof","6","5","11"
"Jesmith13","5","6","11"
"jessnolimit69","5","6","11"
"jesus1972","5","6","11"
"jesusgalvis","6","5","11"
"JeswinJose","4","7","11"
"Jetthro68","5","6","11"
"jezpor","6","5","11"
"Jfriendship","6","5","11"
"jfxer","6","5","11"
"jgsiegel","6","5","11"
"jh21wq","7","4","11"
"jhoga594","6","5","11"
"jibroni8","7","4","11"
"jigarrajgor","5","6","11"
"jimboslicer","5","6","11"
"JimenezLosantos","5","6","11"
"jimmycarterfan","5","6","11"
"JirayrTakvorian","6","5","11"
"jiznelub","5","6","11"
"jj16277","6","5","11"
"jkat36","5","6","11"
"jkordas","5","6","11"
"jkremer3","6","5","11"
"jks711","5","6","11"
"jlievano","6","5","11"
"Jm_Jacutina09","6","5","11"
"JM_Marshall","6","5","11"
"jmarccr","6","5","11"
"jmckenzie_10","5","6","11"
"Jmfavilla","5","6","11"
"jmgold","6","5","11"
"jmoynihan","5","6","11"
"jmrac","6","5","11"
"JMundy99","6","5","11"
"jmvasilyd","5","6","11"
"JNF7","5","6","11"
"Jo_Alex000","5","6","11"
"Jo_V","6","5","11"
"joam-fer","6","5","11"
"Joaozinho","5","6","11"
"JoaquinCasado","5","6","11"
"joaquinfeliu","5","6","11"
"jochenschweitzer","5","6","11"
"Jockmoss","5","6","11"
"JocularPotato","5","6","11"
"joel147","5","6","11"
"JoelTroll","5","6","11"
"Joeman17","5","6","11"
"Joemarinerecena","5","6","11"
"Joevs1","5","6","11"
"jogonza2020","6","5","11"
"John1l","5","6","11"
"JohnCartyA","6","5","11"
"johncia","6","5","11"
"Johncito17","4","7","11"
"johnnyfroaction","3","8","11"
"jojeeraj","6","5","11"
"jollyroger74","6","5","11"
"Jom4rk","6","5","11"
"Jongilabchess","7","4","11"
"jonjoks","6","5","11"
"jonmore","6","5","11"
"Jonynovik","5","6","11"
"jooize","5","6","11"
"Jooj_Odras","5","6","11"
"Joonika","5","6","11"
"jorgeqp98","6","5","11"
"jorllofi","5","6","11"
"Josealmonte","6","5","11"
"Joserriv","7","4","11"
"JoseTedesco","5","6","11"
"joslam15","7","4","11"
"JossGodoy","5","6","11"
"Jossy87","6","5","11"
"josyelpro1234","6","5","11"
"jovan2019","5","6","11"
"Jovatov","6","5","11"
"jozech1","6","5","11"
"jozek71","6","5","11"
"jozomafiozo","4","7","11"
"JPaul_6","5","6","11"
"jpdAvid_son","5","6","11"
"Jpizarro71","6","5","11"
"jpn26","6","5","11"
"JRCCOW2","6","5","11"
"jrivarez","5","6","11"
"Jrtortyshell77","6","5","11"
"Jrv829","6","5","11"
"JSlater29","6","5","11"
"Jsquad","5","6","11"
"JTD80","5","6","11"
"jtw0","5","6","11"
"Juan7740","6","5","11"
"JUANDMED","6","5","11"
"JuanJim63","5","6","11"
"juanmaceg","6","5","11"
"juanmartin2022","6","5","11"
"JuanyRosso","5","6","11"
"JUAYSOTHS","5","6","11"
"jucemare","6","5","11"
"judeisnotobscure","6","5","11"
"Judyz","6","5","11"
"jugadi007","6","5","11"
"JugadorPetare","5","6","11"
"jugalguptaj","6","5","11"
"JulefMars","8","3","11"
"Julian_Slink77","6","5","11"
"julian253","5","6","11"
"Julianm","6","5","11"
"JuliusFaeser","6","5","11"
"juniorski","6","5","11"
"junitama","6","5","11"
"junixs07","5","6","11"
"JustAnApe1","5","6","11"
"justuswolff","5","6","11"
"Justvers","5","6","11"
"jvogel","5","6","11"
"jxiao1","5","6","11"
"k3lv111n","6","5","11"
"K4sh","6","5","11"
"kaarelh","8","3","11"
"kabirablademaster","5","6","11"
"Kabral71","5","6","11"
"Kai-Kluss","6","5","11"
"kainissimov","5","6","11"
"kajake","5","6","11"
"Kajeevan11","7","4","11"
"kajikin","6","5","11"
"KajusM","5","6","11"
"kakha05","5","6","11"
"kaks12345","5","6","11"
"KalauerKalle","7","4","11"
"kalenda","5","6","11"
"Kalindu_Rajapaksha","7","4","11"
"KalleThicc","6","5","11"
"Kaloyski","5","6","11"
"kamekonaa","5","6","11"
"Kami4146","5","6","11"
"KangYangGish","6","5","11"
"kaniwtaa","6","5","11"
"KanSerg72","4","7","11"
"kanyoi","5","6","11"
"kap_adnan","5","6","11"
"Kapablanka358","6","5","11"
"kapacaida","6","5","11"
"kapata1","4","7","11"
"kapilumn","5","6","11"
"Kaposmelene232323","6","5","11"
"Kapsel_Kapi","7","4","11"
"karamazov88","6","5","11"
"Karapuz18","5","6","11"
"KareemAhmed15","5","6","11"
"KarlKhan","4","7","11"
"KARNAGE13","6","5","11"
"Karpyan","6","5","11"
"Kartal_Yilmaz","5","6","11"
"karvof","6","5","11"
"Kashishmunjal","5","6","11"
"KashishSomani","6","5","11"
"kasiaman","6","5","11"
"Kasimiro45","6","5","11"
"kaskajo","6","5","11"
"Kaspalsen","7","4","11"
"kasparov9294","5","6","11"
"kasra__azadi","6","5","11"
"katalax","5","6","11"
"katapa1","6","5","11"
"Katolik10","5","6","11"
"kaupat","5","6","11"
"Kausar828","5","6","11"
"kawabgona","6","5","11"
"KayChess_Official","5","6","11"
"KayeKelly","6","5","11"
"kayode_big_black26","6","5","11"
"kayvz","5","6","11"
"Kaznabai","6","5","11"
"kbaransonmez","5","6","11"
"kboyaobir","6","5","11"
"KCUP54","5","6","11"
"KD_chess","5","6","11"
"kdwl","5","6","11"
"Kellerman_poseidon","6","5","11"
"KennethStoeveken","4","7","11"
"Kentavr_2140","6","5","11"
"KentDorfman","6","5","11"
"KenzoD","5","6","11"
"kerems","5","6","11"
"KerirIm47","6","5","11"
"Keshu_736","6","5","11"
"ketchupsandwich","6","5","11"
"KevinKiwi","5","6","11"
"Kevvv77","5","6","11"
"Keyco","5","6","11"
"khaidirbakari","5","6","11"
"Khail_Rob31005","5","6","11"
"khaled_nasser8","6","5","11"
"khaleelsalman","5","6","11"
"khamdy","6","5","11"
"Khaterehshahi2023","4","7","11"
"KhelaPariNa","6","5","11"
"KHSJ10","5","6","11"
"khvan_aleksey","5","6","11"
"kien2007","6","5","11"
"kiko_BHBCC","6","5","11"
"kill2kill","6","5","11"
"Killerboy69","6","5","11"
"KillerHavoc","5","6","11"
"Killerki15","5","6","11"
"KillerPolloModulero","5","6","11"
"KillTheory","5","6","11"
"kilobitt","5","6","11"
"Kimachev_Kirill","5","6","11"
"kimisa234","6","5","11"
"kimy53022","5","6","11"
"KinevNikita","5","6","11"
"King_Abdo","5","6","11"
"KING_SHASHI","5","6","11"
"king60","5","6","11"
"KingAj13","5","6","11"
"Kingbobpop","6","5","11"
"KingCandy2006","6","5","11"
"KingCong3418","5","6","11"
"kingddmo2","7","4","11"
"KingFC","6","5","11"
"kingjames95","5","6","11"
"kingporus","6","5","11"
"KingQueen1234","5","6","11"
"KirbyPlaysEnPassant","5","6","11"
"Kirgiit","5","6","11"
"Kirill_88","6","5","11"
"KirillVdovi","4","7","11"
"Kirslon","6","5","11"
"Kishx","4","7","11"
"kislyKasparov","5","6","11"
"kitkatz97","5","6","11"
"Kivaxx","6","5","11"
"kjeto01","6","5","11"
"kkkccc","5","6","11"
"klask","5","6","11"
"klausimausi72072","6","5","11"
"klauszi","5","6","11"
"klibrerosh","5","6","11"
"KMB2500","6","5","11"
"Knight_Avengers","6","5","11"
"Knights_Attack","5","6","11"
"KnightyKnightyp2","6","5","11"
"know_your_enemy","6","5","11"
"Knugman","6","5","11"
"KOBEBEANBRYANT824","6","5","11"
"Kobrin2","6","5","11"
"Koektrommel","4","7","11"
"KoenigA1","5","6","11"
"koi_12345","4","7","11"
"Koko12","5","6","11"
"Kokomaniac","5","6","11"
"Kolin2006","6","5","11"
"Kolobok_bok2012","6","5","11"
"kolosepro","5","6","11"
"kolv1","7","4","11"
"Kompor_Meleduk","6","5","11"
"kongskrald","6","5","11"
"konh4","6","5","11"
"konmario","7","4","11"
"KonOTK","5","6","11"
"Konstantin1978","4","7","11"
"konstantinpankarican","5","6","11"
"KoolDude1","6","5","11"
"KoraySRC","6","5","11"
"koryonos","5","6","11"
"Kot_kotets","5","6","11"
"KOTBAPKOT","4","7","11"
"kovshec","6","5","11"
"koxiq","5","6","11"
"Kraexy","6","5","11"
"kraleray","5","6","11"
"kramsac","5","6","11"
"Krauscher","7","4","11"
"Krezoom","5","6","11"
"kriishmehta","6","5","11"
"krip4835","6","5","11"
"Kris1276","5","6","11"
"Kris1304","5","6","11"
"kris99999","5","6","11"
"Krishna_Saran","5","6","11"
"krishnabala","6","5","11"
"krishnaoo7","5","6","11"
"KristerBo","6","5","11"
"KRIVOKAPICI","6","5","11"
"KSchweezy","6","5","11"
"KubaCello","5","6","11"
"KubaParii","6","5","11"
"Kugge","7","4","11"
"kuiistvan","6","5","11"
"kulik2007","5","6","11"
"Kulipulu","6","5","11"
"kumar6117","4","7","11"
"kunal2001","7","4","11"
"Kungfuchessmaster","6","5","11"
"Kuprian","6","5","11"
"Kurushimi9","5","6","11"
"kusang1980","6","5","11"
"kush1606","6","5","11"
"Kutabs","5","6","11"
"Kuzgun53","5","6","11"
"kuzinho","5","6","11"
"Kuzuki_oden","5","6","11"
"Kwambai254","5","6","11"
"Kwillis","5","6","11"
"Kylar7","5","6","11"
"L1nay","5","6","11"
"L1ree","5","6","11"
"L3v3nt","6","5","11"
"la_flare","5","6","11"
"La-Bo","5","6","11"
"labala07","6","5","11"
"labrown8761","6","5","11"
"LachinAghasiyev8","5","6","11"
"lado1972","6","5","11"
"Laines","6","5","11"
"LaJope","5","6","11"
"lakosow","5","6","11"
"lali5566","6","5","11"
"Lama17119","5","6","11"
"lampozard","6","5","11"
"LamZapien","6","5","11"
"LANAS-2020","5","6","11"
"Lance1217","6","5","11"
"Langgam06","4","7","11"
"Lapshakov_Maksim","6","5","11"
"lateknightshow","6","5","11"
"Latexlord","6","5","11"
"LAutochess","5","6","11"
"lavtula","6","5","11"
"laz3rs1ghts","6","5","11"
"lazar_118","6","5","11"
"lazaro2019","6","5","11"
"lazymind39","6","5","11"
"LBFB","5","6","11"
"lbjintheflesh23","5","6","11"
"ldbx4x","6","5","11"
"ldfdany","6","5","11"
"Le-Chibre","6","5","11"
"Leandro7silva","5","6","11"
"learningCHESS_2023","6","5","11"
"Lebedev_Tixon","6","5","11"
"lebnen","4","7","11"
"LeBugDuBallon","5","6","11"
"Lecongdat12A1_YT2","6","5","11"
"LeeGee","6","5","11"
"LegadoDeFischer","5","6","11"
"legendabove","6","5","11"
"legumedoom69","5","6","11"
"leifel","5","6","11"
"lellobosio","7","4","11"
"lemillon29","5","6","11"
"Lent321","5","6","11"
"Leo_Caval","6","5","11"
"leo_rogers","5","6","11"
"LeoMorphy00","5","6","11"
"Leonar2CP","5","6","11"
"leonard80","6","5","11"
"leone10","6","5","11"
"LeonovMikhail","6","5","11"
"LeonTheMaster","5","6","11"
"leopard221","6","5","11"
"Leopardin","4","7","11"
"leplusM","5","6","11"
"LeRonca","6","5","11"
"Letrass-Bahoruco","5","6","11"
"LetThereBeLachs","5","6","11"
"letzsee","6","5","11"
"LevelUp113133","6","5","11"
"Lgian","6","5","11"
"li_eren_chess","6","5","11"
"lienai44","6","5","11"
"LIEWDH","6","5","11"
"lightninguplate","5","6","11"
"lightwell97","4","7","11"
"LikeMango","5","6","11"
"Likkje-Gomme","5","6","11"
"Limox97","5","6","11"
"lipp0049","5","6","11"
"Lis_da_pes","6","5","11"
"LisbonMark","5","6","11"
"lisette_fumitsu","6","5","11"
"Litansan","6","5","11"
"LITEON1034","6","5","11"
"little_nuisance","6","5","11"
"livrechess","6","5","11"
"LmaFF200","4","7","11"
"Loann08","5","6","11"
"Loci20000bc","5","6","11"
"loco34","4","7","11"
"Locornwall","6","5","11"
"logan981","5","6","11"
"Logitec","6","5","11"
"LOKIGOODFULL","5","6","11"
"Lol_lol_18","5","6","11"
"lolovidal2011","6","5","11"
"Lord_Shadow","6","5","11"
"Lord_Sith","5","6","11"
"Loris77","5","6","11"
"loropyjama","5","6","11"
"lostee","7","4","11"
"Lou_Yeshua22","6","5","11"
"louisvache","6","5","11"
"love4all","4","7","11"
"LovelyLove","5","6","11"
"LowRankedPlayer","6","5","11"
"LowSkilledPlayer","5","6","11"
"lsmor","6","5","11"
"lucamaster337","6","5","11"
"lucasbatistasantos","6","5","11"
"Lucca_Pupo","6","5","11"
"luceariluminacion","7","4","11"
"Lucif3r6666","6","5","11"
"Luckoutz","6","5","11"
"lufsig","5","6","11"
"Luinex","5","6","11"
"Luis1261","7","4","11"
"LuisdeMolina","5","6","11"
"LuisMejia","6","5","11"
"LuisRicardo1","6","5","11"
"luka12333","4","7","11"
"luka2011223","5","6","11"
"lukaskaeppeli","6","5","11"
"luktarg","7","4","11"
"Lump9kitara","5","6","11"
"LvKingv","4","7","11"
"LydianMike","5","6","11"
"LyghtRyder","6","5","11"
"Lyyrikko","5","6","11"
"M_ech_alis","5","6","11"
"M_Elborollosy","5","6","11"
"M_H_Mahmoodi","5","6","11"
"M_Ilham_Rizky_M","5","6","11"
"M_ohamed03","7","4","11"
"M-Heidegger","5","6","11"
"m00sbrugger","6","5","11"
"m0rdaca10","4","7","11"
"m26dev","6","5","11"
"m55555555","5","6","11"
"ma4eusz","6","5","11"
"maarceeliinhoo","6","5","11"
"maazkoo","4","7","11"
"mabcos","5","6","11"
"MacDingenspiepn","5","6","11"
"maci74","6","5","11"
"macikoi","6","5","11"
"Madara-UCHIHA1","6","5","11"
"madara882574229","5","6","11"
"Madouken","5","6","11"
"MadSixthFortress","5","6","11"
"maeis","6","5","11"
"Maenbae","7","4","11"
"Maestro_de_Inglesa","6","5","11"
"mafurking","5","6","11"
"Magaga","5","6","11"
"magbook","5","6","11"
"Magesh2","7","4","11"
"Magich48","4","7","11"
"Maglaglass","6","5","11"
"Magnum-Carlsen","5","6","11"
"Magnus-123","5","6","11"
"magnus2982","6","5","11"
"MagnusDixen","6","5","11"
"MAGNUSIMPERATOR","4","7","11"
"Magnusman","6","5","11"
"mahdiarhat","5","6","11"
"mahesh2222","5","6","11"
"MAHESHSAI1345566","5","6","11"
"mahir_akhand","5","6","11"
"mahmoudel","6","5","11"
"mahmoudreza","6","5","11"
"Mahmoudyuonis","5","6","11"
"Maike2","6","5","11"
"MaiorDaMinhaAldeia","5","6","11"
"maitreraff","6","5","11"
"mak4bro","5","6","11"
"makaganoglu","6","5","11"
"makamela61","5","6","11"
"MakarandGurav","5","6","11"
"makaryhany1","5","6","11"
"Maks_lap26","7","4","11"
"maks2504","5","6","11"
"maksims04","6","5","11"
"Makurat","4","7","11"
"makyxaaa","5","6","11"
"Mal_bich0","6","5","11"
"Malador1","5","6","11"
"maliduran","5","6","11"
"malik16681668","5","6","11"
"Mallkalai","5","6","11"
"mami91","5","6","11"
"Maminxer","6","5","11"
"man_seeking_mate","5","6","11"
"manan7557","6","5","11"
"manasthegreat","5","6","11"
"manicrobot","6","5","11"
"maniospas","5","6","11"
"manliospagnuolo","5","6","11"
"mano-lincoln","6","5","11"
"manobee","6","5","11"
"manojdhaker","4","7","11"
"ManolloL23","6","5","11"
"ManriK","5","6","11"
"Manuelborrego","6","5","11"
"MaowJr","6","5","11"
"map1991","6","5","11"
"MaquinaCosta","5","6","11"
"Mar_ce_lo","6","5","11"
"Marasxo","6","5","11"
"marat12131415","6","5","11"
"Marat1313","6","5","11"
"Marcabra","6","5","11"
"marcher","6","5","11"
"marcinw94","5","6","11"
"MarcioLemmos","6","5","11"
"marco019","6","5","11"
"Marco23354","5","6","11"
"MarcoCortes","6","5","11"
"MarcosMato","6","5","11"
"MarcosRasmu","7","4","11"
"MarcosV74","5","6","11"
"Marek94","5","6","11"
"MARIKUMAR","6","5","11"
"Marina_Il","5","6","11"
"marinero4","5","6","11"
"Marinos1990","5","6","11"
"marioblues","6","5","11"
"mariz15","6","5","11"
"Mark_Stashevskii","6","5","11"
"markadrianmasilang","6","5","11"
"MarkEvi","5","6","11"
"MARKOUA","5","6","11"
"markphillips","5","6","11"
"Marlega69","5","6","11"
"marshal44","6","5","11"
"Marsupial_asesino","6","5","11"
"Marsupilamy","5","6","11"
"MarsWest","6","5","11"
"martin2050","5","6","11"
"martinnyaga","6","5","11"
"MartinsonDmitry","6","5","11"
"MartynL1","5","6","11"
"Marvin_02","4","7","11"
"MARVINMENG0","4","7","11"
"Marwanelsaeid","6","5","11"
"marx_steel","6","5","11"
"Masih_mrl","6","5","11"
"MaskedManiac","6","5","11"
"maskipaps","5","6","11"
"MasoudAE21","5","6","11"
"MassadFSergio","5","6","11"
"Massimo_rus","6","5","11"
"MASTER2060","5","6","11"
"Master512","5","6","11"
"MasterChief_FR","6","5","11"
"MasterMagikMike","5","6","11"
"masterofchessss","5","6","11"
"masyanya1982","5","6","11"
"Mat7anetoo","6","5","11"
"matarez","4","7","11"
"matein1111","5","6","11"
"mateo786","5","6","11"
"mathemachesser","6","5","11"
"matheus_vasconcelos","10","1","11"
"MathiasKux","5","6","11"
"Matjak","6","5","11"
"MatKepret_BBC","6","5","11"
"Matko11111","6","5","11"
"Matms","6","5","11"
"MatrimCauthon24","5","6","11"
"Mats141592","6","5","11"
"matsavoie","6","5","11"
"matsiker_31","5","6","11"
"matt_mcknight","5","6","11"
"matt6887","4","7","11"
"Mattachoo","6","5","11"
"Matteo-Ioan","6","5","11"
"matth63","3","8","11"
"Matthew002","6","5","11"
"Matthiasc99","6","5","11"
"Matthiasfb","6","5","11"
"mauros1993","6","5","11"
"Maverick67","5","6","11"
"maxbalu","5","6","11"
"maxgiusti","6","5","11"
"Maximilian0711","5","6","11"
"Maximoleonidas","5","6","11"
"maximuj","5","6","11"
"Maximus042","5","6","11"
"maxong091","6","5","11"
"maxsalchess","5","6","11"
"MaxwellBHM","6","5","11"
"MayarT911","5","6","11"
"mayharoulises","6","5","11"
"maymunkarga","5","6","11"
"mayoster","6","5","11"
"mbalci","6","5","11"
"Mbathathekiller","5","6","11"
"mcaceresb","6","5","11"
"mcarlsen69","5","6","11"
"McNiel","5","6","11"
"mcphisto7","5","6","11"
"mcsilvs","6","5","11"
"mdgeranio","5","6","11"
"Medaminzer","6","5","11"
"medgacem","6","5","11"
"medicament","5","6","11"
"MedivexXx","5","6","11"
"medussa1","6","5","11"
"meetchel","6","5","11"
"Mefeve","5","6","11"
"megaprout","4","7","11"
"Megatouf","6","5","11"
"Megavoln","6","5","11"
"Megin","6","5","11"
"Megode","6","5","11"
"megul44","6","5","11"
"Meguseyf","6","5","11"
"MehaSup","5","6","11"
"mehmetsaidk","6","5","11"
"meitao605","6","5","11"
"Melkor333","5","6","11"
"Mellouli","6","5","11"
"mellowfellow123","6","5","11"
"memeke","6","5","11"
"memetus","5","6","11"
"MENKOUSS","6","5","11"
"Merdok91","6","5","11"
"merymaria","6","5","11"
"messchonkey","6","5","11"
"MessiMaradona","6","5","11"
"mestibpro","6","5","11"
"Mesuteflingamze01","4","7","11"
"Metallist2020","5","6","11"
"MEuh211","5","6","11"
"meyn101119","7","4","11"
"mezter91","6","5","11"
"MGD2001","6","5","11"
"mgf427","5","6","11"
"mhaydar000","5","6","11"
"Mhd3og1988","6","5","11"
"mhlanga120","5","6","11"
"Mi-Mo","6","5","11"
"miawtthias","6","5","11"
"micemays","6","5","11"
"miceriddenweetabix","6","5","11"
"Michael-CA","5","6","11"
"Michal77S","6","5","11"
"michalios1975","5","6","11"
"Michallius","6","5","11"
"mickeypickle","5","6","11"
"MidnightHowl","6","5","11"
"mido_mrs","4","7","11"
"Midsummer7","6","5","11"
"Migel1208","6","5","11"
"mightiv","5","6","11"
"Mightynight","6","5","11"
"MigueFernandez","6","5","11"
"miguelangel_1971","5","6","11"
"MihailNSK","6","5","11"
"MihaProfi100","5","6","11"
"mihei-vastruk","6","5","11"
"MIHEY_MIHEICH_NAH","6","5","11"
"mikatimru","6","5","11"
"Mike1278","5","6","11"
"Mikel93p","5","6","11"
"Mikele84","6","5","11"
"mikereverseisikem","5","6","11"
"Mikevs","4","7","11"
"MIKHAIL_100","6","5","11"
"MikkeyMouse","5","6","11"
"miksfactor","5","6","11"
"mikuni500","6","5","11"
"MileSorrow","6","5","11"
"milofraikast","6","5","11"
"Miloskoj","5","6","11"
"mimiccephalopod","5","6","11"
"Mimir799","6","5","11"
"Mimmmmmm","5","6","11"
"minajack","5","6","11"
"minakosm","5","6","11"
"Mindgladiator","5","6","11"
"minecraft358","5","6","11"
"minhhieu09092009","5","6","11"
"Minimaddy","5","6","11"
"MinorMax9","5","6","11"
"mireorland","5","6","11"
"Mirst21","6","5","11"
"MirVl","7","4","11"
"misolini","5","6","11"
"mistahmcnasty","5","6","11"
"mistawebba","7","4","11"
"Mitay93","5","6","11"
"mittalparteek","5","6","11"
"MitteRRRnacht","6","5","11"
"MJM013_B15L_Nirish","6","5","11"
"MJW94","5","6","11"
"MK2017","5","6","11"
"mkail7","7","4","11"
"MKYU","5","6","11"
"MLOY","5","6","11"
"MM007","4","7","11"
"MM82","6","5","11"
"mmgoo","6","5","11"
"mmilan1958","5","6","11"
"mmilano","4","7","11"
"mnbbs","6","5","11"
"mndr1","6","5","11"
"Moamen_Ahmed","5","6","11"
"moartofchess2222","7","4","11"
"Mobin_vafa1","7","4","11"
"modeh","6","5","11"
"MoeCran","5","6","11"
"Moeppi","5","6","11"
"MoH7709","5","6","11"
"Mohamed_sherif1","5","6","11"
"mohamed-sheikhkhalil","6","5","11"
"MohamedAamer","6","5","11"
"mohamedashraf1313","4","7","11"
"mohamedgaafer","7","4","11"
"mohamedmetoui","6","5","11"
"mohamedreda11","5","6","11"
"mohammad12341234","5","6","11"
"mohammad61","4","7","11"
"Mohammadjetawe1","5","6","11"
"Mohammadreza7878","5","6","11"
"MohammedAbu","5","6","11"
"mohsen02","5","6","11"
"MOHSENFASA","5","6","11"
"Moirgus71","6","5","11"
"molibdenowy_tadeusz","5","6","11"
"momihallas11","5","6","11"
"monako_1","6","5","11"
"Mondika","5","6","11"
"Monego","6","5","11"
"MonkeDLuffy","5","6","11"
"monkey_D_ekai","6","5","11"
"monkey_D_LuFFFFFY","6","5","11"
"mons1eurr","6","5","11"
"Monster-jr","6","5","11"
"MordaZadrota","5","6","11"
"moreo25","5","6","11"
"moriill","6","5","11"
"Morkovkakiller","4","7","11"
"moroccan_beast","6","5","11"
"Morphos","6","5","11"
"morsy90","5","6","11"
"moshakvar","6","5","11"
"Moshe345","6","5","11"
"mostafaanwar","5","6","11"
"mostafamarzouk","6","5","11"
"Mostly_harmless1","6","5","11"
"motonetero_01","6","5","11"
"mourev","5","6","11"
"Movlud901","5","6","11"
"moyapedro","6","5","11"
"mozam123h","5","6","11"
"mpwin2day","5","6","11"
"MR_FABFABULOUS","6","5","11"
"Mr_Jingles","5","6","11"
"Mr_Mad_Genius_Arun","4","7","11"
"Mr_Oatis","5","6","11"
"mr297","5","6","11"
"MrAwing","5","6","11"
"MrBanks183","6","5","11"
"mrbebra","5","6","11"
"MrBlunderook","6","5","11"
"MRbrce","5","6","11"
"mrbrito","6","5","11"
"Mrcheck123-456","5","6","11"
"mrdoko","6","5","11"
"MrFloydian","6","5","11"
"MrGrushin","5","6","11"
"MrHuNteR","6","5","11"
"MrLewisham","6","5","11"
"Mrlucky2100","7","4","11"
"mrottenwallner","5","6","11"
"MrPenceGoz","7","4","11"
"mrra999","5","6","11"
"MRRB","6","5","11"
"MrSuccess","6","5","11"
"MrSufi","5","6","11"
"MrThysbe","5","6","11"
"msjm84","6","5","11"
"MSoszynski","5","6","11"
"mstfece","5","6","11"
"mtdonia","6","5","11"
"Mtechcivil11","5","6","11"
"mtf85","6","5","11"
"Mtshepura","6","5","11"
"mudrjozki","6","5","11"
"Muerte-de-Ofelia","6","5","11"
"mufeed2002","7","4","11"
"MuffinouBrownie","6","5","11"
"MugandaImo","5","6","11"
"Muhamedalsharman","5","6","11"
"Muhammed21","5","6","11"
"muhammednebi","5","6","11"
"muhvn","5","6","11"
"mumu_1078","6","5","11"
"Munalunder","4","7","11"
"mupel69","5","6","11"
"Murad0202","5","6","11"
"musitante","6","5","11"
"mustafa145336","6","5","11"
"mustafakaram","5","6","11"
"mustan91","6","5","11"
"mveniger","7","4","11"
"mvrque","6","5","11"
"Mxcmdnsks","7","4","11"
"Myagmar-108","6","5","11"
"Mylife64squares","6","5","11"
"myposition","5","6","11"
"myrmecophagus","6","5","11"
"Mysterde","5","6","11"
"NachoArgentina","6","5","11"
"Nachtkrabb","6","5","11"
"nadaseyo","5","6","11"
"Nadass43","6","5","11"
"nadimpalli","5","6","11"
"Nadinerjeb","6","5","11"
"nadz08","6","5","11"
"NagisaZ","7","4","11"
"Nahu2204","5","6","11"
"naifotb","6","5","11"
"Nakano_N1no","6","5","11"
"namaste0z","7","4","11"
"Nambinarasingam","5","6","11"
"namsnice","5","6","11"
"namssa","6","5","11"
"Nanasiu","5","6","11"
"Nanayao","6","5","11"
"nandor_capo","5","6","11"
"nansens","6","5","11"
"napkinfire","5","6","11"
"Narndil","5","6","11"
"narutodabest","5","6","11"
"nasirbrycenviray","5","6","11"
"NatacheevP","5","6","11"
"natarajnaidu","6","5","11"
"Natek311","6","5","11"
"Nathan212","5","6","11"
"nathmillo","5","6","11"
"NationalistPride","6","5","11"
"nauryz16","5","6","11"
"nauslalouco","6","5","11"
"NAUUUURA","6","5","11"
"Nayawriter","6","5","11"
"NBBARODIA","5","6","11"
"ND1928","5","6","11"
"nd31","7","4","11"
"ndragon39","5","6","11"
"nedved001","6","5","11"
"Neel970","6","5","11"
"NeilsonCL","6","5","11"
"neilyoung8crazyhorse","6","5","11"
"nekchess","5","6","11"
"nelo_B","6","5","11"
"Nemo2024","5","6","11"
"NemoyNabat","5","6","11"
"neni91","5","6","11"
"NephiRomano","5","6","11"
"Neromanti4nyi","6","5","11"
"Nest_Alex","7","4","11"
"Nestriano","6","5","11"
"Neueshaus","3","8","11"
"never_mind20981400","6","5","11"
"NEWBroccoli","6","5","11"
"NewHorizon2022","7","4","11"
"newphillyman2003","5","6","11"
"newreg","5","6","11"
"nf1995","7","4","11"
"nfiwen","5","6","11"
"nft-chess-pls","6","5","11"
"ngagary","5","6","11"
"nggacor","6","5","11"
"nguyenthanhs","5","6","11"
"nialex","5","6","11"
"nicecooldude88","5","6","11"
"nickandmorty","6","5","11"
"Nickelsen","7","4","11"
"Nicolai68","5","6","11"
"nicolas_benitez","5","6","11"
"nicolayamakaj","6","5","11"
"NidKola","5","6","11"
"Nidza2011","7","4","11"
"nigelmsipa1","6","5","11"
"Nik417","6","5","11"
"Nikipav","6","5","11"
"Nikita-Seryodkin","7","4","11"
"nikita-titov","5","6","11"
"Nikogde","5","6","11"
"Nikolai585","5","6","11"
"Nikopolidis95","6","5","11"
"nikoulis","5","6","11"
"NikTash","5","6","11"
"niloofar_mahani","5","6","11"
"nilsm234","5","6","11"
"ninja_dance","5","6","11"
"Nino_Bbbbbooo","6","5","11"
"niopa","6","5","11"
"Nisyros","6","5","11"
"Nitram34","6","5","11"
"nizu_senpai","5","6","11"
"Njaja","4","7","11"
"NJGS","7","4","11"
"nk112358","6","5","11"
"nmoskovkin1","7","4","11"
"nmsolomon","4","7","11"
"NNJude","5","6","11"
"noah9999","5","6","11"
"noahluetjen","5","6","11"
"Nobody_my","6","5","11"
"nodas1","6","5","11"
"noiseboxog","6","5","11"
"noko83","6","5","11"
"noname_man","5","6","11"
"NONE_CHESS_PLAYER","5","6","11"
"Noob_Player86","5","6","11"
"noob-in-noob","5","6","11"
"noobie23232","5","6","11"
"noobMasterTom","3","8","11"
"northwolf2510","6","5","11"
"NorwegianCanuck","6","5","11"
"Norwegiancm","5","6","11"
"noseqnombre","5","6","11"
"nosferatum4n","5","6","11"
"nostromoGBM","6","5","11"
"notabene35","6","5","11"
"notgoodatchess24","5","6","11"
"notisme","5","6","11"
"npflr","7","4","11"
"ntliaa","5","6","11"
"Nurdidar09","7","4","11"
"nuredin96","5","6","11"
"nurettinfurkan","5","6","11"
"nurikopter","6","5","11"
"nurullah52","6","5","11"
"Nurzhanns","5","6","11"
"NwaEZEjo","6","5","11"
"nyquilholic21","6","5","11"
"NzouSamanyanga","6","5","11"
"O_bandeirante","5","6","11"
"O01-02-2022","6","5","11"
"O815Pascal","4","7","11"
"obamaxPL","5","6","11"
"oberpleis","5","6","11"
"Obivan2020","5","6","11"
"obsidianone","6","5","11"
"Ocaj_i_to_od_nane","5","6","11"
"ocniljekar","5","6","11"
"OCTOCAPTAIN614","6","5","11"
"Odisei","6","5","11"
"officialpartha","3","8","11"
"og_zeldris","5","6","11"
"Ogun123","6","5","11"
"Okamshadow","5","6","11"
"okiutto","5","6","11"
"Okoroafor","6","5","11"
"oktay55","5","6","11"
"oldbrain","5","6","11"
"oldsizo","5","6","11"
"OLDUKCA","5","6","11"
"Oleg_Kud123321","7","4","11"
"Oleksandr122","5","6","11"
"OLeMatmadman","5","6","11"
"OLEMR","6","5","11"
"oligko","6","5","11"
"OliThePlayer","5","6","11"
"Oliver_M","6","5","11"
"oliver55","6","5","11"
"OliverJoseph","6","5","11"
"OliwiaRu","6","5","11"
"ollst9r","5","6","11"
"ololyosh","5","6","11"
"om6655","5","6","11"
"Omar_AL_Agha","5","6","11"
"omar2","5","6","11"
"omarElshabany3650","6","5","11"
"omaryousry1234","5","6","11"
"OMD466","6","5","11"
"omegaanimator","5","6","11"
"Omer101","5","6","11"
"OmerK10","6","5","11"
"omerslmc","5","6","11"
"OmidGTS","6","5","11"
"omirosp","6","5","11"
"omkarsdandoti","7","4","11"
"Omnivor","6","5","11"
"omoma2401","5","6","11"
"Omt8035","6","5","11"
"omuel","6","5","11"
"OMYT","6","5","11"
"One_LastTime","5","6","11"
"onedude","4","7","11"
"Oneisfirst","5","6","11"
"oning","6","5","11"
"OnionSr","6","5","11"
"Onkel_Dagobert","5","6","11"
"OP_Ashif","6","5","11"
"op25_no5","6","5","11"
"Option_Greeks","6","5","11"
"OPulence","5","6","11"
"opytny1","5","6","11"
"orangebanana38","5","6","11"
"Oreki610","5","6","11"
"oreolundi","5","6","11"
"Original_ChessAddict","5","6","11"
"OriginalPinking","7","4","11"
"orologiaio","5","6","11"
"Ortiz_Jose_UPA","6","5","11"
"orxanchess22","5","6","11"
"Oseias_Coutinho-09","4","7","11"
"osim81","5","6","11"
"oSkanyo","6","5","11"
"osvaldofernandes","5","6","11"
"otekiinsan","5","6","11"
"ouch30","6","5","11"
"ourlinni","7","4","11"
"OursPolairePolarBear","5","6","11"
"ouzzdmr","5","6","11"
"over_whelming","6","5","11"
"OvergiftedLight","6","5","11"
"OwamouS","7","4","11"
"oxymoroner","7","4","11"
"OzCC","6","5","11"
"ozdemirden","4","7","11"
"ozkarlopez81","6","5","11"
"OzzyOsbourne69","6","5","11"
"pa8sa","6","5","11"
"Pablo13FC","4","7","11"
"pablonicoisa","7","4","11"
"Pabloplaychess","6","5","11"
"PabloZa","6","5","11"
"PacificadorMB28","6","5","11"
"Paidetodos","6","5","11"
"pain_2309","6","5","11"
"Pain1104","5","6","11"
"Paisiblement","5","6","11"
"palaye","5","6","11"
"Pamop","4","7","11"
"panadolextra","6","5","11"
"pancake97","5","6","11"
"pandelosd80","6","5","11"
"panetta200000","5","6","11"
"panteliymon","7","4","11"
"PantherTrax","4","7","11"
"pants3000","5","6","11"
"paolollanes","6","5","11"
"PapaDiable","6","5","11"
"PapaKonstruktor","7","4","11"
"papanaysa","5","6","11"
"PapaRespect","5","6","11"
"Papepes","6","5","11"
"paperclipman","5","6","11"
"Papisalvio","5","6","11"
"Papollo","5","6","11"
"Paralelo29","5","6","11"
"paranemertes","4","7","11"
"parenek","6","5","11"
"Parker4567","5","6","11"
"parlex","6","5","11"
"partizanbeograd79","5","6","11"
"PashkoK","6","5","11"
"passerogarrulo","5","6","11"
"PassiveAggressive1","6","5","11"
"PatRao99","6","5","11"
"PatrickMcNulty","6","5","11"
"patrickspecter","6","5","11"
"Patzerix","5","6","11"
"Paul_LB","6","5","11"
"Paulo_Silva","5","6","11"
"Pavel_Tr86","6","5","11"
"Pavel487","6","5","11"
"PavelErmakov","4","7","11"
"pavelx","6","5","11"
"pavzim55","6","5","11"
"Pawel_Cholewa","5","6","11"
"pawn_cyborg_2103","6","5","11"
"paysdegex","5","6","11"
"pb437","6","5","11"
"pclaudio","5","6","11"
"Pdeez","5","6","11"
"PeaoH4","5","6","11"
"pecaturhandal","6","5","11"
"Peccator_CR","5","6","11"
"PedroPiaz","6","5","11"
"pelon031616","5","6","11"
"pelsBrann","5","6","11"
"pelusonic","6","5","11"
"pentahidratado","6","5","11"
"Peonardi","5","6","11"
"pep59","6","5","11"
"perceval94","6","5","11"
"PERICO56","6","5","11"
"Perligero","5","6","11"
"Perus10","4","7","11"
"Pesca1","6","5","11"
"peter-ludvig","4","7","11"
"PeterFrank2","4","7","11"
"Peterrmaah","7","4","11"
"pethiasPhd","5","6","11"
"PetrKolokol","6","5","11"
"PetrovGiust","6","5","11"
"Pferdestarke","6","5","11"
"pferdnehmer21","4","7","11"
"PhatomHive","4","7","11"
"PhDOven","6","5","11"
"Phemojack45","7","4","11"
"phil2890","6","5","11"
"PhilippRoblem","4","7","11"
"philmandril","6","5","11"
"Philmate","4","7","11"
"Phobos67","5","6","11"
"Phucme241","5","6","11"
"physicsboiii","5","6","11"
"picheal","7","4","11"
"Piecesacker","6","5","11"
"pieroto8","6","5","11"
"Pietrosjan","5","6","11"
"PimentelRO","4","7","11"
"Pimk2001","5","6","11"
"PingMeeToo","4","7","11"
"pinguinauta","5","6","11"
"pinterdaniel","5","6","11"
"Pinus5Philla","5","6","11"
"PionFijo","6","5","11"
"pionla","6","5","11"
"Pippone64","6","5","11"
"PIRIMPO","6","5","11"
"Pistolero147","6","5","11"
"PITAGORASSI","6","5","11"
"Pitchyburdell","6","5","11"
"pizzasofgold","6","5","11"
"pjentsch","6","5","11"
"play-doh","5","6","11"
"player_is_required","6","5","11"
"Player121298","5","6","11"
"PleaSaNtWeAsEl","6","5","11"
"pletok","6","5","11"
"plinge__linge","5","6","11"
"plmott","5","6","11"
"Ploe","6","5","11"
"plsletmewin","5","6","11"
"pmfna","7","4","11"
"Pokmen","6","5","11"
"Polish_fighter3001","6","5","11"
"polna52","6","5","11"
"Pologti1","5","6","11"
"Polstastisch","5","6","11"
"polyarnic","5","6","11"
"PolyDigga","5","6","11"
"Polyglot24","7","4","11"
"polymath1","5","6","11"
"polymer3","5","6","11"
"PoniPower","5","6","11"
"popsik_flipflopsik36","5","6","11"
"Porotoni","5","6","11"
"port_petrovsk","5","6","11"
"Portugal22","6","5","11"
"potet112","5","6","11"
"povelitel_mira","7","4","11"
"ppanwar","5","6","11"
"PPRoa","6","5","11"
"Praagya0063","5","6","11"
"pracasan","6","5","11"
"pragma_90","6","5","11"
"Prajith22","6","5","11"
"prakhar477","6","5","11"
"pramodeeshwarp","6","5","11"
"Prasannapilane","5","6","11"
"prasanthk","4","7","11"
"Prasoont","7","4","11"
"PrAThAmGpT","4","7","11"
"pratik005","5","6","11"
"praveen04","5","6","11"
"pravinj","5","6","11"
"Pravo7","5","6","11"
"Prawal","5","6","11"
"preko31","5","6","11"
"pretorianec7","6","5","11"
"Prianto_BBC","6","5","11"
"primetime","5","6","11"
"prince_of_clouds","5","6","11"
"prisonmike48","5","6","11"
"Prithviraj","6","5","11"
"Prizrak05","6","5","11"
"Pro_Chess_Blunderer","5","6","11"
"Prof_Banana","5","6","11"
"ProfesorEdson","6","5","11"
"ProfessorDrBongcloud","6","5","11"
"professorjeff","6","5","11"
"profhelder","5","6","11"
"profmars03","6","5","11"
"Prometheus13","5","6","11"
"ProneToTilt","6","5","11"
"ProudProcrastinator","5","6","11"
"PRS1351","5","6","11"
"Pruthviraj117","5","6","11"
"przybysz92","7","4","11"
"PSdv2023","6","5","11"
"psk394","5","6","11"
"psychic1111","5","6","11"
"psychrab_03","5","6","11"
"psyman","5","6","11"
"Psyman2","5","6","11"
"ptokala","6","5","11"
"pucusana12","6","5","11"
"PudgeKZ","5","6","11"
"pujit_jha","6","5","11"
"PuraCalle","5","6","11"
"Purs","6","5","11"
"puziko101","5","6","11"
"Python4","6","5","11"
"pyzno","5","6","11"
"Qaraqalpaqstan_23","6","5","11"
"qbck","6","5","11"
"Qiubertt","6","5","11"
"QmK_lT000rks","5","6","11"
"qraclima","5","6","11"
"QTPiso","5","6","11"
"QuaterNioN_808","5","6","11"
"QueenYaqiong","6","5","11"
"querque","6","5","11"
"QueTeRaspe","5","6","11"
"quetyyyy","6","5","11"
"quickshot42","7","4","11"
"quinnaa","5","6","11"
"quinsac","6","5","11"
"QuinteroG21","5","6","11"
"Qujon","4","7","11"
"qweasd11","6","5","11"
"qwertyilya","4","7","11"
"r0610201","6","5","11"
"R1LEY_REID","6","5","11"
"R1nemesis","5","6","11"
"r4dr3fr4d","7","4","11"
"R9R9R9R9R9R9R9R9","4","7","11"
"Ra-Q","5","6","11"
"Raaammmyyy","5","6","11"
"radion_80","6","5","11"
"Radoooo","5","6","11"
"Radu95","6","5","11"
"Raf66","6","5","11"
"Rafael18","5","6","11"
"rafaelmejor22","6","5","11"
"RafaelSantos0511","7","4","11"
"Rafaeluiz","5","6","11"
"Rafo1111","6","5","11"
"rafybass","5","6","11"
"rafzkie46","5","6","11"
"Raghavjindal95","6","5","11"
"ragnarrothbrock","5","6","11"
"Rahim30","3","8","11"
"rahzyel","7","4","11"
"Rain_Keo","6","5","11"
"rainzote15","6","5","11"
"raj1319","5","6","11"
"raj1dram","6","5","11"
"Rajarshi_001","6","5","11"
"rajatmalik770","5","6","11"
"rajky","6","5","11"
"rajveersingh01","5","6","11"
"Ralf1","5","6","11"
"rama-chandra","6","5","11"
"ramalaciojj","6","5","11"
"ramzeccc","5","6","11"
"ramziAI","6","5","11"
"random__moves","6","5","11"
"random-movement","5","6","11"
"RandomOracle","6","5","11"
"randout","6","5","11"
"Rapeepan","7","4","11"
"RapidBlaze14","5","6","11"
"Rarotongo","5","6","11"
"rashedafg","5","6","11"
"Rashidov","6","5","11"
"rasmussenesq","4","7","11"
"rastian335","7","4","11"
"rauzerberg","5","6","11"
"RayBloodyPurchase","5","6","11"
"rayw4","5","6","11"
"razorleaf101","5","6","11"
"rbleipzig11","6","5","11"
"Rca19-49","6","5","11"
"rcarr22","5","6","11"
"RCX101","5","6","11"
"real_qiniso","5","6","11"
"reapingrook","5","6","11"
"Red232","5","6","11"
"Redd_Master","6","5","11"
"redspooder","5","6","11"
"Refresias","4","7","11"
"reggiep13","6","5","11"
"Regiskini","6","5","11"
"ReitmannB","6","5","11"
"Rekato04","5","6","11"
"rekiii","6","5","11"
"relek0","6","5","11"
"Renarato","6","5","11"
"Renffoh","6","5","11"
"rengarsclaw","6","5","11"
"Rennemo81","5","6","11"
"Rensch","6","5","11"
"repentine","4","7","11"
"repunk","6","5","11"
"Resonance23","5","6","11"
"Resoperka","6","5","11"
"ressicadaisies","6","5","11"
"Restin_Pieces","6","5","11"
"restrepo2004","5","6","11"
"RetiredPenguin","5","6","11"
"Retrealen2606","5","6","11"
"reubwn","5","6","11"
"Revlation","6","5","11"
"revolutionnaire1","5","6","11"
"rey83","6","5","11"
"rezam127","5","6","11"
"rezasaedi1386","5","6","11"
"rezaut","5","6","11"
"ReZNiCeK47","5","6","11"
"rgsk","6","5","11"
"RhaimS","6","5","11"
"rhechicero","6","5","11"
"riberic","5","6","11"
"ricardogr1","6","5","11"
"RicardOmonstro","6","5","11"
"riceandeggs","6","5","11"
"Richard72","5","6","11"
"richardic","6","5","11"
"RicharMac","6","5","11"
"richt","5","6","11"
"Rickbug","7","4","11"
"ricky-darmawan","5","6","11"
"ricky891","5","6","11"
"ridex","5","6","11"
"rikitoyzki","5","6","11"
"Rillakuma","5","6","11"
"Rioq","5","6","11"
"riot_8","6","5","11"
"Risal123","6","5","11"
"rk1407","5","6","11"
"RKANODIA","7","4","11"
"rkyu","5","6","11"
"rmowat","5","6","11"
"rmunozmitre","6","5","11"
"RoadRunner300","5","6","11"
"RoadtoNoobMaster","5","6","11"
"Robertchess10","5","6","11"
"RobertSpasky_68","6","5","11"
"Robinson2000","6","5","11"
"robmort","6","5","11"
"Rocano","7","4","11"
"Rocinante_m","7","4","11"
"RockbringeR","5","6","11"
"ROCKEFELLER33","6","5","11"
"RockIsland","6","5","11"
"RockMother","6","5","11"
"Rocky2","6","5","11"
"Rodionmor","6","5","11"
"RodJusha","6","5","11"
"Rodmik","6","5","11"
"RODRIG094s","5","6","11"
"rogodo22","5","6","11"
"roguecow","6","5","11"
"RogueDC","5","6","11"
"Rohan2707","6","5","11"
"Rohit_0077","4","7","11"
"Roland_Diskein","6","5","11"
"Rolfnyq","6","5","11"
"Roman_Drokov","7","4","11"
"Roman73","5","6","11"
"romansegurasenn","5","6","11"
"Romarb","5","6","11"
"Romeo121","6","5","11"
"romildojuliano","7","4","11"
"ROMPTORMENTAS","5","6","11"
"RonaldinhoBruxo","6","5","11"
"RonanDorsey","7","4","11"
"RonnyTeigAmundsen","5","6","11"
"rookflake","4","7","11"
"rookie_brain","7","4","11"
"Roosteur","6","5","11"
"Ropie","6","5","11"
"Rosabet","5","6","11"
"Rosbaud","6","5","11"
"Rosen76","5","6","11"
"rosenbergsol","5","6","11"
"roseroneitor","6","5","11"
"rossoscuro","6","5","11"
"RoSt91","5","6","11"
"Rouvi2010","5","6","11"
"RowSarox","6","5","11"
"Rozkurwiator3069","6","5","11"
"Rpe87","7","4","11"
"RPMoxley","6","5","11"
"rratrd","5","6","11"
"Rrmoscowchess","6","5","11"
"RSSMALLIKARJUN","6","5","11"
"Rubicon555","5","6","11"
"RuDa2011","6","5","11"
"Rudh_BBC","6","5","11"
"RudraP_21","5","6","11"
"rueltabanyag","6","5","11"
"Rufilo_TanJr","5","6","11"
"ruisla","5","6","11"
"rumaya","6","5","11"
"rune_pune","5","6","11"
"Running_Beaver","6","5","11"
"runningmen","4","7","11"
"rupesh_bihari","5","6","11"
"rupesh13","6","5","11"
"RuRuBrown","5","6","11"
"rushEliott","5","6","11"
"Ruslan_Merey","7","4","11"
"Ruslan-Aidarov","6","5","11"
"Rustam47","6","5","11"
"ruzgarkaras25","6","5","11"
"Ryaboshapka97","6","5","11"
"Ryan_Nitharsan","5","6","11"
"ryan2801","7","4","11"
"RyanAgbunag_Frisco05","6","5","11"
"ryuuzakiL","6","5","11"
"S_mankar","5","6","11"
"s103045","5","6","11"
"S2Pac","6","5","11"
"S3Society","5","6","11"
"Sa-Mmamashia","5","6","11"
"SaaremetsDV","5","6","11"
"sabj","5","6","11"
"Sabrilaswed","4","7","11"
"sabs","7","4","11"
"Sabz21","5","6","11"
"sachin8999812103","6","5","11"
"SachinJainChess","5","6","11"
"sacro96","5","6","11"
"SACULCRAM","5","6","11"
"Sadjid","6","5","11"
"Saeh","5","6","11"
"safakcakir","6","5","11"
"SafeMoon","5","6","11"
"sagar1111","6","5","11"
"sagar4ches","6","5","11"
"saguillo2000","6","5","11"
"SaiCR7uchiha","5","6","11"
"saidjabbari67","6","5","11"
"SaikoDess","5","6","11"
"saintbaba2","5","6","11"
"saiya211","6","5","11"
"sajadshml1981","5","6","11"
"sajeed_mz","6","5","11"
"Saketh_Guru","6","5","11"
"SaladSalt","6","5","11"
"sallvi","6","5","11"
"salvazaar","5","6","11"
"Sam_ahmadi","6","5","11"
"saman123456789123","4","7","11"
"saman1989","5","6","11"
"samarthkalra01","5","6","11"
"SamburovIgor","6","5","11"
"sameerfahd","6","5","11"
"samerr200","5","6","11"
"SamirAlmemmedov","5","6","11"
"Samjon","5","6","11"
"San_Naudiyal","5","6","11"
"sanadataro","6","5","11"
"sancax","5","6","11"
"SanchezE","5","6","11"
"sanco18","6","5","11"
"sangam2021","6","5","11"
"sanju3d","6","5","11"
"Santiago_Bautista217","5","6","11"
"SantiagoLlag","6","5","11"
"SantiagoXD18","5","6","11"
"sAnticona08s","5","6","11"
"SantoLince","5","6","11"
"santoshhegde","6","5","11"
"Sanya_Tarhan","5","6","11"
"sapg3011","6","5","11"
"SAPL","5","6","11"
"saranam-iyappa199","5","6","11"
"Sardarbek-Nurdinuulu","5","6","11"
"Sarip_dol","5","6","11"
"Sarmat_Al","6","5","11"
"sarp_yener","7","4","11"
"sasbucha","6","5","11"
"SashaDumas","5","6","11"
"Satisfactor","5","6","11"
"Satranc_bilmiyom","5","6","11"
"satranctt","5","6","11"
"satrio_gaming","5","6","11"
"sattiprem","6","5","11"
"saucymeri","6","5","11"
"Sauliukas","6","5","11"
"Savade","6","5","11"
"Savage1994","6","5","11"
"saverchik","7","4","11"
"saveriocp","5","6","11"
"SaVlad70","5","6","11"
"sawabear","6","5","11"
"saxapol","5","6","11"
"Say_Onee","5","6","11"
"Sayed911","6","5","11"
"sayedgamal77","5","6","11"
"sayrak","6","5","11"
"Sberka","6","5","11"
"sbk1066","4","7","11"
"sc12at","5","6","11"
"Scada98","5","6","11"
"schachfigur77","5","6","11"
"schachfl","6","5","11"
"Schachpoet","6","5","11"
"Schlumpfboxer","6","5","11"
"schmico666","5","6","11"
"schmidtbence92","6","5","11"
"schmuella","6","5","11"
"Schutnik5","5","6","11"
"scofield007","6","5","11"
"scooter12","5","6","11"
"Scorpion48","5","6","11"
"scotler-B12","7","4","11"
"SCRK","5","6","11"
"sdstrowes","6","5","11"
"Seann","6","5","11"
"SeanStorm","6","5","11"
"seanthornton1","6","5","11"
"seasoln","5","6","11"
"seba69","6","5","11"
"Sebamdp","6","5","11"
"sebas_perez00","4","7","11"
"sebasbirckoff14","6","5","11"
"Sebastian_91","6","5","11"
"sebastian_h","5","6","11"
"SebastianEVT","6","5","11"
"sebastianlieby","6","5","11"
"Sebcrouds","6","5","11"
"seboseven","6","5","11"
"SEDATALAGOZ","5","6","11"
"Seduce_and_destroy","5","6","11"
"Seferali45","6","5","11"
"segonpin","5","6","11"
"SeJad_2304","5","6","11"
"selahattinefedemir55","5","6","11"
"SELEGILINE-2920","5","6","11"
"selfcareee","6","5","11"
"Selirion","4","7","11"
"semen111paurchak","6","5","11"
"Semwise","4","7","11"
"SenSeiROFU","6","5","11"
"sepehrbahrami1385","5","6","11"
"Seppis","5","6","11"
"Seraa1102","5","6","11"
"Serber90","5","6","11"
"sercarp","5","6","11"
"Serdar08","6","5","11"
"Sergey0202","6","5","11"
"Sergey8888","6","5","11"
"Sergio132435","6","5","11"
"SergioSt","5","6","11"
"sergiy44","4","7","11"
"Sergo9","6","5","11"
"sergtitov","5","6","11"
"serhas127","7","4","11"
"SERKANKA","5","6","11"
"SerVIz","5","6","11"
"setallar","6","5","11"
"sevensamurailizard","6","5","11"
"SEYRANYANARTEM","5","6","11"
"Seyvol1","6","5","11"
"sflores72391","5","6","11"
"sfserg","5","6","11"
"SgarRu_SA","6","5","11"
"sgera01","6","5","11"
"sgettios737","5","6","11"
"shade888","5","6","11"
"shadow_1505","5","6","11"
"Shadow_96","6","5","11"
"ShadowChessPlayer","5","6","11"
"Shahram2","4","7","11"
"shallaw2022","5","6","11"
"Shalter","5","6","11"
"ShamSh1","5","6","11"
"shanginn","6","5","11"
"shaon_explosive","5","6","11"
"ShapiroViktor","5","6","11"
"shar789","6","5","11"
"Sharan_6339","6","5","11"
"sharif1348","6","5","11"
"Sharoykofan","5","6","11"
"ShashwotoBiswas","6","5","11"
"Shasooya","5","6","11"
"shawoneric","6","5","11"
"Shax001","6","5","11"
"shchyolokovvalery","6","5","11"
"shekhawatvikram","6","5","11"
"Sheltukov","5","6","11"
"ShenaniGunz","5","6","11"
"SherlockPedrix","6","5","11"
"shime1","5","6","11"
"shinydeepak","5","6","11"
"Shinzan","6","5","11"
"Shivanshi321","6","5","11"
"Shkiller92","6","5","11"
"shook1000","5","6","11"
"ShounokMM","4","7","11"
"Shourya_Shrivastav8h","5","6","11"
"Shreeshiro312","6","5","11"
"Shreidy","5","6","11"
"Shreya_Sneh","4","7","11"
"shrishrathi","6","5","11"
"Shugarr","5","6","11"
"shurakeks","7","4","11"
"shyam_murali","5","6","11"
"si_carlsen","5","6","11"
"siaabd","4","7","11"
"SicilianCCM","5","6","11"
"SicilianCitizen","6","5","11"
"siddhartha13","6","5","11"
"sidewaySpizza","6","5","11"
"sidorovvf","5","6","11"
"Sigismund_Sinclair","6","5","11"
"signpen","6","5","11"
"silent_pea","5","6","11"
"Silvio_Manuele","6","5","11"
"Siminor_87","5","6","11"
"simon42","4","7","11"
"simondz","6","5","11"
"Simonedb","6","5","11"
"simonulv","5","6","11"
"sin_rostro","4","7","11"
"sina1993","4","7","11"
"Sina1995","5","6","11"
"Sinjim69","6","5","11"
"Sinusoidal36","6","5","11"
"sinuylehcimsinuy","6","5","11"
"Sire_John_Edwards","7","4","11"
"sirphuck","6","5","11"
"SirQ2000","5","6","11"
"sirsirsirsir","6","5","11"
"Siva09","5","6","11"
"Sizilli","5","6","11"
"sjakkgal","6","5","11"
"skannan","6","5","11"
"skiparr","5","6","11"
"Skisoo","5","6","11"
"Skopin","5","6","11"
"SKPKBARFI","6","5","11"
"Skripa4illo","5","6","11"
"SKULL10","4","7","11"
"skvader","6","5","11"
"Skyi64","6","5","11"
"skytao","6","5","11"
"Skytta","6","5","11"
"sladwilson","6","5","11"
"slamar85","6","5","11"
"slavenski","5","6","11"
"SlayerDemon7","5","6","11"
"Sledaput","6","5","11"
"sliight","6","5","11"
"slim_shura","6","5","11"
"slothbro","6","5","11"
"slow-pig","5","6","11"
"SluchaynazPOBEDA","6","5","11"
"SlugterraChess","6","5","11"
"smallfish2018","5","6","11"
"smartynishin","6","5","11"
"smetanuch","5","6","11"
"Smiikel","5","6","11"
"Smokemare","6","5","11"
"smooth_transitions","6","5","11"
"Smooveller","5","6","11"
"Smurflaz","7","4","11"
"snadyc","5","6","11"
"SnekkerAndersen","5","6","11"
"snnalini","5","6","11"
"SnowChugger","5","6","11"
"SnowFlakeGenius","7","4","11"
"SNOWMANBOB","6","5","11"
"Sobuj_1671","5","6","11"
"Soflipao","5","6","11"
"soixantecinq","6","5","11"
"sokaktasayamamgibi","5","6","11"
"Sokol54","5","6","11"
"sokol5577","6","5","11"
"solayman","6","5","11"
"Solesaur","6","5","11"
"Solobrod","6","5","11"
"Solomeoazul","5","6","11"
"SolomSama","5","6","11"
"soloturqo","7","4","11"
"Solovjev50","5","6","11"
"solution97","5","6","11"
"some_fancy_clown","6","5","11"
"sonem11","6","5","11"
"sookhteh","6","5","11"
"soprolapse","5","6","11"
"soranan","6","5","11"
"sormen7","6","5","11"
"sorpion","6","5","11"
"souk1","5","6","11"
"SoulessPawn","5","6","11"
"Soulfallen","6","5","11"
"Soumodeep2007","6","5","11"
"Soumyadeepta07","6","5","11"
"Sourav968","6","5","11"
"SouthAfricaChess","6","5","11"
"southafricanpitbull","6","5","11"
"Soutie","5","6","11"
"sovich_04","5","6","11"
"SoyTuNieto","7","4","11"
"sozen","6","5","11"
"sp1729","6","5","11"
"Sp1kZetts","4","7","11"
"Spaceman-sensei","6","5","11"
"spark2021","6","5","11"
"Spartakiller1","3","8","11"
"spatialdasein","6","5","11"
"Speedpato","5","6","11"
"speedy_game","5","6","11"
"Spice_and_Wolf","6","5","11"
"SpirkinMaxim","6","5","11"
"spladler","6","5","11"
"spnear","6","5","11"
"spokoystviyetikhayas","7","4","11"
"Sport_School","8","3","11"
"sport2012v","6","5","11"
"spovn","5","6","11"
"sprigganpeace","5","6","11"
"Springbok87","6","5","11"
"SprunggewaltigerJack","5","6","11"
"sputnik86","5","6","11"
"squattingsnoopy","5","6","11"
"Squiller33","6","5","11"
"Sr_Donoso","6","5","11"
"sreehariyerroju","6","5","11"
"srhs2008","6","5","11"
"srimahavishnu","5","6","11"
"Sriram_2310","5","6","11"
"sriramprasad","6","5","11"
"srkncmndg","5","6","11"
"srry404af","6","5","11"
"Srtem","7","4","11"
"sscheckmate1","5","6","11"
"sserejka","5","6","11"
"SSharma85","6","5","11"
"Sshheeer","6","5","11"
"sshoshin","6","5","11"
"SSMax788Tu","5","6","11"
"sssarper","6","5","11"
"ssufka","5","6","11"
"ssullltan","6","5","11"
"St3p","5","6","11"
"stacelandicus","6","5","11"
"stachista","6","5","11"
"stagmate","6","5","11"
"Stakobezmilosti","5","6","11"
"Stalnacke","6","5","11"
"Stanley100","5","6","11"
"staple","6","5","11"
"Star1983","4","7","11"
"Starkbierhorstl","5","6","11"
"StarsSunMoon","5","6","11"
"stas212","5","6","11"
"Stasian88","6","5","11"
"stasolvit","5","6","11"
"stavrogun","5","6","11"
"Ste_85","6","5","11"
"StefanJM","6","5","11"
"Stefanorp","6","5","11"
"stefanotn","6","5","11"
"stefu222","5","6","11"
"StegaruMircea","6","5","11"
"Stellar10","6","5","11"
"Steminik","4","7","11"
"StenH","4","7","11"
"stenitz9","6","5","11"
"StepanSlepykh","5","6","11"
"StepByStepper","5","6","11"
"Stephen_manzanero","5","6","11"
"stephpowa1","6","5","11"
"stepow","5","6","11"
"stex90","5","6","11"
"steytan","6","5","11"
"Stid03","5","6","11"
"stifti1","6","5","11"
"Stigan4ik","7","4","11"
"Still_Learning_Chess","6","5","11"
"Stinzy","6","5","11"
"StockBird55","4","7","11"
"Stockfish-Killer","6","5","11"
"stockfishlvl0000","6","5","11"
"stoffl71","6","5","11"
"Stonebeater","6","5","11"
"Stonov","6","5","11"
"stp_pompeii","5","6","11"
"StrangerToChess","5","6","11"
"strategys","6","5","11"
"strategytactic","4","7","11"
"Strikehunter","6","5","11"
"Strong_cmForzaaa","5","6","11"
"Stterolk","6","5","11"
"Studentenfuchs","5","6","11"
"StudyChessABC","6","5","11"
"Stunbox","4","7","11"
"StuzhukA2013","6","5","11"
"Suader123","6","5","11"
"sub_NEXUS","6","5","11"
"subhashkumar","5","6","11"
"Suds_K","6","5","11"
"SugarMercado","6","5","11"
"sujankaps888","6","5","11"
"sujitprathameesh","5","6","11"
"sukish","6","5","11"
"SukumaranVK","5","6","11"
"sultaneron17","5","6","11"
"sumitdhadda","6","5","11"
"SummitG","6","5","11"
"sunac","6","5","11"
"Sundet_Boribekov","6","5","11"
"sunsaladeater","5","6","11"
"Super_kiwi","5","6","11"
"super-express33","6","5","11"
"SUPER2019","6","5","11"
"SuperJDS","5","6","11"
"supermacko","6","5","11"
"superRandom_123456","5","6","11"
"supertym","6","5","11"
"Suppah100","5","6","11"
"SupremeMemer","5","6","11"
"surgemo","6","5","11"
"Surya_HR","5","6","11"
"susztermatt88","5","6","11"
"SvinoGorl","6","5","11"
"swapan1234","5","6","11"
"Swaraj2001","5","6","11"
"Swetlana_Gaag","5","6","11"
"Swimming_Seal","5","6","11"
"swiss62","6","5","11"
"Sy_Abelman","5","6","11"
"Synigra","5","6","11"
"syxo","6","5","11"
"Szachista941","5","6","11"
"szlapelis","5","6","11"
"szofix","7","4","11"
"szweig","6","5","11"
"T1mMiZ555","6","5","11"
"t2_0","6","5","11"
"TabakhL7ayat","6","5","11"
"tabour","6","5","11"
"tafl","5","6","11"
"tafoder","7","4","11"
"TahirKarahan","5","6","11"
"taichifish","7","4","11"
"Tajnekonto123","5","6","11"
"take_mistake","5","6","11"
"Takundatheknight","6","5","11"
"Tal-Tics","5","6","11"
"TALLYMANGC","6","5","11"
"Tamik75","6","5","11"
"Tania22_P","6","5","11"
"TanishqaR11","6","5","11"
"Tanya3542","6","5","11"
"Tarasss777","6","5","11"
"Taray04","5","6","11"
"tarmelop","6","5","11"
"Tarun_desai","6","5","11"
"Tate_Iver","5","6","11"
"Tatts","5","6","11"
"TaufanAhmad75","5","6","11"
"TauModer","6","5","11"
"Tawneee","6","5","11"
"taxidriver2023","4","7","11"
"TaxidriverFurcia","6","5","11"
"tayfunkomurcu","6","5","11"
"Taywell","5","6","11"
"TchakaZulu","5","6","11"
"tcheli","6","5","11"
"TchessK3","6","5","11"
"tdxchiuraise","6","5","11"
"tealizard","6","5","11"
"TechBillionaire","5","6","11"
"TechieTiger","6","5","11"
"tedmorena","5","6","11"
"teikaluk","5","6","11"
"teja324","6","5","11"
"tejal123","5","6","11"
"Tekucica","5","6","11"
"Telephone_player","6","5","11"
"Telpecarne","6","5","11"
"Temiara","5","6","11"
"tenalisss","6","5","11"
"TenburyTryer","6","5","11"
"Term1k","7","4","11"
"Terroncito83","5","6","11"
"tetrodon","6","5","11"
"Tex505","6","5","11"
"TF_Trix","5","6","11"
"TH-TofiqHaciSeyidovv","6","5","11"
"ThAgamemnon","6","5","11"
"thanox","6","5","11"
"Tharun_Prince","5","6","11"
"thcmas_tran","6","5","11"
"The_Blue_Bishop","6","5","11"
"the_bojan","6","5","11"
"The_Catholic_Man","6","5","11"
"The_Ha11","6","5","11"
"The_Teletubbie","5","6","11"
"the_tholia","5","6","11"
"the22promaxkeshacv","5","6","11"
"TheBrundleFly","5","6","11"
"theburner","5","6","11"
"TheCarlenMagnus","6","5","11"
"thechessloser135","6","5","11"
"theclarinetman","5","6","11"
"TheDarKnight_007","6","5","11"
"TheDukeOfChess1","6","5","11"
"TheEndMan","6","5","11"
"Thegladiator64","6","5","11"
"TheGroetzi","6","5","11"
"thejamesgood","6","5","11"
"Thelastpillar","6","5","11"
"TheLegend96","5","6","11"
"themarkler","5","6","11"
"TheNabbitQueen","6","5","11"
"Theoak2022","6","5","11"
"TheQueensVictory","5","6","11"
"TheReaper_x","7","4","11"
"therightking","5","6","11"
"TheSaladDestroyer","6","5","11"
"TheTakito","6","5","11"
"Theteachershere","5","6","11"
"thetinderswindler","6","5","11"
"Thetitan009","6","5","11"
"thetobinator11","5","6","11"
"TheValley","5","6","11"
"TheWalnutDealer","5","6","11"
"thewatcher2023","6","5","11"
"Thezerix","5","6","11"
"ThGodSpeed","5","6","11"
"Thiago_Soubac","5","6","11"
"Thiago3590","5","6","11"
"thierrybreton","5","6","11"
"Thomas815","5","6","11"
"thomaskjoseph6","5","6","11"
"thompaross1","6","5","11"
"thompsn","6","5","11"
"Thoni5","5","6","11"
"thor1601","6","5","11"
"Thorrior42","4","7","11"
"ThorstenofThir","6","5","11"
"thozeh","6","5","11"
"Thrax","6","5","11"
"thrigunank","6","5","11"
"Thrimor","6","5","11"
"thszach","4","7","11"
"thunder-cry","6","5","11"
"Thunderbell","6","5","11"
"Thx_for_ss","6","5","11"
"tichodroma_muraria","7","4","11"
"Tide0","5","6","11"
"tidyplayground","5","6","11"
"Tiger83","6","5","11"
"Tigla_vip","5","6","11"
"Tim8651","6","5","11"
"timchin","6","5","11"
"Timo1eus","5","6","11"
"TimoRABS","5","6","11"
"Timur_Esenov","5","6","11"
"timursky","7","4","11"
"timurthelenk","5","6","11"
"Tin11","6","5","11"
"tinsc","6","5","11"
"TiPamin","6","5","11"
"TippingTheKing","6","5","11"
"tipstuni00","5","6","11"
"TITLE_DOMINATOR","6","5","11"
"TKBerserk","6","5","11"
"tki9","6","5","11"
"tkylmzk","5","6","11"
"tms363","4","7","11"
"tmsaisamarth_2013","6","5","11"
"Tmsj","5","6","11"
"tmsk7334","6","5","11"
"Toastbrod007","6","5","11"
"TobiasKa91","6","5","11"
"TobiHu90","6","5","11"
"Tobyasha","6","5","11"
"toghs","5","6","11"
"tokar116","5","6","11"
"Toledanomad","6","5","11"
"tolosaxake","5","6","11"
"Tom_Ripley","6","5","11"
"Tom32619","7","4","11"
"TomekJurek78","6","5","11"
"TomerSh","5","6","11"
"Tomichess01","5","6","11"
"tomioka_10","6","5","11"
"Tomiscus","5","6","11"
"tomson11","5","6","11"
"tomtr92","6","5","11"
"tomygerard","4","7","11"
"tonesersir","5","6","11"
"TonyStark778","6","5","11"
"Topadf","6","5","11"
"Topal1","6","5","11"
"topgoose48","6","5","11"
"Torbalan64","6","5","11"
"tornado197","5","6","11"
"TORNERO","7","4","11"
"torosentado22","6","5","11"
"ToryHunter07","6","5","11"
"toschoo","5","6","11"
"tothecloid","5","6","11"
"toutenvrac","6","5","11"
"TRA090909","7","4","11"
"Trabltheboss","5","6","11"
"tractor19701970","5","6","11"
"Traderlife","5","6","11"
"TrainingsAccount2023","5","6","11"
"TrakTorisTiZCeLa","6","5","11"
"trandinhthai123","5","6","11"
"Trapelus001","5","6","11"
"TrashOpeningGuy","4","7","11"
"Treeborg","5","6","11"
"triedcatched","5","6","11"
"trieshard","6","5","11"
"troisi","5","6","11"
"Trondsky","5","6","11"
"troppinik","6","5","11"
"Trotskiyi","7","4","11"
"Troubadoure2","6","5","11"
"tsclb61","6","5","11"
"TSmithWM","5","6","11"
"TSultan_26","5","6","11"
"tsunadee","7","4","11"
"Tsydeno","6","5","11"
"ttiger11","7","4","11"
"ttxprt","5","6","11"
"TuggSpeedman","5","6","11"
"Tumbalata","5","6","11"
"TunahanHAYDAR","6","5","11"
"Tunkel","5","6","11"
"Turbi83","5","6","11"
"Turbochesser","6","5","11"
"Turbogurke","5","6","11"
"Turk-Eli","6","5","11"
"Turlybaev_Amir2","6","5","11"
"Tuuliharja","6","5","11"
"Twilightt","7","4","11"
"Twinfishy","6","5","11"
"twr6384","4","7","11"
"tyligadas","6","5","11"
"Typpi69","6","5","11"
"U1U1U1U1U1U1U1","6","5","11"
"UAndr","6","5","11"
"ucalanoo","6","5","11"
"Uche1982","6","5","11"
"Ueberhauptnix","6","5","11"
"Ufakalipsis","6","5","11"
"UGabTabliganU","5","6","11"
"Ugandan_hacker","6","5","11"
"uihidyun","4","7","11"
"uknseeme","4","7","11"
"Uladus93","6","5","11"
"ulmus102","5","6","11"
"ultrasMCMLXV","6","5","11"
"ulugbek0113","7","4","11"
"umutmontana","7","4","11"
"UnaHormigaComunista","6","5","11"
"UndefeatedStrategist","6","5","11"
"Unegroenlanieve","5","6","11"
"UnholyCannoli","6","5","11"
"UnknownTommy","5","6","11"
"unlitcitrus","6","5","11"
"UnStricken55","5","6","11"
"urfish666","5","6","11"
"urizarulises1","4","7","11"
"Urmas","6","5","11"
"Urrrgh","5","6","11"
"UsacMick","5","6","11"
"UsefulBarberFly","6","5","11"
"ushangi","5","6","11"
"usualsuspect1","5","6","11"
"Uyah_Ntobz","5","6","11"
"uyoloyu","6","5","11"
"v-a-m-i-r-o","5","6","11"
"V-Observer","5","6","11"
"v01c3y","6","5","11"
"vaanikaur","6","5","11"
"VaccChess2","5","6","11"
"vadignat","5","6","11"
"vadik0211","6","5","11"
"vahbuna","6","5","11"
"vahid-eslam63","4","7","11"
"vahidgh_b","7","4","11"
"Valcker129","5","6","11"
"vale471","7","4","11"
"valentijnvv","6","5","11"
"valeriaramirez10","5","6","11"
"ValerioReyes","6","5","11"
"Valkyrion627","5","6","11"
"Valorian777","6","5","11"
"Valsehcayv","6","5","11"
"VALTORO","6","5","11"
"ValVikUA","6","5","11"
"vampicmo","6","5","11"
"van1ll4","6","5","11"
"vanhivyaapyo","5","6","11"
"vannelle","5","6","11"
"vanshkishore","5","6","11"
"Vanycha-Sergeevich","6","5","11"
"Varcin","7","4","11"
"Varuk1","5","6","11"
"vArUnGoUd4508","5","6","11"
"vascop","5","6","11"
"vasilis_84","6","5","11"
"Vaskinho","5","6","11"
"vectocs","7","4","11"
"vegadoota","5","6","11"
"velozdc","5","6","11"
"venediktov_echo","5","6","11"
"venenodeserpeinte","6","5","11"
"Venezuela2302","5","6","11"
"VENKAT05","6","5","11"
"venku11019","6","5","11"
"venrun","6","5","11"
"Veronika7658","7","4","11"
"verprot","5","6","11"
"verticalhorizon","6","5","11"
"veskyyy","7","4","11"
"Viby","6","5","11"
"vicent93","8","3","11"
"Vickharry41","6","5","11"
"victor_a10gr","7","4","11"
"Victoral12","5","6","11"
"Victorhdez86","5","6","11"
"victorhugo33","5","6","11"
"Victori5","6","5","11"
"victorprz","6","5","11"
"Victortor123","4","7","11"
"vijayvasu12","5","6","11"
"VIKIS81","6","5","11"
"ViktorLuytyy","6","5","11"
"villaduchessa","5","6","11"
"vilnusatyx","6","5","11"
"Vin2091","6","5","11"
"vinay02","6","5","11"
"vincentmasuka","5","6","11"
"vincez94","5","6","11"
"Vineshhh28","5","6","11"
"ViniciusFebasse","5","6","11"
"vinilmurugan5288","7","4","11"
"Vinoth47","5","6","11"
"Vinvis","5","6","11"
"vio1999","7","4","11"
"violetgil","5","6","11"
"Vip_erixon","6","5","11"
"Vipos964","6","5","11"
"viralblackz","5","6","11"
"VirginSlurk","7","4","11"
"Vishu_4007","6","5","11"
"Vishwam29","6","5","11"
"vit1282","6","5","11"
"VITBDakshish","7","4","11"
"VitorCostaaaaaaaaa","5","6","11"
"VitorioAlmadas","6","5","11"
"vivekkushwaha7898","6","5","11"
"Vivity","5","6","11"
"vj1","5","6","11"
"VkHarsh1823","6","5","11"
"vlaboba","5","6","11"
"Vlad0905","6","5","11"
"Vladbrot","5","6","11"
"Vladick","5","6","11"
"Vladimir_Zim","6","5","11"
"VladimirPO","5","6","11"
"VladumirSVD","6","5","11"
"vlbrnov","5","6","11"
"VlMAO","4","7","11"
"Voffk","6","5","11"
"voilalalala","6","5","11"
"volnik86","6","5","11"
"Volstaggg","6","5","11"
"Voodoochild4","6","5","11"
"voodoohack","5","6","11"
"Vorim","5","6","11"
"VOVANIUM","6","5","11"
"Vovoks","6","5","11"
"vsadrian","6","5","11"
"vtornir","5","6","11"
"vuciculecise","5","6","11"
"vuksa9","6","5","11"
"Vulfpack","5","6","11"
"VVNarik","6","5","11"
"vvtok78","5","6","11"
"VyacheslavBashkirov","5","6","11"
"Vyacheslavii","5","6","11"
"wadef","6","5","11"
"WagnerAlexandre","6","5","11"
"wakamoley","5","6","11"
"WaL9eD","5","6","11"
"WalasDNC","5","6","11"
"waleryus","5","6","11"
"Wamuwi01","6","5","11"
"wander619","6","5","11"
"WanderingStranger","6","5","11"
"wanorita","5","6","11"
"wanyggchess","6","5","11"
"warCodiq","5","6","11"
"WarumspieltderSchach","7","4","11"
"wasder09","6","5","11"
"Waylo","6","5","11"
"wcasique58","6","5","11"
"wearereal","7","4","11"
"wederpachecosilva","6","5","11"
"wehb","6","5","11"
"weimintg","5","6","11"
"Wellblech01","5","6","11"
"welnekidy","7","4","11"
"werganist","5","6","11"
"westdragon","5","6","11"
"westonbush","6","5","11"
"WeZey","5","6","11"
"wezmah","6","5","11"
"WGlitch","6","5","11"
"WHAFLC-Aca","5","6","11"
"White_Fire","6","5","11"
"white_Patzerson","5","6","11"
"whitestaar","6","5","11"
"whunt1","5","6","11"
"whysoseriousboi","6","5","11"
"WickedChessGeeza","6","5","11"
"wiesijo","5","6","11"
"wildblue01","7","4","11"
"WildJump","5","6","11"
"wiliiliw","6","5","11"
"Wilipi","4","7","11"
"WilliamSteinitzzz","4","7","11"
"willito20","6","5","11"
"Wilmar27","6","5","11"
"Wilsonpalencia","5","6","11"
"Windelpupser","5","6","11"
"Winter_Den","6","5","11"
"wirrchov","6","5","11"
"Wishzz","5","6","11"
"Wizard2k","8","3","11"
"wizardstick","4","7","11"
"Wizemann","6","5","11"
"wjing_07","5","6","11"
"Wmgmorales322","5","6","11"
"Wodzu1000","5","6","11"
"wojtekk97","6","5","11"
"woland84","5","6","11"
"Wolfersberger","5","6","11"
"Wolflefou","6","5","11"
"wolle1","6","5","11"
"WonderfulChessGuru","6","5","11"
"Wou3","6","5","11"
"WPKQ","6","5","11"
"wrakchess","5","6","11"
"Wrublenski","5","6","11"
"WuiderWidder","5","6","11"
"Wuille","5","6","11"
"Wurstebrot","6","5","11"
"Wursthaken","6","5","11"
"wwmarcosww","5","6","11"
"X-Bijuu","6","5","11"
"xacaso64","6","5","11"
"xaguirao","6","5","11"
"Xavitov","6","5","11"
"xBashx","6","5","11"
"XENOKIRA","7","4","11"
"xico68","5","6","11"
"XIIIX_XIIIX_XIIIX","5","6","11"
"ximxim","6","5","11"
"xiv_14","5","6","11"
"xmpltdf","6","5","11"
"xnu","6","5","11"
"xqxqxq","6","5","11"
"XrayBishop","5","6","11"
"XRUSTAL","6","5","11"
"Xsdt","6","5","11"
"xueshan","5","6","11"
"xvlrh","4","7","11"
"xXelgharbawyXx","3","8","11"
"xxzazaxx","5","6","11"
"XyZy09","6","5","11"
"y_yash_y","5","6","11"
"Y3AAH-BOII","7","4","11"
"y4hiko","5","6","11"
"y7z","6","5","11"
"yaco44","5","6","11"
"yagiz_w","6","5","11"
"Yahato","6","5","11"
"Yahya803","5","6","11"
"YALIN0","6","5","11"
"Yanakuna","6","5","11"
"Yanubanu","5","6","11"
"Yaperopake","5","6","11"
"Yarash2110","6","5","11"
"yarikstar","5","6","11"
"Yaroslav_Soldatov","6","5","11"
"yas14011401","4","7","11"
"YashBothra","6","5","11"
"yasinbaran","5","6","11"
"yasinyilmaz","5","6","11"
"yasserabozahra9","5","6","11"
"ydaoud","5","6","11"
"YeahWellDatIs","6","5","11"
"yedong","5","6","11"
"Yefrusya","6","5","11"
"yeheazytoney442","5","6","11"
"YeSouiZoune41","5","6","11"
"YESrushikesh","5","6","11"
"yevbar","5","6","11"
"yggy1242","6","5","11"
"yilmazovski","5","6","11"
"ylim_chess","5","6","11"
"yogeshorb662","5","6","11"
"yogisodha1992","5","6","11"
"Yokachi07","6","5","11"
"yorolodiaz","5","6","11"
"Yoshi141","6","5","11"
"you_think56","5","6","11"
"youagainst","7","4","11"
"YouAreAnEasyOpponent","5","6","11"
"Youngger","6","5","11"
"youosef88","6","5","11"
"youoyoussef","6","5","11"
"yourdad1234","7","4","11"
"YourDaddy08","5","6","11"
"YOUSSEF24S","5","6","11"
"YOUSSSRY","5","6","11"
"Yousuf11111111133333","5","6","11"
"yp1234","6","5","11"
"yuan03","6","5","11"
"yudiyanto16","5","6","11"
"Yukihira012325","4","7","11"
"YunusMertyurek","5","6","11"
"YuriRegby","6","5","11"
"z1whyt","6","5","11"
"z1ye","6","5","11"
"Z3TT1","5","6","11"
"Zabur","6","5","11"
"zafalec","6","5","11"
"Zaffelare","5","6","11"
"ZaGiL","7","4","11"
"Zaidalhelu","6","5","11"
"zain2018","5","6","11"
"ZaJaqV","4","7","11"
"Zakijumaa","5","6","11"
"Zaludak","6","5","11"
"zaratstr","4","7","11"
"zari23","6","5","11"
"Zav_uch","6","5","11"
"zaveso","5","6","11"
"zavian19","6","5","11"
"zaziam","5","6","11"
"zbib","6","5","11"
"ZbojnikJurko","5","6","11"
"Zeck","5","6","11"
"zedoop","5","6","11"
"zekrombroz","5","6","11"
"Zelman1988","6","5","11"
"zen-roulette","5","6","11"
"zenib360","6","5","11"
"ZenitsuAgatsuma1","4","7","11"
"Zennet","5","6","11"
"zenult","6","5","11"
"zeppelino","5","6","11"
"ZepTep","7","4","11"
"Zerodos","6","5","11"
"zeynop246","5","6","11"
"Zgh","7","4","11"
"Zhampaboy","6","5","11"
"Zhhandos","6","5","11"
"ZhongliNeedsMora","5","6","11"
"zhutanejo","6","5","11"
"Zibo8","6","5","11"
"zidane5","6","5","11"
"ziepes","6","5","11"
"zigmis","5","6","11"
"ZimmyE","6","5","11"
"Zksnzkw","5","6","11"
"ZloeZlo","5","6","11"
"znaydenov","5","6","11"
"Zodiacccc","6","5","11"
"zofuree","6","5","11"
"Zonsondergang","6","5","11"
"ZoranMonev","5","6","11"
"zorenhacosta","5","6","11"
"zoro_79","5","6","11"
"zRamal","6","5","11"
"Zrjd_1996","5","6","11"
"ztownsend","6","5","11"
"zuluagazo","5","6","11"
"Zupfi","5","6","11"
"zuppadipawns","5","6","11"
"Zvir666","5","6","11"
"Zvonimiro","4","7","11"
"Zxc777zxc","6","5","11"
"Zxdell","6","5","11"
"zyme","6","5","11"
"a_ashishin","5","5","10"
"a-man","5","5","10"
"a-pshen","5","5","10"
"A25101953","5","5","10"
"a3bc","5","5","10"
"A61419839JEANETH","4","6","10"
"a8hnamarh_13","3","7","10"
"a8saad","5","5","10"
"Aaaaziiiz","4","6","10"
"Aadithabhimannyu","5","5","10"
"AadoChess","5","5","10"
"aag1001","5","5","10"
"Aaiidil","5","5","10"
"AALbeginner","5","5","10"
"AAlfredo","4","6","10"
"aalves","5","5","10"
"Aaronstarschesss","5","5","10"
"Aashish13","4","6","10"
"AayushMittal8994","6","4","10"
"Aaz_chess","5","5","10"
"ab_lk","6","4","10"
"AB-SHEK","5","5","10"
"ab-tz","3","7","10"
"AB2111","5","5","10"
"abaiskiy","5","5","10"
"Abay_KZ","5","5","10"
"abba71","6","4","10"
"abbas1977","5","5","10"
"abbasshakeri12","5","5","10"
"Abboba","4","6","10"
"abcdefghighlmnopqrst","4","6","10"
"abcqo91","5","5","10"
"abdelqaderL124578","6","4","10"
"abdelrahaman777","5","5","10"
"ABDG","6","4","10"
"abdo_eg","6","4","10"
"AbdoaboAsi","6","4","10"
"Abdoesmail2001","5","5","10"
"Abdu-Hakim","5","5","10"
"abdulkadirs","5","5","10"
"AbdulKhaliq","5","5","10"
"AbdulmalekTantani","4","6","10"
"Abedt","5","5","10"
"abelalbertorojas","5","5","10"
"aberneti","5","5","10"
"Abhi900","6","4","10"
"Abhinav_Mudgal","5","5","10"
"abib3097","5","5","10"
"abo_rj7","5","5","10"
"ABO-SLMAN","5","5","10"
"abokhaled11","5","5","10"
"Abominavel","5","5","10"
"ABOOJUMANAAH","5","5","10"
"Abu_Umar","6","4","10"
"ABUFALAH07","5","5","10"
"AbuMuslim","4","6","10"
"Abush","4","6","10"
"AchessV64","4","6","10"
"achint1994","6","4","10"
"aciktim172","6","4","10"
"ACL115","5","5","10"
"AconitumCochleare","5","5","10"
"active_rider","4","6","10"
"Acul_hc_spok","4","6","10"
"Adam_R_M","4","6","10"
"Adam16919886","5","5","10"
"adam5501","4","6","10"
"adammccaffrey","6","4","10"
"adeelmalik88","5","5","10"
"adel3636","6","4","10"
"adelpenho","4","6","10"
"Ademola","6","4","10"
"adhoffmann95","4","6","10"
"adil-jalal","6","4","10"
"AdityaPrasad123","3","7","10"
"Adnankarami","5","5","10"
"Adolph1024","5","5","10"
"Adrenalin-bereg","5","5","10"
"adreng","5","5","10"
"adriancito3","4","6","10"
"Adriangru","4","6","10"
"adrianway","5","5","10"
"Adsoh","5","5","10"
"Adt3","5","5","10"
"aegeanfarmer","5","5","10"
"afflexzig","5","5","10"
"afganboy","5","5","10"
"Afik17","5","5","10"
"Afo1996","5","5","10"
"Afonych777","4","6","10"
"AfsalHameed","5","5","10"
"AgentPenha","5","5","10"
"Agesilao","5","5","10"
"AggressiveNature","5","5","10"
"Agiless","5","5","10"
"AGMmohamedmoussa","6","4","10"
"agornov","5","5","10"
"AgricolaSuperbus","5","5","10"
"AHG-2008","5","5","10"
"Ahmad-114","5","5","10"
"ahmad10892","5","5","10"
"ahmadiparsa998","5","5","10"
"AhmadOmarHAD","5","5","10"
"Ahmed_Assar","6","4","10"
"ahmed589","6","4","10"
"ahmedali6870","6","4","10"
"ahmedasem770","4","6","10"
"AhmedELtokhy","4","6","10"
"ahmedgaddour","5","5","10"
"AhmedKhairy96","5","5","10"
"AhmedOmarWadood","4","6","10"
"ahmet187","4","6","10"
"aichessbott","6","4","10"
"AiDaNkRiShNa","4","6","10"
"aidotours","5","5","10"
"Aiker13","6","4","10"
"Aimka","6","4","10"
"AinAr558","6","4","10"
"airsaiz","5","5","10"
"Aj_Andrzej","5","5","10"
"aj_javier","5","5","10"
"Ajchessboard","5","5","10"
"ajedrezsiempre2023","5","5","10"
"Ajmal_Rayyan","4","6","10"
"ajuguilon45","4","6","10"
"ajzkvx","5","5","10"
"Ak3naton","5","5","10"
"akadirkoc","5","5","10"
"akashap","5","5","10"
"akbar252433","6","4","10"
"akiaki100","5","5","10"
"Akinayo","5","5","10"
"akmaekki","5","5","10"
"AKNC0501","5","5","10"
"Akoibonn","5","5","10"
"AKREP10","5","5","10"
"akshasbc","5","5","10"
"aky1337","5","5","10"
"al_e2e4","5","5","10"
"Al240211","6","4","10"
"aladnaM","5","5","10"
"Alaincitopp","6","4","10"
"Alainiani","4","6","10"
"Alamer3o","5","5","10"
"Alan227","6","4","10"
"Alancnd","5","5","10"
"alanr100","6","4","10"
"alanvitalp","5","5","10"
"Alaskandarane","6","4","10"
"Alataquerr","5","5","10"
"alazizi","5","5","10"
"alb0u","5","5","10"
"Albastru99","5","5","10"
"albibra01","5","5","10"
"Alcatraz20","5","5","10"
"AlcelIlagan","4","6","10"
"Aldishon","4","6","10"
"alecs469","6","4","10"
"alek1930","5","5","10"
"alekhine77","5","5","10"
"AleksandrKus","5","5","10"
"Aleksey19872009","4","6","10"
"Aleksey2005Loch","6","4","10"
"Alekseytver","5","5","10"
"AleLeo2008","6","4","10"
"alelovesi","5","5","10"
"alemancio","5","5","10"
"Alemason00","5","5","10"
"Alephevelyn","6","4","10"
"Aleskha","4","6","10"
"alex_1094","5","5","10"
"Alex_argentina","5","5","10"
"Alex_Pownall","5","5","10"
"alex_Simon","4","6","10"
"Alex-Baten","4","6","10"
"Alex281sey","5","5","10"
"alexandeleloup","6","4","10"
"Alexander_Sichkar","5","5","10"
"Alexander1ooooo1","5","5","10"
"AlexanderDS","5","5","10"
"Alexandr1985","6","4","10"
"alexandregouttard","5","5","10"
"Alexchess2006","5","5","10"
"Alexey_The_Best","5","5","10"
"Alexey_Zait7ev","4","6","10"
"alexeyann","5","5","10"
"AlexGudkov","5","5","10"
"AlexisJC","2","8","10"
"AlexisMarseilleFC","5","5","10"
"AlexiSyl","4","6","10"
"AlexK71","6","4","10"
"alexmcd223","5","5","10"
"alexnnnnnnnder","6","4","10"
"Alexsandr19","4","6","10"
"Alexschul","5","5","10"
"AlexSu123","4","6","10"
"AlexusN","5","5","10"
"aley__1","5","5","10"
"Alf_40","4","6","10"
"Alfa-Centavra","5","5","10"
"alfateh2801","5","5","10"
"Alfredo_Distante","5","5","10"
"Alfredo4998","5","5","10"
"Alfredo95","4","6","10"
"alfredomontoya","6","4","10"
"algebra2469","5","5","10"
"alghaesia","5","5","10"
"Algoritmo-DCP","5","5","10"
"ali_2121","5","5","10"
"ali_mashud","5","5","10"
"aliasghar79","4","6","10"
"AliBarr","5","5","10"
"Alienjay","5","5","10"
"AliFakhoury","5","5","10"
"aligre","5","5","10"
"Alika_v","5","5","10"
"alikaancnv","4","6","10"
"alikeskin","6","4","10"
"alina_fadeeva","5","5","10"
"aliosmanayhann","5","5","10"
"alirezaoc","5","5","10"
"Alirezasimi","5","5","10"
"alisan_beyrami","5","5","10"
"alishahid","5","5","10"
"allamaiqbal","5","5","10"
"allamistakeo","5","5","10"
"allanallan","5","5","10"
"Allanochore","4","6","10"
"allclawnshere","5","5","10"
"AllEyeSeeing","5","5","10"
"AllKFisscher815","5","5","10"
"Allwinipe","5","5","10"
"Almanaque","5","5","10"
"almotuz","6","4","10"
"Alomdaashhat","6","4","10"
"AlonzoGos","6","4","10"
"alotwrite","6","4","10"
"alp97","5","5","10"
"alpaguthanturkmen40","4","6","10"
"Alpata","4","6","10"
"Alpensin","5","5","10"
"alphaand_omega","6","4","10"
"Alphaspirit2005","5","5","10"
"Alpheratz97","5","5","10"
"alplaton","5","5","10"
"Altay2012","5","5","10"
"Altin123","5","5","10"
"altohid_Sheikh","5","5","10"
"Alukom1","5","5","10"
"Alvgkhs","4","6","10"
"alwis25","5","5","10"
"amala_pazza_inter","5","5","10"
"Aman_K","6","4","10"
"Aman_Kumar_123456789","5","5","10"
"amansc12","5","5","10"
"amantejwani92","6","4","10"
"ambact","5","5","10"
"AMCL","5","5","10"
"Amer-bahloul","5","5","10"
"Amfitamin33","4","6","10"
"Amiito","5","5","10"
"Amin_khurami","4","6","10"
"amin_mokhtarvand","5","5","10"
"aminsalehi","5","5","10"
"amir_gh_1996","6","4","10"
"Amiraliyahyaabadi","4","6","10"
"Amirasara","4","6","10"
"Amirbhatta","6","4","10"
"AmirDel1987","6","4","10"
"amishra94","5","5","10"
"amitku53","4","6","10"
"Ammar2402","5","5","10"
"ammaralabed","6","4","10"
"Ammarlafi","5","5","10"
"amn_t","5","5","10"
"amodrahatkar","5","5","10"
"amoghkannan","4","6","10"
"amy_05","5","5","10"
"anakin22","5","5","10"
"AnakinWQ","7","3","10"
"Anan_Bharadwaj","5","5","10"
"anand64","6","4","10"
"Ananya_0_2","5","5","10"
"anasLattili","4","6","10"
"AnataOFakku","4","6","10"
"anathemadevice","5","5","10"
"anbi94","6","4","10"
"anchetoff","5","5","10"
"AnCod96","5","5","10"
"and_chess_1","5","5","10"
"AndekN","6","4","10"
"Anderskrossaren","5","5","10"
"Anderss68","4","6","10"
"andrax77","5","5","10"
"andreanto","5","5","10"
"andrefelipep","5","5","10"
"Andrei2110","6","4","10"
"andreij13","6","4","10"
"andreistancioiu","4","6","10"
"andrejn98","5","5","10"
"andresx4","3","7","10"
"andrew2007","5","5","10"
"Andrew360","4","6","10"
"Andrey_33","5","5","10"
"Andrey_SPb","5","5","10"
"Andrey1869","5","5","10"
"Andrey202","6","4","10"
"AndreyCOM","5","5","10"
"andreyiva9","4","6","10"
"andy_ger","5","5","10"
"ANDY1234","5","5","10"
"AndyKutu","5","5","10"
"Angel5050","5","5","10"
"Angelo2117","5","5","10"
"ANGELofDEATH_TR","5","5","10"
"AngeloGutierrez2020","5","5","10"
"anhoanghmt","6","4","10"
"aniket_nair","6","4","10"
"aniketakn","6","4","10"
"anirudd","5","5","10"
"Aniruddhsinh","6","4","10"
"Anish-Giri-94","5","5","10"
"anishlim","6","4","10"
"Anke26","4","6","10"
"Ankit0107","4","6","10"
"ankit2019","5","5","10"
"anks_bha","6","4","10"
"anna_pia","5","5","10"
"annapa13","4","6","10"
"Annorrak","5","5","10"
"Anonymous304","6","4","10"
"Anonymoussa","4","6","10"
"AnoopSayaani","6","4","10"
"ANoori1","5","5","10"
"anotherChestPlayer","4","6","10"
"ANSHIMII","5","5","10"
"AnshTheGM","4","6","10"
"AnshuBorkar","5","5","10"
"antdementyev","5","5","10"
"antgamo","4","6","10"
"AnthonyBooks1","4","6","10"
"Antispin","5","5","10"
"Anton_Efimov","6","4","10"
"Anton_uk","4","6","10"
"Antonamadeus","4","6","10"
"antonermilov777","5","5","10"
"Antoni0_am","4","6","10"
"antonioluna1","5","5","10"
"AntonParkhomenko","5","5","10"
"anujit","4","6","10"
"Anurag001","6","4","10"
"AnuragLGN","5","5","10"
"anycat666","5","5","10"
"apexpredator247","4","6","10"
"APG1000","4","6","10"
"Aphane","6","4","10"
"Aphelia01","5","5","10"
"api239","4","6","10"
"APL375","5","5","10"
"APOCALYPSEK","4","6","10"
"apostle-of-attack","5","5","10"
"APPL92","5","5","10"
"apurvgs","5","5","10"
"aqwer4","7","3","10"
"AraAraOniichan","4","6","10"
"ARAARMENIA","5","5","10"
"aracruz","5","5","10"
"arasharash85","6","4","10"
"arashtash1976","5","5","10"
"aravinddm","5","5","10"
"ArazSuleymanov","5","5","10"
"ARC-5555","5","5","10"
"ARCARCA","5","5","10"
"ArchieKnight8","5","5","10"
"arciel","5","5","10"
"ardag110","5","5","10"
"ardeaf","5","5","10"
"ardi_12345","4","6","10"
"ardozfdn","6","4","10"
"ARezinovsky","4","6","10"
"aria1300","4","6","10"
"arid_toschert","5","5","10"
"arifugur","6","4","10"
"Ariiellus","5","5","10"
"Arikusey","5","5","10"
"aririci","6","4","10"
"ArjunSridhar","5","5","10"
"arkadi1958","5","5","10"
"arkamran","5","5","10"
"arlekhin","5","5","10"
"arlonnnko","6","4","10"
"armandol","5","5","10"
"ArmanH1","5","5","10"
"ARMEN94","5","5","10"
"armin423163mo","6","4","10"
"arnad","5","5","10"
"ArnaudMartin99","4","6","10"
"ArnavSinha","5","5","10"
"ArneTower","5","5","10"
"ars1386","6","4","10"
"ArSem","5","5","10"
"arsenigorvvhv","5","5","10"
"Arshia1383","4","6","10"
"arshwan","5","5","10"
"ArskaAndero","4","6","10"
"art90","5","5","10"
"Artalvas","5","5","10"
"artembmw","5","5","10"
"Arthur_Herrera","5","5","10"
"ArthurA","5","5","10"
"artik1234","5","5","10"
"artmon","5","5","10"
"Artur762","4","6","10"
"artur999111","5","5","10"
"arturbal1872","5","5","10"
"ArtyomM1kha1ets","6","4","10"
"Artz3","4","6","10"
"arumister","4","6","10"
"arunmatoleya","4","6","10"
"aryan886","5","5","10"
"aryanchessmaster","6","4","10"
"ARZFRANC","5","5","10"
"asaaaaafff","6","4","10"
"ASADBEK12","6","4","10"
"ascadone","5","5","10"
"asd68","5","5","10"
"Asger","5","5","10"
"Ashakhunov","5","5","10"
"ashantene","4","6","10"
"Ashergambit","6","4","10"
"ashish53","5","5","10"
"ashley_spears","6","4","10"
"AshmaSasi","5","5","10"
"ASHRAF_ALASSAR","5","5","10"
"Ashutosian","5","5","10"
"asimple12","4","6","10"
"Askar_Aidai","5","5","10"
"AskarAlzhanov","5","5","10"
"Askathurlee","6","4","10"
"AskerTeschev","5","5","10"
"aslenOAL","5","5","10"
"asmakovs","5","5","10"
"asokcr7","5","5","10"
"asrn7","5","5","10"
"assangee","5","5","10"
"assantturk1","6","4","10"
"AstonMartin_11","6","4","10"
"asunny","6","4","10"
"atajensechangos","5","5","10"
"Ataturk71","4","6","10"
"AtemAry","5","5","10"
"atharva_stark","5","5","10"
"Atharvaa00","6","4","10"
"AtleticoDave","4","6","10"
"Atog","5","5","10"
"atorralba","5","5","10"
"Attacke","6","4","10"
"atthewm","5","5","10"
"AtulTompe","5","5","10"
"Au_79","6","4","10"
"aucassin","5","5","10"
"auheimer96","6","4","10"
"Auric115","4","6","10"
"aurleanobuendi","5","5","10"
"AuroraDragonFly","4","6","10"
"auxix","5","5","10"
"Avbey","6","4","10"
"Avenger-001","6","4","10"
"avenuestudgrad","5","5","10"
"averagemathguy","6","4","10"
"Avi83","6","4","10"
"avichaljadeja02","6","4","10"
"awadhootha","5","5","10"
"awesomesalokin","4","6","10"
"Axel_Mars","4","6","10"
"axelolmos","5","5","10"
"axelproplayer","6","4","10"
"axisaxidogg","4","6","10"
"Axlom","6","4","10"
"axygon","4","6","10"
"AyanamiReiQ","5","5","10"
"AyanMajumder","5","5","10"
"Ayanokoji_Kietaka","5","5","10"
"ayazahmet","5","5","10"
"AykutKocaman777","5","5","10"
"AymericVB","4","6","10"
"Ayostin","5","5","10"
"ayoubsg","4","6","10"
"AYRAT13","6","4","10"
"AyseNUY","6","4","10"
"Aytac85","5","5","10"
"Azad2121","5","5","10"
"azamat997","5","5","10"
"AzE_EdaleT","5","5","10"
"azerLeouxxe","4","6","10"
"Aziiko","5","5","10"
"AZIMGH","5","5","10"
"AZONIX3","4","6","10"
"azou","5","5","10"
"AzzurriTrading","5","5","10"
"B787-9","4","6","10"
"ba7gar","5","5","10"
"babass162","5","5","10"
"Babbione","6","4","10"
"babjimates","5","5","10"
"babli99","5","5","10"
"backpackcrafter","6","4","10"
"BadGrunfeldPlayer","4","6","10"
"badonkadong","5","5","10"
"badzan","5","5","10"
"Bafhouse03","5","5","10"
"baguioasafriend","5","5","10"
"Baha1905","4","6","10"
"bahadorbromand","5","5","10"
"Bahbaran","5","5","10"
"bakunin1900","4","6","10"
"balaganof","5","5","10"
"Baljeet12345","5","5","10"
"balkanflitzer","6","4","10"
"Balu14","6","4","10"
"BaluPTKa","5","5","10"
"Balzabouth","5","5","10"
"bamser123","5","5","10"
"bamshu","5","5","10"
"banan12345","5","5","10"
"Bananista","5","5","10"
"BANDYGAN","4","6","10"
"BanjoChess6","5","5","10"
"barak12345","5","5","10"
"barakagagne","5","5","10"
"barcozonal","5","5","10"
"Baribaran","5","5","10"
"Barkayarab","6","4","10"
"Barman92","6","4","10"
"Barnezes","5","5","10"
"barnnabus","5","5","10"
"barooky","5","5","10"
"Baroskiwok","4","6","10"
"BarsaaD","4","6","10"
"BarsamChess","5","5","10"
"Bartok97","4","6","10"
"Basarkiyat","6","4","10"
"Basebalkid","4","6","10"
"basedeestudo","5","5","10"
"basinats","4","6","10"
"Basino","5","5","10"
"BasovNikita","3","7","10"
"BASSAMMAHMOUD20","4","6","10"
"BastRscg","5","5","10"
"Batdelger78","4","6","10"
"batuda","5","5","10"
"batuqz","5","5","10"
"Bauer1982","5","5","10"
"bavovna11","6","4","10"
"bawadi","5","5","10"
"BAWOWNAPOWER","4","6","10"
"BaxtiyarSalimov","5","5","10"
"Bayezit","5","5","10"
"BayHb","5","5","10"
"bayp","5","5","10"
"bayramsenturk","4","6","10"
"Bcooles","4","6","10"
"bcs_chandu","5","5","10"
"Bcv-25","5","5","10"
"bdfy_0","5","5","10"
"BDS777","6","4","10"
"beanonso","4","6","10"
"Bear350","6","4","10"
"beatnoobplayer","6","4","10"
"because_checkmate","5","5","10"
"beginner_234","5","5","10"
"beginneremin","5","5","10"
"behroz2","5","5","10"
"Behruzbek_2200","5","5","10"
"behzad_ghaffariann76","5","5","10"
"Beibut16","4","6","10"
"bekalu82","5","5","10"
"Beke486","5","5","10"
"Beke878312","5","5","10"
"bekesh","5","5","10"
"bekkamorto","5","5","10"
"bekosg","5","5","10"
"belalnabi","5","5","10"
"belarsky","5","5","10"
"belberg","4","6","10"
"BelFegor969","5","5","10"
"believe_in_wonder","5","5","10"
"belilukac","5","5","10"
"Belmiro99","4","6","10"
"BelyakovAV","6","4","10"
"Ben_silly","4","6","10"
"Ben-H","5","5","10"
"ben6631","6","4","10"
"bencoder","4","6","10"
"BenGunn67","5","5","10"
"beninho26","5","5","10"
"BenjaminSkanklin","5","5","10"
"BenMTL","5","5","10"
"bennigaiani","5","5","10"
"bennolo","5","5","10"
"benstephens02","5","5","10"
"BenSur","5","5","10"
"Bentery","5","5","10"
"bentlarsen12","5","5","10"
"bentonzy","5","5","10"
"Beowufl","4","6","10"
"bepool","5","5","10"
"Berant","5","5","10"
"Berdikov_Klim","4","6","10"
"Bergamote89dontdeux","5","5","10"
"berkansk","6","4","10"
"Berkaybktss","4","6","10"
"Berke12h","4","6","10"
"berlage","5","5","10"
"Bernad0tte","5","5","10"
"BernardPurdie","5","5","10"
"BernBear","6","4","10"
"bersekrapid","6","4","10"
"Bestoff3","5","5","10"
"BethHarmless","5","5","10"
"BETOCHESS11","3","7","10"
"bgongo","4","6","10"
"Bhaji","5","5","10"
"bharath319","5","5","10"
"BhavikhShetty","4","6","10"
"Bhusan1234","5","5","10"
"Bibarys05","4","6","10"
"BibiRox","5","5","10"
"bidaubadeadieu","4","6","10"
"Bieber1234","4","6","10"
"bielersen","6","4","10"
"big_nate_99","5","5","10"
"bigfatseal","5","5","10"
"Bighot","5","5","10"
"BigOhta","6","4","10"
"BigOther888","6","4","10"
"bigshaq1","6","4","10"
"bigshorty007","4","6","10"
"BigTallCat","5","5","10"
"BigVinni","5","5","10"
"biix03it","4","6","10"
"Bilalaydin2007_81","4","6","10"
"BilBog123","5","5","10"
"bile_gabaire","4","6","10"
"BilgeAkademi","6","4","10"
"BilgeMete","6","4","10"
"Bimbalas112","4","6","10"
"Binu13","5","5","10"
"BioMario16","5","5","10"
"Birdtalon","5","5","10"
"Birichevski","6","4","10"
"birina","5","5","10"
"bischop","5","5","10"
"BischwillerChess","4","6","10"
"BISCULT","5","5","10"
"BishopBlitzer71","5","5","10"
"Bishophyjishop","5","5","10"
"BishopPair1711","5","5","10"
"Bizov","5","5","10"
"Bjuananator","5","5","10"
"bkdlrb","5","5","10"
"BKnight_WQueen","5","5","10"
"bkoyunlu","5","5","10"
"Black_player","5","5","10"
"blackalder","5","5","10"
"blackbeer2","4","6","10"
"blackburne2","5","5","10"
"blackeagle10","5","5","10"
"BlackFishercaruane","5","5","10"
"Blackknight00001","4","6","10"
"blackpork54","5","5","10"
"Blacksshear5","6","4","10"
"blackst0ne","6","4","10"
"Bladsito","5","5","10"
"Blake_83","5","5","10"
"blandonia","6","4","10"
"Blank0643","5","5","10"
"blauer_stift","6","4","10"
"blitzchessorg","5","5","10"
"Blitzco","5","5","10"
"blitzjunkie","4","6","10"
"blitztacc","6","4","10"
"block24lot5","5","5","10"
"bLorE_cOoRg","3","7","10"
"blossom1","5","5","10"
"BlotterFan","5","5","10"
"blowalone","6","4","10"
"BLS_555","5","5","10"
"blueprinter","4","6","10"
"bluffet","5","5","10"
"blunderagn","6","4","10"
"bnw9","5","5","10"
"Bob-Jonny","6","4","10"
"Bobby_Thomas","5","5","10"
"BobITA69","3","7","10"
"bobrik1941","6","4","10"
"BobSacamanoNJ","5","5","10"
"boby_ficher43","4","6","10"
"bochi","5","5","10"
"bocian44","6","4","10"
"body3000","4","6","10"
"bodymoon","4","6","10"
"Bogdanmkp","5","5","10"
"boikara","4","6","10"
"bolisat","5","5","10"
"Bolliano","5","5","10"
"Bonbon1978","5","5","10"
"Bondq1","5","5","10"
"Bong55","4","6","10"
"bongclud","6","4","10"
"BonotSt","5","5","10"
"bonzaibom","6","4","10"
"boog224","6","4","10"
"boozebrother","5","5","10"
"BoredAligator","6","4","10"
"BoredSpider","4","6","10"
"born-to-die","5","5","10"
"BornInThePurple","5","5","10"
"BotawLangAko143","5","5","10"
"bottini71","6","4","10"
"BotUser","5","5","10"
"Botvinnicked","5","5","10"
"BoubiRoi","5","5","10"
"BowBeforeTheKing","5","5","10"
"Box33","5","5","10"
"Box885","4","6","10"
"boyd20155","5","5","10"
"Brazencal","6","4","10"
"brejak","6","4","10"
"Bremnes","6","4","10"
"Bricesyl","4","6","10"
"BridgeTTE2188","4","6","10"
"BRIGHT-75","4","6","10"
"Brillenjogger","6","4","10"
"BringtheNoys","4","6","10"
"brinjal","6","4","10"
"brinkfisch","5","5","10"
"brioche51","5","5","10"
"briones99","5","5","10"
"briyac","5","5","10"
"brokenheart1","5","5","10"
"brokenphychopath","5","5","10"
"BroncoBeeley21","4","6","10"
"Broodje-Salami","5","5","10"
"Brrraxton","5","5","10"
"Brucammello","4","6","10"
"brumikk05","6","4","10"
"bruncevic15","5","5","10"
"Bruno304","5","5","10"
"bruuuhs","4","6","10"
"Bruxschach","5","5","10"
"BryanSal","5","5","10"
"bryti","5","5","10"
"Bshopchess","4","6","10"
"BTNchess","5","5","10"
"Buachaille","6","4","10"
"buboon","4","6","10"
"buckzz","4","6","10"
"Buddy-Casino","5","5","10"
"Bugshat8","5","5","10"
"bugzbunny109","4","6","10"
"Bullero97","5","5","10"
"BulletMarara","6","4","10"
"Bulykina","6","4","10"
"bunal333","6","4","10"
"bundezdoichev","5","5","10"
"BunJah","4","6","10"
"burhankurt27","5","5","10"
"burnbright","5","5","10"
"BurnerChess","5","5","10"
"burrit09","4","6","10"
"Bussibaer","5","5","10"
"Butiran_MCS","5","5","10"
"butteredham","5","5","10"
"butterflyopening","6","4","10"
"ButtonyMeteor53","5","5","10"
"bventil","7","3","10"
"Bwaj1607","5","5","10"
"BYBA55","4","6","10"
"Byfron-L","5","5","10"
"CAAAAAAT","5","5","10"
"Caduto","5","5","10"
"Caesar000000","5","5","10"
"caf1975","5","5","10"
"cagankose07","5","5","10"
"Cagri_Atasoy","5","5","10"
"Caicara","5","5","10"
"Caioik12","5","5","10"
"caiphus","4","6","10"
"Call_Me_Reti","5","5","10"
"Callme_Med","6","4","10"
"CalMckinley","5","5","10"
"cam1982","5","5","10"
"camerojl","4","6","10"
"Camil-Zetti","6","4","10"
"camila-pit9ch","5","5","10"
"Camilla_Lee","5","5","10"
"Camilo-Chess","5","5","10"
"camiloto","4","6","10"
"Candan_Candar","5","5","10"
"Capablanca86","6","4","10"
"CapaRoja7","6","4","10"
"capnsquid","6","4","10"
"capt_goerk","5","5","10"
"capybaramaestro","5","5","10"
"Carajonetti","5","5","10"
"Caramoka","6","4","10"
"carboncopy","6","4","10"
"carensanpedro","5","5","10"
"CareyJair","5","5","10"
"carletto9","5","5","10"
"carleyone","5","5","10"
"carlos26","6","4","10"
"Carltanks","6","4","10"
"CARMONAA","5","5","10"
"Carolina2000","5","5","10"
"Caroline007","5","5","10"
"carrete_1209","5","5","10"
"carterklein13","6","4","10"
"casimirkash","4","6","10"
"Cassagnovitch","5","5","10"
"castbrawl6","6","4","10"
"castling24","5","5","10"
"casualply","5","5","10"
"caszox","5","5","10"
"Catoplebas","5","5","10"
"catsel_com","6","4","10"
"caturMembosankan","6","4","10"
"cavad_2805","4","6","10"
"cawa2004","6","4","10"
"Cayones","1","9","10"
"cbaware","4","6","10"
"cbggh","5","5","10"
"cekay_o","5","5","10"
"Celdon","5","5","10"
"CemilOktay","5","5","10"
"CemVarol","4","6","10"
"cengizhncr","5","5","10"
"cepet1484","6","4","10"
"Ceren_Sek","4","6","10"
"cesar-coronel","6","4","10"
"cesar75c_a_ciegas","5","5","10"
"cesarpenafiel","5","5","10"
"CFIEMOlaya","6","4","10"
"cglniimb_38","5","5","10"
"chac8n","5","5","10"
"Chad-0816_30","5","5","10"
"ChalakBayazidi","6","4","10"
"ChamoyPickle","4","6","10"
"champewar","4","6","10"
"chandpurna","6","4","10"
"Changamaster","4","6","10"
"charbelmesa","6","4","10"
"charge0","4","6","10"
"charly4life","5","5","10"
"chasindub","6","4","10"
"Chebra","5","5","10"
"chebulla037","6","4","10"
"Check-Mate-Me","4","6","10"
"Checkandmate007","5","5","10"
"Checkaroo","4","6","10"
"checklevel01","5","5","10"
"checkmatecity","5","5","10"
"checkmatesixsmith","5","5","10"
"checkmatez","5","5","10"
"cheechie","5","5","10"
"ChemistryScientist","5","5","10"
"cherechess","7","3","10"
"cherilopez","5","5","10"
"chess_bot14","4","6","10"
"Chess_theory_96","6","4","10"
"chess_trainer1","5","5","10"
"Chess_z0mbie","6","4","10"
"Chess-Fila","4","6","10"
"chess12nad1","5","5","10"
"chessassassin81","5","5","10"
"chessbit19","6","4","10"
"chessboss100s","5","5","10"
"chessibits","4","6","10"
"chesskid510","5","5","10"
"Chesskidjam","5","5","10"
"chessking0310","5","5","10"
"Chessknight110s","5","5","10"
"Chesskovskiy","5","5","10"
"Chessman1992","5","5","10"
"Chessmaster_hector","6","4","10"
"Chessmasterr9","6","4","10"
"chessmate1357","5","5","10"
"chessmejorando","5","5","10"
"Chessminator01","6","4","10"
"ChessNerd1234","5","5","10"
"Chessnovato1980","5","5","10"
"chessplayer-2000","5","5","10"
"chessplayer2828","5","5","10"
"ChessPlayerPune","5","5","10"
"ChessRF125","4","6","10"
"CHESSs1997","5","5","10"
"chesssurs","5","5","10"
"ChessSY12","5","5","10"
"ChessThijmen","5","5","10"
"chessvivd","5","5","10"
"ChessyMessi10","4","6","10"
"chestagram","5","5","10"
"Chester-chess","6","4","10"
"chesvik","5","5","10"
"chewster","5","5","10"
"ChezmyrrJhazmynn","5","5","10"
"chezzguy54swagg","5","5","10"
"chezztiger","5","5","10"
"chezzz19","5","5","10"
"chia46","6","4","10"
"Chicki-Niki","6","4","10"
"chidezy01","4","6","10"
"Chikoleto","5","5","10"
"Childish-Gambito","5","5","10"
"chillillo","6","4","10"
"Chimeras","5","5","10"
"Chinaski137","5","5","10"
"CHINOKAR","5","5","10"
"chispita2015","6","4","10"
"Chitraksh_Gupta","4","6","10"
"chizzlewit","4","6","10"
"Chm123","3","7","10"
"Choison","5","5","10"
"chongrlz","5","5","10"
"chrfalch","4","6","10"
"chris_scs","5","5","10"
"chrisgianno","5","5","10"
"chrisSt","5","5","10"
"ChrissTeranger","5","5","10"
"Christian_07IA","5","5","10"
"Christoph_Stieler","6","4","10"
"Chtulum","6","4","10"
"chuchoisky","5","5","10"
"chupaolo","6","4","10"
"Ciacchi","5","5","10"
"cidimaller_0","4","6","10"
"CIearheaded","5","5","10"
"cieloguardia","5","5","10"
"Cigoos","5","5","10"
"Ciko82","5","5","10"
"Cinar-19","5","5","10"
"ciniskas","5","5","10"
"Cioanca","6","4","10"
"Ciobanu","6","4","10"
"CircassianLion","5","5","10"
"Cistatecni","5","5","10"
"CJJA","5","5","10"
"cjw0395","6","4","10"
"cklidy","5","5","10"
"clabr","4","6","10"
"ClarenceSantiago","5","5","10"
"Clearheaded01","5","5","10"
"Clecio1","5","5","10"
"Clement86","5","5","10"
"cliffdoggscrum","5","5","10"
"Clownium","6","4","10"
"clusterprofile","4","6","10"
"clyvekokotiko","4","6","10"
"cmwxyz","5","5","10"
"CoachJen","5","5","10"
"CoachTom","4","6","10"
"codyjj","6","4","10"
"coldflamer","6","4","10"
"coleccionista","5","5","10"
"colomadragons","6","4","10"
"Com-Truise","4","6","10"
"Competition1","4","6","10"
"ComputerScienceLover","4","6","10"
"ConcretePunk","6","4","10"
"ConfusionAndDelay","6","4","10"
"ConradKolos","5","5","10"
"Copawn","6","4","10"
"CorbenBaby","6","4","10"
"Corcy","5","5","10"
"Cornrad","4","6","10"
"cossyphus","5","5","10"
"countnathan","5","5","10"
"Cowah","6","4","10"
"CR7AJEDREZ","5","5","10"
"crazyhouser","5","5","10"
"CristianBc5","5","5","10"
"Cristianjav200","4","6","10"
"Cristianlagos","5","5","10"
"cristianogsouza","5","5","10"
"Critic13","6","4","10"
"Critycal","5","5","10"
"CroatsareSerbs","5","5","10"
"crocodantas","4","6","10"
"crocodile_sh","5","5","10"
"cross1248","6","4","10"
"Crown_Muchi","6","4","10"
"Cskn5","5","5","10"
"CTjazzd3","5","5","10"
"cubiks_ruber","5","5","10"
"cubukabdulkadir","7","3","10"
"cukuwruquq","5","5","10"
"cullen20","5","5","10"
"culleux","5","5","10"
"cumlord_dollaraire","6","4","10"
"cuniveja","5","5","10"
"cuowgdz","4","6","10"
"Cupaban","5","5","10"
"Cupidsek","5","5","10"
"CuteAndSmallFox","6","4","10"
"cvitan1203","4","6","10"
"Cwk_jaiden_s","5","5","10"
"CyberDuckie","3","7","10"
"Cycas","6","4","10"
"cyclohexane13","4","6","10"
"cycloptera","5","5","10"
"cygn4us","5","5","10"
"cyrpy2","6","4","10"
"D3cod3","5","5","10"
"d3humanizer","5","5","10"
"D3liriumPL","6","4","10"
"da4rth","6","4","10"
"Dad0011","5","5","10"
"dadadadadaadada","5","5","10"
"dadash94","4","6","10"
"dadawww","4","6","10"
"Daevid","5","5","10"
"Dalicherif","6","4","10"
"DaLomba","5","5","10"
"DamageDiller","6","4","10"
"DAMB_DAMB","6","4","10"
"Damblot","5","5","10"
"Damengambit","4","6","10"
"Damianf","4","6","10"
"damiannicholson","6","4","10"
"Damir26","7","3","10"
"dan_512","4","6","10"
"dandansoares","5","5","10"
"DanEdz7","4","6","10"
"Dangar87","5","5","10"
"DangerNepomuk","6","4","10"
"Danhyprochessacademy","5","5","10"
"Dani_SDB","6","4","10"
"Daniao123","6","4","10"
"daniCT2021","5","5","10"
"Daniel_Castro","5","5","10"
"daniel2186","6","4","10"
"danifeldsher","5","5","10"
"DaniilElistratov9","6","4","10"
"Daniilfan","5","5","10"
"DaniloTiempo","4","6","10"
"Danilov-Aleksander","4","6","10"
"danilultra123","6","4","10"
"daniluv","5","5","10"
"DankDanMD","6","4","10"
"DannyHuber","5","5","10"
"DannyKoz","4","6","10"
"DanSo2534","3","7","10"
"DanSpade","6","4","10"
"DanTilkin","5","5","10"
"Dantsoho","6","4","10"
"darid4r","4","6","10"
"DARK_Adarsh18","5","5","10"
"Dark_Knight002","6","4","10"
"darkchild","4","6","10"
"DarkHorse1912","7","3","10"
"darkknight212121","6","4","10"
"DarkLord_SDR","4","6","10"
"darklord2404","6","4","10"
"DarkPalmaGG","5","5","10"
"Darkplayschess0000","5","5","10"
"darshan9","4","6","10"
"darthdo","5","5","10"
"DarthPigeon","5","5","10"
"dash27","4","6","10"
"dastrian","5","5","10"
"Datamannen","5","5","10"
"daur89","4","6","10"
"DaveJoe79","7","3","10"
"DaveRace","4","6","10"
"davic_93","5","5","10"
"David_z1987","5","5","10"
"DavidB06","5","5","10"
"DavidBlane11","6","4","10"
"Davide87","5","5","10"
"Davidilev","5","5","10"
"DavidIron2107","5","5","10"
"DavidK1ng","5","5","10"
"DavidNickel","5","5","10"
"DAVIDNOSKI","5","5","10"
"davidov2021","7","3","10"
"DavidRQ","4","6","10"
"DavidSmith2018","5","5","10"
"Davik1950","4","6","10"
"Dayanidhi11","6","4","10"
"Dazshana","5","5","10"
"dbtr_downbytheriver","5","5","10"
"DCLIX","5","5","10"
"ddaappsky","6","4","10"
"DDD14","5","5","10"
"ddd223","4","6","10"
"Ddyracer","6","4","10"
"de_GHENK","4","6","10"
"De_Sastre1","5","5","10"
"de_stijl","6","4","10"
"DeadNeuronsITA","5","5","10"
"DeanofNCChess","5","5","10"
"death2rooks93","5","5","10"
"debolster","5","5","10"
"decaking","4","6","10"
"decapit8","5","5","10"
"DeclaredInThisScope","5","5","10"
"Ded_Ahmed","6","4","10"
"Dedon","5","5","10"
"Dedushka_Moroz","5","5","10"
"deepak_reddy","6","4","10"
"Deepanshu_singh28","5","5","10"
"deepug2021","5","5","10"
"Deesplore","5","5","10"
"DeltoidAKAekrtoip","5","5","10"
"Demetriues","5","5","10"
"demircandan_9","6","4","10"
"demirtas71","5","5","10"
"Demon702","4","6","10"
"Den_Ego007","5","5","10"
"Dencio22","5","5","10"
"denhan","4","6","10"
"denik1831","4","6","10"
"Denis_Chess_Capitan","5","5","10"
"denis_mininkov","5","5","10"
"denis-rucoba-tuanama","4","6","10"
"denis1238","6","4","10"
"Denisashor","5","5","10"
"DenisBayow","5","5","10"
"Deniseus","4","6","10"
"Denizkon20","5","5","10"
"DenVlad0711","5","5","10"
"DerekTop777","5","5","10"
"dererere","5","5","10"
"derpython","5","5","10"
"DerSchachpolizist","4","6","10"
"desert_fox86","4","6","10"
"Desmond108","6","4","10"
"Destoyd","4","6","10"
"devaanshhs","6","4","10"
"DevDogg","5","5","10"
"Deverlaine","7","3","10"
"Devez36","6","4","10"
"deweydone","5","5","10"
"Dex1000","6","4","10"
"DFariaschess","4","6","10"
"dftr76","6","4","10"
"Dhananathan","5","5","10"
"Dhanesh_Mithran_I","5","5","10"
"dhmosiosYpallhlos","5","5","10"
"Di36o","5","5","10"
"DiamondRazor2","5","5","10"
"Didici12","5","5","10"
"DidrikE","4","6","10"
"Diego_Falco-25","5","5","10"
"diegol10","5","5","10"
"Diegotier","5","5","10"
"DiegoVieyra","5","5","10"
"DiegoVvl","5","5","10"
"Diegox7j4","5","5","10"
"dieguilllo","5","5","10"
"digooupale4","5","5","10"
"DikelaKaNoni","5","5","10"
"dim_login","5","5","10"
"Dima_100617","4","6","10"
"Dima-_0503","6","4","10"
"dimabe","5","5","10"
"Dimadavydov924","4","6","10"
"Dimas777l","5","5","10"
"Dimitrion","6","4","10"
"Dimuthu0x","4","6","10"
"DimxBrat","5","5","10"
"dimxhnb","5","5","10"
"Ding_Zhopang","6","4","10"
"Dingsparov","5","5","10"
"DIONYSUSDRIP_ONINSTA","5","5","10"
"dipesh_5","4","6","10"
"directoo","7","3","10"
"DirkKuijt","5","5","10"
"Dirlene_Piagio","5","5","10"
"disanvi","5","5","10"
"disrespectingcarpet4","5","5","10"
"divikgoel","5","5","10"
"dj-respects","5","5","10"
"Dja-Barra","6","4","10"
"Djamil2010","4","6","10"
"djbarks","5","5","10"
"Djdjensho","5","5","10"
"djenggotmerah","5","5","10"
"djman31","6","4","10"
"dlc78","5","5","10"
"dllla","4","6","10"
"dmangado","4","6","10"
"dmcgough","6","4","10"
"Dmidrido","5","5","10"
"Dmitriy_Yotin","5","5","10"
"Dmitry_1380","5","5","10"
"DmitryGTA12345","5","5","10"
"Do_I_know_you","5","5","10"
"dobo","4","6","10"
"dobrindo","5","5","10"
"doby2132","5","5","10"
"Doc880","4","6","10"
"docmiller","4","6","10"
"Doctor_JayMeel","5","5","10"
"DoctorFaust1","5","5","10"
"Dodykusmayadi_Lawyer","5","5","10"
"doflamingo_don","5","5","10"
"DogMastermaggle","5","5","10"
"dogusx1","5","5","10"
"doisss","5","5","10"
"Doloro","5","5","10"
"Dominic-Toretto","5","5","10"
"domshan","6","4","10"
"donfarantini","4","6","10"
"Donk_Shot","5","5","10"
"donpallets","5","5","10"
"DonPollon99","6","4","10"
"DonThie","5","5","10"
"DonWeaso","5","5","10"
"doogsiakdov","5","5","10"
"DoonCorleonee","4","6","10"
"DoppioEspresso","5","5","10"
"dorhinj1","5","5","10"
"dot_five","5","5","10"
"doterpro","5","5","10"
"Dottorgonzoo","4","6","10"
"DoubleCzech","5","5","10"
"DoudiMagero","5","5","10"
"Dr_AAR","6","4","10"
"Dr_Grey","4","6","10"
"Dr_kapi","5","5","10"
"Dr_Stranger-96","5","5","10"
"dr05","6","4","10"
"dracooWontWin","5","5","10"
"draghan","5","5","10"
"dragoman86","7","3","10"
"dragon_de_gales","5","5","10"
"dragonsle","4","6","10"
"dragosh13","4","6","10"
"Dragrendal","4","6","10"
"drahmedsalem","5","5","10"
"DrakasW","5","5","10"
"DrAni","5","5","10"
"drawoh","5","5","10"
"DrBlackSam","5","5","10"
"Dreamcatcher64","5","5","10"
"DreamSick10","5","5","10"
"DrEarnestein","5","5","10"
"Dregchess","5","5","10"
"DREMOR_INFERIUM","4","6","10"
"DreRus12","6","4","10"
"Drex697","5","5","10"
"DrFrunkterstein7","5","5","10"
"DrHermelin","6","4","10"
"driftersince89","5","5","10"
"Drimez","4","6","10"
"DrJugador80","5","5","10"
"drknurrli","6","4","10"
"DrLaskerAr","5","5","10"
"DrLightman123","4","6","10"
"DrLofy","5","5","10"
"DrMJAHDI","5","5","10"
"DrMorcilla","5","5","10"
"Dron_Elisey","5","5","10"
"dropo4chess","3","7","10"
"Drpharez","5","5","10"
"drshailesh","5","5","10"
"DrTito85","5","5","10"
"Druida78","5","5","10"
"dryamraj","5","5","10"
"dsdeuser","5","5","10"
"dsm5306","6","4","10"
"dubioz","5","5","10"
"DublinTopG","4","6","10"
"duchuy18811","4","6","10"
"ducktape07","5","5","10"
"DueruemDoener","6","4","10"
"Duke01","5","5","10"
"dulenac33","5","5","10"
"Dulzonp","5","5","10"
"duongciutom2","4","6","10"
"durczok","5","5","10"
"DutchLiLi","5","5","10"
"DV-KHV","6","4","10"
"dv1309","4","6","10"
"Dvg_Nsk","5","5","10"
"DVlad","5","5","10"
"DVSdouglas","5","5","10"
"DVT_soc","4","6","10"
"Dweezil03","6","4","10"
"DyadyaAaron","5","5","10"
"Dylan_chess46","5","5","10"
"Dynamic_IP","5","5","10"
"e-dule","5","5","10"
"e4e5ke2atgmaildotcom","5","5","10"
"E4renegade","6","4","10"
"Eagle_claw10","6","4","10"
"Eagleman71","5","5","10"
"eagles98","5","5","10"
"eaglevirus","4","6","10"
"Eastblom","6","4","10"
"Eastcoastblaze86","4","6","10"
"Easy__Mate","6","4","10"
"easybelieveme","6","4","10"
"easymoneysnper","5","5","10"
"ebrahimeissapoor","4","6","10"
"ebrahimhasani64","5","5","10"
"ebrahimteymori440","3","7","10"
"ecephas","5","5","10"
"eceren45","4","6","10"
"Eclipaes","5","5","10"
"Eco_Ricochet","4","6","10"
"Edbegin","5","5","10"
"Eddy168","9","1","10"
"Eddy567","5","5","10"
"Edg2023","5","5","10"
"EdgarAbramyan","5","5","10"
"edgars13","5","5","10"
"Edguruz","5","5","10"
"edisto","5","5","10"
"edjust","5","5","10"
"Edmarvinnunez","5","5","10"
"Edo_Himura","6","4","10"
"edorukhan","4","6","10"
"edu_mh","5","5","10"
"Eduges1","6","4","10"
"EEHAOOHA","5","5","10"
"EeyoreWinniePiglet16","3","7","10"
"ef1989","5","5","10"
"Efe087","6","4","10"
"efecandnn","5","5","10"
"efecim","5","5","10"
"EfeReis28","4","6","10"
"efetonic","5","5","10"
"Effenberg_II","5","5","10"
"EffZeDt","5","5","10"
"efian2020","4","6","10"
"efourwhitewins","5","5","10"
"EG_IsaacPadua","5","5","10"
"EGA2023","5","5","10"
"egealpseyrek","6","4","10"
"Egorchik_sokol","5","5","10"
"EgorKAlinin","6","4","10"
"egorkirito","5","5","10"
"Egorov_V","6","4","10"
"ehsvendsen","5","5","10"
"eigenaar","6","4","10"
"Einar70","5","5","10"
"einarcas","4","6","10"
"EinsteinFranck","5","5","10"
"Einwill","5","5","10"
"Eisensack","6","4","10"
"EJamesBradock","4","6","10"
"EJVM2403","4","6","10"
"Ekber92","5","5","10"
"ekilinckaya","4","6","10"
"ekmakarek","5","5","10"
"eko1Dolar13tl","5","5","10"
"ekocan","6","4","10"
"EkzelZes","5","5","10"
"El_Roge","5","5","10"
"El1as23","5","5","10"
"ElCaiserNegro","5","5","10"
"ElChamieh","6","4","10"
"elcubismo","4","6","10"
"ElectricNarwhal","5","5","10"
"ElegantArchi","5","5","10"
"elgonzo90","5","5","10"
"Elgoro66","5","5","10"
"Elhamamsy777","6","4","10"
"Elias_3644","6","4","10"
"elidecondate","5","5","10"
"Elingeturuleco","5","5","10"
"ElisTsarukian57","4","6","10"
"Eliwiski","6","4","10"
"ellahanev","3","7","10"
"elliotalexander","4","6","10"
"elmaestro3","5","5","10"
"elo1620","5","5","10"
"ElOsiris","5","5","10"
"Elva","7","3","10"
"ElVan0","5","5","10"
"ElvisChess90","5","5","10"
"elvism2cs","5","5","10"
"Elyas-Sahadat","5","5","10"
"ElZenkan","5","5","10"
"Emieligeter","4","6","10"
"Emil21","5","5","10"
"Emilinski11","5","5","10"
"EmilRP","6","4","10"
"EminovOrkhan","5","5","10"
"EmmaBovary","4","6","10"
"Emmie_chess","5","5","10"
"emojan","4","6","10"
"Empire22","4","6","10"
"emptyroom4121","5","5","10"
"EMRE0007","4","6","10"
"enchochoyt","6","4","10"
"Enigma9691","4","6","10"
"ENRICOGALLO","5","5","10"
"EobardThawneReal","5","5","10"
"epicurious10","5","5","10"
"Epileptiker83","4","6","10"
"EQ_Dry","4","6","10"
"equalizer74","6","4","10"
"ercsi","4","6","10"
"erdemelvu77","5","5","10"
"Erensenkeles","5","5","10"
"ericgoisonyy","5","5","10"
"erickromero8","4","6","10"
"Erikho","6","4","10"
"erimerdal","6","4","10"
"erinc1985","5","5","10"
"ernestazowsky","5","5","10"
"ERNESTO-ROMAN","4","6","10"
"Erpankajsethi","5","5","10"
"ERROR04","5","5","10"
"Erwing68","5","5","10"
"esdass","5","5","10"
"esekiel8","4","6","10"
"EsleEduardo","6","4","10"
"esmaeilamiri67","5","5","10"
"Espresso777","5","5","10"
"essam1aly","6","4","10"
"essernoah","5","5","10"
"essoubai","4","6","10"
"estiben6","5","5","10"
"etanol","5","5","10"
"etdal","5","5","10"
"ETFisher24","6","4","10"
"ethan387","6","4","10"
"Etherean","5","5","10"
"ETHto10K","4","6","10"
"EtjanUchiwa","5","5","10"
"EtoFiaskoBratan","6","4","10"
"Ettglasvatten","5","5","10"
"eugen66","5","5","10"
"EulogioCG","7","3","10"
"Eustrahulus","5","5","10"
"Evan_10","6","4","10"
"evermaza","4","6","10"
"Evert2025","5","5","10"
"evinogradova","5","5","10"
"evvx","5","5","10"
"ewk212","6","4","10"
"eWojciech","6","4","10"
"Ewria","5","5","10"
"exaskim31","5","5","10"
"exorcist3152","5","5","10"
"eyounness","3","7","10"
"eyyubosman","5","5","10"
"ezcool2000","4","6","10"
"f2f3g2g4","7","3","10"
"F474R_HCN","4","6","10"
"fabianro","5","5","10"
"Fabio_Schaub","5","5","10"
"Fabri_89","4","6","10"
"Fabsiflo","4","6","10"
"fabxxx","5","5","10"
"fachero","5","5","10"
"Fachichess","5","5","10"
"Facon0622","5","5","10"
"Faelr","6","4","10"
"FahadAlturki","5","5","10"
"Faixamorrom","5","5","10"
"faizanrashid91","5","5","10"
"fakesloth","5","5","10"
"Fakhri_Gudratli","4","6","10"
"Fameross","6","4","10"
"famynet","6","4","10"
"fan-1997","6","4","10"
"FarCry1","5","5","10"
"fardiniyo","5","5","10"
"fares16072023","5","5","10"
"Fariduddin","6","4","10"
"Farisei","5","5","10"
"Farrux_07","5","5","10"
"Farshidc4","5","5","10"
"farsteer","6","4","10"
"farzamborouni","6","4","10"
"fasfar1","6","4","10"
"Fastestmanalive2003","4","6","10"
"fatioupassou06","4","6","10"
"FaXahDa","5","5","10"
"fazingskies","5","5","10"
"fcovga","5","5","10"
"fczabala","5","5","10"
"fdamore","5","5","10"
"fdcaco","6","4","10"
"fdrnk","5","5","10"
"fearhot","5","5","10"
"feb82","3","7","10"
"fecalomillo","6","4","10"
"Feculencio","5","5","10"
"fede61","4","6","10"
"Federicocorucci94","4","6","10"
"fedo96","5","5","10"
"feelplayer","4","6","10"
"Fehmarn2019","4","6","10"
"feijoh2022","5","5","10"
"FeiXAEM","4","6","10"
"fekaon","3","7","10"
"felcunan","6","4","10"
"fele23","5","5","10"
"Felipe_bboy","4","6","10"
"FelipeDammy","4","6","10"
"felipeharo","5","5","10"
"FelipeJhonII","3","7","10"
"feliperodriguezleiva","5","5","10"
"FelipeSaturnino","5","5","10"
"felipesiker","5","5","10"
"Felix-Carlo-JR","6","4","10"
"felix1001","5","5","10"
"felixadrez","4","6","10"
"Felixxx666","6","4","10"
"felschmit","6","4","10"
"fenduru","5","5","10"
"fenn3c","5","5","10"
"FerdinandDerKater","6","4","10"
"Fernando_00","4","6","10"
"Fernandobento","5","5","10"
"feros","4","6","10"
"ferra129","5","5","10"
"fettuccinepasta","4","6","10"
"ffrige","4","6","10"
"fho1962","5","5","10"
"fich_224","4","6","10"
"fidelk","5","5","10"
"fierforjat","4","6","10"
"FifthCategory","5","5","10"
"fignathan","6","4","10"
"Filipets_Egor","4","6","10"
"filipposal","4","6","10"
"Fima125","6","4","10"
"fimkhaystorm","5","5","10"
"FingerStein","4","6","10"
"Finik001","4","6","10"
"firdausi81","4","6","10"
"fireball4","4","6","10"
"Firefax12","5","5","10"
"FirstKnight","5","5","10"
"fischerosky","5","5","10"
"Fishpoke","5","5","10"
"fishshoe","4","6","10"
"Fizyo_terapist","5","5","10"
"FJLTArg","5","5","10"
"FL0UNDER","4","6","10"
"Flanke_und_Tor","6","4","10"
"flavietta","5","5","10"
"FlavioManuel","5","5","10"
"Flirt","4","6","10"
"flo11","5","5","10"
"floatyduck38","4","6","10"
"floob","5","5","10"
"Flooki07","5","5","10"
"Florival","3","7","10"
"floydrose","5","5","10"
"FluffnuggetKing","5","5","10"
"flur1n","6","4","10"
"fly5200","5","5","10"
"flyelephant","6","4","10"
"FlyingAdonis","5","5","10"
"flyordie86","6","4","10"
"FnCKInT","4","6","10"
"Foefies","5","5","10"
"FoMa-PAN_64","5","5","10"
"fonolog","5","5","10"
"FoolishExcalibur","4","6","10"
"foooogle","5","5","10"
"Forestxxx","5","5","10"
"FortBlanco","4","6","10"
"forte007","5","5","10"
"FortunateFox","5","5","10"
"Forxhor","5","5","10"
"FoureyedRaven","5","5","10"
"fouzan","4","6","10"
"FOX96","5","5","10"
"Fr_Jacques_Clement","5","5","10"
"FraaRoma","5","5","10"
"fraidon82","5","5","10"
"FrajolaCBA","5","5","10"
"franama","5","5","10"
"Francescogull","5","5","10"
"francesconassetti","4","6","10"
"FranceseSempre","6","4","10"
"Franch85ch","4","6","10"
"Francisco1578","5","5","10"
"FrancoChess24","5","5","10"
"FrancoisL-EFM","5","5","10"
"FrankerWhy","7","3","10"
"FrdLntngGmlng","4","6","10"
"Freca45Poncho","5","5","10"
"frech89","3","7","10"
"FredAster36","4","6","10"
"fredmund","5","5","10"
"Freefrom","6","4","10"
"Freemimi","5","5","10"
"Fremont78","5","5","10"
"Fridrix-nitshe","5","5","10"
"friedjj","5","5","10"
"Friedrich53","5","5","10"
"FrodeVHansen","4","6","10"
"Frododoo","5","5","10"
"Froggy_B","4","6","10"
"from1982","5","5","10"
"frontlooptim","5","5","10"
"frostymocha","5","5","10"
"Froth","6","4","10"
"Frubcheese","5","5","10"
"FS248","7","3","10"
"FSD75","5","5","10"
"fthtn","5","5","10"
"ftivia","5","5","10"
"Fun_Arne","5","5","10"
"Funnkky","5","5","10"
"furkanner13","5","5","10"
"furkanozer7","5","5","10"
"Furkanozkrdmn","5","5","10"
"fustTurtle239","6","4","10"
"Fusyn","6","4","10"
"fwg2","4","6","10"
"G_a_S","5","5","10"
"g_turek","5","5","10"
"G-raffe","5","5","10"
"g0ku1","5","5","10"
"g2mbit","5","5","10"
"G3sundheit","4","6","10"
"Gabelmaschine","5","5","10"
"gabia247","4","6","10"
"GabNad","4","6","10"
"gabriel1412","5","5","10"
"gabrielroq","5","5","10"
"gachnar","5","5","10"
"Gadanfar","5","5","10"
"Gaik0707","5","5","10"
"Galactic-Heinrich","5","5","10"
"Galander96","4","6","10"
"galcarmelli","5","5","10"
"Galdrick","7","3","10"
"GaloisClimbing","6","4","10"
"Gamber123","5","5","10"
"Gambit131313","5","5","10"
"Game_changer123","5","5","10"
"GamerFaizan","5","5","10"
"Gamezz","5","5","10"
"GamingShow","5","5","10"
"Gamma_Delgado21","6","4","10"
"Gandalf-o-Marrento","5","5","10"
"GanghisKonz","5","5","10"
"Ganhster","6","4","10"
"Gappy07","5","5","10"
"Garbatella","5","5","10"
"garliclasagna","6","4","10"
"garrettkennedy","5","5","10"
"Garry_C_John","5","5","10"
"garsa","5","5","10"
"Garum01","5","5","10"
"Gateschess","5","5","10"
"Gatos64","5","5","10"
"gaurav_222","5","5","10"
"Gauravsharma3","6","4","10"
"gavrik1100","4","6","10"
"gayashan2002","4","6","10"
"GedikBey","6","4","10"
"geecz","6","4","10"
"geekknight","3","7","10"
"Geeldairan","4","6","10"
"gemelos1974","5","5","10"
"gena1982","4","6","10"
"genapogodin","5","5","10"
"General-Ishan","6","4","10"
"General-Kenobi","3","7","10"
"generalc","5","5","10"
"GenericName123","5","5","10"
"geoiw78771986","5","5","10"
"Georg-Cantor","4","6","10"
"georg-stamoulakis","5","5","10"
"George16889","6","4","10"
"George2021","5","5","10"
"Georgica2022","5","5","10"
"GepardJr","6","4","10"
"GERAV","5","5","10"
"Geray8","5","5","10"
"Geroy33256","3","7","10"
"Gerrard11","5","5","10"
"gersin","4","6","10"
"get4xe","4","6","10"
"getdealtwit_2003","5","5","10"
"getegete2020","5","5","10"
"GetSchwiftyYo","6","4","10"
"gevorg2727","4","6","10"
"ggattone12","5","5","10"
"ggmu87","4","6","10"
"Ghasargundi","5","5","10"
"ghinekii","5","5","10"
"Ghostag","5","5","10"
"ghostpants26","4","6","10"
"GiacomoLeone","5","5","10"
"Giancarlo_Baresi","5","5","10"
"giancarlo_canetti","4","6","10"
"giannisrap","4","6","10"
"giganticgreengiant","4","6","10"
"GilClaudio1965","5","5","10"
"gilmourdavid","4","6","10"
"Ginbest","4","6","10"
"GioBianchi","5","5","10"
"giocounoschifo","6","4","10"
"Giovanetti","5","5","10"
"Giri_2000","5","5","10"
"Gita92","5","5","10"
"giu7782","5","5","10"
"Giyaovanes","4","6","10"
"glad_tepes","5","5","10"
"glad-setif","5","5","10"
"glebanich18","4","6","10"
"GLefundes","4","6","10"
"glenmags","5","5","10"
"Glince","6","4","10"
"Globusek","4","6","10"
"glowaaa","4","6","10"
"GluehwurmJulius","5","5","10"
"gmatkar","4","6","10"
"Gmc1960","4","6","10"
"gmdillusion","5","5","10"
"Gmhl","6","4","10"
"gmoneyhater4","6","4","10"
"gmpuroy17","4","6","10"
"gnomes15","3","7","10"
"Goataragua","7","3","10"
"GoblinLauncher","4","6","10"
"goddardtsiolkovsky","6","4","10"
"godddddddd","5","5","10"
"Godelchess41","4","6","10"
"godzilla_011","6","4","10"
"gOFFa","6","4","10"
"gogoijun","5","5","10"
"gohoon","5","5","10"
"Goi_Manne","5","5","10"
"gokhanpolat65","5","5","10"
"gokment","5","5","10"
"gokuchad","6","4","10"
"Goldcat","6","4","10"
"golovachuk","5","5","10"
"GoMachteld","6","4","10"
"GomezDanielMx","4","6","10"
"gonxxxx","6","4","10"
"Gonz73","6","4","10"
"Gonzaingy","6","4","10"
"goodini","4","6","10"
"GoodyRein","5","5","10"
"gor83","5","5","10"
"Goran80","5","5","10"
"GordenGekko","5","5","10"
"Gordey123","4","6","10"
"gorila12345","5","5","10"
"GorlovaAleksandra","5","5","10"
"gorreadorkill","4","6","10"
"Gorrid2k","6","4","10"
"gotchess23","6","4","10"
"GothamFollower","5","5","10"
"goutamdas","5","5","10"
"GPolicarpio","4","6","10"
"Graddus","5","5","10"
"gradec","5","5","10"
"Graf4321","6","4","10"
"GrafSchwarz","6","4","10"
"GramsesXL","6","4","10"
"grancrafteo1357","7","3","10"
"Grandante","5","5","10"
"GrandMasterM","4","6","10"
"GrandMastrB","4","6","10"
"grbIzzly","5","5","10"
"GreasySalmon","6","4","10"
"Greeg79","6","4","10"
"GreenTuna","5","5","10"
"Gregorio_Sh","5","5","10"
"Gregzen","5","5","10"
"greyzx","4","6","10"
"grigoriymnatsakanyan","6","4","10"
"Grijan95","5","5","10"
"grkon","4","6","10"
"GrobGrobGrob","5","5","10"
"Grokman","5","5","10"
"GRSRPC","5","5","10"
"gruesomegenius","4","6","10"
"GRUMMELCHEN","5","5","10"
"Gryphos42","4","6","10"
"gscarpinella","5","5","10"
"GShubh70","5","5","10"
"Gstaa","4","6","10"
"gstavo","4","6","10"
"gtKumu","7","3","10"
"Guane","6","4","10"
"GuenX2003","5","5","10"
"Guerreiroo","5","5","10"
"Guitare1963","5","5","10"
"Gumibri","5","5","10"
"gunatunga","5","5","10"
"Gunzo27","5","5","10"
"Gurmeet","5","5","10"
"Gustavo_Amaya","5","5","10"
"Gustavo1438","5","5","10"
"GUSTAVOPERU","5","5","10"
"GuthamCity","5","5","10"
"guwse","4","6","10"
"Guysicus1","4","6","10"
"GV11","5","5","10"
"GWS2023","5","5","10"
"gy68","4","6","10"
"gyxi","4","6","10"
"Gz1989","6","4","10"
"H-ALIZADFH-6","5","5","10"
"h00ligans","5","5","10"
"h2tem","5","5","10"
"h9553454177","5","5","10"
"Habanasmoke","5","5","10"
"habib40","5","5","10"
"habo58","5","5","10"
"habyha","5","5","10"
"hack_you","5","5","10"
"Hadi_isarinia","4","6","10"
"Hadjablanor","6","4","10"
"haemg","5","5","10"
"Hafierrop","5","5","10"
"haftuki","5","5","10"
"Haganator","4","6","10"
"HaiDangel29","4","6","10"
"Haithemameer","4","6","10"
"Haken","5","5","10"
"hakim040","5","5","10"
"Hakimfarid","5","5","10"
"HAL9T","4","6","10"
"hallbergrassy312","6","4","10"
"hamidrezaaaaaa","5","5","10"
"hammer_of_destiny","5","5","10"
"handlittle","6","4","10"
"HandsOnManagement","4","6","10"
"HaneutBakery","4","6","10"
"hanit_jagtiani","5","5","10"
"haniyc","6","4","10"
"haniyeh_kh","4","6","10"
"hanky223","4","6","10"
"Hannecheese","5","5","10"
"hansinir","5","5","10"
"HansTolentino","6","4","10"
"hApEnMo0d","6","4","10"
"happygoluckychess","4","6","10"
"HAPPYHEMAGOBLIN","5","5","10"
"hardcore777","5","5","10"
"HardCorey100","5","5","10"
"hardoi","4","6","10"
"hari-y","4","6","10"
"HarishShetty","5","5","10"
"harrison1","6","4","10"
"Harrynutt","6","4","10"
"Harsh_Pro","5","5","10"
"Harsh1234567","5","5","10"
"harshkhetan","5","5","10"
"hasa48","5","5","10"
"hasanmostafid","5","5","10"
"Hasparov1","5","5","10"
"HassanKZ","5","5","10"
"hastiya","5","5","10"
"Hastus96","5","5","10"
"Hawks-Eyes","5","5","10"
"hbarrilu","5","5","10"
"HBigboss","5","5","10"
"HBKHuidorHBK","5","5","10"
"Headcrusher2001","5","5","10"
"heavenlyone","4","6","10"
"hector-Adrian","5","5","10"
"hegbulv","5","5","10"
"Heigooo","5","5","10"
"Heinrich1711","5","5","10"
"Heisenberg047","5","5","10"
"helloCh3ss","5","5","10"
"Hellrajor","6","4","10"
"Helmyegru","5","5","10"
"hema_zezo2","4","6","10"
"hemiCzar","5","5","10"
"Hendralem","7","3","10"
"HERCULOIDESSS","5","5","10"
"Heringit","6","4","10"
"herlaniops","5","5","10"
"herocity","5","5","10"
"Herr_Keuner","5","5","10"
"HeshamKhedr_AB","5","5","10"
"hessed26","5","5","10"
"heulahe","5","5","10"
"hezekiah03","4","6","10"
"HFlatval","4","6","10"
"HGSH019","6","4","10"
"Hi1878","5","5","10"
"hibobw16","5","5","10"
"Higino","5","5","10"
"Hihon1412","5","5","10"
"hikarulal","6","4","10"
"Hikaruplayschess","5","5","10"
"hillboy27","4","6","10"
"Himanshu_75","6","4","10"
"Himanshu2004","6","4","10"
"hipedr","4","6","10"
"hipsterdoofus1","5","5","10"
"hiru007","5","5","10"
"HistoryExplorer","6","4","10"
"hitrochess","6","4","10"
"hiwa1994","5","5","10"
"HJS48","6","4","10"
"Hkhan968","5","5","10"
"hkq","6","4","10"
"hochipoki","5","5","10"
"hockeyfan9","5","5","10"
"hod0r7","6","4","10"
"hokus","6","4","10"
"holdencauld","5","5","10"
"holias","6","4","10"
"HOLYBUNNY","4","6","10"
"HolyHeat","5","5","10"
"HolyWars","5","5","10"
"HondaChessUNESP","5","5","10"
"honikahd","4","6","10"
"hophopx","6","4","10"
"hornet7","6","4","10"
"Horowitz69","5","5","10"
"horseyEnthusiast","6","4","10"
"Horus021","5","5","10"
"hoshyrock","6","4","10"
"hossam_elding","4","6","10"
"hotshot7svn","4","6","10"
"houseinthefield","6","4","10"
"HovvDann","5","5","10"
"hozzam3","6","4","10"
"hplamers","6","4","10"
"hrmf65","5","5","10"
"hsoona","5","5","10"
"Hugge1981","5","5","10"
"hulk22king","5","5","10"
"Hulk250222","5","5","10"
"humanimaximus","5","5","10"
"Humbertus411","5","5","10"
"HumptyDumptyChess6","4","6","10"
"Hungry_Gorilla","5","5","10"
"hungry_kungry","4","6","10"
"huss200520","6","4","10"
"hussainkilo","5","5","10"
"Hussam80","5","5","10"
"hussein523","6","4","10"
"Husseintottenham2","6","4","10"
"Hutorok","6","4","10"
"Hvaljr","4","6","10"
"HYDR0DLISK","5","5","10"
"HypedChess_D09","6","4","10"
"hyperpassive","4","6","10"
"hyphyry","4","6","10"
"HZR_71","5","5","10"
"I_2VNews","5","5","10"
"i_got_scholared","6","4","10"
"I_m_VitaliK","4","6","10"
"I_pood_myself","5","5","10"
"I-V-O","5","5","10"
"i1i1i1i1i1i1i1i1i1_k","5","5","10"
"I2200orDeath","5","5","10"
"iajirobe","4","6","10"
"ialwayswinnnn","5","5","10"
"Iamakhil","5","5","10"
"iamanhurricane","5","5","10"
"IamBestoloch","4","6","10"
"iamjackofalltrades","6","4","10"
"iamtolazyforaname","5","5","10"
"IanMarkind","5","5","10"
"ibojeo","6","4","10"
"ibrahim190","5","5","10"
"ibrahimbiricik","6","4","10"
"ibrahis","5","5","10"
"ibrahm1907","6","4","10"
"iburakcelik","5","5","10"
"Icc2008","6","4","10"
"Icealchemist","6","4","10"
"Iceegg","4","6","10"
"ICG_Kukulcan","5","5","10"
"icsobh","5","5","10"
"Idya","5","5","10"
"ieatandbeatkids","3","7","10"
"iezx","6","4","10"
"IFA_BKD","4","6","10"
"IFA_Chess","4","6","10"
"Ifritt","4","6","10"
"Igdl","6","4","10"
"ignash","5","5","10"
"Igor_rom","5","5","10"
"Igorotaak","5","5","10"
"ihsan33","5","5","10"
"II64II","4","6","10"
"iisharankov","5","5","10"
"ikazzz","5","5","10"
"ikibardaksu","5","5","10"
"IKINDAKNOWTHERULES","5","5","10"
"Il_Mitico_Salviu06","4","6","10"
"il_Teorematico","6","4","10"
"Ilchenko","4","6","10"
"ile4ka_gyliaev","6","4","10"
"IlGhiro01","5","5","10"
"ilinkolya","6","4","10"
"Illerien","5","5","10"
"Illusion_deathsopure","5","5","10"
"ilocanos","5","5","10"
"iLoveOmahaPoker","5","5","10"
"ils120182","6","4","10"
"iluvbeer","6","4","10"
"ilya17s","5","5","10"
"ilyazl1","5","5","10"
"ima_wt","5","5","10"
"ImagoDei90","6","4","10"
"ImaNew","5","5","10"
"imashevtt","5","5","10"
"Imibor","4","6","10"
"Impants","6","4","10"
"imrano1","5","5","10"
"Imsonub","5","5","10"
"imuri70","4","6","10"
"incoherentshambles","5","5","10"
"IncredibleFast","4","6","10"
"indecision4","4","6","10"
"IndiaGame","5","5","10"
"INDOMABLEGILLES","6","4","10"
"indretasting","6","4","10"
"Infatuation17","5","5","10"
"InfiniteKnight","6","4","10"
"Iniciantex","6","4","10"
"InsanityCache","5","5","10"
"insanitytakesover199","6","4","10"
"integr","5","5","10"
"InTrance1996","5","5","10"
"inviluca","4","6","10"
"Ionbur","5","5","10"
"Iori_Nightmare","5","5","10"
"IQ_RAJMA_CHAWAL","6","4","10"
"irajkhan2023","4","6","10"
"irajrambo","5","5","10"
"ireshdudeja","6","4","10"
"iRo85","6","4","10"
"ironman860323","6","4","10"
"irvin_c","4","6","10"
"IshoNS08","5","5","10"
"isimsizhuni84","3","7","10"
"Iskak","5","5","10"
"islam_uz","5","5","10"
"ISMAEL0721","4","6","10"
"ismail-jamari","5","5","10"
"ismailozdemirel","5","5","10"
"Isx15","4","6","10"
"Iszekyu","5","5","10"
"ITA46","6","4","10"
"itaki2","5","5","10"
"Italcar","5","5","10"
"italyayolcusu2","4","6","10"
"itees","5","5","10"
"itravcf","5","5","10"
"itsehsansafi","4","6","10"
"ItsmeDom23","5","5","10"
"Iurii_Nagornov","5","5","10"
"ivan19032012","4","6","10"
"ivan62","5","5","10"
"ivanbaran","5","5","10"
"IvanGeshko","5","5","10"
"ivanMcNasty","3","7","10"
"ivanslabek","5","5","10"
"Ivanturkin","5","5","10"
"Ivanzuin78","4","6","10"
"IwillBEaGM","6","4","10"
"iwont2750","5","5","10"
"IXSTIMATE","5","5","10"
"iyotake","4","6","10"
"Izikchelsea","5","5","10"
"izzetotoars","4","6","10"
"j-shoe","6","4","10"
"j3084","4","6","10"
"Jaap6","5","5","10"
"jac35414","5","5","10"
"Jack_ma","6","4","10"
"jack1024","5","5","10"
"Jackboy47","5","5","10"
"jackgreenit","5","5","10"
"jackie_blitz","5","5","10"
"JackMack92","6","4","10"
"jackpric","4","6","10"
"jackstott99","4","6","10"
"jacobita123","4","6","10"
"jafarpour_homa2006","4","6","10"
"jagua","5","5","10"
"jaimelannisterb4","6","4","10"
"jaismf","5","5","10"
"Jaisstilllearning","5","5","10"
"jajabinks8","6","4","10"
"jaky_Ccn_78","5","5","10"
"jalvgar466","5","5","10"
"JambaAlex","5","5","10"
"jamesglapa-grossklag","4","6","10"
"JaniEgart","5","5","10"
"JanitorCaptain","4","6","10"
"JanTrebbe","5","5","10"
"japaezalvarez","5","5","10"
"Jarlosz","5","5","10"
"jasaenzl","4","6","10"
"Jaskro","3","7","10"
"jasonsp","5","5","10"
"Jav-4","6","4","10"
"javadkhademi","5","5","10"
"javast98","4","6","10"
"Javiercrm","5","5","10"
"JavierMarquetti","5","5","10"
"Jawara-sukahji","6","4","10"
"jayamie","4","6","10"
"jayonbed","5","5","10"
"JayOnechild","6","4","10"
"jaysk86","5","5","10"
"Jazzirra","5","5","10"
"jbern34","5","5","10"
"JCB3","5","5","10"
"jcoso","4","6","10"
"jdiazvera","6","4","10"
"jdjak","4","6","10"
"jdop2","5","5","10"
"jdpapineau","5","5","10"
"JeanCabral","6","4","10"
"jeconti","5","5","10"
"Jeevanganeshk","5","5","10"
"Jelger","5","5","10"
"Jelibonveredbull","6","4","10"
"Jembaa","6","4","10"
"Jemposito","6","4","10"
"JenishGm","5","5","10"
"Jennysek","5","5","10"
"JerbyDelana","5","5","10"
"jermius","5","5","10"
"Jerx9898","6","4","10"
"Jesan23","5","5","10"
"JesNed","4","6","10"
"Jester29","5","5","10"
"Jester72","5","5","10"
"jetaedin","5","5","10"
"jetro09123","6","4","10"
"Jevara33","6","4","10"
"Jewstice","6","4","10"
"JFTMARTINEZ","5","5","10"
"jfuul","5","5","10"
"jhapi","4","6","10"
"jhoancoronel95","5","5","10"
"jiaozhaorui","5","5","10"
"Jibbymaster","4","6","10"
"jibisme","4","6","10"
"Jidat2","4","6","10"
"JIFahad","5","5","10"
"jighil","5","5","10"
"Jigvel","4","6","10"
"Jihad_ALShukry","5","5","10"
"Jim2020","5","5","10"
"jimmysouza","4","6","10"
"Jimrs","5","5","10"
"Jimyflores82","4","6","10"
"jiovan","4","6","10"
"jirkaw","5","5","10"
"jishengss","5","5","10"
"Jishnukannan","5","5","10"
"jislan","6","4","10"
"JJ_NL_chess","5","5","10"
"jjjoerg","6","4","10"
"jjsiritt","4","6","10"
"jka","4","6","10"
"Jkevorq","5","5","10"
"jkpas","4","6","10"
"JM022021","5","5","10"
"Jmichael1823","5","5","10"
"jmsuck","4","6","10"
"jmzhk","5","5","10"
"Jnpm","5","5","10"
"JoaquinChess10","5","5","10"
"JoBiWan0","5","5","10"
"Jobless00","6","4","10"
"joe_wengs","6","4","10"
"joecollege101","5","5","10"
"joelppp","5","5","10"
"JoelQuest","6","4","10"
"Joelshijo","5","5","10"
"joerelkulet","5","5","10"
"jogepari","4","6","10"
"Johannes1587","4","6","10"
"Johannes2234","5","5","10"
"JohnCarloM","5","5","10"
"Johnny_22","5","5","10"
"JohnnyGalan","4","6","10"
"johnnysilbidos","5","5","10"
"johnp1992","4","6","10"
"JohnT81","6","4","10"
"johntheba","6","4","10"
"Jokkegofot","4","6","10"
"Jona-pp","4","6","10"
"Jonathan-kein_31er","5","5","10"
"jonathan0211","5","5","10"
"Jonathan123445","5","5","10"
"jonicapoch","5","5","10"
"Jonny1998","5","5","10"
"jonny6494949","4","6","10"
"jonnyknightking","4","6","10"
"JonnyLucas","6","4","10"
"jonsnowargentina","5","5","10"
"joozeph","5","5","10"
"jorgeponce","6","4","10"
"JorgeTL96","4","6","10"
"joscar_27","5","5","10"
"jose_champion","5","5","10"
"Joseibeajr","5","5","10"
"josekano","5","5","10"
"Josemerk","5","5","10"
"Josephdestaubin","5","5","10"
"JosephHP","5","5","10"
"joshuakingnew","5","5","10"
"jowni_kreyg","5","5","10"
"Jpmythic","4","6","10"
"JrLatinvs","5","5","10"
"JRN01","3","7","10"
"jrvicente","5","5","10"
"js87ak","5","5","10"
"JSand","5","5","10"
"JSchwrz","4","6","10"
"jsjr28","5","5","10"
"JSRC","5","5","10"
"jsullivan8794","5","5","10"
"jtas25","6","4","10"
"Ju92","6","4","10"
"Juan2002","6","4","10"
"JuanBlanco","5","5","10"
"Juancaballo","4","6","10"
"JuanCarlos_Brasil","5","5","10"
"Juangher","6","4","10"
"judge_dredd1","5","5","10"
"JuergenCleansmann","5","5","10"
"Julio_pic2020","6","4","10"
"julio-morales","4","6","10"
"juliorohon","5","5","10"
"JulioScio","4","6","10"
"Junejag","4","6","10"
"Jungpionier","5","5","10"
"Juninho2801","3","7","10"
"junior_soprano","5","5","10"
"Junkmen_Blox","6","4","10"
"jussoli","5","5","10"
"justankpass","6","4","10"
"justbUrself","6","4","10"
"Justice41","5","5","10"
"Justin_diputado","4","6","10"
"justluck","4","6","10"
"justmebrian","6","4","10"
"justplainbad","5","5","10"
"justpracticing002","5","5","10"
"jwpark1339","6","4","10"
"jyeshta21","3","7","10"
"jzestaaqui","5","5","10"
"K_H_A_L_ED","6","4","10"
"K_Sreeram","5","5","10"
"K10qwerty","6","4","10"
"K4teR","5","5","10"
"k54321","5","5","10"
"K777628","5","5","10"
"KA6AH_KA6AHbl4","6","4","10"
"kaball3ro","5","5","10"
"Kabel45","5","5","10"
"Kacbu","5","5","10"
"kaczuszka1234","5","5","10"
"KadgaOfficial","5","5","10"
"KadirTuna07","5","5","10"
"kadrovaka","5","5","10"
"Kaffekokarn","5","5","10"
"Kagan007","4","6","10"
"KaitoKid1412","5","5","10"
"kalabanda","4","6","10"
"kalam1964","6","4","10"
"kalbur","5","5","10"
"kalebsek","6","4","10"
"kalegood","4","6","10"
"Kalininv","5","5","10"
"KalleKakalla","6","4","10"
"KamalMZ","6","4","10"
"kameh20013","4","6","10"
"KamilKamilOVS","5","5","10"
"KAmilo12","6","4","10"
"KamranShakil77","3","7","10"
"Kaname10000","6","4","10"
"kandamaas","4","6","10"
"kaneyev_tut","5","5","10"
"KangMas_Chess","5","5","10"
"kanishkgandhi","4","6","10"
"kankord","5","5","10"
"KantoAndria","4","6","10"
"kanych_chess","6","4","10"
"kapt31","6","4","10"
"kareemElRawy","6","4","10"
"kareemmansour","5","5","10"
"KARINAFVARGAS_S1MRI","5","5","10"
"KarlssonVomDachGER","5","5","10"
"karmen6565","5","5","10"
"karnazyzac_1","5","5","10"
"KarolinaIQ007","6","4","10"
"Karoo61","5","5","10"
"Karps_1","4","6","10"
"karstenohl","5","5","10"
"KartalCeviren","5","5","10"
"karthiiiiii523","6","4","10"
"kartoffelmat","5","5","10"
"KaruizawaKei08","5","5","10"
"Karun1381","6","4","10"
"KasanaKunal","4","6","10"
"Kasimirovich","4","6","10"
"kaspalex","3","7","10"
"Kat974","5","5","10"
"KatarinaZvo","4","6","10"
"Katherine1421","5","5","10"
"katja03katja","6","4","10"
"Katras","5","5","10"
"Katsuragi035","5","5","10"
"Katyskate","5","5","10"
"kawkus27","5","5","10"
"kayc","6","4","10"
"KAYSLAW","5","5","10"
"Kazehiro","4","6","10"
"Kazi_Salauddin1980","6","4","10"
"Kazolifah","5","5","10"
"kazper_11","5","5","10"
"KBPANKAJ","6","4","10"
"Kcan27","4","6","10"
"kdjdz","7","3","10"
"Kedar_dhepe","5","5","10"
"keithhh","6","4","10"
"kem_hassan","6","4","10"
"KEMIDZ","5","5","10"
"kenant","6","4","10"
"kengup","5","5","10"
"keny_ibarra13","5","5","10"
"Kenzosek","5","5","10"
"Kerdani","4","6","10"
"kerems_16","5","5","10"
"Kesata","4","6","10"
"keshav27","5","5","10"
"kesterM14","5","5","10"
"Ketchme","5","5","10"
"Kevin-FICM","5","5","10"
"KevinMB3","4","6","10"
"kevinraypre","6","4","10"
"KFLO725","5","5","10"
"KH4ES","5","5","10"
"Khalefa_2020","5","5","10"
"khaletti","5","5","10"
"khantemira","5","5","10"
"khoa_nh","5","5","10"
"khongor_3","6","4","10"
"KHorse","5","5","10"
"khrapov111","6","4","10"
"Kian_Viray_Sales","5","5","10"
"Kianotigerwong","6","4","10"
"KicoBusssenius","4","6","10"
"Kikibesac","4","6","10"
"KilicNurullah56","6","4","10"
"Killermoni","5","5","10"
"KimsAnastasia","5","5","10"
"kimseler","4","6","10"
"kimts","5","5","10"
"King_Fyzion","5","5","10"
"king-post","5","5","10"
"king0912","5","5","10"
"kingartur73","5","5","10"
"KingChessRambo","6","4","10"
"KiNgLeBrE","6","4","10"
"kinglot","4","6","10"
"KingOfCubes","5","5","10"
"KingPingPong","4","6","10"
"kingrio13","4","6","10"
"Kings_Fires","5","5","10"
"KingSac236","6","4","10"
"Kingslayer061","6","4","10"
"kinyou97","5","5","10"
"Kiriangrey1993","5","5","10"
"Kirk_Astillo","6","4","10"
"KiroPXD1","6","4","10"
"Kiruxa32","4","6","10"
"Kisandu-Balage","4","6","10"
"kishoreb381","4","6","10"
"Kitkat_wy7","5","5","10"
"kitomorales","4","6","10"
"KJ96","5","5","10"
"KJUGRANDMASTER","5","5","10"
"kkkkarem","5","5","10"
"KKKS","5","5","10"
"kkommeri","4","6","10"
"kkykuyklyu","5","5","10"
"Kleinedief7","5","5","10"
"KleoKrings","6","4","10"
"klissima","5","5","10"
"Klmn25","5","5","10"
"kluh_312","5","5","10"
"kmpongo","5","5","10"
"knaest","4","6","10"
"KnalliAnders","5","5","10"
"kner409","5","5","10"
"Knight_of_Magnus","5","5","10"
"KnightDragon001","5","5","10"
"KnightOfDark","5","5","10"
"KnightOfFantasy","4","6","10"
"knigut","5","5","10"
"kocaertugrul","4","6","10"
"kochamlegiewarszawe","6","4","10"
"KochamZycie","5","5","10"
"kodin1111","5","5","10"
"kokos1965","4","6","10"
"Kokos19935","6","4","10"
"KOKOSAYTARA","6","4","10"
"Kolesnikov_Viktor","7","3","10"
"kolia2323","4","6","10"
"koliasic","5","5","10"
"KolleGE04","5","5","10"
"Kolya259","5","5","10"
"Komardin_Alexandr","4","6","10"
"konczi","5","5","10"
"koniecznykw","5","5","10"
"Kopfkratz","6","4","10"
"Koray55","5","5","10"
"Koroos","4","6","10"
"korsak_off","4","6","10"
"korteks61","6","4","10"
"Kortinov","5","5","10"
"kosdeh","5","5","10"
"kostasidoruk50gmail","5","5","10"
"kosyu","4","6","10"
"koura_as","4","6","10"
"kpraising","5","5","10"
"kr1k3t882","4","6","10"
"Kramnik-style","5","5","10"
"krausian","5","5","10"
"kraxorbraxor","5","5","10"
"Krigsnichin","5","5","10"
"Krirller","5","5","10"
"Krishan123456","6","4","10"
"KrishKandari20","5","5","10"
"krishnagupta10","6","4","10"
"Kristiankokk77","5","5","10"
"KristjanP","5","5","10"
"Kromvello","5","5","10"
"Kronospr","5","5","10"
"Krowe23","6","4","10"
"KrtexTheKinx","5","5","10"
"Krusteevs","5","5","10"
"KrystalX","5","5","10"
"ksez0","4","6","10"
"ksisero","6","4","10"
"ksm13","7","3","10"
"ktga001","6","4","10"
"ktkhan","4","6","10"
"kubasachy","4","6","10"
"kubik_off","4","6","10"
"kubz1","5","5","10"
"kukosii","5","5","10"
"kulangot1990","6","4","10"
"KunshGulati_4","6","4","10"
"kupzew0w","6","4","10"
"KurainUser","5","5","10"
"kurbagaae","6","4","10"
"Kurtilk17","6","4","10"
"Kuya90","5","5","10"
"KuznetsovMihail_2010","4","6","10"
"KuzyNavi","5","5","10"
"KVA201112","6","4","10"
"Kvill","6","4","10"
"Kvothegambit","5","5","10"
"ky127","6","4","10"
"Kyasanur","5","5","10"
"Kylian_Mbappe2013","5","5","10"
"kyriakos69","5","5","10"
"l_Businessman_l","5","5","10"
"l_uki","6","4","10"
"l2011s","6","4","10"
"l4kraa2","6","4","10"
"labapapa","6","4","10"
"Lacasitos_Time","4","6","10"
"lachlan2240","5","5","10"
"lachlanrb111","6","4","10"
"lacriaturasalvaje","6","4","10"
"Lady_1996","5","5","10"
"LaGentilesse","5","5","10"
"LaGrandeArmee_Gr","5","5","10"
"LAHIYA12","4","6","10"
"lahrechcherif","5","5","10"
"lailasbar","5","5","10"
"lailiao","4","6","10"
"Lajon1223","5","5","10"
"Lajszi6666","6","4","10"
"Lakshchess1234","6","4","10"
"Lakshmi1029","5","5","10"
"Lakshya8448","5","5","10"
"Lalev","6","4","10"
"LaliPop2","5","5","10"
"lalm123","6","4","10"
"lalocomotora92","5","5","10"
"LaMotoMami","4","6","10"
"Lan-Lan","4","6","10"
"LandavinPencili1","5","5","10"
"landeir0","5","5","10"
"langball","5","5","10"
"LANIST4","5","5","10"
"lapkus","4","6","10"
"larosadeguadalupe","5","5","10"
"LarryLopez","5","5","10"
"Larsen03","4","6","10"
"larsonco","5","5","10"
"LarsSjostrom","5","5","10"
"Lasferinas","5","5","10"
"Laskerycn","4","6","10"
"LasseStroemen","5","5","10"
"Last_Dude","5","5","10"
"Lastbatch","5","5","10"
"lasuster","5","5","10"
"LATATA","5","5","10"
"Lath","6","4","10"
"lathanther","6","4","10"
"Latinza","5","5","10"
"LatissimusD","5","5","10"
"laulored","5","5","10"
"lautremule","6","4","10"
"Lawaz_Samawa","5","5","10"
"Lazarus2307","4","6","10"
"lazlow_87","5","5","10"
"lazy_loser","5","5","10"
"lazy-nose","5","5","10"
"lazydestroyer","5","5","10"
"lazysleepy","5","5","10"
"LBM81","5","5","10"
"LBorisC","6","4","10"
"ldelg","5","5","10"
"leandrodiass","5","5","10"
"leang91","5","5","10"
"LearningLad","5","5","10"
"Lebbo","5","5","10"
"LeBelEphebe","6","4","10"
"Lebo0815","6","4","10"
"lecaid24","4","6","10"
"Ledaimhrd","4","6","10"
"Ledokol1","4","6","10"
"Lee_Nover","6","4","10"
"lee-christmas","6","4","10"
"Lef76","5","5","10"
"LeFrench","5","5","10"
"lefterismam5","4","6","10"
"legend_sd89","5","5","10"
"Legendary_1988","4","6","10"
"legolas777","4","6","10"
"leguigou1","5","5","10"
"leistenauer","5","5","10"
"lemaumrc","4","6","10"
"Lenaertz83","6","4","10"
"Lendysx16","6","4","10"
"Lenjir_Rajan","6","4","10"
"Lenny_Ko","6","4","10"
"lentokapu","5","5","10"
"lentorodriguez","4","6","10"
"Leo15","5","5","10"
"leobaha81","5","5","10"
"LeofinGo","5","5","10"
"LeoKrai","6","4","10"
"Leon11115","4","6","10"
"Leon1501","5","5","10"
"Leonardo_Muller","4","6","10"
"leonel123_zxs","5","5","10"
"LeroooyJenkins","6","4","10"
"leticiasoaresmoretto","5","5","10"
"Letigam","6","4","10"
"letitbe1970","5","5","10"
"Lets_Go_Hawks","6","4","10"
"letsgetrajashakin","5","5","10"
"Leutrim123","5","5","10"
"Levytantan","6","4","10"
"Lexane777","5","5","10"
"LexRockNRolla","3","7","10"
"LexxBarkoffsky","4","6","10"
"LfAli","4","6","10"
"LFCeline132","6","4","10"
"LFerrero","5","5","10"
"LFNishi","5","5","10"
"lfred2777","5","5","10"
"Lfunction","4","6","10"
"lgserikbai-72","5","5","10"
"liamvictor","5","5","10"
"liberal_tinda","6","4","10"
"libero20","5","5","10"
"Liivatemies","4","6","10"
"liketheanimal","5","5","10"
"LilaLauneHase","3","7","10"
"Lilsnottynose","6","4","10"
"limaeduardo","4","6","10"
"Limpan61","5","5","10"
"Linsal","4","6","10"
"lirins","6","4","10"
"Litliskitur","4","6","10"
"LittleGibroni","5","5","10"
"livingeasley","5","5","10"
"Livishsky","6","4","10"
"LjNova","6","4","10"
"Llius","5","5","10"
"lllabaPipa","6","4","10"
"Lloyd25","6","4","10"
"llRyNll","5","5","10"
"LocoPiano","4","6","10"
"Locutus99","5","5","10"
"Logan_18","6","4","10"
"lokesh_1","5","5","10"
"Loko588","5","5","10"
"lolBananas","5","5","10"
"LOLCHEES","6","4","10"
"lolchess325","5","5","10"
"LoloTZ06700","4","6","10"
"Londeka_Anitta","5","5","10"
"lone_raven","4","6","10"
"Lonelhy","5","5","10"
"Longlivetheempire","4","6","10"
"loni05","5","5","10"
"lookingforyuri","5","5","10"
"Looniski","5","5","10"
"lopezco","5","5","10"
"LordFedri","5","5","10"
"LordKuchen","5","5","10"
"LordOfParadise","5","5","10"
"LordOfTheMosquitoes","4","6","10"
"LordUrjit","4","6","10"
"LorenzLorenz92","4","6","10"
"LOSER_CAN_BE_WINNER","3","7","10"
"LoseYourMind","4","6","10"
"Lossing123","4","6","10"
"lossless_nerd","5","5","10"
"loukianos22","6","4","10"
"lovetoplay_123","5","5","10"
"Lovura","6","4","10"
"lplayer","5","5","10"
"LT111","5","5","10"
"lubieszachylol","5","5","10"
"Lubuck080","6","4","10"
"LucasG94","5","5","10"
"lucasivan","5","5","10"
"lucass1995","5","5","10"
"lucianoxadrezudo","5","5","10"
"lucidoggie","4","6","10"
"Lucifer_nop","4","6","10"
"LuciferMorningstar01","5","5","10"
"LuciK","6","4","10"
"Luechtoorn","5","5","10"
"Luis_1981","5","5","10"
"luisalfonsomoreno","5","5","10"
"luisjimenez02","5","5","10"
"luisneyra","4","6","10"
"luizmiguelzsantini","5","5","10"
"luk_loki","4","6","10"
"luka_magic77","5","5","10"
"Lukas-MartinsBP","5","5","10"
"lukasjf","6","4","10"
"lukateli00","6","4","10"
"lukavachadze","5","5","10"
"lukekio","5","5","10"
"Lumoconfine","4","6","10"
"lun88","5","5","10"
"LuPa53","6","4","10"
"Lupambulus","5","5","10"
"Lutte","6","4","10"
"Lvinicios777","5","5","10"
"Lwandle014","5","5","10"
"Lykance","5","5","10"
"lynx16","5","5","10"
"M_Abozied","4","6","10"
"m_aiperi","5","5","10"
"m_altaie","4","6","10"
"M_Am","4","6","10"
"m_emrec42","6","4","10"
"M0stafa_Poor","5","5","10"
"m3d9","5","5","10"
"m4kcim","6","4","10"
"m4russ4321","6","4","10"
"M5DH","6","4","10"
"ma11111","4","6","10"
"mabsy","6","4","10"
"mace993","5","5","10"
"MACH-X","4","6","10"
"Machado-95","5","5","10"
"Mackenzjr","5","5","10"
"maddyIndia","5","5","10"
"madmat47","5","5","10"
"Madrasmario","5","5","10"
"Maelkmam","6","4","10"
"Maese-Fresno","4","6","10"
"MAEstro_13","6","4","10"
"Mag0","4","6","10"
"magiama9","6","4","10"
"Magicmax97","5","5","10"
"MAGICUS","5","5","10"
"Magistr122","4","6","10"
"Magnum_Baldsen","5","5","10"
"MagnusAndi","4","6","10"
"magonoturno","4","6","10"
"MagoTal87","5","5","10"
"Magval","3","7","10"
"Mahdi20a20","6","4","10"
"mahdi3abdxxn","3","7","10"
"MAHESH1010","6","4","10"
"mahmodhendawy","5","5","10"
"Mahmoud_Rezk","5","5","10"
"maish","4","6","10"
"Majeste13","5","5","10"
"majid_ali44","5","5","10"
"mAJORAERN","4","6","10"
"Makedonium","5","5","10"
"makina","5","5","10"
"makkaya","6","4","10"
"Maksim_Andreev","6","4","10"
"Maksimov_Andrey","5","5","10"
"MaladiecBezIaiec","5","5","10"
"malakachna","5","5","10"
"Malconcuesta","6","4","10"
"maleek-hamdan","5","5","10"
"Malfoy23","6","4","10"
"MaliCado","4","6","10"
"maliCZech","5","5","10"
"maliko320","7","3","10"
"Malinovskyilya","4","6","10"
"malokis21","4","6","10"
"Malson12","6","4","10"
"MamaevAS","5","5","10"
"ManaliBCW","5","5","10"
"ManfredW","4","6","10"
"mangeclou","4","6","10"
"mani201709","5","5","10"
"maniii_zero","6","4","10"
"manjukarthi","4","6","10"
"manniemanu","5","5","10"
"MannyBonzo","4","6","10"
"manojgoyal224","5","5","10"
"Manojhaz","4","6","10"
"manolitorojas","4","6","10"
"manu_am_i","5","5","10"
"Manu0406","5","5","10"
"manuelpomares","5","5","10"
"Manugonzalezamate_05","5","5","10"
"Manulal","6","4","10"
"ManuPlaza","4","6","10"
"map_hh","5","5","10"
"MapiChess","5","5","10"
"MaraPov","3","7","10"
"Marbleu","4","6","10"
"MarceauWilliams","6","4","10"
"marcelocxp","6","4","10"
"Marchellino","5","5","10"
"marcin_chess","5","5","10"
"Marco_II","5","5","10"
"marco1970","4","6","10"
"marco2210","5","5","10"
"marcoloya1974","5","5","10"
"MarcosAFilho","5","5","10"
"MarcusTullius","5","5","10"
"marenamat","5","5","10"
"Maria_Cuccu","5","5","10"
"Maria1984","4","6","10"
"mariakrumina","6","4","10"
"Marianistas","5","5","10"
"MariaSmit","5","5","10"
"marilliamaia","5","5","10"
"marinedepr","6","4","10"
"Marioni77","5","5","10"
"mariuszbmy","6","4","10"
"MarkChubaroff","5","5","10"
"MarkEryl","5","5","10"
"markflerko","3","7","10"
"markkksd","5","5","10"
"markoooos","5","5","10"
"MarkSpringer17","5","5","10"
"Markus1969","5","5","10"
"MarkZablocki","5","5","10"
"marmalad4","5","5","10"
"MArmero04","5","5","10"
"marmi","4","6","10"
"MarocR","4","6","10"
"Marrrkkos","5","5","10"
"Mars003","6","4","10"
"MarSe_33","6","4","10"
"Marshmallow16","5","5","10"
"marsiolmenav","5","5","10"
"MarsPtyx","7","3","10"
"Marszalkowskikamil","4","6","10"
"Martian_Champ","5","5","10"
"MARTIANGOAT","5","5","10"
"MartinDobrotka","4","6","10"
"martinmitio","5","5","10"
"martinmucha","5","5","10"
"martins07","5","5","10"
"Martinseca","5","5","10"
"martynasbcn","6","4","10"
"marviola","5","5","10"
"Marx161","6","4","10"
"maryakime","5","5","10"
"MARYAVORONINA","4","6","10"
"maryembasdouri","5","5","10"
"masibo93","4","6","10"
"masoodaziz","4","6","10"
"MassimoF79","6","4","10"
"master05","4","6","10"
"Master2667","4","6","10"
"masterblade3334","5","5","10"
"Masterjee","4","6","10"
"Mastermxc7942","5","5","10"
"mastern8","5","5","10"
"Masterpeece","5","5","10"
"matadorwin","5","5","10"
"Matafot","6","4","10"
"matanschmeisser","4","6","10"
"matduberger","5","5","10"
"Matematik555","5","5","10"
"mateuszszkop","5","5","10"
"matheuspena8","5","5","10"
"mathew_yablokov","5","5","10"
"MathiasNis","5","5","10"
"mathijshuis","6","4","10"
"Matiando","6","4","10"
"matout","5","5","10"
"MatrixQ","6","4","10"
"matsedhz","6","4","10"
"Matteoichon","5","5","10"
"MattheusMaceddo","4","6","10"
"Matthias51","5","5","10"
"MatthiasPannek","6","4","10"
"Mattis43","4","6","10"
"Mau_24","5","5","10"
"Mauricio_Pama_C_Q_T","6","4","10"
"mauriciom30","5","5","10"
"MavaBoy","5","5","10"
"Max1408","4","6","10"
"MaxamamPawa","5","5","10"
"Maxcenter","5","5","10"
"maxedgarting","4","6","10"
"maxfade","5","5","10"
"maxhamster","5","5","10"
"Maximepsr","4","6","10"
"maximus_291","4","6","10"
"maxmont16","5","5","10"
"Maxp1974","5","5","10"
"Mayankgkhandelwal","5","5","10"
"MayankJ69","6","4","10"
"MayerNarvaez","5","5","10"
"Mayu00","6","4","10"
"Mazdant","5","5","10"
"Mazinroc","4","6","10"
"mazli2014","4","6","10"
"mazrul_ramzi","5","5","10"
"mbhate","6","4","10"
"MCavalcante","6","4","10"
"mcjmigdal","6","4","10"
"McKay2011","5","5","10"
"MCS_Anton","6","4","10"
"Mddaller","4","6","10"
"mdnz","6","4","10"
"mdr-ravin","4","6","10"
"mdzaebel","4","6","10"
"medosontheride","5","5","10"
"Medovski","4","6","10"
"Meemo7","5","5","10"
"megamax29","4","6","10"
"Megatorteador","5","5","10"
"mehar1435","6","4","10"
"mehdi_kafi1313","6","4","10"
"mehdi123455","4","6","10"
"mehdi1985Sistan","5","5","10"
"mehdi78chess","5","5","10"
"mehmet_te","6","4","10"
"mehmetrustudogan","5","5","10"
"MeinKonf","6","4","10"
"mekawy1","5","5","10"
"MelhAltay","4","6","10"
"Meliodas-sama","4","6","10"
"melllpet","5","5","10"
"Melmu","5","5","10"
"melnikov1998","4","6","10"
"memettt","6","4","10"
"memos1978","4","6","10"
"Mentalpain","4","6","10"
"MePowerBauer","6","4","10"
"merajansari_1987","6","4","10"
"mercadies","6","4","10"
"merd321","4","6","10"
"mericaly","5","5","10"
"Mert-Kaya","5","5","10"
"mertucar67","6","4","10"
"MeSaif","5","5","10"
"Mesfinwold","5","5","10"
"Mesozoikum","5","5","10"
"messicampeondelmundo","4","6","10"
"mestralo","4","6","10"
"Metegab","5","5","10"
"metric_space","5","5","10"
"meverasganar","4","6","10"
"Mezmatron","5","5","10"
"mf_emree","4","6","10"
"mf_hasan","5","5","10"
"mgl-angel","5","5","10"
"mgsenerel","5","5","10"
"mhandy12","5","5","10"
"mharris15","4","6","10"
"Micaa48","6","4","10"
"MichaelDeti","4","6","10"
"michal_rudolf","4","6","10"
"michalb2","6","4","10"
"MichalBylica","5","5","10"
"Michizani","6","4","10"
"MickeyKamber","4","6","10"
"micky777","5","5","10"
"micoll70","5","5","10"
"migemige","5","5","10"
"MIGHTY_KIPOD","5","5","10"
"MIGUEL_23","5","5","10"
"Miguelillo26","6","4","10"
"MIJIEN","4","6","10"
"mik2040","5","5","10"
"mikaal46","5","5","10"
"Mikael-Ionesco","4","6","10"
"mikalmo","6","4","10"
"Mikeluch23","6","4","10"
"mikelvasquez","6","4","10"
"mikewolf","5","5","10"
"MiKhail_005","6","4","10"
"Mikhail_Cher","5","5","10"
"mikhail_tal18883","4","6","10"
"Mikikoff","5","5","10"
"mikimusdiedfORreal","4","6","10"
"MikkelKehler","5","5","10"
"milad_bh","5","5","10"
"milky953","5","5","10"
"Milloni","5","5","10"
"miminko2104","5","5","10"
"mimjin919","5","5","10"
"mimtelf","5","5","10"
"Mincreung","5","5","10"
"minhson1812003","5","5","10"
"minkle","4","6","10"
"MinnesortaNice","5","5","10"
"Minura_san","6","4","10"
"miperralaica","4","6","10"
"Mirage96","4","6","10"
"miri_vhbv","4","6","10"
"MiroCem","5","5","10"
"MiroLewy66","5","5","10"
"mirsch","4","6","10"
"Misenooooo","5","5","10"
"misericordia72","6","4","10"
"miseryboy","5","5","10"
"Misha_M148","5","5","10"
"Misha_Mashin","6","4","10"
"mishkabear2001","6","4","10"
"mishubishi","5","5","10"
"mislav86","6","4","10"
"missy8","6","4","10"
"Mister--x","5","5","10"
"MisterFon","5","5","10"
"MisterTom1","5","5","10"
"Mitsopoul","5","5","10"
"Mitya_ya","5","5","10"
"MixaBoroda","5","5","10"
"MiyaKen","4","6","10"
"mj-lenhador","6","4","10"
"mkaltiner","4","6","10"
"mkazem1991","5","5","10"
"mkhir4","5","5","10"
"mkhize88","6","4","10"
"Mkosiner","6","4","10"
"Mks88","4","6","10"
"Mkv72rus","7","3","10"
"Mladozenjq","5","5","10"
"mlakshmi","4","6","10"
"MMGG982729","5","5","10"
"Mmmaf","5","5","10"
"mnon120511","6","4","10"
"Mobidoc","5","5","10"
"mobile5757","4","6","10"
"mocha570","5","5","10"
"modytalha1985","3","7","10"
"moha123458","4","6","10"
"mohakg","5","5","10"
"Mohamed_eslam3252","4","6","10"
"Mohamed3Nader","6","4","10"
"mohamedabdelmenem","4","6","10"
"mohamedalawy5","5","5","10"
"Mohamedelfors-83","5","5","10"
"Mohammad_AlAmad","4","6","10"
"mohammad5050","6","4","10"
"Mohammad5752","5","5","10"
"Mohammad616","5","5","10"
"mohammadamin123409","6","4","10"
"mohammadreza_nj","5","5","10"
"mohammdrezahoseini","5","5","10"
"mohd_123","4","6","10"
"mohdel","6","4","10"
"Mohsen_Farhani","5","5","10"
"Mohvmd0","4","6","10"
"moibrahim02","5","5","10"
"MokaevN","3","7","10"
"moleculo","5","5","10"
"mongoliaismine","4","6","10"
"monnem68","6","4","10"
"MonoAris","5","5","10"
"monobazus","5","5","10"
"Monssterrr","4","6","10"
"monu91","4","6","10"
"Monus01","5","5","10"
"Monyr1234567890","5","5","10"
"MoonlightAnomaly","5","5","10"
"MoranElazari","4","6","10"
"Morctur","4","6","10"
"Morfhy2503","6","4","10"
"Morkrost","5","5","10"
"mornfald","5","5","10"
"Morningstar_forever","5","5","10"
"MORPHY1862","4","6","10"
"Morschlman","5","5","10"
"mosq5551","6","4","10"
"mostafaaaaa1971","4","6","10"
"mostafaashraf","4","6","10"
"Motalov","6","4","10"
"MoVe-IT-89","5","5","10"
"mowis","5","5","10"
"MoyeenVague","6","4","10"
"MozgOsla","6","4","10"
"mp777777","6","4","10"
"MphokaHD","4","6","10"
"Mr_Almany","5","5","10"
"Mr_Armageddon","5","5","10"
"MR_KNIGHT-02","6","4","10"
"Mr-sangria-blanche","5","5","10"
"MrAddicted","5","5","10"
"MrAmbitious","5","5","10"
"Mrandomi","5","5","10"
"MrBenedictR","5","5","10"
"MrBosons","5","5","10"
"MrClownFox","5","5","10"
"mrcolt","4","6","10"
"mrctlmn","6","4","10"
"mrDbatman","4","6","10"
"MrGambit150815","5","5","10"
"MRH1989","4","6","10"
"Mrh6","4","6","10"
"MrJuli","4","6","10"
"MrL007","4","6","10"
"MrLarentu","5","5","10"
"MrLoser10","5","5","10"
"Mrosulleevan","4","6","10"
"MrPaulKeres","5","5","10"
"MrPlotva","6","4","10"
"mrreza1361","5","5","10"
"MrRobarob","5","5","10"
"MrSchlotzsky","4","6","10"
"MrScratchnSniff","4","6","10"
"Mrtrola43","5","5","10"
"mrtstyle","6","4","10"
"mrvches","5","5","10"
"MSSANTOS","5","5","10"
"mt_gash","5","5","10"
"mtcthehardmachine","6","4","10"
"mu_abdo22","6","4","10"
"Muc123","6","4","10"
"Muckleford","5","5","10"
"Mudinath","4","6","10"
"Muditssjg","5","5","10"
"mufegu","6","4","10"
"Mugotoboy","5","5","10"
"Muhammad05_05","6","4","10"
"Muhammad60","5","5","10"
"muhammadahmed","4","6","10"
"MuhammedSafa","5","5","10"
"Muhammet5858","5","5","10"
"muhammeturpcu","5","5","10"
"Muhau","5","5","10"
"muky27","5","5","10"
"mule8888","7","3","10"
"Mumbiotic","5","5","10"
"Mumuniachtchi","4","6","10"
"Muncettin","4","6","10"
"Mupeable","6","4","10"
"Murad_Ibragimov","5","5","10"
"Murat-678h","5","5","10"
"muratabayli7","5","5","10"
"muratilgen","5","5","10"
"MuriloPIBBG","4","6","10"
"Murmelmuck","5","5","10"
"Murphy_the_Irish_red","4","6","10"
"Mursaat_Overseer","4","6","10"
"Murzik1717","5","5","10"
"muses38","5","5","10"
"mushu62","6","4","10"
"musta_01","5","5","10"
"mustafa80","5","5","10"
"Mustafaf36","6","4","10"
"Mustang_10","5","5","10"
"mutaha","6","4","10"
"Muzi-7","5","5","10"
"MuzzleBear","5","5","10"
"MV_1408000","5","5","10"
"Mwikali92","5","5","10"
"myassar98","6","4","10"
"myoseft","4","6","10"
"MysterySVS","5","5","10"
"mystrolog","4","6","10"
"mzaguilar8","6","4","10"
"mzffrtnc","5","5","10"
"N_L","5","5","10"
"n_taghizadeh","5","5","10"
"n-isvud","5","5","10"
"n144","4","6","10"
"N47tucanae","5","5","10"
"na_dir44","5","5","10"
"nabilob","5","5","10"
"nabilos","5","5","10"
"nabor","4","6","10"
"nachdigal","6","4","10"
"NaCl-Marethyu","5","5","10"
"Nadimi","5","5","10"
"Nady0219","5","5","10"
"Naghiyevchess","5","5","10"
"Naif8","7","3","10"
"naistumitllu","6","4","10"
"Najdorfischer","5","5","10"
"Najobcinitrk","6","4","10"
"Nakkileipa","5","5","10"
"namdalseid","5","5","10"
"Namdeo","5","5","10"
"Namrrgon","5","5","10"
"nandoparrando","6","4","10"
"Nandos001","5","5","10"
"Nandu1124","6","4","10"
"nanyoungwon","6","4","10"
"Nao_m","5","5","10"
"Naranja","5","5","10"
"Narek15","5","5","10"
"Narim79","5","5","10"
"nasario3291","4","6","10"
"nase1986","6","4","10"
"NasserAlhazmi","5","5","10"
"nastydog92","6","4","10"
"nathmat","4","6","10"
"natranielsaurus","5","5","10"
"Natural_Instinct","5","5","10"
"Nauu7","6","4","10"
"Naveenclassic","5","5","10"
"NavidHooshdar59","4","6","10"
"nawaf_7745","5","5","10"
"nawin_lbs","5","5","10"
"naxchik","6","4","10"
"Nazgul70","4","6","10"
"nbois01","5","5","10"
"ndeks","5","5","10"
"ndragon70","4","6","10"
"ndrangoShadiboi","5","5","10"
"Near-Novice-123","5","5","10"
"neatHyperTxt","5","5","10"
"Nedypich","5","5","10"
"Needissont","6","4","10"
"neednotask","4","6","10"
"Negevmonster","5","5","10"
"Nehelo","6","4","10"
"neinhibitor","5","5","10"
"Nejko99","7","3","10"
"nelk19","5","5","10"
"NelsonPK","5","5","10"
"nemojradovane","4","6","10"
"Nemybobes","4","6","10"
"nen66","5","5","10"
"Neolia","5","5","10"
"NeonVibes","5","5","10"
"neroluthfi","5","5","10"
"Nervalio","5","5","10"
"Nesara-Gesara","4","6","10"
"NestorBMarquezC","6","4","10"
"Net_Storm","3","7","10"
"neuisenburger","5","5","10"
"Neukoelln","4","6","10"
"Neuro94","5","5","10"
"NeverGiveUp104","6","4","10"
"NeverRegisn12","5","5","10"
"NeverSoberNeverHere","5","5","10"
"nevstah","4","6","10"
"New_ADV160","6","4","10"
"Newfoundlandcoombs","5","5","10"
"Nezmetdinov0","5","5","10"
"neznakometz","6","4","10"
"Nezrov","5","5","10"
"Ngcoboskie","5","5","10"
"nhangham","5","5","10"
"Nibras_Alhadidi","7","3","10"
"nici31","5","5","10"
"Nick-36","4","6","10"
"nickhayashi","6","4","10"
"nickhwunna","6","4","10"
"Nicolasmc22","4","6","10"
"Nicosz","5","5","10"
"Niestuete","4","6","10"
"NIGHTGT1","5","5","10"
"niiiird","5","5","10"
"Nijohnnie","5","5","10"
"nikanaslanpour","5","5","10"
"NikhilMourya","5","5","10"
"nikita1121","5","5","10"
"Niklazar","4","6","10"
"niko_krat","5","5","10"
"NiksFuerUngut","4","6","10"
"Nikto12","4","6","10"
"nikulin09","5","5","10"
"Niles","5","5","10"
"Nilton21","5","5","10"
"Ninkl","5","5","10"
"Niq","6","4","10"
"niquimar","5","5","10"
"Nirvaan_Ashish_Modi","5","5","10"
"nissan_skyline","5","5","10"
"nissekund","6","4","10"
"nitin80","6","4","10"
"nitk77","4","6","10"
"NITO_254","6","4","10"
"Nitro77","4","6","10"
"Nnizar","5","5","10"
"Nnmm77","6","4","10"
"No_Rematch_Policy_21","5","5","10"
"noahlike3","4","6","10"
"noamis","5","5","10"
"NobleMacbeth","5","5","10"
"NODEITY","5","5","10"
"Nokzes","3","7","10"
"NoLimitBanger","3","7","10"
"NOMADVAN","5","5","10"
"NomasTantito","5","5","10"
"Non-Serviam-Marcius1","6","4","10"
"NoobBrennan","5","5","10"
"NoobGoodwin","5","5","10"
"nora-111","4","6","10"
"Norbert1961","5","5","10"
"NordSteel","4","6","10"
"norona","5","5","10"
"Norvoll","5","5","10"
"NotAnAlt1240","6","4","10"
"notefood","4","6","10"
"notmyopeningprep","4","6","10"
"Notrealgavi74","5","5","10"
"NotTodaySir","6","4","10"
"nour21n","5","5","10"
"NouredineBadaoui","5","5","10"
"Nov4","5","5","10"
"npeki05","5","5","10"
"Nraj2","5","5","10"
"Nsi1979","4","6","10"
"ntnlbarr","5","5","10"
"Nucaranlaeg","5","5","10"
"Nucky_zapataa77","6","4","10"
"nudeninjadude","4","6","10"
"Nudesling","5","5","10"
"Nuhi701","5","5","10"
"nulapalmer","5","5","10"
"NulEnOuverture","5","5","10"
"NumanAkarsu","6","4","10"
"nurzumspass","5","5","10"
"Nuyoma","4","6","10"
"nvmeth","5","5","10"
"NZafirah05","6","4","10"
"OaklandfortheWin","5","5","10"
"ObsceneTangerine","5","5","10"
"oceron","5","5","10"
"OCIV","4","6","10"
"ocmsz","5","5","10"
"Ocri","4","6","10"
"octachico","4","6","10"
"octopos","6","4","10"
"OdinXXX","5","5","10"
"ofsng","5","5","10"
"Ogar003","6","4","10"
"OGGemin","3","7","10"
"ogitomachiato","5","5","10"
"Oguz_Aksoy","5","5","10"
"oguzkhan1","4","6","10"
"ogz78","5","5","10"
"Oh_man67","6","4","10"
"ohffsguys","4","6","10"
"oignoto","5","5","10"
"OIO0","6","4","10"
"OJW69","5","5","10"
"okan_aslan21","5","5","10"
"okj","6","4","10"
"Oleg1946","5","5","10"
"olehegi","5","5","10"
"olimilo42","6","4","10"
"Olithor","4","6","10"
"olivermallett","5","5","10"
"Ollie2r","4","6","10"
"OlliLu","6","4","10"
"omabajuluwa","4","6","10"
"Omar2615","4","6","10"
"omare123","4","6","10"
"OmegaMinusOne","5","5","10"
"omeraydinoglu1","5","5","10"
"omery1mz","6","4","10"
"Omid5678","4","6","10"
"Omjenggot","4","6","10"
"Onceapawnabishop","4","6","10"
"Oncu0","5","5","10"
"OneMinuteBulletChess","6","4","10"
"OneminuteOnly89","5","5","10"
"Onemoretime34","4","6","10"
"Oner55","4","6","10"
"OneTrickBony","5","5","10"
"Oninmac","5","5","10"
"OnlyEasyDayYesterday","6","4","10"
"onlyforchessuse","5","5","10"
"onnipo","4","6","10"
"OoiYeeKai_88","6","4","10"
"Oolian","5","5","10"
"Opening_Account","6","4","10"
"optmist","6","4","10"
"oradangoluvar","5","5","10"
"OrbiticS","5","5","10"
"Orca234","6","4","10"
"Orellabac506","5","5","10"
"Oreux","5","5","10"
"ORI-D-DON","5","5","10"
"orksworms","4","6","10"
"OrtegaSergio","4","6","10"
"Oscarfb","6","4","10"
"Oscarfernandez90","4","6","10"
"OSCH","5","5","10"
"oskilator","5","5","10"
"Oskrnao2020","5","5","10"
"Osmiq","5","5","10"
"Osojoso","6","4","10"
"OsvZ","6","4","10"
"ottomic","5","5","10"
"oumenc","4","6","10"
"Ovidius","4","6","10"
"OwaisER","7","3","10"
"oxana105","4","6","10"
"oxida2","5","5","10"
"Oxunjon_0098","5","5","10"
"oyungezer","4","6","10"
"ozan2896","5","5","10"
"Ozgur_Gokbulut_1903","5","5","10"
"OzgurKilic007","5","5","10"
"P_032688","3","7","10"
"P-Marc","5","5","10"
"p00r_Y0rick","5","5","10"
"P4ad-2021","6","4","10"
"pabloquiroga21","6","4","10"
"Pablosando","6","4","10"
"pacmanX22","6","4","10"
"pacovant","5","5","10"
"pagola","5","5","10"
"Paialnic","5","5","10"
"pailopailo","5","5","10"
"paixter","5","5","10"
"PALANITHURAI","4","6","10"
"Palestine-morocco","5","5","10"
"pallek","5","5","10"
"palooper","6","4","10"
"pamuksinan","6","4","10"
"panda56","5","5","10"
"PANDIYANJV","4","6","10"
"Panini-Peter","5","5","10"
"pannedwar","5","5","10"
"Paono","5","5","10"
"PapaAlmostGM","4","6","10"
"Papalodza2300","6","4","10"
"papaoute","5","5","10"
"PaPaVaNi","5","5","10"
"Papitaspringles08","6","4","10"
"papuxa","5","5","10"
"par7h","4","6","10"
"Parabol33","5","5","10"
"Paragus90","5","5","10"
"paramalibu","6","4","10"
"parcyval","4","6","10"
"PARGAG","4","6","10"
"parkerwall","5","5","10"
"Parsul","5","5","10"
"parth_gandhi05","4","6","10"
"Partizipator","4","6","10"
"pashanim","4","6","10"
"PashaPRM","5","5","10"
"Passed_Pawn_64","5","5","10"
"Patatar","6","4","10"
"patatoes_22","5","5","10"
"Patiks55","4","6","10"
"patori4","5","5","10"
"Patricus16","5","5","10"
"Patrolex","5","5","10"
"patrycjusz96","5","5","10"
"PatThePawn","5","5","10"
"paul_denkfaul","5","5","10"
"Paul0556","5","5","10"
"Paulando","5","5","10"
"Paulhudonovski","3","7","10"
"PauloSeze","4","6","10"
"paulwillfail","5","5","10"
"pavel_pondin","5","5","10"
"Pavel75","4","6","10"
"PavlosVallianatos","6","4","10"
"PawarSohum","4","6","10"
"PawnBrenes","5","5","10"
"PawnDogMillionaire","4","6","10"
"pawnminer","5","5","10"
"Payam_Arshadi","4","6","10"
"payamad","4","6","10"
"pbojarski18","5","5","10"
"pbrjr","3","7","10"
"pdchess","4","6","10"
"Peaceuponyou15","5","5","10"
"peaches27","5","5","10"
"Pecas2412","5","5","10"
"peddiraju111","3","7","10"
"pedinaignorante2","4","6","10"
"Pedro_cvm","4","6","10"
"Pedro_Pimenta","5","5","10"
"PedroBY","5","5","10"
"pedvide","4","6","10"
"peedrooh","5","5","10"
"PeeJaay","4","6","10"
"peenmachine","5","5","10"
"pelayo78","5","5","10"
"penders","5","5","10"
"Pendragon77","5","5","10"
"penguin0016","5","5","10"
"Penielyo","6","4","10"
"peon83","4","6","10"
"PeonAprendiendo","5","5","10"
"PeonNegroRosario1","5","5","10"
"pepelworld","5","5","10"
"Perimir","5","5","10"
"perpixel","5","5","10"
"persiapartizan","5","5","10"
"Pertsevsergey","5","5","10"
"peruguannam","5","5","10"
"Perun4192","4","6","10"
"petarhh","5","5","10"
"Pete_the_Pirate","4","6","10"
"peterblunder","5","5","10"
"petermal","6","4","10"
"Peterpan625","6","4","10"
"petipatapion","6","4","10"
"petlaw19","6","4","10"
"Petr_Kodintsev","6","4","10"
"petrilyachess","5","5","10"
"petriv_r","3","7","10"
"Petrovi4_Z","6","4","10"
"Petrus1980","4","6","10"
"Pewkaed","5","5","10"
"peyman181818","4","6","10"
"pfuetzebrot2948","5","5","10"
"phantomapfel","6","4","10"
"phanyen109","5","5","10"
"phelixf","6","4","10"
"PhHaMaDa","4","6","10"
"Phicco","5","5","10"
"phillithedestroyer","6","4","10"
"philozofus","5","5","10"
"Phrixus95","5","5","10"
"PhucTa","5","5","10"
"PhysicsDarth","6","4","10"
"Picigin","5","5","10"
"Pie1985","6","4","10"
"pieter16","4","6","10"
"PietraPrincipe92","4","6","10"
"pik314","4","6","10"
"pikbalder","5","5","10"
"Pikbois","4","6","10"
"pikxel","6","4","10"
"Pilates","4","6","10"
"pilotas12345","5","5","10"
"pilotzorro","5","5","10"
"PiNaCiK1","5","5","10"
"pine7","4","6","10"
"Pinguin55","5","5","10"
"pino193","5","5","10"
"Pionenpropagator","5","5","10"
"Pirates999","5","5","10"
"piszkos","5","5","10"
"Pitchler","5","5","10"
"piyush4329","5","5","10"
"pk12313","5","5","10"
"Pkm0306pkm","4","6","10"
"Plaguuu","5","5","10"
"Plamen85","5","5","10"
"Platon-202","4","6","10"
"Playboy_2021","4","6","10"
"playerKKK1","5","5","10"
"pleaselemme1","5","5","10"
"Plitzkriegerino","5","5","10"
"pljoska","4","6","10"
"pmaximich","5","5","10"
"pmcosmin","5","5","10"
"Pmh2912","5","5","10"
"PMJ_MJBCS27","5","5","10"
"pnsak","4","6","10"
"pocong_tengen","5","5","10"
"podiim","4","6","10"
"poke-aman","5","5","10"
"Pol-81","5","5","10"
"polandpoland1000","5","5","10"
"polasobhy","5","5","10"
"Policarpov","4","6","10"
"PolinaEkhaeva","5","5","10"
"Polok32","4","6","10"
"poLyaGeorgE","5","5","10"
"Polychinelle","5","5","10"
"Polyfjord","6","4","10"
"Polytropon","5","5","10"
"pootietang25","6","4","10"
"Popa80","3","7","10"
"popcornwon","4","6","10"
"poplokiju","5","5","10"
"Porterio","4","6","10"
"Porvao","6","4","10"
"poshiko","5","5","10"
"postderm","4","6","10"
"Potass1um","5","5","10"
"potato_killer69","7","3","10"
"potipoti3","5","5","10"
"pou2010","6","4","10"
"PPathy","5","5","10"
"Practica_Apertura","5","5","10"
"pradaprada","4","6","10"
"praddiprajnn","5","5","10"
"prajjwal10shinde","4","6","10"
"prakhar26","6","4","10"
"Pranav_chess-64","6","4","10"
"praneelnandan","5","5","10"
"pranjaldasgupta","5","5","10"
"pranz2020","5","5","10"
"Prasecak158","4","6","10"
"prashanthgadam","6","4","10"
"Pratham0777","4","6","10"
"Prathmesh11","5","5","10"
"PredatorVzla","5","5","10"
"prem0211","4","6","10"
"Presente1994","4","6","10"
"presidonaycs","5","5","10"
"presleys5","4","6","10"
"Preta25","4","6","10"
"preyanshrastogi","5","5","10"
"prime5124","5","5","10"
"Primeranger77","5","5","10"
"primrose_1","6","4","10"
"Pritam_Chess193","7","3","10"
"PROEROSOP1_2_3","4","6","10"
"profB","6","4","10"
"profesorx","5","5","10"
"ProfetaGentileza","5","5","10"
"promarios","4","6","10"
"prosatanaz","5","5","10"
"Prosy123","5","5","10"
"Proud_bee","5","5","10"
"ProVermonth","6","4","10"
"prowseed","5","5","10"
"Pseudomaestro","4","6","10"
"psourabhpatro","5","5","10"
"pszaking","5","5","10"
"PTON","5","5","10"
"PTPROMO","5","5","10"
"Public-Enemy","5","5","10"
"pudostrica","5","5","10"
"Puli2","5","5","10"
"pulls05","5","5","10"
"Pumpernickel73","4","6","10"
"Pun_e4","4","6","10"
"puneetk","4","6","10"
"PunisherKira","4","6","10"
"purnomov","5","5","10"
"Purple_Tentacle","5","5","10"
"pursuitofdiv","5","5","10"
"Purulo75","4","6","10"
"pushin_pawns","5","5","10"
"puslepro146","5","5","10"
"pwner_pt","6","4","10"
"Pxrcival","4","6","10"
"Pyrroh","4","6","10"
"q7q7","4","6","10"
"qaator","5","5","10"
"Qaxtri","5","5","10"
"qed61","4","6","10"
"qMA_TrMinhKhang2011","5","5","10"
"qmqmqm","6","4","10"
"Qpyd23","5","5","10"
"QQ_A_F","5","5","10"
"QQ_kdp","4","6","10"
"qster5","7","3","10"
"QuantaNewtonius","6","4","10"
"quantum_loop","5","5","10"
"quasiCM","5","5","10"
"quasifreedom","5","5","10"
"QueenPalestine","6","4","10"
"Quesofresco","5","5","10"
"queuball","5","5","10"
"qugason","5","5","10"
"quiatchonedgar","5","5","10"
"quiendice75","5","5","10"
"quincybboy","5","5","10"
"QuinhoBrasil","5","5","10"
"quinnlab","4","6","10"
"QuisOn","6","4","10"
"quiteirate","5","5","10"
"Quoc-Anh","5","5","10"
"Qverzer","6","4","10"
"qvid","5","5","10"
"qwasvo","5","5","10"
"qwertz1234","5","5","10"
"R_hagen22","6","4","10"
"R1389","5","5","10"
"r3uk","5","5","10"
"R4h1m","5","5","10"
"raauthaa","5","5","10"
"rabbi_fish","6","4","10"
"Rabbit413","5","5","10"
"rachid90m","4","6","10"
"Rachit_Mittal","5","5","10"
"radeorhideja","5","5","10"
"Radiohead83","5","5","10"
"Radulesku","6","4","10"
"Raf_Hofstadter","4","6","10"
"rafalov35","5","5","10"
"RagBeerBela","5","5","10"
"Raghulsaroo","5","5","10"
"rahedav","5","5","10"
"RaheelQ","4","6","10"
"rahmat_condet","5","5","10"
"Rahul_Pal2694","4","6","10"
"rahulsingh2123","7","3","10"
"RaidPlaysYou","4","6","10"
"Raimundo25","6","4","10"
"raimundorn","4","6","10"
"Rain4Air","5","5","10"
"Raina_3","5","5","10"
"Rairochi","5","5","10"
"Rajaii-Nader61","5","5","10"
"rajaprav","4","6","10"
"rajiv1511","5","5","10"
"RajkotLion","5","5","10"
"raker1","5","5","10"
"Rakhmatov123","4","6","10"
"rakitic69","5","5","10"
"Rakuuna","4","6","10"
"raleelar","5","5","10"
"rama_bena","5","5","10"
"Raman1357","5","5","10"
"Ramil_Lomod_Langamon","5","5","10"
"Random_Player18","4","6","10"
"Randomchessplayer15","5","5","10"
"Randy046","5","5","10"
"rangasayee","4","6","10"
"Rano1622","5","5","10"
"ranou_bibo","3","7","10"
"Raonar1","6","4","10"
"Raouff","5","5","10"
"Raphadu","5","5","10"
"raphi_klein","5","5","10"
"Raphyniac","5","5","10"
"rapidfirechess11","5","5","10"
"rarhara","5","5","10"
"RasecMen17","6","4","10"
"RashadNovruzov150692","5","5","10"
"Rasleenkour","5","5","10"
"Raspberry333","5","5","10"
"Rasulitto","6","4","10"
"rathish05","4","6","10"
"rational_fool","4","6","10"
"rattenfaengerin","5","5","10"
"Raulitodetriana","6","4","10"
"raulpopov","5","5","10"
"ravelo","7","3","10"
"Ravenfrosty","5","5","10"
"ravi488verma","6","4","10"
"Ravik0711","6","4","10"
"Ray_lopez90","6","4","10"
"Ray_mar","5","5","10"
"ray_of_eternality","6","4","10"
"raymdw","6","4","10"
"Rayofjupiter","4","6","10"
"raz_hayohamo","5","5","10"
"rbj2001","5","5","10"
"RBucket","5","5","10"
"rcamposgo","4","6","10"
"Re4mire","6","4","10"
"real-baumi","5","5","10"
"realbadnight","5","5","10"
"realdasrew","5","5","10"
"RealEnnio","5","5","10"
"Reasat","4","6","10"
"Rebyl","6","4","10"
"Red_Joker117","6","4","10"
"RedDinosaur03","5","5","10"
"Reddydedeep","5","5","10"
"redhat_83","6","4","10"
"Redknight75","4","6","10"
"RedRedRook","5","5","10"
"Refilwe","4","6","10"
"ReformedGengis","6","4","10"
"Refren2","6","4","10"
"regentpoem","5","5","10"
"Reisemaus","5","5","10"
"Rejath_4345","5","5","10"
"RELOJIN","6","4","10"
"removsky","6","4","10"
"Remremte","3","7","10"
"renaldiseptian","4","6","10"
"Renatofuentesol","5","5","10"
"Renniks","4","6","10"
"RenSarr","4","6","10"
"requietg","4","6","10"
"Resarsottino","5","5","10"
"Restiur1","5","5","10"
"RETRO-BINGO","5","5","10"
"revchristine","5","5","10"
"rex_sato","5","5","10"
"reymaruguis13","5","5","10"
"Reysol1710","5","5","10"
"rgis_rose","5","5","10"
"RGM947","4","6","10"
"Rhizopus","6","4","10"
"Rhuarc","6","4","10"
"rhythmetics","5","5","10"
"Richard_Rafford","4","6","10"
"Richard-0palka","5","5","10"
"richardsibbes","6","4","10"
"richter","6","4","10"
"richy4lyfe","4","6","10"
"Rickycobra","5","5","10"
"RiddhimaShukla","5","5","10"
"ridha112","5","5","10"
"RightHearted","3","7","10"
"rigor-mortisK","5","5","10"
"RigorousRook","5","5","10"
"Riley2000","5","5","10"
"rileyberry","5","5","10"
"Rillyfunny","6","4","10"
"RINAT9105","4","6","10"
"Rino_66","6","4","10"
"Rishik369","5","5","10"
"rishirajchess20001","5","5","10"
"riteshshawchess","4","6","10"
"rizottov","4","6","10"
"RiztwO23","4","6","10"
"rkarsakov","6","4","10"
"rkh71","5","5","10"
"rkp2704","5","5","10"
"RMM2001","6","4","10"
"roachbrn","5","5","10"
"Roadyyy","6","4","10"
"Roarke","5","5","10"
"Rob1e","4","6","10"
"robertdr51","6","4","10"
"robin2345","6","4","10"
"Robinsonychesss","6","4","10"
"RoboTeddy","6","4","10"
"RobZik","5","5","10"
"RochanaAkash","6","4","10"
"Rock0090","4","6","10"
"Rock60","4","6","10"
"Rockandrollthunder1","5","5","10"
"rocketsweep007","5","5","10"
"rockyraccon","6","4","10"
"Rodking0864","5","5","10"
"rodochess79","6","4","10"
"rodopetalos","5","5","10"
"RodrigoFranca","5","5","10"
"RodrigoLopera","4","6","10"
"rodriler","6","4","10"
"Roffej","4","6","10"
"rogervik","5","5","10"
"RogueTofu","5","5","10"
"Rohit_Sreraman","4","6","10"
"roini-1999","4","6","10"
"roitman101","5","5","10"
"rojama1910","6","4","10"
"rojo40","4","6","10"
"rojo64","5","5","10"
"Rokenry","5","5","10"
"Rol1th3ad","4","6","10"
"Roldwin","5","5","10"
"Rolig","5","5","10"
"rolwe","5","5","10"
"romain_krywiecki","6","4","10"
"Roman_0-9","4","6","10"
"roman105","5","5","10"
"Romeo_Sadia_III","5","5","10"
"Rominio","4","6","10"
"romov","6","4","10"
"ronaldbadua2021","4","6","10"
"RONITRIJWANI","6","4","10"
"ronmaster23","5","5","10"
"ronracio","6","4","10"
"rook_1389","4","6","10"
"RookieEZ","5","5","10"
"rookievezier","5","5","10"
"Roquariumwabantwana","6","4","10"
"rororoms","5","5","10"
"rosensimeonov1990","5","5","10"
"rosham_danish","4","6","10"
"Rosich","6","4","10"
"rotovorus","5","5","10"
"royshyman","5","5","10"
"Rozinval","4","6","10"
"rozsah","6","4","10"
"RPMonster","5","5","10"
"rpranga","5","5","10"
"rrkurda","4","6","10"
"RRR17","5","5","10"
"rrrrr55snel","5","5","10"
"rrsyrr","4","6","10"
"RSACo","5","5","10"
"rsansi","5","5","10"
"RSAV7","4","6","10"
"RShandilya","5","5","10"
"RTD_93","5","5","10"
"Rubenex2022","5","5","10"
"RubenMiranda","5","5","10"
"RuBeNshTeiN","5","5","10"
"RubinGK","6","4","10"
"rubixcoop","5","5","10"
"rudi_RCK","4","6","10"
"Ruebendieb","6","4","10"
"rumeljay","4","6","10"
"Rumseo","5","5","10"
"rupeshkant","5","5","10"
"Ruru-ruru","5","5","10"
"Rus14","4","6","10"
"Rusch","5","5","10"
"Ruslan1510","5","5","10"
"RuslanAbr","5","5","10"
"Ruslangood","5","5","10"
"Rusli_Chekk","5","5","10"
"rusomania","5","5","10"
"russweine","4","6","10"
"Rustan","4","6","10"
"Rusty070","4","6","10"
"Rvbes","4","6","10"
"Ryago","5","5","10"
"RyanFrost1","4","6","10"
"Ryotsu40","6","4","10"
"RytheDarkbane","5","5","10"
"Ryudevils","5","5","10"
"Rzqabazyd","5","5","10"
"S_aeid","5","5","10"
"s19z26","5","5","10"
"S3b4nicus","4","6","10"
"S7even77","4","6","10"
"saaaar","5","5","10"
"saadoune","5","5","10"
"Sabertajik","5","5","10"
"sabiosabini","5","5","10"
"sableway","6","4","10"
"sabooter","6","4","10"
"Sabotazh13","5","5","10"
"saby_kasparov","6","4","10"
"Sachin_777","6","4","10"
"sacmaster12345","6","4","10"
"SadeemLodhi","6","4","10"
"sadq_1","5","5","10"
"Sadullayev_Tohir","5","5","10"
"saeed2001","5","5","10"
"saeedtalkasparov","5","5","10"
"safetyboater","4","6","10"
"saglambaver","6","4","10"
"SaGoChi","5","5","10"
"sahanuyanik","5","5","10"
"sahilnalavade","6","4","10"
"saichess343","5","5","10"
"saidmax","4","6","10"
"SaikumarBali","4","6","10"
"Saipudingambol21","5","5","10"
"Sajankumar","5","5","10"
"sajjaad","4","6","10"
"Sakil_33","4","6","10"
"SakthiR","5","5","10"
"Sal34-7","5","5","10"
"sala93","4","6","10"
"salim2020","5","5","10"
"salmanshah","5","5","10"
"salocan123","5","5","10"
"Salosalosalo","6","4","10"
"salov14","5","5","10"
"Salunkhe","6","4","10"
"Salvador46","5","5","10"
"salvadorfcsantos2016","5","5","10"
"SAM0793","5","5","10"
"sam143","5","5","10"
"SamAbdu","5","5","10"
"SamaEost","5","5","10"
"samakos","5","5","10"
"Samame2021","5","5","10"
"samanH18","6","4","10"
"samdaph","5","5","10"
"sameerthegoat","5","5","10"
"Samer-86","4","6","10"
"samiamidas","5","5","10"
"samiltur","5","5","10"
"SamiSugs","5","5","10"
"Samkipnis","4","6","10"
"Sammyboy248","5","5","10"
"SamoIgraj","5","5","10"
"samouray1975","4","6","10"
"sampaiobernardopb22","5","5","10"
"SamusVM","6","4","10"
"Sanamente","5","5","10"
"SanchesCarlosM","5","5","10"
"Sanchess0001","5","5","10"
"SANCHEZBERZAIN","4","6","10"
"Sanchiraa","5","5","10"
"SANDALCI","5","5","10"
"SanderHyeEhmsen","5","5","10"
"sandip_10","5","5","10"
"Sandj17","7","3","10"
"Sandsnare","5","5","10"
"sandy-chess","5","5","10"
"SanerK","5","5","10"
"sanjeevKB","4","6","10"
"Santaza","5","5","10"
"Santiago_kekm","5","5","10"
"Santipaaaa","5","5","10"
"santrac","4","6","10"
"SantuDas","5","5","10"
"Saramsh","5","5","10"
"sarathmp","5","5","10"
"Sarciness","5","5","10"
"Sardorjonson","5","5","10"
"Sardorsafaraliyevvv","4","6","10"
"Sareshra","6","4","10"
"Sarpaky","5","5","10"
"Sarpanim","5","5","10"
"saSbu","6","4","10"
"sasha27459","5","5","10"
"sashko_43","4","6","10"
"sasindu14","4","6","10"
"sat0sh1","6","4","10"
"sathishsea","4","6","10"
"Sativochka","5","5","10"
"Sato_San","5","5","10"
"satranccelebi","5","5","10"
"satrancman1","5","5","10"
"SatvikGupta_20014","5","5","10"
"saulrochamiranda","4","6","10"
"Saumort_117","7","3","10"
"saunaministeri","6","4","10"
"Saunny","6","4","10"
"sauriil","6","4","10"
"SavonarolaXVsec","5","5","10"
"Sayam123","5","5","10"
"Sayapin","5","5","10"
"sayed1997","5","5","10"
"sazahz","5","5","10"
"SazonovIllogocal","5","5","10"
"sbendes","5","5","10"
"Sbranzo","6","4","10"
"sbsnew","5","5","10"
"sC0ttY","4","6","10"
"ScanYourMirrors","5","5","10"
"Scar_S0","6","4","10"
"scarofes","5","5","10"
"Scarso60","4","6","10"
"schachgeschacher","4","6","10"
"Schillers","5","5","10"
"schmitfa","6","4","10"
"Schnaksel","6","4","10"
"schnellerDenker","5","5","10"
"Schnucki45","4","6","10"
"schokodachs","4","6","10"
"ScholaroftheDeep","4","6","10"
"schwachmatt99","5","5","10"
"Schwammhans","5","5","10"
"SCIENS","4","6","10"
"Scimitar77","6","4","10"
"scipru","4","6","10"
"SCK-LangerC","5","5","10"
"scoobyDubaydoo","5","5","10"
"Scott5Ab","5","5","10"
"SCSAxel","5","5","10"
"sdp1234321","5","5","10"
"sdundars","4","6","10"
"seaghost27","5","5","10"
"seamanjacob","5","5","10"
"sean075","6","4","10"
"seb6431","6","4","10"
"sebaslescano_UTP","5","5","10"
"Sebastian2320","5","5","10"
"Sebepsiz06","5","5","10"
"sebthebest","4","6","10"
"seca","5","5","10"
"seckii","5","5","10"
"Secoland","5","5","10"
"Secrets91","5","5","10"
"sedky1","5","5","10"
"SeDmIcA","5","5","10"
"Seebi99","4","6","10"
"Sejik","6","4","10"
"SekhmetJC","5","5","10"
"selcuk16","5","5","10"
"selen1903","6","4","10"
"sem106","5","5","10"
"Sementalia","5","5","10"
"SemenVE","5","5","10"
"sen2or","6","4","10"
"SenfTorte","5","5","10"
"senior_doctor","5","5","10"
"Senjorvlad","5","5","10"
"Senyumkucieng","6","4","10"
"seppdepp","5","5","10"
"serdau","5","5","10"
"Serdukov","4","6","10"
"sereja6666","5","5","10"
"serene_wanderer","5","5","10"
"SerenkiySochi2022","5","5","10"
"sergeyivanovich993","5","5","10"
"SergiiCherniuk","5","5","10"
"SergioRholdan","4","6","10"
"sergiovaldesrabelo","5","5","10"
"sergismundo","5","5","10"
"SergMartuni","4","6","10"
"Sergo97","6","4","10"
"sergzerg","6","4","10"
"serikjangir2013","6","4","10"
"serioussamus","5","5","10"
"Serjovski","6","4","10"
"Setayesh-afsharii","5","5","10"
"sethshimi","6","4","10"
"SethW1980","4","6","10"
"SevaAlex10","6","4","10"
"Sevan13","5","5","10"
"sevencolors","5","5","10"
"sevter","4","6","10"
"seydiomerkayar8b","5","5","10"
"seyfettink","5","5","10"
"seyhansenocak","4","6","10"
"Sfuwe1","5","5","10"
"SGE92","6","4","10"
"sguru","5","5","10"
"sh666","5","5","10"
"Shabdgaurav","4","6","10"
"SHACHIRMACHIROV453","6","4","10"
"SHADIC1293TOKYO","6","4","10"
"SHADOW_PCB","6","4","10"
"shadowb","5","5","10"
"Shaepus","6","4","10"
"shagmobley","6","4","10"
"shaharr1212","4","6","10"
"Shahiii","5","5","10"
"shahmatchessclub","5","5","10"
"shahnmat","4","6","10"
"shahrdarigerash8","5","5","10"
"shahrokh_farzin","5","5","10"
"shahrooz2020","5","5","10"
"Shajishem","6","4","10"
"ShalamovaMasha09","4","6","10"
"SHAMANTHRM","5","5","10"
"shantus","5","5","10"
"Shaov2","2","8","10"
"shaquat_benjamin83","5","5","10"
"sharapov75","4","6","10"
"shararar","5","5","10"
"sharrden","5","5","10"
"Sharrinho","5","5","10"
"Shashay","5","5","10"
"ShavaAB","5","5","10"
"Shayan11111","4","6","10"
"Shayanzrfshan","6","4","10"
"she_wiwy","5","5","10"
"sheltonquinteros","5","5","10"
"Sheriwoyama","5","5","10"
"Sherlockonas","5","5","10"
"sherozchik","5","5","10"
"Shin3han","4","6","10"
"shining-moon","5","5","10"
"ShinPinga","5","5","10"
"ShishunovED","6","4","10"
"shiva2","5","5","10"
"Shivamonline93","6","4","10"
"Shl0ngDong","6","4","10"
"Shlepka","6","4","10"
"shm19","6","4","10"
"shobithmufc","6","4","10"
"ShockBlanket09","5","5","10"
"Shohinjonaliev","4","6","10"
"shokaran","5","5","10"
"SHORT21","5","5","10"
"Shoukker","5","5","10"
"Shourya_Vijay","5","5","10"
"shpastore1","5","5","10"
"shpeksila","5","5","10"
"shrekinkedisi14","4","6","10"
"Shrikant_09","5","5","10"
"Shrprateek","5","5","10"
"Shtaplushta","5","5","10"
"shubeeee","5","5","10"
"Shuvatkin_Vladimir","6","4","10"
"shvman-67","4","6","10"
"SI-MO","5","5","10"
"siba1161","5","5","10"
"Sibrima","5","5","10"
"SicarioMatan","5","5","10"
"Sicarius81","5","5","10"
"sictictacs","4","6","10"
"SidbinYT","6","4","10"
"siddhihess123","5","5","10"
"siddog","4","6","10"
"sideeffeckt","5","5","10"
"SideStepped","5","5","10"
"siegerland","5","5","10"
"sigmadepp","6","4","10"
"sigmax1","5","5","10"
"Sihirbazzz_2015","5","5","10"
"Siirius","5","5","10"
"sikstufff","5","5","10"
"silaszz","6","4","10"
"Silentius","6","4","10"
"silumanho","5","5","10"
"Silverslicers","5","5","10"
"SilviaToffanin","6","4","10"
"SimoN-ChessssS","5","5","10"
"sina_sobhani","5","5","10"
"sinaaafshar","4","6","10"
"sinanmt","4","6","10"
"sinequanine","6","4","10"
"singh256gmail","4","6","10"
"Singham_4","5","5","10"
"SipanSenpai","5","5","10"
"Sir_Daniel_Q","5","5","10"
"SirAlexTheLion","6","4","10"
"SirChickenPzza","6","4","10"
"Sirin-i","6","4","10"
"SirKnight9182","5","5","10"
"sirkud","5","5","10"
"SirSacsAlot","5","5","10"
"SiseCam","4","6","10"
"Sisyfos75","5","5","10"
"Siusky","5","5","10"
"siva69","4","6","10"
"sivirower","5","5","10"
"sivrizekali","5","5","10"
"SixDedi","5","5","10"
"sjakkspiller24","4","6","10"
"sjdu9918","5","5","10"
"sjkdjjs","5","5","10"
"sjonge","6","4","10"
"sjriley2000","4","6","10"
"sjy2020","4","6","10"
"skander_S","5","5","10"
"Skaptor","5","5","10"
"skarkloffls","6","4","10"
"Skasparov13","5","5","10"
"Skatterhay","4","6","10"
"SKBN","5","5","10"
"skeilaaa","5","5","10"
"skincss","5","5","10"
"SkinnyKidZhora","6","4","10"
"Skipscene","4","6","10"
"skoobi","3","7","10"
"skriptonite","4","6","10"
"skumarr84","5","5","10"
"skymaster77","5","5","10"
"skyzofdeath","5","5","10"
"Slabii","5","5","10"
"slav170bk","5","5","10"
"Slava643","4","6","10"
"Slava65536","6","4","10"
"slhh","5","5","10"
"slim1550","4","6","10"
"SlimeBlaster","5","5","10"
"slman8717","4","6","10"
"Slobodan90","5","5","10"
"slonikspb","5","5","10"
"SLONYNN40","5","5","10"
"Sltlk","5","5","10"
"smac324","4","6","10"
"Smirny","4","6","10"
"Smit_Tavate","5","5","10"
"Smitha_P","5","5","10"
"smithriver","4","6","10"
"Smlone","4","6","10"
"SmokeBBQPork","5","5","10"
"smolvamp","6","4","10"
"smoothiemadness","5","5","10"
"Snag97","5","5","10"
"snmadsen","5","5","10"
"snnsvnc","5","5","10"
"snowfall25","5","5","10"
"SnowGhost","4","6","10"
"SnowmanLP","5","5","10"
"snwy","5","5","10"
"Sobelite","5","5","10"
"sobir_saidov","4","6","10"
"sockdologer","5","5","10"
"Socrates24","5","5","10"
"Soehmc","5","5","10"
"SofijaTeodosic","5","5","10"
"SoKoL19","7","3","10"
"solai0808","5","5","10"
"Sollasido","5","5","10"
"somjavaj","5","5","10"
"sonic182","5","5","10"
"sonnguyen20142017","5","5","10"
"Sonora-Sonora","5","5","10"
"Sonticcayn","4","6","10"
"sopsaare","6","4","10"
"Soulayman_bouyro12","6","4","10"
"soulPractice","4","6","10"
"SoumyaRSarkar","5","5","10"
"SouthofHeaven","4","6","10"
"soutrikband","5","5","10"
"souvenirsdepoisson","6","4","10"
"Souvikisback","5","5","10"
"SovietGod","6","4","10"
"Sowinakejdo","5","5","10"
"soyleyenda_777","4","6","10"
"Space_Chief","5","5","10"
"spacekid_astro","5","5","10"
"sparrow_003","6","4","10"
"Spartacus-12","5","5","10"
"SpartanAngelll","5","5","10"
"SpeedMonster","5","5","10"
"speedy_player","5","5","10"
"Spenolen","4","6","10"
"SpitfireXV","6","4","10"
"SPmaxwell25","5","5","10"
"Sporkip","5","5","10"
"Sprinter504","5","5","10"
"Squirrel_QC","5","5","10"
"Sr-Thomson","4","6","10"
"sraidmys_MmuazF","4","6","10"
"sreljic","4","6","10"
"srikanth007","4","6","10"
"srinivas72","4","6","10"
"srknbnc25","5","5","10"
"Srochs","4","6","10"
"Ss1997ss","5","5","10"
"ss2626","6","4","10"
"SSSABIT","4","6","10"
"sssvekla","5","5","10"
"Sstetika","5","5","10"
"stachu789","4","6","10"
"StaleMilk","5","5","10"
"Stamalimi","5","5","10"
"Star-Splitter","5","5","10"
"starfx","5","5","10"
"starinthesky","5","5","10"
"stas2309","5","5","10"
"steili","5","5","10"
"SteinmannDD","5","5","10"
"StephenB0730","4","6","10"
"SteuermannSM","6","4","10"
"steve_i_am","5","5","10"
"Stevie_Wonder27","6","4","10"
"StevieMB","6","4","10"
"StickyBandit22","5","5","10"
"Stiiknafuulia","4","6","10"
"still_waiting00","4","6","10"
"STIPPI","5","5","10"
"stitch64","5","5","10"
"STM28","5","5","10"
"Stoffini","5","5","10"
"stojance92","4","6","10"
"stpcbe","5","5","10"
"straight_ratchet","5","5","10"
"strategy07","5","5","10"
"StrengthPratter","5","5","10"
"StroitelCHT","4","6","10"
"StrombolyS","5","5","10"
"Strongg_cmForzaa","5","5","10"
"STsaguria","7","3","10"
"stupidity0","5","5","10"
"sub-zer0MK","4","6","10"
"SubrataBkp21","5","5","10"
"Sudhakar_Prakash","6","4","10"
"Sudoku53","6","4","10"
"Suganza_motikara","5","5","10"
"SugimotoS","5","5","10"
"Suharsha","6","4","10"
"Sujaypande","6","4","10"
"sulo32","5","5","10"
"sumadrePRO","5","5","10"
"SumanthPeddirsi","5","5","10"
"Sumon12320","5","5","10"
"sun_tzu_7","4","6","10"
"sundervo","5","5","10"
"sundog77","4","6","10"
"Sungari2002","3","7","10"
"Sungprism","4","6","10"
"sunitsikkim","5","5","10"
"SuparnoFake","4","6","10"
"SUPERCHESSMAX2","5","5","10"
"supereray","5","5","10"
"Superfastboy","4","6","10"
"Superjetman","5","5","10"
"superkipper","5","5","10"
"superlopez","4","6","10"
"Supernikito","5","5","10"
"SuperPoool","5","5","10"
"supersach","4","6","10"
"SuperSkeleton","5","5","10"
"SupremoLider","5","5","10"
"suraj091","6","4","10"
"Sureyyahanim","6","4","10"
"surkiaatti","5","5","10"
"sushrutpalepu96","6","4","10"
"suskat","6","4","10"
"suslik76","5","5","10"
"suysall","5","5","10"
"swapnil159","5","5","10"
"swapnil47","5","5","10"
"Swartz900","6","4","10"
"Sweetums2","4","6","10"
"Syam_Sahoo","5","5","10"
"SyedRamizulKabir","4","6","10"
"Sylvas23","6","4","10"
"szachychess","6","4","10"
"szymon101","6","4","10"
"t-mm","6","4","10"
"T-VoltioS","5","5","10"
"t-y-rone2","6","4","10"
"T3141592","4","6","10"
"t3bb3s","4","6","10"
"TA33ON","6","4","10"
"TableroN8","6","4","10"
"Tabriz07","5","5","10"
"taco_meat0","4","6","10"
"TacticalChip","5","5","10"
"tadeuszponiatow","4","6","10"
"tagesschlau","5","5","10"
"tagio1","5","5","10"
"tagoog79","5","5","10"
"Taha_Yasin_69","5","5","10"
"tahainn","5","5","10"
"Tahl17","5","5","10"
"tairon41","6","4","10"
"Takedown74","4","6","10"
"takingroyofthegrid","4","6","10"
"taksu2478","6","4","10"
"talastilla","5","5","10"
"Talha_tkdrl","5","5","10"
"TalinYegeni","5","5","10"
"Talisto","6","4","10"
"Talpa21","6","4","10"
"Talsgift","5","5","10"
"tamburri04","5","5","10"
"Tanexto","5","5","10"
"Tangomj","5","5","10"
"TaraDonna","5","5","10"
"tarapur","5","5","10"
"tarjeiv","6","4","10"
"Tarraschito","6","4","10"
"tarzanbeta","5","5","10"
"Tarzanswing","4","6","10"
"Tassadar96","5","5","10"
"Tat7_Noway","6","4","10"
"tatamigga","6","4","10"
"Tatar4a","5","5","10"
"tatarozay","4","6","10"
"TatianaShmayluk","4","6","10"
"TaxMan_006","5","5","10"
"taylandursun99","4","6","10"
"TazBelly","4","6","10"
"tbpharm","6","4","10"
"Tchai16","5","5","10"
"tcszabo","5","5","10"
"TeamPayaman","5","5","10"
"techgnos","5","5","10"
"Teemothy","5","5","10"
"Teemu_V","5","5","10"
"teezmy1","5","5","10"
"teleduardo11","5","5","10"
"temarchik","4","6","10"
"Tempo65","4","6","10"
"tempz","5","5","10"
"tenisvermelho","4","6","10"
"tenorpsy","5","5","10"
"tentaculus","5","5","10"
"terechkachess","5","5","10"
"Terminator20","5","5","10"
"ternj","5","5","10"
"TerryA","5","5","10"
"Terwill","5","5","10"
"testchess2015","5","5","10"
"TestingTesting321123","5","5","10"
"testtest296","6","4","10"
"tetekmoan","4","6","10"
"Tetr0yS","5","5","10"
"TH11","6","4","10"
"Thalapathy_2006","5","5","10"
"thamesyhancy","5","5","10"
"thanosM025","6","4","10"
"thatbrazilianguy","5","5","10"
"thaumaturgy","6","4","10"
"thbosson","6","4","10"
"the_broom","5","5","10"
"The_Coach","5","5","10"
"The_Foma","6","4","10"
"The_UndErdoG","5","5","10"
"the-homo-sapiens","5","5","10"
"the12rd","6","4","10"
"the1shaman1","5","5","10"
"The5thMifflin","5","5","10"
"Thebaza","5","5","10"
"theBeaver","6","4","10"
"TheBlackBison","5","5","10"
"TheBlackPanda","4","6","10"
"TheBorealis","5","5","10"
"thecheckmater77","6","4","10"
"TheChessJunkie","6","4","10"
"TheCubixHelix","6","4","10"
"TheDoctor47","4","6","10"
"thedragon-setup","6","4","10"
"TheEmperorShehab","6","4","10"
"theenktwice","5","5","10"
"TheGoatIsBackAhAh","5","5","10"
"TheGreatestAttractor","4","6","10"
"Thehan-Dalu","6","4","10"
"thelostman48","5","5","10"
"thelper","6","4","10"
"TheMadhavam","5","5","10"
"themuho","5","5","10"
"theneonknight","4","6","10"
"TheNewGuy321","6","4","10"
"TheOneChessMaster_Ua","5","5","10"
"thepinkrat2","5","5","10"
"ThePootles","4","6","10"
"Therapy_96","5","5","10"
"therapy123","5","5","10"
"TheRealFantomas1991","4","6","10"
"TheRealTheorist","5","5","10"
"theremharth","5","5","10"
"therevel","6","4","10"
"TheSuperbadMcLovin","6","4","10"
"Theswaglorddaddy","6","4","10"
"thewhalegod","4","6","10"
"ThirstRockers1","6","4","10"
"thisisacat","5","5","10"
"thisisnotivan","5","5","10"
"ThisIsSpartaaaa","4","6","10"
"thistefanelli","6","4","10"
"ThorCloveritus","5","5","10"
"Thraxi","5","5","10"
"thrvk","6","4","10"
"Thunderball2XA","6","4","10"
"THUNDERCATS2421","6","4","10"
"tiborvlajk","5","5","10"
"tier003","5","5","10"
"Tietie007","5","5","10"
"Tigran56","5","5","10"
"tigranvartanovitspet","5","5","10"
"timax56","6","4","10"
"Timophey2011","4","6","10"
"timour93","5","5","10"
"Timoxer","5","5","10"
"TimurOrmanzhy","6","4","10"
"tintin98","5","5","10"
"Tio_Lobo","6","4","10"
"TKI89","4","6","10"
"tkottysch","5","5","10"
"Tlapiani","6","4","10"
"TM10","4","6","10"
"tmate","5","5","10"
"tmerk75","5","5","10"
"tmuntzer","5","5","10"
"tnc2006","5","5","10"
"TNDLKR","6","4","10"
"TobiSo979","6","4","10"
"Today124","6","4","10"
"TODD18","5","5","10"
"toffER1","5","5","10"
"togrul571","4","6","10"
"tokosoko","6","4","10"
"tolegen_dd","5","5","10"
"tom4812","6","4","10"
"TomasBulnes","5","5","10"
"tomaslo","5","5","10"
"Tomasz_I","4","6","10"
"Tomato412","5","5","10"
"TomFraser","5","5","10"
"tomi00","5","5","10"
"tomppa_norberg","6","4","10"
"tomsamfreeman","4","6","10"
"TONCEL25","5","5","10"
"tongxuantu","5","5","10"
"toni_lika","5","5","10"
"tonialumnos","4","6","10"
"TonMorcus","5","5","10"
"TonyOne","5","5","10"
"tonysandwich","4","6","10"
"took2long","5","5","10"
"toporivan","4","6","10"
"torbjornh2b","5","5","10"
"ToriCarrotstick","4","6","10"
"Torsten_MV","6","4","10"
"Totoynoel","4","6","10"
"tottoche","5","5","10"
"toviking","5","5","10"
"Toy058","4","6","10"
"Tradingchef","5","5","10"
"Train-Hard-01","6","4","10"
"tranc12","4","6","10"
"Tranka","5","5","10"
"trashister","6","4","10"
"TraTheTrainer","6","4","10"
"TRB_ELM","5","5","10"
"treefrogman711","5","5","10"
"Trellow","6","4","10"
"Trema28","6","4","10"
"Trentosk","5","5","10"
"Triggy82","6","4","10"
"TriplePlusGood","5","5","10"
"trishaa_18","5","5","10"
"trist79","5","5","10"
"tristanfu","6","4","10"
"trival","5","5","10"
"troi-p","6","4","10"
"tropez24o","5","5","10"
"TroyTroestrup","5","5","10"
"tru_faut","5","5","10"
"TruePlanet","5","5","10"
"try_once_again","5","5","10"
"tryntararam","6","4","10"
"trysmt","4","6","10"
"tsakma89","4","6","10"
"Tschigo","4","6","10"
"Tsm2300","4","6","10"
"Tstswe","5","5","10"
"ttaha759","6","4","10"
"ttward","6","4","10"
"tuckermora","5","5","10"
"tuladi","5","5","10"
"tunatnrkl","5","5","10"
"Tungus1989","5","5","10"
"TuPapiRico9","5","5","10"
"Tupurupucis","5","5","10"
"Turalazer","5","5","10"
"TuralSantander","6","4","10"
"Turbat1203","4","6","10"
"Turbo_classic","5","5","10"
"turcko007","4","6","10"
"turkdental","6","4","10"
"TurkusowySmok","4","6","10"
"turner_prize","5","5","10"
"Turtle_Tof","5","5","10"
"tusalaxis","4","6","10"
"tusharmathur","5","5","10"
"TuteXN","5","5","10"
"Tutinjo","5","5","10"
"tutto","5","5","10"
"tweek_danil","5","5","10"
"twiceknightly2","5","5","10"
"twinsdriver","3","7","10"
"twis1202","4","6","10"
"two-pi","4","6","10"
"twthomas","5","5","10"
"Tx100000","5","5","10"
"tyggis19","6","4","10"
"TylerDurden06","6","4","10"
"TymofiyKorsun","5","5","10"
"tymolo","7","3","10"
"TypucT71","5","5","10"
"U6crgb0","5","5","10"
"UB-2357","6","4","10"
"ubchakabla","5","5","10"
"Ucee95","5","5","10"
"uday114","4","6","10"
"Uddavv","5","5","10"
"UditBhutani","4","6","10"
"Uglickih_Evgeniy","5","5","10"
"uglinskih1967","4","6","10"
"Uhrhausler","4","6","10"
"UiliamPereira","5","5","10"
"uladkaminski","4","6","10"
"ulumi","5","5","10"
"Umerfirdousy","5","5","10"
"umut300","5","5","10"
"umutaltundag","4","6","10"
"unaxjj","3","7","10"
"uncrownedking1025","5","5","10"
"underratedkiller","5","5","10"
"underscorerjk","5","5","10"
"Unfoldemy","5","5","10"
"uniservice","6","4","10"
"universal_boss","5","5","10"
"Universe_best","5","5","10"
"unknownav","4","6","10"
"UnknownPlayerZero","6","4","10"
"UnoReverse-Chess","5","5","10"
"untoast","6","4","10"
"UpcomingTrumpeter","4","6","10"
"Uraiba_hasan","5","5","10"
"uran04","5","5","10"
"urboydhan","6","4","10"
"usc099","6","4","10"
"User123456781","5","5","10"
"user1738","5","5","10"
"Usern4me0x00","5","5","10"
"username991","6","4","10"
"Usethefork","5","5","10"
"usheen","6","4","10"
"Ussinn","5","5","10"
"Usuitchi","6","4","10"
"Uwe81","6","4","10"
"Uzzy14","5","5","10"
"v1sky","5","5","10"
"V201calaf","5","5","10"
"vaclavhavell","6","4","10"
"vadimental","5","5","10"
"Vado_mu","5","5","10"
"Vakyol","5","5","10"
"Valencia01","7","3","10"
"ValentinovichDen","5","5","10"
"ValeraL32_47","5","5","10"
"ValeraTula","7","3","10"
"ValerioBrusamolin","6","4","10"
"ValeriyTJ","5","5","10"
"Valeron7702","4","6","10"
"Valkyria_2000","5","5","10"
"Valsabbia","4","6","10"
"vamiT","4","6","10"
"Vania_M_L_M","6","4","10"
"vanja00","4","6","10"
"Vares","5","5","10"
"VarfolomeiAA","6","4","10"
"VarshyBoo","5","5","10"
"VarvaraPoliakova","5","5","10"
"vasu_shenoy","5","5","10"
"Vataga","5","5","10"
"VatchuggT","4","6","10"
"vava03","6","4","10"
"VDA03","5","5","10"
"VDChess123","5","5","10"
"vecam","5","5","10"
"vedalkin","5","5","10"
"VEDIYARBAKIR","5","5","10"
"veeng42","5","5","10"
"veer347","4","6","10"
"veerujha","5","5","10"
"Vegacruz","5","5","10"
"Vehimii","4","6","10"
"velezcarlos","4","6","10"
"veluthampi11","4","6","10"
"Venkat_wannabegoat","4","6","10"
"venkatapathi","5","5","10"
"Venkiteswaran","4","6","10"
"VenomousMammal","5","5","10"
"versatileman","5","5","10"
"vertexmind","6","4","10"
"Very_Old_Chess_Lady","4","6","10"
"Veselov_Viktor","6","4","10"
"veselovrm","5","5","10"
"vetandrey","4","6","10"
"Vetebullen","6","4","10"
"Veteranofbishop","5","5","10"
"VexedYeoman","4","6","10"
"VFA","5","5","10"
"VFa-221531","4","6","10"
"VFLBorussia","5","5","10"
"VFN1983","6","4","10"
"vg20022014","5","5","10"
"VianaChess","5","5","10"
"Vichatelet","6","4","10"
"Vicoparra17","5","5","10"
"victofv1","6","4","10"
"Victor1989","4","6","10"
"VICTOR20","4","6","10"
"VictorL86","4","6","10"
"VictorQuispe72","6","4","10"
"VideoVovaN","5","5","10"
"vidhu","6","4","10"
"Vijay_25","5","5","10"
"vikaar","5","5","10"
"Vikas9119","5","5","10"
"vikt-straik","5","5","10"
"viktek","5","5","10"
"Viktor1987_kz","4","6","10"
"viktorp","5","5","10"
"viktorshevchenko","6","4","10"
"Vildan_Radikovich","4","6","10"
"villosil","5","5","10"
"Villupillu","5","5","10"
"vilvi","5","5","10"
"vimss","5","5","10"
"Vinasingh","6","4","10"
"VINAYAKMA","4","6","10"
"vince666","4","6","10"
"Vinnie611","5","5","10"
"vinod_vvd","5","5","10"
"vinodlongani1990","5","5","10"
"VIP2570","5","5","10"
"ViperCWL","5","5","10"
"virago1000","4","6","10"
"Virovin","5","5","10"
"visahan","5","5","10"
"Vish_Jayasekara","6","4","10"
"vishvadipsnehal","5","5","10"
"vitalij1953","6","4","10"
"vitek-sneberk_4","5","5","10"
"Vitorgan1","5","5","10"
"Vitthhal","4","6","10"
"viv82","6","4","10"
"vivaelvino","6","4","10"
"vivekarumugam","4","6","10"
"ViveMacron","5","5","10"
"VKL00","6","4","10"
"Vlabonya","6","4","10"
"vladimir_volgin","6","4","10"
"Vladimirfedotkin","4","6","10"
"VladimirKeramik","6","4","10"
"vladimirpetrof","4","6","10"
"vladislav_kowix","4","6","10"
"vladya_pro100","5","5","10"
"vllladd","5","5","10"
"Vojtasmehlik","5","5","10"
"Vokesflow","6","4","10"
"volatilesquirrel","5","5","10"
"Volkano_Chess","5","5","10"
"Vonamza","4","6","10"
"vpandra","4","6","10"
"vpis16","6","4","10"
"vrachuri1","6","4","10"
"Vratch1","5","5","10"
"vss80","5","5","10"
"Vulovich","5","5","10"
"VusalShahbaz","6","4","10"
"Vvolkow2013","5","5","10"
"VVV7","6","4","10"
"vylian","6","4","10"
"Vyzivatel","5","5","10"
"wahbba","4","6","10"
"wail_saoud1","5","5","10"
"wakandaforever1234","4","6","10"
"WallyCard","7","3","10"
"Walter2022","5","5","10"
"wanderazmind","5","5","10"
"Wanderkoenig1991","5","5","10"
"war_br","6","4","10"
"Warlord_X","5","5","10"
"Waterstar1116","6","4","10"
"WayBetterThanBrock","5","5","10"
"wboard","4","6","10"
"WBobbyfischerW","4","6","10"
"Wcmattie11","4","6","10"
"WEFE","5","5","10"
"welcome2thedawn","5","5","10"
"Wellwind","5","5","10"
"weqeq","4","6","10"
"weres1","4","6","10"
"whalfc-desni","5","5","10"
"whatareyoudoing7","5","5","10"
"WhatCouldGoWrong","6","4","10"
"whats_left","5","5","10"
"whatt189","5","5","10"
"Whielmusmarinus","6","4","10"
"White-Feniks","4","6","10"
"WhiteEagle05","5","5","10"
"Whitmire0721","5","5","10"
"whocares_w","5","5","10"
"whosaksham","5","5","10"
"Wiciu1618","5","5","10"
"wilchess1979","5","5","10"
"WildGooseChess","5","5","10"
"Wilhem27","5","5","10"
"Wiljes1426","6","4","10"
"Willmunny66","5","5","10"
"WillSmith001","5","5","10"
"Wilsonsousa","6","4","10"
"wimwamwom","5","5","10"
"Wind1960","5","5","10"
"winnip","6","4","10"
"wintersws","4","6","10"
"Wintilator2","5","5","10"
"WinwaI_04","5","5","10"
"WiseRice","5","5","10"
"wissem-ab","5","5","10"
"WistlerR","4","6","10"
"WitnerRivera","4","6","10"
"witopea","5","5","10"
"wizard_queen","4","6","10"
"WizardMind","5","5","10"
"WolfmaierJohannes","5","5","10"
"wolodimir74","5","5","10"
"wongo","5","5","10"
"Woodstock-1969","5","5","10"
"wootwoot","5","5","10"
"Wq0g80","4","6","10"
"Wreckitash92","5","5","10"
"WRGOABABD","4","6","10"
"wsalem","5","5","10"
"wupzzyyyyy","4","6","10"
"wwwolf","4","6","10"
"x_dmb","4","6","10"
"x350","4","6","10"
"Xabibullayev","6","4","10"
"Xander0971","6","4","10"
"Xanrra","5","5","10"
"xarisk","6","4","10"
"xasspect","5","5","10"
"xaviartesa69","4","6","10"
"xaviash","6","4","10"
"Xaylonian","5","5","10"
"xcorat","5","5","10"
"xdrxkenm","5","5","10"
"xenine","6","4","10"
"xerces11","6","4","10"
"xevnylfigury","5","5","10"
"xhulioS","4","6","10"
"xibalbas","6","4","10"
"Xilefnatsoc","5","5","10"
"xKilian","4","6","10"
"xmusullux","6","4","10"
"xNikax","5","5","10"
"xokir","5","5","10"
"xoulph","4","6","10"
"XR_02","4","6","10"
"XTARTA","4","6","10"
"xtte4","4","6","10"
"Xuduyev_Islam","5","5","10"
"Xx_Madelia_xX","4","6","10"
"xxJSONxx","4","6","10"
"xxJUDAxx","5","5","10"
"xXMantarrayaXx","5","5","10"
"XxMorenoXx","5","5","10"
"xxx-x-xxx","5","5","10"
"xXxPawnStar69xXx","5","5","10"
"XXXX9999","4","6","10"
"Y2_2Y","5","5","10"
"ya_dno_dna","4","6","10"
"Ya_doma","5","5","10"
"yaffe_masa","5","5","10"
"Yagnya1609","6","4","10"
"Yair_Duque","5","5","10"
"Yakzi","5","5","10"
"yamadullah","6","4","10"
"Yamidb18","5","5","10"
"Yanochka26rus","5","5","10"
"yappida","4","6","10"
"yarol80","6","4","10"
"YAROSLAV_V_2013","6","4","10"
"YashavanthNI","4","6","10"
"yashhissaria99","5","5","10"
"Yasin1186","6","4","10"
"Yasin277","5","5","10"
"Yasir_2022","5","5","10"
"yask1","5","5","10"
"Yasser191190","4","6","10"
"yassyassyass2001","5","5","10"
"yawmewm","6","4","10"
"yazam","5","5","10"
"YebelRebel75","5","5","10"
"Yedman","4","6","10"
"Yeh1aNabil","4","6","10"
"yellowfish22","5","5","10"
"YellowmadnessPernik","5","5","10"
"Yerlifisher","6","4","10"
"yesil17","5","5","10"
"yetanotherbeginner","4","6","10"
"Yinka_Israel","4","6","10"
"yishai8000","5","5","10"
"ymgch","4","6","10"
"Ynnick129129","4","6","10"
"Ynwasimon","4","6","10"
"yo_a_e","5","5","10"
"yo_envio","5","5","10"
"yobayablocko","6","4","10"
"yoda42J","5","5","10"
"Yodadaniel","5","5","10"
"Yolobreaker","6","4","10"
"yongyong73","5","5","10"
"Yool25","5","5","10"
"Yoon_Niks","5","5","10"
"yorkgulu","4","6","10"
"Yorme04","5","5","10"
"yorugua74","5","5","10"
"Yosigalant","6","4","10"
"yosuan8718","5","5","10"
"youba_47","5","5","10"
"Yougo76","6","4","10"
"YouNao","5","5","10"
"your_worst_nightmare","6","4","10"
"yourinnerchild","4","6","10"
"yourunawayterrified","5","5","10"
"yousef2024","6","4","10"
"yrmp5","6","4","10"
"YRSOLD8","7","3","10"
"yunustan","5","5","10"
"Yuogs","4","6","10"
"yura123456789","5","5","10"
"Yuriy_Ayrapetyan","6","4","10"
"YuryAliluyeu","5","5","10"
"yusufgenccelik","6","4","10"
"Yvonne68","6","4","10"
"YwF_Champi","6","4","10"
"YyeessBrazil","4","6","10"
"YyogitaA","5","5","10"
"Z10000000S","6","4","10"
"Z2570galja-63","5","5","10"
"zabolotnii","5","5","10"
"Zaheen4703","5","5","10"
"Zahronyl","5","5","10"
"zajk","5","5","10"
"Zakhurbek","6","4","10"
"ZamdirUR","4","6","10"
"zapatilla1984","5","5","10"
"zarigradske","5","5","10"
"ZausE","4","6","10"
"zay321","5","5","10"
"ZAYED_XO","6","4","10"
"zaza1985","5","5","10"
"zBARBADOSz","5","5","10"
"Zboug","6","4","10"
"zbszhe","6","4","10"
"zedzedchess","6","4","10"
"zeke420105","5","5","10"
"Zelig21","6","4","10"
"zeng_art","5","5","10"
"ZenMasterV","5","5","10"
"Zephyr18","5","5","10"
"zepto21","4","6","10"
"Zeus87","5","5","10"
"ZeusZeus8","4","6","10"
"zgntznr","4","6","10"
"Zh47","5","5","10"
"zhan79","5","5","10"
"Zhanbatyr_0rt","4","6","10"
"zhandos07","5","5","10"
"zi_rus","6","4","10"
"ziad-1416","5","5","10"
"Zico02","6","4","10"
"zidane1010","5","5","10"
"zilez2003","5","5","10"
"Zinan","5","5","10"
"Zindan77","5","5","10"
"Zitny_Chleba","6","4","10"
"ZiyaAsgerli","5","5","10"
"Zkiel519","5","5","10"
"Zloi-Dyadka","6","4","10"
"zloyviktor","5","5","10"
"znk90","5","5","10"
"zokzwang","6","4","10"
"Zoli03","6","4","10"
"ZombiePlayz89","5","5","10"
"zoneout215","5","5","10"
"Zonigre","6","4","10"
"ZOOPMAHSHI123","6","4","10"
"ZooZ-9B","6","4","10"
"Zork_I","4","6","10"
"ZoubkovaVila","5","5","10"
"zoukchata","5","5","10"
"ZOZO6","5","5","10"
"ZPac","5","5","10"
"Zsolti87","5","5","10"
"zuerano","5","5","10"
"ZuevS","5","5","10"
"zugzuvank","5","5","10"
"Zugzwang_23","4","6","10"
"ZuraJaNai2113","5","5","10"
"zurr7","5","5","10"
"ZweiteMannschaft","6","4","10"
"Zyomie","5","5","10"
"zzLV","5","5","10"
"a_aleer","5","4","9"
"A_nam_vse_ravno","3","6","9"
"A-White","5","4","9"
"a09tiel","4","5","9"
"A0dh","6","3","9"
"a123456789100000","6","3","9"
"A30MD30","5","4","9"
"A72830924ANDERSON","5","4","9"
"a7mad7sam","5","4","9"
"aaalcain","4","5","9"
"AABBMM","5","4","9"
"aabhishekk15","4","5","9"
"aaichamulga","4","5","9"
"aajidd","4","5","9"
"Aakarsh_IND","5","4","9"
"AalborgG","5","4","9"
"aammm","5","4","9"
"aanvlmr","3","6","9"
"aapleskanev","5","4","9"
"aapsis","4","5","9"
"aara13","5","4","9"
"aaravjain2013","4","5","9"
"Aarish2805","5","4","9"
"Aaron2812","5","4","9"
"AArvidsson","4","5","9"
"Aashutosh_Joshi_369","4","5","9"
"aasthik","7","2","9"
"Ab_Abra","4","5","9"
"ab_dude2007","4","5","9"
"ab00v07","5","4","9"
"Aba13","5","4","9"
"ababdxi","4","5","9"
"abbas-49","5","4","9"
"Abbkrrr","5","4","9"
"abdallah_altantawy","4","5","9"
"Abdallah1992","5","4","9"
"abdalsalam2022","6","3","9"
"Abde-lilah1","4","5","9"
"Abdes-123","4","5","9"
"Abdes1991","5","4","9"
"Abdo_Hesham1","4","5","9"
"Abdoamr2004","5","4","9"
"abdodaoudi","5","4","9"
"Abdou008","5","4","9"
"Abdou31","4","5","9"
"Abdrakhmanov_Maxat","3","6","9"
"Abduhman","5","4","9"
"Abdulaziz3333333","4","5","9"
"Abdulrahman098","4","5","9"
"abeswick","4","5","9"
"abhi75","4","5","9"
"Abhi786786","3","6","9"
"abhr04","5","4","9"
"Abis95","4","5","9"
"Abisoftware","4","5","9"
"Ablasan","4","5","9"
"ablecomplete","3","6","9"
"Ablomov77","5","4","9"
"AbogangsterDuarte","4","5","9"
"abood842","4","5","9"
"Abra-72","5","4","9"
"abrapampa","5","4","9"
"abri7","4","5","9"
"absi321","5","4","9"
"abskov","4","5","9"
"abualwi","3","6","9"
"aburak9","4","5","9"
"Aburcuburcuburcu","5","4","9"
"abushuaib55","4","5","9"
"acceldoom","4","5","9"
"aceash01","5","4","9"
"AceOfDubs","5","4","9"
"Ach013","4","5","9"
"acid_king","4","5","9"
"ACM_Slava","4","5","9"
"ACN0L0GIA","5","4","9"
"actiondirect","5","4","9"
"aCunningPlan","3","6","9"
"AczinoTheGoat","4","5","9"
"ad01","4","5","9"
"AD06082022","5","4","9"
"Adam_BBC","3","6","9"
"adambenlol","4","5","9"
"adamdoss","4","5","9"
"ADANAKEBAPAYRAN","4","5","9"
"Adarsh23","4","5","9"
"Adarsh960","5","4","9"
"adawdas","4","5","9"
"adder53","3","6","9"
"addinhebat","5","4","9"
"ADEGBOLAOLALEKAN","4","5","9"
"Adhavan5854","4","5","9"
"Adhee_01","5","4","9"
"adiish","4","5","9"
"Adil-bulbul","4","5","9"
"aditamakevin20","5","4","9"
"Aditya0208","5","4","9"
"adityakumar12","4","5","9"
"adityarios","5","4","9"
"admiral32knots","4","5","9"
"Adnu100","5","4","9"
"Ados-Chess","5","4","9"
"ADRI_333","4","5","9"
"Adri_96","3","6","9"
"Adrianlg1","5","4","9"
"AdriaSCPROXD","4","5","9"
"Adriotmoose","5","4","9"
"adv0410","5","4","9"
"Adya_10","6","3","9"
"aekara21","4","5","9"
"AeroOrnitorrinco","6","3","9"
"AeveX","4","5","9"
"Afff5","4","5","9"
"Afganigia","4","5","9"
"Africanlad","5","4","9"
"afshin1353","5","4","9"
"Agbonsbaba","5","4","9"
"agelar1991","6","3","9"
"agent_pong","5","4","9"
"Agnia15","5","4","9"
"Agniswar-2010","6","3","9"
"agomald","4","5","9"
"Agost21","5","4","9"
"Agrestico","4","5","9"
"Agrocolombia","4","5","9"
"aguaribay","5","4","9"
"agus609","4","5","9"
"Agustin75","5","4","9"
"AgustinPalacios","4","5","9"
"ahcharmik","4","5","9"
"Ahmad-tarek","4","5","9"
"Ahmadmarz","4","5","9"
"ahmadsoliman123456","4","5","9"
"ahmadtal","4","5","9"
"Ahmed-x9","5","4","9"
"Ahmed892000","4","5","9"
"AhmedCemo","5","4","9"
"AhmedGoOoDa","5","4","9"
"ahmedhany1","5","4","9"
"ahmedhelmy2020","6","3","9"
"ahmedMahmood","5","4","9"
"Ahmet_Balkan","4","5","9"
"ahmeta","3","6","9"
"Ahmetkashlan","4","5","9"
"Ahoragh105","5","4","9"
"aht12345aht","5","4","9"
"AI-best","5","4","9"
"aiag11","4","5","9"
"AIChessRobot","6","3","9"
"Aidan728","4","5","9"
"ainarazafy","4","5","9"
"AirAstana711","5","4","9"
"airused","3","6","9"
"aitikamodi","5","4","9"
"aiz82","4","5","9"
"Aizat_Niceman","5","4","9"
"AjarnNeo","3","6","9"
"ajaytewari","4","5","9"
"ajayv13","4","5","9"
"AJCnrx","5","4","9"
"ajedreciando","4","5","9"
"ajedrez_aczino","4","5","9"
"ajl015","4","5","9"
"Ajoy_Sarker","6","3","9"
"AJV83","5","4","9"
"Akainu731","5","4","9"
"AKalmikovs","6","3","9"
"akashd3sai","4","5","9"
"akashdhande","5","4","9"
"Akif-Mdn","4","5","9"
"Akki1982","5","4","9"
"AkOC-555","5","4","9"
"akourastos36","4","5","9"
"AKP2402","6","3","9"
"Akramk10","5","4","9"
"akshatrishi","4","5","9"
"AKsHaY1718","5","4","9"
"AkshuJS","5","4","9"
"Akula007","3","6","9"
"akuni","6","3","9"
"al_fatih","5","4","9"
"al-mahari","5","4","9"
"al3ankaboot","4","5","9"
"al3tar","4","5","9"
"Alabead2020","5","4","9"
"Alain677","4","5","9"
"Alanchess_live","4","5","9"
"Alarch","5","4","9"
"albazel","5","4","9"
"Alberna","4","5","9"
"Albert-Kary","5","4","9"
"AlbertBaggio93","5","4","9"
"albertdiaz","6","3","9"
"AlbertoMarquez_AA","5","4","9"
"aldindadz74","4","5","9"
"aldogalan","5","4","9"
"AlecW98","6","3","9"
"AleinikovMD","5","4","9"
"alejandr0priet0","5","4","9"
"Alejandro-J1976","4","5","9"
"AlekhinaAlisa","4","5","9"
"alekhine12","5","4","9"
"Alekhine1924","5","4","9"
"Aleksader","5","4","9"
"Aleksandersss","5","4","9"
"Aleksandr1990","5","4","9"
"Aleksaopacic","4","5","9"
"Aleksey_Sherer","4","5","9"
"Aleksus58","5","4","9"
"alenakristyna","4","5","9"
"AlenReiss","4","5","9"
"Alepoudon3","4","5","9"
"alex_abrosov","5","4","9"
"Alex1989SAV","4","5","9"
"alex2911","4","5","9"
"Alexander_NKT","5","4","9"
"AlexanderKudryavtsev","4","5","9"
"alexandrchegl","4","5","9"
"AlexandreAlphonse","4","5","9"
"AlexandreFlorao","4","5","9"
"alexandros1983","5","4","9"
"alexbs","4","5","9"
"AlexCrp","6","3","9"
"Alexey_Khashev","5","4","9"
"alexey87_87","5","4","9"
"AlexeyBelomestnov","5","4","9"
"alexfradkin","5","4","9"
"AlexHidden","3","6","9"
"AlexisAvendano","5","4","9"
"alexistupitsin","5","4","9"
"alexm88","4","5","9"
"Alexmcf","4","5","9"
"alexwatford29","5","4","9"
"Alexyn123","4","5","9"
"Alfa_51","5","4","9"
"alfilmalo123","6","3","9"
"alfy9102","5","4","9"
"Algeria_hope","5","4","9"
"alhernandez1981","5","4","9"
"ali_fawal","5","4","9"
"ali_khan88","4","5","9"
"Ali_WeKa121","5","4","9"
"ali165","3","6","9"
"Ali1hakim","4","5","9"
"ali761","5","4","9"
"AliAbdulKareem","5","4","9"
"aliaboshuker","4","5","9"
"Aliandmalak","5","4","9"
"AliAryt","4","5","9"
"Alibrahim7","4","5","9"
"AliDenizArslan","5","4","9"
"AliForughan","4","5","9"
"Alihan_Bekzanov1","5","4","9"
"Alik19852","5","4","9"
"aliklim1","5","4","9"
"alikmz007","5","4","9"
"alimbachri03","5","4","9"
"AliMo89","4","5","9"
"Alink2020","4","5","9"
"alinosher","5","4","9"
"aliosha88","4","5","9"
"alireza920","5","4","9"
"alirezabooroomand","6","3","9"
"alirezakm051","5","4","9"
"Alirezamoeinzadeh","4","5","9"
"Aliseo","4","5","9"
"alisodagar93","4","5","9"
"alisx255","6","3","9"
"Alizafar","4","5","9"
"aljo-rein03","5","4","9"
"all4prof","6","3","9"
"AllanValdez_32","3","6","9"
"alldo5517","6","3","9"
"alleygood","4","5","9"
"allroad","5","4","9"
"almostlost","5","4","9"
"alone42","4","5","9"
"AloneBishop15","6","3","9"
"Alotofchickens","5","4","9"
"Alparslan03","5","4","9"
"alpeeereeennn","5","4","9"
"Alpeneshho","5","4","9"
"alperenince2","5","4","9"
"AlphaZero_2022","4","5","9"
"Alpox13","4","5","9"
"Alreyami11","5","4","9"
"alsoran","5","4","9"
"alstrakone","5","4","9"
"altazur","4","5","9"
"aluay","4","5","9"
"Alukard99","4","5","9"
"ALV62","5","4","9"
"alvaritodc","5","4","9"
"Alvarozs","7","2","9"
"alvincorral","6","3","9"
"alx1984","6","3","9"
"alxgb","5","4","9"
"Alya_Jazilah_Budi07","4","5","9"
"Alyaser_hadjilun","3","6","9"
"alysonNBS","4","5","9"
"Alzenau","4","5","9"
"am-chempa","4","5","9"
"amadea-3","4","5","9"
"Amanb23","4","5","9"
"AmanGalaWilson_12E","5","4","9"
"amanpratap007","5","4","9"
"amantandon","5","4","9"
"amarant91","4","5","9"
"Amaterasu1","4","5","9"
"ambpro93","4","5","9"
"ameer_hamza","3","6","9"
"AMensh","5","4","9"
"Amigoloco","5","4","9"
"Amin_Lon","5","4","9"
"amir410","4","5","9"
"Amirjimi","5","4","9"
"amirrezamasajedi","5","4","9"
"amirrezayati_Rey","5","4","9"
"AmirSafaei","4","5","9"
"Amirwahebi","4","5","9"
"amitag","5","4","9"
"amitgupta1982","4","5","9"
"ammarazim","5","4","9"
"amoah10","4","5","9"
"amon_19","5","4","9"
"amreenn","4","5","9"
"amsgoel","5","4","9"
"Amurganbat19","4","5","9"
"amuuuinjured","5","4","9"
"amzeki","4","5","9"
"Analitik33","4","5","9"
"anangS70_Garuda","5","4","9"
"Ananth2523","4","5","9"
"Anas308","5","4","9"
"Anatemizado","4","5","9"
"anatolianeagle06","3","6","9"
"ANBAFEY","4","5","9"
"Ancientmove22","4","5","9"
"and1508","4","5","9"
"andcas96","4","5","9"
"anddres","4","5","9"
"Andeeer","4","5","9"
"Anderssov21","4","5","9"
"AndM02","4","5","9"
"andrea-bye","5","4","9"
"AndreaCatinella","4","5","9"
"AndreevAS","5","4","9"
"Andreezie","4","5","9"
"Andregalmax","6","3","9"
"andregulator","4","5","9"
"Andrei4826","5","4","9"
"andres_99","4","5","9"
"AndrewBlunders445","5","4","9"
"AndrewDutov89","5","4","9"
"Andrewedw09","4","5","9"
"andrewlunch","5","4","9"
"andreyvaulin","5","4","9"
"AndriesVerschoor","5","4","9"
"Andrieu","4","5","9"
"ANDRTABOROV","4","5","9"
"Andrys7","4","5","9"
"AndyPang","4","5","9"
"andyriless","5","4","9"
"anexy1","5","4","9"
"ANG_POGI_KO","5","4","9"
"Ange_Fournier","5","4","9"
"angel_of_death81","5","4","9"
"AngelofDeath666","4","5","9"
"AngeloPalumbo2000","5","4","9"
"AngelUCV","5","4","9"
"angusag","5","4","9"
"Animooossity","4","5","9"
"Anish_Vadhel","4","5","9"
"anishbaskar","5","4","9"
"anisu007","5","4","9"
"Anker","3","6","9"
"Anna2010tamb","5","4","9"
"Anna2307","5","4","9"
"annarachel12","5","4","9"
"Annhix","5","4","9"
"anonymous400","5","4","9"
"Anoser","5","4","9"
"Ansaid","5","4","9"
"ansebas84","6","3","9"
"anshu3012","4","5","9"
"Anskrip","4","5","9"
"ant0572","4","5","9"
"Antblack","4","5","9"
"anthonyht","4","5","9"
"Antiii90","3","6","9"
"AntipasTang","4","5","9"
"Antipode78","4","5","9"
"antipovalex21","4","5","9"
"Antman1977","4","5","9"
"anto96","6","3","9"
"AntonRogozin","4","5","9"
"Antoun6969","4","5","9"
"ants0505","5","4","9"
"Anwvynn","4","5","9"
"anxo_sabin","6","3","9"
"Aouria","5","4","9"
"Apafej6","5","4","9"
"aparhutBKD","5","4","9"
"apdo-omran","5","4","9"
"Apelacio_Eujay0121","6","3","9"
"apexcorner","4","5","9"
"ApiceCH","5","4","9"
"apm1971","5","4","9"
"apmayo","5","4","9"
"appoos94","4","5","9"
"APT-1983","4","5","9"
"Apt74","4","5","9"
"Apurv_1491","4","5","9"
"AQUAMAN-CHESS","5","4","9"
"Aquila97","4","5","9"
"Arafura","5","4","9"
"arakix","4","5","9"
"Araldinio","4","5","9"
"aranda_berenger","4","5","9"
"arash7979","6","3","9"
"Arch1512","5","4","9"
"Arcinopo","5","4","9"
"Arconado","4","5","9"
"Arcwy","4","5","9"
"ARD-999","4","5","9"
"ardaaVAKH","4","5","9"
"ArdaKeller","4","5","9"
"Ardi2021","5","4","9"
"Ardino16","4","5","9"
"Arepapower2020","6","3","9"
"Argedrecista","5","4","9"
"Argentum133","5","4","9"
"ari_etc","5","4","9"
"ari032","4","5","9"
"Aria123789","6","3","9"
"Arian_AN75","4","5","9"
"Arianrsh1382","4","5","9"
"Arina16012016","3","6","9"
"arithmeticeritrean","7","2","9"
"ariyamahmodniya","6","3","9"
"Arkish64","5","4","9"
"Arkspina","5","4","9"
"ARM-88888","5","4","9"
"Arm77777_7","5","4","9"
"ArmaDuke","4","5","9"
"Armalianshup","6","3","9"
"ArMan_1974","5","4","9"
"Arman_W","4","5","9"
"arman12345678910","5","4","9"
"Armiche","4","5","9"
"armoldojunior","5","4","9"
"arnaudbossard","5","4","9"
"arnav2206","4","5","9"
"arnavkumr","3","6","9"
"arod0101","4","5","9"
"Aronian222","5","4","9"
"Arout16","5","4","9"
"ARPIT_SARAWGI","6","3","9"
"Arqam3C","4","5","9"
"Arrgh22","4","5","9"
"arrow95","4","5","9"
"Arsene369","3","6","9"
"Arsenio3103","5","4","9"
"Arseniy777Kam","5","4","9"
"Arshdeep_101204","5","4","9"
"Arslan555","3","6","9"
"Art2010dar","5","4","9"
"Artem_Guliaev","3","6","9"
"Artem1227","5","4","9"
"Arthur256DE","5","4","9"
"artig14","5","4","9"
"Artikl33","7","2","9"
"artinartist","6","3","9"
"Artunsaday","5","4","9"
"Artur_psevdo1999","4","5","9"
"artur1967","3","6","9"
"artyful1","5","4","9"
"arunop92","4","5","9"
"Arus14","4","5","9"
"ArvinJimal","5","4","9"
"arvinm1372","6","3","9"
"AryaChesss","5","4","9"
"asa123","5","4","9"
"asafman123","4","5","9"
"Asar0077","5","4","9"
"asbatra","4","5","9"
"Aseev_MM","4","5","9"
"Ash1mon","4","5","9"
"Ashimari","4","5","9"
"ashish1693","6","3","9"
"AshPika25","4","5","9"
"Ashvarohi","4","5","9"
"ashwin006","4","5","9"
"asitan","4","5","9"
"Asmodeus_33","4","5","9"
"Asmund12","4","5","9"
"Asnaebaem","4","5","9"
"assedef","5","4","9"
"astag5","5","4","9"
"Astitva_Kamble","4","5","9"
"Astra81","5","4","9"
"AstroCat789","5","4","9"
"asura616","5","4","9"
"aSYouthinK","5","4","9"
"ataberkturk","5","4","9"
"Athom33","4","5","9"
"atmamurti","4","5","9"
"Atomic-Fork","5","4","9"
"Atwanm","3","6","9"
"AudebertE","4","5","9"
"AuditTheFed","4","5","9"
"AufSieg","5","4","9"
"Augmacatol","4","5","9"
"AugustoDelPino","6","3","9"
"AV1978","4","5","9"
"avandebr","5","4","9"
"AvaughnBarksdale","3","6","9"
"Avegastress25","5","4","9"
"Aventuraextra","4","5","9"
"AverageChessPlayer62","5","4","9"
"avg24","5","4","9"
"avhadd","4","5","9"
"AvidDisruptor","4","5","9"
"Avigoorn","5","4","9"
"Avinashkj","3","6","9"
"AVOGADRO59","5","4","9"
"Avtogen1969","4","5","9"
"awalludin298","4","5","9"
"awesomesauce69","5","4","9"
"Awing-Aj","4","5","9"
"awoool","4","5","9"
"ax2525","4","5","9"
"Axelinn1","5","4","9"
"Aximz","4","5","9"
"ayaacan","4","5","9"
"Aydar3457","4","5","9"
"aydinyigit","5","4","9"
"Ayman_A_Hafeez","4","5","9"
"aymimadreelbicho","5","4","9"
"Ayoub-Bennour","5","4","9"
"ayoubarov","6","3","9"
"Aytanamray","4","5","9"
"ayushdhaka","5","4","9"
"Ayushmann_Ghosh","5","4","9"
"AyushTalati","4","5","9"
"azambhai","4","5","9"
"Azatothistaken","4","5","9"
"azculfrvr65","4","5","9"
"Azna","4","5","9"
"azrul84","4","5","9"
"B0ro","4","5","9"
"b9njmn","5","4","9"
"ba7ra","5","4","9"
"Baagil0","5","4","9"
"baarroo","4","5","9"
"babaeh234","5","4","9"
"Babashzade","5","4","9"
"babaymuanis","5","4","9"
"babelsberg","5","4","9"
"babifisher","5","4","9"
"babyrager","5","4","9"
"Bac-Math","4","5","9"
"Bacii123","4","5","9"
"backrankreap3r","4","5","9"
"BADADAN","3","6","9"
"badatchessx32","5","4","9"
"BadSnacks","5","4","9"
"BaffyRacevasky","5","4","9"
"bafohi","4","5","9"
"bahador1999","4","5","9"
"bahtyyy","4","5","9"
"Bahubali27","4","5","9"
"Bai-Razdolbai","5","4","9"
"bAiMaDhaM","5","4","9"
"bakiagirbasli","6","3","9"
"bakytos","5","4","9"
"Bala13","4","5","9"
"baliron","5","4","9"
"ballrog132","5","4","9"
"Balmich30","4","5","9"
"balo123","5","4","9"
"Bambammmnf","4","5","9"
"BambooWhale","5","4","9"
"bananacontrol","5","4","9"
"bananatiger","5","4","9"
"Banerjee_7","5","4","9"
"Bangferiganteng","5","4","9"
"BantulTheGreat","5","4","9"
"baprmosalam","4","5","9"
"baptiste56","6","3","9"
"Baraa1985","4","5","9"
"Barabakos","5","4","9"
"Barackhusain","4","5","9"
"BarannnAkkurt","5","4","9"
"Barbaros001","4","5","9"
"barchef","4","5","9"
"Bardia2000","5","4","9"
"baristas35","4","5","9"
"barrokkabass","5","4","9"
"barrryyy","4","5","9"
"barrycharris2023xch","5","4","9"
"Bars80","5","4","9"
"BartPortugalec","4","5","9"
"barzo0","6","3","9"
"bashabasha3","5","4","9"
"BASKETBALL_SOCCCER","4","5","9"
"Bass_Slapper","5","4","9"
"Bassdrum","5","4","9"
"Basson7","4","5","9"
"Bateco2023","4","5","9"
"Batee5a","4","5","9"
"Batmanligaddarabbas","4","5","9"
"batnpk22","4","5","9"
"bato_689","5","4","9"
"Batsulin_Mihail","5","4","9"
"Battousay01","4","5","9"
"Batuhann25","4","5","9"
"bausi","4","5","9"
"Baver7745","5","4","9"
"baxa_vip","5","4","9"
"Bayaich_King","5","4","9"
"bbeyto","4","5","9"
"BBM_holding","6","3","9"
"Bbrrian","5","4","9"
"bcatalin21","5","4","9"
"bcc000033","4","5","9"
"Beamen_george","4","5","9"
"BearZZ","5","4","9"
"BEBERT1964","4","5","9"
"Becks-11","6","3","9"
"beejunior","3","6","9"
"BeerInhaler","4","5","9"
"beeschess","6","3","9"
"Begati","4","5","9"
"behlah","5","4","9"
"Behrroz","4","5","9"
"Belenos1973","3","6","9"
"Believe_In_You","5","4","9"
"belive_1","4","5","9"
"Bella125","5","4","9"
"Bellicbet","4","5","9"
"benbfla","5","4","9"
"benibenbenji3","5","4","9"
"Benimperial","4","5","9"
"benjaminPad","5","4","9"
"beq-floq","4","5","9"
"berenhad","4","5","9"
"berk-ergun","5","4","9"
"BerkBey","5","4","9"
"berkealm","5","4","9"
"BernQba","5","4","9"
"berooo0","5","4","9"
"berto2424","5","4","9"
"bertonio","5","4","9"
"besdide","4","5","9"
"bestbuyjr","3","6","9"
"bestefar-bombus","4","5","9"
"bestforyou-is-chess","5","4","9"
"bestjkr3131","4","5","9"
"Betontoni","5","4","9"
"Bettendorf01","4","5","9"
"betytabombon","5","4","9"
"betzet","5","4","9"
"beyto5534","5","4","9"
"bezhan202","4","5","9"
"Bgenz","5","4","9"
"BGMinnow","4","5","9"
"bharadia","4","5","9"
"bharatji","3","6","9"
"BhaT1234","4","5","9"
"bhaveshjaswani","4","5","9"
"bhavyamarella","4","5","9"
"bhprakash94","4","5","9"
"Bibbidi-Bobbidi-Boo","4","5","9"
"Biggen52","5","4","9"
"BigH","5","4","9"
"BigJ00H","5","4","9"
"bigmacoverkill","4","5","9"
"BigMoneySalvia69","5","4","9"
"bigoneyark","5","4","9"
"Bigoton","5","4","9"
"Bigsm84","4","5","9"
"bike4024","3","6","9"
"bilalini","5","4","9"
"bilbo_rules","5","4","9"
"BilboTEABAGGlNS","5","4","9"
"bilozorov","5","4","9"
"Bima1992","5","4","9"
"bingoplayeer111","3","6","9"
"Binom4288","3","6","9"
"Binora","4","5","9"
"binstonburchil","4","5","9"
"bintent","4","5","9"
"bipomao","5","4","9"
"Birby2562","4","5","9"
"birdm4n","5","4","9"
"Biriyani","6","3","9"
"BirkErGud","5","4","9"
"birkern","3","6","9"
"bisharath96","4","5","9"
"Bitencort","5","4","9"
"bitoni11","5","4","9"
"bizarre64","5","4","9"
"BJ_Abugharbieh","5","4","9"
"Bjorn2468","4","5","9"
"Bl_moon","5","4","9"
"blackhawk7186","5","4","9"
"blackkpawnn","4","5","9"
"BlackPawnPlayer","3","6","9"
"Blackwarbeast","4","5","9"
"Blankavich","5","4","9"
"blaxill","4","5","9"
"blind_horsey","4","5","9"
"Blindax","4","5","9"
"blitzal","4","5","9"
"Blitzberg","5","4","9"
"Blitzkrieg506","5","4","9"
"blitzkriegPawn","4","5","9"
"Bliz-3456","5","4","9"
"Blonde_d","5","4","9"
"bloodysabbaht","4","5","9"
"blorbing","6","3","9"
"Blotenstein","4","5","9"
"Blue_Merlin","4","5","9"
"BlueForgetMachine","6","3","9"
"blueocean21","4","5","9"
"bluesplayer34","5","4","9"
"blunder-sam","5","4","9"
"blunderedKang","5","4","9"
"blunderno1","5","4","9"
"boarderliner","5","4","9"
"boba2001","4","5","9"
"Bobbele_Fischer","5","4","9"
"bobbydatome","4","5","9"
"BobbyFischer86","4","5","9"
"BobbyNair","4","5","9"
"BobNaple","4","5","9"
"Bobszi","5","4","9"
"BoddaH94","4","5","9"
"boensaka","6","3","9"
"Bogdan777777777","5","4","9"
"boghy","5","4","9"
"Bohemia195","5","4","9"
"Bohred","5","4","9"
"BoipucciConnoisseur","5","4","9"
"bojanradic13","3","6","9"
"BojanSavic","6","3","9"
"Bokara","5","4","9"
"boki2505","5","4","9"
"bokothelegend","5","4","9"
"bollinger1","5","4","9"
"Bolrug","5","4","9"
"bombita13","5","4","9"
"Bonakov","4","5","9"
"Bond_1999","6","3","9"
"Bond001","4","5","9"
"bonitoulloa2punto0","4","5","9"
"BoobsPower","6","3","9"
"bood1878","4","5","9"
"booyaah","5","4","9"
"boran59","5","4","9"
"bored_billionaire","3","6","9"
"boregardbo","3","6","9"
"borim","5","4","9"
"BORIS_SAMUEL","4","5","9"
"Boris20042","4","5","9"
"Boris725","5","4","9"
"BorisAzatyan","4","5","9"
"BoromirFirst","4","5","9"
"borovik","4","5","9"
"bortolino","4","5","9"
"boss_baby-1","5","4","9"
"bostic97","4","5","9"
"botas","5","4","9"
"boweigong","5","4","9"
"boyman478","5","4","9"
"bozovicdj","5","4","9"
"bpcox","4","5","9"
"braaagi","4","5","9"
"Bradosky","5","4","9"
"braghupa","5","4","9"
"brahmanimadala","4","5","9"
"Brainlag_19","5","4","9"
"bran3","4","5","9"
"BratuClaudiu","4","5","9"
"BraulioCoilaNina","6","3","9"
"BraveBoss","5","4","9"
"Bravertz","4","5","9"
"Brazil666666","6","3","9"
"BRDE","4","5","9"
"brdonadio","4","5","9"
"breakingbad11006080","4","5","9"
"breakre","4","5","9"
"Brebis","4","5","9"
"Breki21","3","6","9"
"Breng_Pion","4","5","9"
"brettmck","5","4","9"
"brianhoe","5","4","9"
"BrianInigo","3","6","9"
"brianleeallen","5","4","9"
"briga49","4","5","9"
"brincalhao","5","4","9"
"BrissWalker","3","6","9"
"Brobert89","5","4","9"
"broddy1","5","4","9"
"brokeasschancho","3","6","9"
"Brokenchesstable","4","5","9"
"Bromm234","3","6","9"
"brostok","4","5","9"
"brothman","4","5","9"
"BruceHero","4","5","9"
"bruno1986","6","3","9"
"brunoalbieri","4","5","9"
"Brunodc","5","4","9"
"brunofarroni","4","5","9"
"Brusky21","4","5","9"
"Bruzel","5","4","9"
"bryaan01","4","5","9"
"bryansala1001","5","4","9"
"btngkan","5","4","9"
"Bubbles997","5","4","9"
"Buckbalz","4","5","9"
"buldozerman","4","5","9"
"BulletN00bie","5","4","9"
"Bullterrie","5","4","9"
"buraklevent0","4","5","9"
"burger_300","5","4","9"
"Burpy24","4","5","9"
"Bushehr-1","4","5","9"
"butee","4","5","9"
"ButheleziN","5","4","9"
"BVBgambit","6","3","9"
"bvdgiiisen","5","4","9"
"BXXL","5","4","9"
"BYKU2012","5","4","9"
"Bytrigo31","5","4","9"
"bz2snake","3","6","9"
"c-s-m","3","6","9"
"CABALLO_DE_TROYA_3","5","4","9"
"caballo2","4","5","9"
"cabincrew","4","5","9"
"caccachess","4","5","9"
"Cactus_gaming","5","4","9"
"CaeciliusFan","3","6","9"
"Caetanomadryn","3","6","9"
"CAFA78","4","5","9"
"cagdasbu","5","4","9"
"CAI_1982","5","4","9"
"CaioAdler","5","4","9"
"CaioMFdosSantos","3","6","9"
"Caisey","4","5","9"
"caja007","4","5","9"
"Calamintha","4","5","9"
"CalculatedLuke","5","4","9"
"Calculus04","5","4","9"
"Calin98","4","5","9"
"calisthenicsgod","6","3","9"
"CalmExplosions","4","5","9"
"calud","4","5","9"
"Calvin_Br","8","1","9"
"calvinriches","4","5","9"
"camal6666","5","4","9"
"camivette","5","4","9"
"Camufladoo","5","4","9"
"camusaquario","4","5","9"
"can260687","5","4","9"
"canatoc","4","5","9"
"candepilar","3","6","9"
"Candychessmaster","4","5","9"
"CandyCrash","5","4","9"
"Caner6565","5","4","9"
"cangoktan","5","4","9"
"Cannolicchi","4","5","9"
"Canuck23","5","4","9"
"canyoudosome","4","5","9"
"Capa_0177","4","5","9"
"capa1977","4","5","9"
"Capital78","4","5","9"
"Capluna","6","3","9"
"capochess","5","4","9"
"Cariscol","5","4","9"
"CarlitosRey","4","5","9"
"carlos0987654321","4","5","9"
"CarlosALE","5","4","9"
"CarlsenIsGOAT","4","5","9"
"carlson85","4","5","9"
"Caro_Kann_God","5","4","9"
"caro-kann-master","4","5","9"
"CaroCal","4","5","9"
"carrillorg","5","4","9"
"cartonsincolor12","4","5","9"
"carwheels","5","4","9"
"CASAS2007","4","5","9"
"castillianwarcrimes","5","4","9"
"castlebuster","4","5","9"
"CatBoris","3","6","9"
"Catrick","6","3","9"
"CatsSayMeow44","3","6","9"
"cavallino70","4","5","9"
"CAydemir","4","5","9"
"Ce08","5","4","9"
"Cebburashka","3","6","9"
"cebokhumalo","4","5","9"
"CEDOPUNTOS","4","5","9"
"Celebrinborn","4","5","9"
"celesta","5","4","9"
"cepnaz28","4","5","9"
"cesarfrancia_myet","5","4","9"
"cesarstaudt","4","5","9"
"cestlarie","4","5","9"
"cetom","3","6","9"
"CEU406","5","4","9"
"Cey758816","5","4","9"
"cfsmrico","5","4","9"
"Cgdb10","4","5","9"
"CGMASTER2020","5","4","9"
"Ch5ssPlayer","5","4","9"
"chagnaa96","4","5","9"
"chakavak313","4","5","9"
"chamacoperro","4","5","9"
"ChampagneSupernovaa","4","5","9"
"chan3000","4","5","9"
"chanengti11","5","4","9"
"Chanidu_Ratnayake","4","5","9"
"chanovsky","4","5","9"
"chaoscs","5","4","9"
"chapkub","4","5","9"
"Charlizard07333","4","5","9"
"chasingthewind","4","5","9"
"chaxva1","4","5","9"
"Chazad","4","5","9"
"checkeredbishop","3","6","9"
"Checkers_Rules","5","4","9"
"Checkers2019","5","4","9"
"Cheesy111","4","5","9"
"Cheesymoney","5","4","9"
"chemicalustaz","3","6","9"
"cherrylou","4","5","9"
"chess_2023_0","4","5","9"
"Chess_Flash_player","4","5","9"
"Chess_Infinity_7","4","5","9"
"Chess_Jia","5","4","9"
"Chess_man33","5","4","9"
"chess_pegasus","5","4","9"
"chess_study_174","4","5","9"
"chess_sud","5","4","9"
"chess_sux69","5","4","9"
"chess_time27","6","3","9"
"chess23789","4","5","9"
"ChessAddict94765","4","5","9"
"chessboy2800","5","4","9"
"Chesscardz","4","5","9"
"chesscoach_am","5","4","9"
"Chesscoder32","5","4","9"
"ChessDana","3","6","9"
"ChessDaniel2304","5","4","9"
"ChessDarkForce","5","4","9"
"ChessEducations","5","4","9"
"chessfamily1304","5","4","9"
"chessfighter777","5","4","9"
"chessgvr","5","4","9"
"chessinfro","4","5","9"
"chessjer","5","4","9"
"ChessKnight_23","5","4","9"
"ChessKrieger","5","4","9"
"chesskwondo","4","5","9"
"ChessLix1000","6","3","9"
"chessm3g1c","6","3","9"
"chessmaster010","5","4","9"
"Chessmaster30000","4","5","9"
"cHeSsNoOb713","5","4","9"
"chessologer","4","5","9"
"chessparov15","5","4","9"
"chessplay251","4","5","9"
"chessplayer000777","5","4","9"
"chessplayer101014","4","5","9"
"Chessplayer1994","4","5","9"
"chessplayer222221","5","4","9"
"ChessRelaTeD","5","4","9"
"Chessrustam","5","4","9"
"Chessstar345","4","5","9"
"chesstx","5","4","9"
"chessy1980","5","4","9"
"ChessZilla29","3","6","9"
"Chesticles89","5","4","9"
"Chewydotcom","5","4","9"
"chiara_fornara","5","4","9"
"Chickenkatsuu","4","5","9"
"Chickenwings2021","5","4","9"
"chiemmy","4","5","9"
"chimaydrink","5","4","9"
"chinchan","5","4","9"
"chindass","4","5","9"
"chingisZ","4","5","9"
"chingiz113","4","5","9"
"ChinoEloZero","5","4","9"
"chinorios_1998","4","5","9"
"chintansomani8","3","6","9"
"Chinuch37","3","6","9"
"ChlodwigMen","4","5","9"
"chock2099","4","5","9"
"chokemebaba","4","5","9"
"cholo76sdv","4","5","9"
"chramirezb","4","5","9"
"Chrchr3","4","5","9"
"CHriisTiian79","4","5","9"
"Chris-cb-Jr","4","5","9"
"Chrisauskoeln","5","4","9"
"chrispy2659","4","5","9"
"Chrissekrim","4","5","9"
"Christie7","4","5","9"
"Chrlstlan","4","5","9"
"chualexchu","4","5","9"
"chuck64","5","4","9"
"Chucky1110","4","5","9"
"chuenesolomon","4","5","9"
"chufica","5","4","9"
"chukdal","4","5","9"
"ChukFlej","5","4","9"
"chumb4w4mb4","5","4","9"
"Churles","4","5","9"
"Cihancihancihan","4","5","9"
"cimikool","4","5","9"
"cincinnat","5","4","9"
"CipanuC","4","5","9"
"Citadino","4","5","9"
"ciupito","4","5","9"
"cjb0796","5","4","9"
"ClarenceChess9382","4","5","9"
"clauni","5","4","9"
"Clavel","3","6","9"
"Cleglaw","5","4","9"
"CleitonInocente","4","5","9"
"clevelandian","5","4","9"
"CleverKenkz","5","4","9"
"clickk12","5","4","9"
"Cliudenor","4","5","9"
"clubtorrextorre","4","5","9"
"cmolina","3","6","9"
"cnn198","5","4","9"
"Cnvc","5","4","9"
"Cobberdog","5","4","9"
"cobraasimm","5","4","9"
"cocht","5","4","9"
"Cockluver","4","5","9"
"CocoRacingChess","6","3","9"
"cogitoyourgoson","5","4","9"
"Colby4","4","5","9"
"coldxy","5","4","9"
"CollectionOfMold","4","5","9"
"colonelcossack","4","5","9"
"Colren","6","3","9"
"coma1990","6","3","9"
"ComboMachine10","5","4","9"
"comrade1915","3","6","9"
"Concordian","5","4","9"
"congratulati0ns","4","5","9"
"connb","5","4","9"
"contern","4","5","9"
"cookie_kush","4","5","9"
"CoolicowNick","4","5","9"
"coolman7","5","4","9"
"coquinho","4","5","9"
"Corolla23","5","4","9"
"corytester","4","5","9"
"cosmic4z","3","6","9"
"costa3000","3","6","9"
"Costillares76","3","6","9"
"Covero_Filipado","4","5","9"
"cowguru2000","3","6","9"
"coxabranca","4","5","9"
"cpcg12345","4","5","9"
"cpk10","5","4","9"
"CR2010","4","5","9"
"craignull","5","4","9"
"Crawler70","3","6","9"
"crazy_derby_master","5","4","9"
"Crearlafiera","5","4","9"
"CREEEEP","4","5","9"
"creeper003","4","5","9"
"Creepy_Raven","4","5","9"
"crevettedecuir","3","6","9"
"CrimeFightingSpider","4","5","9"
"crisgold","4","5","9"
"cristhianconforme","4","5","9"
"cristinac09","5","4","9"
"CriticalBrain","2","7","9"
"crlolas","5","4","9"
"croissantlover34","3","6","9"
"crooswijk","4","5","9"
"CrossfaceX","4","5","9"
"CRUZTAN","4","5","9"
"cshoe","4","5","9"
"CSR79","5","4","9"
"ctarbook","5","4","9"
"ctate22","4","5","9"
"CubsFan310","5","4","9"
"cucchi98","4","5","9"
"curious_panda","5","4","9"
"D_G_A","5","4","9"
"D-U-D-E1","4","5","9"
"d0_ob","4","5","9"
"D3ffy","4","5","9"
"dabigpig","5","4","9"
"Daddy_o37","5","4","9"
"Daddynis","4","5","9"
"Dagoth_Ur","4","5","9"
"DaGrusl","5","4","9"
"DailyCh355Burn3r","5","4","9"
"Daithly","5","4","9"
"dalekovperedi","5","4","9"
"Daler_Ashrapov","4","5","9"
"DalgatovR","5","4","9"
"Dama_king01024","4","5","9"
"dama_master","4","5","9"
"DamarFF","4","5","9"
"DamianEL","4","5","9"
"damien67","4","5","9"
"danamoult","5","4","9"
"DancingPhalanges","5","4","9"
"DanDan2016","4","5","9"
"Dandan2826","5","4","9"
"dandiniinnj","4","5","9"
"danevans","4","5","9"
"Dani_gch21","5","4","9"
"DANIEL_BAYLOSIS2","4","5","9"
"DanielACO","4","5","9"
"DanielNajeraRuiz","5","4","9"
"danielvali","6","3","9"
"DaniilDante","4","5","9"
"DaniilIk","6","3","9"
"Daniis","5","4","9"
"danilivanov","4","5","9"
"danilo_2011","5","4","9"
"danilo1979","4","5","9"
"Danjrosen99","4","5","9"
"Danlord","5","4","9"
"danmanwithavan","4","5","9"
"Dann_Luna","4","5","9"
"Danrey","5","4","9"
"Dante1899","4","5","9"
"dante64","5","4","9"
"DanteCreepOtama","5","4","9"
"danteusd","4","5","9"
"Dapipe32","4","5","9"
"dara2021","6","3","9"
"Dareios83","4","5","9"
"dargotty","4","5","9"
"DarioRuiz","5","4","9"
"dariuss","5","4","9"
"dark_admiral098","4","5","9"
"DARK_NINJAX","4","5","9"
"dark3y","4","5","9"
"Darka20","5","4","9"
"DarkoCG","4","5","9"
"DarkRequiem","4","5","9"
"DarkWingDuck17","4","5","9"
"DARNICE","4","5","9"
"DARNS","4","5","9"
"Darrel143","5","4","9"
"Darren_d","6","3","9"
"Darsh69","4","5","9"
"darwinsbullydog","5","4","9"
"dasistkaput","4","5","9"
"Daubap","5","4","9"
"Davad123","5","4","9"
"davalope","5","4","9"
"dave-23","4","5","9"
"daversoft","4","5","9"
"Davesand","4","5","9"
"davicarvalho","5","4","9"
"David_ragnar","4","5","9"
"david-rass","3","6","9"
"David14245","5","4","9"
"David2604","4","5","9"
"David67000","4","5","9"
"davidduranc17","5","4","9"
"davidogbodfog","5","4","9"
"DAVIDOVIEDO","5","4","9"
"davidrag","4","5","9"
"davidschilling","4","5","9"
"davitglontiia","5","4","9"
"davo2610","5","4","9"
"davvson","4","5","9"
"Daxelarn","5","4","9"
"DayandKnight1","4","5","9"
"dbgamer","4","5","9"
"dbiryukov2013","4","5","9"
"Dbspartan","5","4","9"
"DC74","5","4","9"
"dchilders","4","5","9"
"De1f","5","4","9"
"de300","4","5","9"
"deandonald1234","5","4","9"
"deanshanahan","4","5","9"
"dear_Ahmad","4","5","9"
"Deaven_Luis","5","4","9"
"debaldes","4","5","9"
"Deece","3","6","9"
"deepakU","4","5","9"
"DeerHunterTrot","4","5","9"
"Def1ant","5","4","9"
"Defaultnn","3","6","9"
"definitelynottheory","4","5","9"
"Defragmentator","4","5","9"
"DeggiNat","4","5","9"
"Deichhoernchen","4","5","9"
"Deimoswolf","4","5","9"
"delanowalk","4","5","9"
"DeleSuper","4","5","9"
"Delete_samay","4","5","9"
"delici44","4","5","9"
"delmato","4","5","9"
"delriver","4","5","9"
"deltakappa28","5","4","9"
"DeMcy","5","4","9"
"demento1337","4","5","9"
"demettrius","4","5","9"
"Demiglas","5","4","9"
"demirdoruk08","5","4","9"
"Demiurge_Z","2","7","9"
"Demiurgeen","5","4","9"
"DemonReincarnation","5","4","9"
"demsasha","4","5","9"
"DemuraTundra","5","4","9"
"Den4is","4","5","9"
"Denis993","5","4","9"
"DenisKhodko","4","5","9"
"DenisNazarov","5","4","9"
"Denisson","4","5","9"
"Deniz_001","5","4","9"
"Deniz89Berlin","4","5","9"
"denizsd","5","4","9"
"denizuygur","5","4","9"
"Denker0822","3","6","9"
"DennesTorres","4","5","9"
"DenOnline","4","5","9"
"Depinay","4","5","9"
"derekdio","5","4","9"
"DerGaertnerWars","5","4","9"
"DerKopf","3","6","9"
"deroge","4","5","9"
"desekant","5","4","9"
"Deshevoe_povidlo","5","4","9"
"DesolateSpace","5","4","9"
"Detective_Trap","6","3","9"
"devansh259","5","4","9"
"devarajd","4","5","9"
"DeviatorZa","4","5","9"
"DevriiM","4","5","9"
"dewaranch","5","4","9"
"Dewlir","4","5","9"
"Dexie","5","4","9"
"Dhani_rigby","4","5","9"
"Dhavlos","4","5","9"
"Dhfvh","5","4","9"
"DhruvyChaudhary","4","5","9"
"dht44","5","4","9"
"Diaa1990","4","5","9"
"Diabloculo","4","5","9"
"diadia768","4","5","9"
"Dibya77777","6","3","9"
"Diego_Espejo","5","4","9"
"diego1983torres","5","4","9"
"DiegoCarbone","5","4","9"
"diegolov98","4","5","9"
"diepketoan99","5","4","9"
"Diffe","4","5","9"
"Different-1","4","5","9"
"dikikardes","5","4","9"
"Dima243","4","5","9"
"Dimakos","4","5","9"
"dimand","3","6","9"
"dimarik2584","5","4","9"
"dimas5731","4","5","9"
"DimaSchmidt83","5","4","9"
"Dimionee","5","4","9"
"DimitrisDG93","3","6","9"
"Dimitrovgrigor","4","5","9"
"DimonLimon1406","6","3","9"
"DimPit","3","6","9"
"DINAA3","4","5","9"
"dinosaurromance","4","5","9"
"Dipichona","5","4","9"
"dippambaby","5","4","9"
"Diriog","4","5","9"
"dirtykillah","4","5","9"
"DirtyRamires","5","4","9"
"Disaso","5","4","9"
"diskox","5","4","9"
"disschess","6","3","9"
"Ditokusu","5","4","9"
"ditsche123","4","5","9"
"DivinityMiter","5","4","9"
"dizazta2","5","4","9"
"Dj_eno","4","5","9"
"dj3113","5","4","9"
"DjIcaroFurtado","5","4","9"
"Djilhom75","4","5","9"
"djisamsoe_refill","5","4","9"
"DJLinky","4","5","9"
"DJTiesto","4","5","9"
"dkchessman","5","4","9"
"DKCZ","5","4","9"
"dklc","6","3","9"
"dksww","4","5","9"
"DlugiCz","5","4","9"
"DM_Rainking","4","5","9"
"DMC82","5","4","9"
"Dmitri7500","6","3","9"
"Dmitry_Gladkikh","5","4","9"
"DmitryMazanchenko","4","5","9"
"DmitrySakhalin","4","5","9"
"DmitrySvetly","5","4","9"
"DmitryVNaumov","3","6","9"
"DMTCello","5","4","9"
"dmtom","5","4","9"
"DMTR0","4","5","9"
"dnAers","5","4","9"
"dnilb","4","5","9"
"doash","5","4","9"
"Dobbler","4","5","9"
"dobla87","6","3","9"
"Dobro48","5","4","9"
"DocSugar","5","4","9"
"doctor1112","5","4","9"
"Dodol70","5","4","9"
"Dodon111","4","5","9"
"Dofus_2020","5","4","9"
"DogAttack","4","5","9"
"dogonbb","4","5","9"
"Dokrzz","4","5","9"
"DominicBB","6","3","9"
"Domunim","4","5","9"
"Domynic_D","5","4","9"
"DonBee","4","5","9"
"Donilo","4","5","9"
"donmaisa","3","6","9"
"donmez_erdi77","4","5","9"
"donnyerikson","5","4","9"
"donpunz","6","3","9"
"Dorn81","4","5","9"
"dosamosa","4","5","9"
"dosto666","5","4","9"
"dot_product","3","6","9"
"dothanhtoan123","4","5","9"
"doygv","4","5","9"
"doyouevenvapebro","4","5","9"
"dr_dre08","4","5","9"
"Dr_Hik","6","3","9"
"Dr-Gehad7","5","4","9"
"Dr-Steven-Brule","6","3","9"
"DracoMalfang","4","5","9"
"drago2100","5","4","9"
"Dragomirna","5","4","9"
"dragonchess76","3","6","9"
"DragonJoey3","4","5","9"
"Drajhounet","5","4","9"
"DrakstiX","5","4","9"
"Dralexanyan","5","4","9"
"drangundsturm","5","4","9"
"drardur","5","4","9"
"Draw-Prince","5","4","9"
"Draxler66","4","5","9"
"DRC99","4","5","9"
"Dre79","4","5","9"
"dreadknights83","6","3","9"
"dreaty","5","4","9"
"Dredd11","4","5","9"
"drexter22","3","6","9"
"DrFaustus","4","5","9"
"DrFilthy","4","5","9"
"DrGandalf","3","6","9"
"DrGasThief","5","4","9"
"DRigual","5","4","9"
"Drjobas","5","4","9"
"drkk_72","3","6","9"
"drmgk","5","4","9"
"drofheaven","5","4","9"
"Drollest","4","5","9"
"drop42i","4","5","9"
"DrOrdealistein","4","5","9"
"DrosophilaXY","4","5","9"
"DRPITON","4","5","9"
"drruma","4","5","9"
"drshatranj","6","3","9"
"drugson007","6","3","9"
"Drugstorerockstar","4","5","9"
"DrumevBG","5","4","9"
"Drunken_Sailor_STRFR","5","4","9"
"DrYesA","5","4","9"
"ds714","5","4","9"
"DS7755","3","6","9"
"DSADADSAD","3","6","9"
"dsamorod","4","5","9"
"DSCBlfd","7","2","9"
"Dshetty","5","4","9"
"dstathis","5","4","9"
"DTH58","5","4","9"
"dtoriginal","5","4","9"
"dtr9","4","5","9"
"DTriyanto_SumutII","5","4","9"
"Duarthe","5","4","9"
"DubiousChess","3","6","9"
"Dubside","4","5","9"
"Ducatez","3","6","9"
"duck223","5","4","9"
"dudeswannadie","4","5","9"
"Dududule","4","5","9"
"dulanchandra","4","5","9"
"dumasvb","4","5","9"
"DumbyChessKnight","5","4","9"
"dunhi","4","5","9"
"dunkelemo","4","5","9"
"durodemollera","3","6","9"
"DusanMatic1","4","5","9"
"dusanmotors","4","5","9"
"dushyantashu","6","3","9"
"dutchdark","4","5","9"
"DvachLegion","5","4","9"
"DVM-lol-2022","3","6","9"
"DwyaneTheRock","4","5","9"
"dz_pro","5","4","9"
"DZHAMAY","5","4","9"
"dZhirihin","4","5","9"
"e_ge","5","4","9"
"eagle13","4","5","9"
"eaglecastle","4","5","9"
"eaguilar_TEP","4","5","9"
"EarlyDad","4","5","9"
"easic","4","5","9"
"Easypeasy69","5","4","9"
"eazy43","4","5","9"
"EBH38","5","4","9"
"ebilcandy","5","4","9"
"Ebrahim354","5","4","9"
"Echopractic","5","4","9"
"Ecuakandy","4","5","9"
"eddieburn","3","6","9"
"EddyBlouff","5","4","9"
"EddyTwoShoes","5","4","9"
"Edelbird","4","5","9"
"Edgar_Arroyo","4","5","9"
"edimar","4","5","9"
"EDLH22","4","5","9"
"EDU35","5","4","9"
"EduardoVideojueguil","5","4","9"
"edudavid_D","4","5","9"
"Edwardforkhands","5","4","9"
"edwin1975","4","5","9"
"EdwinCristales","4","5","9"
"ee_37","5","4","9"
"efac05","5","4","9"
"efeghost","6","3","9"
"efmgdj","5","4","9"
"eforbia","5","4","9"
"egavro","4","5","9"
"egaydnn","3","6","9"
"EgilsDrups","5","4","9"
"egliwegli2","3","6","9"
"Egor-10","5","4","9"
"EgorBR","3","6","9"
"EgorTomsk","5","4","9"
"Egr1337","5","4","9"
"egyptiansungod","3","6","9"
"EgyWael","4","5","9"
"egzaclee","5","4","9"
"ehadzic","5","4","9"
"ehsan699z","5","4","9"
"ehsanfatahi","5","4","9"
"EhsanSarayloo","4","5","9"
"Eifelyeti","4","5","9"
"eilqw","4","5","9"
"EinhornN","5","4","9"
"EivindEE","4","5","9"
"ekaknr2015","4","5","9"
"ekarmanize","4","5","9"
"EkmekChess","6","3","9"
"Ekonthung","5","4","9"
"Ekstrim","5","4","9"
"El_Caricuao","4","5","9"
"el_mechitas_2100","5","4","9"
"elacayayou","5","4","9"
"Eladioburgos118244","5","4","9"
"ElAlfilDistraido","6","3","9"
"Elbabuchas","5","4","9"
"elbasy_alga","5","4","9"
"Elcee03","5","4","9"
"ElCidCampeador","6","3","9"
"elderado46","6","3","9"
"Eldoctorrrr","4","5","9"
"Electryx","4","5","9"
"elemef","5","4","9"
"elephant1","5","4","9"
"Elevul_Dima","4","5","9"
"ElGuAyAbAs","6","3","9"
"Elhassan_Mohamed_93","4","5","9"
"eliasoferreira","5","4","9"
"elilana17","5","4","9"
"elimtaft","4","5","9"
"Eliseu79","6","3","9"
"Elishoam","5","4","9"
"elizabeth_milla","5","4","9"
"eljarno","3","6","9"
"Elkadii","4","5","9"
"elkhadragy2016","5","4","9"
"elmaistro","5","4","9"
"Elnur_007","4","5","9"
"Elo1970","3","6","9"
"elshbrawy1","6","3","9"
"ElTazo","4","5","9"
"elvill","4","5","9"
"EMAD87Sarwat","4","5","9"
"EmanuelDerecho","6","3","9"
"emanuelmv11","6","3","9"
"embutido","5","4","9"
"Emersonmitchel","3","6","9"
"emigrant43","5","4","9"
"EmilGrand204","3","6","9"
"emilianoperuzzi","4","5","9"
"emiunsaic","4","5","9"
"Emmagency","5","4","9"
"EmmanuelCornejo","6","3","9"
"Emmy-Teez","4","5","9"
"emperator23","5","4","9"
"Emrah9606","5","4","9"
"Emraks","4","5","9"
"emreswe123","4","5","9"
"EMS16","5","4","9"
"Ender12345","3","6","9"
"endrawes0","5","4","9"
"Enesbbb","5","4","9"
"enginkoc44","5","4","9"
"engryberds","6","3","9"
"Enjoytimechess","5","4","9"
"Enkoboy83","5","4","9"
"Enricito","4","5","9"
"EnricoXP","5","4","9"
"Ente9","4","5","9"
"entermemo","3","6","9"
"Entlebucher","4","5","9"
"ENTROPY_01","5","4","9"
"EnverBey_1922","4","5","9"
"enxadristaemj","5","4","9"
"EnzoRavi18","5","4","9"
"Eone347","5","4","9"
"EphraimDerWeise","5","4","9"
"epic_comeback","4","5","9"
"Epithes1","4","5","9"
"eraserheadbaby","4","5","9"
"ErdalTurkey","6","3","9"
"Erdolet76","4","5","9"
"eren_2-Ghost","4","5","9"
"Eren_yaeger1","4","5","9"
"Eren_yuvarlakta2","5","4","9"
"EREN121416","4","5","9"
"erenn679","4","5","9"
"erfandaneshvar112","5","4","9"
"Erfanmmm","5","4","9"
"Ericfortune","6","3","9"
"Erich_Ataupah","4","5","9"
"Erich1982","5","4","9"
"Erico_Alves","2","7","9"
"ericx00","5","4","9"
"ERINC666","5","4","9"
"ERIZO_30","5","4","9"
"erlein","4","5","9"
"errass","5","4","9"
"ertan77","4","5","9"
"ErVisconte","5","4","9"
"Erytropoetyna","5","4","9"
"escacs63","3","6","9"
"escanor1312","5","4","9"
"escayola15","5","4","9"
"esesshah","4","5","9"
"Eshasimuma","4","5","9"
"eshreke","5","4","9"
"esjulio2","3","6","9"
"Espenh","4","5","9"
"Espindan82","5","4","9"
"estoico1","5","4","9"
"et_bot","4","5","9"
"Et_chic_et_mat","6","3","9"
"Etecsa-7","5","4","9"
"etherealblade","5","4","9"
"Etienne_l","5","4","9"
"etipou","4","5","9"
"etrahnas","3","6","9"
"ettorino99","4","5","9"
"etyu86","5","4","9"
"eu72","4","5","9"
"euanos","4","5","9"
"Eugg83","5","4","9"
"Eurus1995","5","4","9"
"even_worse","4","5","9"
"evennuez","3","6","9"
"Evenson20","4","5","9"
"eversantoro","6","3","9"
"EVG3CHESS","4","5","9"
"Evgenii1976","4","5","9"
"evGENIY_RUSSIA","4","5","9"
"Evgeny0908","4","5","9"
"EvgenyVasilenko","4","5","9"
"Evgeshka","4","5","9"
"Evil_Crusher123","5","4","9"
"evildarkknight","5","4","9"
"evran33","5","4","9"
"Evro02","4","5","9"
"exception05","5","4","9"
"Excolodon","4","5","9"
"Excuse1905","4","5","9"
"Execore","4","5","9"
"ExecutionerRF","4","5","9"
"ExJovenPromesa","5","4","9"
"exspin","5","4","9"
"EXtINg0R","5","4","9"
"eyelet2002","5","4","9"
"Ezinez","4","5","9"
"EzioPaglia","4","5","9"
"EZwinForU","5","4","9"
"F-Dee","4","5","9"
"F00dchain","4","5","9"
"F1l1pp0Ast0l1","5","4","9"
"f4rukflix","4","5","9"
"fabaf","4","5","9"
"FACA07","5","4","9"
"fadilnizar808","4","5","9"
"fady_samer","4","5","9"
"Fady-Sobhy","5","4","9"
"fahmawi7","4","5","9"
"Faints","5","4","9"
"FAIOSHARK","5","4","9"
"Faker_0","5","4","9"
"Fakrul123","4","5","9"
"Falcon1234","6","3","9"
"Falk_der_Echte","5","4","9"
"family-frendlyname","5","4","9"
"Fancoll","5","4","9"
"Fangneng","5","4","9"
"fanzil4646","4","5","9"
"FarahanAnuar","4","5","9"
"Fardin_Jahin_Akash","5","4","9"
"faresalex","4","5","9"
"farhad_ahadi","5","4","9"
"farhad9660","4","5","9"
"farhanraza_fr","4","5","9"
"farouty5","4","5","9"
"farsak","6","3","9"
"farzadAB","5","4","9"
"FasterThanKnight","5","4","9"
"fatherfost","5","4","9"
"Fathi123","4","5","9"
"Fathy01","5","4","9"
"fatihaltunyurt","5","4","9"
"Faulitemporary","5","4","9"
"FBF633","3","6","9"
"Fbuteler92","5","4","9"
"Fc_Manchester_City","4","5","9"
"fdhd2741","5","4","9"
"fdurass","5","4","9"
"FEAR10","4","5","9"
"Federco2001023141132","4","5","9"
"Federico_Convers","4","5","9"
"FedericoCamargo","5","4","9"
"FedoFelini","4","5","9"
"FedorovEV","5","4","9"
"fedpotoreserv","5","4","9"
"FEF13","5","4","9"
"FejoAjkula","4","5","9"
"felanicher","4","5","9"
"FelicianoRuiz","6","3","9"
"FelipeFloresFreije","5","4","9"
"Felipelr","5","4","9"
"felipemhl","5","4","9"
"felislwipe","5","4","9"
"feliuy","4","5","9"
"FelixDerDumme","5","4","9"
"FENIKS2004","3","6","9"
"Feodorious","5","4","9"
"Ferasallane","5","4","9"
"Ferdaper","4","5","9"
"Ferdinand5","5","4","9"
"ferfordk","4","5","9"
"ferhan_a","4","5","9"
"fernanditol","5","4","9"
"Fernando89435","4","5","9"
"fernandodocanto","5","4","9"
"Fernandogd","5","4","9"
"fernandomanfre","5","4","9"
"fernandoportel","4","5","9"
"Ferrarimarc","4","5","9"
"ferre-cuyo","4","5","9"
"Fesario","3","6","9"
"FewestPlacebo","4","5","9"
"ff66ff","3","6","9"
"ffshah","3","6","9"
"Fhrnht","4","5","9"
"Fiammetti","4","5","9"
"FiftyFourCymruBeats","6","3","9"
"figaseeee","4","5","9"
"FikQlata","3","6","9"
"fil55injector","4","5","9"
"filipe807","5","4","9"
"filipios","5","4","9"
"filippoare88","5","4","9"
"filozof76","4","5","9"
"FiniteGeist","5","4","9"
"finleyisbadatchess","5","4","9"
"Finsterling","4","5","9"
"firdevss","4","5","9"
"firefirefireICE","4","5","9"
"firehunter_ang","4","5","9"
"FirestarW","5","4","9"
"firstpawn","5","4","9"
"fitin","4","5","9"
"FlaaaG","4","5","9"
"Flaksnes","2","7","9"
"flamberge","4","5","9"
"Fletov","5","4","9"
"Flipflopkiller","4","5","9"
"flipioo","4","5","9"
"Flipper13","4","5","9"
"flittercoffee","5","4","9"
"Flo_rian","5","4","9"
"Flocco","5","4","9"
"Flonou","4","5","9"
"FloppyFlop","4","5","9"
"Florian2000","4","5","9"
"FlorianMB","5","4","9"
"FlowState1337","4","5","9"
"floyding","4","5","9"
"fluxion","5","4","9"
"flyguille","5","4","9"
"Flyingfox30","5","4","9"
"focuswow","5","4","9"
"fogs92","4","5","9"
"Fohlenspringer1","4","5","9"
"foopy22","4","5","9"
"Fora_Temer","4","5","9"
"forestghosts","5","4","9"
"ForkerSipahi","6","3","9"
"ForkNication","6","3","9"
"FormaMjutant","5","4","9"
"formica09","5","4","9"
"fornax-engine","4","5","9"
"fortodo","5","4","9"
"Forzeti","4","5","9"
"FossieSeKind","4","5","9"
"Fourseven","4","5","9"
"fowiny","5","4","9"
"Foxmalder777","4","5","9"
"FozhwaN","5","4","9"
"Fragranticaa","4","5","9"
"Fran_Peru","5","4","9"
"Francarvilla","5","4","9"
"Francis-T-J","5","4","9"
"Franken112","4","5","9"
"frankonid","5","4","9"
"frankrods","4","5","9"
"fraternity25","4","5","9"
"frebe","4","5","9"
"Fredmaier","5","4","9"
"Freecee","4","5","9"
"Freezenwill","5","4","9"
"FreeZIng101","5","4","9"
"freezo_2","4","5","9"
"freidoon-mohammadnia","5","4","9"
"French_London","5","4","9"
"FrenchDD","5","4","9"
"freshchoice","4","5","9"
"Freshnfried","5","4","9"
"FRGK","5","4","9"
"fridagalactica","5","4","9"
"frideriko_123","3","6","9"
"Friendly_Foe","4","5","9"
"friesia","3","6","9"
"Fritz61","7","2","9"
"fritzie1","5","4","9"
"fromthedark","5","4","9"
"frootloopsftw","6","3","9"
"frotfrott","4","5","9"
"FrozenSpyda","5","4","9"
"fruits_ideas","2","7","9"
"fruyu","3","6","9"
"fstrr","4","5","9"
"FT_G","5","4","9"
"fujimanalao","5","4","9"
"FujimiRonin","5","4","9"
"fulgida","5","4","9"
"FULLFXCUS_PLAY3R","3","6","9"
"fullpott","4","5","9"
"furakn","5","4","9"
"furkan0167","4","5","9"
"Furkanciftci","5","4","9"
"FurkanDnmz","5","4","9"
"Furkanjinuk","4","5","9"
"Furkilenta","5","4","9"
"Furkqn_kcbas","5","4","9"
"futbolistas","5","4","9"
"FxKn","4","5","9"
"fxlse","5","4","9"
"G_Fawkes","5","4","9"
"g-a-l-t-r-a-n","5","4","9"
"g-sty","5","4","9"
"G1910","5","4","9"
"G7Yash","4","5","9"
"gaana","3","6","9"
"Gabbajabba","5","4","9"
"gabbar_7","4","5","9"
"gabbergandalf","5","4","9"
"gabi2022","5","4","9"
"gabibrunetti","5","4","9"
"gabriellesbiano","5","4","9"
"gadams13","4","5","9"
"GAH06","5","4","9"
"GAHIMODUSO","5","4","9"
"Galaxo","4","5","9"
"Galerna","4","5","9"
"galkin11","4","5","9"
"GambitsTacticsOpen","4","5","9"
"Gamebred_0","4","5","9"
"gamorales17","3","6","9"
"GAMY_OP","5","4","9"
"ganeshraja","4","5","9"
"Gar3oun","5","4","9"
"Garapuz","4","5","9"
"Gares","4","5","9"
"gargam3l","5","4","9"
"Gastunen","5","4","9"
"gat123","4","5","9"
"gatoluz","4","5","9"
"gautamudr","4","5","9"
"GAVADFALLAHI58","4","5","9"
"gavina11","4","5","9"
"Gavr-steed","5","4","9"
"gawnis","4","5","9"
"gazzamega","4","5","9"
"gclav","6","3","9"
"gconway55","5","4","9"
"Geay","5","4","9"
"GeertHelden","5","4","9"
"geeseProtector","4","5","9"
"gehrig_machinima","4","5","9"
"Geier66","4","5","9"
"geknechtet","5","4","9"
"GelheleGelhele","4","5","9"
"gelman01","4","5","9"
"Gelo_Fullo","5","4","9"
"generic-name-nbr2","5","4","9"
"Genesis_lil_gk","4","5","9"
"GenialGandalf","5","4","9"
"Genoni2021","4","5","9"
"George6r4","4","5","9"
"Georgemate","4","5","9"
"Georguy","5","4","9"
"gerardob","4","5","9"
"gerdem233610","4","5","9"
"germster","6","3","9"
"Geronaux","4","5","9"
"GeTs","5","4","9"
"gfrfrjikhyfhrsdcer","4","5","9"
"GG613","5","4","9"
"Gh0stiko","5","4","9"
"Ghabyow","5","4","9"
"ghk4","4","5","9"
"ghosterkz","6","3","9"
"GhostShell13","4","5","9"
"GhostyNoob","5","4","9"
"giancarlocheli5363","5","4","9"
"GIGI-11","5","4","9"
"gilberto27","4","5","9"
"gillesnassar","6","3","9"
"giner_master","5","4","9"
"gingerlemon","5","4","9"
"Gio0829","4","5","9"
"giomonza","5","4","9"
"gipp","5","4","9"
"girihaji143","3","6","9"
"girogiro21","5","4","9"
"GirthyIntruder","4","5","9"
"GKKATHRIN","4","5","9"
"GloomLizard","5","4","9"
"gloryhunter10","5","4","9"
"Gloryqr","4","5","9"
"Gloryson","4","5","9"
"Glumele","5","4","9"
"Gluskap61","5","4","9"
"GMcbk","4","5","9"
"gmcyborek","4","5","9"
"gmdiegor","6","3","9"
"gmeyues","4","5","9"
"gminthefuture","6","3","9"
"gmloadin","5","4","9"
"gmsaad","4","5","9"
"gmsirin","4","5","9"
"GN567","5","4","9"
"gneasaerach","5","4","9"
"Go2Hel","4","5","9"
"goatsmmugler","4","5","9"
"godze1256","4","5","9"
"Goebv","4","5","9"
"gogi95","4","5","9"
"gogokrohne","5","4","9"
"gohuskers2222","4","5","9"
"Gojo17","5","4","9"
"GOKSU17","4","5","9"
"gol2don","5","4","9"
"gonimauleon","5","4","9"
"goodbyemf","4","5","9"
"Goofyfriend","5","4","9"
"Gooier34","4","5","9"
"Gor116","5","4","9"
"gorado","4","5","9"
"GorakshaNath","5","4","9"
"goringrib","5","4","9"
"gorlov_n_d","4","5","9"
"gosant12345","3","6","9"
"Goty16","5","4","9"
"gourav_gambit","4","5","9"
"GPinhao","4","5","9"
"Gr0dmar","5","4","9"
"Grandaa1970","4","5","9"
"grandganjaman","5","4","9"
"Grandmasterreturn","4","5","9"
"grandoku","4","5","9"
"Grangerardo","3","6","9"
"graphitash","4","5","9"
"gravec","5","4","9"
"Greatjon","5","4","9"
"Greatoberfuzzy","4","5","9"
"Grebas","4","5","9"
"GreenDragon37","5","4","9"
"GreenKnigth","5","4","9"
"GregBob7","5","4","9"
"gregor_g4","5","4","9"
"gregoria","5","4","9"
"Gregory_Yazev","3","6","9"
"Grga95","4","5","9"
"grigorkoko","5","4","9"
"grigoryan1982_2016","5","4","9"
"Grizzbouille","5","4","9"
"grob228_1","2","7","9"
"grom0199","5","4","9"
"GromGnom","5","4","9"
"Gromm16","4","5","9"
"grovervasquezgva","5","4","9"
"grsvl","5","4","9"
"grunerschleim","4","5","9"
"GRUZIN1982","4","5","9"
"grzegorzwegorz5","4","5","9"
"GTBchess","4","5","9"
"guarico01","4","5","9"
"Gubur","4","5","9"
"guelcuea","4","5","9"
"GuerillaTaktix","4","5","9"
"Guido0","4","5","9"
"GuKpEnrico","4","5","9"
"gulam829144","5","4","9"
"Gulru_Ozgur","4","5","9"
"gumaky","4","5","9"
"gumman93","4","5","9"
"Gundogankerem","4","5","9"
"gunrei","5","4","9"
"GurgenONE","6","3","9"
"Guuude","3","6","9"
"GuzmanChess","5","4","9"
"GXNIGHTMARE6546","6","3","9"
"Gyatei","5","4","9"
"h_buzz77","4","5","9"
"H_Faltermeyer","4","5","9"
"h_happy-14","5","4","9"
"h-hamdy","5","4","9"
"H02chess","6","3","9"
"H3110FR7End","4","5","9"
"h3r1","4","5","9"
"habibnurmagomedov","5","4","9"
"habibullah_2023","5","4","9"
"HackAttack101","4","5","9"
"Hackbond","2","7","9"
"hadeed","3","6","9"
"hadic","4","5","9"
"hadisaavar","5","4","9"
"hadyshamseldeen","4","5","9"
"hafssa_02","5","4","9"
"hai_diva","5","4","9"
"Haiderovic","4","5","9"
"hajaaf","5","4","9"
"hakan0658","5","4","9"
"Hakanalp02","5","4","9"
"hakeem_aouf","4","5","9"
"HakkariLee","4","5","9"
"Halilefe1986","5","4","9"
"HaloBaby","4","5","9"
"halumi","3","6","9"
"halushko8","5","4","9"
"HamBoneMcGee","4","5","9"
"Hamdi2012","6","3","9"
"Hamid31","5","4","9"
"Hamlet69","4","5","9"
"hammihill","4","5","9"
"Hamza222","4","5","9"
"HandicapGiver","4","5","9"
"hangmypawn12","4","5","9"
"hankook1974","4","5","9"
"Hanndy","4","5","9"
"Hannibal777","4","5","9"
"hanno09","4","5","9"
"hanschessmaipu","5","4","9"
"HansGustav","4","5","9"
"Hansi2","5","4","9"
"Hanumanbhak","5","4","9"
"Hanyman-7","4","5","9"
"hanzsurewin","5","4","9"
"happydmitry","6","3","9"
"HappyStep","4","5","9"
"Harbicht","4","5","9"
"HARD_B-B-B-BASSSSS","5","4","9"
"Hardrochade","5","4","9"
"Hardrockcafe","5","4","9"
"Harini29","5","4","9"
"harlam","4","5","9"
"Harmek","4","5","9"
"harrynac24","4","5","9"
"Harsh028","5","4","9"
"Hartwig14","4","5","9"
"HarutHarut2008","4","5","9"
"has_r","5","4","9"
"hasankaan","5","4","9"
"Haseeb_k","4","5","9"
"Hashimali1997","4","5","9"
"HashtagPBR","6","3","9"
"Hassan1001_chess","5","4","9"
"Hasselbro","3","6","9"
"Hassen-med","4","5","9"
"Hastaelmar","4","5","9"
"Hatchett13","3","6","9"
"hathi89","4","5","9"
"hauseplanet","6","3","9"
"Havart_812","4","5","9"
"Hawellin","4","5","9"
"Haykaram_2003","5","4","9"
"HazarD80","4","5","9"
"hazza3576","4","5","9"
"hba4817","4","5","9"
"hbkmadness","6","3","9"
"hbones","4","5","9"
"hdmackay","5","4","9"
"he_42187","5","4","9"
"heeroyuwee","5","4","9"
"Heidarjoon","5","4","9"
"Heiligsblechle","4","5","9"
"hellAwaits","5","4","9"
"Hellron","5","4","9"
"Helltrekker","5","4","9"
"heltkron","3","6","9"
"Hemid036h","4","5","9"
"Hempie01","5","4","9"
"HemraJBanthia","4","5","9"
"hendi-subang","5","4","9"
"Hennelore","3","6","9"
"henrix77","3","6","9"
"HenryRhy","4","5","9"
"Herakleides","5","4","9"
"herby12","5","4","9"
"Herissonmignon","4","5","9"
"hernan55","5","4","9"
"HerrZimmer","5","4","9"
"Hessesian","5","4","9"
"Hestradaro","5","4","9"
"hewes_uk","4","5","9"
"hfrances","5","4","9"
"hgfhgfhfh","4","5","9"
"hgir","4","5","9"
"HiddenPathway","5","4","9"
"HidenMarcel","4","5","9"
"HighAndKnighty","4","5","9"
"HighMickey","4","5","9"
"Hihabibi","4","5","9"
"hihi2k10","4","5","9"
"Hikam_Athoillah_6710","4","5","9"
"HikaragnusNacarlsen","5","4","9"
"Hikaru_Tal","5","4","9"
"Himal13","5","4","9"
"himfizmat","5","4","9"
"himicanuck","4","5","9"
"HiMx","6","3","9"
"HippoInMud","5","4","9"
"Hirohito_Ayasaka","5","4","9"
"historyjordan16","6","3","9"
"Hitesh112","4","5","9"
"hkf57","4","5","9"
"hknkrdr","5","4","9"
"HKoushikk","4","5","9"
"Hmtzdn","6","3","9"
"Hoarmurath","3","6","9"
"hoffoo","4","5","9"
"hogbroccoli","5","4","9"
"hohotun0707","4","5","9"
"hokiesalldaway","5","4","9"
"holdmybier","4","5","9"
"holla_bro","4","5","9"
"hOlYsPrIt_21","5","4","9"
"Homatte","5","4","9"
"HomelessGodd","3","6","9"
"HomeroSs","5","4","9"
"honzin","4","5","9"
"horton9","5","4","9"
"Hosna13931393","5","4","9"
"Hospitaletinfant","4","5","9"
"Hossam_Khalaf","5","4","9"
"Hotavya","5","4","9"
"Hotelschach","5","4","9"
"Hotstyx","3","6","9"
"houda1234","8","1","9"
"Houdini776","3","6","9"
"howisyourprocess","4","5","9"
"HowToMovePieces","5","4","9"
"hrishikeshshekhar","4","5","9"
"HrnKrt","5","4","9"
"hs_66","4","5","9"
"hshhshsgshsn","4","5","9"
"hsk_96","5","4","9"
"Hub1","5","4","9"
"huberthetman","4","5","9"
"Hublet","4","5","9"
"hudrubulus","5","4","9"
"hueronimo","6","3","9"
"HugIsTaken","5","4","9"
"huib1981","5","4","9"
"huimaus3","4","5","9"
"humandistruction001","5","4","9"
"Humberley","5","4","9"
"HumphreyM","4","5","9"
"Humpty79","4","5","9"
"HunchoThe3rd","6","3","9"
"HundesHund","5","4","9"
"HundredYearsOld","6","3","9"
"hurakoza","4","5","9"
"huseyinsahut","4","5","9"
"Husky01","5","4","9"
"husseinakhdar","5","4","9"
"Hut512","3","6","9"
"Hutudan","3","6","9"
"huydrg10","5","4","9"
"huypham429","4","5","9"
"HVAC_Fire","4","5","9"
"Hvca_mota","5","4","9"
"hwy","5","4","9"
"HYEBINMOMOLAND","5","4","9"
"I_3SMaN","5","4","9"
"I_aM_Javiiiiii","6","3","9"
"I_am_tu_papi","4","5","9"
"I_Awareness","5","4","9"
"I_love_THC","4","5","9"
"I_nob","5","4","9"
"IamCarlsenfan","5","4","9"
"iamdharmachevli","3","6","9"
"IamGroot111","3","6","9"
"IamNoob420","4","5","9"
"iAmNotMagnusCar","4","5","9"
"iamsyed69","5","4","9"
"ibarZakarie","4","5","9"
"iberieli1","4","5","9"
"ibicenco","4","5","9"
"ibrahimadly","4","5","9"
"ibrahimdev","4","5","9"
"ibramam8","4","5","9"
"IcedTea303","4","5","9"
"IckyEldrich","4","5","9"
"Icyhell","5","4","9"
"ideapad","4","5","9"
"Ig3509","4","5","9"
"iggedi","4","5","9"
"igh3","5","4","9"
"igiss_yana","4","5","9"
"iglegui","3","6","9"
"Igooor2706","5","4","9"
"igor_68","7","2","9"
"igor4ik2006","5","4","9"
"IGOR54","3","6","9"
"IgorVel","5","4","9"
"ihaveapinner","4","5","9"
"ihavefool","4","5","9"
"IIJohnconstantine1","5","4","9"
"iisshh1","5","4","9"
"ijarvish","5","4","9"
"ikareo","5","4","9"
"ikiLLer1337","3","6","9"
"ikkki","5","4","9"
"iknow_whoami","5","4","9"
"ikurai","5","4","9"
"ilbradipo","5","4","9"
"ILELF","4","5","9"
"ilhanyahoo","5","4","9"
"ilia_kabran","5","4","9"
"ilia_var","4","5","9"
"iliya10","6","3","9"
"ilker11","3","6","9"
"ilovearqnygaluska","5","4","9"
"iloveasiansandGT3s","4","5","9"
"ilyakarepov","4","5","9"
"Ilyalosin","5","4","9"
"Ilyas019","5","4","9"
"Imagine_Loosin","5","4","9"
"imitrcz","4","5","9"
"ImraneZiad19","4","5","9"
"ImronKing","4","5","9"
"Imroozzzz","4","5","9"
"imsorrybud","5","4","9"
"inaey","4","5","9"
"infrado","6","3","9"
"InfuriatinglyOpaque","5","4","9"
"IngStark","4","5","9"
"initiativentempo","5","4","9"
"inkyguy","4","5","9"
"INM_Bernal","4","5","9"
"ioewpiopew","5","4","9"
"IomarEduardo","5","4","9"
"Iovia_73","4","5","9"
"IrandiGutierrez","4","5","9"
"IrinaViac","5","4","9"
"irishniga","5","4","9"
"IronChess01","5","4","9"
"Isa220","4","5","9"
"IsaacCu","4","5","9"
"isaacmuro","4","5","9"
"IsaacPlax","4","5","9"
"IsaevTimur","5","4","9"
"isaias13_cardozo","5","4","9"
"isailovic_s","5","4","9"
"ishaandhar24","5","4","9"
"IsITFabian","5","4","9"
"Iskandar_Omarov","4","5","9"
"islandbbb","5","4","9"
"IsleStaggerhoim","4","5","9"
"islom86","4","5","9"
"isolemiami","4","5","9"
"isra89","4","5","9"
"issakabisa","5","4","9"
"isweni","4","5","9"
"italics","4","5","9"
"Italo8523","4","5","9"
"itsallg","6","3","9"
"itsandre00","3","6","9"
"itsankitbhoi","4","5","9"
"ItsMeSneha","5","4","9"
"ItsMowgli","7","2","9"
"ItsMrMyself","5","4","9"
"ItsSkyWasTaken","4","5","9"
"itzfeel","4","5","9"
"Itzmeanonymous233","5","4","9"
"iulica1","4","5","9"
"IvanARC","5","4","9"
"IvanBelousoff","5","4","9"
"ivankn2004","4","5","9"
"IvanKravtsovUA","4","5","9"
"ivanovivanivanovich","4","5","9"
"ivanovk82","5","4","9"
"Ivansolyannikov","4","5","9"
"ivarravi1","5","4","9"
"iwanq","4","5","9"
"izanalu","4","5","9"
"izciliderilumpus","4","5","9"
"J_Mat","4","5","9"
"J_MZ","5","4","9"
"j_nogareda","5","4","9"
"J1357","5","4","9"
"J1998G","5","4","9"
"j4z41","5","4","9"
"jaairo","4","5","9"
"Jaap1968","3","6","9"
"Jaca175","5","4","9"
"jace234","3","6","9"
"jacenko13","6","3","9"
"Jack-soparow","5","4","9"
"JackInStereo","4","5","9"
"jacksiegs11","5","4","9"
"JackSucksAtChess13","5","4","9"
"jackvasi101","5","4","9"
"Jackvasilopoulos","4","5","9"
"Jacquounet","5","4","9"
"JadenInChess","4","5","9"
"Jaekaewye","4","5","9"
"JaffarSherieff","5","4","9"
"jaga-tn","3","6","9"
"JahGhee","4","5","9"
"jainampandya","5","4","9"
"Jaiprakash","4","5","9"
"Jairito_itoito","4","5","9"
"jaja11079","6","3","9"
"jake95","4","5","9"
"Jakheton","4","5","9"
"jaklx","3","6","9"
"jakob6484","4","5","9"
"jakobdex","5","4","9"
"jakubszela","5","4","9"
"JalenAlexander","5","4","9"
"jalpai","4","5","9"
"jamal_vkd","5","4","9"
"Jamerson77","5","4","9"
"james02118802","5","4","9"
"JamieS","5","4","9"
"jamisiek","5","4","9"
"jan_dvor","4","5","9"
"JanBoer","5","4","9"
"janeusman","5","4","9"
"janncoall","4","5","9"
"january22","4","5","9"
"jarga92","5","4","9"
"Jarif-Alam","5","4","9"
"jasperhermans11","5","4","9"
"Jaureguibeitia","5","4","9"
"Javier56","5","4","9"
"Javierantu","5","4","9"
"Javierhmkol","5","4","9"
"jawibull","4","5","9"
"jaxr38","5","4","9"
"JAYBEE23on","5","4","9"
"Jaydsg","5","4","9"
"jaygiv","5","4","9"
"Jayjay98","4","5","9"
"JayThechessguy","4","5","9"
"Jazzy01","4","5","9"
"Jb985","5","4","9"
"JBFocus","5","4","9"
"Jcarmen15","5","4","9"
"jcorion","5","4","9"
"JCreasyBear","4","5","9"
"jdads21","5","4","9"
"JdavidSS","5","4","9"
"Jean-Carton","5","4","9"
"Jeanmarc14","5","4","9"
"Jechira","5","4","9"
"Jedi261","4","5","9"
"jedrzejevski","6","3","9"
"jedrzejkox","5","4","9"
"Jeem_Bhooom_Bhaaa","4","5","9"
"jeff_fro","5","4","9"
"Jeffdibson","5","4","9"
"jeffrey_ravago","4","5","9"
"jeffsan4","3","6","9"
"Jefricharls","4","5","9"
"Jenilo","5","4","9"
"JenkemDreams","5","4","9"
"jennyloveu","4","5","9"
"jero182","6","3","9"
"jerrydragon","4","5","9"
"jerrypaul","4","5","9"
"JES56","5","4","9"
"jess---a","4","5","9"
"jessec80","5","4","9"
"jesus_vasz","4","5","9"
"JesusPrz","4","5","9"
"Jetboxx","5","4","9"
"jetengine","4","5","9"
"JetPackCat","4","5","9"
"jezraw","5","4","9"
"jfeel","5","4","9"
"jguitar","5","4","9"
"jhassycrack12345","5","4","9"
"jhbdd","5","4","9"
"Jhin4","5","4","9"
"jhlu67","4","5","9"
"jhon325","6","3","9"
"JhoTarriba","4","5","9"
"jibraat","6","3","9"
"jiddd","4","5","9"
"JIG82","5","4","9"
"Jihanm","4","5","9"
"jimbox","5","4","9"
"jimbroof","4","5","9"
"JimCarrier","4","5","9"
"jingjie12","4","5","9"
"jirarkamel","4","5","9"
"jive02","6","3","9"
"Jizzzi","5","4","9"
"JJ_99","4","5","9"
"jjbrid","4","5","9"
"jjesseshort","6","3","9"
"Jjjjjj7","5","4","9"
"jkanaan","3","6","9"
"jlight85","4","5","9"
"jlmb","4","5","9"
"JM5020","3","6","9"
"jmluelmo","4","5","9"
"jMS00","4","5","9"
"JN17619","5","4","9"
"JoakimL","3","6","9"
"Job_1979","4","5","9"
"jobcake","5","4","9"
"JobWerf","4","5","9"
"Jochaps","5","4","9"
"Jocosta","5","4","9"
"joehallelementary","3","6","9"
"Joejan","4","5","9"
"joekoblenz","4","5","9"
"joelcalo1968","5","4","9"
"joewelch","4","5","9"
"johan_liebert79","5","4","9"
"johann34","3","6","9"
"johannaj2","5","4","9"
"Johannson","4","5","9"
"JohansHuanca","4","5","9"
"johelconh","5","4","9"
"Joheny","5","4","9"
"John_G59","4","5","9"
"JohnBlec","5","4","9"
"johnmcl","5","4","9"
"johnmegat","4","5","9"
"JohnnySnow","4","5","9"
"Johnpol","5","4","9"
"johnrogersnyc","5","4","9"
"JohTok","3","6","9"
"joker0909","5","4","9"
"joma01","4","5","9"
"Jonas-LUI","4","5","9"
"JonasK19","3","6","9"
"JONAT4N_9maTtus123","5","4","9"
"Jonathan_Seagull","4","5","9"
"Jonathandkmorgan","3","6","9"
"jonathantanhaoyuan","4","5","9"
"jonathas_kl","4","5","9"
"JonBay","5","4","9"
"Jonesy7","5","4","9"
"jonjoyce","4","5","9"
"Jonnern1337","4","5","9"
"jonxalo","4","5","9"
"JordanRamos","4","5","9"
"jordibm5813","5","4","9"
"jordicamp","5","4","9"
"JordiMat","4","5","9"
"Jorgecardete","4","5","9"
"Jorgeguillen","4","5","9"
"JorgePabloT","4","5","9"
"jornemil","5","4","9"
"Jortz","5","4","9"
"Jose_Benjamin","5","4","9"
"Jose_E1","4","5","9"
"jose1234567890234","4","5","9"
"Josef66","5","4","9"
"JoseHiginio_UTP","5","4","9"
"Josepablo1989","4","5","9"
"joseraul_tal","6","3","9"
"Joshoperan123","5","4","9"
"JoshuaBoleyMattoon","5","4","9"
"JosivalSchess","4","5","9"
"josrob","5","4","9"
"Jotabehache","3","6","9"
"jouba301117","5","4","9"
"joy_19","4","5","9"
"Jozabad","5","4","9"
"jpak","5","4","9"
"jpghiringhelli","5","4","9"
"JPMcGee","4","5","9"
"jpmishra100","5","4","9"
"jpp63","3","6","9"
"jpros6","5","4","9"
"jr61","4","5","9"
"jr6666","4","5","9"
"jrroark","5","4","9"
"jrums14","5","4","9"
"Jrussell8","3","6","9"
"JSCoderChess","4","5","9"
"JSdlC","5","4","9"
"jsigg00","5","4","9"
"JSP84","5","4","9"
"jspence01","6","3","9"
"JSX04","4","5","9"
"jtravoltas","4","5","9"
"juanantonioesteban","4","5","9"
"juandeaustria","5","4","9"
"juanitos12","5","4","9"
"JuanLuisN","4","5","9"
"juanmastiazaran","4","5","9"
"juanmatero","5","4","9"
"JUANMIPLAS","4","5","9"
"juanmunozpie","4","5","9"
"Jucilo","5","4","9"
"Jucraft363","5","4","9"
"judgejudged","5","4","9"
"JuergenMilski","5","4","9"
"jugoettle","3","6","9"
"JUJUN1","4","5","9"
"Juleschedal-bornu","5","4","9"
"julesjulian","4","5","9"
"juliabartoszek05","3","6","9"
"Julinno38","4","5","9"
"juliotenis","5","4","9"
"julitous2","5","4","9"
"julius996","6","3","9"
"JuliusSeizur","4","5","9"
"Jumaev_R7","4","5","9"
"jumarsantos128","4","5","9"
"jungleskraa","5","4","9"
"Junotas","5","4","9"
"junshah","3","6","9"
"JuppJuppGo","4","5","9"
"jurisplay","5","4","9"
"jurrehv0404","6","3","9"
"justacrack","4","5","9"
"JustAnAppleToday","5","4","9"
"justaneverydayemma","4","5","9"
"justarat","5","4","9"
"justfun2020","5","4","9"
"justinlim","6","3","9"
"Justinthxd","5","4","9"
"justus789","5","4","9"
"JusufP","5","4","9"
"Jutzten","4","5","9"
"jvacklehtingle","5","4","9"
"jvasea1990","4","5","9"
"jvcb","4","5","9"
"JVigga","5","4","9"
"jvk123","4","5","9"
"JVTA2","4","5","9"
"jwgoes","4","5","9"
"jxdzxq","5","4","9"
"K-N-M-73","5","4","9"
"K2C","6","3","9"
"KaaN588","4","5","9"
"kaanaricelik","5","4","9"
"kabadayiht","6","3","9"
"kadirbey1545","5","4","9"
"kadircan2379","4","5","9"
"kadirdegri","5","4","9"
"kadzimmusa","6","3","9"
"kaganyumak","4","5","9"
"kahnfernfahrer","5","4","9"
"KaiMaeestro","4","5","9"
"Kairzh","4","5","9"
"Kaissa69","4","5","9"
"KAJ2020","6","3","9"
"kalashnikof117","5","4","9"
"kalikio26","5","4","9"
"Kalishnivkov312","4","5","9"
"Kalmaou","4","5","9"
"kalokagatia","4","5","9"
"Kalukov","6","3","9"
"Kamal_Emara","4","5","9"
"kamaldamor","3","6","9"
"Kamespartz","4","5","9"
"kamyyl9311","6","3","9"
"KangDiduBKD","5","4","9"
"KanielOutis53","4","5","9"
"kaomo","5","4","9"
"Kapaa01","5","4","9"
"KaperucitaRoja","5","4","9"
"Kapkarakartal","5","4","9"
"Kar_kar_2088","5","4","9"
"karamella69","4","5","9"
"kareemagour","4","5","9"
"karel_spb","4","5","9"
"Karel696","5","4","9"
"KarenSteel","5","4","9"
"Karim1122","5","4","9"
"KarimDawood","4","5","9"
"KarimovDav","5","4","9"
"KarlHungus781","5","4","9"
"karliklol","6","3","9"
"karotte1234","4","5","9"
"Karpan1975","4","5","9"
"Kartal_1","4","5","9"
"kartofel_salat","5","4","9"
"Karugu-254","4","5","9"
"Karvan_chess","4","5","9"
"kasatch","4","5","9"
"kasparagus","4","5","9"
"Kaspemi","4","5","9"
"Kasper_7","4","5","9"
"Kaspersky96","6","3","9"
"kasppy","4","5","9"
"Kassander","6","3","9"
"kastinar","3","6","9"
"katalino","3","6","9"
"katet766","4","5","9"
"kathir44","5","4","9"
"kathiyawadi","4","5","9"
"Katimeli","5","4","9"
"Kaustubh3574","4","5","9"
"kavehzpor","4","5","9"
"kawaanders","6","3","9"
"KawaiBullet","4","5","9"
"Kayamath","4","5","9"
"kazbekk","5","4","9"
"KB60615","5","4","9"
"Kcarv","4","5","9"
"KCMNOMR","4","5","9"
"KdeKaNo","6","3","9"
"KDEZMac","4","5","9"
"kdkd","4","5","9"
"Kdosibha","5","4","9"
"keatsig","4","5","9"
"keedt","6","3","9"
"keitar","5","4","9"
"keithchess11","5","4","9"
"kekusI7","4","5","9"
"kelenterov","5","4","9"
"kemallacarr","4","5","9"
"Kenneth_26","4","5","9"
"kenny9900","4","5","9"
"kennycoffee","4","5","9"
"kenyansimpleboy","4","5","9"
"Keo75","5","4","9"
"keoan","5","4","9"
"kerem_akansu","3","6","9"
"Kerem2135","5","4","9"
"keri_iker","5","4","9"
"Kestuf63","4","5","9"
"ketgro","4","5","9"
"Kevin_Yagami","5","4","9"
"kevow","6","3","9"
"kewinpalacios","4","5","9"
"keyberrafel","5","4","9"
"KF51","5","4","9"
"Kgf123","5","4","9"
"KGK91","4","5","9"
"kgmfiee","4","5","9"
"kh-az","5","4","9"
"Kh777alaagha","4","5","9"
"khabl_bubble","4","5","9"
"khaled_aly","5","4","9"
"khaledavonsam97","4","5","9"
"KhanBatu","4","5","9"
"khanhhuyck","5","4","9"
"khashii","4","5","9"
"Kheni74","5","4","9"
"KHM69","5","4","9"
"KhNPP2012","5","4","9"
"khomamchess","3","6","9"
"khv_Brazil","5","4","9"
"kiana_shf","4","5","9"
"kiank7","6","3","9"
"kiddy82","4","5","9"
"kiima","4","5","9"
"kika1990","4","5","9"
"kikeru17","4","5","9"
"Kilian12","4","5","9"
"KillerFishXX","4","5","9"
"killergreek","4","5","9"
"killler","4","5","9"
"kim_jong_un88","4","5","9"
"kimijug97","4","5","9"
"Kimtahen1","5","4","9"
"Kindman21","4","5","9"
"king_kobra_0007","5","4","9"
"King_Sqrl","5","4","9"
"King2010s","4","5","9"
"KingAskhat","4","5","9"
"kingbehnam0007","5","4","9"
"Kingeeeeeen","5","4","9"
"KingGodfrey","4","5","9"
"Kinglefty27","4","5","9"
"kingli","5","4","9"
"KingOfBets","5","4","9"
"kingpit","5","4","9"
"Kings_Army","4","5","9"
"Kings_Gambit2023","4","5","9"
"KingsClasher","4","5","9"
"Kingslaye3","5","4","9"
"kingslayer254","4","5","9"
"kingye","5","4","9"
"kiotomar","4","5","9"
"KippEndurance","4","5","9"
"Kir75463","4","5","9"
"Kira_31415","4","5","9"
"kiraaaa","5","4","9"
"kirill_sotttt2010","4","5","9"
"kirill24052005","5","4","9"
"KirillFromRussia","4","5","9"
"kirnesh","5","4","9"
"kisayista","3","6","9"
"kishoreNavin","5","4","9"
"kj2res","4","5","9"
"KK-2500","3","6","9"
"KKorreiAA","4","5","9"
"Kl981","5","4","9"
"klaus_gudy","4","5","9"
"KlausKoepcke","5","4","9"
"klimor","4","5","9"
"Klingsor_66","6","3","9"
"Klochkov_Aleks","5","4","9"
"Klood","5","4","9"
"Kloppweg","4","5","9"
"klovnexd","4","5","9"
"KmAmbdullahAlfeneAbd","5","4","9"
"KN152","5","4","9"
"Knez789","5","4","9"
"knightman_123","5","4","9"
"knightrider49","4","5","9"
"Knobalukesh","4","5","9"
"knowjassi","5","4","9"
"Kobekonezzz","5","4","9"
"Kobisonna","4","5","9"
"KokkinosKanapes","4","5","9"
"kokoloris","5","4","9"
"kokowawachess","4","5","9"
"koloserverdol","4","5","9"
"konj975","4","5","9"
"Konoya","3","6","9"
"Kontalucard","4","5","9"
"Konteradmiral","5","4","9"
"Korichnevyy","5","4","9"
"kornej_ivanish","4","5","9"
"korodir","5","4","9"
"kortle","5","4","9"
"korul","4","5","9"
"kosmasnahak100p","5","4","9"
"KOstrike","5","4","9"
"kostya1978","4","5","9"
"koudel","4","5","9"
"Kouiderboukhedimi","5","4","9"
"kouris668","3","6","9"
"Kouskous","5","4","9"
"koyyavrao","3","6","9"
"Kozbar","4","5","9"
"kpamkar","5","4","9"
"KQRBH2000P","4","5","9"
"Krait7","5","4","9"
"Krake14","5","4","9"
"Krasy1988","5","4","9"
"Kripteks1","6","3","9"
"krishnanpt","5","4","9"
"KrishVignesh","4","5","9"
"krithick1235","5","4","9"
"Krocke","4","5","9"
"Kromacks","4","5","9"
"Kronoch","4","5","9"
"kronuss77","6","3","9"
"krosenberg47","4","5","9"
"Krox08","4","5","9"
"kryltcov","4","5","9"
"krzyniiio","4","5","9"
"KS_MASTER","4","5","9"
"ksju1","4","5","9"
"ksm77","4","5","9"
"KT527","4","5","9"
"ktreider","5","4","9"
"Kuhri","4","5","9"
"kulapnit","4","5","9"
"KuLFeT24","5","4","9"
"Kuliscene","6","3","9"
"Kumararpit","5","4","9"
"KumarSoham","6","3","9"
"Kunces","5","4","9"
"kunjshah","3","6","9"
"Kurohiige","5","4","9"
"kurskiev_06","5","4","9"
"Kurt_Geiger","4","5","9"
"kurtsinner","5","4","9"
"kuryCachimuel","5","4","9"
"kutrew","5","4","9"
"kuzeyedis1","4","5","9"
"Kuzmin_I","5","4","9"
"kuznetcov_am8","5","4","9"
"KuzyaMilashKa","5","4","9"
"kweng2","4","5","9"
"Kyavijyah","4","5","9"
"kyd58","4","5","9"
"kyros11","4","5","9"
"L-Ghost","5","4","9"
"l0583","5","4","9"
"L0LA","5","4","9"
"L3dah","5","4","9"
"Lady_zugzwang12","5","4","9"
"LADYLABOULAYE","4","5","9"
"lagodale","5","4","9"
"LagrangeHK","5","4","9"
"LaGuem","4","5","9"
"Lahuma","5","4","9"
"lalcyon","4","5","9"
"lalehh","5","4","9"
"LaloChumbeque","5","4","9"
"lamarperu","5","4","9"
"LambertLao","4","5","9"
"Landino_boi","4","5","9"
"Laniso172030","5","4","9"
"Lanotto","4","5","9"
"LaowaiLiubei","5","4","9"
"lapawngang","4","5","9"
"larachess2851","4","5","9"
"lashaare","5","4","9"
"LassoJos07","4","5","9"
"lateclafernandez30","5","4","9"
"laughleaf","4","5","9"
"laurelcreek","4","5","9"
"layla2520","5","4","9"
"Lazar-A","5","4","9"
"lazerg","5","4","9"
"LazyKings","4","5","9"
"Lbro","4","5","9"
"Lcozher","4","5","9"
"lcsgr","4","5","9"
"ldcg07191","4","5","9"
"Le1erDauphin","5","4","9"
"leandrodivi","6","3","9"
"LeandroKazimierski","5","4","9"
"Lebber","4","5","9"
"lebberton","5","4","9"
"Lebed1974","4","5","9"
"leeleo","5","4","9"
"Legambit","4","5","9"
"legend_27nz","4","5","9"
"Legend288","4","5","9"
"legion008","5","4","9"
"leid24","5","4","9"
"leimann","4","5","9"
"LeiteGF","6","3","9"
"Leito_hz","4","5","9"
"lejyonerr","5","4","9"
"Lelouch12325","5","4","9"
"lemagcarlsen","3","6","9"
"Lenin_III","5","4","9"
"Lensss","4","5","9"
"LenyaMangal","5","4","9"
"LeoFajardo1987","4","5","9"
"Leofuellas","5","4","9"
"leolikefish","4","5","9"
"leon-giz","4","5","9"
"Leon1904","4","5","9"
"leonluis9","5","4","9"
"LEONSHAI-012","5","4","9"
"lepiejniepodchodz99","5","4","9"
"Lepus_timidus","5","4","9"
"Lepzi","5","4","9"
"LEQW3R","5","4","9"
"Leroithomasngo","4","5","9"
"Les3Tours_tests","4","5","9"
"leshracle","5","4","9"
"lessthanthreebotez","4","5","9"
"LetsGrowTogether","4","5","9"
"Leul-Mesfin","6","3","9"
"leuncaval","6","3","9"
"Levonal","5","4","9"
"lewis_lou","4","5","9"
"Lexar5","6","3","9"
"LEXIO771","6","3","9"
"lexotan27","4","5","9"
"lextrasyen","4","5","9"
"lGidra","5","4","9"
"LgruAndhReberS","4","5","9"
"Lhopital_Rules","4","5","9"
"liakath1234","5","4","9"
"liarte7","5","4","9"
"LibrA42","5","4","9"
"Lider1no","4","5","9"
"Liehtman","4","5","9"
"Life_vs_Death","5","4","9"
"LifeArt","5","4","9"
"LifeIsAComedy","3","6","9"
"Lifewave","4","5","9"
"LifriMorlon","4","5","9"
"LightningLucas","4","5","9"
"Like-a-hurricane","4","5","9"
"Lil_GABBAR","4","5","9"
"lileddy","5","4","9"
"Lilleskare","5","4","9"
"LIMBA_AM","4","5","9"
"Limenia","5","4","9"
"Limitless_soul","4","5","9"
"LimitOfTheDiaphane","5","4","9"
"Limon2973","5","4","9"
"limu_l","4","5","9"
"Linus_S","5","4","9"
"Lio320","5","4","9"
"LippCH","4","5","9"
"LiterallyJustJether","5","4","9"
"LiThan_1234","4","5","9"
"Little_tsar","3","6","9"
"littleczechfish","4","5","9"
"LittleKingy","5","4","9"
"Liugo2022","5","4","9"
"LivionRift","4","5","9"
"liviopcd","5","4","9"
"livrking","2","7","9"
"lkhynh16","5","4","9"
"lmaosama","5","4","9"
"Loai_emad1","5","4","9"
"loammisantos","6","3","9"
"locodragon25","6","3","9"
"LocoLobos","4","5","9"
"Loeso7","5","4","9"
"Loewenherz_23","5","4","9"
"Lokeshvar","6","3","9"
"lolkreuz","4","5","9"
"Lolo_ch","5","4","9"
"lolo0o","4","5","9"
"Lololo1233","5","4","9"
"lolxd69","5","4","9"
"Lomoferoz","5","4","9"
"LondonChick","4","5","9"
"LonelyCow","3","6","9"
"LoneWolf11","5","4","9"
"Longachess","4","5","9"
"loon1c","4","5","9"
"lootom","4","5","9"
"lord_sebsi","5","4","9"
"LordVoldyIsBack","5","4","9"
"Lore9","5","4","9"
"loremaster14","5","4","9"
"Lorenzomoreno2","5","4","9"
"lorountu","5","4","9"
"lorryn","4","5","9"
"Lost108","5","4","9"
"Lotiws","4","5","9"
"louistio","4","5","9"
"Loulynx","3","6","9"
"Love_is_4ever","5","4","9"
"lovebrazzzers","5","4","9"
"lqcin","3","6","9"
"Lucaosta88","3","6","9"
"lucario13","4","5","9"
"lucasatm","4","5","9"
"LucasHenri","5","4","9"
"LuchoGhi","5","4","9"
"luchoguit","5","4","9"
"LUCHS37","5","4","9"
"luckyrus13","5","4","9"
"Lucnouk","5","4","9"
"luddekudde","5","4","9"
"ludwigsarihan","5","4","9"
"Luge_Arg","5","4","9"
"LuigiMJB86","5","4","9"
"luiseduquito","3","6","9"
"LuisG87","5","4","9"
"Luisjose_16","4","5","9"
"luissabatini","5","4","9"
"LuisTPTP","4","5","9"
"luitzen","5","4","9"
"LukasAgain","4","5","9"
"lukasz91","4","5","9"
"lukaszmoroz","4","5","9"
"lukezy","3","6","9"
"lukulelee","5","4","9"
"lululu4130","4","5","9"
"Lumrim","4","5","9"
"LungWhisperer","5","4","9"
"Lupeguada","4","5","9"
"Lutorrr","3","6","9"
"LuTsch","4","5","9"
"luuk4sz98","5","4","9"
"Luxiam","6","3","9"
"luxor_leon","4","5","9"
"Lvl99_HELL_STRIKER","4","5","9"
"lyapa","5","4","9"
"lynchblue","4","5","9"
"lynx_so","5","4","9"
"Lyudmila03","5","4","9"
"lzerger","5","4","9"
"M_Barbanel","5","4","9"
"M_Erdinc_Atesli","4","5","9"
"m_galal44","5","4","9"
"M_is_for_meb","5","4","9"
"M_MNegi007","5","4","9"
"M_Shahbazrizvi","5","4","9"
"m_zk","4","5","9"
"M-Alareqi","5","4","9"
"m-jayy","4","5","9"
"M-Shawon","4","5","9"
"M0nti","4","5","9"
"M0tt0m0tt0","4","5","9"
"m0younes","4","5","9"
"m7mark","3","6","9"
"MaartenDFG","4","5","9"
"machane","4","5","9"
"Machismooo","4","5","9"
"MacTaK1990","4","5","9"
"Mad_G","5","4","9"
"madansuwal","5","4","9"
"MADARA343","4","5","9"
"madarn","4","5","9"
"Madbishop1966","5","4","9"
"Madhan3851919","5","4","9"
"Madhvesh","5","4","9"
"madmaxinjax","5","4","9"
"madnilaid","4","5","9"
"maenazzam","4","5","9"
"Mag_neto","5","4","9"
"maga1700","5","4","9"
"magic7070","4","5","9"
"Maginus","5","4","9"
"Magm14","5","4","9"
"Magnabhi1","5","4","9"
"MagnusAtHisLimits","5","4","9"
"MagnusKasparov1","4","5","9"
"MagnusKhuphe","5","4","9"
"magsiv58","3","6","9"
"magzyboguesfake","5","4","9"
"mahad82","4","5","9"
"MahasiswaSiluman","4","5","9"
"Mahdi_L6","4","5","9"
"mahdisefidpeshe1","5","4","9"
"maheshb9542","4","5","9"
"mahmoud00392","4","5","9"
"Mahrous1992badran","4","5","9"
"Maiboroda2901","4","5","9"
"Maiconalessandro","5","4","9"
"mailmanman","4","5","9"
"mainmeatball","4","5","9"
"Maipelo90","5","4","9"
"maitingforgodot","6","3","9"
"majdi1984","5","4","9"
"majhal","6","3","9"
"majid_h","5","4","9"
"Major_Gubbins","4","5","9"
"Makkiss1","4","5","9"
"Makrelguf","5","4","9"
"maksabet","6","3","9"
"maksjov","5","4","9"
"Malast","5","4","9"
"maldem","4","5","9"
"Malfun_Maboun","5","4","9"
"Malholev","5","4","9"
"malte1000","6","3","9"
"malusog","5","4","9"
"mamad1986","5","4","9"
"Mamamilks","6","3","9"
"Mamoosley","6","3","9"
"Mancaree","4","5","9"
"Mandla7777","5","4","9"
"MandyChess","4","5","9"
"Mangallino","5","4","9"
"MANGALOVITCH","5","4","9"
"mangeshh","4","5","9"
"Manhattansur","6","3","9"
"maniboy","5","4","9"
"Mann-ohne-Namen","5","4","9"
"Mannomann","4","5","9"
"Mannyother","5","4","9"
"manologc","5","4","9"
"ManosViskas","5","4","9"
"Manuel_Azil","4","5","9"
"ManuelNONI","4","5","9"
"manuthesharma","5","4","9"
"Maotun","4","5","9"
"Map-24","4","5","9"
"Maphiss","5","4","9"
"mapple2","4","5","9"
"MaratDerb","4","5","9"
"maratik696","4","5","9"
"MarcelLeftie","4","5","9"
"Marcelo_fnc","4","5","9"
"marcelomagnus","4","5","9"
"Marceloteranmedina","4","5","9"
"MarcianoGC","4","5","9"
"MarcinLublin1983","3","6","9"
"marciops","5","4","9"
"MarcioSanches","5","4","9"
"marcoceja","5","4","9"
"Marcos_Leite","5","4","9"
"MarcusDicander","5","4","9"
"marcusdourado","6","3","9"
"MarcVerdaguer","4","5","9"
"marcvilaribera","5","4","9"
"mardsada","5","4","9"
"MarekPart","4","5","9"
"maret1453","4","5","9"
"margielathug","4","5","9"
"MarineLePen_FR","4","5","9"
"marioadell","4","5","9"
"marioalejandrobn","4","5","9"
"marioespinel1","6","3","9"
"mariopommes","4","5","9"
"markcaulfield","5","4","9"
"Markelias","6","3","9"
"MarketHeacock","4","5","9"
"Markeza","5","4","9"
"MarkisTew1","4","5","9"
"MarkSayadi","4","5","9"
"marlenka2206","5","4","9"
"Marlon12345","4","5","9"
"marlrene","5","4","9"
"maroomanor","4","5","9"
"Marowijne","3","6","9"
"marranga","3","6","9"
"mars1306","4","5","9"
"marselo12","4","5","9"
"marssseniy","4","5","9"
"martied","5","4","9"
"Martin_nv12","6","3","9"
"martin5040","5","4","9"
"martinc1999","5","4","9"
"MartinHild","5","4","9"
"MartinSchanche","4","5","9"
"martyko","4","5","9"
"MarwanSaad","4","5","9"
"Masadora","5","4","9"
"Mashi2maro","4","5","9"
"masi2025","4","5","9"
"Masnet","5","4","9"
"mason111","4","5","9"
"masonosam","5","4","9"
"masssil","3","6","9"
"MASTER_GALLUS","3","6","9"
"Master_sport_26_08","4","5","9"
"master1971","5","4","9"
"MasterchessUnited","5","4","9"
"mastergamer5144","4","5","9"
"Masterniu","5","4","9"
"MasterOfMayhem4","3","6","9"
"MasterPfarie","5","4","9"
"MasterTZ","5","4","9"
"masTR10s","4","5","9"
"Mate_on_f7","4","5","9"
"MATEI123456","5","4","9"
"Mateuchess","6","3","9"
"matheusjcandido92","4","5","9"
"mathias4833","4","5","9"
"MatiasDLG","4","5","9"
"Matke10kk","5","4","9"
"Matsuyi","5","4","9"
"matteo107","4","5","9"
"matteosai04","5","4","9"
"Mattia_Barbe","5","4","9"
"Mattia9640","4","5","9"
"MATTiasnaranjo","5","4","9"
"MattInPluss1","4","5","9"
"matto635","5","4","9"
"Mattteo","4","5","9"
"matveimart1","5","4","9"
"matvey08fedorov","5","4","9"
"MATvey14","5","4","9"
"Matvey220911","5","4","9"
"Mauricio_2307","4","5","9"
"MAV1981","4","5","9"
"Maverick_92","4","5","9"
"mawkthuckaburgh","4","5","9"
"Max_Schwarze","4","5","9"
"Max22899","5","4","9"
"Maxclimber","4","5","9"
"Maxhamit","5","4","9"
"Maxi2021","5","4","9"
"Maxicypr","4","5","9"
"Maxim749","5","4","9"
"Maximchik1980","4","5","9"
"MaximusOtero","5","4","9"
"Maxirock","5","4","9"
"maxix228","4","5","9"
"MaxonBigBoss","6","3","9"
"maxonchela","4","5","9"
"maxonchikk","4","5","9"
"Maxtrifan","5","4","9"
"MayaMissTake","4","5","9"
"MayankSingh_2469","4","5","9"
"mazda_ed","5","4","9"
"MazenKhaIed","4","5","9"
"MaZsoLAk20191225","5","4","9"
"mazunen","3","6","9"
"MazwakheT","4","5","9"
"MBalaied","5","4","9"
"MC_Scof","4","5","9"
"McCartneyLennon","5","4","9"
"MCCHELO069","3","6","9"
"mccurds13","5","4","9"
"McDingleMeyers","4","5","9"
"mcfeel","5","4","9"
"Mchess00","4","5","9"
"mclighting","4","5","9"
"McLovin777","5","4","9"
"mcoombes314","4","5","9"
"mcvh1997","3","6","9"
"Md_013","3","6","9"
"MDA_2021","4","5","9"
"mdbb","5","4","9"
"mdmthiago","5","4","9"
"MechanicalWraith","5","4","9"
"medhatpop","4","5","9"
"mediahunk","5","4","9"
"Mediterran","4","5","9"
"medo4","5","4","9"
"MEDO7oooo","4","5","9"
"Medoj","5","4","9"
"medoy1117","4","5","9"
"Medvedev7","6","3","9"
"meEternal","5","4","9"
"Meetyx","5","4","9"
"Mega-bongcloud","5","4","9"
"mehakif","4","5","9"
"mehdi_n_80","5","4","9"
"mehdighysari123666","4","5","9"
"MehilPasha","5","4","9"
"mehmetalik","4","5","9"
"mehmethuysal","5","4","9"
"mehmetsinanozkul","5","4","9"
"mehrabghanbari","4","5","9"
"MEHRBOD90","4","5","9"
"Mehrdad89","6","3","9"
"MeisterPaul","4","5","9"
"Meliodas_G","4","5","9"
"Meliodas90","5","4","9"
"melleoaj","4","5","9"
"meloqq","4","5","9"
"MemeAI","6","3","9"
"memogulsen","4","5","9"
"Memoman74","4","5","9"
"MeMoNiToS","5","4","9"
"mendesnoou","4","5","9"
"menix78","5","4","9"
"menTT","4","5","9"
"menzkoc","6","3","9"
"meritoul76","4","5","9"
"Merobett","6","3","9"
"Merollin","5","4","9"
"mertcelikdemir","4","5","9"
"mertedip","5","4","9"
"mertgurel","4","5","9"
"Meshal50","3","6","9"
"MessiGoatFut","5","4","9"
"mestry55","5","4","9"
"metincil","3","6","9"
"Metoms","6","3","9"
"Metsaisa","4","5","9"
"MeuhMeuh3000","4","5","9"
"MeurendeBende","4","5","9"
"mfdonline2460362","5","4","9"
"mfrasco","5","4","9"
"mfzlur2","5","4","9"
"mgsg","5","4","9"
"MHAs","4","5","9"
"mhlsy","5","4","9"
"mhmmdozdemir","5","4","9"
"MichaelBergerson","5","4","9"
"michail_cool","4","5","9"
"MichielFromBelgium","4","5","9"
"microbatman3","5","4","9"
"Micron-75","5","4","9"
"Mido19880","5","4","9"
"mifisk","4","5","9"
"migalu","4","5","9"
"mightymorfinmorphy","4","5","9"
"Miglp","4","5","9"
"Miguel15_IFSUL","2","7","9"
"MiguelM9","6","3","9"
"miguelon2022","5","4","9"
"miguelrt99","4","5","9"
"miguelsanchez65","4","5","9"
"MigueVega","4","5","9"
"MihailA","5","4","9"
"Mihajlovichs","4","5","9"
"mik0z","4","5","9"
"mikecantreed","5","4","9"
"mikehell82","3","6","9"
"mikemandont","4","5","9"
"mikeycancook","6","3","9"
"MikeyFlo","5","4","9"
"Mikhail_Romanov","4","5","9"
"Mikolajpawelek2008","4","5","9"
"MiKoSi","4","5","9"
"mikromurks","5","4","9"
"milankarr","4","5","9"
"milanr1","5","4","9"
"Milica63","5","4","9"
"Milinho-Kasparov","5","4","9"
"MilkywayMutt","5","4","9"
"miminini","4","5","9"
"Mimoss","5","4","9"
"Mina_mahfouz","4","5","9"
"Mina_mimo","5","4","9"
"Mind4stalker","3","6","9"
"mingaup","4","5","9"
"minus_456","5","4","9"
"MIPTtop","6","3","9"
"miquel178","3","6","9"
"Mirco_Werner","6","3","9"
"mirmetin","4","5","9"
"miro_l","5","4","9"
"Mishaabramov","5","4","9"
"mishari123","3","6","9"
"MishaZakharov975479","4","5","9"
"misquevis","5","4","9"
"MissAmyN","5","4","9"
"MistakesMade","5","4","9"
"MisterBurns","2","7","9"
"misteri_z","5","4","9"
"MisticWolf88","5","4","9"
"misto666","4","5","9"
"Mitrovick","4","5","9"
"Mitsouk","5","4","9"
"MivaChu","5","4","9"
"mj_r","3","6","9"
"MJ-South_Africa","4","5","9"
"mjarrison","4","5","9"
"mkabd","4","5","9"
"mkozhaev","4","5","9"
"Mlajos1120","5","4","9"
"MLH_62","5","4","9"
"mmaiamarcos","4","5","9"
"MMarkovic","5","4","9"
"mmclau15","4","5","9"
"mmehdizade","4","5","9"
"MMgiggle","4","5","9"
"mmm9262","4","5","9"
"mmoorthi73","4","5","9"
"mmssgg","4","5","9"
"mmv975","4","5","9"
"MNVentayen_2008_Pang","4","5","9"
"mo1223","5","4","9"
"mo92xx","4","5","9"
"moalsalman","5","4","9"
"moamen_hadad","5","4","9"
"MoayadMansour","4","5","9"
"Mobarez001","3","6","9"
"MoBidict","4","5","9"
"Mobileversion","4","5","9"
"mobius_trips","5","4","9"
"mobj","5","4","9"
"mocamana","5","4","9"
"mochevsky","4","5","9"
"Mochiguman44","5","4","9"
"Mocking","6","3","9"
"ModernAntique","5","4","9"
"ModestyHW","5","4","9"
"Modilious","5","4","9"
"Moe1234","5","4","9"
"moenupedia","4","5","9"
"Moesamson","5","4","9"
"Mohamadalibrs","5","4","9"
"Mohamadiran","5","4","9"
"mohamd11","5","4","9"
"Mohamed_MASS","5","4","9"
"Mohamed00Nasr","6","3","9"
"Mohamed5678","3","6","9"
"Mohamedrefky","4","5","9"
"mohammadaminmm","4","5","9"
"Mohammadhoswini","4","5","9"
"MohammadTahaShokri","5","4","9"
"mohamme95","5","4","9"
"Mohammed_Mahmooud","5","4","9"
"mohammedalarfaj111","4","5","9"
"Mohammedxd42","5","4","9"
"mohammmd","5","4","9"
"mohannedai","4","5","9"
"mohdabbas","6","3","9"
"Mohithmv","6","3","9"
"MohmadAdel","4","5","9"
"Mohsengolllllll","5","4","9"
"moisesrey","5","4","9"
"mojocare","6","3","9"
"mojofingers","5","4","9"
"mojtabavahdani","4","5","9"
"MokrovArtem","5","4","9"
"MollanAve","5","4","9"
"molned","4","5","9"
"MOLUZZI","4","5","9"
"Momchilgrad99","4","5","9"
"Monang","5","4","9"
"monbeauchalet","5","4","9"
"MONEY1993","4","5","9"
"monjordito","5","4","9"
"Monkey-D-Luffy00","4","5","9"
"Monostori","4","5","9"
"montazerish","4","5","9"
"moongarsho","4","5","9"
"moonman2020","3","6","9"
"moonshine33335555","4","5","9"
"moose_01","4","5","9"
"Moose2083","5","4","9"
"morangraju","4","5","9"
"Moreas777","4","5","9"
"morecomplicatedbeat","4","5","9"
"morenitomp","4","5","9"
"morgenroede","5","4","9"
"morkeno","5","4","9"
"Morkin","5","4","9"
"Morote","5","4","9"
"MortalK","5","4","9"
"Morteza_yekta","3","6","9"
"mosafer","5","4","9"
"moscowdaydream","5","4","9"
"Moselaner72","4","5","9"
"Moses_Hess","4","5","9"
"Mostafauh","5","4","9"
"Moudio2","4","5","9"
"mousa1mostafa","4","5","9"
"MovingPiecesAndSuch","5","4","9"
"Moy_General","3","6","9"
"MP147","4","5","9"
"mpastor","4","5","9"
"mpathiq","4","5","9"
"MPJaisurya","5","4","9"
"mportax","4","5","9"
"Mr_B1mbastic-LC","4","5","9"
"Mr_I","5","4","9"
"mr_obama","6","3","9"
"MR_OHONDU","5","4","9"
"Mr_price","5","4","9"
"Mr_Speaker12","4","5","9"
"mr-serko","4","5","9"
"Mraoka","5","4","9"
"mrbluesky1966","5","4","9"
"mrbunglee","5","4","9"
"MrCathedrale","6","3","9"
"mrcharisma18","5","4","9"
"MrDrProfessorBud","5","4","9"
"MrFrankoPallone","4","5","9"
"MrGrieves","4","5","9"
"MrGuanTe","4","5","9"
"MrIskandar","4","5","9"
"Mrizth_ew","5","4","9"
"MrJoehobo","4","5","9"
"MRlooba","4","5","9"
"MrMojo6","5","4","9"
"MrMoruk","4","5","9"
"MrPeculoco","4","5","9"
"MrQuantastic","5","4","9"
"MrSh0tty","4","5","9"
"MrSnipe","2","7","9"
"mrspak","5","4","9"
"mrteddy","6","3","9"
"MrTeee","4","5","9"
"msarabi","5","4","9"
"mshyamkrishnan","5","4","9"
"Msm_1996_ir","5","4","9"
"MStaykin","5","4","9"
"MTBBK","5","4","9"
"Mtmek","4","5","9"
"Mts3113","5","4","9"
"mudasir143","5","4","9"
"mugilan1980","5","4","9"
"Muh_Ali_Selayar","3","6","9"
"Muh_Nabil","4","5","9"
"muhammadbinorazmi","4","5","9"
"muhammadqb","4","5","9"
"Muhammet1834","3","6","9"
"muhammetaliakyasan","4","5","9"
"muhibs","4","5","9"
"Muhtarok","4","5","9"
"MuIsK0001","4","5","9"
"Mukhlisa001","4","5","9"
"Mukulpankajmani","4","5","9"
"mullock","3","6","9"
"Mumindek","6","3","9"
"Munir49","5","4","9"
"MuradChess07","5","4","9"
"muran29","4","5","9"
"muratavci","5","4","9"
"Muriloth","4","5","9"
"murugan617","4","5","9"
"murzagaliyev","5","4","9"
"Musa41","3","6","9"
"Muslimbek_01","4","5","9"
"Mustachiola","4","5","9"
"Mustafa_Erdem","3","6","9"
"Mustafa5000ali","5","4","9"
"Mustafin_Karim2010","5","4","9"
"MustangBoss-302","7","2","9"
"mutalisp","5","4","9"
"mux77","4","5","9"
"MuYgAr","3","6","9"
"MuzAdam31","4","5","9"
"Mvinivius","4","5","9"
"mvtzico","4","5","9"
"mwakoxx","4","5","9"
"mwhenson","5","4","9"
"mwikiiz","5","4","9"
"mxpk","6","3","9"
"My-Drinking-Account","4","5","9"
"Mybaran","4","5","9"
"Mykhailo2016","3","6","9"
"Mykie21","5","4","9"
"Myofh","6","3","9"
"Myrlejonet","4","5","9"
"MYTEAMAZMAH","4","5","9"
"mzfk","4","5","9"
"N_zivo","5","4","9"
"N-bn","5","4","9"
"n8dodubbleg","5","4","9"
"nabelo96","5","4","9"
"Nablah","4","5","9"
"nablo","4","5","9"
"NADeev","4","5","9"
"NadhirH","4","5","9"
"Nagar0x0","5","4","9"
"Nahhunte2018","4","5","9"
"nakafu","5","4","9"
"Nakarx_Pro","4","5","9"
"nakrufff","6","3","9"
"Nalajr","5","4","9"
"nalitumpaine","4","5","9"
"NAMASKAR69","7","2","9"
"name_space_surname","4","5","9"
"Nand02000","5","4","9"
"NapoChess23","5","4","9"
"narasi","4","5","9"
"Narek2002Narek","4","5","9"
"NarekYeghishyan","5","4","9"
"narennaidu","4","5","9"
"Naserloj_24","4","5","9"
"nash2023","5","4","9"
"NastyaAndr","6","3","9"
"NathanBelchior","4","5","9"
"Naturefirst","6","3","9"
"Naveed82","5","4","9"
"NAvINdu2008","4","5","9"
"naxican","5","4","9"
"naxoasdf90","4","5","9"
"Naya_Zoo","4","5","9"
"nayandas","5","4","9"
"Nazar1202","3","6","9"
"Nazar7373","5","4","9"
"Nazvin","4","5","9"
"nb8080","5","4","9"
"nbourbaki","4","5","9"
"ncemily71","5","4","9"
"Necochea","5","4","9"
"needbraincells","6","3","9"
"neelnikhar","4","5","9"
"NeevRai","4","5","9"
"Nefigeorge","4","5","9"
"nejc4577","4","5","9"
"nekkkkk","5","4","9"
"neko_55","4","5","9"
"NekrasovIvan","5","4","9"
"Nelim","3","6","9"
"nello726","4","5","9"
"NemanjaDojcinovic","3","6","9"
"nemome","5","4","9"
"nenadrecoba14","6","3","9"
"neobit","5","4","9"
"nepossiver","4","5","9"
"netodecampos","4","5","9"
"Neuflesh","5","4","9"
"nevaltin","6","3","9"
"NeverendingFUPA","4","5","9"
"neversplit1010","4","5","9"
"NEW0_0PLAYER","5","4","9"
"NewAtagi","4","5","9"
"Newbie051","5","4","9"
"NewD_NewA","5","4","9"
"Newquaqua","5","4","9"
"nextmagnus","5","4","9"
"Ney2205","4","5","9"
"neymarsss","3","6","9"
"Nezhnaya_kisa","3","6","9"
"nguyen2107","6","3","9"
"nhadmarzo","3","6","9"
"Nhlekgza","5","4","9"
"NiaChess005","5","4","9"
"Niaoz78","5","4","9"
"nibatbib","4","5","9"
"nick72090","6","3","9"
"nickhohlbein","5","4","9"
"nickito","5","4","9"
"nicofrancoph","5","4","9"
"Nicolasbreuille","6","3","9"
"Nicollet-Blomer","4","5","9"
"Nicoperez1993","4","5","9"
"nidioluna","5","4","9"
"nieumiemgrac2000","4","5","9"
"Nightwish666","4","5","9"
"Nihkter","5","4","9"
"Nik_Ulaa","4","5","9"
"nika-d1391","4","5","9"
"nikandish23","5","4","9"
"nikhilgoyal22","5","4","9"
"NikiChess_Ru","4","5","9"
"nikita3663","4","5","9"
"NikitaZasorin2007","5","4","9"
"nikitixvpered","5","4","9"
"niknummi","5","4","9"
"niko26","4","5","9"
"Niko7878","4","5","9"
"Nikola19861986","5","4","9"
"NikolaiZheltiakov","4","5","9"
"nikolo242","5","4","9"
"Nikpap68","5","4","9"
"nikpoladashvili2003","5","4","9"
"Nikzekhov","5","4","9"
"nilayg1234","5","4","9"
"nilbhatia","4","5","9"
"nileshraj74","5","4","9"
"Nils75","5","4","9"
"ninjahorsepower","5","4","9"
"ninjaturtlez","4","5","9"
"nirmanlongjam","4","5","9"
"Nisarg245","5","4","9"
"niso123","4","5","9"
"Nitsita_pix","4","5","9"
"Niv22","5","4","9"
"Nixonaowjingla","5","4","9"
"NiyazicK","5","4","9"
"NJAGM","3","6","9"
"nkivhyxfrwde1978jjgf","4","5","9"
"nkspyrou","3","6","9"
"nln1955","6","3","9"
"nmoskovkin","5","4","9"
"Nnein_du","4","5","9"
"NO_GI","5","4","9"
"No_me_ganes","5","4","9"
"NobleOne","5","4","9"
"nobodybody","4","5","9"
"NoctisInanitas","5","4","9"
"Noddin1982","4","5","9"
"noe_calizaya","5","4","9"
"NoFaceIV","5","4","9"
"NoiaN83","4","5","9"
"nokia12001","5","4","9"
"nolynciw","5","4","9"
"nomnom873","6","3","9"
"noob_shreyash","5","4","9"
"noobmaster2023","4","5","9"
"noobnabnub","6","3","9"
"NoPawnIn10DEAD","5","4","9"
"Nora228","4","5","9"
"Norefunds","3","6","9"
"NoRematchGiven","6","3","9"
"Nori_1365n-m","4","5","9"
"normalnoa","4","5","9"
"normanjames","4","5","9"
"NoTacticsRandomMoves","4","5","9"
"NoTakeBacksBuddy","4","5","9"
"notfavoiellt","4","5","9"
"nothingelsetodo","4","5","9"
"NotkaGaming","5","4","9"
"notpresident35","4","5","9"
"noubrejn","4","5","9"
"Nour_5678","5","4","9"
"nourradwan2023","6","3","9"
"Nouveau_Maelstrom","4","5","9"
"novandr","4","5","9"
"noverland","5","4","9"
"nowichok","5","4","9"
"NTS007","4","5","9"
"ntsikie","5","4","9"
"Ntsumi","4","5","9"
"nubiro68","5","4","9"
"Nulensteheinz","4","5","9"
"nuroslaih","4","5","9"
"NV_2","4","5","9"
"nvukovojac","3","6","9"
"Nwizzard","3","6","9"
"NXM","4","5","9"
"nyagacheru","4","5","9"
"Nyarihima","5","4","9"
"Nymphomonkey","6","3","9"
"o1imperador","4","5","9"
"oasims","5","4","9"
"Obligen","5","4","9"
"ObuzaG","5","4","9"
"Oceanides","4","5","9"
"oceousman","4","5","9"
"octavia_lo","4","5","9"
"ODA5533","4","5","9"
"oddness","5","4","9"
"oekaro1991","5","4","9"
"Ogaitnas_Nebur","4","5","9"
"OGMarlon","4","5","9"
"oguzakyol13","3","6","9"
"oguzaysk","5","4","9"
"oguzhan_kural","5","4","9"
"ohforkyou","4","5","9"
"OhneBart","3","6","9"
"Ohnonononono","4","5","9"
"OIThornley","5","4","9"
"Okasa246","5","4","9"
"okaya456","5","4","9"
"okmc77","4","5","9"
"Olbak","4","5","9"
"oled7","4","5","9"
"olegabrielyan","4","5","9"
"OlegFKravchuk","5","4","9"
"Olegos226","5","4","9"
"olehnest","4","5","9"
"OlenevAleksey","5","4","9"
"OlgaPopaduke","4","5","9"
"Oliiiii","4","5","9"
"oliveandearl","5","4","9"
"oliver1710","4","5","9"
"Oliyahu","4","5","9"
"ollaw","5","4","9"
"olorinsflipflops","4","5","9"
"Olsg","5","4","9"
"omarrbaidi","5","4","9"
"Omarshaltoutz","3","6","9"
"OmarSMQro","4","5","9"
"omerches20","4","5","9"
"OMON_2208","5","4","9"
"OMOODUDUWA","4","5","9"
"On34b0v3all","6","3","9"
"Ondrasovka","6","3","9"
"Onebear157","5","4","9"
"onegrimmreaper","4","5","9"
"OneTaper","4","5","9"
"onureercaan","5","4","9"
"ooommmeeerrr","5","4","9"
"oooooppppsss","4","5","9"
"oosass","4","5","9"
"Opaigh","4","5","9"
"oparex","5","4","9"
"ophiuchus123","4","5","9"
"Opiokbf_0","5","4","9"
"opop89","6","3","9"
"Oprea","5","4","9"
"Ops_sorry","4","5","9"
"Opule","4","5","9"
"orang-outan","5","4","9"
"oresteslise","4","5","9"
"orhanuk","4","5","9"
"Orlow-O","5","4","9"
"Ormidborbulous","5","4","9"
"Osama3838","4","5","9"
"Oscar_A6","4","5","9"
"oscar1708","5","4","9"
"oscar8624","5","4","9"
"oscarglyn","6","3","9"
"Oscarlsen78","5","4","9"
"OsccoCamus","4","5","9"
"OskarNS","4","5","9"
"osmancik_1299","5","4","9"
"Ottzelott","4","5","9"
"ouidius","3","6","9"
"Oussamatal","4","5","9"
"Ovgarol","3","6","9"
"OvidioBM","3","6","9"
"Owako461","4","5","9"
"owl_bowl","6","3","9"
"oxv","4","5","9"
"Ozumba_Mbadiwe","4","5","9"
"P-Genesis","4","5","9"
"p178ch","4","5","9"
"P1ayername","5","4","9"
"P1RU","4","5","9"
"P4vlos","5","4","9"
"Pa3k91","4","5","9"
"Pabieda","5","4","9"
"Pablitobicho","5","4","9"
"Pablo_2_0","4","5","9"
"pablo123456","5","4","9"
"pablo1b","5","4","9"
"pablomikel","6","3","9"
"pabloNjr","4","5","9"
"pablopzr","5","4","9"
"pacohorsten","4","5","9"
"Pacominimal","6","3","9"
"padlar","4","5","9"
"palamede49","5","4","9"
"palavr","4","5","9"
"paldforp","5","4","9"
"palmeraverde","4","5","9"
"palofpals","5","4","9"
"Pan1605","5","4","9"
"Panaxeh","4","5","9"
"pandelosil","4","5","9"
"paneiros","5","4","9"
"Pankaj8433","4","5","9"
"PannacottaPenguin","5","4","9"
"pantrokrator","4","5","9"
"Panzaku77","5","4","9"
"papa_reza","4","5","9"
"papagen0uk","5","4","9"
"Paparab","5","4","9"
"paparodriguez2023","5","4","9"
"Papavova49","4","5","9"
"Papol18","4","5","9"
"Parabellum09","4","5","9"
"ParasMehta","5","4","9"
"ParisMak","4","5","9"
"PARRA1957","4","5","9"
"pars0607","5","4","9"
"parthnagpal","5","4","9"
"pascalquartenoud","5","4","9"
"PasiTM","4","5","9"
"pataca","5","4","9"
"pataman","5","4","9"
"patauchess","5","4","9"
"Patr0la","4","5","9"
"Patrick0908","5","4","9"
"Patricks99","5","4","9"
"PatrickStarFish23","4","5","9"
"PATRIK1209","4","5","9"
"PatrikH","5","4","9"
"pattad","4","5","9"
"paul6307","4","5","9"
"Pauli_Stanislav","4","5","9"
"paulo-brificado","5","4","9"
"PaulP1","6","3","9"
"Pauly77","5","4","9"
"pavansuvarna","5","4","9"
"Pavel-vr","4","5","9"
"pawelgl","5","4","9"
"PawelRoman","4","5","9"
"pawn_the_hero","5","4","9"
"pawn-boy","5","4","9"
"Pawn402","5","4","9"
"pawnchesspilot","6","3","9"
"pawnish_me","4","5","9"
"pawnmulch","4","5","9"
"PawnToBeKnight","4","5","9"
"Pawnzombies","3","6","9"
"pazi111","4","5","9"
"pbchamp","5","4","9"
"pberk10","4","5","9"
"PCNL","4","5","9"
"pdlf626","5","4","9"
"Pedang_pusaka","5","4","9"
"pedrigno","5","4","9"
"Pedro4378","4","5","9"
"PedroMontenegro","4","5","9"
"PedroNeken","4","5","9"
"peitl","4","5","9"
"pelevalbuena","5","4","9"
"Pelican64","4","5","9"
"PenguinCookies","5","4","9"
"Penteus","4","5","9"
"pepinho123","4","5","9"
"PereBordellSarda","4","5","9"
"Perevozchikova_Liza","4","5","9"
"Perez85","4","5","9"
"perfectionrh","5","4","9"
"perfectnull","4","5","9"
"peroedegaard","5","4","9"
"pErSiA_mAsTeR","4","5","9"
"Pervy_navsegda","5","4","9"
"Peselmeister","4","5","9"
"PeshkinNos","4","5","9"
"Peter_I","4","5","9"
"petere","4","5","9"
"peterfile2","5","4","9"
"PeterGeorgievBG","4","5","9"
"Peterovski","5","4","9"
"PeterPetreli","5","4","9"
"petibaucsi","4","5","9"
"petitedander","5","4","9"
"petje100","4","5","9"
"PetrMorejsky","5","4","9"
"Petro10","4","5","9"
"petroline","4","5","9"
"Petrovich-88","4","5","9"
"Petrovich0103","6","3","9"
"Petrovich24","5","4","9"
"Peyman87","4","5","9"
"pharmtec","4","5","9"
"Phazzie","5","4","9"
"phcbranco","5","4","9"
"Phenomenal_Muaz","5","4","9"
"phever28","4","5","9"
"PhilDumont","5","4","9"
"Philgarnacho","5","4","9"
"PhilVanil","5","4","9"
"Phoenix304","4","5","9"
"PHRIVERADE07","5","4","9"
"pi6kotron","4","5","9"
"PichonDeLasker","5","4","9"
"pickalicious","4","5","9"
"pieczkinson","5","4","9"
"pieni_peruna","4","5","9"
"pietr0_fink","4","5","9"
"pigmentedlife","4","5","9"
"pilinitaa_89uwu","4","5","9"
"pille22","5","4","9"
"PillerLK","4","5","9"
"Pinchoo86","5","4","9"
"Pingvin43","4","5","9"
"PinkComb","4","5","9"
"Piotr_107","5","4","9"
"Piotrekelo010","3","6","9"
"Pipe146","5","4","9"
"pipo4","4","5","9"
"Pipposprea99","4","5","9"
"pirategav","5","4","9"
"PirateJayaraj","5","4","9"
"Piruloastato","4","5","9"
"pisces_ray","5","4","9"
"Pitagoraschile","5","4","9"
"PitchuloYT","5","4","9"
"piterwb3","5","4","9"
"Pitipoes","5","4","9"
"pittcontreras","3","6","9"
"PiyesYazari","4","5","9"
"piyush_theboss","4","5","9"
"Pj02","4","5","9"
"PlagueU","4","5","9"
"Player201223","4","5","9"
"playerBIG","5","4","9"
"playsmart","5","4","9"
"PlayTime2016","5","4","9"
"plucian","4","5","9"
"Pluusje","4","5","9"
"plzuze","4","5","9"
"PMonz","4","5","9"
"pmorpheee","5","4","9"
"Pochriamba","4","5","9"
"pocztix","5","4","9"
"podolakpl","4","5","9"
"Pointgiver","4","5","9"
"PokerPro1991","3","6","9"
"Pokhlebaev","4","5","9"
"poleuk","5","4","9"
"Polina-23","5","4","9"
"Polishchuk","5","4","9"
"PolonSky","4","5","9"
"Pomidor42","5","4","9"
"poncechess5","4","5","9"
"ponraed1","5","4","9"
"poorrichardsalmanack","4","5","9"
"poplockuser","5","4","9"
"Popo97","4","5","9"
"Poppete","5","4","9"
"Porfirio1","5","4","9"
"posetruls","5","4","9"
"PotlakoK26","5","4","9"
"PotMoftheMoon","5","4","9"
"Potto-san","5","4","9"
"pournima_101","5","4","9"
"PoussyTheCat","4","5","9"
"power0k_ttc","4","5","9"
"PowerOtter","5","4","9"
"poykunam","4","5","9"
"PP-Master","5","4","9"
"PP300","5","4","9"
"pr_mmm","4","5","9"
"pr00f","5","4","9"
"pr12444","4","5","9"
"PradaWalkin","6","3","9"
"pradeepTU","5","4","9"
"Praeseshoefnix","4","5","9"
"prajwol890","5","4","9"
"Prakashguna2904","4","5","9"
"Prander","4","5","9"
"PranilSingi","5","4","9"
"pratham95","5","4","9"
"pratyushkumar","4","5","9"
"preet989","4","5","9"
"Prefou","4","5","9"
"Premkhadka123456789","4","5","9"
"prezpa","4","5","9"
"Pri1729","6","3","9"
"PrimaryRadar","5","4","9"
"PrinceGamlet","4","5","9"
"princessnotqueen","5","4","9"
"PriorovSV","5","4","9"
"prisonmike07","4","5","9"
"priteshmehta","5","4","9"
"pro_paganda","4","5","9"
"pro100nekit","5","4","9"
"pro1nicolas","5","4","9"
"ProBatya","5","4","9"
"ProChessOnChess","4","5","9"
"Professoren7","3","6","9"
"profissionalnoob","5","4","9"
"ProfLou","3","6","9"
"profrankenstein","5","4","9"
"prokar_6","5","4","9"
"pronoobchessteroid","4","5","9"
"Prophiscient","3","6","9"
"prosec_shane","4","5","9"
"prosrIvan","4","5","9"
"prshntchauhan78","3","6","9"
"prxsxntfxture","4","5","9"
"Przemso","4","5","9"
"psal55","6","3","9"
"psalm55","5","4","9"
"psalmowen","4","5","9"
"psbs","6","3","9"
"Pshenisnov","4","5","9"
"psihijatar13","3","6","9"
"PsV_24","4","5","9"
"Psycho-99","5","4","9"
"PTC11","4","5","9"
"Pudex","4","5","9"
"pufflehuff00","4","5","9"
"pugmh33kai3","6","3","9"
"pukhavicc","4","5","9"
"pukhman","3","6","9"
"Pull-Me-Under","5","4","9"
"Pullakuski","6","3","9"
"Pungarov","5","4","9"
"pungentsquid","5","4","9"
"PunicaGranatum","4","5","9"
"punkout117PK","4","5","9"
"PuntersArePeople","5","4","9"
"PurpleDraco","4","5","9"
"purpleporcupine","4","5","9"
"PurpleTurtleRabbit","5","4","9"
"Pus1970","5","4","9"
"PushkalG","6","3","9"
"pushkaraj29","4","5","9"
"Pushkin_ivaan","4","5","9"
"Pusitunga","4","5","9"
"puzzlerum","5","4","9"
"pvfbets","5","4","9"
"pvk12345","4","5","9"
"pwner_pawn","4","5","9"
"Pycmuk","4","5","9"
"QDOPhucNguyen2011","5","4","9"
"qian_fu_zhe","4","5","9"
"Qmikhaila","4","5","9"
"qower","5","4","9"
"qrevel","5","4","9"
"qsasha","5","4","9"
"qtmz","4","5","9"
"qu-bit","4","5","9"
"Quantex_seven","4","5","9"
"Quantum_Spinor","4","5","9"
"QuCompson2","5","4","9"
"queltizi66","5","4","9"
"Quengasonfire","5","4","9"
"Quesito-Veloz","5","4","9"
"Quid_h8","4","5","9"
"qurratulaqma","4","5","9"
"Qusai777","4","5","9"
"QwertyAllanon","4","5","9"
"R_Cortes","6","3","9"
"R_Ivan_N","3","6","9"
"R-Feynman","3","6","9"
"R0ME0oo","5","4","9"
"R1nch1nov126","5","4","9"
"RabbidsInvasion","5","4","9"
"raddy92","4","5","9"
"RadekKrzyzewski1989","4","5","9"
"Radiance1612","5","4","9"
"RADIK_Penza777","3","6","9"
"RageBury","5","4","9"
"raghavgupta13190","5","4","9"
"RaghavJatia","5","4","9"
"raheemul","4","5","9"
"RAHmanganteng","5","4","9"
"rahulSingh_Chauhan","5","4","9"
"raiduk","5","4","9"
"Raikol2023","5","4","9"
"rainmaker1356a","4","5","9"
"rainrain","5","4","9"
"RajeevPant","5","4","9"
"rajeshdream11","4","5","9"
"Rajoah","6","3","9"
"rajparth","5","4","9"
"Raknovaday","5","4","9"
"RalphSoegel","6","3","9"
"RALRAL123","5","4","9"
"ramadanMostafa","4","5","9"
"Ramazan7","5","4","9"
"Rambold_Toni","5","4","9"
"Ramdan2003","5","4","9"
"RamiChamas313","4","5","9"
"ramin64","4","5","9"
"Rammms","4","5","9"
"ramon-cruz","5","4","9"
"Ramulu256","4","5","9"
"Ramza_jr","5","4","9"
"randomguyonthewww","5","4","9"
"randompiece","5","4","9"
"randomusername1234","5","4","9"
"randukanww_01","4","5","9"
"Ranqlja","4","5","9"
"Ranuzagawa","6","3","9"
"rapidC","5","4","9"
"raptisvg","4","5","9"
"rarora","4","5","9"
"rasheenchess","4","5","9"
"Rashid-1985","5","4","9"
"Rashin2023","4","5","9"
"Rasim3214","4","5","9"
"Rassypnov26","5","4","9"
"RaSuKh","4","5","9"
"Rauber1984","5","4","9"
"raulmartincaro","4","5","9"
"RAVI_SURYA123","4","5","9"
"RavilValiev","4","5","9"
"ray_meal","4","5","9"
"Ray_OZ","5","4","9"
"rayan-col","5","4","9"
"rayane03","4","5","9"
"rayo_fer","4","5","9"
"Rayson1","5","4","9"
"Rayuga123","4","5","9"
"Razer792","4","5","9"
"Razered","4","5","9"
"rbell40","4","5","9"
"RCChess2000","4","5","9"
"Rcfpas","4","5","9"
"rcnjs","4","5","9"
"rdenisio","4","5","9"
"rdiet","4","5","9"
"rdub88","4","5","9"
"Reaz17","4","5","9"
"Rebaz16","4","5","9"
"rebeka_rasht","4","5","9"
"rebgroshkover","4","5","9"
"reckless_monk","5","4","9"
"Reckt","3","6","9"
"Recontra-k","4","5","9"
"redhotlovertone","4","5","9"
"redinlight","5","4","9"
"reedyy","4","5","9"
"reemzzy","4","5","9"
"reflexhost","5","4","9"
"Reflexxivity","4","5","9"
"region62","4","5","9"
"Regis80","3","6","9"
"Reinholdhasi","3","6","9"
"ReiReins","5","4","9"
"Reluche","4","5","9"
"Remon-samer","4","5","9"
"rendykwang","4","5","9"
"Renjith1vkm","4","5","9"
"Reno84","5","4","9"
"Renztio","3","6","9"
"reskyfebrian","4","5","9"
"restinerest","4","5","9"
"RET41","4","5","9"
"reti-gg","4","5","9"
"Reuft","5","4","9"
"ReverseRathole","4","5","9"
"rewty3","5","4","9"
"Rex8","5","4","9"
"Rey_sin_cruz","4","5","9"
"reybo77","5","4","9"
"rezakh780","4","5","9"
"rezmajom","4","5","9"
"rgnhbf","5","4","9"
"rhanks","5","4","9"
"Rheign_Derano","5","4","9"
"RHON_64","3","6","9"
"RhymeViolin","4","5","9"
"Rian712026","4","5","9"
"Ricardo_CB10","6","3","9"
"Ricardo16313","7","2","9"
"riccardobassi97","4","5","9"
"RichardPIChess","4","5","9"
"RichCleveland","5","4","9"
"ricinuscommunis","5","4","9"
"Rick_and_Morty","3","6","9"
"rickmoranis","5","4","9"
"Rickypapon","5","4","9"
"Rickz27","5","4","9"
"Rider883","4","5","9"
"Riel16","5","4","9"
"rightitsrafa","6","3","9"
"rightnegro","4","5","9"
"Rigo12","4","5","9"
"RigorMortis93","4","5","9"
"rihan","6","3","9"
"rijollba","4","5","9"
"rimserg","4","5","9"
"RIMSKIYMAT","5","4","9"
"RINAT_05","4","5","9"
"Ringo_elestoico","4","5","9"
"rinneg4nplayer","4","5","9"
"riobabel","4","5","9"
"RIP_AYO","5","4","9"
"ririri1","4","5","9"
"Risent","4","5","9"
"rishabh_gupta","5","4","9"
"Rishabh_Nainwal","5","4","9"
"rishabm15","5","4","9"
"Rishi88ky","3","6","9"
"Rishikesh_Gaikwad","5","4","9"
"ristoff86","5","4","9"
"Ritofonjo","6","3","9"
"riX2k","4","5","9"
"rjcnbr","4","5","9"
"rjonatjan","5","4","9"
"Rkym","5","4","9"
"RM10","4","5","9"
"RM134","4","5","9"
"rniranjan25","4","5","9"
"robert-chiniquy","5","4","9"
"robertantes18","6","3","9"
"RobertHx","5","4","9"
"robin_hood08","5","4","9"
"Robirobistein","4","5","9"
"roboao","5","4","9"
"robsonkolo","5","4","9"
"Rock452","5","4","9"
"RockClimber","4","5","9"
"Rodbautista28","4","5","9"
"rodebeuk","4","5","9"
"Rodman22","4","5","9"
"Rodnikov","5","4","9"
"Rododendron4444","3","6","9"
"Rodos23","4","5","9"
"rodrigocostella","3","6","9"
"rodrigoparada","4","5","9"
"Rodster69","4","5","9"
"roeslerjon","4","5","9"
"roger71092","5","4","9"
"rogo69","5","4","9"
"Roham1371","4","5","9"
"ROHILSAHA123","4","5","9"
"Rohithben","3","6","9"
"rohitisme","5","4","9"
"RokiShopen","5","4","9"
"RollinAbrahamLunt","5","4","9"
"romaha88","5","4","9"
"RomaMok","4","5","9"
"RomanTrubeckoy","5","4","9"
"Romanur","5","4","9"
"romtresbeau","4","5","9"
"ron2324","4","5","9"
"RoninHaider","5","4","9"
"Ronnien","3","6","9"
"rook_mover","4","5","9"
"rook_tkg","4","5","9"
"RookCooker77","5","4","9"
"RooneyChess","4","5","9"
"RoqueElDiez","5","4","9"
"RoseAbbot","5","4","9"
"Rosscup","4","5","9"
"rotatingblue","5","4","9"
"RotenUr","4","5","9"
"Roti_jadul","5","4","9"
"RoundMoundOfRebounds","3","6","9"
"Rouven21","5","4","9"
"rowdyrenegade","5","4","9"
"RoyalChess2013TR","4","5","9"
"RozzarioKID","4","5","9"
"RR1991","4","5","9"
"rraodp","4","5","9"
"RRG06","4","5","9"
"rrondane","5","4","9"
"rroobbiinn","5","4","9"
"RSevillano","6","3","9"
"Rstar7","5","4","9"
"ru008","5","4","9"
"Ruanra","4","5","9"
"rubenhallo","5","4","9"
"Rubinjud","4","5","9"
"Rudrigo","4","5","9"
"Rugalgami","4","5","9"
"Ruiz_Marquez_joselui","4","5","9"
"RuliyoGM","4","5","9"
"Rummstein","5","4","9"
"Run_King_Run","5","4","9"
"RUNitUP2311","4","5","9"
"Ruslah_83","4","5","9"
"RustemTaldykorgan","5","4","9"
"RustRam81","4","5","9"
"ruz1355","5","4","9"
"RVEP","4","5","9"
"RWillz21","4","5","9"
"Ryaa05","5","4","9"
"RyallCrescent","4","5","9"
"ryan_r14","5","4","9"
"ryan1389","4","5","9"
"ryanof","5","4","9"
"rynkensvein","4","5","9"
"Ryugaer14","4","5","9"
"RzultyPan","4","5","9"
"S_6EQUJ5","5","4","9"
"S_T_93","5","4","9"
"s_xela","5","4","9"
"s-p-goesboink","5","4","9"
"s90knight","5","4","9"
"Saad56","4","5","9"
"saba00","4","5","9"
"Sabbath_Rest","5","4","9"
"Sabclaro","5","4","9"
"sabmer13","5","4","9"
"Sachal","4","5","9"
"Sackumar","5","4","9"
"Sadaan","3","6","9"
"saddamO0","5","4","9"
"Saddlerswells","4","5","9"
"sadovskie_ms","3","6","9"
"Sae_kotabandung","5","4","9"
"saeed4376501","6","3","9"
"saeedbojnourd","4","5","9"
"saeednejatiyan","4","5","9"
"sah_quel_biscuit","4","5","9"
"sahal150","5","4","9"
"sahel99","5","4","9"
"sahil_dhappi","4","5","9"
"Sahilsagwal","5","4","9"
"sahnadir","5","4","9"
"Sahnesittich","5","4","9"
"sahujibittu","4","5","9"
"Said-05rus","5","4","9"
"saidarfoudi","5","4","9"
"Saimanju922","4","5","9"
"SAINT_LAURENT_DON","5","4","9"
"SainTmaN","5","4","9"
"sajadmoradi1380","4","5","9"
"sajo99","5","4","9"
"sakhchess","5","4","9"
"Sakk1972","4","5","9"
"sakr1424","3","6","9"
"sakuragaoka","4","5","9"
"Salemsalem22","5","4","9"
"SalihDmr","4","5","9"
"salihim007","5","4","9"
"salihucp","4","5","9"
"Sallust","4","5","9"
"Saloedina1","4","5","9"
"SalT2002","5","4","9"
"SaltedCarrot27","4","5","9"
"salv100","5","4","9"
"salva93","5","4","9"
"Salvador1985","4","5","9"
"sam2dmax","5","4","9"
"SamanthaJay2005","4","5","9"
"Samaruco_I_el_Grande","5","4","9"
"samat01","5","4","9"
"sampat-jm","5","4","9"
"samqr33","3","6","9"
"samuelsamzdavid","5","4","9"
"Samuelugo","5","4","9"
"samwhiteside","4","5","9"
"sancheg3131","4","5","9"
"sanchezpouvoir","4","5","9"
"Sandman78","4","5","9"
"sandman97","3","6","9"
"Sandolino","5","4","9"
"SandyClaws91","5","4","9"
"SanGhaRsh11","6","3","9"
"sania1111","5","4","9"
"sanitrack","6","3","9"
"Sanjar98","5","4","9"
"SanjiBai","4","5","9"
"SanjoaSupertramp","4","5","9"
"sankit","6","3","9"
"sanmisha","5","4","9"
"Sanrich1990","5","4","9"
"santanu200","3","6","9"
"santiago1","4","5","9"
"SanTiagoBornebao","4","5","9"
"santormento","5","4","9"
"santoso69","6","3","9"
"saper246","4","5","9"
"saquall","5","4","9"
"Saramariesb","5","4","9"
"Sardon47","4","5","9"
"sardorqodirov90","5","4","9"
"Sarehal75","5","4","9"
"SargisM","4","5","9"
"sari_patates","4","5","9"
"Sarkar11","5","4","9"
"Sarkis001","4","5","9"
"Sarpercaliskan","3","6","9"
"Sarsala","5","4","9"
"saruman321","4","5","9"
"Sarwika","3","6","9"
"SashaBelenkova","5","4","9"
"Sashanikov","4","5","9"
"Sashvin0001","5","4","9"
"sasiralla","5","4","9"
"sasl0kk","5","4","9"
"sasyken","5","4","9"
"satforu","5","4","9"
"Sathiship","5","4","9"
"Satish712","4","5","9"
"satnicko57","5","4","9"
"satrancburak1","5","4","9"
"satrancsever5","5","4","9"
"Satyast","6","3","9"
"saurav911","4","5","9"
"savemenico","6","3","9"
"SayatKrs","6","3","9"
"sayem77","4","5","9"
"Sayl","4","5","9"
"SBatmaz","5","4","9"
"sbello","5","4","9"
"sbongiz_low","5","4","9"
"Scanda_02","5","4","9"
"ScarletBegonias77","4","5","9"
"Scarriee","5","4","9"
"Scary-Knight","7","2","9"
"scbaj","3","6","9"
"schach_hartmut123","4","5","9"
"Schachaholic","5","4","9"
"SchachBeimEssen","5","4","9"
"schachblocki","4","5","9"
"Schacherle","5","4","9"
"schaho","5","4","9"
"Schakalaka132","5","4","9"
"Schalkie","3","6","9"
"Scharlatan_S","5","4","9"
"Schlego","4","5","9"
"SchmaulFabel","4","5","9"
"Schokoladenzeit","4","5","9"
"schrodinwierwon","3","6","9"
"schruv","4","5","9"
"Schuhmacherr","5","4","9"
"SchweizerGardee","5","4","9"
"schwitzer14","5","4","9"
"SCi77","5","4","9"
"Scooch86","5","4","9"
"Scooter1276","4","5","9"
"Scott_Adkins","5","4","9"
"scovadado","5","4","9"
"SD63","5","4","9"
"SdZane","3","6","9"
"Se13astian","5","4","9"
"sealionscool","4","5","9"
"seaman248","4","5","9"
"sebabogni","4","5","9"
"sebaspalomo","5","4","9"
"Sebastian1907","4","5","9"
"sebastianMC541","5","4","9"
"sebi70000","5","4","9"
"Seborius","4","5","9"
"Secktorial","5","4","9"
"Seculars","4","5","9"
"sedlic88","3","6","9"
"sedore","4","5","9"
"seelyreal1","5","4","9"
"seer3","5","4","9"
"Seixas_38","5","4","9"
"Sejmute","4","5","9"
"seltugzey","6","3","9"
"Sem2100","4","5","9"
"semens2013","4","5","9"
"semichki","5","4","9"
"Semih31","5","4","9"
"semihdalgin","4","5","9"
"semlimites","3","6","9"
"SemYilmaz","4","5","9"
"sen_prahalad","4","5","9"
"seniorveteran65","4","5","9"
"SENKRAA","5","4","9"
"senorsexy","4","5","9"
"Sensiz1m","4","5","9"
"senya-2_54","3","6","9"
"SepuIka","5","4","9"
"ser_mickey","4","5","9"
"Serdar_gozen","4","5","9"
"serdelnoss","5","4","9"
"Serg0_47","5","4","9"
"serg050982","4","5","9"
"Sergeantpol","4","5","9"
"SergeHolz","5","4","9"
"SERGEI26572","4","5","9"
"Sergej1983","4","5","9"
"sergey_XX","5","4","9"
"Sergey7575","4","5","9"
"SergeyB78","4","5","9"
"SergeyKim","5","4","9"
"SergiY1392","4","5","9"
"SergKuk","5","4","9"
"Sergz7","5","4","9"
"serhannasuh29","5","4","9"
"seriousivan","5","4","9"
"serkansezgin","5","4","9"
"serompov","5","4","9"
"serrade","5","4","9"
"serutas","5","4","9"
"Servantik1979","4","5","9"
"Servet1984","5","4","9"
"Set_Lore_Play919","4","5","9"
"setien","5","4","9"
"seub","4","5","9"
"Sevenster","4","5","9"
"SeweN_nnn7","5","4","9"
"sexonac","5","4","9"
"SeyaUreta","4","5","9"
"seyed-deaf","2","7","9"
"seyidov_grandmaster2","5","4","9"
"sGuerrero","4","5","9"
"Shabashev_Vsevolod","6","3","9"
"Shacoshop","4","5","9"
"SHADI_311","5","4","9"
"Shadim_Kishlib","5","4","9"
"shady_jnr","5","4","9"
"shahaaabtaaheripoor","5","4","9"
"Shahmatior2022","5","4","9"
"shahnurarefin007","3","6","9"
"shahriyarmammadli","5","4","9"
"shahriyor2010","4","5","9"
"shahyn94","3","6","9"
"SHAJIKUMAR","5","4","9"
"Shake12","4","5","9"
"shamammad","5","4","9"
"shameonyoo","6","3","9"
"Shammakhhh","4","5","9"
"Shanguito","4","5","9"
"shaniiii14","4","5","9"
"Shantanu12345","4","5","9"
"sharikadzeika","5","4","9"
"sharky564","5","4","9"
"SharpWr","4","5","9"
"shashank007","5","4","9"
"Sheetal62438","4","5","9"
"shekhar1","4","5","9"
"ShellingFord05121412","5","4","9"
"shen0065","4","5","9"
"shenghaley","4","5","9"
"Sherlock-17","6","3","9"
"SHERLOCKEDDDDD","4","5","9"
"shess77","4","5","9"
"Shestakof_Andr","4","5","9"
"shestor","5","4","9"
"Sheziffi","4","5","9"
"shiftsayan","3","6","9"
"Shishirperu","5","4","9"
"ShivajiTodkar","5","4","9"
"shivamrajvansh","5","4","9"
"shivasinha","4","5","9"
"ShmuliCh","4","5","9"
"Shockn_Awe","4","5","9"
"Shompom","5","4","9"
"ShpeeleeVeeLeee","5","4","9"
"Shram-spb","4","5","9"
"Shree18","4","5","9"
"Shreyas1a","4","5","9"
"Shridhar99","5","4","9"
"shrugalsawant7","6","3","9"
"shubhamcelldweller","4","5","9"
"Shufro80","4","5","9"
"shuher237","5","4","9"
"Shulakov_Artyom","5","4","9"
"shvet599","4","5","9"
"shy_solan","6","3","9"
"sick2queens","5","4","9"
"sidarcabuk","5","4","9"
"sidbnskan_4d567","5","4","9"
"Siddarth_giri","6","3","9"
"sideline_slav","4","5","9"
"sidlen","4","5","9"
"siege2022","3","6","9"
"Sierpien","5","4","9"
"sigmaphi","5","4","9"
"signature987","4","5","9"
"SiK2023","5","4","9"
"sika74","4","5","9"
"sikute03","4","5","9"
"SillyBOY_258","5","4","9"
"Silmaz","4","5","9"
"SimGalaxyBrain","5","4","9"
"Simonster77","5","4","9"
"Sinadro","4","5","9"
"SINAIX","4","5","9"
"sinandemiray","5","4","9"
"sindab","5","4","9"
"Singaravela","3","6","9"
"singhgabbar846","5","4","9"
"Sir-Gacious","4","5","9"
"Sirdon","5","4","9"
"sis3r","6","3","9"
"siva4k2000","4","5","9"
"siva678","5","4","9"
"sixfeetup","4","5","9"
"SiyovushXonqa","4","5","9"
"SizovVitaly","4","5","9"
"sjlikeschess","5","4","9"
"sjoerdcamps","5","4","9"
"sjoks93","4","5","9"
"sk180","4","5","9"
"Skatmiss","5","4","9"
"skaya5081","4","5","9"
"skeem","5","4","9"
"skillz234","5","4","9"
"Skinnyjoe49","5","4","9"
"skm_chess","4","5","9"
"Skralj","5","4","9"
"SKRG","5","4","9"
"Skroger","5","4","9"
"SKS5287","4","5","9"
"Skul9","3","6","9"
"skullhunter","5","4","9"
"Skvelociraptor","4","5","9"
"Skynie","5","4","9"
"SLABIFOR","5","4","9"
"slade_green2000","4","5","9"
"slashead","5","4","9"
"slavaklara","5","4","9"
"Slavanog","4","5","9"
"Slemanhabeeb","5","4","9"
"Slfalcon","5","4","9"
"slim_indian_guy","4","5","9"
"slim2003shady","5","4","9"
"Slouma99","5","4","9"
"Slowcold","4","5","9"
"slowlasse","4","5","9"
"Slowmoshion","5","4","9"
"slowpro100","5","4","9"
"slowwave96","4","5","9"
"SlowZauber","4","5","9"
"slyonebob","4","5","9"
"Slythervol","4","5","9"
"SmashBot","6","3","9"
"smef1k","4","5","9"
"SmejdHubert09","5","4","9"
"smileyman3","5","4","9"
"SmilingDeath","4","5","9"
"Smithagopal","3","6","9"
"smoere","5","4","9"
"smogromano","3","6","9"
"smoldas","3","6","9"
"SnakeFlaco","4","5","9"
"SnakeXS","5","4","9"
"Snaxkey","5","4","9"
"snehj7","5","4","9"
"snipercop","4","5","9"
"snipermode","6","3","9"
"SNKCHESS","5","4","9"
"Sobolew","4","5","9"
"sobrawi","5","4","9"
"SochiMary","5","4","9"
"SocratessDefense","3","6","9"
"sofia88","4","5","9"
"Sofianeee","3","6","9"
"softwarepleb","6","3","9"
"soggytal","5","4","9"
"sohel96","5","4","9"
"Sokokrey","4","5","9"
"SolemnHypnotic","4","5","9"
"solewkr","4","5","9"
"sometimesiplay","5","4","9"
"somikhailov","4","5","9"
"SongLy","5","4","9"
"Soroush_m","4","5","9"
"sosyokopat","4","5","9"
"sotarmen","4","5","9"
"Souhail207","4","5","9"
"soumya007","4","5","9"
"Soupayan","5","4","9"
"SOUSYUP","5","4","9"
"spacebowie","4","5","9"
"SpaceCowboy02","5","4","9"
"spacs13","4","5","9"
"SPAN22","5","4","9"
"sparke33","4","5","9"
"SPARTA0407","5","4","9"
"sparta41","6","3","9"
"SpecialChessburger","4","5","9"
"spekus","4","5","9"
"spemin","4","5","9"
"Spiked_pinguas","6","3","9"
"spikeHEAD_55","5","4","9"
"Spikiliblessing","4","5","9"
"Spikispaki","2","7","9"
"SpinozistChestDumb","5","4","9"
"Spiralos","5","4","9"
"spirl","5","4","9"
"spishanc","5","4","9"
"SplashLeChat","5","4","9"
"Split04","4","5","9"
"splittheatom","4","5","9"
"Spon777","5","4","9"
"sportcris","4","5","9"
"sprnter","5","4","9"
"Sprush1","5","4","9"
"spsuraj","4","5","9"
"spyros77","4","5","9"
"Sq1v1zY","5","4","9"
"Squid104","6","3","9"
"Squirrelpup","6","3","9"
"sreedhar747","4","5","9"
"sresthyadav","4","5","9"
"srikruthinK","5","4","9"
"Srinivasakurathi","5","4","9"
"Srisaaikumaran","4","5","9"
"srjptl007","4","5","9"
"srmtee","5","4","9"
"ssaamm18","6","3","9"
"sshoa","4","5","9"
"SSmusa","5","4","9"
"st0yan","5","4","9"
"stansplan","5","4","9"
"STAVROS1994","4","5","9"
"std500","4","5","9"
"Steelers6","6","3","9"
"SteezySauce","6","3","9"
"Stefan256","6","3","9"
"Stefano1Ravenna","3","6","9"
"Steinerbrodo","4","5","9"
"Stekube","6","3","9"
"StenlyPazl","5","4","9"
"Stepan682257","4","5","9"
"StepanYesayan","5","4","9"
"StephenBaker","5","4","9"
"stesor95","3","6","9"
"Stevan_Savic","4","5","9"
"Steve_exe","5","4","9"
"stfmarin","5","4","9"
"Stfn95","4","5","9"
"Stich11","5","4","9"
"sticknobills","4","5","9"
"stijnvermeeren","5","4","9"
"stil-learning","5","4","9"
"stillflippin","5","4","9"
"stivgi","4","5","9"
"Stockfishbaby","5","4","9"
"stojadin_101","5","4","9"
"stokespower","6","3","9"
"Stongcm_Forza","4","5","9"
"StormXPhoenix","4","5","9"
"STousi","5","4","9"
"strathspey","4","5","9"
"StrawHattt","6","3","9"
"Streck74","4","5","9"
"STRUZZOVERDE","5","4","9"
"Stubenfisch","4","5","9"
"stuhunger","5","4","9"
"subbugct","5","4","9"
"subhradeepbiswal","4","5","9"
"subs197","4","5","9"
"subzeropotty","4","5","9"
"Sufyan14","5","4","9"
"suheilos95","4","5","9"
"sujay143","5","4","9"
"sujay1992","4","5","9"
"SULAKYURTLU71","3","6","9"
"Sulfurik_asit","5","4","9"
"Suman1222","5","4","9"
"sumitguptamech","4","5","9"
"Sunmachine","4","5","9"
"Sunnyblaze","4","5","9"
"suntzu148","4","5","9"
"SUP-Argie","5","4","9"
"Superdawg96","5","4","9"
"SuperJason26","3","6","9"
"Superklokan","5","4","9"
"superlogi","5","4","9"
"superseva","4","5","9"
"supert0f","4","5","9"
"SupremeOne1","5","4","9"
"SurajPotekar","5","4","9"
"suren130","4","5","9"
"SurenArnold","5","4","9"
"surgeon2108","5","4","9"
"surya53189","4","5","9"
"Suryansh_2111","5","4","9"
"suryonoksv","5","4","9"
"susanjacob","5","4","9"
"SushiNathan","4","5","9"
"suskica","4","5","9"
"suspectagb","6","3","9"
"Suspense0","4","5","9"
"susumu","5","4","9"
"Suzukicrossover","5","4","9"
"svenner666","5","4","9"
"Svet92","4","5","9"
"Svnkv","4","5","9"
"SVW07","4","5","9"
"sw0rd3m1n","3","6","9"
"Swargajyoti_Gan","5","4","9"
"swgl","5","4","9"
"Sworden","5","4","9"
"Syahmi1812","5","4","9"
"syamsul_ar0906","4","5","9"
"SyedCM","4","5","9"
"Sykorsky","4","5","9"
"sylvain1986","4","5","9"
"sypniok","4","5","9"
"szachmatyy","5","4","9"
"szmark","5","4","9"
"szus","5","4","9"
"Szymon1336","4","5","9"
"szymonberezowski22","5","4","9"
"T_44","5","4","9"
"T_FrostBabyShark","3","6","9"
"t_leonenrique","4","5","9"
"T-Luck","6","3","9"
"t0m114","5","4","9"
"T187","5","4","9"
"ta_ss","4","5","9"
"taccou","4","5","9"
"tackzus","4","5","9"
"tactic_boy1","5","4","9"
"Taegr2008","6","3","9"
"Tafresh-Tafresh","5","4","9"
"taha_128","6","3","9"
"taha_arowana","5","4","9"
"taha1970","6","3","9"
"TahDarius","5","4","9"
"TahirCatal","5","4","9"
"Tajasch","4","5","9"
"takacmakac","4","5","9"
"Takalulu","5","4","9"
"TakeBanana","5","4","9"
"talalksa1","5","4","9"
"Talasam","4","5","9"
"Talha40","5","4","9"
"Taliskman47","4","5","9"
"tallerjpablo","4","5","9"
"Talqueasi","4","5","9"
"Tamoamo","4","5","9"
"TAmunaESAdze","4","5","9"
"tanbabapro","4","5","9"
"TanbodMahmoud","5","4","9"
"tanmay_benjwal","4","5","9"
"tanmayegoli","5","4","9"
"tanriverT","4","5","9"
"tanujchess","5","4","9"
"Tanuki1357","4","5","9"
"Tapia_Mura","5","4","9"
"TareaFina","5","4","9"
"Tarek_25","4","5","9"
"tariqdavenchi","5","4","9"
"Tarlan013","5","4","9"
"TastyNugget","6","3","9"
"Tatancho","5","4","9"
"tatar32","5","4","9"
"TatarinUfa4","5","4","9"
"Taulu0707","4","5","9"
"TAVARATRA","5","4","9"
"tbbsgbs","6","3","9"
"Tccambs","5","4","9"
"TEA31","4","5","9"
"TeacherChess2School","5","4","9"
"TeamForEver","5","4","9"
"Teckox","5","4","9"
"teddy_c","4","5","9"
"Teemusakari","4","5","9"
"teigum","5","4","9"
"tejp5137","5","4","9"
"TekashiXXX","4","5","9"
"telecheo","5","4","9"
"Temirlan08070","4","5","9"
"temporeggiatore","3","6","9"
"Tenderman","5","4","9"
"Tengo_25","4","5","9"
"tennersgnissel","4","5","9"
"Tenormanius","5","4","9"
"tensorchess","4","5","9"
"TEO5439","5","4","9"
"tercio_de_muleta","3","6","9"
"tere_olider","5","4","9"
"terisone","5","4","9"
"Terrence888","3","6","9"
"Terrode","4","5","9"
"Tertulias2","4","5","9"
"teryo","4","5","9"
"tescl","5","4","9"
"Tessarect","6","3","9"
"testunit","4","5","9"
"texasaustin","5","4","9"
"tgulliksen","5","4","9"
"ThabG","4","5","9"
"ThaFather","4","5","9"
"Thapelo88","4","5","9"
"Tharuneish","4","5","9"
"thaultrabulletmaster","4","5","9"
"The_cazafantasmas","4","5","9"
"the_chi","5","4","9"
"The_Joker3011","4","5","9"
"The_Mentalist_SA","6","3","9"
"the_One214","5","4","9"
"The_PunisherX23","5","4","9"
"the_worst_move","4","5","9"
"The-family-chess","4","5","9"
"TheAlexSupe","3","6","9"
"TheBishopAvenger","4","5","9"
"theblubber","3","6","9"
"TheBreaveHeart","4","5","9"
"thecoldfield","4","5","9"
"TheComicBrat","4","5","9"
"TheCoteen","5","4","9"
"TheDeepestPawn","5","4","9"
"thefrankliniii","4","5","9"
"thegreymaster","4","5","9"
"TheHodor","4","5","9"
"TheHouseThe","3","6","9"
"Thelast01820","4","5","9"
"Thelastramps","4","5","9"
"TheLoneWolf0410","4","5","9"
"themetrofarmer","4","5","9"
"Theo_19","4","5","9"
"TheOnePiece_IsReal","5","4","9"
"therealsigma69","4","5","9"
"therhinoburger","5","4","9"
"theronthegr8","4","5","9"
"Therooklift","3","6","9"
"theshadow2483","4","5","9"
"thesibistiin","4","5","9"
"thesonofsaul","4","5","9"
"TheTiltedPatzer","4","5","9"
"TheTumTum","2","7","9"
"Thevelociteon","5","4","9"
"thewazir","4","5","9"
"thewhitemark","3","6","9"
"thewildwess","5","4","9"
"thewolfraven","5","4","9"
"theyukai","5","4","9"
"thhi","6","3","9"
"ThibaultR","4","5","9"
"thierrynieus","4","5","9"
"thingofajigger","4","5","9"
"thinkerbro","4","5","9"
"Thisaintcheckers1986","5","4","9"
"thlaude","5","4","9"
"Thom93","4","5","9"
"thomanov","5","4","9"
"Thomary","5","4","9"
"Thomas_Manchester","4","5","9"
"Thomasi1000","4","5","9"
"ThomasKings","4","5","9"
"THOR66","5","4","9"
"Thorkaas","5","4","9"
"Thulani224","5","4","9"
"thunderkebab","4","5","9"
"Thunderwood","4","5","9"
"thurr5555","6","3","9"
"THxnfinn","5","4","9"
"ti-midi","5","4","9"
"tibetkayali","4","5","9"
"tiffy_nitiv","3","6","9"
"Tiger-Petrosyan","5","4","9"
"TIGG0923","4","5","9"
"TigreAllegro","4","5","9"
"TilATQ","4","5","9"
"Tilqi_Gin","4","5","9"
"Tima22052012","5","4","9"
"tima240508","4","5","9"
"timbo_slice_97","4","5","9"
"Timbo98","4","5","9"
"TimeoL17","4","5","9"
"TimesNewRoman59","5","4","9"
"timetoarrive","4","5","9"
"Timmski","5","4","9"
"Timokhin_Vyacheslav","5","4","9"
"TimorMajan","4","5","9"
"timosuomesta","5","4","9"
"Timotheus_00","6","3","9"
"timothy5389","5","4","9"
"timothybolle","5","4","9"
"TimStewart","6","3","9"
"Timur12350525091206","4","5","9"
"TinchoMartinez","4","5","9"
"Tincu","4","5","9"
"TiniWiniBiti","3","6","9"
"TinMetalMaster","4","5","9"
"tiosonsoner","5","4","9"
"Tipos","5","4","9"
"tirdadshahriar","4","5","9"
"titoba","5","4","9"
"TitouanAm","4","5","9"
"Titten","5","4","9"
"titus44","5","4","9"
"Tj4rkMate","4","5","9"
"Tkach88","4","5","9"
"TKCTWBD","4","5","9"
"tking716","6","3","9"
"Tlotlo_bw","4","5","9"
"tltdddnsd","4","5","9"
"tm2383","4","5","9"
"tnul69","5","4","9"
"toanado","5","4","9"
"ToArga","5","4","9"
"ToastOnToast","5","4","9"
"tober2000","4","5","9"
"Tobermorey","4","5","9"
"tobi_f98","3","6","9"
"tobi689","5","4","9"
"TOBIEEE","5","4","9"
"tobinskinsky","5","4","9"
"Toboggan","5","4","9"
"tobyoak","5","4","9"
"toddwynn","4","5","9"
"tofig01","3","6","9"
"tokischa","4","5","9"
"Tolik83","3","6","9"
"tom9718","3","6","9"
"Tomate_sem_Casca","4","5","9"
"tomatenboite","5","4","9"
"tomi_seque","4","5","9"
"TomLNK","3","6","9"
"Tommotl","5","4","9"
"Tommychess78","5","4","9"
"TommyTagliatelle","4","5","9"
"tommyxd","4","5","9"
"tomtom0406","5","4","9"
"Tonga1","4","5","9"
"Tongahorse","4","5","9"
"TonicT","5","4","9"
"ToniMontana","5","4","9"
"tonkosebastijan2","4","5","9"
"tony75000","4","5","9"
"tonyn9o","5","4","9"
"Too_slow_2_weak","5","4","9"
"toothbetold","5","4","9"
"toothpickwasher","4","5","9"
"Top_seed","5","4","9"
"Top4jump","5","4","9"
"topasteroid","5","4","9"
"TopBucket","6","3","9"
"Torgelauer","5","4","9"
"TormentorQQ","4","5","9"
"Toromoreno","4","5","9"
"TortoiseSolo1","5","4","9"
"Toshiro_Kaizen","6","3","9"
"Totar4ik","5","4","9"
"totiluis","4","5","9"
"toto972","4","5","9"
"totossaf","4","5","9"
"totoybato07","5","4","9"
"toughingen","5","4","9"
"towerhill","4","5","9"
"Toxic_aF007","6","3","9"
"tperetto","4","5","9"
"TPoipoi","4","5","9"
"Tradixx","4","5","9"
"traffico","5","4","9"
"Training4champz2021","4","5","9"
"trawetz03","3","6","9"
"TraxlerTrailer","3","6","9"
"tricoster","4","5","9"
"trkdmrl","5","4","9"
"TRKKDK","4","5","9"
"Tronnix","4","5","9"
"tropicanooo","5","4","9"
"TroppoScarso1970","4","5","9"
"Truxchess","5","4","9"
"tryanotherone","5","4","9"
"TS81DD","5","4","9"
"Tsagadar","4","5","9"
"tsalwelaa","4","5","9"
"tschonsen","3","6","9"
"tsepelovo_zagori","4","5","9"
"TSIkk","5","4","9"
"Tsimane","4","5","9"
"TsukiHama","5","4","9"
"Tsumifa","6","3","9"
"tuanabuse","6","3","9"
"Tuanlesage","4","5","9"
"TubelJohn","4","5","9"
"tugay1079","4","5","9"
"Tuguta","4","5","9"
"Tuimelaar","5","4","9"
"tummen56","5","4","9"
"turboV8","5","4","9"
"TurboVince","5","4","9"
"turco2000","4","5","9"
"turex","4","5","9"
"turingdeslandes","5","4","9"
"TURK0","4","5","9"
"turkjs","4","5","9"
"turkuaz82","4","5","9"
"turkummben35","6","3","9"
"TutLarsan","5","4","9"
"Tvangeste","4","5","9"
"TWO_MOVERS","4","5","9"
"Txier","6","3","9"
"Ty_Mackall","6","3","9"
"tyagiaman","4","5","9"
"TygoBKMN","5","4","9"
"tylereaux","4","5","9"
"Tylkoszachy","3","6","9"
"TypischAndy01","4","5","9"
"Tzumoonggie","4","5","9"
"uatwo","4","5","9"
"UB47","5","4","9"
"UberXMarginal","4","5","9"
"ucastrobr","4","5","9"
"ufuksaylan","4","5","9"
"Ugandalf","3","6","9"
"UGE75","4","5","9"
"Uhtred-Benedetta","5","4","9"
"Uijkt","4","5","9"
"Ukik0205","4","5","9"
"ukokosha","6","3","9"
"ulasfather","5","4","9"
"ulkermva","5","4","9"
"Ultimate_Sh0wdown","5","4","9"
"umahbub","5","4","9"
"UmbertoRUS","5","4","9"
"umutalyu","5","4","9"
"UNACCEPTABLE1111","5","4","9"
"undertext","4","5","9"
"unityLang","3","6","9"
"unknown_durden","4","5","9"
"unrealcity","4","5","9"
"unrealized","4","5","9"
"UnundulatingUngulate","5","4","9"
"Upani","5","4","9"
"upoe610","5","4","9"
"Upsoul","3","6","9"
"urmiaaa","4","5","9"
"urvilande","5","4","9"
"urwelcome2rome","4","5","9"
"Usef1990","3","6","9"
"usmonovgayrat","6","3","9"
"usta26","4","5","9"
"Ustronianek1329","4","5","9"
"Utamapametula","4","5","9"
"utatangumep","4","5","9"
"utfiyogupinij89h706r","6","3","9"
"Utkarshnigam","5","4","9"
"utsabraj94","4","5","9"
"Uurcan26","4","5","9"
"uzeyirmyd","4","5","9"
"V4ldeSalnikov","5","4","9"
"v4n_g0gh","6","3","9"
"Va1kq","4","5","9"
"VAAIVL535","4","5","9"
"vadimoshepkov2011","5","4","9"
"vahedi00","6","3","9"
"Vahid_enferadi","6","3","9"
"vaibhav22222","4","5","9"
"Vaibhav2b","3","6","9"
"Vaibhavi_A_15_05","5","4","9"
"valenoksab","4","5","9"
"Valenquiss","4","5","9"
"Valentin88","6","3","9"
"valeto99","5","4","9"
"valney_arcanjo","5","4","9"
"ValoLaTour","4","5","9"
"Valter_Chess","4","5","9"
"Vandesh","5","4","9"
"VanDuk","4","5","9"
"vanhohenheimdelauz","4","5","9"
"VanNinhvippro2012","5","4","9"
"VanRoy","3","6","9"
"vanstan","5","4","9"
"VanyaBar","4","5","9"
"Varan13","5","4","9"
"Vardanyan2015","5","4","9"
"Vardi00","4","5","9"
"Varg88","4","5","9"
"varkeymanjaly","4","5","9"
"VarnhaerVanSoafen","6","3","9"
"Vasisdac","4","5","9"
"VaskO_da_GamA","5","4","9"
"Vasquez12","5","4","9"
"Vasubeda","4","5","9"
"Vatraxotsipoura","5","4","9"
"Vatsoneta","4","5","9"
"vcksiraswar","5","4","9"
"VCXP","5","4","9"
"VecoZg","4","5","9"
"ved5398","6","3","9"
"VedranPrlac","4","5","9"
"Veganfriendly","4","5","9"
"VeliborRistic","4","5","9"
"Venividivici995","4","5","9"
"Venugopal_Iyer15","4","5","9"
"VenusChild","5","4","9"
"VeralKe","4","5","9"
"verdy002","4","5","9"
"veronica2005","5","4","9"
"vertus2","5","4","9"
"vetleisgod","5","4","9"
"Vezell","5","4","9"
"vgl_power","6","3","9"
"Vh3lox","5","4","9"
"vhz","4","5","9"
"ViatchesLove","5","4","9"
"vibhorkataria","5","4","9"
"vic787","4","5","9"
"vicejuric","4","5","9"
"Victor_Golubev","4","5","9"
"VictorCanaviri","5","4","9"
"VictorChavarria","4","5","9"
"VictorLanderos01","4","5","9"
"vidyasagar2017","4","5","9"
"viertlinho","4","5","9"
"Vigen93","5","4","9"
"Vigilante_SQH","4","5","9"
"Vignesh33","5","4","9"
"vijayAG4","4","5","9"
"VIJETA_35","5","4","9"
"viju007","6","3","9"
"VikaNekrasova","4","5","9"
"Vikastein","5","4","9"
"VikasWhipper","3","6","9"
"vikiprono","4","5","9"
"Viktor-Vi","5","4","9"
"ViktorGritsuk","5","4","9"
"Vilktime","5","4","9"
"vilson0530","4","5","9"
"vim122","4","5","9"
"vimalach","5","4","9"
"vinamine","4","5","9"
"Vinay9542","4","5","9"
"VINCENT_DE","5","4","9"
"VincenzoLoTurco","4","5","9"
"Viniboy","5","4","9"
"viniciogp","5","4","9"
"Vinilui","4","5","9"
"VinnyVega73","4","5","9"
"vino_mann","5","4","9"
"virarnab","4","5","9"
"Viremind","4","5","9"
"virge","5","4","9"
"virogens","4","5","9"
"vishnayev","4","5","9"
"vishnunandan","4","5","9"
"vit3bsk","6","3","9"
"VitorVitorVitor","4","5","9"
"VITTE_02","5","4","9"
"viveksa","6","3","9"
"vivid_orange","4","5","9"
"vizak88","4","5","9"
"VizcarraForever","4","5","9"
"vizuvizu","4","5","9"
"VJAY_DHK","4","5","9"
"vk_9","5","4","9"
"vking18","4","5","9"
"Vlad_NiDiN","4","5","9"
"Vlad1221","5","4","9"
"vlad4444444","5","4","9"
"vlad77159","5","4","9"
"VladeDivac","4","5","9"
"Vladiclav2033","5","4","9"
"Vladimir_Filbramov","4","5","9"
"Vladimir_Nikolaevich","4","5","9"
"Vladimirsvd","4","5","9"
"vladislavik","4","5","9"
"VladV65","4","5","9"
"VladyslavLikhoshva","4","5","9"
"Vleseprd","5","4","9"
"vlso","4","5","9"
"Vltg3","5","4","9"
"vn18","4","5","9"
"vogulu","5","4","9"
"vojkan","3","6","9"
"volandino","6","3","9"
"VoodooCowboy","5","4","9"
"Vortex_007","5","4","9"
"vova_usachenko","4","5","9"
"vovo4ka_o_da","3","6","9"
"Vremya","5","4","9"
"vrkp323","5","4","9"
"vroemiii","4","5","9"
"vrudys","5","4","9"
"vuk","4","5","9"
"vvith3ase","4","5","9"
"W-thirdpower","3","6","9"
"Wackkk","4","5","9"
"waleednole","5","4","9"
"walkweezy","4","5","9"
"Walter_2021","5","4","9"
"WaltHeinz","5","4","9"
"warlord4hlava","5","4","9"
"warrior479","4","5","9"
"WaseemSaeed","4","5","9"
"Wasil1968","4","5","9"
"WassiiMauve","5","4","9"
"waterjug","5","4","9"
"watershed8a","4","5","9"
"wavydavy894","4","5","9"
"Wayil","4","5","9"
"wd50","6","3","9"
"WebChain","6","3","9"
"Weigand","4","5","9"
"WelkyWerry","5","4","9"
"Wendy_93","4","5","9"
"wenicwjijf","5","4","9"
"werallpawns","4","5","9"
"Werelbunny","4","5","9"
"wereskok","5","4","9"
"Wesdmond","5","4","9"
"westkorn","4","5","9"
"westlifeunited","4","5","9"
"Wethermoor","3","6","9"
"Whalla_2023","5","4","9"
"whanabe","4","5","9"
"WhatsThisGameCalled","5","4","9"
"WheatKing","5","4","9"
"Wheelcutter23","4","5","9"
"WhenDeathIsOnTheLine","3","6","9"
"Whilson_Abrantes","4","5","9"
"whiteboar","5","4","9"
"whiteunicorn28","4","5","9"
"widiherdiana01","3","6","9"
"WidmannIgor","4","5","9"
"wildcat77","5","4","9"
"wildmonkeyy","4","5","9"
"wildzicool","5","4","9"
"will417","4","5","9"
"WillDun","3","6","9"
"William_Li0104","5","4","9"
"WilliamRueca","4","5","9"
"williebob","4","5","9"
"willtreaty26","4","5","9"
"Wilson02","5","4","9"
"Wilson8614","4","5","9"
"wilsoncg1982","5","4","9"
"wilsonge","5","4","9"
"windandrain3","5","4","9"
"WindKindTrinkt","4","5","9"
"winner4ever81","4","5","9"
"WinterVault","5","4","9"
"wiredvibe","4","5","9"
"wirker","4","5","9"
"WismutAue","5","4","9"
"wissem1","5","4","9"
"witallik","4","5","9"
"Wittusek","4","5","9"
"Wizard_of_North","4","5","9"
"wizard0504","5","4","9"
"wizardontheedge","4","5","9"
"wko","5","4","9"
"WlasnyKing","6","3","9"
"wmaamw","4","5","9"
"woapa","4","5","9"
"wodiel","4","5","9"
"WokeJEsus","5","4","9"
"wolf80","4","5","9"
"Wolfgang55","4","5","9"
"wolteer","4","5","9"
"Woneu2","4","5","9"
"wood1960","4","5","9"
"Woodywoodpeckr","6","3","9"
"Wrona12","4","5","9"
"wronabart","5","4","9"
"wtk11","4","5","9"
"wtncffts","3","6","9"
"wubbzy","4","5","9"
"Wuilmarfg","4","5","9"
"WurstWilli","5","4","9"
"Wush","5","4","9"
"xabisolla","5","4","9"
"xadrez3000","5","4","9"
"Xadrezless","4","5","9"
"xake11","4","5","9"
"xannyxanny","4","5","9"
"xasanjanov_x","4","5","9"
"Xavazrou","5","4","9"
"Xaxel","3","6","9"
"xblackman","5","4","9"
"xenax1","4","5","9"
"xenones","4","5","9"
"Xerxesx","4","5","9"
"xiddw","5","4","9"
"ximarismenos","5","4","9"
"Ximbater","6","3","9"
"Xlforce21","5","4","9"
"xMaXaMx","4","5","9"
"xopyc78","5","4","9"
"Xram1234","5","4","9"
"xrhxty","3","6","9"
"xRifte","5","4","9"
"XurshidSattorov1","5","4","9"
"xwedaye_mezin","4","5","9"
"xX_rE_Xx","5","4","9"
"XxBirhanXx","5","4","9"
"xxjacexx1","5","4","9"
"XxtornadoxX","5","4","9"
"xxxlutz","5","4","9"
"Yaarendrupurigiratha","5","4","9"
"Yacksparrow","5","4","9"
"YAG1990","4","5","9"
"yagopa1967","5","4","9"
"Yahya9999","4","5","9"
"Yako7","5","4","9"
"Yalomed","5","4","9"
"Yamasadat","6","3","9"
"yamawakii","4","5","9"
"yanchuz","5","4","9"
"yanisslayer","5","4","9"
"YankeMark","5","4","9"
"Yapsososorry","4","5","9"
"Yarchis","5","4","9"
"YashAutar","4","5","9"
"yashvi_s3569","4","5","9"
"yasiyoruzbe","4","5","9"
"yass789","6","3","9"
"Yassine-H","6","3","9"
"YASSINESAHRAOUI1111","6","3","9"
"Yatumba","5","4","9"
"YaYakuzy","5","4","9"
"yazgan09","5","4","9"
"Ybakk","4","5","9"
"Ybeyzt","3","6","9"
"ydb1500","5","4","9"
"YearOfGlad","6","3","9"
"yeayea202","4","5","9"
"YeeIamBad","3","6","9"
"YellowBanana2021","6","3","9"
"yemotoye","4","5","9"
"yenss","5","4","9"
"yenvh","4","5","9"
"Yeremi_Val","4","5","9"
"yessen3103","4","5","9"
"Yessy123","6","3","9"
"YevgenyRiga","5","4","9"
"Yfyf69","4","5","9"
"ygthn24","5","4","9"
"yhoreI_2012","5","4","9"
"yiit12","4","5","9"
"Yinam","5","4","9"
"yirgogo","4","5","9"
"YKing51","5","4","9"
"ymagho","5","4","9"
"ymsharif","4","5","9"
"yn1364","5","4","9"
"Yngveee","4","5","9"
"yoan86","5","4","9"
"Yodal","4","5","9"
"Yoellevano","4","5","9"
"YogiBear244","5","4","9"
"YokiYoshi","4","5","9"
"Yondavid1979","4","5","9"
"yong_magnus1","4","5","9"
"Yonny1","4","5","9"
"yorkville","4","5","9"
"yosefasadi1212","6","3","9"
"Yosipower","6","3","9"
"yosub1","5","4","9"
"younes_al19","5","4","9"
"YourCheckmate","4","5","9"
"YOUREGONNALOOSE","4","5","9"
"yourfathersmustache","4","5","9"
"YoussefMohamed11","4","5","9"
"ysetbon","4","5","9"
"ytltkmrj","4","5","9"
"Yudin_Mcs","4","5","9"
"Yumihei","3","6","9"
"yungneo08","5","4","9"
"Yunushth","4","5","9"
"Yura_Smirnov","4","5","9"
"Yuri_Marti","5","4","9"
"Yuri61","4","5","9"
"yuric1","4","5","9"
"yurisatoh","5","4","9"
"Yurivbo","5","4","9"
"yurkov-ivan","5","4","9"
"Yurochichek123","4","5","9"
"yusefamereed","5","4","9"
"Yusie","4","5","9"
"YusufSargn","5","4","9"
"Yvernne","5","4","9"
"YYST","3","6","9"
"z0wex","5","4","9"
"za64","4","5","9"
"Zagreus_69","4","5","9"
"zagstef","4","5","9"
"zahircarrillo","5","4","9"
"zaki_malakpet","4","5","9"
"zakiyet1734","4","5","9"
"Zambo_King","5","4","9"
"Zaxar2010","4","5","9"
"zayaan_ok","4","5","9"
"zaza1234","3","6","9"
"ZdbkG","6","3","9"
"zdeneks","4","5","9"
"zebrafish10","6","3","9"
"Zeca_Pagodinho","4","5","9"
"Zedomorto","5","4","9"
"Zeekless","4","5","9"
"ZeeshanAli","5","4","9"
"ZeitVertzerer","4","5","9"
"ZelenyyKarandash","4","5","9"
"Zemerillo","5","4","9"
"Zenoku","4","5","9"
"Zentinela","5","4","9"
"Zeref_D","5","4","9"
"Zero_accuracy","6","3","9"
"zestfulshail","6","3","9"
"Zeuboy","4","5","9"
"zeus555","5","4","9"
"zeynepkaya58","5","4","9"
"ZFTRW_Almeida","4","5","9"
"ZGM_Samostically","4","5","9"
"ZHALILBEK","4","5","9"
"zhanshina","4","5","9"
"zharhator","5","4","9"
"zharko15","5","4","9"
"zie09","4","5","9"
"ZigguratOfUr","6","3","9"
"ziggyziggy44","5","4","9"
"ZiGiZ","4","5","9"
"ziko001","4","5","9"
"ZiltoidTheNerd","5","4","9"
"zimnik2205","4","5","9"
"Zingey","4","5","9"
"ZinnyPan","5","4","9"
"zipyjoe","5","4","9"
"Ziquodam","3","6","9"
"ZlicyJoe","4","5","9"
"Zlotov_Viktor","4","5","9"
"Zloy_Ingush","5","4","9"
"znanan","4","5","9"
"Zockerdave","4","5","9"
"zockerzocker","3","6","9"
"ZoelMendez89","5","4","9"
"zoso907","4","5","9"
"ZovkoM","4","5","9"
"zstef","4","5","9"
"zsukos","5","4","9"
"zteam","3","6","9"
"ZTemirkhan","4","5","9"
"Zugzvangovic","5","4","9"
"Zupabdi","5","4","9"
"zupppaaaa","4","5","9"
"zurprize123","4","5","9"
"zusammenisomer","5","4","9"
"zuugzwaang","4","5","9"
"zvangiro","4","5","9"
"zwex95","5","4","9"
"Zyadah","3","6","9"
"zygo9","5","4","9"
"Zzkasparov","4","5","9"
"ZzyZzy1234","5","4","9"
"A_Abdollahi_1","4","4","8"
"a_borodin","4","4","8"
"A_KhairyA","3","5","8"
"a-clkmsr","4","4","8"
"A-r-t-e-m07","4","4","8"
"A3Art2009","4","4","8"
"a7mdluffy","4","4","8"
"A842","4","4","8"
"aaaasef5","3","5","8"
"Aaahhh67","4","4","8"
"aadarsha_what","4","4","8"
"AadheshSridhar","4","4","8"
"aadhir","4","4","8"
"Aaditya275","3","5","8"
"AAGhafori","4","4","8"
"AAGreat","3","5","8"
"AAH265","4","4","8"
"Aainur","4","4","8"
"Aakash858","4","4","8"
"Aakashkuruvayil","5","3","8"
"aannellie","4","4","8"
"aaqaaq","4","4","8"
"aaravthegoat1","4","4","8"
"Aaravtulsyan2023","3","5","8"
"AaronGoffsteinFL","3","5","8"
"aarush_2008","3","5","8"
"Aavinw","3","5","8"
"Aayandesh","4","4","8"
"aayushmurari0","5","3","8"
"abadrj1","4","4","8"
"Abbasdar","4","4","8"
"Abchack2444","4","4","8"
"abd_elshafy","4","4","8"
"abdalmoula","4","4","8"
"abdo0diab2000","4","4","8"
"abdonegm111111111","4","4","8"
"abdouv092","3","5","8"
"Abdulrahman0","3","5","8"
"AbdulrhmanSH","4","4","8"
"abduqapar","4","4","8"
"abere64","4","4","8"
"abhi-kant","4","4","8"
"Abhijitsil","5","3","8"
"abhisheksonar74","5","3","8"
"abiiqbal","3","5","8"
"abilay2980","3","5","8"
"abimaelito123","4","4","8"
"abner93rubiks","4","4","8"
"abnermorana","5","3","8"
"Aboasaud","5","3","8"
"AboMaleka","4","4","8"
"AbOod_5","4","4","8"
"Abramov_Oleg","4","4","8"
"abrent0","4","4","8"
"Abrorjon_ahrorovich","4","4","8"
"Abstract1on","4","4","8"
"Abu_Aya","4","4","8"
"Abuloff","2","6","8"
"AbuRashed","4","4","8"
"ABZR","4","4","8"
"AcceptYourFate","5","3","8"
"Accountingsht","4","4","8"
"AceDePuma","4","4","8"
"aceofbass","5","3","8"
"acg","4","4","8"
"achik7","5","3","8"
"AchillesTalon","4","4","8"
"Achmaz_IR","3","5","8"
"achyutr","4","4","8"
"AConneely93","5","3","8"
"ACT254","4","4","8"
"acvc02","4","4","8"
"Adam_Albashaireh","4","4","8"
"Adam22222222","4","4","8"
"adamchst","4","4","8"
"Adami3c","3","5","8"
"adammate","3","5","8"
"Adamov","4","4","8"
"adampp93","5","3","8"
"AdamWl87","5","3","8"
"Adar6327","3","5","8"
"ADATIN","3","5","8"
"addmad1989","4","4","8"
"Adel71","4","4","8"
"adelokasha356","5","3","8"
"ademozdemir","3","5","8"
"Adeptyyy","4","4","8"
"Aderson","5","3","8"
"adfe2q","4","4","8"
"AdhritHarish","4","4","8"
"adit1509","5","3","8"
"Aditya_140202","4","4","8"
"ADITYA_69i","5","3","8"
"adityam","4","4","8"
"Adjom","4","4","8"
"Adriftnickel","5","3","8"
"adu_chess","4","4","8"
"Advaithtg","4","4","8"
"advice001","5","3","8"
"aeidolon","4","4","8"
"aekirathore1","4","4","8"
"aeoneto","4","4","8"
"Af12499","3","5","8"
"afdavid77","4","4","8"
"AFewAngry","4","4","8"
"Affoe","3","5","8"
"Afrancisco","4","4","8"
"African_Firoujza","4","4","8"
"africanmate","4","4","8"
"AfricanUnderDogg","4","4","8"
"afshin_to_ooj","4","4","8"
"aftrdrk0","3","5","8"
"Agent101","4","4","8"
"agftrapstar","4","4","8"
"Agitsna_Rahman","3","5","8"
"AGUSDEUSTO","3","5","8"
"Ahat_karabuluttr","4","4","8"
"Ahda11","5","3","8"
"ahijitghosh93","4","4","8"
"ahmadarasyiddin","4","4","8"
"Ahmed_98R","3","5","8"
"ahmed_anis","3","5","8"
"ahmed_shobak","3","5","8"
"ahmedamr_4050","5","3","8"
"AhmedKhaled13","4","4","8"
"AhmedMBoshtok1","4","4","8"
"AhmedMohsen98","3","5","8"
"Ahmedsaad30","3","5","8"
"ahmedshalaby84","3","5","8"
"Ahmedttahaa","4","4","8"
"AhmedWaelAbdAllah","5","3","8"
"Ahmet_Hakan_06","4","4","8"
"ahorso","4","4","8"
"AI_IA","3","5","8"
"Ai-ool1990","4","4","8"
"aikaik","4","4","8"
"aikidoaikikan","5","3","8"
"AimDll","6","2","8"
"aiminazri","3","5","8"
"Ainur_Khasanov","5","3","8"
"AIR94","5","3","8"
"airix24","4","4","8"
"AiurBazarjapov3","4","4","8"
"Ajaychess12","4","4","8"
"AJMP777","3","5","8"
"AjoyHandique","4","4","8"
"ajsdui","4","4","8"
"Ak_prajapati","3","5","8"
"AkakiyAkakiyevic","4","4","8"
"akashakash100","4","4","8"
"AkashiSeijuurou","4","4","8"
"Akbarhasanzada","5","3","8"
"Akewjon","5","3","8"
"Akhil07777","5","3","8"
"aki1980","5","3","8"
"Akilzhan228","4","4","8"
"Akizy18","5","3","8"
"Akkerrai","4","4","8"
"Akmalsad","4","4","8"
"AkNk","5","3","8"
"akok1020","4","4","8"
"AKRAM69","4","4","8"
"Aks77","4","4","8"
"AksAga","4","4","8"
"Aksh_07","4","4","8"
"Akshat0402121","4","4","8"
"akshatgoel285","4","4","8"
"aksubugraeege01","5","3","8"
"Akustiko","4","4","8"
"Alainagdan","5","3","8"
"AlainPie","4","4","8"
"alan87sh1","4","4","8"
"alantaca89","4","4","8"
"alanvgo","5","3","8"
"alawyhj","4","4","8"
"albab123","3","5","8"
"alber210","4","4","8"
"albertmips","5","3","8"
"alberto533","5","3","8"
"Alberto8","3","5","8"
"albertomiblueblue","3","5","8"
"albertoprocacci","4","4","8"
"alcapone10","5","3","8"
"Alcurnia","4","4","8"
"Aldobaran","4","4","8"
"ale299","5","3","8"
"ale71","4","4","8"
"aleepik","3","5","8"
"Aleixiou","4","4","8"
"Alejandro-Fdez","4","4","8"
"Alejandro20020","4","4","8"
"alejandrocg81","4","4","8"
"aleks_kar","6","2","8"
"Aleks_Liskov","5","3","8"
"Aleks19101972","3","5","8"
"Aleks95","5","3","8"
"Aleksandr_Kalugin","5","3","8"
"aleksandrchumikov","4","4","8"
"AlekseiM_18","4","4","8"
"Alekseybest","4","4","8"
"AlekseySpiridonov","5","3","8"
"alena2977","3","5","8"
"AleSpo2323","4","4","8"
"alessandroIgnatenka","4","4","8"
"alevol73","5","3","8"
"Alex_cov","3","5","8"
"Alex_I_E","4","4","8"
"Alex_OP","4","4","8"
"alex_shur1995","4","4","8"
"alex_ssh","3","5","8"
"Alex08_2014","4","4","8"
"Alex576","5","3","8"
"Alex7608","4","4","8"
"Alexander_Alekhine1","3","5","8"
"AlexanderAP","4","4","8"
"alexanderluttens","6","2","8"
"alexandre_34","4","4","8"
"alexandriii79","3","5","8"
"AlexandroBest","5","3","8"
"AlexandrZXC","4","4","8"
"alexberry16","4","4","8"
"alexbrainer","4","4","8"
"AlexCher2604","4","4","8"
"AlexCIC","5","3","8"
"alexcrj","4","4","8"
"ALEXEI55","3","5","8"
"AlexeyRos","5","3","8"
"Alexis89","4","4","8"
"alexisvladimir","5","3","8"
"AlexIvanovich","4","4","8"
"Alexsandrojr","4","4","8"
"AlexTheEgg","5","3","8"
"AlexYu1976","4","4","8"
"Alf_sag6432","4","4","8"
"AlfilFou","4","4","8"
"alfon51292","4","4","8"
"Alfred_xyz","4","4","8"
"Alfred966","4","4","8"
"AlfredBanda88","4","4","8"
"AlfredG","4","4","8"
"alhunt146","4","4","8"
"ali_saleh95","4","4","8"
"ali_sobouti","4","4","8"
"ali-soufi3","4","4","8"
"ali0016","4","4","8"
"Ali313mb","5","3","8"
"alianzalima22","5","3","8"
"aliasSize","3","5","8"
"alibaba786","4","4","8"
"alidayoub","3","5","8"
"alien_grey","4","4","8"
"alien19","4","4","8"
"alifuatbbalik","4","4","8"
"alihaider1988","4","4","8"
"alik0001","4","4","8"
"alikkimron","3","5","8"
"alimacit","4","4","8"
"alir0o","4","4","8"
"Alireza-SCI","4","4","8"
"alirezajalili","4","4","8"
"Aliuakbar","3","5","8"
"alkalav","5","3","8"
"alko42","3","5","8"
"alleyCatZi","4","4","8"
"allom96","3","5","8"
"allymango","5","3","8"
"Almagest12","4","4","8"
"Almogalbert","4","4","8"
"Almoustatil","3","5","8"
"ALO115","4","4","8"
"AlOm55","4","4","8"
"ALP_CHESS0","4","4","8"
"Alp_cinar61","5","3","8"
"AlphaBeta96","5","3","8"
"alpildan","4","4","8"
"alpl","4","4","8"
"AlPol1963","4","4","8"
"alpre1977","4","4","8"
"alpural","4","4","8"
"alreadyinusepls","3","5","8"
"also-b","3","5","8"
"Alt_Pranto2002","3","5","8"
"Altcs","4","4","8"
"altopianoblu","5","3","8"
"Altora","4","4","8"
"ALuciaMeTraiu","4","4","8"
"alvaroquintero","5","3","8"
"Alyxandre","3","5","8"
"Amadix","4","4","8"
"Amagea","4","4","8"
"aman_ash","4","4","8"
"Aman_Khandwe","5","3","8"
"AmangTuning","4","4","8"
"amanitaphalloides","4","4","8"
"Amarah","6","2","8"
"Amashaabhimani","4","4","8"
"amazess","5","3","8"
"amazingburrito12","4","4","8"
"ambassador01","4","4","8"
"AMchess-b2b","3","5","8"
"Ameerasek","3","5","8"
"Ameet1011","4","4","8"
"Aminalamir","4","4","8"
"AmineMejd","5","3","8"
"aminos1900","4","4","8"
"aminought","5","3","8"
"AMIR_0188","4","4","8"
"Amirarsalansajajid","4","4","8"
"amishhacker5","5","3","8"
"Amit_CarreerNova","5","3","8"
"Amjad_zgebh2003","4","4","8"
"amlananshuman","4","4","8"
"ammar_hm","4","4","8"
"ammar14danial","3","5","8"
"AMoGuS2123","5","3","8"
"Amoktime","4","4","8"
"amongasxd666","3","5","8"
"Amorichess","4","4","8"
"amr10","4","4","8"
"Amrhamza200","4","4","8"
"AmRice","3","5","8"
"amrsaleh779","4","4","8"
"amulya7654","3","5","8"
"an3m3t","3","5","8"
"anaizor","5","3","8"
"anakasara","4","4","8"
"anakinskywalkern","5","3","8"
"AnalDestroer228","5","3","8"
"Analyse4","4","4","8"
"Anam","4","4","8"
"Anand0204","3","5","8"
"Anand7Narahari","3","5","8"
"Anandrdz","5","3","8"
"Ananth_krishnanh","4","4","8"
"AnasSufyan","4","4","8"
"Anatolii_Kono","5","3","8"
"anbudax11","4","4","8"
"and3mi","4","4","8"
"andgle","4","4","8"
"AndileMadlabane","4","4","8"
"Andra000","5","3","8"
"andrade_tayson","4","4","8"
"andre_fischi0n","4","4","8"
"andre_renis","4","4","8"
"Andrea20","4","4","8"
"andreafbl","4","4","8"
"AndreasIversen","5","3","8"
"andreising","3","5","8"
"AndreiSukhov","3","5","8"
"Andres_Gar","4","4","8"
"andrewjohnson19","2","6","8"
"AndrewKao","3","5","8"
"Andrey_S5","3","5","8"
"Andrey32","4","4","8"
"Andrey4Fun","4","4","8"
"Andreyxxx","4","4","8"
"androidec888","3","5","8"
"Androkakoisvili","4","4","8"
"Andromeda83","4","4","8"
"Andros85","4","4","8"
"AndrzejA","5","3","8"
"Andy982","3","5","8"
"Andymano","4","4","8"
"AndyRo_HH","5","3","8"
"anfego","3","5","8"
"angel5500","4","4","8"
"angeletmussol","4","4","8"
"AngelofDeath66","5","3","8"
"AngshumanT","4","4","8"
"anhtuan299","3","5","8"
"AniketKumarRoy","4","4","8"
"anino88","5","3","8"
"anirudhbhaskar","5","3","8"
"Anish10","4","4","8"
"anishgt","4","4","8"
"anizan19","5","3","8"
"AnjanFalakata","4","4","8"
"anjfermante","4","4","8"
"anjiru39","5","3","8"
"Anjjel1921","5","3","8"
"ankit3039","4","4","8"
"ankithatria","4","4","8"
"Ankur71998","4","4","8"
"anlsglam35","4","4","8"
"anmol98","3","5","8"
"Anna_M25","5","3","8"
"Anonnimus","5","3","8"
"Anoopvijayapalan","4","4","8"
"anorexy","4","4","8"
"Anotherdudex1","3","5","8"
"anotherhadi","4","4","8"
"AnoxicWaters","4","4","8"
"Anri_S","4","4","8"
"anschev","4","4","8"
"anshsinghal69","5","3","8"
"ansichart","4","4","8"
"Ansite","4","4","8"
"AnSpaHain","1","7","8"
"Ant_38","4","4","8"
"antaran2","4","4","8"
"antavirus2018","4","4","8"
"anthony_113_29","4","4","8"
"Anton_nicko","5","3","8"
"Anton97","4","4","8"
"antonblue11","5","3","8"
"AntonGTS","5","3","8"
"antonicolin77","3","5","8"
"antoniosgeme","4","4","8"
"AntoniuxBlock","3","5","8"
"AntonRodrigo","4","4","8"
"AntonyP","5","3","8"
"anudeep_002","4","4","8"
"AnugrahBiju","5","3","8"
"Anupam49","4","4","8"
"ANURAGSRV164","3","5","8"
"aoricac","4","4","8"
"Apauloh","4","4","8"
"ApexTheBest06","5","3","8"
"Apfelschorli","5","3","8"
"apo_pek","3","5","8"
"ApoBaz","5","3","8"
"Appeldorian","4","4","8"
"ApplePeachWitch","4","4","8"
"Apps1234","4","4","8"
"Appu_Devajith","3","5","8"
"appulo","5","3","8"
"aq_bure","4","4","8"
"arabicteyyare7","5","3","8"
"aradaryanpour","4","4","8"
"aranelisilra","4","4","8"
"arash_vsh","4","4","8"
"arash90en","5","3","8"
"ARASHBN14","4","4","8"
"AraviCoolio","3","5","8"
"aravkat91","4","4","8"
"arawana99loco77","3","5","8"
"Archer7205","2","6","8"
"ArcherSagi84","3","5","8"
"Archibald8","5","3","8"
"Arda_Turan-2010","3","5","8"
"Ardagh","4","4","8"
"AreenMedrano","5","3","8"
"arekkonczyk","4","4","8"
"Aremufc","3","5","8"
"Ares21","4","4","8"
"aresan","4","4","8"
"Areyouguysplaynchess","5","3","8"
"arisan19","4","4","8"
"arisuhu","4","4","8"
"aritraiitk","4","4","8"
"Aritz2","5","3","8"
"AritzH","3","5","8"
"ariyan005","4","4","8"
"arjunpandavath","5","3","8"
"Ark008","4","4","8"
"arkhi_pushkin","5","3","8"
"arlind97","4","4","8"
"armagnac","5","3","8"
"armanahmadi","3","5","8"
"armandoguerrero","5","3","8"
"Arnav1305","4","4","8"
"Arnavprabhu","5","3","8"
"Arnold1919","3","5","8"
"AronLevonian","4","4","8"
"ARookHouse4Bobby","4","4","8"
"aroraishaan29","4","4","8"
"arqam78","5","3","8"
"ArrozConHabichuelaRD","5","3","8"
"arrrrrr7000","4","4","8"
"Arsenium86","3","5","8"
"Arsh_Upadhyaya","4","4","8"
"Arsimi1","4","4","8"
"ArslanFriend","4","4","8"
"arsusha_dabibadaboba","4","4","8"
"artbest11","4","4","8"
"Artem_Mostepanov","4","4","8"
"Arthrospira","4","4","8"
"Arthur373","3","5","8"
"Artos-muscitier","3","5","8"
"Arturekkk","3","5","8"
"ArtusFleca","3","5","8"
"artyfrosh","4","4","8"
"AryamanSheth","4","4","8"
"AryanKadam11","4","4","8"
"as_kaya","5","3","8"
"As1974","4","4","8"
"as432434","3","5","8"
"asafetidov","4","4","8"
"asd08080","4","4","8"
"asdffdsaasdffds","4","4","8"
"asdfg270","4","4","8"
"asfjepofi320jr2","3","5","8"
"Asgard-09","3","5","8"
"asgerh","4","4","8"
"ash_kana","4","4","8"
"Ashakiran","4","4","8"
"AsHOp16","4","4","8"
"Ashraf_Alsayad","4","4","8"
"ashutoshs98","4","4","8"
"ashwanisingh","4","4","8"
"ashwath17","4","4","8"
"AsimAdhikari1","4","4","8"
"aspidddr","4","4","8"
"ASpiffingChap","4","4","8"
"AssenGever","3","5","8"
"Asta45","4","4","8"
"Astorga","4","4","8"
"astralis33","5","3","8"
"Astrioth","4","4","8"
"asuata","3","5","8"
"Aswin_2006","4","4","8"
"atajan","4","4","8"
"Atakan_52","3","5","8"
"Atakanada","4","4","8"
"Ataley","4","4","8"
"ataturk31","4","4","8"
"atb1983","4","4","8"
"ates-888","4","4","8"
"athemm","3","5","8"
"Ati61612","5","3","8"
"Atick","4","4","8"
"atlas999","4","4","8"
"atlasarda","4","4","8"
"Atom235","4","4","8"
"atosorigin","4","4","8"
"atsmelih","4","4","8"
"attacklover2","3","5","8"
"attonitus","4","4","8"
"atw","5","3","8"
"AudreySky","5","3","8"
"Augeef","4","4","8"
"augustooo21","5","3","8"
"aureo75","5","3","8"
"aurotorres","4","4","8"
"Austin-Chen","3","5","8"
"austinnsoma","4","4","8"
"aUsui","3","5","8"
"auxjahat_thereal","4","4","8"
"Avalokisthevara","4","4","8"
"avanes2202","4","4","8"
"avaracenter","4","4","8"
"Avatar_01","4","4","8"
"Avec_4","5","3","8"
"Avemo","4","4","8"
"Avib","5","3","8"
"Avijitdey","4","4","8"
"avinashk8","4","4","8"
"avitvil","5","3","8"
"avliSahpaR","3","5","8"
"Avramov_Ilia","4","4","8"
"awaketripod","5","3","8"
"awakhiwe","4","4","8"
"awesome119","4","4","8"
"Awindy-Jordan","4","4","8"
"AWinnyWiens","3","5","8"
"AwkardParsnip","4","4","8"
"Awtsu","4","4","8"
"awzkpfwbzp","3","5","8"
"Axaria","5","3","8"
"axile21","4","4","8"
"axret","4","4","8"
"AY64chess","4","4","8"
"ayaterrahman","4","4","8"
"AydarShah","3","5","8"
"Ayepraman","3","5","8"
"AYGUN77","4","4","8"
"AykhannM","4","4","8"
"ayomoses","4","4","8"
"Ayophill","4","4","8"
"ayoung86","6","2","8"
"Azadi94","4","4","8"
"b_Dj","5","3","8"
"B1_66ER","3","5","8"
"B4ban_MSY","5","3","8"
"b4mars","5","3","8"
"B61365098RODRIGO","4","4","8"
"ba_ki","6","2","8"
"Babajani82","4","4","8"
"babamasoud","5","3","8"
"babapower","4","4","8"
"Babayev_1","4","4","8"
"Babbasone","4","4","8"
"babikir","3","5","8"
"bacchs","4","4","8"
"backpedalingpawn","4","4","8"
"badboy12313","4","4","8"
"badplayer_77","4","4","8"
"badran2020","5","3","8"
"badreligion2023","4","4","8"
"Badrul670","3","5","8"
"badstaaf12","4","4","8"
"Baibek031","4","4","8"
"Baikonur99","4","4","8"
"BairischeVariante76","5","3","8"
"bakajuice","5","3","8"
"Balaban_Danila","4","4","8"
"balade10","3","5","8"
"balamut","4","4","8"
"Balassiano","5","3","8"
"balenottera","4","4","8"
"Balgaboy","5","3","8"
"Ballero","3","5","8"
"BaloyiP","4","4","8"
"Balu24","5","3","8"
"BamdadQQ","4","4","8"
"Banach13","4","4","8"
"bananamanman","6","2","8"
"Bandola2020","4","4","8"
"Baniquedmon","3","5","8"
"Banknot","4","4","8"
"banonymousss","4","4","8"
"bansalmohit","4","4","8"
"Bantai","4","4","8"
"Baralex2021","4","4","8"
"baranovegor1989","3","5","8"
"Barazarte1994","4","4","8"
"barbar07","3","5","8"
"Barbowd","4","4","8"
"Bardiafarrokhi","6","2","8"
"BarisCelik1","4","4","8"
"barisszieh","4","4","8"
"baristokrat99siken","4","4","8"
"Barlovento10","4","4","8"
"Barnabelilia","4","4","8"
"BaronKempelen","4","4","8"
"BartekMach82","4","4","8"
"BarterAlker","4","4","8"
"bartonbiggs","4","4","8"
"bartos-johan","4","4","8"
"Barx10","4","4","8"
"bas31415926535","5","3","8"
"basgnmiskin","4","4","8"
"Basil82","5","3","8"
"Bassanin","4","4","8"
"BassJohn_24","3","5","8"
"Basti85k","5","3","8"
"Batav","4","4","8"
"Batiwest","4","4","8"
"BATman6576","5","3","8"
"batt6868","3","5","8"
"batuhannozen","5","3","8"
"BauersuchtD4me","4","4","8"
"Bavishyaa_2006","4","4","8"
"BayernsJ","4","4","8"
"bayu0004","3","5","8"
"bazilio1993","4","4","8"
"Bb600600","4","4","8"
"bbbuuuzzzz","4","4","8"
"bbkangaroo","3","5","8"
"BBking00","3","5","8"
"bccxo","4","4","8"
"bdemacio","4","4","8"
"BEAST313","5","3","8"
"BeastGamer_JS","5","3","8"
"bebold","3","5","8"
"bebrovuchgenadi","3","5","8"
"Beccazoo","3","5","8"
"bedhbddb","4","4","8"
"beefcakes10","4","4","8"
"beeghomo","4","4","8"
"Beehm","5","3","8"
"beforeafter1","5","3","8"
"begiinnnner","4","4","8"
"BeginnerPlayer03","4","4","8"
"Begm","5","3","8"
"begood1","4","4","8"
"Bejadka","4","4","8"
"Bekhkermot80","3","5","8"
"beksultan-turdykul","5","3","8"
"belkpo","3","5","8"
"Beltane1","3","5","8"
"Belyakov_Bogdan","4","4","8"
"BenAlfil","4","4","8"
"BenC309","5","3","8"
"Bender965","4","4","8"
"BenDlc6","3","5","8"
"Benestar","4","4","8"
"Bengameen","4","4","8"
"Bengt80","3","5","8"
"Benito_Juarez","4","4","8"
"benjithehunted","4","4","8"
"Benjo68","5","3","8"
"Benkwebs","4","4","8"
"benniger01","4","4","8"
"BenniT1","4","4","8"
"Benoitsky","4","4","8"
"Benomaster","4","4","8"
"Benster16","4","4","8"
"bentobuntu","4","4","8"
"berdex","5","3","8"
"Berdsk1976","4","4","8"
"berfuceni","4","4","8"
"BerkanGurel","6","2","8"
"berkayalgunnn","4","4","8"
"berkayyasinaltan334","3","5","8"
"berkekutluturkan","4","4","8"
"bernadesh","5","3","8"
"BernardVanTonder","3","5","8"
"Bernie7","4","4","8"
"bertella","3","5","8"
"Berti-Y","3","5","8"
"Berzerkerber","4","4","8"
"Besimple1","4","4","8"
"bessagan","4","4","8"
"best_player_chess","4","4","8"
"BestGameFromPlayer","5","3","8"
"betaGrandMaster","5","3","8"
"BeTheWinner7","4","4","8"
"BettaCell","4","4","8"
"BetterDrawSaul","3","5","8"
"Betterthanyou89","4","4","8"
"BETYYYYYY","4","4","8"
"betzero","3","5","8"
"Beweiseman","4","4","8"
"beyny2","4","4","8"
"beyru","4","4","8"
"beyzaguven1905","4","4","8"
"bezfantasii","5","3","8"
"bezpremca","3","5","8"
"bfacter","4","4","8"
"bfmike","4","4","8"
"bg177","5","3","8"
"bhadragam91","3","5","8"
"Bhardwaj81","4","4","8"
"Bhaunda","5","3","8"
"BhavikOswal","4","4","8"
"Bhushan1987","3","5","8"
"Bhut-Simprah_123","3","5","8"
"bibbler543","4","4","8"
"bibbo","5","3","8"
"bibinho","5","3","8"
"bibizyana1","4","4","8"
"big_dill","4","4","8"
"big10todd","4","4","8"
"BigBerta","4","4","8"
"Bigfish365","3","5","8"
"bigginatorul","4","4","8"
"BigPollock","5","3","8"
"BigReglus","3","5","8"
"Bigshark2607","4","4","8"
"BigT420","4","4","8"
"Bigwigrocks","4","4","8"
"BijoyB","4","4","8"
"Bill_Kapa","4","4","8"
"billthi","5","3","8"
"Billy_ch","4","4","8"
"Billybishop51","3","5","8"
"binyamin2010","4","4","8"
"birdfromskyy","4","4","8"
"Birgaripyolcuu","5","3","8"
"Birli_birloque","4","4","8"
"birqs","4","4","8"
"Birsch","4","4","8"
"Bishopbasher69","4","4","8"
"Bislander","5","3","8"
"bison1337","4","4","8"
"bitaa23","4","4","8"
"BizarroElvis","4","4","8"
"Bjarnsteinn","3","5","8"
"Bjirth","4","4","8"
"BJoco89","4","4","8"
"Bjoern1301","6","2","8"
"black_naka1","4","4","8"
"blackhorse-1999","5","3","8"
"Blackjack_1","4","4","8"
"blackking1392","5","3","8"
"blacklightizm","4","4","8"
"Blacknot0","6","2","8"
"BlageanuMIP","3","5","8"
"Blanco10","4","4","8"
"Blaufoxj","4","4","8"
"Blaze178","3","5","8"
"Bleach7881","4","4","8"
"bledgena","3","5","8"
"Bliiit","3","5","8"
"Blindcase","5","3","8"
"BlindKungFuMaster","4","4","8"
"blitz78","4","4","8"
"BlitzPlease2021","4","4","8"
"blkhawk83","4","4","8"
"blockenver","4","4","8"
"BloodyFox","4","4","8"
"BLTX","3","5","8"
"BLUE_DUCK1","3","5","8"
"Blue_Rider69","4","4","8"
"Blue-dream","3","5","8"
"bluemint","3","5","8"
"Bluemoon74","4","4","8"
"BlueOcean1","4","4","8"
"Blueskyblackdeath","4","4","8"
"BlunderAfterBlunder","4","4","8"
"BlundererGuy","4","4","8"
"BlunderingBev","3","5","8"
"Blunderius","3","5","8"
"BmShouray","4","4","8"
"boatparty","3","5","8"
"bobbbbyace","4","4","8"
"bobby_26","5","3","8"
"bobby_byrd","3","5","8"
"Bobby64","4","4","8"
"bobbyblanca","4","4","8"
"bobbynoob","3","5","8"
"BobFina2001","5","3","8"
"BobLam","5","3","8"
"bobquin94","4","4","8"
"bobyfisher1920","4","4","8"
"bockstark","5","3","8"
"boe008","4","4","8"
"boevoiKrolik","4","4","8"
"Bogdanbataev59","4","4","8"
"BogdanKomp17_11","5","3","8"
"boglejubo","4","4","8"
"bogspark","3","5","8"
"bohabich","5","3","8"
"bokay46","4","4","8"
"Boldyjoe","5","3","8"
"Bollybill","4","4","8"
"Bombomaaesino","4","4","8"
"bon-jovi","5","3","8"
"Bonbon71","2","6","8"
"BongGadong","5","3","8"
"Bonoboone","4","4","8"
"Boom-Chicka-wah-wah","4","4","8"
"Boom333","5","3","8"
"BooSTer11111","5","3","8"
"Bora-be","4","4","8"
"boranec","6","2","8"
"Bordz","4","4","8"
"Boredparticle","4","4","8"
"borghi","4","4","8"
"BORIS-DIN","5","3","8"
"borisdavies","4","4","8"
"boriswb","4","4","8"
"Born2000","5","3","8"
"bosesougata94","5","3","8"
"Boss1500","4","4","8"
"bosyi","3","5","8"
"BOUKAJA","3","5","8"
"BourneRoot","3","5","8"
"Bouzidi2","4","4","8"
"BOY7","5","3","8"
"boyfromwater","4","4","8"
"bpcd","5","3","8"
"bpetecin","3","5","8"
"bpwitasi","4","4","8"
"bradockstabitha","4","4","8"
"BRADYP","4","4","8"
"Braganov","4","4","8"
"Brahtman","5","3","8"
"Brainfight","4","4","8"
"BrandonVieira","3","5","8"
"Brasilyenpeter","5","3","8"
"breeze_of_dreams","4","4","8"
"Briljan","5","3","8"
"BrinkTheGamer","4","4","8"
"brooda85","4","4","8"
"broski","3","5","8"
"Brovin_R","4","4","8"
"brucewayneb","4","4","8"
"Bruno-Neto","4","4","8"
"BrunoMeneses1234","5","3","8"
"Brutor","5","3","8"
"Brutte","4","4","8"
"Bryan_dang","5","3","8"
"bryan555","4","4","8"
"BryBro","4","4","8"
"bryer","4","4","8"
"brylev22","4","4","8"
"bryrain","4","4","8"
"brytech","3","5","8"
"Bs07","3","5","8"
"bsc041","4","4","8"
"bsia","4","4","8"
"bsongoz","5","3","8"
"Btornik","3","5","8"
"bubblejuice","4","4","8"
"bucefalov","4","4","8"
"bucklemyshoes101","5","3","8"
"buffedpuff","3","5","8"
"BughouseMASTER","4","4","8"
"BugMeLater","4","4","8"
"buhtiomateur","2","6","8"
"buildingbridges311","3","5","8"
"Buj88","4","4","8"
"bulgakova","4","4","8"
"Bulkylego","4","4","8"
"bulldog-rhinoceros","5","3","8"
"bullery","5","3","8"
"Bullews","5","3","8"
"Bumfidel","5","3","8"
"Bundeo","4","4","8"
"bunkerputt","4","4","8"
"BunnyMommyIsHappy","4","4","8"
"buntyritu","4","4","8"
"Burak3453","4","4","8"
"burakonal","4","4","8"
"Burichka_Pavel","4","4","8"
"Burlentin","5","3","8"
"BUSHI_DO","4","4","8"
"BusinessMonkey23","4","4","8"
"busterkeaton_13","4","4","8"
"butunharun","4","4","8"
"buue","4","4","8"
"BuyCrypto2202","4","4","8"
"bvillanueva","4","4","8"
"BWLer","4","4","8"
"Bygut","4","4","8"
"byrak11","5","3","8"
"Byskolen","5","3","8"
"byte916","4","4","8"
"bzdeason","4","4","8"
"bzs5","4","4","8"
"BZurcher89","4","4","8"
"C_Queen","4","4","8"
"C0NO","5","3","8"
"c261978","3","5","8"
"C28x","4","4","8"
"C3rtain","3","5","8"
"C7B2001","4","4","8"
"caballonegro88","4","4","8"
"caballonegroezeiza","3","5","8"
"Caballozaino2000","5","3","8"
"cabaplanca29","4","4","8"
"caberawet2","4","4","8"
"Caesar2023","5","3","8"
"cafeist","4","4","8"
"cagataykorkuc","3","5","8"
"CagnusMarlsen99","5","3","8"
"caissa20","4","4","8"
"Cakra_RCK","5","3","8"
"cal123","5","3","8"
"cal33","5","3","8"
"caladunum","5","3","8"
"calamity675","3","5","8"
"Calamitychess78","4","4","8"
"calditodecostilla","4","4","8"
"calmar","6","2","8"
"Calmee","4","4","8"
"CALTchess","4","4","8"
"calton5","4","4","8"
"calvaille","4","4","8"
"Camalsoylu","4","4","8"
"Camartom","4","4","8"
"Cambeses","3","5","8"
"Camouillle","4","4","8"
"canaad08","3","5","8"
"canaBiss","4","4","8"
"canaro33","4","4","8"
"canarychaser","4","4","8"
"canberk_555","4","4","8"
"candanfaruk","4","4","8"
"Canel-Singao","4","4","8"
"Cankerblossom","3","5","8"
"CanliSatranc","6","2","8"
"Capablanca247","3","5","8"
"CapablancaTR","4","4","8"
"Capivafisher","4","4","8"
"Capivaralitoral13","4","4","8"
"capradellealpi","3","5","8"
"capriscacchi","4","4","8"
"Captain-jack_sparrow","4","4","8"
"captainbomb22","4","4","8"
"CaptainStu","3","5","8"
"CaptainWook","4","4","8"
"capturesncaptures","4","4","8"
"Capyvarian","3","5","8"
"carcando","4","4","8"
"CarlCapul25","4","4","8"
"carlesotero","4","4","8"
"carlfan","3","5","8"
"Carlo1310","5","3","8"
"carloscajaalarcon","4","4","8"
"carlsen-murat","3","5","8"
"Carrion123","4","4","8"
"CarsonRanger","4","4","8"
"Carvin45","3","5","8"
"Cas7","4","4","8"
"Casimir24","4","4","8"
"caslan1903","4","4","8"
"CassandraComplex","4","4","8"
"casselking","5","3","8"
"cat1508","3","5","8"
"catbus","4","4","8"
"catire49","4","4","8"
"Catorzcu","6","2","8"
"CaughtYouInMyWeb","4","4","8"
"CaveDamen","4","4","8"
"CaylieBabe","3","5","8"
"cbmcetrulo","4","4","8"
"cbreezy67","4","4","8"
"CC96","4","4","8"
"ccabrerausach","4","4","8"
"cdayFromFics","3","5","8"
"cdecia","4","4","8"
"Ceaftrainers","3","5","8"
"cegolah","3","5","8"
"Celian0511","3","5","8"
"Cemal_karagunlu","3","5","8"
"Cemal_King75","3","5","8"
"cerebrum_166","5","3","8"
"Cesar195407","3","5","8"
"cesarquantico007","3","5","8"
"cesarsalasr","5","3","8"
"CESSATOPUS","4","4","8"
"cf_garza","4","4","8"
"Cgfhnfr","4","4","8"
"CGHS0904","4","4","8"
"ch1973","4","4","8"
"Chadomi","4","4","8"
"chairsofa","3","5","8"
"chaitanya18","4","4","8"
"chamod_chandupa","4","4","8"
"Championdemala","3","5","8"
"Champy13","4","4","8"
"ChanaevSA","4","4","8"
"chandias1","4","4","8"
"chandlerseinfeld","5","3","8"
"ChantalDo1","4","4","8"
"Chanterelle","3","5","8"
"Chaouch111111","4","4","8"
"chapacao","5","3","8"
"CHARBONIER","3","5","8"
"CharlesHebert79","3","5","8"
"CharlesMartel2","3","5","8"
"charlye87","4","4","8"
"Charrua1978","4","4","8"
"CHartmann","4","4","8"
"ChathuraLJ","4","4","8"
"chchcheessssss","4","4","8"
"CheckerMaster999","5","3","8"
"checkmate032","4","4","8"
"checksnotchess","4","4","8"
"cheeseduck","3","5","8"
"chefleon","4","4","8"
"Chem1cals","4","4","8"
"Ches_PACHMIN","4","4","8"
"Chess_3x3","3","5","8"
"chess_critique","4","4","8"
"chess_dot-com","4","4","8"
"chess_Game_Videos","4","4","8"
"chess_is_useless","5","3","8"
"Chess_King107","5","3","8"
"chess_master1907","4","4","8"
"Chess_playthegame","3","5","8"
"Chess_Queen_Anna_12","4","4","8"
"Chess_silly","3","5","8"
"Chess-Devils","4","4","8"
"chess-master_42069","5","3","8"
"chess101_69","5","3","8"
"Chess69em","4","4","8"
"Chess905","4","4","8"
"ChessAdrenaline","4","4","8"
"chessambition7","5","3","8"
"Chessartistic","4","4","8"
"chessbegained","3","5","8"
"Chessblazer111","3","5","8"
"chessblitzer233223","3","5","8"
"ChessBoogaloo95","5","3","8"
"ChessBoy_96","3","5","8"
"chessChapri","4","4","8"
"chessCharly4","4","4","8"
"ChessCoach47","4","4","8"
"ChessCorgi","3","5","8"
"ChessCranberris","5","3","8"
"chessdaddy420","4","4","8"
"chessdon007","4","4","8"
"chesseii_M","4","4","8"
"Chessfieber29","4","4","8"
"chessgeneral","4","4","8"
"chessGuillermo","4","4","8"
"chessisokayiguess","5","3","8"
"chesskarthi","3","5","8"
"chessleb","4","4","8"
"chesslegenduk","2","6","8"
"ChessLOL731","4","4","8"
"chesslordmalthe","5","3","8"
"ChessMaster_Mag22","4","4","8"
"Chessmaster5347","4","4","8"
"Chessmatec","4","4","8"
"chessn00b_12345","4","4","8"
"ChessNoobComp","1","7","8"
"chessnovix","4","4","8"
"chessronze","4","4","8"
"Chessrotal","5","3","8"
"chessrun2020","4","4","8"
"chesstenten1","5","3","8"
"CheSSter0000","5","3","8"
"chessterbillpro777j","3","5","8"
"chesstosterone","4","4","8"
"chessurgeonn","5","3","8"
"ChessWater34","2","6","8"
"chessyjayesh","4","4","8"
"chesszilla123","4","4","8"
"ChesterfieldBlue","3","5","8"
"chezzmataz","3","5","8"
"Chezzszn","4","4","8"
"Chibuss","3","5","8"
"Chicekntendiesoup","3","5","8"
"ChickenBroth99","3","5","8"
"chikungunya23","4","4","8"
"childash","4","4","8"
"ChillyGonzalchess","4","4","8"
"Chinnnch","5","3","8"
"chinnu78","4","4","8"
"Chipsodippa","4","4","8"
"chitoski","3","5","8"
"Chkronos","5","3","8"
"Chose840","4","4","8"
"Chosen_Donut","4","4","8"
"ChotaHathi0_0","5","3","8"
"chouki1993","4","4","8"
"chozhanravichandran","4","4","8"
"chrgle","4","4","8"
"Chris48","4","4","8"
"chrisboiro","5","3","8"
"Chrissrey","4","4","8"
"Christianitto79","5","3","8"
"christohahaha","4","4","8"
"ChristopherHaKa","6","2","8"
"christosan","5","3","8"
"chronotrue","5","3","8"
"CHRTOR","4","4","8"
"Chucho00","4","4","8"
"Chunguska","4","4","8"
"Churasicpark","5","3","8"
"ciarand","3","5","8"
"CiasnaMarietta69","5","3","8"
"cibbi","4","4","8"
"ciceksay","5","3","8"
"cielo_azul","5","3","8"
"cihan852","4","4","8"
"Cika_Vojo","4","4","8"
"CinarOnur2013","4","4","8"
"CinthiaFonseca","4","4","8"
"Cipta_gading","4","4","8"
"Cissou29","5","3","8"
"citadeldimon","4","4","8"
"cityman","3","5","8"
"Cizimatolyesi","4","4","8"
"ckmaltas","3","5","8"
"Cl0wning","4","4","8"
"clago","4","4","8"
"clairesj","4","4","8"
"clamper12","3","5","8"
"clandestino1","4","4","8"
"Clapped-BE99","3","5","8"
"ClarenceSeedorf","5","3","8"
"Claudechess","4","4","8"
"clausculture","5","3","8"
"cleante_di_asso","4","4","8"
"clementine2246","4","4","8"
"clementV67","4","4","8"
"Cleowulf","4","4","8"
"Clhess","4","4","8"
"CliffonPryce","4","4","8"
"clinkzc","4","4","8"
"clipper2","4","4","8"
"CLMYT","4","4","8"
"clocksteadytickin","4","4","8"
"CloNeBeasT","4","4","8"
"Clood","4","4","8"
"Clown323","4","4","8"
"Clue_Mobile","3","5","8"
"clutchh0","3","5","8"
"Clydey2Times","4","4","8"
"cMerteC","4","4","8"
"cmonster907","4","4","8"
"cngnrg","4","4","8"
"cnhfyybr38","4","4","8"
"cntoo","4","4","8"
"cnyn23","3","5","8"
"Co69","4","4","8"
"coach_13","4","4","8"
"coach80k","4","4","8"
"coaster7","5","3","8"
"CobaltDry","4","4","8"
"Cobra_R","4","4","8"
"cocainexcaviar","4","4","8"
"cochonkim","4","4","8"
"cocoladrillo","3","5","8"
"CocoloSPM","3","5","8"
"CoffeeToffee3d","3","5","8"
"cogent_crisis","5","3","8"
"Colabone","4","4","8"
"colbz","5","3","8"
"colemccracken","3","5","8"
"colin2393","4","4","8"
"Colinto","4","4","8"
"colman1860","4","4","8"
"Colobraroregna","4","4","8"
"colombian_97","4","4","8"
"ColsMovingCastle","5","3","8"
"coltonvv","4","4","8"
"comedebolesogno102","4","4","8"
"Commanduhr","5","3","8"
"Complainable","4","4","8"
"ComradeSone","3","5","8"
"ConcreteCapa","3","5","8"
"ConectionLost","4","4","8"
"conmordak","4","4","8"
"conormac205","5","3","8"
"consciousmeat","4","4","8"
"Consocius","4","4","8"
"Coocheryl","4","4","8"
"cool-chess-21","4","4","8"
"Coolborican1","4","4","8"
"Coppel1","4","4","8"
"corief","4","4","8"
"Correcthor","4","4","8"
"Corrupt_King38","4","4","8"
"CortaPanda","3","5","8"
"CortiMalto","5","3","8"
"cospassarsat","4","4","8"
"CostaRica5","3","5","8"
"couch_X_warrior","4","4","8"
"cp_dcm","4","4","8"
"cpapa14","3","5","8"
"cprox","5","3","8"
"cqi","3","5","8"
"CraddockExperiments","3","5","8"
"Craptacular","4","4","8"
"crawdauntcrab","5","3","8"
"CrazyPens","2","6","8"
"crbm6002","4","4","8"
"CreativeSoul","4","4","8"
"creepoff","4","4","8"
"Crespovsky","3","5","8"
"crimson_x","4","4","8"
"Cris_ti","5","3","8"
"cris1978","4","4","8"
"crisib14","4","4","8"
"Cristhian_1405","4","4","8"
"Cristianox66","3","5","8"
"cristianreyes6777","5","3","8"
"criterika","6","2","8"
"Crlvms","4","4","8"
"Crni_Konj","4","4","8"
"crowflick","4","4","8"
"crown00","4","4","8"
"Crowtche","4","4","8"
"cruelzinho","4","4","8"
"crusaderpride","4","4","8"
"CrusherMachine1908","4","4","8"
"Cruugat","4","4","8"
"cruzader3000","5","3","8"
"CrypticKhan","5","3","8"
"cryptocaveman","5","3","8"
"CryptoCoffee","4","4","8"
"cs8989","5","3","8"
"cschopke","2","6","8"
"csistvan11","4","4","8"
"CSKACSKA1","4","4","8"
"Csy081018","5","3","8"
"Cua-2003","3","5","8"
"cuchicuw","4","4","8"
"Cuchulainn","5","3","8"
"Cucumber23","4","4","8"
"CuentaSercreta","4","4","8"
"cuevan","4","4","8"
"Cuidadu","5","3","8"
"cuj46","4","4","8"
"curlyalc833","4","4","8"
"CurrentlyWorkingReal","5","3","8"
"cutiepie20","4","4","8"
"Cveld","4","4","8"
"cvfc","4","4","8"
"cwaldo55","4","4","8"
"CXDX","6","2","8"
"cyberax99","4","4","8"
"CyberPug","5","3","8"
"CylonZero","4","4","8"
"Cynictis","4","4","8"
"cyrus303","4","4","8"
"CzaMiah","4","4","8"
"czerwonytola","4","4","8"
"Czucz91","4","4","8"
"d_d_p","5","3","8"
"D_e_M_o","3","5","8"
"D202002020244545","4","4","8"
"D34D1N51D3","5","3","8"
"da7raf","3","5","8"
"daaeev","4","4","8"
"DabeeStan","3","5","8"
"dabloch","4","4","8"
"dadadadadap","5","3","8"
"daddy3lmya","5","3","8"
"DaddyCarlos","4","4","8"
"DAEJEONNUCLEARPUNCH","3","5","8"
"Daffarx","4","4","8"
"dago2018","4","4","8"
"dagudoj","4","4","8"
"daimerv83","4","4","8"
"Dakingindanorff","4","4","8"
"Dakotata12","4","4","8"
"Dalagan_kyla","3","5","8"
"DaleyDales","5","3","8"
"DalleliRabie","4","4","8"
"damareflo","4","4","8"
"damaschinu","3","5","8"
"DamnImsorry","4","4","8"
"Dan13253","4","4","8"
"danael14","3","5","8"
"danfcode","3","5","8"
"Dang_2007","4","4","8"
"dangavbaba","4","4","8"
"Daniel_Alkan","4","4","8"
"Daniel_dboss","3","5","8"
"Daniel_lib","4","4","8"
"Daniel_Mena_Burgos","4","4","8"
"Daniel-Alvaro","4","4","8"
"Danielkid93","3","5","8"
"danielu","4","4","8"
"Daniil_Savelev","5","3","8"
"Daniil8585","5","3","8"
"DANIL647575","3","5","8"
"danila_n4k","3","5","8"
"danilofluke","5","3","8"
"DaniLuna12","2","6","8"
"danilxamitov","5","3","8"
"DanishSkak","4","4","8"
"DankaI","4","4","8"
"dankingwor","4","4","8"
"Danlayton","4","4","8"
"danlinares","3","5","8"
"Danny01001","4","4","8"
"DANYAPg","4","4","8"
"Danyyy12","4","4","8"
"daocovuadh","4","4","8"
"dardev_li","4","4","8"
"dariush84","3","5","8"
"Dark_Horse_RSA","5","3","8"
"Dark_Willow44","4","4","8"
"darklander01","4","4","8"
"darkoni","4","4","8"
"DarkPaladin2807","4","4","8"
"DarkPanda1","4","4","8"
"DarkSantaEU","4","4","8"
"DarksTiger00","5","3","8"
"Darthfin","5","3","8"
"Darwiesh1","4","4","8"
"daryxx","4","4","8"
"das66ekb","3","5","8"
"Daser1993","3","5","8"
"dasseamonster66","5","3","8"
"dastan1203","4","4","8"
"datolito","4","4","8"
"davchess67","4","4","8"
"Dave-Tempest","4","4","8"
"DaveyJones69","4","4","8"
"Davhov123","4","4","8"
"davidalmirol","5","3","8"
"davidbstein","4","4","8"
"Davidezz97","4","4","8"
"davidgray3","3","5","8"
"DavidMotaev","3","5","8"
"davidmoz","4","4","8"
"davidsanchess","3","5","8"
"DavidsonBH","5","3","8"
"DavidTaylor13","4","4","8"
"davidvaz","4","4","8"
"davin_142","5","3","8"
"DaviZu","5","3","8"
"davordolezal","5","3","8"
"DayDreaminn","5","3","8"
"dbacssss17","5","3","8"
"Dbeer21","4","4","8"
"dbronstein2","4","4","8"
"dc55b","3","5","8"
"ddandymann","4","4","8"
"DeadAbabneh","5","3","8"
"deadfoxygrandpa","4","4","8"
"DeadlyCreck","4","4","8"
"deco_portugal","4","4","8"
"Deep060802","4","4","8"
"Deepakngc","3","5","8"
"Deer01","5","3","8"
"deitana02","4","4","8"
"DeJavas","6","2","8"
"Delarq","3","5","8"
"delfinos_cocoso","5","3","8"
"deliverance17","4","4","8"
"delmax","4","4","8"
"Delmonter","3","5","8"
"DelovoiSnegovik","4","4","8"
"Delta_Hedge","4","4","8"
"DEMCHENKOANDREY_7","4","4","8"
"Demian9","4","4","8"
"Demmitrio","5","3","8"
"Demonit","6","2","8"
"Den_Kjekke_Loeve","5","3","8"
"Dendrites49","4","4","8"
"denfro_28","6","2","8"
"Deni_Itanhaem_2","4","4","8"
"denimakeev","4","4","8"
"Denis_bmstu","4","4","8"
"Denis12340","5","3","8"
"DenisDolgov","5","3","8"
"DenisVoln","4","4","8"
"denizemir","4","4","8"
"denmedvedev1","4","4","8"
"Dennismendoza","4","4","8"
"DenZ999","3","5","8"
"deongabo","5","3","8"
"DeportesUNE","4","4","8"
"Depp-Dark","3","5","8"
"der2-086bersUHDBv","4","4","8"
"DerSoeder","3","5","8"
"Deryabin_Roman","5","3","8"
"Desideratum58","4","4","8"
"Designerbaby","3","5","8"
"DeSneaky","3","5","8"
"dev1919","4","4","8"
"deva1009","4","4","8"
"devarajan009","4","4","8"
"devarg","4","4","8"
"Deven_Gopal","4","4","8"
"devendra376","4","4","8"
"Devesh_P","3","5","8"
"Dezuras","4","4","8"
"DFerraz84","3","5","8"
"dhanajijadhav","3","5","8"
"DhaniMMJA","4","4","8"
"Dhimitrios_vasiliu","4","4","8"
"dhooshmand1351","5","3","8"
"diabloazul2006","4","4","8"
"diamantopoulaki","4","4","8"
"Diana3535","3","5","8"
"DiAngelo06","3","5","8"
"DiaPethoS","5","3","8"
"Diazepam","4","4","8"
"DicedOnions","4","4","8"
"DIDI21","4","4","8"
"diegjarmar","4","4","8"
"Diego_Lacerda","4","4","8"
"Diego93santana","3","5","8"
"diegobaltica","5","3","8"
"DiegoGarciaGMS","3","5","8"
"DiegoTD123","3","5","8"
"Dieguinho1612","4","4","8"
"diehldo1","4","4","8"
"Diemaehne","4","4","8"
"DIKO86","4","4","8"
"dillon2332","3","5","8"
"dilmac","4","4","8"
"DiMa120000000","4","4","8"
"dimaitc","3","5","8"
"dimasukhoy","4","4","8"
"dimm555","5","3","8"
"DimonDJS","3","5","8"
"dimossj4","4","4","8"
"DinanErdem","3","5","8"
"dinatsi","4","4","8"
"DineshBhat","4","4","8"
"DinnerJacket","3","5","8"
"diodz","3","5","8"
"dioj37","4","4","8"
"direktor48","5","3","8"
"Direwolf0889","5","3","8"
"dirge1847","5","3","8"
"Diror","4","4","8"
"Dis_Balance","4","4","8"
"Disc_Golf_Dummy","4","4","8"
"discoanders","5","3","8"
"discoteca_messi","5","3","8"
"Dismac","4","4","8"
"Disteiner0","5","3","8"
"diswapple","4","4","8"
"disznovagy","4","4","8"
"Ditoo","5","3","8"
"Divannikov","5","3","8"
"Divyaraj2707","4","4","8"
"DIZE111","4","4","8"
"djakub44","5","3","8"
"djbyrne20","4","4","8"
"DJCatBlitz","4","4","8"
"DjFarmor","3","5","8"
"djgonzaloremix","4","4","8"
"Djm143","4","4","8"
"DJohnson-MNW","4","4","8"
"djpittt1994","4","4","8"
"djrand","4","4","8"
"dk12_chess","4","4","8"
"DkBotChess","3","5","8"
"dkcohio","4","4","8"
"dkhn22","5","3","8"
"Dkmakhr","4","4","8"
"Dliche","5","3","8"
"DlovesK4ever","4","4","8"
"Dmitrichess","4","4","8"
"DmitriiKhlopotov","5","3","8"
"Dmitry-Slusarev","3","5","8"
"DmitryDemin19","5","3","8"
"DmitryS91","3","5","8"
"DMR3","5","3","8"
"dmrms","5","3","8"
"DNJ2008","3","5","8"
"dntofess","4","4","8"
"Doc_James","3","5","8"
"docacted","3","5","8"
"docrahul","4","4","8"
"Dodi797","4","4","8"
"DodieTheBasic","4","4","8"
"dodo1653","4","4","8"
"dodo711","4","4","8"
"dolcebianco","4","4","8"
"Domin19","4","4","8"
"dominguezpepe","4","4","8"
"DominiqueNagy","3","5","8"
"domostroyboy","4","4","8"
"DON_PREPUCIO_PARADO","4","4","8"
"Don_Zoilo","4","4","8"
"Donald2004","3","5","8"
"donchijote11","5","3","8"
"DonGuapo","4","4","8"
"donicidavid","3","5","8"
"Donn_manole","4","4","8"
"DonnaBretzel","5","3","8"
"DonQuixota","5","3","8"
"dontcareboutratings","5","3","8"
"Donteventrydefence","3","5","8"
"DonVoldemort","4","4","8"
"Dooblieve","3","5","8"
"Door2","3","5","8"
"DOR836","4","4","8"
"dorfsheriff","5","3","8"
"Dorianvengeance","5","3","8"
"DorkSlinger","5","3","8"
"dortgen","4","4","8"
"Dorukx11","4","4","8"
"Dostoyevsky99","4","4","8"
"Doul85","4","4","8"
"dowload","4","4","8"
"Dowser27","4","4","8"
"DPL1979","3","5","8"
"Dr_Irrayskel","5","3","8"
"Dr_Leivesey","4","4","8"
"Dr-Licheszz","5","3","8"
"Drabaden","4","4","8"
"DracoPhoenix","4","4","8"
"Draftsmen","4","4","8"
"Dragonchess2004","3","5","8"
"drah86","3","5","8"
"DraKula852","5","3","8"
"DrAndres97","4","4","8"
"drasak","3","5","8"
"DrawDenied_Twitch","4","4","8"
"drcapv","6","2","8"
"DrCooool","3","5","8"
"Drdee95","4","4","8"
"Dreadwillow","4","4","8"
"dreamofwaking","4","4","8"
"Drev87","4","4","8"
"drew26","4","4","8"
"DrGasho","5","3","8"
"DrGelenStein","3","5","8"
"drib90","4","4","8"
"Drivebylama","4","4","8"
"DrizzyTheDrake","3","5","8"
"DrKnightOO7","3","5","8"
"drlans","3","5","8"
"DRNbw","4","4","8"
"DrNykterNoodles","5","3","8"
"drop_stone","4","4","8"
"DrSchwachspieler","3","5","8"
"DrSergey","4","4","8"
"DrShivpal","4","4","8"
"DrTato","4","4","8"
"drug_tvoey_mamki","3","5","8"
"Drugo97","4","4","8"
"Druiz012","3","5","8"
"Drunet","4","4","8"
"DrVET","2","6","8"
"Drwels","3","5","8"
"DrWolff","4","4","8"
"Drzamir12","4","4","8"
"dsal","4","4","8"
"dsh2021","3","5","8"
"dshaprin","4","4","8"
"DSI55","3","5","8"
"dsidenko","1","7","8"
"dsirias","4","4","8"
"DSlou","3","5","8"
"dubchuk","4","4","8"
"dubs819","4","4","8"
"DucadiCamastra","4","4","8"
"ducage","4","4","8"
"dudelsack90","3","5","8"
"Dudimo","5","3","8"
"dugong161","4","4","8"
"DUJJJJJ","4","4","8"
"DuleDan","4","4","8"
"duman86","5","3","8"
"DundukBalbes","4","4","8"
"Duque82","4","4","8"
"DuranteA","3","5","8"
"durasno","4","4","8"
"durdy1961","4","4","8"
"Dushyant23","4","4","8"
"Dushyant786","4","4","8"
"Dutcchyys","5","3","8"
"dutch_magician","3","5","8"
"duythong1402","2","6","8"
"dvanh","4","4","8"
"dvergarap13","4","4","8"
"DwayneGonsalves","5","3","8"
"dwhiting06","4","4","8"
"Dykes","4","4","8"
"dylanldn","3","5","8"
"Dylann93","3","5","8"
"Dzhev75","5","3","8"
"E1-LuisEnrique-1987","4","4","8"
"e1nohead","5","3","8"
"E2717","4","4","8"
"e4pan","4","4","8"
"ea_manni","5","3","8"
"eadwine","4","4","8"
"eagle2020star","4","4","8"
"EagleFour","3","5","8"
"Eagleheart","5","3","8"
"EarlGreyII","5","3","8"
"eastern_routine","3","5","8"
"Ebenezer09","4","4","8"
"Ebenezer490","4","4","8"
"EBOMBSWORLD","5","3","8"
"EbonitNeRo","4","4","8"
"Ebraheemrateb1","4","4","8"
"ebua","3","5","8"
"Ebubekir58","5","3","8"
"EcclesiastesI","4","4","8"
"ecebykc","4","4","8"
"ecefbieadac","4","4","8"
"echecs2021","3","5","8"
"Echo504","4","4","8"
"Echo79","4","4","8"
"eDajube","4","4","8"
"EddieV25","4","4","8"
"eddjs","5","3","8"
"eddyramirez","4","4","8"
"Edilson6","4","4","8"
"edimmu","3","5","8"
"edistone","6","2","8"
"Edofrost01","4","4","8"
"edson82","4","4","8"
"edudop","4","4","8"
"edugallardo92","4","4","8"
"eduha","5","3","8"
"edvan24","4","4","8"
"Edwarcossio","4","4","8"
"EdwardKalamala","3","5","8"
"ee11and","3","5","8"
"eekinoks","4","4","8"
"Eeriedess","4","4","8"
"EetuPeltolaBlunders","5","3","8"
"EfebPower","4","4","8"
"efrasyab44","5","3","8"
"efwerim","4","4","8"
"Egg1980","5","3","8"
"Egor_AstraKhan","4","4","8"
"egorrrzykkkkov","3","5","8"
"Egorys","2","6","8"
"egs_75","4","4","8"
"EGSTO","4","4","8"
"ehab_magdy87","3","5","8"
"ehleike","5","3","8"
"Ehrenmann42","4","4","8"
"eightbyeight","5","3","8"
"Eili21","4","4","8"
"Einzweibene","4","4","8"
"eiSpokoinei","4","4","8"
"eivindVSchess","4","4","8"
"ejeuhdudebiedvjddbsj","4","4","8"
"ekbilgili","4","4","8"
"ekchess24","4","4","8"
"ekendus","4","4","8"
"EkremCetindag","4","4","8"
"ekremteklidaldassak","4","4","8"
"ekrm_ucncu","4","4","8"
"El_Arqui","4","4","8"
"El_gallo_negro","5","3","8"
"El_Mariscal","3","5","8"
"elaukkar","4","4","8"
"elcaludio","5","3","8"
"Elcezeri_1723","3","5","8"
"ELCHIN_ISAYEV","4","4","8"
"elchunga","3","5","8"
"Elcucuy26","4","4","8"
"Eld422","4","4","8"
"Elderon11111","4","4","8"
"Eldestripador31","4","4","8"
"eldinho10","4","4","8"
"ElenaBes","4","4","8"
"ElenaZheronkina","4","4","8"
"elfinseacerca","4","4","8"
"ElGranD5","3","5","8"
"Eliastein1","5","3","8"
"Elieman","3","5","8"
"Elik5","5","3","8"
"elio62","4","4","8"
"Elir-Kvothe","5","3","8"
"Elisan556","5","3","8"
"elisys","4","4","8"
"eljjy","4","4","8"
"EllakB","4","4","8"
"Elmarios","4","4","8"
"Elmasreal","4","4","8"
"Elmer_Omero","5","3","8"
"elmira160","5","3","8"
"Elohell_kg","3","5","8"
"elreya","4","4","8"
"ElReyMundo","4","4","8"
"Elsaiad9","3","5","8"
"ElsTom","5","3","8"
"Eltayeebb","5","3","8"
"Eltofer","4","4","8"
"ElTrasgu","5","3","8"
"ElTruco3J","4","4","8"
"elturcoss","4","4","8"
"Ema238","4","4","8"
"emad19981998","4","4","8"
"eman789","3","5","8"
"EmanBot","5","3","8"
"emanuel81","4","4","8"
"EmanuelChess05","5","3","8"
"emanuelsena","4","4","8"
"Emercab","4","4","8"
"emheyturq","5","3","8"
"Emil2601","4","4","8"
"EmiliaFC","4","4","8"
"emilianodelcampo","4","4","8"
"EmilioVignes","5","3","8"
"EMILMATT","4","4","8"
"Emir_52_kement","3","5","8"
"Emirhannaslan","4","4","8"
"Emmanuel-bg008","3","5","8"
"EmmanuelGrgg","4","4","8"
"emmavictor038","4","4","8"
"emperorshiro","4","4","8"
"EmpKaido","5","3","8"
"Emporio_Armani","4","4","8"
"emreharcar","4","4","8"
"emrekkilic","4","4","8"
"emsall25","5","3","8"
"EN4SS","4","4","8"
"endicraft","5","3","8"
"Energy79","4","4","8"
"enescakar","3","5","8"
"Enesss12","4","4","8"
"enestk","4","4","8"
"Engfaroozkhan","3","5","8"
"Engn79","6","2","8"
"engoloc","4","4","8"
"Enicera","4","4","8"
"Enigmacy","5","3","8"
"enineminem","5","3","8"
"Enisdmrkl13","4","4","8"
"enjoyneering","4","4","8"
"Ennnzo_css","5","3","8"
"envuz","6","2","8"
"Enzo_2409","5","3","8"
"Enzo_Monte","4","4","8"
"Enzu","3","5","8"
"epanizo","4","4","8"
"Epeasssskop","4","4","8"
"epicgamer69_69","4","4","8"
"Eplejus","3","5","8"
"equino23","4","4","8"
"EraMalinina","3","5","8"
"ErannnTasciii","3","5","8"
"Erdem023","5","3","8"
"erdinc_iyidogan","3","5","8"
"erdogannnnnnn","5","3","8"
"eren9876","4","4","8"
"erfan730","4","4","8"
"Ergaliev_ECM","4","4","8"
"Ergoproxy1","3","5","8"
"ericjr2","4","4","8"
"Ericrazzyyyyyyun","4","4","8"
"Ericston","5","3","8"
"Erik517407","3","5","8"
"ErindS","5","3","8"
"ErnaniAlves","4","4","8"
"Ernest101","5","3","8"
"ErnestoRondon1","4","4","8"
"ErnestoSanz-1968","3","5","8"
"ero_amir","4","4","8"
"Ersahin","5","3","8"
"ErsinErg","3","5","8"
"ertsssw","3","5","8"
"ErwinKostedde","3","5","8"
"esdeath1000-7","4","4","8"
"EselemQezSirum","4","4","8"
"ESHA7580","4","4","8"
"Eshan861","3","5","8"
"eshgin98","5","3","8"
"Esoteric-Brah","4","4","8"
"ESPECTRE66","4","4","8"
"Estebanandres","3","5","8"
"estrinyakov","4","4","8"
"EtherealOne","4","4","8"
"etisi420","4","4","8"
"ETONI","4","4","8"
"eugeneiso","5","3","8"
"eungria","3","5","8"
"eurodance1337","4","4","8"
"EuWILL","3","5","8"
"eva03","5","3","8"
"evanbg","3","5","8"
"Evano_bc","5","3","8"
"evening_child","3","5","8"
"EvgeniuM1","4","4","8"
"EvgenyKorneev","4","4","8"
"evgtroff","4","4","8"
"eviedeshevi","4","4","8"
"evilseed","4","4","8"
"Evo173","4","4","8"
"Excellent_Oatmeal","5","3","8"
"ExMaiiz","4","4","8"
"ExolessFFS","4","4","8"
"exreaction","3","5","8"
"eXTREMMENTBIDON","4","4","8"
"EXwONDERKID","4","4","8"
"eyad-haraz74","4","4","8"
"EyeLikeIt","3","5","8"
"Eyr25","4","4","8"
"EzequielGGs","4","4","8"
"ezequielruarte","3","5","8"
"ezgicaglayann","3","5","8"
"Ezik-Ezik","4","4","8"
"EzizAristocrat","2","6","8"
"ezrafitz-996","4","4","8"
"Ezravanderross957","4","4","8"
"f_rocher","3","5","8"
"f_sartorio","3","5","8"
"f_young","4","4","8"
"f-a-r-t-s","4","4","8"
"f0x51n","4","4","8"
"Fa23","4","4","8"
"Fabian_Moscovich","5","3","8"
"Fabianett","3","5","8"
"fabianno","5","3","8"
"Fabio922","4","4","8"
"fabiojap","4","4","8"
"Fabjonsimoni","4","4","8"
"facelessboy77","3","5","8"
"Fadil1974","3","5","8"
"fadli_tebet","5","3","8"
"Fafkin","5","3","8"
"fairchess_2022","3","5","8"
"faissalbelarbi","3","5","8"
"Faizan_Haider95","4","4","8"
"FAKHERY6","3","5","8"
"Falcao32","3","5","8"
"falcogrine","2","6","8"
"Falcorustico","4","4","8"
"FanBor09","4","4","8"
"Fanchtang","4","4","8"
"Farhan1391","3","5","8"
"Farnorth","4","4","8"
"FAROLA1504","4","4","8"
"farseer_rbl","4","4","8"
"farshadfahami","4","4","8"
"FasciMerde","3","5","8"
"Fasseh","3","5","8"
"Fast_Eddie","3","5","8"
"fastfeet","4","4","8"
"fatihguven8","4","4","8"
"Fauna_cottage234","4","4","8"
"Faustino_Parisi","4","4","8"
"faustoginepri","4","4","8"
"Fayas1378","4","4","8"
"feador10","4","4","8"
"Fear2004","3","5","8"
"Fector","3","5","8"
"Fedefede03","4","4","8"
"Federb123","4","4","8"
"Fedor_Viskrebencev","3","5","8"
"felipelopezo","3","5","8"
"felix-baumgartner","5","3","8"
"FelixKarlM","3","5","8"
"fenton_mudd","4","4","8"
"fercarras","4","4","8"
"ferdi_lc","4","4","8"
"ferhattttttt","4","4","8"
"FeriAts","4","4","8"
"fernandel1","4","4","8"
"Fernando_top05","4","4","8"
"Fernando-1966","5","3","8"
"fernandomendes1963","3","5","8"
"fernandosr30","5","3","8"
"ferrerocarlos","5","3","8"
"fertxo8","3","5","8"
"fevaldiviam","3","5","8"
"fFacelesS","4","4","8"
"FFF_73","4","4","8"
"ffgori","4","4","8"
"ffguns","3","5","8"
"FFingerlos","4","4","8"
"FFMlahaine97","5","3","8"
"fgeo84","4","4","8"
"fgh9500","5","3","8"
"Fhessy","4","4","8"
"FianGhettoSuperStar","3","5","8"
"fiddlers_green","4","4","8"
"fiendreborn","4","4","8"
"FightingGMHan","4","4","8"
"FilinD","5","3","8"
"FineKatana","3","5","8"
"fingolfin88","4","4","8"
"FinnGolimod","4","4","8"
"FinnHeartsArt","4","4","8"
"firaztm","5","3","8"
"FireCold","4","4","8"
"FireNoodlele","5","3","8"
"FirmGround","4","4","8"
"First_LV","4","4","8"
"FIRYA17","4","4","8"
"Fishbone-Hamburg","3","5","8"
"Fishbot","4","4","8"
"Fisherman14","4","4","8"
"Fishingman123","5","3","8"
"fishyvishy123","3","5","8"
"Fityfiritty","4","4","8"
"Fizz_Fizz_Fizz","4","4","8"
"FKNiazi","3","5","8"
"FlagrantDisregard","4","4","8"
"Flairwolf","3","5","8"
"fLaSHplaying","4","4","8"
"flawedPawn","4","4","8"
"fleck_yuli","5","3","8"
"Fleone01","4","4","8"
"flippoflip","5","3","8"
"FloorTankYisu","4","4","8"
"florinarnautu","4","4","8"
"FlyingChessKestrel","5","3","8"
"FlyingGekko","4","4","8"
"fmaxf","3","5","8"
"fmfreezer","3","5","8"
"Fmoorman","5","3","8"
"fodahsi8wgw","4","4","8"
"fog72","4","4","8"
"folsy17","5","3","8"
"Fons_Pauwels","3","5","8"
"foolphone","4","4","8"
"foorploof","3","5","8"
"Foosh","3","5","8"
"for_fun_2020","4","4","8"
"Forallthat","5","3","8"
"Forceful04","5","3","8"
"forcefuller","4","4","8"
"Forg121","4","4","8"
"Forgive1219","2","6","8"
"forkmaster22","5","3","8"
"fornokotull","4","4","8"
"ForzaMilan87","5","3","8"
"Fosss","5","3","8"
"FOX76","5","3","8"
"Foxeek","4","4","8"
"fpiqueras","4","4","8"
"fpking","4","4","8"
"fQ-System","3","5","8"
"Fr4nco1402006","3","5","8"
"FRA21_3","5","3","8"
"Fran22_73","4","4","8"
"Fran81","5","3","8"
"Francisco_Tomas","4","4","8"
"franciscoeoi","5","3","8"
"FranciscoLucero","4","4","8"
"FranciskinhoxD","4","4","8"
"Franek369","4","4","8"
"franjedrez","4","4","8"
"Frankyjack","4","4","8"
"franz1","5","3","8"
"frarel","4","4","8"
"Frasckitor","5","3","8"
"frasdas","4","4","8"
"freddie87","5","3","8"
"Freddip","5","3","8"
"freddy5150","4","4","8"
"freddykluger","4","4","8"
"fredo30000","5","3","8"
"Freeborn","4","4","8"
"Freeddy12","4","4","8"
"FreeGa1","4","4","8"
"FreemanSB","4","4","8"
"FREEZ56","5","3","8"
"fremman","4","4","8"
"Fri11s","4","4","8"
"Friday401","4","4","8"
"friedel90","4","4","8"
"Friedersdorff","5","3","8"
"friedi22","4","4","8"
"Frikatxu","4","4","8"
"fripSide","5","3","8"
"Frisby5274","5","3","8"
"Frittenlin","4","4","8"
"frkncrt22","5","3","8"
"frock","5","3","8"
"FromWayDowtown","4","4","8"
"Frosty_03","5","3","8"
"frozenfire96","4","4","8"
"Frrr13","4","4","8"
"FruDiRuLiS","3","5","8"
"frvidalj","3","5","8"
"fsbmafia","4","4","8"
"FSMehmet78","5","3","8"
"fuattamkan","4","4","8"
"fuksinka","5","3","8"
"FungolFox","3","5","8"
"funk_master","4","4","8"
"FuriousAlien","4","4","8"
"furkananillll","5","3","8"
"furless_panda","4","4","8"
"Furqat_Akilov","3","5","8"
"FushkaHypixel","4","4","8"
"FutureGmRev","4","4","8"
"futuwwa","4","4","8"
"Fuzelli","4","4","8"
"fwguerra","4","4","8"
"Fworkee","3","5","8"
"FynnActon","4","4","8"
"G-o-c-h-a","4","4","8"
"G1000K","4","4","8"
"g2morales","4","4","8"
"ga1fff","5","3","8"
"gaazar","5","3","8"
"gabrielbenedikt","5","3","8"
"gabrielbuessio","5","3","8"
"gabrielelias","3","5","8"
"GabrielGuzman20","4","4","8"
"GabrielWandembruck","4","4","8"
"gabrielwiick","4","4","8"
"gabrielxadrez123","5","3","8"
"Gabylovsky","4","4","8"
"gacojo","3","5","8"
"GalaxyTheGOAT","4","4","8"
"Gallagherakurdi","3","5","8"
"gallardian","3","5","8"
"galletina","5","3","8"
"gallinr1","4","4","8"
"galvezchess","4","4","8"
"Gamal_ahmed","3","5","8"
"gambitdim","4","4","8"
"GambitoMcLovin","3","5","8"
"gambitomolon","5","3","8"
"Game--Over","3","5","8"
"Gamebred0","4","4","8"
"Gamermd","4","4","8"
"Gamma1398","4","4","8"
"Gandsarah","4","4","8"
"gangstadu67","4","4","8"
"Ganjaturbo3000","4","4","8"
"Ganzoman861","4","4","8"
"Gaquil","4","4","8"
"Garabagh0","5","3","8"
"GarbageSon","4","4","8"
"Gareth3432","3","5","8"
"GarikG","4","4","8"
"garnek123","3","5","8"
"garrafa23","4","4","8"
"gartchesssea","5","3","8"
"garuda4ever","4","4","8"
"Gary1004","5","3","8"
"Gary75","4","4","8"
"Garyjoubert26","4","4","8"
"Gasgas18","3","5","8"
"GashiEgzon","4","4","8"
"Gastrite","3","5","8"
"Gatica74","5","3","8"
"GAUMA","5","3","8"
"gauravsajwan","4","4","8"
"gaviacula","4","4","8"
"GeberalKenobi","3","5","8"
"Gedert_Dmitry","5","3","8"
"gedooo9","4","4","8"
"gegenlaktose","3","5","8"
"Geggan","4","4","8"
"geliboludelidolu","3","5","8"
"genesis784","3","5","8"
"GENILSON","3","5","8"
"Geniuss7","4","4","8"
"GenjiHikaru","3","5","8"
"genjis","3","5","8"
"genti89","4","4","8"
"GENZOxx","3","5","8"
"GeorgeMcStalemate","4","4","8"
"GeorgiyMadoyan","4","4","8"
"georzaza","3","5","8"
"getablackout","4","4","8"
"GetirChess","4","4","8"
"ggermann","4","4","8"
"gggdol","4","4","8"
"ggonzalez1978","4","4","8"
"ggruschka","5","3","8"
"ggsheet","4","4","8"
"Ghardima","4","4","8"
"ghasemianNikan","4","4","8"
"ghitouta","4","4","8"
"ghostghost777","4","4","8"
"gianluggidonnaruma","4","4","8"
"Gift007","5","3","8"
"gijonudos","3","5","8"
"GimpBishop","5","3","8"
"gims1979","4","4","8"
"ginho","4","4","8"
"ginkgos","5","3","8"
"GiorgioCappelletti","4","4","8"
"Giorgius","5","3","8"
"girayisak11","4","4","8"
"girouette","4","4","8"
"gissnotyachess","4","4","8"
"Gitansh123","4","4","8"
"Giuliost","5","3","8"
"giuoccoPiano","4","4","8"
"GivenW","4","4","8"
"Giza_star","3","5","8"
"Gjkarthik","5","3","8"
"gkasar","3","5","8"
"gkoot","4","4","8"
"gksaga","4","4","8"
"Glainet","4","4","8"
"glass_on_my_car","3","5","8"
"Glatzkopf","4","4","8"
"Gleachy","4","4","8"
"Glebex","6","2","8"
"GlebPankov","5","3","8"
"GlomyWhisper","5","3","8"
"glrk","4","4","8"
"glurak","4","4","8"
"Glyntender","4","4","8"
"gmardaa80","4","4","8"
"gmbmw","3","5","8"
"GMiles","5","3","8"
"gmkllk","4","4","8"
"GMmohamed","5","3","8"
"gmmozart","4","4","8"
"GmSalazar","5","3","8"
"gnces","4","4","8"
"GniewkoT","3","5","8"
"Go_Dawgs","3","5","8"
"go_eze","4","4","8"
"Go4721","3","5","8"
"goat-c","3","5","8"
"Godenzoz","4","4","8"
"godfree666","3","5","8"
"gohansayajing","4","4","8"
"gokhan3134","4","4","8"
"Golden_Phoenix527","4","4","8"
"Goldenmine","3","5","8"
"GoldenMushroom","4","4","8"
"goldkeb","3","5","8"
"GolondrinaFX","5","3","8"
"Gonmont","4","4","8"
"gonzacanchelara","4","4","8"
"Good_chessman","5","3","8"
"GoodByeSeeYou","5","3","8"
"goodplay1000goodplay","3","5","8"
"Googl1k","4","4","8"
"GoogleChromee","4","4","8"
"googolplox","3","5","8"
"goooman","5","3","8"
"GORB87","4","4","8"
"Gorkemonurr","3","5","8"
"Gorkxx","5","3","8"
"Gorky84","3","5","8"
"Gothia","5","3","8"
"GoTuVi","3","5","8"
"Gozeru","4","4","8"
"gpkanders","4","4","8"
"Gqatsa-fly","4","4","8"
"GR3G0R","5","3","8"
"gr8whitebuffalo","3","5","8"
"graagon","5","3","8"
"gracchus-babeuf","5","3","8"
"gracielar","3","5","8"
"grafsmesterserega","3","5","8"
"Grammulka","5","3","8"
"GrandMaster133","3","5","8"
"granikalex","4","4","8"
"GranReyCero","3","5","8"
"graphene20","5","3","8"
"gravelocity","3","5","8"
"graviti","5","3","8"
"Grayson-The-Fool","5","3","8"
"GreatChessPlayer-II","3","5","8"
"Greatful","4","4","8"
"greekgodares","4","4","8"
"greenrab","2","6","8"
"Greens_Function","4","4","8"
"greenson","4","4","8"
"Greg_Lebovski","4","4","8"
"GregCT","4","4","8"
"Greges2mlv","4","4","8"
"GregoryKut","5","3","8"
"grek8","4","4","8"
"grey-GOH","5","3","8"
"grgoni","4","4","8"
"Grigor123456","5","3","8"
"grinj95","4","4","8"
"grishichkin","4","4","8"
"GritoDeGuerra","4","4","8"
"grodrigo","5","3","8"
"Grom_Master23","4","4","8"
"groovechesster","3","5","8"
"Gruberl","4","4","8"
"Grutt","3","5","8"
"gRyphY-Chess","3","5","8"
"grzemal","4","4","8"
"Gs77777","5","3","8"
"gst21","3","5","8"
"gtra8","3","5","8"
"guevarosky","4","4","8"
"guffaw","4","4","8"
"gugu2011","3","5","8"
"guibbv2011","4","4","8"
"guidoala","5","3","8"
"Guille_galvarino","4","4","8"
"Guillof27","4","4","8"
"Guilucand","4","4","8"
"guitarhero34","4","4","8"
"guldorukhan","4","4","8"
"gun123","4","4","8"
"gungor_kumas","5","3","8"
"gunner31","4","4","8"
"Gunneroid","4","4","8"
"gunzo57","4","4","8"
"GURKIG","3","5","8"
"gursaado","5","3","8"
"gusanchezf","3","5","8"
"gusjazz55","3","5","8"
"GusLastigi","5","3","8"
"gusman2001","3","5","8"
"gustavomaron","4","4","8"
"Guwntes","4","4","8"
"GuyRitchiesFilms","4","4","8"
"Guzman70","4","4","8"
"GWUNBLADE","3","5","8"
"gyfer","4","4","8"
"GymR4t","5","3","8"
"h_byte_hegelian","5","3","8"
"H3ssam","5","3","8"
"haanjihaanji","3","5","8"
"habemusmessi","4","4","8"
"Hablush","3","5","8"
"hacherman_joseph","5","3","8"
"hadei1982","5","3","8"
"Hadi_Shog","5","3","8"
"hadid1975","4","4","8"
"Hadimazdeh","3","5","8"
"hadron43","3","5","8"
"haemordeath","4","4","8"
"Hafti48","5","3","8"
"Hag47","5","3","8"
"HahaKar","4","4","8"
"HaiderFatlawi","4","4","8"
"HaKa2023","4","4","8"
"hakikat_1","4","4","8"
"hal-kabe","4","4","8"
"halbej","4","4","8"
"halcyon2110","5","3","8"
"HalfMoraes","3","5","8"
"HallucinogenicGin","4","4","8"
"HamadAlJaber","5","3","8"
"hamed8_hp","3","5","8"
"hamedsargolzaee","4","4","8"
"hami7","3","5","8"
"hamid20545","4","4","8"
"Hamiltoon","4","4","8"
"HammerPE","3","5","8"
"HamoStepanyan","4","4","8"
"hamza95","4","4","8"
"hanapot","4","4","8"
"Hankner","4","4","8"
"hanksmoody","4","4","8"
"Hannah-Ali","3","5","8"
"Hanratty","5","3","8"
"hansvaniersel","4","4","8"
"hanthic","3","5","8"
"hantmelik","4","4","8"
"Hanym","5","3","8"
"HanzoMa1n","5","3","8"
"Hanzzzo","4","4","8"
"Happy-air14","5","3","8"
"happybamtole","4","4","8"
"haps9000","4","4","8"
"haramtricks","5","3","8"
"HardAssassin","4","4","8"
"Hardbutnotbad","3","5","8"
"hardcoreplayer69xd","5","3","8"
"HardikMutha08","5","3","8"
"hardiksawant","5","3","8"
"HardLearningGuy","4","4","8"
"hardlystoned","4","4","8"
"HardRok","6","2","8"
"hari-123","3","5","8"
"hariharank","4","4","8"
"Harish117","3","5","8"
"Harishrs00","4","4","8"
"harmlessgambit","3","5","8"
"harris8822","3","5","8"
"harrisonscope","3","5","8"
"Harryerre","3","5","8"
"Harsh_Srivastava","4","4","8"
"harsh_wcc","4","4","8"
"harshcool2022","3","5","8"
"Harunafcan","4","4","8"
"hasanozbek1976","3","5","8"
"HASANrostami","4","4","8"
"Hashem1337","4","4","8"
"Hassan_dabaja","3","5","8"
"Hassan7889","4","4","8"
"hassanshehab","5","3","8"
"hassantahir11321","3","5","8"
"hatch1","4","4","8"
"hateech","4","4","8"
"hatembr98","4","4","8"
"hatemost","4","4","8"
"hatpat","4","4","8"
"hatpb","4","4","8"
"haub3r","4","4","8"
"Havermout","5","3","8"
"havingfunnn","3","5","8"
"Hawkeeer","4","4","8"
"Hawrylmj","4","4","8"
"haxmatist2400","3","5","8"
"haydin42","4","4","8"
"Hayk177","4","4","8"
"Hazem_404","4","4","8"
"hazemhesham73472","4","4","8"
"haziel_23","3","5","8"
"Hazro","4","4","8"
"Hdez_Serrano_Miche","6","2","8"
"hdhermans","4","4","8"
"hdj42","3","5","8"
"HeadHunter98","4","4","8"
"headmanya","4","4","8"
"HeartFelt_LoveBird","5","3","8"
"heavyilkay","4","4","8"
"heckspoida","3","5","8"
"HectorGGM","4","4","8"
"Hed_4","4","4","8"
"HeinDaddeldu","4","4","8"
"heldricck","3","5","8"
"HelloSkraup","5","3","8"
"hellowed_warlok","4","4","8"
"hellowrold","4","4","8"
"HelmiWilhelm","4","4","8"
"Hendah","4","4","8"
"hendrag","4","4","8"
"Henkelkong","4","4","8"
"henriquerf","5","3","8"
"henrixjimi","4","4","8"
"Henry_chess7","4","4","8"
"henz711","5","3","8"
"HerbivoreIndian","4","4","8"
"Hercules720","3","5","8"
"hermergen","4","4","8"
"Hermes_moh159","4","4","8"
"hernara","4","4","8"
"heropsixopat75","4","4","8"
"herr_furb","3","5","8"
"Hesus_Salamandra","4","4","8"
"Heverton_Hauth","4","4","8"
"hgaedke","5","3","8"
"HGMS-247","4","4","8"
"hgvxx7","5","3","8"
"hhazbaz","4","4","8"
"HHidalgo","4","4","8"
"hichemtall","4","4","8"
"hiddenlearner_123","4","4","8"
"HideLord","3","5","8"
"Highly-badder-than-u","4","4","8"
"HighReborn","5","3","8"
"Hikarum","3","5","8"
"hilmidogan","3","5","8"
"Himmelsengel","3","5","8"
"hinata_shoyo-10","4","4","8"
"hindoid1","3","5","8"
"hinoska","4","4","8"
"hiramprowazaaaa","4","4","8"
"HisBeautifulLips","3","5","8"
"hisnaalfarizi","4","4","8"
"hiyder6","4","4","8"
"hjalteriis","5","3","8"
"HKN278","4","4","8"
"hknsnyrt452","4","4","8"
"hkvikramsingh","4","4","8"
"hm5343","5","3","8"
"Hmrooov","4","4","8"
"HoaLaQuyRoi","4","4","8"
"hogadoga2","4","4","8"
"HoGayaKaam","3","5","8"
"hojito","4","4","8"
"Holguinero","4","4","8"
"Holler_777","4","4","8"
"Holly500","4","4","8"
"HongiGT","4","4","8"
"Honningsvaag","3","5","8"
"hooch1976","4","4","8"
"hookemchessgirl","3","5","8"
"hooman_75","5","3","8"
"hooodoo","4","4","8"
"HopeIGD","5","3","8"
"HopoderTop","5","3","8"
"Hopsman","4","4","8"
"hormiguer","4","4","8"
"horsef3","4","4","8"
"HorseyForks","3","5","8"
"Horuschina","5","3","8"
"horvathtomy1983","4","4","8"
"hos3inmasumifard","4","4","8"
"hos73","4","4","8"
"HosamFox7","4","4","8"
"hosangbadlzade","4","4","8"
"Hosein-bahadori","4","4","8"
"hoshos664","4","4","8"
"Hossein_MZ","3","5","8"
"Hostis_Vestra","5","3","8"
"hot_tempered_cuban","4","4","8"
"Hotte_2020","5","3","8"
"HouseofMemes","3","5","8"
"houssemPX1","4","4","8"
"Houtekiet","4","4","8"
"howgill","4","4","8"
"Howtosurvive","3","5","8"
"HozerAmber","4","4","8"
"HrachBay","4","4","8"
"hrachia","5","3","8"
"Hripach007","3","5","8"
"HSLV78G","3","5","8"
"hueni","5","3","8"
"HugoSFMdP","5","3","8"
"Huikkanen","4","4","8"
"humanBadger","5","3","8"
"Humbl3","3","5","8"
"Hummer_Ukraine","4","4","8"
"hunamz","4","4","8"
"HungarianSpy","4","4","8"
"HUNGERTIGER","5","3","8"
"hunter611","4","4","8"
"hunter9915","3","5","8"
"hunterpand","4","4","8"
"Hupagon","4","4","8"
"HupHerman2022","3","5","8"
"husain999","4","4","8"
"huseyinnadide","4","4","8"
"HusseinMohammed","4","4","8"
"hut","4","4","8"
"huyhoang10ch","3","5","8"
"HvarZ","3","5","8"
"HviteBrikker","6","2","8"
"Hyakkimaru2019","3","5","8"
"Hyan2202","4","4","8"
"hybridmutant","3","5","8"
"hydrates","4","4","8"
"hyper-critical","3","5","8"
"hypersymmetry","5","3","8"
"I_am_a_Hamburger","4","4","8"
"I_Love_Chess_018642","5","3","8"
"I-Z-M-A-I-A-S","5","3","8"
"i2u6","5","3","8"
"i3ta","4","4","8"
"Iactuallyloveyou","4","4","8"
"iadergunov","3","5","8"
"IAGOkaspas","3","5","8"
"iam_alegend","4","4","8"
"IamALLhappiness","4","4","8"
"iamotrebilig","4","4","8"
"Iamproplayer","4","4","8"
"Ian2016","3","5","8"
"IanWalkerDCA","4","4","8"
"Iapetas","3","5","8"
"iApollo7","4","4","8"
"IbarraDavid","5","3","8"
"ibisinruyasi","4","4","8"
"ibrahim082001","4","4","8"
"ibrahmgvnc","3","5","8"
"Ibrohim15","6","2","8"
"ibsazat","4","4","8"
"ibun","5","3","8"
"ibvictim","4","4","8"
"icathexis","3","5","8"
"icedeIst","5","3","8"
"icelandking","4","4","8"
"iceonboard","4","4","8"
"Icetrap86","4","4","8"
"IchEssBlumen42","4","4","8"
"ichiro0123","5","3","8"
"ICTOAE1321","3","5","8"
"idkk18265","5","3","8"
"IdontKnowMorty","4","4","8"
"ieglezos","4","4","8"
"iejfu","6","2","8"
"Ifarhsa","5","3","8"
"iFoundBobbyFischer64","4","4","8"
"ifthikar","4","4","8"
"igavriil","5","3","8"
"IgloCaptain","4","4","8"
"igloomy","4","4","8"
"Igloos","4","4","8"
"ignorantpawn","4","4","8"
"igor_senchenko2345","5","3","8"
"IgorZhestkov","3","5","8"
"ihateeveryoneee","4","4","8"
"Ihateyourguts5575","4","4","8"
"ijacek77","4","4","8"
"ijay10","4","4","8"
"ijun","4","4","8"
"ikeeplearning","5","3","8"
"ikfuganti","3","5","8"
"Ikheetchris","4","4","8"
"ikidyounot","3","5","8"
"Iksanov_Ruslan","4","4","8"
"IKTAN_0610","4","4","8"
"Il_Prof","4","4","8"
"Ildar432143","4","4","8"
"ilhamoz","3","5","8"
"ilitterallydontcare","4","4","8"
"Ilkya","4","4","8"
"Illmath","4","4","8"
"illoak","3","5","8"
"illoh6789","5","3","8"
"ilmanes","4","4","8"
"ILoveChikS","3","5","8"
"Ilya__iliev","5","3","8"
"ilya_ilya_ilya","4","4","8"
"ilya_ivantsov","4","4","8"
"ilya_makashov","4","4","8"
"ilya994","2","6","8"
"IlyaSizov_chess","4","4","8"
"ilyavysotskii","4","4","8"
"Imadimaddd","5","3","8"
"iman_tamis","5","3","8"
"iman84","5","3","8"
"imanuel31","4","4","8"
"Imarbekov","4","4","8"
"Imbadatchesss","4","4","8"
"Imightkms","4","4","8"
"immortalguards","4","4","8"
"impolarbeargim1","4","4","8"
"imthebadplayer","3","5","8"
"imudit07","4","4","8"
"In-pussant69","3","5","8"
"Inakivv","5","3","8"
"IncredibleHulk18","4","4","8"
"indijane","3","5","8"
"Induhvidual","5","3","8"
"Inejgh45","3","5","8"
"inevitableMC_08","4","4","8"
"infamouspawn3","5","3","8"
"InfernalityR","4","4","8"
"InfraLove","4","4","8"
"IngoGerber","3","5","8"
"Ingunn","4","4","8"
"InKogggNnitooo","4","4","8"
"innepils","4","4","8"
"inSecOP","4","4","8"
"Inter_Milano","4","4","8"
"intiyuraq","4","4","8"
"Invictus08","4","4","8"
"io122","4","4","8"
"iokiae","4","4","8"
"Ioni_Allende","5","3","8"
"iPoeleke","3","5","8"
"IQ2665","5","3","8"
"IRaKuz","4","4","8"
"Irhien","4","4","8"
"IridiumH","4","4","8"
"Irleleme","3","5","8"
"IronPranda","4","4","8"
"ironsidecw","4","4","8"
"irreallife","4","4","8"
"irwannur","4","4","8"
"is0m3tr1x","4","4","8"
"isayevsahlar","4","4","8"
"Isdanfo","5","3","8"
"Ishiguro79","4","4","8"
"IshmaelKissinger","3","5","8"
"ISinyoR","3","5","8"
"islandr","5","3","8"
"islasora","4","4","8"
"ismaelMS","4","4","8"
"ismail20612","3","5","8"
"isobef43","4","4","8"
"israSbd","3","5","8"
"issam2021","4","4","8"
"issamber","5","3","8"
"IstoqueFiche","4","4","8"
"ItDominus","4","4","8"
"iTheDarkLord157","3","5","8"
"ithepulak","3","5","8"
"itsmefaris2017","4","4","8"
"itsstevenweinstein","5","3","8"
"ItWasIn","5","3","8"
"Itz_anonymum","4","4","8"
"itz_Hardik","3","5","8"
"Ivan-carevich","4","4","8"
"Ivan-X","5","3","8"
"Ivan06021990","4","4","8"
"Ivan077","4","4","8"
"IvanKrupeshoV","4","4","8"
"ivanzarpy","3","5","8"
"IWALAS","4","4","8"
"Izko","5","3","8"
"Izroill_CSS","5","3","8"
"Izykad","4","4","8"
"J0ki","4","4","8"
"j7777","4","4","8"
"ja71","4","4","8"
"ja734","4","4","8"
"jaaguar1996","3","5","8"
"jack24634","4","4","8"
"Jackcola","4","4","8"
"jackhammer11","4","4","8"
"jackpalacio","5","3","8"
"JackPN","4","4","8"
"jackryan167","4","4","8"
"JacobKell","3","5","8"
"JacobmD","3","5","8"
"JacobMZ","4","4","8"
"Jaden_Korr","3","5","8"
"Jadooo","3","5","8"
"Jaffar98","5","3","8"
"Jafta_DeMaster","4","4","8"
"Jager1","4","4","8"
"Jagmith_123","4","4","8"
"jahidhasan36","5","3","8"
"Jahongir5054","5","3","8"
"JAHR1968","4","4","8"
"JaimeGo","3","5","8"
"jairmito","4","4","8"
"Jake123","4","4","8"
"Jalapinho_Cicinho","3","5","8"
"JAlmeida_2006","4","4","8"
"JAmaLsubragim","4","4","8"
"jambon-sama","3","5","8"
"JambonElite","5","3","8"
"Jamedilao5","5","3","8"
"JamesBondo","4","4","8"
"Jameschi","4","4","8"
"jamesfwat","3","5","8"
"JamesKingChess","5","3","8"
"jamesmoriarty007","3","5","8"
"Jamesonthe","3","5","8"
"jamessabor","3","5","8"
"jamilaslanov","4","4","8"
"Jamma100","4","4","8"
"janberga","4","4","8"
"Jandalfdawizard","4","4","8"
"Janine4","4","4","8"
"Janislav2000","4","4","8"
"jankovi","1","7","8"
"jankovicsmarci","4","4","8"
"Janno43","5","3","8"
"janosha","3","5","8"
"Jarbu","5","3","8"
"jarm123","4","4","8"
"jasior","3","5","8"
"JasonQog","4","4","8"
"Jatenow","4","4","8"
"javad_hazra","6","2","8"
"Javad57","3","5","8"
"Javadlegendary","4","4","8"
"JavCarden","4","4","8"
"javier_meneses","5","3","8"
"JAVIERINYO","4","4","8"
"Jawahar18293","5","3","8"
"jawsfn","5","3","8"
"JaxtonWynn","5","3","8"
"Jay812","3","5","8"
"jayantag","4","4","8"
"jayco88","3","5","8"
"jaydafish","3","5","8"
"Jayrone2023","4","4","8"
"JaySolo","5","3","8"
"Jazzmate8","3","5","8"
"Jbot43","4","4","8"
"Jbrudney","4","4","8"
"jbsd","3","5","8"
"jc07","4","4","8"
"jc4242","4","4","8"
"jchenal","5","3","8"
"jchlingard","2","6","8"
"JCollet","5","3","8"
"JCxCxC","3","5","8"
"jd154227","4","4","8"
"jdamiba","3","5","8"
"jdavila","4","4","8"
"JDTable","3","5","8"
"je-ne-sais-pas","4","4","8"
"Jeanlebon1964","4","4","8"
"jeanluc70","4","4","8"
"JeanPaul31","4","4","8"
"Jedaldrichnovicio","3","5","8"
"Jeevan2908","4","4","8"
"jeffro90","4","4","8"
"JEFjnr","3","5","8"
"JehrTheBehr","4","4","8"
"jejajim","4","4","8"
"jemex","5","3","8"
"JendrikFrilling","4","4","8"
"jenil1632","4","4","8"
"jenkil","5","3","8"
"Jeppemar","5","3","8"
"Jeraldt","4","4","8"
"jerem1287","5","3","8"
"jeremygalland","3","5","8"
"Jerskerrr","5","3","8"
"jesse-pg","4","4","8"
"jesse1995","3","5","8"
"jessieu726","3","5","8"
"Jesus667","4","4","8"
"jesusfalcon999","4","4","8"
"JetTevar","5","3","8"
"JetztReich","3","5","8"
"Jevrun","4","4","8"
"Jewishcats","5","3","8"
"jeyyypeyy","5","3","8"
"JFullll","4","4","8"
"JGcasero1","5","3","8"
"JGR1984","5","3","8"
"Jgray1206","4","4","8"
"JheysonAjedrez","3","5","8"
"jhill92","4","4","8"
"jhm1963","5","3","8"
"Jhona9201","4","4","8"
"jhonattan2908","5","3","8"
"Jhonecristo007","5","3","8"
"Jianis","4","4","8"
"Jim-Ole","4","4","8"
"Jimyjam","3","5","8"
"JInErYodaN","5","3","8"
"Jinzuzuca","3","5","8"
"Jippii3","5","3","8"
"JiQiu","4","4","8"
"jjqz","4","4","8"
"jkeough13","4","4","8"
"JKMaster29","5","3","8"
"jkxadrez64","3","5","8"
"jlandaw","5","3","8"
"jlopez2023","4","4","8"
"Jm3rask","5","3","8"
"JM8766","4","4","8"
"jmariano7","3","5","8"
"jmchucho","5","3","8"
"JN7975","4","4","8"
"joacoAman","4","4","8"
"joao117","4","4","8"
"Joco63","5","3","8"
"Jodice","4","4","8"
"joeshindy","4","4","8"
"Joezeph37","4","4","8"
"jog67","4","4","8"
"joggert","4","4","8"
"johanessitepu","4","4","8"
"John75","5","3","8"
"johndieboi1","5","3","8"
"Johnny_K87","3","5","8"
"johnp1","3","5","8"
"johnsonj99","4","4","8"
"Jokotoko243","4","4","8"
"Jona01","3","5","8"
"jonanderrv","4","4","8"
"JonaSCE1222","5","3","8"
"JonasMatugas","3","5","8"
"jonastele","4","4","8"
"Jonathan-04","4","4","8"
"JonathanCazaux1","5","3","8"
"Jonex6119","4","4","8"
"joni16","5","3","8"
"JonkNed","4","4","8"
"JonProspar","4","4","8"
"Jooke","4","4","8"
"Joperbarcelona","3","5","8"
"Jordan1968","4","4","8"
"Jorgealania90","4","4","8"
"JorgeFlowers","4","4","8"
"jorgegus2","4","4","8"
"jorgejunior11","4","4","8"
"Jorgek","4","4","8"
"jorgeraftt","3","5","8"
"Jorgereyes418","3","5","8"
"jorrit34","4","4","8"
"Josbrumar","4","4","8"
"jose14","3","5","8"
"jose3101994","5","3","8"
"JoseCaulRappablanca","4","4","8"
"JosephCoburn","5","3","8"
"Josetemc7","4","4","8"
"josevitor987","4","4","8"
"JoshHood","4","4","8"
"joshmeyer","5","3","8"
"joshua118","4","4","8"
"joswe","5","3","8"
"jousemarkc","4","4","8"
"Jovelino","4","4","8"
"joyboy94","4","4","8"
"JoyfullyTriumphant","3","5","8"
"jozw95","4","4","8"
"Jparihar82","3","5","8"
"Jpdoss","3","5","8"
"JPdouglass","4","4","8"
"jpschess04","4","4","8"
"jrc2023","4","4","8"
"jrmendez","4","4","8"
"JRock7997","4","4","8"
"JrR1vera","3","5","8"
"jshaud","3","5","8"
"jthistle","5","3","8"
"Jtrigger7","4","4","8"
"JuanCaEH","4","4","8"
"Juaneluxe","4","4","8"
"juanferpaz","3","5","8"
"juanguizao","4","4","8"
"juanjo7gv","4","4","8"
"JuanjoL","3","5","8"
"juanjuanjuanito","4","4","8"
"juanmarcoscordoba","4","4","8"
"juannopz","5","3","8"
"Juansis145","5","3","8"
"Jubz-07","4","4","8"
"JudeG","4","4","8"
"judziz","4","4","8"
"Juggy_Seeto","3","5","8"
"Juhlin76","4","4","8"
"juiceskywalker","4","4","8"
"JuicyJerome10","4","4","8"
"juicysalif","4","4","8"
"julesjojo","5","3","8"
"julianodanilo","4","4","8"
"juliansansan","4","4","8"
"julienjulien","2","6","8"
"juliofarpo","4","4","8"
"Julius1998","4","4","8"
"JuliusMieliauskas","5","3","8"
"juliusvincentmallari","4","4","8"
"junagran7","4","4","8"
"JUNIOR_ST","4","4","8"
"juniorwalker","4","4","8"
"jurandirjunior","4","4","8"
"Juriel24","4","4","8"
"just_a_monkfish","3","5","8"
"justacasualign","5","3","8"
"justcust","3","5","8"
"Justin7890","3","5","8"
"justinxsolci","4","4","8"
"JustMeAgain","4","4","8"
"Justplaychess19","3","5","8"
"Justrighteous","3","5","8"
"JVB12","4","4","8"
"jvcarone","3","5","8"
"jvkmarco","4","4","8"
"jvrocker","4","4","8"
"jwala","4","4","8"
"jxyzie","5","3","8"
"jyotsana_jaya","4","4","8"
"K_goncalves01","4","4","8"
"K0lmychk0v_A","4","4","8"
"k49_99","4","4","8"
"Kabing","4","4","8"
"kabwe70","4","4","8"
"Kachesov","4","4","8"
"KACHOOW","4","4","8"
"Kadxx","4","4","8"
"kaffekoppens1","6","2","8"
"Kagwahiva","4","4","8"
"kahasa","4","4","8"
"KairatDad","5","3","8"
"Kal98","6","2","8"
"Kaladinar","4","4","8"
"KALCobos","3","5","8"
"kaldavid83","4","4","8"
"kali93","5","3","8"
"kalkuttakutte","5","3","8"
"Kalyan2","4","4","8"
"Kamalkhatiwal","4","4","8"
"KaMark_29","4","4","8"
"KamikadzeCZ","4","4","8"
"KamilPr","4","4","8"
"kamimorto","4","4","8"
"KamoStepanovich","4","4","8"
"kamuze","4","4","8"
"kamynsky","4","4","8"
"Kamzon","3","5","8"
"kanan_13","5","3","8"
"kanarast","3","5","8"
"kanarek123","3","5","8"
"Kangcfa","4","4","8"
"Kanishk4801","4","4","8"
"Kanishk7","4","4","8"
"kankraap1","4","4","8"
"kannan2196","4","4","8"
"kanoto_kotori","5","3","8"
"Kapapretta","4","4","8"
"Kapitaj","1","7","8"
"kaplan1453","4","4","8"
"Kapugama_MC","5","3","8"
"Kar_moh","3","5","8"
"Karab","5","3","8"
"Karaklis","5","3","8"
"karan_787","4","4","8"
"Karasahin_dustu1","5","3","8"
"karasso","5","3","8"
"karen1359","4","4","8"
"Karetnikov_ivan","3","5","8"
"kari123","5","3","8"
"KarimiradAran1670","4","4","8"
"Karimmm","3","5","8"
"karimovitsh","5","3","8"
"karimovk","3","5","8"
"karl07","4","4","8"
"karlbiron","4","4","8"
"Karlo-Heilmann","4","4","8"
"KarloS_koronA_0","5","3","8"
"karmaayush","3","5","8"
"KARMAISTHETOP","4","4","8"
"karnalavalesh","3","5","8"
"Karnow98","4","4","8"
"karptha","4","4","8"
"Kartal_Musti","4","4","8"
"Kartal7","3","5","8"
"Kartikay2004","4","4","8"
"KartikeyThakur","3","5","8"
"KartoffelKonig","3","5","8"
"Karunaka","4","4","8"
"kasketkarl","4","4","8"
"Kaspapobre","4","4","8"
"kasparicy","3","5","8"
"kasparov8666868366","4","4","8"
"kasper8","4","4","8"
"kassybrito","5","3","8"
"kasum","4","4","8"
"Kasyanov_Dmitriy","4","4","8"
"katay666","3","5","8"
"kate2000","4","4","8"
"katiejacksons","4","4","8"
"katka96","5","3","8"
"kato129","4","4","8"
"katok78","4","4","8"
"Katzuji","4","4","8"
"kavashige","5","3","8"
"Kaveman_Chess","4","4","8"
"Kazanda","4","4","8"
"kebablover","3","5","8"
"Keerol12","4","4","8"
"Keesiu","4","4","8"
"keko26","3","5","8"
"kelalayasser","6","2","8"
"kelebex2","4","4","8"
"kelzo1234","4","4","8"
"Kemalkesssskin","4","4","8"
"KemalSFS","4","4","8"
"kemnuamua","4","4","8"
"ken_huston","4","4","8"
"kenamazing","5","3","8"
"Kenchik96","4","4","8"
"kenive","3","5","8"
"kenjan","4","4","8"
"Kenken22","4","4","8"
"Kenmash","4","4","8"
"KennethG","3","5","8"
"kenya1988","4","4","8"
"keraguray","5","3","8"
"kermitthefrogo","4","4","8"
"KeroLaniaz","4","4","8"
"KesDesem","2","6","8"
"Keshav_Taneja2007","3","5","8"
"Kesidy","5","3","8"
"Kesislaos","4","4","8"
"KestutisKadonas1974","5","3","8"
"ketchess","4","4","8"
"ketchup_Man","5","3","8"
"Kev94","5","3","8"
"kevdav20","4","4","8"
"kevin_nit","4","4","8"
"kevindoif2018","4","4","8"
"Kevkof","4","4","8"
"keyman167","4","4","8"
"KeyX90","5","3","8"
"kezuku","4","4","8"
"kgosi10","4","4","8"
"Khabib2013","3","5","8"
"KhabibBadger","3","5","8"
"khabod163","4","4","8"
"KhalidElmasrey2021","4","4","8"
"Khizhin","4","4","8"
"khs050411","4","4","8"
"Kibae","4","4","8"
"kibakun","4","4","8"
"kidobo","4","4","8"
"kidsId","5","3","8"
"KiingRazor","5","3","8"
"kikismama","4","4","8"
"kilead","3","5","8"
"kilerwieza","4","4","8"
"kilingmachine","4","4","8"
"Killerguy007","4","4","8"
"KillerWolfDroid","4","4","8"
"Killshot_23","4","4","8"
"Kiltrov","4","4","8"
"Kim_Ndiema","4","4","8"
"kimasteralg","4","4","8"
"kimox","4","4","8"
"King_Capture","4","4","8"
"King_Dempz","3","5","8"
"King_hunter3","4","4","8"
"King1949","4","4","8"
"king451","4","4","8"
"KingArtur911","4","4","8"
"kingchesserpbhb","5","3","8"
"KingFyz","4","4","8"
"KingGeorge88","3","5","8"
"Kinginator","4","4","8"
"KingJuliusII","4","4","8"
"Kingnchess","3","5","8"
"KingofRwanda","3","5","8"
"Kingpp","4","4","8"
"Kingrald11","4","4","8"
"Kings4breakfast","4","4","8"
"kingsac666","3","5","8"
"kingsaver01","6","2","8"
"kingsnuffer","4","4","8"
"kingtate","4","4","8"
"Kingweeda","4","4","8"
"kinkon","3","5","8"
"kiobriggz","3","5","8"
"Kiqen","3","5","8"
"kircho_ch","3","5","8"
"Kire92","5","3","8"
"KIRGIngeniero","2","6","8"
"kiri-jolith","4","4","8"
"Kiril_2014","4","4","8"
"Kiriurjklf","4","4","8"
"KirubaDeZeus","4","4","8"
"Kiseleva2012","4","4","8"
"kislz","4","4","8"
"kittychan_nya","5","3","8"
"KivKat26","4","4","8"
"KJ_20BCI0142","3","5","8"
"KJ1906","4","4","8"
"kkaankka","3","5","8"
"kkiran_j","3","5","8"
"kkkkkkkkki123","3","5","8"
"kkmauri","4","4","8"
"KKomutanLogarrr","3","5","8"
"kkrzychu","5","3","8"
"klanky_92","3","5","8"
"Klefuchs_ll","5","3","8"
"KleinerBlitz","4","4","8"
"klhemadri","3","5","8"
"Klink09","4","4","8"
"klinkhamer","4","4","8"
"Klokkhammer-AUT","4","4","8"
"klostermansfeld","5","3","8"
"Kmacedo","4","4","8"
"KMatthews","4","4","8"
"kmzbd","4","4","8"
"Knbb","3","5","8"
"Kndgndt","2","6","8"
"Kneck","3","5","8"
"knightlich","4","4","8"
"knightmoves420","5","3","8"
"KnightPair2443","5","3","8"
"KnightRider0305","4","4","8"
"Knightstemplar1","4","4","8"
"knightwastaken","4","4","8"
"KniQle","5","3","8"
"Knortimor","4","4","8"
"Knut_Sveinung","4","4","8"
"KNVVB","3","5","8"
"KoalaArmee","5","3","8"
"kobayashi3","3","5","8"
"Kobold87","3","5","8"
"Kochniuk74","4","4","8"
"KogaJr","5","3","8"
"koiqoubeh","4","4","8"
"Kokorin76","4","4","8"
"Kolbassony","4","4","8"
"koldo08","5","3","8"
"Kolm","4","4","8"
"Kolmachhowmuch","4","4","8"
"KolokM","3","5","8"
"kolosovanton","4","4","8"
"komalc","3","5","8"
"KondzoMr","4","4","8"
"Konstantin888","5","3","8"
"Konstantinov_I","4","4","8"
"Kontikki","3","5","8"
"koosterl","4","4","8"
"kopalaa","4","4","8"
"korabri","3","5","8"
"koraysss53","5","3","8"
"Kordubass","4","4","8"
"korhantanser","3","5","8"
"kornilov_anton","3","5","8"
"korpag","5","3","8"
"korzenny2018","5","3","8"
"kosmonavt","4","4","8"
"KostyaChessBox","3","5","8"
"Kotipizza1","3","5","8"
"Kottov","3","5","8"
"kourosh311","4","4","8"
"kovicheck","5","3","8"
"Kowaske","4","4","8"
"Kozmozz69","4","4","8"
"kpabewnik","4","4","8"
"KPB13","4","4","8"
"Krad23","4","4","8"
"krade12x","4","4","8"
"kraken010","3","5","8"
"KRALJIGRE2","4","4","8"
"kramer96","4","4","8"
"KratosLikesBacon","4","4","8"
"kravkos","5","3","8"
"kreukels","4","4","8"
"Krilike","5","3","8"
"kris1441","3","5","8"
"kris1477","5","3","8"
"Krishanu","2","6","8"
"krishna1356","5","3","8"
"Kronk12345","4","4","8"
"Krosser0","4","4","8"
"krowa1010","4","4","8"
"krtekostrovid","4","4","8"
"KrzyBo","3","5","8"
"kskull","4","4","8"
"kucukbaskan","4","4","8"
"kudure","4","4","8"
"kuekenpower_trash","4","4","8"
"Kulakada","5","3","8"
"kulicovv","3","5","8"
"Kulmuhan0306","4","4","8"
"kumaster","5","3","8"
"Kunal_bisht","4","4","8"
"Kunal_xoxo","3","5","8"
"kunal7","4","4","8"
"kunklu","4","4","8"
"kurutumjanja","2","6","8"
"kushaggarwal","3","5","8"
"kushg1","5","3","8"
"kutayturudu","4","4","8"
"kutrinky","4","4","8"
"kuz_mich","4","4","8"
"Kuzuzu","4","4","8"
"Kvister","4","4","8"
"kweka1","4","4","8"
"kwick86","3","5","8"
"kwikkai","4","4","8"
"kxkmull","2","6","8"
"Kyalopetro","4","4","8"
"kyarr","3","5","8"
"KyawNaing","4","4","8"
"Kyklops81","6","2","8"
"kyle2024","5","3","8"
"kyoza","3","5","8"
"kyriakosstrimonas","3","5","8"
"KYZ1881","4","4","8"
"Kyzius","4","4","8"
"L_e_o_n_i_d-1","3","5","8"
"L-Fresh11","3","5","8"
"L0ckpicker","4","4","8"
"L23W45","4","4","8"
"l3alim","4","4","8"
"LaariqbatAbdo","5","3","8"
"ladrondbesos","3","5","8"
"LadyChess1212","4","4","8"
"LaFurora","4","4","8"
"Laithosovic","5","3","8"
"Lakengren","4","4","8"
"lakillua","3","5","8"
"lakinwecker","4","4","8"
"laksh_2009","4","4","8"
"LALECHE0","4","4","8"
"laliebijard","4","4","8"
"Lalrawngbawla_Zote","4","4","8"
"LamecL","5","3","8"
"lamster","4","4","8"
"Lance-Angelo","3","5","8"
"Lancia","3","5","8"
"LangePier","4","4","8"
"Langstroth_185","5","3","8"
"Lanze_24","3","5","8"
"LapsusPro","4","4","8"
"lapzwans960","4","4","8"
"Laramaria","3","5","8"
"larrygtm","3","5","8"
"LarsChristiansen","3","5","8"
"LARSENCARSON","4","4","8"
"LarsR","4","4","8"
"Lassebond","4","4","8"
"LassWag2021i","4","4","8"
"last1quarter","5","3","8"
"lastchesser97","4","4","8"
"lasttheage","3","5","8"
"Latysh2007","4","4","8"
"Launcher1965","3","5","8"
"laurentsto","4","4","8"
"Lauterbrunnen96","4","4","8"
"lavanyakiyer","5","3","8"
"Lavidaloco","4","4","8"
"lazarus_xix","4","4","8"
"Lazaryan","4","4","8"
"lazutlivera","4","4","8"
"LazyBot","2","6","8"
"lazyNight","4","4","8"
"lbeethoven","3","5","8"
"LBegov","3","5","8"
"LcsFranco","3","5","8"
"LDuchamp","4","4","8"
"Le_S","4","4","8"
"leandro85","4","4","8"
"learnerchess100","4","4","8"
"lebenslanggruenweiss","4","4","8"
"lebest1234","5","3","8"
"lebronjames86","5","3","8"
"Lechiffre69","5","3","8"
"lecuippus","4","4","8"
"leeds_manc","5","3","8"
"LeelaStottlemeyer","4","4","8"
"Legionari","4","4","8"
"LegitBot","4","4","8"
"LEGUIZAGUSTAVO","3","5","8"
"Lehinovich","3","5","8"
"leipsch","4","4","8"
"leito_loar_1983","4","4","8"
"Lejatus","4","4","8"
"LekOre","5","3","8"
"Lelapin","4","4","8"
"LeleCat6","3","5","8"
"lemonsgambit","3","5","8"
"Leo2m","5","3","8"
"LeoCruz0279","4","4","8"
"leokonstantin","4","4","8"
"LeoM12345","4","4","8"
"LeoMor","3","5","8"
"Leon_Ironside","4","4","8"
"Leon1959","4","4","8"
"LeonC_14","5","3","8"
"leonlanda15","4","4","8"
"leonoeren","5","3","8"
"leopercy","4","4","8"
"LeoPresident","4","4","8"
"leosolfa1","4","4","8"
"leroybrown789","3","5","8"
"Lerusik","4","4","8"
"Lesha_Pakki","3","5","8"
"leStef","4","4","8"
"Lethal_Velociraptor","5","3","8"
"letotechin","4","4","8"
"Leufh","4","4","8"
"LEV88isa","5","3","8"
"LeveeBanksie","4","4","8"
"LevitskyAttack","4","4","8"
"levsr","4","4","8"
"levSyssoev","5","3","8"
"LeXav","4","4","8"
"LexLuengas","4","4","8"
"lexnowling108","4","4","8"
"lg6708","3","5","8"
"lght2","5","3","8"
"LGolikov2021","4","4","8"
"li-niklas","3","5","8"
"LiammTheCat","3","5","8"
"LiamStorey","3","5","8"
"lich_veain","4","4","8"
"Lichexss","4","4","8"
"LidlTheChesser","5","3","8"
"liebl","4","4","8"
"Light_Yagamiiii","4","4","8"
"light004","3","5","8"
"lighterbulb","5","3","8"
"likhithgadam","4","4","8"
"lil_chess_boy","3","5","8"
"Lil_Ficus","4","4","8"
"Lili2017","4","4","8"
"Liliext","5","3","8"
"lillymaster","4","4","8"
"lilvinney98","4","4","8"
"limerik","4","4","8"
"limiterRemoval","5","3","8"
"Limon07","4","4","8"
"LimoPreacherman","4","4","8"
"limsup","4","4","8"
"limunko","3","5","8"
"Linar-MR","4","4","8"
"lince1244","4","4","8"
"Lince1980","4","4","8"
"LindelofChess","5","3","8"
"Lineto3890","5","3","8"
"LINJACK","4","4","8"
"Linkg311","5","3","8"
"Lino2009","3","5","8"
"linodeluna360","4","4","8"
"lion2257","4","4","8"
"lionelmessiisgod","4","4","8"
"LiorEsh","4","4","8"
"lipatin1","3","5","8"
"LiSparsh","3","5","8"
"Litaviccos","4","4","8"
"literal_bagel","4","4","8"
"Lithoniel","4","4","8"
"littledotard100","3","5","8"
"littlehorse","6","2","8"
"littlesharkk","4","4","8"
"Live4Uw","4","4","8"
"livemango","4","4","8"
"livitator2000","4","4","8"
"Livorno13","4","4","8"
"LJamnal","3","5","8"
"LJim","4","4","8"
"lllco2lll","5","3","8"
"Lmgs94","4","4","8"
"Lmorphine1","4","4","8"
"lnnrtksr","4","4","8"
"Lobo017","4","4","8"
"LoboMultidimensional","4","4","8"
"Lobotomy12","4","4","8"
"logindia","4","4","8"
"lohith2868","4","4","8"
"Lohoseher","4","4","8"
"Lokalngpaco_KaBrian","5","3","8"
"lokman24","4","4","8"
"lol875991","4","4","8"
"lolap","4","4","8"
"loldsn","5","3","8"
"Lolmark","5","3","8"
"lolopop1","4","4","8"
"lomtiksira","3","5","8"
"LonelyFurrow","4","4","8"
"LoopZ","4","4","8"
"Looseerrchess","4","4","8"
"Looser_Markus","3","5","8"
"lopezku","6","2","8"
"LordChessterfield","4","4","8"
"LordeJohannesGooze","4","4","8"
"lordpegasus","4","4","8"
"Lorenzopickwick","4","4","8"
"LorkinKoch","4","4","8"
"lost1413","5","3","8"
"louarghi-moh","4","4","8"
"louie-veron","4","4","8"
"Louis_va","3","5","8"
"Loukakou","4","4","8"
"Loyosi","4","4","8"
"LS_10","4","4","8"
"lubemba","3","5","8"
"Lucasleo","5","3","8"
"lucianobr2","4","4","8"
"lucifer451","3","5","8"
"LuciferGOLD","5","3","8"
"LuckyFamilyguy","4","4","8"
"LudwigVonDrake","3","5","8"
"LuEmastr","4","4","8"
"lugatgm","4","4","8"
"lugbur","3","5","8"
"lui171","4","4","8"
"luis19321","5","3","8"
"Luis9911","3","5","8"
"LuizMachado17","4","4","8"
"Luk3ch3ss","4","4","8"
"luka2014","4","4","8"
"Lukapaka","3","5","8"
"Lukas_13","5","3","8"
"LukashUkraina","5","3","8"
"LukasXIA","4","4","8"
"Luki93","4","4","8"
"lunari","3","5","8"
"Lupino2","5","3","8"
"LupitaRL","4","4","8"
"Lurk1122s","4","4","8"
"lust8228","4","4","8"
"lvl25Chad","4","4","8"
"lyaguxa","4","4","8"
"lyamoy","4","4","8"
"LyaVasil","2","6","8"
"lyrakisk","5","3","8"
"lysiakv","3","5","8"
"Lyurf","4","4","8"
"Lyy0921","4","4","8"
"m_adiga","5","3","8"
"M_Aleksey","4","4","8"
"m_bai","4","4","8"
"M-Amin-Miri","4","4","8"
"M-Atmeh","4","4","8"
"m0nkeybrain","4","4","8"
"m123p123","5","3","8"
"m1f1chhh","4","4","8"
"M1LGR4UU","3","5","8"
"m2133","3","5","8"
"m2ayaz","4","4","8"
"M3464","4","4","8"
"m4653","4","4","8"
"Ma4022","4","4","8"
"maa87","4","4","8"
"MaadMeezy","3","5","8"
"MaartenT","4","4","8"
"Maax","4","4","8"
"MABEL-CHESS1309","4","4","8"
"Machpet","5","3","8"
"maciejLechia","4","4","8"
"Macizaaa","3","5","8"
"Mackus","4","4","8"
"MADAWAKIj","5","3","8"
"Madhav_2304","4","4","8"
"madhavbang","5","3","8"
"madhavSingh","4","4","8"
"Madhing","3","5","8"
"Madhupa_Samanta","4","4","8"
"Madhut123","4","4","8"
"Madiyar_Shaiken","4","4","8"
"MadsVonKleist","3","5","8"
"Maduwage","5","3","8"
"MaestroRecreativo","3","5","8"
"MaFaKBBC","4","4","8"
"Mafer-ivy","3","5","8"
"mafons0","3","5","8"
"Mag828","3","5","8"
"magab","4","4","8"
"magayan1400","3","5","8"
"mageecoe","4","4","8"
"magkas2","4","4","8"
"Magnoosh","4","4","8"
"Magnus_Chaconsen","5","3","8"
"Magnus_Chan","5","3","8"
"magnusik","3","5","8"
"MagnusXXXXCarlsen","6","2","8"
"MagoDurden","4","4","8"
"magojuan20","5","3","8"
"Magomedsalam","4","4","8"
"Magsen_Carlnus007","5","3","8"
"maguitoo3","4","4","8"
"Mahamuni","4","4","8"
"Mahatmada","3","5","8"
"Mahdi-Soltani","5","3","8"
"MahdiSaadat","4","4","8"
"Mahery_n9","5","3","8"
"Mahgnis","4","4","8"
"mahmodjamal999","4","4","8"
"MahmoudAlsgheer","3","5","8"
"mahmuodyagga","4","4","8"
"MahmutEfeK","3","5","8"
"Maho27100","3","5","8"
"maiccels","4","4","8"
"Main_moose","3","5","8"
"majakathata","4","4","8"
"majkelmajk","4","4","8"
"majmm","4","4","8"
"majstor9","3","5","8"
"mak1ai","4","4","8"
"makaak","4","4","8"
"makar7788","3","5","8"
"Makasyan","3","5","8"
"MakbuzKalsin","4","4","8"
"makgifer","5","3","8"
"Maki16","3","5","8"
"Maks_Bolzen","4","4","8"
"maksim_o","5","3","8"
"Maksimus83","5","3","8"
"MaksUSSR","4","4","8"
"Malabar65","3","5","8"
"MalditoCaballo","4","4","8"
"malfiere","5","3","8"
"Malleshgujjari","4","4","8"
"Maltinho1234","4","4","8"
"Malu_444","4","4","8"
"Malvod","5","3","8"
"Malyugovskiy","3","5","8"
"MamallanT","3","5","8"
"MAMBITOON2","4","4","8"
"mamik212","3","5","8"
"mamileyd","5","3","8"
"Mammi","4","4","8"
"Manbindo","4","4","8"
"Mancunian","4","4","8"
"mandegar","4","4","8"
"mando1991","5","3","8"
"mandt","4","4","8"
"ManfredGosseling","4","4","8"
"ManggusKarson2022","4","4","8"
"mangionutella","4","4","8"
"mangku-langit","4","4","8"
"mangol11","3","5","8"
"mangomingo","4","4","8"
"MANGYST333","3","5","8"
"mani11jain","3","5","8"
"manialimohammadi1391","4","4","8"
"manichess19","3","5","8"
"Manish_xD","4","4","8"
"Manit_Chhabra","4","4","8"
"manito333","5","3","8"
"Manni0815","5","3","8"
"Manolo802020","3","5","8"
"mansurjon98","4","4","8"
"Mantapsmen","4","4","8"
"manubajaj","4","4","8"
"ManujaVirajith","3","5","8"
"mapache_mapf","5","3","8"
"mapalochibaleHM","5","3","8"
"Marah_Osama","4","4","8"
"MaratShashkiRus","4","4","8"
"maratych58","3","5","8"
"MarBazou","5","3","8"
"Marc_Otis","4","4","8"
"MarceloPazz","4","4","8"
"MarceloRamos","3","5","8"
"marcelpopescu","4","4","8"
"Marchanti","4","4","8"
"marcofriass","4","4","8"
"marcohunter2","5","3","8"
"marcortizpy","3","5","8"
"MarcoSangalli","3","5","8"
"mAReDux","4","4","8"
"MarekKumitsu","4","4","8"
"MarianoLT777","5","3","8"
"marianotim","4","4","8"
"Marina-13","3","5","8"
"marinno","4","4","8"
"Marins73","4","4","8"
"mario009c","5","3","8"
"Mario45","4","4","8"
"mariogalvez0925","4","4","8"
"mariokeputaXxX","4","4","8"
"Mariupolec","4","4","8"
"mariuszsadowski","4","4","8"
"Mark_Aurel","4","4","8"
"Mark_Church","4","4","8"
"mark2070","3","5","8"
"mark825","3","5","8"
"MarkFerber","3","5","8"
"marklein01","4","4","8"
"marklimpin","5","3","8"
"marnilchess","3","5","8"
"Marrison","4","4","8"
"marrychessjane","4","4","8"
"marselbairam","4","4","8"
"marslav","3","5","8"
"Marsupial_74","3","5","8"
"martijntje123","4","4","8"
"Martin-Fuegert","5","3","8"
"martin1981","5","3","8"
"Martin319","3","5","8"
"martinio63","4","4","8"
"Martinkeiz12","4","4","8"
"Martinou67","4","4","8"
"MartinSchaupper","4","4","8"
"Mashtakov_G","4","4","8"
"massiffownich","4","4","8"
"MassimoSpedicato","4","4","8"
"massonski8","4","4","8"
"MastacticaTeoriabot","5","3","8"
"Master_Dragon_2011","5","3","8"
"master3001","3","5","8"
"Masterakshay","4","4","8"
"MasterChief15","4","4","8"
"masterike","5","3","8"
"masterperm","4","4","8"
"Mastorv","4","4","8"
"Mastroshot","4","4","8"
"masvon","5","3","8"
"Mat66","4","4","8"
"MateConTortaFrita","4","4","8"
"matej0308","4","4","8"
"Mateo_TopGg","4","4","8"
"MatFio","3","5","8"
"MATHEUSSTANLEY","4","4","8"
"mati21","5","3","8"
"matiasalvaro2468","4","4","8"
"Matinghffarifar","4","4","8"
"Mato_russia2011","4","4","8"
"matomic","4","4","8"
"maTtEcHeSs13","5","3","8"
"MatthewDoepel","4","4","8"
"Mattia1111","4","4","8"
"mattisrib","4","4","8"
"MattJackman","5","3","8"
"mattmikeky","4","4","8"
"mattyg914","4","4","8"
"MattyMulv","3","5","8"
"MauricioMestre","4","4","8"
"Max_exe","5","3","8"
"Max_volk_48","4","4","8"
"max199393","5","3","8"
"Max91b","4","4","8"
"Maxat","4","4","8"
"MaxC4","4","4","8"
"MaxderGleiche","3","5","8"
"Maxi_Pfluger19","5","3","8"
"maxi32217","4","4","8"
"Maxim_Iv44","5","3","8"
"maxim15","3","5","8"
"maxim1929","4","4","8"
"maximalbad","4","4","8"
"maximchempion2019","5","3","8"
"MaximMal","4","4","8"
"MaximumBlunder2","3","5","8"
"MaximumDestruction","5","3","8"
"Maximus2016","4","4","8"
"MaxiParra","3","5","8"
"maxquinn","4","4","8"
"MaxRunner15","4","4","8"
"Mayela2023","5","3","8"
"mazcapito300","4","4","8"
"mazdaxc5","3","5","8"
"mazeng","4","4","8"
"MbaNcol","4","4","8"
"mbat_2","4","4","8"
"mbechara","3","5","8"
"MBNchess","5","3","8"
"MBR_28","3","5","8"
"mc_camel","3","5","8"
"MCAHE","4","4","8"
"mcant","4","4","8"
"mcd_mcd","3","5","8"
"mcekic","4","4","8"
"mcherculano1","3","5","8"
"Mchess20","4","4","8"
"mcht_2323","4","4","8"
"McnicolAlex","3","5","8"
"mddn","4","4","8"
"mdean317","3","5","8"
"mdetoma","4","4","8"
"MeatHill","5","3","8"
"meatloaf55","4","4","8"
"mebiyo","3","5","8"
"Med_USP","4","4","8"
"MeD1uM","3","5","8"
"Medavas","4","4","8"
"medusa28","4","4","8"
"Meduza77","4","4","8"
"meebee228","4","4","8"
"meensama","5","3","8"
"meetgala8","4","4","8"
"meffistoo","2","6","8"
"Megalos-Prigipas","4","4","8"
"Megalouko","4","4","8"
"MegaLoup","4","4","8"
"MegaSovallye","5","3","8"
"meggy_125","4","4","8"
"Mehdiansari","3","5","8"
"Mehdook","4","4","8"
"mehmetalidd","4","4","8"
"mehmetkeles","5","3","8"
"mehmetkonuray","4","4","8"
"Mehranchess1999","3","5","8"
"Meibebum","4","4","8"
"Meighan","4","4","8"
"melih411","3","5","8"
"Mellonqwerty","3","5","8"
"Memoratus","4","4","8"
"memossnur","4","4","8"
"memyself_I","3","5","8"
"Men2034","4","4","8"
"mena999","4","4","8"
"meneltarma","5","3","8"
"Menkiti","2","6","8"
"Menlomar","5","3","8"
"merblkn","3","5","8"
"merhad","5","3","8"
"meromislimi","4","4","8"
"Merteser","3","5","8"
"mertsannn","5","3","8"
"meshari80","3","5","8"
"metho71","4","4","8"
"meti1987","4","4","8"
"MetiFox","3","5","8"
"meto84","3","5","8"
"meursaultttr","4","4","8"
"mevati","3","5","8"
"Mex27","4","4","8"
"mexchessluis","4","4","8"
"meykarthik","4","4","8"
"mg54vs","4","4","8"
"MGA_20","4","4","8"
"Mgarciaguayo","3","5","8"
"MGCarlusMagnusen","4","4","8"
"mgchevarie","4","4","8"
"Mgggggg","5","3","8"
"mgmgmg","4","4","8"
"mgochov","5","3","8"
"Mh787","4","4","8"
"mhamd_na","4","4","8"
"Mhammed2017","5","3","8"
"Mherannaarevshat1977","4","4","8"
"mhseifi","5","3","8"
"Mi_Principe","5","3","8"
"Michael_man","3","5","8"
"michael_sv","4","4","8"
"Michael080585","5","3","8"
"michaelcaoile","4","4","8"
"michaelmarquessr","3","5","8"
"michail0773","4","4","8"
"micheeeeeeeeleuuu","4","4","8"
"Michele_d_Amico","4","4","8"
"micka780","4","4","8"
"Micki99","4","4","8"
"micons","4","4","8"
"MidasM","3","5","8"
"MidNightTales","4","4","8"
"midoRama","4","4","8"
"Miguel02120212","5","3","8"
"MiguelAlonzo","4","4","8"
"MiguelAngelSoto","4","4","8"
"miguele98","3","5","8"
"Miguelosky_Pro","5","3","8"
"Miguelstella","3","5","8"
"Mihaell-Vatman","5","3","8"
"Mikail52","6","2","8"
"Mike_Petrov","3","5","8"
"mike7777","3","5","8"
"Mikelcle","5","3","8"
"mikeltxo21","4","4","8"
"mikeywilly19","4","4","8"
"mikomika","4","4","8"
"mikro_lab","4","4","8"
"miksuzzz","5","3","8"
"milanbil","4","4","8"
"milosnwl","4","4","8"
"Milsosa","4","4","8"
"miltech","3","5","8"
"MimKaf2564","4","4","8"
"Mina12122020","3","5","8"
"Mindmind2121","4","4","8"
"mindsurf","4","4","8"
"minumano","4","4","8"
"miobra","5","3","8"
"Mir_mrx","4","4","8"
"MirazoPono","4","4","8"
"Mirchesz","5","3","8"
"miri661","4","4","8"
"MIRK9","4","4","8"
"mirkhaev","4","4","8"
"MirKillachess","5","3","8"
"mirkoz","4","4","8"
"miroslav_97","5","3","8"
"mirsveta","5","3","8"
"misakiakira","3","5","8"
"misha123-123","3","5","8"
"MishaDik14","4","4","8"
"MishaTokar","5","3","8"
"mishimsheh","5","3","8"
"Mister_Fahrenheit","4","4","8"
"mister_jacob","5","3","8"
"Mister-Prout","5","3","8"
"misterchance","4","4","8"
"MisterRee","5","3","8"
"mistervacuo","5","3","8"
"Mithat1965","4","4","8"
"Mithun_S","1","7","8"
"mitko1982","5","3","8"
"mitrovic1","4","4","8"
"Mitty_Young_Prodigy","3","5","8"
"Mixedd","4","4","8"
"MK_CZ64","4","4","8"
"mkbmkb","4","4","8"
"mkh789","5","3","8"
"mlch2012","2","6","8"
"mlikissa","4","4","8"
"mmmb93","4","4","8"
"Mmokele","3","5","8"
"MMorini","5","3","8"
"MN_Torres555","4","4","8"
"mnat90","4","4","8"
"mnitsche","3","5","8"
"mnt4war","3","5","8"
"Mo_3abada","4","4","8"
"Mo_Shorbagy","4","4","8"
"moabdib","4","4","8"
"mobileHell","4","4","8"
"mobileloser","4","4","8"
"modulo7","4","4","8"
"Mogauchess","4","4","8"
"Mogul-2A","3","5","8"
"Moha_2020","4","4","8"
"Moha1999mmad","4","4","8"
"mohamed_chitose","4","4","8"
"mohamed0hassan","5","3","8"
"Mohamed1988satti","4","4","8"
"mohamed8678755","4","4","8"
"MOHAMED9027742","4","4","8"
"mohamedeidant","3","5","8"
"MohamedH_Khadra","4","4","8"
"mohamedsamy","5","3","8"
"Mohamedtawheed","3","5","8"
"Mohammad6767","5","3","8"
"MOHAMMED8284","4","4","8"
"mohan230297","4","4","8"
"mohbenz","4","4","8"
"mohitgorli","3","5","8"
"mohsen911","4","4","8"
"moi34","4","4","8"
"moin42","4","4","8"
"MoinJOD","4","4","8"
"mokaus","5","3","8"
"MokdedTunisia","4","4","8"
"Mokwerekwere2_0","4","4","8"
"MollzBollz","4","4","8"
"momos_5","4","4","8"
"MonicaFernanda23","4","4","8"
"monomo","4","4","8"
"monopack","4","4","8"
"monterenriquez","3","5","8"
"Monzi94","4","4","8"
"mooe","4","4","8"
"moomoodino","5","3","8"
"moooooonnnn","4","4","8"
"MooziBaz","3","5","8"
"Mopa1","3","5","8"
"Morasson","4","4","8"
"morgan2000","4","4","8"
"morganlgd1","5","3","8"
"moridark","4","4","8"
"moritz5","3","5","8"
"Moritz94","4","4","8"
"MOROKACHESS","3","5","8"
"Moroz07V","4","4","8"
"Morphy32","5","3","8"
"Morrel","4","4","8"
"morrocanspaceman","3","5","8"
"moscow_ranger","5","3","8"
"Mostafakhaled1907","4","4","8"
"mostafasharifan","4","4","8"
"Mosyamac","4","4","8"
"MosyMaster","3","5","8"
"MotazZ","5","3","8"
"MOTOR10","4","4","8"
"motorfot","3","5","8"
"Mouafek","4","4","8"
"MOUAYED_MOUDI","5","3","8"
"mouriceaziz162005","4","4","8"
"Mouse-Rat","4","4","8"
"mozank","5","3","8"
"mpas90","5","3","8"
"mpgodfrey","5","3","8"
"mpife58","4","4","8"
"mpsharma198","4","4","8"
"Mr_Bullettt","4","4","8"
"Mr_consulent","7","1","8"
"MR_ducking","3","5","8"
"mr_fedin","3","5","8"
"Mr_king5634","3","5","8"
"Mr_miyagi_san_1984","4","4","8"
"mr_Solo-Dolo","4","4","8"
"mr_twix","5","3","8"
"Mr_Whoo","4","4","8"
"Mr-HOVEN","4","4","8"
"mrachniy_don","4","4","8"
"MrAzazel","4","4","8"
"MrBaszos","4","4","8"
"MrBorovinsky","3","5","8"
"MrCaspian","3","5","8"
"MrCoconuts","3","5","8"
"mrdr00","5","3","8"
"mrdrk","4","4","8"
"mredding","3","5","8"
"mrfrankblack","5","3","8"
"MrGambitMan","4","4","8"
"mrhokage","4","4","8"
"mriko","3","5","8"
"MrIronblood","5","3","8"
"mrkam234234","4","4","8"
"mrlatinman","3","5","8"
"mrlonelyboy2","3","5","8"
"MrMcKvarz","4","4","8"
"mrmlh16","4","4","8"
"MrMuerte1","4","4","8"
"mrnemoi","5","3","8"
"Mrnobody192","5","3","8"
"MrOmarLittle","4","4","8"
"MrPicklejarlid","3","5","8"
"mrpinkinrakibi","4","4","8"
"MrQchess","4","4","8"
"mrrrosa","4","4","8"
"MRSergi1","5","3","8"
"MrShiftESSA69","5","3","8"
"MrSpeederBoy","5","3","8"
"mrstealyoqueen420","4","4","8"
"mrsuboptimal","3","5","8"
"mrteacher","4","4","8"
"MrWarmth","4","4","8"
"MrZwN","5","3","8"
"ms1346","5","3","8"
"MSax","4","4","8"
"MsiwaN","4","4","8"
"msp-king","3","5","8"
"msrdjan87","5","3","8"
"mstf4","5","3","8"
"mstoner","3","5","8"
"mtk_26","4","4","8"
"Muck3l","4","4","8"
"mudbloodhybrid","4","4","8"
"mudu28","4","4","8"
"mueheli","3","5","8"
"Muetzen1","4","4","8"
"MuFFes","3","5","8"
"muhammad19","4","4","8"
"Muhammed_ELTALEB","4","4","8"
"MuhammedAshrafAzmy","4","4","8"
"Muhammet_Dokuyaner","4","4","8"
"MukBic","4","4","8"
"MUKHIMIN","4","4","8"
"Muliinda","5","3","8"
"multinomiale","4","4","8"
"mumu83","3","5","8"
"munadil2t","4","4","8"
"Munich","3","5","8"
"Murat-07","5","3","8"
"murat27382","4","4","8"
"Murat7074","4","4","8"
"Murat7887","4","4","8"
"Murchii","5","3","8"
"murcielagoblanco","5","3","8"
"Murilo_P","4","4","8"
"murty","5","3","8"
"Musa874171","4","4","8"
"mushipirov","4","4","8"
"musikfetischist","5","3","8"
"Muslim_Ahkubekov","4","4","8"
"musonriver","3","5","8"
"Mussilim01","4","4","8"
"MussLos472","5","3","8"
"musterschueler","5","3","8"
"muttucik01","3","5","8"
"Muzzi005","3","5","8"
"MVizcaino","4","4","8"
"mwandawiro_mark","4","4","8"
"MYIDOLISHIKARU360","4","4","8"
"MykeLGaming","4","4","8"
"MYMChessMikeJ","3","5","8"
"MyMyLTP","3","5","8"
"MyNameIsYu","4","4","8"
"MyrzaLev","6","2","8"
"Mystic_DarkLord","4","4","8"
"Myuna","4","4","8"
"MYYMOON","4","4","8"
"mzakery","5","3","8"
"n_e_osall","3","5","8"
"N_J_E_Hyaenenhund","4","4","8"
"n0pe99","4","4","8"
"n22dh2lp","5","3","8"
"N3_0","3","5","8"
"n3xtd0r","4","4","8"
"nabazar","4","4","8"
"nacisbiggestenemy","5","3","8"
"Nackentapete13","2","6","8"
"nadavha","3","5","8"
"nadrif","3","5","8"
"NaduchaIrkutsk","4","4","8"
"naekarnb","4","4","8"
"Nagraj_Mukta","4","4","8"
"naif_1","4","4","8"
"NailVasikov1","5","3","8"
"Naim48","4","4","8"
"najawarx","3","5","8"
"Nakabaran","4","4","8"
"Nakalmiki","4","4","8"
"NamesAreHard","4","4","8"
"Namjilsuren","4","4","8"
"nancy7777","3","5","8"
"Narative","4","4","8"
"Naro10","4","4","8"
"narotevk","3","5","8"
"naruto0110","4","4","8"
"Nasikava","4","4","8"
"NaSO4","5","3","8"
"Naspy","5","3","8"
"nathanx19","4","4","8"
"Natiq_Seyidov","4","4","8"
"Naturalkiller99","3","5","8"
"NaturalPawnKiller","4","4","8"
"nautilus2002","3","5","8"
"nav7410","5","3","8"
"navedlala","4","4","8"
"navenavemoe","4","4","8"
"Nayak_2512_Atharva","4","4","8"
"nayli05","4","4","8"
"nbn22","4","4","8"
"nc3kingrook123","4","4","8"
"ncemuc","3","5","8"
"ndarsche","4","4","8"
"ndjzvfvf","4","4","8"
"Neahyo","4","4","8"
"Necr0zz","3","5","8"
"Negin007","5","3","8"
"neharbariskaya","4","4","8"
"Neil_Minyard","4","4","8"
"Neiljade1992","4","4","8"
"neking94","3","5","8"
"neljas","5","3","8"
"nemecise","4","4","8"
"NemkeCufa","6","2","8"
"Neo_Violence","4","4","8"
"neonaupi","4","4","8"
"NeoNoodle","3","5","8"
"neri_luiz","3","5","8"
"Neroton","4","4","8"
"nescif","4","4","8"
"neshanyc","5","3","8"
"Nesrine_dz","4","4","8"
"neswapra","5","3","8"
"nesyt","4","4","8"
"netmax","2","6","8"
"Neunlindendrache","4","4","8"
"Neup08","4","4","8"
"neverhaveiever9","4","4","8"
"Nevilsizer53","3","5","8"
"New-Cell","4","4","8"
"newplaayer","4","4","8"
"newtrubix","4","4","8"
"newuser101","3","5","8"
"nfm4ever","3","5","8"
"NFS3724","4","4","8"
"ngacapruk_212","4","4","8"
"Ngori","5","3","8"
"nguyendz123","3","5","8"
"Nguyenthainamanh","5","3","8"
"nheiner1226","4","4","8"
"Nher","4","4","8"
"Niboy","4","4","8"
"nichaos","4","4","8"
"Nicholaxi","4","4","8"
"NichoT27","4","4","8"
"NicHoTien1","4","4","8"
"NickRoman_FIEE","4","4","8"
"nickweek","4","4","8"
"NickyRose","4","4","8"
"nicojo","3","5","8"
"Nicolas7776","3","5","8"
"NicolaSandonnini","5","3","8"
"NicoTill","5","3","8"
"Nicricket7","4","4","8"
"Nicrow","4","4","8"
"nielson3","3","5","8"
"NiemiePiotr","4","4","8"
"night_stalker2013","3","5","8"
"Nightcrawler2011","3","5","8"
"nihat7o","4","4","8"
"Nik97LE","4","4","8"
"NikG2503","4","4","8"
"nikhen","4","4","8"
"nikhilbalsara","5","3","8"
"nikiilesh","4","4","8"
"Nikita_PERUN","4","4","8"
"Nikitron48","4","4","8"
"Niklassgb","4","4","8"
"nikmat1996","3","5","8"
"niko764","3","5","8"
"Nikokgui","4","4","8"
"Nikolai1712","4","4","8"
"NikolayMos","4","4","8"
"Nikolaysilver","4","4","8"
"NikPovelitca","4","4","8"
"NilsBerndsen","5","3","8"
"NilsNoord","4","4","8"
"NimaTer","5","3","8"
"NimaZalfi","4","4","8"
"Nimzoplanca","5","3","8"
"NingenD","4","4","8"
"nio88","4","4","8"
"Nipun_S","4","4","8"
"NipunKothari","5","3","8"
"nique44","4","4","8"
"Nish_blitz","3","5","8"
"nishants1997","4","4","8"
"niteh3","5","3","8"
"nitendrath","4","4","8"
"nitin992","4","4","8"
"Nitro-14","3","5","8"
"nixoncardona","4","4","8"
"njames44","5","3","8"
"nkaanckr","4","4","8"
"Nkhuzhyeni","4","4","8"
"NLJohny","4","4","8"
"nltsa","4","4","8"
"nnory","5","3","8"
"no_god_but_the_one","4","4","8"
"noamklein","4","4","8"
"NoBadDayz","3","5","8"
"Nocre","3","5","8"
"Nodal1955","4","4","8"
"Noe2015","5","3","8"
"nogoruchka","4","4","8"
"NoiseUnderInks","5","3","8"
"nomer228","5","3","8"
"Nomorepain","4","4","8"
"nongiocobene","5","3","8"
"nonpartial","4","4","8"
"noobwey","4","4","8"
"NoProblem26","4","4","8"
"norbzyl","4","4","8"
"Normalteiler","4","4","8"
"nosecapojaja","4","4","8"
"Not4justice","5","3","8"
"notDooni","4","4","8"
"Notee","4","4","8"
"notgage","4","4","8"
"NotIzeek","4","4","8"
"notjustronoa","4","4","8"
"notmustdie","5","3","8"
"notRobots","3","5","8"
"Nourene","4","4","8"
"Novikov_Semen","3","5","8"
"Noxor11","5","3","8"
"Noyon28","4","4","8"
"nrosenberger1","3","5","8"
"nsaisha02","5","3","8"
"Nskyy1936","3","5","8"
"Nu2Chess2021","4","4","8"
"Nubaid_Adyan","2","6","8"
"NuelMa","4","4","8"
"nukeag07","6","2","8"
"Nukez","4","4","8"
"Nunca_te_rindas_18","4","4","8"
"nuranisah02","3","5","8"
"nurjan64","5","3","8"
"Nurken151186","4","4","8"
"nusmag66","4","4","8"
"Nutr0","4","4","8"
"NYCalexico","4","4","8"
"NYCcompetitor2018","3","5","8"
"nysechin","3","5","8"
"Nywolf","5","3","8"
"O-caso","5","3","8"
"o-so-so","3","5","8"
"o0nur00","3","5","8"
"o54ia","4","4","8"
"OAlp","4","4","8"
"Obcy3","5","3","8"
"Obolos","3","5","8"
"Occhiodeldiavolo","5","3","8"
"ochwada","4","4","8"
"ocir06","4","4","8"
"OctopusKnightz","3","5","8"
"OdarObeso_2009","4","4","8"
"Odessacoach","5","3","8"
"OdorIstvan","3","5","8"
"ofaofa","4","4","8"
"Og_LMFAO","4","4","8"
"oguzhanayhann","4","4","8"
"ohiomeister","4","4","8"
"Ohmu","5","3","8"
"OIOOIIOI","3","5","8"
"OjaiJoao","5","3","8"
"ojor_the_ancient","4","4","8"
"okson","4","4","8"
"oktroisani","5","3","8"
"olaboy90","4","4","8"
"olan911","4","4","8"
"olap","4","4","8"
"OldBozman","4","4","8"
"oldmaster7777","4","4","8"
"oldpatzer7","3","5","8"
"oldsho","3","5","8"
"ole228gka","3","5","8"
"OLEG_614","5","3","8"
"oleg_k","4","4","8"
"Oleg_Sh","4","4","8"
"Oleg1922","4","4","8"
"Olegatorr","4","4","8"
"OlegMeshkov","4","4","8"
"olegora","4","4","8"
"OLEH_MALAKHIVSKYI","4","4","8"
"olekno","4","4","8"
"oleksiial","3","5","8"
"Oleksiiuk","5","3","8"
"olesiggyy","1","7","8"
"olexey_ko","4","4","8"
"Olga_Chestnova","4","4","8"
"olgaheueouqbei","3","5","8"
"OlgaShai","4","4","8"
"oli1995","4","4","8"
"oli293","4","4","8"
"Olifor","4","4","8"
"OLink","4","4","8"
"oliveira12345","5","3","8"
"OliveMonster","4","4","8"
"Ollives","4","4","8"
"Olmerchess","5","3","8"
"oltafuchs","4","4","8"
"Olu-Olulode","3","5","8"
"olundin","4","4","8"
"omar1222","4","4","8"
"omar1809","3","5","8"
"OMAR2392","4","4","8"
"omaralsh","4","4","8"
"omarco_68","4","4","8"
"OmarFarooq","4","4","8"
"omeletdufromage45","5","3","8"
"omer41","4","4","8"
"omerorak","5","3","8"
"omerudes","4","4","8"
"omfofo23","4","4","8"
"OMGIMSOBAAAAAAAD","5","3","8"
"omidreza487","4","4","8"
"omkar73","4","4","8"
"Omnlch","5","3","8"
"oMurat_7","4","4","8"
"OneGoodOne","5","3","8"
"OneKeks","4","4","8"
"Onetom","4","4","8"
"onkelac","4","4","8"
"onkobeed","4","4","8"
"onlyplaywhendrunk","3","5","8"
"Onnilmenudo","4","4","8"
"Onur4423","4","4","8"
"oooppss","4","4","8"
"Oor_wullie","3","5","8"
"Opako1","4","4","8"
"opalko","3","5","8"
"Opameister","4","4","8"
"OPC_novichok","3","5","8"
"operacia-bI","4","4","8"
"Ophelia074","5","3","8"
"ophiuko","3","5","8"
"opponentAB","4","4","8"
"Opspin","4","4","8"
"OptionsGuru9511","5","3","8"
"orberes","3","5","8"
"orcuncoban","3","5","8"
"OreciC","4","4","8"
"Orefal76","4","4","8"
"Ori-Oriol-ol","3","5","8"
"OriaMike","4","4","8"
"Origen2015","5","3","8"
"Orion75","5","3","8"
"Orly69","4","4","8"
"orodrig","5","3","8"
"orthoped66","4","4","8"
"osama_khalid001","5","3","8"
"osamahafizh79","5","3","8"
"Oscar_Valdez-IDEA","4","4","8"
"OscarMcSADRANI","4","4","8"
"oshikuru","5","3","8"
"oskar64","4","4","8"
"OskarHerrr","5","3","8"
"Osman_syria","4","4","8"
"osmanaksoz","5","3","8"
"Osmanbert","4","4","8"
"osmani_1234","5","3","8"
"Ostian","3","5","8"
"otgn","4","4","8"
"othmaneth","4","4","8"
"otSoso","4","4","8"
"OvejitaChess","4","4","8"
"OverLordGoldDragon","4","4","8"
"OverSteaK","4","4","8"
"ovokodigood","5","3","8"
"Oxizz21","5","3","8"
"Oykoo","5","3","8"
"Ozan1036","4","4","8"
"ozdemiremrah8181","4","4","8"
"ozf7","5","3","8"
"ozguroktay","4","4","8"
"Oztkr","4","4","8"
"p-sashko","4","4","8"
"P0kl3p0","4","4","8"
"p3x","4","4","8"
"PA-brasil","3","5","8"
"Pablit-to","3","5","8"
"pablocomecoco","4","4","8"
"Pablog","3","5","8"
"pabloplaza","4","4","8"
"Pablopueblo","4","4","8"
"PachuliKing","4","4","8"
"Pacificateur","4","4","8"
"PadawanJetLi","3","5","8"
"padd211","3","5","8"
"PaddyM23","4","4","8"
"pagwapoakodayun","3","5","8"
"Pahom","6","2","8"
"Painkiller53","4","4","8"
"pakandrey74","4","4","8"
"pakittto","3","5","8"
"pakravan","4","4","8"
"palibinoisabel","4","4","8"
"Palitel","4","4","8"
"pallmall12","4","4","8"
"palmtree1","4","4","8"
"panagiotis_ak","4","4","8"
"panatha_13","5","3","8"
"Pancake-Knight","4","4","8"
"Panda_Kung-fu","4","4","8"
"Panglao_2004","4","4","8"
"Panglima_HCN","4","4","8"
"panikisakweba","5","3","8"
"PANK-007","4","4","8"
"PankajSumit","5","3","8"
"Panna4goal","4","4","8"
"panngaron","5","3","8"
"panos06","4","4","8"
"PanSus","5","3","8"
"Panther1st","5","3","8"
"panthernoobi","4","4","8"
"panturecki","5","3","8"
"paok1981","2","6","8"
"PapaDoblos","4","4","8"
"papamamaa","3","5","8"
"papape","4","4","8"
"Papi8104","5","3","8"
"papitaconpavo","3","5","8"
"papucsos74","3","5","8"
"paranthaman_as","4","4","8"
"parboss","4","4","8"
"Parham2007","5","3","8"
"ParksidePete","3","5","8"
"pascal1","4","4","8"
"Pashkin89","5","3","8"
"pashoook10","4","4","8"
"passgas","4","4","8"
"Pastra","4","4","8"
"PaterBre","4","4","8"
"Patliu","4","4","8"
"Patrickdeewhy","3","5","8"
"PaTRiOtUa","4","4","8"
"PatsaiDima","4","4","8"
"patzer70","4","4","8"
"PatzerSA","3","5","8"
"Paul-12","4","4","8"
"Paul8900","5","3","8"
"PaulBx","5","3","8"
"paulcinar","4","4","8"
"Paulina2582","4","4","8"
"paulobm","4","4","8"
"paulonski","4","4","8"
"PaulRobo","5","3","8"
"PavelKarpenko","4","4","8"
"Pawn_ready","3","5","8"
"pawngobler","6","2","8"
"PawnsArePrawns","3","5","8"
"pawnstar96","5","3","8"
"pawnswindler","3","5","8"
"pawntification","3","5","8"
"PawnWizardBelgium","4","4","8"
"Pawny8","4","4","8"
"Pay2Mate","4","4","8"
"Pazuzu24","5","3","8"
"pbetz","5","3","8"
"pc468","4","4","8"
"pcha","5","3","8"
"PCJFF","4","4","8"
"pcrobles","4","4","8"
"pdr6s","4","4","8"
"pe10t","3","5","8"
"peanutbutterandjam","3","5","8"
"Peata","3","5","8"
"pechenka_s_maslom","4","4","8"
"pecos","4","4","8"
"PedithTrade","3","5","8"
"Pedrolicious","3","5","8"
"PedroPoa855","4","4","8"
"Peekatchu","3","5","8"
"pehuajo22","4","4","8"
"Peitsche","4","4","8"
"pejketaa","3","5","8"
"pelle_the_king","4","4","8"
"Pelolo","3","5","8"
"Penemu","4","4","8"
"PenguinPi","4","4","8"
"PengyBody","3","5","8"
"Penthesilea1990","4","4","8"
"PeonBizco","4","4","8"
"peoplee","4","4","8"
"PeoplesFrontofIudea","4","4","8"
"Peppy_Schnitzel","4","4","8"
"Percolator","4","4","8"
"Perdro_dMuerty","5","3","8"
"PerfectTactics","4","4","8"
"Pero_44","4","4","8"
"Perry_27","3","5","8"
"perry999","4","4","8"
"perusopersonale","4","4","8"
"pescavo63","5","3","8"
"peter2m","4","4","8"
"peterrooke","3","5","8"
"peteruoi","4","4","8"
"PetitPont","4","4","8"
"Petr43","4","4","8"
"Petri78","3","5","8"
"Petruccio65","4","4","8"
"PetrVengr77","4","4","8"
"petya322","3","5","8"
"PFMC","6","2","8"
"pft1","4","4","8"
"Phaser1","4","4","8"
"phavy","4","4","8"
"phdchesskid","4","4","8"
"pher1077","4","4","8"
"Philbah","5","3","8"
"PhilippSp","4","4","8"
"Philriff","4","4","8"
"PhilRoss","5","3","8"
"Philstyle","4","4","8"
"phobiaze","5","3","8"
"phonemyintmin","3","5","8"
"photoelement","4","4","8"
"PhungDuyTuan","5","3","8"
"Picco","4","4","8"
"Pichu11","4","4","8"
"PICHUZHKING","4","4","8"
"pickle37","4","4","8"
"PiecesOfEightByEight","4","4","8"
"Pierdepieza","5","3","8"
"Pigeon_Boy","6","2","8"
"Piggy0992","3","5","8"
"pikname","5","3","8"
"pilla94","4","4","8"
"Pilot017","5","3","8"
"pilsen1954","4","4","8"
"pimentelius","3","5","8"
"Pinakaweak","4","4","8"
"pingui112","3","5","8"
"PinguThePenguin2","3","5","8"
"pinkblac","5","3","8"
"PinkMorty","4","4","8"
"pinksingleton","4","4","8"
"Pinnivaiz","4","4","8"
"pinoo21","4","4","8"
"pinoyauditor","4","4","8"
"Piotrek-19","5","3","8"
"Pique-a-chou","4","4","8"
"Piramidka1989","5","3","8"
"piskunow","5","3","8"
"pistrun16","4","4","8"
"pitale","5","3","8"
"pitapita16","5","3","8"
"pivdenny","4","4","8"
"piy-piyS","4","4","8"
"pizzaeater6","4","4","8"
"pjbuehner","4","4","8"
"PK_1234","4","4","8"
"pkerere","4","4","8"
"Plak72","4","4","8"
"PLAKUMAT","4","4","8"
"PlanetAPE100","6","2","8"
"planitro","3","5","8"
"platinpmp","4","4","8"
"Platon12042015","3","5","8"
"Platon123456789","4","4","8"
"playgrandmasters","4","4","8"
"Playhermou","4","4","8"
"PlayToLearnOnly","3","5","8"
"plc1974","3","5","8"
"pleistetion","4","4","8"
"plllnn","4","4","8"
"Plofkraak","4","4","8"
"Plopmate","4","4","8"
"Plsdontkickneo","3","5","8"
"PM_1729","5","3","8"
"pm0518","4","4","8"
"pm18017","3","5","8"
"pm29","4","4","8"
"PMYiannis","5","3","8"
"Pochatkov_Ivan","4","4","8"
"Pochita00","4","4","8"
"poddr","3","5","8"
"PoHeeL","3","5","8"
"pohlanski","4","4","8"
"pokoloko248","4","4","8"
"Pol_Morphi","4","4","8"
"polarbear123456789","4","4","8"
"PolfMartinez","5","3","8"
"polgg98","4","4","8"
"Polina_K08","4","4","8"
"PolyanovoEu","4","4","8"
"pomodoro-ovidio","5","3","8"
"pompus","4","4","8"
"ponaspadas","5","3","8"
"PonyMoon","5","3","8"
"poofacekilla","4","4","8"
"pop22","5","3","8"
"popkorn11","4","4","8"
"PopsThePP","4","4","8"
"poroshok_ariel","4","4","8"
"Porotikov62","4","4","8"
"Portinari_King","3","5","8"
"Portoss222","4","4","8"
"postchessism","4","4","8"
"potato32_1","4","4","8"
"Potential_learner","4","4","8"
"potiserin","4","4","8"
"potpell","5","3","8"
"PouriaSR4","3","5","8"
"PoveliteLx","3","5","8"
"pozarzar","4","4","8"
"Pozudni_Mesar","4","4","8"
"PPaiva","4","4","8"
"PParra74","4","4","8"
"Prabhodh","3","5","8"
"Prae_1","4","4","8"
"Praeceps","3","5","8"
"prajyot11","4","4","8"
"prakharsinghtomar","5","3","8"
"Prambanan2017","5","3","8"
"pramodtripathi1","4","4","8"
"Pranay20","3","5","8"
"prapor1972","6","2","8"
"prasadbhave","5","3","8"
"Prashant3941","4","4","8"
"Pratik834","4","4","8"
"Pravakar","4","4","8"
"praveen201325","4","4","8"
"Praveenkumar07","3","5","8"
"Prawijaya","3","5","8"
"Prayank_gaonkar","3","5","8"
"PredatorAC","4","4","8"
"PredatorChampion","3","5","8"
"Predormin","4","4","8"
"PrestiJ-TR","3","5","8"
"prettbb","4","4","8"
"prezesvan","4","4","8"
"priceE","4","4","8"
"Prince1000","4","4","8"
"Princetj05","4","4","8"
"PrinceVegeta2002","4","4","8"
"Priom707","3","5","8"
"prive","5","3","8"
"PriyadarshiniMulloli","4","4","8"
"priyadhakulkar","3","5","8"
"PriyankJain","4","4","8"
"PriyankParan","5","3","8"
"priys2020","4","4","8"
"ProblemsChess","4","4","8"
"procax","3","5","8"
"profajz","4","4","8"
"ProfessorDomicio","3","5","8"
"Proffessor08","3","5","8"
"ProletarioComuna","3","5","8"
"Providente","4","4","8"
"Prrrrrrrrrrrrrrrrrrr","3","5","8"
"prudhviraj07","3","5","8"
"Ps02112","3","5","8"
"PS1842","4","4","8"
"pseudo20","4","4","8"
"psk11","4","4","8"
"psn267","4","4","8"
"PSR2728","3","5","8"
"PSti","4","4","8"
"psyched","3","5","8"
"PublicChoice","3","5","8"
"pufchess","4","4","8"
"Puihl","4","4","8"
"pulkitverma2006","5","3","8"
"Pumplekin","5","3","8"
"Puns","3","5","8"
"PunyFlash","3","5","8"
"PuPu_sc2","4","4","8"
"Puqi","4","4","8"
"puraskov","3","5","8"
"purololsito","4","4","8"
"Purple1szed","4","4","8"
"PUTIMACH","4","4","8"
"putthacookiedown","4","4","8"
"pvpzaural","3","5","8"
"Pygmy_threat","4","4","8"
"Pyna","4","4","8"
"PYWBKTDA","4","4","8"
"qazwsty","4","4","8"
"qazya1","5","3","8"
"qdadawdadwwdddemir","4","4","8"
"qdyer","4","4","8"
"QNI_NguyenDung2002","3","5","8"
"Quang_Khai","3","5","8"
"Quantum777","4","4","8"
"quaresma1993","4","4","8"
"Quartiner","4","4","8"
"que2filip","4","4","8"
"QueenIt","5","3","8"
"quekchose","4","4","8"
"QuencH-XS","4","4","8"
"quickchess123","4","4","8"
"quickhatch","4","4","8"
"QUIROZ","4","4","8"
"Quitababita","4","4","8"
"quodlibet123","5","3","8"
"Quyyen","4","4","8"
"qVova2015","5","3","8"
"qwenoobqwe","5","3","8"
"QWERTTYYYY","4","4","8"
"Qwerty_werty","5","3","8"
"Qy202241","4","4","8"
"R_2006","4","4","8"
"R_Cesco","4","4","8"
"R_Zagurskiy_R","4","4","8"
"R-Vobia","4","4","8"
"R21Chess","4","4","8"
"r256","3","5","8"
"r3n1","4","4","8"
"R4cer1","4","4","8"
"R4tmax","4","4","8"
"R662817","4","4","8"
"R6N9","4","4","8"
"Rabee_sh_k","3","5","8"
"rabihk29","3","5","8"
"radekr","4","4","8"
"radix77","3","5","8"
"Radman_m115","4","4","8"
"rado_jansen","3","5","8"
"Radorf","4","4","8"
"Radych","4","4","8"
"Raef_T","4","4","8"
"Rael1288","4","4","8"
"Rafa-eloi","4","4","8"
"RafaelAyala","4","4","8"
"Rafaelmarques","4","4","8"
"Rafalg1996","3","5","8"
"raffnixmehr","5","3","8"
"Rafik_raf","5","3","8"
"rag2007","4","4","8"
"Raha1111","4","4","8"
"RAHAL2588","5","3","8"
"RAHEY","4","4","8"
"rahimnassehynia1","5","3","8"
"rahuljoshi","5","3","8"
"Rahulkr456","4","4","8"
"RAHULMIMANIX","4","4","8"
"Raimundoabg","4","4","8"
"Rainbowsparkles","5","3","8"
"Raitelis","4","4","8"
"Rajaguguk_BHBCC","4","4","8"
"Rajanpra","3","5","8"
"RAJAWI12345","3","5","8"
"Rajendra_Singh","4","4","8"
"Rajesh123450","3","5","8"
"RajivSethi","4","4","8"
"Rajmaninov","3","5","8"
"rajverma1122","4","4","8"
"rakaburi","4","4","8"
"rakan29999","4","4","8"
"rakovic2512","3","5","8"
"RalfDean","4","4","8"
"RamanujanUAE","5","3","8"
"RamazanMVP","4","4","8"
"rambo_777","4","4","8"
"Ramesh_9","3","5","8"
"rami124283","4","4","8"
"ramin_mahmoudi_aa","4","4","8"
"Ramiro_Huipas","5","3","8"
"ramsagarpandy","4","4","8"
"Ramses0610","4","4","8"
"ramsod021477","4","4","8"
"RamyAly","4","4","8"
"RamyZakka","4","4","8"
"Ramzes-Buda","4","4","8"
"randt","4","4","8"
"rangerover2020","4","4","8"
"ranjit1986","4","4","8"
"rannugreavnni","4","4","8"
"Ranz0007","4","4","8"
"raphi7777","4","4","8"
"Rapid2021","4","4","8"
"rapote","3","5","8"
"Rashid05","6","2","8"
"rasool3419","5","3","8"
"rasscoe","4","4","8"
"Rasstr1ga","4","4","8"
"Rathore_sr7","4","4","8"
"RatingSlicer","4","4","8"
"ratlina49","4","4","8"
"ratmed999","4","4","8"
"Raton_glandeur","4","4","8"
"Raul507","3","5","8"
"raulroberts","5","3","8"
"raulrosales","4","4","8"
"Raven_gg","5","3","8"
"Rawhouse","5","3","8"
"rax2110","5","3","8"
"rayleighh2","4","4","8"
"Raymond_100","4","4","8"
"Razurador","4","4","8"
"razvancc","5","3","8"
"rbarreau","4","4","8"
"rbarrios","4","4","8"
"RBtsu","3","5","8"
"Rea-TalBaron","4","4","8"
"reachud","4","4","8"
"Read4321","3","5","8"
"Reagge","3","5","8"
"Real-Benoni","5","3","8"
"Realchess123","5","3","8"
"RealCurryHeinz","5","3","8"
"RealDrLukas","5","3","8"
"realista76","5","3","8"
"Realstealth","5","3","8"
"Reason98","5","3","8"
"rebirth20","4","4","8"
"RebusBrunus","5","3","8"
"red-ih","3","5","8"
"reda1001","4","4","8"
"RedaStarChess","3","5","8"
"redeadsarescary","4","4","8"
"redmi22","3","5","8"
"reekgeez56","4","4","8"
"ReerXeebeed","5","3","8"
"regalomx","4","4","8"
"ReggaeChess78","3","5","8"
"Regulus0","4","4","8"
"Rejicida","4","4","8"
"RekinD","5","3","8"
"Relax-D","5","3","8"
"Reminisce144","4","4","8"
"renatobialera","3","5","8"
"RenaudFraszczak","4","4","8"
"ReneWiersma","4","4","8"
"Renskom3","4","4","8"
"RepezkiSafina2010","5","3","8"
"Reposible","4","4","8"
"resell","4","4","8"
"Reselo","3","5","8"
"resityigit","5","3","8"
"resting12345","4","4","8"
"retigruenfeld","4","4","8"
"ReturnoftheBenj","4","4","8"
"Revalor","3","5","8"
"RevisionOfALegend","4","4","8"
"Revixy","4","4","8"
"RexaSchwartz7","4","4","8"
"RexDingani","4","4","8"
"Rey537","4","4","8"
"REYAM_BENAYED","3","5","8"
"ReyGarcia","4","4","8"
"reynan1434","4","4","8"
"reythekingofchess","4","4","8"
"Rezatorankan","4","4","8"
"reziiika","4","4","8"
"rezkilevi","3","5","8"
"RF01","4","4","8"
"rfsimon","5","3","8"
"Rgheeres","3","5","8"
"rgjunior","4","4","8"
"Rhinoceroses","5","3","8"
"ricardo45","4","4","8"
"RicardoGareca","4","4","8"
"RicardoGC1","4","4","8"
"RicardoRA","4","4","8"
"RicardoSeieiBR","4","4","8"
"rich_man_888","4","4","8"
"RichardLorenz","4","4","8"
"RichardTheGreat","4","4","8"
"Richenel","3","5","8"
"Richie1329","4","4","8"
"RichilliX","4","4","8"
"Richter316","3","5","8"
"RIGUS19","5","3","8"
"Riipipiipi","4","4","8"
"RIKILIJONES79","4","4","8"
"Rimuru_Tempest1231","4","4","8"
"Rin-chan","4","4","8"
"RingoStuarr","4","4","8"
"riplaren","4","4","8"
"RISHABH140701","4","4","8"
"Rishat_ID","5","3","8"
"Risminovv","3","5","8"
"Ritske","5","3","8"
"Riverbeam2","4","4","8"
"RiverOk","4","4","8"
"RiyaShah123","4","4","8"
"rizzk","4","4","8"
"rj1997","5","3","8"
"rjgwolf","4","4","8"
"rjhartungiii","4","4","8"
"rk1329","4","4","8"
"RL7","4","4","8"
"RM_80","3","5","8"
"RMNME","4","4","8"
"rmns","3","5","8"
"RO17","5","3","8"
"Roadto2000rapid97","4","4","8"
"RoastMalone","4","4","8"
"roastplay","4","4","8"
"Roba777","4","4","8"
"robbyr3","3","5","8"
"Robelle","3","5","8"
"Robert_555","4","4","8"
"ROBERT3712","4","4","8"
"robertlo","4","4","8"
"robertoenrique","3","5","8"
"Robertojapa","4","4","8"
"RobMoff","5","3","8"
"Robroy1","3","5","8"
"Rocharizard","4","4","8"
"rock-Jonas","4","4","8"
"Rockprofessor","4","4","8"
"Rodav","4","4","8"
"Rodeldim","3","5","8"
"RodNixon","4","4","8"
"RodolfoVIIdiSvevia","5","3","8"
"RodriArtu","3","5","8"
"Rodrigo_Vespermann","5","3","8"
"Rodrigoben","4","4","8"
"Roesselopfer","5","3","8"
"roethli","4","4","8"
"rogertakemiya","4","4","8"
"rogorz","4","4","8"
"Rohan_raju","4","4","8"
"rohanhingmire2018","4","4","8"
"rohat98","4","4","8"
"RoherrChess","4","4","8"
"RohnitRautela","4","4","8"
"rojay11t","4","4","8"
"rokeerboy98","5","3","8"
"Roland2022","5","3","8"
"rolker","4","4","8"
"RollingInTheDeep13","4","4","8"
"Roman_Egorov_V","4","4","8"
"ROMAN-Konushevskie","3","5","8"
"Romasym","4","4","8"
"ROMECHH","3","5","8"
"Romeo_fedosov","4","4","8"
"Ron99oWarsito","4","4","8"
"Ronsel","4","4","8"
"RonZahavi","5","3","8"
"Rookie_Pawn","4","4","8"
"Rookie-22","5","3","8"
"RookieRL420","4","4","8"
"RookOfTerror","5","3","8"
"RoOoOoOoOoN","4","4","8"
"Roposu","4","4","8"
"rorep","4","4","8"
"roronoa23","4","4","8"
"Roseofthesilverdusk","4","4","8"
"rossrenwick","3","5","8"
"Rouch3200","5","3","8"
"Rouge87","5","3","8"
"Rousseau47","3","5","8"
"roustamchess","4","4","8"
"rowmaster","4","4","8"
"RoxaSora","4","4","8"
"Rozaryo","4","4","8"
"Rozhok64","5","3","8"
"rozowypingwin","3","5","8"
"rpkhajei","4","4","8"
"RRCC2022","4","4","8"
"RrItMiX","4","4","8"
"rsacramento","3","5","8"
"RsHdD","4","4","8"
"Rsoca","5","3","8"
"RSVF","4","4","8"
"RtazY","4","4","8"
"rtzhkj","5","3","8"
"RUB1NSTE1N","5","3","8"
"rubenff161","4","4","8"
"rubin4ik","4","4","8"
"Rudolf-Bektau_5558","4","4","8"
"Rudransh8055","5","3","8"
"rugh5678","4","4","8"
"rumplesticks","4","4","8"
"rushanshar","5","3","8"
"rushil_pm","5","3","8"
"ruslan-askarov","4","4","8"
"RuslanAhmetzynov64","4","4","8"
"Rustambek_Erkinov","4","4","8"
"Ruthru","4","4","8"
"ruvlemes","3","5","8"
"RuyLopez1900","3","5","8"
"rvboxer","6","2","8"
"ryabowski","4","4","8"
"ryboy0952","4","4","8"
"Ryder963","4","4","8"
"rylko","4","4","8"
"ryoshu","4","4","8"
"rythamc","4","4","8"
"rzeznikpolnocy","4","4","8"
"s_ahmed3","4","4","8"
"s_viktorov","4","4","8"
"s112410","4","4","8"
"s170228","4","4","8"
"s2479","4","4","8"
"S3phoraa","4","4","8"
"S3rd10","4","4","8"
"S7evinKelevra","4","4","8"
"sAAAnek","4","4","8"
"saabu","4","4","8"
"Sabbiralam6999","4","4","8"
"Sabsubar","2","6","8"
"sachimat","4","4","8"
"sachin_kale","5","3","8"
"sachinkhamkar","4","4","8"
"sachovec","5","3","8"
"SackyourKing","3","5","8"
"sadcarrot","3","5","8"
"sadeghsadegh11","4","4","8"
"sadistme","4","4","8"
"sadoow","4","4","8"
"sadra0022","4","4","8"
"SAFIEHALEPPO","5","3","8"
"SaFrare2","4","4","8"
"sagnikdg","5","3","8"
"Sahalin","3","5","8"
"sahan1102","3","5","8"
"Sahguru","4","4","8"
"SahilDimri","5","3","8"
"Saidbahadonmez","5","3","8"
"Saif_ed","3","5","8"
"Saikuchess","4","4","8"
"saintbenoit86","4","4","8"
"Sairadam","4","4","8"
"Sajadrsool","4","4","8"
"sajjad092","3","5","8"
"Sajjad312","4","4","8"
"salaop","4","4","8"
"SaleemAnwar","3","5","8"
"salman751","3","5","8"
"Saltuk_1","5","3","8"
"salvador2210","4","4","8"
"salvasancha","5","3","8"
"Sam_spk","4","4","8"
"Sam714","4","4","8"
"Samagnuscarlsen","5","3","8"
"saman152","5","3","8"
"samanthagrace","4","4","8"
"samanthajay","4","4","8"
"SamanyayGhosh","5","3","8"
"Samaritan123","4","4","8"
"SamAshell","5","3","8"
"samay4405","4","4","8"
"Samcain7","3","5","8"
"samcree","4","4","8"
"samer505","4","4","8"
"samertemp","4","4","8"
"samet50alan","4","4","8"
"Sametosan","4","4","8"
"samg340","5","3","8"
"samh2022","4","4","8"
"SAMIIIIiiiiiiiiiiiii","3","5","8"
"Samkid001","3","5","8"
"SamkovMaxim","4","4","8"
"SamLoganFitness","3","5","8"
"Sampath69","4","4","8"
"SamsoumS","4","4","8"
"Samtheo7","4","4","8"
"samuel4411","4","4","8"
"samuelSSK93","4","4","8"
"samyarbani1983","5","3","8"
"sanchopon4o","4","4","8"
"Sander31","4","4","8"
"SanderKilk","4","4","8"
"sandipan_2224","4","4","8"
"Sandroo72","4","4","8"
"sanghem","4","4","8"
"sanhari200","5","3","8"
"Sanjaya_BKD","4","4","8"
"Sanjith_C","5","3","8"
"SanjitIs1000","4","4","8"
"sanju1973","4","4","8"
"Sankiapriha","4","4","8"
"SankyJoshi","5","3","8"
"Sanman21","4","4","8"
"Sannazzarotiti","4","4","8"
"sansone","2","6","8"
"Santiago1968","4","4","8"
"Santiagoparaguay","4","4","8"
"Santicg","3","5","8"
"Santves","4","4","8"
"Sany_PestelClub","4","4","8"
"Saradhi_T","3","5","8"
"SaragossaSchneiderGa","4","4","8"
"sarazzz2022","5","3","8"
"sargafc","4","4","8"
"sasapop","5","3","8"
"Sascha72","6","2","8"
"sasha2518","5","3","8"
"sasko1234","3","5","8"
"sasta_magnus","4","4","8"
"sathiskumared","4","4","8"
"satrahmetnc","4","4","8"
"Satyajit99","3","5","8"
"Satyam0987","4","4","8"
"satyambanjare","4","4","8"
"satyendranath","3","5","8"
"SaunPapadi","3","5","8"
"SaurabhSnicker","4","4","8"
"SaurabPoudel20","4","4","8"
"Sauro87","3","5","8"
"Sauron497654","4","4","8"
"SavetBY","4","4","8"
"Savibuu","5","3","8"
"savigo_master","3","5","8"
"saxx007","3","5","8"
"sayan13","5","3","8"
"Saydula34","3","5","8"
"SAZ_BBC","4","4","8"
"Scamps92","4","4","8"
"ScaniaR420","4","4","8"
"schaak_mat","4","4","8"
"schacha2","4","4","8"
"SchachKopf2","5","3","8"
"schachluis","5","3","8"
"Schachmattias","3","5","8"
"Schall-und-Rauch","3","5","8"
"schintzi11","5","3","8"
"Schizzel","6","2","8"
"Schlauchi","4","4","8"
"Schleeeemo","3","5","8"
"schleimi","3","5","8"
"schlemper","3","5","8"
"Schmidi56","3","5","8"
"schmilblick007","3","5","8"
"Schmitec","4","4","8"
"Schmitgal","4","4","8"
"Schnabeltier","3","5","8"
"schnavy","4","4","8"
"Schreipfelerer","4","4","8"
"SchwarzLukas","4","4","8"
"ScintillaeRubina","4","4","8"
"sckarah","4","4","8"
"SCNAIX","4","4","8"
"Scobar1979","4","4","8"
"scodapi","4","4","8"
"Scoow","4","4","8"
"Scorpio61225","4","4","8"
"screwe","4","4","8"
"Scripter85","4","4","8"
"SDchessmasterPCC","5","3","8"
"SDP62","4","4","8"
"SeaLionMusk","5","3","8"
"Sean777","4","4","8"
"Seansson","3","5","8"
"sebaaas25","4","4","8"
"SebaFranek","3","5","8"
"sebakusa","3","5","8"
"sebas_2609","4","4","8"
"sebastian1342","5","3","8"
"Sebastianbundt043115","4","4","8"
"sebastianperez","4","4","8"
"SebastianTSAS","5","3","8"
"sebitasxanghe","4","4","8"
"sebmoran","3","5","8"
"sebzim4500","3","5","8"
"second_life","4","4","8"
"seekingaflatinlondon","4","4","8"
"Segunoku","4","4","8"
"Seibisse","5","3","8"
"SeiFioNiC","4","4","8"
"sekarntak01","3","5","8"
"sekekama59","4","4","8"
"Seko159","4","4","8"
"Selami36","4","4","8"
"SelectaKna","4","4","8"
"seleznevsergei","4","4","8"
"selfishsonu","4","4","8"
"selimdebes887","4","4","8"
"SELSEBIL65","5","3","8"
"SemenB30102014","4","4","8"
"SemgaMale","2","6","8"
"semihbekar","4","4","8"
"Semillon","3","5","8"
"semperwald","3","5","8"
"senorsinziger","4","4","8"
"Senseydiego","4","4","8"
"SentossX","3","5","8"
"sepehr-sbr","4","4","8"
"Seph1roth","4","4","8"
"seralakbaba","3","5","8"
"sercankkoskan","4","4","8"
"SerenaVanDerVoopsen","4","4","8"
"Sergey_FM","4","4","8"
"Sergey123123","3","5","8"
"SergeyKn","5","3","8"
"sergicol","4","4","8"
"Sergio03_61","4","4","8"
"Sergkld39","5","3","8"
"SerhatA01","4","4","8"
"Serhatemre23","4","4","8"
"Serhii1997","4","4","8"
"serkancel","4","4","8"
"serralheiro","4","4","8"
"Serregha","4","4","8"
"Seshco","5","3","8"
"sesmo","4","4","8"
"sevenpointstar","3","5","8"
"sever2009","4","4","8"
"seyed8282","3","5","8"
"seyyah16","4","4","8"
"sfgegh","5","3","8"
"SG333","4","4","8"
"Sgabello97","4","4","8"
"sgtBatista","3","5","8"
"SGXY33","5","3","8"
"sh00777","4","4","8"
"ShadabKhan","5","3","8"
"ShadowFlare","4","4","8"
"ShadowKing_59","4","4","8"
"ShadowLemon","4","4","8"
"Shadowlove","4","4","8"
"shady8shama","4","4","8"
"shahsxz","3","5","8"
"Shakole","4","4","8"
"shalevh","3","5","8"
"shaleXGOD","4","4","8"
"ShallbeY","3","5","8"
"shamalayaaa","4","4","8"
"ShamsiyaXakimova","3","5","8"
"shamsudee","3","5","8"
"shapeshiftr1","3","5","8"
"shapiray","3","5","8"
"Sharad77","5","3","8"
"sharafi_mh","4","4","8"
"Sharkookie","3","5","8"
"Sharktart","5","3","8"
"SharpOpeningsOnly","4","4","8"
"shartypants","3","5","8"
"ShasnylOre_UL","4","4","8"
"Shastrydelic","4","4","8"
"Shauryaaa_28","4","4","8"
"shazzietheman","4","4","8"
"shecterOwen2","4","4","8"
"Shedevil","4","4","8"
"Sheff","5","3","8"
"Shegeroff","4","4","8"
"SheridanCole","4","4","8"
"sherlockholmes03","4","4","8"
"Sherpa-Niklas","4","4","8"
"shesheti","4","4","8"
"Shibanov_VV","4","4","8"
"Shidoshi","4","4","8"
"shininglegend","2","6","8"
"shinp564","4","4","8"
"shipakht","5","3","8"
"Shiro-101","3","5","8"
"Shirvan_777","3","5","8"
"shiva5301","3","5","8"
"ShizuKasu02","4","4","8"
"shl902","5","3","8"
"shnarter","5","3","8"
"shohei521","4","4","8"
"sholeslot","4","4","8"
"shoppechesscom","3","5","8"
"Shourya_Goel","4","4","8"
"Shpitaat27","4","4","8"
"ShreyStories","4","4","8"
"shshsh888","4","4","8"
"ShubhLakhani1","3","5","8"
"shueardm","5","3","8"
"Shuikun2000","5","3","8"
"Shuri4","5","3","8"
"shuvalovkm","5","3","8"
"Shuxrat8989","4","4","8"
"Shuz13924","3","5","8"
"Shwertel","3","5","8"
"SHydro","5","3","8"
"sibi_at","5","3","8"
"Sicilianfan5","4","4","8"
"sidd24","4","4","8"
"siddhartha_chess_001","5","3","8"
"SiddharthSahuAshmit","5","3","8"
"sidharth1703","5","3","8"
"sidorov-panda","4","4","8"
"SiiWii","3","5","8"
"Silgam58","5","3","8"
"silivanets","4","4","8"
"SILUMAN111","4","4","8"
"Silva85","4","4","8"
"silvia_sissa","4","4","8"
"silvino1977","5","3","8"
"simmering","4","4","8"
"Simon_kurtz","4","4","8"
"simone_pellegrini","4","4","8"
"SimplyHyper","4","4","8"
"Simranpalkh","3","5","8"
"Simsiminho","4","4","8"
"Simurg009","4","4","8"
"singhshavi","4","4","8"
"sinkafe","4","4","8"
"sinordonpedro","4","4","8"
"sinsonnovate","4","4","8"
"SiOc6","3","5","8"
"Sir_Dave_Alot","4","4","8"
"sirgotcha","4","4","8"
"sirlancelotthebrave","3","5","8"
"SirLanseloet","5","3","8"
"SIRO1","4","4","8"
"SirPandamonium","4","4","8"
"sirussajjadi54","4","4","8"
"Sirya","4","4","8"
"Sisyphos81","3","5","8"
"Sit_and_Cry","4","4","8"
"sjacksjiraff","4","4","8"
"SjakkTapern","4","4","8"
"Sjert","4","4","8"
"sjsjsjdndj","4","4","8"
"Sk1LlMonster","4","4","8"
"skafanderus","4","4","8"
"skand1977","4","4","8"
"Skarf_Ace","5","3","8"
"skend","5","3","8"
"skepter","3","5","8"
"Skewers_And_Forks","4","4","8"
"skizo92i","5","3","8"
"skk9999","3","5","8"
"skl4x","4","4","8"
"Skogbruker","5","3","8"
"skrangus","4","4","8"
"Skroefman","4","4","8"
"Skysleep","5","3","8"
"Sl1yr","4","4","8"
"SlackerTactical","5","3","8"
"Slak27","4","4","8"
"Slasky86","4","4","8"
"Slava241177Slava","4","4","8"
"SLAWA41","4","4","8"
"sleepygeoffrey","4","4","8"
"SleppyPanda","4","4","8"
"Sliver777","4","4","8"
"slivka_83","4","4","8"
"Sliwi","4","4","8"
"sluff","3","5","8"
"Slunchky","4","4","8"
"Smalley605","4","4","8"
"Smallville444","3","5","8"
"smarco07","4","4","8"
"smartmudabbir","4","4","8"
"smeraldina","4","4","8"
"smi1e123","4","4","8"
"Smilenmnm","4","4","8"
"SmirIv","3","5","8"
"Smit_Parmar","4","4","8"
"smithmate","4","4","8"
"Smokymakpot","3","5","8"
"SmvgglerPenny","4","4","8"
"Snackpack024","4","4","8"
"Snai1","5","3","8"
"Snakeyes97","4","4","8"
"Snarrp","5","3","8"
"sneds67","4","4","8"
"sneilov","3","5","8"
"SNFLR","5","3","8"
"snipppins","4","4","8"
"snoddans","4","4","8"
"snooz","5","3","8"
"SnowLeonard","5","3","8"
"snoyl","4","4","8"
"SnSDk","5","3","8"
"Soccershogi","3","5","8"
"SocietFamily","5","3","8"
"socrate98","5","3","8"
"Soehoem35","4","4","8"
"Sofik","3","5","8"
"Soheil5217","3","5","8"
"Sol0nik","5","3","8"
"Solomonbill","4","4","8"
"solvando","4","4","8"
"some_one_random","4","4","8"
"somsomdom","4","4","8"
"son_of_allah","4","4","8"
"Sona126","4","4","8"
"Sonalisingl","3","5","8"
"SonerArda","5","3","8"
"Sonu4155","3","5","8"
"Sorawont","4","4","8"
"sorbas45","4","4","8"
"Soroboros","4","4","8"
"Sorvino","4","4","8"
"sosomatiashvili","4","4","8"
"SosPots","4","4","8"
"souf12","4","4","8"
"SoulStation","5","3","8"
"Southpaul","3","5","8"
"SoyHabanaCuba","4","4","8"
"Soynovato11","4","4","8"
"SP_THE_GREAT","4","4","8"
"Spacciatore","4","4","8"
"Space28","5","3","8"
"Sparkythefire","3","5","8"
"sparns","4","4","8"
"Sparredal","4","4","8"
"Spartan89","4","4","8"
"spassky2345","4","4","8"
"SPDouglas45","3","5","8"
"spectraline","4","4","8"
"SPENCER_MD","4","4","8"
"Spesh_KOHb","3","5","8"
"SpielePeter","3","5","8"
"spieler123","4","4","8"
"Spiffy_Kyle","5","3","8"
"Spika-Chess_Master","4","4","8"
"spiritualmain","4","4","8"
"spmcmill","4","4","8"
"SpockMeister","5","3","8"
"sportanec","6","2","8"
"spurkreuz","4","4","8"
"Sqbduu","4","4","8"
"Squanch","4","4","8"
"squaremaster99","4","4","8"
"squashkaboss","4","4","8"
"SrAstaroth","4","4","8"
"sripalchess","4","4","8"
"SRJM","4","4","8"
"Sro0534374","4","4","8"
"Srt1844","4","4","8"
"SrTroglodita","5","3","8"
"sS-7amed-Ss","5","3","8"
"SS7120","4","4","8"
"Sserezha","4","4","8"
"sserg82","5","3","8"
"SSFCC","4","4","8"
"sshakenov","4","4","8"
"ssssss1233345","4","4","8"
"St-Chris","4","4","8"
"st-michelabel","4","4","8"
"St0rm777","3","5","8"
"staakk","4","4","8"
"stalaktone","4","4","8"
"stan44","4","4","8"
"standupphilosopher","3","5","8"
"Stanislav_Petersburg","3","5","8"
"stapedio","4","4","8"
"StarGazeee","4","4","8"
"starikoffd","4","4","8"
"starrzi","4","4","8"
"Starter358","4","4","8"
"statementxp","4","4","8"
"stavtov","4","4","8"
"StayGoldenn","5","3","8"
"steady802","4","4","8"
"stebot","4","4","8"
"sTEF89","3","5","8"
"stefaneshin","4","4","8"
"stefanvb","4","4","8"
"Stefcho2020","3","5","8"
"StefHyland","4","4","8"
"SteGeorge","4","4","8"
"stell200812","3","5","8"
"Stenka228","3","5","8"
"stenman111","4","4","8"
"Stepa55-5","4","4","8"
"Stepanhead","5","3","8"
"StepanOsinovsky","5","3","8"
"StephanLivera","3","5","8"
"Stephen77","5","3","8"
"stephenweng","4","4","8"
"Stepycolyn","3","5","8"
"sternenklar","5","3","8"
"Steve_27075","3","5","8"
"stevecondy","4","4","8"
"StevenHoang","4","4","8"
"SteveO81PSU","5","3","8"
"stfiles13","3","5","8"
"stfxxxxxxxxxx","4","4","8"
"stgzmija","4","4","8"
"stijn748","4","4","8"
"stijnbrand","4","4","8"
"stivinosama","4","4","8"
"stockpro","4","4","8"
"Stoddart00","4","4","8"
"Stoepsler","4","4","8"
"stoffels","4","4","8"
"stokesmma2","4","4","8"
"StompaWompa","4","4","8"
"Stonehamma","4","4","8"
"Stonehocker","4","4","8"
"stoni111121","3","5","8"
"stormorder","4","4","8"
"stout-scout","4","4","8"
"stoyo","4","4","8"
"streetdog","4","4","8"
"StrengthPratt1","5","3","8"
"streuch","4","4","8"
"strubokopter","3","5","8"
"Strykler","2","6","8"
"STUDENT_LUISITO","4","4","8"
"suailo","4","4","8"
"subashg","4","4","8"
"subulcus","4","4","8"
"SuckAtGame","3","5","8"
"sudharson578","5","3","8"
"suhaile","4","4","8"
"suharom16","4","4","8"
"Suhebbeing","3","5","8"
"Suimui","4","4","8"
"sujansupraj","4","4","8"
"sukarya67","3","5","8"
"Sukialpha","5","3","8"
"sultan078","4","4","8"
"Sum806","5","3","8"
"sumantkulkarni","4","4","8"
"SumitChess1","3","5","8"
"Suneel123","5","3","8"
"suny_abhi","4","4","8"
"Suo-Outous","4","4","8"
"supagroofa","2","6","8"
"SUPER_HOT_SUPER_HOT","4","4","8"
"supergirl_2009","4","4","8"
"Superkike70","4","4","8"
"superkiten","5","3","8"
"supermarine","5","3","8"
"supoisson","4","4","8"
"supriadi_org","4","4","8"
"Suraj1406","4","4","8"
"SurenBabajanyanARM","4","4","8"
"surgeocristian","3","5","8"
"Sury99","4","4","8"
"suryadurai","4","4","8"
"sv2540900","4","4","8"
"Svandy","4","4","8"
"Svenisntb","3","5","8"
"Svetagati","4","4","8"
"Svyat20555","3","5","8"
"SWAGalf","5","3","8"
"SwagnusGnarlson","5","3","8"
"Swapnil1910","4","4","8"
"Swast","4","4","8"
"swefen","4","4","8"
"Swimgrey","4","4","8"
"swimmer2011","3","5","8"
"swimyers8171","4","4","8"
"swm2602","3","5","8"
"SXB10","4","4","8"
"sxpg","4","4","8"
"sy_raza","3","5","8"
"Syanko","4","4","8"
"syata","4","4","8"
"Sylverlin","5","3","8"
"sylwesterkobi","4","4","8"
"Szalouee","4","4","8"
"szati667","4","4","8"
"sziszkecs","4","4","8"
"T-Dax","3","5","8"
"T0T01","5","3","8"
"t1hasan","4","4","8"
"tactictest","5","3","8"
"Tadashim","4","4","8"
"TADPOLE480","3","5","8"
"TafitaSta","4","4","8"
"TafsirAhmmed","4","4","8"
"Tagediebee","4","4","8"
"Taha_kmndy1386","4","4","8"
"tahacaglayan","5","3","8"
"tahavipeco","4","4","8"
"TAHER_ly","4","4","8"
"Taiga_Wolf","4","4","8"
"takash","4","4","8"
"Takkomatt","3","5","8"
"taksator","4","4","8"
"Taktikfuchs77","3","5","8"
"Tal00","4","4","8"
"tal1ha2","4","4","8"
"talibenes","4","4","8"
"talpa97","4","4","8"
"talquetal1","3","5","8"
"tam-te-cehce","5","3","8"
"tamborhellin","4","4","8"
"Tamrik2","4","4","8"
"tanaytiwari1998","3","5","8"
"TaneMahuta","5","3","8"
"tanfth","5","3","8"
"TANISHQ55","3","5","8"
"tanishra","3","5","8"
"tanjubudak","4","4","8"
"Tannah","4","4","8"
"Tanooj55","5","3","8"
"TaRaS_Yaremchuk","5","3","8"
"Target2500_elo","4","4","8"
"tarik123412","4","4","8"
"Tarikius","3","5","8"
"Tarikof","4","4","8"
"Tartana","4","4","8"
"tarzi121","5","3","8"
"Tastemyfork","5","3","8"
"Taszi978","4","4","8"
"TATODRUZINI","4","4","8"
"TatoManzi","4","4","8"
"Taukeshov_Aidar86","5","3","8"
"taunometsalu","4","4","8"
"taxipanam","4","4","8"
"tayfur2163","4","4","8"
"TaysonFury","2","6","8"
"tblanch12345","4","4","8"
"TblKVANYA","3","5","8"
"TDL-77","4","4","8"
"tearsfane1","4","4","8"
"Techbro","4","4","8"
"techbull","4","4","8"
"TedyLong","4","4","8"
"Teemu09","4","4","8"
"teg","4","4","8"
"teholbeddict","4","4","8"
"Tehran_chess2020","4","4","8"
"tej15019","4","4","8"
"Tejas_Gamer-12","4","4","8"
"Telmorru","3","5","8"
"Telophase","5","3","8"
"Temidayo","3","5","8"
"temomc","4","4","8"
"tengwp","3","5","8"
"Tenkemann13","3","5","8"
"tenley0","4","4","8"
"tennozuisle","3","5","8"
"Teq_Jal_Mex","4","4","8"
"Teracer","4","4","8"
"termik","3","5","8"
"Tero88","4","4","8"
"terradat","4","4","8"
"Tertho","5","3","8"
"Tesla-warp","3","5","8"
"Tesserak_t","4","4","8"
"teszub","4","4","8"
"tetleytea","4","4","8"
"Tetsuya-san","5","3","8"
"Tflex007","4","4","8"
"TFmsk","4","4","8"
"TG2305","3","5","8"
"Th3_J0k3","5","3","8"
"ThaBear","3","5","8"
"ThabisoNyoni","4","4","8"
"ThaBomb7","4","4","8"
"Thaitanium","3","5","8"
"Thalles_Vieira","4","4","8"
"ThandiB09","4","4","8"
"ThanmaySBhat","4","4","8"
"tharun64","5","3","8"
"that_perez","4","4","8"
"Thavud_Anvilcoat","4","4","8"
"the_blunder_taker","4","4","8"
"The_Dayi","4","4","8"
"The_Fool_Sujan_0","4","4","8"
"The_Gwanju","4","4","8"
"the_homer","4","4","8"
"The_Hv_Dragon","4","4","8"
"The_Intruder","3","5","8"
"the_lifetime_fighter","5","3","8"
"The_Machine04","4","4","8"
"The_Machine1005","3","5","8"
"The_Savage_Company","3","5","8"
"The4400rip","6","2","8"
"TheArneLewa","4","4","8"
"thebest2244","4","4","8"
"thebluebeetle","4","4","8"
"TheBlueBetta","4","4","8"
"TheCamPeon","5","3","8"
"TheCasualPlayer","4","4","8"
"TheCheeser","4","4","8"
"TheChessMate2018","4","4","8"
"TheConflux","5","3","8"
"thecup","3","5","8"
"theduky","4","4","8"
"TheEthxn","3","5","8"
"TheFlipFlopper","4","4","8"
"TheFlow7","4","4","8"
"TheGrandma","4","4","8"
"TheGreekDon","4","4","8"
"thegreenbox","4","4","8"
"TheGuardianOfDreams","4","4","8"
"TheHangerGame","4","4","8"
"theknight822003","3","5","8"
"theknightdancer","4","4","8"
"TheloniousDrunk","4","4","8"
"TheMadBishop","4","4","8"
"themaster11","4","4","8"
"Themenace","4","4","8"
"themystical7","5","3","8"
"theoCouran","5","3","8"
"TheodorusN8kow","5","3","8"
"theonechessking","3","5","8"
"theportunus","5","3","8"
"ThePreparationH","4","4","8"
"TherealBelisaire","5","3","8"
"therealichmagpommes","4","4","8"
"TheRealPege","4","4","8"
"Thereisatreasure","4","4","8"
"TheRookie3","4","4","8"
"TheSalmon6","5","3","8"
"TheSerri","2","6","8"
"thesunpriest","4","4","8"
"TheSyrianFighter","4","4","8"
"thetimetaker","5","3","8"
"TheTopDog","3","5","8"
"TheTroll01","3","5","8"
"TheUnpaidDebt","4","4","8"
"TheWhaleofBlue","4","4","8"
"TheWolfChessTv","4","4","8"
"theWorldsLatest","5","3","8"
"Thirsty0815","4","4","8"
"thobile","4","4","8"
"tholuk","6","2","8"
"thomas44771122024","5","3","8"
"Thomasx067","5","3","8"
"Thompu89","4","4","8"
"thomy_bkdpctr","5","3","8"
"Thomy0813","4","4","8"
"thomz50","4","4","8"
"ThoralfPayn","4","4","8"
"thorderrobna2891","3","5","8"
"Thorrfinnnn","4","4","8"
"thunderguy","3","5","8"
"thxbatman","5","3","8"
"thythythyme","4","4","8"
"Tiago95","4","4","8"
"tiagomchaves","5","3","8"
"Tier1000","4","4","8"
"TigbuoZogbuo","3","5","8"
"tigerfree","5","3","8"
"Tigranozavr","5","3","8"
"tikie","5","3","8"
"TILBURG2025","4","4","8"
"TiltedOnMobileLol","3","5","8"
"Tim_ua","4","4","8"
"TIME-TO-PAY","4","4","8"
"Timmend21","4","4","8"
"TimoKemo","4","4","8"
"Timophey1","5","3","8"
"TimothyWizard","4","4","8"
"Tinashe-Bante","5","3","8"
"titalamarti","4","4","8"
"titikatitikaka","4","4","8"
"titoark","4","4","8"
"TitoDR","4","4","8"
"Titou122","4","4","8"
"TJAN1986","4","4","8"
"TJsuresh","4","4","8"
"TK1976","3","5","8"
"TKS-ATX-ZacharyK","4","4","8"
"Tlaloco","4","4","8"
"tlgkskk","4","4","8"
"tliju","5","3","8"
"tlstsk","4","4","8"
"TMBPRocks","4","4","8"
"tmodel66","4","4","8"
"Toberto42","4","4","8"
"Tobi_lacht","4","4","8"
"tobiasz2015","4","4","8"
"tobsk","4","4","8"
"tobyowen","4","4","8"
"Todenk73","4","4","8"
"togaa","4","4","8"
"Toggg_136","5","3","8"
"tohtorigonzo","5","3","8"
"Tokarl","3","5","8"
"tokrikoq","4","4","8"
"tolaso","5","3","8"
"tolgadevrimogan","3","5","8"
"Toluwalogo11","4","4","8"
"TolyaAR","4","4","8"
"tom_frost","4","4","8"
"Tomahavk_88","4","4","8"
"tomas_agt","4","4","8"
"TomassoDV","4","4","8"
"TomaszfromPoland","3","5","8"
"tombankster","3","5","8"
"TombTumbler","4","4","8"
"TomekMW","4","4","8"
"TomiFls","4","4","8"
"Tomisthebest","5","3","8"
"Tomke22","4","4","8"
"Tommy1921","4","4","8"
"TommyTheWorst","5","3","8"
"tongal_sulduzlu","4","4","8"
"tony3333","5","3","8"
"Tony4040","4","4","8"
"tonycuba","5","3","8"
"TonyKalmone","5","3","8"
"TooTallTim","3","5","8"
"Topaz79","4","4","8"
"Topsmoke22","3","5","8"
"toptee81","4","4","8"
"Tor_aehh_Schach","5","3","8"
"TorontoBlueJays","3","5","8"
"TORREOCHOMATE","4","4","8"
"torrepower","5","3","8"
"torres98EG4","3","5","8"
"TorxBandon","4","4","8"
"Toto_88","4","4","8"
"totti1982","3","5","8"
"traagus","4","4","8"
"TradingPlaces","4","4","8"
"trafica99","4","4","8"
"tragotsalidis","4","4","8"
"trankev","4","4","8"
"transparent2","4","4","8"
"Trapeze","5","3","8"
"TrashCompactor2000","4","4","8"
"tratatatratata","4","4","8"
"treccioni","5","3","8"
"TreeBoa","3","5","8"
"treino2023","4","4","8"
"Treshermanos333","4","4","8"
"TrevorMoyake","3","5","8"
"TrevR5280","3","5","8"
"triapiplexiff28","4","4","8"
"trifa3","4","4","8"
"Trimoct","4","4","8"
"Tripiatrik00","5","3","8"
"Tristi1","4","4","8"
"tritton87","4","4","8"
"trivillimsii","4","4","8"
"trollautomat","3","5","8"
"Troller3160","4","4","8"
"trompowsky-ham","5","3","8"
"tropin","3","5","8"
"Truti1970","4","4","8"
"Tryhard3421","5","3","8"
"trytoplaywell","4","4","8"
"tsambo1428","4","4","8"
"tsd120","5","3","8"
"tsedendamba06","4","4","8"
"tserednix","4","4","8"
"tsurohad","3","5","8"
"tt848485389","5","3","8"
"tucoperez","5","3","8"
"tudresdeniscoooool","5","3","8"
"tunayturker","3","5","8"
"tunguz","4","4","8"
"Tunjium","3","5","8"
"turkeysammy","4","4","8"
"TUROCR","4","4","8"
"turus2020","4","4","8"
"TusemaNNN","4","4","8"
"TUSHAR1208","4","4","8"
"tuttappost","3","5","8"
"Twinchicken","3","5","8"
"Twinook","5","3","8"
"Twobr02b","4","4","8"
"tworzyjanek","5","3","8"
"Twothree","3","5","8"
"Txorom","4","4","8"
"Ty3oB","4","4","8"
"tygra","4","4","8"
"TyomaRoma","5","3","8"
"Tzilis","4","4","8"
"U_cookie","4","4","8"
"u_marius","4","4","8"
"Ubaustino","4","4","8"
"ubriacone","3","5","8"
"uchadz","4","4","8"
"UcheUcheUche1","4","4","8"
"uchihamemo4","4","4","8"
"UchihaObito15","4","4","8"
"UDAKAREBA","5","3","8"
"Uday_gg","4","4","8"
"udayabhaskarrao","3","5","8"
"udoeg","4","4","8"
"ugljesa_practice","3","5","8"
"ugly_tonny-17","4","4","8"
"ugur02","3","5","8"
"ugursevilmis","4","4","8"
"uhilz","5","3","8"
"ukiyo_o","4","4","8"
"UlasNumanoglu","4","4","8"
"Ulthamar","2","6","8"
"UltraZver","3","5","8"
"ultumahus","4","4","8"
"Umer_Garry_Kasparov","5","3","8"
"umitagbulak","4","4","8"
"umt55838","4","4","8"
"umut_k","4","4","8"
"umutArslankececioglu","4","4","8"
"Umutcankaya","3","5","8"
"Un20Cible","4","4","8"
"und3rc00ked_y4ms","4","4","8"
"UndeadSalmon","4","4","8"
"UndercoverDave","4","4","8"
"undergoddy","4","4","8"
"underscorevoid","5","3","8"
"undogrel","3","5","8"
"undurthewatur","5","3","8"
"united6-4","4","4","8"
"unknown01","5","3","8"
"unknownlgs","4","4","8"
"unnamedcomet","4","4","8"
"unoduo","3","5","8"
"UNSPB","4","4","8"
"Unypol","4","4","8"
"uosef_abode","4","4","8"
"uralgit","4","4","8"
"URAN81","4","4","8"
"URCU","4","4","8"
"Urfan19","4","4","8"
"Uriel_1981","3","5","8"
"urkarisik","3","5","8"
"uro8oros","4","4","8"
"urubu","5","3","8"
"urungu43","3","5","8"
"useful-idiot","4","4","8"
"username_erased","4","4","8"
"Ust-Ilimsk_38_rus","5","3","8"
"Usuario2804","4","4","8"
"Usubkochoi","4","4","8"
"utkin-64","4","4","8"
"uu3","5","3","8"
"Uunkown_specialist","4","4","8"
"Uwishudidntknow","3","5","8"
"uwu_anf","4","4","8"
"V_i_t_a_l_i_i","3","5","8"
"v_s_o_p","5","3","8"
"V_Zy","4","4","8"
"v1zuv1","4","4","8"
"V228","5","3","8"
"v4021","3","5","8"
"vabatgrav","4","4","8"
"vacil","4","4","8"
"Vaclive","4","4","8"
"Vader2621","5","3","8"
"Vadimius88","6","2","8"
"VadimVN","4","4","8"
"VagrantSparrow39","5","3","8"
"vahagnmargaryan","4","4","8"
"Vaibhav5195","4","4","8"
"VaibhavWalunj1410","4","4","8"
"Vakhter","4","4","8"
"vakita09","5","3","8"
"ValdeilsonPaiva","3","5","8"
"Valemomix13","4","4","8"
"Valentin_K","5","3","8"
"Valentina_Srbska","5","3","8"
"ValeraRudenko","3","5","8"
"valeriaMunoz","5","3","8"
"Valeriy28","4","4","8"
"Valik-24_24","4","4","8"
"vanderCem","4","4","8"
"VanegaLopez","5","3","8"
"vanillavrolok","5","3","8"
"vankata_72","3","5","8"
"VanVelo","5","3","8"
"varunaravind123","4","4","8"
"VasaRecta","5","3","8"
"vasile_drv","5","3","8"
"vasili_alibabaevich","4","4","8"
"VASILIY_V","4","4","8"
"vasofe","4","4","8"
"vassss","5","3","8"
"Vctr_vl","3","5","8"
"vedchesschamp1","5","3","8"
"VedV","3","5","8"
"veenoghu","3","5","8"
"velkymatko","5","3","8"
"Venancio01","4","4","8"
"vendk","5","3","8"
"Ventiladordeannia","4","4","8"
"veronikap76","4","4","8"
"verywellit","3","5","8"
"vesamarov","3","5","8"
"veselin123","5","3","8"
"vetalqqq","3","5","8"
"VetisAna","3","5","8"
"veysey","4","4","8"
"vforven","4","4","8"
"vg345","4","4","8"
"Vi-TeR","5","3","8"
"viast2006","3","5","8"
"vibinm","3","5","8"
"ViciousSeal","3","5","8"
"vicman7","4","4","8"
"victor2400","4","4","8"
"victorherrero6","4","4","8"
"vietcom","5","3","8"
"Vighnesh_Raut","4","4","8"
"vijay1999","4","4","8"
"vijaybaga","3","5","8"
"Vikash_0001","5","3","8"
"VIKINGzzz64","4","4","8"
"vikrammukhija123","4","4","8"
"viks05","4","4","8"
"viktor_umsh","4","4","8"
"Vinayak_Gupta","5","3","8"
"vinaypawar180","5","3","8"
"VineethTKM84","4","4","8"
"Vinodos","3","5","8"
"Vinschger_Laggl","5","3","8"
"VinzoSSyule","4","4","8"
"viratkohli18100","4","4","8"
"Viriatus1","4","4","8"
"Viru123","4","4","8"
"vishal_tailor","4","4","8"
"vishal333728","4","4","8"
"vishy446","4","4","8"
"VitaliyPV","3","5","8"
"vitolsha","4","4","8"
"vitorhugodemiranda","4","4","8"
"vittoryugi7","4","4","8"
"Vivek_plays03","6","2","8"
"viyanshykhaghei","3","5","8"
"VkysniyChlen","5","3","8"
"VL-88","4","4","8"
"Vlad__Lukiyanchuk","5","3","8"
"vlad030412","4","4","8"
"vladatod46","4","4","8"
"Vladekol","3","5","8"
"Vladimir_Yemelyanov","4","4","8"
"VladimirHarkonnen1","4","4","8"
"VladShi","4","4","8"
"Vladyslav_Lavskyi","4","4","8"
"vm_mironov","5","3","8"
"vmontero07","4","4","8"
"vo_onee","4","4","8"
"VodkaReb","4","4","8"
"voice39","5","3","8"
"VojtaBazant","4","4","8"
"Voka2H","4","4","8"
"volcania17","4","4","8"
"Voldemortician","5","3","8"
"Volere_e_potere","4","4","8"
"VolkerSch","3","5","8"
"Vollrath","4","4","8"
"Volmean","5","3","8"
"VolnOFF95","4","4","8"
"Volodar2019","4","4","8"
"vologd","3","5","8"
"Von20","4","4","8"
"vondeeja","4","4","8"
"VonHojas","3","5","8"
"voobra","4","4","8"
"voodoopewpew","3","5","8"
"VopimY","3","5","8"
"VOTE_GOP_MAGA_2020","3","5","8"
"vovanchikv78","3","5","8"
"VovanPowerful","4","4","8"
"vovkamega","4","4","8"
"vpran02","5","3","8"
"vranicakruscica","4","4","8"
"VroomBoom","4","4","8"
"vroomyadav20","4","4","8"
"VSAnand","4","4","8"
"vsavkov","4","4","8"
"vtumentsevv","5","3","8"
"vualydon123","3","5","8"
"Vuki007","5","3","8"
"vusald","4","4","8"
"vv22","5","3","8"
"Vvurian","4","4","8"
"Vvvv80","5","3","8"
"vyacheslav777","4","4","8"
"Vzinik","5","3","8"
"w9gxp","4","4","8"
"Wadikloko","4","4","8"
"Waeel28","4","4","8"
"WaldonPaul","5","3","8"
"waleed2","3","5","8"
"WallerudTech","4","4","8"
"Walrein_the_Walrus","5","3","8"
"WalterNak","4","4","8"
"Wanchouss","5","3","8"
"Wandynsky","3","5","8"
"wanjau_ndiritu","4","4","8"
"wantplay","4","4","8"
"Waqy","4","4","8"
"warden23","4","4","8"
"warwar81","4","4","8"
"WasifQureshi","3","5","8"
"wassimsalame72","4","4","8"
"wassock","4","4","8"
"watfu","4","4","8"
"wattaplayer","4","4","8"
"wbrivas","3","5","8"
"wcaos","4","4","8"
"weakestfemaleuser","3","5","8"
"wearypawn","4","4","8"
"wedab31","3","5","8"
"wegadikuki","4","4","8"
"weinbach","3","5","8"
"wejagdev","4","4","8"
"wenni2","3","5","8"
"wgWalter","4","4","8"
"what_a_mate","3","5","8"
"whataredoes10","3","5","8"
"wheato96","4","4","8"
"whenderson","5","3","8"
"white_a4_black_a5","4","4","8"
"WhiteFang1989","4","4","8"
"whitejaguar","3","5","8"
"WhiteYaksa","5","3","8"
"Whoasked228","4","4","8"
"wick965","4","4","8"
"wie-es-sich-gehoert","4","4","8"
"Wiga_Sky","4","4","8"
"Wikingerblut","3","5","8"
"wiktorszachy","4","4","8"
"Wildfox08","4","4","8"
"Wilhelmut","5","3","8"
"will_13199","4","4","8"
"WillCarps","4","4","8"
"WillemJR","5","3","8"
"WilliamJamesSherlock","4","4","8"
"WilliamPBR","4","4","8"
"willvanarsdall","3","5","8"
"wind1000","3","5","8"
"WindexChugger","3","5","8"
"WindyRooster","5","3","8"
"winloop","5","3","8"
"WINNERMAN26","4","4","8"
"WinterSparrow","3","5","8"
"WiseOldKing","3","5","8"
"Wisigothz","5","3","8"
"wison","4","4","8"
"WitneyChess","3","5","8"
"Wiwi1234","4","4","8"
"wizjli","3","5","8"
"wkrebels","3","5","8"
"wmorgenl","5","3","8"
"wnt0815","4","4","8"
"wocnit","4","4","8"
"woeni","4","4","8"
"WoensdagBlues","5","3","8"
"wohetop227","4","4","8"
"woleit","4","4","8"
"wolf77xy","3","5","8"
"Wolowitz_001","3","5","8"
"wolverine254","5","3","8"
"Wolzentrum","4","4","8"
"Wonderfulbricks","4","4","8"
"WonderWomanChess","4","4","8"
"WorDen012","3","5","8"
"Worentas","4","4","8"
"World_Champion2009","4","4","8"
"World_Cup","4","4","8"
"wqqwqiii","3","5","8"
"wrentough","3","5","8"
"Wruu","4","4","8"
"wskt006","5","3","8"
"wsterling34","4","4","8"
"WSU4Life","4","4","8"
"WuapoNane","5","3","8"
"Wurze52","5","3","8"
"wykwang","4","4","8"
"WysokogorskiPingwin","4","4","8"
"Xam3u","5","3","8"
"Xamis","5","3","8"
"xandebrasill","4","4","8"
"xaos27","4","4","8"
"xaverius","4","4","8"
"Xavern","3","5","8"
"Xela1975","5","3","8"
"Xer0123","4","4","8"
"XhosaKing10","4","4","8"
"XidenOG","3","5","8"
"xigro","4","4","8"
"xilli","4","4","8"
"Xirosaki","4","4","8"
"xisyma","4","4","8"
"xLuffyxOp","4","4","8"
"xmoha3","4","4","8"
"xoda","5","3","8"
"Xoxe","3","5","8"
"xPriyanshx","3","5","8"
"xw973","4","4","8"
"xWitekx02","5","3","8"
"xXloganXx","3","5","8"
"XxtoxX","5","3","8"
"XxxxxPolatalemdar","4","4","8"
"xyuuy","3","5","8"
"XYYU","5","3","8"
"yachevs","4","4","8"
"yadvareh","4","4","8"
"yagoda_arbuz","4","4","8"
"Yaheaaljazaeree","4","4","8"
"Yahiamoneim","4","4","8"
"yahooyeyu","4","4","8"
"Yakio","4","4","8"
"yaksil06","5","3","8"
"YALDESGLEDI","5","3","8"
"YalielFG","2","6","8"
"Yalmukhametov_Samat","5","3","8"
"yaman123","5","3","8"
"yami-dancho","4","4","8"
"Yancals","4","4","8"
"Yangoras","5","3","8"
"yanyonex","4","4","8"
"yartarget","4","4","8"
"yarwar","3","5","8"
"Yasaswi2013","4","4","8"
"Yash9969","4","4","8"
"yashasj107","4","4","8"
"Yasin_p_244","4","4","8"
"Yasinkoca26","5","3","8"
"YassinoV","4","4","8"
"Yaxel","4","4","8"
"YBG","4","4","8"
"yedibelaemre","5","3","8"
"YeeterMcYeeterson","3","5","8"
"yeliseychesser","5","3","8"
"yellow15","4","4","8"
"yelnur-s","4","4","8"
"Yemeri","5","3","8"
"yemzo001","4","4","8"
"yepetoes","3","5","8"
"yerebatan","5","3","8"
"yerevan88","4","4","8"
"YermanTadeo","5","3","8"
"Yeshe56","5","3","8"
"yesmesir","3","5","8"
"yesyeshikaro","5","3","8"
"YetiV","3","5","8"
"Yevianpb","5","3","8"
"YG_BKD","5","3","8"
"Ygub","4","4","8"
"YinAndCheesecake","4","4","8"
"YingzheFeng","6","2","8"
"yizhishugeins","4","4","8"
"Yjioum","4","4","8"
"Yllsson","3","5","8"
"YM1994","4","4","8"
"YngviHarjaz","4","4","8"
"yo246","4","4","8"
"yobibraynt","4","4","8"
"yogeshmohite24","4","4","8"
"yokra","3","5","8"
"Yolaf","5","3","8"
"Yonathan_Putra","4","4","8"
"Yorch7","4","4","8"
"yorek7777","3","5","8"
"Yoryiao","4","4","8"
"yosei2","3","5","8"
"yoshua18","4","4","8"
"yossimashis","4","4","8"
"Yotamby","5","3","8"
"younis_mohammed","3","5","8"
"yousefalrashidi","4","4","8"
"youssefayman000","5","3","8"
"Youssie_Cohen","4","4","8"
"YouSsMjd","5","3","8"
"Yoylecloud","3","5","8"
"Yozhig2020","4","4","8"
"ysvi","4","4","8"
"Yugar","4","4","8"
"YulushevKirill2010","5","3","8"
"yummyhat","4","4","8"
"YungCouch","4","4","8"
"YUNUS_BEY","4","4","8"
"Yunusyildirim325","5","3","8"
"yurda","4","4","8"
"YurijMi","4","4","8"
"YuryBekker","4","4","8"
"Yushchtnko","6","2","8"
"yusuf51","5","3","8"
"yusufethem11","3","5","8"
"YXBAT","3","5","8"
"YZYZ_MISSING","4","4","8"
"z24xQfR","4","4","8"
"Zabeca","3","5","8"
"zabute","4","4","8"
"zachprimeau","4","4","8"
"zacht713","3","5","8"
"zackaya","4","4","8"
"Zafarholmuhamedov","3","5","8"
"zafer1128","3","5","8"
"zafir_aga","4","4","8"
"zagguduzug61","5","3","8"
"Zaghron","4","4","8"
"zahraaaaaa","4","4","8"
"zaitcev_gena","3","5","8"
"ZaK3000","5","3","8"
"ZAKHARCHIK001","3","5","8"
"Zakyyyy","4","4","8"
"Zalditxuria","2","6","8"
"zany21","4","4","8"
"Zappador","3","5","8"
"Zappyful","4","4","8"
"Zaqi","4","4","8"
"zaruki","4","4","8"
"zatarra140","4","4","8"
"Zatonti","5","3","8"
"Zawarudo13","4","4","8"
"zebesch","4","4","8"
"zedmike","4","4","8"
"Zeeschuimer","3","5","8"
"zein1921","4","4","8"
"Zelatcovic","5","3","8"
"zeljko15","3","5","8"
"zendruken","4","4","8"
"Zenith747","4","4","8"
"ZenMonkey","4","4","8"
"zenoebie","4","4","8"
"ZenThatsTooBad","2","6","8"
"Zephir1967","5","3","8"
"zeromix","4","4","8"
"zetax-x","4","4","8"
"ZEUS_111","3","5","8"
"Zeus_Sverdlov","4","4","8"
"zeynarda17","3","5","8"
"Zeyneeps","4","4","8"
"zeynelgul","5","3","8"
"Zezza1m","5","3","8"
"ZharPt1ca","4","4","8"
"Zheng689","4","4","8"
"Zhizhoma43","4","4","8"
"Ziiyenn","5","3","8"
"ziktutturucu","4","4","8"
"zima17","3","5","8"
"Zingy_1811","4","4","8"
"Zipnix","4","4","8"
"zizazoze","4","4","8"
"Zizou60","3","5","8"
"zkaine","4","4","8"
"Zloytochi","4","4","8"
"zmey777","4","4","8"
"zmudri","5","3","8"
"zodiak00","3","5","8"
"ZommmB","4","4","8"
"zondys","5","3","8"
"Zones2","3","5","8"
"ZoranSp","3","5","8"
"Zorro105","3","5","8"
"ZRiemann","4","4","8"
"Zsalesz82","4","4","8"
"Zugzwang120794","4","4","8"
"Zup7","4","4","8"
"zurich_1953","5","3","8"
"zuro22","4","4","8"
"Zvabl","4","4","8"
"zvBernard","5","3","8"
"Zver_mudrec","5","3","8"
"Zvez","3","5","8"
"Zwirni","5","3","8"
"zxc_ghoul_1000-7","4","4","8"
"zyankowitz","5","3","8"
"zykovs","3","5","8"
"Zypx","4","4","8"
"Zytch","5","3","8"
"zznnzz","4","4","8"
"a_aries","5","2","7"
"A_Esfandiarpour","4","3","7"
"A_Lost_Phoenix","4","3","7"
"A_Salamah","3","4","7"
"A-lexRosas","3","4","7"
"a0190555","3","4","7"
"A11SEVEN","4","3","7"
"a177266","4","3","7"
"A259","4","3","7"
"A43835","3","4","7"
"a50inch","4","3","7"
"A73566743JUAN","4","3","7"
"a9totalm","3","4","7"
"Aa8delsol","4","3","7"
"aaaaaaaaaaaaa69","4","3","7"
"aaaaaaaaayush","4","3","7"
"aaaalllleeeexxx","3","4","7"
"AAABARD","3","4","7"
"aaaznaur","3","4","7"
"aahaqqani","4","3","7"
"Aahma77","3","4","7"
"aahmed78","3","4","7"
"aajrcbf","5","2","7"
"aalobed9779","3","4","7"
"AAlvaroB","5","2","7"
"aamnon","3","4","7"
"Aan_s_laut","3","4","7"
"aan87","3","4","7"
"aaron_wyn","2","5","7"
"Aaronweke","5","2","7"
"aarth34","3","4","7"
"AAvalentin16","4","3","7"
"Aayra_Singh","4","3","7"
"abah_css","4","3","7"
"abanob444","4","3","7"
"Abanoub_Marcos","3","4","7"
"Abbadon1","3","4","7"
"Abbruzi25","4","3","7"
"abby0123","3","4","7"
"abcdef420","3","4","7"
"abcmann","4","3","7"
"Abdalazez_ebrahim","3","4","7"
"abdallh_99","4","3","7"
"abdcanada123","4","3","7"
"abdelhamidradouane","3","4","7"
"AbdellahelAzizi2002","5","2","7"
"abdelrahmansaleh","3","4","7"
"Abdo_kurfa","3","4","7"
"Abdo_Moamen8","4","3","7"
"abdo_souple","3","4","7"
"Abdoliant","4","3","7"
"abdoooa","2","5","7"
"abdosabry11","4","3","7"
"abdotawfeek","3","4","7"
"Abdou_Dio","5","2","7"
"Abdullah_Zein","4","3","7"
"AbdullahAmer01","2","5","7"
"Abdullahsulta","4","3","7"
"abdulrahman-tayara","4","3","7"
"Abdulraqeb","4","3","7"
"abdulsamad_balam","3","4","7"
"Abdumuminov_Khasan","4","3","7"
"AbejaLady","3","4","7"
"abelteo","3","4","7"
"abemar","3","4","7"
"abhi_2004","2","5","7"
"Abhi_353738","3","4","7"
"abhigyankrishna","4","3","7"
"abhijatyasingh","5","2","7"
"abhikmenom","4","3","7"
"Abhinav_wolf","3","4","7"
"AbhinavPancholi","3","4","7"
"Abhineetthakur1089th","4","3","7"
"abhiplaychess","4","3","7"
"abhishekg98","4","3","7"
"AbhiTiwari2000","4","3","7"
"abhiy","4","3","7"
"abideintheword","4","3","7"
"Abjectile","3","4","7"
"ablx","4","3","7"
"abmajad","4","3","7"
"abnobimus","3","4","7"
"Abonuelo","3","4","7"
"Aboodi357","3","4","7"
"aboude_sh","3","4","7"
"abp123","3","4","7"
"Absolute_Zero0","4","3","7"
"Absurdclown","3","4","7"
"absurddde","3","4","7"
"Abu_Ashot","4","3","7"
"Abu_taem","3","4","7"
"Abualiassad","3","4","7"
"Abud1979","3","4","7"
"abugbugberna","2","5","7"
"Abulrahim","3","4","7"
"abulsinn","4","3","7"
"Abuomar24","3","4","7"
"acancekettim","3","4","7"
"acemi1982","5","2","7"
"acemi2134","4","3","7"
"Acero123","4","3","7"
"acevedosantacruz","4","3","7"
"achelkash","3","4","7"
"achnaratasaba","5","2","7"
"AchrafZakaria","3","4","7"
"acisleo","3","4","7"
"acmqsc","3","4","7"
"acryd","4","3","7"
"acul1861","3","4","7"
"adarshkumar_Boghara","4","3","7"
"addisonfrei","2","5","7"
"additivcalciumvitd3","3","4","7"
"Ade-Banter","3","4","7"
"adeac","4","3","7"
"Adeel935","4","3","7"
"adeldola18","4","3","7"
"adelmohamedsaleh","4","3","7"
"Adepht","4","3","7"
"aderd89","2","5","7"
"adhaam","5","2","7"
"Adi080808","4","3","7"
"adigrossmeyster","5","2","7"
"adiix02","3","4","7"
"adik123456789","4","3","7"
"AdilBarin","3","4","7"
"adilcelebi","4","3","7"
"adityadeadly","4","3","7"
"AdityaUN","2","5","7"
"Adrianking1215","4","3","7"
"adrianmonroy","4","3","7"
"adrifu","4","3","7"
"aduzguy","4","3","7"
"Adwaith_Roopesh","5","2","7"
"aedomskiy","4","3","7"
"AEK_CHESS","5","2","7"
"aeminoglu","4","3","7"
"afakbar","3","4","7"
"Afrinjahanmunia","3","4","7"
"Afroto","4","3","7"
"Aga002","5","2","7"
"AGBOLOJOdaniel","4","3","7"
"agent-21bce8970","4","3","7"
"AggelosChess","4","3","7"
"Agrama","2","5","7"
"Agus1098","4","3","7"
"agustcar","2","5","7"
"agustinfield","4","3","7"
"AgustinVaccarezza","4","3","7"
"agvozdev","4","3","7"
"Ahmad-Kasparov","5","2","7"
"Ahmadabukhater","3","4","7"
"ahmadamir999","4","3","7"
"Ahmed_pawn","4","3","7"
"Ahmed-Waly","4","3","7"
"ahmed8600","5","2","7"
"Ahmedadil7","3","4","7"
"Ahmedaminartist","4","3","7"
"ahmedawad7","4","3","7"
"ahmedawad90","4","3","7"
"ahmedburhan","4","3","7"
"Ahmedmostafa11","4","3","7"
"AhmedS_K","4","3","7"
"ahmetceett","4","3","7"
"ahmt_gdik","3","4","7"
"Aibolit_66","4","3","7"
"aiiden09","3","4","7"
"Aina1414","3","4","7"
"aira2493","5","2","7"
"AirNight","3","4","7"
"AirVic","4","3","7"
"aivanss","4","3","7"
"Aiylis","4","3","7"
"ajanr64","3","4","7"
"ajaxazor","4","3","7"
"AjChessss","3","4","7"
"Ajedreza","3","4","7"
"ajedrezIgnacio","3","4","7"
"AjedrezTransversal","3","4","7"
"ajinkya111","2","5","7"
"ajjiiin","3","4","7"
"ajnetto","3","4","7"
"AjwadAllyKSCA","3","4","7"
"AK345","3","4","7"
"ak991983","2","5","7"
"Akande1","4","3","7"
"akash1123","4","3","7"
"akash2771","3","4","7"
"Akej","4","3","7"
"Akenetys","4","3","7"
"Akh_jj","5","2","7"
"akhilmorcha111","3","4","7"
"akhobadze","3","4","7"
"Akkiba","4","3","7"
"akparti123","3","4","7"
"Akrelll","4","3","7"
"akselforberg","4","3","7"
"Aksh_95","4","3","7"
"Akshanth","4","3","7"
"akshaydharne","3","4","7"
"akula555","2","5","7"
"AkutoBey","3","4","7"
"Al63isy","3","4","7"
"al7usseinnn","4","3","7"
"Alaa_99Rabbat","4","3","7"
"alaaidres","4","3","7"
"Alan_HR9","3","4","7"
"Alanarevalo87","4","3","7"
"Alapin94","4","3","7"
"ALAQUAS","4","3","7"
"ALBAFICA1971","4","3","7"
"AlbertBasharoff","3","4","7"
"AlbertEincheck","4","3","7"
"AlbertoAntonio","4","3","7"
"ALCAPONE02","3","4","7"
"AlcibiadesL","3","4","7"
"AldanaJhonrod","3","4","7"
"Aldebaran7585","3","4","7"
"alecsander225","3","4","7"
"alejandrogobu97","4","3","7"
"alejandromunoz2014","3","4","7"
"alekhinedan","4","3","7"
"aleksandar181994","4","3","7"
"AleksandarGavrilov","3","4","7"
"aleksandrgarsiia","4","3","7"
"aleksi98","3","4","7"
"Alena7869","4","3","7"
"Aleraba71","4","3","7"
"aleshaalesha","4","3","7"
"AlessandroACMokewa","4","3","7"
"alessandrobrizzi","3","4","7"
"AlessoCastello","3","4","7"
"Alex__777","3","4","7"
"alex_234","3","4","7"
"alex_ewald","4","3","7"
"Alex-86-0","4","3","7"
"alex-vrs","4","3","7"
"alex10316","3","4","7"
"Alex199332","3","4","7"
"Alex2929929","3","4","7"
"alex767y","3","4","7"
"Alexa_pinzon","3","4","7"
"Alexander_Sviridenko","4","3","7"
"AlexanderIshchenko","4","3","7"
"AlexanderUrsu","3","4","7"
"AlexandrKlimchik","4","3","7"
"Alexantos","4","3","7"
"Alexasby","3","4","7"
"Alexborg","4","3","7"
"Alexchessplayer123","4","3","7"
"alexcms","3","4","7"
"Alexei126","4","3","7"
"alexey_03","3","4","7"
"Alexg1908","3","4","7"
"alexgabelli","4","3","7"
"alexiosevich","3","4","7"
"alexiskouk","3","4","7"
"Alexl66","4","3","7"
"AlexQ7","4","3","7"
"Alexsefr","3","4","7"
"AlexSh_95","5","2","7"
"alexsilva05","3","4","7"
"AlexTk007","4","3","7"
"alexto","3","4","7"
"alexuribe","3","4","7"
"Alexx11","2","5","7"
"AlexZorgi","3","4","7"
"ALFA_OMEGA1","3","4","7"
"alfonsobonso","3","4","7"
"algodoy","4","3","7"
"alhalazon99","3","4","7"
"ali_aboud","4","3","7"
"ali_simsekk","4","3","7"
"alibaba7","3","4","7"
"aliekber_gokay","3","4","7"
"Aliemiryarici05","4","3","7"
"Aliglmz","3","4","7"
"aligokoglu","3","4","7"
"Alihalisdemir","4","3","7"
"aliireza1995","4","3","7"
"aliiyahh","3","4","7"
"Alikiani70","4","3","7"
"Alipasha2011","3","4","7"
"alireza65","4","3","7"
"AlirezaNA83","4","3","7"
"alisalek","4","3","7"
"Alixan_38","4","3","7"
"Aliya2013aa","4","3","7"
"Alizade91","4","3","7"
"Alkjhgfds","3","4","7"
"Alkon14","4","3","7"
"Allen6","4","3","7"
"allergictopawns","3","4","7"
"Allfiction399","4","3","7"
"allofthewin","3","4","7"
"AlltidLugn","4","3","7"
"Alma1230","3","4","7"
"almohebxx","4","3","7"
"almostcasual","4","3","7"
"alnobani","4","3","7"
"alonebaw","3","4","7"
"alonsoizzat","3","4","7"
"Alovero13","3","4","7"
"Alp122","4","3","7"
"Alp2play","4","3","7"
"Alpaydemos1","4","3","7"
"Alpenquadrat","4","3","7"
"alperkaral","4","3","7"
"alpernklc","5","2","7"
"Alpha_Cesar","3","4","7"
"AlphabetStreet","3","4","7"
"alphadelta069","4","3","7"
"AlphaII","3","4","7"
"AlphanZero","3","4","7"
"AlphaSerra18","3","4","7"
"alptekk","2","5","7"
"alrax19","4","3","7"
"alrickzack","3","4","7"
"alrosol","4","3","7"
"ALSHEKAILI","4","3","7"
"Alsorogy","4","3","7"
"altankpl","4","3","7"
"Altay1930","3","4","7"
"AltemirClemes","4","3","7"
"altugsener","3","4","7"
"alucvrd","3","4","7"
"Alve","4","3","7"
"AlwaysPlayBf1","4","3","7"
"AM_Abasi","3","4","7"
"AM-STILL-LEARNING","3","4","7"
"amadeous_DZ","4","3","7"
"Amar121","2","5","7"
"ameem91","4","3","7"
"AMelhorDasPiores","3","4","7"
"ameliawfm","4","3","7"
"AMIbrahim89","4","3","7"
"amielrd","4","3","7"
"amilcarcuello1975","3","4","7"
"Amin2502","2","5","7"
"aminhasanspahicchess","3","4","7"
"Aminino","4","3","7"
"Aminmdehghan","4","3","7"
"amir_duisenov1","2","5","7"
"amir_mobasheri","4","3","7"
"Amir_wadea222","4","3","7"
"amir235","4","3","7"
"amirah14","3","4","7"
"amirali1470","4","3","7"
"Amirhoseinghaffari","3","4","7"
"amiroosoo","4","3","7"
"amirrezahashemi","3","4","7"
"Amirulfarhan","3","4","7"
"amirzia","4","3","7"
"amitchess333","4","3","7"
"amjad_69","4","3","7"
"AMJR","4","3","7"
"ammar13","3","4","7"
"ammarhood","3","4","7"
"ammarlashkarwale","4","3","7"
"amorzarrouk","4","3","7"
"amparito","4","3","7"
"amphipri0n","4","3","7"
"AmrAdelAmrAdel","4","3","7"
"AmrAhmedZaki2005","3","4","7"
"AMUGA79","4","3","7"
"Ana_Bohueles123","3","4","7"
"Anabelapatkolo","4","3","7"
"anametar3metarsham","4","3","7"
"Anaryain","4","3","7"
"anbarizoher","4","3","7"
"AncientRo","5","2","7"
"ancolber1981","4","3","7"
"AnCROnymous","4","3","7"
"And_strin","5","2","7"
"and19653","3","4","7"
"Andi2709","4","3","7"
"Andietta","2","5","7"
"anding11","3","4","7"
"andiroots","2","5","7"
"AndjiKK","3","4","7"
"Ando_khan","3","4","7"
"Andoravo","3","4","7"
"AndreaGW","4","3","7"
"ANDREAS-LEO","4","3","7"
"andreatorre","4","3","7"
"andreead","4","3","7"
"andreev_tlt","4","3","7"
"andreina2013","3","4","7"
"Andres9479","4","3","7"
"andresote21","4","3","7"
"Andrew_R","2","5","7"
"andrew-11","4","3","7"
"AndrewMcD","4","3","7"
"AndrewP97","4","3","7"
"AndrewRook","4","3","7"
"Andrewyyip","5","2","7"
"Andrey_Bezrukov","4","3","7"
"Andrey11976","4","3","7"
"Andrey200294","4","3","7"
"Andrey297","4","3","7"
"AndreyFedorov","3","4","7"
"Andreyka02","4","3","7"
"AndreyNikNik","3","4","7"
"AndreyTolstyj","4","3","7"
"Andron7408","3","4","7"
"andrzej_christopher","3","4","7"
"Andy400","3","4","7"
"andykisin","3","4","7"
"AndyUslun","4","3","7"
"aneeshikmat","2","5","7"
"ANEKENECIK","4","3","7"
"anelka39","2","5","7"
"anezka00","4","3","7"
"Anga","3","4","7"
"Angangang","3","4","7"
"angaritamc","4","3","7"
"Angel-09","4","3","7"
"Angel-Sebastian","5","2","7"
"Angelbert12","3","4","7"
"AngryPug","3","4","7"
"AngrySir","1","6","7"
"AniketM11","4","3","7"
"Anil_21","3","4","7"
"aniluslu","3","4","7"
"AniruddhaTomar","3","4","7"
"AnirudhKokate","4","3","7"
"AnisMehdi","5","2","7"
"aniughost24","2","5","7"
"Anix94","5","2","7"
"Anjec","3","4","7"
"ank1111","3","4","7"
"ank5678","3","4","7"
"Ankit_Tomar","3","4","7"
"ankur79","4","3","7"
"Annaconda116","4","3","7"
"AnnaPaula97","4","3","7"
"annu4u2020","4","3","7"
"AnointedJose","3","4","7"
"Anon581","3","4","7"
"Anong","4","3","7"
"Anony1","3","4","7"
"Anonym8","3","4","7"
"anonymous2","5","2","7"
"Anonymous203","4","3","7"
"anonymouslying","4","3","7"
"anonymusagu88","3","4","7"
"anosh2022","4","3","7"
"anothercat","4","3","7"
"Anouar81","3","4","7"
"Anoush05","3","4","7"
"anschewski","5","2","7"
"Ansh_Kavya","3","4","7"
"anshthechamp","3","4","7"
"Ant1b","4","3","7"
"Antani69","3","4","7"
"Anteo007","4","3","7"
"antho6936","3","4","7"
"anthoni83","3","4","7"
"Anthony0077","4","3","7"
"AnthonyCalvo27","3","4","7"
"Antigonos_M","4","3","7"
"AntohaaaAZ2004","3","4","7"
"Antoinissimo","4","3","7"
"anton93ton","3","4","7"
"antonholl","3","4","7"
"Antonru","4","3","7"
"antonygil","4","3","7"
"anttiaamos","3","4","7"
"Anttonidas","2","5","7"
"Antuan9403","4","3","7"
"ANUHAS_DHARANA_2010","3","4","7"
"Anujchamp","4","3","7"
"AnuragShrikar","4","3","7"
"Anzik1981","3","4","7"
"ao0188","3","4","7"
"aobell","3","4","7"
"AomineItachi","2","5","7"
"apachetrade","3","4","7"
"aperezalija","5","2","7"
"apetrishchevskiy","4","3","7"
"apjp90","4","3","7"
"aposazhennikov","3","4","7"
"apostolis1","3","4","7"
"AptalOyun","3","4","7"
"aquelqhabiamuerto","3","4","7"
"AR16","4","3","7"
"ar60","3","4","7"
"ar75123","3","4","7"
"arachne","3","4","7"
"Arain","3","4","7"
"ARandomFrog","4","3","7"
"arasguvenc","4","3","7"
"arashphn","4","3","7"
"Aravind_Beesagoni","2","5","7"
"arcadeking05","4","3","7"
"arcalprn","3","4","7"
"Arcane46","3","4","7"
"ArcaneC","4","3","7"
"Arcanista","4","3","7"
"Arccostheta","4","3","7"
"Arch_nemesis","3","4","7"
"Archafonk","3","4","7"
"archer711","3","4","7"
"Arcjames420","3","4","7"
"arctep","3","4","7"
"ardaozkurt2","3","4","7"
"Ardenzo","3","4","7"
"ardi61064","4","3","7"
"ardit3131","3","4","7"
"areefzero","4","3","7"
"ArEr21","4","3","7"
"Arghya05","3","4","7"
"Argo16","4","3","7"
"arhip_usachenko","4","3","7"
"Aria_Learn","4","3","7"
"ariedinger","3","4","7"
"arielmed","3","4","7"
"Arigorix","3","4","7"
"Arihtev","4","3","7"
"Arina23102015","5","2","7"
"AriSoooy","3","4","7"
"Arizyusubov1993","4","3","7"
"ark3nis","2","5","7"
"arman9191","6","1","7"
"Armin0011","4","3","7"
"Armnejdin","4","3","7"
"ARMY_260708","4","3","7"
"arn-arn","4","3","7"
"ARNAV_BHATIA","5","2","7"
"ArnoRacam","4","3","7"
"ArOk9644","4","3","7"
"aroy20","4","3","7"
"ARPITSAXENA10","4","3","7"
"Arseino","3","4","7"
"Arshhole","4","3","7"
"arshiya99","5","2","7"
"arspop","4","3","7"
"art0000","5","2","7"
"ArtAmateur","4","3","7"
"Artcois19","3","4","7"
"artem23145","5","2","7"
"Artem2350","4","3","7"
"artem71","5","2","7"
"Artian12","3","4","7"
"artic100","3","4","7"
"artinkhan","3","4","7"
"ARTjoMS","2","5","7"
"Artodez","4","3","7"
"arturogonzalez","4","3","7"
"arulxbt","3","4","7"
"arunking","3","4","7"
"Aruw","4","3","7"
"Arvakki","2","5","7"
"ARVIM007","4","3","7"
"Arvind90","3","4","7"
"Aryan_Balachander","4","3","7"
"arynn3","4","3","7"
"asabicupcakes","5","2","7"
"aSacrificer","3","4","7"
"asah89","5","2","7"
"Asanek","4","3","7"
"ASbest22","3","4","7"
"asdasdasa","3","4","7"
"asder23","3","4","7"
"asdfW34","4","3","7"
"asdguuz","4","3","7"
"Asemapeli","2","5","7"
"AsFastAsYouCan","3","4","7"
"ash_jag_chess","3","4","7"
"ASHISH_93","4","3","7"
"AshishTheNoob","4","3","7"
"ashkanjan","2","5","7"
"asi24","4","3","7"
"asianthunder","3","4","7"
"ASIT1997","4","3","7"
"asiyan12","4","3","7"
"aslepenkov2","3","4","7"
"aslkfjhsajkf213","4","3","7"
"AsLongAsBut100","3","4","7"
"ASmirnovs","4","3","7"
"asosa040","4","3","7"
"Aspova1903","3","4","7"
"AssassinHunter007","4","3","7"
"astan777","4","3","7"
"Astaroth1337","3","4","7"
"Astashin","4","3","7"
"Astro_Nautovic","4","3","7"
"Astrob","4","3","7"
"astrodog","4","3","7"
"astrowho","4","3","7"
"AsylxanMaksudov","3","4","7"
"atakanozarslan","4","3","7"
"atavaladi","4","3","7"
"AtharvJalhotra","5","2","7"
"aths83","3","4","7"
"athul1198","4","3","7"
"Aticacl","4","3","7"
"atl4nt","4","3","7"
"AtlanPerry","3","4","7"
"ATMCASHH","3","4","7"
"Atomhunts","4","3","7"
"AtomikMorphy","4","3","7"
"atonworld2419","2","5","7"
"atsiounis","4","3","7"
"Attaaaaack","4","3","7"
"AudioMan89","2","5","7"
"Audouard","4","3","7"
"Augu16","3","4","7"
"Augusto0805","4","3","7"
"Aur3","4","3","7"
"aurum_north","3","4","7"
"australia14","3","4","7"
"AutobusWojtus","4","3","7"
"AUTOMECHANIK","4","3","7"
"Auzgun","3","4","7"
"AvAnAT","2","5","7"
"avantgeorge","3","4","7"
"avatar3930","5","2","7"
"avbk_17_s","3","4","7"
"Avedyan_Alina","4","3","7"
"average_supernova","3","4","7"
"averageandhappy","2","5","7"
"avibieler","3","4","7"
"Avkor","3","4","7"
"AvMorutan","4","3","7"
"avners","1","6","7"
"Avpieee","3","4","7"
"Avr1709","3","4","7"
"awesomearthur54","3","4","7"
"awesomeeeeek","4","3","7"
"axedrez64","3","4","7"
"AxelIsa","3","4","7"
"AxiLLes1989","3","4","7"
"axnunezc","3","4","7"
"aybag06","4","3","7"
"aybartas","4","3","7"
"ayberk28","3","4","7"
"aydsys","3","4","7"
"aylonball","4","3","7"
"Aym15","4","3","7"
"Aymerikettor","4","3","7"
"AyoubMo20","4","3","7"
"Ayrat3671","5","2","7"
"ayt994","3","4","7"
"Aytgold3","3","4","7"
"Ayush_5_Pandey","2","5","7"
"Ayushman_C","4","3","7"
"az12390","5","2","7"
"AzaDach3n","5","2","7"
"Azamat2305","4","3","7"
"azathoth45","3","4","7"
"Aze_Hasanoff","4","3","7"
"azeddin","4","3","7"
"Aziz_Rakhimjonov","3","4","7"
"Azmbopu","3","4","7"
"azzahr","4","3","7"
"b_kxp","4","3","7"
"B0T_NN","4","3","7"
"B18102007","4","3","7"
"B19","4","3","7"
"B3NJ4M1N27","4","3","7"
"B61151953LUIS","3","4","7"
"b66lz6bub","4","3","7"
"ba7op","3","4","7"
"bababa11","3","4","7"
"babaselim","5","2","7"
"BabidiBadibu","3","4","7"
"Babiecakes","3","4","7"
"Babineur","4","3","7"
"babish07","4","3","7"
"babooneatermoon","3","4","7"
"BabyBaklazhan","4","3","7"
"BabyFrench","5","2","7"
"Baciagalupo","4","3","7"
"back_wolf1","4","3","7"
"backbreaker","4","3","7"
"backt2play","3","4","7"
"Backwithblack","3","4","7"
"badboy08","3","4","7"
"Bader_hs","3","4","7"
"Badmannelly","3","4","7"
"BadRok","4","3","7"
"Baehrens","4","3","7"
"bagas04","2","5","7"
"Bagautdin","3","4","7"
"Bagheera20","3","4","7"
"BahaAtaya95","3","4","7"
"Bahadir123","4","3","7"
"bahaov","3","4","7"
"bahmank65","3","4","7"
"BaijuTV","3","4","7"
"baileyholcroft","4","3","7"
"bajec210","4","3","7"
"Bajon3t","4","3","7"
"bakanuuju","4","3","7"
"bakchod_billi","3","4","7"
"Bakhodirovich_717","4","3","7"
"Bakil-Alsanad1986","4","3","7"
"bakugood","3","4","7"
"balanovic00","3","4","7"
"Balckgaming","3","4","7"
"balhanisaniav","4","3","7"
"Balioehle","3","4","7"
"BalityRook","4","3","7"
"Balkanpower5","3","4","7"
"Ballasch2","3","4","7"
"Bampu","3","4","7"
"BandarWho","3","4","7"
"bandddario","3","4","7"
"bandini12","4","3","7"
"Bangerang_Rufio","3","4","7"
"BangladeshSicilian","4","3","7"
"banjo26","4","3","7"
"BankerBeingGamerr","3","4","7"
"Bantalguling","3","4","7"
"baopk","3","4","7"
"barany","2","5","7"
"barbarosa97","3","4","7"
"BarBayBULL","3","4","7"
"Barbydos69","3","4","7"
"Barclamiu","4","3","7"
"BardAd","4","3","7"
"Bardownski12","3","4","7"
"barelife","4","3","7"
"barinovandrey","3","4","7"
"barisatka","4","3","7"
"Baritonov","3","4","7"
"Barneoff","4","3","7"
"barolde","4","3","7"
"Barreracarlos95","3","4","7"
"Barroso07","4","3","7"
"barrytheballer69","4","3","7"
"Bartokox","4","3","7"
"Bartus_Bence","4","3","7"
"barylior","4","3","7"
"Baselwh7","4","3","7"
"basem1991","3","4","7"
"Basem80","4","3","7"
"Bashir_06","3","4","7"
"basiljobin2015","5","2","7"
"Basilyassin80","3","4","7"
"bassdscho","5","2","7"
"bastibasti12","4","3","7"
"BastiPartizani","3","4","7"
"BAT141618","4","3","7"
"batalla2","3","4","7"
"batikbabu","4","3","7"
"batistellamateo6","3","4","7"
"Batman_17","5","2","7"
"BattleToads345","4","3","7"
"BatuhanSenocaklilar","4","3","7"
"Batyr777","3","4","7"
"BauerBishop","4","3","7"
"Baxter_jackson","3","4","7"
"Bayburtlubey","3","4","7"
"baylygulcar13","3","4","7"
"bballfan23","4","3","7"
"bbgun2","4","3","7"
"BBHATIA","4","3","7"
"Bblond","4","3","7"
"BBMazzo","5","2","7"
"bbrodersen","3","4","7"
"bbugrataskin","4","3","7"
"Bdbrown1","3","4","7"
"bdl18","5","2","7"
"bdonohue3","3","4","7"
"beachbabyshorts","4","3","7"
"beamson","3","4","7"
"beansbandit","2","5","7"
"beautifu1_boy","4","3","7"
"Beautiful_Disaster","3","4","7"
"beautygere","4","3","7"
"becauseravin","4","3","7"
"beeblebr0x","3","4","7"
"beepboop112","4","3","7"
"beerus009","2","5","7"
"befi123","3","4","7"
"Bege1903","3","4","7"
"begozgur84","4","3","7"
"Behnam_12","4","3","7"
"behnam0098","3","4","7"
"BehroozShojaeian","3","4","7"
"BEHW","3","4","7"
"bekimshala","3","4","7"
"beklane","3","4","7"
"Bela_11","3","4","7"
"belal_s","4","3","7"
"Belizarius","3","4","7"
"belka422","4","3","7"
"Bellisarius","4","3","7"
"Belokonev_Alexandr17","4","3","7"
"ben2116","3","4","7"
"benasker","4","3","7"
"BenceBirkas","4","3","7"
"BenediktE","3","4","7"
"bengi2002","3","4","7"
"BengtR","4","3","7"
"Benjaerrante","3","4","7"
"BenjaminLay","3","4","7"
"benjaminsun","3","4","7"
"BenLeeAnderson","2","5","7"
"BennyMorello","4","3","7"
"benranz20","3","4","7"
"BentengBuana-4","3","4","7"
"Benzilla11","3","4","7"
"BerBur","4","3","7"
"berkup","3","4","7"
"BerkYanarESAN","5","2","7"
"Berolino","4","3","7"
"berotti8","4","3","7"
"berryvandeven","4","3","7"
"bertuspals","3","4","7"
"bestever12345","4","3","7"
"Bestscientist2025","3","4","7"
"BetterChessHuman","5","2","7"
"BetterGaming1","3","4","7"
"bezpodPC","5","2","7"
"BF06","4","3","7"
"bhaktria","4","3","7"
"Bhandare-Ashish","3","4","7"
"Bhavik1000","4","3","7"
"BHELELOKULUNGA","4","3","7"
"Bhushann","4","3","7"
"BhzdMhd","4","3","7"
"Bibo_Wellness","5","2","7"
"bidroo","3","4","7"
"Bielsa12021","3","4","7"
"bienjugado","4","3","7"
"BierFred23","4","3","7"
"BigBen007","3","4","7"
"Bigblackpawn","4","3","7"
"bigchessy","5","2","7"
"bigfatbryce","4","3","7"
"BigMac31","3","4","7"
"BigParmaSean","4","3","7"
"BigRonBuckeye","4","3","7"
"BIGsheeesh","4","3","7"
"bihi3697","4","3","7"
"BilalK","4","3","7"
"BilboSkywalker","3","4","7"
"BilliKills","3","4","7"
"BIMC17","4","3","7"
"bineetkgaur","3","4","7"
"Binlok","5","2","7"
"BipolarZain1234","3","4","7"
"Bir_Yabanci","4","3","7"
"bircan450303","4","3","7"
"Biribiribanban","4","3","7"
"birka200","4","3","7"
"bishkul","4","3","7"
"BishopHorseman","4","3","7"
"BitcoinTrader","3","4","7"
"bits_atishay","3","4","7"
"bittrem","3","4","7"
"BizimaPaul","4","3","7"
"Bizniz_Bizniz","4","3","7"
"Bizonho","4","3","7"
"Bjam1","4","3","7"
"Bjodo","4","3","7"
"Blabaer","4","3","7"
"BLACK_SAMURAIX","3","4","7"
"BlackG0d","3","4","7"
"Blackheart77","4","3","7"
"BlackKnight999","4","3","7"
"BlackMamba29","4","3","7"
"BlackmonkeyLOL","4","3","7"
"blacks-king","4","3","7"
"BLACKY_BLA","4","3","7"
"blankdot","4","3","7"
"Blare","3","4","7"
"blaufuss","4","3","7"
"blayze9","3","4","7"
"bleesk","4","3","7"
"blerimrexhepi","4","3","7"
"Blessingd","4","3","7"
"Blicks","4","3","7"
"Blindspot23","4","3","7"
"blodstrupmoenjr","4","3","7"
"BloodKing","4","3","7"
"blue_fox_42","4","3","7"
"Blue-Line","4","3","7"
"Blueberry4","4","3","7"
"BlueMegaladon","3","4","7"
"BlueSoaron","3","4","7"
"blunderloads","3","4","7"
"BlunderMoloney","4","3","7"
"bmeglino","4","3","7"
"bminter","3","4","7"
"bnp9691","2","5","7"
"Bob_bobinsky","3","4","7"
"Bob-ssa","3","4","7"
"Bobbarooski","4","3","7"
"BOBbouj","4","3","7"
"Bobbyforever","5","2","7"
"Bobbyhat","4","3","7"
"Bobin13","3","4","7"
"bobina7","4","3","7"
"bobjeslol","3","4","7"
"BobStrateg","3","4","7"
"bobthehouse","2","5","7"
"bobur_zakirov","3","4","7"
"bodaaaa","5","2","7"
"bogacbjk","4","3","7"
"bogaty133","5","2","7"
"BoGdAnChIc228","3","4","7"
"BogdanJaneLebedGray","3","4","7"
"Bogdash1","4","3","7"
"BohemianR","3","4","7"
"bohlabu","3","4","7"
"BoinaVerd","3","4","7"
"boitier","4","3","7"
"Boitumelolefaphana","3","4","7"
"bolicruz360","3","4","7"
"bombakabadboy","3","4","7"
"Bomboclock15","3","4","7"
"bonbon200","4","3","7"
"bond55","3","4","7"
"bonf89","3","4","7"
"bontobangy91","4","3","7"
"boombomm12","4","3","7"
"BoomCool","4","3","7"
"Boondock","3","4","7"
"Boongoo123","3","4","7"
"booyathenoob","3","4","7"
"Boran0101","5","2","7"
"Borchess","3","4","7"
"BoredPlayingChess88","3","4","7"
"Boris_Spassky_TM","2","5","7"
"BorisPinchuk","3","4","7"
"BorisThePorridge","4","3","7"
"BORNTOFLY22","3","4","7"
"BORZHEV","3","4","7"
"bossbaby_2006","3","4","7"
"BoSsiNi2022","3","4","7"
"BostonMilz","4","3","7"
"botoniondoy","4","3","7"
"Boulrens-AlaEddine","3","4","7"
"boy_shiraz_iran_4270","3","4","7"
"Boy283","2","5","7"
"BoyBato","5","2","7"
"bozkurt08","3","4","7"
"br1an16","4","3","7"
"bradip","4","3","7"
"Bramma23","4","3","7"
"BrandonHG","4","3","7"
"BrandonMa","4","3","7"
"BrasilPandeiro","2","5","7"
"bravoavocado","4","3","7"
"brayandussan","4","3","7"
"braynt","3","4","7"
"BreatheEZ","4","3","7"
"BreBoss","3","4","7"
"bregoat","3","4","7"
"bremus","3","4","7"
"bresando","4","3","7"
"Brianjf2","4","3","7"
"Briberry","4","3","7"
"bridge061","3","4","7"
"brigoraoul","2","5","7"
"Brigt_arve","3","4","7"
"brkklc58","4","3","7"
"brko_o","3","4","7"
"BrodoB","4","3","7"
"BrohLord","3","4","7"
"brokencog","3","4","7"
"Brokenlinknews","3","4","7"
"BroMo99","3","4","7"
"BroPag","4","3","7"
"browndante47","4","3","7"
"Brownsfan003","4","3","7"
"Brownsvilleboy","4","3","7"
"brrrr612","3","4","7"
"brucelee11","3","4","7"
"Brujeria","5","2","7"
"BrunoHIriZumi","4","3","7"
"BRUNOIMPERADORX","4","3","7"
"BrunoIniciante","4","3","7"
"bsb65","4","3","7"
"bsg27","4","3","7"
"BSK_Bowa14","4","3","7"
"BTfacepunch9","3","4","7"
"btmtm12","3","4","7"
"buboyzkie","3","4","7"
"BUDdHAboy","4","3","7"
"budisan","4","3","7"
"buenavidacs","5","2","7"
"buenrubio","4","3","7"
"bufferovercat","4","3","7"
"buihoatpt2k3","2","5","7"
"Bulbulator_torha","3","4","7"
"bullOG","3","4","7"
"BumpyRide","4","3","7"
"Bunama","4","3","7"
"BunyaminY","3","4","7"
"BurakOzbas","3","4","7"
"burdur_15","5","2","7"
"burius","3","4","7"
"burnwood","4","3","7"
"Burtgummer","3","4","7"
"Busbar","3","4","7"
"Bush32","3","4","7"
"Bushidoman","4","3","7"
"BustopherJones","4","3","7"
"Butchanga","3","4","7"
"butelianaar","3","4","7"
"Buuuuuu","3","4","7"
"buxbaum","4","3","7"
"BuyvolovSasha","4","3","7"
"bv8","4","3","7"
"BW22","5","2","7"
"bwukim","4","3","7"
"bxxtycall","3","4","7"
"byatifull","3","4","7"
"bye2021","4","3","7"
"C_Graff1945","4","3","7"
"C-zar","4","3","7"
"C1515","4","3","7"
"C60815069ALVARO","5","2","7"
"C61462798THOMAS","4","3","7"
"ca1987","4","3","7"
"caba0924","4","3","7"
"Caballo_Cholenco","4","3","7"
"CaBanker","3","4","7"
"caesar8468","4","3","7"
"CAF004","4","3","7"
"Cafs5","3","4","7"
"Cagdasv2002","4","3","7"
"cagozd","3","4","7"
"CAHE4EK","4","3","7"
"Caio_jaguaretama10","3","4","7"
"CaioDias","3","4","7"
"Caisajh","3","4","7"
"Calcelmo033","5","2","7"
"Caleb_Steven","4","3","7"
"Calgarysnow","3","4","7"
"Calimocho11","4","3","7"
"calister13","4","3","7"
"CallMeCruel","3","4","7"
"CallMeR","3","4","7"
"CalvinB","3","4","7"
"CambaChess","3","4","7"
"camilonemesis","5","2","7"
"Canadageek","5","2","7"
"cancubuk","4","3","7"
"candid_76","4","3","7"
"caner57","3","4","7"
"canerdcan","4","3","7"
"canfatihcan","4","3","7"
"Cannonxx","3","4","7"
"canoderm","3","4","7"
"Cantwinemall","4","3","7"
"canzbazakbel","3","4","7"
"Cap_mahmoud","4","3","7"
"capabla","2","5","7"
"Capacete_Encantado","3","4","7"
"capafirov58","4","3","7"
"CAPAMEX","4","3","7"
"CapaVych","3","4","7"
"Capayuli","4","3","7"
"Capetrov","2","5","7"
"capilocio","4","3","7"
"CapitalCOLDD","3","4","7"
"Capo33","3","4","7"
"CaptainChechnya","3","4","7"
"CaptainHubton","3","4","7"
"CaptainTeddy","4","3","7"
"Car_11","4","3","7"
"Caraculi","3","4","7"
"CaraculPeluche23","3","4","7"
"Caramelll","3","4","7"
"caravaggioss","3","4","7"
"Carjav1933","5","2","7"
"carl95","3","4","7"
"Carletto666","3","4","7"
"Carlis17","3","4","7"
"CarloArmandoSagani","4","3","7"
"Carlomagnos33","4","3","7"
"CarlosDuranC","4","3","7"
"CarlosLedea","3","4","7"
"CARLOSSANDOVAL2024","3","4","7"
"Carlusmagsun","3","4","7"
"carolinatiple","3","4","7"
"Carsten78","4","3","7"
"CartagoNova","3","4","7"
"carturmon","4","3","7"
"cashper","5","2","7"
"CassiusClayton","2","5","7"
"Castle-Kolodochko-A","4","3","7"
"CastlingUrQueensSide","4","3","7"
"casualbryon","3","4","7"
"Cataj","3","4","7"
"Catankian","4","3","7"
"catatafish7000","4","3","7"
"catdudeidk","4","3","7"
"cate0H","4","3","7"
"catteg01","3","4","7"
"cavalier-sans-tete","3","4","7"
"cavalier78","3","4","7"
"cavalorock","4","3","7"
"Cave_caballum","4","3","7"
"CayoValerio","3","4","7"
"CB2023","3","4","7"
"cblnetid","4","3","7"
"cdfalmeida","2","5","7"
"cebollas66","4","3","7"
"CebRob","4","3","7"
"cedg71","4","3","7"
"Cedricbdr","3","4","7"
"CeeceeNg","4","3","7"
"CeeJay36","4","3","7"
"cekoatiniordan","3","4","7"
"Celantiy-74","4","3","7"
"Celebrezit","4","3","7"
"celikmirror","3","4","7"
"cellobro","4","3","7"
"Celupan","4","3","7"
"cemalizm","5","2","7"
"cemcanconnn","4","3","7"
"cemilnadir","5","2","7"
"Cempasha","3","4","7"
"Centellas_ardientes","3","4","7"
"cepeta","4","3","7"
"Cercioglu","3","4","7"
"cernjava","4","3","7"
"cesar22b","3","4","7"
"cesaraduarte","4","3","7"
"cesarin1012","5","2","7"
"CesarLima123","4","3","7"
"CesarSantos","4","3","7"
"Cescovich","3","4","7"
"CeyLND","4","3","7"
"cfdticom","3","4","7"
"cfraz","2","5","7"
"Chacho71","3","4","7"
"chadnusJarlsen","3","4","7"
"chakib2705","4","3","7"
"chal-bey","3","4","7"
"Chambonazo","3","4","7"
"champagne_chess","3","4","7"
"Chan02","3","4","7"
"chanchino","4","3","7"
"chandu123456","4","3","7"
"ChaoticLion","3","4","7"
"chaoticmonk","3","4","7"
"chapucerov","4","3","7"
"chaqqq","4","3","7"
"Charles-Sanson","3","4","7"
"Charlie_Firpo","3","4","7"
"charliee7","3","4","7"
"charliemrs","2","5","7"
"charlyelf","4","3","7"
"chart23","4","3","7"
"Chayanne16","3","4","7"
"Cheasslan","3","4","7"
"cheassplayr1","4","3","7"
"Check_Norris_123","4","3","7"
"CheckAlzi","4","3","7"
"checker_100","4","3","7"
"checkerchess","3","4","7"
"CheckMateKing64","4","3","7"
"CHECKmateMEETurFATE","4","3","7"
"checkplex","4","3","7"
"checov","4","3","7"
"CHEESFLUORESCENCE","5","2","7"
"ChefDance","3","4","7"
"Cheffiorentino","3","4","7"
"cheggy","4","3","7"
"cheinganso","3","4","7"
"Chejo_hemar","4","3","7"
"cher2899","3","4","7"
"CheRusel","3","4","7"
"Chess_duderino","5","2","7"
"chess_king181","2","5","7"
"Chess_kingmaster","3","4","7"
"Chess_PROcrastinator","4","3","7"
"Chess_Remi","3","4","7"
"Chess_Vladimir_Chess","3","4","7"
"Chess-1977","4","3","7"
"CHESS-GENIUS-TOUCH","3","4","7"
"CHESS-STING","3","4","7"
"Chess0220","3","4","7"
"Chess24seven","3","4","7"
"chess2613msyr","2","5","7"
"chess431","4","3","7"
"chess44days","4","3","7"
"chess492","5","2","7"
"chess9876","4","3","7"
"ChessACAL","4","3","7"
"ChessAggie21","4","3","7"
"chessamay","3","4","7"
"ChessBoy_08","3","4","7"
"Chessbuleet","4","3","7"
"chesscakefactory","2","5","7"
"ChessCastro","4","3","7"
"chessclub_pankaj23","4","3","7"
"ChessComWarrior","4","3","7"
"Chesser1492","4","3","7"
"chessevann","3","4","7"
"chessfire08","3","4","7"
"chessgenius-24","4","3","7"
"chessgodatthegame","4","3","7"
"chesshokage","4","3","7"
"chessing2020","4","3","7"
"chessinohio","4","3","7"
"ChessIsCheckers","3","4","7"
"chessismyhobby101","3","4","7"
"Chessitron","4","3","7"
"chesskingplayer1","4","3","7"
"chesslover3280","3","4","7"
"ChessMaster200902","3","4","7"
"chessmonger42","4","3","7"
"chessnchess01","3","4","7"
"chessnh","4","3","7"
"ChessNoir73","3","4","7"
"Chessnoob007002","3","4","7"
"chessnotcheckers100","4","3","7"
"Chessonas93","4","3","7"
"chessonmars","4","3","7"
"CHESSORT","3","4","7"
"chesspichodu","3","4","7"
"Chesspirito63","3","4","7"
"chessreub","3","4","7"
"chessstra","3","4","7"
"ChesstalismaN","4","3","7"
"Chesster_Cheeto","2","5","7"
"ChessTigerN","3","4","7"
"ChessVikingWALES","3","4","7"
"Chesswarrior31","3","4","7"
"ChesterChess_67","4","3","7"
"chetabbhsbs","3","4","7"
"Chev-Chev","2","5","7"
"Chevaliere4","4","3","7"
"chiaraarci","3","4","7"
"Chibre51","3","4","7"
"CHICHAOUI","2","5","7"
"chicis","4","3","7"
"Chico125","3","4","7"
"chicodagrota","4","3","7"
"chief_nica","4","3","7"
"Chief_Zebrudaya","3","4","7"
"Chiesa_Fan","3","4","7"
"chigawhy","3","4","7"
"childishgambit","4","3","7"
"chileshe93","3","4","7"
"Chillkroete77","3","4","7"
"chimse","4","3","7"
"China1981","3","4","7"
"Chintanjain_10","3","4","7"
"chiporslide","5","2","7"
"chirob","3","4","7"
"chizms_1234","3","4","7"
"chizzalr","3","4","7"
"chj27","3","4","7"
"chnellsmp","4","3","7"
"chorababy","3","4","7"
"choundeh","3","4","7"
"chraos_artic","4","3","7"
"chris_pawn","4","3","7"
"chris6969","3","4","7"
"ChrisDoggett","4","3","7"
"Chrisern","3","4","7"
"christian_17","4","3","7"
"Christian_Teoxon","3","4","7"
"ChristianGrubert","4","3","7"
"ChristianMirra","3","4","7"
"christiantalibi","3","4","7"
"ChristoD8014","4","3","7"
"ChristopherLewis","4","3","7"
"chrizzl17","3","4","7"
"Chrono00","3","4","7"
"chsb24","3","4","7"
"Chu-ma","4","3","7"
"chuaneee","4","3","7"
"chuchiaqp","3","4","7"
"Chuppala","5","2","7"
"Churka_s_mneniem","4","3","7"
"ChuuyaNakahara","3","4","7"
"Chuvaz","4","3","7"
"Chuy77","5","2","7"
"chymuelo","4","3","7"
"cicero1981","2","5","7"
"Cienkibolek123","4","3","7"
"cif1337","4","3","7"
"cigi234","2","5","7"
"Cileklikarpuz","3","4","7"
"CIM75","3","4","7"
"Cipriblanco","3","4","7"
"ciscoats","3","4","7"
"cj1henotori0us","2","5","7"
"cjohno10","4","3","7"
"cl0udy1","3","4","7"
"ClaSpa","4","3","7"
"classAvenger","4","3","7"
"classic_c0bra","3","4","7"
"ClassIcalBoy","4","3","7"
"claudioa","4","3","7"
"Claus_777","3","4","7"
"Clay62","3","4","7"
"Claynne","3","4","7"
"Clever_King","4","3","7"
"Cleverhero","4","3","7"
"cleyson-soares","2","5","7"
"ClockMap","4","3","7"
"clos31","3","4","7"
"Cloud_of_miracles","3","4","7"
"CloudSolutionKing","3","4","7"
"Club_kitten","4","3","7"
"Cmarsha","3","4","7"
"Cmendoza_2006_Baguio","3","4","7"
"CMorine","4","3","7"
"cnapun","3","4","7"
"cnmtl1983","2","5","7"
"cnyt42","4","3","7"
"Coach_eder0305","3","4","7"
"cocco30","4","3","7"
"coder123456789","4","3","7"
"Coelholov","3","4","7"
"coivu","2","5","7"
"colakmali","2","5","7"
"coldaseiss","4","3","7"
"Coliner","4","3","7"
"colinswife_101","3","4","7"
"colmor","3","4","7"
"Colo15","3","4","7"
"Color19","3","4","7"
"Colossum","4","3","7"
"Colossus8989","4","3","7"
"coltknight","5","2","7"
"comet88","3","4","7"
"Comezoyuncu","4","3","7"
"ComfySofa","4","3","7"
"Concept-18","3","4","7"
"concept16","3","4","7"
"Concho_Primo","4","3","7"
"concice","3","4","7"
"condemorg","3","4","7"
"Conflip","3","4","7"
"Conmaker1781","5","2","7"
"Connorthestar","3","4","7"
"Conqueror201804","3","4","7"
"Conqueror234","3","4","7"
"Conspiracy01","4","3","7"
"Constantinches","3","4","7"
"Constantine0","4","3","7"
"coobaschnooba","3","4","7"
"cookeee","4","3","7"
"Cookie_149","3","4","7"
"coolbeansXD","3","4","7"
"CoolMasterX","3","4","7"
"Corereactor","3","4","7"
"Corolo","4","3","7"
"CoronationJr","3","4","7"
"Corre_Caminos","3","4","7"
"CorrinF","3","4","7"
"costyodyn","4","3","7"
"CountXero","3","4","7"
"Coup_de_Grace","3","4","7"
"couragee","3","4","7"
"COVID19_GM","3","4","7"
"covkelaa","3","4","7"
"CowboyIsHere","3","4","7"
"Coxmon70","4","3","7"
"Cpt_pearce","3","4","7"
"Cr4ckedChess","3","4","7"
"Cr7fanatic","4","3","7"
"crac81","2","5","7"
"crackwiz","3","4","7"
"crardawgs","4","3","7"
"craveblob","3","4","7"
"CRAYZYESS","3","4","7"
"crazy-bishop","4","3","7"
"CrazySalo","4","3","7"
"crazystriker","3","4","7"
"CreativePlayer007","4","3","7"
"creekerWV","3","4","7"
"creepy-mouses","3","4","7"
"Crepston","4","3","7"
"cris0213","3","4","7"
"cristofercordoba","3","4","7"
"CRM5394","4","3","7"
"CROkodil","4","3","7"
"Croo","4","3","7"
"crossbreed","3","4","7"
"Crouch19","3","4","7"
"CrypticLORd","3","4","7"
"cs-xcaliber","3","4","7"
"cshl","4","3","7"
"csikel","3","4","7"
"csteinforth","3","4","7"
"ct_red","4","3","7"
"Cturner711","2","5","7"
"Cuba8112","4","3","7"
"Cube13","4","3","7"
"cuberyuan","4","3","7"
"Cucumuch","3","4","7"
"cuentadeprueba11","5","2","7"
"Cumbicus","3","4","7"
"Cunninggrinder","2","5","7"
"cupcakke","4","3","7"
"Curly85","3","4","7"
"Curtisu","4","3","7"
"cutlass_supreme","3","4","7"
"cuvuitinh","2","5","7"
"CuxTown","4","3","7"
"cwan22","4","3","7"
"Cyprus_Salt","4","3","7"
"cyssis","4","3","7"
"cyyfyy","5","2","7"
"czarnyrobert23","5","2","7"
"czczchess","4","3","7"
"D_brito1","4","3","7"
"D-Chess-_-02","3","4","7"
"D-Granados","3","4","7"
"D-man007","3","4","7"
"D10095","4","3","7"
"D2D4C2C4","3","4","7"
"D3174051","4","3","7"
"D4rk_Clemounet_du_95","3","4","7"
"Dabkain","3","4","7"
"Dacia","3","4","7"
"Dacrio","4","3","7"
"Dadas04","4","3","7"
"DaddyEmperor","4","3","7"
"DaDu_DiDa-OP","3","4","7"
"DagSPett","3","4","7"
"dahoff","3","4","7"
"DaiwikJain","2","5","7"
"DaKraymer","3","4","7"
"DAKSHMARKAN","4","3","7"
"daliel","3","4","7"
"DAlmAp","3","4","7"
"Damir-oz","3","4","7"
"Damirio","3","4","7"
"Dan_Ikk","4","3","7"
"Dana-Vernon","5","2","7"
"dani7z","4","3","7"
"daniand","3","4","7"
"daniel_mrdkvch","4","3","7"
"daniel_zeman","3","4","7"
"Daniel-07","3","4","7"
"danielcast","3","4","7"
"danieldelyon","4","3","7"
"Daniele987202","5","2","7"
"Danielieom11","4","3","7"
"DanielOT92","3","4","7"
"danielring","3","4","7"
"DanielSanchezPaez","4","3","7"
"daniew01","5","2","7"
"Daniil_Mikhailov","3","4","7"
"Daniil2119","4","3","7"
"Daniil2603","2","5","7"
"daniil77711","4","3","7"
"daniilparshin1234","4","3","7"
"danikoshvili","4","3","7"
"danilarsen81","3","4","7"
"DaniloVasconez","3","4","7"
"danilz","3","4","7"
"daniodio","5","2","7"
"Daniyar020690","3","4","7"
"DannggerousDave","3","4","7"
"dannnka","4","3","7"
"DannyEishgamel","4","3","7"
"dannyibrooklyn","3","4","7"
"Danpower","4","3","7"
"Dantist111","3","4","7"
"DanyaKR","4","3","7"
"Dao713","3","4","7"
"daraco","4","3","7"
"darafify","3","4","7"
"dare_il_gambetto1","3","4","7"
"Daria7","3","4","7"
"DarioH","4","3","7"
"dark_druidical","4","3","7"
"dark_joker_2002","4","3","7"
"Dark4458","3","4","7"
"darkbright","2","5","7"
"DarkEnkaiEntei","4","3","7"
"Darkgeass","3","4","7"
"DarkKnight1095","3","4","7"
"darklegend2017","4","3","7"
"darkNatres06","3","4","7"
"DarkrayFab","4","3","7"
"darlan-zacheu","4","3","7"
"Darlington10","4","3","7"
"DarpanBagret","3","4","7"
"darrenmount07","3","4","7"
"Darsheel_Chess55","4","3","7"
"Darth_Pickle","5","2","7"
"Darth-Nawy","4","3","7"
"DarthPanno","4","3","7"
"DASHER182","5","2","7"
"DashikChess","3","4","7"
"daudzaidi","3","4","7"
"daur2004","4","3","7"
"Dav447m","3","4","7"
"DAVETCC_2022","4","3","7"
"David940203","4","3","7"
"DavidChamp90","4","3","7"
"Davidcin300","4","3","7"
"Davide170406","3","4","7"
"Davidemastro","3","4","7"
"davidepapo07","4","3","7"
"Davidgerges","3","4","7"
"Davidpinto14","3","4","7"
"davidpullinger","4","3","7"
"davidsar73","4","3","7"
"davidvoc","3","4","7"
"davisrey","4","3","7"
"davperu7","3","4","7"
"DawidWieczorek","3","4","7"
"DAYOMAAB","4","3","7"
"dbazil8686","4","3","7"
"dbsdmlgus50","4","3","7"
"dccollings","3","4","7"
"DCM77","4","3","7"
"dcordova87","3","4","7"
"dcsoni","4","3","7"
"ddd777888","3","4","7"
"dddrrr","3","4","7"
"de-99","3","4","7"
"de7os","4","3","7"
"Death-or-Glory","4","3","7"
"Deathmunky","3","4","7"
"Deathpeaks","4","3","7"
"deathrune","3","4","7"
"Debajyoti46","5","2","7"
"Deban-jan_777","4","3","7"
"Debargha09","3","4","7"
"DecisionCurve","4","3","7"
"Deckard81","3","4","7"
"deehog20","3","4","7"
"deepak_arul","4","3","7"
"deepilot","4","3","7"
"Deepmala_22410014","4","3","7"
"deepsmile","3","4","7"
"deeptak","4","3","7"
"DeepVision77","4","3","7"
"DefiniteYellow","4","3","7"
"deflor1d","3","4","7"
"degage","2","5","7"
"Degraft","4","3","7"
"dehghanpour","4","3","7"
"DEIMERSON","4","3","7"
"Deimerteguamunar","4","3","7"
"DeltaShtrih","5","2","7"
"deltayeisson","4","3","7"
"Demenzar","4","3","7"
"demerich","3","4","7"
"Demers","4","3","7"
"Demetrios","3","4","7"
"demirbek","4","3","7"
"Demirhan_2004","4","3","7"
"Demiurgo666","3","4","7"
"DemoDed","3","4","7"
"demon292823a","4","3","7"
"demsham","3","4","7"
"demtutor","3","4","7"
"den_shastin","4","3","7"
"den3366","4","3","7"
"denanL","3","4","7"
"dEnchanter","4","3","7"
"dendav","3","4","7"
"Denear","3","4","7"
"Deneb_Gaitan84","3","4","7"
"Denis_Ponomarev","3","4","7"
"Denis_ttp","3","4","7"
"denisgov","4","3","7"
"denisk77","3","4","7"
"DenisMS","2","5","7"
"deniztusuba31","3","4","7"
"denizyn","3","4","7"
"denizzzzzzzzzzzzzzzz","3","4","7"
"DenRussia1993","3","4","7"
"Denshark","2","5","7"
"denverido","2","5","7"
"Der_Ronny","4","3","7"
"derdaniel84","5","2","7"
"derder56","4","3","7"
"DerekereD2","5","2","7"
"DERG_CHESS","3","4","7"
"DerGrueneGnom","4","3","7"
"DerKaul","3","4","7"
"derlette","4","3","7"
"derornine","4","3","7"
"derPaul-andr","3","4","7"
"DerWalter","4","3","7"
"Desbrava","4","3","7"
"DesertEaglePMP","3","4","7"
"DesertedData","3","4","7"
"desio555","4","3","7"
"despistat","4","3","7"
"Destroyer_Yeti","3","4","7"
"Destroyer-2l","3","4","7"
"detective2022","5","2","7"
"DetectivePig","3","4","7"
"DetlefSama","3","4","7"
"deutwanger","3","4","7"
"devanshmalviya","3","4","7"
"DEVASTOUDY","4","3","7"
"Devvrat146","3","4","7"
"dfr07","4","3","7"
"dgkn22","4","3","7"
"DGML","3","4","7"
"Dhairya16","3","4","7"
"DhruthiR","3","4","7"
"Diaaelsayed","3","4","7"
"DiabetusTrain","4","3","7"
"Diadochi","4","3","7"
"diadtap","3","4","7"
"dialhv_21","4","3","7"
"diamondpeasant","5","2","7"
"DICEAR","3","4","7"
"Didarchal","4","3","7"
"Didi67","4","3","7"
"diego_77","4","3","7"
"Diego_GarciaH","3","4","7"
"Diego-Luke","3","4","7"
"diegobarth","4","3","7"
"diegodelallata","4","3","7"
"DiegoG69","4","3","7"
"diegor2000","3","4","7"
"Dieguito123456","3","4","7"
"Dielissen","2","5","7"
"diequeenistdiedame","4","3","7"
"diesdas","3","4","7"
"Dietrich01","4","3","7"
"dieunexistepas","6","1","7"
"difunkyfunny","4","3","7"
"digitalmatman","3","4","7"
"Diiieferson","3","4","7"
"Dikons","3","4","7"
"DILBAZ","4","3","7"
"DillHaus111","4","3","7"
"Dima_Sanatko","3","4","7"
"Dima-Kazimov","4","3","7"
"Dima8507","4","3","7"
"dimaian2800","3","4","7"
"Dimasik_01","4","3","7"
"DimateooetamiD","4","3","7"
"DimChessOban","4","3","7"
"dimdim53","5","2","7"
"Dimetrio258","2","5","7"
"DIMITRIS7","4","3","7"
"Dimitriskranias","4","3","7"
"DimitriX0012","4","3","7"
"dimodica","3","4","7"
"dimosts","4","3","7"
"dingdongpongkong","4","3","7"
"Dinkson","3","4","7"
"diogenes1980","3","4","7"
"Dioksin","3","4","7"
"DionysiosStylidis","2","5","7"
"Diplomabye","4","3","7"
"dirDIRector","5","2","7"
"Director_Tima","4","3","7"
"DirtyAdvances","3","4","7"
"Divine1442","3","4","7"
"DIYAKUDDIN","5","2","7"
"dj_kid","4","3","7"
"dj4k","3","4","7"
"djanshu","3","4","7"
"Djebah","4","3","7"
"djolehehe","2","5","7"
"djosafat","3","4","7"
"djrozkop","3","4","7"
"djsquared","4","3","7"
"DKalashnikov","3","4","7"
"DKchess1","4","3","7"
"dlamas","4","3","7"
"dlen","4","3","7"
"dmargu","3","4","7"
"Dmcavity","4","3","7"
"Dmcgregor","3","4","7"
"DMchessMaster","4","3","7"
"Dmitri_Simakin","4","3","7"
"Dmitriy38Merk","4","3","7"
"DmitriyGrigorev","4","3","7"
"Dmitriyof","4","3","7"
"DmitroChigrinskiy","4","3","7"
"Dmitry2104","3","4","7"
"dmorafz","4","3","7"
"dnlb1","4","3","7"
"Dobbiegrad","3","4","7"
"DobriyUndead","4","3","7"
"doc_brown33","4","3","7"
"DocGMA","4","3","7"
"dochedi","4","3","7"
"doches","3","4","7"
"DocHornet","3","4","7"
"docHouse1983gmailcom","3","4","7"
"Dockv","3","4","7"
"DocPop","4","3","7"
"Doctor_2018","3","4","7"
"Doctor-jimmy","4","3","7"
"doctorj96","4","3","7"
"doctormartin68","3","4","7"
"DODGE-THIS","4","3","7"
"Dokinchan","4","3","7"
"Dolbano","3","4","7"
"dolg_maga006","4","3","7"
"dolphinman8","5","2","7"
"dolpogwapo123","4","3","7"
"dom1977","4","3","7"
"don-kihot1","3","4","7"
"doncg","4","3","7"
"donkolDCity","4","3","7"
"DONOMARS","3","4","7"
"Dontmaster","4","3","7"
"DontworryIwill","3","4","7"
"donvenc","4","3","7"
"doodlestoo","4","3","7"
"Dooohm1323","3","4","7"
"dopamineMD","4","3","7"
"dorhaika","4","3","7"
"Dorianchess","3","4","7"
"DorianH89","4","3","7"
"DosIk78","4","3","7"
"doter_qwerty","4","3","7"
"doubleb13","3","4","7"
"doug_oliver90","3","4","7"
"doughle","3","4","7"
"Dowjo","4","3","7"
"DownToMate","3","4","7"
"dpalominob","3","4","7"
"DPod","3","4","7"
"Dqrren","3","4","7"
"Dr_A_Karamvand","4","3","7"
"dr_don","3","4","7"
"Dr_Hammer","3","4","7"
"DR_mantistoboggan_MD","2","5","7"
"Dr_marzou","3","4","7"
"Dr_royal","4","3","7"
"Dr-SAM2009","3","4","7"
"Dr0gr3","3","4","7"
"Drache2004","5","2","7"
"Drachenfestung","4","3","7"
"DraconianSunray","3","4","7"
"Drago_06","3","4","7"
"dragon_mayor","5","2","7"
"DrAgoNFrUItiSHeALThY","4","3","7"
"DragonKnowsAll","3","4","7"
"Dragonlordtan","4","3","7"
"DRAGONNEGRO_69","4","3","7"
"Dragonorf","4","3","7"
"dragonpc","3","4","7"
"Drainan","4","3","7"
"drakethatsme","2","5","7"
"Dralius","4","3","7"
"Dram04","4","3","7"
"DrAntonius1","3","4","7"
"Dratek","3","4","7"
"Draven1975","3","4","7"
"DrazanG","3","4","7"
"DrB88","4","3","7"
"DrCurrent","2","5","7"
"DreamstateLogic","5","2","7"
"dreomeon","4","3","7"
"DrewMatt","2","5","7"
"DrFronkostin","3","4","7"
"DrJELee","4","3","7"
"DrKrakhead","3","4","7"
"drkris4u","3","4","7"
"drmanikp","3","4","7"
"DRob77","4","3","7"
"Drogon04","4","3","7"
"droktay1980","4","3","7"
"Dropteam","4","3","7"
"drrrats1ng","3","4","7"
"DrSidd777","4","3","7"
"Drunken-chess","4","3","7"
"Drunkenness","3","4","7"
"drunkeynesian","2","5","7"
"DrusD","3","4","7"
"dsbailey","3","4","7"
"dsvk","4","3","7"
"dubov-alex94","3","4","7"
"ducharl","2","5","7"
"duckking24","3","4","7"
"DudasCaiman","3","4","7"
"Duesendave","3","4","7"
"Dugand13","3","4","7"
"DugguVan","4","3","7"
"DuhNuh","3","4","7"
"duke2000","3","4","7"
"dukesilver_1","3","4","7"
"DulanSL","4","3","7"
"dumbbunny02","4","3","7"
"dumdumplum","5","2","7"
"dumes","4","3","7"
"Dumpen","3","4","7"
"dumuzeyn","3","4","7"
"duncan_uk_1993","3","4","7"
"DuncanluckMario","2","5","7"
"Duniam","3","4","7"
"dUnknown","3","4","7"
"DuongTrinhThai01","3","4","7"
"DuploA","3","4","7"
"durceylan","4","3","7"
"dusseldorfer","4","3","7"
"dustinlj3","4","3","7"
"dutperes","4","3","7"
"duYokai","4","3","7"
"dwadh","3","4","7"
"Dwarg","4","3","7"
"Dybdal","3","4","7"
"dynamic27","5","2","7"
"DYNECROS","3","4","7"
"Dyrim","4","3","7"
"Dystopia921","4","3","7"
"Dzindzoo","4","3","7"
"dziunek07","4","3","7"
"e_edwards","4","3","7"
"E4knf3","3","4","7"
"e5press0","2","5","7"
"Eagle335577","4","3","7"
"eaglefreeman","3","4","7"
"eaglegirl","4","3","7"
"eaglemk","4","3","7"
"eamon999","4","3","7"
"earthoutpost4","3","4","7"
"Eashan1106","4","3","7"
"eastbayg","3","4","7"
"ebb2021","3","4","7"
"ebbska","4","3","7"
"Ebikehunter","3","4","7"
"Eblon","3","4","7"
"ebrabadeeb","3","4","7"
"ebrahimm125","3","4","7"
"ebramj","4","3","7"
"ebuvsexxx","3","4","7"
"ecahuao","2","5","7"
"EccentricGhost","4","3","7"
"ecdd","2","5","7"
"ecgite","3","4","7"
"ecosit","4","3","7"
"eddie76","5","2","7"
"Edex369","3","4","7"
"edgar12070","4","3","7"
"edgarmsk","4","3","7"
"EdgarsE","4","3","7"
"edge1989","4","3","7"
"edinson05","3","4","7"
"EDISONRECALDE","4","3","7"
"edri83","3","4","7"
"edRIP","3","4","7"
"Edsaw","4","3","7"
"EDSON147852","4","3","7"
"EdsonFaustino","3","4","7"
"Eduardo87","4","3","7"
"eduardomiguel","3","4","7"
"Edwin3012","4","3","7"
"EdwinRiojas_UDEP","4","3","7"
"eemirst","4","3","7"
"efeerdemd","3","4","7"
"Effemberg","2","5","7"
"effIcc","3","4","7"
"Efkoo","3","4","7"
"Efreti86","5","2","7"
"efsanepolat2","3","4","7"
"efuzu","4","3","7"
"efuzy","4","3","7"
"Efyx","3","4","7"
"Ege-15","3","4","7"
"ege-ercihan","4","3","7"
"egeakyol1283","4","3","7"
"Egemen0404","4","3","7"
"eggroll92","3","4","7"
"ehijenny","3","4","7"
"ehsup","3","4","7"
"Eidohntlaiktschess","4","3","7"
"EinKaffeeBitte","3","4","7"
"EinZweiLand","3","4","7"
"eipa","3","4","7"
"Eisa-zarezadeh","4","3","7"
"Ekarimi2","3","4","7"
"EkouDavid","4","3","7"
"eksteroog","2","5","7"
"El_bigote_asesino","3","4","7"
"el_juany","3","4","7"
"El_Loro","4","3","7"
"el_Rapha","4","3","7"
"elakg","4","3","7"
"ElArkeologo","4","3","7"
"Elavin_58","4","3","7"
"elazarbakal","3","4","7"
"Elcapo87","4","3","7"
"eldargunner","2","5","7"
"ELdotdash","4","3","7"
"Electroplayer95","3","4","7"
"electrosha","4","3","7"
"elegantauthor","3","4","7"
"eleirbag83","3","4","7"
"Elfenpopo","4","3","7"
"Elfiri","3","4","7"
"ElGalo","3","4","7"
"elgarzon","2","5","7"
"Elgendy_777","4","3","7"
"elgenioloko","4","3","7"
"Elgranate1243","3","4","7"
"elguapo300","3","4","7"
"elif789","4","3","7"
"Elik333","3","4","7"
"eliosDarak","4","3","7"
"elirus08","4","3","7"
"ellateama300","5","2","7"
"Elliott810","4","3","7"
"Elll_Moscow","3","4","7"
"ellnada","3","4","7"
"Ellyts","2","5","7"
"Elmaquea","4","3","7"
"ElNovioDeNatalia","3","4","7"
"Elo_Turk","3","4","7"
"Elody","4","3","7"
"Elonvale","3","4","7"
"eloulou","4","3","7"
"elowegreen","4","3","7"
"ElPajaroViejoEse","4","3","7"
"elreyganador","3","4","7"
"ElSergo2","3","4","7"
"elshadmehdi","4","3","7"
"Eltacuachess","4","3","7"
"eltauro","4","3","7"
"eltigrediego","4","3","7"
"eltinob","4","3","7"
"eltonkanani","3","4","7"
"eltorun","4","3","7"
"Elviscarp","3","4","7"
"elvisjames","3","4","7"
"elyahu_de","4","3","7"
"Em_Oji","4","3","7"
"Emanuel_Lasker68","4","3","7"
"Emerpack","3","4","7"
"Emerson2016","3","4","7"
"Emicy963","4","3","7"
"EmilianoM","3","4","7"
"eminbjj","4","3","7"
"emingench","3","4","7"
"emirefegokdag","4","3","7"
"emirhaannnnnnn","3","4","7"
"EmirovEmin1987","2","5","7"
"Emma2003","3","4","7"
"Emmazv","3","4","7"
"emn_dman","5","2","7"
"EmrahDasdemir","3","4","7"
"EmrahOrucov","4","3","7"
"Emre_Erol","3","4","7"
"Emre262626","3","4","7"
"Emrecevo2322","3","4","7"
"emrekirbak","4","3","7"
"emrergul","4","3","7"
"emriscola","3","4","7"
"EnCroisssant69","4","3","7"
"endodontics","3","4","7"
"EndOfAbyss","3","4","7"
"endri12","3","4","7"
"Endrju84W","2","5","7"
"enemyrific","4","3","7"
"enesyazici","3","4","7"
"enfal_22","4","3","7"
"enginko61","4","3","7"
"EnLaMenteDeJuan","4","3","7"
"enocorajovac","4","3","7"
"enok3","4","3","7"
"Enoli99","3","4","7"
"Enrique0508","3","4","7"
"EnriqueJ","4","3","7"
"Ensar1919","3","4","7"
"EnsarErman","3","4","7"
"Entai","3","4","7"
"EntityJonathan","4","3","7"
"entiu","3","4","7"
"ENTPCZ","3","4","7"
"Enzef","2","5","7"
"enzorogatto","2","5","7"
"EosCorp","3","4","7"
"epic3000","4","3","7"
"Epilex","3","4","7"
"EQUINOXXS","2","5","7"
"erchandan","4","3","7"
"ERDEM502","4","3","7"
"erekeopel","3","4","7"
"erencasper11","4","3","7"
"erenh11","4","3","7"
"Erenyeger2009","2","5","7"
"ErfanEsmaeili1","4","3","7"
"ergiska","4","3","7"
"eri_kbpl","4","3","7"
"eric_estrada","4","3","7"
"EricDovigi","3","4","7"
"ericl197","4","3","7"
"Erik7182","3","4","7"
"ErikDavidsson","3","4","7"
"erkal77","3","4","7"
"Erljoess","4","3","7"
"Ermattet","3","4","7"
"ernestoca25","4","3","7"
"Ernestoo99","4","3","7"
"eRolandiNieto","3","4","7"
"eroninsergey1","2","5","7"
"errray","4","3","7"
"ErtoDayi","4","3","7"
"ervo19","3","4","7"
"Erwin-schrodinger","3","4","7"
"esatb","3","4","7"
"esesKUPCUHAMZA26","4","3","7"
"Eskracht","4","3","7"
"EslamEltanany","4","3","7"
"esnbyds","3","4","7"
"Esparza_Cristian","3","4","7"
"est8","4","3","7"
"EstebanVII","4","3","7"
"ETC_2_Mukhamedin","2","5","7"
"EternalGambit","4","3","7"
"Eth4n8a","4","3","7"
"Ethan_B_Believin","3","4","7"
"EthanJMyers","4","3","7"
"ettertraktet","1","6","7"
"EusebiGuell","3","4","7"
"Ev_sel","3","4","7"
"evander19","3","4","7"
"EvanLuvVodka","4","3","7"
"EvanPickett","3","4","7"
"evelinuxx","4","3","7"
"Evenson2021","3","4","7"
"evenumber","3","4","7"
"everyonesucksbutme","3","4","7"
"Evg_Lemchuzhnikov","4","3","7"
"EVOLUCTION","4","3","7"
"evolvingkid1","4","3","7"
"evt_radalya","3","4","7"
"ewgeny911","4","3","7"
"examinator","4","3","7"
"Excombatente","4","3","7"
"exevi","4","3","7"
"exiguum","4","3","7"
"exman_10","4","3","7"
"EXPERT_YOLO","3","4","7"
"explosionbrainchess","2","5","7"
"Extas","3","4","7"
"extremove","4","3","7"
"EYAHALIGG","4","3","7"
"Eydreeuhn","3","4","7"
"eza2030","4","3","7"
"Ezenkdank","3","4","7"
"F-_-aladdin","4","3","7"
"F1rstEnrollee","3","4","7"
"f1teel","2","5","7"
"fab-67","3","4","7"
"FabianoXF","3","4","7"
"fabianticona","3","4","7"
"Fabianturilli","3","4","7"
"FABINBBM25","3","4","7"
"fabioannies","3","4","7"
"faceless88","4","3","7"
"facuajp","3","4","7"
"FacundoGerona","4","3","7"
"fadiWORLD1","5","2","7"
"fady_maher","4","3","7"
"FaezzMorsalim","3","4","7"
"fahadamin2004","5","2","7"
"fahimmd","3","4","7"
"fahrkamal","4","3","7"
"FailedViolin","3","4","7"
"Failmanager","4","3","7"
"Faizzzzz123","4","3","7"
"FakeTree","4","3","7"
"FalconXJW","4","3","7"
"falldown2222","3","4","7"
"Falso27","3","4","7"
"familychess1","3","4","7"
"Fanaskov_Vyacheslav","3","4","7"
"Fanis217","3","4","7"
"Fantasma94","4","3","7"
"Fantazior","5","2","7"
"Fantocio1","3","4","7"
"farajdalir2022","3","4","7"
"faras_el_nahr","3","4","7"
"Farhanmin3bwi","3","4","7"
"Farhood_fathi","3","4","7"
"faridabudar","4","3","7"
"faridbehroouz","3","4","7"
"Farzamek","4","3","7"
"Fashido","4","3","7"
"Fastankle","3","4","7"
"Fastest_cat","3","4","7"
"fastmike","3","4","7"
"fastZachi","3","4","7"
"Fatbear112","4","3","7"
"fatemegorji85","4","3","7"
"FatherarsD","4","3","7"
"Faust0503118855","3","4","7"
"fausto_diego","4","3","7"
"fausto14","3","4","7"
"FaustoSoaresJunior","4","3","7"
"fauxpaux","4","3","7"
"FavreRodgers12","3","4","7"
"fbarann","3","4","7"
"fbarcasnegras","2","5","7"
"fcolodro","3","4","7"
"Feanor2006","4","3","7"
"feda788","4","3","7"
"fedepg10","4","3","7"
"Federal86","4","3","7"
"FedorN","4","3","7"
"FedorRobin","3","4","7"
"fedotkinzenaww","3","4","7"
"feedmatthew","3","4","7"
"feeling_pr0","3","4","7"
"feelingit66","3","4","7"
"feleforlecas","3","4","7"
"Felilinares","4","3","7"
"Felipao132","4","3","7"
"felipe_flota","4","3","7"
"felipe76","4","3","7"
"feliperochaa","4","3","7"
"felipesilvadv","4","3","7"
"felixgmca","2","5","7"
"felixnagy1","4","3","7"
"Fellah_mohamed_2020","3","4","7"
"felogna","4","3","7"
"FEN59","4","3","7"
"FenixMaxi","2","5","7"
"fer111","3","4","7"
"fer21cornejo","4","3","7"
"ferargentina","4","3","7"
"fercar","3","4","7"
"ferdelmo","3","4","7"
"Fermin-Ajedrez","4","3","7"
"Fermx95","3","4","7"
"fernandoarnaldi","3","4","7"
"ferquies","3","4","7"
"FEZIM","4","3","7"
"Fibonacci1996","3","4","7"
"fide_arbitr","3","4","7"
"fiff1aren","3","4","7"
"fil_flo","2","5","7"
"Filgueira_Cortegoso","4","3","7"
"Filip_23","4","3","7"
"filipovic31","3","4","7"
"Filippo1999","3","4","7"
"filippovalex","4","3","7"
"FilosofoRey","5","2","7"
"Finndolin","4","3","7"
"firas4","4","3","7"
"FiratC","4","3","7"
"firatt23","4","3","7"
"Fire_Fight","3","4","7"
"firewalker","4","3","7"
"fireyshyguy","4","3","7"
"firmooooo","4","3","7"
"Fischerandchips2012","3","4","7"
"Fisecfel","4","3","7"
"fisher1985","4","3","7"
"Fispok","4","3","7"
"fjfeuelkfbj","5","2","7"
"fktlr","4","3","7"
"Fl4fy","3","4","7"
"flacometal","4","3","7"
"flame070","3","4","7"
"FlavioCostaBalod","2","5","7"
"Fletschersteinchen","3","4","7"
"flickman","3","4","7"
"flllf","4","3","7"
"flo_tuefos","4","3","7"
"FlohScholz","4","3","7"
"flomr19","3","4","7"
"fluehlingslolle","3","4","7"
"FlyCat","4","3","7"
"fmdp93","3","4","7"
"fmukhtarov","4","3","7"
"FogellL","4","3","7"
"fokkerdank","3","4","7"
"folieadeuks","5","2","7"
"fonti99","4","3","7"
"footnem","3","4","7"
"Fordtransit","3","4","7"
"ForeverYong19921602","4","3","7"
"ForokiSslenin","4","3","7"
"FoxChessCoach","4","3","7"
"FoxTheDude","4","3","7"
"franbogaz","3","4","7"
"Francesco_Vella","4","3","7"
"Francescodima","3","4","7"
"FrancisChess07","4","3","7"
"franck-b","4","3","7"
"Franco_GO","4","3","7"
"Franco_SM","5","2","7"
"franco36","3","4","7"
"Francoisparov","3","4","7"
"FrancoMateo20","4","3","7"
"FRANK-M","4","3","7"
"frankja","2","5","7"
"Franklin-rs","3","4","7"
"Frankstine23","4","3","7"
"FrankUbillus","4","3","7"
"Franvenlou","4","3","7"
"Frar9019","4","3","7"
"frat16","4","3","7"
"frayfar","3","4","7"
"fredbouche","5","2","7"
"Frederick08","3","4","7"
"FredGomech","3","4","7"
"FredrikTiger","4","3","7"
"free_eagle23","4","3","7"
"freebet","4","3","7"
"Fremychezz","4","3","7"
"Freshers","4","3","7"
"FrietvanPiet","3","4","7"
"Frine97","4","3","7"
"frinxor","2","5","7"
"Fritta","3","4","7"
"fritz_blitz","3","4","7"
"frodjaN","4","3","7"
"frogsrgreat","3","4","7"
"fromage2077","3","4","7"
"frrm87","4","3","7"
"frynistbadinpingpong","4","3","7"
"FSSC","3","4","7"
"ftyuhcf","4","3","7"
"Fuad788","4","3","7"
"Fuchuer","2","5","7"
"fullhive","3","4","7"
"FullUmom","4","3","7"
"Fultonparkprince","3","4","7"
"FunnySapien","3","4","7"
"furkan262626","3","4","7"
"furkan643","4","3","7"
"furkvnkurtulus14","4","3","7"
"furnieee","3","4","7"
"Furyxxx","3","4","7"
"fustigador","3","4","7"
"Futility76","3","4","7"
"FutureBillionaire95","4","3","7"
"futuremasterko","3","4","7"
"g_pang","5","2","7"
"G1nox","3","4","7"
"G4brj","3","4","7"
"G915","5","2","7"
"Gabaryn","3","4","7"
"Gabomessi","3","4","7"
"gabri1907","5","2","7"
"gabriel112244","4","3","7"
"Gabriel1701","2","5","7"
"gabriel4LAROUSSE","4","3","7"
"GabrielBn00","4","3","7"
"Gabrielmgc","4","3","7"
"GabrielPerezPerez","4","3","7"
"gacavara","3","4","7"
"Gaetan777","3","4","7"
"GaffarDulkadir","4","3","7"
"Gagoko","3","4","7"
"gahuf","4","3","7"
"gaintkiller","4","3","7"
"Gaisensie","4","3","7"
"Galaaz","4","3","7"
"galaxy1234","3","4","7"
"GaliaGazizullina1986","3","4","7"
"Galip43","3","4","7"
"GallifreyMarkyMark","4","3","7"
"GaloKarijo","4","3","7"
"gambit_of_the_pawn","3","4","7"
"gambit112358","3","4","7"
"GambitMati","3","4","7"
"Gambl0or","5","2","7"
"gamerhakko","4","3","7"
"gandalf_1_1","4","3","7"
"GandalfDeGoat","3","4","7"
"Ganzorig_Munkhzorig","3","4","7"
"Garbanzo123","3","4","7"
"gargoyle31","3","4","7"
"Garita64","3","4","7"
"garlcauss","3","4","7"
"Garrapov","5","2","7"
"garrett0318","4","3","7"
"garry2607","2","5","7"
"Garsony","3","4","7"
"gartew","4","3","7"
"garybth6","4","3","7"
"Gasimir270","4","3","7"
"gasparsj","3","4","7"
"GatoLoco1995","3","4","7"
"Gatosuperpanson","3","4","7"
"Gautam6382","3","4","7"
"gazoz","3","4","7"
"gc3shadow","3","4","7"
"GDDC","4","3","7"
"gdsimoes","4","3","7"
"Gebilaowang","3","4","7"
"Geckocrypto","4","3","7"
"GeddaK","4","3","7"
"gedor66","2","5","7"
"GeeJay","4","3","7"
"Gege80","1","6","7"
"geimerlocer","3","4","7"
"Gelleh","4","3","7"
"Gemdji","3","4","7"
"general_alec","4","3","7"
"GeneralMorra","3","4","7"
"Genius_Master1","4","3","7"
"genoez","3","4","7"
"genotsschaakknots","4","3","7"
"GENTLE201","4","3","7"
"Geolab","2","5","7"
"GeorgeDamascena","4","3","7"
"GeorgeFeb","3","4","7"
"Georgi96","2","5","7"
"Geraldinho78","4","3","7"
"gergbody9","4","3","7"
"Gerhard_Bruno_Fehr","4","3","7"
"germ-man","3","4","7"
"Germanvince","3","4","7"
"Gernacho17","4","3","7"
"gerrick363","4","3","7"
"Gersongarcia","3","4","7"
"Gever","4","3","7"
"gevorg_99","3","4","7"
"gew6","4","3","7"
"Geza_Marozzi","3","4","7"
"gflores1234","2","5","7"
"GGgoo","4","3","7"
"gh_alsibaai","3","4","7"
"GH74","3","4","7"
"Ghieba","2","5","7"
"Ghodhbani","3","4","7"
"Ghost_ArdaChess","3","4","7"
"GhostEgy","4","3","7"
"Ghristle","4","3","7"
"Ghumakkardesi2020","4","3","7"
"giabinho","4","3","7"
"Gian78","4","3","7"
"giannissim","4","3","7"
"GianniStrangio","3","4","7"
"gib_nt","3","4","7"
"Gibapolo","4","3","7"
"gidde8","5","2","7"
"gidmedico","4","3","7"
"GigaByczor","5","2","7"
"gigi06","3","4","7"
"GilboaWeiss","5","2","7"
"GiLeMaNo","4","3","7"
"gillou71","3","4","7"
"gimmemybreakfast","3","4","7"
"ginopaol","2","5","7"
"giodemo","3","4","7"
"gircardano","3","4","7"
"GIRESUNFINDIGII","5","2","7"
"girftar47","4","3","7"
"Girish_Ezhilkumaran","3","4","7"
"Girklovic","3","4","7"
"Gise89","3","4","7"
"Gismonda","4","3","7"
"Gjelen","4","3","7"
"gjruichi","3","4","7"
"gkcpro","4","3","7"
"gl2b","4","3","7"
"Gladiolus13","4","3","7"
"glanau","3","4","7"
"Glasnostt","2","5","7"
"Glaurocha","3","4","7"
"Gleb-Mudakov21","4","3","7"
"Glebych1603","3","4","7"
"GLEIBSON34","5","2","7"
"gleyscha","4","3","7"
"glgowez","3","4","7"
"glicine1967","4","3","7"
"GLins17","4","3","7"
"GlobalChamp","4","3","7"
"gloopymalchik","3","4","7"
"Glowering","3","4","7"
"glupson","5","2","7"
"gmbox01","3","4","7"
"gmidhun","3","4","7"
"Gmjeffreydags","3","4","7"
"gmsamriley","3","4","7"
"gn21","3","4","7"
"gnen","4","3","7"
"gnerus","4","3","7"
"go_on_top","3","4","7"
"go2009comeback","3","4","7"
"goalphago","4","3","7"
"gobacktowork","2","5","7"
"goblebun","3","4","7"
"gobsej","3","4","7"
"Godblessyou01","4","3","7"
"Godissho","5","2","7"
"Godswillfoster","4","3","7"
"GoennMauHotspotBre","3","4","7"
"gogo0","4","3","7"
"gojira_scream","3","4","7"
"gokce1515","4","3","7"
"Gokhanalay6565","3","4","7"
"gokhanaltay","3","4","7"
"gokocan65","3","4","7"
"gokula4391","4","3","7"
"goldrush1","4","3","7"
"Goldy_04","4","3","7"
"Golfing2022","3","4","7"
"goliva","3","4","7"
"Gomaa221","4","3","7"
"gomerhayyam","3","4","7"
"gongorov","3","4","7"
"Good_mistake","3","4","7"
"goody345","4","3","7"
"Googlepixel102606","4","3","7"
"googoogagian","3","4","7"
"GOONER_ARMY","3","4","7"
"GoonieBird","4","3","7"
"GoPackGo17","5","2","7"
"GOPISWAMY","3","4","7"
"GORA-70","4","3","7"
"gorelik697","3","4","7"
"GorkaBerri","4","3","7"
"gorsh78","3","4","7"
"gorski1997","3","4","7"
"GoshUwU","3","4","7"
"Goto22","3","4","7"
"Gottlose","4","3","7"
"gq5122003","3","4","7"
"GR_007","3","4","7"
"Gr8yrs","3","4","7"
"Grace5","3","4","7"
"Grako87","4","3","7"
"GrandeNino","4","3","7"
"grandismo","4","3","7"
"GrandLoserYaroslav","4","3","7"
"grandmasterancor","4","3","7"
"GrandMasterGeo","3","4","7"
"GranPeruanito","3","4","7"
"Grass10","3","4","7"
"GRASSMASTER","4","3","7"
"Grawly64","2","5","7"
"grayBrother","4","3","7"
"GreatJoeBlack","4","3","7"
"GreatRedElmo","4","3","7"
"Greco16","4","3","7"
"GREEEZLEE","3","4","7"
"Greenalbatross","3","4","7"
"GreeNeo28","3","4","7"
"GreenPterodactylus","3","4","7"
"gregharrington240z","4","3","7"
"gregor20a","4","3","7"
"gregorchen","5","2","7"
"Gregory1337","3","4","7"
"GregVain","5","2","7"
"Grewia","4","3","7"
"greyGCP","3","4","7"
"griggs21","3","4","7"
"grigorykravtsov","4","3","7"
"grillor","3","4","7"
"grim_ripper","3","4","7"
"Grimfaith","3","4","7"
"GrindAccountOfKiyo","4","3","7"
"Gringo78","4","3","7"
"griv2289","2","5","7"
"grom1","3","4","7"
"GROMOZEKA_vlg","4","3","7"
"Groovy","4","3","7"
"Grosga","5","2","7"
"Grossmeister990","3","4","7"
"Grozni97","3","4","7"
"Grpr1995","1","6","7"
"Gruba30","3","4","7"
"grund-tcha","3","4","7"
"Gryazny_smuzi","4","3","7"
"gsantamaria","4","3","7"
"gsululu","3","4","7"
"gteBot","5","2","7"
"gtheodry","4","3","7"
"guadbe","4","3","7"
"guado95","3","4","7"
"GudV1n","3","4","7"
"Guenter1","4","3","7"
"guessingtrue","2","5","7"
"guideless","3","4","7"
"GuidingPeopleYouTube","3","4","7"
"Guidobrasletti","4","3","7"
"GuillemClavel","4","3","7"
"Guillesanfrancisco","3","4","7"
"guilli31","3","4","7"
"GuilloN","3","4","7"
"guinful","3","4","7"
"guizin96","5","2","7"
"gulerale","3","4","7"
"Guliyev288","4","3","7"
"gun_kasparov","4","3","7"
"gunc","3","4","7"
"gungorabdullahselim","4","3","7"
"Guree_CH","3","4","7"
"gurkenkopf","4","3","7"
"Gusdd_TCC","3","4","7"
"Gustabojr10","4","3","7"
"GUTALI","4","3","7"
"Gutek13","4","3","7"
"Gutenshbert","4","3","7"
"guyanu123","4","3","7"
"GuyEnpassant","4","3","7"
"GuyGrey","3","4","7"
"Gwerang","4","3","7"
"GWOZDODER","4","3","7"
"H_Carreaux2","4","3","7"
"h_m_z","4","3","7"
"H_Mistry","3","4","7"
"h_umpty","4","3","7"
"H-benny1985","3","4","7"
"H0tspur","3","4","7"
"h2opolo","3","4","7"
"Haaafezzz","5","2","7"
"Haan888","4","3","7"
"habibmansur_TB","5","2","7"
"habtom","4","3","7"
"habunt","4","3","7"
"Hafrin","3","4","7"
"HafromVN","3","4","7"
"Hafsy","5","2","7"
"Haftour","3","4","7"
"Hagard","2","5","7"
"hagunto","3","4","7"
"Hailkay","4","3","7"
"HairyCoo","3","4","7"
"Haiti","3","4","7"
"Hakan_yolcu","4","3","7"
"hakanavgin","2","5","7"
"Hakanozkan6","4","3","7"
"Hakem1960","3","4","7"
"halilatsy","3","4","7"
"Hallower","5","2","7"
"HamadaTag","3","4","7"
"Hamburghh","3","4","7"
"hameddox","3","4","7"
"hamedghaedrahmati","3","4","7"
"hamid1356","4","3","7"
"hamit21","4","3","7"
"hammad305","4","3","7"
"Hamnigan17","4","3","7"
"hamood77","4","3","7"
"Hamouzz07","4","3","7"
"hamza3767","3","4","7"
"Hamzeh1416","4","3","7"
"HanHid93","4","3","7"
"Hanibal2023","3","4","7"
"HappyKiwi","4","3","7"
"HaraldUK","3","4","7"
"Harbinger07","4","3","7"
"Hardikchess05","4","3","7"
"harish_chess","3","4","7"
"Harmendous","5","2","7"
"Haroldo123","2","5","7"
"HarryMaster","3","4","7"
"harrytt","4","3","7"
"Harsh70077","4","3","7"
"HarshiH2801","3","4","7"
"hartrigo","3","4","7"
"Harun_O","2","5","7"
"HarutyunAbgaryann","4","3","7"
"has89","3","4","7"
"Hasan_king65","3","4","7"
"HasanAliev","4","3","7"
"Hasanen_Haleem","4","3","7"
"hasany123","3","4","7"
"Hashen22","4","3","7"
"Hasia24308","3","4","7"
"Hassan010","3","4","7"
"hassan0918","4","3","7"
"Hassan12341234","4","3","7"
"Hassanalboush","4","3","7"
"hassane2018","4","3","7"
"Hasti_KU","4","3","7"
"Hawk647","3","4","7"
"Hawkwindandfire","3","4","7"
"hawryTV","4","3","7"
"haxON","3","4","7"
"Hayforda","3","4","7"
"hayki","3","4","7"
"hazellnut","3","4","7"
"Hazem01144","3","4","7"
"hazzafors","5","2","7"
"Hazzerone","4","3","7"
"hd_chess12","4","3","7"
"HeadEyesMeBaby","3","4","7"
"HeadlessChicken","3","4","7"
"HeartlessThing","2","5","7"
"HeartMachine","5","2","7"
"heartskill","4","3","7"
"HeathBell","5","2","7"
"Hegx","2","5","7"
"HekkeHijs","4","3","7"
"Helcebubu","3","4","7"
"Hell55","3","4","7"
"hellobroo","3","4","7"
"hellooo12","4","3","7"
"helloworldbehavior","3","4","7"
"Hemant123543","3","4","7"
"Hemdan2000","3","4","7"
"Henrak","4","3","7"
"HenrikIV_B","2","5","7"
"henriquebm","4","3","7"
"Henry150204","3","4","7"
"HenryChinaski_jr","3","4","7"
"Hepa3JIy4HuK","4","3","7"
"Herab22","4","3","7"
"Hercules35","3","4","7"
"Herculeshenri69","3","4","7"
"Hermione86","4","3","7"
"HernanVituperio","4","3","7"
"herows3","4","3","7"
"Herrie","3","4","7"
"HerrWahnsinn","3","4","7"
"hertgert","3","4","7"
"Herzie","4","3","7"
"Hetal123456789","3","4","7"
"hexatriene","4","3","7"
"hexwits","3","4","7"
"Hey_I_need_your_love","4","3","7"
"Heyfrias","3","4","7"
"hezanathos","3","4","7"
"hgfalling","4","3","7"
"HGMS-231","3","4","7"
"HGMS-232","3","4","7"
"HGMS-233","3","4","7"
"HGMS-234","4","3","7"
"HGMS-237","4","3","7"
"HGMS-239","3","4","7"
"HGMS-245","3","4","7"
"HGMS-246","4","3","7"
"HGMS-253","4","3","7"
"HGMS-255","3","4","7"
"hhakan1","5","2","7"
"Hhamedrahmat","4","3","7"
"Hichambek007","3","4","7"
"hicks0134","2","5","7"
"HiddenTile123","4","3","7"
"highway_star","3","4","7"
"Hiiamnewb","3","4","7"
"Himanshu_rkt506","4","3","7"
"Himanshu_Rohit","4","3","7"
"himanshu31","4","3","7"
"himanshua","3","4","7"
"himanshuprasad4545","3","4","7"
"Hindichess2","3","4","7"
"Hinduja_Reddy","4","3","7"
"hishammmmmmm","3","4","7"
"Histocytosis","4","3","7"
"Hitomi_Dragon","4","3","7"
"Hitsuu","2","5","7"
"hKurt35-5","4","3","7"
"hllzkn","3","4","7"
"hlopadimas","4","3","7"
"HMDMHRHMD","3","4","7"
"Hmee88","3","4","7"
"HMotamedi","3","4","7"
"Hnidinho","4","3","7"
"hoanghai10","3","4","7"
"HoboChocobo","2","5","7"
"hobosapien2","4","3","7"
"HocineTo","3","4","7"
"Hogiabao","4","3","7"
"Hojjat2019","4","3","7"
"holagentexd","4","3","7"
"hollihollih","3","4","7"
"Holycity","4","3","7"
"homelessbro","4","3","7"
"homer555","4","3","7"
"homerito07","4","3","7"
"Homobz","2","5","7"
"HondaNSX31","5","2","7"
"Hondo015","4","3","7"
"honey2010","3","4","7"
"hoodroki","3","4","7"
"hoods007","4","3","7"
"HookWiz","3","4","7"
"HoosierKnights","4","3","7"
"horace_buildson","4","3","7"
"Horing520","3","4","7"
"hort_dominik","3","4","7"
"Horusi1987","5","2","7"
"Hosam27","3","4","7"
"Hoszam","3","4","7"
"housainsh","3","4","7"
"howdoespawnsmove","3","4","7"
"HowIPlayThisGame","3","4","7"
"howyou","3","4","7"
"hp0p","3","4","7"
"hph707","4","3","7"
"hrnc","4","3","7"
"hrushkadan","4","3","7"
"HS41","3","4","7"
"htanwar","4","3","7"
"HTTP_403","4","3","7"
"Hu22icane","4","3","7"
"hu3i","4","3","7"
"huba7","3","4","7"
"hubal79","4","3","7"
"Hubi2017","4","3","7"
"huettenrudi","3","4","7"
"Hugiv_Zasit","4","3","7"
"hugo_kelleway","3","4","7"
"Hugo2310","3","4","7"
"hugo97300","4","3","7"
"HumanAlpha","4","3","7"
"humble_country_boy","3","4","7"
"humpth3bump","2","5","7"
"hunter37","4","3","7"
"hunterj3","4","3","7"
"hupovod","4","3","7"
"Husheq","3","4","7"
"husnumerterol","4","3","7"
"HussamMalas","3","4","7"
"Hussein14","3","4","7"
"huynhbaonam2012","3","4","7"
"hy12","4","3","7"
"hydualellectirck","5","2","7"
"hypenja","4","3","7"
"hypolitoerico","3","4","7"
"hywasaki","5","2","7"
"I_Alhimik","4","3","7"
"I_am_a_flashlight","4","3","7"
"i_am_vivek_1","3","4","7"
"i_madoxx","3","4","7"
"I_Simple","4","3","7"
"I_Want_Out","3","4","7"
"i8Focusonhim","3","4","7"
"IABolotov","3","4","7"
"IAMAchessGOD","4","3","7"
"iampharaoh","3","4","7"
"IaMsChRoDiNgEr","4","3","7"
"Iamshubhamshukla","4","3","7"
"iamverycrazyest","3","4","7"
"Iamyourfatherr","4","3","7"
"ianw28","3","4","7"
"ib_79","4","3","7"
"ib4s","3","4","7"
"Ibarbo69","3","4","7"
"ibra28","4","3","7"
"ibrhmbysr16","3","4","7"
"icard1","4","3","7"
"icardi16","4","3","7"
"IceCreamAndCookies","3","4","7"
"Iceman0007","4","3","7"
"IcePanda","4","3","7"
"ichavesa","4","3","7"
"ichiman","4","3","7"
"Id09","4","3","7"
"Ideika","4","3","7"
"iDuumb","3","4","7"
"ifcampoy","2","5","7"
"ifeco","3","4","7"
"iftah13","4","3","7"
"Ig0r8","3","4","7"
"iGaladriel","3","4","7"
"igelineau","1","6","7"
"iggypoprocks","4","3","7"
"IgnacioOrtin","4","3","7"
"Ignitus77","3","4","7"
"Igor_Ros","3","4","7"
"igorium","4","3","7"
"igorkeleshyan","3","4","7"
"igorkrulpolski","3","4","7"
"IgorPauk","4","3","7"
"igorpijaca","4","3","7"
"Igwe_Matthew99","3","4","7"
"IHRMoriarty","3","4","7"
"iibrickey","3","4","7"
"IIsuppililuima","4","3","7"
"IKamis","4","3","7"
"iKill","3","4","7"
"IKRAMOV06","3","4","7"
"iksanov66","4","3","7"
"IliasKozyris","3","4","7"
"ilikechess10101","3","4","7"
"ilikedalek","4","3","7"
"iliketobebetter","3","4","7"
"IlluminatedMinerval","4","3","7"
"Ilya_645","3","4","7"
"ilya28","3","4","7"
"IlyaBudanovere123","5","2","7"
"IlyaChikov","3","4","7"
"ilyasdere","4","3","7"
"Ilyaselharti","4","3","7"
"imethma","3","4","7"
"imlagging","3","4","7"
"immacowdoy","4","3","7"
"IMnoob13","3","4","7"
"impervious_plan","3","4","7"
"impranavrathi","3","4","7"
"impranjal","4","3","7"
"Imranthechessguy","4","3","7"
"imreallybadplsbenice","4","3","7"
"In5inix22","3","4","7"
"Incizappp","2","5","7"
"InclineBenchpress","3","4","7"
"IncompleteBagel","4","3","7"
"IND__Ben","3","4","7"
"indexm2","2","5","7"
"Indio300","4","3","7"
"Indore1997","2","5","7"
"Ines_Esteves","2","5","7"
"Infinity_Nexo","3","4","7"
"Inflames1","2","5","7"
"inftycat","4","3","7"
"ingchess86","4","3","7"
"ingpedroleonchess","4","3","7"
"inheli","4","3","7"
"IntelligentDirt","3","4","7"
"INTOTHEWOODS","3","4","7"
"IntroToProgramming","4","3","7"
"invar1","3","4","7"
"Invitado2020","3","4","7"
"Inyama-yentloko","4","3","7"
"ioan_suciu","4","3","7"
"Ionitchouk","4","3","7"
"ionlyseedots","3","4","7"
"ipactfs","4","3","7"
"Irajmokhberi","3","4","7"
"IrakliG","4","3","7"
"Iran_Kingg","3","4","7"
"Irbis4260","2","5","7"
"Ireakat","4","3","7"
"iremir47","4","3","7"
"irfano6","3","4","7"
"iriantoirianto","4","3","7"
"Irlandres","4","3","7"
"Iron_Steel07","3","4","7"
"iron2issa","3","4","7"
"iRonin47","2","5","7"
"Ironmark","5","2","7"
"IronMike2213","4","3","7"
"ironsourav","3","4","7"
"Ironym","3","4","7"
"isaacowonikoko","3","4","7"
"isaacthenoob","5","2","7"
"Ishi922","4","3","7"
"IskanderAV","4","3","7"
"Iskop","3","4","7"
"IsmaelS88","3","4","7"
"ismaildemirrr","3","4","7"
"Ismar_8","3","4","7"
"ismetinan","3","4","7"
"Isnaplon8976","4","3","7"
"isnot2bad","4","3","7"
"Isok14","3","4","7"
"IssacSmasher","4","3","7"
"Isseibuda17","4","3","7"
"istif","4","3","7"
"itachigia","4","3","7"
"italvzla","3","4","7"
"Its_hamza","3","4","7"
"Itssachin","3","4","7"
"itszecon","4","3","7"
"itzadi","3","4","7"
"itzdahu","3","4","7"
"ItzIndianBoy0001","4","3","7"
"iustin1503","4","3","7"
"Ivan_Kirpichyov","2","5","7"
"ivan159rus","3","4","7"
"IvanAN24","3","4","7"
"Ivanbural","3","4","7"
"ivand14","4","3","7"
"Ivanets_Sergei","3","4","7"
"Ivanvelo","4","3","7"
"Ivanyzh","4","3","7"
"iVishal09","3","4","7"
"iviwelyzer","4","3","7"
"iwantgfsobad","2","5","7"
"IwillbecomenIMby2023","5","2","7"
"Iwork7211","4","3","7"
"Iyad15","4","3","7"
"izarkG","4","3","7"
"izbasaryermek","4","3","7"
"Izidine","3","4","7"
"izolany","4","3","7"
"Izuit","3","4","7"
"izzeble21","3","4","7"
"j4fme","4","3","7"
"j4vi3r01","4","3","7"
"J8783beke","3","4","7"
"Jabbabee","3","4","7"
"jabeboss","5","2","7"
"Jack_Blues","2","5","7"
"JackFr","3","4","7"
"jacknugent12","2","5","7"
"jackofthecats","3","4","7"
"jackson437","3","4","7"
"jacky4516975","3","4","7"
"Jackyl","4","3","7"
"jacob0201","3","4","7"
"Jacob1707","2","5","7"
"jacobavidar","4","3","7"
"Jacques_A","4","3","7"
"jacques_bulldozer","4","3","7"
"jacquesclousseau","4","3","7"
"JadeJoris","3","4","7"
"jadhavshankar2002","4","3","7"
"jaernspoket","3","4","7"
"jafarpoor","2","5","7"
"jag2001","4","3","7"
"JagzGm","3","4","7"
"Jahhani","3","4","7"
"Jaildeemo","3","4","7"
"jaimanpt","2","5","7"
"jaimeprox","4","3","7"
"Jaimur12","3","4","7"
"Jairstorm","4","3","7"
"jakejakekk","4","3","7"
"Jakiechan","3","4","7"
"JakobSchack","4","3","7"
"jalandhar2012","3","4","7"
"JAlarcon","3","4","7"
"Jamadzee","3","4","7"
"Jamaicabob","4","3","7"
"jambo05","3","4","7"
"JAMELISHAKATURAY","3","4","7"
"James_vW","4","3","7"
"Jameschy","3","4","7"
"Jameson21","3","4","7"
"jamil011","4","3","7"
"jammy_rich","6","1","7"
"Jamsheer82","3","4","7"
"jancov","4","3","7"
"JanF1N","3","4","7"
"JanK91","4","3","7"
"jano191919","4","3","7"
"Janos_Cool-chesser","4","3","7"
"Japy","3","4","7"
"jaques923","3","4","7"
"Jaramillo2","3","4","7"
"jarko66","4","3","7"
"Jarndejong","3","4","7"
"jarnoklein","3","4","7"
"Jarsoh","4","3","7"
"jashan413","3","4","7"
"jashh760","3","4","7"
"Jasieczek123456","3","4","7"
"Jason_Henderson","3","4","7"
"JasperJIA","3","4","7"
"Jasser121","3","4","7"
"jaszp","3","4","7"
"Jau_Juan69","3","4","7"
"javad_13_77_shm","4","3","7"
"JavierI","3","4","7"
"javiertafur","4","3","7"
"Javornik","4","3","7"
"jax363","3","4","7"
"Jay_Blas","4","3","7"
"Jay042022","3","4","7"
"Jayath2006J","4","3","7"
"Jayesh7334","4","3","7"
"jaymali","5","2","7"
"jazel06","4","3","7"
"Jazzhole","4","3","7"
"jbenlava","3","4","7"
"jcc_0","4","3","7"
"JConnolly","3","4","7"
"Jdigz","4","3","7"
"JDoherty17","3","4","7"
"je5","3","4","7"
"jeansturm1","3","4","7"
"jedamorris","3","4","7"
"Jedimaus11","3","4","7"
"jedimudakilava","3","4","7"
"JeesJaJustJesJooKyl","4","3","7"
"Jef0fs","4","3","7"
"jeffree_jeff","3","4","7"
"Jeffreysilv345","4","3","7"
"Jegha","4","3","7"
"jeguribe","2","5","7"
"jellyp1e","3","4","7"
"Jelodry","3","4","7"
"Jens_Roe","4","3","7"
"jephroy","4","3","7"
"Jeppikas","4","3","7"
"jerl","4","3","7"
"JerryJerry123","4","3","7"
"jesloper","3","4","7"
"Jessenchess","3","4","7"
"JESSICA_Jay1","4","3","7"
"jessus","3","4","7"
"jesus2912","2","5","7"
"jesusemmanuel2023","3","4","7"
"JesusHadAegis","4","3","7"
"JesusPuican_UNPRG","3","4","7"
"jesvd","4","3","7"
"jexiefe","3","4","7"
"Jeziel-Guiev","3","4","7"
"jezzinho","3","4","7"
"jfmenguy","5","2","7"
"Jgl-2021","3","4","7"
"JGR567","5","2","7"
"jhatrick","3","4","7"
"jhdabvfkudyferk","3","4","7"
"jhgrafico25","4","3","7"
"jhonfredd","4","3","7"
"JhonMamani_UNJBG","3","4","7"
"JhyunK","3","4","7"
"jim94chesss","3","4","7"
"jimi1864","3","4","7"
"Jimmeister","4","3","7"
"Jimmirathod","4","3","7"
"Jimmy0009","4","3","7"
"jimmydrdunne","4","3","7"
"Jimt884","4","3","7"
"JiraiyaSense","4","3","7"
"jirtaman","3","4","7"
"Jishe","3","4","7"
"Jitima","4","3","7"
"jitre","4","3","7"
"jivand","4","3","7"
"Jj0198","4","3","7"
"jjad007","4","3","7"
"JJEaling","4","3","7"
"jjjohn70","4","3","7"
"jjq_2707","4","3","7"
"JJuliaaann","4","3","7"
"JJZZHH","5","2","7"
"jk24","4","3","7"
"JKRP","4","3","7"
"jl0524","4","3","7"
"JL1729","4","3","7"
"Jlchavat","3","4","7"
"JLChengZe","4","3","7"
"jlebris","4","3","7"
"jlgg20","2","5","7"
"JM_Farinas","4","3","7"
"JMC_PH","4","3","7"
"jmedina821","3","4","7"
"jmi44","4","3","7"
"JmJared","3","4","7"
"JMon445","4","3","7"
"Jmpas91","4","3","7"
"jmrichman","4","3","7"
"jnsan","3","4","7"
"jnyan","3","4","7"
"jo_kidd","3","4","7"
"jo2404","4","3","7"
"JoaoBretanhaAug","3","4","7"
"Joaotiago","4","3","7"
"JoaqG","4","3","7"
"JobberWocky","4","3","7"
"jobbu","3","4","7"
"jobwell","3","4","7"
"jocchek","4","3","7"
"JoeBadaiWaha","3","4","7"
"joebuck","4","3","7"
"joeg93","3","4","7"
"joel_qf","4","3","7"
"joel27288823","4","3","7"
"JoelAbellanosa","4","3","7"
"JoeNil123","4","3","7"
"joesmilez","5","2","7"
"joeyloey","4","3","7"
"JOFIEL16","3","4","7"
"JoGruener","4","3","7"
"Johan_0929","4","3","7"
"johanhendra","4","3","7"
"Johansson","2","5","7"
"john_killer777","4","3","7"
"john042181ray","4","3","7"
"johnkiller314","4","3","7"
"JohnOfRiver34","3","4","7"
"Johntablechess","4","3","7"
"johnWorldwide","4","3","7"
"johnyac60","4","3","7"
"johnyoo","4","3","7"
"JohnyPeppa","2","5","7"
"johshh","4","3","7"
"Joiner86","3","4","7"
"Jojinske","3","4","7"
"JoJoChess8","4","3","7"
"Joker463","4","3","7"
"JoKon95","3","4","7"
"jolla","3","4","7"
"jon-mil","3","4","7"
"jonainthewail","4","3","7"
"JonasBorges","3","4","7"
"jonatanwickhdx001","4","3","7"
"Joni7E","4","3","7"
"Jonibek2006","4","3","7"
"JoniE13","5","2","7"
"Joniiev99","3","4","7"
"jonix1001918","4","3","7"
"Jonny_Pro","3","4","7"
"Jontim","4","3","7"
"jonusz","4","3","7"
"jooran123","3","4","7"
"jopoulos","3","4","7"
"jopta59","4","3","7"
"Jordan_knight","5","2","7"
"Jorge52","4","3","7"
"jorgeajedrez656452","4","3","7"
"JorgeCandamo","3","4","7"
"jorgepablo1","3","4","7"
"Joroboros","4","3","7"
"Jory666","2","5","7"
"Josdda","4","3","7"
"JOSE_JJ1","3","4","7"
"Jose_Sanchez_Cano","5","2","7"
"josecarlosh123","4","3","7"
"joselcv","3","4","7"
"joseph93","4","3","7"
"josephlou","4","3","7"
"Josh_II","5","2","7"
"josh5007","4","3","7"
"Josharch","3","4","7"
"joshbobo30","2","5","7"
"joshhair","4","3","7"
"Joshua_Tempest","2","5","7"
"josiahjaggy","3","4","7"
"josros222","4","3","7"
"jothacua21","4","3","7"
"joweyo","3","4","7"
"Joxa","4","3","7"
"Joyahjunah","4","3","7"
"Jpalma95","3","4","7"
"jpaulobr","4","3","7"
"jperezr","5","2","7"
"jporter8000","3","4","7"
"jpstauffer","3","4","7"
"jpvasku","4","3","7"
"JR-Mejia","4","3","7"
"JrLanugon","1","6","7"
"JRob1997","3","4","7"
"js3","4","3","7"
"JShamal123","4","3","7"
"jsorel32","3","4","7"
"jsuazo","4","3","7"
"JSzau","3","4","7"
"JT_Hingey","3","4","7"
"JT1356","3","4","7"
"juan967","3","4","7"
"Juanc8219","3","4","7"
"JuanCarlosFloresSopa","3","4","7"
"JuanFOS","4","3","7"
"Juanito_Ayala","3","4","7"
"juanmartinezroyo","3","4","7"
"juanpablo345","4","3","7"
"Juanpaiola1","4","3","7"
"Juazeiro","3","4","7"
"Judapari","4","3","7"
"judgeja","4","3","7"
"juditpolgar1978","3","4","7"
"julesdread","5","2","7"
"Juli2017","4","3","7"
"JuliannaDC","4","3","7"
"Juliansapostate","3","4","7"
"julietasolomon","3","4","7"
"Julio28","4","3","7"
"JulioJac","4","3","7"
"JumboBarley","4","3","7"
"JumpGoblin","4","3","7"
"juni314","3","4","7"
"junintemaceta","4","3","7"
"jupol143","3","4","7"
"Jurenix","4","3","7"
"JureS17","4","3","7"
"JurgenSoomerik","3","4","7"
"Jusezim","4","3","7"
"just_to_go","4","3","7"
"just4god","3","4","7"
"Justdudas","4","3","7"
"Justkeerat","3","4","7"
"Justlogmein","3","4","7"
"JustOneBeer","3","4","7"
"justplaychess1","3","4","7"
"JustThatLuka","3","4","7"
"JustTryingToPlay069","4","3","7"
"justusme","3","4","7"
"JuulBlom1512","4","3","7"
"JVILAPOTI","4","3","7"
"jvkarpen","5","2","7"
"jwdominion","3","4","7"
"jwe4190","3","4","7"
"JWLAcademicPlayer2","3","4","7"
"jylls","4","3","7"
"Jzs2003","6","1","7"
"K_blaze","3","4","7"
"K_krsnv2","3","4","7"
"K_lev","4","3","7"
"K_O_F","3","4","7"
"k11esipahi","3","4","7"
"k1289sandeep","3","4","7"
"k17w","3","4","7"
"K1tagh1352","3","4","7"
"k1xi","4","3","7"
"kaalbhairav1","4","3","7"
"kaan1905_23","4","3","7"
"KABAN08","4","3","7"
"Kacki","4","3","7"
"kacz97","3","4","7"
"kadirakgun28","3","4","7"
"kadu7","2","5","7"
"kaempe","3","4","7"
"kaerat0","3","4","7"
"kahweng49-0241","3","4","7"
"kaiiangell","3","4","7"
"Kaiposs","4","3","7"
"Kairat_sultanbaev00","4","3","7"
"Kaiser2009","3","4","7"
"kaitaky","4","3","7"
"kakachessmakaka","4","3","7"
"kakakasparov","3","4","7"
"kakarimsens8","3","4","7"
"kakistos","4","3","7"
"kakShahab","4","3","7"
"Kalachuchay","4","3","7"
"Kalakalsarit","4","3","7"
"Kalangomat","4","3","7"
"kalash04","4","3","7"
"kaliman2811","3","4","7"
"kalmuratovnurlan","4","3","7"
"KamalChoudhury","4","3","7"
"KamalFAHZ","3","4","7"
"KamalSwet129","4","3","7"
"Kamil009","4","3","7"
"KamilGN","3","4","7"
"KamilZoro","3","4","7"
"kaml71","4","3","7"
"Kamlesh77","4","3","7"
"kampa1","4","3","7"
"kampalaguy","3","4","7"
"kamsy8","4","3","7"
"kanapkatozlo","2","5","7"
"kania_pl","4","3","7"
"kanoise","3","4","7"
"Kaos-Tek","4","3","7"
"Kaosen","5","2","7"
"KapaTeJIb","4","3","7"
"kaporal1995","3","4","7"
"Kar2000000","3","4","7"
"karachali","4","3","7"
"Karactur","3","4","7"
"karaimse123","3","4","7"
"karamatco2021","1","6","7"
"KaraSaltuk","3","4","7"
"Karasha","2","5","7"
"Karateev","4","3","7"
"karavezir65","3","4","7"
"Karenin_PW","4","3","7"
"Karibbu","5","2","7"
"KaRl_iS_HeRe","3","4","7"
"KarlAksel","3","4","7"
"karlch3ss","4","3","7"
"KarlderKaefer01","4","3","7"
"KarlFF1010","3","4","7"
"karlito14","4","3","7"
"KarlMartell","4","3","7"
"karlroland","4","3","7"
"karlsenm","4","3","7"
"karootje","4","3","7"
"karosbs","4","3","7"
"Karpov-12","4","3","7"
"kasabe666","3","4","7"
"kasas102","3","4","7"
"Kasparlsen17","3","4","7"
"kasparof114","4","3","7"
"Kasparov_Ahmet","4","3","7"
"Kasparov_himself","2","5","7"
"kasparovmidolo","3","4","7"
"Kasparovsito06","4","3","7"
"Kaspatou17","3","4","7"
"kaspern98","3","4","7"
"katalar","3","4","7"
"Katchiblue","3","4","7"
"Katerina1978","3","4","7"
"katke82","4","3","7"
"kauri","4","3","7"
"Kauseni12345","3","4","7"
"Kaustubh1409","3","4","7"
"KaveeshaUvindu2009","4","3","7"
"Kavin01","4","3","7"
"KavishUnpredictable","3","4","7"
"kavya_gupta","3","4","7"
"kawaiibeaacon","3","4","7"
"Kawasaky79","4","3","7"
"Kayode2022","3","4","7"
"Kayrosas","4","3","7"
"kayy_99","3","4","7"
"kazars","4","3","7"
"Kaze14","3","4","7"
"kazem99","4","3","7"
"kbarnabarna","4","3","7"
"KBlauv","4","3","7"
"Kcasi","4","3","7"
"Kcavcar","3","4","7"
"KD132","4","3","7"
"KDDJMBL","3","4","7"
"KDevahasan2010","3","4","7"
"KeepCalmAndPlayOn","3","4","7"
"KeIechi","4","3","7"
"Keike","3","4","7"
"kelly27","4","3","7"
"kemalgs","3","4","7"
"Kemallduzgunn","4","3","7"
"kemdi","3","4","7"
"ken_no_kage","4","3","7"
"kenadams4","4","3","7"
"KenjaPoker","3","4","7"
"kenny1992","4","3","7"
"Kenny638","3","4","7"
"KennyNeuta","4","3","7"
"Kenpoist","3","4","7"
"kent1299","3","4","7"
"Kentovich","3","4","7"
"Kenvanhecke","3","4","7"
"KenyaDoBetter","4","3","7"
"Kenyan_Golfer","4","3","7"
"kenyanMinato","3","4","7"
"KenzhebekTaniyev","5","2","7"
"kenzoalem","2","5","7"
"keremalicaliskan","3","4","7"
"Kermaperse","3","4","7"
"KerryKPoya","3","4","7"
"keshvari_nps","4","3","7"
"Ket-kryzhanovskaya","4","3","7"
"ketamin","3","4","7"
"Kethaintbored69","4","3","7"
"Keupar","3","4","7"
"KevinB007","4","3","7"
"kevinImmanuel1412","4","3","7"
"KevinLinanESAN","4","3","7"
"keysera","4","3","7"
"Kh_Omar","4","3","7"
"Khabibovf","4","3","7"
"Khachatryan0723","4","3","7"
"khadra_2211","3","4","7"
"khaled13625","3","4","7"
"khalilomar8","3","4","7"
"Khazeie","4","3","7"
"KheinBatag2006","4","3","7"
"Khem","5","2","7"
"Kherson_2000","4","3","7"
"Khupboi","4","3","7"
"khush_07","4","3","7"
"kicke","4","3","7"
"kickie1011","3","4","7"
"kickzace","3","4","7"
"kielonza","3","4","7"
"KietPG","3","4","7"
"kiisu","3","4","7"
"kikekike","4","3","7"
"killer2424","3","4","7"
"killerbod","5","2","7"
"killervenezuela","3","4","7"
"KillingTime4","4","3","7"
"KiluklichesS","4","3","7"
"Kimenari","4","3","7"
"kimyon","3","4","7"
"King_Ali_19","3","4","7"
"KING_OFF_CHESS","3","4","7"
"King_Snake2023","3","4","7"
"King7272","4","3","7"
"KingArthur666","3","4","7"
"KingHunterRa","4","3","7"
"kinginitus","5","2","7"
"KingJongUn","3","4","7"
"KingMONADA","4","3","7"
"KingRodeo","3","4","7"
"kingsolver2018","4","3","7"
"Kipikpa","4","3","7"
"Kir645","3","4","7"
"Kirazuya","3","4","7"
"kirikiri68","5","2","7"
"kirill_salykin","4","3","7"
"Kirill133","3","4","7"
"kirillstarosta","5","2","7"
"Kirito_o","4","3","7"
"kirl","4","3","7"
"Kirman2005","4","3","7"
"kirollos_adel","4","3","7"
"Kirsham","4","3","7"
"kishanla","4","3","7"
"kishor1974","4","3","7"
"kitai","4","3","7"
"Kitejordan","4","3","7"
"kiwi21","4","3","7"
"kiwitti02","4","3","7"
"kixotEus","3","4","7"
"kizazaa","4","3","7"
"kj1n","3","4","7"
"Kjeksern","4","3","7"
"kjellevand","4","3","7"
"KKarpfen","4","3","7"
"Kkjs","3","4","7"
"KL0806","3","4","7"
"KlausPu","3","4","7"
"Kleene","4","3","7"
"kleritz22","3","4","7"
"Klick_klack","4","3","7"
"klissoe","3","4","7"
"KlKoe","3","4","7"
"klopa4","4","3","7"
"Kmando","4","3","7"
"kn1fe","3","4","7"
"Kneckes","4","3","7"
"knight_hater6942","4","3","7"
"KnightAssassin1215","4","3","7"
"KNightDark1014","4","3","7"
"knightK4","3","4","7"
"KnightSaber88","5","2","7"
"KnightTareq","3","4","7"
"knkn17","4","3","7"
"Knobelfuchs","4","3","7"
"knowner","4","3","7"
"Kobbie22","4","3","7"
"kochampiwo2137hihi","4","3","7"
"Kodonomo","3","4","7"
"Kogenshi","5","2","7"
"kokona55","3","4","7"
"kokotice","3","4","7"
"kolamika","3","4","7"
"Kolbaba22","4","3","7"
"kolesOM","3","4","7"
"kolinec","3","4","7"
"komix89","3","4","7"
"kompiKot","5","2","7"
"kongz","3","4","7"
"kongziconficious","4","3","7"
"Konkis","3","4","7"
"Konkot","3","4","7"
"konradyn","4","3","7"
"konsta_m","4","3","7"
"Kontikin","3","4","7"
"Konyuhov_Petr","4","3","7"
"koohyar1396","3","4","7"
"Kopwerner","3","4","7"
"korbaykuzz","3","4","7"
"kordii","3","4","7"
"koryotkd","3","4","7"
"kosa1233211","4","3","7"
"Kosincev","3","4","7"
"Koskane","5","2","7"
"Kosta03","4","3","7"
"KostasMathioudakis","4","3","7"
"KostofreDuck","4","3","7"
"Kotfedot","4","3","7"
"koticktheking","3","4","7"
"koureas25","4","3","7"
"Kowson","3","4","7"
"Koz_12","4","3","7"
"Kozinho","4","3","7"
"KrakerCanavari","3","4","7"
"Kramcat","4","3","7"
"KRASAVCHIK2002","3","4","7"
"Kraveeee","4","3","7"
"Kravtsov_Bogdan","4","3","7"
"krckt09","3","4","7"
"krecik03","4","3","7"
"KRG_Deniz","3","4","7"
"kribla","3","4","7"
"Krish_Manwani","4","3","7"
"KRISH7209","3","4","7"
"KrishnaDas1738","4","3","7"
"KrlosVzla","3","4","7"
"KroesMichael","3","4","7"
"KrokoYR","4","3","7"
"krsbkv","2","5","7"
"Kruinn","4","3","7"
"KrUmELur","3","4","7"
"kruu79","4","3","7"
"Krytos54","3","4","7"
"Ksenia14072016","2","5","7"
"Kseniia_V","2","5","7"
"ksgifteD","3","4","7"
"KSH128","3","4","7"
"Kshatriya_Mohit","4","3","7"
"kst71","4","3","7"
"ktk89","3","4","7"
"KTMsx85cc","3","4","7"
"ktoxambayev","4","3","7"
"KuaiLiang9","3","4","7"
"kucing_berlari","3","4","7"
"Kudos007","4","3","7"
"Kugelbaker","4","3","7"
"kuheylan0123","3","4","7"
"kukitin","4","3","7"
"Kulothungasimhan","3","4","7"
"kumamonks","3","4","7"
"kunbe","3","4","7"
"Kunda-jr","3","4","7"
"KungFu_Haiti","3","4","7"
"KurdoH-Bullet","4","3","7"
"kurian","3","4","7"
"kurosawa_san","4","3","7"
"kursataydn","4","3","7"
"kuruotlarustune","3","4","7"
"Kuschi2308","4","3","7"
"Kushburner","3","4","7"
"kushgupta_pro","3","4","7"
"kuzey3521","4","3","7"
"kuzma_23","4","3","7"
"kvasko","4","3","7"
"KVVLis-61","5","2","7"
"KwiQeSt","4","3","7"
"kynoman_roman","4","3","7"
"Kyssling","3","4","7"
"L_e_o_n_i_d","3","4","7"
"l_YOK_l","2","5","7"
"l1fr3","4","3","7"
"l1onek1337","3","4","7"
"L30H3R1","4","3","7"
"L3stade","3","4","7"
"la_casa_de_Professor","4","3","7"
"La_verja_xd","4","3","7"
"la52","4","3","7"
"labile","3","4","7"
"Laborant_10000","4","3","7"
"Lachsophon","4","3","7"
"Ladal8","3","4","7"
"ladmiss","4","3","7"
"ladyfu","4","3","7"
"LadyKyouko","2","5","7"
"LadyOfEon","3","4","7"
"Laelhe","4","3","7"
"LaGeneralisima","5","2","7"
"lahanachess","4","3","7"
"laiomaanst","3","4","7"
"laisinhquan28","3","4","7"
"Lake_Of_Tears","3","4","7"
"laks78","3","4","7"
"lalitlt12345","3","4","7"
"Lalodesant","3","4","7"
"lalomili","3","4","7"
"LaMachina","3","4","7"
"lamek93","4","3","7"
"lamont13","3","4","7"
"Laoraos","4","3","7"
"Laotraocacion01","4","3","7"
"LaPorfia","3","4","7"
"LapsusMentis","4","3","7"
"larjboi","4","3","7"
"LarryDavidProbably","4","3","7"
"Larrypnitro","2","5","7"
"larsonr","4","3","7"
"LaRZad","3","4","7"
"Lasbaines","4","3","7"
"lassoT96","3","4","7"
"LastDrawMaster","4","3","7"
"LastFight59","5","2","7"
"lastfreeacc","4","3","7"
"Lastpartisan","4","3","7"
"lauchboii","3","4","7"
"Lauchessca","4","3","7"
"Laugh_Tale","3","4","7"
"Lavakatana","3","4","7"
"Lavakola","3","4","7"
"Lavierspieler","4","3","7"
"Lavruxa","4","3","7"
"law4","3","4","7"
"Lawatsch","2","5","7"
"lawyer68","4","3","7"
"lazyyyyy","3","4","7"
"LaZzaran65","2","5","7"
"Lc4","3","4","7"
"LCM12","3","4","7"
"lcmuniz","4","3","7"
"LDavies857","3","4","7"
"ldmilleo19","3","4","7"
"ldmnt","4","3","7"
"Leal2000","4","3","7"
"Leclerc2020","4","3","7"
"Lecriquidessoule","3","4","7"
"Leder1979","2","5","7"
"Ledutorri","4","3","7"
"LeeroooyJenkins","4","3","7"
"Lefou347","4","3","7"
"Legalmoov","3","4","7"
"Legatuspapa","3","4","7"
"LEGEND314","3","4","7"
"legrille","4","3","7"
"LeifS","3","4","7"
"lekine97","4","3","7"
"LeksUpTsv","5","2","7"
"lelcrave","3","4","7"
"Lelo1337","4","3","7"
"Lelouch-king","4","3","7"
"LelouchXyfer","1","6","7"
"lematscha","3","4","7"
"Lemmingcave","3","4","7"
"lemon79","2","5","7"
"LemonRyyy","3","4","7"
"Lenny2k3","3","4","7"
"leo_98","4","3","7"
"leobor","4","3","7"
"leoloia","5","2","7"
"Leon-358","2","5","7"
"LeoN2k","3","4","7"
"Leonard794","5","2","7"
"Leonardo_Asfora","4","3","7"
"LeonardoPalma","3","4","7"
"LeonardoQuintero","3","4","7"
"Leonelcobra","3","4","7"
"Leoni13","4","3","7"
"LeonSav","3","4","7"
"leotm9","4","3","7"
"Leounseen","4","3","7"
"lepsky","4","3","7"
"lesthergali","3","4","7"
"lEtatestmoi","4","3","7"
"LetItHappen24","3","4","7"
"letjohnsoloher","4","3","7"
"Letmewin04","3","4","7"
"leto11","3","4","7"
"LetrilRafael05","3","4","7"
"LetsGoBrandon2024","3","4","7"
"Letsonikovich","4","3","7"
"Lettherebelite","4","3","7"
"leutrimh","3","4","7"
"levelcheck","3","4","7"
"LeviFormarejo","4","3","7"
"levl71","4","3","7"
"LewMigz1010Bx","3","4","7"
"lexander_nbts77","4","3","7"
"LEY_13","4","3","7"
"LGERMANO","3","4","7"
"Liam0801","3","4","7"
"Lidiodelgado","4","3","7"
"Lieven","4","3","7"
"lifehell","3","4","7"
"lifeinpixels","4","3","7"
"Lifeless73","4","3","7"
"lifeoria","4","3","7"
"Lifesciences","3","4","7"
"LightNK","4","3","7"
"Liicher","4","3","7"
"LiiCow","4","3","7"
"Liiexm","4","3","7"
"Likeaplayer","3","4","7"
"likecid","4","3","7"
"Likemejames","4","3","7"
"Likheit","3","4","7"
"Lil_brrrt","4","3","7"
"lilsamirkaaa","3","4","7"
"limentos","4","3","7"
"limon8884","4","3","7"
"LimYiXuan","4","3","7"
"LINCOLN2020","4","3","7"
"linder4029","3","4","7"
"linear_regression","3","4","7"
"LinkKilledGanon","4","3","7"
"linos7","3","4","7"
"linxary","4","3","7"
"LioL52","4","3","7"
"lion2010","3","4","7"
"Lionel_Joserien","3","4","7"
"LionMask","4","3","7"
"liriachess","4","3","7"
"lishki1","3","4","7"
"liszt85","4","3","7"
"LittyKitty","3","4","7"
"Livan_Ortiz","2","5","7"
"Livayy","3","4","7"
"lixom","2","5","7"
"LizaLiza2209","4","3","7"
"ljuchio1","3","4","7"
"lks_world_94","3","4","7"
"llallpapi","3","4","7"
"Llangosto","4","3","7"
"LLV1922","4","3","7"
"LMA09","3","4","7"
"lmaldaner","3","4","7"
"lMasterl7","4","3","7"
"Loading20230","4","3","7"
"LoboPacheco","3","4","7"
"Locoanton","4","3","7"
"Locoboy","4","3","7"
"locusamygdala","4","3","7"
"locusolus","3","4","7"
"lodeschaker","4","3","7"
"lodidodi","4","3","7"
"loechess","5","2","7"
"LoForunto","4","3","7"
"LoganCale","3","4","7"
"Loganjameschess","4","3","7"
"logaw","3","4","7"
"logeswaranyuvi","3","4","7"
"lokarlogal","4","3","7"
"Lokubalasuriya","4","3","7"
"Lokychess","4","3","7"
"Lolek059","3","4","7"
"long2of6","4","3","7"
"longdahl","3","4","7"
"Lonnie93","3","4","7"
"lop7","4","3","7"
"Lopecillo22","4","3","7"
"Lord_Niklas","4","3","7"
"Lord-of-Think","3","4","7"
"LorDarius","4","3","7"
"lordb99","4","3","7"
"lordgisb","3","4","7"
"LordnHuso","4","3","7"
"LordNyrob","4","3","7"
"lordsativa","3","4","7"
"Lorewalker","3","4","7"
"LorlenA","3","4","7"
"LORPAB","3","4","7"
"LorTay","4","3","7"
"LoseDose","4","3","7"
"lost_4evr","4","3","7"
"LostNSpace","2","5","7"
"lostraf","3","4","7"
"Lotisel","3","4","7"
"Lotregicon","4","3","7"
"lou3028","4","3","7"
"Louie32","4","3","7"
"Louis_Watson","3","4","7"
"LovefromLatvia","4","3","7"
"LovelySicilian","4","3","7"
"Lover023","3","4","7"
"Loveyyou","3","4","7"
"lozza95","4","3","7"
"LPChhangte","2","5","7"
"lpim1","4","3","7"
"lR2D2l","4","3","7"
"Lsdpingiun","3","4","7"
"Lubji","4","3","7"
"lucabomb","4","3","7"
"LucaMaguire","4","3","7"
"lucaQ","4","3","7"
"LucDSOmF","4","3","7"
"lucianolopeznavajas","3","4","7"
"Luciazalletta3N","4","3","7"
"lucidact123","3","4","7"
"Lucintheblack","2","5","7"
"LuckyOyster","4","3","7"
"Lucumone","4","3","7"
"Luda54","3","4","7"
"Ludi_konj_78","4","3","7"
"ludina","4","3","7"
"ludobasket","3","4","7"
"LudoKing420","3","4","7"
"ludowitsch","4","3","7"
"Ludwig26","3","4","7"
"LudwigVan1","4","3","7"
"lugge94","3","4","7"
"lugsu","3","4","7"
"Luigielimin","3","4","7"
"LuiguiCattoretti","5","2","7"
"Luis-Ch","4","3","7"
"Luisbeto","3","4","7"
"LuisCarvalho","4","3","7"
"Luisito73","3","4","7"
"Luiz_Gustavo0606","4","3","7"
"luka_vucenovic","3","4","7"
"luka2210","3","4","7"
"Lukas5","4","3","7"
"lukasatnet","4","3","7"
"Lukasz_Dudzik","3","4","7"
"luke_63","3","4","7"
"luke123210","4","3","7"
"lukeglasgow","3","4","7"
"lukevader3","4","3","7"
"lukite003","4","3","7"
"lukiwda1000","2","5","7"
"luna13","3","4","7"
"lupko","3","4","7"
"Lupus_Hominarius","4","3","7"
"lusketa","4","3","7"
"Luzbell","3","4","7"
"LVaLajed","3","4","7"
"lvucetic","2","5","7"
"lxpnh98","4","3","7"
"LydkaGrubasa2000","4","3","7"
"Lyubitel1970","3","4","7"
"lzlz-cfif","3","4","7"
"M_2201","4","3","7"
"M_ehdi","2","5","7"
"M_Yandri","4","3","7"
"m03e","2","5","7"
"m0ney","2","5","7"
"m16u3l4ng3l","4","3","7"
"M1Larin","2","5","7"
"M221R","5","2","7"
"M23Taube","3","4","7"
"M24_manuel","3","4","7"
"m3ch87","5","2","7"
"M4th34rc4r1","4","3","7"
"m6i6m","4","3","7"
"m7877816736","4","3","7"
"ma3oun","3","4","7"
"Maaan3","2","5","7"
"maart14","4","3","7"
"Maartenrsr","4","3","7"
"mabu77","4","3","7"
"Macalister_algarrobo","2","5","7"
"macario1814","4","3","7"
"Mach333","3","4","7"
"Machine90","4","3","7"
"Macho_Puddle","3","4","7"
"Maciej_J","3","4","7"
"MackSack","3","4","7"
"Maclein_187","5","2","7"
"Maclos01","2","5","7"
"MacoyPogi","4","3","7"
"MAD_GOD","3","4","7"
"mad1max954","4","3","7"
"Madashatter","3","4","7"
"Madforester","3","4","7"
"madgud_puka","4","3","7"
"Madik08","4","3","7"
"madikhan_agat","3","4","7"
"MadMew","3","4","7"
"Madness-Callson","3","4","7"
"MadokaKaname","5","2","7"
"Madonas25","4","3","7"
"Madonnadedio","4","3","7"
"mados123","3","4","7"
"Madviz","2","5","7"
"MaelDeCinco","3","4","7"
"maessttro","4","3","7"
"mafty-e4hogs","4","3","7"
"mafuerst","4","3","7"
"magastic","4","3","7"
"mageqwe","4","3","7"
"maggambit","4","3","7"
"MagiaStavok","4","3","7"
"magic2466","4","3","7"
"magicjohnson_32","3","4","7"
"maglianera","3","4","7"
"MAGlSTR","4","3","7"
"magnificentcarl","2","5","7"
"magnumcoqson","3","4","7"
"MAGNus_204","3","4","7"
"magnuscarpon","4","3","7"
"MagnusFromDOTA","3","4","7"
"MagnutT_T","3","4","7"
"magzybogues228","3","4","7"
"MaHa95","4","3","7"
"Mahdieskandary32","4","3","7"
"mahdiii123","4","3","7"
"mahdikohan","3","4","7"
"Mahdikoohpeimafar","3","4","7"
"mahdizakeri1395m","4","3","7"
"Mahesh125","3","4","7"
"mahmood9","4","3","7"
"Mahmoud_01","4","3","7"
"Mahmoud_almaqsoud","5","2","7"
"mahmoud480","4","3","7"
"mahmoudhalahlah","4","3","7"
"Mahobane","5","2","7"
"maikal99","5","2","7"
"maistor_tri4ko","4","3","7"
"Maisuradzee","3","4","7"
"Maitre_Dechazel","4","3","7"
"maivezer","4","3","7"
"MajeedBnManham_1994","3","4","7"
"majeedth","4","3","7"
"Majid_al_karim","3","4","7"
"majidmirza1364","3","4","7"
"majoby","3","4","7"
"mak58","4","3","7"
"makanfattahi","3","4","7"
"MakarStarchenko","3","4","7"
"makasmakas","3","4","7"
"Makenty89","3","4","7"
"maksimum013","3","4","7"
"Malcosahu","3","4","7"
"Malhar21","4","3","7"
"Mali_Ika","4","3","7"
"Malik201222","3","4","7"
"malikaziz26","4","3","7"
"Mamikonan_Migr_2011","4","3","7"
"maminyana","5","2","7"
"Mammad_1342","3","4","7"
"Mammedov_07","4","3","7"
"Mamy_ebal752","2","5","7"
"Manas_S","4","3","7"
"manchegazo","3","4","7"
"maneesh1234","4","3","7"
"Manelcat","3","4","7"
"mani1382h","4","3","7"
"mani454","4","3","7"
"Manjesh_Sumukh","3","4","7"
"manoel1101","4","3","7"
"manol0_69","3","4","7"
"manolocaso","4","3","7"
"manoskipriot","3","4","7"
"manotoor","4","3","7"
"mansifmir","3","4","7"
"mansour_halajiiiiiii","3","4","7"
"mantrikk","4","3","7"
"Manu_muzio","3","4","7"
"manueldefalla87","4","3","7"
"manuroth","4","3","7"
"Manuteboll","3","4","7"
"manvik12","3","4","7"
"ManzanasTraigo","4","3","7"
"Maoriki","3","4","7"
"Mapalo21","3","4","7"
"mapamundi","3","4","7"
"maquinero","4","3","7"
"MAR1707","3","4","7"
"maradione","4","3","7"
"maralex2012","3","4","7"
"MARATONA","3","4","7"
"marcelhosu","4","3","7"
"Marcelo_Maya","4","3","7"
"MarceloGennari","3","4","7"
"Marcioduartes","4","3","7"
"marckign","4","3","7"
"Marco_456","4","3","7"
"Marco_Diaz","3","4","7"
"Marco_rsv91","3","4","7"
"marco22222","4","3","7"
"Marcog03","3","4","7"
"MarcoMadera","3","4","7"
"MarcoMam","3","4","7"
"marcosIopez","4","3","7"
"marcosnabhanfilho","2","5","7"
"marcripley","3","4","7"
"Marcus-Aurelius-SPQR","3","4","7"
"Mareczeq333","3","4","7"
"Marenastyi","3","4","7"
"marfalk","3","4","7"
"margabi","3","4","7"
"margusj","3","4","7"
"Maria-Theofyl","3","4","7"
"Maridos","4","3","7"
"marimkj","5","2","7"
"marimpou","4","3","7"
"marios-i","3","4","7"
"marioszach","4","3","7"
"mariuszk11","4","3","7"
"Marke76","4","3","7"
"Markel11","4","3","7"
"markizkarabas","4","3","7"
"Markoffkin","3","4","7"
"MarkoHana","4","3","7"
"markom8","3","4","7"
"markomarkovictangens","4","3","7"
"markov11872","4","3","7"
"markrg","4","3","7"
"markwilliamson","2","5","7"
"marky911","3","4","7"
"Marleoko","2","5","7"
"Marleyharley","5","2","7"
"MarleyVI","3","4","7"
"MarlonLM","3","4","7"
"Marmier","3","4","7"
"marminez","3","4","7"
"marmota_errante","3","4","7"
"marone90","3","4","7"
"marqnov1","4","3","7"
"marquitos1","4","3","7"
"Mars179","4","3","7"
"mars94","3","4","7"
"Marsch32","3","4","7"
"MARTIN-S8","3","4","7"
"Martin-song","5","2","7"
"Martinchojma","4","3","7"
"Martinez82PJ","3","4","7"
"Martinfutbolin","5","2","7"
"Martinkoh","4","3","7"
"martinoff_chess","2","5","7"
"MartinTT","3","4","7"
"martize","3","4","7"
"Martn7411","5","2","7"
"Martymilien","3","4","7"
"Marvin_Gardens","3","4","7"
"Marvyy","3","4","7"
"Mashiro777","5","2","7"
"Masky111","3","4","7"
"MASONDA","3","4","7"
"Masoud_Anwar","4","3","7"
"MasoudehKeshavarzi","2","5","7"
"maspik92","3","4","7"
"massattack1","3","4","7"
"MassiPanci","3","4","7"
"mast3r03","4","3","7"
"Mastaba","2","5","7"
"mastakKK","4","3","7"
"Master_Comodo_Pro","3","4","7"
"MasterAlexisMG31","3","4","7"
"masterhan","3","4","7"
"MasterMeyer","3","4","7"
"MasterObiza","3","4","7"
"MasterPchess","3","4","7"
"Mastreta","3","4","7"
"masud7133","4","3","7"
"Mat1400","3","4","7"
"Matatan7","5","2","7"
"MatCrispa_18","4","3","7"
"matemeow","3","4","7"
"mateoramoscruz","3","4","7"
"mateuszn1989","3","4","7"
"MatfeiLazaridi","4","3","7"
"Math9797","3","4","7"
"mathematicalmonkey","4","3","7"
"Matheus_Dutra","4","3","7"
"Mathias1970","3","4","7"
"Mathiaus","3","4","7"
"mathiguapo","3","4","7"
"MatiMon","3","4","7"
"Matnoh_Kassim","3","4","7"
"matrixph","3","4","7"
"Matt_XO","4","3","7"
"matt42000","4","3","7"
"Mattahari","3","4","7"
"Mattahlen","3","4","7"
"mattelatte","3","4","7"
"Mattheking","3","4","7"
"matthias_bauer","3","4","7"
"MatthiasSch","3","4","7"
"mattjoe1","3","4","7"
"mattska","3","4","7"
"Matvey_M0707","5","2","7"
"matyoxnakazat","3","4","7"
"Matys_79","4","3","7"
"maujdigm0182","3","4","7"
"mauriciojc","3","4","7"
"Maurizio01","3","4","7"
"Mauro_MercadoM","3","4","7"
"maurojavier","4","3","7"
"MaurusPrimo","4","3","7"
"Mausejule","4","3","7"
"Mausovod_1988","4","3","7"
"Mauzer1","3","4","7"
"Mawande_Dzanibe","3","4","7"
"max1959","4","3","7"
"max1moff","3","4","7"
"max22000077a","4","3","7"
"maxewi","4","3","7"
"MaxGrigorev","3","4","7"
"maxiavellian","3","4","7"
"maximmaximov888","3","4","7"
"maximmikhaylov","4","3","7"
"Maxter09","3","4","7"
"Maxwehlll","4","3","7"
"maxx17","3","4","7"
"Maxyemel","4","3","7"
"MayankaD","4","3","7"
"MayankChadha1609","4","3","7"
"MaYestro","2","5","7"
"mayuresh404","3","4","7"
"Mayuri_Ahbab2","4","3","7"
"mazengsa","3","4","7"
"mbahadir1907","4","3","7"
"MBeginner19","5","2","7"
"mbesnili","2","5","7"
"Mblazeit","5","2","7"
"mbouneb","3","4","7"
"mbowutter","3","4","7"
"mbswar","3","4","7"
"mcankesgin","3","4","7"
"mcassella","4","3","7"
"mcbardia","4","3","7"
"mcdildo","5","2","7"
"Mcdreamy","3","4","7"
"mcev","3","4","7"
"McGeeSocks","4","3","7"
"MCKrakow","2","5","7"
"mcollins9915","2","5","7"
"McRassel12","3","4","7"
"MCsnoopy","3","4","7"
"McWrap","4","3","7"
"mdaniyaao","3","4","7"
"MDIVS","3","4","7"
"mdmaX","4","3","7"
"MDSCP","4","3","7"
"me_am_emson","3","4","7"
"me-rci","3","4","7"
"MedetZhomartovich","3","4","7"
"medinacov","4","3","7"
"medvedoboj","3","4","7"
"Meephy_and_Weasel","4","3","7"
"Meez17","3","4","7"
"Megatron098","4","3","7"
"Megatron256","3","4","7"
"mehdired55","4","3","7"
"mehedi_XLR","4","3","7"
"mehfizrahman","3","4","7"
"mehmetalican","3","4","7"
"mehmetbjk","3","4","7"
"mehmetgo","3","4","7"
"mehrdad67","2","5","7"
"Meirre","3","4","7"
"meka1100","4","3","7"
"mektepsizz09","3","4","7"
"Melisbek_chess","4","3","7"
"Melliuw","4","3","7"
"Mellorzim","4","3","7"
"melted-chess","3","4","7"
"mendryshora","4","3","7"
"menesaraptokatlayan","4","3","7"
"menno5","3","4","7"
"MensaMember42O","4","3","7"
"mentezombie","3","4","7"
"meoxx","3","4","7"
"MEPHISTOPHELES08","4","3","7"
"MERAC","3","4","7"
"Meris15054","4","3","7"
"merko30","5","2","7"
"Merlin5","3","4","7"
"Mert43","4","3","7"
"mertbys","4","3","7"
"MertHeretani","4","3","7"
"merzengin88","4","3","7"
"MestarinPaluu","4","3","7"
"metalistdk","4","3","7"
"MetalKing77","4","3","7"
"metalkuvshin","4","3","7"
"Metallica2018","4","3","7"
"metis1642","3","4","7"
"Metroglu","3","4","7"
"MEXHOOD04","3","4","7"
"Mey83078","3","4","7"
"Mezamir","3","4","7"
"mezzomatto","3","4","7"
"mfabia","3","4","7"
"mgr8hg9","4","3","7"
"Mhamz","3","4","7"
"MHamzaKhan","3","4","7"
"mhpointfr","3","4","7"
"MiauCat","3","4","7"
"MiceSystem","4","3","7"
"Michael_Carleone","3","4","7"
"MichaelEKB","3","4","7"
"Michaelsee","3","4","7"
"MichaelSpl","3","4","7"
"MichaelVeNa","5","2","7"
"michal999","3","4","7"
"Michel12345","4","3","7"
"michiel13","4","3","7"
"Michiel6","4","3","7"
"Michiel80","3","4","7"
"michugan","4","3","7"
"MickaelW","4","3","7"
"mickjogger","3","4","7"
"MicroMan2","3","4","7"
"MicroWavedPotato0395","3","4","7"
"mido5515","3","4","7"
"midoriya_asta","4","3","7"
"midplayer","3","4","7"
"mierda84","5","2","7"
"Miesepeter","4","3","7"
"Mieze","5","2","7"
"migmag","4","3","7"
"miguel-sc","4","3","7"
"Miguel1405","4","3","7"
"miguel314","5","2","7"
"MIGUEL478","4","3","7"
"migueldav","4","3","7"
"miguelgcortes","4","3","7"
"Miguelho67","2","5","7"
"Migueliski","3","4","7"
"Miguelmendoza1971","3","4","7"
"miguelov-sjc","5","2","7"
"mih10m","4","3","7"
"mihailito_tahl","3","4","7"
"mijhail_tal1","3","4","7"
"mik1005","4","3","7"
"Mikael-Kapov","4","3","7"
"mikaxa","4","3","7"
"mikbalulvi","5","2","7"
"MIKE-2000","3","4","7"
"mike150_chess","3","4","7"
"mike1991","4","3","7"
"Mikelandzhello","3","4","7"
"mikeofpa","3","4","7"
"mikepq","3","4","7"
"MIKEY-SAY","3","4","7"
"Mikhail_Zhivotovskiy","4","3","7"
"Mikhail153","4","3","7"
"MikhailTal2123","4","3","7"
"Miki_Pender","3","4","7"
"Mikka_17","4","3","7"
"MiksaWeiss","4","3","7"
"mikskilla","4","3","7"
"mil83EK","3","4","7"
"Milad4400","3","4","7"
"milan1970","4","3","7"
"mildfarts","3","4","7"
"Milena144","4","3","7"
"MilhyJuice","3","4","7"
"milkduds1001","3","4","7"
"Millzz","3","4","7"
"Milokrad","3","4","7"
"Milos1661","3","4","7"
"MilouCassis","3","4","7"
"Milyash","3","4","7"
"min_almir","3","4","7"
"Mina_tofa","3","4","7"
"MINDHUNTERschafer","3","4","7"
"minersking","3","4","7"
"mingdun42","4","3","7"
"MingoGonzalez","4","3","7"
"MinzhurM","3","4","7"
"Miracle100372","3","4","7"
"mirandaoficial123","5","2","7"
"mirek66","3","4","7"
"Mirtazapine","3","4","7"
"Mirtek","3","4","7"
"Mirzai00","3","4","7"
"misaelferrer","4","3","7"
"Misha-ch","3","4","7"
"mishachess_belarus","3","4","7"
"Mishanin","4","3","7"
"mishrakirti","4","3","7"
"misos_35","3","4","7"
"missafro","4","3","7"
"MisterKing_1","3","4","7"
"mistyfrosty","3","4","7"
"misz_masz","3","4","7"
"mithun_paul","4","3","7"
"MITOP","3","4","7"
"mitsa2111","4","3","7"
"mitwkwk","4","3","7"
"mixan_yy","4","3","7"
"MixedUpLydian","3","4","7"
"MixiTheKing","4","3","7"
"mixuu95","3","4","7"
"mjekrra","3","4","7"
"mjrs_92","2","5","7"
"mkash123","2","5","7"
"MkM06","4","3","7"
"mkmaddy","3","4","7"
"Mkmehta","3","4","7"
"MkNutyi","4","3","7"
"MlavanuR","4","3","7"
"mlazarofreitas","4","3","7"
"mlerrrlad","4","3","7"
"MLH67","4","3","7"
"Mlyner","3","4","7"
"mlzmlzmlzmlzmlz","3","4","7"
"mm1900","4","3","7"
"mmaliz","4","3","7"
"mmarti7","4","3","7"
"mmaus","3","4","7"
"Mmerichukwu","3","4","7"
"mmilanovic","4","3","7"
"mmiric","3","4","7"
"MMK1985","4","3","7"
"mml1","4","3","7"
"mmm333","3","4","7"
"mmmmm14","4","3","7"
"mmorales124","4","3","7"
"MmurtuZzz","3","4","7"
"mnbvcxzqpL","3","4","7"
"Mnsk_108","3","4","7"
"mnu","3","4","7"
"MNVISS","3","4","7"
"Mo13st","4","3","7"
"Moamen1912","3","4","7"
"moBamba420","3","4","7"
"mobber","3","4","7"
"Mobin_gamer","4","3","7"
"Mobinfallah","4","3","7"
"mocho4","4","3","7"
"Mocuspocus","4","3","7"
"ModeUchiha13","3","4","7"
"Moh-harran","3","4","7"
"mohabseif","3","4","7"
"mohamadd3","4","3","7"
"mohamed_sadki","4","3","7"
"mohamed-lemmouchi","4","3","7"
"MohamedIbrahim99","4","3","7"
"mohamedsayed69","3","4","7"
"mohamedwafy","3","4","7"
"Mohammad_Masri","4","3","7"
"MohammadAllan","4","3","7"
"mohammadalwareh","3","4","7"
"Mohammadhosen","5","2","7"
"MohammadSaam","3","4","7"
"mohammedm5","4","3","7"
"mohsen_54445555555","4","3","7"
"moimoiici","3","4","7"
"moizeis_78","3","4","7"
"mojo_mobile","5","2","7"
"Mokgale","3","4","7"
"Moktao","4","3","7"
"Molochkoo","4","3","7"
"molotovnovikov","3","4","7"
"MominMehmood","3","4","7"
"Momo4089","4","3","7"
"Monde94","4","3","7"
"monkeybanana1933","3","4","7"
"monkeyd-luffyy","4","3","7"
"Monkos","4","3","7"
"monkpaw","4","3","7"
"monksi","4","3","7"
"Monsterexx","3","4","7"
"MontezumasRache","4","3","7"
"Montiechristo","3","4","7"
"montoia","3","4","7"
"Moo_M","4","3","7"
"Moosin","4","3","7"
"mordvinov","4","3","7"
"More78","5","2","7"
"morgot","2","5","7"
"MoriaLesvos","4","3","7"
"mork2","4","3","7"
"Morktred","4","3","7"
"mortypilgrim","3","4","7"
"mosckino","3","4","7"
"MoscoAzul","4","3","7"
"Moscow2000","4","3","7"
"moscow443","3","4","7"
"Moselaner","4","3","7"
"moserdo","3","4","7"
"Moserosaurus","2","5","7"
"Mosquito223","2","5","7"
"mostafa0544612","4","3","7"
"Mostafa2220","4","3","7"
"mostafabehzadi60","4","3","7"
"MostGrogeousPlayer","3","4","7"
"mosthilarious","3","4","7"
"mostupper","3","4","7"
"motzchess1","5","2","7"
"Mounaym","4","3","7"
"moustafa1412","3","4","7"
"Moyross","2","5","7"
"Mozartus","4","3","7"
"Mozes137","4","3","7"
"mpfmate","3","4","7"
"MQJ1010","4","3","7"
"Mqobi","4","3","7"
"Mr_Chessitro","3","4","7"
"Mr_EfeOzgur","3","4","7"
"Mr_MIDA_22","3","4","7"
"Mr_Pbody","3","4","7"
"mr_soheili_2007","2","5","7"
"mr_swashbuckler","4","3","7"
"Mr_Zelensky","3","4","7"
"Mr-PeterBoshra","5","2","7"
"mr-strange-2023","3","4","7"
"mrap2","4","3","7"
"MrbBenYGT","4","3","7"
"MrBeads","4","3","7"
"MrBrokolicePolni","3","4","7"
"MrBurukoglu","3","4","7"
"Mrchel09","4","3","7"
"Mrchessghost","2","5","7"
"mrcorbie","4","3","7"
"MrCuddleMuffin","3","4","7"
"mrdana007","2","5","7"
"MrDeliberate","4","3","7"
"MrDenisShapovalov","3","4","7"
"MrEto2","3","4","7"
"MrEugeneHaroldKrabs","3","4","7"
"MrFaceless","2","5","7"
"mrfarrell955","3","4","7"
"mrfooobarrr","3","4","7"
"MrIronMonkey","4","3","7"
"mrjackal78","4","3","7"
"mrkarimi51","4","3","7"
"MrMostAwesomeTeacher","3","4","7"
"Mrmourre","4","3","7"
"mrnarenthar","4","3","7"
"MrPenguin02","3","4","7"
"MrProust","3","4","7"
"MrRocketship","3","4","7"
"MrSamson15","2","5","7"
"mrsh1993","4","3","7"
"mrsnckl","4","3","7"
"MRTVY_KRAL","3","4","7"
"MrtYlmz2","4","3","7"
"MrWittekind","3","4","7"
"msb91","4","3","7"
"msj121","4","3","7"
"mso","3","4","7"
"mssr170996","4","3","7"
"mstfemr","5","2","7"
"Mtacc","5","2","7"
"Mtbr37","4","3","7"
"mtekinus","5","2","7"
"mtlchess77","4","3","7"
"mturna1","4","3","7"
"MuadDib1860","3","4","7"
"mubi_x","2","5","7"
"Mudaththeer","2","5","7"
"mudfree","3","4","7"
"muesliholiker","3","4","7"
"Mugiwara007","3","4","7"
"Muha12","4","3","7"
"Muhammad-Masih","4","3","7"
"muhnoz","3","4","7"
"MukhambetovKK","3","4","7"
"MuleHouse27","3","4","7"
"Mumusomem","3","4","7"
"Mundix","3","4","7"
"Munzabwa","5","2","7"
"Muralq7","4","3","7"
"Murmeli2020","5","2","7"
"Mursalin","3","4","7"
"Murshida","5","2","7"
"Murtaza6062","3","4","7"
"Museyibov","3","4","7"
"Musha013","4","3","7"
"Mussa09-09","3","4","7"
"Mustafaf7mw","4","3","7"
"mustafalperen","3","4","7"
"MustafaYavuz","4","3","7"
"Mutagk","3","4","7"
"mutahi_njagi","3","4","7"
"mutiko","4","3","7"
"MV43","3","4","7"
"MX200716","3","4","7"
"mx249","4","3","7"
"mxngunpia","4","3","7"
"mybcpty29","4","3","7"
"MyDearMrDread","3","4","7"
"Mydum","4","3","7"
"MyJohns","3","4","7"
"Mykingprotector","4","3","7"
"mymuesli2000","3","4","7"
"Myp1","4","3","7"
"mys3lF","4","3","7"
"myschool","4","3","7"
"myway_79","3","4","7"
"MyWayToGm","5","2","7"
"n_azrail_s","3","4","7"
"N02Faret","3","4","7"
"n1cklas","3","4","7"
"n3p4","4","3","7"
"N973N","4","3","7"
"NaBraSos","3","4","7"
"Nachiket_Paturkar","5","2","7"
"NachoMorra","4","3","7"
"naga1o","3","4","7"
"NAGBabaYaga","5","2","7"
"nAgibat0r555","4","3","7"
"Nagibator2k17","4","3","7"
"nagloxvat-glazosverk","4","3","7"
"Nahk0427","4","3","7"
"nahmias6969","3","4","7"
"naimkeys1","3","4","7"
"NajvaN","3","4","7"
"Nakanles","3","4","7"
"nalog-ssa","4","3","7"
"namiv","4","3","7"
"namkhanh123456","5","2","7"
"Nandana08","2","5","7"
"nanithefukkk","4","3","7"
"nanograma","4","3","7"
"nanohack","4","3","7"
"nanoip","3","4","7"
"naranhembram7","3","4","7"
"Narasz","3","4","7"
"Narek2015aren","3","4","7"
"Narek779","4","3","7"
"nartieda","3","4","7"
"naruto000","3","4","7"
"nascosto1903","4","3","7"
"Nasdaq100","4","3","7"
"NashatZ","3","4","7"
"nasri61","4","3","7"
"nasser4draw","4","3","7"
"natan007","4","3","7"
"natecow76","2","5","7"
"Natfer_madrigal1904","4","3","7"
"Nathananan","3","4","7"
"nathanbase","3","4","7"
"Native_Pali","4","3","7"
"Natrikx027","3","4","7"
"naughtymikassa","3","4","7"
"Nauxe","4","3","7"
"Navi_MMA666","2","5","7"
"Navnada","3","4","7"
"navruzbek21","4","3","7"
"Naxoc","3","4","7"
"naxoman","4","3","7"
"Nazca_hum","3","4","7"
"nbbs2001","4","3","7"
"nchorley","4","3","7"
"ncoleeee","2","5","7"
"Nderim_Presheva","3","4","7"
"neas78","3","4","7"
"Nebet","5","2","7"
"Neburknight","4","3","7"
"neckeld","3","4","7"
"necks_lvl","3","4","7"
"Necrom4nc3r","4","3","7"
"Neddene","3","4","7"
"Neeraj5_5","4","3","7"
"NeerajKumar0231","3","4","7"
"neilrao1","4","3","7"
"Nello_Caruana","2","5","7"
"nelsoninrum","4","3","7"
"NeMichael","4","3","7"
"nemivictorioso","3","4","7"
"neno_7","2","5","7"
"neorealist","3","4","7"
"Neperskaitau","4","3","7"
"NePoet00","4","3","7"
"Nerf_EE","3","4","7"
"nervana2","3","4","7"
"NerZhul237","2","5","7"
"NessZyraVelkoz","4","3","7"
"NesterVova","3","4","7"
"Nestor-117","4","3","7"
"Neto-S","4","3","7"
"netotkarlsen","3","4","7"
"neurochemical","3","4","7"
"Neuschi","4","3","7"
"nev9n","4","3","7"
"NeverSober7","3","4","7"
"NevZat","3","4","7"
"New_Village","4","3","7"
"NewChessTraidor07","4","3","7"
"newgenbro","4","3","7"
"newMastteer","3","4","7"
"newphonewhodis1337","3","4","7"
"Newtonfrank","3","4","7"
"Nexhtop","4","3","7"
"Neyvel","3","4","7"
"Neyzen_61","4","3","7"
"nguyenkhang3105","3","4","7"
"NguyenMinhHieu7d","4","3","7"
"Nhatquang2009","3","4","7"
"ni_ve","3","4","7"
"ni207","3","4","7"
"nic_chessworld","4","3","7"
"nicat_abbasl1","4","3","7"
"NiceChap","4","3","7"
"Nichbia","4","3","7"
"NicholasLeroy","4","3","7"
"Nick_UL","4","3","7"
"NickGump","4","3","7"
"Nickj44","4","3","7"
"nickjden","3","4","7"
"nickkapur","3","4","7"
"NickTara","4","3","7"
"nicneviem","3","4","7"
"nico01x","5","2","7"
"Nicolas2691","4","3","7"
"NicolasVelazcoPiza","3","4","7"
"nicolo_inter57","3","4","7"
"NicoXDNoob123X","4","3","7"
"nidhin_narayanan","3","4","7"
"Nidory","2","5","7"
"Niederbachem","3","4","7"
"nigaperen2","4","3","7"
"nihalchauhan","3","4","7"
"Nik2012","3","4","7"
"nikanatol","4","3","7"
"Nikhil029","3","4","7"
"Nikita_Vasilev_09","4","3","7"
"NikitaKos","4","3","7"
"Nikitusha","4","3","7"
"nikolakis29","4","3","7"
"Nikolarocker","4","3","7"
"NikolovNikola","3","4","7"
"Nikotinamidd","3","4","7"
"nilocodejesus","4","3","7"
"Nima_Junior","5","2","7"
"NinadShirodkar","4","3","7"
"ninel2","4","3","7"
"ninisubramanian","4","3","7"
"niraa1","3","4","7"
"nirnir1","3","4","7"
"Nischal_Chhukan","2","5","7"
"NishantRajak71","3","4","7"
"NishchayaChessKing","4","3","7"
"nissousspou","3","4","7"
"nisuunn","3","4","7"
"Nithishkumar007","4","3","7"
"nitin0","3","4","7"
"NitinSaini27","3","4","7"
"nitrofish","3","4","7"
"Nivesh-L-V","4","3","7"
"Nivya_42","4","3","7"
"nizamiyev15","3","4","7"
"nizar_kr","3","4","7"
"nj_268_4","3","4","7"
"nkhrkan","3","4","7"
"nkot","4","3","7"
"NL11","4","3","7"
"nnaann","3","4","7"
"No_Reverse_Gear9","4","3","7"
"no_skil_just_lucky","4","3","7"
"No-masAjedrez","3","4","7"
"Noah_G_02","2","5","7"
"noatun","4","3","7"
"Nobbse","3","4","7"
"Nobodysame","3","4","7"
"NoCashValue","3","4","7"
"NOCHESSWITHOUTCHESS","3","4","7"
"nodul","3","4","7"
"NoGambitBlyat","3","4","7"
"noiado","2","5","7"
"Noixaz","3","4","7"
"Noli83","4","3","7"
"nolnolx","3","4","7"
"nolodax","4","3","7"
"NoMasterHuy","3","4","7"
"nomoi666","3","4","7"
"nomoreusernames1","3","4","7"
"NoobEinstein","3","4","7"
"NoobIndian","5","2","7"
"NoobSaibot667","3","4","7"
"Nooking","3","4","7"
"noorelden55","3","4","7"
"nopants182","3","4","7"
"norayr11","4","3","7"
"Norberto1962","3","4","7"
"Nosxer","3","4","7"
"nosy1t","4","3","7"
"Not-chess","3","4","7"
"not-Hans-Neimann","3","4","7"
"Not7ie","5","2","7"
"notagm94","2","5","7"
"NotGMlmao","4","3","7"
"NotMladenDolar","3","4","7"
"nou9n","3","4","7"
"Nouha_2004","3","4","7"
"nounah","3","4","7"
"Nov14ok","3","4","7"
"NoVern","3","4","7"
"Nowitza","4","3","7"
"Noya_Blackmind","3","4","7"
"NoyanD","3","4","7"
"nrcnprlt","3","4","7"
"Nsbking","3","4","7"
"nspatafora","3","4","7"
"nsrlhsr","4","3","7"
"nsukruth","2","5","7"
"nsxtnsxt","4","3","7"
"nuclearnadal-1994","3","4","7"
"nugglet","3","4","7"
"Nuhanda","2","5","7"
"numaze","2","5","7"
"Number_1_win","3","4","7"
"NuMbSku11","3","4","7"
"nunes000","4","3","7"
"nuno1287","4","3","7"
"NuNoS","3","4","7"
"Nurdos11","3","4","7"
"Nurikalkan","4","3","7"
"nursultan_chik","4","3","7"
"Nurullah111","4","3","7"
"nutbutter","4","3","7"
"nvvgopikrishna2k","4","3","7"
"nyang01","3","4","7"
"nyc_squashed_rat","4","3","7"
"nyenye89","4","3","7"
"nyr-75","4","3","7"
"nzechess","4","3","7"
"NZykov","3","4","7"
"O_Kapinos","3","4","7"
"O-DOPAZO","5","2","7"
"O8Paul04","3","4","7"
"oaklandish","3","4","7"
"Obasfalt","4","3","7"
"Oben18","3","4","7"
"Obesely","3","4","7"
"Obia11","4","3","7"
"obiwankenibi","4","3","7"
"OBJoe23","4","3","7"
"ochavo","4","3","7"
"Ochneva","4","3","7"
"OctavioAvilaTorres","4","3","7"
"Odintsov1994","3","4","7"
"odnorykiy_masturb","3","4","7"
"odyy","4","3","7"
"oh_man","3","4","7"
"ohbibi","3","4","7"
"OhneSonne","4","3","7"
"oi252","4","3","7"
"oilyolly1994","4","3","7"
"Oivindo","3","4","7"
"OJJ","2","5","7"
"okchess1","3","4","7"
"ol1kre","3","4","7"
"olatimmy","3","4","7"
"Oleg-sbor","1","6","7"
"olegfruz","3","4","7"
"olegnic","4","3","7"
"OlehKorol","4","3","7"
"Olek_Bolek","4","3","7"
"Olenul","3","4","7"
"Oliopov","4","3","7"
"olisimpson22","3","4","7"
"oliveervs","3","4","7"
"Oliver-Tran","2","5","7"
"Oliver0111","4","3","7"
"oliverkudela","4","3","7"
"OliverRomeroC4","4","3","7"
"olk","4","3","7"
"olorin68","5","2","7"
"Olya1998","5","2","7"
"Omar33273327","2","5","7"
"OmarElsaide","2","5","7"
"omarhayam","4","3","7"
"OmarKW","4","3","7"
"Omarwilly","3","4","7"
"OmarY2023","3","4","7"
"OmiB","4","3","7"
"OmidTTU","3","4","7"
"ominousc","3","4","7"
"omkar26","3","4","7"
"omkarthakur","3","4","7"
"Ommision","4","3","7"
"omodilatta","3","4","7"
"oN_fill4","4","3","7"
"On-FireChess","4","3","7"
"ON99LA","1","6","7"
"Ond3r","4","3","7"
"one_12345","3","4","7"
"onewhero","3","4","7"
"Onitram","5","2","7"
"onkarlokhande","4","3","7"
"Only-Move","4","3","7"
"OnlyBagaria","3","4","7"
"oomagaad","3","4","7"
"ooohwillem2","4","3","7"
"oottoo","4","3","7"
"Opcsend","3","4","7"
"Opperkip","3","4","7"
"oppipbez","3","4","7"
"OptimisticPessimist","4","3","7"
"OrangeJuice504","3","4","7"
"Oravka","3","4","7"
"Orhan4ik","3","4","7"
"oRibeiroo","4","3","7"
"Orichalchos","3","4","7"
"Orish","4","3","7"
"Orlandonieto","2","5","7"
"Orthodoxkid","3","4","7"
"orti5","4","3","7"
"Orxan_Hasanov","4","3","7"
"Oscar16","5","2","7"
"Oskaaari","2","5","7"
"Oskarcamu","3","4","7"
"Oso429","3","4","7"
"oSpinalVeinKo","3","4","7"
"Osquechess2","3","4","7"
"Ostap_Chichiginarov","4","3","7"
"Otega-akeh","2","5","7"
"otesskedja","5","2","7"
"otnex","4","3","7"
"otokowok","3","4","7"
"oushen478965e","4","3","7"
"ovalles-tero","3","4","7"
"ovsas","4","3","7"
"oylesinebirii1","4","3","7"
"ozanceylan","4","3","7"
"ozanhakank","4","3","7"
"OzgHur","3","4","7"
"Ozon9999","4","3","7"
"OZONEKNG","2","5","7"
"P_Dasha5","4","3","7"
"P-tox","3","4","7"
"p2lol","5","2","7"
"pa1n_f0rce","3","4","7"
"paarshad","4","3","7"
"Pablo_Santiago","4","3","7"
"pablo17","3","4","7"
"Pablo5000","2","5","7"
"pablomorza11","4","3","7"
"pablos22","4","3","7"
"packmarack","4","3","7"
"Paco1969","4","3","7"
"Padalkar_Prathmesh","4","3","7"
"Paddyi","3","4","7"
"PadnaTiCifkata","3","4","7"
"pag35","4","3","7"
"pai98","5","2","7"
"PaintingHouses","4","3","7"
"Palach717","3","4","7"
"palaks25","4","3","7"
"palash1729","3","4","7"
"Palavecino38","3","4","7"
"Pale-rider","3","4","7"
"palerggg","3","4","7"
"paloliska","3","4","7"
"palusotcomph","3","4","7"
"Pan_D_a","4","3","7"
"Panache5","3","4","7"
"Panatas-Adrian","3","4","7"
"Pancake21","3","4","7"
"Panda-97","3","4","7"
"PanFilip","3","4","7"
"PaNi_2009","2","5","7"
"Panosbogias","3","4","7"
"panpan2021","2","5","7"
"Panthera","4","3","7"
"PantherS05733","5","2","7"
"PantherSkull","2","5","7"
"paolopaolo1500","4","3","7"
"papabhand","3","4","7"
"Papajohnno","4","3","7"
"Papapapapapamama","4","3","7"
"PAPAPEOES","4","3","7"
"papasmurfsolos","3","4","7"
"papawemba94","4","3","7"
"paperbender","3","4","7"
"Papouic","3","4","7"
"Papouss10","3","4","7"
"Papune4ka","4","3","7"
"paqueteordinario","2","5","7"
"ParadoxGlicth","3","4","7"
"paralias","3","4","7"
"Parand21","2","5","7"
"parezaie","3","4","7"
"Paris2024","3","4","7"
"paritoshd244","3","4","7"
"Park2002","4","3","7"
"parmenza","4","3","7"
"parszeval","4","3","7"
"parth_prakash","4","3","7"
"parthdhingra","3","4","7"
"partiano","4","3","7"
"PartidaaPartida","3","4","7"
"pascal04100","4","3","7"
"pasdargent","4","3","7"
"Pasha_Onegin","3","4","7"
"PASHUPATCHAKRABORTY1","4","3","7"
"Pastek21","3","4","7"
"pasteta","3","4","7"
"pastrocloyes","4","3","7"
"patatesstakarvouna","4","3","7"
"patillas15","3","4","7"
"PatioPlayer","3","4","7"
"pato_q","4","3","7"
"patrick397613","4","3","7"
"PATRICKBEN19","3","4","7"
"patrijmc","2","5","7"
"patrik47","4","3","7"
"pattaya56","3","4","7"
"patyBukasa","4","3","7"
"patzer001","3","4","7"
"patzer17","4","3","7"
"paulchinga30","3","4","7"
"paulflores","4","3","7"
"PaulGalesko","4","3","7"
"paulkang787","4","3","7"
"Paulo_co10te","3","4","7"
"Paulo_Von_Filipinas","5","2","7"
"Paulo-FR","3","4","7"
"Paulocanelosegundo","3","4","7"
"PauloSoletti","4","3","7"
"PaulP1705","3","4","7"
"paulro19","4","3","7"
"Pavel_Ignatovich","4","3","7"
"pavelgrin","3","4","7"
"PavelMart","4","3","7"
"PavielG","3","4","7"
"Pavilions","4","3","7"
"pavlo-ostrikov","4","3","7"
"pavlos2","3","4","7"
"PAWELWisz","3","4","7"
"Pawn_Black","4","3","7"
"pawn1777","3","4","7"
"pawnboy_1","3","4","7"
"pawnofsteel","3","4","7"
"PawnPusher929","4","3","7"
"pawnstorm13","4","3","7"
"pawnstorm18","4","3","7"
"PayBoyCarti","4","3","7"
"PBC0419","4","3","7"
"pbpbpb1","4","3","7"
"pcama3","3","4","7"
"pcpianist","4","3","7"
"peaceful-warri0r","3","4","7"
"PeacefulShark","3","4","7"
"peanewt_butter","3","4","7"
"pearmaos79","4","3","7"
"pecefe96","3","4","7"
"pedrobevilaqua","4","3","7"
"Pedrobrad","4","3","7"
"pedrolazera","3","4","7"
"pedronavarra","3","4","7"
"pedropatricioJC","4","3","7"
"PeeWee2k","3","4","7"
"Pekerman","3","4","7"
"peluncur_jin4k","4","3","7"
"Pemula_MCS","3","4","7"
"penguinsr6","4","3","7"
"penjustert","5","2","7"
"PenKooK","3","4","7"
"penniless","3","4","7"
"PeonCampeon10","3","4","7"
"Peonenvenenado66","3","4","7"
"pep94","3","4","7"
"pepijnhop","3","4","7"
"peponne","3","4","7"
"peprojas","5","2","7"
"Perceptron2020","4","3","7"
"percyl","4","3","7"
"perec2013","3","4","7"
"Perogrullo","3","4","7"
"peru12345","5","2","7"
"Perycarion","3","4","7"
"pescadillo","3","4","7"
"Pessi1","3","4","7"
"petardopy","3","4","7"
"Peter3007","3","4","7"
"PeterGauss","4","3","7"
"PetitShiba","4","3","7"
"PetmalexLodi","3","4","7"
"Petrochenkov_Ivan","3","4","7"
"Petrokarposian","4","3","7"
"Petromik2016","4","3","7"
"PG2019","4","3","7"
"PGruszczynski","4","3","7"
"PH_padawan","4","3","7"
"ph00per","4","3","7"
"ph03n1x_k3k","4","3","7"
"phagnu","3","4","7"
"PHAMNAMCUONG","2","5","7"
"PhanNhatTien","4","3","7"
"PhantomTule","3","4","7"
"PharaohXD","4","3","7"
"Phatergemon","6","1","7"
"PhilimonChirwa","3","4","7"
"philipp9876","4","3","7"
"PhilippAlbrecht","4","3","7"
"Philippians419","2","5","7"
"philosofish","3","4","7"
"philosophery","3","4","7"
"Phipie","3","4","7"
"PhiWave","4","3","7"
"phoe2693","3","4","7"
"phraise","3","4","7"
"piby7","3","4","7"
"pic18","4","3","7"
"PicadorMatador","3","4","7"
"picopek","3","4","7"
"piecrust","4","3","7"
"pientien","4","3","7"
"piero2105D","3","4","7"
"Piero62","4","3","7"
"pierogiman","3","4","7"
"Piersaba1397","2","5","7"
"pijamabishop","3","4","7"
"Pileeeeeee","4","3","7"
"pilot201","3","4","7"
"piluso1984","4","3","7"
"PINEAPPLE56","3","4","7"
"pinecone12345678910","3","4","7"
"pingme","4","3","7"
"Pinguin007","4","3","7"
"pinguto44","4","3","7"
"pink_vader","4","3","7"
"Pink-IsNot-Orange","3","4","7"
"pioterini","4","3","7"
"Piritsi_antibiotic","3","4","7"
"pishevar","3","4","7"
"pistoruis","4","3","7"
"Pitaugi","3","4","7"
"pitri0815","3","4","7"
"piznaque","4","3","7"
"pj37","4","3","7"
"pjatnashki","3","4","7"
"pjd223","3","4","7"
"PK4-twenty","4","3","7"
"pkokam","3","4","7"
"plang2008","4","3","7"
"plankton508","3","4","7"
"Player_06","4","3","7"
"Player_9","3","4","7"
"player0124","4","3","7"
"playerechec","3","4","7"
"PlayNexus","3","4","7"
"PlayOn","3","4","7"
"PlushMule","3","4","7"
"Plymouth925","4","3","7"
"Plz_dont_lose","3","4","7"
"pm-kalender","3","4","7"
"pmercator","3","4","7"
"pneuma01","3","4","7"
"pockybites","3","4","7"
"Podarok","3","4","7"
"poffarbacco","4","3","7"
"PoherFacer","3","4","7"
"Poindexter02","3","4","7"
"Pokemon_Trainer","5","2","7"
"polarbear007","4","3","7"
"polisny","4","3","7"
"polkim","5","2","7"
"polodeblo","3","4","7"
"polopp","3","4","7"
"PolyerguS","4","3","7"
"PompaMaster","3","4","7"
"PON-69","4","3","7"
"Pontus77","3","4","7"
"Pony_Tale","4","3","7"
"POODLEC","4","3","7"
"poomagan","5","2","7"
"PoorAuroch","3","4","7"
"pooria-d","3","4","7"
"pope2287","4","3","7"
"popojing","5","2","7"
"Popyrus","3","4","7"
"PorfiZelaya","4","3","7"
"poriaabedi2222","3","4","7"
"Porongasaurus","4","3","7"
"PorridgeFortress","4","3","7"
"porvkars","3","4","7"
"postglobal","3","4","7"
"potetoo","3","4","7"
"PotroLoco","4","3","7"
"povarenkov_sergey","2","5","7"
"PowerJack17","4","3","7"
"Powerlord","4","3","7"
"PozharskyNikolay","5","2","7"
"Pozitif03","4","3","7"
"Pozyvnoj","5","2","7"
"ppkkgg","3","4","7"
"pppaatrick","3","4","7"
"ppyp","3","4","7"
"prachous","3","4","7"
"PracticeAgainstMe","4","3","7"
"Pradnyesh123","4","3","7"
"Pranav1947","4","3","7"
"PranaviSirishArcot","3","4","7"
"pranay045","3","4","7"
"prandent","3","4","7"
"PrasaDKrishnA","3","4","7"
"Prasenjit100","3","4","7"
"Prateek1807","4","3","7"
"PrathamPrajapati","3","4","7"
"Pratikrp05","5","2","7"
"Pratyush27","5","2","7"
"Praveen_Chess2610","3","4","7"
"PraveenBhati","3","4","7"
"pravesh7","4","3","7"
"pravinkl","3","4","7"
"Praz5200","4","3","7"
"Preksha_103","4","3","7"
"PremRaaghavan","4","3","7"
"Pretty_woman123","3","4","7"
"PrezesZKrakowa","4","3","7"
"PrinceNeupane","4","3","7"
"principmaxim","4","3","7"
"prishJIOCb","3","4","7"
"pro100filya7","3","4","7"
"Proba123a","3","4","7"
"probablylostalready","3","4","7"
"problemjp","3","4","7"
"ProfDrKesh","3","4","7"
"ProfeLucasCABA","4","3","7"
"ProfessorDrovel","4","3","7"
"Prohaska","4","3","7"
"promitbanik","4","3","7"
"Pronovost","3","4","7"
"ProphetOrwell","3","4","7"
"ProSax","3","4","7"
"Prosorbayo","3","4","7"
"Protonteampro","3","4","7"
"prtk1729","4","3","7"
"prtkptl","3","4","7"
"Prush","4","3","7"
"PrzeBudz","3","4","7"
"Ps3333","4","3","7"
"psalms120469","5","2","7"
"pseguin","4","3","7"
"psg2cvs","3","4","7"
"psic_sebaspvillegas","4","3","7"
"PSKING0505","4","3","7"
"Pstfatrunt","3","4","7"
"psuter","4","3","7"
"PSV169","6","1","7"
"psychomis94","4","3","7"
"ptorkin","4","3","7"
"pudak","4","3","7"
"puddles_Penguin","3","4","7"
"Puffmyrice","4","3","7"
"pujaZ","3","4","7"
"pulman11","4","3","7"
"pulpit","2","5","7"
"Punisher82","3","4","7"
"pup386","3","4","7"
"PurnamaDA","4","3","7"
"Puschkul","4","3","7"
"puspa537","4","3","7"
"pwnedpawn","3","4","7"
"Pyrot1998","3","4","7"
"Pytharus","4","3","7"
"Python-Chess","3","4","7"
"Q09031943","4","3","7"
"qarachoban","4","3","7"
"qdk","3","4","7"
"Qeyonn4","2","5","7"
"Qoca_Qartal","4","3","7"
"qqqqqqqqqq_1","4","3","7"
"QuadTetMesh6061","4","3","7"
"Quaestiones","4","3","7"
"QuangLamLFAY","3","4","7"
"Quanking2009","3","4","7"
"quartermilev","4","3","7"
"Quavo23","5","2","7"
"queegambi","1","6","7"
"Queen_true","4","3","7"
"queenkiller961","4","3","7"
"QueenSey89","5","2","7"
"QueMirasBobo2022","3","4","7"
"quintana77","4","3","7"
"Quintos86","4","3","7"
"quisquiquock","3","4","7"
"quqnoos","4","3","7"
"qvatoslocos","4","3","7"
"qvplite","4","3","7"
"qwent12","3","4","7"
"R_A_P","4","3","7"
"R_ete_p","3","4","7"
"r013","3","4","7"
"R0b1N66","2","5","7"
"R0cketchess_3000","3","4","7"
"r0h1t4sh","4","3","7"
"r2d2killah","4","3","7"
"R3B3LL10N","3","4","7"
"ra1366","4","3","7"
"Raataja","3","4","7"
"rabenau29","4","3","7"
"Rabieid","3","4","7"
"Rabshab","4","3","7"
"Rabtes","3","4","7"
"RachelYang","4","3","7"
"Rachidov30","3","4","7"
"Rachmaninow","3","4","7"
"Rackhir","3","4","7"
"Radaevvn111","4","3","7"
"Radioheadfan99","3","4","7"
"RadmirSU","3","4","7"
"radvin_92","4","3","7"
"RadyStar","3","4","7"
"raed-1","5","2","7"
"RafaBarba","4","3","7"
"Rafael1551","4","3","7"
"rafael88","4","3","7"
"RafaelEightr","4","3","7"
"rafaelmhrlz","3","4","7"
"rafalwit","4","3","7"
"rafalwita","2","5","7"
"Rafavila","4","3","7"
"Raffi26","3","4","7"
"ragegeneration","3","4","7"
"ragesee","3","4","7"
"raggiotto","4","3","7"
"Raghadmohamed123","3","4","7"
"raghav19","4","3","7"
"Raghubar_Tyagi","3","4","7"
"RagnarLothbrk","3","4","7"
"Ragnarlthbrk","4","3","7"
"Ragnvaldr","4","3","7"
"Ragonk","3","4","7"
"rahimftd","3","4","7"
"Rahl","3","4","7"
"rahman650","2","5","7"
"Rahn0808","3","4","7"
"RAHUL_V_FM","3","4","7"
"raichoup","3","4","7"
"RainhaDeVosTodos","3","4","7"
"rairodeschess","3","4","7"
"rajamresh21","4","3","7"
"RajanMunjal26","4","3","7"
"Rajendrakumar9169","3","4","7"
"Rajratna_03","3","4","7"
"Rakti","4","3","7"
"Ralfson","4","3","7"
"ralph599","3","4","7"
"RalPhish","3","4","7"
"ram_ben_onj","3","4","7"
"rama_killer","5","2","7"
"raman357","4","3","7"
"ramaneek","4","3","7"
"RaMbLeR_099","3","4","7"
"Ramianov","3","4","7"
"ramone7","2","5","7"
"Randizkie","3","4","7"
"randomplayer64","3","4","7"
"ranjachess81","3","4","7"
"ranoutofmedals","3","4","7"
"Raoll","4","3","7"
"Raphlord","3","4","7"
"Rapperswil","4","3","7"
"RareCanvas","4","3","7"
"rasenga","3","4","7"
"rashids","4","3","7"
"RasulK","3","4","7"
"Ratan788","3","4","7"
"Ratan89","3","4","7"
"ratatatata69","4","3","7"
"ratibor22","4","3","7"
"RATM725","4","3","7"
"Rattanjot_Singh","3","4","7"
"Raul_Orland_1BACHB","4","3","7"
"RaulGM5000","3","4","7"
"RAULGRECOLME","3","4","7"
"RaulGuvalov01","4","3","7"
"RavenOne","3","4","7"
"ravi10778","4","3","7"
"Ravi1101","3","4","7"
"RaviBerg","3","4","7"
"RaviDs","3","4","7"
"ravisai_t","3","4","7"
"ravisehrawat","2","5","7"
"ravjanisz","4","3","7"
"rawezhsaadi","4","3","7"
"Rawhen","4","3","7"
"rayleigh_taylor","3","4","7"
"rayman42000","3","4","7"
"rayodestructor","3","4","7"
"RayZzY","2","5","7"
"razefonon","3","4","7"
"Razvan1097","4","3","7"
"razzoboa","3","4","7"
"RCKLSS47","4","3","7"
"rcole","3","4","7"
"rcordioli","3","4","7"
"rdarma","4","3","7"
"Rdg86","2","5","7"
"RDGDTrader","4","3","7"
"Rdoj5700","5","2","7"
"Re5ven","6","1","7"
"RealArash","3","4","7"
"realCaga","4","3","7"
"RealOxygen","4","3","7"
"Rebeccaa1","3","4","7"
"recctor","3","4","7"
"Red_G-Monkey_II","3","4","7"
"reda199","4","3","7"
"Reda7799","3","4","7"
"Reda8666","3","4","7"
"redcat1989","3","4","7"
"Redeemed1","3","4","7"
"RedGikVen","3","4","7"
"Redhaneuf111","3","4","7"
"RedienZ","4","3","7"
"redman92","3","4","7"
"RedQueen64","3","4","7"
"Redwar","4","3","7"
"RedYoshi","3","4","7"
"RedzDragon2010","3","4","7"
"regeilf","3","4","7"
"reggiej","4","3","7"
"ReheatedLeftovers","4","3","7"
"reinefourmie","2","5","7"
"Reischauer","3","4","7"
"rejuannn","4","3","7"
"Rekiop","3","4","7"
"Relaxing_Vibe","4","3","7"
"relique17","4","3","7"
"remedyGarts","4","3","7"
"Remember-Me525","4","3","7"
"Remi_m1","4","3","7"
"remzicop","5","2","7"
"Renegiio","4","3","7"
"rengner","3","4","7"
"reper_VasyaKotomin","4","3","7"
"RePescatore","4","3","7"
"Resg","4","3","7"
"RESSAM_6148","3","4","7"
"Restering","4","3","7"
"Restructur_required","4","3","7"
"Ret1nic","3","4","7"
"returnoftheking3","4","3","7"
"Revan_888","3","4","7"
"reverpWTF","2","5","7"
"Rexxxio","3","4","7"
"Reyasesino","3","4","7"
"Reydetreboles8697","3","4","7"
"ReyEnigmma","3","4","7"
"reyhane002","4","3","7"
"reyram","3","4","7"
"reza1361fadakar","3","4","7"
"Reza3211","4","3","7"
"rezaeiy","3","4","7"
"Rezav1986","3","4","7"
"rfmata01","4","3","7"
"Rgantero","4","3","7"
"RGB888","3","4","7"
"rgekgero","3","4","7"
"rgr_larker","3","4","7"
"RhanaK","4","3","7"
"rhanier","4","3","7"
"RhetoricalBrilliance","3","4","7"
"Rholle","4","3","7"
"rhunychank","3","4","7"
"Ribbie_10","4","3","7"
"Ricardo_Cosio_Borda","3","4","7"
"Ricardo_Gonz","5","2","7"
"ricardojose123","4","3","7"
"Riccardo78","5","2","7"
"RiccW3","3","4","7"
"Richard_C_Manzano","4","3","7"
"richard_kolisek","4","3","7"
"richardhanzel","2","5","7"
"RichardKruspe","4","3","7"
"Richisopralatesta","4","3","7"
"Rick1212b","4","3","7"
"RickandMorty12","4","3","7"
"RickMahato","3","4","7"
"Rickmate20","5","2","7"
"ricksouto","3","4","7"
"rickverhoog","3","4","7"
"Rickyduran","3","4","7"
"Rico33","4","3","7"
"ridela","3","4","7"
"RidhoNA","3","4","7"
"ridvan1979","3","4","7"
"RiedDoun","3","4","7"
"RiEsCar","4","3","7"
"Rigel806","3","4","7"
"Rikikits","3","4","7"
"Rikonovos","4","3","7"
"rikqu","3","4","7"
"Ringomorrison","4","3","7"
"RionBraggs","4","3","7"
"RiPPeR_JacK","4","3","7"
"risc19651","3","4","7"
"riser999","3","4","7"
"Rishi_85","3","4","7"
"rishik20128","4","3","7"
"rishiraj222","3","4","7"
"RiskiestMoves","3","4","7"
"riskychess91","4","3","7"
"rism1","4","3","7"
"risoreti","5","2","7"
"RITAM_BAR","4","3","7"
"rithvikailas","4","3","7"
"rivasavila","4","3","7"
"Rizzistor_21","4","3","7"
"rjangid450","3","4","7"
"rjrahuljain1210","4","3","7"
"rkloch","4","3","7"
"Rlexer","3","4","7"
"RMertsalov2007","4","3","7"
"rmsesmoveg","4","3","7"
"rngtn","3","4","7"
"robbierubby","4","3","7"
"robdiam","4","3","7"
"Robert_Becker_F","3","4","7"
"robert-2554","3","4","7"
"robertandersson","4","3","7"
"Roberto62","3","4","7"
"Robespiero333","4","3","7"
"robi672009","3","4","7"
"Robin78","4","3","7"
"Robinson2165","5","2","7"
"Robo1255","3","4","7"
"robs44","4","3","7"
"robsmi","4","3","7"
"robychess","2","5","7"
"Rocambole12","4","3","7"
"RockNepo","4","3","7"
"ROCKSTAR_VISHNU_CG_3","3","4","7"
"rocky6969","4","3","7"
"RockyRoad21","3","4","7"
"Rocny","3","4","7"
"Rodez","4","3","7"
"rodgers","4","3","7"
"rodionos","4","3","7"
"rodrigobibbo","4","3","7"
"RodrigoEmanuel","4","3","7"
"rodriguesacameron","3","4","7"
"Rodtang-69","3","4","7"
"Roger_11","4","3","7"
"Roger_Nadal","4","3","7"
"RogerGS","3","4","7"
"rohalamin4854","4","3","7"
"rohan48","3","4","7"
"rohankc","4","3","7"
"Roi-Georges","4","3","7"
"Rojayburton5445","4","3","7"
"Rokoudram","4","3","7"
"RolandW","4","3","7"
"RoLeXX159","4","3","7"
"Rollins_95","3","4","7"
"rollo21","3","4","7"
"roloev","4","3","7"
"RoloFanatic","3","4","7"
"roman_main","3","4","7"
"Roman_Supyk","3","4","7"
"RomanBeliTop","3","4","7"
"RomanKopelov","3","4","7"
"romaster28","3","4","7"
"Romio30","3","4","7"
"romiru13","3","4","7"
"ron-obvious","3","4","7"
"Ron99_2","3","4","7"
"Rong101","5","2","7"
"Ronnie2023","4","3","7"
"Ronoroa1984","4","3","7"
"rookie_king_slayer","3","4","7"
"RookieM1stake","3","4","7"
"Roquero1187","4","3","7"
"ros-sy","4","3","7"
"Roshan_M","4","3","7"
"rotasyonalist","3","4","7"
"Rotellall","4","3","7"
"rothpa","4","3","7"
"RoToR37","3","4","7"
"Rouzbeh72","4","3","7"
"Roy2003","3","4","7"
"Royalknight247","4","3","7"
"RoyalRanger","3","4","7"
"royalsito","4","3","7"
"roydepaccha","3","4","7"
"roydepadua","4","3","7"
"roym17","3","4","7"
"Royroy11","5","2","7"
"rozjebani","5","2","7"
"rrabin","4","3","7"
"Rrgg77","4","3","7"
"rskd07","3","4","7"
"rspereira","3","4","7"
"RT22","3","4","7"
"rtrident","3","4","7"
"ru_hawk","4","3","7"
"RU-97-TU-12","3","4","7"
"Rubenales","4","3","7"
"RubenAQA","4","3","7"
"rubencho10","3","4","7"
"Rubenskube","4","3","7"
"Rubiecon","3","4","7"
"rubiker90","4","3","7"
"RuelaSousa","4","3","7"
"Rukavchuk","3","4","7"
"rum123","3","4","7"
"rumipol18","4","3","7"
"Run_the_jewelz","4","3","7"
"Rupam2003","3","4","7"
"Ruschus","4","3","7"
"Rushikesh24gaonkar","3","4","7"
"Ruslan_Kadydakov","4","3","7"
"Ruslan_Kir","3","4","7"
"Ruslan25012012","4","3","7"
"Russiad","4","3","7"
"Russian_Wolf01","3","4","7"
"russiangrimeking","4","3","7"
"Russianmagnuscarlsen","4","3","7"
"Rustam78","3","4","7"
"rustamkadzhakov","3","4","7"
"Ruth-28a","5","2","7"
"Ruvinda_49","4","3","7"
"RVAliss","2","5","7"
"rvierge69","4","3","7"
"RWNewhouse","3","4","7"
"Rwooster","5","2","7"
"RyanWong_0910","3","4","7"
"Ryfethan","3","4","7"
"rysum24","4","3","7"
"RZR2022","4","3","7"
"s-sharifi","3","4","7"
"s00ulking","4","3","7"
"S3Ds","5","2","7"
"S3V33R","3","4","7"
"s4ndonos","4","3","7"
"Sa_Nd","3","4","7"
"saadfurquan","4","3","7"
"SaadMel","3","4","7"
"sabarivmv","4","3","7"
"sAbeEhH","4","3","7"
"sabinakeks","3","4","7"
"Sablayako123","4","3","7"
"saburjanovich","5","2","7"
"sachin9905002","4","3","7"
"Sachinpatel","4","3","7"
"SacrificeMyLife","4","3","7"
"SacrificialDevice","3","4","7"
"Saddam890","2","5","7"
"sadomouse","4","3","7"
"sadovedov","3","4","7"
"Saeedhm","3","4","7"
"SaeedSezavar","3","4","7"
"Safiullin_Vagiz3b","3","4","7"
"sagarmatha49","3","4","7"
"sage4justice","4","3","7"
"SaggioVecchino","4","3","7"
"SahakyanJora","4","3","7"
"Sahara930","3","4","7"
"sahialammia","3","4","7"
"sahilc_chess","3","4","7"
"Sahill_123","3","4","7"
"sahiner_cem","3","4","7"
"Sahinkiz","3","4","7"
"Sahul582","4","3","7"
"saikarthick2012","4","3","7"
"saikat1236","4","3","7"
"Saimons01","3","4","7"
"Saint50","4","3","7"
"saisrikarmutya","3","4","7"
"sajens","4","3","7"
"Sakenosk1","4","3","7"
"Sakr00","3","4","7"
"SAlam7","3","4","7"
"Salamence03","3","4","7"
"Salas6918","3","4","7"
"salax_iron","4","3","7"
"salcagibisin35","4","3","7"
"salem1979","3","4","7"
"salihc","4","3","7"
"Salikala_Kasnea","4","3","7"
"salim_farmasi","3","4","7"
"salparadise27","4","3","7"
"SaltAndSugar","4","3","7"
"saltez48","3","4","7"
"Saltykov","3","4","7"
"Salvamf350","4","3","7"
"sama_hammouri","4","3","7"
"saman09183816825","4","3","7"
"Samastineh2588","5","2","7"
"Sambozzy","3","4","7"
"samconner94","3","4","7"
"sameercool","4","3","7"
"sameniero","4","3","7"
"sami3547","5","2","7"
"samihberk","3","4","7"
"samikd","4","3","7"
"samlet","4","3","7"
"samoray89","3","4","7"
"samotrik","3","4","7"
"sampso123","4","3","7"
"sams3434","4","3","7"
"Samtingwong01","4","3","7"
"samuel-jp2","2","5","7"
"Samueljestemok","4","3","7"
"samuelmorenovega","3","4","7"
"SamWalsh18","3","4","7"
"sanatu","3","4","7"
"Sanchitmittal29","4","3","7"
"Sandeshchess005","4","3","7"
"Sandor93","4","3","7"
"Sandro2904","3","4","7"
"SandwichMaster","2","5","7"
"saneleroymvp","3","4","7"
"sangamesh_302","3","4","7"
"sangsol","3","4","7"
"SanjaykumarM2005","4","3","7"
"Sank_sinha-20","4","3","7"
"sansdoeschess","4","3","7"
"sanshiro","3","4","7"
"sansik4ever","4","3","7"
"Santaslayer101","3","4","7"
"SantiagoChaves","3","4","7"
"Santidrez","4","3","7"
"santiescobar","4","3","7"
"Santy02x","4","3","7"
"sanuantony7892","4","3","7"
"sanujoseph","5","2","7"
"sapibundus","2","5","7"
"Saponja","3","4","7"
"sarb3540","4","3","7"
"sargon-2ply","5","2","7"
"Sargonida","4","3","7"
"sargsorg","4","3","7"
"Sarkis08121994","4","3","7"
"sarmannn","4","3","7"
"Sarmantay","3","4","7"
"SarperM","4","3","7"
"Sasan_behkalam","4","3","7"
"Saschakr0604","4","3","7"
"sased","3","4","7"
"sash-a","5","2","7"
"Sasha60","4","3","7"
"sasimsb","4","3","7"
"Sasuke-Naruto","3","4","7"
"satancla","4","3","7"
"SatranckeVirme","3","4","7"
"satranckursu","3","4","7"
"satrancmis","3","4","7"
"satyam_yadav","3","4","7"
"SaubererVonOz","3","4","7"
"Saucedo22","3","4","7"
"Saugo1969","3","4","7"
"SAULCRACKSIIIIIIII","4","3","7"
"saurabh2020","3","4","7"
"SAURAV1873","3","4","7"
"SavageYayo","4","3","7"
"Savov7","3","4","7"
"SavvatimovAnton","4","3","7"
"sawantyash","4","3","7"
"sawbleed","4","3","7"
"Sayran_2012","3","4","7"
"sayyadfattahi","4","3","7"
"SBE2017","3","4","7"
"sbkale","4","3","7"
"SBoraB","4","3","7"
"Sc4RleT","3","4","7"
"scalparov","3","4","7"
"scandalgod","3","4","7"
"scant","3","4","7"
"Scary-vicktoh","4","3","7"
"scg6","5","2","7"
"Schachcapybara","4","3","7"
"schachi88","4","3","7"
"Schachspiela","4","3","7"
"Schachzigeuner","3","4","7"
"Schackian","3","4","7"
"schackl80","3","4","7"
"scharzweiss","3","4","7"
"Schiappasenior","3","4","7"
"Schmidl1902","3","4","7"
"Schredder1895","4","3","7"
"Schurzer","4","3","7"
"Schwalben","4","3","7"
"schweizerjochen","4","3","7"
"Schwindller-RP","3","4","7"
"Scottt_Clark","3","4","7"
"scottysl","4","3","7"
"scriptfx2","4","3","7"
"sctmctominay","3","4","7"
"Sdcup","3","4","7"
"Sealeihe","4","3","7"
"sealion301","4","3","7"
"seaqn","3","4","7"
"Sebagan","3","4","7"
"Sebas113","3","4","7"
"SebasN","5","2","7"
"SebaSpector","4","3","7"
"sebastian_comeax","2","5","7"
"Sebastian_Rohe","4","3","7"
"Sebastian-F-G22","4","3","7"
"Sebastian291009","3","4","7"
"Sebastian3105","4","3","7"
"SebastianPer","4","3","7"
"SebaVidal98","4","3","7"
"sebera","4","3","7"
"Sebi2a","3","4","7"
"Sebuhi1983","4","3","7"
"Seckin1774","4","3","7"
"Secretlyoogabooga","4","3","7"
"Sedsey","3","4","7"
"seduto","3","4","7"
"seenukvy","4","3","7"
"SeFeliz","4","3","7"
"segedinskygulas","3","4","7"
"segiberberi","4","3","7"
"seiduck","4","3","7"
"seisme3","4","3","7"
"Seitbekir","2","5","7"
"selcukbaz78","4","3","7"
"selcuksk","3","4","7"
"Seldogan","3","4","7"
"Selem62","3","4","7"
"selfmatemelody","2","5","7"
"selomelo2801","4","3","7"
"SemenMatveeviche","3","4","7"
"semgawril","3","4","7"
"SenanAli","3","4","7"
"Senior_Arbol","4","3","7"
"sensei-2013","3","4","7"
"SenseiBlooke","4","3","7"
"SenzuLean","3","4","7"
"sepehr_79","3","4","7"
"seragecmis","4","3","7"
"serAlbert667","3","4","7"
"serebrum06","5","2","7"
"SeregaShipov","2","5","7"
"Seregin","3","4","7"
"serenerW","4","3","7"
"serey7","3","4","7"
"serfoxmax","3","4","7"
"SergeG4","4","3","7"
"sergius-b","6","1","7"
"sergo321","3","4","7"
"sergpogo","4","3","7"
"SergRguez","3","4","7"
"Serie37","3","4","7"
"SERJEINEVEROV","4","3","7"
"Serjeus","4","3","7"
"SErke","4","3","7"
"Seroxat","4","3","7"
"Serpientex","4","3","7"
"serthi","4","3","7"
"Serugeneris","3","4","7"
"servicedeskelemani","4","3","7"
"SEUMAS","1","6","7"
"sevechess","3","4","7"
"SEVELLEC_Lucio","3","4","7"
"sevvyginanonganon","3","4","7"
"seym014","4","3","7"
"sezeronen","3","4","7"
"Sgtdap","4","3","7"
"Shade_128","3","4","7"
"shade1995","4","3","7"
"shadowlyght","3","4","7"
"Shadowop312","3","4","7"
"shadowseeker27","3","4","7"
"Shahab_Ahmadi2","3","4","7"
"ShahabAhmed","3","4","7"
"Shahar_Baltsan","3","4","7"
"shahjehanben","4","3","7"
"shahmehrdad","5","2","7"
"shahryar716","5","2","7"
"shahzeal","4","3","7"
"Shakalyn","3","4","7"
"Shake1991","3","4","7"
"Shakkailija","2","5","7"
"Shaksham_2408","4","3","7"
"shaktishah","4","3","7"
"shalash23","4","3","7"
"ShaliutinS","3","4","7"
"shalop4i","3","4","7"
"Shamanp24","3","4","7"
"Shamazeka","3","4","7"
"shami1984","5","2","7"
"shamta","3","4","7"
"shamuradova_r","3","4","7"
"shantia1972","2","5","7"
"sharapiev04","4","3","7"
"Sharapudin","4","3","7"
"Sharath_97","3","4","7"
"sharduls04","3","4","7"
"sharrola","5","2","7"
"shashank__hegde","4","3","7"
"Shashi_andy","4","3","7"
"shashikant77","2","5","7"
"Shazam775","3","4","7"
"shaziz","3","4","7"
"Shbr_Vakil","4","3","7"
"shcln","5","2","7"
"sheave","3","4","7"
"sheejavyga","3","4","7"
"Sheeve_The_Senate","4","3","7"
"shefalimm","4","3","7"
"Sheik_27","3","4","7"
"shekoufeh","4","3","7"
"SHERLOCK_HOLMES_95","4","3","7"
"Shettyss","4","3","7"
"shim001","4","3","7"
"Ship_sinks_to_plan","4","3","7"
"Shirakami1","3","4","7"
"shiroganekaguya","5","2","7"
"Shiroi_hi_ge","3","4","7"
"shivam_sharma137","3","4","7"
"Shivam0811","2","5","7"
"ShivamChess65","3","4","7"
"ShivamPatil","5","2","7"
"sHiVi3656","3","4","7"
"shivramgowtham","3","4","7"
"Shlokssking","4","3","7"
"shlomoruhemann","3","4","7"
"shlyap","3","4","7"
"ShmeleiNe","3","4","7"
"ShmoelCercen","2","5","7"
"shobhit27","4","3","7"
"Shogunbane","4","3","7"
"shojjati","2","5","7"
"shoot_doog","4","3","7"
"shounak710","4","3","7"
"shraddheysuman","3","4","7"
"Shregg","3","4","7"
"shreya123456789","3","4","7"
"ShreyasPGharpure","3","4","7"
"shtryq","3","4","7"
"shubhamsol","5","2","7"
"shukryzablah","4","3","7"
"shulamutale","3","4","7"
"shunm","4","3","7"
"Shura1989","4","3","7"
"Shurarika939","3","4","7"
"shuv_harsh_vardhan","3","4","7"
"shuvashish76","4","3","7"
"siamesedreaming","3","4","7"
"Siberianbonobo","4","3","7"
"sibplotnik","4","3","7"
"Sickmovebro","4","3","7"
"Siddharthxsid","4","3","7"
"siddu4","3","4","7"
"siderra","4","3","7"
"sidjaju","3","4","7"
"sidorovan","3","4","7"
"Sifaya","5","2","7"
"sighlol","5","2","7"
"sighOfRelief","3","4","7"
"SigveTL","2","5","7"
"Silberfuchsi","2","5","7"
"silfwerpihl","4","3","7"
"Silkyit","4","3","7"
"Silos668","4","3","7"
"simcru311","4","3","7"
"sime6090","4","3","7"
"simo456","3","4","7"
"simon2468","4","3","7"
"simon888","4","3","7"
"simonbelte","4","3","7"
"simond90","4","3","7"
"simonelcapablanca","4","3","7"
"SimSekSantrafor","4","3","7"
"Sinau","3","4","7"
"Sinchana09","4","3","7"
"Singhmanroop","3","4","7"
"SinghRobin29","4","3","7"
"sinisterpawn","3","4","7"
"Sinnedkid","4","3","7"
"sintheta","3","4","7"
"Sir_Dodo","4","3","7"
"SirenoUwU","4","3","7"
"sirkalaba","4","3","7"
"SisifusMaldad","3","4","7"
"sistyraju23","4","3","7"
"siva280495","3","4","7"
"siveure","4","3","7"
"Siyadpv","4","3","7"
"Sizar","4","3","7"
"sjaff007","4","3","7"
"sjavanrooh","4","3","7"
"skakker","4","3","7"
"SKaliev","3","4","7"
"skarra01","3","4","7"
"Skatereyshn","3","4","7"
"skazatel","3","4","7"
"skidjzu","5","2","7"
"skipper100","3","4","7"
"skirby96","3","4","7"
"sklera","4","3","7"
"Skogarmadr","4","3","7"
"Skogstroll","4","3","7"
"skouliki","3","4","7"
"SKSONI11","4","3","7"
"Skyblue4","3","4","7"
"skylarrhaine","4","3","7"
"skyshatterii","3","4","7"
"skz23","4","3","7"
"slatanroal","3","4","7"
"sLav84","4","3","7"
"SLAVA_UKRAINE_SLAVA","4","3","7"
"slava53","3","4","7"
"slavazd","3","4","7"
"slavik_chess","3","4","7"
"slavkan","4","3","7"
"sleep3r","4","3","7"
"SleepyHarvey","3","4","7"
"Sleipnir1216","3","4","7"
"slim-shadyE","4","3","7"
"slime78945","4","3","7"
"Slojay","4","3","7"
"slomotrashbag","3","4","7"
"slowlygettingbetter","3","4","7"
"slowmetalmonkey","5","2","7"
"SLSR","4","3","7"
"SlySlySly","3","4","7"
"Small_Budda","3","4","7"
"Smallplayergreg11","3","4","7"
"Smart_SB","4","3","7"
"smartin96","4","3","7"
"SMB313","4","3","7"
"smcaranza","4","3","7"
"smejky12","2","5","7"
"smelvinpooth","3","4","7"
"smgaller","3","4","7"
"smile_lucky_happy","4","3","7"
"smirkyerk","3","4","7"
"SmirnovD","4","3","7"
"smitagrawal8","4","3","7"
"Smo13","4","3","7"
"sn3pu","3","4","7"
"snags260","3","4","7"
"snappie","3","4","7"
"sndg","4","3","7"
"Sneakm","3","4","7"
"sneaky-nico","4","3","7"
"sneakyassjoe","3","4","7"
"sneakydogtanian","3","4","7"
"Snehilss","5","2","7"
"snellson","4","3","7"
"Snelz","3","4","7"
"SNH124","4","3","7"
"Sniper-0504","3","4","7"
"SniperAttack","4","3","7"
"Snipper46","2","5","7"
"Snow_dark","4","3","7"
"SnowyK2","4","3","7"
"SO3R3N_96","4","3","7"
"SoapyLatherOfEvil","3","4","7"
"sobakov","3","4","7"
"socaramel","4","3","7"
"sodeberg","3","4","7"
"sof20117","3","4","7"
"sofar","4","3","7"
"Sofiode_2","4","3","7"
"SofiYaroshko","5","2","7"
"sofyen","4","3","7"
"Sohailalik","2","5","7"
"Sokic","3","4","7"
"Sokol1320","2","5","7"
"Solapurchessplayer","4","3","7"
"solestrellado","4","3","7"
"soleymanzadeh","4","3","7"
"Solimancairo","4","3","7"
"Soltamecarnaval","4","3","7"
"soluskin","3","4","7"
"Solve5","3","4","7"
"some_DIE_YOUNG69","4","3","7"
"some_et","3","4","7"
"somebodyto_love","4","3","7"
"Somechap","3","4","7"
"Somerandomedude123","3","4","7"
"somily","2","5","7"
"sommy1999","4","3","7"
"son1key","2","5","7"
"Sondos83","3","4","7"
"SonicAttack","3","4","7"
"sonicdoteexe","4","3","7"
"sonicmovie","4","3","7"
"sonjeev","3","4","7"
"Sonofgod007","4","3","7"
"sonujohn","4","3","7"
"SonyaIordan","3","4","7"
"SoonRisza","4","3","7"
"Soptik26","4","3","7"
"sosorena","3","4","7"
"SoufianeTAHIRI23","3","4","7"
"Soumik438","3","4","7"
"soundkid","3","4","7"
"Soundlink","4","3","7"
"soundmind69","4","3","7"
"sourabhgar007","3","4","7"
"Sourish_Das","4","3","7"
"SouthAfricanProtez","5","2","7"
"southcol","4","3","7"
"Southpawmk1","4","3","7"
"sowiesoegal","4","3","7"
"soybenjamin3","4","3","7"
"spam201","4","3","7"
"Spaniardjims","2","5","7"
"sparky1991","3","4","7"
"SparSam","4","3","7"
"sparsh11","4","3","7"
"spartanXI","4","3","7"
"Spatok","3","4","7"
"spe1l","4","3","7"
"SpeedRace3","3","4","7"
"SpeedRacer1","5","2","7"
"SpeedyPriests","3","4","7"
"Spellbinder_de","4","3","7"
"sper20w","4","3","7"
"spero5","4","3","7"
"SpicyCrabRoll","4","3","7"
"spillespillesjakk","3","4","7"
"SpiritedDucklings","3","4","7"
"SpiritusSpei","4","3","7"
"spiroberg","4","3","7"
"spitfire60","4","3","7"
"Spongeduck","4","3","7"
"spoton","4","3","7"
"Sprakky","4","3","7"
"Sproust","4","3","7"
"sprughtly","3","4","7"
"spyshadow","2","5","7"
"squajbob","3","4","7"
"squishygroot","3","4","7"
"sr-tlacuache","3","4","7"
"sramsubbu","4","3","7"
"srbdragon","2","5","7"
"SrBolainas","3","4","7"
"Srdja-1976","3","4","7"
"SREEJITA","4","3","7"
"Sreekanth_Rajan1","3","4","7"
"sreeunni","4","3","7"
"srfs","5","2","7"
"srhtky13","4","3","7"
"srikantv","4","3","7"
"srivissy48","3","4","7"
"sriyadu","4","3","7"
"srkncmk","4","3","7"
"srmordred","4","3","7"
"srnkasvizna","3","4","7"
"SSCChess","4","3","7"
"ssk0907","4","3","7"
"sspvchess","4","3","7"
"ssssbbbb","4","3","7"
"ssunill","4","3","7"
"Ssysushbswgtzhx","3","4","7"
"ST184825","4","3","7"
"staar14","4","3","7"
"stalbetan1","3","4","7"
"Stallion28","4","3","7"
"stalvirsis","3","4","7"
"Star__dust","4","3","7"
"stargazer12112","5","2","7"
"StarkSoldier","4","3","7"
"starmixchess","3","4","7"
"Starochadam","4","3","7"
"STARZ19","4","3","7"
"StaSiToSanjala","3","4","7"
"Staskrd","3","4","7"
"State_employee","4","3","7"
"StateCollegeHi","4","3","7"
"Stathis_Branikas","4","3","7"
"Static_King","4","3","7"
"Stayclose2Queen","4","3","7"
"staystay113","3","4","7"
"steckie","3","4","7"
"stef1005","3","4","7"
"Stefannsn","4","3","7"
"StefanoScigliano","3","4","7"
"SteffoHask","5","2","7"
"steinibear","4","3","7"
"steinove","3","4","7"
"stelmeitovich","4","3","7"
"StephanausBerrendorf","4","3","7"
"stephanvong","3","4","7"
"stephennn1","4","3","7"
"steve4443","3","4","7"
"Steveng96","4","3","7"
"StewardM","2","5","7"
"sthg1","4","3","7"
"stickyickyicky","3","4","7"
"stigmr","4","3","7"
"stigstas","3","4","7"
"stijncl","2","5","7"
"StinkyFeet","4","3","7"
"Stinovo","5","2","7"
"Stiv2804","3","4","7"
"Stivie","3","4","7"
"stockfish00001","4","3","7"
"Stockfishson_1","5","2","7"
"Stockowitschko","4","3","7"
"Stoik","2","5","7"
"STOP__FOLG","3","4","7"
"Strelok19_20","3","4","7"
"Strickliesel","2","5","7"
"striker99","4","3","7"
"Strong_Moves","3","4","7"
"Strongg_cmForza","4","3","7"
"Struzhikov_M","4","3","7"
"Stsepeon","4","3","7"
"student456456","4","3","7"
"stuncold","3","4","7"
"stupidgoldfish","4","3","7"
"Sturuskan","4","3","7"
"Styep","4","3","7"
"StygianDuck","3","4","7"
"Stylish_02","3","4","7"
"StYura","2","5","7"
"subo333","3","4","7"
"SubZir0","3","4","7"
"sucer","3","4","7"
"sudburydude","5","2","7"
"suddenmuanga","3","4","7"
"sudhir161","3","4","7"
"sugarmoustache","3","4","7"
"sugerlove","4","3","7"
"Sujan88","2","5","7"
"Sukiennik","3","4","7"
"sulcik15","4","3","7"
"Suld87","3","4","7"
"Sultankam","4","3","7"
"sumaZgdinamo","4","3","7"
"summerboy","2","5","7"
"sumun","4","3","7"
"Sunrac","3","4","7"
"SupCuh","3","4","7"
"superbdevil7","4","3","7"
"SuperChamp1234","3","4","7"
"Superchero","3","4","7"
"SuperFrank","4","3","7"
"superlean22","4","3","7"
"SuperMicroInch","4","3","7"
"superrico","4","3","7"
"supersuperFred","3","4","7"
"supitsenko","4","3","7"
"surenm87","3","4","7"
"Surfles","3","4","7"
"Surinov_Michail","4","3","7"
"Suruslov","1","6","7"
"susanf4","4","3","7"
"susanim","4","3","7"
"sushantk21","3","4","7"
"sutikcram","4","3","7"
"Suzuki_Miyu_19","4","3","7"
"Sva3","3","4","7"
"svarh","3","4","7"
"SVC_Zaenal_Azhar","3","4","7"
"sveif","3","4","7"
"Sves","4","3","7"
"svsarath1408","4","3","7"
"Svtar1024","3","4","7"
"Sw1nota","4","3","7"
"swaggchef","2","5","7"
"swanike","4","3","7"
"SwapnilShrivastava","3","4","7"
"SwaroopNalkande1234","3","4","7"
"Swastik_Nagrikar","4","3","7"
"swastikkw","3","4","7"
"swayzse","5","2","7"
"sweetinho","4","3","7"
"sweetta","3","4","7"
"swingkid","3","4","7"
"SwingTrade2020","3","4","7"
"SWMITDEMBMW","4","3","7"
"swstyleee","4","3","7"
"Sxla","4","3","7"
"syarif_catur","4","3","7"
"SYesilmen","4","3","7"
"sylvesters","4","3","7"
"symmhmt","4","3","7"
"synesthesic","3","4","7"
"Syzif","4","3","7"
"Sz00pek","4","3","7"
"szachowemisie","3","4","7"
"szemfog","3","4","7"
"Szujaa","4","3","7"
"szymi14","3","4","7"
"Szymulcio","4","3","7"
"szyszctov","4","3","7"
"T-Serve","4","3","7"
"T-SQEL","4","3","7"
"t1982","4","3","7"
"t347-827-9329","4","3","7"
"Tabulus","4","3","7"
"Tacksamycket","3","4","7"
"TacoPacoLicious","3","4","7"
"Tactical_Monser666","4","3","7"
"tadhajsh","4","3","7"
"Tadzikas","3","4","7"
"TaeSuk","4","3","7"
"TaffTT","4","3","7"
"taghihossinzadeh_45","4","3","7"
"Taguato_ray","4","3","7"
"tahar_a9","3","4","7"
"tahersadeghian","3","4","7"
"Tahsinmehrab1","4","3","7"
"TAHSSEENZ","4","3","7"
"taht1393","5","2","7"
"TAHTACI","3","4","7"
"Taivanbayar","3","4","7"
"Tajson87","4","3","7"
"takezoido","2","5","7"
"takisobiemis","4","3","7"
"Takpar61","3","4","7"
"Talannosov","3","4","7"
"talgrin","3","4","7"
"talha2309","4","3","7"
"TalIvanchuk16","3","4","7"
"talke","4","3","7"
"Tall_Bird","4","3","7"
"tall4","4","3","7"
"Talparovnik","3","4","7"
"Talyesin","4","3","7"
"Tamaradama","4","3","7"
"Tamarcottage","4","3","7"
"TamilTornado","3","4","7"
"Tammy001","4","3","7"
"Tanaya_Kamani23","3","4","7"
"Tang-KMNS","2","5","7"
"tangereen","4","3","7"
"Tanishq-23","4","3","7"
"tanishqplays2006","4","3","7"
"TanmayMhatre","4","3","7"
"Tar777","3","4","7"
"Tarek-MD","4","3","7"
"TareqBareich","4","3","7"
"tarik_usciati","4","3","7"
"Tarik-ofkir","4","3","7"
"tartak81","4","3","7"
"tarun6099","3","4","7"
"Tarunkrish","3","4","7"
"Tarunss66697","4","3","7"
"taspider","4","3","7"
"tat88","4","3","7"
"Tatarrrr","3","4","7"
"tati72","4","3","7"
"Tatoo24","3","4","7"
"TatoRoman007","3","4","7"
"tatotto","3","4","7"
"tattttt","4","3","7"
"Tauruschild","5","2","7"
"tava2","4","3","7"
"Taxecron","4","3","7"
"TBC2020","3","4","7"
"tbobt3425","4","3","7"
"tboros","3","4","7"
"tburnin","4","3","7"
"TCO1","4","3","7"
"TDB212","3","4","7"
"teamabc","4","3","7"
"Techcore123","4","3","7"
"TeddyBernard","3","4","7"
"TefTy","3","4","7"
"Tehelka","4","3","7"
"tehuang92","3","4","7"
"TejasMJ","3","4","7"
"Telegin_Alexey","4","3","7"
"TelEtTel","3","4","7"
"telonka","3","4","7"
"TemaShevchenko","3","4","7"
"Tembulat_Tha","3","4","7"
"TemiRch","4","3","7"
"templarnext","4","3","7"
"Tempomini","4","3","7"
"Temrbolat","4","3","7"
"ten_yo","3","4","7"
"tenisak","3","4","7"
"TenL","4","3","7"
"Tenob","4","3","7"
"tenoke","4","3","7"
"Tentaculos","4","3","7"
"TeQuiebro","3","4","7"
"terbvb","4","3","7"
"Tereaurahi","4","3","7"
"terezkanejlepsi","3","4","7"
"terjy03","3","4","7"
"Terkin84","2","5","7"
"tertian","3","4","7"
"testingOpenings123","4","3","7"
"testud","3","4","7"
"TetxuVillota","3","4","7"
"TexMaster","3","4","7"
"tezzans","3","4","7"
"Th0shi","3","4","7"
"th304","3","4","7"
"Th3Guy","5","2","7"
"Thaab","3","4","7"
"ThadCastle","3","4","7"
"Thang1711","5","2","7"
"thatchermurdock","4","3","7"
"Thato_33","4","3","7"
"The_Almo","4","3","7"
"The_Craft","4","3","7"
"The_Ghost321","4","3","7"
"The_Horror","3","4","7"
"The_Impostor","3","4","7"
"The_Most","3","4","7"
"The_Original_Man","4","3","7"
"the_peoples_champion","3","4","7"
"The_Titan_X","4","3","7"
"the_wojtek","4","3","7"
"the-flow","4","3","7"
"The-Meaty-Plumber","3","4","7"
"The-muffin-man","3","4","7"
"the14","4","3","7"
"TheAlbert","2","5","7"
"TheArtist2000","4","3","7"
"thebearman","4","3","7"
"TheBigMoo","4","3","7"
"TheBishope","5","2","7"
"TheblackLion1405","3","4","7"
"theblueone","4","3","7"
"TheBlunderDownUnder","3","4","7"
"thebody","4","3","7"
"TheBongCloud0_0","4","3","7"
"TheCapeCobra","3","4","7"
"thecheese98","3","4","7"
"thechessplayer10","3","4","7"
"TheDayThatNeverCome","2","5","7"
"Thederion","4","3","7"
"thedriedplum","4","3","7"
"thedude570","3","4","7"
"TheFAT","3","4","7"
"thefirst25","3","4","7"
"TheGame83","5","2","7"
"TheGoat221","4","3","7"
"theholland","3","4","7"
"TheKaneB","5","2","7"
"TheKinway","4","3","7"
"TheMa","4","3","7"
"TheMadman95","3","4","7"
"TheMar1","3","4","7"
"themaze06","2","5","7"
"thementalist_15","2","5","7"
"thenajdorfknight","4","3","7"
"TheNextJedi","4","3","7"
"thenickpetersen","4","3","7"
"Theobromines","3","4","7"
"TheOneDeeMafura","4","3","7"
"theonicisan","5","2","7"
"theosis101","3","4","7"
"Theozinlek","4","3","7"
"ThePawnSpirit","4","3","7"
"theprivypoet","4","3","7"
"TheRealChessShady03","4","3","7"
"TheRealSavoy","4","3","7"
"thereeler","4","3","7"
"TheRookBish","3","4","7"
"thesanewit","4","3","7"
"thesimpleword","4","3","7"
"TheSkinning","4","3","7"
"theslender","4","3","7"
"Thesnaper1","4","3","7"
"TheSpiceIsRight","3","4","7"
"TheSwanAndPaedo","4","3","7"
"thewavyj","3","4","7"
"Thewhited4player2","4","3","7"
"Thijmman","2","5","7"
"ThinUniqueBranch","3","4","7"
"ThirstBloog","5","2","7"
"ThirstyBeetroot","3","4","7"
"ThisDudeIscCrazy","3","4","7"
"ThisisfromMathilda","3","4","7"
"Thokue","3","4","7"
"thomas186","3","4","7"
"thomasmore","4","3","7"
"thomasmoretti6","4","3","7"
"ThomasShelby25","4","3","7"
"thommynator","4","3","7"
"thompsonmachine","3","4","7"
"thotkilla42069","3","4","7"
"ThreeLittle-Birds","3","4","7"
"THTA1977","3","4","7"
"thuab","3","4","7"
"thund3rbird","3","4","7"
"ThunderDude03","3","4","7"
"Thunderstruk","4","3","7"
"thundrr","3","4","7"
"thurinbrokenshield","3","4","7"
"Ti-Ga","3","4","7"
"Tiagocinpak","4","3","7"
"TianaHTRA","4","3","7"
"Tiberius1778","3","4","7"
"tibicioc","4","3","7"
"TibidaboOurs","4","3","7"
"tibo247","4","3","7"
"Ticklikoff","3","4","7"
"Tidbit740353","4","3","7"
"TiGrAn62","4","3","7"
"tijedj","3","4","7"
"TiKo1104","3","4","7"
"tikv","4","3","7"
"Tilki-Kardes","4","3","7"
"tim-uu","3","4","7"
"timarsan","3","4","7"
"Timo111","4","3","7"
"Timpervious","3","4","7"
"timshar09","3","4","7"
"Timur-345","4","3","7"
"TIMUR101985","5","2","7"
"TimurZhamkov","2","5","7"
"tiniwniwniwniw","4","3","7"
"tinoubouss","4","3","7"
"tiojose","2","5","7"
"tioramdon23453265234","3","4","7"
"Tipovigo","4","3","7"
"TiqueroGourgel","4","3","7"
"tirakam","3","4","7"
"Tirtho99","5","2","7"
"Tischbouncer","4","3","7"
"Titicyp","4","3","7"
"Tivox","4","3","7"
"tjhair","4","3","7"
"Tkp","2","5","7"
"tlbyn","3","4","7"
"tmerle","3","4","7"
"TmFAILpixel","5","2","7"
"tml","4","3","7"
"tntrnt","4","3","7"
"ToadInAMercedes","3","4","7"
"Tobacco_Django","3","4","7"
"Tobacco_grower","3","4","7"
"Tobias5442","5","2","7"
"tobiHandy","4","3","7"
"TobyTyler","4","3","7"
"todi222","3","4","7"
"Toffee4","3","4","7"
"toffku","3","4","7"
"Tohid1990","4","3","7"
"ToKl1","4","3","7"
"Toldos","3","4","7"
"tolifer","2","5","7"
"Tolyamba62","3","4","7"
"tom_the_frick","3","4","7"
"Tom-ash-8891","4","3","7"
"tomakpawnmak","3","4","7"
"tomas237","4","3","7"
"TomasHnat","4","3","7"
"tomasjensen","3","4","7"
"TomasLopez10","4","3","7"
"TomatoMathew","4","3","7"
"TomCobo","3","4","7"
"Tomcolle","4","3","7"
"TomEchecss","3","4","7"
"Tomerony","3","4","7"
"TomGless","3","4","7"
"tomileinchen","3","4","7"
"Tomk4","4","3","7"
"Tommmy","3","4","7"
"Tommy0405","3","4","7"
"Tomtday","4","3","7"
"tony3adell9","3","4","7"
"tonykid1","4","3","7"
"tooappy","3","4","7"
"Toodamaxx","4","3","7"
"toofan2020","3","4","7"
"tooncastle","3","4","7"
"TooPrah8V","3","4","7"
"toouglytodate","3","4","7"
"Top_B3","5","2","7"
"Topchina1","3","4","7"
"Topersun","3","4","7"
"topgm","4","3","7"
"topgun_lu","3","4","7"
"Torhom","3","4","7"
"Tormern","4","3","7"
"Tornado32","5","2","7"
"Toro2003","4","3","7"
"Torres111","3","4","7"
"Torsmons","4","3","7"
"totalamator","3","4","7"
"Totallyeminem395","3","4","7"
"toto59840","3","4","7"
"towsifchy_bd","4","3","7"
"tpai","4","3","7"
"TPavel2021","4","3","7"
"tpetrosian90","4","3","7"
"tr09","3","4","7"
"Traceee","3","4","7"
"traderchesslover","4","3","7"
"train123","3","4","7"
"TrajanoDavid","4","3","7"
"Traktorbek","4","3","7"
"Trall01","3","4","7"
"tranviettai810","3","4","7"
"trashberry","4","3","7"
"travaldinho","4","3","7"
"traveler1980","4","3","7"
"Traveloco","3","4","7"
"Travisito","4","3","7"
"travisk","4","3","7"
"Trebor23","2","5","7"
"Tree_v2","3","4","7"
"treshonh","3","4","7"
"TRH_Haz2","4","3","7"
"TribilinGoofy","3","4","7"
"Triceratops7","4","3","7"
"TrillFingaz","4","3","7"
"trinast","4","3","7"
"TripoK","4","3","7"
"Trivium_chess","4","3","7"
"trmd","3","4","7"
"TRMercury","3","4","7"
"Tromboi","3","4","7"
"Tronchareyes","5","2","7"
"TronkoCL","3","4","7"
"Tronn","4","3","7"
"TrOsK1","3","4","7"
"trouble14","3","4","7"
"trthrussia","3","4","7"
"trypto333","3","4","7"
"TS_Ghost","4","3","7"
"tsahirouibrahim01","4","3","7"
"tschuri","3","4","7"
"tsibme","2","5","7"
"Tsondovdorj","3","4","7"
"TSponta","4","3","7"
"tst2001","4","3","7"
"ttifo","3","4","7"
"Tuannguyen2022","3","4","7"
"tuelam2705","4","3","7"
"Tulvyna3773","3","4","7"
"TunaDogann","4","3","7"
"TupanTechno","4","3","7"
"Turd","3","4","7"
"TurkSK","3","4","7"
"turnupturtle","3","4","7"
"Turoverd","3","4","7"
"TurRamaj","3","4","7"
"turuncukoala1","3","4","7"
"TVladimir","5","2","7"
"twentyoneChess","3","4","7"
"Tweytwan","3","4","7"
"twistedpixel7","4","3","7"
"two-ply","3","4","7"
"twotrees10000horses","4","3","7"
"TWRWMOM","3","4","7"
"TYP_Blocky","3","4","7"
"tzeentch88","3","4","7"
"U31n","4","3","7"
"UAC_Meta-khor","4","3","7"
"uamzeki","4","3","7"
"uasloboda","4","3","7"
"UbushAngarikov","4","3","7"
"UcanHollandali","3","4","7"
"Uchiha01","4","3","7"
"UD05","3","4","7"
"UdoMacha","5","2","7"
"udontwannaknow","3","4","7"
"UFAcity","5","2","7"
"ufo_giv","4","3","7"
"uglen","4","3","7"
"ugnerd","3","4","7"
"uguraksu","4","3","7"
"ugurTAL","4","3","7"
"Ulcerman","4","3","7"
"Ulia_125","4","3","7"
"ulkapind","3","4","7"
"uminator","4","3","7"
"umit00000000","4","3","7"
"umitsahan","4","3","7"
"UmsLaChoups","3","4","7"
"Umtiti61","3","4","7"
"umutaliucar","4","3","7"
"unamas","4","3","7"
"unbroken26","5","2","7"
"unclejury","4","3","7"
"underpromote123","4","3","7"
"unheave","4","3","7"
"unibrow","3","4","7"
"Unicorndreamworld","4","3","7"
"unimpossibler","4","3","7"
"Unknown_mindmaster","4","3","7"
"Unknowns002","4","3","7"
"Unodosultraviolento","3","4","7"
"uqalaJoJuk54","4","3","7"
"urfinman","4","3","7"
"Urlaub2023","3","4","7"
"Urmand06","4","3","7"
"USARANYA2010MAR","3","4","7"
"Uscable","3","4","7"
"useff75_sisili","4","3","7"
"user12388","4","3","7"
"utia","3","4","7"
"utkarsh0509","4","3","7"
"utkarsh7844","3","4","7"
"utkarshpro","4","3","7"
"utsavvv","4","3","7"
"uttad","4","3","7"
"Utterbawbag","3","4","7"
"uvidelvlyubilsya","3","4","7"
"uwebond","3","4","7"
"uwushycatboy","3","4","7"
"Uzamuki_57","4","3","7"
"Uzzee","4","3","7"
"V_ogne","3","4","7"
"V_Vins","3","4","7"
"v1xen26","3","4","7"
"v200w","3","4","7"
"v7s02","3","4","7"
"vacuole","4","3","7"
"VadapavIQ","3","4","7"
"Vadder","5","2","7"
"Vadim_Yumakhuzhin","2","5","7"
"VadimDanil","3","4","7"
"VadimPerviy","4","3","7"
"vagyokakivagyok","4","3","7"
"Vaibhab93","2","5","7"
"vaibhaw20212","3","4","7"
"Vajra9","4","3","7"
"valasultan","3","4","7"
"Valdoni","2","5","7"
"Valentin1593","3","4","7"
"valera1977","3","4","7"
"valery872","4","3","7"
"valeryminaev","4","3","7"
"valinor92","4","3","7"
"valinq","2","5","7"
"valm11r","3","4","7"
"vampirim1981","3","4","7"
"van666","3","4","7"
"Vanderap44s","4","3","7"
"VanOgo1117","3","4","7"
"Varad_Vaishnav","3","4","7"
"Varchasv05","4","3","7"
"VardanMamikonyan","4","3","7"
"varun_ch","3","4","7"
"varx11","3","4","7"
"vasanthraji24","3","4","7"
"VascaL8","3","4","7"
"Vasilyev_Mikhail","3","4","7"
"VasKarov05","4","3","7"
"Vasudeva16","3","4","7"
"Vasya007","3","4","7"
"Vasya56","4","3","7"
"Vasyalesha","3","4","7"
"vasyan59sk","3","4","7"
"vaterp","4","3","7"
"Vatutin","4","3","7"
"vaw1","3","4","7"
"vaz-k1","3","4","7"
"vazbash","3","4","7"
"vazik72","3","4","7"
"vdryarden","3","4","7"
"veer3106","3","4","7"
"vega13261","3","4","7"
"Vegeth","3","4","7"
"veiset","4","3","7"
"Veles2504","4","3","7"
"Velga","2","5","7"
"Vendedordetamales","4","3","7"
"venividivici93","3","4","7"
"Venum444","4","3","7"
"vermode","4","3","7"
"Veronica_sc","3","4","7"
"verse_of_mk","3","4","7"
"Very_strange","4","3","7"
"veryfastbiz","4","3","7"
"Verystraightguy","3","4","7"
"VespChess","4","3","7"
"vexor18","4","3","7"
"vfmapfumo","4","3","7"
"vgasparyan","3","4","7"
"vi_sl","2","5","7"
"vianalucas","3","4","7"
"vianneyc","4","3","7"
"Vic0808","5","2","7"
"vicen40","3","4","7"
"vicentejrs","4","3","7"
"vich71","3","4","7"
"Viciuscycle","3","4","7"
"Vicodine","3","4","7"
"victor-panache","2","5","7"
"Victor142","3","4","7"
"Victor43252","4","3","7"
"victoraa2","4","3","7"
"victorblack0774","3","4","7"
"VictorBorges","4","3","7"
"victordconqueror","4","3","7"
"victordsn","3","4","7"
"victorg09","3","4","7"
"VictorHS","4","3","7"
"Victoriaes","2","5","7"
"victorMM123","3","4","7"
"VictorND","3","4","7"
"Victorsantosmontoya","3","4","7"
"VictorTheBoss","3","4","7"
"Vidal02","3","4","7"
"vidamo1","4","3","7"
"vidda_awsh","4","3","7"
"vidim1","3","4","7"
"Vieja_Del_Agua","3","4","7"
"vignesh_viggu","5","2","7"
"Viitaliy","3","4","7"
"Vijay_Uppadhay","4","3","7"
"vijaymadhesh","3","4","7"
"Vijyant","4","3","7"
"vikaskalagi","3","4","7"
"VikingLawyer","3","4","7"
"vikkktorius","3","4","7"
"Vikramkamal","3","4","7"
"Vikt_or79","4","3","7"
"Viktor_Shayko","3","4","7"
"Viktor_Solovyov","3","4","7"
"viktorsmrt","4","3","7"
"viktorustin","2","5","7"
"viktorzr","4","3","7"
"vilaman","4","3","7"
"Viliakas","3","4","7"
"Viline","4","3","7"
"villafox","3","4","7"
"villam83","4","3","7"
"Vinar16","3","4","7"
"vinceno","3","4","7"
"vincent19943010","4","3","7"
"VincereSBG","3","4","7"
"vineeshvm20062008","3","4","7"
"vinitTi","4","3","7"
"vino1012","3","4","7"
"vinylchances","4","3","7"
"vinylsoul45","4","3","7"
"Vinyo","3","4","7"
"viplaw77","2","5","7"
"vishnu412","4","3","7"
"vishuta","3","4","7"
"vishy_pratyush","4","3","7"
"VishyNandan","4","3","7"
"visis","4","3","7"
"visuviswas","3","4","7"
"Vitalii_Kornii","4","3","7"
"Vitaliy_Losugin","4","3","7"
"vitaminsizzz","3","4","7"
"vito-chess","4","3","7"
"Vittorio64","4","3","7"
"Vittovirgo","3","4","7"
"VivekAnandVK451","4","3","7"
"viver0s","3","4","7"
"vjaymore","3","4","7"
"vjers","4","3","7"
"vkrrr","3","4","7"
"vkvkvkvk","5","2","7"
"vlachu","4","3","7"
"Vlad_-1992","3","4","7"
"Vlad_B","4","3","7"
"vlad08122002","4","3","7"
"vlad1170","3","4","7"
"vladdyboy","4","3","7"
"VladimirAndronik","4","3","7"
"VladimirRu72","3","4","7"
"VladislavBal","5","2","7"
"Vladkawa","3","4","7"
"Vladnsk1995","4","3","7"
"Vladon444ik","3","4","7"
"VladRR","3","4","7"
"Vlastenir","3","4","7"
"vlb1986","4","3","7"
"Vlerori","3","4","7"
"VlTrader85","3","4","7"
"vmob","4","3","7"
"VNeimer","3","4","7"
"vo_gbao","3","4","7"
"volatile30","3","4","7"
"Volgasoldier","3","4","7"
"volki100","3","4","7"
"voller_15","4","3","7"
"VolodyaMagnatorg","4","3","7"
"von_neuman","4","3","7"
"Von232","2","5","7"
"vonstrik","3","4","7"
"Voolfenborg","4","3","7"
"vova200508","4","3","7"
"vova9752","4","3","7"
"vphant88","3","4","7"
"vrcngtrx","3","4","7"
"vrubilov_1","3","4","7"
"VSAlmeida","3","4","7"
"VukasinMiljkovic","3","4","7"
"vukvucenovic","4","3","7"
"Vvevgil","4","3","7"
"vvQuin","4","3","7"
"vvsshubham","4","3","7"
"Vyka","3","4","7"
"vzrivtrotila","3","4","7"
"w00d00","3","4","7"
"Wacky7","3","4","7"
"wadong2019","4","3","7"
"WagmusCharlsen","3","4","7"
"WaizaN","3","4","7"
"Wajo","4","3","7"
"WaldenDos","4","3","7"
"Waleedfazal6","4","3","7"
"walk1ng","4","3","7"
"WalterWhite544","4","3","7"
"Walwad70","3","4","7"
"wamisala","3","4","7"
"WANG-12","2","5","7"
"Wanlaz","4","3","7"
"wannabez","3","4","7"
"Wannalot","3","4","7"
"wardenclyfffe","3","4","7"
"WardogCivil","4","3","7"
"Waris07","4","3","7"
"waristokrat","3","4","7"
"WarrenBufflet","4","3","7"
"Wasder1","4","3","7"
"Waseem2528","4","3","7"
"Washedupchessplayer","3","4","7"
"Wasserruderer","4","3","7"
"Watermelon1122","3","4","7"
"WAWR07","4","3","7"
"WayneBings","3","4","7"
"waz1991","3","4","7"
"WB1899","4","3","7"
"WBW23","4","3","7"
"weebking_0","3","4","7"
"Wefes","2","5","7"
"weijing","5","2","7"
"weirdmovedude","4","3","7"
"weisert","4","3","7"
"Welcometo","3","4","7"
"wellma3","3","4","7"
"Welshcoast","4","3","7"
"wendellshadow13","2","5","7"
"wental","3","4","7"
"werfik","5","2","7"
"wescon","4","3","7"
"wetrust7","5","2","7"
"wewakee","4","3","7"
"wgtaylor","3","4","7"
"WhatDoWeReallyKnow","4","3","7"
"Whiskeysauron","4","3","7"
"whiskyankeesierra","4","3","7"
"Whisper83","4","3","7"
"white_fang007","4","3","7"
"Whiterabbit2212","4","3","7"
"whoops331","3","4","7"
"whosgukeish","3","4","7"
"Why_So_Serious_2171","4","3","7"
"whynotmate","3","4","7"
"Wilburbud","3","4","7"
"WilfricBowknee","3","4","7"
"WilkensonE","3","4","7"
"WilkuDwaZeby","3","4","7"
"will_1975","4","3","7"
"Will_Rock","3","4","7"
"Willendort","3","4","7"
"Willi56","4","3","7"
"WilliamHBonney","3","4","7"
"williestew","4","3","7"
"Willy69","3","4","7"
"Willyouwin","4","3","7"
"wiltal","4","3","7"
"wiltonstz","4","3","7"
"WinDr","2","5","7"
"wingeeed","3","4","7"
"winnerbeat","5","2","7"
"Winnie1155","4","3","7"
"Wintare","3","4","7"
"WiredTiger","5","2","7"
"Wirgo","4","3","7"
"wise33","3","4","7"
"Wishgift","3","4","7"
"Wissem76","4","3","7"
"Wiszniak","4","3","7"
"Witaj_I_Am_Light","3","4","7"
"witcheer","4","3","7"
"WithEvil","5","2","7"
"withLove_y_abo7meed","3","4","7"
"wiu0","4","3","7"
"wiur","4","3","7"
"wjdwlswjdwls","5","2","7"
"wmeyi","4","3","7"
"WOFFO","5","2","7"
"WoHaAUL3AT","4","3","7"
"wolfbenz","3","4","7"
"wolfernfox","3","4","7"
"Wolfgang2100","4","3","7"
"wolfinator99","2","5","7"
"wonderflower","4","3","7"
"WonderingDoctor","4","3","7"
"wonotobo","3","4","7"
"wootothehoo13","3","4","7"
"WorkBrain","4","3","7"
"worldlyclover","4","3","7"
"wowusis","3","4","7"
"WROBERTO","3","4","7"
"WSergei","3","4","7"
"wtergen","4","3","7"
"Wu1","4","3","7"
"wurstigerhans","4","3","7"
"wutwutIA","3","4","7"
"wymas","5","2","7"
"Wyvern676","4","3","7"
"X-bar","3","4","7"
"X-DesertfoX","3","4","7"
"x23s","3","4","7"
"x96","4","3","7"
"x9n","4","3","7"
"xabk","4","3","7"
"XadrezBrabo","4","3","7"
"xavway_to_hell","4","3","7"
"Xeimarros","3","4","7"
"Xelor3224","3","4","7"
"XenoCeystyS","4","3","7"
"xenos9123","3","4","7"
"Xeron07srz","3","4","7"
"Xerxes08","4","3","7"
"xFedal95","5","2","7"
"Xico5689","4","3","7"
"xihoc","4","3","7"
"xjosh24skariax","4","3","7"
"XK_po_imeni_Rock","4","3","7"
"xmelfoyx","3","4","7"
"xMOMANIx","4","3","7"
"XNiss","3","4","7"
"Xpuct9","2","5","7"
"xruprim","4","3","7"
"xSam0625","4","3","7"
"Xwingc","4","3","7"
"XxconnorxX","3","4","7"
"xxerenxx0147","2","5","7"
"xxHAL9000xx","3","4","7"
"xxPavelxx","3","4","7"
"xxpemoxx","3","4","7"
"XxTeam_CharliexX","3","4","7"
"XXXandi","4","3","7"
"xxxLUCASxxx","3","4","7"
"xxzzwwzzxx","4","3","7"
"Xyghdertyuuuuz","4","3","7"
"Xyl1gaan","3","4","7"
"xyxer","3","4","7"
"y_kocharyan","3","4","7"
"y_li_ysf","4","3","7"
"y2k8_10","4","3","7"
"YaaZDaaN","3","4","7"
"YagamiLight012","4","3","7"
"YagizEfe","4","3","7"
"Yahi0mar","3","4","7"
"yaiserubio","3","4","7"
"YakarTR","3","4","7"
"YamilxAntonio","3","4","7"
"yanxunng","4","3","7"
"Yaonokami","3","4","7"
"YARGIC","3","4","7"
"yarleo","3","4","7"
"yaromur","3","4","7"
"yas903","3","4","7"
"yasareker","2","5","7"
"yaser_ka","3","4","7"
"yaser7d","3","4","7"
"yasharbaran","4","3","7"
"yashashshroff","3","4","7"
"Yashmiraintbad","4","3","7"
"Yashwant_yadav","3","4","7"
"Yauheni","3","4","7"
"YayyYouBlundered","3","4","7"
"yd1","4","3","7"
"yeebey","4","3","7"
"yeKcim","3","4","7"
"Yelisey_Goncharov","4","3","7"
"Yellowducktribe","4","3","7"
"yellowhouse","4","3","7"
"YeyeK","3","4","7"
"yg1434","3","4","7"
"ygaller","4","3","7"
"YGuthrie","3","4","7"
"Yibril","4","3","7"
"yigit2003","3","4","7"
"Yigit534","4","3","7"
"yigitastn","4","3","7"
"Yils","4","3","7"
"yirmilerimdeyim","4","3","7"
"Yiskah","5","2","7"
"yjaimz","4","3","7"
"ykpyc","3","4","7"
"yks0312","5","2","7"
"ymandina","4","3","7"
"yn06720","4","3","7"
"yoavsaf","4","3","7"
"yogeshpowar","4","3","7"
"Yohgamer","4","3","7"
"Yolcu1981","4","3","7"
"Yomenik09","3","4","7"
"Yosefweiss425","3","4","7"
"yoshi27","4","3","7"
"younes_abadeh","4","3","7"
"Yousef_Tamer","4","3","7"
"yousef1100","3","4","7"
"Youzef06","3","4","7"
"Yozoro","3","4","7"
"yph","5","2","7"
"yriik21","4","3","7"
"yshosen","3","4","7"
"ysspro37","3","4","7"
"ytungac","3","4","7"
"Yudha-Cakep","4","3","7"
"Yufry","4","3","7"
"YukselisZamani","3","4","7"
"yulia536363","3","4","7"
"yung_T","3","4","7"
"YungMoneyMJ","3","4","7"
"yupog","3","4","7"
"YuraMakarov","5","2","7"
"Yuri_Viana","4","3","7"
"yuri71","3","4","7"
"yuriyyurinskiy","3","4","7"
"yusoff_ff","6","1","7"
"Yusuf_Seid_Khan","4","3","7"
"yusuf-2011","4","3","7"
"YUSUFARIQ","4","3","7"
"yusufbozkurt","4","3","7"
"YusufShihar","4","3","7"
"yuvib15","3","4","7"
"yveltal121013","3","4","7"
"yyaa","4","3","7"
"z3055","3","4","7"
"Z4nderr","4","3","7"
"Zaar","3","4","7"
"zabatista","4","3","7"
"zachb66","4","3","7"
"zachreborn","3","4","7"
"zaferkaratash","3","4","7"
"zahar-97","4","3","7"
"zaharovmixail87","4","3","7"
"Zahat_Zadorozhniy","3","4","7"
"zahidML2007","3","4","7"
"zahitkaplan","4","3","7"
"Zahranba","4","3","7"
"Zahubitel","4","3","7"
"zakariab","4","3","7"
"zaktgt","3","4","7"
"zal_p","3","4","7"
"zamam_2000","4","3","7"
"ZambranoYepez","5","2","7"
"zangov","2","5","7"
"zans58","4","3","7"
"ZapBranigan","3","4","7"
"Zappricious","3","4","7"
"zarasJKA","3","4","7"
"ZaratustraFWN","4","3","7"
"Zarovnyi","4","3","7"
"zayyyyen","3","4","7"
"zbt19","4","3","7"
"Zdrtfx","2","5","7"
"ZDV","4","3","7"
"Ze394jo","2","5","7"
"ze3n5","3","4","7"
"zeajeison","2","5","7"
"Zedward","3","4","7"
"zeenn","4","3","7"
"zegazega","4","3","7"
"zeglatovsky","4","3","7"
"zehpeh","3","4","7"
"Zeko1994","4","3","7"
"zekobur","4","3","7"
"Zeleny_Snehulak","2","5","7"
"Zeley","4","3","7"
"ZemCitrus","3","4","7"
"zeneaurger","4","3","7"
"Zenib36","3","4","7"
"Zenkov_a_v1990","3","4","7"
"Zenosphere","4","3","7"
"zephred","3","4","7"
"zeppfan","4","3","7"
"zermelo1912","4","3","7"
"zermelo1913","3","4","7"
"ZerosSkills","4","3","7"
"Zeryx","4","3","7"
"zexxez","5","2","7"
"Zhan_aruzhan2009","4","3","7"
"Zhangliye","3","4","7"
"ZharkovAV","5","2","7"
"Zhenechek___0","3","4","7"
"zhividmitriy","4","3","7"
"zico996","4","3","7"
"Zikenst","4","3","7"
"zimbaci50","3","4","7"
"Zindre","4","3","7"
"Zixman","3","4","7"
"zkralla","3","4","7"
"zlatan747","4","3","7"
"ZloyChef","3","4","7"
"zmerino2718","2","5","7"
"zmogus","3","4","7"
"zodewelp","4","3","7"
"Zoki1971","3","4","7"
"Zonicol","4","3","7"
"zoonight","4","3","7"
"zorasta","3","4","7"
"ZorinaSofia","4","3","7"
"zorromono","4","3","7"
"zottel7","3","4","7"
"zouzou1961","4","3","7"
"Zsaput","4","3","7"
"ZugzwangBot","4","3","7"
"Zuhaibulzaman","4","3","7"
"zulu77","3","4","7"
"Zumo01","3","4","7"
"Zuominqi111","4","3","7"
"ZurialACEH_BKD","4","3","7"
"zuzu0707","3","4","7"
"zvonik82","3","4","7"
"zvyk89","3","4","7"
"zxcvb987","3","4","7"
"ZYaroslav322","4","3","7"
"zyckd","4","3","7"
"Zygoberto","2","5","7"
"zyle0113","4","3","7"
"zzd","4","3","7"
"zzombie","3","4","7"
"7sleeper","3","3","6"
"a_askeland","3","3","6"
"A_izen","3","3","6"
"A_r_t_u_r","3","3","6"
"A_Simple_Pawn","3","3","6"
"a-talebi","4","2","6"
"A00000A","4","2","6"
"a0mineX","3","3","6"
"A1brecht","4","2","6"
"A3GPlays","4","2","6"
"a4a5onlychess","3","3","6"
"A666ALEX666","3","3","6"
"a677019852","3","3","6"
"a7_sam","4","2","6"
"a7aky00","2","4","6"
"A7mad332","2","4","6"
"a7medmario","3","3","6"
"A89632Dad1478","3","3","6"
"A97lark","2","4","6"
"A9sz","3","3","6"
"aa2188","3","3","6"
"Aaadne47","3","3","6"
"aaasbakk","3","3","6"
"aaasss15","3","3","6"
"aacash1331","3","3","6"
"Aadi08","4","2","6"
"Aadi404","3","3","6"
"aagarwal44","2","4","6"
"Aali331","3","3","6"
"aalov","3","3","6"
"aameza12","3","3","6"
"Aarav0011","4","2","6"
"AarGaming","4","2","6"
"Aaromaale","3","3","6"
"AaronJr","3","3","6"
"AARqwerty","4","2","6"
"aARuaaka","3","3","6"
"aashetty","4","2","6"
"aashishon","3","3","6"
"AayushGupta","3","3","6"
"abaakate","3","3","6"
"abacil","2","4","6"
"AbahHensem","3","3","6"
"abarankula","3","3","6"
"Abay-7","4","2","6"
"Abbas_bishop","2","4","6"
"abbedi","4","2","6"
"abbedurand","2","4","6"
"abc-xyz-123","3","3","6"
"ABCaro","3","3","6"
"abd_rza","3","3","6"
"abd7oo","4","2","6"
"Abdallah_92","3","3","6"
"abdallah5425","2","4","6"
"abdallah6666","2","4","6"
"abdalrhmansako","4","2","6"
"Abdelrahman00","3","3","6"
"AbdelrahmanSG","3","3","6"
"AbdelrhmanH","2","4","6"
"AbderrahimAzizi","3","3","6"
"abderrahman66","4","2","6"
"Abdielo13","3","3","6"
"abdiladif","3","3","6"
"abdoessam1997","4","2","6"
"AbdulazizR9","3","3","6"
"Abdulbaset_kridan","2","4","6"
"AbdulmalekDr","3","3","6"
"abdulwahedaaf","3","3","6"
"abdumalikabduganiev","4","2","6"
"Abdzrar","4","2","6"
"abed-hassan","2","4","6"
"Abelardo-rifas","3","3","6"
"abena_abeni","2","4","6"
"AbhayjeetK","3","3","6"
"Abhi-2826Rox","3","3","6"
"abhilashbrao","3","3","6"
"Abhinaba_88","3","3","6"
"Abhinav092014","3","3","6"
"abhinav71","3","3","6"
"abhinavkishan","3","3","6"
"abhiruch","2","4","6"
"Abhishek_atg","3","3","6"
"Abhishek19","3","3","6"
"abhishekmohata25","3","3","6"
"Abner2","3","3","6"
"abnerson","2","4","6"
"Abo3abd10","3","3","6"
"AbobaBb","4","2","6"
"Abodina","3","3","6"
"abouabdoullah212","3","3","6"
"aboubaker","3","3","6"
"Abraham_Bloom","3","3","6"
"AbramEhab","2","4","6"
"abrasivum","2","4","6"
"Abraxas87","2","4","6"
"ABSChemistry","3","3","6"
"Absinthiya","3","3","6"
"ABSNEI","3","3","6"
"AbsolDark","2","4","6"
"AbsoluteFussion","4","2","6"
"Abu_Ali121211","3","3","6"
"abu1304","3","3","6"
"Abud_stein","3","3","6"
"Acardo123","2","4","6"
"AcceleratedDragonD4","3","3","6"
"AceOfInan","2","4","6"
"AceXudp","2","4","6"
"Acf11","4","2","6"
"Achatranji","3","3","6"
"AcidParadox","4","2","6"
"Ackerman137","3","3","6"
"AcLeon","2","4","6"
"Activa_los_hacks18","4","2","6"
"Aczina","3","3","6"
"adam05121996","4","2","6"
"AdamAmirun","3","3","6"
"adams422","3","3","6"
"Adanajedrezjuega1906","3","3","6"
"adarknight","2","4","6"
"AdasWy","3","3","6"
"adboooth","3","3","6"
"add22-10-2019","4","2","6"
"Add779","2","4","6"
"addictedonee","4","2","6"
"addysalem","3","3","6"
"Adi_231","2","4","6"
"Adilet9333","3","3","6"
"adincampbell","2","4","6"
"Adityamits007","4","2","6"
"AdityaP08","4","2","6"
"adityasoma","3","3","6"
"adjiepro","3","3","6"
"Adler1996","3","3","6"
"Adler34","2","4","6"
"Adler74","4","2","6"
"ADMIRAL_of_ownerSHIP","3","3","6"
"ADNAN_ROIS","3","3","6"
"adnan-alrfaai","3","3","6"
"adnan13","2","4","6"
"adnanmaqbool123456","3","3","6"
"aDnen_aB","3","3","6"
"adonis_28","4","2","6"
"adooooolaa","3","3","6"
"Adrian2303","2","4","6"
"ADRIANCARDENAS10","2","4","6"
"AdrianoSilva","3","3","6"
"adrielom","3","3","6"
"Adsamo","4","2","6"
"Adushi","3","3","6"
"ADVARDOS","3","3","6"
"Adze19","3","3","6"
"aeen2012","3","3","6"
"aeroui","3","3","6"
"aeziz","3","3","6"
"afedorenko","2","4","6"
"affleckKgb","2","4","6"
"AFMMoller","3","3","6"
"afrohlich","2","4","6"
"AFumesy","3","3","6"
"agabek92","3","3","6"
"AGADMATORSSMOKE","4","2","6"
"AgainNotEmpire","2","4","6"
"agam01","3","3","6"
"agashakr","3","3","6"
"Agasthyarana","4","2","6"
"Agedroc","3","3","6"
"Ageed","4","2","6"
"Agent_Kapov","3","3","6"
"agla20","2","4","6"
"agomezh","3","3","6"
"AGrimLavaWash","3","3","6"
"Agsfajar212","3","3","6"
"agsharathnaik","3","3","6"
"agung2wisnu","3","3","6"
"aguscaki","3","3","6"
"agusjuansyah","3","3","6"
"AHasanov","3","3","6"
"AHBU","2","4","6"
"AHG04","3","3","6"
"Ahijit","3","3","6"
"Ahmad99899","3","3","6"
"ahmadghala","4","2","6"
"ahmadngah","4","2","6"
"ahmadsan","3","3","6"
"ahmadyh922","3","3","6"
"AhmdHasn","3","3","6"
"Ahmed_Nour","4","2","6"
"ahmed2002nasr","2","4","6"
"ahmed23455677","3","3","6"
"ahmed72b","3","3","6"
"Ahmedabdelmoaty","4","2","6"
"AhmedAmrZaki_123456","3","3","6"
"ahmedelfar","3","3","6"
"ahmedkonoty","3","3","6"
"AhmedmKhamees","3","3","6"
"ahmedosmanteto","4","2","6"
"ahmedzema1992","4","2","6"
"Ahmet_TR42","2","4","6"
"ahmetbaran91","3","3","6"
"ahmetkaqlan","1","5","6"
"AhmetOgurtan","4","2","6"
"Ahmetozhekim","3","3","6"
"ahmetunalhacettepe","2","4","6"
"Ahmmmmmmmmmmmmmmmmmm","3","3","6"
"Ahuacatl","3","3","6"
"Ahven12","3","3","6"
"Aicanya","3","3","6"
"ailenim","3","3","6"
"Ailianis1919","2","4","6"
"Aires1","3","3","6"
"airnik","3","3","6"
"Airoldigiovanni","2","4","6"
"airrick213","3","3","6"
"aiselana","4","2","6"
"aisfauk","4","2","6"
"AIT_silet","4","2","6"
"AJ_123","3","3","6"
"AJ426","4","2","6"
"ajayrio2912","3","3","6"
"Ajayvallabh","3","3","6"
"ajc54","4","2","6"
"ajedrez-preSocratico","4","2","6"
"AjedrezMola","2","4","6"
"AjedrezPlata","3","3","6"
"AjeyJava072","4","2","6"
"AJILA","3","3","6"
"ajishmv","3","3","6"
"ak64chess","3","3","6"
"Akapondo-Mukashima","4","2","6"
"Akar25","3","3","6"
"Akarsh_998","4","2","6"
"Akashadhaneshwar","4","2","6"
"akashgaonkar","3","3","6"
"akashgbps9","3","3","6"
"Akataner","3","3","6"
"akawhiteofficial","2","4","6"
"akb32","4","2","6"
"akbassemih","3","3","6"
"aki10","4","2","6"
"AKIBAB","3","3","6"
"Akinci58","2","4","6"
"Akisv0l99","3","3","6"
"aklion1","3","3","6"
"Akmol","3","3","6"
"akohl","3","3","6"
"akohli47","3","3","6"
"Akordaerrementeria","3","3","6"
"AKotovich","2","4","6"
"Akp07","1","5","6"
"Akprasad14","4","2","6"
"akshay5","4","2","6"
"akupant12","2","4","6"
"Al_Chemist38","4","2","6"
"al6xn","2","4","6"
"Alaaalakabane","3","3","6"
"alaasawai82","3","3","6"
"alabichev","2","4","6"
"Aladdin444","4","2","6"
"Alaguraja_1990","3","3","6"
"Alambix","2","4","6"
"alamnaouar","3","3","6"
"Alamsha","2","4","6"
"Alamus1001","3","3","6"
"Alamzhi","4","2","6"
"AlanApoloHerrada","3","3","6"
"alanatibi","2","4","6"
"Alarcon_86","3","3","6"
"albatros1243","3","3","6"
"Albert_25","3","3","6"
"Albert5639","2","4","6"
"Albert7","3","3","6"
"AlBert78","3","3","6"
"albertic1","2","4","6"
"Albertine28","2","4","6"
"AlbertoCan","3","3","6"
"ALBERTOOTONES","4","2","6"
"Albertulla","3","3","6"
"AlbertXleb","4","2","6"
"albige91","2","4","6"
"Alboz22","4","2","6"
"Albrechtsen99","3","3","6"
"Alcesu","2","4","6"
"alch3m1st","3","3","6"
"alchemin","3","3","6"
"Alcoda","3","3","6"
"AlcoholicMan","3","3","6"
"alechess999","3","3","6"
"alecnin","2","4","6"
"Alecravo","4","2","6"
"Alecsandr89","4","2","6"
"Aleevaalia2013","4","2","6"
"Aleglezmir","3","3","6"
"aleipf","3","3","6"
"Alejandro_Marcelo_C","3","3","6"
"alejodrez","3","3","6"
"Alekhine_Obi","3","3","6"
"Alekind","2","4","6"
"Aleksandar1","3","3","6"
"AleksandarVe","3","3","6"
"Aleksandr3883","4","2","6"
"AleksandrKarp","2","4","6"
"aleksat99","3","3","6"
"Aleksey55","4","2","6"
"AlemaniaRik","3","3","6"
"alessandrodj7","4","2","6"
"alex_byalon","3","3","6"
"Alex_Diver","3","3","6"
"Alex_FR90","3","3","6"
"Alex_once_again","2","4","6"
"Alex_Simonov","2","4","6"
"Alex_svd","3","3","6"
"Alex_xandrr","3","3","6"
"Alex_XLV","2","4","6"
"aLeX-DlfNetRe","3","3","6"
"Alex-the-fox","3","3","6"
"Alex1015","2","4","6"
"ALEX6543","3","3","6"
"alexaalex","3","3","6"
"Alexand3r0","3","3","6"
"Alexander1984","2","4","6"
"Alexander2010king","3","3","6"
"AlexanderFumero","4","2","6"
"alexandra_botez","2","4","6"
"alexb79","3","3","6"
"AlexBalogun","3","3","6"
"AlexBeginner","3","3","6"
"alexbermon","2","4","6"
"AlexBo_2016","3","3","6"
"alexbra1","3","3","6"
"AlexChess23052005","3","3","6"
"alexesmite","3","3","6"
"Alexey_2005","4","2","6"
"alexi_shaahanov","3","3","6"
"Alexis470","3","3","6"
"AlexKom","3","3","6"
"alexmoiseev69","2","4","6"
"Alexping77","2","4","6"
"alexpinheiror","4","2","6"
"alexro99","4","2","6"
"AlexTheDoor","3","3","6"
"alexvit36","4","2","6"
"alexxis1233","2","4","6"
"alfa-nagibator","3","3","6"
"Alfert22","3","3","6"
"AlFi75015","2","4","6"
"Alfie_Solomons","5","1","6"
"alfilnegro-c","4","2","6"
"AlfilV","3","3","6"
"alfredsargeant","3","3","6"
"AlhamduLillaah","3","3","6"
"Alhooty-999","2","4","6"
"Ali-sobhi","3","3","6"
"ali13631368","3","3","6"
"ali494","1","5","6"
"ALIAKSEI_BURKO","2","4","6"
"alialaca","2","4","6"
"alialiyari","4","2","6"
"aliashnaeian","3","3","6"
"aliazmoon","3","3","6"
"AliDealo","3","3","6"
"aliechoes","3","3","6"
"AliF_93","3","3","6"
"AliGotze666","3","3","6"
"aliiik7984","3","3","6"
"AliMeteDemirkaya","2","4","6"
"alimohamadalhasan","3","3","6"
"Alinasrolah","4","2","6"
"alireza4793","3","3","6"
"alirezahassanvand","3","3","6"
"AlirezaMoradmand","4","2","6"
"Alirezaomrani1376","4","2","6"
"alirezasalmanlivari","3","3","6"
"alisamadiiiii","5","1","6"
"Alisher17","3","3","6"
"alisolymani","1","5","6"
"alissonogomes","3","3","6"
"AlJoe","2","4","6"
"ALJOSTRA","2","4","6"
"Alkatel","3","3","6"
"Alkoholhirn","3","3","6"
"All2Easeh","3","3","6"
"allahakbaar","3","3","6"
"Allblacks72","3","3","6"
"allendtampu","3","3","6"
"allgodkiller","4","2","6"
"Allh","3","3","6"
"alliiiakbass","2","4","6"
"allseedss","3","3","6"
"allstar25","3","3","6"
"allweareis","3","3","6"
"AlMahri107","4","2","6"
"almaz_lim30","3","3","6"
"Almaz-nv","3","3","6"
"ALMOHAPYASER","3","3","6"
"ALOK2900_chess-1","3","3","6"
"Alon463","4","2","6"
"alonmindlin","2","4","6"
"ALOU1","2","4","6"
"alperen_15","2","4","6"
"alperengulten","3","3","6"
"Alperenuyguner","3","3","6"
"AlphaChessTitans","3","3","6"
"alphaeternity","3","3","6"
"alphafish01","2","4","6"
"alphajet26","3","3","6"
"Alphamath","3","3","6"
"AlphaPremium","2","4","6"
"alphavictory","3","3","6"
"AlphaWolf1","3","3","6"
"AlphaZero_02","3","3","6"
"alphazero879","3","3","6"
"alpozgen","2","4","6"
"Alps25","3","3","6"
"AlptekinT","2","4","6"
"alreadybroken23","3","3","6"
"alseny12345","2","4","6"
"altwynha","3","3","6"
"Alvarorosas2023","4","2","6"
"Alvcy6","2","4","6"
"alvl65","2","4","6"
"alwayssforwardd","3","3","6"
"Alx_MM","2","4","6"
"AM1965","4","2","6"
"AM8760","3","3","6"
"Amamr","3","3","6"
"Amanimaskinen","4","2","6"
"amanuel12","3","3","6"
"Amany13","2","4","6"
"amaraa0404","2","4","6"
"Amarate","3","3","6"
"AmateurAK","2","4","6"
"Ambassador4072","4","2","6"
"AMBON_Erwin","3","3","6"
"amboshok2","2","4","6"
"amdcreation","3","3","6"
"AMDG3","4","2","6"
"Amelcalab","3","3","6"
"Amey9706champ","3","3","6"
"AmineS96","2","4","6"
"amir_h55","3","3","6"
"Amir_movasaghi","2","4","6"
"amir_ramy1","3","3","6"
"Amir01122009","3","3","6"
"amir60","4","2","6"
"amir8181","3","3","6"
"amirhosein1400","4","2","6"
"amirjjsoltani","3","3","6"
"amirmb76","3","3","6"
"amirreza13233","4","2","6"
"Amirshahbazi","2","4","6"
"amit876","3","3","6"
"Amitxfactor","3","3","6"
"amnieder","3","3","6"
"AmrMMahmoud","3","3","6"
"amrmostafa150","1","5","6"
"AmroShaher","3","3","6"
"amrtarek","3","3","6"
"amrtlaifa25","2","4","6"
"amruteketan1997","2","4","6"
"Amswang","3","3","6"
"Amyso","4","2","6"
"An0n3","4","2","6"
"Ana1083","3","3","6"
"AnakitikTokwi","3","3","6"
"analyst_10","3","3","6"
"AnaMilanoo","5","1","6"
"anand8412","4","2","6"
"anandababu","3","3","6"
"anandbintang04","3","3","6"
"Anant_AS","3","3","6"
"anaseekN","4","2","6"
"anasonov","3","3","6"
"ANASTASIA_111","3","3","6"
"Anatoliy_Yarema","3","3","6"
"Anay_2709","3","3","6"
"anayaggarwal1108","4","2","6"
"AncAr91","3","3","6"
"andalaneibuk","3","3","6"
"Andeol57","3","3","6"
"Ander-rey","3","3","6"
"AndersLinden","3","3","6"
"anderson02","4","2","6"
"Anderson2711","3","3","6"
"andi7","3","3","6"
"andilicious14","3","3","6"
"anditrimi","3","3","6"
"andoh","4","2","6"
"andre114","3","3","6"
"AndreAlas","3","3","6"
"andreasyan_viktor","3","3","6"
"AndreiFT","3","3","6"
"andreiprovotorov33","4","2","6"
"AndreiSh","3","3","6"
"AndreiZherder","3","3","6"
"Andrej-70","3","3","6"
"andreowe","3","3","6"
"AndreRamones","2","4","6"
"andres-miguel-rondon","3","3","6"
"andres1984","3","3","6"
"andresvillalobos190","2","4","6"
"andrewau","4","2","6"
"Andrewneimann0","3","3","6"
"Andrey_Chepurnoy212","4","2","6"
"Andrey11235813","3","3","6"
"andreygubkin","3","3","6"
"andrgje","2","4","6"
"AndrickGarciaa1","4","2","6"
"AndriiMaks","3","3","6"
"AndriusNavickas","3","3","6"
"AndriusYanka","3","3","6"
"androcious","4","2","6"
"androidus","4","2","6"
"AndromedaII","2","4","6"
"andruso28","2","4","6"
"Andyshark","3","3","6"
"andyyyyyy","3","3","6"
"Aneshkor","4","2","6"
"Ange8A","3","3","6"
"Angeladadasheva67","3","3","6"
"angeljunquera","3","3","6"
"anggawijaya123","3","3","6"
"AngryCow","3","3","6"
"aniket_karmakar6799","3","3","6"
"Animalplanettrinidad","4","2","6"
"anirbrhm","2","4","6"
"AnishGopalakrishnan","4","2","6"
"anks08","3","3","6"
"anlbasak","2","4","6"
"anmoldon","3","3","6"
"Ann_Vslv","4","2","6"
"Anna_Shastina1","3","3","6"
"anna1996","2","4","6"
"AnnaGoldi","2","4","6"
"Anni_Hilator1337","4","2","6"
"anongamer","3","3","6"
"anonqq","3","3","6"
"anonydx","2","4","6"
"anonymousblitz","3","3","6"
"Anonymously6969","4","2","6"
"Anosi","1","5","6"
"anothertrauma1","4","2","6"
"AnouarAbdelhakim","2","4","6"
"anrm","3","3","6"
"anshul12","3","3","6"
"AntAppCla","2","4","6"
"Antarctica_3","3","3","6"
"Antaresipa","3","3","6"
"AnthonyPerkins","2","4","6"
"AnthonyPol","2","4","6"
"Antiro","3","3","6"
"antn029","3","3","6"
"Anto01","3","3","6"
"ANTOA","2","4","6"
"antolasix","3","3","6"
"Anton_Sinev","3","3","6"
"AntoniovlaZ","4","2","6"
"AntonMa0","3","3","6"
"AntonRegion_17","3","3","6"
"AntonSushkov","2","4","6"
"antrimlottick","2","4","6"
"antsan02","4","2","6"
"Anu_15","3","3","6"
"Anu0402","2","4","6"
"anu2ragsinha","3","3","6"
"AnuAnm492","3","3","6"
"Anubhav_singh_07","3","3","6"
"AnubisHectorPawn","2","4","6"
"Anurag_V251","3","3","6"
"anuranjit","3","3","6"
"Anxe","2","4","6"
"AnxoCS","3","3","6"
"any-name","4","2","6"
"aoaoaoaooaoa","3","3","6"
"aorchin","2","4","6"
"aparajith21","4","2","6"
"Apashe","3","3","6"
"apo_apo19","3","3","6"
"ApolloVB","3","3","6"
"Apostol80","3","3","6"
"Apostolos03","3","3","6"
"Apprenti_Chess","4","2","6"
"appropriato","4","2","6"
"Aquitoi","3","3","6"
"ar4mati","2","4","6"
"ArabChampion","3","3","6"
"arash_amirtaheri","3","3","6"
"arashz999","3","3","6"
"AravindGirikumar","4","2","6"
"Aravindhan07","3","3","6"
"arbee20","2","4","6"
"Archimedes406","3","3","6"
"arcimboldi","4","2","6"
"arckin","3","3","6"
"arcu698","4","2","6"
"ArdaSonmez58","3","3","6"
"Ardat05","2","4","6"
"ardaus","3","3","6"
"ardepapi","3","3","6"
"ArdSkellig","3","3","6"
"arena_boga","3","3","6"
"Arends","2","4","6"
"ares1983","3","3","6"
"arfego","4","2","6"
"argos77","2","4","6"
"ARHYS","2","4","6"
"Ariclenes123","3","3","6"
"Arieldening9","2","4","6"
"Arieleitor","3","3","6"
"arielescala","3","3","6"
"arielmaciek","3","3","6"
"arif_malik","3","3","6"
"arif004","3","3","6"
"Ariiaaaa","3","3","6"
"Arijitsamaddar","3","3","6"
"arina_vasileva","3","3","6"
"Arinmustrise","4","2","6"
"Aripan_Biswas","3","3","6"
"aristotelito","2","4","6"
"Ariunzayaa","3","3","6"
"arkebiatis","3","3","6"
"Arkonte29","4","2","6"
"Armando_16","3","3","6"
"Armash","4","2","6"
"Armed_slug","3","3","6"
"Armen8118","3","3","6"
"ArmenYarm","4","2","6"
"ArmwinneR","4","2","6"
"Arnaudlevagabond","2","4","6"
"ArnavK_11","2","4","6"
"Arnold1983","4","2","6"
"Arnovhoof","3","3","6"
"Arpi0511","3","3","6"
"ArpitChess10","3","3","6"
"arpitsingh2492","2","4","6"
"arptiw74","3","3","6"
"Arquim23","3","3","6"
"arron1027","4","2","6"
"arsalan2020","5","1","6"
"arscialo","3","3","6"
"ARSENTRUE","2","4","6"
"Art_Araujo","3","3","6"
"art-zhuravli","2","4","6"
"ART1276","3","3","6"
"Art3mis_PH","2","4","6"
"ART902","3","3","6"
"Artem_chess01","2","4","6"
"Artem_Musikhin","3","3","6"
"ArtemKenzo","3","3","6"
"artemyankovskiy","3","3","6"
"ArthSojitra","4","2","6"
"Arthur_111","3","3","6"
"Arthur12","3","3","6"
"ArthurGa","3","3","6"
"arthurrei","3","3","6"
"arthuuur","3","3","6"
"Artin1900","3","3","6"
"artisticwind","3","3","6"
"Artudytv","3","3","6"
"Artur1789","3","3","6"
"arturbl","2","4","6"
"arturrsrs","4","2","6"
"ArturSafin","2","4","6"
"artxmk","3","3","6"
"Artyun","4","2","6"
"ArunmozhiNanthan","4","2","6"
"arunraj1978","3","3","6"
"arush123","3","3","6"
"arvarvarvarv","4","2","6"
"arvindv92","3","3","6"
"aryamannsharma18","3","3","6"
"aryan9910","4","2","6"
"aryhonda","3","3","6"
"AS_BBC","2","4","6"
"Asaf555","3","3","6"
"asaini8274737","3","3","6"
"aseferov","3","3","6"
"AsesinoCereal","3","3","6"
"Asetalmanbt","4","2","6"
"Asha999","2","4","6"
"Ashbomb99","3","3","6"
"ashishkadlag","3","3","6"
"Ashokgupta9816","4","2","6"
"AshralievRamis","3","3","6"
"Ashutoshsoni","3","3","6"
"AsianBajan","2","4","6"
"Asimov_159","3","3","6"
"Ask4baseme","3","3","6"
"Askar11001","4","2","6"
"aspargo","5","1","6"
"AspireVero","4","2","6"
"Asplus","2","4","6"
"asquince","3","3","6"
"Assin7","4","2","6"
"astro_23","3","3","6"
"Astro-Kayra21","3","3","6"
"Aswinrajcr_1","3","3","6"
"aswitha","3","3","6"
"asylzhan0210","3","3","6"
"asymptoticfreedom","3","3","6"
"ATAC-Gambit","3","3","6"
"atacane","3","3","6"
"Atadrakula","4","2","6"
"atahan09","3","3","6"
"Atalongus","3","3","6"
"Ataman6","3","3","6"
"athanang","3","3","6"
"Atharv_915","3","3","6"
"atharvamg","3","3","6"
"athi","2","4","6"
"Athis_35","3","3","6"
"Atlas_Hext","3","3","6"
"Atmaca0619","2","4","6"
"atoker","3","3","6"
"Atomic22","3","3","6"
"atozter","3","3","6"
"atreasmpampas","2","4","6"
"AtrejuP","3","3","6"
"attinho89","3","3","6"
"Aubrey123456","2","4","6"
"Aubuti","3","3","6"
"auditor2018","3","3","6"
"Augur-il-Vec","3","3","6"
"Augur1990","3","3","6"
"AugustFS","4","2","6"
"Augustogp","3","3","6"
"aup_tula71","3","3","6"
"Aurel_IX","4","2","6"
"aureni","2","4","6"
"Aurora_86","4","2","6"
"AusbilderMike","4","2","6"
"austinlsmith","1","5","6"
"authentischeente","4","2","6"
"Avangard1987","3","3","6"
"Avantyurist34","3","3","6"
"AvBurakhan","2","4","6"
"Avenaryus","3","3","6"
"AvengerMoJo","3","3","6"
"averybrielle","3","3","6"
"Avexsaraiva","3","3","6"
"Avinandanpal","3","3","6"
"avinash9342","3","3","6"
"Avo_Simonyan","3","3","6"
"avolon","2","4","6"
"Avoyan95","3","3","6"
"Avtanchik","3","3","6"
"awatawa","3","3","6"
"Ax00","5","1","6"
"Axal44","3","3","6"
"Axel2523","3","3","6"
"axelerationism1","4","2","6"
"Axelkoehler","2","4","6"
"Ayantika-Arup","3","3","6"
"aymanov1","3","3","6"
"aynaz457","2","4","6"
"Ayola","3","3","6"
"ayp74","3","3","6"
"aysan2736","2","4","6"
"Aysf2866","3","3","6"
"ayush-15","3","3","6"
"ayush111528","3","3","6"
"AyushMannu","3","3","6"
"Ayydrian","4","2","6"
"Azamat96","4","2","6"
"AzamatA7","3","3","6"
"Azaya69","2","4","6"
"Azesm","3","3","6"
"azez964","3","3","6"
"AzimovYasin","3","3","6"
"Aziswibowo","4","2","6"
"aziz3733","4","2","6"
"azkeri","4","2","6"
"azn_kid847","3","3","6"
"AZOOOZO","3","3","6"
"azulhisyam","3","3","6"
"B123a321r123n","3","3","6"
"b2008-11-28","3","3","6"
"baajgai","3","3","6"
"Baatarkhuyag0417","3","3","6"
"Baba_Johnson","2","4","6"
"baba_yaga_here","4","2","6"
"babak1970","3","3","6"
"babangida02","3","3","6"
"BabaRamdev","3","3","6"
"BabaWega","4","2","6"
"Babene","3","3","6"
"BabkaCake","4","2","6"
"babooli_m","3","3","6"
"baby_Gio","3","3","6"
"babyloveshack","3","3","6"
"backgammonblows","3","3","6"
"baczekkabaczek","2","4","6"
"Bad_Puppy","3","3","6"
"bad18091995","3","3","6"
"bad3crazy","2","4","6"
"badam-tam-tisss","3","3","6"
"BadAtCrazyHouse","3","3","6"
"Bagatur_CSKA","4","2","6"
"bagis2","4","2","6"
"BagkarAmey","3","3","6"
"Bagration69","3","3","6"
"bahaea","2","4","6"
"bahamert1","3","3","6"
"baiofra","3","3","6"
"BakiAltin","3","3","6"
"baktyar77","3","3","6"
"balack","4","2","6"
"Balaji753","3","3","6"
"balbolas","3","3","6"
"baldoccc","3","3","6"
"baleinerose","3","3","6"
"Ballage87","2","4","6"
"ballsguy99","3","3","6"
"Balmdogg","3","3","6"
"baloche77","3","3","6"
"baltiqa","3","3","6"
"Baltusaur","3","3","6"
"Balvin69","3","3","6"
"banderboy","4","2","6"
"bandw1","4","2","6"
"Bane_elementale","4","2","6"
"BanKai_58","2","4","6"
"bankidada","3","3","6"
"baptisteantonini","3","3","6"
"baqar_17","3","3","6"
"Baraa139","2","4","6"
"Barahlushik","4","2","6"
"baransemiz","3","3","6"
"BarbaraMorgenstern","3","3","6"
"Barbarian_Legion","4","2","6"
"Barbarian218","3","3","6"
"barbelongue","3","3","6"
"BARBOROSSA","4","2","6"
"Bardam0","4","2","6"
"Baris_tmr","3","3","6"
"barkbagarn","4","2","6"
"BarkinKi","3","3","6"
"BarknAydn","4","2","6"
"BarnieThilch1","2","4","6"
"barondrc","2","4","6"
"BaronVonBierstein","3","3","6"
"BartekMad","3","3","6"
"barthezz","4","2","6"
"BartoK41","2","4","6"
"bartolini05","4","2","6"
"Bartosz_Mat","3","3","6"
"BasemBasem","3","3","6"
"BASHIR654","3","3","6"
"Bashmurza","3","3","6"
"Basieltje","4","2","6"
"Basilevs-1984","4","2","6"
"BasilTheBasil","3","3","6"
"Baskaningulu_2","3","3","6"
"basmik","2","4","6"
"Basri1","4","2","6"
"bassam200","3","3","6"
"Bathusaysen","3","3","6"
"Batman9045","4","2","6"
"Bato_Parshinov2000","3","3","6"
"Batuboi","3","3","6"
"batuhaanklc","4","2","6"
"batuhanthefool","3","3","6"
"Batyatvoegobaty","3","3","6"
"baudwin","4","2","6"
"Baukakmc2010","2","4","6"
"BautiBaulor","3","3","6"
"Bautos42","3","3","6"
"bavorak6","3","3","6"
"Bayr38","3","3","6"
"bayyargeldi","3","3","6"
"Bazhenov664","3","3","6"
"bbbmpvhnk","2","4","6"
"BBBU2","2","4","6"
"bbcnkl95","4","2","6"
"BBGC","3","3","6"
"bbk10s","3","3","6"
"bbqchicken123","2","4","6"
"bbrustad","3","3","6"
"bbuerger","3","3","6"
"bdasdoner","3","3","6"
"Beapalova_Sofia_2014","2","4","6"
"bearcuffs","3","3","6"
"BeardedZaid","3","3","6"
"bebbbbbbo","4","2","6"
"BebekoF","4","2","6"
"bebo969","3","3","6"
"bebrian","3","3","6"
"BedPlayer","3","3","6"
"Beegfood","3","3","6"
"Beerman91","3","3","6"
"beginningchess","3","3","6"
"begley001","2","4","6"
"behigh","3","3","6"
"behnam2018","2","4","6"
"behzad_Rastakhiz","3","3","6"
"behzzzad","4","2","6"
"bejnata","3","3","6"
"bekox","4","2","6"
"beladrheinz","2","4","6"
"Bellerophon64","4","2","6"
"Bellisaurus","1","5","6"
"ben_egee","3","3","6"
"benbeern","2","4","6"
"bender_0","3","3","6"
"Bengin1111","3","3","6"
"bengrf","2","4","6"
"benjaM205","2","4","6"
"Benjamin_Agnew","4","2","6"
"benjamingdelacruz","4","2","6"
"BenMaryam","3","3","6"
"benmutlu","2","4","6"
"bennetthardwick","3","3","6"
"Benny007","3","3","6"
"Bennymeng","3","3","6"
"BENZINNN","3","3","6"
"Beowolve","3","3","6"
"BeppeBike","3","3","6"
"beqiri","4","2","6"
"BeratDemirkiran","3","3","6"
"berduc","4","2","6"
"bereanbrave","2","4","6"
"Bereterretxe","3","3","6"
"Bergsmyr","2","4","6"
"berkan841","4","2","6"
"berkancaliskan","4","2","6"
"Bermudez_2007","3","3","6"
"Bernister","2","4","6"
"bernout","4","2","6"
"Bertie_Wooster","3","3","6"
"berugo56","4","2","6"
"besite","3","3","6"
"besj","3","3","6"
"besriram1","3","3","6"
"BestiaDeOjosDentados","3","3","6"
"Bestimmte","4","2","6"
"bestoxl4","3","3","6"
"Besugo23","3","3","6"
"Bethhrmn","3","3","6"
"Betisonada","3","3","6"
"beto_M7","3","3","6"
"beto0zx","3","3","6"
"Bety84","2","4","6"
"BeybalaLezgin","3","3","6"
"bfoxer","4","2","6"
"bgfan23","3","3","6"
"bh-avya09_123","2","4","6"
"bharat436","3","3","6"
"bharathi20","3","3","6"
"bhargavaSbr","4","2","6"
"BhargavJ","3","3","6"
"Bhavishyadumbe","3","3","6"
"bhavnesh123","4","2","6"
"bhramanCHESS","3","3","6"
"BIBENDU757575","3","3","6"
"bichonxd","3","3","6"
"Bickers","2","4","6"
"Bido10","3","3","6"
"Bigboy11","4","2","6"
"bigbrain42","3","3","6"
"bigchiefwahoo","3","3","6"
"bigelephant","3","3","6"
"BigGL","3","3","6"
"bigmac69","4","2","6"
"BigRedChess","3","3","6"
"bigsesame","2","4","6"
"BigTapi","3","3","6"
"Bijeesh","3","3","6"
"Bilal441","3","3","6"
"Bilalezzj","3","3","6"
"bilalkagan","3","3","6"
"Bilalkarpov","3","3","6"
"bilginkr","3","3","6"
"billc1","2","4","6"
"bimo_besari","3","3","6"
"Biontos","4","2","6"
"Birgul78","3","3","6"
"Biritiguirimediz","3","3","6"
"Birol-Kar-7","2","4","6"
"BirroCLF","4","2","6"
"birver","2","4","6"
"biscuits_01","3","3","6"
"bishopplayer2","4","2","6"
"BispoNinja","3","3","6"
"Biswa45","3","3","6"
"bit97","2","4","6"
"Bitzer444","3","3","6"
"bjlfzs","2","4","6"
"BjMey","3","3","6"
"BjoernII","5","1","6"
"BjornarM","3","3","6"
"Bjornolf","2","4","6"
"BKamzabaev","4","2","6"
"bkmzubwby","3","3","6"
"Bl4ckwarrior15","3","3","6"
"Black_Dragon777","3","3","6"
"black8sad","2","4","6"
"blackandwhite714","2","4","6"
"Blackking4343","2","4","6"
"blackmamba99","2","4","6"
"blacknikonian","4","2","6"
"BlackTornado19","3","3","6"
"BlackWidow01","4","2","6"
"bladepool","4","2","6"
"Blago369","2","4","6"
"blankinho","3","3","6"
"BleacherTodd","3","3","6"
"blerb25","3","3","6"
"bleweh","4","2","6"
"BlindKiller","3","3","6"
"BlissBea","4","2","6"
"blokkage","4","2","6"
"blokxee","3","3","6"
"Bloodsport55","3","3","6"
"bloomser","4","2","6"
"blorfsky","4","2","6"
"bluedolphinn1","3","3","6"
"BlueHulk21","3","3","6"
"BlueOpera","3","3","6"
"bluerabbit1977","3","3","6"
"BlueViper13","2","4","6"
"blumbat","3","3","6"
"blunder_ordinary","2","4","6"
"Blunder981025","2","4","6"
"Blunderated","3","3","6"
"Blunderererer","4","2","6"
"BlunderMasterSarthak","3","3","6"
"blundersoup","3","3","6"
"BluntBurglar","3","3","6"
"Bmwclubf10","4","2","6"
"boandlkramer","3","3","6"
"boarhurr","3","3","6"
"bob_baran","3","3","6"
"bob_fishcakes","4","2","6"
"Bobbeli","3","3","6"
"bobbmon","4","2","6"
"Bobby_Fischstix","3","3","6"
"bobby_the_turbo_67","2","4","6"
"bobbyfischerwow","4","2","6"
"Bobbyland","3","3","6"
"bobbysatpuli","3","3","6"
"BobChessop","3","3","6"
"bobokebe","4","2","6"
"boby88","5","1","6"
"Bodinjr","3","3","6"
"Bodybeh","4","2","6"
"Boell-R","3","3","6"
"boerndrian","2","4","6"
"Bogart10","2","4","6"
"Bogdan-2012","4","2","6"
"Bogdanov_Kirill","2","4","6"
"boggelz","4","2","6"
"bogigeci123","4","2","6"
"bogile","3","3","6"
"bohemiangroov","2","4","6"
"Bojke13","2","4","6"
"bokhoreshsirshi","3","3","6"
"BolaBola59","4","2","6"
"bold_flower","3","3","6"
"Bolence","3","3","6"
"bolshojitolstij","3","3","6"
"BOMBACI21","3","3","6"
"bomber17","3","3","6"
"boncioliviero","3","3","6"
"Bonelez","3","3","6"
"Bongorio","2","4","6"
"boogboi","3","3","6"
"Boondikaraita","2","4","6"
"BOOTe4e5","4","2","6"
"bopomofo","2","4","6"
"bor_tipp","3","3","6"
"border14","3","3","6"
"borderlinee","3","3","6"
"Borio991","3","3","6"
"Borisik","2","4","6"
"borlax","3","3","6"
"Bornforchess007","3","3","6"
"borovnica","3","3","6"
"bosscil","3","3","6"
"bot_adario","2","4","6"
"Botturovic","2","4","6"
"botunjac","3","3","6"
"bouli_mvt","3","3","6"
"bovg","4","2","6"
"bowser46","1","5","6"
"BozidarM","3","3","6"
"bp32","2","4","6"
"Bparedes48","3","3","6"
"bphilips1987","3","3","6"
"BracekYoutuber","3","3","6"
"bradah86","3","3","6"
"Braden_Weber","3","3","6"
"bradleo1658","2","4","6"
"Bradley124","4","2","6"
"bradleystankerton","3","3","6"
"Bradypus1","3","3","6"
"brahmx","2","4","6"
"BrainExit","4","2","6"
"Brainiac331","3","3","6"
"BrainJail","3","3","6"
"BramTheRam","1","5","6"
"branden_mt","4","2","6"
"Brankim","3","3","6"
"branmuffins","4","2","6"
"brantonb","2","4","6"
"Bras2u","3","3","6"
"brassalloy","3","3","6"
"Brat757","2","4","6"
"Brattko","3","3","6"
"Brave_SilverHeart","2","4","6"
"bravoprince01","2","4","6"
"brayanleonresend3474","2","4","6"
"Brayishere","4","2","6"
"breakthesky","3","3","6"
"Bressan98","2","4","6"
"bretja","4","2","6"
"Briantrian","2","4","6"
"bribri59","3","3","6"
"bricou75","3","3","6"
"Bright_Heart","4","2","6"
"brijwasi","2","4","6"
"Brilliants-1235","3","3","6"
"Brioni543","4","2","6"
"brk_000","3","3","6"
"brkakis","3","3","6"
"broAbdulaziz","2","4","6"
"brodyga_45","2","4","6"
"BrofessorMayhem","2","4","6"
"broklyy","4","2","6"
"brook210","4","2","6"
"Brouille","3","3","6"
"Brown_Bear8","2","4","6"
"brsbngl","3","3","6"
"Brsgvn","2","4","6"
"Bru66","3","3","6"
"BruceLago","4","2","6"
"bruker666","3","3","6"
"Brumul","3","3","6"
"Bruncvik","4","2","6"
"Bruno_Lanzoni_br","1","5","6"
"BRUNODEITAPORANGA","3","3","6"
"BrunoPinheiro82","2","4","6"
"brushtyler","3","3","6"
"brutalism3000","4","2","6"
"brutoneon","3","3","6"
"bruuuhmoment","2","4","6"
"Bryanpogi16","2","4","6"
"BryanReyes_10","3","3","6"
"Brzechu","3","3","6"
"bsg38","3","3","6"
"BSUA_LONTOKJB","3","3","6"
"bsusb","3","3","6"
"bt-7m","3","3","6"
"bublyk69","3","3","6"
"bucketfighter","2","4","6"
"buckyesfera_C60","3","3","6"
"BUCNDrummer","4","2","6"
"BuffaloSoldier7","4","2","6"
"BugraSezgin","3","3","6"
"Bujakascha","3","3","6"
"bulat1611","3","3","6"
"BulentBilenGegic","3","3","6"
"bullton","2","4","6"
"Bumbum1999","3","3","6"
"bumnuzzle","4","2","6"
"bundez","3","3","6"
"burak_5352","3","3","6"
"Burak_Kubat","3","3","6"
"burak51","4","2","6"
"burakhannk","4","2","6"
"burakozbek","4","2","6"
"burinn","3","3","6"
"Burkiba","3","3","6"
"burtburtyburt","5","1","6"
"Buyaran","3","3","6"
"BuyFanToken-Socios","4","2","6"
"buymespam","3","3","6"
"buzalian","3","3","6"
"Buzzard6","3","3","6"
"BVenkatesh123","3","3","6"
"BVK","3","3","6"
"bwest","3","3","6"
"BWHAMDE","3","3","6"
"By_Kaan","3","3","6"
"byxout","3","3","6"
"bzhal","3","3","6"
"c_madara","2","4","6"
"C-55","2","4","6"
"c22","3","3","6"
"c2m2","3","3","6"
"c3712","3","3","6"
"c4_explosive","3","3","6"
"c5chess","4","2","6"
"c8rl8s1","3","3","6"
"Caballolechugueroo","2","4","6"
"CaballoSentado","3","3","6"
"Cabezadetigre","3","3","6"
"CABONY","3","3","6"
"Cacawat3","3","3","6"
"cacca89","3","3","6"
"Cachme","4","2","6"
"cactus190","3","3","6"
"cadaadaa","3","3","6"
"cadrog","3","3","6"
"cafcaf8890","2","4","6"
"Cagan_Olcay","3","3","6"
"Caipifetzer22","3","3","6"
"Caique-Emmerich","2","4","6"
"caiquee93","3","3","6"
"CAKMAK_MUHAMMED","3","3","6"
"Cakvia","4","2","6"
"Cal_9","4","2","6"
"Calebdevelops","3","3","6"
"calesutu","2","4","6"
"cali14","3","3","6"
"calibos","3","3","6"
"calitawxiid","3","3","6"
"Callmealearner","3","3","6"
"Cally_Bang","3","3","6"
"calvingoh","3","3","6"
"cambridgenotoxford","3","3","6"
"came2complain","3","3","6"
"cameronl14","3","3","6"
"cameronl86","3","3","6"
"Can-pi","3","3","6"
"can0ktay","3","3","6"
"canada84","2","4","6"
"canitho","3","3","6"
"canixe","3","3","6"
"cankis","4","2","6"
"Cannibalhamster","1","5","6"
"cantasdemir","3","3","6"
"CantioDei","2","4","6"
"cantux","3","3","6"
"Canuto10","2","4","6"
"canyakan456","4","2","6"
"CaoticoZoldyck","3","3","6"
"capaazulada","4","2","6"
"capablanca911","4","2","6"
"capalarsen63","3","3","6"
"Capanegra119","4","2","6"
"CAPIRON","4","2","6"
"capraz","2","4","6"
"Captain669","3","3","6"
"CaptainBalu1909","3","3","6"
"CaptainUnderpants64","4","2","6"
"Car1os-Magnusen","3","3","6"
"CARBON_gg","4","2","6"
"Cardioth","4","2","6"
"cardosomonteiro","4","2","6"
"carefull2021","3","3","6"
"Carlitos_2016","4","2","6"
"Carlitos0106","3","3","6"
"carlitros07","3","3","6"
"Carlocastro","4","2","6"
"carlos_gc23","4","2","6"
"Carlos2050","4","2","6"
"carloscarlos19","2","4","6"
"carloscg","2","4","6"
"carloscordero33","3","3","6"
"CarlosHSS","2","4","6"
"CarlosManotas","2","4","6"
"CarlosSuricato","3","3","6"
"Carlsen12345","3","3","6"
"Carlsens_pawn","4","2","6"
"Carluis_abrahantes","2","4","6"
"Carlus_68","3","3","6"
"CarlWoese","4","2","6"
"Carmer","3","3","6"
"carneiro3123","3","3","6"
"CAROKAHNBOY","4","2","6"
"Carrotbear","3","3","6"
"carthusianpunk","2","4","6"
"Casa_Nova_2003","2","4","6"
"casbu","2","4","6"
"Cascot","3","3","6"
"cashio","3","3","6"
"Caspablanca17","2","4","6"
"Caspian_Vita","2","4","6"
"Cassio05","3","3","6"
"castlingmaniac","3","3","6"
"Cat_TeKery","4","2","6"
"Catalysts1","3","3","6"
"catchmypons","3","3","6"
"Caterwat","3","3","6"
"catfaceroberts","3","3","6"
"CATHOLICISM","4","2","6"
"Catmare","3","3","6"
"Cats_LifeMatters","3","3","6"
"catwoman38","2","4","6"
"Caubexinhgai2007","3","3","6"
"Cavallo_Goloso","3","3","6"
"Cavid_Baku","3","3","6"
"Cavie","2","4","6"
"Cavilante","3","3","6"
"cavitayberk1907","2","4","6"
"cawacawa","2","4","6"
"cb59fz","3","3","6"
"cbbeudncfnaickfd","2","4","6"
"cbvcNapoleon","3","3","6"
"CcBadr","4","2","6"
"CCMchess","4","2","6"
"ccristic","3","3","6"
"ccvvll","3","3","6"
"cdagama","4","2","6"
"cebecioglugorkem","3","3","6"
"cediarda","2","4","6"
"CelinaTan","4","2","6"
"cendrus","3","3","6"
"cengizhan48","3","3","6"
"Cenklar","3","3","6"
"Cent21-2","2","4","6"
"centilope","3","3","6"
"Centis","2","4","6"
"Centurion777","3","3","6"
"Ceorl","3","3","6"
"CeraMILDO","2","4","6"
"cerealiscaduti","4","2","6"
"cerebra","3","3","6"
"cerveca","2","4","6"
"cesar_rdz","3","3","6"
"Cesar_Reyna_1996","3","3","6"
"CesarCR","4","2","6"
"Cesarpina","2","4","6"
"Cesit4r","3","3","6"
"Ceyhun_Meherov-2000","3","3","6"
"cezario16","3","3","6"
"cezary1970","4","2","6"
"CFB07","3","3","6"
"cFlour","3","3","6"
"CForani","3","3","6"
"CH4RLY_G","3","3","6"
"Cha1upa_Batman","3","3","6"
"chadhess","4","2","6"
"chaif","4","2","6"
"chain_saw","3","3","6"
"chairman4755","3","3","6"
"chalochess-gonz","2","4","6"
"ChambalerongBatil","2","4","6"
"chamiu","4","2","6"
"chamnov","3","3","6"
"Champeon1987","3","3","6"
"Chanakyudu","3","3","6"
"Chandan_mc","3","3","6"
"Chanifumaster","5","1","6"
"ChanpyoK","3","3","6"
"chantingplague3","4","2","6"
"CHANTYRICO","4","2","6"
"Chaos_Lizard","3","3","6"
"ChaosUtopia","3","3","6"
"CharilaosK","2","4","6"
"Charlie_Brown_23","1","5","6"
"Charlie1246","3","3","6"
"Charlief16","4","2","6"
"charluht","4","2","6"
"charry","3","3","6"
"ChatGPT_69","3","3","6"
"chatskeyy","3","3","6"
"chatur_sri","2","4","6"
"chaugen","3","3","6"
"Chavaquiroz","3","3","6"
"Chazburnside","3","3","6"
"chchessch","3","3","6"
"ChebocsarMalay","3","3","6"
"CHECCO-04","4","2","6"
"checkmate987yeah","3","3","6"
"CheckMateyPawnStar","2","4","6"
"checo811","3","3","6"
"chedupalle2","4","2","6"
"CheesMaki","3","3","6"
"ChefMans14","3","3","6"
"chenjirun","4","2","6"
"Cheovargas01ajedrez","3","3","6"
"Cherryelit","2","4","6"
"chess_exorciste","3","3","6"
"Chess_forceone","3","3","6"
"chess_hater","2","4","6"
"chess_hustler1987","5","1","6"
"Chess_Impact","2","4","6"
"chess_nickname","3","3","6"
"chess_noob007","2","4","6"
"Chess_Shrink","4","2","6"
"Chess-Master-2100","4","2","6"
"chess1afob","2","4","6"
"Chess2Hard4Me","2","4","6"
"Chess700800","2","4","6"
"chessAyush_1380","2","4","6"
"Chessazord","4","2","6"
"ChessBen19","3","3","6"
"Chessbwr","4","2","6"
"Chesscapefromreality","3","3","6"
"Chessdiammaster","2","4","6"
"chessdotcom_rules","4","2","6"
"Chesseboy","3","3","6"
"chesseuller","4","2","6"
"chessFatihi","4","2","6"
"chessfederico","3","3","6"
"ChessGamblerrrr","2","4","6"
"ChessGOAT07","4","2","6"
"ChesshireCat72","3","3","6"
"chessizard","3","3","6"
"Chessjb10","4","2","6"
"ChessJohnDaly","4","2","6"
"chesskinganirban","4","2","6"
"Chessloverpk","3","3","6"
"chessmann6","3","3","6"
"chessmaster_420","2","4","6"
"chessmasterinho","4","2","6"
"chessmate1111","4","2","6"
"chessmatic2024","3","3","6"
"ChessMatze90","3","3","6"
"Chessmen12345678910","3","3","6"
"Chessminator365","4","2","6"
"ChessMister23","3","3","6"
"Chessnaroj","4","2","6"
"chessnogue","4","2","6"
"ChessNoob1985","2","4","6"
"chessnordal","3","3","6"
"chessnova2","3","3","6"
"Chessos","3","3","6"
"chessosho","4","2","6"
"chessovschik","4","2","6"
"Chessper83","3","3","6"
"chesspiri","4","2","6"
"chessplayer13598","3","3","6"
"chesssamurayi","3","3","6"
"ChessShwetanshu","3","3","6"
"ChesssKings","3","3","6"
"chesstest92","2","4","6"
"chessthemessness","2","4","6"
"ChessToto","3","3","6"
"chesstournaments80","2","4","6"
"chesstrompete","3","3","6"
"chessven","2","4","6"
"ChessyAlex","4","2","6"
"Chessyboy25","2","4","6"
"Chester181818","3","3","6"
"ChestHalloween","2","4","6"
"Chesyhemank","3","3","6"
"chetzemoka","3","3","6"
"CheyZgg","3","3","6"
"Chezkel","3","3","6"
"Chhardy","3","3","6"
"ChiaraMentePerdo","2","4","6"
"Chibbycoco","4","2","6"
"chicho_10","3","3","6"
"ChickyNug","4","2","6"
"ChicoCraveiro","3","3","6"
"chicosexy","3","3","6"
"chifoo","3","3","6"
"child_44","3","3","6"
"childfondler444","3","3","6"
"Chili_Palmer","3","3","6"
"chimbonda","2","4","6"
"Chinaghetto","4","2","6"
"Chingachkook18","3","3","6"
"Chinthaka1988","3","3","6"
"chiragDEV","5","1","6"
"Chito0193","3","3","6"
"chizhik90","3","3","6"
"chizhkov","2","4","6"
"chmnm","4","2","6"
"chn344","2","4","6"
"chnxmrt","3","3","6"
"chobo47","3","3","6"
"Choco_Roll","3","3","6"
"Chris_lpd","4","2","6"
"chris-europe","3","3","6"
"Chris81","2","4","6"
"Chrisdude","3","3","6"
"Christian_Tartaglia","3","3","6"
"christianduarte","4","2","6"
"christobart1","3","3","6"
"Christopher3210","3","3","6"
"christopherca","3","3","6"
"christus84","2","4","6"
"chrizzly2309","3","3","6"
"Chryles","3","3","6"
"Chumosaurio","4","2","6"
"Chumychess","2","4","6"
"chuuuta","4","2","6"
"ciacho","4","2","6"
"CiciMiciPici","3","3","6"
"Ciffer","3","3","6"
"ciftunlem4269","3","3","6"
"cinc_tulus","2","4","6"
"Cintiibritez","2","4","6"
"cj10931","2","4","6"
"CJ1975","4","2","6"
"cjalbert","2","4","6"
"Cjgp","4","2","6"
"ck-pinna","3","3","6"
"CKCphucan2010","3","3","6"
"cl0vek","4","2","6"
"Cl0wnspusher","3","3","6"
"claoud","4","2","6"
"Classic__mafia","3","3","6"
"clauberfm","2","4","6"
"ClaudioCanovas","3","3","6"
"CLAUDIOPIRES","4","2","6"
"clemley99","3","3","6"
"CLi","2","4","6"
"Clo2206","3","3","6"
"clockskew","3","3","6"
"Clovis350","3","3","6"
"clownpavel101","3","3","6"
"Clyde180427","2","4","6"
"Clysium","3","3","6"
"cmacke","4","2","6"
"cmares58","4","2","6"
"cmead","3","3","6"
"cmh_christopher7","3","3","6"
"CN3","3","3","6"
"co5kun","4","2","6"
"coachkeener","3","3","6"
"CoachSibtAli","3","3","6"
"coche33475","2","4","6"
"Cochiloquito","3","3","6"
"cocodrilla","4","2","6"
"Coconuuttty","2","4","6"
"cocumber99","4","2","6"
"coderpath","2","4","6"
"Cogah","3","3","6"
"coicu","3","3","6"
"coisas","4","2","6"
"cokbiktimyasamaktan","3","3","6"
"Coke_Live","4","2","6"
"coleopterist","2","4","6"
"colima_mexico1","3","3","6"
"Collins2001","3","3","6"
"ColtraneSax","4","2","6"
"CombatForm","4","2","6"
"Comet12jan","3","3","6"
"ComFen2591","4","2","6"
"Communism-Will-Win","3","3","6"
"CompoundingElo","2","4","6"
"Conclave-Red","3","3","6"
"confused_thinker","3","3","6"
"Cong23","3","3","6"
"CongVinhChessPro","3","3","6"
"Consolidated","3","3","6"
"Convict90","3","3","6"
"Cooeenyouol","4","2","6"
"Cool-Games","4","2","6"
"coolchessmess","3","3","6"
"CoolDude512","2","4","6"
"CoolPlayer991","3","3","6"
"CornbreadHeisenberg","4","2","6"
"Cornetto","3","3","6"
"cornioo","3","3","6"
"CoronelTINO","2","4","6"
"correcaminos504","2","4","6"
"CorTerYos","3","3","6"
"coserzen55","2","4","6"
"cosett","2","4","6"
"Cosmotata07","3","3","6"
"cosre12","4","2","6"
"coswrld270","3","3","6"
"cottagechess","2","4","6"
"cottonfriend","4","2","6"
"Counterplayz","4","2","6"
"courtinwater","3","3","6"
"CowardsPlayOneGame","2","4","6"
"CoyoteMeister","3","3","6"
"CP0621","3","3","6"
"Cptahab62","3","3","6"
"crazzzzyyy","2","4","6"
"CreativePlayer12345","3","3","6"
"Crentok","3","3","6"
"CrespoLF","3","3","6"
"Cresss04","3","3","6"
"CreutzKri","3","3","6"
"CrimsonIsLive","3","3","6"
"crimsonneuron","3","3","6"
"cripcrip","3","3","6"
"Cris_Mar","4","2","6"
"CrisAttack24","4","2","6"
"crisostomo62","3","3","6"
"CrispyHornet","3","3","6"
"Cristalclub","3","3","6"
"Cristha_padilla_QUI","3","3","6"
"Cristian024","4","2","6"
"cristian31416","3","3","6"
"cristianburlacu","3","3","6"
"cristiancmc","2","4","6"
"cristianhinos","4","2","6"
"Crockett_man","3","3","6"
"CroCopNo1","4","2","6"
"Cromwell_Sabado","3","3","6"
"Crunky","3","3","6"
"cruz448","2","4","6"
"CryptoLegend","3","3","6"
"Cs002","2","4","6"
"Csillagvirag_07","4","2","6"
"csurfer111","4","2","6"
"CTO_VVV","3","3","6"
"ctopcu","3","3","6"
"ctudik","3","3","6"
"cuadroj","3","3","6"
"cubestar07","4","2","6"
"cucumber935","3","3","6"
"cuentados","3","3","6"
"cullum_bree21","3","3","6"
"CullyB","3","3","6"
"Curtail","3","3","6"
"Cut-Loose","3","3","6"
"CuteLeo","2","4","6"
"cutenessoverdonnn","4","2","6"
"cuttings","3","3","6"
"cvjmer","3","3","6"
"CVL1984","3","3","6"
"cwalls1014","4","2","6"
"cwanc","3","3","6"
"cxel1ce","3","3","6"
"Cyberprimo","3","3","6"
"Cyberstorm8","3","3","6"
"Cynvelin","3","3","6"
"cypripry","2","4","6"
"Cyrus_Guard","3","3","6"
"CytrusVance","4","2","6"
"cywi","3","3","6"
"czf41","2","4","6"
"czysiek","2","4","6"
"D_J_F","3","3","6"
"d3_x","4","2","6"
"D369","3","3","6"
"D3g3n3r4t","3","3","6"
"D3V1LL","3","3","6"
"d4_bf4_e3","3","3","6"
"d4-Kf6","3","3","6"
"d4erz","2","4","6"
"D9080","3","3","6"
"d9sr","3","3","6"
"DA1212","3","3","6"
"Daad89","3","3","6"
"DAANIYAsalecha","3","3","6"
"DaanLucas98","3","3","6"
"dabddad","2","4","6"
"dabigredone","3","3","6"
"Dacoart","3","3","6"
"Dadgummit","4","2","6"
"DagdanOwezow","3","3","6"
"DagorBragollach","4","2","6"
"dagtlf","3","3","6"
"dakrah","4","2","6"
"DakshaVX32","3","3","6"
"dakshwl","2","4","6"
"Dakuri","3","3","6"
"DaleKrauz","2","4","6"
"daloss91","3","3","6"
"Dami2204","3","3","6"
"DamianUrbaniakov","3","3","6"
"damncommie","3","3","6"
"damochamomo92","3","3","6"
"DamonSalvatore78","4","2","6"
"Dan-Sho","3","3","6"
"danandr25","4","2","6"
"danbrahollari","4","2","6"
"dancing-potato","3","3","6"
"dancingcrow","3","3","6"
"DanDan111","3","3","6"
"dangerboss","2","4","6"
"DanGG","3","3","6"
"dangoo76","3","3","6"
"Dani8989","3","3","6"
"danial_saeedifar","3","3","6"
"danialmorcus","4","2","6"
"danialpt","3","3","6"
"Daniel_Recker","2","4","6"
"DanielChamposki","2","4","6"
"Danielco","3","3","6"
"DanieleC92","3","3","6"
"DanielJarlskov","3","3","6"
"danielmohu","2","4","6"
"danielmorthem","3","3","6"
"Danieloncat","3","3","6"
"DanielProvotorov","3","3","6"
"Daniil_Z_2011","3","3","6"
"daniil0706","2","4","6"
"Daniil345","4","2","6"
"Danijeelo","2","4","6"
"danik_57","4","2","6"
"Danil26092016","2","4","6"
"danilabrat","2","4","6"
"DaniLechuga","3","3","6"
"danilo220066","2","4","6"
"DanilOlshevskyi_13","4","2","6"
"danirafer","3","3","6"
"Danishmafioso","3","3","6"
"dank_knight8","4","2","6"
"danm0","4","2","6"
"danpigna","3","3","6"
"DansQ","2","4","6"
"danteltakelli","5","1","6"
"DANTTASz","3","3","6"
"Danu1997","3","3","6"
"danyll","3","3","6"
"danzelwashintton","2","4","6"
"daomr","4","2","6"
"darcostan","3","3","6"
"Daredevilchees","3","3","6"
"DariaSnow","3","3","6"
"dark_xapek","3","3","6"
"DarkAngel777","3","3","6"
"Darkcot","2","4","6"
"DarkEge05","3","3","6"
"darkflamemaster11","2","4","6"
"DarKnight300","3","3","6"
"darkprojector","3","3","6"
"Darksaeed","3","3","6"
"darkshadow32","3","3","6"
"Darkstruck","2","4","6"
"Darnet","4","2","6"
"DarrylNequetela","2","4","6"
"Darth_Mau","3","3","6"
"darwin34","2","4","6"
"DaryaTrassorub","4","2","6"
"das95","2","4","6"
"dasfyyl17","2","4","6"
"Dashmaster","4","2","6"
"dashnic-82","3","3","6"
"DasPferdOhneNamen","4","2","6"
"Dauken07","4","2","6"
"Dauza","3","3","6"
"dav_sap","3","3","6"
"dav9398","3","3","6"
"Dave12346","3","3","6"
"davelawr","2","4","6"
"David_Lerner","3","3","6"
"David-2000","4","2","6"
"david1357","4","2","6"
"David193z","3","3","6"
"David3792","3","3","6"
"DAVID978","3","3","6"
"DavidAnt22","4","2","6"
"davidariza","3","3","6"
"davidc2022","5","1","6"
"DavidcabTOP9","3","3","6"
"DavidCarrion","4","2","6"
"DavidCB72_Qui","4","2","6"
"davidchan2","3","3","6"
"Davidcheta1994","3","3","6"
"DavidCZ123","4","2","6"
"davidespi1972","3","3","6"
"davidlibano","2","4","6"
"Daviduelvard","3","3","6"
"DaViRoK","2","4","6"
"davizbboy","2","4","6"
"davlaga4","3","3","6"
"Davo105","3","3","6"
"Davutgeldi","2","4","6"
"Dawn_ishere","3","3","6"
"Dawor31","2","4","6"
"daxlooser","3","3","6"
"dayanmunasinghe","3","3","6"
"dbaum1987","3","3","6"
"dbird546","2","4","6"
"dcole4","4","2","6"
"dcons23","3","3","6"
"dcz222","3","3","6"
"Ddat09","2","4","6"
"ddd05xd","3","3","6"
"ddienw","2","4","6"
"de75jo","3","3","6"
"Deadlysnakefog","3","3","6"
"dean4919","3","3","6"
"Deathrone69","3","3","6"
"Debyt87","3","3","6"
"DeceptivelyAligned","3","3","6"
"Dede321","3","3","6"
"dedmorozik222","3","3","6"
"deepanjan","3","3","6"
"DeepBlue1986sd","4","2","6"
"deeppigeon","3","3","6"
"DeePSE4","2","4","6"
"DeeptiPo","3","3","6"
"deepz0_0","3","3","6"
"Default_match","3","3","6"
"defendukio","3","3","6"
"DeGoKra_1","2","4","6"
"degringolade","4","2","6"
"deiorojo","4","2","6"
"Deki3112","4","2","6"
"delao","3","3","6"
"DeLugnt","3","3","6"
"DemianMillan","3","3","6"
"demilegyenanevem","4","2","6"
"DemitriZalupitri","2","4","6"
"demon5986","4","2","6"
"Demonic_Chesser","3","3","6"
"DEMONSLAYER48","3","3","6"
"demping","2","4","6"
"Den_Wes","2","4","6"
"Den1216","3","3","6"
"deneme12344321","2","4","6"
"Denis253","3","3","6"
"Denis56rus","2","4","6"
"DenisP2014","4","2","6"
"Denliv","3","3","6"
"Der_Bauer","3","3","6"
"DER_SCHACHRAPPER","3","3","6"
"Der-Schwede","3","3","6"
"DerBasti","2","4","6"
"DerDickeMitDemVan","3","3","6"
"DereckESCL","2","4","6"
"Derek021","2","4","6"
"Dergamer","4","2","6"
"DerLurch","3","3","6"
"DerPfaehler","3","3","6"
"derschachomat","2","4","6"
"Dertonc","3","3","6"
"derwischtab","4","2","6"
"Desastroso67","4","2","6"
"desikeeda","3","3","6"
"dEsperaDOooooo","3","3","6"
"desq125","3","3","6"
"DESTROYER_1612","4","2","6"
"DestroyerOfTrainees","4","2","6"
"detectedsweat","2","4","6"
"DeutscheProfessor35","4","2","6"
"Devansh1000","4","2","6"
"Devansh12345","2","4","6"
"DevDave12","4","2","6"
"deveshnehra","3","3","6"
"devil_may_cry41","3","3","6"
"dexa9","3","3","6"
"Dexant","3","3","6"
"Dfdrer","2","4","6"
"dfhsgb","2","4","6"
"DG_KARLoCK","2","4","6"
"dgianotti","3","3","6"
"dhabu_s","2","4","6"
"DhairyaShah200608","3","3","6"
"Dhesighan","3","3","6"
"Dhiraj2005","3","3","6"
"dhmee18","3","3","6"
"dhruv_2208","3","3","6"
"dhruwaah","4","2","6"
"dhum007","3","3","6"
"Dhylan123","2","4","6"
"DIABLO_IRAN","3","3","6"
"DiagonalSquares","3","3","6"
"Dicobras2023","3","3","6"
"didnothingwrong","3","3","6"
"diego11solano","4","2","6"
"DiegoASO","4","2","6"
"Diezly","3","3","6"
"dif20","4","2","6"
"dikaios2","4","2","6"
"dikescall","3","3","6"
"dilan64","3","3","6"
"DiLeGrosPanda","3","3","6"
"dillon94","3","3","6"
"Dillonduddy","3","3","6"
"Dima__ch","3","3","6"
"dima_kovalyov0811","3","3","6"
"dima08080404","4","2","6"
"Dima250909","3","3","6"
"DimaChT","4","2","6"
"diman_ufa","3","3","6"
"Diman777","3","3","6"
"DimanGer","4","2","6"
"dimarzio1","3","3","6"
"Dimetrodon52","4","2","6"
"dimich1","2","4","6"
"Dimitr1976","4","2","6"
"Dimitr48","4","2","6"
"dimmadimmadimmadome","4","2","6"
"DimonShanson1","3","3","6"
"dimsmipnov","2","4","6"
"Dimts","2","4","6"
"dimussy","3","3","6"
"Dinochess666","3","3","6"
"diogenisaidinidis","3","3","6"
"dIpUo","2","4","6"
"DiRosel","3","3","6"
"dirtyx","3","3","6"
"disappointinging","2","4","6"
"disideme","3","3","6"
"disp555","3","3","6"
"DistantPawn","2","4","6"
"Diughtf","3","3","6"
"Divam_Talwar","3","3","6"
"Divjot12","4","2","6"
"djamesglasgow","3","3","6"
"django27","3","3","6"
"Djonnydepp2020","3","3","6"
"Djordje23","3","3","6"
"DJSa","3","3","6"
"DleifW","3","3","6"
"dlendman","2","4","6"
"dleonardi-xadrez","3","3","6"
"dlinch221","2","4","6"
"dmalcat","3","3","6"
"DMANZAN","2","4","6"
"Dmiljanov","3","3","6"
"dmitrievv1","3","3","6"
"DmitryRyzhkov","3","3","6"
"DmitryT27","3","3","6"
"dmitttr","3","3","6"
"dMn007","4","2","6"
"dMn4201","2","4","6"
"dmonti-RIRVB","3","3","6"
"DmShev","2","4","6"
"dnew15","3","3","6"
"do_not_worry_aboutit","4","2","6"
"dobchinsky","3","3","6"
"Dobriy_Leoric","3","3","6"
"docamrish","3","3","6"
"DoctorHobot","3","3","6"
"doctoro1959","3","3","6"
"dodo_vlp","3","3","6"
"Dodo998","3","3","6"
"Doflamingo511","3","3","6"
"dohoangminh271","2","4","6"
"dolbycz","3","3","6"
"dolgovme","3","3","6"
"Dolrich","4","2","6"
"Dombor203","3","3","6"
"domezsii","3","3","6"
"DomG1","3","3","6"
"domilbs","4","2","6"
"dominican_flash","3","3","6"
"Dominik_Decoco","3","3","6"
"dominko07","2","4","6"
"DonArun007","2","4","6"
"DonBlatto","3","3","6"
"Dondalinger","3","3","6"
"donsokolov","3","3","6"
"DontFlagMePlease","3","3","6"
"Doobie84","2","4","6"
"doomdynasty","3","3","6"
"Dopex","3","3","6"
"Doppelganger-Ted","3","3","6"
"DoquiML","2","4","6"
"dorineto","3","3","6"
"DortmundAlzar","3","3","6"
"dorygnathus","4","2","6"
"douce1","3","3","6"
"dove59","4","2","6"
"dpaivachess","3","3","6"
"DppII","3","3","6"
"Dr_Alpha_Pain","3","3","6"
"Dr_Baris_Sahin","3","3","6"
"Dr_Derbenstein","3","3","6"
"Dr_di-Agnostik","2","4","6"
"dr_dimitri82","3","3","6"
"Dr_Dopehead","3","3","6"
"Dr_Eliminator","3","3","6"
"Dr_Lenk","2","4","6"
"Dr_Marutin","3","3","6"
"dr_Per4ik","3","3","6"
"dr_steve","3","3","6"
"dr-yno","3","3","6"
"DraggyVXY","2","4","6"
"Drago2792","4","2","6"
"dragobr10","2","4","6"
"dragon123456784","3","3","6"
"dragonemprr77","3","3","6"
"Dragonking458","3","3","6"
"draiochtvisigoth","3","3","6"
"dranocrepus","3","3","6"
"draqular","3","3","6"
"draw_barrimore","1","5","6"
"Draxxin","3","3","6"
"DrCuber2000","3","3","6"
"drdalakas","4","2","6"
"DrDestroya","3","3","6"
"DrDickDestroyer","4","2","6"
"DrDreem58","2","4","6"
"DreamBoy_JJ","3","3","6"
"DREAMOONN","3","3","6"
"Dreev_Aleksey","3","3","6"
"DrErikG","2","4","6"
"DrewC704","3","3","6"
"drewmagoo","3","3","6"
"Drewtang","3","3","6"
"DrFrankenstein27","3","3","6"
"Drfrankishtien","2","4","6"
"drgam_masehe","4","2","6"
"DrGonzo13","3","3","6"
"drhassandabour","3","3","6"
"DripFlow","3","3","6"
"drk_junior","3","3","6"
"drkmr","3","3","6"
"drlemur","4","2","6"
"DrMaxPlanck","3","3","6"
"drmosis","4","2","6"
"drmtgr","2","4","6"
"DRON129","4","2","6"
"DrRsN","3","3","6"
"drselva86","3","3","6"
"drSergejNajman","2","4","6"
"drsinohe","3","3","6"
"drtruth123","4","2","6"
"drturtle","3","3","6"
"Drunken_chess07","3","3","6"
"drvurgun","1","5","6"
"DrZerk","3","3","6"
"dsa_re","4","2","6"
"dspstysf","2","4","6"
"DSRB","1","5","6"
"DTAHMETYAY","3","3","6"
"DtFrankenstein","3","3","6"
"dtholden","3","3","6"
"Dubakralligi41","4","2","6"
"DubiousG","3","3","6"
"Duc_In_Altun","5","1","6"
"ducharmemp","4","2","6"
"Duda_olimp","2","4","6"
"dudewheresmyphone","3","3","6"
"duffybunny","3","3","6"
"Duibh","4","2","6"
"Dukeee158","3","3","6"
"Dulmilk","3","3","6"
"Dummyrunner","3","3","6"
"dunge0n_massterr","3","3","6"
"duntenthv","3","3","6"
"duong21746","3","3","6"
"DUREMAR-76","2","4","6"
"durjoy10","2","4","6"
"Durreac","3","3","6"
"Durties","2","4","6"
"DurtMcGehrk","2","4","6"
"dusanmunja03","2","4","6"
"duzystary","2","4","6"
"dvaldez","2","4","6"
"dvcunha","3","3","6"
"Dverigranit","3","3","6"
"Dviz4C3","3","3","6"
"dw69","3","3","6"
"Dwib","3","3","6"
"DwSolo","3","3","6"
"dykonoff","3","3","6"
"Dylan_Wih","3","3","6"
"DylanIsDumb","4","2","6"
"Dynamikus","2","4","6"
"dynamiteblue","3","3","6"
"dzhgenti","3","3","6"
"dziuba","3","3","6"
"Dzuku","3","3","6"
"e_ide","3","3","6"
"E_M_G_D","2","4","6"
"e_mahmoudiazar","3","3","6"
"e_willo","4","2","6"
"e1pablo","4","2","6"
"E69J","3","3","6"
"Eaglefroxy","3","3","6"
"eantag11","3","3","6"
"earlme","2","4","6"
"Early_Dragon","2","4","6"
"EarthIsFlat_norway","3","3","6"
"Easterly","3","3","6"
"EasyAstronomy","3","3","6"
"EasyPassy","3","3","6"
"Eb-Bilegt","4","2","6"
"ebikarpov","3","3","6"
"Echec-et-Matt","3","3","6"
"EchecsEpate","3","3","6"
"ECHO77888","3","3","6"
"Eckspringer","3","3","6"
"Ecolosa","3","3","6"
"EconomicJ","3","3","6"
"Economix87","4","2","6"
"EDCQA","2","4","6"
"eddde","2","4","6"
"eddiebhila","3","3","6"
"eddoard","3","3","6"
"Eddydarfdas","2","4","6"
"Eden-Hasard","3","3","6"
"Eder-Borrero","3","3","6"
"Edgar_Eliel","4","2","6"
"Edgar1990","3","3","6"
"edgarniubo","3","3","6"
"EdgarOrtiz","4","2","6"
"edhj20","2","4","6"
"EdibleCakez","4","2","6"
"EdijsJansons","3","3","6"
"EdLara","2","4","6"
"EdmGeno","3","3","6"
"Edmort_Br","2","4","6"
"edo2106","3","3","6"
"edoss29","3","3","6"
"Edpifr","3","3","6"
"EDTECH2021","3","3","6"
"EDU60","3","3","6"
"eduardo59","3","3","6"
"eduardofk","2","4","6"
"Edubedia","3","3","6"
"edwin197850","4","2","6"
"eecN","2","4","6"
"eeekfits","2","4","6"
"eelo12","3","3","6"
"Eend_0","3","3","6"
"eendavid","2","4","6"
"efa660","3","3","6"
"efe24efe","4","2","6"
"efpi","3","3","6"
"EfremovAA","2","4","6"
"efsanex","3","3","6"
"ega15","2","4","6"
"EGazan","2","4","6"
"egegucveren","4","2","6"
"Egeozanbilfen7","3","3","6"
"egesihirbazi1702","3","3","6"
"Eggsbenedicts","3","3","6"
"egittoe","4","2","6"
"egomio81","2","4","6"
"egon25","4","2","6"
"Egor_Kamaev","4","2","6"
"Egor1122","3","3","6"
"EHRAN","2","4","6"
"Ehsan_Hz","3","3","6"
"ehsanfatemi1367","4","2","6"
"ehsanmirmostafaee","3","3","6"
"ei8ht8","2","4","6"
"EikeLehwe","2","4","6"
"Einseon","4","2","6"
"Eiresown","3","3","6"
"eirikms","3","3","6"
"Eitrum","4","2","6"
"Ekinggg","4","2","6"
"el__coco","3","3","6"
"el_aboganster","4","2","6"
"El_Admiral_3","3","3","6"
"El_Metra","3","3","6"
"El_Osotigre","2","4","6"
"EL_PEYALES","2","4","6"
"El_Pity_Martinez_10","2","4","6"
"El-Capitan13","3","3","6"
"EL-DABAA","3","3","6"
"el-duro32","2","4","6"
"El-Tor0","3","3","6"
"el13b","5","1","6"
"el3mn22","2","4","6"
"ElAprendiz12","4","2","6"
"ElasticHeart989","3","3","6"
"Elastrix","3","3","6"
"elazaracker","3","3","6"
"elbetbirgunn","3","3","6"
"elbrus026","3","3","6"
"ElCarrasco-Chess","3","3","6"
"elcichee","2","4","6"
"elcubanodemiami","3","3","6"
"EldestSon","3","3","6"
"elDolor91","2","4","6"
"elecrci","3","3","6"
"Electroni","3","3","6"
"electrontomsk","3","3","6"
"elemao_ecsdee","3","3","6"
"EleuterioManzano","3","3","6"
"Elevtobiojj","4","2","6"
"Elfandreis","3","3","6"
"ElGarry-Shalom","3","3","6"
"Elia-Ayman","4","2","6"
"Eliana_0917","1","5","6"
"Elianza","2","4","6"
"elifcose","3","3","6"
"elifdeniz09","4","2","6"
"ElijahChilufya","3","3","6"
"elimnator","3","3","6"
"elio_r","3","3","6"
"elis202020","3","3","6"
"Eliseo_Ajedrez","3","3","6"
"eliseomaus","3","3","6"
"Elistratov_Semyon","2","4","6"
"ElitePlayer09","4","2","6"
"Elito29","3","3","6"
"Elitoerz14","3","3","6"
"eliyaoo32","3","3","6"
"ell_mariachi","2","4","6"
"Ellie_Willy","3","3","6"
"elmasmanco-123","3","3","6"
"elmatasardi","3","3","6"
"Elmegana","4","2","6"
"elmfelot","3","3","6"
"elnazzeidy","4","2","6"
"ELO_1500","3","3","6"
"elo_fromzero","4","2","6"
"elplot","3","3","6"
"ElPogo","3","3","6"
"Elquemero","2","4","6"
"ElRey94","4","2","6"
"elreyleon","3","3","6"
"elrond1907","3","3","6"
"Eltablifero50","3","3","6"
"eltigrecu","3","3","6"
"ElvinNietzsche","2","4","6"
"Elvir2011","3","3","6"
"ELXPremium-gambler","3","3","6"
"elyanies","3","3","6"
"elyminas","2","4","6"
"emadund","3","3","6"
"emapeg75","4","2","6"
"emesantanna","3","3","6"
"EMGthe","3","3","6"
"emilsz","4","2","6"
"emircakmaz","3","3","6"
"emird28","3","3","6"
"emlitorres","3","3","6"
"emp7yboy","2","4","6"
"EmperorPenguinPaiva","2","4","6"
"EMPERYALISTFAMOUS","3","3","6"
"emporda65","2","4","6"
"emrearik123","3","3","6"
"emrekalender","3","3","6"
"emrhneknci","3","3","6"
"emrty","4","2","6"
"emrullah13","3","3","6"
"Emryss","3","3","6"
"En_Peasants_r_Forced","3","3","6"
"EN1Y1","3","3","6"
"Eneesss","3","3","6"
"enemybac","3","3","6"
"enerd","3","3","6"
"enesikiz","3","3","6"
"enESselCukk","3","3","6"
"Enesslk","3","3","6"
"EnesTfeki1","4","2","6"
"EngBeeTeen","2","4","6"
"Engin768","4","2","6"
"engineering16","3","3","6"
"engrayan","4","2","6"
"enlan","2","4","6"
"Enno123","4","2","6"
"EnotKiss","3","3","6"
"enoughmee","3","3","6"
"enrico031","3","3","6"
"EnricoDelToro","3","3","6"
"Enrique_Cortes05","2","4","6"
"EnverBey26","3","3","6"
"enzitoconz","2","4","6"
"ENZO-ARG","3","3","6"
"enzobru","3","3","6"
"enzorbey","4","2","6"
"Epassere","3","3","6"
"EPHS-Khan","3","3","6"
"EpsilonThink","4","2","6"
"Equipointer","2","4","6"
"er1234","4","2","6"
"eran312","3","3","6"
"Erdii15","2","4","6"
"Erdyneev","3","3","6"
"Eren_Berk","4","2","6"
"Eren_Yeager_666","4","2","6"
"Erenpaul","2","4","6"
"Eric_Bonet","2","4","6"
"Eric_Cartman05","3","3","6"
"Erik_Stoychev","4","2","6"
"erikbjorkholm","3","3","6"
"ErikEro","3","3","6"
"erikkompa","3","3","6"
"erikmannen","2","4","6"
"erikwern","3","3","6"
"erkpa","3","3","6"
"ERLANGEN298","3","3","6"
"ErMucca","3","3","6"
"eroglues","3","3","6"
"eRpEke","3","3","6"
"ertugrulugur","4","2","6"
"Eruption16","4","2","6"
"Ervand_Fischer","3","3","6"
"Erve","3","3","6"
"Ervis777","3","3","6"
"erwan_ler","3","3","6"
"Erzi3HR","3","3","6"
"Erzinger","3","3","6"
"Escanor967","5","1","6"
"eschrader","4","2","6"
"esckral","3","3","6"
"esechess","2","4","6"
"Eseniaa","2","4","6"
"eshiro88","2","4","6"
"esklus","3","3","6"
"eslamahmed85","3","3","6"
"espankavoce","4","2","6"
"espilon2","4","2","6"
"estudiofinales","3","3","6"
"EsZ101","4","2","6"
"ET-2601","3","3","6"
"eternal_cheese","3","3","6"
"ethanlebg","3","3","6"
"etoBaric","3","3","6"
"etoile100","3","3","6"
"etsho","4","2","6"
"Eugene_77","3","3","6"
"Eugene_Xo","3","3","6"
"eukocha","2","4","6"
"eunikeyepeo","2","4","6"
"Euno_iaaaa","2","4","6"
"Eurofighter97","3","3","6"
"eusi100","3","3","6"
"evan_horn","2","4","6"
"Evan1812","3","3","6"
"EvanMiqael7","3","3","6"
"Everesttt","3","3","6"
"Evgen12234","4","2","6"
"Evgeni19761976","2","4","6"
"EVGENII_2023","3","3","6"
"evgenii2019","4","2","6"
"Evgenik1984","3","3","6"
"evgeniy12111992","2","4","6"
"Evgeny08","4","2","6"
"evilcrab","2","4","6"
"Evz2310","3","3","6"
"excellente","3","3","6"
"Explo2mat","3","3","6"
"eyup1986","3","3","6"
"EZE1896","3","3","6"
"Ezenessel","4","2","6"
"Ezgameyo","3","3","6"
"ezh1","3","3","6"
"ezikkk","4","2","6"
"ezoficial","3","3","6"
"f_linjas-Egenvektor","4","2","6"
"f_u_t_u_r_e_k_i_n_g","3","3","6"
"F1amie","3","3","6"
"f3lpz","3","3","6"
"f757757f","4","2","6"
"f77k77","4","2","6"
"F8LCN","2","4","6"
"fabianbm1","3","3","6"
"FabianeGray","3","3","6"
"FabianoC","2","4","6"
"fabiowp2","1","5","6"
"FabricioCGuerra","3","3","6"
"fabrizio-2011MV","2","4","6"
"Fabygranate","3","3","6"
"Fachit","4","2","6"
"Facu98","3","3","6"
"FacundoCp","4","2","6"
"Fadoh","2","4","6"
"FaEmKaMa43","3","3","6"
"fafischer","3","3","6"
"FaheemurRahman","3","3","6"
"Fahim02","3","3","6"
"FaiaijUddin","4","2","6"
"FAILCHAWY","3","3","6"
"Failmen","5","1","6"
"fair_play_bro","3","3","6"
"Faiz_AlfaLaval","3","3","6"
"fakerock","4","2","6"
"Faktas","4","2","6"
"falcocoapuff","3","3","6"
"falconeyez","3","3","6"
"faleth7","3","3","6"
"Falkenauge01","3","3","6"
"fallguy101","3","3","6"
"falperg","4","2","6"
"FalzeHope","4","2","6"
"Famer_Joe","4","2","6"
"Fana1508","3","3","6"
"Fanaskov_Nikita","3","3","6"
"fanast","2","4","6"
"Fandangos403","3","3","6"
"Fantasma00","2","4","6"
"Far_Out","2","4","6"
"Fardeen-2008","3","3","6"
"FARG","2","4","6"
"farhad12345","3","3","6"
"Farhadi64","4","2","6"
"farhanoctober","3","3","6"
"faridfrzn","4","2","6"
"farinahosami","4","2","6"
"FarkasJani","3","3","6"
"farmakolog123","4","2","6"
"farmertim","3","3","6"
"Farroukh","3","3","6"
"fasanbritia","2","4","6"
"FAsgeirZ","3","3","6"
"fastbook","4","2","6"
"fasulyesineoynamam","3","3","6"
"fathey","3","3","6"
"fatihguven","3","3","6"
"fatihkoseci","3","3","6"
"fatihsargin","3","3","6"
"fattahovk","3","3","6"
"Fattakhovfail2006","3","3","6"
"fatur154","3","3","6"
"Faust001","4","2","6"
"Favoured","3","3","6"
"fazhari","4","2","6"
"Fazliddin_0804","4","2","6"
"fb2327","4","2","6"
"fbac1066","2","4","6"
"fbgiodds","3","3","6"
"fbutt15","3","3","6"
"fcap59","2","4","6"
"fcwbm1cb0cedric","3","3","6"
"FCwD","3","3","6"
"fditomaso","3","3","6"
"fdwulas","4","2","6"
"FearTheDeath","3","3","6"
"featherfries","3","3","6"
"febie33","3","3","6"
"Fedalerer","3","3","6"
"fedediego","3","3","6"
"fedevillarinos","2","4","6"
"Fedex91218","4","2","6"
"fedox28","3","3","6"
"Feernaando","2","4","6"
"Fehlgriff","3","3","6"
"FekolkinVictor","2","4","6"
"Feldauge","4","2","6"
"Felin1","3","3","6"
"Felipe_Maluf","3","3","6"
"Felipeelpatron","3","3","6"
"FelipeFontanaVieira","3","3","6"
"felipehb","2","4","6"
"felipeulloa","3","3","6"
"Feliuuk9","3","3","6"
"FelixIV","3","3","6"
"FelixJones","3","3","6"
"Felixxxx","2","4","6"
"FeLuRiAN0","3","3","6"
"FEmil","3","3","6"
"FenyxSapeeeee","3","3","6"
"Fer_87_2021","3","3","6"
"Fer84","3","3","6"
"ferbeast","4","2","6"
"Ferhatkayrak","3","3","6"
"ferhuerta","3","3","6"
"Ferit18","3","3","6"
"fermopil","2","4","6"
"Fernando098","2","4","6"
"Fernandohuab","3","3","6"
"fernandopaes","4","2","6"
"Fernasalsan71","2","4","6"
"ferodeto","3","3","6"
"Ferran_Torres","3","3","6"
"Ferrelinperu","3","3","6"
"ferruo","1","5","6"
"Fest_Chess","3","3","6"
"Fest1r","2","4","6"
"festool67","2","4","6"
"Fetichess","4","2","6"
"FetMartin","2","4","6"
"Feuerstein2110","4","2","6"
"feveran24","3","3","6"
"fewbarden","3","3","6"
"feyzullahtofiq5","2","4","6"
"FFM2001","3","3","6"
"FFTurm","3","3","6"
"FG_coloon","4","2","6"
"fherbst","4","2","6"
"fianchettolaeufer123","3","3","6"
"Fiascoat","4","2","6"
"Fibisch","4","2","6"
"FIDEjanis07","4","2","6"
"fidgetcube99","3","3","6"
"fight1","2","4","6"
"Fighter4U","3","3","6"
"fikretbingol","4","2","6"
"filipos05","3","3","6"
"Filippo2210","4","2","6"
"fillapukhin666","3","3","6"
"Filumenia","2","4","6"
"FinkelFrand","2","4","6"
"fips95","3","3","6"
"FireblazePhoenix","2","4","6"
"FireLizard","4","2","6"
"FireLordZKM","4","2","6"
"firsy","3","3","6"
"firtokyo","3","3","6"
"fischer1945","4","2","6"
"FISCHERv10","3","3","6"
"Fishara1999","2","4","6"
"Fisher_2002x","4","2","6"
"Fisherswamp","3","3","6"
"FizzermansFriend","4","2","6"
"FKC131508","3","3","6"
"FknApe","4","2","6"
"Flamefist1","2","4","6"
"flap_ve_2004","3","3","6"
"flare95","3","3","6"
"flasgod","2","4","6"
"flavioamieiro","2","4","6"
"Flaviofreire","4","2","6"
"Flaviosnm","3","3","6"
"FLENDERS","2","4","6"
"flexalt","3","3","6"
"flo1234","3","3","6"
"FLOKAROV14","5","1","6"
"Flonckels","3","3","6"
"Flooflo","4","2","6"
"floofng","3","3","6"
"floquetdeneu","2","4","6"
"Florcus","5","1","6"
"floscbvb","2","4","6"
"Flying_Knights_77","4","2","6"
"flyingZurich","2","4","6"
"fmpa_uwu","3","3","6"
"Fnasket","3","3","6"
"FoamyMike","3","3","6"
"Foglost","3","3","6"
"Folgore77","2","4","6"
"Fonateus","2","4","6"
"FoolsOverture","3","3","6"
"FooManChu622","3","3","6"
"ForeverColle","2","4","6"
"forking_master","3","3","6"
"formation_46","2","4","6"
"fortjp500","3","3","6"
"forubee","4","2","6"
"Forza_Lord","3","3","6"
"Foudirene35","3","3","6"
"Fox235","3","3","6"
"foxrt","3","3","6"
"foxxa","3","3","6"
"FR0B_14","3","3","6"
"fr4nk007","3","3","6"
"Fradifili","2","4","6"
"Fragglebraini","3","3","6"
"francescogallo","3","3","6"
"francesketor1","3","3","6"
"Francezlimon","3","3","6"
"Francisco_Rojas","3","3","6"
"franciscojm59","3","3","6"
"franco_n","3","3","6"
"FrancoisMichel","3","3","6"
"Francolis","3","3","6"
"Frank_yordy","3","3","6"
"Frankenstein000","3","3","6"
"frankflorezm","2","4","6"
"Frankie_M","3","3","6"
"frankiii","3","3","6"
"Franky93","3","3","6"
"FRANLE","3","3","6"
"FrannanPRX","3","3","6"
"Frannievas008","3","3","6"
"Fransioum","2","4","6"
"Franz_ChessGaming","3","3","6"
"franzferenc2","3","3","6"
"Frau_Holle","3","3","6"
"frbi","3","3","6"
"frbraz","3","3","6"
"Frdzk1830","3","3","6"
"Fred_Astaire","3","3","6"
"Fred352","4","2","6"
"Fredgazel","3","3","6"
"fredibieging","3","3","6"
"fredopoulos","2","4","6"
"fredycoronadoAyala","4","2","6"
"freeboot","4","2","6"
"FreeKong","3","3","6"
"Fresch","4","2","6"
"Fresh_Lemon","3","3","6"
"Freshmaker","2","4","6"
"Freshman97","3","3","6"
"FreshZlate","3","3","6"
"freter1867","3","3","6"
"freudious","2","4","6"
"frewun","3","3","6"
"Freyja997","4","2","6"
"Friedlcastro","2","4","6"
"FriedrichMuller71","3","3","6"
"Frigiel","4","2","6"
"frivolizando","3","3","6"
"Frodo14","2","4","6"
"FrookYouUp","4","2","6"
"FrostKnightWonAgain","3","3","6"
"frostysailing","3","3","6"
"frozen_curtain","3","3","6"
"FryXed","3","3","6"
"fschwarz","4","2","6"
"Fubtorpikus","2","4","6"
"Fuego1","3","3","6"
"FUFRER","3","3","6"
"fullhauzsmurf","3","3","6"
"fullmoon2","3","3","6"
"funking","3","3","6"
"Funkmusic80","4","2","6"
"funkwecker","2","4","6"
"funloader","2","4","6"
"Funnychap","3","3","6"
"furkansunney","3","3","6"
"furkoska","3","3","6"
"futbol44k","3","3","6"
"FutureGMEM","4","2","6"
"FuturisticBrain","3","3","6"
"fvv34","3","3","6"
"Fyodor-0","3","3","6"
"FZCor","3","3","6"
"G-444","2","4","6"
"G-G1999","3","3","6"
"G-Nenakhov02","3","3","6"
"G-r-i-n-ch","3","3","6"
"G0DZILLA","3","3","6"
"G12112312","3","3","6"
"g1b3rt0","4","2","6"
"GA1988","3","3","6"
"gab_mecheng","3","3","6"
"GabiEDSLA19","4","2","6"
"gaboasto1998","3","3","6"
"gabobateroo","3","3","6"
"Gabri20","4","2","6"
"gabriel_leon81","2","4","6"
"Gabriel23087","3","3","6"
"GabrielaVelikovaBG","3","3","6"
"gabrielparaguay","3","3","6"
"gabrielroman_S1BVI","3","3","6"
"Gabse","4","2","6"
"gaelju","3","3","6"
"gagajo","3","3","6"
"gagambang_bahay","4","2","6"
"gagarinnka","3","3","6"
"GahiMuundang","3","3","6"
"Galagala_Marvin","4","2","6"
"Gales1905","2","4","6"
"Galge","3","3","6"
"galic_ante89","3","3","6"
"Galkin_Ilia_BAE_2016","2","4","6"
"GalloPazzo96","2","4","6"
"galoguty","3","3","6"
"Gambit-Chess-Academy","4","2","6"
"gambit1101","3","3","6"
"gambit2909","3","3","6"
"Gambitgutten","2","4","6"
"GambitNeil","3","3","6"
"gamegie","3","3","6"
"GameMoover","3","3","6"
"Gameofsonny","2","4","6"
"Gammera","3","3","6"
"Gamotino","3","3","6"
"Ganak123","2","4","6"
"Gandhar1701","3","3","6"
"Gandu_khan","4","2","6"
"ganorar_1","3","3","6"
"Garaase","3","3","6"
"GarayS2018","4","2","6"
"garfield55","3","3","6"
"Garik1994","3","3","6"
"GaritoLokiyo","3","3","6"
"garoofmoon","2","4","6"
"garri007","2","4","6"
"Garris51","3","3","6"
"garrycarlson","3","3","6"
"GARRYGC","2","4","6"
"gartinger","3","3","6"
"GARVgambit","3","3","6"
"Garycameron","3","3","6"
"Gasan05mcx","4","2","6"
"Gascsse","2","4","6"
"gasolinebased","3","3","6"
"Gasparov7","3","3","6"
"gastoire","3","3","6"
"Gatchan","4","2","6"
"gatosuli","3","3","6"
"Gatsu333","2","4","6"
"gaucho3","3","3","6"
"Gaurav733","2","4","6"
"gauravdatt2000","2","4","6"
"GauravPokhriyal","2","4","6"
"gavilin","3","3","6"
"gavriloooo","3","3","6"
"GavrilovM","3","3","6"
"gawron","3","3","6"
"gayerdem","3","3","6"
"gaza98","3","3","6"
"Gbart11","4","2","6"
"gbevs","3","3","6"
"gbfarr","3","3","6"
"gbrlpl","3","3","6"
"Gear_4_Snakeman","3","3","6"
"Gecko1","3","3","6"
"Gedeonget","3","3","6"
"Gedepe31","3","3","6"
"gedge1981","3","3","6"
"GediMarko","3","3","6"
"gege2000","2","4","6"
"gekara","2","4","6"
"Gelbedor","3","3","6"
"gemanuil","3","3","6"
"GenghisKhan20","3","3","6"
"GenghisPawn69","3","3","6"
"Gengi","3","3","6"
"geniusiyke","3","3","6"
"Geniusof1000","3","3","6"
"Genkurunziza","3","3","6"
"gennarobarrosocarlo","5","1","6"
"Genuu","3","3","6"
"genyltonov","4","2","6"
"geokara","4","2","6"
"George_Hmar1978","3","3","6"
"george59","3","3","6"
"George64","3","3","6"
"Georgegeorg","3","3","6"
"GeorgeGi","4","2","6"
"GeorgKrus","4","2","6"
"Georgy4224","3","3","6"
"GeraldGenta","2","4","6"
"GeRb14","3","3","6"
"gercekronaldo","3","3","6"
"gerespgaming","2","4","6"
"gerryrivers","4","2","6"
"gersho","3","3","6"
"GervitsLeonid","3","3","6"
"geserG","3","3","6"
"getupdayday","3","3","6"
"gevaues","3","3","6"
"gevixman","2","4","6"
"gewoon-dennis010","3","3","6"
"GFUK","4","2","6"
"gg22800","4","2","6"
"gg52","2","4","6"
"GGem","3","3","6"
"GGiron_Duoc-UC_PAO","3","3","6"
"Ggrrrr","2","4","6"
"ghasemi791379","3","3","6"
"gherus","3","3","6"
"GhostDragonLTD","4","2","6"
"GhostOfBobby","2","4","6"
"GhostRider47","4","2","6"
"Ghotu","2","4","6"
"gi127","3","3","6"
"GI37","3","3","6"
"Gianlucca36","4","2","6"
"Giantpipsqueak","3","3","6"
"gie1988","3","3","6"
"Gigaheld","3","3","6"
"Giger74","2","4","6"
"Giinkoo","3","3","6"
"gijslonneker","3","3","6"
"gil3011","3","3","6"
"gilefren","3","3","6"
"gilonghiskhan","3","3","6"
"GinoGG","3","3","6"
"giodip","4","2","6"
"Gionnifelpatedpass","3","3","6"
"Giov1960","3","3","6"
"GiovanyD","2","4","6"
"gioxan7","2","4","6"
"giralfie","2","4","6"
"gitesh99","4","2","6"
"GitGuud","4","2","6"
"Giuliano17","3","3","6"
"Gizzmo","4","2","6"
"GjDiSiXjCjCjFjD","2","4","6"
"gjdk329fksrf","2","4","6"
"glabasnat","3","3","6"
"gladbackup","3","3","6"
"glassbeadgame79","2","4","6"
"glatter_Aal","4","2","6"
"GLEbasik2410","4","2","6"
"GlebR_25_08","2","4","6"
"GlHfBoi","2","4","6"
"GlocknSlocker","3","3","6"
"gloop_gaps","3","3","6"
"Glory_1895","3","3","6"
"gmademmy","2","4","6"
"gmcg","4","2","6"
"gmgrace","3","3","6"
"gmjet_nhat","3","3","6"
"gmnorfolk","3","3","6"
"gmroedor","4","2","6"
"Gnome314","3","3","6"
"go0o0ogle","3","3","6"
"Goabaone","2","4","6"
"goat_matata","3","3","6"
"Goatmeal94","2","4","6"
"GOCMAN_PSYCH","3","3","6"
"God_save_the_King","3","3","6"
"godfather12345","3","3","6"
"godfather1971","2","4","6"
"Godl1ke3","3","3","6"
"Godot508","3","3","6"
"Godsea13718","2","4","6"
"Goewan","3","3","6"
"Gogol2","3","3","6"
"gogu1977","3","3","6"
"gojayevzz","2","4","6"
"gokirov","3","3","6"
"gokocoto","3","3","6"
"Gokul9150680199","3","3","6"
"goldenarial","3","3","6"
"GoldiLouis","4","2","6"
"goldstej","2","4","6"
"gologram","3","3","6"
"Golyatin","4","2","6"
"gomenasai_9","3","3","6"
"gomi-22","3","3","6"
"gondurasso","2","4","6"
"Gontran02","2","4","6"
"gonzalo0077","3","3","6"
"gonzalochuecos","3","3","6"
"GONZALONIEVE","3","3","6"
"gonzaymajo","2","4","6"
"goodwin74","3","3","6"
"GooglyPaste","3","3","6"
"Goose-Jr","3","3","6"
"goranb9188","4","2","6"
"Gorbunov_Danil_2008","3","3","6"
"Gordeev_Anton","3","3","6"
"Gorr","3","3","6"
"Goryn_Gorynych","3","3","6"
"gospodinUretra","3","3","6"
"goteacher","3","3","6"
"Gotham_lover","3","3","6"
"Gothmog90","3","3","6"
"Gourish","2","4","6"
"Gowthamr8","3","3","6"
"GPQatar","3","3","6"
"gProPavel","3","3","6"
"graf_doshirakula","3","3","6"
"Granat09","3","3","6"
"GranchioItaliano","3","3","6"
"Grand321","4","2","6"
"GrandePumas","3","3","6"
"GRANDMASTER_09","3","3","6"
"Grandmaster_Olivier","3","3","6"
"Grandmaster_Prokhor","4","2","6"
"GrandPatzer007","3","3","6"
"GrandPrise","4","2","6"
"grantmasder","4","2","6"
"greannn2","3","3","6"
"Greatpaz","4","2","6"
"green2453","3","3","6"
"Greendjati","3","3","6"
"greene1303","3","3","6"
"greenman50","4","2","6"
"greenstarfour","3","3","6"
"greentdpro","2","4","6"
"Greenwash","3","3","6"
"Greferberger","2","4","6"
"greg1239","3","3","6"
"Gregkiprotich","4","2","6"
"GreigConnor","2","4","6"
"greuceanugelu","3","3","6"
"grexia","2","4","6"
"GreyMatter10","3","3","6"
"Griffen2000","3","3","6"
"Griffin77777777","4","2","6"
"Griffo666778","3","3","6"
"GrimReapers-PA","3","3","6"
"Grind1Hour","4","2","6"
"Grischenko_Pavel","3","3","6"
"GritsenkoA","3","3","6"
"Gro-binho","3","3","6"
"grosquick","3","3","6"
"GroupTheorist","2","4","6"
"GrusheYed","4","2","6"
"grusmul","4","2","6"
"GS1968","3","3","6"
"gs64","3","3","6"
"gsaint28","2","4","6"
"GSPieda","3","3","6"
"Gsuz","4","2","6"
"gtronz","3","3","6"
"Gu67era","2","4","6"
"gubabapa","3","3","6"
"Gubay","5","1","6"
"Guderiangrm","3","3","6"
"gudtimes","4","2","6"
"gudyrabello","3","3","6"
"Guemael","3","3","6"
"guest1691","2","4","6"
"Guiccoken","3","3","6"
"guill59","4","2","6"
"guilleface","3","3","6"
"GuillermoArroyo","3","3","6"
"guillernet09","2","4","6"
"Guily","3","3","6"
"guisam","4","2","6"
"gulgee","3","3","6"
"gulnur","3","3","6"
"Gunner_27","3","3","6"
"GurChess69","3","3","6"
"Gurkenmouse","3","3","6"
"gurrrasees","3","3","6"
"gurupinhead","3","3","6"
"gusev_maxim","3","3","6"
"Gushomoto","4","2","6"
"gustavo_amboni","3","3","6"
"Gustavoblues","4","2","6"
"gutnar","2","4","6"
"Guts443","3","3","6"
"guywhoplayschess69","3","3","6"
"Gyrados9600","2","4","6"
"h0nest97","4","2","6"
"H3dge","3","3","6"
"h8_ali","3","3","6"
"h9i9j9","3","3","6"
"Hab1bi","2","4","6"
"HABACAPA","3","3","6"
"Habeeb4057","2","4","6"
"habibesekmen","2","4","6"
"Habiiib-Masoo","4","2","6"
"Habtany","2","4","6"
"Hacho_Puri","3","3","6"
"haciabioyun","3","3","6"
"Hacker_Black_Hat","3","3","6"
"haczidi","2","4","6"
"Hadad-Mohammed2014","3","3","6"
"hadi224","3","3","6"
"hadi5564","4","2","6"
"HadyAbdellah","3","3","6"
"haenschen-angenehm","4","2","6"
"Haider_Nakara","2","4","6"
"Haithem121","3","3","6"
"Hajaly","4","2","6"
"hajhoseinam","3","3","6"
"hajmohsen7","3","3","6"
"Hakan1085","5","1","6"
"HAknndranTR","3","3","6"
"hako12120","3","3","6"
"haktankaya","4","2","6"
"HakuShun","2","4","6"
"hAlIsByRk","3","3","6"
"hallohalo47","3","3","6"
"ham_hammer","2","4","6"
"hamdii1453","2","4","6"
"Hamed997","3","3","6"
"hamed999","3","3","6"
"hamid197857","4","2","6"
"HamidFarahmand04","4","2","6"
"Hamidkh33","3","3","6"
"haminhcute","3","3","6"
"Hammarskjoeld","2","4","6"
"Hammertime2016","3","3","6"
"Hamster000000","4","2","6"
"Hamza-1337","3","3","6"
"hamza12331233","2","4","6"
"hamzac-137","3","3","6"
"Han-Sen","2","4","6"
"hanaa17","4","2","6"
"Handydarkside","3","3","6"
"HangBeef","3","3","6"
"HansDieterKowalsky","4","2","6"
"hansgoodguy","3","3","6"
"hansjl","3","3","6"
"Hanzie262","3","3","6"
"Hao_Ran","4","2","6"
"haplocheirus","4","2","6"
"happohappy03","3","3","6"
"Happy1407","3","3","6"
"Happy1983","4","2","6"
"happy79","3","3","6"
"happymuffin","3","3","6"
"Harakoz77","4","2","6"
"hardes1","3","3","6"
"hardfiskur","3","3","6"
"Hardkor1","3","3","6"
"hardvv","4","2","6"
"HardWork321","2","4","6"
"hardworkermirza","4","2","6"
"Hariharan822","3","3","6"
"HAriom711","4","2","6"
"haripriya9656","2","4","6"
"harish628","3","3","6"
"Haritza13","4","2","6"
"HarmfulFlower","3","3","6"
"Harsh_D_Emporer","4","2","6"
"harshkumar17","2","4","6"
"harshtaa","3","3","6"
"hart21","2","4","6"
"hasan-clk037","3","3","6"
"Hasanclsz","2","4","6"
"Hasankahnamouei","3","3","6"
"HASHIRAMAX1","3","3","6"
"hasib1410","3","3","6"
"hasib20","2","4","6"
"Hasil_1221","4","2","6"
"hassanm2468","2","4","6"
"HasskoMo","3","3","6"
"hastiado","4","2","6"
"hastighet","2","4","6"
"hatemmersni","3","3","6"
"hatmalmr","4","2","6"
"hatschigl","4","2","6"
"HausamSee","3","3","6"
"Hausigel","3","3","6"
"Havb","2","4","6"
"Hawtsauce","3","3","6"
"haydarcanpolat","3","3","6"
"hayriii","2","4","6"
"hazim96","3","3","6"
"HazimZZZ","2","4","6"
"hbeltranm","2","4","6"
"hdbdhdhjdhvdnfkd","3","3","6"
"HeadlessChessman","4","2","6"
"headofthefountain","3","3","6"
"Headsinfarkt","3","3","6"
"Heartbeat2913","3","3","6"
"hebitombow","3","3","6"
"hecdasor","4","2","6"
"Hecktor444","3","3","6"
"HecticKnight","3","3","6"
"HectorYamamoto","3","3","6"
"Hedinooo","4","2","6"
"Hedquist","3","3","6"
"heduardobraga","2","4","6"
"Heggtor","2","4","6"
"heinrich1140","4","2","6"
"HeisenbergG4","3","3","6"
"Helena2009-13-900","4","2","6"
"HeLeZoN","4","2","6"
"helioman","2","4","6"
"HellBishop_x09","3","3","6"
"helleboe","2","4","6"
"hello0Aryan","2","4","6"
"helloitsjim","3","3","6"
"Helmutuwe","3","3","6"
"hemanathan","3","3","6"
"hemanth_bandla","3","3","6"
"Hemericus","4","2","6"
"HemNikhil","4","2","6"
"HEMO69","3","3","6"
"Henninjachess","3","3","6"
"henri17","4","2","6"
"henriqmayer","3","3","6"
"Herbik","2","4","6"
"HerbyTheGod","3","3","6"
"hercegovac1","2","4","6"
"Herdbolario","3","3","6"
"HereForTheFun","3","3","6"
"HeritiQualia","2","4","6"
"Hermooooooovgeniy","3","3","6"
"Hernanjeje","2","4","6"
"Herny3000","3","3","6"
"Herodotus1","2","4","6"
"heshamm3","2","4","6"
"hestegutten","3","3","6"
"HeyoClan","2","4","6"
"Hezgooz","4","2","6"
"HGhosoun","3","3","6"
"HGMS-240","3","3","6"
"HGMS-242","3","3","6"
"HGMS-284","3","3","6"
"hicham89","3","3","6"
"Hichem99","3","3","6"
"HiddeM","3","3","6"
"hieronymous","2","4","6"
"hieudz0709","3","3","6"
"highamnesy","3","3","6"
"highlander87","3","3","6"
"hiiiiiiiiiboux","3","3","6"
"HikaruNakumaruWins","3","3","6"
"himangshu365","3","3","6"
"himanshu00625","3","3","6"
"himanshu089","2","4","6"
"HiMate01","3","3","6"
"hinoglu","3","3","6"
"hipcheck","2","4","6"
"hippie5","4","2","6"
"Hippipo","3","3","6"
"hirurg1810","3","3","6"
"hisokamazino","4","2","6"
"hiteshPanjwani","3","3","6"
"HitokiriBatosaii","4","2","6"
"hjiehj","3","3","6"
"hka007","3","3","6"
"Hkeango30","4","2","6"
"hknill","3","3","6"
"hlkostas","2","4","6"
"hmorter","3","3","6"
"HNM_Huseyn","4","2","6"
"HOANGAN-TB","3","3","6"
"Hoanganhtu12","3","3","6"
"hoarak","2","4","6"
"hoaydaaaaaaaaaaa","3","3","6"
"hobie","2","4","6"
"hodac","3","3","6"
"holabisii","3","3","6"
"homayoun74","4","2","6"
"HomerWells","3","3","6"
"homior","3","3","6"
"Homkurol","3","3","6"
"homnet","2","4","6"
"homo_erectus_31","3","3","6"
"homo-64","4","2","6"
"hon9ythi9f","2","4","6"
"hope4no_blunder","3","3","6"
"horn94","4","2","6"
"HorseAndTower","2","4","6"
"Hosnyrock","3","3","6"
"HosseinKarbalaye","3","3","6"
"Hossien_CR7","3","3","6"
"houseis2good","3","3","6"
"Houtduwer","2","4","6"
"Howard-Hamlin","2","4","6"
"howelin1","4","2","6"
"Howiz","3","3","6"
"hoxuanmai","3","3","6"
"hr381","3","3","6"
"hr7187","3","3","6"
"hriata","4","2","6"
"hrittik16","2","4","6"
"hrlds","4","2","6"
"hrs-kakshi","3","3","6"
"Hsfrh2121","3","3","6"
"hsjsjdbsjwbbsb","1","5","6"
"hsmgrc","2","4","6"
"HsnMorsel","3","3","6"
"hsynnl","2","4","6"
"htmb","4","2","6"
"Huang121415","3","3","6"
"Huangue1122","3","3","6"
"Hudderz","2","4","6"
"Hueter-der-Feste","3","3","6"
"hugo_bgrn","4","2","6"
"Hugo_Ortiz_ing","3","3","6"
"hugooNYC","4","2","6"
"Huitzache","3","3","6"
"humorous_men04","4","2","6"
"Humsterchess","1","5","6"
"hunkku","3","3","6"
"Hunter1018","2","4","6"
"HuseyinKLC62","4","2","6"
"HuseyinXanthi","3","3","6"
"Huseynzade88","2","4","6"
"HusseinShams","4","2","6"
"hutchChess","4","2","6"
"huy999B1","2","4","6"
"hvictor","5","1","6"
"Hy_per_ion","2","4","6"
"Hybrid133","3","3","6"
"Hydrabor","3","3","6"
"Hympm","3","3","6"
"Hyper126","3","3","6"
"hyperbhavya31","2","4","6"
"hypotango","3","3","6"
"I_am_scholar_XD","3","3","6"
"I_AM_SID","3","3","6"
"I_amGM","3","3","6"
"I_dont_know_chess","4","2","6"
"I_m_m_o_r_t_a_l","2","4","6"
"i_school_you_hard","3","3","6"
"i_volodin","2","4","6"
"I188cm85kg21cm","3","3","6"
"i190z","3","3","6"
"iambetterthanyouL","2","4","6"
"Iamciz_1","3","3","6"
"iamdarkangel12","3","3","6"
"IamnewbiewithZeroIQ","3","3","6"
"Iamnotgood52","3","3","6"
"ianfencer","3","3","6"
"ibdola","3","3","6"
"ibocakar","4","2","6"
"Ibonxake","3","3","6"
"ibooo","5","1","6"
"Ibra_akour","4","2","6"
"ibraabdul21","4","2","6"
"Ibrahimis990","2","4","6"
"Ibrahimstar","4","2","6"
"Ibraimchick","3","3","6"
"ibryam77","4","2","6"
"ibrzaq","2","4","6"
"IbukunS","3","3","6"
"Ibukunsa","3","3","6"
"Ice_cream_89","3","3","6"
"iCe_eNerGyTeaM","3","3","6"
"IceCream96","3","3","6"
"ich_depp","3","3","6"
"ID_Nuker","3","3","6"
"Id0ntsm0k1ng","3","3","6"
"idcool","3","3","6"
"idk0003","4","2","6"
"Idrahzua","3","3","6"
"iev70","4","2","6"
"Iexa-tyumen72","4","2","6"
"iftixar_07","3","3","6"
"Ignacioaj131982","3","3","6"
"Ignatius_reilly155","2","4","6"
"Ignatyj2","3","3","6"
"Igorbeliakovich","3","3","6"
"igorbuslik79","4","2","6"
"igorcma","2","4","6"
"igorkrnjeta","3","3","6"
"IgorLawyerSpb","3","3","6"
"Igorstrannik","2","4","6"
"igortheeagle","4","2","6"
"igortihov","3","3","6"
"IgorW","4","2","6"
"Igousa","3","3","6"
"Ihor1975","4","2","6"
"Ihsan_Fauzi","3","3","6"
"ihtaf","2","4","6"
"IIIeuH","3","3","6"
"iilatiV","3","3","6"
"IIPUBET_MOCKBA","4","2","6"
"ikamoto","2","4","6"
"Ikaros5","2","4","6"
"ikasumi5491","3","3","6"
"Il_Baro","3","3","6"
"Il87","2","4","6"
"ilcontepovero","3","3","6"
"Ileos","3","3","6"
"ilfustigatore","3","3","6"
"Ilikegirrafes21","3","3","6"
"ilkrgny","3","3","6"
"Illa2007","2","4","6"
"Ilmir_Fakhrutdinov","3","3","6"
"Ilprestigiatore","3","3","6"
"Ilya_Samoshin","3","3","6"
"Ilya30061993","3","3","6"
"Ilya94x","3","3","6"
"IlyasHF","4","2","6"
"Ilyasis","4","2","6"
"ilyasuperilya","2","4","6"
"imaaa345","4","2","6"
"Imac9","3","3","6"
"iman20031382","3","3","6"
"imildar","2","4","6"
"immortal566","2","4","6"
"imparik","4","2","6"
"Imsticky","3","3","6"
"Imuybemovoko","3","3","6"
"Imyah","3","3","6"
"Inadream","2","4","6"
"Inagua_10","4","2","6"
"inamfadly","3","3","6"
"inchirinwsc","3","3","6"
"independentttttt","3","3","6"
"Indesty","2","4","6"
"Indewood","2","4","6"
"indiantrailer","3","3","6"
"Indiferente69","2","4","6"
"Indira_Wasti","4","2","6"
"IndiW","3","3","6"
"InDPeduMedu","3","3","6"
"InevitabIe","3","3","6"
"Infantry_PlayzYT","4","2","6"
"IngoCayres","3","3","6"
"IngoMH","3","3","6"
"IngPol78","3","3","6"
"inkaruga","2","4","6"
"innogrient","2","4","6"
"InnoVentive","3","3","6"
"InoXz","3","3","6"
"InsaneSpaghetti","4","2","6"
"Instinct9","2","4","6"
"integer_overflow","3","3","6"
"Intene7","3","3","6"
"Intestyclondike","2","4","6"
"intmainreturn0","3","3","6"
"intuition_0","1","5","6"
"invisiblehand","3","3","6"
"IonBeam","3","3","6"
"ionwan2go","3","3","6"
"iosifm","3","3","6"
"iosonocane","2","4","6"
"Ipac65","4","2","6"
"ipsophage","4","2","6"
"irapela","3","3","6"
"IrenShimon","3","3","6"
"irfan_andri","2","4","6"
"irfanmsayin","2","4","6"
"Iron1980","3","3","6"
"Irul_aja","3","3","6"
"Irving_supremo","2","4","6"
"Isa_bernaola","3","3","6"
"Isa-Xelilli","3","3","6"
"iscariote84","3","3","6"
"Isfyo","4","2","6"
"isg95","4","2","6"
"Ishaan_07_200","4","2","6"
"ishakould","4","2","6"
"Ishan4020","3","3","6"
"isHero","2","4","6"
"IshivI","3","3","6"
"ishv","3","3","6"
"isikos","3","3","6"
"IsimsizSavasci","4","2","6"
"Islam88888","3","3","6"
"islamhany12","2","4","6"
"ismaelbatista3","4","2","6"
"ismail-m","2","4","6"
"ismailabinz","2","4","6"
"ismailGn27","3","3","6"
"Ismetsrgvc","3","3","6"
"isoheil","4","2","6"
"Isolda_Schneider","2","4","6"
"isoTorni","3","3","6"
"Istanbull59","3","3","6"
"istemi1982","3","3","6"
"IsThatTurtle","4","2","6"
"istillhni","3","3","6"
"Itajj","2","4","6"
"Italia741","3","3","6"
"italianmobster98","4","2","6"
"ITALYWINNERS","3","3","6"
"Itayakiri","3","3","6"
"ItIsB4","3","3","6"
"itobandito","3","3","6"
"its_not_life","3","3","6"
"Its_Robert","3","3","6"
"itsFORyou","3","3","6"
"itsmeakshayyyy","3","3","6"
"itsmekiwiii","3","3","6"
"ItsTheChanChanMan","4","2","6"
"itzhakd","3","3","6"
"Ivan_244","3","3","6"
"Ivan_TheGreat","4","2","6"
"Ivan55585","4","2","6"
"Ivanjakov222","3","3","6"
"ivanmans","3","3","6"
"Ivano31030","2","4","6"
"ivanugo","3","3","6"
"iwant2000fide","4","2","6"
"Iwillblundereachday","2","4","6"
"Iwo7","2","4","6"
"Iza_ary_Oh","2","4","6"
"izabela2","3","3","6"
"izmirliguc","3","3","6"
"IzumiTzy","2","4","6"
"j_2107","4","2","6"
"J_Maxko","4","2","6"
"J_Noble","3","3","6"
"j_s_lacroix","2","4","6"
"j_Shik","3","3","6"
"j_tobes","3","3","6"
"J-Schweezy","2","4","6"
"jabeeb","3","3","6"
"JabovaLion","3","3","6"
"jack1919","4","2","6"
"Jack549","3","3","6"
"jaCKall93","3","3","6"
"jackglaser","3","3","6"
"JackHanley","4","2","6"
"JackOfAllHobbies","3","3","6"
"jackons","4","2","6"
"JackPadre","3","3","6"
"JackPrimo","3","3","6"
"jacobww","3","3","6"
"jadinT","3","3","6"
"jadsondr","3","3","6"
"jadspuzzlechess","3","3","6"
"jag1111","3","3","6"
"jagchess22","3","3","6"
"jagg2017","3","3","6"
"Jagnoor890","3","3","6"
"jaianca1","3","3","6"
"JAIR_LIMA","3","3","6"
"Jak90","3","3","6"
"jakepsyduck","2","4","6"
"jakiman10","2","4","6"
"jakob1304","4","2","6"
"JakobLaesser","3","3","6"
"JakubTomekCZ","2","4","6"
"Jalam154","2","4","6"
"jallegretto","3","3","6"
"JAMAL2400","4","2","6"
"Jamej12","4","2","6"
"jamesdonski","3","3","6"
"Jamill1989","4","2","6"
"jamminbales","3","3","6"
"jamzskee","2","4","6"
"Jan35","3","3","6"
"jan52","3","3","6"
"Janatu","3","3","6"
"jangau20","2","4","6"
"jani1002","3","3","6"
"Janimator24","3","3","6"
"Janixvidda","2","4","6"
"JanJaap94","4","2","6"
"japaman","5","1","6"
"Jare_bog","4","2","6"
"jaret5399","2","4","6"
"jarlrobert","4","2","6"
"Jaroslav_Negashek","3","3","6"
"jarrettn","3","3","6"
"Jarringcar10","3","3","6"
"JaSaDy","3","3","6"
"jaskaran1705","3","3","6"
"jasondrewlo","4","2","6"
"JasonMaTW","3","3","6"
"jasonoteng52","2","4","6"
"Jasper_Studie","3","3","6"
"Javaa_1108","4","2","6"
"javc44","3","3","6"
"Javier_Gonzalez_UTEM","3","3","6"
"Javier1973x","4","2","6"
"JaviHTP","2","4","6"
"Javlon_Hamroyev","3","3","6"
"javloncity2010","3","3","6"
"jaweed420","3","3","6"
"JawsOzzy","4","2","6"
"Jay_d_070701","3","3","6"
"jay6on","2","4","6"
"JayBidal","3","3","6"
"JayKazama","3","3","6"
"jaylou999","3","3","6"
"JaySun70","2","4","6"
"jazayeri","2","4","6"
"Jazep","3","3","6"
"jazmin_cardenas","3","3","6"
"jazzfusionman","3","3","6"
"jbaird-RIRVB","2","4","6"
"jbexplicit","3","3","6"
"jbgolds","4","2","6"
"jbick3","3","3","6"
"JBM_05425298","4","2","6"
"JCarlosRS97","3","3","6"
"jcm_maxwell","3","3","6"
"JD1964","4","2","6"
"JDKX12","4","2","6"
"jdog_D4","3","3","6"
"JDpro2484","3","3","6"
"jdre43","2","4","6"
"JDS_2341","3","3","6"
"JEAN_JARRIS","2","4","6"
"Jean56000","3","3","6"
"jeandan","3","3","6"
"jebacpis789","3","3","6"
"Jeevan-Saikia","3","3","6"
"Jeffgabriel-NSamar","3","3","6"
"jeffsonadam","2","4","6"
"jeffvs","3","3","6"
"jehatine","3","3","6"
"jejil","3","3","6"
"Jenil1007","3","3","6"
"jenipha","3","3","6"
"Jensejensen","4","2","6"
"Jenya1919","3","3","6"
"jereiter","3","3","6"
"JereldoxHendricks","3","3","6"
"jeremaya36","3","3","6"
"JeremiahZero","4","2","6"
"JerrySimp","3","3","6"
"Jesfer_21","3","3","6"
"jessecastaneda","3","3","6"
"jessles","3","3","6"
"Jesussatara","3","3","6"
"jesusssssss","3","3","6"
"JethroBodene","3","3","6"
"JetLi_Mate1","3","3","6"
"jeususpro10","3","3","6"
"Jeweled","4","2","6"
"Jexa","3","3","6"
"Jeyaram_R","4","2","6"
"jezdez_101","3","3","6"
"JFahner","4","2","6"
"Jganesh","4","2","6"
"jgm2200","3","3","6"
"JhCalde","3","3","6"
"jherramk","3","3","6"
"jhg2017","3","3","6"
"jhhayashi","3","3","6"
"Jhonatan1954","2","4","6"
"JhonathanMena_UNAB","3","3","6"
"JhonneA","3","3","6"
"Jhonnyporti","3","3","6"
"jhunphillip123","4","2","6"
"JiggJones","3","3","6"
"Jim_Boum","1","5","6"
"JimmyJonnyTimmyTommy","4","2","6"
"Jiov","3","3","6"
"Jirgaa","3","3","6"
"Jirrka","5","1","6"
"JitendrJoshi","3","3","6"
"Jixi0s","2","4","6"
"JJ_78","3","3","6"
"JJ_Archer","3","3","6"
"JJEG1991","3","3","6"
"Jjudas_Luna","3","3","6"
"JKamakahi","2","4","6"
"jktk1962","2","4","6"
"JKyLAW","3","3","6"
"JL18415","3","3","6"
"JLabriny","2","4","6"
"jlamberti","1","5","6"
"jlap31","2","4","6"
"jlmc","3","3","6"
"Jmcotera","3","3","6"
"JMK1999","2","4","6"
"jnovoa","3","3","6"
"Jo_Daddy","3","3","6"
"joaobraga2727","3","3","6"
"Joaochess13","2","4","6"
"joaohsantos","2","4","6"
"JoaoValJoao","3","3","6"
"joda045","3","3","6"
"Joderno","3","3","6"
"Joe_Carbon","3","3","6"
"JoeBallerini","3","3","6"
"Joecheck","2","4","6"
"joegol","2","4","6"
"Joelgzz","2","4","6"
"joelkn1989","2","4","6"
"JoeM01","3","3","6"
"joerg_K","4","2","6"
"JoeyCaunsag11ptolemy","3","3","6"
"joferp","3","3","6"
"Jogiboy","3","3","6"
"Jogyo","3","3","6"
"Johabibi","4","2","6"
"Johan19tkd","2","4","6"
"johanes_toto","3","3","6"
"Johannes_Leopold","4","2","6"
"John_Dowhe","3","3","6"
"JohnCena15","2","4","6"
"JohnCoffi","2","4","6"
"johngravz","4","2","6"
"johniek","2","4","6"
"JohnLinus","3","3","6"
"johnnash-fermat","4","2","6"
"Johnnie1234567","4","2","6"
"johnnn9","4","2","6"
"JohnnyHammers","4","2","6"
"JohnnyOnce","3","3","6"
"JohnRedmond","3","3","6"
"johnwebb","3","3","6"
"Johny1100","3","3","6"
"jointhedarkside","3","3","6"
"jojajojoba","3","3","6"
"Jojo-76","2","4","6"
"JojoKasparow","3","3","6"
"jojostoll","3","3","6"
"Joker0450","2","4","6"
"joker113","2","4","6"
"jokerO_o","2","4","6"
"JokzillaEH","3","3","6"
"Jomaa64","4","2","6"
"jomarvaldoz11","3","3","6"
"JonasB","4","2","6"
"Jonathanbird","3","3","6"
"JonKi1002","3","3","6"
"Jonnedi2411","3","3","6"
"jonnoo","2","4","6"
"JonusE","2","4","6"
"Jonz_urbi","2","4","6"
"joora","4","2","6"
"joowon28","4","2","6"
"jopa11223344","4","2","6"
"jopromi","3","3","6"
"joratul","2","4","6"
"Joravis73","3","3","6"
"jordan2594","3","3","6"
"Jorge_Yepez","3","3","6"
"Jorge0342","2","4","6"
"Jorgealmenta","2","4","6"
"Jorgearcia","3","3","6"
"jorgejc","2","4","6"
"jorgelaertesjordi","3","3","6"
"Jorgesantiesteban","3","3","6"
"Jormundaggr","3","3","6"
"josalmo","3","3","6"
"jose_pucela","3","3","6"
"joseantoniopaoyon","3","3","6"
"JosefDean42","4","2","6"
"JoseLuischess2022","2","4","6"
"JoseLuisPacco","3","3","6"
"JOseph15114","4","2","6"
"josesteban1","3","3","6"
"josh_mitch","3","3","6"
"joshagirgis","3","3","6"
"Joshburke3","2","4","6"
"joshfergz","3","3","6"
"JoshGuessWho","3","3","6"
"joshiarun","2","4","6"
"JoshSag","2","4","6"
"joshuad820","3","3","6"
"jossowski","3","3","6"
"Josu87","4","2","6"
"Josue_84","3","3","6"
"Josue_David13","3","3","6"
"Josuejunior10","3","3","6"
"Joustboy20","2","4","6"
"JovinTheGreat","2","4","6"
"jozelain","3","3","6"
"Jp-kabal","2","4","6"
"Jparsa155","4","2","6"
"jpchavarriasilva","4","2","6"
"jpcp_1981","4","2","6"
"jpeces","3","3","6"
"jpm653","3","3","6"
"jquku","3","3","6"
"Jr_Hulk","3","3","6"
"jrmb1971","3","3","6"
"Jrmigs","3","3","6"
"js_rc","2","4","6"
"Js50","4","2","6"
"jsc0207","4","2","6"
"jscagnetti","3","3","6"
"jsfromynr1","3","3","6"
"jsnln0610","4","2","6"
"jstick","4","2","6"
"jtucker1993","3","3","6"
"JTuuu","3","3","6"
"Juan_78_19","3","3","6"
"Juan_AF","3","3","6"
"Juan19131","2","4","6"
"juanbautista15","2","4","6"
"Juancho1104","4","2","6"
"juanfesanchez","4","2","6"
"Juanjo87","2","4","6"
"Juanmatm","3","3","6"
"juannarvaez","2","4","6"
"juanopedrocastro","2","4","6"
"juanpcc","3","3","6"
"juanroseta","2","4","6"
"juarezrocha","3","3","6"
"Jubair_332","3","3","6"
"Jubesair","3","3","6"
"Judge_Phred","3","3","6"
"Judicas","4","2","6"
"judimendi","3","3","6"
"Jugador_al_100","3","3","6"
"Juggernaut61","3","3","6"
"Juire","3","3","6"
"Jujaboy","3","3","6"
"julenok","3","3","6"
"julesdasorginal","3","3","6"
"JulianFernandez","3","3","6"
"jUlIaSfWi","3","3","6"
"juliat8","3","3","6"
"Julienbach","4","2","6"
"juliohunt","2","4","6"
"julioindio","2","4","6"
"julius1704","2","4","6"
"JuliusChronos","3","3","6"
"JULY15","4","2","6"
"jumanjidi","3","3","6"
"JumboGaridesDaner","3","3","6"
"Jumeko-Jabami","2","4","6"
"Jungla88","4","2","6"
"JuniorSama","3","3","6"
"junjie","3","3","6"
"JunMisugi84","2","4","6"
"jurke-osijek","4","2","6"
"just_joe82","2","4","6"
"JUSTAFIA","3","3","6"
"justAgameer","2","4","6"
"justanape","4","2","6"
"justdominando","3","3","6"
"JustFun17","3","3","6"
"Justicebeaver89","2","4","6"
"Justin_be_the_boss","3","3","6"
"JustineCharles","3","3","6"
"JustMe2001","3","3","6"
"justnevada1234","3","3","6"
"Justsal","3","3","6"
"JustTheGuyNatan","3","3","6"
"justwantittosnow","3","3","6"
"juvanneddu","3","3","6"
"juvegan","3","3","6"
"jv_silv","3","3","6"
"jvnakk","4","2","6"
"JW246810","3","3","6"
"JWdiok","4","2","6"
"Jwine","3","3","6"
"Jyothiprakash123","3","3","6"
"jyukci","4","2","6"
"k_emir77","3","3","6"
"k_kk-k","3","3","6"
"k_zhitnik","3","3","6"
"K10L","3","3","6"
"k3c","4","2","6"
"K9_XD_K9","3","3","6"
"ka2la4","3","3","6"
"kaakkuri","2","4","6"
"kaala1969","3","3","6"
"Kabablanca","4","2","6"
"Kabel","2","4","6"
"kabustoygar","2","4","6"
"Kacper998","4","2","6"
"kacso79","4","2","6"
"kadirakin","3","3","6"
"Kafacii611","3","3","6"
"kafadarogluy","4","2","6"
"Kagashka","2","4","6"
"KageAniki","2","4","6"
"Kahramm","2","4","6"
"kaiken_26","3","3","6"
"Kaikurt","1","5","6"
"Kaikuse2021","3","3","6"
"KaizerXIII","3","3","6"
"Kakknussmarlsen","2","4","6"
"Kal19El69","3","3","6"
"Kalancha","3","3","6"
"kalankosto","4","2","6"
"kalash1947","3","3","6"
"Kaldraga","3","3","6"
"Kalian09","2","4","6"
"Kalilaev","2","4","6"
"Kalimocho50","4","2","6"
"kalimzhanov","3","3","6"
"Kallepelle","3","3","6"
"Kallis","4","2","6"
"Kamanel","3","3","6"
"Kambiton","2","4","6"
"Kamelmorris2019","4","2","6"
"kamelstekspizza","3","3","6"
"Kamikaze1699","2","4","6"
"Kamilhoca123","3","3","6"
"Kamilufa","2","4","6"
"Kamran13524623","4","2","6"
"Kanan456","3","3","6"
"kangaroorider","3","3","6"
"Kangloorow","3","3","6"
"Kannnnix","3","3","6"
"kap_89","4","2","6"
"kapaccino","2","4","6"
"Kappalite","3","3","6"
"KappaSigma","2","4","6"
"kaptanmamba","2","4","6"
"Kaputnick","3","3","6"
"Karabayk","4","2","6"
"KaranJs_241","3","3","6"
"KarbonatEnes","4","2","6"
"kardza","3","3","6"
"karenzc","4","2","6"
"Karim1708","4","2","6"
"karimiradaranbidgol","3","3","6"
"kariniSandeep","3","3","6"
"karipo","2","4","6"
"Karjakin2020","2","4","6"
"KarKas85","3","3","6"
"karmada","2","4","6"
"karogean","3","3","6"
"Karolsss11","2","4","6"
"KarolZalewski","4","2","6"
"Karomatulloh","3","3","6"
"karpinalake","3","3","6"
"Karpov_Ph","3","3","6"
"KarpovIvan9","2","4","6"
"Karrrrre","3","3","6"
"karskars1","3","3","6"
"Karthick179","3","3","6"
"Kasakolt","3","3","6"
"kash48","2","4","6"
"kasHLP","4","2","6"
"Kashyaap","2","4","6"
"KasparovJony","4","2","6"
"Kastro-2006","3","3","6"
"kasym01","4","2","6"
"kaszanka","2","4","6"
"Kat_Mbedzi","3","3","6"
"Katala83","3","3","6"
"katching","3","3","6"
"katy-rosa","4","2","6"
"Kaubak","3","3","6"
"kavabngakarl","3","3","6"
"kavaxas","3","3","6"
"Kaveyamitra19","2","4","6"
"kavindusri","2","4","6"
"Kavinm39","3","3","6"
"kavyabk","3","3","6"
"kawulol","2","4","6"
"kayjerbee1","3","3","6"
"Kayra2010","3","3","6"
"Kaysingss","4","2","6"
"Kayu-Riku","3","3","6"
"KAZ3KAG3","4","2","6"
"kazbekkk","3","3","6"
"Kazim109","4","2","6"
"kazkat","4","2","6"
"kazumoa","3","3","6"
"Kazzy1313","2","4","6"
"kbs2745","3","3","6"
"kcaedma","4","2","6"
"kcallaghan","4","2","6"
"keanu2345","3","3","6"
"Kebabas2006","4","2","6"
"kedileringuzelilolis","3","3","6"
"KeepCalm156","3","3","6"
"keepdols","2","4","6"
"kefa123","3","3","6"
"kejpen","3","3","6"
"kekorj","4","2","6"
"Kelly1995","3","3","6"
"KelongXue","3","3","6"
"kelpetin","3","3","6"
"kemalabiii","5","1","6"
"kencan","3","3","6"
"kench_qq","4","2","6"
"Kenkenkenkenken","3","3","6"
"Kennewick","3","3","6"
"KennosiS","4","2","6"
"kennov","4","2","6"
"Keno_1601","4","2","6"
"Keno_Jovii","3","3","6"
"kensei2018","3","3","6"
"kentkorgan","3","3","6"
"Kenuet","4","2","6"
"Kenyi_Jujihara","2","4","6"
"kenzhin_dias","3","3","6"
"keotest","3","3","6"
"kerby22","4","2","6"
"keremovic06","4","2","6"
"Keresz","3","3","6"
"KERINNVT","3","3","6"
"kermeh42","3","3","6"
"Kernow1","3","3","6"
"keroles101","3","3","6"
"Kesantos","3","3","6"
"kesh_21-11","2","4","6"
"kesko3000","3","3","6"
"kessb","2","4","6"
"keti-2023","3","3","6"
"Ketologe","3","3","6"
"Kevdoge_12","3","3","6"
"kevindebruynechess","3","3","6"
"KEYVAN23","3","3","6"
"keyzee01","2","4","6"
"kezi84754","3","3","6"
"Khabrut","3","3","6"
"khaledabdelmonaem","3","3","6"
"khaledd99","2","4","6"
"KHALID_23","3","3","6"
"Khalid-2001","3","3","6"
"Khalilov_Salavat","3","3","6"
"khamires","3","3","6"
"Khanivores","3","3","6"
"Khanna-Aman","4","2","6"
"kharlen","3","3","6"
"khasan","3","3","6"
"KhemSN","3","3","6"
"KHLILFG","2","4","6"
"khochinov","2","4","6"
"Khoronus","4","2","6"
"khosro7777","2","4","6"
"Khousheish","2","4","6"
"KIBERSNUS","3","3","6"
"kid39","2","4","6"
"Kiddingwe","3","3","6"
"kijanafupiround","3","3","6"
"kikezera","4","2","6"
"kiki7794","3","3","6"
"kilala_jpg","2","4","6"
"Kilian27","3","3","6"
"kill_kill","4","2","6"
"Killectro","3","3","6"
"KillerR00k","3","3","6"
"Kilyan_13","4","2","6"
"kimballg20","3","3","6"
"KimJonasUn","3","3","6"
"kimz30","3","3","6"
"kinane","2","4","6"
"king_aek","4","2","6"
"King_Chandru","4","2","6"
"King_Grig","3","3","6"
"KING_OF_FOOLS","2","4","6"
"king_raphaeleze","3","3","6"
"king1157","4","2","6"
"kingambrose13","3","3","6"
"KingArcheryIII","3","3","6"
"kingfischer007","3","3","6"
"KingHuntManiac","4","2","6"
"kingindisguise01","4","2","6"
"KingJaffer","3","3","6"
"KingKiller10000","3","3","6"
"KingKosiso","2","4","6"
"KingNuel","2","4","6"
"kingofchessHr","2","4","6"
"KingOffHell","2","4","6"
"kingofvalar","2","4","6"
"KingPyro","3","3","6"
"KingReturn09","3","3","6"
"kingreza85o","3","3","6"
"KingSacrifice2u","3","3","6"
"kingsmanx1","4","2","6"
"kingTee","3","3","6"
"KingVictor","3","3","6"
"kinimod100","3","3","6"
"kinokita","3","3","6"
"Kinyoobi","3","3","6"
"kipliboy","4","2","6"
"Kira_vishrut","3","3","6"
"KiransIndian","3","3","6"
"kired","3","3","6"
"KirillShavsha","2","4","6"
"Kirschi-5","4","2","6"
"Kirso4ka","4","2","6"
"Kiruthik_M","3","3","6"
"kiryabro228228","4","2","6"
"kisheur","3","3","6"
"kivindu","3","3","6"
"kiwisteve","3","3","6"
"kjel","2","4","6"
"Kjhst","3","3","6"
"kkl10","4","2","6"
"kkolenka","4","2","6"
"kKurtkaya","4","2","6"
"kKushol","2","4","6"
"klamscasino","5","1","6"
"klauso","3","3","6"
"klbj","4","2","6"
"kleanthislaz28","4","2","6"
"KleinerLord99","3","3","6"
"kleksiok","3","3","6"
"klotous","2","4","6"
"klp_vslis","4","2","6"
"kmivt0000","2","4","6"
"KMue","3","3","6"
"kNewED","3","3","6"
"knifelifekiller","3","3","6"
"knight_of_honor","3","3","6"
"Knight-Assassin","2","4","6"
"Knightofthechess","3","3","6"
"KnightRider55","3","3","6"
"KnightRiders6","3","3","6"
"knightswhosayneee","2","4","6"
"Knightszche","2","4","6"
"knok2701","3","3","6"
"Knordnes","2","4","6"
"KnownGnome","3","3","6"
"knownothingz","3","3","6"
"Kns_64","3","3","6"
"knutole","3","3","6"
"koba2020","3","3","6"
"KOBELI","2","4","6"
"Kobras","4","2","6"
"Koenig185","3","3","6"
"Koenten","4","2","6"
"Koepper","3","3","6"
"koffmaister1","4","2","6"
"kohsoen485","3","3","6"
"Koibarta_13th","3","3","6"
"kok256","2","4","6"
"Koki86","4","2","6"
"kokjilato","2","4","6"
"Komando123","2","4","6"
"komiagin","3","3","6"
"KonanVarvar","3","3","6"
"konarrrk","2","4","6"
"kongstak","3","3","6"
"Koni2305","2","4","6"
"konjic","3","3","6"
"konolda0","3","3","6"
"Konsemietwinn","2","4","6"
"Konstantno","3","3","6"
"KoolzTheMC","1","5","6"
"Koorosh1352","4","2","6"
"Korayyeniay","3","3","6"
"koridesu","3","3","6"
"kornaz80","2","4","6"
"KornelijeLalicki","4","2","6"
"KOROSH_111","2","4","6"
"KostasneedAnat","3","3","6"
"kostya5027","3","3","6"
"kostyayloyan","2","4","6"
"kottavenk","3","3","6"
"koudad","3","3","6"
"KovalyovArtyom","2","4","6"
"KoWalla","2","4","6"
"kozanostra24","2","4","6"
"kpakagujl","3","3","6"
"kpca_1108","3","3","6"
"kpetlin","3","3","6"
"KplayerY","3","3","6"
"kplnsrnn","3","3","6"
"KPOTOKPblC","2","4","6"
"KPR2007","2","4","6"
"kprasek","3","3","6"
"KptnE","4","2","6"
"kraken76","3","3","6"
"krakukra","3","3","6"
"kraljlavova1","3","3","6"
"Kramnik67","4","2","6"
"Kranjen","2","4","6"
"kranskjansen","3","3","6"
"Krasutin10","3","3","6"
"kratos_1","3","3","6"
"krawls","3","3","6"
"Kreed2411","3","3","6"
"kreisdenker89","3","3","6"
"Kretsche_D","3","3","6"
"Kreukel","3","3","6"
"krikie","3","3","6"
"Krimzo","2","4","6"
"Krishanvarma","3","3","6"
"krishna1877","2","4","6"
"KrishnaG","3","3","6"
"KrishnaKk","3","3","6"
"KrissHUN","3","3","6"
"kristoferr","4","2","6"
"krmiewrmie","3","3","6"
"KRNJAJA","2","4","6"
"krrishg","4","2","6"
"krsuresh1989","3","3","6"
"KrystianKR","2","4","6"
"krzysen","4","2","6"
"ksk19121992","2","4","6"
"KtmDrip","4","2","6"
"Ktoper","2","4","6"
"Kubail","2","4","6"
"kucukis","3","3","6"
"kudahitam14","3","3","6"
"kudamenoreh","4","2","6"
"Kudo-Yusaku","4","2","6"
"kuite","4","2","6"
"kuka44","3","3","6"
"kukunak","3","3","6"
"kuldeep123","4","2","6"
"kuli44","4","2","6"
"kUm10250","3","3","6"
"Kuma-gawa","3","3","6"
"kumaran2002","4","2","6"
"KumarAnil","3","3","6"
"kumarpranav1612","2","4","6"
"Kupfernitrat","1","5","6"
"kurczakov","3","3","6"
"KurdishGambit","3","3","6"
"kuro08","3","3","6"
"kurohaze","4","2","6"
"Kursadpolatt","4","2","6"
"KurtUhler","3","3","6"
"Kurtunov","3","3","6"
"kurtvanhassel","3","3","6"
"kurylenko","3","3","6"
"kutaya1","3","3","6"
"KutyKity","4","2","6"
"Kuuki","3","3","6"
"KuyaCoachMont","3","3","6"
"Kuzinova90","2","4","6"
"Kvaister","3","3","6"
"KviksenKvaksen","2","4","6"
"Kwurhdu","3","3","6"
"Kxandrx","2","4","6"
"KyneXd","2","4","6"
"kynthosis","4","2","6"
"kyrio","2","4","6"
"kytsue","3","3","6"
"L_Simionato","4","2","6"
"l_u_k_a_s00","3","3","6"
"L0MAH","3","3","6"
"LAAL123","2","4","6"
"Labattagliadialgeri","4","2","6"
"laboa88","3","3","6"
"labourseoulavie","4","2","6"
"laci2765","4","2","6"
"LaCucarachaaa","3","3","6"
"laennec","3","3","6"
"Laguna17","3","3","6"
"LAH_MIN","3","3","6"
"lajke","2","4","6"
"lalitunde","3","3","6"
"Lalo123455","3","3","6"
"LaloQuintero","5","1","6"
"LaMello789","3","3","6"
"laminated_squirrel","4","2","6"
"lanadelrey2828","3","3","6"
"lance-a-lot","3","3","6"
"Lance-in-Texas","4","2","6"
"lang360","3","3","6"
"LANIN_CHESS","4","2","6"
"laparka2007","3","3","6"
"lappa2","3","3","6"
"laprey","3","3","6"
"larnie","2","4","6"
"larrythehairy","2","4","6"
"LarsItak","4","2","6"
"lasha_tbilisi","2","4","6"
"Lashkul2014","4","2","6"
"lask34","2","4","6"
"LASTMANSTANDING22","3","3","6"
"Laticauda","3","3","6"
"Latinoamerica21","2","4","6"
"latmartins","4","2","6"
"lATTA","3","3","6"
"Lau_be","3","3","6"
"Laurenzoc","3","3","6"
"Laurina","3","3","6"
"laurisum","4","2","6"
"Laurizio","3","3","6"
"LautaroCorindo","2","4","6"
"LautyLB","3","3","6"
"lavoi70","3","3","6"
"lawiqui","2","4","6"
"layrooze","3","3","6"
"LayrusQuin","3","3","6"
"Lazaros-4","3","3","6"
"LD1108","3","3","6"
"ldball","3","3","6"
"ldjthepro","3","3","6"
"Le_krimou","3","3","6"
"Le-mauvais","3","3","6"
"LE777","4","2","6"
"LeaCione","3","3","6"
"LeahStormsFury","2","4","6"
"leandre0906","2","4","6"
"leantancre","3","3","6"
"learndailyjwil","2","4","6"
"Learning_Everytime","3","3","6"
"leavinit","3","3","6"
"Lebahungthinh","3","3","6"
"lebigkong","3","3","6"
"Lebohang4","3","3","6"
"Lebowskih","3","3","6"
"LeCanadian","2","4","6"
"Lecind","3","3","6"
"LeClaire802","3","3","6"
"leek48","2","4","6"
"lefis","3","3","6"
"Leftornado","2","4","6"
"legenda090","4","2","6"
"LegendArrow61","4","2","6"
"Legendhere_2023","3","3","6"
"legendkiller17","3","3","6"
"LegendofOsmanbekir","3","3","6"
"legitbos101","4","2","6"
"legolas1124","3","3","6"
"Legolasaqp","3","3","6"
"legolis658","4","2","6"
"LegoTM","3","3","6"
"Leguaguigo","4","2","6"
"leinad1960","4","2","6"
"Leinhan","3","3","6"
"Leitozoo19","3","3","6"
"Lejosundia","3","3","6"
"LekaiseR","3","3","6"
"Lekas","4","2","6"
"Lelis10","3","3","6"
"Lelzwashere","3","3","6"
"LeMaell","2","4","6"
"Lemmony","3","3","6"
"LemonadeAadvark","3","3","6"
"lemonscrusher","4","2","6"
"LemonSqueeze","3","3","6"
"LemzaPavel","2","4","6"
"lenferdante","2","4","6"
"Lenisthebest","3","3","6"
"leniwiec55","3","3","6"
"lennert_24","3","3","6"
"Leo94994","4","2","6"
"leochecker","3","3","6"
"Leoelduro","4","2","6"
"LeoFerrero","3","3","6"
"leomoskovit","3","3","6"
"leon2612","2","4","6"
"Leonard42","3","3","6"
"LeonardVo","3","3","6"
"Leone0089","4","2","6"
"Leonep","3","3","6"
"Leonhard69","2","4","6"
"LeonidAl","2","4","6"
"LeonidVostrotin","4","2","6"
"LeOO-HypeR","4","2","6"
"Leoomanamana","3","3","6"
"LeoSouza22","3","3","6"
"LEOSSHAMIR","3","3","6"
"Lerenga","4","2","6"
"lernbereitschaft","4","2","6"
"Leroidoudou","3","3","6"
"Lerssoni","3","3","6"
"Lesechecspourlesnuls","4","2","6"
"Leshik1305","4","2","6"
"LeSonnar","3","3","6"
"LessChess64","2","4","6"
"letkh","3","3","6"
"letshavemorefun","2","4","6"
"leva1958","3","3","6"
"Level-bottom","3","3","6"
"levelupnerd","4","2","6"
"levigreat","2","4","6"
"LevRick","4","2","6"
"Lewwiy","3","3","6"
"lexa8585","4","2","6"
"lexnf3","3","3","6"
"lexus89","4","2","6"
"lexyyacc","3","3","6"
"Leynrf","3","3","6"
"Lezma04","3","3","6"
"LF-coach_JBS","3","3","6"
"lfaucon","3","3","6"
"lgredelj","3","3","6"
"lh25xeque","3","3","6"
"lheono12","3","3","6"
"Lhubris","3","3","6"
"Li12sebas","3","3","6"
"Liavon","3","3","6"
"LibertarioCap","3","3","6"
"Lieboldowitschh","4","2","6"
"Lifelikejeans","3","3","6"
"LifeMovie","3","3","6"
"Lifepd20","3","3","6"
"Light_YagamiIIII","3","3","6"
"LightingChaos","2","4","6"
"liiamarl","3","3","6"
"LikeableScissors","3","3","6"
"LikeTokz","3","3","6"
"likithchaithanya","2","4","6"
"lilamoln","3","3","6"
"lilcobaine","3","3","6"
"Lillevenn","2","4","6"
"lillithj","3","3","6"
"Limitlesscard","3","3","6"
"Lineagee","3","3","6"
"LinearPelikan","3","3","6"
"linotte","3","3","6"
"linturam","3","3","6"
"LION_JACOB","3","3","6"
"LIONELCHOEZ27","4","2","6"
"Lioni26","3","3","6"
"lionrchess","3","3","6"
"liparera","3","3","6"
"Liphips","3","3","6"
"LiquidMetal","3","3","6"
"Liquor_And_Poker","3","3","6"
"lis67","2","4","6"
"Lisbb","3","3","6"
"LisekGagatek","3","3","6"
"lising","4","2","6"
"Lito14","3","3","6"
"LittleGrumpus","3","3","6"
"LiveTrek","2","4","6"
"LivEviL87","2","4","6"
"lixvin","4","2","6"
"lkiller44","3","3","6"
"LlAMM","3","3","6"
"Lobiy","3","3","6"
"Lochlurch","4","2","6"
"LocoPulento","3","3","6"
"Locotito","3","3","6"
"lodos2005","3","3","6"
"LogaNethra_2013","4","2","6"
"Loggins","3","3","6"
"LogunovKirill","3","3","6"
"Loki_11","2","4","6"
"Lokic777","3","3","6"
"lolcia11","4","2","6"
"Lolike-den-otrolige","3","3","6"
"Lomz","2","4","6"
"London_Princess","4","2","6"
"London-or-Bust","2","4","6"
"londonsystemo","3","3","6"
"Lone_Wayfarer","2","4","6"
"lonely12","2","4","6"
"Lonerus","2","4","6"
"longtallsally69","3","3","6"
"Lont77","3","3","6"
"Loook4ybr","2","4","6"
"Loperpaardje","3","3","6"
"lopz182","3","3","6"
"lord_blackhart","3","3","6"
"lordbabyjesus","2","4","6"
"LordGarmadon123","4","2","6"
"LORDOFHAMMERS","4","2","6"
"LordVerminaard","3","3","6"
"lordxian","2","4","6"
"LordZogg","3","3","6"
"LordZuku","2","4","6"
"lorenz_11","3","3","6"
"Lorenzat","4","2","6"
"Lorgath","2","4","6"
"Lorotarises","3","3","6"
"Losali","2","4","6"
"Loslorasinio","3","3","6"
"Lostenchante6","3","3","6"
"Lothiel","3","3","6"
"louied12","2","4","6"
"LouieLuckson","3","3","6"
"louis78101","3","3","6"
"LoukasB","4","2","6"
"Louloustic","3","3","6"
"lounesbbkr","4","2","6"
"love4real","5","1","6"
"loveasshh","4","2","6"
"loveducati","3","3","6"
"LovePenguinim1","3","3","6"
"LoveSaM-ViSHaL","3","3","6"
"lowpatzer","3","3","6"
"LoyalKnight73","1","5","6"
"Lqa","3","3","6"
"LRojita","3","3","6"
"lscg","3","3","6"
"lsmdmdmdmd","3","3","6"
"ltchz","3","3","6"
"ltd4514mmda","2","4","6"
"Luahpuanan","3","3","6"
"Luan1102","2","4","6"
"Luas6","5","1","6"
"Lubomir96","3","3","6"
"luca_strike","3","3","6"
"Lucaroma","3","3","6"
"lucascavlho","2","4","6"
"lucaschess960","2","4","6"
"Lucaseal","3","3","6"
"LucasFortunato","4","2","6"
"LucasKNL","4","2","6"
"luchetto030296","3","3","6"
"luchko_a","3","3","6"
"Lucho2019","3","3","6"
"lucianoPTD","3","3","6"
"LucianoSee","3","3","6"
"Lucidum_intervallum","3","3","6"
"LucioAD","2","4","6"
"lucipurka","3","3","6"
"luckri13","3","3","6"
"lucktale","3","3","6"
"Lucky_Luke1905","3","3","6"
"LuckyChunkyy","3","3","6"
"LuckyLubitz","2","4","6"
"LuDi55","3","3","6"
"lufeyo","2","4","6"
"luffy_7777","3","3","6"
"luffydono2035","4","2","6"
"Luffytaro","4","2","6"
"luguffey","4","2","6"
"lui47","3","3","6"
"luigi822","4","2","6"
"Luis_Misael-Diaz_S","2","4","6"
"luisalfonsoul","2","4","6"
"LuisNavaX","4","2","6"
"LuisR2908","3","3","6"
"LuisVL","3","3","6"
"LUISZZ2020","2","4","6"
"LuKaCc","3","3","6"
"lukas_6o6","4","2","6"
"lukasj7","3","3","6"
"Luke-Adamson","3","3","6"
"Lukedee0527","2","4","6"
"LukeKemmis","3","3","6"
"lukeyb88","3","3","6"
"luki24xxxx","4","2","6"
"lukilas","3","3","6"
"lukyn020555","3","3","6"
"lulululu1997","4","2","6"
"LUNA16","2","4","6"
"lunaaaaaaaaaaaaaaaaa","3","3","6"
"lupintor","3","3","6"
"LupLup13","4","2","6"
"lushin","3","3","6"
"Lusorillusus","3","3","6"
"Luszer","3","3","6"
"LutheriaSobreRuedas","2","4","6"
"Lutian017","3","3","6"
"luv_t123","2","4","6"
"luwe71","4","2","6"
"luz_chesspj","3","3","6"
"LybitelAdik","2","4","6"
"LygdenovKh","3","3","6"
"lynchpyn","2","4","6"
"LyndonProby_HF","4","2","6"
"lynndebach","3","3","6"
"Lyraphaerie","3","3","6"
"M_Aksoy","3","3","6"
"M_Pruva","3","3","6"
"M-Bording","3","3","6"
"m0hmd89","2","4","6"
"M3bady","2","4","6"
"m4_az","3","3","6"
"m4sema","3","3","6"
"M60669833","2","4","6"
"M7loy","2","4","6"
"m8ks","4","2","6"
"m95m95","2","4","6"
"Maadeus","2","4","6"
"Maanda_1x","2","4","6"
"Mac594","4","2","6"
"maccallok","4","2","6"
"MachachaD","3","3","6"
"Machinetr","4","2","6"
"machopalito","2","4","6"
"mackmutiger","3","3","6"
"maclis90","4","2","6"
"macmanju","3","3","6"
"Madani_13","3","3","6"
"madhu9603","4","2","6"
"Madridista779","3","3","6"
"MadridOffChesss","2","4","6"
"Madrigal_67","3","3","6"
"madswan","3","3","6"
"madwithinsanity","3","3","6"
"maenpa24","4","2","6"
"maestro_blanco","3","3","6"
"maf1962","3","3","6"
"maga_T","3","3","6"
"magdimo","3","3","6"
"magdy1212","3","3","6"
"Magicalspiderwebs","3","3","6"
"MAGICIAN_4om_NIGERIA","3","3","6"
"Magnacoil","3","3","6"
"magnehaga","3","3","6"
"MagnumsCaralsen","3","3","6"
"Magnus4mo","3","3","6"
"MagnusCarlsenFan1337","4","2","6"
"Magnusli","3","3","6"
"Mago_de_Rita","4","2","6"
"mago_pol","3","3","6"
"Magung","3","3","6"
"Mahanmoeini","3","3","6"
"Mahantehrani","3","3","6"
"maharei12","3","3","6"
"Mahdii0273","3","3","6"
"maherbek","4","2","6"
"MAHESHGOWD","3","3","6"
"MaheshUSK","4","2","6"
"Mahfujrahat","5","1","6"
"mahima2014","4","2","6"
"MAHINOOBLOL","3","3","6"
"mahir589","3","3","6"
"MaHmOuDYassin","2","4","6"
"MAHONEY20","4","2","6"
"mahroof8090","3","3","6"
"maibraga","2","4","6"
"Maikl25","5","1","6"
"Maitham_salah","3","3","6"
"Majnovia1917","2","4","6"
"major_looser","3","3","6"
"Makaveli7","3","3","6"
"makedon_99","3","3","6"
"makericek","4","2","6"
"MakeThePawnKing","3","3","6"
"MakingFlippyFloppy","3","3","6"
"Maks2321","3","3","6"
"maks9009","3","3","6"
"maksim13rus","4","2","6"
"maksim1604","4","2","6"
"MaksimRyskou","2","4","6"
"MaksKomarovskij","3","3","6"
"maksmil","3","3","6"
"Makyavel25","3","3","6"
"Makyno","3","3","6"
"Malachi83","4","2","6"
"Malak_Future_master","3","3","6"
"MAlBasyouni","3","3","6"
"Malcolm-Axe","3","3","6"
"Malek_Mourad","3","3","6"
"malekossama12","4","2","6"
"Malemobotomematobolo","3","3","6"
"malgaz","3","3","6"
"malisarac","3","3","6"
"Malted","3","3","6"
"Malumerito","3","3","6"
"malvinle","2","4","6"
"malvinrox","3","3","6"
"mama05","3","3","6"
"mamad_khalifeh","3","3","6"
"mamamoss1611","4","2","6"
"MametSevenler","5","1","6"
"mamikov","3","3","6"
"mammo123gggg","4","2","6"
"Mamo115","4","2","6"
"MamsGnat","3","3","6"
"manager_the_manager","3","3","6"
"ManAir","3","3","6"
"Manant1994","3","3","6"
"Manasvirathi1","3","3","6"
"ManchesterUnited2007","3","3","6"
"manchin","3","3","6"
"Mandip42","3","3","6"
"Mandy2603","3","3","6"
"mangiafico","3","3","6"
"manilapaul","3","3","6"
"manish91_16","4","2","6"
"manolo232","3","3","6"
"manroop120","3","3","6"
"manrose","3","3","6"
"mansad","2","4","6"
"manseba","3","3","6"
"manshi_2008","3","3","6"
"mansho","3","3","6"
"Mansur_Zhalburov2010","3","3","6"
"Mansur7","3","3","6"
"mansuscarsen","4","2","6"
"manue_gustavo","3","3","6"
"Manuel-Dragonheart","3","3","6"
"manuel1746","4","2","6"
"manuelbrofar","4","2","6"
"ManuelChimera","3","3","6"
"Manulightweight","2","4","6"
"manumok","2","4","6"
"manunumanumanu","3","3","6"
"Mao10","2","4","6"
"maoams","3","3","6"
"maomono","3","3","6"
"Mapali","3","3","6"
"maquina_lege","4","2","6"
"Mar_Kass","3","3","6"
"Maraba507","4","2","6"
"Maraburrito","4","2","6"
"Maradonateamo","3","3","6"
"Marcdubious","3","3","6"
"Marcelao","3","3","6"
"Marcelo_Figueiredo","3","3","6"
"marcelopuga26","4","2","6"
"Marcemad","2","4","6"
"Marchatwha","1","5","6"
"marcig","3","3","6"
"MarcinTAG","3","3","6"
"Marco_o_veio","3","3","6"
"marco811","3","3","6"
"marcocalza","2","4","6"
"Marcos_13","3","3","6"
"Marcosbc","3","3","6"
"marcositanggang","4","2","6"
"marcosv98","3","3","6"
"marcovinc_vinc","2","4","6"
"marcox2001","3","3","6"
"MarcusEvance","3","3","6"
"Mariafs000","2","4","6"
"mariano10","4","2","6"
"MarianoC79","3","3","6"
"marijnfs","3","3","6"
"marimbe","3","3","6"
"Mariuchi","4","2","6"
"Marius3239","4","2","6"
"marius8905","3","3","6"
"Mark_0815","3","3","6"
"Mark1984hod","3","3","6"
"Mark94","4","2","6"
"MarkaCor","3","3","6"
"markmargarito","4","2","6"
"MarkMark1","3","3","6"
"markster12","3","3","6"
"Markus3302","4","2","6"
"MarkusL86","3","3","6"
"markusterland","2","4","6"
"MarlinK92","3","3","6"
"Marmeladze1","2","4","6"
"marnolle","3","3","6"
"Maromofeliz1","3","3","6"
"Marquezfontan","3","3","6"
"marshakovich","2","4","6"
"Marshall_Williams","4","2","6"
"Martialrt","3","3","6"
"martian_chess","4","2","6"
"Martin_is_smart","3","3","6"
"martin1000000","3","3","6"
"martinb10","3","3","6"
"MartinBoillat","2","4","6"
"Martinchessci","3","3","6"
"martinsm","3","3","6"
"MartinyCHESSBOY","2","4","6"
"martluch","3","3","6"
"martoud","3","3","6"
"Martwiusz","3","3","6"
"Marvingrn","3","3","6"
"marwan_1988","3","3","6"
"marx0815","3","3","6"
"Mary_Mdn","3","3","6"
"mary8","3","3","6"
"masc0T1","4","2","6"
"MashaShakirova","3","3","6"
"MASHINAUBIYCA2005","2","4","6"
"masinmanc","3","3","6"
"MaskedMarvel","4","2","6"
"masmasmas","4","2","6"
"Mason_Greene","3","3","6"
"masror","3","3","6"
"masslove","3","3","6"
"mastah_a","3","3","6"
"mastasinistanashor","3","3","6"
"Master_Nazrawi","4","2","6"
"master-mojet-i-net","3","3","6"
"mastercat","4","2","6"
"masterchess126767","3","3","6"
"masterpawan123","3","3","6"
"MasterRaks","4","2","6"
"mastersilence","3","3","6"
"masterskywalker666","5","1","6"
"mastervineet","3","3","6"
"Mastodon_pwd","2","4","6"
"masum21","4","2","6"
"Mat_man","2","4","6"
"MATAPERROS1","3","3","6"
"mataro","3","3","6"
"Matatator","3","3","6"
"Mates707","3","3","6"
"matesmarm","3","3","6"
"Mathao","3","3","6"
"mathegott","3","3","6"
"mathmagi","2","4","6"
"mati_rubi","4","2","6"
"matiamoblado","3","3","6"
"MatiF96","2","4","6"
"matiss90","3","3","6"
"matiuuuu85","2","4","6"
"Matmez","3","3","6"
"matombo","2","4","6"
"matouboy1","4","2","6"
"matt_chess_play","3","3","6"
"matt-m","3","3","6"
"MattC957","4","2","6"
"MattDanger","2","4","6"
"mattesb","3","3","6"
"matthyy","4","2","6"
"Mattiaian","3","3","6"
"MattiaVarrix97","3","3","6"
"mattibutikki","3","3","6"
"MattoTaneli","3","3","6"
"MattSchwabb","2","4","6"
"Matty1","2","4","6"
"matveymakshanov","3","3","6"
"Maty1763","4","2","6"
"maud3n3","3","3","6"
"maulerthebrawlr","3","3","6"
"Mauriapo","4","2","6"
"MauricioVC_UCH","3","3","6"
"mauridanielgarcia","3","3","6"
"maurizeo4","2","4","6"
"mauro_95","3","3","6"
"MauroJo","3","3","6"
"mauruizm","3","3","6"
"maverick71","4","2","6"
"Max_Mazokhin","4","2","6"
"Max_Norm_Q696699","3","3","6"
"Max_Power_pizza","2","4","6"
"max_serg","4","2","6"
"Max910527","2","4","6"
"Maxhir","2","4","6"
"maxiap_99","4","2","6"
"Maxikrassen","3","3","6"
"Maxim_Alifov","3","3","6"
"maxim_makarchuk","3","3","6"
"maxim_sc","2","4","6"
"Maxim19833","2","4","6"
"MaximFirst","3","3","6"
"maximkhabarov","3","3","6"
"maxioma","4","2","6"
"MaxMalygyn","2","4","6"
"maxplanc","2","4","6"
"maxpower511","3","3","6"
"maxpowerloginov","2","4","6"
"maxscotton71","3","3","6"
"MaxSi57","3","3","6"
"May_Sanz","2","4","6"
"maya1200","4","2","6"
"MayaHexV4","3","3","6"
"maybe99","4","2","6"
"maybecarlsen4","4","2","6"
"Mazatlaurelio","3","3","6"
"mazennmuhamed","3","3","6"
"Mazette27","2","4","6"
"mbah_widi_BKD","3","3","6"
"Mbalazs","3","3","6"
"mbjackal","3","3","6"
"mbmad2","3","3","6"
"mc_kanjutkuda","2","4","6"
"MC2k","4","2","6"
"Mcebisi-THE-Dyan","4","2","6"
"McJoeMOm","3","3","6"
"McModMod","3","3","6"
"mcnovy","3","3","6"
"mcottell","3","3","6"
"MCpatico","2","4","6"
"mctronel3","4","2","6"
"mdbat","3","3","6"
"MDEROSSO","3","3","6"
"Mebagh","3","3","6"
"MECHESS_2020","4","2","6"
"MeChessExpert","4","2","6"
"med12kze","3","3","6"
"Medikar","3","3","6"
"MediumRare15","2","4","6"
"Medo2227","4","2","6"
"medo36","3","3","6"
"MeDork","2","4","6"
"MedvedevMaxim","4","2","6"
"Meeeeeeeeem","3","3","6"
"Meenakshy","3","3","6"
"meestika","3","3","6"
"MegaMaxspb","3","3","6"
"Megamed04","2","4","6"
"MegaMintChampion","3","3","6"
"mege0000","3","3","6"
"mego2010","4","2","6"
"Mehdi-1","2","4","6"
"mehdiam","2","4","6"
"mehmetsef","4","2","6"
"mehr-jam","3","3","6"
"mehradiii","3","3","6"
"Mehrdad1414","3","3","6"
"mehrrrdad","4","2","6"
"Mehul93","3","3","6"
"meicar","3","3","6"
"meisam_m1990","3","3","6"
"mejka","3","3","6"
"Mekken","3","3","6"
"mekselcengiz","2","4","6"
"MelanieDK","3","3","6"
"melchior03","3","3","6"
"Melghaly","3","3","6"
"Melihcihan","2","4","6"
"melisaynkk","3","3","6"
"melkam","3","3","6"
"Melkhor1337","2","4","6"
"Melkie","4","2","6"
"melotzo","3","3","6"
"Memi313","3","3","6"
"mengli","3","3","6"
"MenloSophiaP","2","4","6"
"MentalCarlsen","3","3","6"
"mep_master","3","3","6"
"merab1993","2","4","6"
"meranaamsourav","4","2","6"
"meranmehdi","3","3","6"
"Mercy_N_07","3","3","6"
"merdanyildirim","2","4","6"
"merhaba71","3","3","6"
"Meric89","4","2","6"
"merida_2099","3","3","6"
"mertrooper","3","3","6"
"mertt_3922","3","3","6"
"MERVAN-DAOUD","3","3","6"
"merwan","4","2","6"
"Mes-Berat-10","3","3","6"
"meshaczulu","1","5","6"
"mesl","2","4","6"
"MessiCheckmates","4","2","6"
"mesutboz","3","3","6"
"METALIX_TITAN","3","3","6"
"MetaMind","3","3","6"
"metecelik1","3","3","6"
"metehancelik61","3","3","6"
"Metin12345","3","3","6"
"Metla27","3","3","6"
"metleb01","3","3","6"
"metum","3","3","6"
"Mewtwo911","4","2","6"
"Mexkku","3","3","6"
"mfz123","4","2","6"
"mgaray85","3","3","6"
"mgat","4","2","6"
"MGS_03","2","4","6"
"MH_carlsen","3","3","6"
"mhdtab","3","3","6"
"mhikz124","3","3","6"
"MHiu123","2","4","6"
"mhmdchgha","1","5","6"
"mhmetdurden","4","2","6"
"MiArdilla","4","2","6"
"miataa08","3","3","6"
"Mica_Stres","3","3","6"
"micasoal","3","3","6"
"miceli1","4","2","6"
"Micha5274","2","4","6"
"michael1302","4","2","6"
"Michael7267","3","3","6"
"Michaeldesire","3","3","6"
"michaelgrohn","4","2","6"
"MichaelJobs","3","3","6"
"MichaelKrzysztof","4","2","6"
"MICHaELLOtus","4","2","6"
"MichaelMos","3","3","6"
"michaelwcoughlin","3","3","6"
"MichailovM","3","3","6"
"micheal777","2","4","6"
"michelangelomichel","3","3","6"
"Michelaspaziani","4","2","6"
"Michi8000","3","3","6"
"michmuchmach","4","2","6"
"Mickey_Virus","3","3","6"
"MickeyTJ","3","3","6"
"Microwave64","3","3","6"
"middlegameofthrones","3","3","6"
"middlingmagic","3","3","6"
"Midhun21","2","4","6"
"midssmidou","2","4","6"
"miele007","3","3","6"
"Migm","3","3","6"
"MiguelReyes_UCV","4","2","6"
"migular01","4","2","6"
"miha_el","3","3","6"
"miiguel_frsz","3","3","6"
"MIK1060","2","4","6"
"mikadoboom","3","3","6"
"Mikctypka","4","2","6"
"Mike117833","4","2","6"
"Mike200819","4","2","6"
"mike5618","2","4","6"
"MikeB21","4","2","6"
"Mikhail_Zatsepin","2","4","6"
"mikhail-gorshko","2","4","6"
"MikhaiL28","2","4","6"
"Mikim73","3","3","6"
"Mikjel","4","2","6"
"Mikkee","3","3","6"
"mikramarc","3","3","6"
"mikwajs","3","3","6"
"milasmilas","3","3","6"
"MILISOF","3","3","6"
"millaine","3","3","6"
"Millardevsky","3","3","6"
"milmil99","3","3","6"
"MilosBGD","3","3","6"
"milucho","3","3","6"
"Milverton","3","3","6"
"mimi1983","3","3","6"
"mindfull1190","3","3","6"
"Minecraft1234567899","3","3","6"
"MineTurtle86","3","3","6"
"minhhoang2015","3","3","6"
"Minhhuy2015","3","3","6"
"Minimaxi0708","5","1","6"
"MiniMincePies","3","3","6"
"minoamino","2","4","6"
"MinorityReport1","4","2","6"
"miqueldemaria","3","3","6"
"miradii","3","3","6"
"Miraem","2","4","6"
"mirage123","3","3","6"
"MirageBomber","3","3","6"
"MiraMalty","2","4","6"
"mirarme","3","3","6"
"mirek50","3","3","6"
"miroul2007","3","3","6"
"Mirsiyapov","3","3","6"
"misafir52","3","3","6"
"Misclickedd4","3","3","6"
"Misha_kjdsfhgska","3","3","6"
"MishoBR","3","3","6"
"Mishy01","3","3","6"
"Misionc","2","4","6"
"miskole","2","4","6"
"Mismoume","4","2","6"
"misshanjipyeong","3","3","6"
"MissyL","3","3","6"
"Mister_Shaibel","2","4","6"
"misteriochess","3","3","6"
"misteriounknown","2","4","6"
"MisterManRus","2","4","6"
"MisterOptions","4","2","6"
"mistrzbunin","3","3","6"
"Mit_Best","4","2","6"
"Mitsake","2","4","6"
"Mittens11222","4","2","6"
"mix79","3","3","6"
"mixerupper13","3","3","6"
"MJACOB1986","3","3","6"
"MJamu","2","4","6"
"MJfromBsl","3","3","6"
"mjheagle","3","3","6"
"mjlauer12","3","3","6"
"mjuanchini","3","3","6"
"Mk_Tal","2","4","6"
"Mkadoandsamis","3","3","6"
"Mkchess1234","4","2","6"
"mkukla","2","4","6"
"ML_player","3","3","6"
"mlema","2","4","6"
"MLeonF","4","2","6"
"Mlhtfn","2","4","6"
"mmayol","3","3","6"
"mmenesesmemo","4","2","6"
"MMerci","3","3","6"
"mmlxiv","3","3","6"
"mnolasco","3","3","6"
"MO6060","3","3","6"
"mobile-anonymous","3","3","6"
"Mobile99","4","2","6"
"Mobilunettes","2","4","6"
"Moch_Rifki_Gunawan","2","4","6"
"ModernCoachLy","4","2","6"
"Moehrenesser","3","3","6"
"Mofee37th","3","3","6"
"MogausCarlsen","3","3","6"
"Moh7mmed_Fouda","3","3","6"
"mohadeseh77","3","3","6"
"Mohaigergely01","4","2","6"
"mohamad_yaser_twati","2","4","6"
"Mohamad7a","3","3","6"
"mohamd_azmi92","3","3","6"
"Mohamed_Gomaa_666","2","4","6"
"MOHAMED_HAZZO","3","3","6"
"Mohamed_magdy","2","4","6"
"Mohamed064","3","3","6"
"Mohamed12_Habib","3","3","6"
"mohamed43026","3","3","6"
"Mohamedgf","2","4","6"
"mohamednady28","4","2","6"
"MohamedNasreldin","4","2","6"
"Mohamedshamroukh","3","3","6"
"Mohammad_10","3","3","6"
"Mohammad079","3","3","6"
"MOHAMMAD1980A","3","3","6"
"mohammad828282","2","4","6"
"Mohammadjemy","2","4","6"
"mohammadrezabaghi","4","2","6"
"mohammadshahidzade","3","3","6"
"mohammed_alagab","3","3","6"
"mohammedarrami","3","3","6"
"Mohanedemadbahbah","3","3","6"
"MOHIBunhappygamer","3","3","6"
"MohitDaga04","5","1","6"
"mohmmed911","2","4","6"
"mohsen72f","3","3","6"
"mohsenp1368","3","3","6"
"MoistMellow","3","3","6"
"moiX123","3","3","6"
"moizdav","4","2","6"
"mojrem","3","3","6"
"mokahakim","3","3","6"
"Mokey","3","3","6"
"mokshagna123","3","3","6"
"Molinero86","3","3","6"
"Moltini","3","3","6"
"MoMamba","2","4","6"
"Mominx","3","3","6"
"Moncho_131","3","3","6"
"monday_17","3","3","6"
"moneeb_a25","2","4","6"
"Mongolx","3","3","6"
"MonkeyDragon","3","3","6"
"MonkeyGun","3","3","6"
"Monondree","4","2","6"
"MoonPony","2","4","6"
"Moosetits","4","2","6"
"mopteh","4","2","6"
"moralIVI","3","3","6"
"mordo7","2","4","6"
"morethanyou","4","2","6"
"Morgran","3","3","6"
"moricg","3","3","6"
"morleyey","2","4","6"
"MornStar22","2","4","6"
"morpex63","4","2","6"
"morregoUchl","3","3","6"
"MorrisvanRassel","3","3","6"
"MortalMario","3","3","6"
"mortingen41","2","4","6"
"mortpal","3","3","6"
"mosa34","4","2","6"
"Mostafa_Alshaqi","3","3","6"
"Mostafa_Elgendy","2","4","6"
"mostafa0102010","3","3","6"
"Mostafa3242","2","4","6"
"mostafaparker","2","4","6"
"Mostafasedeghi","2","4","6"
"Motacek","3","3","6"
"motasem95","2","4","6"
"motteeee","2","4","6"
"mouad9","3","3","6"
"mouadkh","4","2","6"
"Mouados","3","3","6"
"Mouhibosa","3","3","6"
"moulin","3","3","6"
"mount_massive","3","3","6"
"mountain_bluebird","3","3","6"
"moussasmart","4","2","6"
"Moustachux","3","3","6"
"Moustafazohair","4","2","6"
"MovingByKnight","3","3","6"
"moytay","3","3","6"
"mozza1996","4","2","6"
"MP-15","3","3","6"
"MPB15","3","3","6"
"Mpc_xadrez","4","2","6"
"mpointon","3","3","6"
"MPRS15","3","3","6"
"Mr_Barol","3","3","6"
"mr_brachioradialis","4","2","6"
"Mr_Bucket","3","3","6"
"MR_CHESSMASTER1","3","3","6"
"mr_eliguzel","3","3","6"
"Mr_FIRSTOV","3","3","6"
"Mr_Gautam","3","3","6"
"Mr_King_CBS","3","3","6"
"mr_orange23","2","4","6"
"Mr_Puzo_Arbuzo","4","2","6"
"Mr_SaMa","4","2","6"
"mr_slavman","3","3","6"
"mr_whiskers","2","4","6"
"Mr_Yusaa","3","3","6"
"mr_zippo","3","3","6"
"Mr-Abb","3","3","6"
"mr1986","1","5","6"
"Mr9goals","3","3","6"
"Mr9iceGuy","2","4","6"
"MrAlfonso","3","3","6"
"MrAn95","3","3","6"
"MrAnd3rs0n","2","4","6"
"mrark","3","3","6"
"MrChessRockwell2","3","3","6"
"mrdodqer1907","2","4","6"
"MrDrunk","2","4","6"
"Mreader","3","3","6"
"MrFayko","3","3","6"
"Mrfid64","2","4","6"
"MrGone2","3","3","6"
"mrgreennn211","2","4","6"
"MrIndian_Gamer","3","3","6"
"mrjohn271","3","3","6"
"MrKosovo","4","2","6"
"mrkszg","2","4","6"
"Mrlee2000","3","3","6"
"MrLinguist","4","2","6"
"MrLou1","3","3","6"
"Mrlow-key","3","3","6"
"mrlutii","3","3","6"
"MrMeryem","3","3","6"
"mrnadeemsheikh","3","3","6"
"MrNatwarlaal","4","2","6"
"Mrosama2005","3","3","6"
"MrPotatoHead2007","3","3","6"
"MrQ2","3","3","6"
"mrrobot914","3","3","6"
"mrrserious","3","3","6"
"MrsHudson","3","3","6"
"MrSoberman","3","3","6"
"MrTDog87","4","2","6"
"MrTejler","2","4","6"
"mrtlsy","4","2","6"
"MrUlker","4","2","6"
"mrvec2709","3","3","6"
"MRyker","2","4","6"
"Msalvation","4","2","6"
"Msanaei1984","3","3","6"
"msaSugandhan","3","3","6"
"Msb61","3","3","6"
"mshnubie","2","4","6"
"MSkinner","3","3","6"
"Mstkvgc","2","4","6"
"MSTR-KRISH","4","2","6"
"msuhtaqakhtar023","2","4","6"
"MSV_1103","4","2","6"
"mswimboy","3","3","6"
"mt2tr","4","2","6"
"mtoely","3","3","6"
"Muarlix","2","4","6"
"Mudangi_I","3","3","6"
"Muensterlaender","5","1","6"
"muesliphoenix","3","3","6"
"mugetsu30","4","2","6"
"muhaiminul","4","2","6"
"Muhamedi","3","3","6"
"Muhammad-1709","2","4","6"
"Muhammed_behcet","2","4","6"
"muhammedsalih2015","3","3","6"
"muharremince1","4","2","6"
"Muhtasin1280","2","4","6"
"muhvike","2","4","6"
"Muhymin","3","3","6"
"mujtubayousufi","3","3","6"
"Mukha2014","4","2","6"
"Mullah_1","3","3","6"
"Multibanka","3","3","6"
"multicollinearity","4","2","6"
"MuminAlioglu","2","4","6"
"Muneeb_Ahmed_Hafeez","3","3","6"
"MunHoe2705","3","3","6"
"Munkhbayar08","3","3","6"
"MunnaBOT","3","3","6"
"Muqarrobin","4","2","6"
"Murad0892","3","3","6"
"muradaradd","4","2","6"
"Muradhs","3","3","6"
"MuradTR","3","3","6"
"Murathan_Kurt","3","3","6"
"murattibo","3","3","6"
"murisya","4","2","6"
"muromir","3","3","6"
"mursalleen","3","3","6"
"muscron","4","2","6"
"musicbring","3","3","6"
"musicianx","3","3","6"
"MuslimMagnus","3","3","6"
"mussah","3","3","6"
"must1kc","3","3","6"
"Mut8","3","3","6"
"mutuamwongela","3","3","6"
"muurrrka","3","3","6"
"muxalek","3","3","6"
"Mv17","4","2","6"
"mvg470","4","2","6"
"MVMANOJKUMAR","3","3","6"
"MVNch","3","3","6"
"mvsguru","3","3","6"
"MWzd0225","3","3","6"
"mxwaldo","3","3","6"
"Myagkiy1990","3","3","6"
"myalcinkayaa1","3","3","6"
"myattcyat","3","3","6"
"Myc6","4","2","6"
"Myckel-SA","3","3","6"
"MycroftHolmes7","2","4","6"
"MyDaphne","3","3","6"
"myerlikaya","4","2","6"
"myFischer","2","4","6"
"mymainishigher","3","3","6"
"mynk9","2","4","6"
"MYPOWER33","4","2","6"
"mystikalemu","3","3","6"
"mzagel","4","2","6"
"mzksarikaya","4","2","6"
"mzplayer","3","3","6"
"MZQ2020","3","3","6"
"n_mon","3","3","6"
"n_n_b","3","3","6"
"N-Amir","5","1","6"
"n0rmt1pul9","4","2","6"
"n33wbi33","2","4","6"
"na10042011","2","4","6"
"NaakNako","2","4","6"
"NabajitBarman38886","3","3","6"
"nabilnabil19","3","3","6"
"Nachocho11","4","2","6"
"NachoDelPinoR","2","4","6"
"NADASOY23","4","2","6"
"Nadeem2004","3","3","6"
"nadzor","3","3","6"
"nagarajansai","3","3","6"
"Nagaraju_123","2","4","6"
"Nagpriya","3","3","6"
"nahumd","3","3","6"
"naif94h","3","3","6"
"nailmemmedovgm01","3","3","6"
"Naim1972","3","3","6"
"Nairika","4","2","6"
"nakno_i_masale","3","3","6"
"Nallow","3","3","6"
"nalmesisteinhund","3","3","6"
"nalzueta","3","3","6"
"Namidu88","3","3","6"
"namish0079","2","4","6"
"Namitsu","3","3","6"
"namluh","2","4","6"
"Nammmed","3","3","6"
"namnamm","4","2","6"
"Namutebi_Fiona","3","3","6"
"NandoDS78","4","2","6"
"nandoooo","3","3","6"
"NaP_aD","3","3","6"
"Napoleon_the_Lame","3","3","6"
"napomleb","3","3","6"
"nappson25","3","3","6"
"narangpreet","3","3","6"
"Naruto12345678900987","4","2","6"
"Nastyss","4","2","6"
"Natalia1892","4","2","6"
"Natan_Melo","2","4","6"
"natashakusha","3","3","6"
"NathanChess12","3","3","6"
"nathanesau","3","3","6"
"NathanSestrem","3","3","6"
"nathantl","2","4","6"
"Nathegreat","3","3","6"
"National-master2025","3","3","6"
"Navarro1918","3","3","6"
"NaveenS23","4","2","6"
"Navina_v","3","3","6"
"nawadaP","3","3","6"
"Naxcvanlee","3","3","6"
"Nayab_Gauhar","3","3","6"
"NayeemIqbal","4","2","6"
"NazarovAS","3","3","6"
"nbalkis91","3","3","6"
"nbms","3","3","6"
"nbraf26","3","3","6"
"neagz","3","3","6"
"Neal_Carey","3","3","6"
"nearantruby001","3","3","6"
"Nechto111","3","3","6"
"nedersander","4","2","6"
"neekk2016","2","4","6"
"neel2520","3","3","6"
"neelsg","5","1","6"
"Neftii","3","3","6"
"Neghittoso","3","3","6"
"Negi000","4","2","6"
"nehad123","3","3","6"
"NehirAta16","3","3","6"
"neiabl","3","3","6"
"Nekil","2","4","6"
"nekit_gambit","4","2","6"
"nekruzjumaboev2010","4","2","6"
"Nelane","3","3","6"
"NellifII","3","3","6"
"Nelvanhelsing","2","4","6"
"NemanjaPesic","5","1","6"
"NemanKara","4","2","6"
"Nemo2012","2","4","6"
"Nemo467","3","3","6"
"nenadvlad12345","3","3","6"
"Nenhum","4","2","6"
"Neo_nitin","2","4","6"
"Neo1977","3","3","6"
"neofight","4","2","6"
"neolivz","3","3","6"
"nepozzubam","3","3","6"
"Neptune_197-9","3","3","6"
"NerijusM","3","3","6"
"NESCLEI","3","3","6"
"nespinochess","2","4","6"
"NetherStar88","2","4","6"
"NETOLST","3","3","6"
"netr00m","4","2","6"
"neunivayte","3","3","6"
"nevari","3","3","6"
"Never_m1nd","3","3","6"
"nevmeniaemii","2","4","6"
"newborned","3","3","6"
"NewGarryKasparov","4","2","6"
"newnick1993","2","4","6"
"Newpiece","2","4","6"
"NewPlayer2021","3","3","6"
"NewtonMayor","4","2","6"
"NeXT_tiMe","3","3","6"
"neyder29","5","1","6"
"neygomonnyi","3","3","6"
"nfaka","2","4","6"
"nfrend","2","4","6"
"ngaleyeut","3","3","6"
"NglIamJustBetter","3","3","6"
"Nguyenthanhhuong","2","4","6"
"nha_uyen","2","4","6"
"nhson99","3","3","6"
"nibbayouatemybeans","3","3","6"
"Nic0513","2","4","6"
"Nicah","4","2","6"
"Nick_Marines","4","2","6"
"nickbeam80","3","3","6"
"nicklayk","3","3","6"
"NickMurphy","2","4","6"
"nickolpickol","2","4","6"
"NickS_86","3","3","6"
"Niclaes","4","2","6"
"Nicnac23","3","3","6"
"nicnats","3","3","6"
"Nico4c","4","2","6"
"nicokif","3","3","6"
"Nicola15s","4","2","6"
"Nicolas_bonilla1","3","3","6"
"nicolas-look45","3","3","6"
"nicolask3","3","3","6"
"NicolasR25","3","3","6"
"Nicolov7","3","3","6"
"NicoNorway","3","3","6"
"Nidja2023","4","2","6"
"NIGAM-_12345","4","2","6"
"nightange","3","3","6"
"Nihal_Kini","3","3","6"
"niickson","2","4","6"
"Nik7000","3","3","6"
"nikclic","3","3","6"
"nikelemik","3","3","6"
"NikhilR","2","4","6"
"Nikita_dosker","1","5","6"
"nikita_oz","1","5","6"
"Nikita249r72","3","3","6"
"niklasj","2","4","6"
"Niklaskowski","4","2","6"
"Nikola_Banan4ik","3","3","6"
"nikola62400","2","4","6"
"nikolac","3","3","6"
"NikolaDojcinovic","3","3","6"
"nikolaivana","3","3","6"
"Nikopol_Andaluz","3","3","6"
"nikskl","2","4","6"
"Nikterstein","2","4","6"
"Niku77","4","2","6"
"Nikus78","4","2","6"
"Niky19877","2","4","6"
"nilevaj","3","3","6"
"nilkbankar","3","3","6"
"Nima_Najafi","2","4","6"
"nimdator","3","3","6"
"Nimrodpalmor","3","3","6"
"nimzohint","2","4","6"
"nina2005","3","3","6"
"NinhaoNach","3","3","6"
"NINJABRAINS","2","4","6"
"Ninjalamster","4","2","6"
"nirab","3","3","6"
"nisenitnytsya","2","4","6"
"NisthulRaj","4","2","6"
"Nisurev","3","3","6"
"nit246","4","2","6"
"nitinbhomle","4","2","6"
"nitramis","3","3","6"
"nitsugamo","3","3","6"
"niveau1","4","2","6"
"nivilar","3","3","6"
"NiyazIbragimov","3","3","6"
"njad93","3","3","6"
"njglennon11","4","2","6"
"NKokoro","3","3","6"
"Nkrisz0427","3","3","6"
"nmdjazi","2","4","6"
"nmkhalil","4","2","6"
"NNN30","3","3","6"
"No_Move_Left","3","3","6"
"No35","3","3","6"
"Noahace6","2","4","6"
"NoahJamesMuller","2","4","6"
"NoaKirel420","2","4","6"
"nobikes","3","3","6"
"nobodyactually","3","3","6"
"NoBodyforChess","3","3","6"
"noccthulhu7","3","3","6"
"NODIRBEKSAYDIN","2","4","6"
"Nodyl","3","3","6"
"noeom","4","2","6"
"NoForRim","3","3","6"
"noi89","3","3","6"
"NOIR_Gag","4","2","6"
"nokekw","2","4","6"
"NokkkT","5","1","6"
"nomatter123","3","3","6"
"NoMercy0901","3","3","6"
"nomeymano","3","3","6"
"Nonickname34","3","3","6"
"nonoshark888","2","4","6"
"nonso06","4","2","6"
"noob216","3","3","6"
"NoobLT","3","3","6"
"NoobSkak","3","3","6"
"noodlesupercat_14","4","2","6"
"NoOneCanBeatMe4","4","2","6"
"noonthe","2","4","6"
"NooO2","2","4","6"
"Nop223","4","2","6"
"Noqss","4","2","6"
"norab","2","4","6"
"Norari","3","3","6"
"NordenadlerChess","3","3","6"
"NorrinRav","4","2","6"
"norwayisgreat","3","3","6"
"Nostradamus10","3","3","6"
"Not_My_Fault_I_M_Bad","3","3","6"
"not_viyas","2","4","6"
"Notanameforyou","2","4","6"
"NotAnAstronaut","3","3","6"
"NotAnotherOne","3","3","6"
"NotBonzo","3","3","6"
"Notmarvin","1","5","6"
"Nour9elsaeed","3","3","6"
"NOVATOCHESS1945","3","3","6"
"novice2017","3","3","6"
"novicy","3","3","6"
"Noydb","3","3","6"
"NphelanMD","2","4","6"
"nr19","3","3","6"
"NRE","2","4","6"
"NRNDRNCHESS","2","4","6"
"Nrolbeys","3","3","6"
"nsaia1234","3","3","6"
"nsanisty","4","2","6"
"Nsigui","3","3","6"
"Nsikora22","3","3","6"
"nterface","3","3","6"
"NubaNuba","3","3","6"
"Nuckhead","4","2","6"
"nuessa","2","4","6"
"nugrohos","3","3","6"
"null815","3","3","6"
"nulllnulll","3","3","6"
"NumberEleven","4","2","6"
"NumberOne10112003","4","2","6"
"nuraliiii","3","3","6"
"NuraliKudabay2013","3","3","6"
"Nureloraza09","4","2","6"
"Nurlan_1983","2","4","6"
"Nurlan666","2","4","6"
"NVTrung","2","4","6"
"NWHerz","2","4","6"
"Nyko15","3","3","6"
"Nyks07","3","3","6"
"O-F","4","2","6"
"oaladin","2","4","6"
"OARS1995","4","2","6"
"oayat","3","3","6"
"Ob_Ivan","3","3","6"
"Obamatesseract","3","3","6"
"obats1","4","2","6"
"obertocheesss","2","4","6"
"obrtleek","4","2","6"
"ocaradopolegar","3","3","6"
"occidorient","4","2","6"
"octavianconstantin","3","3","6"
"OctaviusMordex","3","3","6"
"Octavus1950","3","3","6"
"ocuprum","3","3","6"
"Odiljon_1959","2","4","6"
"odinsword","3","3","6"
"OdinZapata","2","4","6"
"Oe00","3","3","6"
"oebpx","3","3","6"
"offchess","2","4","6"
"officialsanket","3","3","6"
"OG_Platina","2","4","6"
"Ohiosurfer05","3","3","6"
"OhItsFred","3","3","6"
"ohohohoHAHAHAH","3","3","6"
"Oi_mate_its-a-mate","2","4","6"
"OIER_GARCiA","3","3","6"
"ojlund","3","3","6"
"Ojsg","4","2","6"
"OkayAlright","3","3","6"
"oklim","4","2","6"
"oko38336","3","3","6"
"oktayaga","3","3","6"
"OktayZk","3","3","6"
"OKuang","3","3","6"
"Oldesa","3","3","6"
"oldiebutgoldie","4","2","6"
"oldmonk2022","2","4","6"
"Oleg_chess_1","4","2","6"
"Oleg_chess22rus","3","3","6"
"Olegro","3","3","6"
"olekrf","2","4","6"
"Oleksandr_K","3","3","6"
"oleole22","4","2","6"
"OleOleOlegKo","3","3","6"
"olib3","3","3","6"
"olik2007","3","3","6"
"Olileo","3","3","6"
"olleicua","3","3","6"
"olorin03","3","3","6"
"Olynx_o","2","4","6"
"OlzClark","3","3","6"
"Olzh_M","3","3","6"
"Omar_Afia","3","3","6"
"omar_ibrahim28","3","3","6"
"Omar_Jun","4","2","6"
"Omar_Waleed101","3","3","6"
"Omar20016","3","3","6"
"omarburton","1","5","6"
"omari_04","2","4","6"
"OmarKarym","5","1","6"
"OmarKholy","3","3","6"
"Omarmomen","4","2","6"
"OmarXTX","3","3","6"
"omaryarali","4","2","6"
"ombozdemir","4","2","6"
"Ombrello","2","4","6"
"omega3007","4","2","6"
"omegaMoon","4","2","6"
"omerbz","3","3","6"
"omerfaruk01","4","2","6"
"OmerFaruk1453","3","3","6"
"omerfarukyagmur","4","2","6"
"omerfd34","3","3","6"
"omerrsahin","3","3","6"
"omersharaby","4","2","6"
"omiiee","3","3","6"
"omrbzkr","2","4","6"
"OmriGavra","3","3","6"
"ON3T4L","3","3","6"
"One_xadrez1","3","3","6"
"One-alone","3","3","6"
"oneandhalf","2","4","6"
"OneMinuteGame","3","3","6"
"OneMoze","3","3","6"
"onepierre","3","3","6"
"oneXmore","3","3","6"
"onionboy7","4","2","6"
"OnionThe1st","2","4","6"
"onlinebeyin","2","4","6"
"Onlybrilliantmoves","4","2","6"
"OnPassant4U","2","4","6"
"onryochess","3","3","6"
"OnurCorduk","2","4","6"
"oOptiva","3","3","6"
"Oozatas","4","2","6"
"OP_Apolo","3","3","6"
"opcionas","3","3","6"
"Ope111ek","3","3","6"
"oplazasi","3","3","6"
"opsarion","3","3","6"
"Optimus_Prima","4","2","6"
"OrderOleg","3","3","6"
"Orefile051","3","3","6"
"Oreo_0x","3","3","6"
"Orhun_01","3","3","6"
"origamigoat","3","3","6"
"origos","2","4","6"
"orkun0102","3","3","6"
"orlando-bressan","4","2","6"
"Orochi11","3","3","6"
"oromana85","5","1","6"
"Orospuseni31","3","3","6"
"Orsian","4","2","6"
"orvarem","4","2","6"
"os-18","3","3","6"
"osamaaaaa","4","2","6"
"OsamuDazaie4e5nf3nc6","3","3","6"
"osasinator","4","2","6"
"Osc4rFiguero4","2","4","6"
"Oscarchiquto12","3","3","6"
"Oscarsolanor","3","3","6"
"OsitoBimbo29","3","3","6"
"oslcar","3","3","6"
"osmanberkozguler","4","2","6"
"OSMINOZH","4","2","6"
"Osse187","3","3","6"
"oSSSo","3","3","6"
"ostadali","3","3","6"
"Osvalmanu","4","2","6"
"osvel","3","3","6"
"OTB_Red_Baron","3","3","6"
"Oteka_Ug","3","3","6"
"Othwon","3","3","6"
"otoson","2","4","6"
"Otti36","4","2","6"
"otto192","2","4","6"
"ottoplays","3","3","6"
"Ouarzazates","2","4","6"
"oudai10","4","2","6"
"OurstranKill","2","4","6"
"ousvanbaaskay","3","3","6"
"OutOfPreparation","2","4","6"
"Outy","3","3","6"
"ovatsug_chess","4","2","6"
"OvejaDeElite","4","2","6"
"OverThinkerer","4","2","6"
"ovizxc","4","2","6"
"OvverLord","3","3","6"
"OwenBir","3","3","6"
"OwenOnTheMoon","2","4","6"
"Owner01","3","3","6"
"oye_bete_side_ho","2","4","6"
"ozankrkya","3","3","6"
"ozzyg23","3","3","6"
"P_for_Basel","3","3","6"
"p_munandar_p","2","4","6"
"P0MAHOB","2","4","6"
"P0WER_M1ND","3","3","6"
"p1mnz","3","3","6"
"p1nkr0se","3","3","6"
"p1vce","2","4","6"
"P3T3R1NO","3","3","6"
"p4444p","3","3","6"
"P4p0n","4","2","6"
"pa-h","2","4","6"
"pablito_risk","3","3","6"
"Pablo_000","3","3","6"
"pabloarispe9","3","3","6"
"Pablosko_98","2","4","6"
"PachaCardoso","3","3","6"
"Pacificemotion","3","3","6"
"Pacifistto2006","3","3","6"
"pacuki","3","3","6"
"Padeus","4","2","6"
"PadrePio","4","2","6"
"Pafosnica","3","3","6"
"PageyTer","3","3","6"
"PAHANAKAMURA","1","5","6"
"pai64","3","3","6"
"PainInMyChess","3","3","6"
"Pajam","2","4","6"
"Paksiw21","3","3","6"
"pakupek","4","2","6"
"Palachev_Petr","4","2","6"
"Palamut35","4","2","6"
"palinoros","4","2","6"
"PALKA333","4","2","6"
"Pallavi1504","4","2","6"
"palmerapool","3","3","6"
"pandamaster3000","2","4","6"
"Pando33","3","3","6"
"pango53","3","3","6"
"pankajkkas","3","3","6"
"panove430","3","3","6"
"pantamjad","3","3","6"
"panteratattoo","4","2","6"
"Pantherauncia","3","3","6"
"PantherYens","2","4","6"
"pantufla_tactica","3","3","6"
"PaoloKQ","4","2","6"
"papagiorgio","4","2","6"
"Papastrolchi","4","2","6"
"papayatree2","3","3","6"
"papielias","3","3","6"
"papillon2021","3","3","6"
"papnimedec","2","4","6"
"Pappfigur","3","3","6"
"PappyViking22","3","3","6"
"Paracelsusx","2","4","6"
"ParaFaraGaramus","3","3","6"
"paragmunda","3","3","6"
"paragtmd","3","3","6"
"PARAM1419","3","3","6"
"paramon_iri","4","2","6"
"ParashLama12","3","3","6"
"parasito88","2","4","6"
"Pardhiv_S","2","4","6"
"parishorse","4","2","6"
"Parmanubomb","2","4","6"
"parsa_bozorgmehr0028","3","3","6"
"parsaaa13921392","3","3","6"
"pash-fash","3","3","6"
"pasha_bel","3","3","6"
"Pasha2085","4","2","6"
"pashaklock","4","2","6"
"PaskiSir","3","3","6"
"Passe6229","3","3","6"
"PastelloColorato","3","3","6"
"Pastramy3344","3","3","6"
"Pat11235","2","4","6"
"patfont","3","3","6"
"patito2014","3","3","6"
"Pato16","2","4","6"
"Patoktubre24","2","4","6"
"Patolokos","3","3","6"
"patorla","2","4","6"
"patrick-mar","4","2","6"
"patrick1112131","3","3","6"
"patrickbeaver","4","2","6"
"Patrickmunster","3","3","6"
"patropaz","4","2","6"
"Patryk_al","3","3","6"
"patryk2001","3","3","6"
"Patzimazi","3","3","6"
"patzouille2000","3","3","6"
"paul_roberts","3","3","6"
"Paul-Philemon","4","2","6"
"Paul04Khiangte","4","2","6"
"paulemaule","2","4","6"
"paulIiIiIiI","4","2","6"
"paulikingi","3","3","6"
"Paullewapp","4","2","6"
"pauloc1253","3","3","6"
"paulofla","4","2","6"
"PauloTorres57","3","3","6"
"paulwal","3","3","6"
"pavan9009","2","4","6"
"Pavel_Sadikov","2","4","6"
"Pavel_Zverkov","4","2","6"
"pavel-voevoda","3","3","6"
"pavokk","3","3","6"
"pawel2020","3","3","6"
"Pawn2001","2","4","6"
"pawnAbuser","3","3","6"
"pawndareplay","3","3","6"
"pawndemonium1","2","4","6"
"PawnDrill","3","3","6"
"pawnfractal","4","2","6"
"pawnfrenzy","3","3","6"
"PawnSacrifice98","3","3","6"
"Pawnstale","4","2","6"
"pawnToQwin","3","3","6"
"pawnvsqueen","2","4","6"
"payandeeee","3","3","6"
"payman54","3","3","6"
"pbainski","3","3","6"
"pboissy","2","4","6"
"PCblubBlub","2","4","6"
"pcharij","3","3","6"
"Pchel_93","3","3","6"
"PDrEinsTeiN","3","3","6"
"Peace_xs","3","3","6"
"PeaceByPiece","3","3","6"
"Pealr","3","3","6"
"Pechenka_posle_supa","3","3","6"
"pedreiras","3","3","6"
"pedro29865","4","2","6"
"Pedro978","2","4","6"
"PedroGrenade","2","4","6"
"pedroh_89","2","4","6"
"pedroklappenbach","3","3","6"
"PedroPinedaCo","4","2","6"
"PedroSlin","4","2","6"
"PedroTheElephant123","2","4","6"
"Pedrov18","3","3","6"
"pedroyelgol","4","2","6"
"Peetbrush","3","3","6"
"peeves99","2","4","6"
"Pega95","3","3","6"
"PEJUANG_1945","2","4","6"
"Pekula2","3","3","6"
"pelario","3","3","6"
"pelonabuxa","3","3","6"
"Pelorganik","2","4","6"
"Peltirumpu","3","3","6"
"peman64","3","3","6"
"pembernator","3","3","6"
"PendekarLaut91","2","4","6"
"penelope24","3","3","6"
"penzii","3","3","6"
"peonina67","3","3","6"
"peonjarocho","5","1","6"
"PepedeHuelva","2","4","6"
"PepeOzitt","4","2","6"
"percylin","4","2","6"
"Perlson","4","2","6"
"Perpet","4","2","6"
"perpgw","3","3","6"
"Perry_W","2","4","6"
"perspective123","3","3","6"
"Perst25","3","3","6"
"petegg","2","4","6"
"PeteGwent","3","3","6"
"Petepete","2","4","6"
"Peter075","2","4","6"
"Peter6718","3","3","6"
"petr65","4","2","6"
"PetrPlan83","3","3","6"
"peuche","3","3","6"
"Pex769","3","3","6"
"pezkoi23","2","4","6"
"Pfadi-Berni","3","3","6"
"pfefferoni","3","3","6"
"Pfeiffenkopf","4","2","6"
"PFF_5545","2","4","6"
"pfolkedal","4","2","6"
"pgranadap","4","2","6"
"PH_ALKHAFAJI","4","2","6"
"phacosurgeon","3","3","6"
"phamgiakhang2013","3","3","6"
"phantomunicorn74","3","3","6"
"phantondk","2","4","6"
"Pharmacist16","3","3","6"
"Pharoa","3","3","6"
"PhastPhister","3","3","6"
"phat123456","3","3","6"
"PhGiaQuan2010","3","3","6"
"phileggtree","2","4","6"
"philip5515","3","3","6"
"philipp_t6","3","3","6"
"Philipp-fo","4","2","6"
"Philipp112009","3","3","6"
"Phillychampion","3","3","6"
"PhilOfficer","3","3","6"
"phiri12","3","3","6"
"phko","3","3","6"
"phoenixDerek","3","3","6"
"phoenixjp","3","3","6"
"PhoenixPhire1990","4","2","6"
"PhranzPhogel","3","3","6"
"phylGQ","3","3","6"
"PhysicsEdw","3","3","6"
"pianophase","2","4","6"
"picachoo","3","3","6"
"pichuchas","2","4","6"
"PickleRickZaBotto","3","3","6"
"Pier_Bourricot","3","3","6"
"Piero-oreip","3","3","6"
"pierre-bob","3","3","6"
"Pierre1981","3","3","6"
"Pietjebell1030","4","2","6"
"Pietrangelo","4","2","6"
"pigeon38-99","3","3","6"
"piiikku1234","2","4","6"
"piijun","3","3","6"
"pikachutraining","2","4","6"
"pikas777","2","4","6"
"Pikoa","3","3","6"
"pilaga","2","4","6"
"pillin240","3","3","6"
"Pilylerich","3","3","6"
"PINCHUNLON","3","3","6"
"pineapple0225","3","3","6"
"PineappleHead_i","2","4","6"
"PinheiroBruno","5","1","6"
"pinique","3","3","6"
"PinkCoffee","3","3","6"
"pinkmilksky","4","2","6"
"pinko99","3","3","6"
"piochelin","3","3","6"
"Pion-4","2","4","6"
"pioter350","3","3","6"
"Piotr932","4","2","6"
"PIPIinyopampers","3","3","6"
"pipiripou","3","3","6"
"Pirat_J","4","2","6"
"Piratearound","2","4","6"
"PircCBA","3","3","6"
"Pirlo10","3","3","6"
"Pisaevic","3","3","6"
"Pisces7","2","4","6"
"PitM","3","3","6"
"pitufopianista","3","3","6"
"Pivnoy_Lord","2","4","6"
"piwknik1","3","3","6"
"pixiesean","3","3","6"
"Pixiraco","4","2","6"
"pixxell","3","3","6"
"Piyon38","4","2","6"
"Piyush_yadav_11","3","3","6"
"Piyush-n","4","2","6"
"Piyushchess01","3","3","6"
"PIYUSHNAIK","3","3","6"
"pjacot","3","3","6"
"pjz","3","3","6"
"Pk13_imthebest","3","3","6"
"pkluvpie","3","3","6"
"pkmkb12345","4","2","6"
"pkzavr","3","3","6"
"pl4ymode","3","3","6"
"PLAISANTIN","3","3","6"
"plancking2020","2","4","6"
"Plart4444","3","3","6"
"Plattmattovich","2","4","6"
"Player_CWB","3","3","6"
"playingcauseimboring","4","2","6"
"PlayingShatranj","2","4","6"
"PlayinWasted","3","3","6"
"playtactic28","3","3","6"
"Pleasebekindtome","3","3","6"
"Pliok1","3","3","6"
"plitschplatsch","2","4","6"
"Plomion","4","2","6"
"plusminus13","4","2","6"
"Pmaxim2014","3","3","6"
"PMDW914","3","3","6"
"pobreniniopobre","3","3","6"
"Pocaro","3","3","6"
"pocin1","4","2","6"
"podyyyyy","2","4","6"
"pog7","3","3","6"
"Pogo3","2","4","6"
"poison_pawn23","3","3","6"
"Poke-Aaron","3","3","6"
"pol_f1moto6","3","3","6"
"Polarion","4","2","6"
"PolinaPetrovich","2","4","6"
"Polkovnyk_22","3","3","6"
"polloBaruc","3","3","6"
"polomtzd","3","3","6"
"polypies73","3","3","6"
"Pomdepin","3","3","6"
"Pomelica","3","3","6"
"Pomidor195","2","4","6"
"pomidorka1989","3","3","6"
"poncis13","3","3","6"
"ponomarenkoaa88","4","2","6"
"Pontse_PM","3","3","6"
"poohfz","4","2","6"
"pooi","2","4","6"
"poojarya","3","3","6"
"pookiedookie","2","4","6"
"popo520","4","2","6"
"popovv26","2","4","6"
"portugasDace","3","3","6"
"posaune1220","3","3","6"
"Possador","3","3","6"
"postit","2","4","6"
"Posuda_na_zakaz","3","3","6"
"Potato_123","3","3","6"
"potatoscrub","4","2","6"
"Potsblitz","3","3","6"
"Pottermtr","3","3","6"
"PoVadim007","4","2","6"
"ppeloton","3","3","6"
"PPersson","4","2","6"
"pppuretone07","3","3","6"
"ppranav96","2","4","6"
"Prabhu1","3","3","6"
"pramodkuz","3","3","6"
"pranaga","2","4","6"
"pranav_mh","3","3","6"
"Pranav1056","3","3","6"
"Pranav1974","4","2","6"
"pranavg5dec","3","3","6"
"pranavsinghsingh","3","3","6"
"Prance","3","3","6"
"pranjalraj","3","3","6"
"pranjalsaraswat","2","4","6"
"Prassi0912","3","3","6"
"Pratham202","3","3","6"
"pratheek1993","4","2","6"
"Pratik7662","4","2","6"
"Pratish_t","2","4","6"
"PrayanInnovation","3","3","6"
"Pre816","4","2","6"
"preetamhegde","3","3","6"
"PRES900","3","3","6"
"president410","3","3","6"
"presidentbg","3","3","6"
"Primasenor","3","3","6"
"Primkulov","2","4","6"
"primp","4","2","6"
"Prince_madubandlela","4","2","6"
"Prince_Patel","3","3","6"
"prince567","3","3","6"
"Princess_Daniella","2","4","6"
"Princhess123","4","2","6"
"PriseAlex","2","4","6"
"pritesh19singh","3","3","6"
"private15","3","3","6"
"priyanshu_Indra","4","2","6"
"prkshn","3","3","6"
"Prkts14","4","2","6"
"Pro_20202021","3","3","6"
"pro_blora","4","2","6"
"Probability1","2","4","6"
"profehsc","3","3","6"
"Professor_24","2","4","6"
"ProfessorHipp","2","4","6"
"professort","2","4","6"
"ProffesorGaseous","3","3","6"
"Projectiled_king","3","3","6"
"Projectmanager21","2","4","6"
"ProlifePoland","4","2","6"
"propiesek","3","3","6"
"prosperperime","3","3","6"
"Prothanos","3","3","6"
"protoinsider","2","4","6"
"Prottego","3","3","6"
"PROVODA","2","4","6"
"Provokkator","3","3","6"
"Pryoslice","4","2","6"
"psaag","4","2","6"
"psimaks","3","3","6"
"psn1971","3","3","6"
"Psoidn","3","3","6"
"Psycho179","3","3","6"
"PsychoChess811","2","4","6"
"pthom","4","2","6"
"Ptiburdyukov","2","4","6"
"pucv","3","3","6"
"PuffinGudbud","3","3","6"
"pullakissa","4","2","6"
"Pulverizer1","3","3","6"
"Pumo","3","3","6"
"Pumpkin_1","3","3","6"
"punisher77","3","3","6"
"PunishIgnorance","3","3","6"
"Pupendo","3","3","6"
"PureSiamang6","3","3","6"
"purple_wellington","3","3","6"
"purpsmoke","3","3","6"
"PusheeKuratz","3","3","6"
"PUSHKAR_3981","2","4","6"
"Puwala","4","2","6"
"Puys69","4","2","6"
"PuzzleBeater","2","4","6"
"PVJacobs","2","4","6"
"PW2205E","4","2","6"
"PYauri","4","2","6"
"pychess07","3","3","6"
"PYNLR","4","2","6"
"pytin_hyulo","3","3","6"
"pzd060","4","2","6"
"q1950i","3","3","6"
"QAGilbertContado","3","3","6"
"qaher313313","3","3","6"
"Qaismj","4","2","6"
"qalochka55","3","3","6"
"qalrar","3","3","6"
"qarwin120","3","3","6"
"Qassss","4","2","6"
"Qatarr","3","3","6"
"Qbamed","4","2","6"
"qchesyk","2","4","6"
"QFO12","3","3","6"
"Qgorosha","1","5","6"
"Qiskskskwlqlslssskwk","2","4","6"
"qiwigeka","3","3","6"
"qminh2606","4","2","6"
"qmx777","4","2","6"
"quackz_2019","3","3","6"
"Qualigged","2","4","6"
"Qualsevolmatriu","2","4","6"
"Quangduy1001","3","3","6"
"Quarin","3","3","6"
"Quartuorquattuorque","4","2","6"
"Queen_2206","2","4","6"
"Queen_Whooper","3","3","6"
"Queenchess2003","3","3","6"
"queencloud","2","4","6"
"QueenFarah","3","3","6"
"QueenIceCream","3","3","6"
"Queensbambino","4","2","6"
"quelch","3","3","6"
"Quemuenchatocha","3","3","6"
"Quentin231","4","2","6"
"Queso3519","4","2","6"
"QuGrav59","2","4","6"
"quicksandrowboat","4","2","6"
"quickskills","3","3","6"
"quikke123","3","3","6"
"Quinquennial","2","4","6"
"Qwed33","3","3","6"
"QWERT0808","3","3","6"
"Qwerty_11","3","3","6"
"Qwerty8090","3","3","6"
"QWERTYUIO1219yy5","4","2","6"
"qynnchess","3","3","6"
"qzdrgyj","3","3","6"
"qziddl","3","3","6"
"qzus","3","3","6"
"R3Door","4","2","6"
"r4vens","2","4","6"
"R839046","2","4","6"
"rabindramoktan","3","3","6"
"Rabozo","3","3","6"
"Rachmaninov1901","5","1","6"
"rachomtbg","4","2","6"
"RachSecond","3","3","6"
"Raddithmannigar","2","4","6"
"Radek23","3","3","6"
"radiant007","3","3","6"
"RadicalRickRockinson","3","3","6"
"Radix-junior","2","4","6"
"Radmankaruf","3","3","6"
"Rado85","4","2","6"
"Radovan_Ubica","3","3","6"
"raed65","2","4","6"
"Raedtaleb","3","3","6"
"Rafa_2528","3","3","6"
"rafaelgamezdiaz","4","2","6"
"rafaello95","4","2","6"
"Rafaelzinxl","3","3","6"
"RAFASICILIANO","2","4","6"
"Rafelet60","2","4","6"
"raffealy","3","3","6"
"Rafieamir55","3","3","6"
"rafinhajiujitsu","2","4","6"
"rafledoc","4","2","6"
"Rafrouf","3","3","6"
"Raghava-k","4","2","6"
"raghavsan","3","3","6"
"Ragheb441","3","3","6"
"ragingtorrent","4","2","6"
"ragnarlothbrok013","3","3","6"
"Rahimov_Nurbek","4","2","6"
"rahmican13","4","2","6"
"rahul761","3","3","6"
"rahulbhatt","3","3","6"
"rahulsuresh28","3","3","6"
"Raimondddd","5","1","6"
"rainbow_merchant","4","2","6"
"rainbow_snake","5","1","6"
"Rainerxz","3","3","6"
"RainInTheFace","3","3","6"
"RainShower","3","3","6"
"RajaAnginnn","3","3","6"
"RajanGyanchandani","2","4","6"
"rajatr","3","3","6"
"rajee97","4","2","6"
"rajesh84","3","3","6"
"RajeshPaul","3","3","6"
"RajkumarRandive","3","3","6"
"Rajmari","3","3","6"
"rajnarap","3","3","6"
"rakan91","2","4","6"
"Raketo4ka","3","3","6"
"Rakshmith","3","3","6"
"ralph_117","2","4","6"
"RAM1836","3","3","6"
"rameshtk20","3","3","6"
"RamezB90","3","3","6"
"ramhare","2","4","6"
"Ramin_97","4","2","6"
"Ramiz_6236","2","4","6"
"rammjes","2","4","6"
"ramsanthosh","2","4","6"
"Ramses_Flores","3","3","6"
"RamsesGlez","4","2","6"
"ramybadr","3","3","6"
"ramzi87","2","4","6"
"Ranchotabatim","2","4","6"
"randfigur","3","3","6"
"RandomBadger","2","4","6"
"randomjoe7","3","3","6"
"RandomPlayer27","3","3","6"
"randompush","2","4","6"
"RankaisijaAlfa","2","4","6"
"Ranoga360","4","2","6"
"Ransar","2","4","6"
"Raowaqarakram","2","4","6"
"RAP10012w","3","3","6"
"RapArtest","4","2","6"
"rapidgator","3","3","6"
"Rappi93","3","3","6"
"rarate","3","3","6"
"RashidKatana","3","3","6"
"rashiedo2075","3","3","6"
"RasimNM","3","3","6"
"Rasnesu","3","3","6"
"Rasta2023","3","3","6"
"rasulovvugar","3","3","6"
"ratanin_vlad","2","4","6"
"Rathan12345","3","3","6"
"Rattan","3","3","6"
"RAU4ever","3","3","6"
"raul10","3","3","6"
"raulin2","3","3","6"
"raulito79","3","3","6"
"RAVAZES","3","3","6"
"Ravindra_Bansod","4","2","6"
"RavingRookie","2","4","6"
"rayansek","2","4","6"
"rayg_01","3","3","6"
"Raym0111","3","3","6"
"RayOneKa","3","3","6"
"Raz4","3","3","6"
"RAZOR7191","3","3","6"
"Razoumihine","3","3","6"
"rbenoy","4","2","6"
"RBlatov","3","3","6"
"rcifuentes","2","4","6"
"rcigrikci","3","3","6"
"RdpC","3","3","6"
"reaksion","3","3","6"
"RealAz","2","4","6"
"realchessplayer777","2","4","6"
"RealDragon30","3","3","6"
"RealHerter","3","3","6"
"realise","2","4","6"
"RebelRouser","4","2","6"
"reco32","3","3","6"
"Red_dino","2","4","6"
"Red_Mambo","3","3","6"
"Red-Ant","3","3","6"
"redaabdalftah","4","2","6"
"Redcap_1","3","3","6"
"RedGangle","3","3","6"
"Redlikeblue","3","3","6"
"ReeseOz","3","3","6"
"ReesetheBeast","1","5","6"
"reetish","2","4","6"
"refentse_jongman456","3","3","6"
"Referu","4","2","6"
"Reflex24","3","3","6"
"ReformedArudo","3","3","6"
"refutor","3","3","6"
"Reg170","2","4","6"
"reibre","4","2","6"
"Reikoda","4","2","6"
"reily_u","3","3","6"
"reindeer2016","3","3","6"
"reinier1983","3","3","6"
"Reinmaker","4","2","6"
"reitten","3","3","6"
"Rekcom","4","2","6"
"Remcovl","4","2","6"
"RemediosJimenez","4","2","6"
"Renan320","3","3","6"
"Rendiokta23","3","3","6"
"rene_jimenezz","3","3","6"
"ReneFreund","4","2","6"
"renessukka","3","3","6"
"RenKatsper","3","3","6"
"RenorTzy","3","3","6"
"Renot","3","3","6"
"Repentigny1","3","3","6"
"repla5e1","3","3","6"
"Reshetkov_Kirill","3","3","6"
"resortsworld","4","2","6"
"Respect92","4","2","6"
"Retired_and_Weak","4","2","6"
"RetroRH","3","3","6"
"Return_of_theking","3","3","6"
"reuj98","3","3","6"
"RexSuperLuck","4","2","6"
"ReyEnema","4","2","6"
"reyjedi","3","3","6"
"reyjohn481611","3","3","6"
"rezafisher","3","3","6"
"rezatorke","4","2","6"
"Rgdhr","3","3","6"
"rhalz","2","4","6"
"Rhedink","3","3","6"
"rhinegamer","3","3","6"
"rhyso19","3","3","6"
"ribak174","3","3","6"
"Riban0508","2","4","6"
"ric0o","3","3","6"
"rica_xxcaa","3","3","6"
"Ricardo_21","3","3","6"
"ricardoccr","3","3","6"
"RICH-1234","3","3","6"
"Richard_Loewenherz","3","3","6"
"RichardRoland","2","4","6"
"Rick94","1","5","6"
"rickdiesel","3","3","6"
"Rickhunter013","3","3","6"
"ricky1979","3","3","6"
"ricmaff","2","4","6"
"ricnallada","4","2","6"
"rifqi_azfar99","3","3","6"
"RIgel81","3","3","6"
"Rigoabi","2","4","6"
"Rijuraj","2","4","6"
"Rika2220","3","3","6"
"RikEvaos","4","2","6"
"Rile-Man","2","4","6"
"rillan7","3","3","6"
"Rinat199023","2","4","6"
"Ringo61","4","2","6"
"rio_pecos","5","1","6"
"Riomario","2","4","6"
"Rip_Day123my","3","3","6"
"Ripleyy","1","5","6"
"Rippr","3","3","6"
"RipSnorting","2","4","6"
"Riseofmustafa","4","2","6"
"rish_g","4","2","6"
"rishab_singh","2","4","6"
"rishab1999","3","3","6"
"RishabhY","3","3","6"
"Rishat80","4","2","6"
"Rishu2307","2","4","6"
"Rishvent","3","3","6"
"Risikoaffin","3","3","6"
"Riss01012001","3","3","6"
"riteshp3","3","3","6"
"Ritviknv","4","2","6"
"River_Otter","3","3","6"
"RivkySanjaya17","4","2","6"
"rjmaxnj","2","4","6"
"rkapoor","2","4","6"
"rkutty","2","4","6"
"RLCuwu","2","4","6"
"RLIR","4","2","6"
"RM1374","4","2","6"
"RM417","3","3","6"
"rmsagario19","2","4","6"
"rmzn_karaca","3","3","6"
"Rnrdvan25","4","2","6"
"RNybo","2","4","6"
"ro031188","2","4","6"
"roadto1890","4","2","6"
"RoadToGrandMa","3","3","6"
"RoadToVolvo","4","2","6"
"Robert_088","4","2","6"
"Robert51","4","2","6"
"RobertDowneySr","3","3","6"
"robertocavalieri","3","3","6"
"RobertoRAdeBarros","3","3","6"
"RobertSuelo","4","2","6"
"Robertus_23","2","4","6"
"RobH99","3","3","6"
"robi1950","3","3","6"
"Robin_Meinders","4","2","6"
"Robinsonahp","3","3","6"
"RobinsonHuso","3","3","6"
"robparalv","3","3","6"
"robpike","3","3","6"
"Robrook7","3","3","6"
"rochinhaufs","2","4","6"
"rockdamyk","3","3","6"
"rockingPJ","3","3","6"
"Rockstedy","4","2","6"
"Rocky_Marciano","2","4","6"
"RockyRod7","2","4","6"
"ROD1969","4","2","6"
"Rodes95","3","3","6"
"RodislavVq","3","3","6"
"rodrigo1208","2","4","6"
"rodrigo1612","3","3","6"
"rodrigogf4d74","3","3","6"
"Rodrirey","3","3","6"
"Rogue_Waz","3","3","6"
"Roham05","3","3","6"
"Rohit_imchess","4","2","6"
"RohitBhagat","3","3","6"
"Rohossho","3","3","6"
"RoiceX","3","3","6"
"RoiSimyoni31","3","3","6"
"Rojomayor","4","2","6"
"roketselami","3","3","6"
"Rokkit","4","2","6"
"rolanadi","3","3","6"
"Roll_King","2","4","6"
"Rollon2Ashu35","4","2","6"
"rolly9891","3","3","6"
"Rom1996","3","3","6"
"RomaBashiev","3","3","6"
"Romam123","3","3","6"
"Roman_1987","3","3","6"
"RomanBodnev","4","2","6"
"ROMANLA","3","3","6"
"romanov08","4","2","6"
"RomanSteblovskyi","2","4","6"
"romanteren","2","4","6"
"RomarioZ","3","3","6"
"romerito33","4","2","6"
"Romero62","5","1","6"
"Romerocas","4","2","6"
"RomeroChess","4","2","6"
"romka135","3","3","6"
"Romoluss","2","4","6"
"romova","4","2","6"
"ronak27","3","3","6"
"ronaldtorres1994","2","4","6"
"Ronano06","3","3","6"
"roniel1","3","3","6"
"Ronin_Akaya","3","3","6"
"Ronin0470","3","3","6"
"ronsu","3","3","6"
"ronwize","4","2","6"
"Rookie_Balboa","3","3","6"
"Rookie_player","2","4","6"
"Rookie_stupid","3","3","6"
"RookieAtA1","4","2","6"
"RookieEmin","3","3","6"
"RookJaNaJaDilTodke","3","3","6"
"Rooolll","4","2","6"
"roop1401","3","3","6"
"roptop007","4","2","6"
"roribbon","3","3","6"
"RoRo2001","3","3","6"
"Roromehtz","2","4","6"
"roromrl","2","4","6"
"roronunezr","3","3","6"
"Rosalee","2","4","6"
"RosarioMattiaL","2","4","6"
"rosiaq","3","3","6"
"rosthun","3","3","6"
"rosy96","3","3","6"
"Roudi1","3","3","6"
"RoViRaoFFiCiaL","2","4","6"
"roy03miller","3","3","6"
"royduck","3","3","6"
"royroyb","3","3","6"
"RPB03","3","3","6"
"rpsteffens","3","3","6"
"rr5773118","4","2","6"
"RRMaster6677","3","3","6"
"RRRRRRRANK1","3","3","6"
"rshah786","2","4","6"
"rsilverstein","3","3","6"
"rsp99","3","3","6"
"RsRyanP","3","3","6"
"RT2_118","3","3","6"
"rtyfd","2","4","6"
"ruben_96","2","4","6"
"Rubeniki","3","3","6"
"rubenmargaryan","3","3","6"
"Ruberval","3","3","6"
"RubicChess","4","2","6"
"Rubueno","2","4","6"
"ruck_fules","3","3","6"
"Ruckzuck236","3","3","6"
"rudyhi","4","2","6"
"RugbyUP","2","4","6"
"ruggedhead09","2","4","6"
"Ruggeromille","3","3","6"
"Rugolf","4","2","6"
"ruhrgold","3","3","6"
"ruke-m","2","4","6"
"ruli90","3","3","6"
"Rullyans","3","3","6"
"RumbleFish8","2","4","6"
"Rumilka","3","3","6"
"RumoJ","3","3","6"
"run0","3","3","6"
"runningdad","1","5","6"
"RunningTom","3","3","6"
"Runy777","3","3","6"
"rupertus81","2","4","6"
"rus_585","4","2","6"
"rusak","4","2","6"
"rushis","2","4","6"
"rushxp","3","3","6"
"Ruslan_Runde07","2","4","6"
"Ruslan1636","3","3","6"
"Ruslan19791707","4","2","6"
"RuslanM1985","3","3","6"
"rusliman2008","3","3","6"
"RussellFrege","2","4","6"
"rusureeric","3","3","6"
"RutardedUnicorn","3","3","6"
"RUTHLESS02","3","3","6"
"rutujasawkar1280","3","3","6"
"Ruzi01","2","4","6"
"rvkitic","3","3","6"
"RVLeander","3","3","6"
"rvpredator","3","3","6"
"rxxhn","4","2","6"
"RY35","3","3","6"
"Ryanmummy","3","3","6"
"Ryder24","4","2","6"
"RytraV","3","3","6"
"Rzkolnikov","3","3","6"
"s_arefi","2","4","6"
"s_kagan","2","4","6"
"s_m21","3","3","6"
"S_SAKAMBUKI","3","3","6"
"s0bakamazafaka","5","1","6"
"s1monj","3","3","6"
"S3MS","4","2","6"
"s4ndm4n","2","4","6"
"s4ng","3","3","6"
"S8x8chess","2","4","6"
"saaan_1367","3","3","6"
"Saallis","4","2","6"
"SABAN_CCN","4","2","6"
"sabersaw","3","3","6"
"Sabinchik","2","4","6"
"Sabuhi_09","3","3","6"
"Sabuj17","3","3","6"
"SacEverythingGambit","3","3","6"
"Sachingarg","3","3","6"
"sackbarrett","3","3","6"
"SackMaster","3","3","6"
"SacrificeTheGame3","2","4","6"
"SaddoukiYacine","3","3","6"
"SadisticKangaroo","3","3","6"
"sadrra1390","2","4","6"
"safebai","3","3","6"
"safision","4","2","6"
"sag0321","4","2","6"
"sagarkumar09","3","3","6"
"sagarshrivastava","2","4","6"
"sagunsh","4","2","6"
"saham0boy","3","3","6"
"sahilmarol","2","4","6"
"Said0105","2","4","6"
"Saidalngar25","3","3","6"
"Saidislomxon","2","4","6"
"Saieden","4","2","6"
"Saif-Tarar","3","3","6"
"saif2000","2","4","6"
"SaifAhmed","3","3","6"
"saintmatthewsotache","4","2","6"
"saiyajinnoouji","4","2","6"
"sajal007","4","2","6"
"sajalboss99","2","4","6"
"Sajjad1996","3","3","6"
"sajjadk1234","4","2","6"
"Sak1","4","2","6"
"sakersveen","4","2","6"
"Sakipaki","3","3","6"
"sakshamjaiswal","2","4","6"
"Sakuta07","3","3","6"
"Salaga001","4","2","6"
"salahlagnin","2","4","6"
"salidurmush","3","3","6"
"salih24","2","4","6"
"SalikhovAydar","2","4","6"
"Salil_Lokhande","3","3","6"
"salkin_8","3","3","6"
"Salohiddin2703","3","3","6"
"salomesnnnnyy","3","3","6"
"SalomonSH2","3","3","6"
"SaltyTuna","4","2","6"
"salvador_gutierrez","4","2","6"
"salvador90","3","3","6"
"SalvaGarciaRuiz","3","3","6"
"SALVMIN","3","3","6"
"sam-17","2","4","6"
"Sam16107","2","4","6"
"Sam9999","1","5","6"
"samalvh","3","3","6"
"saman2esm","3","3","6"
"samanparsi","3","3","6"
"Samaritan963","3","3","6"
"SamarthBuchade","4","2","6"
"Samartino78","3","3","6"
"Sambal","3","3","6"
"SAMBHRANT_07","4","2","6"
"samchi1214","3","3","6"
"samed21","3","3","6"
"SamedOlgun","4","2","6"
"samehmoko","2","4","6"
"samerino92","3","3","6"
"SAMET_2828","4","2","6"
"SametDemirbas","3","3","6"
"sametozfidan","3","3","6"
"sameul","3","3","6"
"sameul245","4","2","6"
"samfuller3477","3","3","6"
"samindia3110","3","3","6"
"Samirkhan0315","3","3","6"
"samirzhony","2","4","6"
"Samiyoo","3","3","6"
"samkapauka","3","3","6"
"samoht3355","2","4","6"
"Samozadar","4","2","6"
"Samrat096","3","3","6"
"SAMSON_IVAN","3","3","6"
"Samsung38","3","3","6"
"samsung77","3","3","6"
"SamTheBeast666","3","3","6"
"samuelc123","2","4","6"
"SamuelFORESTIERI","3","3","6"
"samury124","4","2","6"
"samutrentin","4","2","6"
"Sanchia","3","3","6"
"SANDEEP1909","3","3","6"
"sanders24","3","3","6"
"sandflying","4","2","6"
"sandorsch","3","3","6"
"SandraWIM","3","3","6"
"sandy006","4","2","6"
"sandzzz","3","3","6"
"Sangameah","2","4","6"
"Sangamnath1999","3","3","6"
"SaniduDpalliyaguru","3","3","6"
"sanj69","2","4","6"
"Sanjarbek0707","3","3","6"
"sanjaysutar786","2","4","6"
"sankajalor","3","3","6"
"sankalp_03","2","4","6"
"Sanki_Insaan123","3","3","6"
"sankum","3","3","6"
"sanoJ88","4","2","6"
"sansiro123","3","3","6"
"Santaigo2","3","3","6"
"SantelmoTore","2","4","6"
"Santest","4","2","6"
"santhosh83","2","4","6"
"santiagoC_Junin","4","2","6"
"santiagocdv","4","2","6"
"santiagop","3","3","6"
"santimaza86","3","3","6"
"SaraavanChess","3","3","6"
"Saravanasugan","3","3","6"
"Saraya111","3","3","6"
"sarbaz91","3","3","6"
"sarikaan","3","3","6"
"sart0","2","4","6"
"sartena","4","2","6"
"sarthak12","4","2","6"
"sarthaksingh2410","3","3","6"
"sarveshsankar","3","3","6"
"sas113d","2","4","6"
"SasaPetrovic","3","3","6"
"sascha170292","4","2","6"
"Saschko","4","2","6"
"sasha20051907","3","3","6"
"sasin87","3","3","6"
"sassy_iguana","3","3","6"
"Sasuke89","2","4","6"
"Sasuke99","2","4","6"
"sasyura5","3","3","6"
"satmat12","2","4","6"
"Satsanga","3","3","6"
"Sattang","3","3","6"
"SaudIsmail","3","3","6"
"SauravRoy12","3","3","6"
"Sauronovich","3","3","6"
"Sava2607","2","4","6"
"Savanets","2","4","6"
"SavaSl","3","3","6"
"SaveMeFr0mThisAbyss","2","4","6"
"savinsan","4","2","6"
"sawallo","3","3","6"
"sawosch","3","3","6"
"Saxcv0987","3","3","6"
"Sayandipchess02","2","4","6"
"SayeedHazim","3","3","6"
"SayHiJatin","2","4","6"
"sb_dz","3","3","6"
"sbansal","3","3","6"
"sbelete","3","3","6"
"sbm123","2","4","6"
"sbudacleaner","3","3","6"
"Sc196","3","3","6"
"ScacchierAzurza","3","3","6"
"scacchista83","2","4","6"
"Scaloances_Chess","4","2","6"
"scarface552","3","3","6"
"Scaryspice","4","2","6"
"sce90","2","4","6"
"Schach_Azubi","3","3","6"
"schach-kind","2","4","6"
"Schach-Schorle","2","4","6"
"schach135","3","3","6"
"Schachhauer","3","3","6"
"SchachMoinMaister","3","3","6"
"schack2","3","3","6"
"schardong_igo","4","2","6"
"Scheuni","3","3","6"
"schimmelpfennig","3","3","6"
"Schlitzohrmomo","3","3","6"
"schmelowszkydavid","3","3","6"
"schmooshie","4","2","6"
"schn0dda","4","2","6"
"schoeeart","3","3","6"
"schoolfun","3","3","6"
"Schuchardt1999","3","3","6"
"schwedischerKoch","3","3","6"
"Schwindlerslist","4","2","6"
"scilens","3","3","6"
"scipio84","3","3","6"
"Sciur","3","3","6"
"ScoobJr99","4","2","6"
"Scorpion5555","4","2","6"
"scottinbangkok","2","4","6"
"scp999","2","4","6"
"scrubmunch","3","3","6"
"sdh1024","4","2","6"
"SDKKNK","3","3","6"
"sdtmrt","3","3","6"
"se-14","3","3","6"
"SEA_372","4","2","6"
"Seamcake","3","3","6"
"seaself92","3","3","6"
"Seba8deJunio","2","4","6"
"sebabollero","3","3","6"
"Sebas0703","4","2","6"
"SebaSaez3","3","3","6"
"SebasMonroy","3","3","6"
"Sebastian1b","3","3","6"
"SEBASTIANEK","3","3","6"
"SebastianSong","3","3","6"
"sebavxx","3","3","6"
"Sebi-M","2","4","6"
"sebjas","3","3","6"
"SeBlack","2","4","6"
"sebpa","3","3","6"
"SebVC","3","3","6"
"Sebway123","3","3","6"
"secant","3","3","6"
"SecindBestMJ","3","3","6"
"secret99999","3","3","6"
"SedmayaZizha","3","3","6"
"SeentheGods","2","4","6"
"sefakaris","3","3","6"
"Sehaj077","3","3","6"
"seifkammar","3","3","6"
"Seilbay_Timur","2","4","6"
"Seixas56","4","2","6"
"seiyaa","4","2","6"
"Seiyachess01","3","3","6"
"SekiThisIs","3","3","6"
"seldianoiKOROL","4","2","6"
"Seleh0030","3","3","6"
"Selim1994_selim","1","5","6"
"sellelan","3","3","6"
"selleri11","4","2","6"
"selmanfeyz","1","5","6"
"Selo3838","3","3","6"
"SemaFast","3","3","6"
"semi24","3","3","6"
"SemihAysal","2","4","6"
"senior90","3","3","6"
"SenseOfFeeling","4","2","6"
"Senthiln","3","3","6"
"Senzavalia","2","4","6"
"Sepehr_61","2","4","6"
"Sepehrnabilo","4","2","6"
"seperjoshi05","3","3","6"
"SeppelSK10","3","3","6"
"Septiantomypratama","5","1","6"
"Serafeimkall","3","3","6"
"SERASKER","2","4","6"
"SERAVATTAVARES","2","4","6"
"sercaydin4","3","3","6"
"serch_bush","3","3","6"
"serega4453","3","3","6"
"serendipity78","3","3","6"
"Sereserpe","3","3","6"
"Serg23K","4","2","6"
"Sergei10","3","3","6"
"Sergey_Prokoshin","3","3","6"
"sergeybj","3","3","6"
"SergeySmirnov2001","3","3","6"
"SergeyV44","2","4","6"
"SeRgIo_gamer","3","3","6"
"SergZ51","3","3","6"
"serhii2021","4","2","6"
"Serial-Kitty","2","4","6"
"Sernau","2","4","6"
"Serpee","3","3","6"
"sersar64","2","4","6"
"SERTFALCO","2","4","6"
"ServerusRogue","3","3","6"
"Sesshi156","3","3","6"
"SethMk22R","2","4","6"
"sevenKAJ","3","3","6"
"sevensevenseven","3","3","6"
"sfarv","3","3","6"
"sfd73","3","3","6"
"SFHM1","3","3","6"
"sgampro","3","3","6"
"SGC_123","2","4","6"
"SgK412","3","3","6"
"SGMerin","3","3","6"
"SGMPua","2","4","6"
"sh13rus13","3","3","6"
"Shabalin_Dolbit","3","3","6"
"ShabiAdi","2","4","6"
"shaci","4","2","6"
"Shacke","2","4","6"
"shadim46","4","2","6"
"Shadowmonster1234","2","4","6"
"shafeekh1016t","3","3","6"
"shaffle","3","3","6"
"Shaft_Bender","3","3","6"
"Shaggy_03","2","4","6"
"shah7754shah","3","3","6"
"shahdipam","2","4","6"
"shahinnn","3","3","6"
"Shahmat_Chaturanga","3","3","6"
"shahryar_del","3","3","6"
"Shail88","3","3","6"
"shakiene","3","3","6"
"shakkamakka","3","3","6"
"shakmaev","3","3","6"
"Shakurskiy_Maxim","3","3","6"
"ShalnarkB","3","3","6"
"Shalom1963","3","3","6"
"shalste2","4","2","6"
"sham_haidi82","2","4","6"
"Shambles2707","3","3","6"
"Shamil778","4","2","6"
"shams1995","3","3","6"
"shamshadpk","3","3","6"
"shanekaustin","3","3","6"
"Shaposhnikov_A","3","3","6"
"sharapov_av1502","3","3","6"
"SharipovDG_19TOGS","3","3","6"
"shark1711","3","3","6"
"SharmaBulandshahri","3","3","6"
"Sharvilpawar","3","3","6"
"Shashi_K","3","3","6"
"Shashwat_Kumar","3","3","6"
"shatirkhiladi","3","3","6"
"shaunbro","3","3","6"
"shauryabvn","3","3","6"
"Shavelieva","3","3","6"
"shay32","2","4","6"
"ShaYrott","3","3","6"
"shbnkr7","3","3","6"
"SHeart","3","3","6"
"Sheffner","3","3","6"
"sheilar","3","3","6"
"sheill","2","4","6"
"sherzod1509","3","3","6"
"Shezaad","4","2","6"
"shiggyrodrieguez","3","3","6"
"Shijith000","3","3","6"
"Shikamu","3","3","6"
"shimianto","2","4","6"
"ShinichiKud","3","3","6"
"SHINTOHIMURA","3","3","6"
"shisui025","3","3","6"
"shiva_62003","2","4","6"
"shivam2509","3","3","6"
"shivi0764","3","3","6"
"ShivSingh25","3","3","6"
"SHKirillSH","3","3","6"
"Shmeebo","1","5","6"
"Shmishster","2","4","6"
"shms200","3","3","6"
"shnakz","3","3","6"
"shobi_bobi","3","3","6"
"ShocksnStares","3","3","6"
"shodvit","3","3","6"
"Shol17","2","4","6"
"Shonnytoba","3","3","6"
"ShortEgg","4","2","6"
"shrek2stan","3","3","6"
"shreyanxxh","3","3","6"
"Shreyas1213","4","2","6"
"Shrida18","3","3","6"
"shrijoshi1975","4","2","6"
"shrimppuffs","3","3","6"
"shripad_choudhari","2","4","6"
"ShriRaajkhaanth","3","3","6"
"shrom22","3","3","6"
"shroomsnarnia","3","3","6"
"Shrut005","3","3","6"
"shubhamdhakate","2","4","6"
"shubieddy","3","3","6"
"shyam_2023","4","2","6"
"Shyamkhint24","3","3","6"
"Shyamrrs","4","2","6"
"Shyamthakur456","3","3","6"
"Siava","3","3","6"
"SiberianCheckmate","2","4","6"
"Sibullaev","4","2","6"
"sickfeely","3","3","6"
"sicvhb","4","2","6"
"sid034","4","2","6"
"Siddhnayak","3","3","6"
"siddu_2909","4","2","6"
"SidneyEsteron","3","3","6"
"Sidoski","3","3","6"
"sidpai","4","2","6"
"sidsd","3","3","6"
"Siebiakin","3","3","6"
"SifuLee","2","4","6"
"Sigognac","3","3","6"
"Sigplays","4","2","6"
"sigrex","5","1","6"
"sigtm","3","3","6"
"Sijobhai","3","3","6"
"Silvano1","4","2","6"
"SILVERKEVIN","3","3","6"
"silvinho1981","2","4","6"
"SimaStark","3","3","6"
"Simo88","4","2","6"
"Simon_the_Zealot","3","3","6"
"SimonRa10","3","3","6"
"Simonsasan","3","3","6"
"Simosaurus","3","3","6"
"SimpleManBoba","4","2","6"
"simply_brother","3","3","6"
"Simwalance","3","3","6"
"sinazare","3","3","6"
"sindibad2","3","3","6"
"Sindrom_Dauna","3","3","6"
"sinearte","2","4","6"
"SingHas","3","3","6"
"sinip","3","3","6"
"sinister88","2","4","6"
"sipho234","3","3","6"
"sipkop2","3","3","6"
"sireypo","3","3","6"
"SirFaSunnyBoy","3","3","6"
"SIRIUS12","3","3","6"
"SirManwich","2","4","6"
"SirPhiI","3","3","6"
"sirqmis","2","4","6"
"SisterAbigail80","2","4","6"
"sivasubramaniam64","2","4","6"
"sixf0ur","3","3","6"
"Siyahinci","3","3","6"
"SIZWE001","3","3","6"
"Sjakk_Matt_Damon_420","4","2","6"
"sjooblom","2","4","6"
"skagosi","4","2","6"
"skamalraj","3","3","6"
"skandalaros","4","2","6"
"Skando","3","3","6"
"skapilavastu","3","3","6"
"SkelligMichael","3","3","6"
"sketret","2","4","6"
"Skib1_du_lablab","3","3","6"
"skirazer","2","4","6"
"Skobagare","3","3","6"
"skrackoedlan","1","5","6"
"skrrBOP","2","4","6"
"skrypnik","3","3","6"
"SKubrick1971","4","2","6"
"skupiii69","3","3","6"
"skuzmi4","3","3","6"
"sky_1996","3","3","6"
"Skyrocker1000","4","2","6"
"slashrei","3","3","6"
"SlatBanWallah","3","3","6"
"Slav9k","3","3","6"
"SlavaYa","3","3","6"
"slavik1975","4","2","6"
"Slavo12","3","3","6"
"SleepingBeauty1","4","2","6"
"SleepySalad","2","4","6"
"slendaman","3","3","6"
"Slendrix","5","1","6"
"Slhyer","3","3","6"
"SlicerLice","4","2","6"
"SlickTumi","3","3","6"
"SLMNG11","4","2","6"
"Slorena","3","3","6"
"slow_pawn_attack","3","3","6"
"slowchessfan","1","5","6"
"SlowestManAlive_21","4","2","6"
"SLsangtam176","3","3","6"
"Slurpy15243","3","3","6"
"Slydo","2","4","6"
"slye76","3","3","6"
"smaku19","3","3","6"
"smannan","2","4","6"
"Smarty003","3","3","6"
"smarvaaaaa","4","2","6"
"smerdiakof","3","3","6"
"SmilingKarpov","4","2","6"
"Smirnov_Dima_06","3","3","6"
"SmokePurpp420","3","3","6"
"smpmme","2","4","6"
"smruti00009","2","4","6"
"snagglet00th","3","3","6"
"SnakeUnlimited","4","2","6"
"snaksje","3","3","6"
"snalcer","3","3","6"
"Snavy7","4","2","6"
"SneakyTurtle01","3","3","6"
"Snesim","4","2","6"
"SNgobese","4","2","6"
"Snickers86","4","2","6"
"Snipzgemron","3","3","6"
"SNN25","3","3","6"
"SnoopyDooper","2","4","6"
"snowflake13e","3","3","6"
"SoberMaster","3","3","6"
"SOBrien","2","4","6"
"Soc1opath","3","3","6"
"socjol58","2","4","6"
"sodhiz1","3","3","6"
"Sofer","3","3","6"
"Sofiaa007","4","2","6"
"SofiloveDidi","3","3","6"
"softwarehopper","2","4","6"
"soham_patil_2003","3","3","6"
"SoKaNaRi","2","4","6"
"Sokolll","4","2","6"
"SOLATI","4","2","6"
"Soleo","3","3","6"
"Solide211","3","3","6"
"Soloartistas","3","3","6"
"Solomon_Scorp","3","3","6"
"solomongrand","2","4","6"
"Soltanoff2015","3","3","6"
"somebishop","3","3","6"
"someboi","3","3","6"
"SomeWhoCallMeTIM","4","2","6"
"sonchess22","3","3","6"
"Soneira","3","3","6"
"SonGok","3","3","6"
"sonmahikan","3","3","6"
"Sonny8_FBI","3","3","6"
"Soopik","3","3","6"
"soorriin","3","3","6"
"sorashiro","4","2","6"
"soria-ipn","4","2","6"
"sorjac","3","3","6"
"Sorpresa","3","3","6"
"sorrowoo","3","3","6"
"SorryForMyNoobisme","3","3","6"
"sorryimneww","3","3","6"
"sory1o1","3","3","6"
"Sot_56","2","4","6"
"SotomayorCede","4","2","6"
"SoulButRED","3","3","6"
"SoulFrancky","4","2","6"
"souli1","2","4","6"
"Sour_cookies","3","3","6"
"Sourabh_in","2","4","6"
"souri1420","2","4","6"
"Souro46","2","4","6"
"Souvik_62","3","3","6"
"Soypeje","3","3","6"
"soyutcebir","3","3","6"
"sp-one","5","1","6"
"Sp-x","3","3","6"
"sp789","3","3","6"
"SpaceDriedVest","3","3","6"
"spacemax","3","3","6"
"SpanglyObject","3","3","6"
"spapachariton","3","3","6"
"Spardra","3","3","6"
"Spasoje82","4","2","6"
"SpasTsvetkov","3","3","6"
"spatula11","2","4","6"
"spbxr","3","3","6"
"SpecialK1114","2","4","6"
"Specter7","5","1","6"
"Spencerman64","3","3","6"
"spenx_ik","3","3","6"
"spetermasik","4","2","6"
"Spf8","3","3","6"
"SpidermanGs","3","3","6"
"spinningdogchess","3","3","6"
"spiritcaller","3","3","6"
"spirtion","3","3","6"
"Spitxfire","2","4","6"
"SpookySteven","3","3","6"
"sporky","4","2","6"
"SpottedOwl72","3","3","6"
"Sprayem","4","2","6"
"SPrayitno","3","3","6"
"sprcow","2","4","6"
"SprengStoff","3","3","6"
"spring_broz","3","3","6"
"springergg1","3","3","6"
"SpryFerret","3","3","6"
"SpryKing","3","3","6"
"spsyea","2","4","6"
"spuck","3","3","6"
"Sputnik_Monroe","3","3","6"
"sqerl","3","3","6"
"Squad1647","3","3","6"
"squated","3","3","6"
"squid0110","3","3","6"
"Squizux","3","3","6"
"srb96","3","3","6"
"Srdja1234","3","3","6"
"Srdjan81","4","2","6"
"sree_jesh","3","3","6"
"sreenivasy","3","3","6"
"srhhde","3","3","6"
"Srikantan","1","5","6"
"SrinithinRajkumarg","3","3","6"
"srinivasareddymutyam","4","2","6"
"sruiz","3","3","6"
"srujan90","2","4","6"
"ssanctum","3","3","6"
"ssavvides","3","3","6"
"sshh","2","4","6"
"sshh7722","4","2","6"
"ssmilovan","2","4","6"
"SSSF","4","2","6"
"ssuupz","3","3","6"
"st_der_fahrer","3","3","6"
"st-ph-n","2","4","6"
"Stalinou","3","3","6"
"stamulla360","3","3","6"
"Standard_Username","4","2","6"
"StanGoodman","4","2","6"
"Stanislac","3","3","6"
"StarAliStar","3","3","6"
"StarBoY31","4","2","6"
"stargirl54","3","3","6"
"Starlit34","3","3","6"
"starshervesh_0976","2","4","6"
"stas0904","4","2","6"
"Stas1981","2","4","6"
"Stasism","2","4","6"
"StasNepo","4","2","6"
"stavr1","3","3","6"
"steasfn2038","3","3","6"
"steban","3","3","6"
"steeltitan98","3","3","6"
"Steemers","3","3","6"
"Stefan_Stoe","3","3","6"
"StefanIlic","4","2","6"
"StefanosTS","4","2","6"
"Steinar71","4","2","6"
"stek38","3","3","6"
"stelios_ant","3","3","6"
"Step1987","2","4","6"
"stepback88","3","3","6"
"Stepfc","3","3","6"
"stephanitis","3","3","6"
"stepresponse","3","3","6"
"steve3rom","3","3","6"
"Steveg654","3","3","6"
"STEVER","4","2","6"
"Stevieblunder4","4","2","6"
"StevieDellow","4","2","6"
"stewie75","2","4","6"
"Steyn_m","4","2","6"
"stifler2930","3","3","6"
"stillwitdadawgs","3","3","6"
"Stivmd","3","3","6"
"stJINciNOX","3","3","6"
"stkr","4","2","6"
"stmu","3","3","6"
"stobbej","3","3","6"
"stochastic_move","3","3","6"
"stockfish1064POPCNT","2","4","6"
"StojkoSisa","3","3","6"
"Stojnov","4","2","6"
"Stoneonmars","4","2","6"
"Stoo4","3","3","6"
"Storm_Fury","2","4","6"
"stormspirit856","2","4","6"
"Story_1953","2","4","6"
"Strafecke","3","3","6"
"straightouttaSE","5","1","6"
"Strange83","3","3","6"
"StrategosAutokrator","3","3","6"
"StrategusBot","3","3","6"
"striker450","3","3","6"
"StringTheoryIsWrong","4","2","6"
"student_xxx","3","3","6"
"studentJR007","3","3","6"
"Stullenandi","4","2","6"
"stultiloquence","2","4","6"
"StumpJunkman","1","5","6"
"stwa","3","3","6"
"stwupton","2","4","6"
"STygeNT","3","3","6"
"su12233Ggh","3","3","6"
"su76m","3","3","6"
"suayaytekin","2","4","6"
"Subair","3","3","6"
"subha_93","2","4","6"
"Subodh_bodhi","3","3","6"
"subrata9","2","4","6"
"SubSingle","3","3","6"
"subteacher2","3","3","6"
"subtl3kn1f3","3","3","6"
"Subzero16","3","3","6"
"suckido","3","3","6"
"Sudarnoe","4","2","6"
"sudoknair11","3","3","6"
"Sufflum","3","3","6"
"sugarshow14","3","3","6"
"sugs","3","3","6"
"Suhrab77","2","4","6"
"SuitsYouSir","3","3","6"
"SujalJain","3","3","6"
"sujilchirayath","4","2","6"
"Suleiman001","3","3","6"
"SuliAbuBakr","3","3","6"
"Suloo","3","3","6"
"Sultan_Sam","3","3","6"
"Sultan85","4","2","6"
"Sultanbek04","3","3","6"
"Sumedh9","3","3","6"
"sumith1997","3","3","6"
"SummerSolstice23","2","4","6"
"SUN-tzu_34","3","3","6"
"Sundster","3","3","6"
"Sunekkkgraff","3","3","6"
"Sunilkjc2000","3","3","6"
"sunnharsh","3","3","6"
"sunset1302","3","3","6"
"super_gamer","3","3","6"
"Superbud17","4","2","6"
"supercarl213","3","3","6"
"SuperGabri","4","2","6"
"Superio","3","3","6"
"superKrutoy","2","4","6"
"superleggs2","4","2","6"
"superluminalphoton","3","3","6"
"superswaggin","3","3","6"
"suprasistema","3","3","6"
"Supreeem","2","4","6"
"supriadipangkep","3","3","6"
"surajrajwani1983","3","3","6"
"Suren_B","3","3","6"
"suresh197kumar","3","3","6"
"surfermsc1234","3","3","6"
"surPhone","4","2","6"
"Surya55605","3","3","6"
"Sushantrreigns","4","2","6"
"sutho","3","3","6"
"Suzonic","3","3","6"
"SvbZer0","2","4","6"
"svdr","2","4","6"
"SvenKa64","2","4","6"
"SviridovSergey","3","3","6"
"svrcvstro","3","3","6"
"Swagato_W","3","3","6"
"SwagOnDaBeat","3","3","6"
"swanity","4","2","6"
"swapnil-99700","3","3","6"
"swapnil447","2","4","6"
"swathi6480","2","4","6"
"Sweepner","4","2","6"
"sweetbeesrb","4","2","6"
"SwiftKira","4","2","6"
"swillhand","3","3","6"
"Swindlerke","3","3","6"
"swogmog","4","2","6"
"swtgeorge","3","3","6"
"sxript","3","3","6"
"sylvainleduc","4","2","6"
"syonchugh","3","3","6"
"syschos","4","2","6"
"SyzrkS1","2","4","6"
"SZ5","3","3","6"
"Szachmat20","2","4","6"
"SzachowyMiszcz","3","3","6"
"SZiaee","3","3","6"
"szmulig","3","3","6"
"T0304","3","3","6"
"t0talite","3","3","6"
"T3ML55","3","3","6"
"t6nis_tuur","3","3","6"
"T70RST","2","4","6"
"T94","3","3","6"
"TablaPeriodica","3","3","6"
"tablebasse","3","3","6"
"Tabo19","3","3","6"
"Tacendaa","2","4","6"
"tacobot","2","4","6"
"Tactician-Tal07","2","4","6"
"Tadanian","3","3","6"
"tadeus_volakia","3","3","6"
"Taed","4","2","6"
"taelor","2","4","6"
"Tafseer","4","2","6"
"taga97","3","3","6"
"taguigchessmate","3","3","6"
"Taha_natour","3","3","6"
"taha_said48","3","3","6"
"taha-2019","3","3","6"
"Taha-77","4","2","6"
"Taha1729","2","4","6"
"taha234","4","2","6"
"Tahanazeri93","4","2","6"
"taher_jr","3","3","6"
"taipan90","4","2","6"
"tait3131","3","3","6"
"Tajlung","3","3","6"
"takemybish","3","3","6"
"taker","3","3","6"
"TakeshiChess","2","4","6"
"takingpieces","4","2","6"
"takioo","3","3","6"
"takos25","2","4","6"
"tallatambllet","3","3","6"
"tallen80","3","3","6"
"tallguychess","2","4","6"
"TaMaaM","4","2","6"
"Tambovtsev_Ivan","4","2","6"
"tamer_alsulayyah","3","3","6"
"tamik1339","3","3","6"
"tamimalam4444","4","2","6"
"TamirISR","3","3","6"
"Tamond","3","3","6"
"TamTamidog","3","3","6"
"Tangina_awit","3","3","6"
"tanguyforest","2","4","6"
"Tania246","3","3","6"
"tanjunior","4","2","6"
"tankthinks","4","2","6"
"TannerMock","3","3","6"
"tanochess","3","3","6"
"tantan96","3","3","6"
"Tante_Gundi","4","2","6"
"Tanveer2620","4","2","6"
"Tanvich","4","2","6"
"TapaBlanca","3","3","6"
"Tapu_KePapa","3","3","6"
"Tarasenko_Vladimir","2","4","6"
"TARASIC","3","3","6"
"targe_2001","3","3","6"
"TarkovSweat","2","4","6"
"tarodsim","3","3","6"
"Taron7777","3","3","6"
"Taronyagi","4","2","6"
"TarsoGil35","3","3","6"
"tarunkaushik","3","3","6"
"tato2809","3","3","6"
"Tatteo","2","4","6"
"Taturos","3","3","6"
"taulajoe","2","4","6"
"tavetius","2","4","6"
"Taxi4912","3","3","6"
"taylantrc","3","3","6"
"TaZerxZ","3","3","6"
"TazinAhsan","3","3","6"
"Tazz11","2","4","6"
"Tbatista","2","4","6"
"Tc_KsCa1","2","4","6"
"TC11TC","4","2","6"
"tcaycix","2","4","6"
"tdibaja","3","3","6"
"tdubb12","3","3","6"
"TeachableIam","3","3","6"
"teamcalzone","3","3","6"
"tearone","3","3","6"
"teashuttyftw","2","4","6"
"tedancheta","2","4","6"
"TEDD98","4","2","6"
"Teejay1511","3","3","6"
"teja_rishi","2","4","6"
"Temidayojob","3","3","6"
"tempId007","3","3","6"
"ten_jacek","3","3","6"
"Tenacious-D","4","2","6"
"Tenisas","3","3","6"
"tenshiss","3","3","6"
"tentrillion","4","2","6"
"tentypzjeb","3","3","6"
"Teodoro1708","4","2","6"
"TeoPaco","2","4","6"
"teotsalteo","3","3","6"
"Tequila2p1","2","4","6"
"TequilaBlanco13","2","4","6"
"Teraminx","2","4","6"
"TeriqNatty","3","3","6"
"Terrace_Palace","2","4","6"
"TerryCruiseMissle","3","3","6"
"Tess_Ale","4","2","6"
"tessio","4","2","6"
"TessyO","2","4","6"
"Tetiksh1Agrawal","3","3","6"
"teunaldinho","2","4","6"
"Texe007","3","3","6"
"Texug0","2","4","6"
"TFA1939","2","4","6"
"TFT89","3","3","6"
"th_pion","2","4","6"
"thabien","2","4","6"
"Thagino","4","2","6"
"Thanda199","3","3","6"
"thangapandiyan","3","3","6"
"Thanh_resident","3","3","6"
"thanhcong6Bcuonggian","3","3","6"
"thanhnguyen-sea","4","2","6"
"Thanos_With_5_Stones","2","4","6"
"ThatBadCat","3","3","6"
"thatlookinchuckseye","3","3","6"
"ThatoGersonSelema","4","2","6"
"THCF_2020","3","3","6"
"The_Goat10","3","3","6"
"the_harsh","3","3","6"
"The_invictus93","4","2","6"
"The_Mave_Smith","2","4","6"
"The_slayer_1982","3","3","6"
"The_Soviet_Machine","2","4","6"
"THE-RAVENOUS-WOLF","3","3","6"
"theabomb","2","4","6"
"Thebigjammer","4","2","6"
"theblindbat","3","3","6"
"TheBrownSausage","4","2","6"
"thecastlemator","3","3","6"
"thechessgamess","2","4","6"
"TheChessGoat","3","3","6"
"TheCrazyAfrican","3","3","6"
"thediamondme","3","3","6"
"thedrowranger","4","2","6"
"theduncman68","3","3","6"
"Thee-whooper","4","2","6"
"TheEmpireZ","2","4","6"
"thegamlion","3","3","6"
"TheGarratt","3","3","6"
"TheGodFather3","3","3","6"
"TheHiddenLayer","3","3","6"
"thejasonbrown","3","3","6"
"theking0205","3","3","6"
"thekkkkkk","3","3","6"
"TheKnight_WhoSays_Ni","4","2","6"
"TheMadEmu622","3","3","6"
"theman25","3","3","6"
"TheMaster387","2","4","6"
"TheMessiahh","3","3","6"
"TheMusicProject","3","3","6"
"TheMustangAct","3","3","6"
"TheoLego","2","4","6"
"theomniking0","2","4","6"
"theoreticus","2","4","6"
"ThePaniniHead","3","3","6"
"ThePreature","3","3","6"
"ThePrestigeV","3","3","6"
"TheRainCloud1","3","3","6"
"TheRealJohnDoe123","3","3","6"
"TheReaper4k","4","2","6"
"TheRedMenace","4","2","6"
"Therehan","2","4","6"
"therenmusk","4","2","6"
"thermomax1990","3","3","6"
"Therneel","3","3","6"
"TheSanDiego","3","3","6"
"theseventhseal7","2","4","6"
"TheShadoWizard","2","4","6"
"thesjryzjnhdztyjxf","3","3","6"
"TheSkipperr","3","3","6"
"TheSooperman","3","3","6"
"TheSpanishInfluenza","4","2","6"
"thestench","3","3","6"
"thetrueinc","4","2","6"
"TheTurkish","3","3","6"
"theusernametaken","3","3","6"
"Thewc","3","3","6"
"thewinner00","4","2","6"
"theyerdal","3","3","6"
"Thiagopechito","3","3","6"
"Thiagostuch","3","3","6"
"Thibz56","3","3","6"
"Thimalie","3","3","6"
"ThinkerOfWhat","3","3","6"
"ThinkMoreOften","4","2","6"
"ThirdStrike3","2","4","6"
"THJr","2","4","6"
"Thomas_chess1","3","3","6"
"Thomas723","2","4","6"
"ThomasFH","4","2","6"
"Thomasshelby36","2","4","6"
"thomaswendling","3","3","6"
"thor10017","3","3","6"
"thousandmoon","3","3","6"
"thunderblue99","3","3","6"
"Thure97","2","4","6"
"thx_x0h","2","4","6"
"Thystro","4","2","6"
"tiamat","2","4","6"
"Tibbarregor","3","3","6"
"tibi74","4","2","6"
"Tiboleplusbo","3","3","6"
"ticotaco","2","4","6"
"TicTacRulz","2","4","6"
"TiemeV","3","3","6"
"Tifaaa","2","4","6"
"TiFi","3","3","6"
"tiger12","3","3","6"
"tigerlouiejr","2","4","6"
"tigershark15","3","3","6"
"TIGR11","3","3","6"
"tigredorado","4","2","6"
"tigri110","4","2","6"
"Tilektes96","4","2","6"
"Tillcito","3","3","6"
"Tillou","3","3","6"
"tim_messenger","3","3","6"
"Tim-mega","2","4","6"
"tim-thor","3","3","6"
"Tim4ik24","3","3","6"
"Tim997","2","4","6"
"tima3721","3","3","6"
"Timah03","3","3","6"
"TimaKuzminskiy456","3","3","6"
"timanaisnotamunch","1","5","6"
"TimChris","3","3","6"
"time_mv","2","4","6"
"time-o-metre","3","3","6"
"TimeT3","3","3","6"
"timisplump","4","2","6"
"timka_mk","3","3","6"
"Timobett2Shine","2","4","6"
"Timofeytry","3","3","6"
"TimothyMutsikwi","2","4","6"
"Timtimee","4","2","6"
"Timur_Ivanov","1","5","6"
"TimurLamur","3","3","6"
"Timyr2312","2","4","6"
"Tinkard","3","3","6"
"Tinker_bell","2","4","6"
"Tintirito","3","3","6"
"Tipee","4","2","6"
"Tired_Idealist","2","4","6"
"tiredMode","3","3","6"
"tiscka","3","3","6"
"titan59","4","2","6"
"Titanfox","3","3","6"
"titodlv11","3","3","6"
"Titojoe","2","4","6"
"Titup007","2","4","6"
"TitusMcLovin","3","3","6"
"tixon_10","2","4","6"
"tizian0","4","2","6"
"tj_allemaal","4","2","6"
"Tj4bb3","3","3","6"
"tk780277","3","3","6"
"Tkachiev","4","2","6"
"TKS-ATX-ZaneK","4","2","6"
"TLuciano200","4","2","6"
"tmajayan","4","2","6"
"tncydmn","3","3","6"
"tnkted","3","3","6"
"tnt4brain1","3","3","6"
"to_brad","3","3","6"
"toadsroad","3","3","6"
"tobiyatche","3","3","6"
"Tobizzle","4","2","6"
"tobtim","3","3","6"
"TobyJohnKenobe","2","4","6"
"Tobyyy_to","3","3","6"
"todfod","4","2","6"
"toeftoef","2","4","6"
"toffatoget","3","3","6"
"tofigh69","3","3","6"
"tofuhello","2","4","6"
"ToinDoido","3","3","6"
"TokagerohGnorc","2","4","6"
"tokiog","2","4","6"
"toklaww","3","3","6"
"tokspats","3","3","6"
"tolezet","3","3","6"
"tolgatea","3","3","6"
"Tolik19798","3","3","6"
"tolya56","3","3","6"
"Tom_NYC","3","3","6"
"Tom2E","4","2","6"
"tomas_r_a","3","3","6"
"Tomas411","3","3","6"
"Tomasssss25","3","3","6"
"tomattillo","3","3","6"
"tomaz2002","3","3","6"
"Tomdi10n","2","4","6"
"tomed","3","3","6"
"tomieboy","3","3","6"
"Tomiwa_Ay","3","3","6"
"tommygoris12","2","4","6"
"TommySalamski","3","3","6"
"Tomorob","2","4","6"
"TomRed","4","2","6"
"tomtosso","3","3","6"
"TonAlmeida","2","4","6"
"Tonatiuh_TL","3","3","6"
"toni_grial","3","3","6"
"tonikensa","4","2","6"
"tonio67","2","4","6"
"Tonkoystanec","4","2","6"
"Tonky1998","3","3","6"
"tonycops","3","3","6"
"Tonydf74","2","4","6"
"TONYKEN","4","2","6"
"tonyucampione","3","3","6"
"tonyxyou","3","3","6"
"toonoobforu","3","3","6"
"Tooom_ch","3","3","6"
"TooSTRONGandTooFAST","3","3","6"
"top_cat_matroskin","3","3","6"
"topgun01","3","3","6"
"TOPplayer45664","4","2","6"
"ToppleTheKing","3","3","6"
"topwobble","4","2","6"
"torbfr","3","3","6"
"TORGEha","3","3","6"
"Tormento23","3","3","6"
"Torregoldblack","3","3","6"
"Torresh","4","2","6"
"tortorichie","3","3","6"
"ToshioTabushiUtetaki","3","3","6"
"TotallyRadBrad","3","3","6"
"Totormusclor","3","3","6"
"toxicated","3","3","6"
"tpaskach","3","3","6"
"Tqhreal","3","3","6"
"tractatus1","4","2","6"
"TraineeAccount","2","4","6"
"Tralicef","3","3","6"
"Tranquilo221","2","4","6"
"Trapago","3","3","6"
"TrapDanya","2","4","6"
"tratadogeneral","3","3","6"
"Traveleye","3","3","6"
"Travotraher","4","2","6"
"Traxler72","3","3","6"
"TREASURER59","3","3","6"
"Tresito","3","3","6"
"tresseguidasC","3","3","6"
"TrevorM","2","4","6"
"Tribal-Chief","4","2","6"
"Tricky_king","4","2","6"
"trickynick","3","3","6"
"Trid3nt","4","2","6"
"tril0b1t","2","4","6"
"trillyking","3","3","6"
"trinatf33","3","3","6"
"Trini27","3","3","6"
"Tripl_M","2","4","6"
"Tripolo_ishere","3","3","6"
"Tristan3d7y","4","2","6"
"Troian_Zahar","4","2","6"
"TRONIK07","3","3","6"
"Tronious","3","3","6"
"tropicana600","3","3","6"
"tropie","3","3","6"
"Trotsky66","3","3","6"
"TrotzdemJaZumLeben","4","2","6"
"TroutBum","2","4","6"
"True_Chess","4","2","6"
"truepman01","5","1","6"
"TrumpH","3","3","6"
"truongnguyenphong010","3","3","6"
"TryAgain2023","3","3","6"
"trynnamate","3","3","6"
"tsering","2","4","6"
"TsheringD","3","3","6"
"tsjektsjek","4","2","6"
"tsorts","4","2","6"
"tsuefa","3","3","6"
"Tsulander1977","3","3","6"
"tsyrensang","3","3","6"
"TT19941995","3","3","6"
"ttj041","5","1","6"
"Ttlasdxd","3","3","6"
"Tu_948","3","3","6"
"TUchesss","4","2","6"
"TucTucTuc","2","4","6"
"tuerda","3","3","6"
"Tuerer","3","3","6"
"Tuff1aha","3","3","6"
"Tuma","3","3","6"
"TunaAndCereal","2","4","6"
"tuoppimas","3","3","6"
"TupacBlastin","3","3","6"
"tupooflex","3","3","6"
"turbothecat","4","2","6"
"turhansi","3","3","6"
"Turkishdelight123","3","3","6"
"turksal","4","2","6"
"Tutokov","3","3","6"
"twerbenji","2","4","6"
"Twilight_Eclipse","2","4","6"
"Twinsen44","3","3","6"
"twinsila","4","2","6"
"Twistthethorn","4","2","6"
"TwixMix","3","3","6"
"TwiXxViDz","4","2","6"
"txemari","3","3","6"
"Tyberius76","3","3","6"
"tyfn54","3","3","6"
"Tyl3r_D3rd3n","3","3","6"
"Tyler19961022","1","5","6"
"TylerCundiff","3","3","6"
"TylerPoelker","3","3","6"
"tylersmiler99","3","3","6"
"TYLKOV","3","3","6"
"TyrantNeptune","4","2","6"
"tyruei","2","4","6"
"u10r","4","2","6"
"uannatgaming","3","3","6"
"UBachur","5","1","6"
"Ubb12","3","3","6"
"ube2","3","3","6"
"uber47","4","2","6"
"ubiquitous1","2","4","6"
"uc_harf","4","2","6"
"Ucema_lopez","2","4","6"
"uch1235","2","4","6"
"UchiG","3","3","6"
"uchihacrawler","2","4","6"
"uday3421","3","3","6"
"udaya112","4","2","6"
"UdayME","2","4","6"
"udit_11","4","2","6"
"udo_rocketlauncher","3","3","6"
"UeliDerKnechter","3","3","6"
"uemir","3","3","6"
"ugvoo","4","2","6"
"uhu-can-cer","2","4","6"
"uhyeahbaby","3","3","6"
"Ujjaldidarsingh","3","3","6"
"Ujjwal-kant","3","3","6"
"ukegamarjoba","4","2","6"
"ukunsun","2","4","6"
"uledule","3","3","6"
"ulixes6","3","3","6"
"uln1","3","3","6"
"Ulookugly","2","4","6"
"ULostToANoHand","3","3","6"
"ultimaspiaggia","3","3","6"
"ultra02","4","2","6"
"ultranoob","3","3","6"
"ululesyev","2","4","6"
"ulyana_chupina","2","4","6"
"UlyanovaAnastasiy","2","4","6"
"UlyssG","3","3","6"
"UmaJan","4","2","6"
"umay25","3","3","6"
"umesh790","3","3","6"
"umiiddo","2","4","6"
"umutcankurhan","3","3","6"
"umutis","3","3","6"
"Uncharted64","2","4","6"
"UncleDenmark","3","3","6"
"uncleKotya","3","3","6"
"Undertaker33333","2","4","6"
"Undertaker86c","3","3","6"
"ungimmicked","3","3","6"
"UNITEezio2","3","3","6"
"Universitair","3","3","6"
"Unkn0wn_Artist","3","3","6"
"unlovedaf","3","3","6"
"unmadness","3","3","6"
"unomasunosonsiete","3","3","6"
"upsan","2","4","6"
"Upti","3","3","6"
"upupupup","2","4","6"
"UrasOren67","2","4","6"
"UrbanMonk12345","4","2","6"
"Urielminx","4","2","6"
"urieltal","3","3","6"
"urina_boy","3","3","6"
"urolog44","2","4","6"
"ursnandu","3","3","6"
"uruguaro","3","3","6"
"Usalion","3","3","6"
"usama94","4","2","6"
"Userpig","3","3","6"
"Usoltsev","4","2","6"
"Usopp01","2","4","6"
"utkasnosom","3","3","6"
"utkubrgl","3","3","6"
"uurlucky","3","3","6"
"uygartatar","3","3","6"
"uyrailyin","3","3","6"
"uysalsinan","3","3","6"
"UZMANCENKBEY","2","4","6"
"uZzinho","3","3","6"
"v_1v0","3","3","6"
"V_Dogg","2","4","6"
"V_karadzic9","3","3","6"
"v1312","2","4","6"
"V3CNA","3","3","6"
"V3N0X","2","4","6"
"V3NOM7","3","3","6"
"va7sh","4","2","6"
"VAARy","3","3","6"
"vacaregio","3","3","6"
"VADEN_RUS","3","3","6"
"Vadim_Savelyev_SPb","4","2","6"
"Vadum1945","3","3","6"
"vaf-farzi","3","3","6"
"VagueBrothers","4","2","6"
"VaheKa","3","3","6"
"VaheMat","3","3","6"
"vaibhavchess0","3","3","6"
"Vaka-Cowco","3","3","6"
"VAKEB3450","4","2","6"
"vala9211","2","4","6"
"Valandir","3","3","6"
"Valenokk","3","3","6"
"valentinomrittano7","4","2","6"
"valera_razin","3","3","6"
"validarguments","3","3","6"
"valli1992","3","3","6"
"ValpiG","2","4","6"
"valredr","2","4","6"
"Vamaiotul","3","3","6"
"vamsibalda","3","3","6"
"vanashree","3","3","6"
"vandiver","2","4","6"
"vangeliskas","3","3","6"
"Vanidad","3","3","6"
"vanmathiseetha","2","4","6"
"Vano-davno","3","3","6"
"vaquecause","3","3","6"
"Vaquitas","3","3","6"
"VARAD45","3","3","6"
"varak66","2","4","6"
"varakova12","3","3","6"
"Variante19","3","3","6"
"VariantsOnly","3","3","6"
"Varik86","2","4","6"
"varshaomkar14","4","2","6"
"Varun01010","3","3","6"
"varuncn","4","2","6"
"VarunShiva9","3","3","6"
"Vasenko_stepan","2","4","6"
"Vasha_mama_charodei","2","4","6"
"vasilev_alexey","3","3","6"
"vaso77","3","3","6"
"vassallo_brasil","4","2","6"
"vastlik","4","2","6"
"vasyaBurn","4","2","6"
"vc1492","2","4","6"
"Vda079","3","3","6"
"vedantved","4","2","6"
"VeeraCholan","4","2","6"
"veganbathwater51","4","2","6"
"veganchess1983","2","4","6"
"VegerenessYOUTUBE","3","3","6"
"veggerns","3","3","6"
"VelhoPai","2","4","6"
"veljko98","2","4","6"
"velmah_hacker","2","4","6"
"venced0r","3","3","6"
"vendetto","2","4","6"
"Ventusator","3","3","6"
"Venuwill","3","3","6"
"vergaraleuman","3","3","6"
"Verisimilidude","2","4","6"
"verktroid","3","3","6"
"Vermilions","3","3","6"
"vertolet1972","3","3","6"
"veryimportantguy","3","3","6"
"VeryShame","2","4","6"
"ves","3","3","6"
"VesEvg","3","3","6"
"vesses","3","3","6"
"veteran2N","2","4","6"
"VETRIIMAHENDRAN_2015","3","3","6"
"VexingTugBoat88","3","3","6"
"VHMC","3","3","6"
"VhoMatleshe","3","3","6"
"Vi0Lin13","3","3","6"
"Viacheslav84","3","3","6"
"Vicente-P","3","3","6"
"vicentehjuanm","3","3","6"
"vickypals","3","3","6"
"victhesick","3","3","6"
"Victo_Royer","2","4","6"
"victore23","3","3","6"
"Victoreado","3","3","6"
"Victorsama","3","3","6"
"victorvasquez0215","3","3","6"
"victxds2o","2","4","6"
"Vicyor","3","3","6"
"VidurSharma","3","3","6"
"Viejo_Gordo_y_Calvo","3","3","6"
"ViennaCrumpets","3","3","6"
"Vietbach2308","3","3","6"
"vihanga_n_perera","3","3","6"
"Vihannes1","3","3","6"
"vijayjhanwar1968","3","3","6"
"Vijaymeena","3","3","6"
"vijaythakur74","4","2","6"
"Vikcktor","3","3","6"
"Vikramvetal","3","3","6"
"viktor_petrovich","3","3","6"
"viktor1111","3","3","6"
"ViktorRudenok","3","3","6"
"ViktorSergeevich","3","3","6"
"VIL0","3","3","6"
"vilcigor","3","3","6"
"Vilhelmenator","3","3","6"
"ViljarAM","3","3","6"
"villanova1234","3","3","6"
"vilomarvm","3","3","6"
"vimaca","3","3","6"
"VINAR1","3","3","6"
"Vinay0021","3","3","6"
"Vings100","3","3","6"
"vinni83","3","3","6"
"vinod9413","3","3","6"
"vinogradoviv2","2","4","6"
"Vinujayeth","3","3","6"
"vipeR_rk","3","3","6"
"viraku","3","3","6"
"VirtualBushido","3","3","6"
"VirtualIntelligence","3","3","6"
"Virus_Scan","3","3","6"
"visca-barca11","2","4","6"
"Vishnurnair","3","3","6"
"vISHwa20101981","2","4","6"
"visualseven","2","4","6"
"Vitaliy_katafalk","3","3","6"
"Vitaliy13","2","4","6"
"vitalka18","3","3","6"
"Vitaly_spb","1","5","6"
"vitoraolima","3","3","6"
"VitorEscalante00","4","2","6"
"vitorleonel","3","3","6"
"VitorSobral","4","2","6"
"vitto95","3","3","6"
"vivianscat","4","2","6"
"vizumatv4hoda","3","3","6"
"vk_eror808sxd","2","4","6"
"Vladdlen","3","3","6"
"Vladi6","2","4","6"
"vladimir_aristarhov","3","3","6"
"Vladimir_Nikitinsky","3","3","6"
"Vladimir_Simakov_81","3","3","6"
"Vladimir-12","2","4","6"
"Vladimir-Maiakovski","4","2","6"
"Vladimir0808","3","3","6"
"VladislavKokolov","3","3","6"
"vladkrutoo","3","3","6"
"vladtheimpaler87","4","2","6"
"vlandok","4","2","6"
"vlody","3","3","6"
"vmakarovels","3","3","6"
"vntutov","4","2","6"
"voidpointer","3","3","6"
"Voitovich_Matvey","3","3","6"
"Volchishe53","3","3","6"
"Volkov_Denis","4","2","6"
"vollbrec","2","4","6"
"VollDerGemeine","2","4","6"
"Volodya_1983","3","3","6"
"vonaka","4","2","6"
"Vonjoshua","5","1","6"
"VonLux","3","3","6"
"Voo55","3","3","6"
"vooy","3","3","6"
"votberh","3","3","6"
"voulgari105","3","3","6"
"Vova1964tikhonov","2","4","6"
"vovagolovan02","2","4","6"
"vovamc","3","3","6"
"Vovazr","3","3","6"
"Vovka-Tigran","3","3","6"
"voxy38","2","4","6"
"VR2115","3","3","6"
"vrvanrooijen","3","3","6"
"VSEcho","3","3","6"
"vshulk","3","3","6"
"VTG0523","3","3","6"
"vuducthanh8a1","3","3","6"
"vukeli","3","3","6"
"vul_kuolun22","3","3","6"
"Vulture_170","3","3","6"
"Vutzi","4","2","6"
"vxnguyen91","2","4","6"
"vxpzk","4","2","6"
"Vyasheslav_231","3","3","6"
"vyom_sati","3","3","6"
"vysty","4","2","6"
"vytautasle","3","3","6"
"wadeeaT","4","2","6"
"waffle76","3","3","6"
"wagnerovsky","3","3","6"
"waiksnis","3","3","6"
"waip","2","4","6"
"Waitwaitwait","3","3","6"
"Wakachess","2","4","6"
"WaldemarLisandro","4","2","6"
"Walhode","4","2","6"
"walidhamdy","3","3","6"
"walmi123","3","3","6"
"waltalgg","3","3","6"
"WALTER_MACO","2","4","6"
"waltertravisscott","3","3","6"
"Wanaminor","4","2","6"
"Wanderley662","3","3","6"
"wangerstorm","2","4","6"
"wanherbert","3","3","6"
"Wanio-sccp1910","4","2","6"
"Ward2013","4","2","6"
"WarMaceta","4","2","6"
"warpentac","3","3","6"
"Warren13","3","3","6"
"warrenlim","4","2","6"
"Warrior-Poet","2","4","6"
"WARRIORS_10","2","4","6"
"WarSword","3","3","6"
"Warv","3","3","6"
"Warvold","3","3","6"
"Wasa94","3","3","6"
"waseemazmy222","3","3","6"
"waslos7","2","4","6"
"wassat","3","3","6"
"waterside","4","2","6"
"Watts21","3","3","6"
"WbijamytopkeXD112345","2","4","6"
"wcgedj","3","3","6"
"wcw5426","3","3","6"
"Wczas","2","4","6"
"Weakfish18","4","2","6"
"weareweare","3","3","6"
"webfg","4","2","6"
"WeicherKeks","4","2","6"
"weiry","3","3","6"
"WeKo41G","3","3","6"
"welberms","3","3","6"
"Welll","2","4","6"
"wemakestep","3","3","6"
"wenk70","3","3","6"
"werilka","3","3","6"
"Werkraum","3","3","6"
"wesamwesam","2","4","6"
"wesemael","3","3","6"
"WesleySoy","3","3","6"
"Wessels25","3","3","6"
"Westcrizer","4","2","6"
"Westerbeck","4","2","6"
"WESTERMANNHEIKO","2","4","6"
"Weszone","3","3","6"
"wfrchess","3","3","6"
"WG-DaNaBand","3","3","6"
"wgarlhubs","4","2","6"
"WHAFLC-Sinan","3","3","6"
"whiplash12","3","3","6"
"White_Russian_10","2","4","6"
"Whitebear","3","3","6"
"whitetigerck","2","4","6"
"whixx","2","4","6"
"whodatgirl","4","2","6"
"WhoDatSay","4","2","6"
"whoisnojo","3","3","6"
"wic8085","3","3","6"
"wicky123","3","3","6"
"wiedermeyer","3","3","6"
"Wienesa88","3","3","6"
"Wild_Parliament","3","3","6"
"Wilku98","4","2","6"
"will1119","3","3","6"
"WillBeGoodOneDay","4","2","6"
"WillD1","3","3","6"
"Williadro","4","2","6"
"WilliamB103","3","3","6"
"WilliamsChen23","3","3","6"
"williamvaldivia234","2","4","6"
"Williboi123","3","3","6"
"willieodonnel","3","3","6"
"williwillwill","4","2","6"
"WillliamWallace","2","4","6"
"wilquis","3","3","6"
"wilsjur","3","3","6"
"winbuy","4","2","6"
"Winchell","3","3","6"
"winegum1994","3","3","6"
"winer999","3","3","6"
"winniebluesmate","3","3","6"
"WINSuryansh","3","3","6"
"Winterisc","3","3","6"
"wintowin","3","3","6"
"WiS0","3","3","6"
"Wisahmed","3","3","6"
"Wishchieftain","3","3","6"
"witerook","2","4","6"
"withflood","1","5","6"
"Wizzzard","2","4","6"
"wkantaros","4","2","6"
"WlCKMAN","2","4","6"
"wlzwx2","3","3","6"
"woah4","3","3","6"
"Wobboba","4","2","6"
"Wojtas2019","3","3","6"
"Wojti1984","4","2","6"
"wokyy","2","4","6"
"wolfmne","4","2","6"
"Wolfsbane000","3","3","6"
"wolkow34","2","4","6"
"Wolverine1011","3","3","6"
"Wondergoat","3","3","6"
"wood_lim","3","3","6"
"woodoverandrew","2","4","6"
"wooeppp","3","3","6"
"woohyun10","3","3","6"
"woradev","3","3","6"
"Worldcup89","3","3","6"
"WorstB","2","4","6"
"Wosi","2","4","6"
"wrath9698","2","4","6"
"wrnwrn","3","3","6"
"Wrojas92","3","3","6"
"wtfunknown","3","3","6"
"Wumphtasm","3","3","6"
"wyvooooo","3","3","6"
"X-Queen","3","3","6"
"x2001kj","4","2","6"
"x21michal37x","5","1","6"
"x6ysm","3","3","6"
"xacco","3","3","6"
"xadrezclube","3","3","6"
"xadrezjogadornet","2","4","6"
"xakim","3","3","6"
"Xalida1","3","3","6"
"Xameno","4","2","6"
"Xamtg","3","3","6"
"xanmalodon","4","2","6"
"Xanmamedov","3","3","6"
"XarissX","2","4","6"
"xArtemis","3","3","6"
"xatharas","3","3","6"
"xatu","3","3","6"
"XaviChess90","3","3","6"
"xaviermarcus","3","3","6"
"xavifan","3","3","6"
"xazu","3","3","6"
"xDejw","3","3","6"
"XELAUT","4","2","6"
"Xeni_th","3","3","6"
"Xerenxerxes","3","3","6"
"xern0st","3","3","6"
"Xeroxhd","3","3","6"
"Xeruss","2","4","6"
"xesconti","3","3","6"
"xgromozeka","4","2","6"
"xiangqishogichess","3","3","6"
"Ximote","4","2","6"
"Xinchinana","3","3","6"
"xizahk","3","3","6"
"xolympusmons","3","3","6"
"xRav3nz","4","2","6"
"xRaZoRx","3","3","6"
"xretas","3","3","6"
"xromxp","4","2","6"
"xSan_Holo","3","3","6"
"XSchwingerX","4","2","6"
"xSilverBulletx","3","3","6"
"xstsmc","4","2","6"
"Xtasie","4","2","6"
"Xuan06","3","3","6"
"xuenz","3","3","6"
"xukuna","2","4","6"
"XuluTJ1245","3","3","6"
"xw3rty","3","3","6"
"Xx_Knyx_xX","3","3","6"
"xxNCxx","4","2","6"
"xydinesh","3","3","6"
"Xylio_Trepatso","2","4","6"
"Xywes","3","3","6"
"xZeikku","2","4","6"
"Xzybytt","3","3","6"
"yaamira","3","3","6"
"YaBlokhin","3","3","6"
"YAD33","3","3","6"
"yadav_agastya","3","3","6"
"yaf2011","4","2","6"
"Yagiz_Bilgin","3","3","6"
"yahA45","3","3","6"
"Yahia003","3","3","6"
"YAKOROLYOPTA","2","4","6"
"yakoudbz","3","3","6"
"yakupcakiroglu","3","3","6"
"yangac","3","3","6"
"yanniekn","4","2","6"
"Yannovitch94","3","3","6"
"YAP23","3","3","6"
"Yaritori","3","3","6"
"Yarko84","3","3","6"
"Yaroslav_Glotov","2","4","6"
"Yaroslav_Kutyrkin","2","4","6"
"yaroslucky","3","3","6"
"Yas_i07","2","4","6"
"yas1395","3","3","6"
"Yasamari1","4","2","6"
"Yash-Karunakaran","3","3","6"
"YashBabariya","3","3","6"
"yashwanth_bandla","4","2","6"
"yasinmojo","3","3","6"
"yasser_1414","2","4","6"
"yasserbadi4","3","3","6"
"yasserjt","3","3","6"
"yasuys","2","4","6"
"yathartharora","4","2","6"
"yatoexe","3","3","6"
"yavuzvaveyla","3","3","6"
"yaya100","3","3","6"
"YAZAN18","2","4","6"
"ybs010","2","4","6"
"yeayeayea24","3","3","6"
"yello7_7","3","3","6"
"Yellowcrocs","2","4","6"
"yellowdragoon","4","2","6"
"YeLLowisH_kiD","3","3","6"
"YellowRose34","3","3","6"
"yenaldo","3","3","6"
"yenamarredechercher","3","3","6"
"yengfai","4","2","6"
"Yerlan-Ra","3","3","6"
"yernazarov96","4","2","6"
"Yesilfil","3","3","6"
"yesyesno86","4","2","6"
"yfs61","3","3","6"
"Yhosi","3","3","6"
"yhya11111","3","3","6"
"YHYM33","2","4","6"
"yiftach8","3","3","6"
"yineyeniden","3","3","6"
"yliartturi","3","3","6"
"Ylmz21","3","3","6"
"YM10RM","3","3","6"
"ymeririnor03","4","2","6"
"ymirfrech","3","3","6"
"YMLI","4","2","6"
"Ynffr","2","4","6"
"ynuvs","4","2","6"
"Yo_Dan","2","4","6"
"Yoav_Nir99","3","3","6"
"yobobtiano","3","3","6"
"yoda92500","3","3","6"
"Yoele","3","3","6"
"YoFuiGroot","4","2","6"
"Yohys","3","3","6"
"yolagai","3","3","6"
"Yolooooo","4","2","6"
"yomate","3","3","6"
"yomlod","2","4","6"
"yoooi","4","2","6"
"Yoratem","3","3","6"
"yorik61rus","2","4","6"
"yoryo721","4","2","6"
"Yosh107","3","3","6"
"yosuhevo","3","3","6"
"youcefkerboub","3","3","6"
"YouKeepMeHanginOn","3","3","6"
"YoungFrezy","3","3","6"
"youngks","2","4","6"
"Younuskhan","2","4","6"
"youper","3","3","6"
"Your__Father","2","4","6"
"Yousopov","2","4","6"
"YouveGotKompany","3","3","6"
"yoyochessy","3","3","6"
"Yp123456780","3","3","6"
"ysarpcall","3","3","6"
"YT64cases","3","3","6"
"yucv","3","3","6"
"yud1","4","2","6"
"yudayuda","2","4","6"
"Yugay","3","3","6"
"Yugurson","2","4","6"
"yulirego","3","3","6"
"YuliusCaesar420","4","2","6"
"YungAdult","3","3","6"
"yungMoney1991","3","3","6"
"yungschmock","3","3","6"
"yunusoz","2","4","6"
"YunusVerim22","4","2","6"
"yuppiekiyay","3","3","6"
"Yurgon","3","3","6"
"Yushenko","2","4","6"
"yustedque","4","2","6"
"Yusuf_Mert_2010","3","3","6"
"Yusufbek0221","2","4","6"
"YusufKemal","3","3","6"
"yusuftunc21","3","3","6"
"yusur02","4","2","6"
"Yut-ka","4","2","6"
"yuvenoberai1","3","3","6"
"yvorafael","2","4","6"
"yyy123456","3","3","6"
"Z1_R1TZ","3","3","6"
"Zaall13","3","3","6"
"zabec","3","3","6"
"Zach_Riley","4","2","6"
"zachosjohn","3","3","6"
"zackrielcent420","3","3","6"
"zadaquiel98","3","3","6"
"zaebashunakh","2","4","6"
"zaenull","3","3","6"
"ZAG-OnurAlkan","2","4","6"
"Zagrapa","2","4","6"
"Zaheriri","3","3","6"
"Zahra-2007","3","3","6"
"Zaikman","3","3","6"
"zain_noor","3","3","6"
"zaiocrit","3","3","6"
"zairaros","3","3","6"
"Zak-Az","3","3","6"
"zakharLeus","4","2","6"
"Zammy","2","4","6"
"Zamuda","3","3","6"
"Zamzam1982","2","4","6"
"Zander13787","3","3","6"
"zannin","2","4","6"
"zannzetsu","4","2","6"
"zantertreeverse","3","3","6"
"zapppelphilippp","2","4","6"
"ZareonPawno","2","4","6"
"Zarganaev","2","4","6"
"zarinigo","3","3","6"
"Zarksidedt","4","2","6"
"zatanic","4","2","6"
"Zavedywuu","3","3","6"
"zavik1","3","3","6"
"ZAX05","3","3","6"
"Zaykor","2","4","6"
"zaynmalikhafiz","4","2","6"
"Zayr0","3","3","6"
"zdong","3","3","6"
"zdzarsky","2","4","6"
"Zebra_11","2","4","6"
"zed33zedee","3","3","6"
"ZekeSkateboardhands","4","2","6"
"zelda947","2","4","6"
"zema94","3","3","6"
"zemlan","4","2","6"
"Zen1204","4","2","6"
"zenaidah123","3","3","6"
"ZenSlays","3","3","6"
"ZERO_Resad","4","2","6"
"Zerosto","4","2","6"
"zeus1234_09","3","3","6"
"zeynalovvatan","3","3","6"
"zeyneepp","2","4","6"
"ZeynelBaba25","3","3","6"
"Zhasulan23","2","4","6"
"zhecha_17","3","3","6"
"Zheka47","4","2","6"
"Zhrisxx","3","3","6"
"zibo95","3","3","6"
"Ziceris","3","3","6"
"zigan775","2","4","6"
"Ziggee","2","4","6"
"ZiggioN","3","3","6"
"ZiggyMoon","3","3","6"
"Zigzalu3","3","3","6"
"ZikoGhost","3","3","6"
"Ziminari","3","3","6"
"zinkads1","2","4","6"
"zipfeschwin","3","3","6"
"zipper300","2","4","6"
"Zipperface","3","3","6"
"zippfel","3","3","6"
"ZippyG","3","3","6"
"zirkumkleks","3","3","6"
"ziyam0","3","3","6"
"ZizzAlta","2","4","6"
"Zkryaa4","4","2","6"
"Zlatan2006","3","3","6"
"zLibertarian","3","3","6"
"Zlobober","2","4","6"
"zohaiib","3","3","6"
"zohary22","3","3","6"
"ZomnY","4","2","6"
"zOOmer120789","3","3","6"
"Zoras","3","3","6"
"Zorbos","3","3","6"
"ZORIGTO11","3","3","6"
"Zorkiy08","3","3","6"
"zorro2030","4","2","6"
"Zott25","3","3","6"
"Zouhair12","3","3","6"
"zouzou84","3","3","6"
"ZOV_UKR","3","3","6"
"zozonn","3","3","6"
"zpro","2","4","6"
"zreerz","2","4","6"
"ZT-ZaferDundar","3","3","6"
"ztfs","3","3","6"
"zuespa","2","4","6"
"Zurdo112","3","3","6"
"zvonar89","3","3","6"
"zwishenzug","4","2","6"
"zwitterfijon","3","3","6"
"zxckent","3","3","6"
"ZXCVMNHG","4","2","6"
"Zyqae","3","3","6"
"zyrjan","3","3","6"
"Zzeddago","3","3","6"
"ZZZBY","3","3","6"
"zzzzxxxxzx100","4","2","6"
"A_44","2","3","5"
"A_Arhim","3","2","5"
"a_champion1","3","2","5"
"a_driantor","2","3","5"
"A_Godamn_Teacup","1","4","5"
"a_kamario","2","3","5"
"A_Poisson","2","3","5"
"A_Rann","2","3","5"
"A_Rashed","3","2","5"
"A_RICO","4","1","5"
"A_W","3","2","5"
"a-k-7-m-e","3","2","5"
"A-X-L","4","1","5"
"A101011","3","2","5"
"a123cat123","1","4","5"
"A12B14C16","2","3","5"
"A16jesus","3","2","5"
"A1azbuka","3","2","5"
"a1bharadwaj2019_64k","1","4","5"
"A1Ultra","2","3","5"
"a3d","3","2","5"
"A62346937WALTER","3","2","5"
"A62498654RODRI","1","4","5"
"a65pobeda","2","3","5"
"A7madG","3","2","5"
"A8tem","4","1","5"
"A909090","3","2","5"
"Aa0yush0","2","3","5"
"Aaa1fw","3","2","5"
"aaabbb1234","3","2","5"
"aaatul07","2","3","5"
"aabear123","1","4","5"
"aaccaacc","3","2","5"
"aadudada","2","3","5"
"Aaeneas","2","3","5"
"aagorgun","3","2","5"
"aahyoushh","1","4","5"
"aaiaay","1","4","5"
"AAIRAHGUPTA","3","2","5"
"aaj05","3","2","5"
"AakashKing","1","4","5"
"aakriti_deku","2","3","5"
"aalvinx","3","2","5"
"aamichulung","3","2","5"
"AAndreev","2","3","5"
"aaravmehrotra19","1","4","5"
"aardgn","3","2","5"
"Aaron_Pennie","2","3","5"
"aaronbochokoy","4","1","5"
"aaronds","3","2","5"
"aarongold420","3","2","5"
"Aaronthenovice","2","3","5"
"Aarti413512","2","3","5"
"aasari2000","1","4","5"
"aashishdreams","3","2","5"
"aassaa665","2","3","5"
"aatef","2","3","5"
"aathishabandw","3","2","5"
"aaz19","4","1","5"
"AB-01","2","3","5"
"Ab0vo","2","3","5"
"Ab136608","2","3","5"
"AbadotHossainKhan","2","3","5"
"Abayanaabhi","2","3","5"
"abazishiv4","3","2","5"
"Abbaass","2","3","5"
"Abbruch355","3","2","5"
"abc1234566","2","3","5"
"Abcd6102","4","1","5"
"Abceefg","3","2","5"
"abdallahali2","3","2","5"
"ABDALRAHMAN212","3","2","5"
"Abdelali19","1","4","5"
"Abdelink","2","3","5"
"Abdelmutalib","2","3","5"
"Abdelrhman_Hatab","2","3","5"
"abderrahim28amr","3","2","5"
"abderrahmene29","3","2","5"
"Abdi_R89","2","3","5"
"abdoutahir44","3","2","5"
"Abdozeka","3","2","5"
"Abdullah_alshli","2","3","5"
"ABDULLAZADE-BAKU2014","3","2","5"
"abdulmalik1296","3","2","5"
"Abdulrhman-10","2","3","5"
"abdulthenoob","4","1","5"
"Abdur35","4","1","5"
"Abdurrahmanterzi","3","2","5"
"AbelOminous","2","3","5"
"Abenezertura","4","1","5"
"Abgushtdizi","2","3","5"
"abhi62k","3","2","5"
"abhi8880","2","3","5"
"Abhijais01","3","2","5"
"abhijeet00","3","2","5"
"Abhijith_S","3","2","5"
"Abhinav-S160732","2","3","5"
"Abhishek767","4","1","5"
"AbhishekDhone","2","3","5"
"abishopforanight","3","2","5"
"abnkkbsnplaq","2","3","5"
"Abo_mesalem90","2","3","5"
"abo_qsuai","2","3","5"
"Abo-ghaly7","2","3","5"
"Aboalro7","2","3","5"
"aboamer10","2","3","5"
"aboaudi","3","2","5"
"ABOLATFA2","2","3","5"
"abolfazlgharzi","3","2","5"
"aboli13","2","3","5"
"abomohamad222","3","2","5"
"ABOTABOT","3","2","5"
"Abovskiy_Ilya","3","2","5"
"Abower","2","3","5"
"abrar_2008","2","3","5"
"Abrar64","4","1","5"
"Abrorxon_Kamolov","2","3","5"
"Abs00rd","3","2","5"
"Absaloom","2","3","5"
"absolutely_prawned","2","3","5"
"ABUBASEL_1vs1","3","2","5"
"abundantsteed","3","2","5"
"Abzas","3","2","5"
"Accjgm980523","2","3","5"
"Acclivity_Pawn","2","3","5"
"Account4fun77","2","3","5"
"accura","2","3","5"
"ace_920","3","2","5"
"Acecockerboy","2","3","5"
"AceHun","2","3","5"
"AcengHaetami","3","2","5"
"achim84","2","3","5"
"achivementhunter1","3","2","5"
"achor","3","2","5"
"achrafachraf","2","3","5"
"achrafchou05","4","1","5"
"acke12","3","2","5"
"acouch44","2","3","5"
"Acs1","3","2","5"
"acsppien","2","3","5"
"ACthemachine","3","2","5"
"Acxa-90","2","3","5"
"AD_21","4","1","5"
"adadsilva","3","2","5"
"adafor","2","3","5"
"Adam_995","1","4","5"
"Adam_kerdojel","3","2","5"
"ADAM-GUMS","2","3","5"
"adam29102008","2","3","5"
"AdamOverBoard","2","3","5"
"adamtexter","2","3","5"
"AdanaKebap1884","3","2","5"
"adarshisme","2","3","5"
"addieaddie","4","1","5"
"addierbarros","2","3","5"
"aDDig","3","2","5"
"addLiren","3","2","5"
"Adelante71","2","3","5"
"aden2023","2","3","5"
"Adepl","3","2","5"
"adetamatediyoru","2","3","5"
"Adfa21","2","3","5"
"Adhame","3","2","5"
"adiba_ifa","2","3","5"
"AdibChessAcademy","2","3","5"
"adiiii8209","2","3","5"
"adilc01","2","3","5"
"adils1980","3","2","5"
"Aditya_Done","2","3","5"
"Aditya592","3","2","5"
"AdityaBulusu","2","3","5"
"Adityam821","3","2","5"
"adityaskywalker","3","2","5"
"ADJI1","3","2","5"
"Admos","3","2","5"
"Adrenalineni","2","3","5"
"adrer123","2","3","5"
"adriana78","2","3","5"
"adrianfelipe1994","2","3","5"
"AdrianKotruch","3","2","5"
"Adriano_BSB","3","2","5"
"adriano1989","2","3","5"
"Adriano32728","3","2","5"
"adrien3007","2","3","5"
"AE2020","2","3","5"
"aea1098","2","3","5"
"AEEASOYSABALERO","2","3","5"
"aegis4244","2","3","5"
"aekk","2","3","5"
"Aeroyascal","4","1","5"
"aeshka","2","3","5"
"afalconc","3","2","5"
"AfanasevDN","2","3","5"
"AFArdicfb","2","3","5"
"afcblegend","3","2","5"
"afflictionatics","3","2","5"
"AFG1","3","2","5"
"AfifFaizal","3","2","5"
"Afigos07","2","3","5"
"afomi","1","4","5"
"african_smurfette","2","3","5"
"afshin76","2","3","5"
"aftenstjernen","2","3","5"
"AfterALongTime","3","2","5"
"Agadmatorian","3","2","5"
"agalliu","2","3","5"
"AGAOGLU","2","3","5"
"AGENTDouble00","2","3","5"
"agentluzr","3","2","5"
"Agentwd40","2","3","5"
"Agid35","1","4","5"
"agilehat","2","3","5"
"AGK531","1","4","5"
"Aglamm","3","2","5"
"agli2","2","3","5"
"aglr97","1","4","5"
"agnij","2","3","5"
"Ago_chess","2","3","5"
"AGO74","2","3","5"
"agrabelo","2","3","5"
"agraroekonom","2","3","5"
"AgressiveTilt","2","3","5"
"Agthorr","2","3","5"
"agushsurf","2","3","5"
"Agustin72","2","3","5"
"AGUSTINCN","2","3","5"
"ahaankapoorftw","2","3","5"
"AheadOfTheMasses","3","2","5"
"ahfabys","3","2","5"
"ahhah","2","3","5"
"Ahhmedhs","2","3","5"
"ahleap","2","3","5"
"Ahmad_Benshi","3","2","5"
"ahmad_kebriyaee","2","3","5"
"ahmadooz9","4","1","5"
"ahmadowski","3","2","5"
"Ahmed_Aldhahri","2","3","5"
"Ahmed_HChess","4","1","5"
"ahmed1976","4","1","5"
"Ahmedhamed1988","2","3","5"
"ahmedjama","1","4","5"
"AhmedMostafa111","2","3","5"
"ahmedosos","3","2","5"
"aHMEdSAmiRGm","1","4","5"
"ahmedsocpa","2","3","5"
"ahmet_481","3","2","5"
"Ahmet_ARI","4","1","5"
"AhmetEren81","3","2","5"
"ahmetmelihh","2","3","5"
"AhmxdKhalxd","1","4","5"
"ahook","1","4","5"
"ahoraad","3","2","5"
"Ahraf_Hossain","2","3","5"
"Ahsimd","3","2","5"
"ahyesquite","2","3","5"
"AI-1111","2","3","5"
"aic2001","2","3","5"
"aidandeno","3","2","5"
"AidanMcK","2","3","5"
"aidosnurmash","3","2","5"
"aimflop","3","2","5"
"aimking","3","2","5"
"AintGotNoRhythm","3","2","5"
"AishPraveen","2","3","5"
"AITison","2","3","5"
"Aititor","3","2","5"
"aizharyk","2","3","5"
"Ajaxli","2","3","5"
"Ajayp197","3","2","5"
"ajayyadukrishnan","3","2","5"
"ajdz","3","2","5"
"ajedres2023","3","2","5"
"ajedrez123S","3","2","5"
"AJFranco","3","2","5"
"ajit","4","1","5"
"AJleksBart","2","3","5"
"ajlovchess","3","2","5"
"AJS418","3","2","5"
"AJSTEVEZZ","3","2","5"
"ajzamora","3","2","5"
"Ak_2006","3","2","5"
"ak321","2","3","5"
"AkangBdg07","2","3","5"
"Akash9356","2","3","5"
"AkbasYunus","2","3","5"
"akechetta","2","3","5"
"akgunmurat","2","3","5"
"akhinh123","3","2","5"
"Akhmat_power","2","3","5"
"akibosam","2","3","5"
"akimdat","2","3","5"
"AkirasGhost","1","4","5"
"akopeysk","3","2","5"
"AkramBadalov","2","3","5"
"akramtalbi","2","3","5"
"AkrobaT-1","3","2","5"
"Akshay170","2","3","5"
"Akst2010","2","3","5"
"akuharat","3","2","5"
"Akujin666","2","3","5"
"akuyumcu","2","3","5"
"akvachov","2","3","5"
"Al_Jey","3","2","5"
"Al-Hanab19","2","3","5"
"alaadesouky","2","3","5"
"alabai77","2","3","5"
"aLaFi22","3","2","5"
"alagosi","4","1","5"
"alahari_iot","3","2","5"
"alain2003","2","3","5"
"alalmany88","2","3","5"
"alam-walker","3","2","5"
"alanrey","2","3","5"
"alanturing1","2","3","5"
"Alazq","2","3","5"
"Albasitpozoca","2","3","5"
"albertk1114","3","2","5"
"albertohope","1","4","5"
"AlbertoPerrella","3","2","5"
"Albertovamo","2","3","5"
"albet_zabudov","3","2","5"
"albundur","3","2","5"
"alcantara6","2","3","5"
"alcapone63reg","3","2","5"
"Aldar1982","2","3","5"
"aldeirop","3","2","5"
"aldina27","2","3","5"
"Ale7pro","2","3","5"
"aleb07","3","2","5"
"aledirect","2","3","5"
"alegonzaleza","3","2","5"
"Alejandro21_7","3","2","5"
"alejandroid12","2","3","5"
"alejandroivan78","3","2","5"
"AlejandroMartinezSan","2","3","5"
"alejandroxdxd","3","2","5"
"Alejazzcl5555","2","3","5"
"alejocheese","2","3","5"
"Alekai","2","3","5"
"alekchess7567","3","2","5"
"alekhine1980","3","2","5"
"AlekhinesCat","3","2","5"
"Aleksand-13","3","2","5"
"AleksandarTot","2","3","5"
"Aleksander_Pro_17","3","2","5"
"Aleksandr_G","2","3","5"
"Aleksey_19","2","3","5"
"AlekseyTsvek2","2","3","5"
"AleksGMNo","2","3","5"
"aleksiev_a","3","2","5"
"AleksP64","3","2","5"
"Alekz14","3","2","5"
"AlelaRon","3","2","5"
"alen_mn","3","2","5"
"aleost","4","1","5"
"aleparedesm","3","2","5"
"alepolese","2","3","5"
"Alepuller","3","2","5"
"ales1968","3","2","5"
"Alex_pil","2","3","5"
"alex-s-3","2","3","5"
"alex05mx","3","2","5"
"alex081059","3","2","5"
"Alex666th","2","3","5"
"Alex77109","3","2","5"
"alexadrezz","2","3","5"
"Alexander-K","3","2","5"
"AlexanderFib","2","3","5"
"alexandr_aleksandr","2","3","5"
"alexandr375","3","2","5"
"AlexandrosRizos","3","2","5"
"alexbru","2","3","5"
"ALEXCARCO","2","3","5"
"Alexdier","2","3","5"
"alexduarte","2","3","5"
"Alexemaslov","2","3","5"
"Alexey_15","3","2","5"
"Alexey_Murashov","2","3","5"
"AlexeyShessMaster","2","3","5"
"Alexfmgc","3","2","5"
"Alexis1906","2","3","5"
"AlexisRibereau","3","2","5"
"AlexKlu","2","3","5"
"alexlavrenchuk","2","3","5"
"alexlimm","3","2","5"
"Alexmanottupa","2","3","5"
"AlexNemtsov","2","3","5"
"alexnikos","2","3","5"
"AlexOct","2","3","5"
"alexov_alexey","1","4","5"
"AlexRumbero","2","3","5"
"Alexseyb","3","2","5"
"AlexSlow","3","2","5"
"Alexstrasza315130","3","2","5"
"alextchao","2","3","5"
"AlexTuz","1","4","5"
"ALEXWGELIAS","3","2","5"
"Alfayska","3","2","5"
"alfilc11","2","3","5"
"Alfons123","3","2","5"
"AlfonsoHeltoni","1","4","5"
"alfred1229","3","2","5"
"AlfredCortes","3","2","5"
"Alfruenna","2","3","5"
"alginate","2","3","5"
"AlHo61","3","2","5"
"ali_asgar112","3","2","5"
"Ali_Safak","2","3","5"
"ali_waleed12Q","3","2","5"
"Ali-Sadeghi1391","3","2","5"
"ali3adah","1","4","5"
"AliAlasady","3","2","5"
"alialparslann60","4","1","5"
"aliamers","2","3","5"
"AliaMoha","2","3","5"
"aliatf1","2","3","5"
"AliBee","2","3","5"
"AliBennis","3","2","5"
"alibu75","2","3","5"
"Alicnkrt","4","1","5"
"alidada02","3","2","5"
"alielgohary123","2","3","5"
"alien1","2","3","5"
"Alienchurch","4","1","5"
"alifetih","2","3","5"
"aligramsah","2","3","5"
"Alihan_97","2","3","5"
"alihan2020","3","2","5"
"alimashahshahi","2","3","5"
"alin2004","2","3","5"
"Alireza__M","2","3","5"
"alireza_motlagh92","2","3","5"
"Alireza_parsa","2","3","5"
"Alireza_Vahidi","3","2","5"
"Alireza1497","3","2","5"
"Aliriovidalno","4","1","5"
"AlishahiTr","2","3","5"
"Alishia135","3","2","5"
"Alison1985","1","4","5"
"AlistarJi","3","2","5"
"alitechno","3","2","5"
"alitncerrrrrrrr","2","3","5"
"Alivar20","2","3","5"
"Alizada23","3","2","5"
"alizayshn","3","2","5"
"AlJoen","3","2","5"
"aljuni","3","2","5"
"ALkady_Ahmed","2","3","5"
"alkelaun","2","3","5"
"Alkepa95","2","3","5"
"Alki3000","3","2","5"
"alkka1","3","2","5"
"all_2005-81","2","3","5"
"allangomez1967","2","3","5"
"AlLaNlIu123","2","3","5"
"alleppo","2","3","5"
"allevamartin","2","3","5"
"alleycat5","3","2","5"
"ALLMONEYINNOMONEYOUT","2","3","5"
"almafabio","3","2","5"
"almartinez","1","4","5"
"Almatulhasnain","2","3","5"
"Almetti77","2","3","5"
"Almog2Zand","3","2","5"
"almondeyed","3","2","5"
"alocin93","3","2","5"
"aloevera42","3","2","5"
"Alp_Batur","2","3","5"
"alp007","2","3","5"
"Alpboray","2","3","5"
"Alper_13","3","2","5"
"alperari","3","2","5"
"AlperDr","3","2","5"
"alperelban","3","2","5"
"Alperenkaragz","3","2","5"
"alperrrkayaaa","3","2","5"
"Alpha_Heat","2","3","5"
"alpha_two","2","3","5"
"alpha_zero5","3","2","5"
"alphaaviral","3","2","5"
"Alphasatori","3","2","5"
"alpinemeadow","2","3","5"
"Alpinschussel","4","1","5"
"Alribeiro","2","3","5"
"alsobald","2","3","5"
"altefdort","2","3","5"
"alucard_solo","3","2","5"
"Alucard111","2","3","5"
"ALV15","3","2","5"
"alvanrado","2","3","5"
"alvianrosyad","3","2","5"
"Alvinchen1Oc","2","3","5"
"always20","2","3","5"
"alwaysenpassant","3","2","5"
"Am_stiv","3","2","5"
"am4rsch","2","3","5"
"AM656jz","3","2","5"
"Aman_Garg_007","3","2","5"
"AMANjaiswal","3","2","5"
"amansauraya","2","3","5"
"AmanSingh142","2","3","5"
"amar_chaukar","2","3","5"
"Amara-Knd94","4","1","5"
"amaralch18","3","2","5"
"amarbara2","2","3","5"
"amarbpsc","2","3","5"
"amargaryan","2","3","5"
"amatoor98","3","2","5"
"AMAZHD","2","3","5"
"ambracco","3","2","5"
"amedlikasparov","4","1","5"
"Ameer_Elsehety","3","2","5"
"Ameyumi","2","3","5"
"Ami126","3","2","5"
"AMiGoSiberia","3","2","5"
"amina_chess_2023","3","2","5"
"amine_hanin","2","3","5"
"aminoacido08","1","4","5"
"amins97","2","3","5"
"Amir_8877006622","2","3","5"
"amir-my","3","2","5"
"amir4ik201","1","4","5"
"Amir89Bala","2","3","5"
"amir95138","2","3","5"
"amiral001","2","3","5"
"Amirali767","3","2","5"
"amiraliej009","3","2","5"
"amiralzhan","3","2","5"
"Amirk1980","2","3","5"
"amirsp79","2","3","5"
"Amirxon_E23","1","4","5"
"amitsawant","1","4","5"
"AMMAR028","2","3","5"
"ammar98k","2","3","5"
"Ammo000","3","2","5"
"AmoaJ","3","2","5"
"AmoBatatas","3","2","5"
"Amoeba98","3","2","5"
"Amogela","3","2","5"
"amorri","1","4","5"
"amoso","2","3","5"
"amp343","2","3","5"
"Ampovis","2","3","5"
"AmroSaucy124","3","2","5"
"amrTageldin","2","3","5"
"Amtsag","4","1","5"
"amunawar8","2","3","5"
"amyers3755","2","3","5"
"Anafamily","2","3","5"
"anagha_08","3","2","5"
"AnamayG","2","3","5"
"anamis2020","2","3","5"
"Anamurlu","3","2","5"
"Anand123fd","3","2","5"
"Anand300","2","3","5"
"Anandvidekar10","3","2","5"
"ananyaya","2","3","5"
"Anaplognatus","3","2","5"
"AnAshAm","2","3","5"
"anatoly-JVT","2","3","5"
"AnatolyMarkov","2","3","5"
"Anavictorialeon","2","3","5"
"Anchor247","3","2","5"
"andersfriis","3","2","5"
"anderssonik","3","2","5"
"andichaerul","2","3","5"
"andmord","3","2","5"
"Andras1994","1","4","5"
"Andre_C_A03","3","2","5"
"Andre-Botelho","3","2","5"
"andrear81","3","2","5"
"andreas_ostrem","2","3","5"
"andreavb","3","2","5"
"Andrei_Est","3","2","5"
"andrej7777","3","2","5"
"AndrejNomad","2","3","5"
"andreklaren","2","3","5"
"andrereale","3","2","5"
"Andres055","3","2","5"
"Andres1492","3","2","5"
"Andrew_TheFighter","3","2","5"
"AndrewFouad","3","2","5"
"andrewsha","2","3","5"
"Andrewy","2","3","5"
"Andrey_06","2","3","5"
"Andrey_ON","3","2","5"
"andrey0550","2","3","5"
"Andrey123rus","3","2","5"
"Andrey1984fefilov","2","3","5"
"AndronDronn","3","2","5"
"andropavel1977","3","2","5"
"andrwcher","3","2","5"
"andsh123","2","3","5"
"Andy_Gar","3","2","5"
"Andy_Osnard","2","3","5"
"Andy1476","2","3","5"
"Andydrufesne","3","2","5"
"andymorven","2","3","5"
"Anex1s","2","3","5"
"Angel_kollapu28","2","3","5"
"Angelmiedo","2","3","5"
"Angelochek_NV","2","3","5"
"angelofdeth12","3","2","5"
"Angelooo06","3","2","5"
"AngelosSeventeen","3","2","5"
"angelosspet","1","4","5"
"angeluriel04","3","2","5"
"Angelus1113","2","3","5"
"Anggan_4tmaja","2","3","5"
"angkor","3","2","5"
"angosans","1","4","5"
"Angryenzyme","3","2","5"
"AngryPanda81","2","3","5"
"anhxcx","2","3","5"
"anik2012in","3","2","5"
"aniket0109","2","3","5"
"Aniket111","2","3","5"
"aniketagarwal3","3","2","5"
"aniketraj1947","2","3","5"
"anil_1218","3","2","5"
"anil007","2","3","5"
"animaginativeknight","2","3","5"
"anirban0986","2","3","5"
"anirshurganov2013","2","3","5"
"Anirudh99545","3","2","5"
"Anirudha1718","1","4","5"
"Anirudhtr","3","2","5"
"Anis7ked","3","2","5"
"anisant","2","3","5"
"anish2345","2","3","5"
"Anish251","2","3","5"
"AnisTal","2","3","5"
"Anjana-balajee","3","2","5"
"Ankan011235","2","3","5"
"ankit201933","3","2","5"
"ankitjayantmehta","2","3","5"
"ankushbathla","3","2","5"
"anmol22222","3","2","5"
"AnnieForget","3","2","5"
"Annunak","4","1","5"
"anny_zareena","3","2","5"
"anointedemcee","3","2","5"
"AnonimoSupremo","3","2","5"
"Anonymous2003","2","3","5"
"anooblol","2","3","5"
"AnreDH","2","3","5"
"AnScher","2","3","5"
"Ansh810","2","3","5"
"antabus08","3","2","5"
"AntaFreak34","2","3","5"
"antarctic-lizard","3","2","5"
"anthony_gallo","3","2","5"
"AnTiKoR","3","2","5"
"antirsi123","3","2","5"
"Anton-Heller","3","2","5"
"antonimiszczu16","2","3","5"
"antonio_prieto","2","3","5"
"Antonio2139","3","2","5"
"antonisChess01","3","2","5"
"AntoniusBlack","2","3","5"
"AntonYad1986","2","3","5"
"AntoQueen29","2","3","5"
"AntuanArutyunyan","2","3","5"
"antunezpj","2","3","5"
"anulconda","2","3","5"
"anupam002","1","4","5"
"anuragchaudhary533","1","4","5"
"Ao000","3","2","5"
"aoa2626","3","2","5"
"aodamx","3","2","5"
"Aomis","2","3","5"
"aonra","3","2","5"
"aotar","3","2","5"
"Aovadenko","2","3","5"
"Apach500clk","3","2","5"
"apdate","2","3","5"
"Apocalypse2006","2","3","5"
"ApoelThrulos","1","4","5"
"Apoorv712","2","3","5"
"Applecoral","3","2","5"
"Aprendiz2430","3","2","5"
"APTEM_KILICHENKOV","3","2","5"
"aptlo10","3","2","5"
"AQ_IL_CATANESE","2","3","5"
"aqstephenson","2","3","5"
"aquabeatswater","2","3","5"
"AquilaNonCapitMuscas","2","3","5"
"Aquiles_Meo_Latorre","2","3","5"
"aquvvvaq","1","4","5"
"Ar1zant","2","3","5"
"Ar39420","3","2","5"
"ArakelovAndrey","3","2","5"
"Aramais12","2","3","5"
"Ararat12","2","3","5"
"Aras1615123s","3","2","5"
"arashkamizi1390","3","2","5"
"aravane","1","4","5"
"arbertrand","3","2","5"
"ArbusteFeroce","2","3","5"
"Arch","3","2","5"
"Arch32","2","3","5"
"Archablue_Lull","2","3","5"
"Archangel_1","3","2","5"
"Archiati","4","1","5"
"ArchieM1","2","3","5"
"arctan520","2","3","5"
"ArdaAcar","2","3","5"
"ardabngll","2","3","5"
"ardafeza21","2","3","5"
"Ardakaankingbabo","2","3","5"
"ArdethBey","3","2","5"
"arek313","2","3","5"
"Arepul","3","2","5"
"arev080","3","2","5"
"ArgentiChess","3","2","5"
"ArgeoGerunda_1986","3","2","5"
"arghya-17","3","2","5"
"ArGo01191","3","2","5"
"Argonauten","3","2","5"
"ArgoRudra","2","3","5"
"arhimed84_chag","3","2","5"
"ari_52","2","3","5"
"ariadvnt","3","2","5"
"ArianChess12","3","2","5"
"Ariasha3","2","3","5"
"Ariel_ch","4","1","5"
"arielfromzelda","2","3","5"
"ariethunter","2","3","5"
"Arisha_Kiseleva","2","3","5"
"aristoct","2","3","5"
"Ariuntugs","3","2","5"
"AriVaccaro","2","3","5"
"Arjun_Divgi","3","2","5"
"Arkadyne","2","3","5"
"arkamukherjee2011","1","4","5"
"Arkawar11","2","3","5"
"Arkellel","2","3","5"
"ArkodeepMaitra","2","3","5"
"Arlimag","4","1","5"
"arm_sargeon","2","3","5"
"Armadazizil_Opg","2","3","5"
"Arman228","2","3","5"
"ArmanKAS","3","2","5"
"armansargsyan","2","3","5"
"armanshfaee","2","3","5"
"arnav_patil","3","2","5"
"ARNAVJAIN2010","3","2","5"
"arnavmehtaaa2011","3","2","5"
"ArnavN08","4","1","5"
"Arno92","3","2","5"
"ArnoD06610","2","3","5"
"arnoldthefirst","1","4","5"
"arquimedes77","3","2","5"
"Arriaho","3","2","5"
"Arrietty123","2","3","5"
"arronbarker32","3","2","5"
"ArrozChaufa","3","2","5"
"Arsalali527","3","2","5"
"Arsen1985","3","2","5"
"Arsendonetsk","3","2","5"
"arsenieramasov","2","3","5"
"arsenii_deviatkin","2","3","5"
"Arsenii_Zakharov","3","2","5"
"Arsenovich2","2","3","5"
"Arsh2811","2","3","5"
"Arshan_Niyapour","4","1","5"
"arshiajamshidi","4","1","5"
"ARSIN7","3","2","5"
"ArsL4Nnn","3","2","5"
"art_off1cial","2","3","5"
"art3kr","2","3","5"
"artartben","3","2","5"
"Artejiro","2","3","5"
"Artem97_Serov","3","2","5"
"Artemios123","2","3","5"
"artemmasty","3","2","5"
"ArtemPoklad","2","3","5"
"artemystic","2","3","5"
"ARTGAME1126","2","3","5"
"Arthas_tsalb","2","3","5"
"arther00","3","2","5"
"arthur_elbogosito","3","2","5"
"ArthuRimbaud","3","2","5"
"artin002306","2","3","5"
"Artistchess","2","3","5"
"artj54200","3","2","5"
"artorn","3","2","5"
"Artturi31","3","2","5"
"ArturAR","2","3","5"
"ArturIgorevich","2","3","5"
"ArturoParkourVzla","2","3","5"
"arturozheng","2","3","5"
"Artyom_Belyaev","4","1","5"
"ArulSRao","2","3","5"
"arupprr","2","3","5"
"Arut94","4","1","5"
"ArvenOslo","2","3","5"
"Aryan_2007","3","2","5"
"AryanKishore","2","3","5"
"Arystan4811","3","2","5"
"arzudemir","2","3","5"
"Arzykulovmarat","2","3","5"
"AS-IN","2","3","5"
"as250250as","2","3","5"
"Asabiyaa","3","2","5"
"Asadkhan1","3","2","5"
"AsalparkhyalA","2","3","5"
"ASandham17","2","3","5"
"Asasa01","3","2","5"
"asasi1","2","3","5"
"Aschwarcz","2","3","5"
"Asha_seastar","2","3","5"
"ashakirov","3","2","5"
"ashalisalam","3","2","5"
"ashanin","2","3","5"
"ashaw2","3","2","5"
"ashaypal","3","2","5"
"AshikHegde","3","2","5"
"ashil3","4","1","5"
"Ashimbekov1","3","2","5"
"Ashish89","2","3","5"
"ashley-kd","3","2","5"
"AsHoK_Rauthan","2","3","5"
"ashokmusham","2","3","5"
"Ashra85","2","3","5"
"ashraf2000","3","2","5"
"AshrafAliS100","4","1","5"
"ashrafbadawy10","3","2","5"
"AshtonAttack","2","3","5"
"ashtrayk","2","3","5"
"Asi1111","2","3","5"
"ask_adam_Dayksayd","3","2","5"
"Askar2332","4","1","5"
"asm2020","2","3","5"
"asmaa2011","1","4","5"
"Asmanov_Daniil1234","2","3","5"
"AsmariteChess","3","2","5"
"Asmulyadi_RCK","2","3","5"
"Asnayuu","2","3","5"
"Asor18","2","3","5"
"aspectre0","3","2","5"
"Aspermoon098775994","3","2","5"
"aspirator","3","2","5"
"asr1910","2","3","5"
"asrhiuesa","3","2","5"
"aSsassin01114631269","3","2","5"
"AssTaffy","3","2","5"
"AssTerix01","2","3","5"
"AstanA176","4","1","5"
"AsteredZERO","3","2","5"
"Asterie","3","2","5"
"AsterJP","3","2","5"
"astinne","2","3","5"
"Astolfo88","2","3","5"
"astti","3","2","5"
"asudaaa","3","2","5"
"asymetria","2","3","5"
"ata_ja","3","2","5"
"AtAdam8","3","2","5"
"atakann0","2","3","5"
"atarregat","2","3","5"
"atharvvstar","2","3","5"
"Athen1","3","2","5"
"Atheneo93","3","2","5"
"atigga","2","3","5"
"atinifileverenkovboy","2","3","5"
"ATJed","2","3","5"
"AtlasTurner","2","3","5"
"Atom20","2","3","5"
"atomicedtenses","3","2","5"
"Atomtepsi","2","3","5"
"attaque999","2","3","5"
"attebackman","2","3","5"
"auaou","2","3","5"
"AudioShifter","3","2","5"
"audit0ria3t","2","3","5"
"Auera_Auara","2","3","5"
"Augyk_Bambino","3","2","5"
"aundraalta","2","3","5"
"Auramie","3","2","5"
"Aurel_AS","2","3","5"
"Aurel456","4","1","5"
"Aurora710","3","2","5"
"Aussenrisst","2","3","5"
"austinc2003","1","4","5"
"AutisticFrog","3","2","5"
"Autodidacta","1","4","5"
"Auxelvn","2","3","5"
"AVas1lev","3","2","5"
"avatar101101","3","2","5"
"avay_HK","2","3","5"
"avichal_biswari","4","1","5"
"avikqqqq","1","4","5"
"Avila8","3","2","5"
"avreli","3","2","5"
"Avslugin80","3","2","5"
"AvtorRa","3","2","5"
"Axeldamb","2","3","5"
"Axelerateur","3","2","5"
"AxelNordov","2","3","5"
"axelrobledolopez","2","3","5"
"AyanLekhi","1","4","5"
"ayanlie7","3","2","5"
"ayanokoji040","2","3","5"
"ayatghaffari","3","2","5"
"ayawkol3","4","1","5"
"Ayax","2","3","5"
"AydarING","3","2","5"
"ayday","3","2","5"
"aydinkose","2","3","5"
"aykaa014","2","3","5"
"aynof","3","2","5"
"ayoubhq","2","3","5"
"Ayun_Fitriana","3","2","5"
"ayushdubey516","2","3","5"
"ayushman_ad","2","3","5"
"Azamat_RR","3","2","5"
"azbycx123456","3","2","5"
"Aze_huseyn","3","2","5"
"Azerbaijan_Champion","2","3","5"
"Azeri_chess1999","3","2","5"
"AzibHaikal","4","1","5"
"Aziz_Shameem","3","2","5"
"AzIz1998","2","3","5"
"Azomem","3","2","5"
"azpazp","1","4","5"
"azuar1964","3","2","5"
"Azulroberto","2","3","5"
"Azumii","2","3","5"
"azymo","2","3","5"
"B_DHANANJAY_DJ","4","1","5"
"B0103232338","2","3","5"
"B0bat","3","2","5"
"B0mbadil","2","3","5"
"B135","3","2","5"
"b1gb3n97","2","3","5"
"B3nG1","3","2","5"
"b4eveer","3","2","5"
"B70649007JACK","2","3","5"
"baba___yaga","2","3","5"
"Baba_Dla_Bokr","2","3","5"
"baba05","1","4","5"
"baban666","2","3","5"
"Babimyna","2","3","5"
"BabkinSnus","2","3","5"
"babos1","2","3","5"
"babushka10","1","4","5"
"Babzy","3","2","5"
"BAC_TranTuanLong","2","3","5"
"BackgammonBarbosa","2","3","5"
"bad_fetus","3","2","5"
"Badchessbutbigdong","1","4","5"
"badecimolla","2","3","5"
"Badkalu","2","3","5"
"badmoves77","2","3","5"
"Baduna","2","3","5"
"Bagdat_Sayan0528","3","2","5"
"bagirgankaan","3","2","5"
"Bagross","3","2","5"
"bahaashaalan","3","2","5"
"bahram1396","3","2","5"
"BahriWhite","3","2","5"
"Bahzad","3","2","5"
"bajro","2","3","5"
"bakdauletsp","3","2","5"
"bakermann","3","2","5"
"Bakhroom","2","3","5"
"bakhtiyar1985","1","4","5"
"baklengs","3","2","5"
"balazsg","3","2","5"
"Balchi","3","2","5"
"BallisticT","3","2","5"
"Balvad","3","2","5"
"bambino_cattivo","2","3","5"
"bananamilkcharlie","3","2","5"
"BanderBander","2","3","5"
"BaneofSasquatch","2","3","5"
"bannartel","4","1","5"
"BANZEEN","2","3","5"
"Bapapkd","2","3","5"
"baptistepicard98","3","2","5"
"Bar1981suk","3","2","5"
"baraka8","2","3","5"
"barbod87","3","2","5"
"Barbohooooooo","3","2","5"
"barbosean","3","2","5"
"barby34","2","3","5"
"BarDeHose","2","3","5"
"Barhoz","3","2","5"
"Barigel","2","3","5"
"BARIKATA","3","2","5"
"baris-35","2","3","5"
"Barken_999","2","3","5"
"Barking_Squirrel","2","3","5"
"Barnacle_Boyz","2","3","5"
"Barnone","3","2","5"
"barracudax","2","3","5"
"Barren","2","3","5"
"BarrettM107","2","3","5"
"Bas1nray","2","3","5"
"Basbhat","2","3","5"
"BaSer84","1","4","5"
"bash662","4","1","5"
"basichess","2","3","5"
"Basitball","1","4","5"
"Bassenbart","3","2","5"
"bast0s","2","3","5"
"bat_MANGIO_ngiangela","3","2","5"
"Batan1","1","4","5"
"batil5","3","2","5"
"Batman2588","3","2","5"
"BatManYe","3","2","5"
"batmanyolo","3","2","5"
"BATOR888","3","2","5"
"batuhanTR10","4","1","5"
"batuka1","2","3","5"
"Baturklm52","2","3","5"
"BauernWeisheit","3","2","5"
"BauyrsaqOFF","3","2","5"
"bayer19","2","3","5"
"baykar93","2","3","5"
"bayonas","3","2","5"
"Bazinga69","2","3","5"
"bborisggorny","3","2","5"
"bboyy","2","3","5"
"BC9898","2","3","5"
"bcc000069","3","2","5"
"bccgvvg","2","3","5"
"Bdf3421","3","2","5"
"be-green","3","2","5"
"BeardedLegend","2","3","5"
"BeardedMoose","3","2","5"
"BEAST53","3","2","5"
"Beatrixu","2","3","5"
"beautifulwoman","2","3","5"
"beautyq95","2","3","5"
"bebra_omlet","2","3","5"
"BebyII","2","3","5"
"Bechtl187","3","2","5"
"BEdajo","3","2","5"
"bedman0","3","2","5"
"beefy-vegan","2","3","5"
"BEETRX","3","2","5"
"begichev","2","3","5"
"Beginner002","2","3","5"
"Beginner16112","3","2","5"
"Beginnerslave","3","2","5"
"Begmyradov","2","3","5"
"BeheadedPotato","1","4","5"
"Behem0th","2","3","5"
"behrad_kanani2","2","3","5"
"BeindAas","2","3","5"
"beizoot","3","2","5"
"bejoysen","2","3","5"
"Bekzat_Maman","3","2","5"
"bekzata_adilbek","4","1","5"
"Belathor30","3","2","5"
"Belayasmert","2","3","5"
"Belgiumchesslover","3","2","5"
"Belich_ip","2","3","5"
"Belisarius533","3","2","5"
"Beliy_ifon","2","3","5"
"BellaPed1","2","3","5"
"Beloglazov_Dima","3","2","5"
"Belsebusky","2","3","5"
"BeMisjudged","3","2","5"
"Ben_wood535","2","3","5"
"Ben816","2","3","5"
"Benacchio","2","3","5"
"Bencoto","3","2","5"
"BenevolentGremlin","3","2","5"
"benhaik","2","3","5"
"Benj2612","2","3","5"
"benjamin_6","2","3","5"
"Benjamin1989","3","2","5"
"benjaminbenjamin","3","2","5"
"Benjaminmasterchess","3","2","5"
"benjamintbuck","3","2","5"
"benjidenji","2","3","5"
"Benkei34","2","3","5"
"bennori","3","2","5"
"BennyBear","4","1","5"
"BenPries","2","3","5"
"Bensocks","2","3","5"
"Benson004","4","1","5"
"bensultaniemir","2","3","5"
"bentaco","3","2","5"
"bepmoll","3","2","5"
"bepoy1619","3","2","5"
"beppe899","3","2","5"
"beratdeveci","2","3","5"
"Bercoq","3","2","5"
"bereg-ru","3","2","5"
"BerfinBesnaCan","2","3","5"
"Bergiis","2","3","5"
"Bergschnee","2","3","5"
"BerkayPilan","1","4","5"
"berkayuckun","2","3","5"
"berkcanonerge","1","4","5"
"berkchan","3","2","5"
"berkeoflas","2","3","5"
"BerkoProf","2","3","5"
"Bernhard_Riemann","3","2","5"
"Bernhardinho","1","4","5"
"BernsRevenge","2","3","5"
"berry48844","3","2","5"
"BerryJohn","3","2","5"
"Bertje","3","2","5"
"Besho_wahed","3","2","5"
"Besho0o","3","2","5"
"BeshoyYoussefGrgis","2","3","5"
"bestiamarina","2","3","5"
"BestPlayerEver2009","2","3","5"
"Betathunder","2","3","5"
"Beth_Harmon1212","2","3","5"
"beth_hrm","2","3","5"
"Beto2021","3","2","5"
"Betsaleldrezdner","3","2","5"
"Bette0909","2","3","5"
"bettercalldr","2","3","5"
"beyzaguirre","2","3","5"
"Bezgolovyi_Kamikadze","2","3","5"
"Bezinho","3","2","5"
"bezsens12","2","3","5"
"bferreccio","1","4","5"
"BFormula","3","2","5"
"Bgomez","2","3","5"
"BhadPuffy","3","2","5"
"BhanieDos","2","3","5"
"bharath2computer","1","4","5"
"BHarmonysBrother","2","3","5"
"bhawna_121","3","2","5"
"BHB68","2","3","5"
"Bhekie","4","1","5"
"Bhkiborg","3","2","5"
"Bhoir_K","3","2","5"
"BhokarePravin","3","2","5"
"bhonbhon6","3","2","5"
"bhoplogs","3","2","5"
"BI-35_AVA-2WIN","2","3","5"
"Bianca_Soubac","2","3","5"
"biaoche","2","3","5"
"bias73","3","2","5"
"BibeKK","3","2","5"
"BibiYoHalla","3","2","5"
"biciclub","2","3","5"
"bidochon","2","3","5"
"Bielhera","2","3","5"
"BieszczadzkiZakapior","3","2","5"
"BiffTheUnderstudy","3","2","5"
"big_arabin","2","3","5"
"big5","2","3","5"
"BigBrainTime333","2","3","5"
"BigBrotherECE","2","3","5"
"Bigfoot82","3","2","5"
"BigFreeze23","2","3","5"
"bigggggggg","3","2","5"
"bigjonny1979","2","3","5"
"BigMoAb","3","2","5"
"bigmomo98","2","3","5"
"BigMountain1981","3","2","5"
"BigSpencer","2","3","5"
"bigv94","2","3","5"
"bigwes69","2","3","5"
"BilboSwagginz","2","3","5"
"Bilbulem","2","3","5"
"bill2ks","2","3","5"
"BillWyman","3","2","5"
"Billy_Shaibel","1","4","5"
"billy2023","3","2","5"
"bimyou29","2","3","5"
"Binziboy","3","2","5"
"BiomancerArchon","4","1","5"
"Bioniclephoenix","3","2","5"
"Birka92","3","2","5"
"Bishnujeet","2","3","5"
"Bishop_Bravo","2","3","5"
"bishopIN-Apawnshop21","3","2","5"
"bistik","3","2","5"
"Biswajit1234","3","2","5"
"Bitcoin2023","3","2","5"
"bj2048","3","2","5"
"bjegg","2","3","5"
"Bjorkaf","3","2","5"
"bjorni","3","2","5"
"bkff","3","2","5"
"blablablubblob","2","3","5"
"black_777","3","2","5"
"Black_7hunder","2","3","5"
"black_diamond_22","2","3","5"
"black_mamba1985","3","2","5"
"BLACK-devils","2","3","5"
"BLACK-SKY-1","4","1","5"
"BlackberryRIM","3","2","5"
"Blackbirne","2","3","5"
"blackblue366","2","3","5"
"blackchilly","3","2","5"
"Blackeagle05","2","3","5"
"blackeagle11","3","2","5"
"BLACKKNIGHT1011","3","2","5"
"BlackKnight3000","3","2","5"
"blackmarkhaled","2","3","5"
"blacKnightRider","3","2","5"
"BlackSin","2","3","5"
"bladimirov","3","2","5"
"Blank404","2","3","5"
"blaqxi","3","2","5"
"blasco900","2","3","5"
"blasssianwoukkk","3","2","5"
"blazyy","3","2","5"
"Bleaks00","3","2","5"
"BLEEDIN","1","4","5"
"bleistar","2","3","5"
"Blilista","2","3","5"
"blind-chance","3","2","5"
"bliof","1","4","5"
"blitz123abc","3","2","5"
"blitzbulletreis","2","3","5"
"BLITZO_17","2","3","5"
"BlondieSenior","3","2","5"
"BloodyValentine16","2","3","5"
"bluder","2","3","5"
"blue_tiger98","4","1","5"
"BLUE00WHALE","2","3","5"
"Blueapple29","3","2","5"
"bluemaster93","3","2","5"
"Blues_Kid","3","2","5"
"bluesify","2","3","5"
"blueskye","2","3","5"
"bluesman21","3","2","5"
"Blunder_King11","3","2","5"
"blunderandbeer","3","2","5"
"blunderBB","2","3","5"
"BLV_CuongPham","4","1","5"
"bmaphamgiahung2014","2","3","5"
"bmoney43","3","2","5"
"BMpuran","3","2","5"
"bmr34","3","2","5"
"bnkurdoglu","2","3","5"
"BoaVila","2","3","5"
"Bob086","2","3","5"
"Bob83","2","3","5"
"BOBAH96RUS","2","3","5"
"bobbimous","3","2","5"
"BobbyButler","2","3","5"
"bobbyfischer1983","3","2","5"
"BobKerman42","3","2","5"
"Boblioblob","1","4","5"
"bobryshev","3","2","5"
"Bochkovvvvv2004","2","3","5"
"BockoKina","3","2","5"
"bodoia","3","2","5"
"Bodomomo","3","2","5"
"BoedoTango","2","3","5"
"BoganRiot","3","2","5"
"bogdanmad","3","2","5"
"Bogdantheturnipboy","2","3","5"
"boghetta","2","3","5"
"bogusakakomik","2","3","5"
"Bohlale020822","2","3","5"
"BoiledEggMan","2","3","5"
"BoingBoingHatstand","4","1","5"
"BoingDeMango","3","2","5"
"BojackTheHorseman","3","2","5"
"bokondaro","2","3","5"
"Bokrock","3","2","5"
"BOLA-OCHO","2","3","5"
"Bolat58","3","2","5"
"bolivia3","2","3","5"
"Bollie_123","3","2","5"
"bollopet","2","3","5"
"BololoElManso","3","2","5"
"bombaStorta","2","3","5"
"bompo17","2","3","5"
"Bone_Lord","1","4","5"
"bonford","3","2","5"
"bononi","2","3","5"
"Boogar","2","3","5"
"boolaboola","3","2","5"
"BoooooomBaby","3","2","5"
"Boor1104","3","2","5"
"Boppels","3","2","5"
"bordovyi_pion","2","3","5"
"borgochess","2","3","5"
"borgoo","2","3","5"
"BoringGiraffe","3","2","5"
"Boriss1995","3","2","5"
"Borivoje32143214","2","3","5"
"borjavalero","3","2","5"
"borpatra22","3","2","5"
"borste","1","4","5"
"borsti01","2","3","5"
"Borunoff","4","1","5"
"boson95","3","2","5"
"bosqyu","2","3","5"
"BossPrkhr","3","2","5"
"bosstarah","3","2","5"
"Bostonx","1","4","5"
"BOT_TAKE_BOT","3","2","5"
"Bot9891","3","2","5"
"botkap","2","3","5"
"Botvinnik_3000","2","3","5"
"bouflugelhorn","3","2","5"
"boukhsibiyouness","3","2","5"
"boulbaal","3","2","5"
"Bousnif","3","2","5"
"Boyka1101","3","2","5"
"Bozerr","2","3","5"
"bozhemoi","2","3","5"
"bqt","3","2","5"
"Brad_182526","2","3","5"
"BradyW23","4","1","5"
"brahimen07","3","2","5"
"BraianGabriel1994","3","2","5"
"Braids_Braids","3","2","5"
"brainburried","2","3","5"
"brankoJ","2","3","5"
"brap3","3","2","5"
"Bratten","3","2","5"
"bravity","2","3","5"
"Brcst_1903","3","2","5"
"Bredberg","2","3","5"
"Bremtar","2","3","5"
"brenfrommo","3","2","5"
"brenner","3","2","5"
"brentwoodmansee","3","2","5"
"Breogal","3","2","5"
"bresquexelle","3","2","5"
"Breush","2","3","5"
"BreynerDiaz123","2","3","5"
"brgvk179","3","2","5"
"briantr3n","3","2","5"
"Brickstonemayer","2","3","5"
"BrikaCombo","3","2","5"
"Brilliant_green","3","2","5"
"brillianthustler","2","3","5"
"britovsky","2","3","5"
"brk4y","3","2","5"
"Brkalija","3","2","5"
"brockbrock","3","2","5"
"BrokenMessiah","2","3","5"
"bronx27chess","3","2","5"
"BrorJace8","2","3","5"
"BROSAM","3","2","5"
"Broski06","3","2","5"
"BrotherJustin","3","2","5"
"Bruelly","2","3","5"
"Bruh448","2","3","5"
"Brumach","2","3","5"
"Brunehault","3","2","5"
"bruninho95","2","3","5"
"bruno_rock","2","3","5"
"brunobcmachado","2","3","5"
"Brunomarcal","2","3","5"
"BrunoMoniz","3","2","5"
"Brunotti","2","3","5"
"BrutneySpears","1","4","5"
"brutoman","2","3","5"
"bruviar14","2","3","5"
"BryanDC07","3","2","5"
"bsmp","2","3","5"
"Buba077","3","2","5"
"BUBBA_T","2","3","5"
"bubbeltje","3","2","5"
"Bubenprnd","3","2","5"
"bubion","2","3","5"
"bubuh72","2","3","5"
"BuckinBishop","1","4","5"
"buckshot37","4","1","5"
"buco81","2","3","5"
"Buddhasingh","3","2","5"
"buffbishop","2","3","5"
"buffston","3","2","5"
"buffu","2","3","5"
"bugaz","2","3","5"
"bugchesss","2","3","5"
"bukitmar","2","3","5"
"Bukowski90","2","3","5"
"Bula7743","2","3","5"
"Bulbix96","3","2","5"
"Bullen","2","3","5"
"Bullet_in_a_gun","4","1","5"
"Bulleteer999","3","2","5"
"BullnBear","2","3","5"
"bumyap","3","2","5"
"burak1224","4","1","5"
"burakozglll","3","2","5"
"burakryder","3","2","5"
"Buraktaban","3","2","5"
"burlybowler","2","3","5"
"burrowrush","2","3","5"
"buscanza","3","2","5"
"busheschhvvbken","2","3","5"
"busonkadeh47","2","3","5"
"Butara","2","3","5"
"butch127","3","2","5"
"butterchoke","3","2","5"
"Buttgoast","3","2","5"
"ButtonForPunishment","2","3","5"
"buttonprince","3","2","5"
"buy_the_dip","3","2","5"
"buywivai","3","2","5"
"buzhov","3","2","5"
"BuzzzAldrin","3","2","5"
"Bwana_Chairman","2","3","5"
"bzerks","2","3","5"
"bzhishk","2","3","5"
"c_alikarik","2","3","5"
"c4MasteR","3","2","5"
"Caballoasesino15","2","3","5"
"CaballoReactivo","2","3","5"
"cacafasdhnfd","2","3","5"
"Cachivachess64","1","4","5"
"cachumpleyconseca","3","2","5"
"CaerGov","2","3","5"
"caffeinemachine","2","3","5"
"cagaricagar","2","3","5"
"caglar7c","2","3","5"
"cahhsheth","2","3","5"
"CAIIGE","2","3","5"
"Caileb20","2","3","5"
"Caimz0919","2","3","5"
"caissa11","2","3","5"
"CaissaKnight","2","3","5"
"caiz","3","2","5"
"calabriaknights","3","2","5"
"Calculation2023","2","3","5"
"calebmisip09","3","2","5"
"CalebSamland","2","3","5"
"Calemdos","3","2","5"
"calleKAZE","2","3","5"
"CallsmeGiorgio","2","3","5"
"calrou","2","3","5"
"Calvin2512","3","2","5"
"calvinelgenio","4","1","5"
"calvinmaster","2","3","5"
"cam219","2","3","5"
"cambaz01","2","3","5"
"CamdaMan7","2","3","5"
"Camelot42","2","3","5"
"Camilo-y-Evaluna","2","3","5"
"CamiloSanchez93","3","2","5"
"canerrceylann","3","2","5"
"CanIWinYouOrNot","2","3","5"
"canmehmet","3","2","5"
"Cantav3","2","3","5"
"cantinflita","3","2","5"
"cantxryc","3","2","5"
"Canwithchess","3","2","5"
"CanYigit","3","2","5"
"Capablanca_eol","2","3","5"
"Capablancaa1212","3","2","5"
"CapablancasFam","3","2","5"
"Capac3","2","3","5"
"Capachess-21","1","4","5"
"capanegra2","2","3","5"
"capanlanca0244","2","3","5"
"CapAnson","2","3","5"
"capitansalami01","2","3","5"
"capoo61","3","2","5"
"Captain-X","2","3","5"
"CaptainAmerica24","3","2","5"
"CaptainM4","2","3","5"
"CaptainMates","3","2","5"
"CaptainNoob","2","3","5"
"Captainprime17","2","3","5"
"Captnroll","2","3","5"
"CaptnScrow","3","2","5"
"Capuero39","2","3","5"
"Capurro10","2","3","5"
"caracolcientifico","3","2","5"
"Cardano-Apollo","3","2","5"
"Cardrid","2","3","5"
"Carld201","2","3","5"
"Carlegs","3","2","5"
"carlernest","2","3","5"
"CarlHD","2","3","5"
"Carlo_Leperggio","2","3","5"
"carloandrea","3","2","5"
"Carlos7Kevin_Elite","2","3","5"
"carlosdaga","2","3","5"
"CARLOSDIAZ66","2","3","5"
"CarlosDominguez8","3","2","5"
"CarlosFonseca17","3","2","5"
"CarlosIHD","1","4","5"
"Carlosjaquezchess","3","2","5"
"carlosRosario","3","2","5"
"carlsen5642","2","3","5"
"carlsennnsiummm","2","3","5"
"Carlton123","3","2","5"
"carltzy12","2","3","5"
"carmen_rodriguez","2","3","5"
"Caro-kannonMAN","2","3","5"
"Caro-kannot-defend","4","1","5"
"Carpablanca14","3","2","5"
"Carpalim","3","2","5"
"Carsolbed","3","2","5"
"Cas1nka","2","3","5"
"Casa-bianca","2","3","5"
"caseybkn","3","2","5"
"CaseyS","3","2","5"
"Casio7","2","3","5"
"castee","2","3","5"
"castlinglex","4","1","5"
"CastroLG","1","4","5"
"casubbe","2","3","5"
"Cat277","2","3","5"
"Catalin_Gabriel","3","2","5"
"CatKingofCharleston","2","3","5"
"caua960","1","4","5"
"CautiousFeather","3","2","5"
"cavalier_seul","2","3","5"
"cavem4n","3","2","5"
"caxan","3","2","5"
"caxwawa","2","3","5"
"Cbdh","3","2","5"
"cblipko","3","2","5"
"CBR_BLK666","2","3","5"
"CBTKing","3","2","5"
"CCC_444","3","2","5"
"ccccvvvvv3712","3","2","5"
"CCM30","2","3","5"
"CCS702","3","2","5"
"Ceasarizzle","1","4","5"
"CebadillaMantecona","4","1","5"
"Cebiman01","3","2","5"
"cebis46","2","3","5"
"cebo_kartal","2","3","5"
"Cedi301","2","3","5"
"cedjas","3","2","5"
"celar93","1","4","5"
"celebialp","2","3","5"
"Celeriter000","2","3","5"
"celikhuseyincan","3","2","5"
"celikkerem34","3","2","5"
"celilreyiz","3","2","5"
"celurut","3","2","5"
"Cena404","2","3","5"
"cercise","2","3","5"
"Cesar_Galvis","3","2","5"
"cesardelvalle","2","3","5"
"Cesardrez50","3","2","5"
"cesarinrin","2","3","5"
"Cesarking84","3","2","5"
"cescmont","3","2","5"
"ceta4xd","3","2","5"
"Cetin79","3","2","5"
"Cetto","2","3","5"
"Cf3enla1","3","2","5"
"CFN_Tarantino","3","2","5"
"cg_ZeuSyt","3","2","5"
"cgoblin15","2","3","5"
"ChabanetzRV","2","3","5"
"chadmillard","3","2","5"
"ChAhmad1","2","3","5"
"ChaimLefkowitz","2","3","5"
"chaimnaftali","3","2","5"
"ChaitanyaVadehra","3","2","5"
"chaksamy","3","2","5"
"chamath11","3","2","5"
"chana1","3","2","5"
"Chancherox","3","2","5"
"chandanc","1","4","5"
"chango81","3","2","5"
"Changuito","2","3","5"
"ChanulD2008","2","3","5"
"Chappee","2","3","5"
"charan1045","3","2","5"
"charanraj","3","2","5"
"chargerr","3","2","5"
"chariskr","3","2","5"
"charlattaque","3","2","5"
"charleshanlinke","3","2","5"
"Charleshine22","2","3","5"
"Charlesnet28","3","2","5"
"charli007001","2","3","5"
"charlierasp","3","2","5"
"CharlieSACH","2","3","5"
"charybdouze","2","3","5"
"chasealmond1","3","2","5"
"Chasper1963","3","2","5"
"ChatturangamPragg","3","2","5"
"chatu_ranga01","2","3","5"
"ChauMiFan","3","2","5"
"Checkers1145","2","3","5"
"CheckM84u","3","2","5"
"checkmate111444","3","2","5"
"CheeekyBlinders","3","2","5"
"Cheerful96","2","3","5"
"cheery07","2","3","5"
"Cheeseboxer","1","4","5"
"cheessars","3","2","5"
"Cheesy11","3","2","5"
"cheggart","3","2","5"
"Chejov44","2","3","5"
"chejuro","2","3","5"
"chemabeer","4","1","5"
"Chemast","2","3","5"
"Chemfun-25","3","2","5"
"Chepux1","2","3","5"
"Cherrybum82","3","2","5"
"CherryCz0pek","3","2","5"
"ChesMasterr0","3","2","5"
"chess_c_o_m","2","3","5"
"chess_for_fun","2","3","5"
"chess_is_best","3","2","5"
"Chess_PXG_Driver","2","3","5"
"chess_troll7","2","3","5"
"Chess504","3","2","5"
"Chess94290","2","3","5"
"chessab1ssss","2","3","5"
"Chessarkangel","3","2","5"
"Chessbeggener","2","3","5"
"chessbeginerbtw","3","2","5"
"ChessBhard","2","3","5"
"ChessBize","2","3","5"
"chessbr16","2","3","5"
"chessbullies","3","2","5"
"chessbunnyy","3","2","5"
"ChessBurgerOfficial","2","3","5"
"chessdlm34","2","3","5"
"Chessdotcom1","2","3","5"
"chessedtokill","2","3","5"
"chesser746","2","3","5"
"CHESSERPRATYUSH","3","2","5"
"ChessFaaab","2","3","5"
"ChessFistRate","2","3","5"
"ChessforKidsklebang","2","3","5"
"ChessGiraff","3","2","5"
"ChessGuy72","3","2","5"
"ChessHeroes","3","2","5"
"chessismyfavorite","2","3","5"
"chesskiddooo1900","3","2","5"
"chessking6500","3","2","5"
"Chessking69p","2","3","5"
"chesskingdom269","3","2","5"
"ChessLordGVL","2","3","5"
"Chesslover2410","2","3","5"
"chesslover8310","3","2","5"
"chessluver","3","2","5"
"chessmaster0000000","2","3","5"
"chessmaster1986","3","2","5"
"chessmaster2612","2","3","5"
"ChessMasterChess50","2","3","5"
"chessnicolas1","3","2","5"
"chessninja48","2","3","5"
"Chessnochock","2","3","5"
"chessnoob502","4","1","5"
"chessnut44","2","3","5"
"chessofthejungle","3","2","5"
"chessolotti","2","3","5"
"chessomary","3","2","5"
"ChessOptmusPrime","2","3","5"
"Chessoutwit","3","2","5"
"chesspark22","3","2","5"
"chesspieces2","2","3","5"
"ChessPixEll","2","3","5"
"Chessplayer00000","3","2","5"
"ChessProducers","3","2","5"
"chessquisito","2","3","5"
"ChessSchoField","2","3","5"
"chessstrike7","3","2","5"
"ChessSweden","3","2","5"
"chesster7896","2","3","5"
"Chessthisen","2","3","5"
"chesstoaster","2","3","5"
"chesstofail","3","2","5"
"chessyoyo63","2","3","5"
"ChetoZ","3","2","5"
"Chewbacca18","2","3","5"
"chezstar7","2","3","5"
"chf1dz","3","2","5"
"Chichirawung","2","3","5"
"Chickenhill","2","3","5"
"Chico_Malo","3","2","5"
"Chief0921","2","3","5"
"ChiefComrade","2","3","5"
"Chikg99","3","2","5"
"Chilenga","3","2","5"
"chill_bro1808","3","2","5"
"chinese_perc10s","2","3","5"
"chinkeexd","3","2","5"
"chinmayjoshi75","2","3","5"
"chirag7691","3","2","5"
"ChistyakovaAnna","2","3","5"
"ChizhChess","2","3","5"
"chizhik1337","1","4","5"
"ChizieJosephC","3","2","5"
"chloe113","2","3","5"
"chngrnr","3","2","5"
"Choicem","2","3","5"
"chojipam","3","2","5"
"chop999333","2","3","5"
"chopigb","3","2","5"
"Chris_21","2","3","5"
"Chrismir","2","3","5"
"chrisol","3","2","5"
"christian_jimenez_79","3","2","5"
"Christian3917","3","2","5"
"Christo88","3","2","5"
"Christoph_Gauss","2","3","5"
"Christopher_H138","2","3","5"
"christopherinreston","1","4","5"
"Christoss9","3","2","5"
"christss","2","3","5"
"Chsspalyer_2021","2","3","5"
"chtchii","2","3","5"
"ChupaMango505","3","2","5"
"Chupitodesopa","2","3","5"
"Churisputta","3","2","5"
"Chuvashstan","3","2","5"
"chuza10","3","2","5"
"chvanov_ivan","3","2","5"
"chycha","4","1","5"
"chyngyz_isakov88","2","3","5"
"ciara_2122","2","3","5"
"ciarang538","2","3","5"
"cicciopasticcio88","2","3","5"
"cidoR","3","2","5"
"cikguputra","3","2","5"
"Cilath","3","2","5"
"cincin99","2","3","5"
"CiprianBadea","3","2","5"
"CirsiumVulgare","3","2","5"
"cizmeli","4","1","5"
"Cjhayy","2","3","5"
"CKPF","2","3","5"
"ckrause1","2","3","5"
"claa21","3","2","5"
"CLANNNAD","3","2","5"
"Clarisseeee","3","2","5"
"clash78","2","3","5"
"Claud2","2","3","5"
"clebernoslin","2","3","5"
"cleitonrose","2","3","5"
"Clemsons","2","3","5"
"cleth95","2","3","5"
"CliffyBeef","3","2","5"
"clintongrillon","3","2","5"
"clitoris_borealis","3","2","5"
"Clivenzu","1","4","5"
"cll_b","3","2","5"
"closer85","3","2","5"
"clovek567","3","2","5"
"Clozaril","2","3","5"
"Club_Gutichess","2","3","5"
"Cmateo022","2","3","5"
"cmtheguy","3","2","5"
"cnrkutuk","3","2","5"
"CoachCurtis","2","3","5"
"coaguilaedisonupc","3","2","5"
"coastalmango","2","3","5"
"Coateswelsh","3","2","5"
"Cobalto27","2","3","5"
"cobweb","3","2","5"
"Coco22000","3","2","5"
"Cocoska22","3","2","5"
"CodnichRaciny","3","2","5"
"codra","2","3","5"
"Coelus","3","2","5"
"CoHollaender","3","2","5"
"coih","3","2","5"
"coiling","2","3","5"
"coke1","2","3","5"
"colehud","2","3","5"
"colibas","3","2","5"
"colliers","3","2","5"
"colonel_moutarde","2","3","5"
"colonelmj","2","3","5"
"colorado_vulture","2","3","5"
"Columbus321","2","3","5"
"colxaly","1","4","5"
"comandanteeee","3","2","5"
"Combo123","2","3","5"
"Comel123","3","2","5"
"comellotey","2","3","5"
"comingandgoingaround","2","3","5"
"computara","2","3","5"
"concavecraig","2","3","5"
"ConCrEAT","3","2","5"
"ConeOfDunshire","2","3","5"
"confused_sorcerer","2","3","5"
"confusionspell","2","3","5"
"congbadaosdbg","3","2","5"
"congeja","3","2","5"
"ConguitoGM","3","2","5"
"connectingpawns","3","2","5"
"Connective_tissue","3","2","5"
"conquer101","4","1","5"
"consstantinie","3","2","5"
"const_shi","3","2","5"
"Contelles85","3","2","5"
"coolbrandon","3","2","5"
"coolesschach","2","3","5"
"cooljared","2","3","5"
"coolline","3","2","5"
"copenag","2","3","5"
"cor732","2","3","5"
"CORBAN_DALLAS161","2","3","5"
"corle7777","3","2","5"
"coroleva77","2","3","5"
"Cortinanegra","2","3","5"
"Cortizz","3","2","5"
"CostaFilho","3","2","5"
"Couldy","2","3","5"
"couloucoucou","3","2","5"
"couture","2","3","5"
"cova78","2","3","5"
"cow123","3","2","5"
"cowmanure","2","3","5"
"CP-Kenneth","2","3","5"
"CPalomar","3","2","5"
"cpriieur","3","2","5"
"crapatanta","3","2","5"
"Crapulent","3","2","5"
"crazy_devill","2","3","5"
"crb5000","2","3","5"
"createa","2","3","5"
"creativeyoungminds","2","3","5"
"creg","2","3","5"
"CRIMALEXRAZ","3","2","5"
"Crimson_Tide","2","3","5"
"CringeOwl","1","4","5"
"cris_melian","3","2","5"
"CrisACV","3","2","5"
"CristhianC92","3","2","5"
"Cristi_Maresal","3","2","5"
"Cristian_S","3","2","5"
"cristiansamuel17","3","2","5"
"Croatian-Sensation","2","3","5"
"CRochin","3","2","5"
"CrossrunnerM50","2","3","5"
"Crouchback","4","1","5"
"Crunchy_Crunchy","3","2","5"
"CrunkSkunk","3","2","5"
"Cruz_Sacalxot","2","3","5"
"Cryptem22","3","2","5"
"cryptojack","3","2","5"
"CS-7","2","3","5"
"csant","3","2","5"
"csl123","1","4","5"
"csop","3","2","5"
"CTaPblu","2","3","5"
"ctellez","1","4","5"
"ctr","3","2","5"
"Cuban_Metalhead","2","3","5"
"cubedbrain","2","3","5"
"Cucu77","3","2","5"
"Cucusna","2","3","5"
"cuerdo","3","2","5"
"Cuervo789","3","2","5"
"Cuetastic","3","2","5"
"Cuetzalan","3","2","5"
"Cuicuithebird","3","2","5"
"cullg02","2","3","5"
"culodemono777","3","2","5"
"CuongCOI","2","3","5"
"cuttysark","1","4","5"
"cvd01","3","2","5"
"cxrlxs_s","3","2","5"
"cxxd4","4","1","5"
"cy_checkmt","2","3","5"
"cyanthought","3","2","5"
"cyb25","2","3","5"
"CyberCheck","2","3","5"
"CyborgMachine23","2","3","5"
"cyexbf","3","2","5"
"cynthia_ngeny","3","2","5"
"CyrusGold","2","3","5"
"D_Cesar12","3","2","5"
"D_IO","2","3","5"
"D_Prawira","3","2","5"
"D-EvilZz","2","3","5"
"D-krave","2","3","5"
"d-ridah","2","3","5"
"D0_3ABTRA","3","2","5"
"d0minik_69","3","2","5"
"D10SChess","2","3","5"
"D1zard","3","2","5"
"D3141592","3","2","5"
"D3VS","3","2","5"
"D4isbetterthanE4","3","2","5"
"d4soldier123","3","2","5"
"da_haider_01","3","2","5"
"da_nu_trayne","1","4","5"
"DaafnjrAcme","3","2","5"
"Daaiivv","2","3","5"
"DaarunArul_20146","3","2","5"
"DaaVillee","2","3","5"
"daBALYAN8","3","2","5"
"dabbang111","1","4","5"
"dabestplaya","3","2","5"
"dabrachovsky","3","2","5"
"Dacholina","2","3","5"
"Daddy13","1","4","5"
"daddyashley","2","3","5"
"daddyhope","2","3","5"
"Daddypum","3","2","5"
"daedluapsi","2","3","5"
"Dafraano","2","3","5"
"dagpag","3","2","5"
"daibak","3","2","5"
"Daigor0202","1","4","5"
"DaiWales","3","2","5"
"Daksh_Yadav_6213","3","2","5"
"Dakshin_DK","2","3","5"
"DakTrek","3","2","5"
"Daktylos509","1","4","5"
"dal777","3","2","5"
"Dalalsonu321","2","3","5"
"dalarm","3","2","5"
"Dallben","2","3","5"
"DaLuaRJ","2","3","5"
"Dam1500","4","1","5"
"Damah","2","3","5"
"damdayatan","3","2","5"
"damed7","2","3","5"
"Damian1960","3","2","5"
"Damian321","2","3","5"
"DamijanP","2","3","5"
"damik37","2","3","5"
"Damiket18","3","2","5"
"damikoitlog","3","2","5"
"DamirAli123","3","2","5"
"damnbroo","2","3","5"
"Damnbroths","3","2","5"
"damndiablo","2","3","5"
"DamnX","2","3","5"
"Dan_monstr","3","2","5"
"DANAE777248","2","3","5"
"Dancingstarr","2","3","5"
"DanEdwards","2","3","5"
"danekpantoja","1","4","5"
"Dangerous_snow","2","3","5"
"DangersMaster","3","2","5"
"danhess","2","3","5"
"daniel_floripa","3","2","5"
"Daniel_simhayev","2","3","5"
"Daniel264","2","3","5"
"danielbrig","2","3","5"
"daniele0815","3","2","5"
"DanielHV-11","3","2","5"
"DanieliusM","1","4","5"
"Daniell04","1","4","5"
"danielmateo1v","3","2","5"
"DanielMorris","3","2","5"
"danielpilsen","4","1","5"
"Danielsen1984","2","3","5"
"danigocarmona","4","1","5"
"Daniil1308","3","2","5"
"danilotemuco","2","3","5"
"Danis_888","2","3","5"
"danix2006","3","2","5"
"danjebaited","2","3","5"
"danliu488","2","3","5"
"DanMos","4","1","5"
"Danny-1400","2","3","5"
"DannyAce","3","2","5"
"Dannyibz83","3","2","5"
"DANOFFX","3","2","5"
"dantek9","1","4","5"
"dantes90","3","2","5"
"Danty92","3","2","5"
"Danya2701","3","2","5"
"danyyuswanto","3","2","5"
"Dapetras","3","2","5"
"Darayavahoush","2","3","5"
"Darcaressa","3","2","5"
"Dari1138","3","2","5"
"DaringDango","1","4","5"
"darioppp","3","2","5"
"dark_star13","2","3","5"
"Darke1of","3","2","5"
"darkeval","2","3","5"
"DarkknightKrogh","3","2","5"
"Darkness64","2","3","5"
"Darknightie","2","3","5"
"darksquarejustin","3","2","5"
"Darmovoy","4","1","5"
"DarrenG20","2","3","5"
"Darshan1557","2","3","5"
"DarshankumarS_2009","3","2","5"
"DarthMarirs","2","3","5"
"dartimoos","3","2","5"
"Dartonian","3","2","5"
"darvro","2","3","5"
"DaRwAsHi-oMaN","2","3","5"
"Darwinpadilla","1","4","5"
"Darylp_baguio","2","3","5"
"DasA76","2","3","5"
"dasaheic","3","2","5"
"dashdynamics","2","3","5"
"Dashthejack","2","3","5"
"dasimon2222","2","3","5"
"dat3dq","2","3","5"
"Datilo","3","2","5"
"Datkddh","3","2","5"
"DaTommygun","2","3","5"
"dav_ward","3","2","5"
"Davegadz22","2","3","5"
"DavePlaysChess","2","3","5"
"davi848","3","2","5"
"davichwi","3","2","5"
"David_2503","3","2","5"
"David_fire","3","2","5"
"David-Alarcon99","2","3","5"
"David-Iglesias","3","2","5"
"David-Palmer","3","2","5"
"david2013champion","2","3","5"
"david2619","3","2","5"
"david91","4","1","5"
"Davidaldrin30","4","1","5"
"DavidBoros","3","2","5"
"davide_terribile","2","3","5"
"davideee","1","4","5"
"DavidEliasLp","2","3","5"
"davidgenaropalacios","2","3","5"
"davidms","2","3","5"
"davidnio","3","2","5"
"davidrb32","3","2","5"
"davidzohar","2","3","5"
"DaviGP","2","3","5"
"Daviknes","2","3","5"
"Davincii11","2","3","5"
"DavisTravis","2","3","5"
"davor1969","3","2","5"
"Davosim","3","2","5"
"Davour1988","2","3","5"
"DavudSuleymanov","3","2","5"
"Davy-095","3","2","5"
"davz131","4","1","5"
"DawidBaran","3","2","5"
"Dawideek12345","3","2","5"
"Dawidlp11","2","3","5"
"Dawkamaster","2","3","5"
"Dawsonak","3","2","5"
"dayWalker27","2","3","5"
"DBpico","3","2","5"
"dbrock77","2","3","5"
"DCBM83","2","3","5"
"DCL0875","2","3","5"
"dcremisi","2","3","5"
"dcuello","3","2","5"
"dd66d6d6d6d","2","3","5"
"Ddepths","2","3","5"
"ddiikk666","3","2","5"
"De-Mi","1","4","5"
"DeaaDeaa","2","3","5"
"deadpoolmarvel056","3","2","5"
"DeadWithoutMe","2","3","5"
"deadzero33","2","3","5"
"dean0619","3","2","5"
"Deathgun4","2","3","5"
"debal007","2","3","5"
"DebayanRay","2","3","5"
"DeBeer055","2","3","5"
"DebitCash","3","2","5"
"DEBlitzer","3","2","5"
"dedipyapaul","2","3","5"
"dee_dianne","3","2","5"
"deeeceee","2","3","5"
"Deepak639","2","3","5"
"Deepakdeepu406","2","3","5"
"Deepakdxk","2","3","5"
"DeepakYadav0001","2","3","5"
"Deepangshu","2","3","5"
"Deeparaj","2","3","5"
"Deepblueking","3","2","5"
"DeepNeuron","2","3","5"
"deepphysIcs","1","4","5"
"default_st","2","3","5"
"defenceking","3","2","5"
"defonsator","3","2","5"
"dehmark","2","3","5"
"DeibyT99","2","3","5"
"Deicide999","3","2","5"
"deilblayne","2","3","5"
"Deincognitov","2","3","5"
"dejobajo","4","1","5"
"DeKingx","3","2","5"
"DeKn","3","2","5"
"deldus","3","2","5"
"Delfinoskj","2","3","5"
"Dellg","3","2","5"
"Deltaxxxx","2","3","5"
"DeluxeWhopper","3","2","5"
"Demart","3","2","5"
"demerit39","3","2","5"
"Demetrio_16","2","3","5"
"demirogluilker","3","2","5"
"demola094","3","2","5"
"Den_2011","3","2","5"
"Den49777","2","3","5"
"dencano","2","3","5"
"Deni87","4","1","5"
"DenisV5","3","2","5"
"Deniz_krslh","2","3","5"
"deniz7G","3","2","5"
"denizouz","3","2","5"
"DenizPasha1923","3","2","5"
"dens86","3","2","5"
"Dense1701","3","2","5"
"dentalmaks","2","3","5"
"dep","2","3","5"
"DeputyHammerCock","2","3","5"
"der_Hoon","3","2","5"
"Derby_Dingus","2","3","5"
"DerDoom","3","2","5"
"Derheld","2","3","5"
"DerKeks","2","3","5"
"DerMopster","2","3","5"
"Derni_17","3","2","5"
"DerRentner","2","3","5"
"DerTscherkesse","3","2","5"
"DerUzbeke","4","1","5"
"dervich","1","4","5"
"DerVit","1","4","5"
"Derwaft98","2","3","5"
"desi_desi","2","3","5"
"DesPlus","2","3","5"
"destroyer1903","3","2","5"
"destroyer1905","2","3","5"
"dev_patil","1","4","5"
"dev4545","2","3","5"
"devanshisolanki1235","3","2","5"
"devaopolo","4","1","5"
"Devavavava","2","3","5"
"DEVENSH","2","3","5"
"Deviant_18","3","2","5"
"Devilinyoureyes","4","1","5"
"DevJyoti532","3","2","5"
"devm22","2","3","5"
"Dfortnite","2","3","5"
"dgalanis","2","3","5"
"DGPR4","3","2","5"
"dhabbu81","3","2","5"
"dhairya_m","2","3","5"
"Dhevindra","3","2","5"
"Dhruv_chheda59","2","3","5"
"dhruv96","3","2","5"
"Di11072010","1","4","5"
"diablito2250","2","3","5"
"DiabloRoma","3","2","5"
"diagonaliser","3","2","5"
"Diamond49","2","3","5"
"Diana_Faizutdinova","3","2","5"
"dianLCKB","2","3","5"
"diar217","2","3","5"
"Diarkarimi","2","3","5"
"Dias1983","2","3","5"
"Dibrith","2","3","5"
"DicoZitrom","1","4","5"
"didao2","2","3","5"
"DidkoBanditko","3","2","5"
"Diego_DsD","3","2","5"
"diego-monteiro","2","3","5"
"Diego08pk","2","3","5"
"DiegoCervantes","3","2","5"
"Diegodpra","2","3","5"
"diegomcaldas","3","2","5"
"Diegotolo73","2","3","5"
"diegovillar","3","2","5"
"DIEUDO-999-999","2","3","5"
"digbickrandy","3","2","5"
"Dignites","2","3","5"
"digos01","2","3","5"
"DiGreg_Elisabetta","3","2","5"
"diGuz","2","3","5"
"dikiVi","3","2","5"
"Dikoy01","2","3","5"
"dilangodong","2","3","5"
"Diligencias2020","3","2","5"
"dillipolice","3","2","5"
"Dillthedog","2","3","5"
"Dilyan1","2","3","5"
"dima1111111","3","2","5"
"dimaclopin","2","3","5"
"DimaPek","2","3","5"
"Dimasiksub2014","2","3","5"
"dimaster228","2","3","5"
"Dimasus999","2","3","5"
"Dimeall1986","2","3","5"
"dimirad","3","2","5"
"DimKus","3","2","5"
"dimmp","2","3","5"
"Dimq_247","4","1","5"
"dinandyou","3","2","5"
"Dingan707","3","2","5"
"Dingisgoat123466","2","3","5"
"DingusRice","2","3","5"
"dinhkhoi262","2","3","5"
"DinoHajdarevic","1","4","5"
"DIO_Over_Hawen","2","3","5"
"DiogoCamera","3","2","5"
"Dioshy","3","2","5"
"Dipanshu02","3","2","5"
"DipeshG","2","3","5"
"diplinf","3","2","5"
"Diptam2011","1","4","5"
"dipti98","2","3","5"
"directed_by_MKM","2","3","5"
"dirkdaring","3","2","5"
"DirkEdsel","3","2","5"
"dirtybozack","3","2","5"
"DiscordZtaff","3","2","5"
"Disorder99","1","4","5"
"disperse","3","2","5"
"DistribEmanuel","3","2","5"
"dithapelo","2","3","5"
"Ditovysk","3","2","5"
"div2","3","2","5"
"diverbriz","2","3","5"
"DivineChessGod","4","1","5"
"DIVISSSA95","3","2","5"
"DivusLuciusVerus","3","2","5"
"Divy_2406","3","2","5"
"DiyaJames","3","2","5"
"Diyar7050","3","2","5"
"dj_malko","2","3","5"
"Djak1sh","2","3","5"
"djdjso","3","2","5"
"DjGood","3","2","5"
"djomladjo","3","2","5"
"dkm32000","3","2","5"
"Dknykterstein","3","2","5"
"Dleblanc08","3","2","5"
"DMB2003","2","3","5"
"dmcrun","3","2","5"
"DMHirschl","3","2","5"
"Dmitbor","3","2","5"
"Dmitriev_Evgeniy","2","3","5"
"Dmitriy_perm","3","2","5"
"Dmitriy01","2","3","5"
"DmitriyDavydchenko","2","3","5"
"Dmitry_Barnaul","2","3","5"
"Dmitry_Belitsky","1","4","5"
"dmitry13465","4","1","5"
"DmitryListov","3","2","5"
"dmrxlrg","1","4","5"
"DMTayTay","3","2","5"
"dmullC","2","3","5"
"Dmytrooo","2","3","5"
"dnaiii","2","3","5"
"Dnak","3","2","5"
"dnegelzero","3","2","5"
"DnexiT","2","3","5"
"dntoupin","2","3","5"
"doa34","2","3","5"
"doannguyen008","2","3","5"
"Dobietrice","2","3","5"
"DoBooki_App","3","2","5"
"Doctor11496","3","2","5"
"DoctorPivo","2","3","5"
"dode9001","2","3","5"
"dodoiste","3","2","5"
"Doedelchen","2","3","5"
"dogukaaneren","2","3","5"
"Dokaz","2","3","5"
"Doktor_Nykterstein","3","2","5"
"DoktorLove","3","2","5"
"Dombroscki","3","2","5"
"Domi_8","3","2","5"
"DomingoZG","1","4","5"
"Dominique1984","2","3","5"
"domkq","2","3","5"
"domx1201","3","2","5"
"Don_Tomasino","3","2","5"
"Don_wawi","2","3","5"
"DonCan94","3","2","5"
"Dongar","2","3","5"
"donluka32","3","2","5"
"donlyadrian","2","3","5"
"donmassoni","2","3","5"
"Donperro","3","2","5"
"Dontmesswithme777","3","2","5"
"Dontrundude","2","3","5"
"dookiedoo","2","3","5"
"DOOMSBOY001","2","3","5"
"doooniist","2","3","5"
"DopeNinja06","3","2","5"
"doppelbock87","3","2","5"
"Doremifaso","3","2","5"
"Dorg2k","3","2","5"
"doriansai","2","3","5"
"Dorietto","1","4","5"
"Dormashina_2000","2","3","5"
"DoroshinAndrey","2","3","5"
"doruc2","2","3","5"
"dostoraskolnikov","3","2","5"
"dottorjack","2","3","5"
"Double_DD","2","3","5"
"Doug90","3","2","5"
"Douggie2002","3","2","5"
"dougts","3","2","5"
"doula100c","3","2","5"
"Dovant","2","3","5"
"DozingCrocodile","3","2","5"
"DPiQuadrat","2","3","5"
"Dr____Frankenstein","2","3","5"
"Dr_banafshe","1","4","5"
"Dr_BigBoss101","2","3","5"
"dr_E","2","3","5"
"Dr_Flavius","3","2","5"
"Dr_Ghomi","1","4","5"
"Dr_Okereke","3","2","5"
"Dr_Pizza","2","3","5"
"dr93A00","3","2","5"
"Draagaxs","4","1","5"
"drache6456","3","2","5"
"drachila","3","2","5"
"DRACIR90","2","3","5"
"dracole","2","3","5"
"dracula123","3","2","5"
"Dragaberg","3","2","5"
"DraganGlisovic","2","3","5"
"dragon_alfa","2","3","5"
"Dragon_Knight007","3","2","5"
"dragon259","3","2","5"
"Dragonk","3","2","5"
"dragonslayer23","2","3","5"
"Dragonslayerkiller","4","1","5"
"Drakolichen2002","2","3","5"
"dramax","2","3","5"
"dranaxi0","3","2","5"
"DrBlitzenstein","2","3","5"
"DrBru","2","3","5"
"DRC90","2","3","5"
"DrChico","3","2","5"
"DrChivago","2","3","5"
"DrDaRkDrAkO","2","3","5"
"DrDimsen","3","2","5"
"DrDoom3000","2","3","5"
"dreamfancy","3","2","5"
"Dreamsguy","3","2","5"
"DRED16","2","3","5"
"drexhage","3","2","5"
"Drexito777","2","3","5"
"drfiyasko","3","2","5"
"Drfrancis","2","3","5"
"DrG555","3","2","5"
"DrGoassmass","4","1","5"
"DRIISS","3","2","5"
"Drilltime","1","4","5"
"drimmun22","3","2","5"
"drinkingbeer-account","3","2","5"
"driverchi","3","2","5"
"drnoobnoob","2","3","5"
"Dronge03","2","3","5"
"Dronkenmanschaak","3","2","5"
"Dropbel","2","3","5"
"DrPalito","2","3","5"
"DrRutul","4","1","5"
"DrSano","3","2","5"
"DrSiddhartha00","2","3","5"
"Drsnow","2","3","5"
"DrStata","3","2","5"
"Drstrengerus12","2","3","5"
"DrToma15","3","2","5"
"drugAddicted","1","4","5"
"drumbaks","2","3","5"
"drumnbass","3","2","5"
"Drumnir","3","2","5"
"drun12","2","3","5"
"drundeydondkey","2","3","5"
"Drunkendumb","2","3","5"
"DrusKuvai","2","3","5"
"Drzigray","3","2","5"
"ds2508","2","3","5"
"Dsak03","4","1","5"
"dsglobal1","1","4","5"
"dudeisdudet","2","3","5"
"dudejason12","3","2","5"
"DudkinVladimir","2","3","5"
"Duduxx","3","2","5"
"Duenenstrand","3","2","5"
"dugenci","3","2","5"
"Duggu2212","2","3","5"
"duhec","3","2","5"
"DuKEGG0707","1","4","5"
"Dulatpk","2","3","5"
"dulej25","2","3","5"
"Duman1987","3","2","5"
"dumbcreature","2","3","5"
"DumberBrain","3","2","5"
"Dumbo99","3","2","5"
"dumboynum","3","2","5"
"Dumindu","2","3","5"
"dumplings525","3","2","5"
"DustTaker","2","3","5"
"dutchdisaster","2","3","5"
"DutchFighter2k","2","3","5"
"DuvManR","2","3","5"
"Duzydydek","3","2","5"
"dwessell","3","2","5"
"dwrd","2","3","5"
"dxrmirez","3","2","5"
"dycksDeath","2","3","5"
"dylan_foley","2","3","5"
"DylanJChess","2","3","5"
"DYNAVOLTONE","2","3","5"
"DYRKA","3","2","5"
"Dysrhythmia","3","2","5"
"dzaferjajov","3","2","5"
"Dzaneck","2","3","5"
"dzegas","4","1","5"
"dzesii","2","3","5"
"dzou","3","2","5"
"dzukp","3","2","5"
"e_gorovykh90","1","4","5"
"e_harmon55","2","3","5"
"e4exclama","3","2","5"
"e4t3a","3","2","5"
"e6a","4","1","5"
"Eagle_attack","3","2","5"
"eaglebearwolfman","3","2","5"
"eakgunn","2","3","5"
"EarlessOrc0","3","2","5"
"earlpogi","1","4","5"
"East84","3","2","5"
"EasyValue","4","1","5"
"EaTS61","3","2","5"
"ebbs1","1","4","5"
"EBERT_PAR_LU","3","2","5"
"echark","3","2","5"
"echogg","3","2","5"
"EckhartMeister888","2","3","5"
"Eclairushka","2","3","5"
"eco123","2","3","5"
"edaam","4","1","5"
"EdBdah","2","3","5"
"Edderx","2","3","5"
"eddielancaster","3","2","5"
"eddy1002","3","2","5"
"EdenHazard8","3","2","5"
"Edgar_Saramago","2","3","5"
"Edgarito","2","3","5"
"Edgingking","2","3","5"
"EdingerWestphal","2","3","5"
"edoardobianc","3","2","5"
"edouardch","3","2","5"
"EDTan2002","2","3","5"
"eduard0202","2","3","5"
"eduardo_bernardini","2","3","5"
"Eduardobat","1","4","5"
"eduardomdecastro","2","3","5"
"eduardoworrel","4","1","5"
"educapanegra","2","3","5"
"edudiazpavez89","3","2","5"
"Edvix11","3","2","5"
"edwardlion76","2","3","5"
"edwin34","3","2","5"
"Edymiller29","2","3","5"
"eeljore","2","3","5"
"eenzameloper77","2","3","5"
"efebrdkky","3","2","5"
"efee35","3","2","5"
"Efeschess","2","3","5"
"EfratChess","3","2","5"
"Efremova","2","3","5"
"efstratios","3","2","5"
"Egeerdil61","2","3","5"
"EgeErtenu","3","2","5"
"egeserbes","3","2","5"
"eggsbaconandtoast","3","2","5"
"egon8","2","3","5"
"Egor_Koryoushkin","3","2","5"
"Egor_Lobaev","3","2","5"
"egorcarlsen","2","3","5"
"EgorFilatov","2","3","5"
"EGorgizadeh","2","3","5"
"egorradian","3","2","5"
"eguelvenzu","2","3","5"
"ehanoli11","3","2","5"
"ehidnii_yoba","2","3","5"
"Ehsan-777","2","3","5"
"Ehsan1371","3","2","5"
"ehsanario","3","2","5"
"EhsanPaknia","3","2","5"
"ehtorush","2","3","5"
"ehuv","2","3","5"
"ehveniser","2","3","5"
"ehyasta200","2","3","5"
"eightnoteight","3","2","5"
"EightOneOne","3","2","5"
"einarcf","2","3","5"
"EinHundert100","3","2","5"
"eircsan","3","2","5"
"eirik4088","2","3","5"
"EisbrecherSchum","2","3","5"
"eisernnick3","4","1","5"
"ejirjss","3","2","5"
"Ekaterinburg2","2","3","5"
"Ekhrmn","3","2","5"
"eki777","2","3","5"
"ekisioritz","3","2","5"
"EkoyWeak","2","3","5"
"ekpah_slin","2","3","5"
"Ekremangin","2","3","5"
"ekyuu","1","4","5"
"El_Chevro","3","2","5"
"El-Hamouly","2","3","5"
"eladlyrad","2","3","5"
"Elalaa","2","3","5"
"elaminenizar","3","2","5"
"elatedjuvenile","3","2","5"
"Elbassel","2","3","5"
"Elbukari","3","2","5"
"elburladordesevilla","3","2","5"
"ElCaosReptante","2","3","5"
"elch005","2","3","5"
"elchino99","3","2","5"
"Elconde33","2","3","5"
"elconejo-22","2","3","5"
"Elcyd01","3","2","5"
"ElDiabloJoe","2","3","5"
"ELdoctorTovar","3","2","5"
"Electroniks","3","2","5"
"Elegant_Maestro","3","2","5"
"ELEGAR62","3","2","5"
"Elektr0n","2","3","5"
"Elektric_dom_Vologda","2","3","5"
"Elektrojen","3","2","5"
"Elephant897","3","2","5"
"Elerai","3","2","5"
"Elfi11","3","2","5"
"Elgordo31","3","2","5"
"Elguajirito","2","3","5"
"Elham_R00","2","3","5"
"Elias2604","3","2","5"
"eliasmindlberger","2","3","5"
"eliechessguy","3","2","5"
"Eliezer_Poliakov","2","3","5"
"eligomez","2","3","5"
"Eliim2902","3","2","5"
"Elimemmedzade","1","4","5"
"elisandel","3","2","5"
"Elisyum","2","3","5"
"eliyaof","2","3","5"
"ElKams","1","4","5"
"elkidian","2","3","5"
"ellguapo","2","3","5"
"elliottcraddock","3","2","5"
"Ellrond","3","2","5"
"Elly_Xavier","3","2","5"
"ElMagoDeLaCacerola","3","2","5"
"elmalinargile7","3","2","5"
"elmaraca","3","2","5"
"elmascap0w","3","2","5"
"eloi-alves","3","2","5"
"elon_moosk","2","3","5"
"elonril","3","2","5"
"Elsan2000","2","3","5"
"ElShehaWY","2","3","5"
"Elsherbinymsm","4","1","5"
"ELSMA7Y","3","2","5"
"eltche","3","2","5"
"eltiodelmaso","3","2","5"
"ElTitoAl","2","3","5"
"eltof","3","2","5"
"ElVerdad","3","2","5"
"elverhoj","3","2","5"
"Elvin-Bachschisade","2","3","5"
"elvinnchess014","3","2","5"
"Elyas2013","2","3","5"
"elyesacayli","3","2","5"
"ElZeus26_game","2","3","5"
"EmadElomdaa","2","3","5"
"Emam6666","3","2","5"
"eman1223","2","3","5"
"emart22","2","3","5"
"Emd_dc","2","3","5"
"emehdis","2","3","5"
"Emelek","2","3","5"
"EmeraldArmy","2","3","5"
"emik98","2","3","5"
"emil14","3","2","5"
"Emilianocano1234","2","3","5"
"emilmamedov17","2","3","5"
"emily_cat1111","2","3","5"
"emily44114455","2","3","5"
"Emirate-10","2","3","5"
"Emirmanamca5458","3","2","5"
"Emmanuel_Art","3","2","5"
"Emmanuella2008","2","3","5"
"EmmanuelRomo","2","3","5"
"emmasegun","3","2","5"
"Emmyblaq","2","3","5"
"Emperor_official","3","2","5"
"emperor33ra","4","1","5"
"EmpiresErased","3","2","5"
"emptinessinside","2","3","5"
"emrahabi","3","2","5"
"emrdmrgl","3","2","5"
"emre1973","2","3","5"
"emrecikk","3","2","5"
"Emreistaken","3","2","5"
"EmreUludag","3","2","5"
"emrhbkrts","3","2","5"
"emrllhaksy40","2","3","5"
"Emsssss","3","2","5"
"emughnetsyan","2","3","5"
"encinerado","3","2","5"
"Enderozer","2","3","5"
"endrioo","3","2","5"
"Enero75","3","2","5"
"EnesEkim","3","2","5"
"Enesk09","2","3","5"
"enesnew","2","3","5"
"Enessirca","2","3","5"
"EnesToprak","2","3","5"
"enesyksll","3","2","5"
"enesz17","3","2","5"
"Enfant_Terrible1","2","3","5"
"engin_erk","3","2","5"
"EngleDritt","2","3","5"
"enhanceyourself","3","2","5"
"EnoughF4st","3","2","5"
"enpassantCBD","4","1","5"
"Enrick_off","2","3","5"
"enrique14088","2","3","5"
"Enrique1996","2","3","5"
"EnriqueAPGonzales","3","2","5"
"Enriqued","2","3","5"
"EnsarD","2","3","5"
"ensendeyim","3","2","5"
"ent-doc","3","2","5"
"entauchan","3","2","5"
"enter_username_pls","3","2","5"
"EntireInternet","3","2","5"
"enxadristavictor","3","2","5"
"Enzarika","4","1","5"
"Enzo779","3","2","5"
"Eoinker","3","2","5"
"Eonwe27","3","2","5"
"epc1sg","2","3","5"
"Epll","2","3","5"
"EPOXYKEVLAR","3","2","5"
"epsilonclose","3","2","5"
"equine_gambit","3","2","5"
"ERALI777","1","4","5"
"Eralyyy","3","2","5"
"Eray905","3","2","5"
"ercank12","2","3","5"
"Erdbeerzauberer","2","3","5"
"ERDoc-InovaHospital","1","4","5"
"Erebo29","4","1","5"
"erenim53","4","1","5"
"Erfan543216","2","3","5"
"erfanmtt","2","3","5"
"erfijodemazinga","3","2","5"
"ergashowf","1","4","5"
"ergindmitriy","3","2","5"
"Ericandude","3","2","5"
"ericensen","1","4","5"
"ErickUchiha","3","2","5"
"ericstone","2","3","5"
"erkalar86","3","2","5"
"erkamito","3","2","5"
"Erlandy","1","4","5"
"ermak217","2","3","5"
"Ermin_Said_Lubis","2","3","5"
"Ermungan","2","3","5"
"Ernest1983","3","2","5"
"ernesthalili","3","2","5"
"Ernesto19870710","4","1","5"
"ErosAugustus","2","3","5"
"erospupazzotti","2","3","5"
"erpaco2020","3","2","5"
"Erpel1","3","2","5"
"erro_dum_vivo","3","2","5"
"erthalion","3","2","5"
"Ervelus","3","2","5"
"Ervin123456","4","1","5"
"eshynkarenko","2","3","5"
"esnylro","2","3","5"
"Esoxlucius","3","2","5"
"esp1001","2","3","5"
"espaguetis","1","4","5"
"Espanol92","3","2","5"
"Espentb","2","3","5"
"esraa6","2","3","5"
"esrarligozler_1","3","2","5"
"Essa_alsharif","2","3","5"
"essi0007","2","3","5"
"Esteban82","3","2","5"
"ester_924","2","3","5"
"Estil","4","1","5"
"EternalSonataRea","4","1","5"
"eterthewhfgi","2","3","5"
"EthanOConnell","2","3","5"
"ethyriel","3","2","5"
"Etienne_94","3","2","5"
"etochka","2","3","5"
"etopak","3","2","5"
"etxebarretxe","3","2","5"
"Euawano","3","2","5"
"eudiemonia","3","2","5"
"EugeneEarth","2","3","5"
"EugeneG93","3","2","5"
"eugenesantiago","2","3","5"
"EugeneSt","4","1","5"
"Eugenio70","2","3","5"
"eugeniusjr","3","2","5"
"Eugh_6dhd7","3","2","5"
"Eupreuk","3","2","5"
"eurabaquim","2","3","5"
"evadthehammer","2","3","5"
"Evan1018","3","2","5"
"Evan915","1","4","5"
"evanders","2","3","5"
"evandre123","2","3","5"
"evenoddopenswin","3","2","5"
"evertonlmdo","2","3","5"
"evgeniy_gm","3","2","5"
"evilevidenz","2","3","5"
"evo1111","3","2","5"
"evolvingmetapod","3","2","5"
"Evt8","2","3","5"
"Ewoks1980","3","2","5"
"exchangeup","2","3","5"
"exequiel_es","3","2","5"
"explo11","2","3","5"
"expsddd","1","4","5"
"Extremist7","2","3","5"
"eyas361975","3","2","5"
"Eymen_25","3","2","5"
"Eypsylr","3","2","5"
"eysax","3","2","5"
"ezequielsa","2","3","5"
"ezhilrajini123","3","2","5"
"ezraacsingler","2","3","5"
"F-DOSTOYEVSKI","3","2","5"
"f1_greek","3","2","5"
"f123214","4","1","5"
"f1erse","3","2","5"
"F2184","2","3","5"
"f28081969","2","3","5"
"f4r33h4","3","2","5"
"F6K1","3","2","5"
"Fabi9878","2","3","5"
"Fabianchuy","3","2","5"
"fabiomargiotta","3","2","5"
"Fabiosoliz","3","2","5"
"fabiot5","3","2","5"
"fabix68","2","3","5"
"Fabju73","3","2","5"
"Fabricioo2022","3","2","5"
"fabulous_chess","3","2","5"
"fabulousDoser","1","4","5"
"FacelessFigure","3","2","5"
"FaceLuck","4","1","5"
"Factorian","2","3","5"
"facu_dtm","2","3","5"
"facundo_to_queen","2","3","5"
"fade4","3","2","5"
"Fady_17","2","3","5"
"fahr_i","3","2","5"
"fairy_tale007","4","1","5"
"FaisPasLeMalinGros","3","2","5"
"fakecarlsen13","2","3","5"
"FakeJorge","2","3","5"
"fakhrstein","2","3","5"
"faki79","1","4","5"
"Fall_n","4","1","5"
"fallenxxxsky","1","4","5"
"Faltundas","3","2","5"
"fanclub","3","2","5"
"Fancyuwe","4","1","5"
"faneSI","3","2","5"
"FAngelo94","2","3","5"
"Fantochess","3","2","5"
"FANTYYANKIG","3","2","5"
"fanucci7","2","3","5"
"farhaad48","2","3","5"
"farhad_taghiyev101","2","3","5"
"Farhad1975","3","2","5"
"FArnood_1397","2","3","5"
"farukc","3","2","5"
"Farukfidan","3","2","5"
"FarukMulla","2","3","5"
"farzamri","3","2","5"
"fashomon","3","2","5"
"Fasttractor","2","3","5"
"FastZIPper13","3","2","5"
"fathomer","3","2","5"
"Fatih114","2","3","5"
"FatihTerimBabam","3","2","5"
"fatinova","2","3","5"
"fatmagg","3","2","5"
"fatyan","3","2","5"
"FaultyTwomovers","4","1","5"
"Faus","3","2","5"
"Fausto19","2","3","5"
"faysal56","3","2","5"
"Fazylov","2","3","5"
"FCB-JWengler","3","2","5"
"feanorr56","3","2","5"
"fearnone23","2","3","5"
"federleicht","2","3","5"
"fedorivskiy_M26","3","2","5"
"fedorzvolinskii","2","3","5"
"FedosovIvan","3","2","5"
"fedrosrasti","2","3","5"
"Fedya-2011","1","4","5"
"FeelDDD","2","3","5"
"Feezychina","3","2","5"
"fefas","2","3","5"
"fegaskio","3","2","5"
"Feggetten","2","3","5"
"fehergolya","2","3","5"
"fekudany","2","3","5"
"felipo","3","2","5"
"felixfranz","2","3","5"
"FelixMan","2","3","5"
"felmechess","2","3","5"
"fen-sx","3","2","5"
"fendejerov","2","3","5"
"fenrir_414","3","2","5"
"feras3","3","2","5"
"ferdi26","3","2","5"
"FerdinandFox","3","2","5"
"ferdz2569","3","2","5"
"Ferinota","3","2","5"
"FerMaGuiAm","3","2","5"
"FermerMaks","3","2","5"
"Fermkules","2","3","5"
"fernando1000","2","3","5"
"FernandoArequipa","2","3","5"
"FernandoFSX","3","2","5"
"Fernandojb","2","3","5"
"fernandomikael","4","1","5"
"fernanmenn","3","2","5"
"fero92","2","3","5"
"ferrarimama","2","3","5"
"Fersilchess2","3","2","5"
"Ferzbery","2","3","5"
"feuran","3","2","5"
"Feviben","3","2","5"
"fewfiet","3","2","5"
"fffhead","4","1","5"
"fFjH","2","3","5"
"ffurkk","2","3","5"
"fhf758","2","3","5"
"fianshadow","1","4","5"
"FICA_FLOCITA23","3","2","5"
"ficuk","2","3","5"
"Fidx","3","2","5"
"fierceWarrior","3","2","5"
"fierro74","1","4","5"
"Fif4skills","2","3","5"
"figuredrng","3","2","5"
"fikayo","4","1","5"
"FilamentsAndVoids","3","2","5"
"filipjuric1997","2","3","5"
"Filippo_chess_07","3","2","5"
"Fillafrd","4","1","5"
"Filozofiranje","3","2","5"
"FilthyHeimerMain","3","2","5"
"Finabr","2","3","5"
"Finchess1","3","2","5"
"Fineless","2","3","5"
"finessegod420","3","2","5"
"FinFingers","3","2","5"
"Finn_RSK","3","2","5"
"finnagambit","3","2","5"
"Firat062","3","2","5"
"Fire_eater","4","1","5"
"Firebirdy","2","3","5"
"firejim","2","3","5"
"Firousen","1","4","5"
"fiscal67","3","2","5"
"Fischaaa","3","2","5"
"fische1","3","2","5"
"Fisher_Karpov","3","2","5"
"FISOKUHLE","2","3","5"
"Fist_Face","2","3","5"
"Fistywaffle","2","3","5"
"FITO_176","2","3","5"
"fitsker","3","2","5"
"Fix5781","2","3","5"
"fixfirix","3","2","5"
"fizkiz","1","4","5"
"FjellApa","3","2","5"
"fjutzel","3","2","5"
"FJWOFJO284032","4","1","5"
"FkrtA","2","3","5"
"flabiyazo","2","3","5"
"flackzoltan","3","2","5"
"Flake_Snow7777","2","3","5"
"Flale00","2","3","5"
"flamch_rus","2","3","5"
"Flame1905","2","3","5"
"Flamudel20","3","2","5"
"Flareking","3","2","5"
"flashman03","3","2","5"
"flatheman3","3","2","5"
"FLCheesehead","2","3","5"
"Flederik","2","3","5"
"flente02","2","3","5"
"fllly","2","3","5"
"Flo1912","2","3","5"
"float_goat","2","3","5"
"FloMania","3","2","5"
"floppa5","1","4","5"
"florecita2","2","3","5"
"florentibus","3","2","5"
"floydane","3","2","5"
"flyingmonkeys","3","2","5"
"FlyingPig","3","2","5"
"fmarco76","3","2","5"
"fnaps","2","3","5"
"fnjal","3","2","5"
"Fnova64","3","2","5"
"Fnux","2","3","5"
"FocusedBratan","3","2","5"
"fogi","3","2","5"
"FokStrot","3","2","5"
"Fol_Castro","3","2","5"
"FollyG","3","2","5"
"fonchak","3","2","5"
"ford20","2","3","5"
"foreverr46","2","3","5"
"foreverStuck","2","3","5"
"Forgos","3","2","5"
"FormerConformer","2","3","5"
"formulaz","3","2","5"
"Fortuar","2","3","5"
"Fortunate_Magician","3","2","5"
"forZe-Egor","3","2","5"
"Fotihbey","2","3","5"
"Foto_Graf","2","3","5"
"Fouadhajazi","3","2","5"
"Fouche","4","1","5"
"fouedechec","2","3","5"
"FoxcatcherKGZ","3","2","5"
"FoxDevilsWild","3","2","5"
"FOXWOLF","2","3","5"
"fra123","3","2","5"
"FractalJaguar","3","2","5"
"frambuekso","2","3","5"
"franalque","3","2","5"
"francisponge","3","2","5"
"Francktpg","3","2","5"
"FrancoGranado","2","3","5"
"Francoquiroz","2","3","5"
"Frangiacorta","4","1","5"
"Frankie_Tucson","4","1","5"
"FrankieV","2","3","5"
"Franvidela93","3","2","5"
"frasrgunn","2","3","5"
"FreakinFacer","2","3","5"
"Freaky_Edgars","4","1","5"
"freakybeastie","2","3","5"
"fredcat","3","2","5"
"Freddysthings","3","2","5"
"FredOlafsson","3","2","5"
"fredwatkins","2","3","5"
"Fredy93","3","2","5"
"fredz22y","3","2","5"
"Free_bird114","2","3","5"
"free_chessica","1","4","5"
"freegoodcuban","3","2","5"
"Freimins","2","3","5"
"fremor","3","2","5"
"Frenky98_2","3","2","5"
"fresce","2","3","5"
"fresnedy7","2","3","5"
"friday_morning","2","3","5"
"friday030","3","2","5"
"FridaysMonday","2","3","5"
"FridolinDerErste","2","3","5"
"FridoLingo","3","2","5"
"fried_bandito","3","2","5"
"Friendly_Stranger","3","2","5"
"friendlytreefrog","2","3","5"
"friendsofBillW","2","3","5"
"frietimo","3","2","5"
"frijdubrig","2","3","5"
"Frip75","2","3","5"
"Fritzball","3","2","5"
"FritzfromAfrica","3","2","5"
"Frixzer","2","3","5"
"frjave","2","3","5"
"frkndmr88","3","2","5"
"Frog1234","1","4","5"
"FroggyX16","4","1","5"
"Frolov_75","1","4","5"
"From_Petrovich","2","3","5"
"Fromki","3","2","5"
"frondosso","2","3","5"
"Froster13245","3","2","5"
"Frosthegoat","2","3","5"
"FrozenHug","2","3","5"
"FTagada1","3","2","5"
"fthklcsln","2","3","5"
"FTS_BR12","2","3","5"
"Fuad1976","2","3","5"
"fubuisreal","2","3","5"
"fuchs7","2","3","5"
"fugs1995","2","3","5"
"FUKALOFF8","2","3","5"
"funny9","2","3","5"
"furgochess","3","2","5"
"furie","3","2","5"
"furkancft","2","3","5"
"Furkaner11","3","2","5"
"furkantahmaz_97","3","2","5"
"Furmint","3","2","5"
"FuryLeo","2","3","5"
"Futtitinni","3","2","5"
"Futura_8","3","2","5"
"FUTUREGR4NDM4AST3R","2","3","5"
"futureinterests","2","3","5"
"FVB68","3","2","5"
"fvictor1946","2","3","5"
"FZMA","2","3","5"
"Fzt_Punhan","2","3","5"
"G_L","3","2","5"
"g12w12ww","3","2","5"
"G3N4R1T0","3","2","5"
"G971","2","3","5"
"g9m29","4","1","5"
"Ga66y","3","2","5"
"Gabadiya","2","3","5"
"Gabgiv","3","2","5"
"GabiGeo","2","3","5"
"gabilo","3","2","5"
"Gabistabi","2","3","5"
"gabncls","2","3","5"
"GabrielCuri","1","4","5"
"Gabrielnklein","2","3","5"
"gacembel","4","1","5"
"Gackels","4","1","5"
"gadi_A","2","3","5"
"gadoussa","3","2","5"
"Gadzhiev","3","2","5"
"gaggulu43","3","2","5"
"Gagit","2","3","5"
"gahlers","2","3","5"
"GAIA1300","2","3","5"
"GaiborJuanPII423","3","2","5"
"gaifogel","2","3","5"
"Gajah_Oleng_HCI","2","3","5"
"Galaev_Georgii14","2","3","5"
"Galegao","2","3","5"
"galenzo","2","3","5"
"galh","2","3","5"
"gamalasfour","3","2","5"
"Gamb_champ","2","3","5"
"GaMbHiR23","2","3","5"
"Gambit_Marc","3","2","5"
"Gambit-roi","4","1","5"
"Gambit60","3","2","5"
"Gambit723","2","3","5"
"Gambit909","3","2","5"
"GambitGod19","2","3","5"
"GAMBITO998","1","4","5"
"gambitoderey38","3","2","5"
"GambitoGris","2","3","5"
"gamdschi","2","3","5"
"gameone9999","2","3","5"
"gamerboy1214","3","2","5"
"gamimi","3","2","5"
"gaming_warrior","3","2","5"
"gamoiluboi","3","2","5"
"GampaGampa","2","3","5"
"GamperMichelle","3","2","5"
"GamzatPayzulaev","3","2","5"
"GandalftheZoomer","3","2","5"
"Gangrel","2","3","5"
"Gangstergans","3","2","5"
"ganstata420","3","2","5"
"GanWin","3","2","5"
"Garagop","3","2","5"
"garan77","3","2","5"
"garbugpillil","3","2","5"
"Garmin02","2","3","5"
"GarrrNizOn","3","2","5"
"Garry_ChessXXX69420","2","3","5"
"garry_the_g-pawn","3","2","5"
"GarryLazereyes","4","1","5"
"garsnaffle","2","3","5"
"Garvaco7","2","3","5"
"GasparNieto","2","3","5"
"gaspic","3","2","5"
"Gasto_Publico","3","2","5"
"GastonChess79","3","2","5"
"Gaurav1013","2","3","5"
"GauravBisht_010","2","3","5"
"GautamN12","1","4","5"
"Gavber","2","3","5"
"gay_dude","3","2","5"
"Gazi-mMm","3","2","5"
"gb2013","1","4","5"
"Gbogh","3","2","5"
"GBRS","3","2","5"
"gcluu","2","3","5"
"gcorbach","3","2","5"
"gd432","2","3","5"
"gdhoward88","3","2","5"
"GearoidMac","2","3","5"
"GECKO66","2","3","5"
"Geda73","3","2","5"
"geet23","3","2","5"
"Geetika_V","2","3","5"
"gegelambert","3","2","5"
"gegendenWind","3","2","5"
"gehinoasch","3","2","5"
"gelbbauchunke","2","3","5"
"Gele93","2","3","5"
"Gellios","4","1","5"
"gelo_mndz","1","4","5"
"GeloGambit","4","1","5"
"gemstone34","3","2","5"
"Gen_ANeeK","3","2","5"
"genaza","2","3","5"
"General_Zero","3","2","5"
"GeneralBeefheart","2","3","5"
"Genius_05_1","3","2","5"
"Genius2666","2","3","5"
"GEOBatinMAN","2","3","5"
"geogscott","3","2","5"
"Georg_2007","2","3","5"
"George0V","3","2","5"
"George2370","2","3","5"
"georgemarousi","4","1","5"
"GeorgesAndraos","2","3","5"
"Georgi2010","3","2","5"
"georgiamind","3","2","5"
"georgii999777999","2","3","5"
"georgij_kuzmin2009","2","3","5"
"Georgios77","3","2","5"
"georgohm_DC","3","2","5"
"Georgy_eg","2","3","5"
"GeraldoRambo","3","2","5"
"gerardv","3","2","5"
"GeriBtheWINNER","3","2","5"
"gerlin2","3","2","5"
"Germanmarpar","2","3","5"
"GermanNOB222","2","3","5"
"Geronominki","2","3","5"
"GerritJan","3","2","5"
"gerrychief","1","4","5"
"gertraudthomae","3","2","5"
"Get812","2","3","5"
"getchunged","2","3","5"
"GEU3","2","3","5"
"gevorgmelkumyan","4","1","5"
"gevorgyanalexx","2","3","5"
"Gezzagami","3","2","5"
"gfjk","3","2","5"
"GFMD10S","3","2","5"
"gfmelo80","3","2","5"
"ggghikm","3","2","5"
"GGmateGG","2","3","5"
"ggnote","2","3","5"
"ggrospietro","3","2","5"
"gguven","1","4","5"
"GGVP_13","3","2","5"
"Ghadeer_Diop","3","2","5"
"ghaith994","3","2","5"
"Gharbox","2","3","5"
"Ghastly_Cleaver","3","2","5"
"Ghazwan511","3","2","5"
"ghemo","3","2","5"
"ghiredali","3","2","5"
"ghjhjr","4","1","5"
"GhodaDhaiKadam","1","4","5"
"ghost_pepper","2","3","5"
"GhostieAAA","2","3","5"
"ghostSniper19","3","2","5"
"Ghostylad","3","2","5"
"Giada29011978","2","3","5"
"gianluke","2","3","5"
"Gibs0248","3","2","5"
"gichess","3","2","5"
"gideon-warrior","3","2","5"
"Gideon80","2","3","5"
"Gigri","2","3","5"
"giholste","3","2","5"
"gilansalehi","3","2","5"
"Gileschess","3","2","5"
"gilfri","2","3","5"
"Gillyw1bble","2","3","5"
"gilmar8andersen","3","2","5"
"GimboCatazza","4","1","5"
"Gimenez-Sebastian","2","3","5"
"gin05","2","3","5"
"ginamegi","2","3","5"
"Ginger64","2","3","5"
"gingerfoxx","2","3","5"
"gingerscot","2","3","5"
"Ginopolis","2","3","5"
"giorgos22","3","2","5"
"GiovaneDenck","4","1","5"
"giovannuz2002","2","3","5"
"Giovanyssss","3","2","5"
"girgirin","3","2","5"
"Giriraj123","4","1","5"
"girish1106","3","2","5"
"gitz6666","3","2","5"
"giuliyo","3","2","5"
"Giuoco_Fortissimo","2","3","5"
"giuocopianoPRO","2","3","5"
"GiuseppeTencati","3","2","5"
"Giusss","3","2","5"
"GJKpps","2","3","5"
"gkbe","2","3","5"
"Gl_dima2005","2","3","5"
"GladbachNico1900","2","3","5"
"Gladferm","3","2","5"
"gladprof","2","3","5"
"glatki","3","2","5"
"glavin29","3","2","5"
"glebmatveenko","3","2","5"
"glems","3","2","5"
"glg11","2","3","5"
"GLjal02","2","3","5"
"globalnaminalkah","3","2","5"
"gloobal1312","3","2","5"
"glorry","2","3","5"
"GLztrick","3","2","5"
"gmadharshthegreat","3","2","5"
"gmafmg","2","3","5"
"gmahmedzahra2002","2","3","5"
"gmamana","2","3","5"
"Gman7632","2","3","5"
"gmanj2000","3","2","5"
"gmjackzy","3","2","5"
"gmjoy","2","3","5"
"gmkellyto254","2","3","5"
"GMKris","2","3","5"
"gmtofri","2","3","5"
"GnazzJazz","2","3","5"
"go1x1noobie","3","2","5"
"Gobanilla13","2","3","5"
"Gobez-07","3","2","5"
"Goblaz","2","3","5"
"GOCAYORUK007","3","2","5"
"Gocegorgiev42","3","2","5"
"godaygo","3","2","5"
"godekcatur","3","2","5"
"Godofpsycosis","2","3","5"
"GodricKus","3","2","5"
"GodsMack1982","2","3","5"
"GodsWrath","2","3","5"
"Goes_MCS","3","2","5"
"gofra27","1","4","5"
"Goinglite","3","2","5"
"GokAlpoz","3","2","5"
"gokay60","2","3","5"
"gokcee39","3","2","5"
"GokhanDemir","3","2","5"
"Gokturk34","4","1","5"
"gokul_krishna_007","3","2","5"
"gomast","2","3","5"
"GonzaaOliver","3","2","5"
"Gonzzaloco","1","4","5"
"Good_Player123","3","2","5"
"GoodLuckKindEnemy","2","3","5"
"goodstalemate","3","2","5"
"goodvibesonly2021","3","2","5"
"GoogleBard","2","3","5"
"Goose1809","3","2","5"
"gootik","3","2","5"
"gopikrish12","4","1","5"
"Gores747","2","3","5"
"Gosha111111","3","2","5"
"Goshu","2","3","5"
"gothic3","2","3","5"
"Gotisot","2","3","5"
"gotti67","3","2","5"
"gottwik","1","4","5"
"Gotwinamtiran","1","4","5"
"goukhen","2","3","5"
"goursundor","3","2","5"
"GOWTHAM29999","2","3","5"
"gp75","4","1","5"
"GPAC","2","3","5"
"Gpsahara","2","3","5"
"GPTVRS","4","1","5"
"gr8plyr","3","2","5"
"GracefulAvocado","2","3","5"
"Graf_Jo","2","3","5"
"Grafwolf","3","2","5"
"gragroux","1","4","5"
"grancanarian1","4","1","5"
"Grandebyll","3","2","5"
"grandmaster134","2","3","5"
"GrandMaster3101","2","3","5"
"GrandmasterAT","2","3","5"
"GrandpaChess","3","2","5"
"GrapeJuiceInaCan","3","2","5"
"graskind","3","2","5"
"graupa","2","3","5"
"graveto","3","2","5"
"grayhem","1","4","5"
"grb470","2","3","5"
"great_wall","4","1","5"
"GreatGodPratik","2","3","5"
"Greatpelle","2","3","5"
"GreatWhiteWhale","2","3","5"
"Grebe_Strut","2","3","5"
"GREBOO","3","2","5"
"Grechihin_Pillsbury","2","3","5"
"GreedyMan","2","3","5"
"Greenfixer","3","2","5"
"GreenMan1000","2","3","5"
"Greentouchstone","2","3","5"
"Greetsenko","2","3","5"
"Greffern","1","4","5"
"gregfilip","1","4","5"
"greniu_01","2","3","5"
"grew21b1","2","3","5"
"Greyboi","3","2","5"
"greywhale112","2","3","5"
"Griha74","3","2","5"
"Grisha_ZZZ_2010","3","2","5"
"Grizzles","3","2","5"
"Grom757","3","2","5"
"Grooovy","2","3","5"
"GrosGillou","2","3","5"
"Grossmans","2","3","5"
"growiec","2","3","5"
"Grozesco","2","3","5"
"grubby123","3","2","5"
"GrubbyPope","3","2","5"
"gruberrro","2","3","5"
"GrueSome","3","2","5"
"grulletbinder","2","3","5"
"grungeldungel","3","2","5"
"Gruzman","2","3","5"
"Grzesiekkk16","2","3","5"
"gstallion8","3","2","5"
"GSTURK","2","3","5"
"GSutil","2","3","5"
"GTAlex","3","2","5"
"gtfoismail","3","2","5"
"gthank","3","2","5"
"Gu5t14DeBBC","3","2","5"
"Guachinstone","2","3","5"
"gub4n0v","2","3","5"
"gublov","3","2","5"
"gucy","3","2","5"
"Guedex","1","4","5"
"Guenter_2601","2","3","5"
"Guerckschen","2","3","5"
"Gugurugus","2","3","5"
"gui51","3","2","5"
"guidomera","2","3","5"
"Guidovm","2","3","5"
"Guigui54","3","2","5"
"Guille10Perez","3","2","5"
"Guillotine02","2","3","5"
"guilsgarcia","3","2","5"
"GuiQon","3","2","5"
"guji","2","3","5"
"gulrulu","3","2","5"
"Gumbrick","2","3","5"
"Gummiarabicum","2","3","5"
"Gunarry","2","3","5"
"guramfilippic","2","3","5"
"guraypoyrazdemir","3","2","5"
"GUREKAMM_04","3","2","5"
"gurkut","2","3","5"
"Gurrito","2","3","5"
"guruve","2","3","5"
"GuSaWu","2","3","5"
"Gustavomilkchess","2","3","5"
"Gustaw82","3","2","5"
"Gusytavo","1","4","5"
"Gutsalyuk","3","2","5"
"guvenmirsad","2","3","5"
"guy4207","3","2","5"
"Gwahahaha","2","3","5"
"gwend35","3","2","5"
"gwilsong44","3","2","5"
"gwwww","2","3","5"
"Gxtkey","3","2","5"
"GypsyMind","2","3","5"
"Gyrevik66","3","2","5"
"H_Pir27","3","2","5"
"H100M","2","3","5"
"H1bb3","2","3","5"
"h3_kaan","3","2","5"
"H3n3","2","3","5"
"haadi143","2","3","5"
"HABIBdawhat","3","2","5"
"hacha1225","3","2","5"
"hacosta","3","2","5"
"hactor555","3","2","5"
"Hadji_11","3","2","5"
"Hadron_Collider","3","2","5"
"Hafkris","2","3","5"
"Haggard248","3","2","5"
"hahah24","3","2","5"
"haid0r","3","2","5"
"Haideptrai234","1","4","5"
"HAIDER77","2","3","5"
"Haifetz1990","3","2","5"
"Hailscornqtxq","2","3","5"
"Haipper","3","2","5"
"hairpie01","2","3","5"
"hajk1","3","2","5"
"hakalon","3","2","5"
"hakeemisbetter","3","2","5"
"Hal8995-95","2","3","5"
"Hala_madrid10","3","2","5"
"haldo","2","3","5"
"HalfHours","4","1","5"
"Haliax02","3","2","5"
"halilabinis","2","3","5"
"Hamdaankhan2023","2","3","5"
"hamedghomi1358","3","2","5"
"Hamidreza1990","3","2","5"
"hamishm60","2","3","5"
"Hamishpk","2","3","5"
"HAMMA10","3","2","5"
"Hamsterheaded","2","3","5"
"HAMZAELTRHONI","3","2","5"
"Hamzah_AlArrabi","2","3","5"
"HamzaRaja78","3","2","5"
"Hamzter","2","3","5"
"hanhac","3","2","5"
"Hanhepihapa","4","1","5"
"hanilc","2","3","5"
"HankHansen","3","2","5"
"HanMec77","2","3","5"
"Hannibal85","3","2","5"
"Hannibalx","2","3","5"
"HannuK","3","2","5"
"hanoi10","3","2","5"
"Hansemann92","3","2","5"
"hansgruberswaifu","3","2","5"
"hansniemand","3","2","5"
"Hanspw","3","2","5"
"hantaceddin1","3","2","5"
"HanzelJPC","3","2","5"
"Happy_BoBo","2","3","5"
"happy1chess","2","3","5"
"HappyChessMan","3","2","5"
"harabo","2","3","5"
"Hardcandy666","2","3","5"
"hardrain59","2","3","5"
"hari2004","2","3","5"
"Hari255","2","3","5"
"Harinandha","3","2","5"
"HarinaPan","2","3","5"
"harisingh099","3","2","5"
"Harla03","3","2","5"
"harmus007","3","2","5"
"Harrowmykel","2","3","5"
"Harry_Stotter","2","3","5"
"harry_torch","3","2","5"
"HarryPoter213","3","2","5"
"Harsh_Sharma","3","2","5"
"Harshjain1111","3","2","5"
"HarshKanoi","2","3","5"
"Hartz4-Entertainment","2","3","5"
"Hasantarick","4","1","5"
"hashbrown_9","3","2","5"
"hashemghjjkkllkfs","2","3","5"
"HASKADI","3","2","5"
"Haskeller","2","3","5"
"haspok","3","2","5"
"Hassan_official_786","3","2","5"
"hassanabbas","1","4","5"
"Hasti_1386","3","2","5"
"hat_kesh_mat","2","3","5"
"Hatepro","3","2","5"
"Hath_Spoken","3","2","5"
"hatman12","2","3","5"
"HatredWasted","2","3","5"
"Hattoledo","2","3","5"
"haujnderr","2","3","5"
"HavannaClabi","2","3","5"
"HaveNoMana","3","2","5"
"havoc92","3","2","5"
"HavocMasterZ","2","3","5"
"Hawkmoon69","3","2","5"
"Haxer","3","2","5"
"HaykDag","3","2","5"
"Haytriz","3","2","5"
"Hayuningrat","3","2","5"
"Hayyam31","3","2","5"
"HazCang","1","4","5"
"HazelMyer","2","3","5"
"hazimhazlan","3","2","5"
"hb1982","3","2","5"
"hbachees","2","3","5"
"hbb2120ghilas","3","2","5"
"hbchesshb","2","3","5"
"hbois","3","2","5"
"hcalmeida06","2","3","5"
"hdaali","3","2","5"
"heart3","2","3","5"
"heart89","2","3","5"
"Heartattack20","2","3","5"
"hecamc","3","2","5"
"HeChaos","3","2","5"
"Hector_11","2","3","5"
"Hector_d_salvaje","2","3","5"
"HectorIRC","4","1","5"
"HedgehogTanaev","3","2","5"
"hedonist96","3","2","5"
"Heegar","3","2","5"
"hehebro","2","3","5"
"Heilixblechle","2","3","5"
"heimata","2","3","5"
"Hekttor","4","1","5"
"HEKZAKILL","2","3","5"
"Helatra","2","3","5"
"HeldDerWelt","4","1","5"
"helge_nug","2","3","5"
"hellcat25","3","2","5"
"hello_old_bean","3","2","5"
"HelloMyNameIsMunoz","2","3","5"
"Hellrider_2018","3","2","5"
"hellsing95","3","2","5"
"HelmrickGordon","3","2","5"
"Hemant609","2","3","5"
"Hemin007","2","3","5"
"hendroLondonsystem","3","2","5"
"hennemantuut","2","3","5"
"Henriksen00","4","1","5"
"henriquecarvalho10","3","2","5"
"henry09davis","2","3","5"
"Herald55","3","2","5"
"Herbert_P","2","3","5"
"Herculus2021","3","2","5"
"HercYGG","2","3","5"
"Herild","3","2","5"
"Hermaaan","2","3","5"
"Hermanbacan","4","1","5"
"hermanlamps007","2","3","5"
"HermanRekin","2","3","5"
"hero108","3","2","5"
"hero1845","3","2","5"
"HerveViens","3","2","5"
"HerzogWhy","2","3","5"
"hesam_ezh","2","3","5"
"hesi_the_gamer","3","2","5"
"Heskya","2","3","5"
"hetou","3","2","5"
"Hex_99","2","3","5"
"heybulla","2","3","5"
"Heyheyhojo","3","2","5"
"HeyLana","3","2","5"
"HeyMitch","2","3","5"
"hgadde","3","2","5"
"hganders","3","2","5"
"HGMS-243","2","3","5"
"HGMS-244","3","2","5"
"HGMS-248","3","2","5"
"HGMS-268","3","2","5"
"HGMS-269","2","3","5"
"HGMS-270","3","2","5"
"HGMS-271","2","3","5"
"HGMS-273","2","3","5"
"HGMS-275","2","3","5"
"HGMS-276","3","2","5"
"HGMS-282","3","2","5"
"HGMS-285","2","3","5"
"HGMS-286","2","3","5"
"HGMS-287","3","2","5"
"hhdeep","3","2","5"
"hhh_666","1","4","5"
"hhidrojenoksijen","3","2","5"
"HHilario1","3","2","5"
"hhugonzalez1992","1","4","5"
"Hib","3","2","5"
"hidden_jo1212","3","2","5"
"Hieuman","2","3","5"
"higgilee99","2","3","5"
"Highasaknite","3","2","5"
"HighwayRat","3","2","5"
"Hiimel","2","3","5"
"HiImRike","1","4","5"
"Hikaru4444","3","2","5"
"Hikikomori23","3","2","5"
"HillRoll","2","3","5"
"Hilo20","4","1","5"
"HimalayanHoneysuckle","3","2","5"
"himalayanmard","1","4","5"
"Himanshu397418","2","3","5"
"Himanshujain18032002","2","3","5"
"himate42","2","3","5"
"HimTall","2","3","5"
"Hinamatsuri","3","2","5"
"Hirokoyo","3","2","5"
"Hishamm","4","1","5"
"hit06","3","2","5"
"hiteshjeswani","3","2","5"
"HitNRunn","2","3","5"
"Hitskie","2","3","5"
"Hittman","4","1","5"
"HizokaHN","3","2","5"
"hjalmarth","2","3","5"
"Hjelmsoy","2","3","5"
"hklein91","2","3","5"
"hkowen","2","3","5"
"HLBEE","2","3","5"
"hlowww","2","3","5"
"HM_Almsmary","2","3","5"
"hmira","2","3","5"
"hng07","2","3","5"
"HoangPhuk","3","2","5"
"Hobbyplayer74","2","3","5"
"hoehlenwolf","3","2","5"
"hogqN","1","4","5"
"holaadios123456789","3","2","5"
"HoldThisW","3","2","5"
"holla1","3","2","5"
"hollylander","2","3","5"
"Holmoy","2","3","5"
"holopop24","3","2","5"
"HolyPrick","2","3","5"
"holzi69","3","2","5"
"homalii","3","2","5"
"honzilver","2","3","5"
"HoodedDini","3","2","5"
"hoodies","4","1","5"
"hoom","2","3","5"
"HoopLa796","2","3","5"
"hoosquare","2","3","5"
"HopeAintLost","3","2","5"
"Hopeless_Hope7","3","2","5"
"hopelessblunderer","2","3","5"
"Hoppz53","3","2","5"
"hordeslayer","2","3","5"
"Hornidreamer","1","4","5"
"Horse2022","3","2","5"
"hoschi974","2","3","5"
"hosin11","3","2","5"
"HossamK14","2","3","5"
"HossamKhalifa","3","2","5"
"hosseinam93","3","2","5"
"HosseinMK","3","2","5"
"Hotguy2300","1","4","5"
"hotuanduongg1","2","3","5"
"hpanneti","3","2","5"
"hpBobDole","2","3","5"
"hqruN1","3","2","5"
"hrhaddadi","3","2","5"
"Hridhaan23","3","2","5"
"HristiyanPenev","2","3","5"
"hristogosp","3","2","5"
"Hrnek","2","3","5"
"hrriday007","2","3","5"
"HS-OE-Jan","2","3","5"
"hsahai","3","2","5"
"HSCC","3","2","5"
"hsethi","3","2","5"
"HssHighnssSnakeLady","4","1","5"
"Htkh12","3","2","5"
"httplizzard","3","2","5"
"hturkey","3","2","5"
"HuaralChess","2","3","5"
"hub_b03","2","3","5"
"hubabuba1234","3","2","5"
"hudi067","3","2","5"
"huevofrito21","3","2","5"
"HuGaMe","3","2","5"
"Hugxsc","3","2","5"
"Hulk1290","2","3","5"
"HulkingBreakfast","3","2","5"
"Human_7","3","2","5"
"humpty","3","2","5"
"Humpty_Dumpty_93","3","2","5"
"Hunda","3","2","5"
"HundredMyMan","3","2","5"
"hunor09","2","3","5"
"hunter1965","1","4","5"
"hunterstream","2","3","5"
"Hupferle","2","3","5"
"Hurljack","2","3","5"
"HuRolKu","3","2","5"
"huseyingundogar","2","3","5"
"HuseynYaqubzade","3","2","5"
"Husseins","2","3","5"
"Huycarsen","3","2","5"
"huzaidy","2","3","5"
"hvter028","2","3","5"
"Hwaseong","3","2","5"
"hwist","2","3","5"
"hXc-Kingslayer","2","3","5"
"hy123123","3","2","5"
"hy99r","2","3","5"
"HYDRAROHIN","3","2","5"
"Hype71","2","3","5"
"HyperModernDrWho","4","1","5"
"Hypokeimenon_31883","3","2","5"
"hz_yamtar","2","3","5"
"hzh20100211","2","3","5"
"I_am_so_vilain","2","3","5"
"I_am_standoff","3","2","5"
"I_CE","2","3","5"
"i_forfeit","3","2","5"
"I_has_all_your_space","3","2","5"
"I_like_quick_Mate","3","2","5"
"I_M_I_D","3","2","5"
"I_MATE_YOU_MATE","2","3","5"
"i_NIK","2","3","5"
"I_no_play_very_good","3","2","5"
"I_T_k","2","3","5"
"iaau","2","3","5"
"ial_i","2","3","5"
"iamaceMD","2","3","5"
"IamAlexandy","3","2","5"
"Iamanovice","3","2","5"
"IaMbArnie4k","3","2","5"
"IAmBenjii","2","3","5"
"IamEyup","3","2","5"
"Iamkusbisandbacon","3","2","5"
"Iammero","2","3","5"
"IAMRETI","2","3","5"
"iamsiroos","2","3","5"
"iamsorryformyactions","1","4","5"
"iamthemystery","3","2","5"
"IanCopsey","2","3","5"
"ianmanrres","2","3","5"
"ianpiccoli1","2","3","5"
"Iasof","2","3","5"
"Ib_100","2","3","5"
"Ibaivsuve","3","2","5"
"IBEROTLXOCTAVIO","3","2","5"
"iBlund3r420","3","2","5"
"ibm_i","3","2","5"
"IBonkWithMyHead","2","3","5"
"Ibraheemsulay","3","2","5"
"ibrahim33e","1","4","5"
"ibrahimalbazzal","3","2","5"
"IbrahimDelalic","2","3","5"
"ibrahimK35","3","2","5"
"ibrahimsyllccc","3","2","5"
"ibrahm18","3","2","5"
"iButterCutter","2","3","5"
"Icemode","3","2","5"
"ICEXESS","2","3","5"
"icezarios","2","3","5"
"iCezve","2","3","5"
"Ich-lerne-es-nie","4","1","5"
"ichbinmalu","4","1","5"
"ichbins","2","3","5"
"Ichwardasnicht","3","2","5"
"Ida20","3","2","5"
"idan2023","3","2","5"
"idkblahblah","3","2","5"
"idke229","2","3","5"
"idnla","2","3","5"
"idontfeelsogood1","3","2","5"
"IDontNeedOpenings","2","3","5"
"IdriskaIriska","3","2","5"
"idunnomaaan","4","1","5"
"IELWasya","3","2","5"
"Ienai34","2","3","5"
"ienesayhan","2","3","5"
"IESVS","3","2","5"
"ifastenko","2","3","5"
"IferdelanceI","3","2","5"
"Ifinditv","2","3","5"
"igampy","4","1","5"
"igilruiz","3","2","5"
"Igle111","1","4","5"
"IgnacioLR","2","3","5"
"IgnacioVentura","2","3","5"
"ignicapillus","3","2","5"
"Ignite-1st","3","2","5"
"Ignorantpiece","3","2","5"
"igor_car_b","2","3","5"
"igor75bgd","3","2","5"
"Igormihaluch","3","2","5"
"Igoshin_Kirill31-01","3","2","5"
"iherbert","2","3","5"
"ii-jar","3","2","5"
"IIogmockoBHbleBe4epa","1","4","5"
"iismaill","3","2","5"
"IJustWannaBeUrSigma","3","2","5"
"Ikenkurt","3","2","5"
"Ikenmontero","2","3","5"
"il_cielo","4","1","5"
"il_fenicio","2","3","5"
"Il-1958","2","3","5"
"Ilcapa","3","2","5"
"Ildar9","2","3","5"
"ILearnQuick","3","2","5"
"ilia1388G","2","3","5"
"iliaHG","3","2","5"
"iLiezel","1","4","5"
"Ilija95","2","3","5"
"ilkinmusayev42","2","3","5"
"IlliaChess123","3","2","5"
"IllIntent","3","2","5"
"illuminaterrr","3","2","5"
"illuminatitriangle","3","2","5"
"Illustrado","3","2","5"
"Illustriousss","3","2","5"
"IloveAkatsia","3","2","5"
"ilpignatore07","3","2","5"
"ilternur","3","2","5"
"ilVessia","2","3","5"
"ilya3805","4","1","5"
"IlyaB83","2","3","5"
"IlyassAyyad","3","2","5"
"Ilyasss95","2","3","5"
"im200339","3","2","5"
"imaadi13","2","3","5"
"imachessplayer32","1","4","5"
"Imakin","2","3","5"
"imambey","2","3","5"
"ImanuelKantor","3","2","5"
"ImbaBody","3","2","5"
"imbadchessplayer","2","3","5"
"imbahubali","3","2","5"
"Imbalancedinferno","3","2","5"
"Imblue","4","1","5"
"imbroglio24","2","3","5"
"ImelihI","3","2","5"
"imeskov","3","2","5"
"IMIronMan","3","2","5"
"imlessthannothing","3","2","5"
"Immamiriam","1","4","5"
"Immensified","3","2","5"
"ImpossibleTreeMc","2","3","5"
"impostertoggi","3","2","5"
"improvingplayer","2","3","5"
"imrancatur08","3","2","5"
"imtoolowkey","3","2","5"
"imxdc","3","2","5"
"Imza","2","3","5"
"Ina_chess","3","2","5"
"inamcavanr","3","2","5"
"InathiS","3","2","5"
"inblacknegro","2","3","5"
"Incike","2","3","5"
"IndeShul","1","4","5"
"indigoplay111","3","2","5"
"Indiz","2","3","5"
"Indofranc","3","2","5"
"indomiegoreng29","2","3","5"
"indomitaboxe","2","3","5"
"indxfingrparkinson","2","3","5"
"INEFF_ABLE","3","2","5"
"InfernumCaelih","3","2","5"
"infinite_7","3","2","5"
"informcharles","2","3","5"
"ingenerftf","3","2","5"
"InigoMontoya137","2","3","5"
"innomanno","3","2","5"
"innq","2","3","5"
"Inovador","2","3","5"
"InquisitorThrax","3","2","5"
"insplocme","1","4","5"
"inspr","2","3","5"
"InterDan","3","2","5"
"intern20","2","3","5"
"Interstell4r","2","3","5"
"interstellardada01","3","2","5"
"InTheMirror","2","3","5"
"InverseHD","3","2","5"
"Invincible415","3","2","5"
"Invisible_FlyingCat","3","2","5"
"Inzy22","3","2","5"
"IO-VINCERO-E-BASTA19","3","2","5"
"ioahah","4","1","5"
"iobchess","3","2","5"
"iofianchetto","2","3","5"
"IOmarI","2","3","5"
"ion57","3","2","5"
"Iori_Yagami","3","2","5"
"IPawnNoobz","3","2","5"
"iPhone24","3","2","5"
"Iplayallright","2","3","5"
"Iqbal_Momin","2","3","5"
"IRAKLIUS-1121","3","2","5"
"IrfanGlpnr","3","2","5"
"Irina_Anatolevna","2","3","5"
"irlvikas","3","2","5"
"Irlyhavenoclue","3","2","5"
"ironAlmaz","3","2","5"
"ironartist","3","2","5"
"isaac6890","2","3","5"
"isacaramc","3","2","5"
"isacolombino","2","3","5"
"isancar","3","2","5"
"iSchneider","2","3","5"
"isez8282","3","2","5"
"isGhon","2","3","5"
"Ishaank20","3","2","5"
"Ishasha200","2","3","5"
"ishir1212","2","3","5"
"Ishmrakul","1","4","5"
"ishrank","3","2","5"
"isis29","2","3","5"
"Isitsoe","3","2","5"
"Iskusnjara","1","4","5"
"Islom_1990","3","2","5"
"ismaeel1998","2","3","5"
"ismailesen1274","3","2","5"
"Ismayil_Chess_Aze","3","2","5"
"Ismayilovimran2014","3","2","5"
"IsraelWerneck","3","2","5"
"istenikota2","2","3","5"
"IT_STIIIIIINGS","2","3","5"
"it64","2","3","5"
"Itachi_1337","3","2","5"
"itakitsu","2","3","5"
"ItalianSystem88","4","1","5"
"italienischerKiller","3","2","5"
"itamaryoyo","2","3","5"
"Itsarbab","3","2","5"
"ItseMeee","2","3","5"
"ItsFahad","3","2","5"
"ItsSiMio","4","1","5"
"Ittup64","2","3","5"
"iulik","3","2","5"
"iv1las","2","3","5"
"iva182","2","3","5"
"Ivan_Baranov2003","2","3","5"
"Ivan_Bark","3","2","5"
"Ivan_Grozny1","2","3","5"
"Ivan_Polyansky","4","1","5"
"Ivan0005xD","2","3","5"
"Ivan110211","2","3","5"
"Ivanchuky","3","2","5"
"ivandrago77","3","2","5"
"IvanE25","3","2","5"
"IvanFedun2013","3","2","5"
"IvanKirov","2","3","5"
"IvanKo09","2","3","5"
"IvanKovyl","3","2","5"
"ivanov_danil","3","2","5"
"IvanRosas","3","2","5"
"Ivanu","2","3","5"
"ivanwolodin","3","2","5"
"ivcasato96","3","2","5"
"ivs7","3","2","5"
"IwBi1994","2","3","5"
"iwinuloss","4","1","5"
"ixampro","3","2","5"
"Ixca","2","3","5"
"IxionDave","2","3","5"
"ixoq21","3","2","5"
"ixvxi","3","2","5"
"izandanish1","3","2","5"
"IzayBri","2","3","5"
"IzhChizh","3","2","5"
"Izja_007","4","1","5"
"izjgxj","3","2","5"
"izmen10","2","3","5"
"izml3wari","2","3","5"
"Izobr","3","2","5"
"IzzalDaniel","3","2","5"
"izzhan","2","3","5"
"izzynogard","3","2","5"
"j_dmx","3","2","5"
"j_mtn","2","3","5"
"j_v15926","2","3","5"
"j_wick","2","3","5"
"j-ajedrez","3","2","5"
"J1b1n","3","2","5"
"J4F-hihi","3","2","5"
"ja_davi","2","3","5"
"JABAL01","3","2","5"
"Jaber_M","3","2","5"
"JabuEmpire","2","3","5"
"jacalimpa","2","3","5"
"Jack_2001","3","2","5"
"Jack_z","3","2","5"
"jack1900","2","3","5"
"JackFontaine21","2","3","5"
"Jackky089","2","3","5"
"Jacklg3","3","2","5"
"jackpotnudge","3","2","5"
"jackshazam","4","1","5"
"Jacktheblob","3","2","5"
"Jaclappa","1","4","5"
"JACOBFUNARO777","3","2","5"
"jacobmaximesaucier","1","4","5"
"jacopkannns","1","4","5"
"jadagoo","3","2","5"
"Jaden_Jose_zapata","2","3","5"
"Jaden23","2","3","5"
"Jadoubefirst","1","4","5"
"jaelb1","3","2","5"
"Jaeu","4","1","5"
"JagdeepSudan","2","3","5"
"Jagoke","3","2","5"
"jagr135","2","3","5"
"Jah_Lion","3","2","5"
"jahanipour","3","2","5"
"JAHON0101","2","3","5"
"jahveni","2","3","5"
"Jahziel_Loves-Maria","3","2","5"
"jaider","2","3","5"
"Jaimesek","3","2","5"
"Jaimtap","2","3","5"
"JAIRONG","3","2","5"
"Jaishankar121005","3","2","5"
"jakesanta","2","3","5"
"jakmatasegurat","2","3","5"
"JakobKS","3","2","5"
"Jakub_T","2","3","5"
"jakubino","2","3","5"
"JalenGreen","2","3","5"
"Jalenpogi","2","3","5"
"Jaltas","3","2","5"
"Jamaisentendu","2","3","5"
"james_hersey","4","1","5"
"jamescaston","4","1","5"
"jameshiltunen","1","4","5"
"jameskapa","2","3","5"
"JamesYi","3","2","5"
"jaminisyal","3","2","5"
"Jamppaboi","3","2","5"
"jamskahler","3","2","5"
"Jamyed","2","3","5"
"Janallam520","2","3","5"
"janeza12","3","2","5"
"Jango69","2","3","5"
"jangra_896","2","3","5"
"janiorniel","2","3","5"
"jankarach","2","3","5"
"Jankozozapadu","3","2","5"
"jannis_0711","3","2","5"
"Jano555","3","2","5"
"Janosik_funku","3","2","5"
"janqen","2","3","5"
"Janrysare_silvs-69","2","3","5"
"janska123","3","2","5"
"januarius_w","3","2","5"
"Januzsp","2","3","5"
"jaotter","3","2","5"
"japcy","2","3","5"
"Jaquez_z","2","3","5"
"Jarallah15","2","3","5"
"jaran_kepang","2","3","5"
"jaredlebowitz","3","2","5"
"Jarem89","3","2","5"
"Jarm_13","3","2","5"
"jasamja","2","3","5"
"jashan7695","2","3","5"
"JashanSehgal","2","3","5"
"Jason32","2","3","5"
"JasonMcI","2","3","5"
"jasonparis","3","2","5"
"jasper1234","2","3","5"
"Jatimrabei","1","4","5"
"jatmikoccn","2","3","5"
"javad1357","3","2","5"
"javad1379","2","3","5"
"JavadTaghi","3","2","5"
"javasie","2","3","5"
"javcapula","2","3","5"
"javicounter","3","2","5"
"javier_garcia","3","2","5"
"javierfranco7","3","2","5"
"javierjd08","2","3","5"
"javilove96","2","3","5"
"Javnation","3","2","5"
"javun","2","3","5"
"jawsek","2","3","5"
"JaYDaY2874","2","3","5"
"jayhawks12","3","2","5"
"JayJoshi310","2","3","5"
"jayjoster","3","2","5"
"Jayme1","3","2","5"
"Jazaki","3","2","5"
"JAZMINLOPEZ1985","2","3","5"
"JazzGE","3","2","5"
"jbuehler","2","3","5"
"jcaey","1","4","5"
"Jcasey91","2","3","5"
"jccotaes","2","3","5"
"jcdesolate_10","2","3","5"
"jcdq","2","3","5"
"JCFC1971","3","2","5"
"jchessmx47","3","2","5"
"jckp","2","3","5"
"jclaff","2","3","5"
"jcll","2","3","5"
"JCR88","2","3","5"
"Jcrachess200","2","3","5"
"Jcsal1","2","3","5"
"jcsobredo","2","3","5"
"jdelvaux","3","2","5"
"jdidjosos","2","3","5"
"JDLouis","1","4","5"
"jdpv01","2","3","5"
"jdpz","2","3","5"
"jdsksl","3","2","5"
"jdswims","3","2","5"
"JDSXXIII","4","1","5"
"jdtjavier87","2","3","5"
"Jdturne2","3","2","5"
"Je-sappelle-Grr","4","1","5"
"Jean-Louis","3","2","5"
"JebronLames5494","2","3","5"
"jedove","3","2","5"
"Jedrez_1","3","2","5"
"JeepinTrin","2","3","5"
"Jeer297","2","3","5"
"JefeJime","2","3","5"
"JefersonMRReinheimer","3","2","5"
"Jeff_piegos","4","1","5"
"jeff630","2","3","5"
"jeffod123","2","3","5"
"jefmalle","2","3","5"
"JekilShah","3","2","5"
"Jelle1","3","2","5"
"Jellofrice","3","2","5"
"Jelte30","2","3","5"
"Jemab333","2","3","5"
"Jemy82","2","3","5"
"JenderalOrens","2","3","5"
"JenishaGurung","3","2","5"
"JenNyy_811","2","3","5"
"Jenspeter","2","3","5"
"Jeoff123","2","3","5"
"jeramyah","3","2","5"
"jere99","3","2","5"
"Jeremy-EPL","2","3","5"
"jeremyisbadatchess","3","2","5"
"JeremyLem7","2","3","5"
"jerry1966","2","3","5"
"JerryCamberry","1","4","5"
"Jes23","2","3","5"
"JesperbrogaardRadoor","3","2","5"
"Jespi","3","2","5"
"jespinosa2003","3","2","5"
"jesse_abucejo","2","3","5"
"jessiesam","3","2","5"
"Jesus1049","3","2","5"
"jesusjugo","3","2","5"
"jesusoca","3","2","5"
"jesusvgarcia","2","3","5"
"JESUX739","3","2","5"
"JeweiLin","2","3","5"
"Jewel_KhanBD","3","2","5"
"Jeysree_B","2","3","5"
"Jfredy62","3","2","5"
"jgontchess","2","3","5"
"jguiguigui","3","2","5"
"jhonaBQ","2","3","5"
"JhonAlbert2023","2","3","5"
"JhonEDuqueV","2","3","5"
"jhp42","3","2","5"
"Jhunrujawa","2","3","5"
"jialinwu","1","4","5"
"Jibincj123","3","2","5"
"JIeoTToJIbg","3","2","5"
"Jiksaw","3","2","5"
"jim_ocoee","3","2","5"
"jimcomrade","2","3","5"
"JimMoriarty00","3","2","5"
"JimmyCheeseburger","3","2","5"
"JimmyDaro","3","2","5"
"jinxy67","3","2","5"
"jishnudevan","3","2","5"
"jitendra64","2","3","5"
"JivsEt","3","2","5"
"jjbolanos","2","3","5"
"jjjal","3","2","5"
"jjjjjh","2","3","5"
"jjl123","2","3","5"
"Jjmd2000","3","2","5"
"jjoge","4","1","5"
"jjotnarr","2","3","5"
"jjparrad","2","3","5"
"jjshko","3","2","5"
"jkaff12","4","1","5"
"jkothari18","2","3","5"
"jkr","3","2","5"
"jlatpned","2","3","5"
"jm100819","3","2","5"
"jmbrdn17","3","2","5"
"jmmochko","2","3","5"
"JoakiSaldana","2","3","5"
"joalbert","2","3","5"
"JoanGG","1","4","5"
"JoaoValente","3","2","5"
"JobRivera","2","3","5"
"jocasar","4","1","5"
"Jodorow","3","2","5"
"joe778","2","3","5"
"jOeDiRt","3","2","5"
"JOEeasy","3","2","5"
"joegrimjow","2","3","5"
"Joel-alberco","2","3","5"
"JoelCJ08","3","2","5"
"joelias96","2","3","5"
"joelmaximiliano4343","3","2","5"
"JoemarBuenconsejo15","4","1","5"
"Joemico","2","3","5"
"joerouldug","2","3","5"
"joey_ardiente","3","2","5"
"johanlossius","3","2","5"
"Johann135","3","2","5"
"Johansen_Paladin","2","3","5"
"Johga","2","3","5"
"JOhn_113","2","3","5"
"John_Tornton","2","3","5"
"JohnBalogun","3","2","5"
"johnlopez1","2","3","5"
"johnmarkangeles04","3","2","5"
"Johnny_Cash","3","2","5"
"Johnny06","3","2","5"
"johnnymadrista","2","3","5"
"Jojomoj0","3","2","5"
"joker-alone","3","2","5"
"jole99","2","3","5"
"JollyJumper77","2","3","5"
"jomargo","3","2","5"
"jomarin2000","3","2","5"
"jon_wopkins","2","3","5"
"jon034","3","2","5"
"JonahShapiro","2","3","5"
"JonasBallena","3","2","5"
"JonasJJ","3","2","5"
"Jonatan_2011","2","3","5"
"jonathan_ae","2","3","5"
"jonathanp524","3","2","5"
"JonathanWH","3","2","5"
"jonathas_gouv","2","3","5"
"Jones1900","2","3","5"
"jonibizzle","2","3","5"
"Jonvara","3","2","5"
"JoOKker","2","3","5"
"joon3377","2","3","5"
"Jopagu","2","3","5"
"Jophi","3","2","5"
"jord23","3","2","5"
"jordanbryant34","2","3","5"
"JordanSavard","3","2","5"
"jorgealmeralla","2","3","5"
"JorgeDorantes","3","2","5"
"JOrisroELOFS","3","2","5"
"JorranEmanuel","1","4","5"
"JoseCanina","1","4","5"
"Josechechulin","3","2","5"
"josedovale","1","4","5"
"josefakad","1","4","5"
"Josel_is_jut_drupp","2","3","5"
"JoseLeonardo73","2","3","5"
"joseleyva","2","3","5"
"JoseLunaO","2","3","5"
"Josemy14","3","2","5"
"joseph4068","2","3","5"
"josephsmith123","2","3","5"
"Josephtafadzwa","2","3","5"
"Josevicasa","3","2","5"
"josevitorct","2","3","5"
"josexx00","2","3","5"
"Josh2abhi","3","2","5"
"joshage2","1","4","5"
"JoshPascoe","3","2","5"
"joshsirt","3","2","5"
"JoshTheBest","3","2","5"
"Joshuapiece","3","2","5"
"joshwood18","3","2","5"
"josueeellloo","2","3","5"
"JoSusAnAn","3","2","5"
"Jota14","2","3","5"
"Jota19","3","2","5"
"jovankus","3","2","5"
"Jowkers","2","3","5"
"Joy_8","2","3","5"
"Joy9999","2","3","5"
"JoyfulChess7","2","3","5"
"Joyjaydhillon","2","3","5"
"JoyShock","3","2","5"
"Jp_genius","3","2","5"
"jp6340","2","3","5"
"jparada","2","3","5"
"Jpatience","2","3","5"
"jpb-chess","2","3","5"
"JPflorin","2","3","5"
"Jphnsocias052381","2","3","5"
"jpoh97","3","2","5"
"jpppas","3","2","5"
"JRB75","3","2","5"
"Jrcute","2","3","5"
"jrndellota","3","2","5"
"jrogde","3","2","5"
"jroh11","1","4","5"
"jrvdwjr","2","3","5"
"JS_Programmer","2","3","5"
"jsbhjsbh1","3","2","5"
"Jscher","3","2","5"
"JSchlenker","2","3","5"
"jsearcy","2","3","5"
"jsene","1","4","5"
"jsilver","2","3","5"
"jsmataro","3","2","5"
"JSorel37","3","2","5"
"jstforfun","2","3","5"
"JtGrass","3","2","5"
"Juack0","3","2","5"
"Juan891","3","2","5"
"juanCarlosARb","2","3","5"
"JuanCastillORO_UNMSM","2","3","5"
"juancholandia","2","3","5"
"JUANCUBANITO1988","2","3","5"
"juandetroya","4","1","5"
"JuanDi19","2","3","5"
"juanjo1996","2","3","5"
"juanjo60","2","3","5"
"juanjohottie","2","3","5"
"juanki624","3","2","5"
"juanmariatancredi84","3","2","5"
"JuanPerezU","2","3","5"
"JuanPineda","3","2","5"
"JuanPini","3","2","5"
"Juanxdie","3","2","5"
"Juara5_RT","2","3","5"
"jude2015","2","3","5"
"Juglar_94","2","3","5"
"JUGQQQ","3","2","5"
"juicy_jake_g","3","2","5"
"juila","2","3","5"
"jukkian","3","2","5"
"jukkoo","3","2","5"
"Jules5","3","2","5"
"Julian-03","2","3","5"
"Julian-85","3","2","5"
"julian0505","3","2","5"
"juliangohr","3","2","5"
"julianorezende1","2","3","5"
"juliasycheva01","3","2","5"
"julien_delavega","3","2","5"
"juliferra","3","2","5"
"Julio_72","3","2","5"
"JulioCesarAlcca_UTP","3","2","5"
"juliolloret","3","2","5"
"JuliusGrobard","3","2","5"
"juliusss01","3","2","5"
"jumpjive","2","3","5"
"jumpsuitcoverme","2","3","5"
"Jun19591","2","3","5"
"junelu","4","1","5"
"Jungar113","2","3","5"
"Juniorcastro","3","2","5"
"junnich44","2","3","5"
"Juntacadaveres","2","3","5"
"junzxtoi","2","3","5"
"juraganciu","3","2","5"
"Jus2","2","3","5"
"jusdefruit","3","2","5"
"Just-Spam","3","2","5"
"justclickingbuttons","2","3","5"
"JustDD","2","3","5"
"justfordoingpuzzles","3","2","5"
"Justine_gagala2021","3","2","5"
"justintimehaha1","2","3","5"
"justMasry","3","2","5"
"JustMino","3","2","5"
"JustnG","3","2","5"
"justrapidly","2","3","5"
"justt43","2","3","5"
"JustusHorneburg","3","2","5"
"juzerK","2","3","5"
"jvanrios95","3","2","5"
"jvbcr","3","2","5"
"Jverner13","3","2","5"
"jwahl16","3","2","5"
"JWCastle","3","2","5"
"jwdhsflawrjhgbr","2","3","5"
"Jwjesq","2","3","5"
"Jwop123","2","3","5"
"jyuitan","3","2","5"
"K_Evgeniy","2","3","5"
"k-a-r-a-b-a-s","2","3","5"
"k-leon","3","2","5"
"K88u","2","3","5"
"Kaaaaammmmoooo","3","2","5"
"kabakulak03","3","2","5"
"Kabaty","2","3","5"
"Kabbens","2","3","5"
"Kabri","1","4","5"
"Kabzy","3","2","5"
"Kacem77","3","2","5"
"kadirarat125","2","3","5"
"kadirryld","2","3","5"
"Kadiyan12","2","3","5"
"Kadu_Wagner","2","3","5"
"Kadyrov7","3","2","5"
"KaelG4","2","3","5"
"KAFFY_ZXC","2","3","5"
"KaGoL","3","2","5"
"Kahanga","3","2","5"
"Kai_Vier_plus_Eins","3","2","5"
"Kaifi","3","2","5"
"KaiMiller2009","2","3","5"
"kairos_87","3","2","5"
"Kaisar77","3","2","5"
"kaitas","3","2","5"
"kajichenevaja","1","4","5"
"kak4kak","2","3","5"
"kakepat","3","2","5"
"KalalalakLa","1","4","5"
"kalatrako","2","3","5"
"Kale888","3","2","5"
"kalikani","4","1","5"
"Kalimanec","2","3","5"
"Kalischaran","2","3","5"
"kalmana","3","2","5"
"kalmandonat","2","3","5"
"Kalonji","3","2","5"
"kalou000","2","3","5"
"kals88","3","2","5"
"kalumbayzer","2","3","5"
"kalyan-k","2","3","5"
"kama_pula","2","3","5"
"kamadotanjiro12","2","3","5"
"Kamalkishor100","3","2","5"
"kambogg","3","2","5"
"Kamel136","3","2","5"
"kamele4e5","3","2","5"
"Kameleon79","2","3","5"
"kamelinio","3","2","5"
"kamelsai40","2","3","5"
"Kami_n26","2","3","5"
"KamiKaZe40","4","1","5"
"Kamil-ek","3","2","5"
"kampazo","3","2","5"
"KamuiTech","2","3","5"
"Kancleris","2","3","5"
"Kanha108","2","3","5"
"Kanhaiya88","3","2","5"
"Kanishka1993","2","3","5"
"Kaniuss","3","2","5"
"Kanthecarowin","3","2","5"
"kantifields","2","3","5"
"Kapalu","3","2","5"
"KapitanBomba3000","3","2","5"
"KapiteinVestrit","3","2","5"
"KappaKleb","3","2","5"
"kappatone","2","3","5"
"Kapystmen_56","2","3","5"
"karacayunusemre","1","4","5"
"Karadgich","3","2","5"
"karan_2709","2","3","5"
"KaranJayachandra","3","2","5"
"Karar91","2","3","5"
"Karas1337","3","2","5"
"Karasalik","4","1","5"
"Kardia13","3","2","5"
"karebowe","3","2","5"
"kareemhanyyyy","3","2","5"
"karelinN_17","3","2","5"
"Karina_2016","2","3","5"
"KarlusMagnsen","3","2","5"
"karna48","2","3","5"
"karnage5404","2","3","5"
"karolis2010","3","2","5"
"Karoo","3","2","5"
"Karp29","2","3","5"
"Karritiss","2","3","5"
"KarryGasparoff","3","2","5"
"karsten01","2","3","5"
"kartagina","2","3","5"
"karthikk","4","1","5"
"karthikunsw","3","2","5"
"kartik_opp","2","3","5"
"Kartuzov","2","3","5"
"kasata","3","2","5"
"Kascarov","2","3","5"
"Kash1ro","3","2","5"
"kashmirfunk","2","3","5"
"kasparisgarbage","3","2","5"
"Katabaski","3","2","5"
"Kate-the-great","2","3","5"
"katiafan2028","3","2","5"
"katichupi","2","3","5"
"Katjusa99","4","1","5"
"katomekzx","2","3","5"
"katremira","3","2","5"
"Kaushal12007","2","3","5"
"Kaushalrasane","3","2","5"
"kaustuv3200","3","2","5"
"KaveAhadi","3","2","5"
"Kayecta","2","3","5"
"KayEmJay","2","3","5"
"kaykay610","1","4","5"
"KAYLUM","2","3","5"
"kayoummmm","2","3","5"
"kayra__z","2","3","5"
"kayzer_soze14","2","3","5"
"kazakirazboiniki","1","4","5"
"Kazakov","2","3","5"
"Kazeninatte","3","2","5"
"kazimckc","3","2","5"
"kaztle","3","2","5"
"Kbelle","2","3","5"
"KBS-Oberstleutnant","3","2","5"
"kbyl","3","2","5"
"kc_0814","2","3","5"
"kcin420","3","2","5"
"KCSplayersroadto2500","3","2","5"
"kd_charlemagne","2","3","5"
"KD_the_underdog","2","3","5"
"keanenzo","3","2","5"
"kebab31","2","3","5"
"kecharitomene","3","2","5"
"keeda1234567","2","3","5"
"keen33","2","3","5"
"kefalgin","2","3","5"
"KejserNapoleon","3","2","5"
"keki77","2","3","5"
"Keks11","2","3","5"
"kelike","2","3","5"
"Kello1017","3","2","5"
"kelvinmuchui","3","2","5"
"kemal_onal","3","2","5"
"kemald17","3","2","5"
"Kemalito","2","3","5"
"KemalKkk","3","2","5"
"Kemalsahin03","2","3","5"
"KemelPinto","3","2","5"
"kemerova","3","2","5"
"Kenden79","4","1","5"
"kenny3261","3","2","5"
"Keoya","2","3","5"
"Kerem_Bor_12","2","3","5"
"kerem788","3","2","5"
"keremceyhun","3","2","5"
"KeremDemircan2","2","3","5"
"kermittheelfo","2","3","5"
"Kerven291197","2","3","5"
"Kesban","2","3","5"
"keshav_th","4","1","5"
"kessy0212","1","4","5"
"Ket321","3","2","5"
"kevdog93","3","2","5"
"Kevikovu","3","2","5"
"Kevin_McCallister","2","3","5"
"kevinclaiborne","3","2","5"
"kevino123plus","2","3","5"
"kevkuo325","2","3","5"
"kevsjohn","3","2","5"
"kewwt","2","3","5"
"keysersozei","3","2","5"
"keysersozez","3","2","5"
"KFCWanted","3","2","5"
"KgatontleS","3","2","5"
"khaiangelo","1","4","5"
"khal8d2102","3","2","5"
"KhaledBeenShams","2","3","5"
"khaledImmaster","3","2","5"
"khaledomar99","4","1","5"
"Khalid1974s","2","3","5"
"khalid31","3","2","5"
"KhalidIsHappy","2","3","5"
"khaliunbishshuu","2","3","5"
"Khaos_45","2","3","5"
"Khapustah","1","4","5"
"KhattabDZA","4","1","5"
"khayyam84","3","2","5"
"khentag","3","2","5"
"kherleng","2","3","5"
"kholi18","2","3","5"
"Khomich","3","2","5"
"khonnam","3","2","5"
"Khozhaev","2","3","5"
"KhSvN","2","3","5"
"KichonaPetunia","2","3","5"
"kid2001","2","3","5"
"KidGokuu","1","4","5"
"kierownikXDDDD","2","3","5"
"Kiezkoenig","4","1","5"
"KiGho","2","3","5"
"Kijing70","2","3","5"
"Kike73","2","3","5"
"kikirill43","3","2","5"
"Kilian1704","2","3","5"
"killer_king_2006","2","3","5"
"killer333","3","2","5"
"KILLERKING12345","2","3","5"
"killian24","3","2","5"
"kilofoxtrotseven","1","4","5"
"kimcads","3","2","5"
"Kimmich23","2","3","5"
"KimmyJimmy","2","3","5"
"KIN_g_cr","2","3","5"
"kinder332","3","2","5"
"King_man1987","2","3","5"
"King_Of_Chess-I","4","1","5"
"King007Chess007","2","3","5"
"king3507","1","4","5"
"KingAaron98","3","2","5"
"kingairmae44","2","3","5"
"kingandqueen2018","2","3","5"
"kingArthur-91","2","3","5"
"KingChase1982","1","4","5"
"kingcool3451","2","3","5"
"kingdeletemi","2","3","5"
"kingfaksoy","2","3","5"
"KingFurio","3","2","5"
"KingJoff23","2","3","5"
"KingJulian50","2","3","5"
"kingmado","2","3","5"
"KINGOFCHESS20001000","4","1","5"
"KingOfDisco1992","3","2","5"
"kingofNoland","3","2","5"
"kingofsplooge","2","3","5"
"KingOfTheCorvids","3","2","5"
"KingOfTresune","3","2","5"
"KingPetar","2","3","5"
"KingPin76","4","1","5"
"KingSalomon44","3","2","5"
"Kingslndian","2","3","5"
"kinguto7","2","3","5"
"kinichPedraza","3","2","5"
"kinkakuji","3","2","5"
"kion03","2","3","5"
"KIQA","3","2","5"
"Kir_V","3","2","5"
"kirahufuta","1","4","5"
"Kirales","2","3","5"
"kireeti500","2","3","5"
"kirikek","2","3","5"
"kirikuuu77","3","2","5"
"Kirill_Maximov","3","2","5"
"kirill_pot","2","3","5"
"Kirill-1988","3","2","5"
"KiriLLGaranin111","3","2","5"
"kirk333","2","3","5"
"Kis_my","2","3","5"
"kishore-dave","3","2","5"
"kishorthorat","2","3","5"
"kiskukac99","2","3","5"
"Kislinskiy_Andrey","3","2","5"
"kissmyrussianchess","2","3","5"
"Kitkat1234g","3","2","5"
"kiwismoot","1","4","5"
"kizginguller","2","3","5"
"kjkarthik0","3","2","5"
"kkakharov","1","4","5"
"KKareNSaakyan","2","3","5"
"KKONSTANTINI","2","3","5"
"kkrhill","2","3","5"
"klass_mars","2","3","5"
"Klawiir-saf","3","2","5"
"Kliptoman","3","2","5"
"klori","1","4","5"
"klossM","3","2","5"
"klydius","3","2","5"
"KM79234","2","3","5"
"kmnkmnk","3","2","5"
"KmOmarMchangama","3","2","5"
"kmsass","2","3","5"
"knalliii","3","2","5"
"Knazhek","3","2","5"
"knbrkml","3","2","5"
"KNEP_Medetov_3","2","3","5"
"Knepz","3","2","5"
"KNFS","3","2","5"
"KnightedSensei","3","2","5"
"KnightsAtTheTable","3","2","5"
"knightz-o","3","2","5"
"knoll3","3","2","5"
"knoshua","3","2","5"
"Knotan80","2","3","5"
"Knuttybuddy","2","3","5"
"ko-bros","2","3","5"
"KO5","3","2","5"
"Ko9n","3","2","5"
"Kobylka1","3","2","5"
"Koen123","4","1","5"
"kohen_bd","3","2","5"
"koirakoirane","2","3","5"
"KOJAK53","2","3","5"
"kokes01","3","2","5"
"koko83","2","3","5"
"Kokulusabun","3","2","5"
"kola1985","3","2","5"
"kolo60","3","2","5"
"Kolonaki","2","3","5"
"kolonyum","3","2","5"
"Kolyaproshka","4","1","5"
"komil4265","3","2","5"
"Kommunist_V01ces","2","3","5"
"Kommunist24","2","3","5"
"komputer7","3","2","5"
"konark321","3","2","5"
"kones_5","2","3","5"
"konfilik","4","1","5"
"KongtheDong","2","3","5"
"KonKon_Chess","3","2","5"
"KONRADOG","3","2","5"
"konst2013","2","3","5"
"Konstantin_150286","2","3","5"
"Konstantin-92","2","3","5"
"konstantinlevin77","3","2","5"
"KonstantinmenshikoV","3","2","5"
"konsti123456","3","2","5"
"Kookty","3","2","5"
"kop6en","3","2","5"
"kopikta","3","2","5"
"Koppe999","3","2","5"
"Kor3in4","2","3","5"
"korao","3","2","5"
"korayasss","2","3","5"
"korooshs3","3","2","5"
"Korrupcia","2","3","5"
"kosk_chess2022","2","3","5"
"koskar","2","3","5"
"kosmita678","2","3","5"
"Kosovopower","2","3","5"
"kostet24","3","2","5"
"KosTya97","2","3","5"
"Kotelevskiy_Andrey","1","4","5"
"KOTEYKA_V_TAHKE","2","3","5"
"Kotomuj","2","3","5"
"Kotrorok","2","3","5"
"kotsenko","1","4","5"
"kouoibertrand","3","2","5"
"koutsdimit","2","3","5"
"Kovaapaskaa","2","3","5"
"kovalskyi","2","3","5"
"KozachenkoOleksandr","3","2","5"
"kozar25","2","3","5"
"kpoeira","2","3","5"
"kr4l2765","2","3","5"
"krabkrab","3","2","5"
"Kraler","2","3","5"
"Krapuzik","3","2","5"
"krasnovas","2","3","5"
"krava_cd","2","3","5"
"krawallschachtel","3","2","5"
"Kreina","4","1","5"
"Kreiseck","3","2","5"
"Kreisler10","3","2","5"
"Krezov2020","2","3","5"
"Krike","3","2","5"
"KRISHAlPHA","2","3","5"
"krishanbansal","3","2","5"
"krishna_dalvi_18","3","2","5"
"krispy213","3","2","5"
"Kriss07","2","3","5"
"Kristian-G","3","2","5"
"Kristoni_M04","3","2","5"
"krithin1","2","3","5"
"Krivokapic","3","2","5"
"krmkrt","3","2","5"
"kroneychrome","3","2","5"
"Kroytz","3","2","5"
"Krrm","3","2","5"
"Krustentoast","2","3","5"
"krymore","3","2","5"
"KrzychXyz","2","3","5"
"krzysiek08","2","3","5"
"kselz","2","3","5"
"kshodik-2010","2","3","5"
"ksirodakasayi","2","3","5"
"ksm2016","3","2","5"
"KSS61","2","3","5"
"ksyu11","2","3","5"
"ksyzsk1","2","3","5"
"kuako_mx","2","3","5"
"kubcio000","2","3","5"
"Kuchaga","2","3","5"
"Kuchbhisky","2","3","5"
"Kucsicsagambit","3","2","5"
"kudrik36","3","2","5"
"kueflo","3","2","5"
"Kuei123","1","4","5"
"Kukaaa0701","2","3","5"
"kukubra99","2","3","5"
"kukujanji","2","3","5"
"Kukuluku123","3","2","5"
"kuldip","3","2","5"
"Kulotzkie","2","3","5"
"kulturluertem","3","2","5"
"Kulvic","3","2","5"
"kumarmulky","2","3","5"
"KUMWAH-JACK-DANIEL","2","3","5"
"kuoyi_chao","3","2","5"
"Kupa88","2","3","5"
"kuppes","4","1","5"
"Kupuk707","3","2","5"
"kuraga1","2","3","5"
"Kuraxik","4","1","5"
"Kurdishmir","2","3","5"
"kurekashi","2","3","5"
"Kurimara1","3","2","5"
"kurreboy","3","2","5"
"Kurze_Rochade","3","2","5"
"kusanagi_kyo","2","3","5"
"kuscu33","2","3","5"
"kush2108","1","4","5"
"Kutanwan","4","1","5"
"Kuzan48010","2","3","5"
"KuzcoTheLlama","2","3","5"
"Kvarts2011","3","2","5"
"kvink","2","3","5"
"KVsevolodLi","3","2","5"
"kweb1016","3","2","5"
"kweffer","3","2","5"
"Kyle4par","3","2","5"
"kylekramer","2","3","5"
"kyleli626","3","2","5"
"Kylian2935","2","3","5"
"Kyrill_Fara","2","3","5"
"Kzar_br","3","2","5"
"l____p","3","2","5"
"l-g-b-t-i","2","3","5"
"L-Rex","2","3","5"
"L100817","2","3","5"
"L1e2Me","2","3","5"
"L4C3","3","2","5"
"La_viola","3","2","5"
"laawie","2","3","5"
"labelas","3","2","5"
"Labeled_OPG","4","1","5"
"laberion2","2","3","5"
"Laborratte1","2","3","5"
"lacafiu","3","2","5"
"laciencia","3","2","5"
"LAEKU","3","2","5"
"Lagoyda","3","2","5"
"Laiana","3","2","5"
"lakemaster","3","2","5"
"Lakis2519","3","2","5"
"Lakshay_JSKumar","2","3","5"
"Lakshayjain","2","3","5"
"Lalleekov","2","3","5"
"lambal007","3","2","5"
"lamelo_lite","3","2","5"
"lamignar","3","2","5"
"Lamikaouette","2","3","5"
"lamisli","3","2","5"
"lanarifer","4","1","5"
"Lancia94","2","3","5"
"Landaule","3","2","5"
"Landerasa","2","3","5"
"lanessan","2","3","5"
"langerjon","2","3","5"
"LANHSO","3","2","5"
"LANZZZZ","2","3","5"
"LaPizzaAuSaumon","3","2","5"
"Lapo_Roman","3","2","5"
"larbimouloud","2","3","5"
"Larios2021","4","1","5"
"Larnfakas","3","2","5"
"Larsenal","2","3","5"
"larspli","2","3","5"
"larssieda","2","3","5"
"lasamambasi","2","3","5"
"Laser_cooling","2","3","5"
"lashakovziridze","2","3","5"
"Laskaris7","2","3","5"
"laskaze","3","2","5"
"laspoura","3","2","5"
"Lassie79","2","3","5"
"lastobar","2","3","5"
"Lato1","3","2","5"
"lattendaddy","3","2","5"
"LaudeChussh","2","3","5"
"LaughingCoffins","2","3","5"
"laurengs","3","2","5"
"lauvabrarc","3","2","5"
"LaviDebonair","2","3","5"
"Lavr75","3","2","5"
"Lavrenova-Masha1404","4","1","5"
"lawdog98","3","2","5"
"Lawliet56","2","3","5"
"laynus90","4","1","5"
"LAYSON22","3","2","5"
"LayZze","3","2","5"
"Lazio47","3","2","5"
"LazloH","2","3","5"
"lazybum_1","2","3","5"
"LazyWolverine","2","3","5"
"lbdave","3","2","5"
"lbjmwi","4","1","5"
"lcsfilho","2","3","5"
"ldoughty07","2","3","5"
"LDyzainer","3","2","5"
"le_roi_cest_moi","3","2","5"
"LeaLander","3","2","5"
"learnerbyheart","3","2","5"
"LearnYourVegetables","1","4","5"
"Lecafe","3","2","5"
"lechuza06","2","3","5"
"Lecrec16","2","3","5"
"lectoresenronda","2","3","5"
"LeDomG","2","3","5"
"ledzoo","3","2","5"
"Lee007Inshallah","3","2","5"
"leehun","3","2","5"
"Leerxaand","2","3","5"
"Leff02lol","2","3","5"
"leflc","2","3","5"
"legado-de-morphy","3","2","5"
"legaleagle78","3","2","5"
"legarcon13","2","3","5"
"legeko","1","4","5"
"Legend109","2","3","5"
"legend69fj","3","2","5"
"legenda_777","3","2","5"
"LegendaryChessticle","2","3","5"
"legendaryfatguy","3","2","5"
"legochamp","1","4","5"
"legyptologus28","2","3","5"
"leito_messi","3","2","5"
"LeJoshuaTan","3","2","5"
"Lelouch_V_India","1","4","5"
"Lem1","2","3","5"
"lem91sov","3","2","5"
"lembitopik","3","2","5"
"lemecdesechecs","3","2","5"
"lemonpill","3","2","5"
"Lempke","2","3","5"
"Len_ny","2","3","5"
"Len1an","3","2","5"
"Lenzz","3","2","5"
"Leo25mx","3","2","5"
"Leocan27","2","3","5"
"Leodb1968","2","3","5"
"LeoFreire","2","3","5"
"LeoHenrike","3","2","5"
"Leola10","3","2","5"
"Leoloyola","2","3","5"
"LeoMann","3","2","5"
"Leomarzinho2016","3","2","5"
"Leon2012UK","3","2","5"
"leonal85","2","3","5"
"Leonardosoco","2","3","5"
"LeonBrd","3","2","5"
"Leonelleichner","1","4","5"
"leonid-gold","3","2","5"
"LeonMur","3","2","5"
"Leopochess","2","3","5"
"Leopoldinodacosta23","3","2","5"
"LeoSilveira","2","3","5"
"leotei","3","2","5"
"leotorra","2","3","5"
"Leoxicon","3","2","5"
"LePereAndrew","4","1","5"
"lepionfou77","2","3","5"
"lepirate","2","3","5"
"Lerajao","1","4","5"
"les3as","3","2","5"
"leshgun","2","3","5"
"Leshka84","3","2","5"
"LessChessless","2","3","5"
"lesurchibre","2","3","5"
"lethargique","3","2","5"
"LETMECHOOSEANNAME","2","3","5"
"LeTongoSier","2","3","5"
"Leucochloridium","3","2","5"
"Leudar","2","3","5"
"Lev_Aoki","2","3","5"
"Lev_Borisenkov","2","3","5"
"lev1ngg","2","3","5"
"Levi_ackerman99","1","4","5"
"Levi_Tapia","2","3","5"
"Leviat","2","3","5"
"leviathanrises47","3","2","5"
"Levko73","2","3","5"
"levkru","2","3","5"
"levy2020","2","3","5"
"Levy7","2","3","5"
"lewinski","2","3","5"
"Lewiszambia","4","1","5"
"lewko1","3","2","5"
"lewmithayesith2011","2","3","5"
"lex4a","1","4","5"
"lexerom","2","3","5"
"LexMororo","2","3","5"
"leyxz","3","2","5"
"lf141","2","3","5"
"LGAPhD","4","1","5"
"lGefestl","3","2","5"
"lhnnhl","3","2","5"
"LhornyThorynk","2","3","5"
"Liamlkds98","3","2","5"
"Liamsi_VON","3","2","5"
"lian_m","2","3","5"
"libertasus","2","3","5"
"Libya198585","2","3","5"
"Licelire","3","2","5"
"Lichen7","3","2","5"
"lichisss","3","2","5"
"lida_2002","2","3","5"
"Lido2019","2","3","5"
"Liewl","2","3","5"
"Light_Unknown","3","2","5"
"light100","2","3","5"
"LightAndMomentary","2","3","5"
"LightInDark","3","2","5"
"Lightning972","2","3","5"
"lightningboult","2","3","5"
"ligou","2","3","5"
"lihur","2","3","5"
"LikableDimka","3","2","5"
"LikmArimA","3","2","5"
"likovic","3","2","5"
"LIL_NeeK","3","2","5"
"Lilianchata","2","3","5"
"LilKearn","2","3","5"
"Lillianne","3","2","5"
"limbito","3","2","5"
"Limbu098","3","2","5"
"limenitispopulli","3","2","5"
"limitlessmehdi","3","2","5"
"limox","2","3","5"
"linabezaganima","2","3","5"
"linijka8","3","2","5"
"linkarl","3","2","5"
"linkdooo","2","3","5"
"linomate","3","2","5"
"Linuel-Sherwyn","3","2","5"
"liokhazin63","3","2","5"
"lionelchamorro85","2","3","5"
"lionheart95","2","3","5"
"Lionking1000","2","3","5"
"lireuille7","3","2","5"
"LIS25","2","3","5"
"lisandrolacorte","2","3","5"
"lisek2502","1","4","5"
"Lisenokkk11","2","3","5"
"lishiyin","3","2","5"
"lisiyuan0909","3","2","5"
"lissa14","3","2","5"
"Lisztes_Mage","2","3","5"
"literaturafantasma","2","3","5"
"littlemastermanthan","3","2","5"
"LittleRock","4","1","5"
"littleTahoe1992","3","2","5"
"Livelovic","3","2","5"
"livetoday","3","2","5"
"LiveToWin","2","3","5"
"lixal","3","2","5"
"lizzia10","2","3","5"
"Ljosaak","3","2","5"
"Lkash","3","2","5"
"Lkerimeut","3","2","5"
"lkgmax","3","2","5"
"Llamvior","2","3","5"
"LLBBEAST","3","2","5"
"Lloyd-Emerson","2","3","5"
"llpoh","3","2","5"
"Lmdpt94","3","2","5"
"lmineb88","1","4","5"
"lmsbihlslt","2","3","5"
"lndre","3","2","5"
"LO_MA01","3","2","5"
"Load0","3","2","5"
"Loan_ua","3","2","5"
"loboblanco65","2","3","5"
"Lobsy","2","3","5"
"loeffelh","3","2","5"
"Logo_28","3","2","5"
"LoidForger108","2","3","5"
"Loki33333","2","3","5"
"loki96","3","2","5"
"Lokkiii","3","2","5"
"LOKYLUK","3","2","5"
"LoLa148","2","3","5"
"Lolicon27","2","3","5"
"lolobibi2017","3","2","5"
"Lolom","2","3","5"
"lomaspv","2","3","5"
"Lonewolf_845","3","2","5"
"Long_Dong_Silvers","3","2","5"
"Lonimahe","3","2","5"
"loomaca","2","3","5"
"Loon12","3","2","5"
"LooneyEnd059","3","2","5"
"loopee17","2","3","5"
"loosesprucegoose","3","2","5"
"Lop3zin","2","3","5"
"LopezRocha","2","3","5"
"Loquilloking","3","2","5"
"Lord_Heydra","2","3","5"
"Lord_Rolls","2","3","5"
"LordDraculavagans","3","2","5"
"Lorddukesirdave","3","2","5"
"lordflies","3","2","5"
"lordfram","2","3","5"
"lordoan","3","2","5"
"Lordos","2","3","5"
"LordTalos","3","2","5"
"Lordthriller","2","3","5"
"lorelore74","3","2","5"
"Lorena2706","1","4","5"
"LorenzJoJo","3","2","5"
"LorenzoColilli","2","3","5"
"Lori0714","2","3","5"
"LORIS81","3","2","5"
"Lose_Wins","2","3","5"
"loslitos","3","2","5"
"Lothan1976","2","3","5"
"Lothbrok0","1","4","5"
"Lottatchess","2","3","5"
"loturco","2","3","5"
"Lotusfera","2","3","5"
"Lou80","1","4","5"
"louieanderz","3","2","5"
"Louisdeverooks","3","2","5"
"LoveMaru","2","3","5"
"Lovma30","2","3","5"
"LOWTABtolya","2","3","5"
"loyalite","3","2","5"
"lozanozabala","3","2","5"
"lp24","3","2","5"
"lReyMexicol","1","4","5"
"LSimon","2","3","5"
"LT1xx","2","3","5"
"LTDC","3","2","5"
"ltinsitu","2","3","5"
"Lu-ki","1","4","5"
"lu090909","3","2","5"
"luai88","2","3","5"
"LuanRupert","1","4","5"
"luaysuidaan","2","3","5"
"lubula","3","2","5"
"Lucas_bumm","4","1","5"
"lucasdv","2","3","5"
"LucasFlores","2","3","5"
"Lucasimir704","3","2","5"
"Lucassimanihuruk","3","2","5"
"lucastoll","3","2","5"
"LucaZoo4","4","1","5"
"Lucenzo_BD","2","3","5"
"lucho1712","2","3","5"
"luchocalza","2","3","5"
"Luciana_Orchessi","3","2","5"
"lucianocelentano","2","3","5"
"Luckky_Ghoul","3","2","5"
"LuckyStarX","2","3","5"
"lucvv","2","3","5"
"ludo808","3","2","5"
"ludorov","2","3","5"
"luferseji","3","2","5"
"LuffyKaisen","3","2","5"
"Lugi11","2","3","5"
"Luis_Manu","3","2","5"
"luisangel1808","2","3","5"
"luisenriq33","2","3","5"
"Luisete1981","2","3","5"
"LuisFerDiaz","2","3","5"
"luismift","3","2","5"
"luisverc","1","4","5"
"lukaasz87","2","3","5"
"Lukacs26","2","3","5"
"lukakidasah","2","3","5"
"lukaq12","2","3","5"
"Lukasek09","2","3","5"
"lukasleleika","3","2","5"
"Luke_Skywalker12","2","3","5"
"Lukeinaz","3","2","5"
"lukeybaby12345","3","2","5"
"Luki132","3","2","5"
"LukiOldSun","2","3","5"
"LuksonGD","3","2","5"
"Lula1000","3","2","5"
"lulleboy314","2","3","5"
"lumache003","3","2","5"
"lumpfish","2","3","5"
"lunar131415","3","2","5"
"lunevalle","3","2","5"
"Luomfu","3","2","5"
"Lupo01","2","3","5"
"Luptyar230118","2","3","5"
"LupusSeul","3","2","5"
"luri55","4","1","5"
"Lurk3r2k","2","3","5"
"Lurker1","2","3","5"
"lurst","3","2","5"
"Lusenihe","2","3","5"
"LuTa_X","3","2","5"
"luv_lxr","2","3","5"
"luvemi","2","3","5"
"Luz_1978","3","2","5"
"LVBELC50635","2","3","5"
"Lvill","3","2","5"
"lvlun","2","3","5"
"Lwenje","2","3","5"
"lxlxlx666666","2","3","5"
"Lycepha","3","2","5"
"Lyonis","2","3","5"
"Lyzos","3","2","5"
"M_02Amiruddin","2","3","5"
"M_abbasi93","2","3","5"
"m_heidarpour","2","3","5"
"M_Hotib_Jailani","2","3","5"
"M_Pradyumna_Adiga_10","3","2","5"
"M_Ruzal-567","2","3","5"
"M_Vidor","3","2","5"
"m-malekzadeh1","2","3","5"
"M2rsi","3","2","5"
"M4dara-Uchiha","2","3","5"
"m4st4","2","3","5"
"M57371","3","2","5"
"m6rve","2","3","5"
"m8te22","3","2","5"
"M9993","2","3","5"
"ma05092002","3","2","5"
"ma114","3","2","5"
"ma198","2","3","5"
"Maaurito","1","4","5"
"Mabala-TM","3","2","5"
"Mac78","2","3","5"
"macacodoidochess","3","2","5"
"Macang_Lada","2","3","5"
"macanoni","3","2","5"
"Macestik","2","3","5"
"machaah","3","2","5"
"machka09","3","2","5"
"Macias425","3","2","5"
"maciekm1","2","3","5"
"macknolo","3","2","5"
"mackwalker","2","3","5"
"Mactov","2","3","5"
"mad100","3","2","5"
"madabouthans2022","2","3","5"
"MadamQueen","3","2","5"
"Madar909","3","2","5"
"maddev","3","2","5"
"madejka","2","3","5"
"madenis","2","3","5"
"madespark","2","3","5"
"madhanbalaji","3","2","5"
"madhatter7","3","2","5"
"madhu_d","2","3","5"
"MadMan281","3","2","5"
"MadmonkeyBLI","3","2","5"
"Madn_tlg","3","2","5"
"MadOfChess","4","1","5"
"mads97","2","3","5"
"madulb007","2","3","5"
"mae1995","2","3","5"
"Maestro83","1","4","5"
"MaestrooAtef","2","3","5"
"maestrotf","1","4","5"
"mafitopafio","3","2","5"
"Mafoomazoo","2","3","5"
"MagentaLight","3","2","5"
"MaggoChess4","3","2","5"
"magicarrow1","2","3","5"
"MagicKaito1412","2","3","5"
"MagicMarc26","3","2","5"
"Magicomio","2","3","5"
"Magicus35","2","3","5"
"Magicuz","2","3","5"
"MagisterNavis","3","2","5"
"Magnanim","4","1","5"
"MagnificCreature","2","3","5"
"Magnu2os","3","2","5"
"Magnus_mubhugusvi","3","2","5"
"magnus-kasparov88","3","2","5"
"MagnusCalrsensMom","3","2","5"
"MagnusKapa","4","1","5"
"Magnusnoori","2","3","5"
"MagnusPasta","2","3","5"
"Magnuzis","3","2","5"
"MagoCristal","3","2","5"
"MAH19","3","2","5"
"Mahan_83","2","3","5"
"mahdierabi","2","3","5"
"maheshwaran2023","2","3","5"
"mahipchess","2","3","5"
"mahkah","2","3","5"
"mahmoudjabr","3","2","5"
"MahsusKalsen","1","4","5"
"mahyas","3","2","5"
"maica","1","4","5"
"MaiIuToMaiPhuong","3","2","5"
"maikonvr","2","3","5"
"mailonsunday","3","2","5"
"mainame","3","2","5"
"maisnon","3","2","5"
"Majo130","3","2","5"
"majorbob123","2","3","5"
"majuro_1","2","3","5"
"makan3","3","2","5"
"Makar333","2","3","5"
"makarovin2312","3","2","5"
"makaveli6","3","2","5"
"Makeeee123","3","2","5"
"MAKemer","2","3","5"
"makibao","3","2","5"
"MaksimChess135","3","2","5"
"maksimchumakov","1","4","5"
"Maksym_537","3","2","5"
"Malacast2","2","3","5"
"MalagaJoseMalaga","3","2","5"
"malaojai","2","3","5"
"malarky32","2","3","5"
"malataz","3","2","5"
"malbin","3","2","5"
"malena2010","2","3","5"
"malephic","2","3","5"
"Malexgomeze","3","2","5"
"malikb94","1","4","5"
"mallustalker","2","3","5"
"Malugr1953","2","3","5"
"Malvich","3","2","5"
"mamadreza78","2","3","5"
"Mamdouh2020","3","2","5"
"mammado23","2","3","5"
"Mammoon","3","2","5"
"man_ojkumar","3","2","5"
"MaNaHoerden","1","4","5"
"mananbhatia","2","3","5"
"manas_j","2","3","5"
"manassharma95","2","3","5"
"manavchhetre","2","3","5"
"ManceHammer","2","3","5"
"Mandi2000","3","2","5"
"Mandizzle","3","2","5"
"mandy2019","4","1","5"
"manelr","3","2","5"
"manhal77","3","2","5"
"manhhung2912","3","2","5"
"mani_confitado","2","3","5"
"mani1361","2","3","5"
"manibabu","2","3","5"
"manishkdwivedi","3","2","5"
"mannoo","3","2","5"
"MANOAZUL2010","2","3","5"
"manoj_chandra","3","2","5"
"manojmass","3","2","5"
"manolisx","3","2","5"
"manolorum","2","3","5"
"Manolsan5","3","2","5"
"manoucheTLZ","2","3","5"
"manraj_ghale","3","2","5"
"manterx","2","3","5"
"manthandshah","2","3","5"
"mantrisunat","2","3","5"
"manu_nassour","2","3","5"
"Manuel_Innocenti","4","1","5"
"manuel23Glez","2","3","5"
"ManuGinobili20","2","3","5"
"manutiwari","2","3","5"
"manuudp","4","1","5"
"manwithasaltyone","1","4","5"
"Manxp","2","3","5"
"Manzta","3","2","5"
"Mao99","2","3","5"
"maor10","2","3","5"
"mapasmentales","2","3","5"
"maplesucker","2","3","5"
"mapotofu","3","2","5"
"MaqaHasanov","3","2","5"
"Maqnusamcaa","3","2","5"
"Marachris","3","2","5"
"Maraphones","3","2","5"
"maratstd","2","3","5"
"Marc234","2","3","5"
"Marc39","2","3","5"
"Marcel_von_DD","3","2","5"
"Marceli123","3","2","5"
"MARCELINGUI","2","3","5"
"marcelovsj","2","3","5"
"Marcilino_adel","2","3","5"
"Marcin450","3","2","5"
"marco6971","2","3","5"
"Marcoantonio1919","2","3","5"
"marcocasoserio51","3","2","5"
"MarcoCicconi","3","2","5"
"marconev","2","3","5"
"marcoo2007","3","2","5"
"marcos-99M","3","2","5"
"marcos19910","3","2","5"
"Marcosrv","3","2","5"
"marcosvd","2","3","5"
"marcosweck","3","2","5"
"Marcus1180","2","3","5"
"marcusflorides","3","2","5"
"Marda77","3","2","5"
"Marek0603","3","2","5"
"Maresias","2","3","5"
"maresn","2","3","5"
"Marethyu007","3","2","5"
"Margarita_Mois","2","3","5"
"marialimon","3","2","5"
"MarIamalaa","1","4","5"
"mariamgannar","1","4","5"
"mariamtWf","3","2","5"
"marianoorozco007","3","2","5"
"mariariel","3","2","5"
"marijan_1616","2","3","5"
"Marinac6683","2","3","5"
"MarinCrops69","3","2","5"
"Mario_Giannangeli","2","3","5"
"Mario_Hz","3","2","5"
"Mario-Emerson","3","2","5"
"Mark_Chupikov","2","3","5"
"MarkBas","1","4","5"
"MarkEdwards","2","3","5"
"MARKO2020","2","3","5"
"Markovic08","2","3","5"
"Marlboro111","3","2","5"
"Marlite","2","3","5"
"Marmie","3","2","5"
"marreroval","2","3","5"
"marschacht","2","3","5"
"marshwiggle","4","1","5"
"martarb","3","2","5"
"martban1","2","3","5"
"martgo","3","2","5"
"Martin_wag","2","3","5"
"Martin0012","3","2","5"
"martina_g","3","2","5"
"MartinEkornes","3","2","5"
"MartinJones_1","3","2","5"
"MartinMachado","3","2","5"
"Martinn91","2","3","5"
"Martinssen88","3","2","5"
"marvesma","4","1","5"
"Marvin_Marciano","2","3","5"
"Marwan-Hamoui","2","3","5"
"marwm","2","3","5"
"maschinegunhias","2","3","5"
"maseba2003","3","2","5"
"Mashukudu","3","2","5"
"masiha94","3","2","5"
"masoud1034","2","3","5"
"Masouo","3","2","5"
"masput","3","2","5"
"massacrovic","4","1","5"
"Massimo12","3","2","5"
"Master_74","3","2","5"
"Master_In_Christ","2","3","5"
"Master-Rio","3","2","5"
"Master-Rok","3","2","5"
"Master2029","2","3","5"
"MasterIchsur","2","3","5"
"MasterJosePanesso","3","2","5"
"Masterkurosh","3","2","5"
"masterlake","3","2","5"
"Mastermorton","2","3","5"
"masterneroid","3","2","5"
"masterofnone12345678","3","2","5"
"mastertan","2","3","5"
"MasTith","2","3","5"
"mataganado","2","3","5"
"Matan7655","3","2","5"
"Mate_al_Rey","1","4","5"
"matein78","3","2","5"
"matej88","2","3","5"
"Mateka44","2","3","5"
"matekekkek","2","3","5"
"matekp20","2","3","5"
"Mateo_1123","3","2","5"
"mateohj2011","2","3","5"
"MATERASSO","3","2","5"
"Mateussf","3","2","5"
"MatheusAC10","2","3","5"
"mathias2003","2","3","5"
"mathillab","3","2","5"
"MatiasBordi","2","3","5"
"MatiasMaturana","1","4","5"
"Matiias7","3","2","5"
"Matimatik","3","2","5"
"matinbasak","3","2","5"
"Matinfayaz","3","2","5"
"MatingPositions","3","2","5"
"MatinMazrouei","2","3","5"
"MatiS3121","3","2","5"
"matlamenaceXx","3","2","5"
"matlolobor","3","2","5"
"Matlotlo","3","2","5"
"Matrena0406","3","2","5"
"Matrudi","3","2","5"
"matsorem","2","3","5"
"matsschach06","2","3","5"
"matt_zentrix","3","2","5"
"matt299","4","1","5"
"Matthew038972","3","2","5"
"matthi2609","3","2","5"
"Mattishakki0","3","2","5"
"mattochwat","2","3","5"
"mattsim24","3","2","5"
"mattyf9","3","2","5"
"mattzah","2","3","5"
"MATU6","2","3","5"
"matusko92","3","2","5"
"Matyush","3","2","5"
"mau_marques","3","2","5"
"maudimeo","3","2","5"
"mauro1175","2","3","5"
"mauzg","3","2","5"
"Maviketsi","3","2","5"
"Mawk","2","3","5"
"Max_Y","2","3","5"
"max-2000","2","3","5"
"Max094","3","2","5"
"maxaljin","3","2","5"
"maxchuiko22","3","2","5"
"maxdann","3","2","5"
"maxgraham7","2","3","5"
"maxi_kbg","3","2","5"
"maxigaga22","2","3","5"
"MaximeChiasson13","3","2","5"
"MaximGrechanik","2","3","5"
"maximLocker","3","2","5"
"MaxK111","3","2","5"
"Maxster31","2","3","5"
"MaxSullivan","3","2","5"
"MaXTuRbA2010","2","3","5"
"Maxws10","3","2","5"
"mayank431","3","2","5"
"mayankchopra","3","2","5"
"mayHalleyStark","3","2","5"
"Mayhsb","3","2","5"
"Mayur_1996","3","2","5"
"Mazeeennnn","2","3","5"
"mazharcelikok","2","3","5"
"mazin10","3","2","5"
"MazinGol","2","3","5"
"Mazzelpik","2","3","5"
"mbrunlieb","3","2","5"
"mbs1319","3","2","5"
"mbusan","3","2","5"
"mcaudet","2","3","5"
"MCC8","2","3","5"
"McDreist","3","2","5"
"McDrive123","3","2","5"
"Mceedo","1","4","5"
"mceppe","3","2","5"
"mcfish1","2","3","5"
"MCGirthy","2","3","5"
"McGoon","1","4","5"
"Mcgunslinger","2","3","5"
"mcjam","3","2","5"
"Mclaren99","2","3","5"
"McObvious","3","2","5"
"mcomaco10","3","2","5"
"mcore","2","3","5"
"mcstatu","3","2","5"
"McVanBuck","3","2","5"
"McWoolly","2","3","5"
"mdadphone","2","3","5"
"mdEVASIA2000","3","2","5"
"MDF160","4","1","5"
"Mdmzr","4","1","5"
"MDolunz","2","3","5"
"mduart","3","2","5"
"ME_Sunday","2","3","5"
"meanncousin","3","2","5"
"meathead187","2","3","5"
"mechio","3","2","5"
"medaliemasss","3","2","5"
"Medhak_Vk","2","3","5"
"medo_media","2","3","5"
"medou97","3","2","5"
"MedSadok","3","2","5"
"MeechiMapuche","2","3","5"
"meekrob","2","3","5"
"Meeresbaer","2","3","5"
"meet57","3","2","5"
"Meet8x","2","3","5"
"MEEZOOMEE","3","2","5"
"MegaGab221","2","3","5"
"Megalokom","3","2","5"
"megaplox","3","2","5"
"megh-vyas","3","2","5"
"megh06","3","2","5"
"meguelp","3","2","5"
"megumi4587","2","3","5"
"megustanlosmelones","3","2","5"
"mehdi_razani","3","2","5"
"MeHdI13991377","2","3","5"
"mehdisaduqi","2","3","5"
"Mehimsilf","3","2","5"
"mehmetcanakars21","3","2","5"
"MehmetEfeMakas_35","1","4","5"
"Mehmetemr","3","2","5"
"Mehmetkarahanli12","3","2","5"
"mehmetmirzaates","3","2","5"
"mehmetrasitt","2","3","5"
"mehmettguness","3","2","5"
"mehrad91","3","2","5"
"mehran39","2","3","5"
"mehrankarami","3","2","5"
"mehrdad_dehnabi","2","3","5"
"mehrdad_el","2","3","5"
"mehrdadmahta","3","2","5"
"mehsmerize","2","3","5"
"meistertttrompeter","2","3","5"
"MeiTime","2","3","5"
"mel0k","3","2","5"
"Meldney","2","3","5"
"Meler03","2","3","5"
"melifoglu","3","2","5"
"Melih001","3","2","5"
"MelihOmac1","3","2","5"
"melihy5825","3","2","5"
"meliksah1","3","2","5"
"Melipir","2","3","5"
"melkor-vala","3","2","5"
"melodid","2","3","5"
"melonem","3","2","5"
"meloturkmen","2","3","5"
"melvinChuckDog","3","2","5"
"Melvito","2","3","5"
"meme4mar","3","2","5"
"MeminCS","2","3","5"
"MemoryOfExp","2","3","5"
"men3m1994","2","3","5"
"Mendel1972","3","2","5"
"Meniow","2","3","5"
"Mensuary_01","2","3","5"
"mentalillnes","2","3","5"
"mentalist27","2","3","5"
"Mentola1","3","2","5"
"meocontamnang","2","3","5"
"Meorin","2","3","5"
"meowatron2","3","2","5"
"Mepk_luv","1","4","5"
"meramiha","3","2","5"
"mercall","3","2","5"
"mercenario14","3","2","5"
"mereke","2","3","5"
"Merengugero","2","3","5"
"merito32123","2","3","5"
"MerkuljevNikitos","2","3","5"
"Merleau-Pawnty","3","2","5"
"Mert524","2","3","5"
"mertbuba67","2","3","5"
"Mertcan35","2","3","5"
"Mertcemre","2","3","5"
"merttetiikk","2","3","5"
"meseer","3","2","5"
"mesfordyokul","2","3","5"
"mesro","2","3","5"
"messi_is_goat","2","3","5"
"mesuturans","3","2","5"
"MEthebigguy","2","3","5"
"methodius25","3","2","5"
"metintoprak","3","2","5"
"metkcc","1","4","5"
"mettuzwee","3","2","5"
"Mexileon","1","4","5"
"mezolitmezolitovich","3","2","5"
"Mezzon","2","3","5"
"MFCanary","2","3","5"
"MFrhnUcr","2","3","5"
"MG_Votte","2","3","5"
"MG0202","3","2","5"
"mgamil53","2","3","5"
"mgbasher","1","4","5"
"MgBR1","2","3","5"
"mgiles22","3","2","5"
"mgm_51","2","3","5"
"mgoles","2","3","5"
"mgut1","2","3","5"
"MH_Dr_Sebi","3","2","5"
"mhavers2","3","2","5"
"mhfh6350","2","3","5"
"mhm_7","3","2","5"
"mhmd3210","2","3","5"
"mhmmd_krky","3","2","5"
"miaqimobas","3","2","5"
"miawaw","3","2","5"
"mib-X","3","2","5"
"micdrou","4","1","5"
"Michael_Ibrahim10","4","1","5"
"Michael_K2022","3","2","5"
"Michael2014","1","4","5"
"Michael2100","2","3","5"
"michaelalanss","2","3","5"
"michaelbilow","2","3","5"
"MichaelHZX","4","1","5"
"MichailTal2000","2","3","5"
"Michal_Pyt","2","3","5"
"michelecesari","1","4","5"
"micheleva","2","3","5"
"Michvaz","2","3","5"
"micic16","3","2","5"
"Mickaa","3","2","5"
"MickaelBesrat","3","2","5"
"mickclever1","3","2","5"
"Mickisch","4","1","5"
"midknyght","3","2","5"
"Midoriya100","3","2","5"
"miechen","3","2","5"
"Miedema","2","3","5"
"Mif86","3","2","5"
"miffcz","2","3","5"
"mifuha","2","3","5"
"MigelSa","2","3","5"
"miggedymarv","1","4","5"
"miggypb","3","2","5"
"MightyDaKingSupreme","3","2","5"
"MiguelACamposT","3","2","5"
"miguelito92","3","2","5"
"MiguelitoSan","2","3","5"
"miguelkvidal","3","2","5"
"Mihailo031","2","3","5"
"mika3124","2","3","5"
"mikaelscott","3","2","5"
"mike_gal27","2","3","5"
"Mikeangello7","2","3","5"
"mikecaro2","3","2","5"
"MikeHunt445","2","3","5"
"mikelowen","2","3","5"
"MikeRamsisTodary","3","2","5"
"mikesasa75","3","2","5"
"mikexpress","2","3","5"
"Mikhail_Belous","2","3","5"
"Mikhail_Curry","2","3","5"
"Mikhaylov45","2","3","5"
"Miki81","3","2","5"
"MIKIlozio","2","3","5"
"mikle_a","3","2","5"
"MIKOMAH","3","2","5"
"Miktal-74","3","2","5"
"mikusz","3","2","5"
"Milad_Motamed_Dez","2","3","5"
"Milad51","2","3","5"
"Milan_897","2","3","5"
"milenio","3","2","5"
"MileStretch","2","3","5"
"Milk_Me","3","2","5"
"MilkGod69","3","2","5"
"Milki","2","3","5"
"millan_la","4","1","5"
"Mimakter0022","3","2","5"
"minageus","3","2","5"
"minaljain8484","2","3","5"
"Mindaugas314","2","3","5"
"MindBrekaer","2","3","5"
"MindlessGrant","3","2","5"
"MinDRighT","2","3","5"
"minhlikechess","2","3","5"
"Minimairimou","3","2","5"
"minoCGN","2","3","5"
"MINTU","3","2","5"
"minxi","2","3","5"
"Miojo_de_laranja","1","4","5"
"Miraaaaaaaa","3","2","5"
"Mirakel05","3","2","5"
"mirasfide","3","2","5"
"Miray_Arda","3","2","5"
"miro1611","2","3","5"
"miroio","3","2","5"
"mironov1998","4","1","5"
"mirrakypov2","2","3","5"
"Mirror13","2","3","5"
"Mirzoev_M","2","3","5"
"MISASO","3","2","5"
"misha626","2","3","5"
"Misterio280","3","2","5"
"misterliamc","2","3","5"
"mistertyy","3","2","5"
"miszcz1600elo","1","4","5"
"mitanshk0108","2","3","5"
"mitchell909","3","2","5"
"mithat6616","3","2","5"
"mithularini","3","2","5"
"mitia_fy","2","3","5"
"Mitorun","2","3","5"
"mitsanaullah","2","3","5"
"mityakamee","3","2","5"
"MiuraKentaro","3","2","5"
"mivnajera","3","2","5"
"Miwe_Lichtenberg","2","3","5"
"Mixery","1","4","5"
"mixray","1","4","5"
"Mizar","3","2","5"
"Mizery","2","3","5"
"Mizzou1","2","3","5"
"mj24861793","3","2","5"
"mjga","2","3","5"
"Mjolnir24S","3","2","5"
"mjustholdme","3","2","5"
"mk991","2","3","5"
"mkabs","2","3","5"
"mkeal","3","2","5"
"mkh710","2","3","5"
"mkisic","3","2","5"
"mkrborox","2","3","5"
"mloeb","1","4","5"
"mlszz","3","2","5"
"mluis","3","2","5"
"MMA_Player2","2","3","5"
"mmahler","2","3","5"
"MMatkun","2","3","5"
"MMCMiranda","3","2","5"
"mmHg5","3","2","5"
"mmm77","3","2","5"
"mmmmmatias","3","2","5"
"mnavjeevan","3","2","5"
"Mnill","3","2","5"
"mnmeasymoney","3","2","5"
"Mntmnt","3","2","5"
"MO_A77","2","3","5"
"Mo_Magdy1","2","3","5"
"MO-KSA","3","2","5"
"mo147962576","3","2","5"
"mo7amed27","3","2","5"
"Moasal","3","2","5"
"MOATAZEMADSAAD","4","1","5"
"moataztrr","2","3","5"
"MOBINRAJABI","3","2","5"
"mocaranza","2","3","5"
"MOD_Aburub","3","2","5"
"Modar9","3","2","5"
"modD","3","2","5"
"modern_darwin","3","2","5"
"Moein_doozande","2","3","5"
"moel-sacrifice","2","3","5"
"mogale101","3","2","5"
"Moh-Elghrabawy","2","3","5"
"moh7117","3","2","5"
"moha3993","3","2","5"
"mohajabbar","3","2","5"
"mohamadagha52","3","2","5"
"mohamadhosein1390","3","2","5"
"Mohamadreza1394","2","3","5"
"Mohamed_Elshouemy","2","3","5"
"mohamed2009","2","3","5"
"Mohamedamine7","3","2","5"
"MohamedSaad1","3","2","5"
"mohamet","3","2","5"
"mohammad_akil_92","2","3","5"
"Mohammad2850","3","2","5"
"Mohammed-Amine","3","2","5"
"Mohammedabbas","3","2","5"
"Mohammedalobaidi","2","3","5"
"mohannad00","2","3","5"
"mohit0027","3","2","5"
"Mohit071","2","3","5"
"mohsen1978","2","3","5"
"mohsen6376","3","2","5"
"moises_jordan","2","3","5"
"Moiseshperez","2","3","5"
"moiseslopez","2","3","5"
"Mojela999","3","2","5"
"mojopa","3","2","5"
"mojtaba_a","2","3","5"
"mojtaba_parastegari","2","3","5"
"mokadiya1","3","2","5"
"MokaOgRocka","4","1","5"
"mokeich","1","4","5"
"mokhtar_tahar","2","3","5"
"mokutonn","2","3","5"
"MomDoktor","3","2","5"
"Mon007","3","2","5"
"Mondobongo","4","1","5"
"mongeki","2","3","5"
"monia_pl","2","3","5"
"Monk0611","3","2","5"
"monkaSSS","2","3","5"
"monkeygonetohell","2","3","5"
"monluis","2","3","5"
"MonoSabo","2","3","5"
"monskie_2005","3","2","5"
"MONSTER_SLI","2","3","5"
"monstr2007","2","3","5"
"Montcadachampion","2","3","5"
"montesson78","1","4","5"
"monzi","3","2","5"
"Moocker","2","3","5"
"Moocow123","3","2","5"
"moonajloun","2","3","5"
"moongibbon","2","3","5"
"MoonlitDagger","3","2","5"
"moorki","3","2","5"
"Mop559","3","2","5"
"mopitup","2","3","5"
"morack","2","3","5"
"morad91","2","3","5"
"mordeniz","2","3","5"
"moriarti00","2","3","5"
"Moriarty_90","2","3","5"
"morimolinero","2","3","5"
"Morla","2","3","5"
"morocco-2018","3","2","5"
"moroten2","1","4","5"
"moroz_original","2","3","5"
"Morphe_ps","3","2","5"
"MorphyAttacker","3","2","5"
"mortaliko","3","2","5"
"morten_runge","2","3","5"
"MortezAli","2","3","5"
"Mortuis13","3","2","5"
"Mosab","1","4","5"
"Moscht","3","2","5"
"MoscowMo","2","3","5"
"MOSemiconductor","3","2","5"
"MoskovchenkoNN","2","3","5"
"Mossig_HS","2","3","5"
"Mostafa_Elabsawy0","2","3","5"
"Mostafa_shaaban","2","3","5"
"mostafachesss","4","1","5"
"MostafaSKamal","3","2","5"
"mostroosbourne","3","2","5"
"motherbrain2000","2","3","5"
"motorcyclehuss2","2","3","5"
"motorseat","2","3","5"
"Mottakin123","3","2","5"
"MouhamadMulkii","2","3","5"
"mounif","3","2","5"
"Mousby","3","2","5"
"moussa_moussa_abdo","3","2","5"
"moussaiii","3","2","5"
"moustache_man123","3","2","5"
"Moustakias","3","2","5"
"Movelikejigger","2","3","5"
"MP1399","4","1","5"
"MParlarss","3","2","5"
"mpeery45","2","3","5"
"Mphatso55","2","3","5"
"mpopescu","3","2","5"
"mr_arun","3","2","5"
"mr_lanko","2","3","5"
"mr_malicious","2","3","5"
"Mr_Radyushin","2","3","5"
"Mr_Robot_01","2","3","5"
"Mr_Roma_Mounir","2","3","5"
"Mr_Rooker","3","2","5"
"Mr_Ruann","2","3","5"
"Mr_Splash_Man","2","3","5"
"Mr_Wrong07","2","3","5"
"Mr-price999","3","2","5"
"mr1nf1n1ty","3","2","5"
"mrajvand","3","2","5"
"mralastor","2","3","5"
"mralee","3","2","5"
"mravmrav","3","2","5"
"MrBalticzz","2","3","5"
"mrbilik","2","3","5"
"mrblunder7","2","3","5"
"MrBobba","3","2","5"
"MRchel08","2","3","5"
"MrClaw","3","2","5"
"MrcLzro20","2","3","5"
"MrCochonDainde","3","2","5"
"Mrcoquito","3","2","5"
"MrDefender","3","2","5"
"Mrdom80","1","4","5"
"MrDulov","3","2","5"
"Mreslamshalaby","2","3","5"
"MRezaGhamari","3","2","5"
"mrgurer","3","2","5"
"MrHarryPotter","3","2","5"
"MrHeisenberg164","3","2","5"
"mrhickey1234","2","3","5"
"MrIKnowYourNextMove","2","3","5"
"MrKgosi","2","3","5"
"MrKurz","2","3","5"
"MrLevenspiel","3","2","5"
"MrLiamHaHa","3","2","5"
"MrLimpan","3","2","5"
"MrLindPlaysChess","2","3","5"
"mrMaxSimka","2","3","5"
"MrMozG","3","2","5"
"mrmystifier","3","2","5"
"mrnbaba","2","3","5"
"MrNorm","2","3","5"
"mrppybtthle","3","2","5"
"MrPumpkin","2","3","5"
"MrRobotomy","3","2","5"
"Mrrrrr","3","2","5"
"mrtcnkrk","2","3","5"
"Mrwagner","1","4","5"
"mrx1507","2","3","5"
"Ms_Chees","3","2","5"
"Ms_Click","3","2","5"
"msantillan91","2","3","5"
"msd047","3","2","5"
"MSDK_COOL","3","2","5"
"MSF77","2","3","5"
"msj33","3","2","5"
"msk99","3","2","5"
"mskt","3","2","5"
"MsMmD","3","2","5"
"msp463","3","2","5"
"mstfadbl","2","3","5"
"Mstsam1","2","3","5"
"Mthokozisi_Magagula","3","2","5"
"mtlcnylmz","3","2","5"
"mtludo","3","2","5"
"Mtn2011","2","3","5"
"Mu_Sa_Ha","3","2","5"
"Muaaz2018","3","2","5"
"muaddib-11","2","3","5"
"muaz_ozell","2","3","5"
"MubinMujawar","2","3","5"
"Mucha2oo6","3","2","5"
"Mucksy32","3","2","5"
"mucpou","2","3","5"
"Mudyarabikwa263","2","3","5"
"muestrariodevichos","2","3","5"
"MufasapRiDE","3","2","5"
"Muffinpuffin","2","3","5"
"mufiks","2","3","5"
"Muger01","4","1","5"
"MuhamedGuri","1","4","5"
"Muhammad2006","2","3","5"
"muhammedg7","2","3","5"
"muhammedix1","3","2","5"
"muhammetaran","3","2","5"
"MuhammetTm","3","2","5"
"muhsinkaanelibol","3","2","5"
"MuinnelliM","3","2","5"
"mukesh1234","2","3","5"
"mukh_ahmed","2","3","5"
"Mukhamedi","2","3","5"
"Mukhtar505","3","2","5"
"Mukul00","4","1","5"
"mulkkujussi","3","2","5"
"mulonk313","2","3","5"
"MultiversalConqueror","3","2","5"
"mummi2021","4","1","5"
"muniyal1988","4","1","5"
"Munkel1111","2","3","5"
"munraj","4","1","5"
"Murad-Vaqif","2","3","5"
"murathansrt","2","3","5"
"Murodilla1988","3","2","5"
"Musashi82","3","2","5"
"musco","2","3","5"
"mustafakyoshi","3","2","5"
"mustafaltintac","2","3","5"
"mustafayilmazyi","2","3","5"
"MUSTAPHA1981","3","2","5"
"mustardking87","3","2","5"
"mustyxsahin","2","3","5"
"muthu_jey_ram","3","2","5"
"Muthuraj92","2","3","5"
"MuxMat","1","4","5"
"muzafff","3","2","5"
"muzammilr93","3","2","5"
"muzikant","3","2","5"
"MV09","2","3","5"
"mvgaurishankar12","3","2","5"
"Mwaema","3","2","5"
"mwana","3","2","5"
"MWNLevy","3","2","5"
"mxwlll","3","2","5"
"My_Eros","3","2","5"
"My12345","3","2","5"
"my84NrdV3lLG","3","2","5"
"MyccoH","2","3","5"
"mykhel_13","3","2","5"
"mykitanichiporuk","3","2","5"
"mymainhasrunearmor","2","3","5"
"MyNameDoesntFi","3","2","5"
"MyP3yK","3","2","5"
"Myrremyra","2","3","5"
"Mysanthrop","3","2","5"
"myshkinstail","3","2","5"
"mysnyk","3","2","5"
"MystrowMusic","3","2","5"
"myszoslaw","3","2","5"
"MythicAndrew","3","2","5"
"mywebcompanion","3","2","5"
"mz_mugen","2","3","5"
"Mz10fcb","2","3","5"
"n-3310","2","3","5"
"N-a-1-l-u-j","2","3","5"
"n0ii","3","2","5"
"n0tohh","2","3","5"
"n1g4tron","2","3","5"
"N1ght_Hawk","1","4","5"
"n3k1990","2","3","5"
"n4ng","2","3","5"
"N4vig","3","2","5"
"Na2HPO412H20","3","2","5"
"na2mig","3","2","5"
"naata","3","2","5"
"nabavmin","3","2","5"
"nabbyykiller","2","3","5"
"NabiyevMehman","2","3","5"
"Nabkawe9797","3","2","5"
"Naboss254","3","2","5"
"Naderiamirh84","3","2","5"
"Naderien","3","2","5"
"Nadersamy","4","1","5"
"nadershaaah","3","2","5"
"Nadir035","2","3","5"
"nadira94","2","3","5"
"NaeliK","2","3","5"
"nagibato_2006","3","2","5"
"nahuber","4","1","5"
"Nailchesss","1","4","5"
"nailen","3","2","5"
"nainaitte57","2","3","5"
"NAIRIORUJKRIST","3","2","5"
"najmiddinultra666","3","2","5"
"Nak8960","2","3","5"
"nakdolo","3","2","5"
"Nalfein","2","3","5"
"Namdev_Shenekar","3","2","5"
"name-already-used","3","2","5"
"namegets","2","3","5"
"nameless_hero","2","3","5"
"namesaregood","3","2","5"
"NAMEVT","3","2","5"
"Namulin","2","3","5"
"Nana_Yaw26","2","3","5"
"Nandovolga","2","3","5"
"nangolilla","2","3","5"
"Nano1289","1","4","5"
"nanonanavazade","3","2","5"
"napili","2","3","5"
"Napoleonidas","4","1","5"
"nardo12","1","4","5"
"narek0000001","2","3","5"
"narodowysocjalista","3","2","5"
"NARTHURXD","3","2","5"
"NAS19","3","2","5"
"NasensprayTommi","2","3","5"
"Naser2021","3","2","5"
"nasikjawatimur","2","3","5"
"nasiopoylos","2","3","5"
"naspjat","2","3","5"
"nasralvkashu","3","2","5"
"NastoyashiuNegr228","3","2","5"
"NastyaPetrova777","2","3","5"
"Nat005","3","2","5"
"NataBelyaeva","2","3","5"
"Natalia_Moreno","3","2","5"
"NatarDaural","3","2","5"
"Natasza21","2","3","5"
"Nathan_16","3","2","5"
"nathan200e","2","3","5"
"NathanGreen","2","3","5"
"nathanielchiu","4","1","5"
"Nathychess","3","2","5"
"natsheh48537","2","3","5"
"Nav_007","2","3","5"
"Navajero","2","3","5"
"Navanme","2","3","5"
"Naveen-P-R-civil-1ST","4","1","5"
"Navkanth","3","2","5"
"Navodaya301","2","3","5"
"navvol","2","3","5"
"Naynn9","2","3","5"
"Naynos","3","2","5"
"Nazar173","2","3","5"
"NAZBIY","2","3","5"
"nazeri11283000","3","2","5"
"nbanik","3","2","5"
"nbjy8","4","1","5"
"ncflavos","2","3","5"
"NCKnight","2","3","5"
"ncopo","2","3","5"
"Ncsagr","2","3","5"
"ndelcampo","2","3","5"
"NDpatzer","1","4","5"
"ndrz99","1","4","5"
"ndzondelelo","3","2","5"
"ne_ravilka","2","3","5"
"Ne0n41k","2","3","5"
"Neanth","2","3","5"
"Nebojsa_NS","2","3","5"
"Nebooo313","3","2","5"
"Nebril","2","3","5"
"needaqueenfr","3","2","5"
"neeequ12","2","3","5"
"Neelabh-the-G","3","2","5"
"neelpetersen52","2","3","5"
"nehalist","2","3","5"
"nehringk","2","3","5"
"neilthepatzer","2","3","5"
"neind","3","2","5"
"neindavud","3","2","5"
"NeinDochOh","2","3","5"
"NeleZmaj","3","2","5"
"NelsonMunoz","2","3","5"
"NemanjaJ198","3","2","5"
"nemesis6","3","2","5"
"nemmondom117","3","2","5"
"Nemo_Nobody","2","3","5"
"NemoRu","2","3","5"
"nemreg44","3","2","5"
"Neo-Vietnam","2","3","5"
"Neo250","2","3","5"
"NepoKiller09","1","4","5"
"NereSTas","3","2","5"
"Nester_Cazares","2","3","5"
"net_nenada","2","3","5"
"Netilt","2","3","5"
"Netopir","1","4","5"
"netspy","3","2","5"
"neurosciguy","2","3","5"
"NEUTROO","3","2","5"
"Nevaliashkin","2","3","5"
"neverwinsneverloses","3","2","5"
"Neville777","1","4","5"
"new234","2","3","5"
"Newbie_98","1","4","5"
"newbster2004","2","3","5"
"NewOrleansBound","2","3","5"
"NewtonB","2","3","5"
"newtonyano","2","3","5"
"newwwwww","3","2","5"
"NextAbracadabra","3","2","5"
"Neysan87","3","2","5"
"NezukoKamado2010","4","1","5"
"Nfbaker11","3","2","5"
"nfghgg","3","2","5"
"nfine1111","3","2","5"
"ngalammbois87","2","3","5"
"nguyenmaikhang","2","3","5"
"nguyentungduong_4d","3","2","5"
"nia02","2","3","5"
"Nibornator","2","3","5"
"Nibr","3","2","5"
"nicat941","1","4","5"
"NicATAhir","4","1","5"
"Niccoved","4","1","5"
"nice_guy_adi","3","2","5"
"Nicholakis","2","3","5"
"Nick_Nicols","1","4","5"
"Nickcao","3","2","5"
"NickChess4","3","2","5"
"nickkkurt","2","3","5"
"NickKoreshkov","2","3","5"
"Nicko_N","2","3","5"
"Nickshadow","3","2","5"
"nickster2k","3","2","5"
"Nico10chess","2","3","5"
"nico727272","3","2","5"
"nico9722","2","3","5"
"nicolas98a","2","3","5"
"Nicolaufarr","2","3","5"
"Nicolavaud","2","3","5"
"nicoletteb2","3","2","5"
"nicoman","2","3","5"
"Nidhirajak12","2","3","5"
"nidyademirhan","2","3","5"
"Niewiara","3","2","5"
"nifes22","3","2","5"
"Nigeltamton","3","2","5"
"Night_WitChesss","3","2","5"
"NighteagleLC","3","2","5"
"Nightrider_365","2","3","5"
"Nightshade08","3","2","5"
"Niguolaia","2","3","5"
"Niiiii","3","2","5"
"Nik0lay08","2","3","5"
"nik111914","2","3","5"
"nik347","2","3","5"
"NikAn737","3","2","5"
"Nikhilyenduri7","2","3","5"
"nikica","2","3","5"
"Nikigner","2","3","5"
"Nikita_Gilyazitdinov","3","2","5"
"Nikita_Yurov2008","3","2","5"
"nikita252","2","3","5"
"Nikitasas","2","3","5"
"nikitasolodko","1","4","5"
"nikkk12","2","3","5"
"Niknile","2","3","5"
"NikoBrain","2","3","5"
"Nikolas0_o","3","2","5"
"Nikolay123321","2","3","5"
"Nikolay92","2","3","5"
"Nikolayjob","3","2","5"
"nikolic993","2","3","5"
"nikolzador","2","3","5"
"nikoola032","3","2","5"
"Nikos146","4","1","5"
"nikraftar9","3","2","5"
"nileshpawarin","3","2","5"
"nilsa1392","2","3","5"
"NilsPoma_utp","3","2","5"
"nima_sh","4","1","5"
"Nimesh1101","2","3","5"
"NimzoAmerican","3","2","5"
"nimzohawk","2","3","5"
"Ninabauer24","3","2","5"
"Ninad12","3","2","5"
"nindia_7","2","3","5"
"NinjaFox300","1","4","5"
"NinjakuNoKiriai","4","1","5"
"NirajS","2","3","5"
"niranjannidhi","2","3","5"
"nirnaetharnoediad","3","2","5"
"Nischal_Thapa","3","2","5"
"NishilRathod","2","3","5"
"nishimiya-san","2","3","5"
"Nister2","2","3","5"
"Niteshshinde","3","2","5"
"Nithish2007","3","2","5"
"nitsuag","3","2","5"
"nitterday","3","2","5"
"Nixelyus","3","2","5"
"Niyazmand-Ali","3","2","5"
"njlynch","2","3","5"
"njr101","2","3","5"
"njuans","2","3","5"
"nkosinathikhumalo993","3","2","5"
"nkpasula79","3","2","5"
"nlanhienntmk2014","3","2","5"
"no_seigen","3","2","5"
"no9h","2","3","5"
"NoahLiam22","3","2","5"
"NobleArteMasaje","3","2","5"
"NoCashValueX","3","2","5"
"NoCatsNoParty","2","3","5"
"nochecksleft","3","2","5"
"Noctis11","2","3","5"
"NoDesMatePlis","2","3","5"
"Noggy21","3","2","5"
"noice2","2","3","5"
"noimd","2","3","5"
"NoIMIoN","2","3","5"
"noinobi","3","2","5"
"noldie","3","2","5"
"nomorelies08","2","3","5"
"NoMoreNap","2","3","5"
"NoMoreThanSixtyFour","2","3","5"
"non-chessmove","2","3","5"
"non7","3","2","5"
"nonAs","2","3","5"
"nonbonumest","3","2","5"
"Noneedsomebody","2","3","5"
"Noneee","4","1","5"
"nonlinearity","2","3","5"
"nonoenjo","4","1","5"
"Nonregistereduser","2","3","5"
"Nontrovo","3","2","5"
"Noob123456780","1","4","5"
"Noob2021","2","3","5"
"noobchessplayer0809","2","3","5"
"Noobie1234567","3","2","5"
"Noobiemator","2","3","5"
"noomrly","3","2","5"
"noone200","3","2","5"
"Noormohamed_Shabbir","3","2","5"
"nopainevergiveup","2","3","5"
"Noqua","2","3","5"
"norb3rgh","2","3","5"
"Nose_k_ago_aka","3","2","5"
"notadilnaqvi","3","2","5"
"notarealguy","2","3","5"
"Notbozz","2","3","5"
"nothsa","2","3","5"
"Notivago","3","2","5"
"notmag1cVpotole","3","2","5"
"notmisha","2","3","5"
"Notnamit","3","2","5"
"NotOpsss4","3","2","5"
"notorious1717","3","2","5"
"NotPerrier","2","3","5"
"notsixless","2","3","5"
"notsoberrightnow","3","2","5"
"NotStrongButSlow","2","3","5"
"notvaibik","2","3","5"
"nourabokamel","3","2","5"
"nousky2008","3","2","5"
"NovaVector","4","1","5"
"Nowayyybrahh","2","3","5"
"nqxa","2","3","5"
"ns7cul05","3","2","5"
"NSAdiga","3","2","5"
"Ntalasha","1","4","5"
"ntjette","2","3","5"
"ntr0py","2","3","5"
"Nttd","3","2","5"
"nufco2","2","3","5"
"nujaabes","3","2","5"
"Nukai1986","3","2","5"
"null-0x00","3","2","5"
"NUMANAKBAS","1","4","5"
"Numero66666","3","2","5"
"numivarro16","2","3","5"
"Nummant","2","3","5"
"Nunhez","2","3","5"
"NupeNupe","3","2","5"
"nur221_b","2","3","5"
"Nuray_Mehdiyeva-12","3","2","5"
"Nurislam666","3","2","5"
"NURSULTAN_KARAUZYAK","3","2","5"
"nurtilage","3","2","5"
"Nusx2","2","3","5"
"nvierge","1","4","5"
"Nweathers15","3","2","5"
"Nwee","2","3","5"
"nweinric","3","2","5"
"nyairo","3","2","5"
"nyamkacarlsen","2","3","5"
"Nyekha","2","3","5"
"nymfist","2","3","5"
"Nyondoh","2","3","5"
"NZB10-blunderboy","2","3","5"
"O_obeidat2002","3","2","5"
"o6675756","3","2","5"
"Oalshalc","2","3","5"
"oashraf96","2","3","5"
"ObachtRaide","1","4","5"
"obellaciao","1","4","5"
"Obirch","2","3","5"
"occhiostanco","4","1","5"
"ocean2030","2","3","5"
"Oceanovox","2","3","5"
"oceansroar","3","2","5"
"OcelotBane","3","2","5"
"ocsunar","3","2","5"
"octaviablake13","2","3","5"
"odinju","3","2","5"
"Odiug73","2","3","5"
"Odnotor","2","3","5"
"Oernie1","2","3","5"
"OEXORCISTA","3","2","5"
"officialme","3","2","5"
"Offline50","3","2","5"
"OFREQUENZ","3","2","5"
"OfyD","2","3","5"
"Ogar81","2","3","5"
"Ogi108","3","2","5"
"Ogi15","2","3","5"
"Oguzhanclk","2","3","5"
"OguzKagan_52","2","3","5"
"ohaio","2","3","5"
"OHeaThere","2","3","5"
"ohhaigyz","3","2","5"
"Ohmygee027","2","3","5"
"ohsignmeup","3","2","5"
"oiomaedaijoubu","2","3","5"
"ojas_999","2","3","5"
"ok_ok_ok_ok","3","2","5"
"Okan55","3","2","5"
"Okancan173","2","3","5"
"okataroktay","2","3","5"
"oktyy","2","3","5"
"ol_Hola_kjo-gld_2026","3","2","5"
"Olan69","3","2","5"
"OlaNr1","2","3","5"
"oldboy53","3","2","5"
"OLDFOX1310","3","2","5"
"oldoz","3","2","5"
"Ole1969","1","4","5"
"oleg_65","3","2","5"
"Oleg_777","3","2","5"
"Oleg_Nov","3","2","5"
"oleg3091","3","2","5"
"olegmstv","3","2","5"
"olegsam94","3","2","5"
"OlegV","3","2","5"
"OlekKotyla","2","3","5"
"Oleksa_Sam","3","2","5"
"Oleksii14","3","2","5"
"Olgaomm","4","1","5"
"olier56","3","2","5"
"Olio_di_palma","2","3","5"
"oliqwe","2","3","5"
"oliro","3","2","5"
"Olive_Messi","2","3","5"
"oliver_clarke9","2","3","5"
"Olivero78","2","3","5"
"Oliviro2","2","3","5"
"oliwier2204","4","1","5"
"olkarchess","3","2","5"
"ollip","4","1","5"
"olll2","3","2","5"
"olovkvarko","3","2","5"
"Olstef2","3","2","5"
"oltul","2","3","5"
"Om_pranav11","3","2","5"
"Oman_Chess","3","2","5"
"omar_ali123","3","2","5"
"omar_fouda","3","2","5"
"Omar_Navarro","2","3","5"
"omar-84","2","3","5"
"OmarAlen1","4","1","5"
"omarghanayem","2","3","5"
"OmarHM18","3","2","5"
"omarpb84","2","3","5"
"Omdhandar","3","2","5"
"OmedQarshi","3","2","5"
"Omer1045","2","3","5"
"omerfaruk38","2","3","5"
"omermersin","2","3","5"
"omeronerrr","3","2","5"
"omersaka","2","3","5"
"OmeTinus","3","2","5"
"OMHPOZ","2","3","5"
"Omid60","3","2","5"
"OmidNoroozi1981","3","2","5"
"omnivore","4","1","5"
"oMrIbanezo","3","2","5"
"omrnuki","3","2","5"
"ondra_c","3","2","5"
"oneglassofsourmilk","3","2","5"
"onephidelis","2","3","5"
"onestopchess","2","3","5"
"OneTyredDownhiller","3","2","5"
"onyedi7125","2","3","5"
"Onyx_SiO2","3","2","5"
"oo0OO0oo","3","2","5"
"ooec778","4","1","5"
"Oolong-Dragon","2","3","5"
"oOMrSHOo","4","1","5"
"ooppee","1","4","5"
"OopsThereGoesTheGame","2","3","5"
"op380","3","2","5"
"opadry","2","3","5"
"opahuhn","2","3","5"
"Opeastacct","2","3","5"
"OpeningBlitzPracAcc","3","2","5"
"operator213","3","2","5"
"OPputte_P","2","3","5"
"OpticalPirate","2","3","5"
"optometrista","4","1","5"
"oracularpuma385","3","2","5"
"Orange_buaya","3","2","5"
"OrangeMeatFish","2","3","5"
"Orcat","2","3","5"
"OrcatReloaded","3","2","5"
"Ordonande","2","3","5"
"OrduPidesi","3","2","5"
"orenb0223","3","2","5"
"Orhan1905","3","2","5"
"Orhangz1","3","2","5"
"Orion818","2","3","5"
"Orkhan_07042023","2","3","5"
"Orlendr","2","3","5"
"orrit","3","2","5"
"oruro","3","2","5"
"Osa_ly19","3","2","5"
"osa10","2","3","5"
"Osaang08","3","2","5"
"osadebemichael","3","2","5"
"osamaazmy32","3","2","5"
"OsamaElWakeel","3","2","5"
"OsamatheWarda","1","4","5"
"osaosasuna","4","1","5"
"Oscacesaroscar","3","2","5"
"Oscarjimenez03","2","3","5"
"oscarmsw","2","3","5"
"oscarwanchopi","3","2","5"
"osilency","2","3","5"
"oskarov33","2","3","5"
"Osku6","2","3","5"
"osky","2","3","5"
"ostad-aref","2","3","5"
"ostragon","2","3","5"
"Ostriy_Perchuk","3","2","5"
"othermaincharacter","3","2","5"
"otherstars","3","2","5"
"Othman012","3","2","5"
"OTNoob","4","1","5"
"otterz6","3","2","5"
"Otti_57","2","3","5"
"Otto_000","3","2","5"
"ottocran","2","3","5"
"Ottopaule","2","3","5"
"Ouchiwawa","1","4","5"
"OUEDZEMAT","3","2","5"
"oussama_lightspath","3","2","5"
"oussamajamai","3","2","5"
"Outo","2","3","5"
"Outtie","3","2","5"
"OverDragon","2","3","5"
"ovgusev","2","3","5"
"Ovll65","3","2","5"
"ovsya","2","3","5"
"Owaguru","3","2","5"
"owi2221","2","3","5"
"ownflow9","4","1","5"
"Oxaperu","2","3","5"
"Oxyperacitam","2","3","5"
"Oyonnurnewaz","3","2","5"
"Oytman","2","3","5"
"ozan6761","2","3","5"
"ozanbyrm","2","3","5"
"ozda","2","3","5"
"ozefu","2","3","5"
"ozguner00","2","3","5"
"oziel245x","2","3","5"
"ozisatranc","2","3","5"
"ozkan_t","3","2","5"
"ozknttcn","3","2","5"
"ozzymator","2","3","5"
"ozzyy7","2","3","5"
"P_MOrpy","3","2","5"
"P_Roham","1","4","5"
"p006006","3","2","5"
"p1toloco","2","3","5"
"P3STE","2","3","5"
"p4cso","2","3","5"
"Paaaszczak","3","2","5"
"Pablito888","2","3","5"
"pablo1972","3","2","5"
"Pablojunin","3","2","5"
"pablomizzau","4","1","5"
"pablotavella","3","2","5"
"PabloValenzuela1","3","2","5"
"pacherock","3","2","5"
"Pachorrito","2","3","5"
"pacinfluence","2","3","5"
"packattack111","2","3","5"
"PACO-UHU13","3","2","5"
"PacoPavlov","4","1","5"
"Padati1","2","3","5"
"padix77","2","3","5"
"padrecarlo","2","3","5"
"padware","2","3","5"
"paeioul","2","3","5"
"paganeli","3","2","5"
"pagoq007","3","2","5"
"pahlevi1989","3","2","5"
"Paixxxx","3","2","5"
"pajiechali","3","2","5"
"PakMaster","3","2","5"
"PalmT","3","2","5"
"palyoniy","3","2","5"
"PamJ322","2","3","5"
"Pan15","3","2","5"
"pan92","3","2","5"
"PANCHAZO","1","4","5"
"pandabamboo","2","3","5"
"paneidos","2","3","5"
"panicpeppa","2","3","5"
"pankshazyd","2","3","5"
"panmarnik","2","3","5"
"PanosT","3","2","5"
"panteranegra33","3","2","5"
"pantherszx","2","3","5"
"panvoid","2","3","5"
"panwojny","2","3","5"
"paola_siles","3","2","5"
"Paolords","1","4","5"
"Papabeers","2","3","5"
"Papai_Eri","2","3","5"
"PapaleguasMT","2","3","5"
"papasha212111","3","2","5"
"Papazzh","3","2","5"
"PAPE74","2","3","5"
"papercliper","4","1","5"
"Papoche","2","3","5"
"papoche1901","3","2","5"
"papu_dass","3","2","5"
"ParallelWorlrlrld","3","2","5"
"pararapa","2","3","5"
"parasto123","2","3","5"
"PARFUMERvip","3","2","5"
"pari098","2","3","5"
"ParisB81","2","3","5"
"ParisCake","1","4","5"
"ParisChessHustler","3","2","5"
"ParisPancakes","2","3","5"
"ParisPlayer","4","1","5"
"parker1brown","1","4","5"
"parksie","4","1","5"
"Parmar_11","2","3","5"
"PARMARDEEP123","3","2","5"
"Parmelan","3","2","5"
"Parnlli","2","3","5"
"parsahashemi90","2","3","5"
"Party-man","3","2","5"
"parvaz85","2","3","5"
"Pascalechecs","3","2","5"
"Pasha-Ilea","2","3","5"
"Pasha93","1","4","5"
"PashokKotov","3","2","5"
"pasixaros","2","3","5"
"Paslyk","3","2","5"
"passivagressiv3","3","2","5"
"Passivemood","2","3","5"
"pastirmakral","2","3","5"
"patakh","2","3","5"
"patatatas","2","3","5"
"patevra","3","2","5"
"patillo2015","2","3","5"
"PatoLucas50","3","2","5"
"Patoss","3","2","5"
"patriceDE","3","2","5"
"Patrick_IV","2","3","5"
"patrickch","2","3","5"
"patrongeldi","2","3","5"
"patrozart","2","3","5"
"patryklipski10","3","2","5"
"Patschiwien","2","3","5"
"Patzheerchess","3","2","5"
"Paucaga","2","3","5"
"paul001245","2","3","5"
"Paul5m","3","2","5"
"Paulchess67","3","2","5"
"Paulina_paupau","3","2","5"
"paulinio00","3","2","5"
"Paulito38","4","1","5"
"PaulKraw","3","2","5"
"paulo-weber","2","3","5"
"PaumolovNikolai","2","3","5"
"paun2829","2","3","5"
"pavanlg666","3","2","5"
"PavekY","3","2","5"
"Pavelivaya","2","3","5"
"pavelruss1","3","2","5"
"Pavlvs23","3","2","5"
"pawdun","3","2","5"
"pawelfws","4","1","5"
"Pawn_Kings","2","3","5"
"Pawn_Smacker","4","1","5"
"pawn54321","2","3","5"
"pawnbroker222","2","3","5"
"pawnchaser","2","3","5"
"pawneater24","3","2","5"
"PawnGobbles","2","3","5"
"PawnMyPawn","3","2","5"
"pawnpatrol","1","4","5"
"PawnsGiver","2","3","5"
"PawnStar90","3","2","5"
"PawnTakeKnight","2","3","5"
"pawnyknight","3","2","5"
"pawsta97","2","3","5"
"PaxYue","2","3","5"
"payarahimi","2","3","5"
"Paychenco","4","1","5"
"Pb_Kodru","3","2","5"
"pb000","2","3","5"
"pbhai","3","2","5"
"PBW1000","2","3","5"
"pcolumb","2","3","5"
"pdragy","2","3","5"
"peach-fuzz","3","2","5"
"PeakyblindersTR","3","2","5"
"PeciRob","2","3","5"
"Peddars28","3","2","5"
"Pedja_BL","2","3","5"
"pedram_5786","2","3","5"
"pedrito260","3","2","5"
"Pedro_10_Esp","3","2","5"
"pedro_vsc","2","3","5"
"pedro8x8","3","2","5"
"PedroAbdala216","3","2","5"
"pedrosam001","3","2","5"
"Pehdegarfo","4","1","5"
"Peja49","3","2","5"
"Peky12","3","2","5"
"Peler_Kuda","2","3","5"
"Pelileven","4","1","5"
"Pellopidas","3","2","5"
"pellurusumanth","2","3","5"
"pelworthy77","3","2","5"
"pempekadaan","3","2","5"
"PenaJesus","3","2","5"
"Penarol_Uruguay","4","1","5"
"Pendekar_Kopi","4","1","5"
"pengliang","2","3","5"
"Penguin_trap","2","3","5"
"Penguinept","2","3","5"
"peor4rey","4","1","5"
"pepe747","2","3","5"
"pepemcfly","3","2","5"
"Pepper62","2","3","5"
"PercaturanTerbaik","3","2","5"
"Perceuss","2","3","5"
"Percival_Mahwaya","3","2","5"
"percymashiane","2","3","5"
"Pergaminos","3","2","5"
"pergell","2","3","5"
"pericokion","3","2","5"
"PERLA_2009","3","2","5"
"Perronecochense","2","3","5"
"Pestilenz","3","2","5"
"Petacci359","3","2","5"
"petarbogsaha","3","2","5"
"pete1988","3","2","5"
"PeteDar","3","2","5"
"peter_pustota","3","2","5"
"Peterchess34","2","3","5"
"Petercoveta","3","2","5"
"peterdasch","3","2","5"
"petermei","2","3","5"
"PeterPansky","3","2","5"
"PeterUSA","4","1","5"
"petja87","3","2","5"
"petok2bkd","3","2","5"
"Petra_die_Grosse","3","2","5"
"PetrO_PetrO","3","2","5"
"PetroffC42","3","2","5"
"Petromas","2","3","5"
"petroseean","2","3","5"
"Petrosko","3","2","5"
"PevtsovMaksim","3","2","5"
"peynirekmekspor","2","3","5"
"pezhman00","3","2","5"
"PflaumenTag","2","3","5"
"PhageGuy","2","3","5"
"PhamhoangquanBT","3","2","5"
"phani00000","4","1","5"
"Phantomjitter","3","2","5"
"Pharmacist88","3","2","5"
"PhD31","3","2","5"
"phector486","3","2","5"
"phenmy","2","3","5"
"Pheo","3","2","5"
"phibii","2","3","5"
"phil_au","3","2","5"
"Philae79","2","3","5"
"Philidor98","3","2","5"
"philip1234","3","2","5"
"philippjk_04","3","2","5"
"PhilipX39","3","2","5"
"PhillipCapital","2","3","5"
"phillipFJ","3","2","5"
"philly11","3","2","5"
"PhiloVanceVII","3","2","5"
"PhnxoH","4","1","5"
"Phoenix0007","2","3","5"
"PhoenixGolem","1","4","5"
"phong14","3","2","5"
"phosi","3","2","5"
"PhS53","3","2","5"
"PhuBinh","2","3","5"
"phyl0","2","3","5"
"Phylasomia","2","3","5"
"PiagNoNe","4","1","5"
"PianoManPlays","2","3","5"
"piboky","3","2","5"
"piccolaonda","3","2","5"
"Pickleballer","2","3","5"
"Pickled_Unicorns","2","3","5"
"picklejan","3","2","5"
"pickyblunder08","3","2","5"
"pidonat","2","3","5"
"pieceofpeace","2","3","5"
"Pierrepapierciseau","2","3","5"
"pifpafog","2","3","5"
"Pijoszek","3","2","5"
"Pikuhaha","3","2","5"
"pilicar","3","2","5"
"PillePalleSchach","3","2","5"
"pimpic","2","3","5"
"pineaplefeuityloop","3","2","5"
"Pinolero","3","2","5"
"pinwheel","2","3","5"
"pinxako","2","3","5"
"PiotrekMierzyn","2","3","5"
"piperis96","2","3","5"
"pipogorosito","4","1","5"
"Pipopoi","2","3","5"
"Pippo_45","3","2","5"
"pippypappy1","3","2","5"
"PiraChess","3","2","5"
"pirew","2","3","5"
"Pirimidin","2","3","5"
"pirken3","3","2","5"
"pisakcz","2","3","5"
"pisellonealato","2","3","5"
"pisipisii","3","2","5"
"pitagora2103","3","2","5"
"Pitix","2","3","5"
"pituita","2","3","5"
"piyushatchess","2","3","5"
"pizzy07","3","2","5"
"PJ105","3","2","5"
"pkbhilala","3","2","5"
"Pkrfs777","2","3","5"
"pl3p","3","2","5"
"Plano-Mais-Pratico","3","2","5"
"plantor","3","2","5"
"Platetectonic01","3","2","5"
"Platon2304","3","2","5"
"playall","2","3","5"
"playboymacc","2","3","5"
"playerplayer4","2","3","5"
"PlayerXz","2","3","5"
"PlayThyme","2","3","5"
"Plip","2","3","5"
"plk-82","3","2","5"
"plkwasd","3","2","5"
"plmcar003","2","3","5"
"ploop82","3","2","5"
"PLOSY","3","2","5"
"plseplis","3","2","5"
"PLSlaughter","3","2","5"
"plus_ca_change","2","3","5"
"PLUS_ULTRA22","3","2","5"
"plutojupiter","2","3","5"
"pmoney821","4","1","5"
"PMSeitzer","2","3","5"
"PMtv1","3","2","5"
"Pna4","3","2","5"
"Pnarow","2","3","5"
"Poesiemiauw","4","1","5"
"poeta_perdido","2","3","5"
"Pok91","2","3","5"
"Poker-Josi","3","2","5"
"pokermagia","2","3","5"
"pokld","3","2","5"
"pokuciak","2","3","5"
"pol1151","2","3","5"
"polaaris","3","2","5"
"PolDemonKing","2","3","5"
"PoLdiNatoR","2","3","5"
"Policei47","1","4","5"
"Polishmann","2","3","5"
"polkhov_pa","3","2","5"
"polou70","3","2","5"
"Poly-marin","2","3","5"
"polyhymnia","2","3","5"
"pomidor2020","3","2","5"
"Ponomaster","2","3","5"
"Pontel","2","3","5"
"pooriafallahbahari","2","3","5"
"Pooter38","2","3","5"
"Pooya23","3","2","5"
"popks","2","3","5"
"popsmachine","3","2","5"
"Poronkusema","2","3","5"
"porosyonok1337","2","3","5"
"portil","3","2","5"
"Poseidon124","3","2","5"
"Positionalclass","2","3","5"
"Posseidon1977","2","3","5"
"potato2282","2","3","5"
"Potato4ka","1","4","5"
"Pothayya970","3","2","5"
"potik123","2","3","5"
"potoldanga","2","3","5"
"potranco","2","3","5"
"Pouriasd","2","3","5"
"Pouriya_bax","3","2","5"
"PousseurDePions","3","2","5"
"Pow0e","3","2","5"
"Powel_0","1","4","5"
"POWER555","2","3","5"
"Powerhannes","3","2","5"
"poxy","3","2","5"
"pozzo32","3","2","5"
"PP32BNSS","3","2","5"
"ppiwo","2","3","5"
"pr0peller","3","2","5"
"Prabhakar9366","3","2","5"
"practicaSF","2","3","5"
"practicerepetition","2","3","5"
"prajxwal03","3","2","5"
"Praktak","3","2","5"
"Pranav_Anandache","3","2","5"
"pranavabalaji","2","3","5"
"pranciskus2","3","2","5"
"Pranitha2013","3","2","5"
"PranzoSkeng","3","2","5"
"PrasadVanjale","3","2","5"
"Prasanth_yb","2","3","5"
"Prashant_KD","4","1","5"
"Prashant47","2","3","5"
"Prashant995","3","2","5"
"prateek0209","3","2","5"
"Prathamesh4466","2","3","5"
"pratyush_369","2","3","5"
"Pravakar111","2","3","5"
"Praveendya","2","3","5"
"Pravlinasel19","2","3","5"
"PrayToCheesus","2","3","5"
"Preach007","3","2","5"
"Preadator77","2","3","5"
"PredadorWolf","3","2","5"
"Predzorumrzne","2","3","5"
"prefuse","2","3","5"
"PremoveIsSheeting","3","2","5"
"Prescott_A","3","2","5"
"PrestoConFuoco","3","2","5"
"PriamusofTroy","3","2","5"
"PRIAPE","3","2","5"
"Price775","3","2","5"
"priefesel","3","2","5"
"Prikhodinho","3","2","5"
"princekumar324","3","2","5"
"PrincepsAunan","2","3","5"
"PrinceXyril","2","3","5"
"princils","2","3","5"
"prithivirajan","2","3","5"
"prithvikochhar2103","3","2","5"
"priZal","2","3","5"
"prnglou","3","2","5"
"prnykhtr","3","2","5"
"probonofrancais","3","2","5"
"procrastinator766","3","2","5"
"prodrazverstka","2","3","5"
"prof81","3","2","5"
"profalexandremiranda","2","3","5"
"Professor_check","3","2","5"
"profiltactics","2","3","5"
"progamer2006","2","3","5"
"PROgeRR","2","3","5"
"PROGRAMICT1818","1","4","5"
"promacherrrr","3","2","5"
"Promethium61","3","2","5"
"propercoppercoffee","3","2","5"
"Prophylaxis86","2","3","5"
"Protheist","3","2","5"
"protsenko","3","2","5"
"proudnanaof7","3","2","5"
"Prozoga_Roman-2008","2","3","5"
"prphelps94","3","2","5"
"prunus46","4","1","5"
"prxcense","2","3","5"
"Pshamika","2","3","5"
"PSP-04-09-10","2","3","5"
"ptg4315","3","2","5"
"Ptizzachess","2","3","5"
"Ptolo","3","2","5"
"ptrou61","3","2","5"
"PucaFranca","2","3","5"
"Pucoloco","4","1","5"
"puffel","2","3","5"
"pulkit12_3-4","3","2","5"
"Pulpin8","3","2","5"
"Pulydamas","3","2","5"
"Pumpanickel","2","3","5"
"pumpkinjack","2","3","5"
"Puncha1996","2","3","5"
"pung123","2","3","5"
"punisher4494","2","3","5"
"Punkter","2","3","5"
"PupovIliy2014","2","3","5"
"Puppa666","3","2","5"
"PupsikBest","2","3","5"
"Purashadow","3","2","5"
"Pushpatheking","3","2","5"
"PutnikAda","3","2","5"
"Puzzlemania","3","2","5"
"pv2903","3","2","5"
"Pvg123","1","4","5"
"Pwells44","2","3","5"
"pychlahz","3","2","5"
"Q9lwxq","3","2","5"
"Qabazard","2","3","5"
"qasem_mohamed","3","2","5"
"QazahMan","2","3","5"
"Qinses","2","3","5"
"QLS-Xagavan","3","2","5"
"QMeister","2","3","5"
"QNIngongocanh2015","3","2","5"
"Qosai_Bin_wadi1","3","2","5"
"qowercmqhouwie","3","2","5"
"qperA6","3","2","5"
"qpwoeialskdjzmn","2","3","5"
"qqq228","2","3","5"
"Qua7ar","2","3","5"
"Quackattack317","3","2","5"
"Quaho","2","3","5"
"QuamQuam1","3","2","5"
"quantafuel","2","3","5"
"Qudear","3","2","5"
"Quedando","3","2","5"
"Queeen_B","3","2","5"
"Queen_Chess_1","3","2","5"
"Queen36","3","2","5"
"Queenkillar","2","3","5"
"Queensacks4dummies","2","3","5"
"QueensideMoxie","2","3","5"
"Quettawal","3","2","5"
"quickestbandana","3","2","5"
"quindil","2","3","5"
"Quocanhdeli","2","3","5"
"QuoxMoon","3","2","5"
"Qusaiooo","3","2","5"
"Qwertydotsaw","4","1","5"
"qwertz14","2","3","5"
"r_hack","3","2","5"
"R_o_m_a_1","3","2","5"
"r-ich-ard","1","4","5"
"r00dm00","3","2","5"
"r3kt4ever","2","3","5"
"R3patines","2","3","5"
"r3spct","2","3","5"
"raachess","2","3","5"
"Rabbi0","2","3","5"
"rabs","2","3","5"
"race73","4","1","5"
"Rachith123","2","3","5"
"Rachmainoff","4","1","5"
"RACHTANG1958","2","3","5"
"RacingCat","3","2","5"
"RacingGreen","3","2","5"
"Rade57","3","2","5"
"radeczkje","2","3","5"
"Radenke","2","3","5"
"RadiKheir","3","2","5"
"Radio-Scacchi","3","2","5"
"Radok101","3","2","5"
"Radost2020","3","2","5"
"radu25","3","2","5"
"radu85","3","2","5"
"radull","3","2","5"
"Raeghal","2","3","5"
"raelst","2","3","5"
"raf93raf","2","3","5"
"Rafael_Stratulat","2","3","5"
"rafael-pro","4","1","5"
"Rafael2565F","3","2","5"
"Rafael666","3","2","5"
"RafaMindStrong","2","3","5"
"rafbabilonia","3","2","5"
"RaffyAlfacero","2","3","5"
"rafilator","3","2","5"
"rafindadi","3","2","5"
"raghavchess123","3","2","5"
"ragnarok311","1","4","5"
"Ragoon","2","3","5"
"rahman3737","2","3","5"
"rahmatpr","3","2","5"
"rahul_25","3","2","5"
"Rahul0007","2","3","5"
"rahulgreenvalley","2","3","5"
"RahulRaj1996","3","2","5"
"raimundolirae","2","3","5"
"rain_cloud","2","3","5"
"Raina15","3","2","5"
"rainonroof","2","3","5"
"RainTM","3","2","5"
"raja1234kpp","2","3","5"
"Rajarajanthekking","2","3","5"
"Rajatarya2709","3","2","5"
"RAJESH_PANDEY1","2","3","5"
"Rajesh71","2","3","5"
"rajeshdocemperor","2","3","5"
"rajnoobatchess","2","3","5"
"RajPalace","4","1","5"
"rajshah","2","3","5"
"Raju4444","4","1","5"
"rakeshreddy1410","2","3","5"
"rakhdakh","2","3","5"
"Ralf1970","4","1","5"
"RalphHoy","2","3","5"
"Ramathe","2","3","5"
"Rambo2136","2","3","5"
"RAMBO58","4","1","5"
"ramchandrashah","4","1","5"
"rameshrec1994","3","2","5"
"ramil017","4","1","5"
"ramioor","2","3","5"
"Ramiz02","2","3","5"
"ramon972","4","1","5"
"RamonsAlbtraum","2","3","5"
"Ramses2ii","2","3","5"
"RAMSeventy3","3","2","5"
"ranc","3","2","5"
"randolfo_cartero","3","2","5"
"randomdude0","1","4","5"
"RandoMize","3","2","5"
"RandomName007","3","2","5"
"Randorian","2","3","5"
"randy_player","2","3","5"
"Rangi01","4","1","5"
"ranisingh","1","4","5"
"RankChess","1","4","5"
"RanyarG","3","2","5"
"RaoufIran1378","3","2","5"
"rapatap","3","2","5"
"raphaelisagani","2","3","5"
"rapidbullet","2","3","5"
"rappix95","2","3","5"
"Raserino4","2","3","5"
"Rashank","1","4","5"
"Rashid9345","3","2","5"
"Rasoul5412","3","2","5"
"Raspalisahista","3","2","5"
"rastaman6161","3","2","5"
"RAT000","2","3","5"
"Ratatak29","3","2","5"
"rathishkarthi","2","3","5"
"Rating_0","3","2","5"
"Ratoli","1","4","5"
"RattenG","2","3","5"
"raturovitch","2","3","5"
"ratzifatzi","3","2","5"
"Rauan_Bakytzhan","2","3","5"
"Raul2014Irina","3","2","5"
"RaulCapanegra","2","3","5"
"raulguerrak","2","3","5"
"Raulix","3","2","5"
"RaulReguero","2","3","5"
"ravi4477445","2","3","5"
"RAVJ","2","3","5"
"ray791","3","2","5"
"Rayan_Zamzami","2","3","5"
"Rayelight","2","3","5"
"Rayman314","2","3","5"
"RayzKool","2","3","5"
"RazBender","3","2","5"
"Razhey-Dee","2","3","5"
"RaznosVitka","3","2","5"
"razonrus","3","2","5"
"razorblade2019","3","2","5"
"razza12","3","2","5"
"Razzamac","2","3","5"
"rbbm","1","4","5"
"rbeggs","3","2","5"
"rchristoffer","3","2","5"
"Rcon14","2","3","5"
"rcosta","3","2","5"
"rds1500","3","2","5"
"re2010","2","3","5"
"Ready2StrikeBack","4","1","5"
"Readyourmind","3","2","5"
"real_mblxa_official","2","3","5"
"Real_Vega","1","4","5"
"reallycoldpenguin","3","2","5"
"realocalteam","3","2","5"
"RealSteelGuyMr","4","1","5"
"rebeen","2","3","5"
"rebellojason47","3","2","5"
"Reborn27","2","3","5"
"RebuyStuff","2","3","5"
"Recep5393","4","1","5"
"Red_Baron83","2","3","5"
"Red_Cerilo","2","3","5"
"Red_Wings_15","2","3","5"
"reda1506","1","4","5"
"RedAlpaca","3","2","5"
"redbolek","3","2","5"
"Redchesse","4","1","5"
"RedDawn94","2","3","5"
"reddevil_2025","2","3","5"
"rediistuo","3","2","5"
"redoin_cr","3","2","5"
"RedPepper97","2","3","5"
"Redshank","2","3","5"
"RedSupergiant","2","3","5"
"RedwanNC","2","3","5"
"Reen915","2","3","5"
"refaathh","2","3","5"
"REG-AEK","2","3","5"
"Reggie_Noble13","3","2","5"
"RegicidalTrilobite","2","3","5"
"reginaldtrg","3","2","5"
"regis-idomaniak","3","2","5"
"RegisLakrids","2","3","5"
"regulater","2","3","5"
"rehan123","2","3","5"
"Reigningnick","2","3","5"
"reii_i","2","3","5"
"rein0","4","1","5"
"ReinhardMusel","2","3","5"
"reinier501","2","3","5"
"reinoutko","3","2","5"
"REkaynar","4","1","5"
"Rekisha","2","3","5"
"Reluctance","3","2","5"
"remarkableemperor991","3","2","5"
"REMIT_01","2","3","5"
"rena27","3","2","5"
"RenatoGurgel","3","2","5"
"renatosantiago","2","3","5"
"Rene6676","2","3","5"
"ReneD","3","2","5"
"renjuphysics","2","3","5"
"rentar9","2","3","5"
"renvoi","3","2","5"
"Repli","2","3","5"
"reqdaw","3","2","5"
"ReRe88","2","3","5"
"Resexyone","3","2","5"
"resp07","3","2","5"
"retributional","2","3","5"
"retroLluis","3","2","5"
"retsiemelzzipj024","2","3","5"
"rettoper","2","3","5"
"revanallahicoxsevir","2","3","5"
"revenge4","3","2","5"
"revgenyi","2","3","5"
"RevKy","3","2","5"
"revolucaodosbichos","3","2","5"
"Revy12","3","2","5"
"Rex777888","2","3","5"
"Rey_Demon_2","2","3","5"
"reyartiles","2","3","5"
"ReyDama01","2","3","5"
"ReyDelBrillante","3","2","5"
"reydrama","3","2","5"
"reynoldsd","2","3","5"
"ReyPerturbado","2","3","5"
"REYsum24","2","3","5"
"reza138907","3","2","5"
"rezaachmaz","2","3","5"
"rezazandi52","3","2","5"
"Rezeknenian","3","2","5"
"Rfiorani","3","2","5"
"rgman23","1","4","5"
"Rgro2","2","3","5"
"RH1997","3","2","5"
"rhanrhan","2","3","5"
"RhedasBlizzard","3","2","5"
"Rhemaa","2","3","5"
"rhiehn","2","3","5"
"RHM75","3","2","5"
"Rhoop","3","2","5"
"Rhv044","2","3","5"
"Rhythm_Of_The_King","3","2","5"
"RIAD-RAHMOUN","2","3","5"
"Ribery666","2","3","5"
"Ric_prince08","3","2","5"
"RicardoBonela","3","2","5"
"RicardoTorresMendez","3","2","5"
"Richard_Escobar","2","3","5"
"Richard_Pilz","3","2","5"
"Richard64","2","3","5"
"richardawood","2","3","5"
"RichardDikelman","3","2","5"
"Richardgbg","3","2","5"
"RichardNagypal","2","3","5"
"RichardTL","2","3","5"
"RichB100","1","4","5"
"richievalenz","3","2","5"
"Rick-Morty","3","2","5"
"Ricksmort21","2","3","5"
"RickyBallin2012","3","2","5"
"rickyreiss","1","4","5"
"rickys19","2","3","5"
"Rico_Mielke","2","3","5"
"Ridhamraswanta","2","3","5"
"ridhimann_shashank08","3","2","5"
"ridit_verma","2","3","5"
"Ridvan1st","2","3","5"
"ridvankaratas68","2","3","5"
"rielsa","3","2","5"
"rijobro","2","3","5"
"rikarikoriki24","2","3","5"
"rikmath_OPG","3","2","5"
"Rikukaru","2","3","5"
"RinatUchiha","3","2","5"
"rincort","2","3","5"
"Ring_of_decapitation","3","2","5"
"RINO_URSO","3","2","5"
"rinzai15","1","4","5"
"riotgirl66","3","2","5"
"riseall","3","2","5"
"rishabh1110","2","3","5"
"RishiGautam","2","3","5"
"Rishik123456","3","2","5"
"rishirajbaul","2","3","5"
"Rithesh_king","4","1","5"
"RitwikAgrawal","2","3","5"
"riv3r","2","3","5"
"riverflowinyou","2","3","5"
"Riyo2023","4","1","5"
"rizztopher","2","3","5"
"rkarora03","3","2","5"
"rkd84","1","4","5"
"rlriii13","3","2","5"
"RModai","3","2","5"
"Rnnx","2","3","5"
"ro_al","3","2","5"
"Roadflames","2","3","5"
"roadkingron","2","3","5"
"Roadman1","4","1","5"
"roamingkoala","3","2","5"
"roasted_chess_nut323","3","2","5"
"robahedomderaz","3","2","5"
"Robax","3","2","5"
"robbeligbobban","3","2","5"
"robbertmanders","4","1","5"
"Robbey","2","3","5"
"Robbins28","2","3","5"
"RobbZombie","3","2","5"
"robehg910326","4","1","5"
"Robert_2017","3","2","5"
"Robert2385","3","2","5"
"robert8867","3","2","5"
"RobertBonini","2","3","5"
"RobertCarvalho30","2","3","5"
"RobertFP","2","3","5"
"robertonto00","2","3","5"
"robertovictor","3","2","5"
"robertsamvelyan","3","2","5"
"RobG2","3","2","5"
"robi7501","3","2","5"
"robiin67","3","2","5"
"robin0708","4","1","5"
"robin14728","2","3","5"
"robinonyancha","3","2","5"
"roboBeaver","3","2","5"
"ROBOTSMOKE","3","2","5"
"robrob99","2","3","5"
"RoccoSiffredi353","3","2","5"
"Rocha100","3","2","5"
"Rock1907","3","2","5"
"Rockerzragu","3","2","5"
"rockm9","2","3","5"
"roddchess","2","3","5"
"Roderick15","2","3","5"
"RodionGromov","2","3","5"
"RodionRomanovic","2","3","5"
"Rodri_Villa","2","3","5"
"RodriFK","2","3","5"
"rodrox21223","3","2","5"
"Roedel89","4","1","5"
"roeri83","3","2","5"
"Rogerbonny","3","2","5"
"Rogga","2","3","5"
"Rogowogo22","2","3","5"
"RohamBahar1386","2","3","5"
"Rohan_Shah","4","1","5"
"RoHaNDaS1","3","2","5"
"Rohit_Tidke","2","3","5"
"roibos","4","1","5"
"roim11","2","3","5"
"roivra","3","2","5"
"roj2","3","2","5"
"rokasvo","1","4","5"
"rolelobo","4","1","5"
"Rolf62","2","3","5"
"rolkas13","3","2","5"
"Rollton","2","3","5"
"rollyroy63","2","3","5"
"rolo9104","3","2","5"
"romaingggg","2","3","5"
"Roman_1903","3","2","5"
"roman2703","1","4","5"
"roman900620","2","3","5"
"romanbel1999","3","2","5"
"romand-1990","2","3","5"
"RomanFRCA","3","2","5"
"RomaNn_2003","2","3","5"
"Romanov_Andrey","3","2","5"
"romanprat","1","4","5"
"Romanski420","3","2","5"
"Romanstennine","3","2","5"
"romant1c","3","2","5"
"romany_nagy","3","2","5"
"romaroma321","3","2","5"
"RomdomUserName","2","3","5"
"Ron-slon","3","2","5"
"ronikriger1","1","4","5"
"RonnyBee","3","2","5"
"RonWeasleyChessGod","3","2","5"
"Rook_07","2","3","5"
"rook_at_me","2","3","5"
"rook_hardplace","2","3","5"
"Rooked89","3","2","5"
"Rookie2006","3","2","5"
"rookierobb","2","3","5"
"Rookshop","3","2","5"
"Rooliz","2","3","5"
"Roolster","2","3","5"
"roozikian","3","2","5"
"ropix","2","3","5"
"Rordanjoberts","2","3","5"
"roroskyrider","3","2","5"
"Rorozoroo","2","3","5"
"Rorwyn","2","3","5"
"Ros123ti123slav","4","1","5"
"Rosenbach00","2","3","5"
"RoseWinter","3","2","5"
"RossTheBoss582","2","3","5"
"Rostik1","2","3","5"
"rotes_potsdam","3","2","5"
"rotwein05","3","2","5"
"rou7_beh","2","3","5"
"Rounakinder","1","4","5"
"Roxid22","2","3","5"
"Roxy60","4","1","5"
"Roy3912","2","3","5"
"RoyalChessyoutube","3","2","5"
"Royest","2","3","5"
"roypelon","2","3","5"
"rptzor","3","2","5"
"RR218","2","3","5"
"rraniwala","3","2","5"
"RRR69","2","3","5"
"rrrho","2","3","5"
"rshtn","2","3","5"
"rskajen","1","4","5"
"RSlaman","3","2","5"
"rsusic","3","2","5"
"RtPedro","3","2","5"
"rubaina123","3","2","5"
"Rubal4","2","3","5"
"Ruben_Barmenaji","3","2","5"
"Ruben008","4","1","5"
"ruben870512","3","2","5"
"rubenbull","3","2","5"
"rubeneras","3","2","5"
"Rubenlekker","4","1","5"
"Ruchkin","2","3","5"
"rudzanimat","2","3","5"
"rugbyab","3","2","5"
"RuggeroReina","3","2","5"
"Rumcajsik","3","2","5"
"RupyGambit","2","3","5"
"ruqaro","2","3","5"
"Rushdayyy","2","3","5"
"Rushi5314","2","3","5"
"ruslan1406","3","2","5"
"RuslanASAP","3","2","5"
"Ruslferg","2","3","5"
"rusma","3","2","5"
"Rusnra88","2","3","5"
"RusnyakEvgeniy","2","3","5"
"RussMe","2","3","5"
"rustamkeramov","3","2","5"
"rustemi","3","2","5"
"Ruude073","2","3","5"
"ruzgar_vera_uzay","2","3","5"
"Rv33","2","3","5"
"rvrmz","2","3","5"
"Rvssian-14","2","3","5"
"Ryjots","2","3","5"
"Rynkowsky","2","3","5"
"Ryzer_X","3","2","5"
"rzerohan","2","3","5"
"rzurik_80","3","2","5"
"S_AndresLo","2","3","5"
"S_CAR_4","2","3","5"
"S_Doctor_Doom_S","2","3","5"
"S_Pande","3","2","5"
"s0ffxx_m3","2","3","5"
"S0N4","3","2","5"
"S0nofabishop","2","3","5"
"s1lth","2","3","5"
"s1nful","1","4","5"
"S1RANDOM","2","3","5"
"S24MasterSam","3","2","5"
"s3ReN1Ty","2","3","5"
"S4T13","2","3","5"
"S8S8TF8","2","3","5"
"S99P","3","2","5"
"S9B52D6","2","3","5"
"sa_mba","3","2","5"
"SA3-dany","3","2","5"
"Sa3dany","3","2","5"
"saaantii","3","2","5"
"SaadxTn","4","1","5"
"Saanse","3","2","5"
"Saar10","2","3","5"
"SAB1963MZ","3","2","5"
"SABAR_UA","3","2","5"
"sabarrera7","4","1","5"
"sabat287","3","2","5"
"saber2023ra","3","2","5"
"sabhsalih","3","2","5"
"sabi30","2","3","5"
"sabiots","3","2","5"
"Sabotage_03","2","3","5"
"sabyr1505","2","3","5"
"Sacha8","2","3","5"
"sachatouille03000","3","2","5"
"Sachin_Chan","3","2","5"
"Sachin0903","1","4","5"
"Sachin2056","2","3","5"
"Sachinarora","2","3","5"
"SachinBoy","2","3","5"
"sachista15","2","3","5"
"sachovekure2100","2","3","5"
"SachyanA","3","2","5"
"SachyDolanky","3","2","5"
"SacrificeForTheWin","2","3","5"
"Sacrificial_land","2","3","5"
"sadboipavel","3","2","5"
"saddamhossain441","3","2","5"
"sadEEEq","3","2","5"
"sadegh_jafari","2","3","5"
"SADEGH-AZIMIKIA","3","2","5"
"Sadek_RU","2","3","5"
"sadek93","3","2","5"
"Sadiggurbanli","3","2","5"
"Sadikkurkuk","3","2","5"
"Sadio_Main","3","2","5"
"sadovnik28","2","3","5"
"Sadykov_Arthur","2","3","5"
"Saeed_Zoghi","1","4","5"
"saeid_t_zbeeda","3","2","5"
"saeidkarimi2001","2","3","5"
"Saempel","2","3","5"
"SAFARAEL","3","2","5"
"SafarDamirli","2","3","5"
"SafestKing","2","3","5"
"Safinor","2","3","5"
"Sagar023","3","2","5"
"sagar12345678","2","3","5"
"SagaraSangeetha","2","3","5"
"SagarDey459","3","2","5"
"Sager","2","3","5"
"sagy_dr","3","2","5"
"sahasradasepalli","2","3","5"
"sahilbavdhane","2","3","5"
"sahilgolegaonkar","3","2","5"
"sahinbatmaz","3","2","5"
"sahmatvepat","3","2","5"
"sahunavin","3","2","5"
"sai_zelda","3","2","5"
"Said008","2","3","5"
"said111a","2","3","5"
"saidelin","3","2","5"
"saifali2022","3","2","5"
"saifmahmmod","3","2","5"
"Saiha","1","4","5"
"Sailee_Paliwal06","2","3","5"
"sailer9","2","3","5"
"Sairamgoud","3","2","5"
"Saisch","1","4","5"
"saisridhruthi","3","2","5"
"Saitamer","2","3","5"
"saiva25","3","2","5"
"Sajjadmm","3","2","5"
"Sajkim","3","2","5"
"Saka97qwerty","2","3","5"
"sAKAsilver","2","3","5"
"sakralescholle","3","2","5"
"Saksham84a","2","3","5"
"sakshisunilbabar","2","3","5"
"Saksonets","1","4","5"
"sakune_z","3","2","5"
"Sal200510","4","1","5"
"sala92","2","3","5"
"Saladuno","2","3","5"
"Salah0589","2","3","5"
"salarking","4","1","5"
"Salavat_2023","2","3","5"
"Salavigo","3","2","5"
"salazaaar","3","2","5"
"salcalisukufe","2","3","5"
"sale_128","2","3","5"
"Salemface","1","4","5"
"Salibio","2","3","5"
"Salih523","2","3","5"
"saliheraslan060606","2","3","5"
"salimbenhardi","3","2","5"
"saLippert","2","3","5"
"salman-memon","3","2","5"
"salmon_rushdie","3","2","5"
"salnunkachov","2","3","5"
"Salo-Gnoi","3","2","5"
"salonsakini","2","3","5"
"saltyscarf","3","2","5"
"salu_brenmig","1","4","5"
"salvador_7","2","3","5"
"salvati","3","2","5"
"Salvo3847","2","3","5"
"Sam_25","3","2","5"
"sam_normal","3","2","5"
"Sam_Sat","3","2","5"
"sam_zeraati","3","2","5"
"SamAki1996","1","4","5"
"samaman123","3","2","5"
"Samara-karnova","3","2","5"
"Samat246","3","2","5"
"SambitDash","2","3","5"
"sambodine","3","2","5"
"samboot","4","1","5"
"sambruin7","3","2","5"
"Samcos79","2","3","5"
"sameer24","2","3","5"
"samet001","3","2","5"
"SamGBr","2","3","5"
"samher","3","2","5"
"Samid2002","2","3","5"
"Samir_Z","3","2","5"
"Samiyano","2","3","5"
"samja","3","2","5"
"SamJunansei","3","2","5"
"saml0703","2","3","5"
"samlima","3","2","5"
"SamOfTheEast","3","2","5"
"samomilesovich","3","2","5"
"samouvereno","2","3","5"
"samsondianel","3","2","5"
"samsoninbabylon","2","3","5"
"samuel_dg","3","2","5"
"Samuel-K","3","2","5"
"samuelalzatte","2","3","5"
"Samuka12","2","3","5"
"samuraipizzacat_962","2","3","5"
"samyak1","3","2","5"
"SamyMedina","2","3","5"
"San_Gervacio","3","2","5"
"san30z","3","2","5"
"Sanan_Omarov","3","2","5"
"sanan7e","3","2","5"
"sanat123456","3","2","5"
"sanbast","4","1","5"
"sancocho_de_gallina","3","2","5"
"Sandi5987","3","2","5"
"SANEK11111","2","3","5"
"sangers","3","2","5"
"Sanjarbek9905","2","3","5"
"Sanjay10chess","3","2","5"
"Sanjay507","1","4","5"
"Sanjayaaaaaaa","2","3","5"
"sanjayxv","2","3","5"
"sanji18","3","2","5"
"Sanju28072017","3","2","5"
"sannito","2","3","5"
"SANROCCO","2","3","5"
"sans_fin","2","3","5"
"Sansarych","1","4","5"
"SanSeich","2","3","5"
"santanbrian","3","2","5"
"SanthoshThiru","2","3","5"
"santhu_skk","3","2","5"
"santiago1970","2","3","5"
"SantiagoA2007","3","2","5"
"Santillo1989","3","2","5"
"santomi","3","2","5"
"santosh29","3","2","5"
"SantosT","3","2","5"
"Sanuchess1729","2","3","5"
"SanzenSekai","2","3","5"
"Sapfiro","3","2","5"
"saphir85","3","2","5"
"SapphicVictory","2","3","5"
"saprichess","3","2","5"
"SaraAlie","4","1","5"
"SaraMN","3","2","5"
"sArAn_sasidharan","4","1","5"
"sarathi3","3","2","5"
"sargamo","1","4","5"
"Sarjie1","2","3","5"
"Sarokbaha","3","2","5"
"SarpeiHans","3","2","5"
"Sasco","3","2","5"
"Sasha_2016-04","3","2","5"
"Sasha1235","2","3","5"
"Sasha1992s","3","2","5"
"sasha78_20","2","3","5"
"SashaPres","2","3","5"
"SashoAndreev","2","3","5"
"SastaGarrymamaster","4","1","5"
"sastrian","2","3","5"
"SASUKE-UCHIHA-011","3","2","5"
"sasy200396","3","2","5"
"Satan_is_da_Whistler","2","3","5"
"satatardy","2","3","5"
"sathie1401","3","2","5"
"satranjjjj","3","2","5"
"satriosejati","2","3","5"
"Saturno5","2","3","5"
"satwik48","2","3","5"
"satwikp","2","3","5"
"saud_esshaq","2","3","5"
"Saud-7","3","2","5"
"Saularov","3","2","5"
"saumya_raj7866","2","3","5"
"Saurroc","2","3","5"
"SavitarBetters","2","3","5"
"Savke","2","3","5"
"Sawaack","3","2","5"
"sawanindia","3","2","5"
"SaxtonEngine","2","3","5"
"SAYAAN2020","2","3","5"
"SayCheesse","2","3","5"
"SayNOtoDucks","2","3","5"
"sayood-8","2","3","5"
"sayyomama","2","3","5"
"sblaf","2","3","5"
"Scacewater","3","2","5"
"ScalAle","3","2","5"
"scan3000","3","2","5"
"scanfix","3","2","5"
"scarpman","2","3","5"
"Schaakdrift","3","2","5"
"Schachl_ich","3","2","5"
"schachmann1208","2","3","5"
"Schachmarv","4","1","5"
"schachomatto","3","2","5"
"Schachspieler555","4","1","5"
"SchachWal98","2","3","5"
"schakengpingpeng","2","3","5"
"Scheich-v-Marokko","2","3","5"
"schess69","2","3","5"
"schlimo22","2","3","5"
"schmaxo","2","3","5"
"Schmuel","4","1","5"
"Schmuusi","3","2","5"
"Schneemann7","2","3","5"
"Schnubbeldibub","2","3","5"
"Schoenend00s","1","4","5"
"Schoolastic93","2","3","5"
"schooliscool","2","3","5"
"SchweizerHLT","3","2","5"
"Schwerre","3","2","5"
"schwibbmaster","2","3","5"
"scira","3","2","5"
"scoeur","2","3","5"
"scoobienoobienoob","2","3","5"
"ScorpionSkillSux","2","3","5"
"scovoroda","3","2","5"
"ScrDr221","2","3","5"
"scrotie","3","2","5"
"scrubsta","3","2","5"
"sdstatkaa","2","3","5"
"sealcham","3","2","5"
"sealyt","3","2","5"
"seamuskab","2","3","5"
"sean4094","3","2","5"
"seanvd42","3","2","5"
"SearchingforBlobby","2","3","5"
"seaspear","2","3","5"
"seaswim","2","3","5"
"seathrini_niron","3","2","5"
"seatothelayton","2","3","5"
"Seb86280","1","4","5"
"seba951","2","3","5"
"sebabari","2","3","5"
"SebastiaanNijland","1","4","5"
"Sebastian1452","2","3","5"
"sebastian2d","3","2","5"
"Sebastianchauca","3","2","5"
"sebastianlux","2","3","5"
"sebinatx","3","2","5"
"SebiWazir","3","2","5"
"Secondoftwo","2","3","5"
"SecretBeard","3","2","5"
"sedalifarabi","2","3","5"
"Seft4liTR","2","3","5"
"sega55555","3","2","5"
"Sehya","2","3","5"
"seigi11","1","4","5"
"Sekaniod","3","2","5"
"SekoselimovAZE","2","3","5"
"Sekretnaya","2","3","5"
"sekrifay","2","3","5"
"Selah91","1","4","5"
"Selbi_1303","3","2","5"
"selim_orhan","1","4","5"
"selimm1","3","2","5"
"seliso","2","3","5"
"Sell_S","2","3","5"
"selveri12","3","2","5"
"sem1","2","3","5"
"Semargl1990","2","3","5"
"semihoztr","3","2","5"
"SemihT11","2","3","5"
"semion9898","2","3","5"
"semtinpopisi","2","3","5"
"SemyonVasilyev","3","2","5"
"SenadZekir401731","2","3","5"
"senkaso","2","3","5"
"Sennaciulo","1","4","5"
"senpai_sameh","3","2","5"
"SenSah","2","3","5"
"senzu1","2","3","5"
"SePaime","3","2","5"
"sepantman","3","2","5"
"sepczakbibi","3","2","5"
"sepehr03","2","3","5"
"seperblunt","2","3","5"
"Sepp0","3","2","5"
"serafima_1","2","3","5"
"serbay32","4","1","5"
"serd1","3","2","5"
"serdjuks","3","2","5"
"SeregaNovozhilov","3","2","5"
"serendipity000111","2","3","5"
"Serg_Uray","3","2","5"
"Serg-Dzik","3","2","5"
"SergantChe","3","2","5"
"SergantDornan18","2","3","5"
"Serge_II","3","2","5"
"Sergei_D","2","3","5"
"Sergei-Bazh","3","2","5"
"sergej1964","3","2","5"
"SergejManojlovic","2","3","5"
"sergey_fatman","2","3","5"
"Sergey_vol34","2","3","5"
"Sergey1601","3","2","5"
"Sergey4455","2","3","5"
"SergeyAlekseenko","2","3","5"
"SergeyAndrewSivak","2","3","5"
"sergeybelyaev","3","2","5"
"sergeylu","3","2","5"
"SergeyPruzhinskiy","2","3","5"
"sergio10391","3","2","5"
"SERGIODRAW","1","4","5"
"SergioLanaLacuna","2","3","5"
"sergiu93","3","2","5"
"Serglapin250680","3","2","5"
"Serhat001","3","2","5"
"Seriousman26","2","3","5"
"SeriousTroubleMate","3","2","5"
"Serkanbeyler","1","4","5"
"serkansaglam","2","3","5"
"Seron2323","1","4","5"
"SERSEMyouF5","4","1","5"
"SertacAtes35","3","2","5"
"serv62","3","2","5"
"servoon","2","3","5"
"sery26","3","2","5"
"Set2015","2","3","5"
"sethbarnard","3","2","5"
"sethorse","3","2","5"
"sethuram","3","2","5"
"Sevenarcher","2","3","5"
"SevenLiu","3","2","5"
"SevenOgres","2","3","5"
"SEVENWONDERS","2","3","5"
"severinob","2","3","5"
"SexyBabu","2","3","5"
"SEXYBOIKC","2","3","5"
"sfelipe15","3","2","5"
"SFRA","3","2","5"
"sgambettodidonna","2","3","5"
"sgdvje","3","2","5"
"sgm6888","3","2","5"
"sgolkhar","3","2","5"
"Sgorbio1271","3","2","5"
"sha6rath","2","3","5"
"Shaban93","2","3","5"
"shabani_alireza","3","2","5"
"Shabes","2","3","5"
"Shad3z","3","2","5"
"shadic_ss","3","2","5"
"SHADO899","3","2","5"
"shadow61704","3","2","5"
"ShadowGardenKing","3","2","5"
"Shadowhunters7","3","2","5"
"Shadowsusanoo07","3","2","5"
"SHAGSUSSYNIK","2","3","5"
"shahan20","3","2","5"
"shaharshamir12","2","3","5"
"shahrokh52","3","2","5"
"Shahtulan","3","2","5"
"shakadoodledu","3","2","5"
"shakes11","3","2","5"
"shakunii","3","2","5"
"Shaky_2236","2","3","5"
"ShalabyYahia","2","3","5"
"Shaliko_Shaliko","2","3","5"
"sham74","2","3","5"
"Shantanuupadhyay","3","2","5"
"Shantiwater","4","1","5"
"ShanuArshad","3","2","5"
"Shapa-shapa","3","2","5"
"shaqiriscalves","2","3","5"
"SharasB","3","2","5"
"Sharon-Jurado","3","2","5"
"SharqAttaq","4","1","5"
"shashki_huynya","2","3","5"
"Shau_lair0","2","3","5"
"ShauryaDimri","3","2","5"
"Shawn1Spencer","3","2","5"
"Shaxriyor_005","3","2","5"
"sheinemann","3","2","5"
"shekharchopra","3","2","5"
"shelajev","3","2","5"
"shelikecarti","2","3","5"
"shemakeitclap","1","4","5"
"Sheparoni_on_Spotify","2","3","5"
"SheRheAmaz3","1","4","5"
"sherif251","3","2","5"
"sherinpc1992","3","2","5"
"sherlock_moscow","3","2","5"
"SherlockLeo","3","2","5"
"sherzodxamidov","4","1","5"
"shesslocker","2","3","5"
"shiiveshthefighter","3","2","5"
"Shinurk","3","2","5"
"shiranpuri","2","3","5"
"Shiro-Dono","2","3","5"
"ShirshaGhosh","3","2","5"
"Shivam30","3","2","5"
"Shivansh31012019","3","2","5"
"ShizanutiyKarder","3","2","5"
"Shizu_delta","3","2","5"
"SHK_RZ-3000","2","3","5"
"shlomon33","2","3","5"
"shobhitraj11","3","2","5"
"shoelss","2","3","5"
"Shokry1","2","3","5"
"sholemyose","3","2","5"
"sholnex","3","2","5"
"ShomuShamaim","4","1","5"
"Shor123","2","3","5"
"shori_63","4","1","5"
"shortshorts777","3","2","5"
"Shougi5","3","2","5"
"shouldbworking","1","4","5"
"shravan2309","3","2","5"
"ShravaniAundhekar","2","3","5"
"ShreesimhaAnand","2","3","5"
"shreyaschess16","2","3","5"
"shripad07","3","2","5"
"Shrut_Mandlay","3","2","5"
"shtrek","3","2","5"
"SHTYKAIDER","3","2","5"
"Shu6ham","3","2","5"
"shubham_9_ande","2","3","5"
"Shubham_gawas","2","3","5"
"shubhra","2","3","5"
"shueppsh","1","4","5"
"shufel","2","3","5"
"Shustrick","3","2","5"
"Shut-a-Bishop","3","2","5"
"shweta27","3","2","5"
"ShyamGanesh-BHS","3","2","5"
"ShynRamyun","2","3","5"
"si_mendon_ti","2","3","5"
"Si_mus","3","2","5"
"Sia888","3","2","5"
"SICILIASTATO","2","3","5"
"sicoman","3","2","5"
"Sid_2001","1","4","5"
"sidadamadada","2","3","5"
"siddharthfulia123","1","4","5"
"siddharthrocks","2","3","5"
"Siddpro07","3","2","5"
"SIDMAN007","3","2","5"
"SidMax","3","2","5"
"sidneyhj","3","2","5"
"SidoxWasTaken","2","3","5"
"Sidwa","4","1","5"
"Sieta104","4","1","5"
"sifirdansatrancogren","3","2","5"
"SigveS","3","2","5"
"Sikotam","2","3","5"
"silas28","2","3","5"
"SilkyWatts","3","2","5"
"silly_blond","3","2","5"
"SillyGoose100","3","2","5"
"silv35","3","2","5"
"Silvah","3","2","5"
"SilverChessDE","2","3","5"
"silverdog","2","3","5"
"silverhazeee","2","3","5"
"SilverHealer","2","3","5"
"silvio_chess","3","2","5"
"SilvioIglesia","3","2","5"
"Sim_led1","3","2","5"
"simomsdestroyer","2","3","5"
"SimonDousset","4","1","5"
"SimonH2020","2","3","5"
"SimonMkrtchyan","2","3","5"
"SimonovOtec","2","3","5"
"simonschlegel","1","4","5"
"SimonZero","3","2","5"
"SimplicityWhite","3","2","5"
"Simulator2023","3","2","5"
"Simvah","3","2","5"
"Sin-Shenn08","2","3","5"
"sinamit","3","2","5"
"sinankoralay2","2","3","5"
"singularity123097","3","2","5"
"sinitar30","3","2","5"
"Sinkinghippo","2","3","5"
"Sinneuronas","2","3","5"
"sintaaan","2","3","5"
"sinyeong99","3","2","5"
"sipkauros","3","2","5"
"Sir-Stinky","3","2","5"
"siraxealot","2","3","5"
"SirBlunderlot","3","2","5"
"Sircheck2","3","2","5"
"siremde","3","2","5"
"SirMeliodas","2","3","5"
"SirWatson","2","3","5"
"sistem51","3","2","5"
"Siva_ssn-1531","3","2","5"
"sivachidambaram","2","3","5"
"sivan1983","2","3","5"
"SixthCause","2","3","5"
"Siyet","3","2","5"
"Sizwe15Nkosi","2","3","5"
"SJ1988","2","3","5"
"Sjakkol","2","3","5"
"SjakkTore","3","2","5"
"sJoyce-TR","2","3","5"
"Sjsjsjjsjkwwkwk","3","2","5"
"SK_3","2","3","5"
"SK_9","2","3","5"
"sk0uf","3","2","5"
"sk0vi","2","3","5"
"sk1592","3","2","5"
"Sk2021ED","2","3","5"
"Skacerino","2","3","5"
"Skakistis21","3","2","5"
"Skalluri","3","2","5"
"Skalolazxerov","2","3","5"
"Skate6","3","2","5"
"skeyman","4","1","5"
"skgubza","2","3","5"
"Skibbi","3","2","5"
"SKILLS2010","3","2","5"
"skimeric","2","3","5"
"Skinnyhippodude","3","2","5"
"SkjaldenSkjold","2","3","5"
"Skkafalijaponaskeri","2","3","5"
"sklrunakfkkcnflwknd","3","2","5"
"Sklyarus1981","3","2","5"
"skmisc","3","2","5"
"skoczek87","2","3","5"
"skrzypol44","2","3","5"
"sksimranakhtar","3","2","5"
"skumberg","2","3","5"
"skuseisloose","3","2","5"
"skydiploma","2","3","5"
"skykiddy","2","3","5"
"skylex1","3","2","5"
"Skywalker2005","3","2","5"
"skywhywhalcker","2","3","5"
"Sl1vaa","3","2","5"
"slalmedio","2","3","5"
"slam971","2","3","5"
"slava040","3","2","5"
"SLAVA5080892","1","4","5"
"slavatretyakoff","2","3","5"
"slavattacks","3","2","5"
"Slawyanis","3","2","5"
"slchessking2008","2","3","5"
"SLClaudio","3","2","5"
"Sledopat","1","4","5"
"sleze01","2","3","5"
"SLF_link","2","3","5"
"Slick_Onion","3","2","5"
"Slimeylimey","1","4","5"
"Slimsa","2","3","5"
"Slinb","3","2","5"
"Slipper_123","3","2","5"
"slither23","2","3","5"
"sliverabel","2","3","5"
"sloth727","3","2","5"
"slowdeathmonster","3","2","5"
"sluggusluss","2","3","5"
"slyfox3","3","2","5"
"SM_Sandy","4","1","5"
"smaf","2","3","5"
"small_mind","4","1","5"
"Smallmaster419","3","2","5"
"Smallpawnee","3","2","5"
"smallvov","3","2","5"
"smart_barrel","3","2","5"
"smartandsexy","3","2","5"
"SmartGuy511","2","3","5"
"smattar","3","2","5"
"smbx13","2","3","5"
"Smeagol7","2","3","5"
"smf1660","2","3","5"
"smimic","1","4","5"
"smingwal_12","3","2","5"
"smithnd92","2","3","5"
"smogee","2","3","5"
"SmoGrebe","2","3","5"
"Smogx","2","3","5"
"smorodina777","3","2","5"
"smothered_mate008","3","2","5"
"smrpt","1","4","5"
"smurfardaa","2","3","5"
"SmurfinUSA","4","1","5"
"SmurfItalianGamer","3","2","5"
"SN_1976","3","2","5"
"snafu666","3","2","5"
"SnakeSK","3","2","5"
"snaskov","3","2","5"
"Sneakybishop007","3","2","5"
"snehaHa","2","3","5"
"sngngn","2","3","5"
"snibelrider","3","2","5"
"Snig7","3","2","5"
"Sniperra","2","3","5"
"snjhndr","2","3","5"
"snow815sd","2","3","5"
"snowter","2","3","5"
"Snuffff","3","2","5"
"Snuuk","3","2","5"
"snv88","2","3","5"
"SoD5844","2","3","5"
"sodiqss123","2","3","5"
"Sofffiiik","2","3","5"
"Sofia_14062010","3","2","5"
"sofiairizam","1","4","5"
"sohrabplas","2","3","5"
"sokolski1954","1","4","5"
"sokolski72","1","4","5"
"Soltanov","3","2","5"
"somerandomusername1","2","3","5"
"sommerrhino","3","2","5"
"soo-an","3","2","5"
"SoonerTdub","3","2","5"
"sopovroma95","3","2","5"
"Soraga","3","2","5"
"sorry_bro_I_am_pro","2","3","5"
"Sosiuuu","3","2","5"
"Soslan1","3","2","5"
"sottomsottoms","2","3","5"
"Soufiya_S","2","3","5"
"SoulMundi","3","2","5"
"souloftramisu","2","3","5"
"souls_rex","3","2","5"
"sound_of_life","3","2","5"
"sousee","3","2","5"
"south_east","1","4","5"
"SOUVIK_PANDIT","3","2","5"
"Sova_v_kedah","3","2","5"
"soWeAreSame","2","3","5"
"soyaeb10","3","2","5"
"sp202parowki","1","4","5"
"SpaceNeedle","3","2","5"
"Spacerowicz","3","2","5"
"Spacextr","2","3","5"
"spanishcastlemagic","3","2","5"
"Sparazza","2","3","5"
"spartak1996","3","2","5"
"Spartan_Slipper","3","2","5"
"SpartanPine","2","3","5"
"Spaten9","1","4","5"
"SpechTechnicOfCrane","2","3","5"
"speedailment","2","3","5"
"speedster13","2","3","5"
"SPezhev","2","3","5"
"spicymaigertripe","1","4","5"
"Spinelli","3","2","5"
"SpinoCerebellum","2","3","5"
"Spisestue","3","2","5"
"spoilsport97","2","3","5"
"SpringeramRand","3","2","5"
"Springersohn","3","2","5"
"SpruceHills","3","2","5"
"spynetx","3","2","5"
"Squiddychess","3","2","5"
"SQUIDflow246","3","2","5"
"squirrelysquirrel","3","2","5"
"squishykj","3","2","5"
"srelu88","2","3","5"
"srhtbasan26","3","2","5"
"Srijayaveva","2","3","5"
"SrijonNOOB","3","2","5"
"srkaos2","2","3","5"
"srshriram","3","2","5"
"Srulloa93","2","3","5"
"ss777am","3","2","5"
"SSaBiT","3","2","5"
"SSaRma","3","2","5"
"SSayayin","2","3","5"
"SSD404","2","3","5"
"SserGo123456789","3","2","5"
"SSHolstein","3","2","5"
"sshow","3","2","5"
"ssjoshi99","2","3","5"
"ssjtrent10","3","2","5"
"ssoc930","4","1","5"
"sspandre","3","2","5"
"ssparta123","2","3","5"
"Ssstrangerrr","2","3","5"
"Stachesstitian","4","1","5"
"stAeel","2","3","5"
"stairwayto800","3","2","5"
"stalk-er","3","2","5"
"StalwartAnteater","3","2","5"
"stalyansky","2","3","5"
"stanislavce","3","2","5"
"StanLoky","2","3","5"
"StarGazer_01","2","3","5"
"starkers","3","2","5"
"StartakoverS","3","2","5"
"StarWayne-23","1","4","5"
"starypomalymuz","3","2","5"
"stasi4","2","3","5"
"stasmax","2","3","5"
"StatPanton","2","3","5"
"Stav_ros","3","2","5"
"Stavrogin90","3","2","5"
"stcurufinve","2","3","5"
"Ste-dan","2","3","5"
"Stech_77","3","2","5"
"Steel261","2","3","5"
"stefankof","3","2","5"
"stefanpet","2","3","5"
"StefFr","1","4","5"
"SteliosVakras","3","2","5"
"stelzz","3","2","5"
"Stepan0808","2","3","5"
"StepBaxk","2","3","5"
"steve_knights","2","3","5"
"steveinpursuit","3","2","5"
"stevejk","3","2","5"
"steveusa","2","3","5"
"stevomo","2","3","5"
"STFUGoofyAh","3","2","5"
"sth_went_wrong1","3","2","5"
"SthembisoVinjwa","3","2","5"
"Sthepany","3","2","5"
"sticklee","3","2","5"
"StiN_S","3","2","5"
"Stinktier","2","3","5"
"Stoloi","3","2","5"
"Stomperud91","2","3","5"
"stone_goat","2","3","5"
"stonedmason","1","4","5"
"stonertein","4","1","5"
"Stormeman100100","2","3","5"
"StormRge","2","3","5"
"STOVE9","3","2","5"
"Stradivari17","2","3","5"
"striker589","2","3","5"
"strniste","2","3","5"
"strombolironnie88","2","3","5"
"Strombus_G27","3","2","5"
"StrongestPlayer4ever","3","2","5"
"Sts_p","3","2","5"
"STS1000","2","3","5"
"stsh89","2","3","5"
"Stubh123","2","3","5"
"StubyWorm115","3","2","5"
"stucchess","3","2","5"
"StumpDunkis","3","2","5"
"Stupid1992","2","3","5"
"Sturmkronne","2","3","5"
"StylesHairy","3","2","5"
"suariswarm","3","2","5"
"subsol","2","3","5"
"SubtleDeft","3","2","5"
"Suchtl","3","2","5"
"Sudhanshu64","4","1","5"
"SUDHANVASS","1","4","5"
"Sudharshanv","2","3","5"
"Sudhirkashyap270","2","3","5"
"sudpilot","3","2","5"
"suehtam","3","2","5"
"SuEskitenYosun","2","3","5"
"sugarcube1","1","4","5"
"sugomarv","3","2","5"
"sugz1014","3","2","5"
"suhlrashee","1","4","5"
"suil3n","2","3","5"
"sukusu","2","3","5"
"sulistyoedi","2","3","5"
"Sultan_K","3","2","5"
"SultanAli787","2","3","5"
"sultansencer54","1","4","5"
"SumitaBedi","3","2","5"
"summer2013","3","2","5"
"sumvalaya","3","2","5"
"sunbirdrisen","3","2","5"
"sund03","2","3","5"
"suneel_Kumar","3","2","5"
"Sunil75","2","3","5"
"SunKing69","3","2","5"
"sunrevolt","3","2","5"
"SUPER-SECRETSPY1","2","3","5"
"SuperArto","2","3","5"
"SuperAtila","2","3","5"
"superchivos","3","2","5"
"SuperDedushka","3","2","5"
"Superhit007","3","2","5"
"superkontik","2","3","5"
"Superlim88","3","2","5"
"supernova97","3","2","5"
"supernovasky","3","2","5"
"superstar1010","2","3","5"
"SupremoUGH","2","3","5"
"Suprunarmand","3","2","5"
"surensuch","4","1","5"
"Surgeon_Daler","2","3","5"
"suriye","2","3","5"
"surrendra","3","2","5"
"Susiko","3","2","5"
"susmitdr","3","2","5"
"Susobhitdas","3","2","5"
"SusoSailor","3","2","5"
"Susunny","2","3","5"
"Suuuust","4","1","5"
"suuwaa","2","3","5"
"SV99","2","3","5"
"svajc","2","3","5"
"Sveinki2020","2","3","5"
"svendeman","2","3","5"
"SvenKaupp","2","3","5"
"svenmagnusjunior","2","3","5"
"sverresverre","3","2","5"
"Svjatoslav","3","2","5"
"SvQSlav","3","2","5"
"Svulme","1","4","5"
"Swagata10","2","3","5"
"swair","2","3","5"
"swaroopkkk","3","2","5"
"swelog","3","2","5"
"swethaswetha","2","3","5"
"Swhirl","3","2","5"
"SwiftGhost","3","2","5"
"swimmerShiva","3","2","5"
"swingkyd","3","2","5"
"swishy88","2","3","5"
"sxv","2","3","5"
"Syamshud","1","4","5"
"Sycret","2","3","5"
"syergeau","3","2","5"
"syhner","2","3","5"
"sykeng","3","2","5"
"sylis","2","3","5"
"Sylvarian","4","1","5"
"sylvinho14","3","2","5"
"Sylwekj1","3","2","5"
"Synceronix","3","2","5"
"Sysoev_DA","1","4","5"
"sysysysy","2","3","5"
"Syver_08","3","2","5"
"szbalazss","3","2","5"
"szczupak15","1","4","5"
"SzewczukBartek","2","3","5"
"szhzs","2","3","5"
"SzuloSanyi","2","3","5"
"szymanskii53","2","3","5"
"SzypkiBill","4","1","5"
"t-mack","2","3","5"
"T0RRR0","3","2","5"
"t12trazer","2","3","5"
"Tabila","3","2","5"
"Tacticwinss","2","3","5"
"tadeusznogawka","3","2","5"
"taenareus","3","2","5"
"Tafadzwasherpherd","3","2","5"
"taffy01","2","3","5"
"Tagaibekov","2","3","5"
"Taha_BAY","2","3","5"
"Tahakkuk","3","2","5"
"TahaOwlMan","2","3","5"
"taher1000","2","3","5"
"tahjers","2","3","5"
"tahrouri","2","3","5"
"taimaz_temirbekov11","2","3","5"
"taimmo","3","2","5"
"Tak_cebe_LLIaxMaTucT","4","1","5"
"TakeItGizeh","3","2","5"
"Takibox27","3","2","5"
"tal620","2","3","5"
"TALADOR","2","3","5"
"Talbooty","2","3","5"
"Talchesslegend69","3","2","5"
"Taleh111","2","3","5"
"TalehAgamaliyev","3","2","5"
"talenamel49","2","3","5"
"TALENTEDmASTER","2","3","5"
"talherolu","3","2","5"
"talip000","2","3","5"
"Tallal","3","2","5"
"TallMeasure","2","3","5"
"Talsman77","2","3","5"
"Taltribi","2","3","5"
"TameemH","3","2","5"
"Tammm","2","3","5"
"tampix","2","3","5"
"TanayAHIRE","2","3","5"
"Tanaykarmakar","3","2","5"
"tangens-47","2","3","5"
"Tanmay_karkar","3","2","5"
"tantaran","2","3","5"
"TantonT","1","4","5"
"Tanya_3122","2","3","5"
"taphjae","1","4","5"
"taras_2000","3","2","5"
"tardichess","3","2","5"
"Tarkus7","3","2","5"
"tarnegolpafpaff3","3","2","5"
"tarsemsir","3","2","5"
"tartago","3","2","5"
"Tartix","3","2","5"
"tarun_s_narayanan","1","4","5"
"tasos2000","2","3","5"
"tAsRiF10","3","2","5"
"Tatai_NN","2","3","5"
"tathirmohtadi","3","2","5"
"TatiMr97","2","3","5"
"Tato1999","2","3","5"
"tatrik3","3","2","5"
"taun0","3","2","5"
"taup74","3","2","5"
"Tawana","2","3","5"
"tawny-owl","3","2","5"
"tayk9","3","2","5"
"Tayyab_Jawad","3","2","5"
"taz_taz","2","3","5"
"TB_Kakashi","3","2","5"
"tbe1234","3","2","5"
"tbek","2","3","5"
"TBooth","3","2","5"
"tbruins82","2","3","5"
"Tch12","2","3","5"
"TCONE","3","2","5"
"teake","2","3","5"
"tearlach","2","3","5"
"TearsFearsS","3","2","5"
"teaz01","3","2","5"
"Techan14","1","4","5"
"Tecnoch","2","3","5"
"tectron","2","3","5"
"TEDDY_NOOB","2","3","5"
"TeddyBear33","3","2","5"
"teemoo7","3","2","5"
"Tefello","3","2","5"
"Teitl95","3","2","5"
"teixeiralucas","2","3","5"
"Tejash123678","1","4","5"
"telefanternativ","2","3","5"
"Telode","1","4","5"
"Tematico","2","3","5"
"tembolino","3","2","5"
"Temderr22yy","3","2","5"
"Temoi","3","2","5"
"ten_jordan","3","2","5"
"Tenabang","2","3","5"
"TennisSzabi","2","3","5"
"tenthree","3","2","5"
"Teodor_123853","2","3","5"
"teoman1606","3","2","5"
"Teomat89","3","2","5"
"Teravos","2","3","5"
"Terhyrt","3","2","5"
"Termit__2015","3","2","5"
"TermiTimon","2","3","5"
"Ternic","2","3","5"
"tersan2","2","3","5"
"tertle","2","3","5"
"Tesar7060","2","3","5"
"teteenlair","3","2","5"
"tetikso","3","2","5"
"tetiriti","2","3","5"
"Tetoka","2","3","5"
"Teymouribabak78","3","2","5"
"Th0rin","3","2","5"
"TH3FALL3N","1","4","5"
"THABANG_p","4","1","5"
"thabogumpo","2","3","5"
"Thabula","4","1","5"
"thameem080489","2","3","5"
"thamos","3","2","5"
"Thanksgiving62","2","3","5"
"thatblunderedaqueen","2","3","5"
"ThatoMoloi7","3","2","5"
"ThatThere","3","2","5"
"thaueh686","3","2","5"
"thca","2","3","5"
"THCShuuthinh33","2","3","5"
"The_Dirty_Bubble","3","2","5"
"The_Finals","2","3","5"
"the_gm_chekzmate","3","2","5"
"The_Iceberg","4","1","5"
"The_Janissary","3","2","5"
"The_Lagenda","3","2","5"
"the_last_lion1","2","3","5"
"The_Luckiest_One","2","3","5"
"The_Masterpiece_0","3","2","5"
"the_mishra","3","2","5"
"the_persian","2","3","5"
"The_Sexy_Fish","3","2","5"
"The-Beast","2","3","5"
"the-nk","2","3","5"
"the-yeti","4","1","5"
"TheAccioman","3","2","5"
"theadventofpanurge","2","3","5"
"TheAir","3","2","5"
"TheAlligator","3","2","5"
"theappletucker","2","3","5"
"thearabov","3","2","5"
"theAry","2","3","5"
"TheAsterix_One","2","3","5"
"TheBabuFrik","3","2","5"
"thebeninger39","2","3","5"
"ThebesOrnandaSunt","2","3","5"
"thebestperson123","3","2","5"
"TheBhavyaSingh","2","3","5"
"TheBlurryOne","3","2","5"
"Theboss7345","3","2","5"
"theBot","2","3","5"
"TheBulletTap","2","3","5"
"theburger","2","3","5"
"thechinaski","2","3","5"
"TheCuriousChemist","2","3","5"
"TheCwone","2","3","5"
"thedannyk","2","3","5"
"TheDannyxD","3","2","5"
"TheDarkKnight3715","3","2","5"
"thedipp47","2","3","5"
"TheDukeLuke","3","2","5"
"TheElphino","3","2","5"
"Theeoussi","2","3","5"
"TheFearChik","2","3","5"
"TheFightingMongooses","2","3","5"
"thefinger","3","2","5"
"TheGear","2","3","5"
"Thegnat","2","3","5"
"thegolyo","3","2","5"
"TheGreatMarvin","2","3","5"
"thegreattwo","3","2","5"
"TheGuest1","3","2","5"
"TheGuyThatBlunders","2","3","5"
"theguywhoneversleeps","2","3","5"
"TheJaySecond","3","2","5"
"TheJeebers","2","3","5"
"TheKarrier","3","2","5"
"thekidnextdoor","2","3","5"
"TheKion","2","3","5"
"thekkid","3","2","5"
"Thelegendkiller2-0","2","3","5"
"themanwithaplan","3","2","5"
"TheMooseHeed","3","2","5"
"Themoul","3","2","5"
"theNabh","2","3","5"
"TheNajdorfExpert","2","3","5"
"thenameisclark","3","2","5"
"TheNicho","3","2","5"
"thennu_muttai_boy","3","2","5"
"Theo2015_MD","3","2","5"
"TheOgOgOg","2","3","5"
"theotherusername","2","3","5"
"ThePiedLeaf","3","2","5"
"THEPRO16312","2","3","5"
"theprof92","1","4","5"
"theprophet2","4","1","5"
"ThePuB","3","2","5"
"ThePurpleOneTPO","3","2","5"
"therandomrandom","2","3","5"
"TheRealBoergie","4","1","5"
"Therewasatigernamed","2","3","5"
"ThersVV","3","2","5"
"thesafa","2","3","5"
"TheSage700","2","3","5"
"thesongofabard","2","3","5"
"Thestupid1","2","3","5"
"theta_moon","4","1","5"
"TheTearOfHell","3","2","5"
"TheTowerofLondon90","3","2","5"
"theunknown157","2","3","5"
"thevoid119","2","3","5"
"thewa","3","2","5"
"thewatch007","1","4","5"
"TheWeirdAntivist","2","3","5"
"TheWolfAmongUs","1","4","5"
"TheZorba","3","2","5"
"Thibang-Thibang","3","2","5"
"ThiFry","3","2","5"
"thimc","3","2","5"
"Thimokracy","3","2","5"
"ThinusMatt","1","4","5"
"thirsch7","3","2","5"
"thirst_crusherr","2","3","5"
"Thiru_arasu","3","2","5"
"thiru99123","2","3","5"
"thirupathi2015","3","2","5"
"Thisissofkdup","3","2","5"
"thithikshagowri","3","2","5"
"ThomasHiarcs","3","2","5"
"thomasimionato","2","3","5"
"ThomasSteinhauser","3","2","5"
"Thomaster22","2","3","5"
"thonguyen","3","2","5"
"thoov","3","2","5"
"thouvou","3","2","5"
"thowens","3","2","5"
"THRIDEV","2","3","5"
"Thuhaitt1","3","2","5"
"ThunderKing_7","2","3","5"
"ThunderLeon","2","3","5"
"Thundermaster29","3","2","5"
"ThurstonBay","3","2","5"
"Thylastpenguin","3","2","5"
"ti1er_d","3","2","5"
"TIANYU_4B","3","2","5"
"TibiGi","2","3","5"
"tidoche","2","3","5"
"TIFOEL","3","2","5"
"Tiger_0007","2","3","5"
"Tiger4321","3","2","5"
"tigersonu","3","2","5"
"tigor68","2","3","5"
"Tigr_King","3","2","5"
"Tigr111","3","2","5"
"Tigran222272","2","3","5"
"tigrannthegreat","3","2","5"
"Tikette","2","3","5"
"tikitakatoko","3","2","5"
"Tikky30","2","3","5"
"tille351","3","2","5"
"TiltedDonkey","3","2","5"
"tim1401","2","3","5"
"tim246484","2","3","5"
"Tima_Chess2012","3","2","5"
"timbez","2","3","5"
"Timboc2","2","3","5"
"Time_To_Relax","3","2","5"
"TimHil","2","3","5"
"timman82","2","3","5"
"TimofeyPetrov","2","3","5"
"TimofeyZaitsev","2","3","5"
"TiMon1040","2","3","5"
"Timothyvh","3","2","5"
"timour11","1","4","5"
"Timski100","3","2","5"
"TimSlier","2","3","5"
"TimTim09","2","3","5"
"TimTomate","3","2","5"
"TimurAbdulkerimov77","2","3","5"
"TimurPilipenko","3","2","5"
"TimurZZZ","2","3","5"
"tindo23","3","2","5"
"tinhyeudenroivoidi","3","2","5"
"Tinoe91","3","2","5"
"TINOUSSE_ALEX","2","3","5"
"tintin404","2","3","5"
"tiptop912","3","2","5"
"tiredwill","2","3","5"
"Tirthbest","2","3","5"
"Tirthesh","2","3","5"
"tis06","2","3","5"
"Tisic0","2","3","5"
"tissueman","3","2","5"
"TITAN_00","3","2","5"
"TitouanP","4","1","5"
"Tiz3r","3","2","5"
"TizziQ","2","3","5"
"TjappMatt","2","3","5"
"Tjark21","2","3","5"
"tjnotico","2","3","5"
"TK_LEGEND","4","1","5"
"tkaczu","2","3","5"
"TKPIW","4","1","5"
"tlpyvz","3","2","5"
"tmaxat","2","3","5"
"TMK_vk","2","3","5"
"TMS16","3","2","5"
"tncndd","3","2","5"
"TNpewpew","2","3","5"
"To4stedBread","3","2","5"
"Tob3y","3","2","5"
"tobchem","2","3","5"
"TobiasFarias","2","3","5"
"TobiKnobi","2","3","5"
"tobitoselmascapito","3","2","5"
"Tobstar16","2","3","5"
"tocker","3","2","5"
"Toddopuli","2","3","5"
"tofoto","2","3","5"
"Togrul049","2","3","5"
"Toiasfis","3","2","5"
"Toilet-Paper","3","2","5"
"toj","3","2","5"
"tojan_knight","2","3","5"
"tolis33","2","3","5"
"tolivestofly","2","3","5"
"tollie_rowlands09","2","3","5"
"TolmaevHanin","3","2","5"
"tolozadouglas53","2","3","5"
"Tom_Riddle1307","2","3","5"
"tom_the_ultimate_cat","3","2","5"
"Tom0hawk","3","2","5"
"tom1975m","2","3","5"
"Tomas_ep22","3","2","5"
"tomasbelis","2","3","5"
"tomasshelby17","4","1","5"
"Tomatoman","2","3","5"
"Tombliboo","3","2","5"
"tomdoeschess","2","3","5"
"Tomek_ABC","4","1","5"
"Tomgol1274","2","3","5"
"tomjw64","2","3","5"
"Tommalieh32","2","3","5"
"Tommy7373","2","3","5"
"TommyA990011","3","2","5"
"tommyVL0","3","2","5"
"TomPiv","2","3","5"
"TomRoyal","2","3","5"
"Tomy1971","3","2","5"
"tomyquesoo","2","3","5"
"Tondo_king16","2","3","5"
"TonikMatveev","2","3","5"
"toniverdugo","3","2","5"
"Tonsall","2","3","5"
"Tontantoni","2","3","5"
"Tony_Bones","3","2","5"
"Tony10sopranos14","4","1","5"
"TonyBrando","2","3","5"
"tonygrigory","2","3","5"
"TonyLeTiger","3","2","5"
"tonylewisham","3","2","5"
"tonylll","3","2","5"
"tonyu","4","1","5"
"tonyxfour","3","2","5"
"TooTal4U","2","3","5"
"Top_Shelf","2","3","5"
"TopadoraBae","4","1","5"
"Topo23","2","3","5"
"TOPTNapoleon","2","3","5"
"Torbjolar","2","3","5"
"torchfire","3","2","5"
"torchfire19","2","3","5"
"torezhan07","3","2","5"
"Torminator","3","2","5"
"tornado_country","3","2","5"
"TorreGorda","3","2","5"
"torridesttube69","3","2","5"
"Tort3","1","4","5"
"Torwaschtl","4","1","5"
"tosCanerT","2","3","5"
"Toshimada","3","2","5"
"Tosiki","4","1","5"
"tosko44","3","2","5"
"TOSSUTTI","3","2","5"
"TotSamiyGrossmeyster","2","3","5"
"totu","1","4","5"
"TournamentZamen","2","3","5"
"Toutipiloup","2","3","5"
"TozzBax","4","1","5"
"Tozzy","3","2","5"
"tprodanov","3","2","5"
"TR0b100100ML","2","3","5"
"tr1pst0rm","3","2","5"
"tr3b4","3","2","5"
"trabanton","2","3","5"
"Trader9703","3","2","5"
"Trainieren","2","3","5"
"training66","3","2","5"
"TrainingAccount3000","3","2","5"
"traktorista85","2","3","5"
"trampusia","3","2","5"
"tranxt","3","2","5"
"traplady_beats","3","2","5"
"TrappedPawn","2","3","5"
"Trauriges_Tost","2","3","5"
"Trautsj","2","3","5"
"trcviolinista","3","2","5"
"trends111","2","3","5"
"trequry","3","2","5"
"TRexDeMonoculo","2","3","5"
"trialalo2023","3","2","5"
"triangularpi","3","2","5"
"Tricerapops","3","2","5"
"Tricky76","3","2","5"
"trickyknights101","3","2","5"
"trifunovic67","2","3","5"
"Trillionaire667m","1","4","5"
"Triolia","2","3","5"
"triozi","4","1","5"
"Tripplexxx","3","2","5"
"TristanAur","3","2","5"
"tritonchess93","3","2","5"
"triztan14","2","3","5"
"trkftw74","2","3","5"
"Trmate","3","2","5"
"trmittal24","3","2","5"
"TrntJhnstn","2","3","5"
"Tron-X","3","2","5"
"Troper","3","2","5"
"TrotskyitePawn","3","2","5"
"Trouetty","2","3","5"
"trsnashlie","3","2","5"
"trubeglana","2","3","5"
"trueFalse0","3","2","5"
"trukm4n","3","2","5"
"Trukutru","3","2","5"
"Trupu","2","3","5"
"trutrugs","3","2","5"
"Try_Hard_2V","3","2","5"
"Try_my_1100_rate","1","4","5"
"trykimyki","2","3","5"
"TsarskoSelo","3","2","5"
"tsaspsasns","2","3","5"
"Tselle","3","2","5"
"tso123","2","3","5"
"Ttim990","3","2","5"
"ttk-gaver","3","2","5"
"ttwigg","2","3","5"
"ttwigo","3","2","5"
"TubaArslan","3","2","5"
"tuben89","3","2","5"
"tuc_z","2","3","5"
"TufanCakir","1","4","5"
"tugbaykul","2","3","5"
"Tullock","2","3","5"
"tumachimbre","3","2","5"
"Tunjic1994","2","3","5"
"tunturipoelloe","2","3","5"
"Tupadresoyyo69","3","2","5"
"tupeteetupetejunior","3","2","5"
"tuprofedeajedrez","3","2","5"
"Turamatsu","1","4","5"
"turb0chad","3","2","5"
"turdiyev-tolqin02014","3","2","5"
"Turkeve","2","3","5"
"Turkimp","2","3","5"
"Turm_Hanks","2","3","5"
"Turrgut","3","2","5"
"Tutasov","3","2","5"
"tutturuu_u","3","2","5"
"tvarina_bleat","2","3","5"
"tvwright","2","3","5"
"twikix","2","3","5"
"twistedknight","4","1","5"
"twoTurtle021","3","2","5"
"txebyshev","3","2","5"
"Tyboss35","2","3","5"
"tyfi","3","2","5"
"tygrv_shlype1","2","3","5"
"tyhard","3","2","5"
"Tylemaker","3","2","5"
"TylerLin","4","1","5"
"tylermilner","3","2","5"
"TylerP1K","3","2","5"
"Tymon_Z_Fliuntu","2","3","5"
"typabeka","3","2","5"
"Tyrant-I","4","1","5"
"tyrdy2","2","3","5"
"Tyson1985","2","3","5"
"Tysonkenosi19","2","3","5"
"TyT_Ty4ka","1","4","5"
"tzitzifiesgang","3","2","5"
"Tzklkn","3","2","5"
"U025099","2","3","5"
"u1802514","1","4","5"
"U2RealChess","2","3","5"
"UAnil1990","2","3","5"
"uaydgn2","2","3","5"
"UbbosBrett","2","3","5"
"ubcit","3","2","5"
"ubeeg5985","3","2","5"
"ubufux","2","3","5"
"Ucanbeyazfil","3","2","5"
"UCEMA_Duarte","3","2","5"
"ucheoge","3","2","5"
"uday1976","3","2","5"
"Udi_iz_here","3","2","5"
"Udit1999","2","3","5"
"udroiumarian","2","3","5"
"Ufan","1","4","5"
"ufu_slab_bocha_slaba","3","2","5"
"ufukgun","3","2","5"
"Ugly83","3","2","5"
"UiBii","3","2","5"
"ujima24","2","3","5"
"ukcolumnnews","3","2","5"
"ukhaqan11","3","2","5"
"Ukko_Kalmisto","3","2","5"
"Uklon","3","2","5"
"UKschach","4","1","5"
"Ulises-845-XD","3","2","5"
"Uljanovsk73","2","3","5"
"Ulovo","2","3","5"
"ultrazor","2","3","5"
"uluthrek713","2","3","5"
"Ulviulvi","2","3","5"
"Ulzina","1","4","5"
"umami_clown","2","3","5"
"Umar101","3","2","5"
"UmbongoRich","2","3","5"
"umesh1374","2","3","5"
"Umeth2009","3","2","5"
"umit66","3","2","5"
"umitbncc","2","3","5"
"umopapisdn","2","3","5"
"Umurzakov2001","2","3","5"
"umutaydar1","2","3","5"
"un_noob_XD","3","2","5"
"unc1etony","1","4","5"
"Uncharter","3","2","5"
"uncINKODES","2","3","5"
"UNDER_WORLD","3","2","5"
"Undercoverchessagent","2","3","5"
"Underwood_64","3","2","5"
"unidadreyneza","3","2","5"
"Uniqueeebot","4","1","5"
"uniquguy","1","4","5"
"Unireprus","3","2","5"
"UnIronical","2","3","5"
"universalen12","3","2","5"
"unknown3442","4","1","5"
"Unknownhuman0","3","2","5"
"UNLOSTx","3","2","5"
"unnamedjawn","2","3","5"
"unot0308","2","3","5"
"Unstoppable_123","2","3","5"
"Untegrator","3","2","5"
"uomobirra","2","3","5"
"Upcomingndoviegift","3","2","5"
"UpLong99","3","2","5"
"UraArs","1","4","5"
"Urazyel","2","3","5"
"Urbanmanu","3","2","5"
"Uri92","3","2","5"
"UrimAsanoski","3","2","5"
"Urochess","3","2","5"
"urosrasovic","2","3","5"
"Usain1972","3","2","5"
"USATHolmes","1","4","5"
"Usdeurotl","2","3","5"
"usernamezcz","3","2","5"
"userunknow","3","2","5"
"UshakovK14","3","2","5"
"Ushtar","3","2","5"
"usohail","2","3","5"
"Uspunith","2","3","5"
"Usseaux","2","3","5"
"UTHRED97","2","3","5"
"utkarshvaish9919","3","2","5"
"utkuR","3","2","5"
"uu_609_uu","2","3","5"
"uuuuups","2","3","5"
"uuuweee","2","3","5"
"Uuyt","2","3","5"
"UvaGames","3","2","5"
"uyuu","2","3","5"
"Uzumaki89","2","3","5"
"V_peaches","2","3","5"
"V1renderSingh","4","1","5"
"v33ndetta01","3","2","5"
"vaagdevi2015","2","3","5"
"Vaalouu","3","2","5"
"Vacadestino","3","2","5"
"vacosaurio","3","2","5"
"vad1m83","2","3","5"
"Vadim_Galickov","2","3","5"
"Vadim61","3","2","5"
"VadimBashynskiy","3","2","5"
"VadimMartish","1","4","5"
"Vaeterchenfrust","3","2","5"
"vagalume65","3","2","5"
"vaggelisdrak","3","2","5"
"vahdetkalkan","2","3","5"
"vahid94","1","4","5"
"vahidp9","3","2","5"
"vaieder","3","2","5"
"Vaiji65","2","3","5"
"vakila","2","3","5"
"val4242","3","2","5"
"ValdemarNikolai","4","1","5"
"Valefary","2","3","5"
"Valeks03","3","2","5"
"valenti23","2","3","5"
"Valera-17","2","3","5"
"Valeria2011t","2","3","5"
"Valerio_Bargeze","3","2","5"
"valig","3","2","5"
"Valkoi","2","3","5"
"Vallada","2","3","5"
"vallejosasconaupc","2","3","5"
"valliskater","2","3","5"
"ValusKirill2012","2","3","5"
"VamosPorMas","2","3","5"
"VampaDevil","2","3","5"
"vampir2008","2","3","5"
"vamsiogl1","2","3","5"
"vamsssiii","3","2","5"
"Van_Zander","2","3","5"
"VanDamn","3","2","5"
"Vandan_ochir","2","3","5"
"Vanpelt36","2","3","5"
"vanraj7","2","3","5"
"Vanres","2","3","5"
"vantorium","2","3","5"
"VaranTavers","2","3","5"
"Vardges19661","3","2","5"
"Varshil10","2","3","5"
"Vartabed","1","4","5"
"Varunnub","3","2","5"
"VarvarinBG","2","3","5"
"vasgano","3","2","5"
"VasilCrimea","2","3","5"
"VasilevAlexey","3","2","5"
"Vasiliygal","2","3","5"
"Vasipolo","2","3","5"
"Vaska88","3","2","5"
"vassilis18","2","3","5"
"Vasteri","2","3","5"
"vatoz48","2","3","5"
"Vatsalya18","3","2","5"
"vballoli","2","3","5"
"vburdukov68","2","3","5"
"VCan","2","3","5"
"vcarlosv","2","3","5"
"vdm838","3","2","5"
"vdugu","2","3","5"
"veagirliyukondul34","2","3","5"
"VedaantS","1","4","5"
"vedantdiwan","3","2","5"
"veelvraat","2","3","5"
"veer_007","2","3","5"
"veera1234567","2","3","5"
"veganjupiter","3","2","5"
"Vek24","4","1","5"
"Velicije","3","2","5"
"velikii_kombinator","3","2","5"
"velikiypoet","3","2","5"
"vellapanni","2","3","5"
"Velldyne","3","2","5"
"Veluiii","2","3","5"
"venenito57","3","2","5"
"vengedeswara","2","3","5"
"Venkat_g","4","1","5"
"venus0621","2","3","5"
"verazo","3","2","5"
"verfranzt","3","2","5"
"VergelBaguio86","3","2","5"
"vermarakesh887","3","2","5"
"vernashen","2","3","5"
"verniedeck","3","2","5"
"Verocri","3","2","5"
"Vert1k","3","2","5"
"Verticalis","2","3","5"
"vertigo_97","3","2","5"
"Vesanico261420","2","3","5"
"Vesare","3","2","5"
"Veseliy_pingvin","4","1","5"
"vestibules1600","3","2","5"
"Veterok77","2","3","5"
"vezarus","2","3","5"
"VezirSikici31","2","3","5"
"VfB_Stuttgart","2","3","5"
"vfitzek","2","3","5"
"vgyygv","2","3","5"
"VHMMIX1","3","2","5"
"viatad","3","2","5"
"VibrantPoodle","3","2","5"
"vicentesl3","2","3","5"
"vichesss","2","3","5"
"Vicknesh126","4","1","5"
"vicky12575588555","3","2","5"
"viclall","2","3","5"
"victhor55","2","3","5"
"Victor-Lustig","2","3","5"
"victorchartres","2","3","5"
"vicvh","3","2","5"
"Vida22","3","2","5"
"vieveksgamer","2","3","5"
"vigencher","3","2","5"
"Viggorf","2","3","5"
"VihaanKV","3","2","5"
"Viiiiijay","3","2","5"
"Vijay58322","3","2","5"
"Vijaykmr24","3","2","5"
"VikingCagan","2","3","5"
"VikingMosquito","2","3","5"
"vikingtechnology","3","2","5"
"vikramsomesh","4","1","5"
"vikter60","3","2","5"
"viktheviking","3","2","5"
"viktor9305","2","3","5"
"ViktorD","2","3","5"
"ViktorFa","3","2","5"
"viktosvid","2","3","5"
"viKUSik_58","3","2","5"
"Viliamasi","2","3","5"
"vin11123","3","2","5"
"Vinandrey","2","3","5"
"vinayakvtg","4","1","5"
"vincent-chess","2","3","5"
"vincentbossman","2","3","5"
"vINCENTnbs","3","2","5"
"Vincslgyn","2","3","5"
"vinif1","2","3","5"
"ViniIkeda","2","3","5"
"Vinkyy","2","3","5"
"Vinny_Power","3","2","5"
"vinokurov","2","3","5"
"Vinothh","2","3","5"
"vinz960","1","4","5"
"Vinzheit","3","2","5"
"vinzoz","3","2","5"
"Vipercomeback","1","4","5"
"VipinVolvo","3","2","5"
"Virgilio_Lopez","1","4","5"
"virgopower","2","3","5"
"virt16","2","3","5"
"virus002","3","2","5"
"vishal1998","2","3","5"
"Vishnu1611","3","2","5"
"vishnu493","3","2","5"
"vishnu700","3","2","5"
"vismitha","2","3","5"
"visree","3","2","5"
"visualdoj","3","2","5"
"Vita800","4","1","5"
"Vitaliy-Fedorov","2","3","5"
"vitekluk","3","2","5"
"Vitello_54","2","3","5"
"Viticco","2","3","5"
"Vitmel372","2","3","5"
"vitnes74","2","3","5"
"VitoNdjeng","3","2","5"
"viva_nov","3","2","5"
"vivaogaitaco","3","2","5"
"VivaPeron17","3","2","5"
"Vivek_04","2","3","5"
"vivek_biotech","3","2","5"
"VivekNT","2","3","5"
"Vizi775","2","3","5"
"VjLuno","3","2","5"
"VKfan2022","2","3","5"
"VKUTS","2","3","5"
"vlad_dm93","2","3","5"
"Vlad-i-mir","3","2","5"
"vlad0014","2","3","5"
"VLAD010115","3","2","5"
"vladeksolander","2","3","5"
"Vlademiro","1","4","5"
"Vladimirbobrov","4","1","5"
"VladimirBuev","3","2","5"
"VladimirNikitinsky69","3","2","5"
"vle95","2","3","5"
"VMartens","2","3","5"
"vnotch","3","2","5"
"vociferous","2","3","5"
"Voices7","2","3","5"
"VoinG","3","2","5"
"vojfar","2","3","5"
"voleurdutemps","3","2","5"
"volkan61","1","4","5"
"Volkanov","3","2","5"
"volleyboysda","3","2","5"
"volodyakindra","2","3","5"
"Volodymyr1","3","2","5"
"VoLTaiiRe","3","2","5"
"Von_Ungern","1","4","5"
"VonbatenBach","3","2","5"
"VonBlue","2","3","5"
"Voron33","3","2","5"
"Voronka18","2","3","5"
"vorpe","2","3","5"
"VovA543","3","2","5"
"vovasev","3","2","5"
"vovauroio","4","1","5"
"Voyager31","2","3","5"
"VR_Excellent","3","2","5"
"vratajin","1","4","5"
"Vriareus","3","2","5"
"vrishakapih","3","2","5"
"Vrishan","2","3","5"
"vrmx_15","3","2","5"
"vsegda-zloi","2","3","5"
"Vsevolod-64","3","2","5"
"vstrider","2","3","5"
"Vukaj","3","2","5"
"VulpoderTrinker","3","2","5"
"vuqluskr","3","2","5"
"Vurlak","2","3","5"
"vvhshjds","2","3","5"
"VVL123","2","3","5"
"vvshyju","3","2","5"
"Vysakh_AR","4","1","5"
"W_Markus","2","3","5"
"W_P","3","2","5"
"W128578WW","2","3","5"
"w1NFlam3","3","2","5"
"waael111omr","3","2","5"
"Waidelich","2","3","5"
"Waldemar1991","2","3","5"
"Waldlaubersheim","3","2","5"
"Waleria16","2","3","5"
"walkinghardt","3","2","5"
"Walkringen","3","2","5"
"wallabie5","2","3","5"
"wallyrivera","2","3","5"
"Walter8787","2","3","5"
"WalterBishop","3","2","5"
"Walternatif","3","2","5"
"Wan1966derer25","1","4","5"
"WanderingFool","2","3","5"
"wandujar24","2","3","5"
"waoijh2394","3","2","5"
"wapple","3","2","5"
"Wapulo","2","3","5"
"Warcrimminal","3","2","5"
"ward101","3","2","5"
"Warlocking","3","2","5"
"warrenjjjj","2","3","5"
"warrik2","2","3","5"
"warrus","3","2","5"
"wasseem96mahmoud","2","3","5"
"Wasted8","3","2","5"
"Water_boy","2","3","5"
"WayTo2000","2","3","5"
"wazir1544","2","3","5"
"WC80JetsRock","3","2","5"
"weakandslooooowww","2","3","5"
"wearegenoa","3","2","5"
"weareRobin","2","3","5"
"Wedinzon","3","2","5"
"weeeek","2","3","5"
"Weeeka","3","2","5"
"weekif","2","3","5"
"Weissdorn-champ","2","3","5"
"WeissIchNicht2","1","4","5"
"Weours","2","3","5"
"Werderfan1984","2","3","5"
"WeRideAtPawn","3","2","5"
"Wermilius","2","3","5"
"wernerxp","3","2","5"
"wersean","4","1","5"
"wesleydcv","3","2","5"
"Westgar","2","3","5"
"Wh0lesum","3","2","5"
"Whaaale","2","3","5"
"whapp9","3","2","5"
"Whasup2108","3","2","5"
"whereswoody","2","3","5"
"whipintosh","3","2","5"
"Whiskyman","3","2","5"
"White-Raven","2","3","5"
"whitecluster","2","3","5"
"whitegambit","2","3","5"
"WhiteMustache","3","2","5"
"whitescxred","2","3","5"
"WhitneyLampkin","3","2","5"
"whoispanda","2","3","5"
"whoogel","1","4","5"
"whwins","3","2","5"
"WhyAmISoAlerted","3","2","5"
"Whyred","1","4","5"
"Width","2","3","5"
"WiesoLeben","3","2","5"
"wifk","2","3","5"
"wijii19","2","3","5"
"wild_eyes","3","2","5"
"Wild1597","3","2","5"
"WildCactus","3","2","5"
"WildfireCD","3","2","5"
"Wildra","2","3","5"
"wilhopuk","2","3","5"
"Will-DefencePrime","3","2","5"
"WillemBever","1","4","5"
"WillGriggsOnFire","3","2","5"
"WilliamJamesClift","3","2","5"
"WilliamSBorroughs","4","1","5"
"williantl","2","3","5"
"willierel","2","3","5"
"willpivotal","2","3","5"
"willykludas","3","2","5"
"WillyWombats","3","2","5"
"Willzzze","2","3","5"
"wilyc","2","3","5"
"WINcenzo","3","2","5"
"windblowseverywhere","3","2","5"
"winebrand","3","2","5"
"winesurfer","3","2","5"
"Winkel42","2","3","5"
"winningd4","2","3","5"
"Winston__Smith","2","3","5"
"WinstonsGambit","2","3","5"
"wirytheory","3","2","5"
"Wisetard","2","3","5"
"WitericoG","2","3","5"
"WittgensteinsNeffe","2","3","5"
"Wiwautla","3","2","5"
"wizardville","2","3","5"
"wobin","3","2","5"
"wodwodwod","3","2","5"
"Wojtek772","1","4","5"
"wolffs","2","3","5"
"Wolfo","3","2","5"
"WollongongChess","2","3","5"
"Wolpertinger8","3","2","5"
"Woltan","2","3","5"
"wolves606","2","3","5"
"Woodduck96","2","3","5"
"woodhy","2","3","5"
"woodyshaw","3","2","5"
"woofanimals","2","3","5"
"Woolf_tamer","3","2","5"
"WoolyWonker","2","3","5"
"WooWooo","2","3","5"
"wopi301","2","3","5"
"wordedalmond27","3","2","5"
"WorkingHigh","1","4","5"
"worstplayerever99","2","3","5"
"wreflect","2","3","5"
"Writestuff","3","2","5"
"WRoberts","2","3","5"
"ws_light","3","2","5"
"wshx03","3","2","5"
"WSlagter","1","4","5"
"wtfurk","3","2","5"
"wuj_janiu","3","2","5"
"wukasap","2","3","5"
"WW_David","3","2","5"
"wwjacobd","3","2","5"
"wzc2000","2","3","5"
"X_ROMAN17","3","2","5"
"x_see","3","2","5"
"x-MrChess-x","3","2","5"
"X1OLE","3","2","5"
"Xadrezistaforte","2","3","5"
"xagep17499","2","3","5"
"xanAleks","3","2","5"
"Xanar","3","2","5"
"Xande16","2","3","5"
"XanderC","3","2","5"
"XandrOne","2","3","5"
"Xanian123","2","3","5"
"XaninhaNegra","2","3","5"
"xarge","4","1","5"
"xavilleida15","2","3","5"
"xavriley","2","3","5"
"XayZay","3","2","5"
"XCastiell","2","3","5"
"Xcj2011","2","3","5"
"Xemi_one","3","2","5"
"Xenon7","2","3","5"
"Xenotoxin","3","2","5"
"xeque-Mate-1996","2","3","5"
"xerkx1","1","4","5"
"Xeroxman","3","2","5"
"xFFFF","2","3","5"
"xfour2","2","3","5"
"xiaoxiangzi","2","3","5"
"Xilamblade","2","3","5"
"Xileen","2","3","5"
"ximons","3","2","5"
"XIOK","4","1","5"
"XipiroV","2","3","5"
"Xirlux99","2","3","5"
"XJ36t3rd","3","2","5"
"xJxSTORM","2","3","5"
"xligoc00","3","2","5"
"xmenace","3","2","5"
"xMidNightz","3","2","5"
"Xocratez","3","2","5"
"Xogador","2","3","5"
"XolodoffT","2","3","5"
"xolop","2","3","5"
"Xomakasi","3","2","5"
"xomidov1980","2","3","5"
"xPhytus143","3","2","5"
"xpzu","3","2","5"
"xrawl","2","3","5"
"xSauz","3","2","5"
"xslazerx","3","2","5"
"XtopeX","2","3","5"
"Xtreme0321","2","3","5"
"Xudoynazarov","3","2","5"
"XuluA012","3","2","5"
"xwle","2","3","5"
"xx_ranker_xx1234","2","3","5"
"xxaby","1","4","5"
"xxAmarilloxx","3","2","5"
"xXBadAtChessXx","3","2","5"
"xxjuanxxx","3","2","5"
"XxLeviChessxX","3","2","5"
"xxpczxx","2","3","5"
"xXxprout420xXx","3","2","5"
"xxxsame","2","3","5"
"xxyoloscoperxx","2","3","5"
"xyxhxhx","2","3","5"
"XYZ987654XYZ","3","2","5"
"Y01yogendra","3","2","5"
"y404rr","2","3","5"
"ya_patriot1","3","2","5"
"yae4","3","2","5"
"YagizEfeG","4","1","5"
"yagizozturk","2","3","5"
"yagizyagmur","1","4","5"
"yagons","3","2","5"
"Yagura097","3","2","5"
"YahirSalgado3","3","2","5"
"YAKIMOV_PAVEL1","3","2","5"
"yakobi7","3","2","5"
"Yakoobs","3","2","5"
"yakov18","2","3","5"
"Yalovega","2","3","5"
"YaltaStark","3","2","5"
"yamarauder","3","2","5"
"Yamil258","2","3","5"
"YamilYnoub","2","3","5"
"YamiNoSenshi","3","2","5"
"yandeZ","3","2","5"
"YannRG","2","3","5"
"YanovichYan","3","2","5"
"Yaratici103","2","3","5"
"YarikYalta","2","3","5"
"Yaroslav1301","3","2","5"
"YaroslavGrigorev","2","3","5"
"YaroslavMat","2","3","5"
"YarrYarr","3","2","5"
"Yasar45","2","3","5"
"YaserMohamadi","2","3","5"
"yashalva","2","3","5"
"Yashanurag1","3","2","5"
"Yashart1379","2","3","5"
"YashaVosn","3","2","5"
"Yashh_2","3","2","5"
"yashthekid","2","3","5"
"yasin111","2","3","5"
"yasirhani","3","2","5"
"yassinxyz","2","3","5"
"Yazid88","3","2","5"
"Ybalogs","2","3","5"
"Ybeyza","2","3","5"
"Ychenik_Artyoma","2","3","5"
"ycitm","1","4","5"
"yculevoli","2","3","5"
"ydtlbwjd","3","2","5"
"Yehfy","3","2","5"
"yellowmamba","2","3","5"
"yemre492","2","3","5"
"yemre61611","3","2","5"
"yeozbay","2","3","5"
"yeren03","2","3","5"
"Yery","2","3","5"
"Yeshwanthveluri","2","3","5"
"yesIlikeorangejuice","2","3","5"
"yetkinburock","2","3","5"
"Yeudy","3","2","5"
"YFKilli","3","2","5"
"ygguJ","2","3","5"
"ygj","3","2","5"
"ygt868","3","2","5"
"yh_0o7","2","3","5"
"yhete","2","3","5"
"Yhoander92","3","2","5"
"yigit3344","3","2","5"
"yigitali_1","3","2","5"
"yingleiQu","2","3","5"
"yirmibir","3","2","5"
"yisusmac","2","3","5"
"YjlblBka","4","1","5"
"Yjogon","2","3","5"
"YKTAS","3","2","5"
"ylmz-a16","1","4","5"
"Ylmz70","3","2","5"
"YLVC","2","3","5"
"ym_hiko","2","3","5"
"ynikum","2","3","5"
"Yns1156","2","3","5"
"yo7re","3","2","5"
"yodhaa","2","3","5"
"YoelRV","3","2","5"
"yogeshwadgave","3","2","5"
"Yoisbel","2","3","5"
"yokiko20","2","3","5"
"yoloswagga","2","3","5"
"yometamorphosis","2","3","5"
"YonLur","2","3","5"
"Yorick18","3","2","5"
"yossef1111","2","3","5"
"yotobia2020","2","3","5"
"youliftmyrook69","4","1","5"
"younes_g","2","3","5"
"younes1117","3","2","5"
"YounG_C4ess_Player","3","2","5"
"youngMagnusCaulsen","2","3","5"
"your_end_is_here","3","2","5"
"your4thdad","3","2","5"
"YourHades","2","3","5"
"YouWillPerform","2","3","5"
"YoVi2020","2","3","5"
"Yoweri15","3","2","5"
"yoyomasterz","3","2","5"
"Yribris","3","2","5"
"YriyBoyko777","3","2","5"
"ytuhtuh","3","2","5"
"yugKamalKhiani","3","2","5"
"YukonCornelius","3","2","5"
"yuleisyh","3","2","5"
"yuliantitj","2","3","5"
"yumyum1000","3","2","5"
"Yunuscan17","3","2","5"
"Yupori","3","2","5"
"yuralukashik","2","3","5"
"Yurapixterev","3","2","5"
"yuri96nikov","4","1","5"
"YuriSaltorato","2","3","5"
"Yuriy_sakh","3","2","5"
"YuriyNotBoyka","2","3","5"
"YURTSEVER21","2","3","5"
"yurzav","2","3","5"
"yusufbey10","3","2","5"
"Yusuffer","3","2","5"
"YusufKoylu","4","1","5"
"yutikriti","2","3","5"
"YutingCui","4","1","5"
"yuutin","3","2","5"
"yuvalz","3","2","5"
"yuzbesbayhan","2","3","5"
"ywb2","2","3","5"
"Z_arif","2","3","5"
"Z_Mask","3","2","5"
"z0","2","3","5"
"Z1gor","2","3","5"
"z3tr66","2","3","5"
"zaca2001","3","2","5"
"Zacaset120","1","4","5"
"ZacharyGN","2","3","5"
"zachpepsin","2","3","5"
"zackec","3","2","5"
"Zackian","2","3","5"
"zafirabd","2","3","5"
"zagarrsyd7","3","2","5"
"zagiyu","3","2","5"
"zahdi77","2","3","5"
"Zahed007","2","3","5"
"zahedt","1","4","5"
"Zaid_Alrubaye","2","3","5"
"Zaid89ch","1","4","5"
"ZAKI_39","2","3","5"
"zalepilo","3","2","5"
"zalim666","2","3","5"
"zammil_16","2","3","5"
"ZanderE","2","3","5"
"ZAndrei","3","2","5"
"zankhan12","3","2","5"
"zaozerskii","4","1","5"
"Zapata79","2","3","5"
"ZaphodUK","3","2","5"
"Zappa68","3","2","5"
"zarateM","2","3","5"
"zarkot1984","3","2","5"
"zarph","3","2","5"
"Zart_Arn","3","2","5"
"Zartal","3","2","5"
"ZATARA81","4","1","5"
"zaur_aliyev","2","3","5"
"Zawake","3","2","5"
"zazu_mofisa","3","2","5"
"zbzz","3","2","5"
"zdenekjezek","4","1","5"
"zdepa22","3","2","5"
"Ze_uS","1","4","5"
"zeb2017","3","2","5"
"ZebraMAN64","3","2","5"
"Zed2601","3","2","5"
"Zeddy_777","3","2","5"
"zedoloman","2","3","5"
"Zeekza","2","3","5"
"zefanyaadityasa","2","3","5"
"Zeffix","3","2","5"
"zeigmata","2","3","5"
"zeks20","2","3","5"
"zekuka","3","2","5"
"zemogibax","3","2","5"
"zenekzelei","3","2","5"
"Zenuxfr","2","3","5"
"zepatrola","3","2","5"
"ZerFea","2","3","5"
"Zerime","3","2","5"
"Zerin","3","2","5"
"zeriouh","3","2","5"
"Zerocool00","2","3","5"
"zerocross","2","3","5"
"Zeroratinggod","2","3","5"
"ZeroSumHS","2","3","5"
"Zerstoererzwerg","3","2","5"
"zetomir","3","2","5"
"zevago","3","2","5"
"zeymel","2","3","5"
"zeynep_naz58","1","4","5"
"zezo35","1","4","5"
"zfrdnc25","3","2","5"
"zgrbysl","2","3","5"
"zhukov_oleg","2","3","5"
"Zhuravlll","2","3","5"
"zi_bey","3","2","5"
"ziad_fakhoury","2","3","5"
"Ziadbr1","2","3","5"
"Ziaev","2","3","5"
"zibi189","3","2","5"
"zielix29","2","3","5"
"ZielonaHerbata","2","3","5"
"Zigazak","3","2","5"
"Zinedeniz","3","2","5"
"zinnger","3","2","5"
"Zioss","3","2","5"
"ZirveKA","2","3","5"
"ZIYAN_RAIS","3","2","5"
"Zizo_Aziz","2","3","5"
"zkelly311","2","3","5"
"ZKrras","3","2","5"
"zljbbkbb","3","2","5"
"zloy_jacket","3","2","5"
"zmeycharauski","3","2","5"
"zoe-fed","3","2","5"
"zohrehrooderi","3","2","5"
"zoli88","3","2","5"
"zombafesh","2","3","5"
"ZoneTwelve","3","2","5"
"zooz9099","3","2","5"
"Zopu","3","2","5"
"ZoranEPeder","2","3","5"
"zoruge","3","2","5"
"Zou2","3","2","5"
"zouzougeek","2","3","5"
"Zrash","3","2","5"
"Zszywek","3","2","5"
"ztnokade","3","2","5"
"zubenkofinesse","2","3","5"
"Zubrenak","2","3","5"
"zuryel","2","3","5"
"zva11","2","3","5"
"ZvonkoMarinkovic","3","2","5"
"zxcursedddd","1","4","5"
"ZxSex","2","3","5"
"ZYang9","3","2","5"
"zybazoubekV4","2","3","5"
"zygarde11","2","3","5"
"zygman1","3","2","5"
"zytka2012","2","3","5"
"zz9","2","3","5"
"Zzznore","3","2","5"
"zzzviad","2","3","5"
"a_adrian","2","2","4"
"A_Akhlaghi-danesh30","3","1","4"
"a_aleejandrogm","2","2","4"
"A_Dolphin_Her","1","3","4"
"A_L_M_rus","2","2","4"
"a_m_i_r_103","3","1","4"
"A_mARathONer","2","2","4"
"a_martin","2","2","4"
"A_Omara","2","2","4"
"A_P_O_L_L_O","2","2","4"
"A_Prat_BKD","3","1","4"
"A_savvva","2","2","4"
"a_zile","2","2","4"
"a_zygos","1","3","4"
"a-hero-for-fun","2","2","4"
"A-lexo","2","2","4"
"A-matis","1","3","4"
"A-RAJA","2","2","4"
"a11medali33","2","2","4"
"A1626Corn","2","2","4"
"a1b1c1d1","2","2","4"
"a1html","2","2","4"
"a1s2m3i4t5","2","2","4"
"a247","2","2","4"
"A261R","3","1","4"
"a453534673","2","2","4"
"A69catsass","2","2","4"
"a7madamg7","2","2","4"
"Aaa1995","1","3","4"
"Aadydy_APS","1","3","4"
"AAFIF96","2","2","4"
"Aalaskepedh","2","2","4"
"aalz749","2","2","4"
"AaminMohammad","2","2","4"
"aamr_a_1","1","3","4"
"Aarav_OG","3","1","4"
"aaravjalan0","2","2","4"
"Aardaaa","1","3","4"
"Aaron080910","1","3","4"
"AaronJHC","2","2","4"
"AaronKustanovich","2","2","4"
"AaronSchach","2","2","4"
"aarontrow","3","1","4"
"AaronWSmith","3","1","4"
"AARSALAAN","3","1","4"
"AARYANCHOPRA","1","3","4"
"aas46","2","2","4"
"aaslat","3","1","4"
"AAT8","2","2","4"
"Aayushman2014","2","2","4"
"ab073","2","2","4"
"ab7007","1","3","4"
"ABaaaC","3","1","4"
"abah_oleng","2","2","4"
"ABaker34","1","3","4"
"AbarSimorgh","1","3","4"
"Abbsolutely","1","3","4"
"abc1isback","1","3","4"
"Abcr01","2","2","4"
"Abd_hyp","2","2","4"
"Abdabeat","3","1","4"
"AbdALraooof","1","3","4"
"AbdelrahmanSameh","2","2","4"
"abdelrahmanY","2","2","4"
"Abdelrhman_mohammed9","2","2","4"
"abdelrhmanabomira","2","2","4"
"Abdeslam-Benlahrech","2","2","4"
"abdikani123","3","1","4"
"Abdo22147","2","2","4"
"Abdo66","2","2","4"
"Abdu1laev","3","1","4"
"Abdulla_Huseyn","2","2","4"
"abdulla3r","2","2","4"
"AbdullahAlFaisal","2","2","4"
"abdulmasih","2","2","4"
"abdulq","1","3","4"
"abdulrahman0539","3","1","4"
"abdulraqeebalamery","2","2","4"
"abdusattorkh","3","1","4"
"abebosco","2","2","4"
"Abed-74","3","1","4"
"Abeginner018","2","2","4"
"abeldv13","2","2","4"
"AbelG","2","2","4"
"AbelM25","3","1","4"
"abenoit47","3","1","4"
"abenteuerpaul","2","2","4"
"abhi_magnus","2","2","4"
"AbhiHikaru","3","1","4"
"Abhinaba_Pal","2","2","4"
"abhinand369","2","2","4"
"Abhinpyl","2","2","4"
"abhiramshastri","2","2","4"
"Abhishek621","1","3","4"
"Abhishekgodara2202","2","2","4"
"abhkam","2","2","4"
"ABigailmaster","2","2","4"
"Ability11","2","2","4"
"Abilkayr","2","2","4"
"Abinho","2","2","4"
"Abir2011","2","2","4"
"abirbodhisatwa","2","2","4"
"Abitibi_Viking","3","1","4"
"Abmaar","2","2","4"
"abo_badee1979","2","2","4"
"abo_elmkarm","3","1","4"
"abo_habeeb1991","1","3","4"
"abo-ali98","1","3","4"
"Abo3abed","2","2","4"
"Aboallaa963","2","2","4"
"abobakr000","3","1","4"
"abobbyb","2","2","4"
"Abobus2007","1","3","4"
"abolfazl111","2","2","4"
"abomikov","2","2","4"
"abominator86","1","3","4"
"AboNasser7","1","3","4"
"ABOOD1997","2","2","4"
"Abood66","2","2","4"
"aboodbadran99","2","2","4"
"aboubakrferji","2","2","4"
"about41hz","2","2","4"
"ABowze","2","2","4"
"aboxit","3","1","4"
"Abrahamcanara","2","2","4"
"abrahamsherly","2","2","4"
"Abricos","2","2","4"
"abstrak","2","2","4"
"ABTfactoryrepeat","2","2","4"
"AbtinMadEs","2","2","4"
"Abu_jamil","3","1","4"
"Abu-Samra7","2","2","4"
"Abuayham","2","2","4"
"abuflan","2","2","4"
"Abumeniar","3","1","4"
"AbuMusa","2","2","4"
"Abuse-Scotch","2","2","4"
"Abyshake","1","3","4"
"AbyssalCloud","2","2","4"
"Abzalbek_Li","1","3","4"
"Abzalo","1","3","4"
"Acaaa17","2","2","4"
"acatergiu04","2","2","4"
"Accardo-M","1","3","4"
"access2arun","3","1","4"
"Accix","2","2","4"
"Accrocchio","2","2","4"
"AccurateAndy","2","2","4"
"AccurateMackerel","2","2","4"
"ace_mode","2","2","4"
"AceLoco","2","2","4"
"acepillot","2","2","4"
"acharyaharshvardhan","3","1","4"
"AchBoy","3","1","4"
"AChessHam","2","2","4"
"AChessLearner","1","3","4"
"Achu_Wachu22","2","2","4"
"aclanphier","2","2","4"
"ACME77","2","2","4"
"AcmeChess4","2","2","4"
"acs31375","2","2","4"
"ActuallyLukas","2","2","4"
"acyabanikopekk","2","2","4"
"AD1979","2","2","4"
"AD23x07","2","2","4"
"adam_d1","3","1","4"
"Adam-Chigorine","1","3","4"
"adamamro1","2","2","4"
"AdamBatura","2","2","4"
"adamcz","1","3","4"
"AdamMoon","2","2","4"
"AdamNowak90","2","2","4"
"adamqera","2","2","4"
"adamsimple","2","2","4"
"Adamska848","1","3","4"
"Adan30","2","2","4"
"adarsh08051999","3","1","4"
"adawgoeswoof","1","3","4"
"AddictedAgain","2","2","4"
"Addy11","2","2","4"
"adel_1982","3","1","4"
"adelaide90","1","3","4"
"AdelHolmes","1","3","4"
"adelnadirli","3","1","4"
"adenocarcinom","2","2","4"
"adepyroon","2","2","4"
"aderfamm","2","2","4"
"adesango","2","2","4"
"ADIARJUN2011","2","2","4"
"adihermeziu","2","2","4"
"adil06ef","2","2","4"
"Adilet_14","2","2","4"
"Adimhaf","2","2","4"
"adisiak","2","2","4"
"Adisurya96","2","2","4"
"Aditya_Dasgupta","1","3","4"
"adityamalhotraYT","2","2","4"
"ADITYASHARMA1234","1","3","4"
"Adityavi098","2","2","4"
"adityayadav2706","2","2","4"
"Adl92","3","1","4"
"AdlAli","1","3","4"
"adlibitum12","2","2","4"
"adnans","2","2","4"
"adrastar","1","3","4"
"adria7","2","2","4"
"adriaanko","2","2","4"
"Adrian_Nightleader","3","1","4"
"adrian0302cuba","2","2","4"
"Adriancamb","2","2","4"
"AdrianRu","2","2","4"
"Adroit02","3","1","4"
"Adrunath","2","2","4"
"ADSepultura","2","2","4"
"ADVAITRANA30","2","2","4"
"Advokat2000","3","1","4"
"Aeaktas345","2","2","4"
"Aerostrem","2","2","4"
"aeshya","2","2","4"
"Aeskyphaz","2","2","4"
"Aethelwulff","2","2","4"
"afailureyet16","2","2","4"
"afanasiy_chess","2","2","4"
"Aff212000","1","3","4"
"AfgTheFinest10","2","2","4"
"afk_07","3","1","4"
"Afonya-RF-75","2","2","4"
"afridi360","2","2","4"
"afterthought","1","3","4"
"AfterTSK","2","2","4"
"AFuster","2","2","4"
"Afymossan","2","2","4"
"agavrenkov","2","2","4"
"Agbollyshow","1","3","4"
"AGBR121","3","1","4"
"AGENT56789","3","1","4"
"Agggh","2","2","4"
"Aghatka","2","2","4"
"aglamichess","2","2","4"
"Agmi2001","2","2","4"
"Agnesdesign","3","1","4"
"agonist77","1","3","4"
"AGP2009","3","1","4"
"agrtayrr","2","2","4"
"AGTolLVDM","2","2","4"
"AgusAppes","1","3","4"
"agusdubov","2","2","4"
"agustarra","3","1","4"
"agustin21mstr","1","3","4"
"AHamzass","3","1","4"
"ahansu2","3","1","4"
"Ahi1306","2","2","4"
"ahmad01kurdi","2","2","4"
"ahmadalboush9","2","2","4"
"ahmadBasha123","2","2","4"
"ahmadrezaerfani","2","2","4"
"ahmads1000s","2","2","4"
"ahmed_fathi","2","2","4"
"Ahmed_Magdy_Soliman","1","3","4"
"Ahmed-agami","2","2","4"
"ahmed098m","2","2","4"
"ahmed1972","1","3","4"
"Ahmed372005","2","2","4"
"Ahmed875","2","2","4"
"Ahmedaliahmed92","2","2","4"
"AhmedBardana","2","2","4"
"ahmedbrazil206","1","3","4"
"AhMedElfki","2","2","4"
"ahmedfaragallah_jr","3","1","4"
"ahmednas","2","2","4"
"Ahmedsala794","2","2","4"
"ahmedsaleh94","3","1","4"
"ahmedsharaf128","2","2","4"
"AHMEDTOPG","2","2","4"
"AHMET_9944","1","3","4"
"ahmet3366","2","2","4"
"ahmet4115","2","2","4"
"AhmetByk","2","2","4"
"Ahmetcan87","3","1","4"
"AHMETDSK","2","2","4"
"ahmetenesgg","1","3","4"
"ahmeteroy123","2","2","4"
"ahmetfehim","3","1","4"
"AhmetKn55","2","2","4"
"ahmetsacity","3","1","4"
"ahmettosman","2","2","4"
"ahmman","1","3","4"
"Ahsoka136","2","2","4"
"AI2041","1","3","4"
"aiavci","2","2","4"
"aicalika","2","2","4"
"AIDARED","2","2","4"
"aidenrosebush","1","3","4"
"Aigh1","2","2","4"
"Aika83","1","3","4"
"aimtz","2","2","4"
"ainec","3","1","4"
"Aitor-22","1","3","4"
"AIVG","2","2","4"
"AJ05","2","2","4"
"ajalfon","1","3","4"
"Ajani413","2","2","4"
"AjayUnverified","3","1","4"
"Aji1020","2","2","4"
"ajitkhot132","2","2","4"
"ajmbek","2","2","4"
"AJParisFish","2","2","4"
"Ak4ri","2","2","4"
"Aka_Lone","3","1","4"
"Aka3el","2","2","4"
"Akashc145","3","1","4"
"Akbar_1363","3","1","4"
"akbence","2","2","4"
"akeempositive","2","2","4"
"akella6","2","2","4"
"akhilmurthy","2","2","4"
"akhma0","2","2","4"
"AkhmBinW","3","1","4"
"Akibarov","3","1","4"
"Akif-54","2","2","4"
"akira-arq","2","2","4"
"akira777","2","2","4"
"akis1","2","2","4"
"Akiun","2","2","4"
"Akivison","1","3","4"
"Akki_3113","2","2","4"
"Akoulane","2","2","4"
"akpap","2","2","4"
"Akrame3e4","1","3","4"
"akshay2001","1","3","4"
"akshay4uu","3","1","4"
"Akshu2207","2","2","4"
"Aktauchess","2","2","4"
"AKUL96","2","2","4"
"Akuma320","2","2","4"
"AKummel","1","3","4"
"Al_Bundy1993","2","2","4"
"Al301169","3","1","4"
"Al3xandr","3","1","4"
"Alaahajhussien","2","2","4"
"alaajaleel","3","1","4"
"Alabardero09","2","2","4"
"alach2001","2","2","4"
"Alakallanar","2","2","4"
"alalmany9","2","2","4"
"Alamdar1112","2","2","4"
"alameenl","2","2","4"
"AlamoMuerto","2","2","4"
"alan-aguillon2006","2","2","4"
"Alan-Bakr","3","1","4"
"Alan-kochkarov2011","2","2","4"
"alan95335","2","2","4"
"AlanAlbertovich","2","2","4"
"AlanFranco","1","3","4"
"alarin","2","2","4"
"alarmantemente","2","2","4"
"Alash_Pride","3","1","4"
"alauatdin","2","2","4"
"albarnal","2","2","4"
"Albdrani2005","2","2","4"
"Albertinedisparue","3","1","4"
"Alberto50","2","2","4"
"Albertorb78","1","3","4"
"albertosilveira","1","3","4"
"alblas","1","3","4"
"albuck","2","2","4"
"albudgs","2","2","4"
"Albxz","2","2","4"
"Alby_boy","2","2","4"
"Albyrdee","3","1","4"
"alcaco","3","1","4"
"Alcadien","1","3","4"
"AlcheR63","3","1","4"
"alcndmrc90","2","2","4"
"Aldajan","2","2","4"
"AlderneyBessa","2","2","4"
"aldess","2","2","4"
"aldindelic","2","2","4"
"AldrinCS","2","2","4"
"AldriSyarif","3","1","4"
"Aldurion","2","2","4"
"ale_otherworldly","2","2","4"
"Ale_tribu13","1","3","4"
"Aleamaster","1","3","4"
"AleAnonMallo","3","1","4"
"aleboggio","2","2","4"
"alec-holland","2","2","4"
"alecran_magno","3","1","4"
"Aleeel","2","2","4"
"AleFerraz","2","2","4"
"Aleflow","2","2","4"
"Alejandro-Morales-F","2","2","4"
"alejandrobaracaldo","2","2","4"
"AlejandroCondeVasq","2","2","4"
"AlejandroMacno","2","2","4"
"AlejandroUwU","2","2","4"
"Alejodeath","1","3","4"
"ALEKC1976","2","2","4"
"alekc6132","1","3","4"
"alekhinejaja05","1","3","4"
"Aleksandr_Bor_1976","2","2","4"
"aleksandr_izhboldin","2","2","4"
"aleksandr-kudryashov","2","2","4"
"AlekSAnDRa0506","1","3","4"
"Aleksei78-05","1","3","4"
"AlekseyKS","2","2","4"
"AlekseySidorkin-89","1","3","4"
"Aleksios26","2","2","4"
"AlekzGuetta","2","2","4"
"alememermi","2","2","4"
"Alen_ka","2","2","4"
"Alesknight","3","1","4"
"ALESSANDRO2157","2","2","4"
"AlessioCaf","2","2","4"
"aletibaldo","2","2","4"
"Alex_Gogoladze","2","2","4"
"alex_gold_chess","2","2","4"
"Alex_Khannn","1","3","4"
"alex_om","2","2","4"
"Alex_Reyes1329","2","2","4"
"Alex-137","2","2","4"
"alex1421","2","2","4"
"Alex1998Ragulin","1","3","4"
"Alex7946766","3","1","4"
"alexabalmasov","2","2","4"
"alexagoo","2","2","4"
"Alexand_Kuznetsov","3","1","4"
"Alexander_Alvarez","2","2","4"
"Alexander_Efimov","2","2","4"
"alexander_lane","2","2","4"
"Alexander_Shukrinov","2","2","4"
"Alexander6202","3","1","4"
"AlexanderKravec1986","3","1","4"
"AlexanderRudakov","2","2","4"
"Alexandervazy1","2","2","4"
"alexanderxdgood","2","2","4"
"Alexandr_Lucky","3","1","4"
"Alexandr-Anikin","2","2","4"
"alexap20","2","2","4"
"alexArtemov","2","2","4"
"AlexB98","1","3","4"
"Alexeiabara","1","3","4"
"Alexey_Balashov","1","3","4"
"Alexey_Lebedev","2","2","4"
"Alexey_Skill","2","2","4"
"Alexeysamarskiy","3","1","4"
"Alexhedo","1","3","4"
"Alexien8","2","2","4"
"ALEXIS-PORTILLA","2","2","4"
"alexis1924","3","1","4"
"alexludescher","2","2","4"
"alexmamoru","2","2","4"
"alexniko46","1","3","4"
"alexoc4","2","2","4"
"AlexOly23","2","2","4"
"AlexPatino","1","3","4"
"AlexPCo","2","2","4"
"AlexPlay18","3","1","4"
"alexr2021","2","2","4"
"AlexRandall2010","3","1","4"
"AlexRusfkunato","2","2","4"
"AlexSandalov","2","2","4"
"AlexStor","1","3","4"
"alextash","2","2","4"
"Alexv0","1","3","4"
"alexx8328","2","2","4"
"alfa222","2","2","4"
"alfamanager","2","2","4"
"alfilita","1","3","4"
"Alfonseca27","3","1","4"
"alfonso90","1","3","4"
"Alfre1501","2","2","4"
"Alfred_Pennyworth","3","1","4"
"Alfredo_RuizF","2","2","4"
"AlgerMarquez","2","2","4"
"Alhaq100","2","2","4"
"Ali_A2016","2","2","4"
"ali_hunter1989","1","3","4"
"Ali122333444","1","3","4"
"ali139952","3","1","4"
"ali1997mohsin","2","2","4"
"ali339","3","1","4"
"ali4861","2","2","4"
"ali7171","1","3","4"
"AliAlqaisi","1","3","4"
"aliamers1","2","2","4"
"AliAshiraliyev","3","1","4"
"Alibi232323","2","2","4"
"alicansahin","2","2","4"
"alichanzi","2","2","4"
"alidalir86","3","1","4"
"AliensruleEarth","1","3","4"
"aliFiras20","3","1","4"
"alifudin","2","2","4"
"ALIGM69","2","2","4"
"aliiii3548","2","2","4"
"Alik7775","1","3","4"
"alimatlubi","3","1","4"
"AliMert300310","2","2","4"
"Alimushtak","1","3","4"
"Alina_Vedyashkina","1","3","4"
"alinaeimi11","2","2","4"
"Alinator","3","1","4"
"Alireza_alizadeh","1","3","4"
"Alireza-123","2","2","4"
"Alirezaghafouri","2","2","4"
"alisabouri824","1","3","4"
"ALITA_14","1","3","4"
"Alitemel52","1","3","4"
"Aliunderdog","2","2","4"
"AliUysal364","1","3","4"
"Alixanyan_2011","2","2","4"
"alizadeh111","2","2","4"
"aljimar","1","3","4"
"alkami","3","1","4"
"alkara1923","2","2","4"
"Alkashev","3","1","4"
"AllanKo","3","1","4"
"Allcorn","1","3","4"
"allenpogiw","3","1","4"
"alleria_is_hot","2","2","4"
"Allfather10","2","2","4"
"allinthegame","3","1","4"
"Allllexxxx","2","2","4"
"Allstar23","2","2","4"
"Allstar2401","3","1","4"
"allthebest123","2","2","4"
"alluarjun0007","2","2","4"
"alluneedislaw","2","2","4"
"almachuarB","1","3","4"
"almantas","3","1","4"
"almarasan11","1","3","4"
"Almnswr","2","2","4"
"Almoca","2","2","4"
"Alnair","2","2","4"
"aloha21","2","2","4"
"alon16","3","1","4"
"alonso197809","2","2","4"
"aloui_hanyn","3","1","4"
"alpaslanekinci","3","1","4"
"alpaslanmustafa","2","2","4"
"alpaykaraer","2","2","4"
"Alper1008","2","2","4"
"AlperDe","2","2","4"
"alperen_oztasgm","3","1","4"
"AlperenAlkan","2","2","4"
"AlpG6","3","1","4"
"alpgiray","2","2","4"
"Alpha_Dominator6969","2","2","4"
"AlphaBravo_1","2","2","4"
"alphapalco","2","2","4"
"AlphaPhiKappa","3","1","4"
"alphawent","2","2","4"
"AlphaZeroAGZ","1","3","4"
"alpiy","2","2","4"
"Alpox","3","1","4"
"AlpsManfred","2","2","4"
"Alryxz","2","2","4"
"alt-plus-7","1","3","4"
"Altair07072","1","3","4"
"AltairAuditoreH","1","3","4"
"altansukh_12","2","2","4"
"altaymete","3","1","4"
"Altimimi287","2","2","4"
"AltLight123","1","3","4"
"altraa","3","1","4"
"Altruist83","2","2","4"
"altschuler","2","2","4"
"AlunosOverZN","3","1","4"
"Aluor_Red","1","3","4"
"AlvaroInfante","3","1","4"
"Alverlayo","1","3","4"
"Alwa29","2","2","4"
"Alwaleed_almottowa","2","2","4"
"alwaysgifted","2","2","4"
"Alzmakiev","2","2","4"
"AMA909709","2","2","4"
"Amaia123","2","2","4"
"Amajsj11333","1","3","4"
"AMALRAJAP","2","2","4"
"AmalVarkey","2","2","4"
"aman1mangat","3","1","4"
"AmanGupta112","2","2","4"
"Amani-Adamson","2","2","4"
"amanj63noori","2","2","4"
"amar460222","1","3","4"
"Amaru_Montenegro","3","1","4"
"Amat44","2","2","4"
"amateur44","2","2","4"
"Amateur974","2","2","4"
"ambush_sdlg","1","3","4"
"AMChanithu","2","2","4"
"Ameli777","3","1","4"
"Amenov1","2","2","4"
"American-American-Am","2","2","4"
"amfifa07","2","2","4"
"amichi","2","2","4"
"AMilesot","2","2","4"
"amimaro","2","2","4"
"AmineGherri","1","3","4"
"aminemHSURG","2","2","4"
"AminFear","2","2","4"
"Amino0301","1","3","4"
"aminvaezi","1","3","4"
"Amir32581","2","2","4"
"Amir77ariyan","2","2","4"
"Amirali_M2005","2","2","4"
"amirayman","2","2","4"
"AmirHosseinMogheisi","1","3","4"
"amirkhaleghi","2","2","4"
"amirreza_kh","2","2","4"
"amirreza8820","2","2","4"
"amirsa","3","1","4"
"amirsungaialamriau","3","1","4"
"amirumar","1","3","4"
"amishka_10","3","1","4"
"amit007kartik","2","2","4"
"amitgaur15","2","2","4"
"Amits456","1","3","4"
"AmitZr","2","2","4"
"amjadmaximus","1","3","4"
"Amkhad","2","2","4"
"amoilo","1","3","4"
"amol104","3","1","4"
"Amon-amarth","2","2","4"
"amouretcroisade","2","2","4"
"Ampelkoalition","3","1","4"
"amrazevedo","2","2","4"
"Amrhesham25","2","2","4"
"Amrooo99","2","2","4"
"amroshamaileh","2","2","4"
"amrrwan22","2","2","4"
"amy_96","2","2","4"
"Ana-Lise","1","3","4"
"anadoluu","2","2","4"
"anaknimagnus","1","3","4"
"Anandhu_Sadurangam","1","3","4"
"Anandjaiswal","2","2","4"
"AnandKC","2","2","4"
"Anandtug","2","2","4"
"AnAngryDemon","2","2","4"
"ananthan_2008","1","3","4"
"anas_walid1","2","2","4"
"anass_j","1","3","4"
"Anastasijasuperstar","2","2","4"
"Anatoliy138","2","2","4"
"Anchal501","2","2","4"
"And121212","1","3","4"
"Andac1996","2","2","4"
"andeol98","2","2","4"
"AnDerSon0245","2","2","4"
"andgho","3","1","4"
"andiec","2","2","4"
"andiii7","3","1","4"
"andiport","3","1","4"
"andr_jun1or","2","2","4"
"Andr123321","2","2","4"
"Andranik_006","2","2","4"
"Andre_el_salvador","2","2","4"
"AndreaDallaValle","2","2","4"
"andrearode","3","1","4"
"Andreas_H","3","1","4"
"andree2304","3","1","4"
"andrekibue","2","2","4"
"AndreMary","2","2","4"
"andrepolo12","2","2","4"
"andres16x","2","2","4"
"Andres2792","2","2","4"
"andresfsanchezs","3","1","4"
"AndreSitepu","2","2","4"
"andresus16","2","2","4"
"Andreuss10","3","1","4"
"Andrew_98","2","2","4"
"Andrew188","2","2","4"
"Andrew2000","2","2","4"
"AndrewAmged","2","2","4"
"andrewrobbins1992","1","3","4"
"AndrewSch","2","2","4"
"AndreyUnecha","3","1","4"
"andrianmocanu","2","2","4"
"Andrija2005","2","2","4"
"Andriy97","2","2","4"
"androkun24","1","3","4"
"AndrusBlack","2","2","4"
"Andrushka_Eziovic","2","2","4"
"AndTheGodsMadeLove","3","1","4"
"andwindows","3","1","4"
"andy-605","1","3","4"
"andy0210","3","1","4"
"andy0806","3","1","4"
"Andy30","3","1","4"
"Andy5929","2","2","4"
"AndyHumberto72","2","2","4"
"andymac89","2","2","4"
"Anextiomarus","2","2","4"
"Ange_2000","3","1","4"
"angel_fear","2","2","4"
"Angel_Of_Death20","2","2","4"
"angelboy666","2","2","4"
"Angelo_Santi","3","1","4"
"Angelrojas428","1","3","4"
"Angelrubio","3","1","4"
"angelus_6","2","2","4"
"angelxz","3","1","4"
"Angeryduck","3","1","4"
"angoosey","1","3","4"
"Anideos","1","3","4"
"aniilingus","2","2","4"
"anik01312","3","1","4"
"ANIK021","2","2","4"
"aniketnighot","2","2","4"
"anilgrg69","3","1","4"
"anilturk14","2","2","4"
"AnimationCheck","3","1","4"
"anindy_rara","3","1","4"
"Anirudh-350","2","2","4"
"anirudhrox","2","2","4"
"anish_roy","2","2","4"
"Anish1004","3","1","4"
"Aniv299","3","1","4"
"AnjanR","1","3","4"
"AnKaMiAl","2","2","4"
"Ankapolka","2","2","4"
"ankit_parashar","2","2","4"
"ankititm","3","1","4"
"ankyume","2","2","4"
"Anleifr","2","2","4"
"anmak05","2","2","4"
"Annayevv","3","1","4"
"Anoanakia","3","1","4"
"Anoghok","2","2","4"
"anonforrankings","2","2","4"
"anonimo345423","2","2","4"
"anouarox","3","1","4"
"ans1genie","3","1","4"
"Ans8","2","2","4"
"anshhh","3","1","4"
"Anshi_1502","2","2","4"
"AnshKapoor007","2","2","4"
"Anshuman19","2","2","4"
"Ansuv","2","2","4"
"Ant_MaN_2000","2","2","4"
"Ant107","2","2","4"
"Ant69420","2","2","4"
"Antadze","1","3","4"
"anthonyanthony22","1","3","4"
"anthonycuares","3","1","4"
"anti_positional","3","1","4"
"anticodonUAA","2","2","4"
"antithesis8","2","2","4"
"AntoineLemaitre","1","3","4"
"Anton_M","2","2","4"
"Antonio_Serrano","2","2","4"
"antonio123456789","1","3","4"
"Antoniojaviercb","1","3","4"
"antonioteo","1","3","4"
"Antoniy1989","3","1","4"
"antons697","2","2","4"
"AntonShakty","2","2","4"
"AntonTiutiunnyk","2","2","4"
"Antonurse","1","3","4"
"antonyroykvetch","2","2","4"
"antoun_rami","2","2","4"
"Anubis1962","2","2","4"
"Anujfrr","2","2","4"
"AnuragMaheshwari","3","1","4"
"anvito","2","2","4"
"anwar-Yem","1","3","4"
"AnwarBh","2","2","4"
"Anwrwajdi20","2","2","4"
"Anyth1ngElse","2","2","4"
"AoC85","2","2","4"
"aodiseo","2","2","4"
"Aom_Ine","2","2","4"
"aoshuang","2","2","4"
"aotepwty","2","2","4"
"aozkancn","3","1","4"
"Apa4i7","2","2","4"
"apachehel1kopter","2","2","4"
"apaczowski","2","2","4"
"apadowadpawopk","2","2","4"
"apar7414","3","1","4"
"Aparicio33","3","1","4"
"APDent42","2","2","4"
"Ape237","2","2","4"
"apg1980","3","1","4"
"apocalyptic1994","3","1","4"
"Apolo12","3","1","4"
"ApolonStrigunov","2","2","4"
"Appercut","2","2","4"
"aptaras","2","2","4"
"Aqilaisme14","3","1","4"
"Aqua2904","2","2","4"
"Aquarius_07","2","2","4"
"Aquarius_1989","2","2","4"
"aquarius025677","2","2","4"
"ar_njr","2","2","4"
"ar_o_ra","2","2","4"
"AR13L","3","1","4"
"ar44vz","1","3","4"
"arad-h","3","1","4"
"AradArian2","2","2","4"
"ARAMARMINE","3","1","4"
"aranasrejano","2","2","4"
"araqwxss","1","3","4"
"Arashmn","2","2","4"
"aravinth","2","2","4"
"Aravinth1993","3","1","4"
"arawaRL","2","2","4"
"Arawn19","2","2","4"
"arbuusi","3","1","4"
"arcfortravel","2","2","4"
"arch496","2","2","4"
"Archanna_Jrnathan","2","2","4"
"ArchBish0p02","2","2","4"
"archen7_7","2","2","4"
"Archeth_Johneth","1","3","4"
"archi54","3","1","4"
"arcillita","2","2","4"
"arcofort4","2","2","4"
"ArcSinX","2","2","4"
"Arcvolan","2","2","4"
"ardaarguden","2","2","4"
"Are26","2","2","4"
"arecaknight","1","3","4"
"arek_kucluk","2","2","4"
"Arek5000","2","2","4"
"arepasexo","1","3","4"
"ARetallick","2","2","4"
"Argalad","2","2","4"
"Argeda","2","2","4"
"argomatic","3","1","4"
"ArhamPlayChess","2","2","4"
"arhanbo","2","2","4"
"ari-vic22","3","1","4"
"aribogan","1","3","4"
"arielcanales","2","2","4"
"Arielpcs","2","2","4"
"arigato101","3","1","4"
"arimatico","1","3","4"
"Arit111","2","2","4"
"Arithmetic_Mustard","2","2","4"
"ARJJUN","2","2","4"
"arka16","2","2","4"
"ArkajitKar","2","2","4"
"ArkanAssaf","2","2","4"
"Arkay10","1","3","4"
"Arkdy","2","2","4"
"Arlo96","2","2","4"
"armadilloch","2","2","4"
"armanarman99","2","2","4"
"ARMANN5","2","2","4"
"arme13","3","1","4"
"ARMENIANSTYLE","2","2","4"
"Armin_Burger","2","2","4"
"armin138313","2","2","4"
"ArminArlert07","1","3","4"
"ArminRm","2","2","4"
"Arminton","2","2","4"
"Army25Papa","2","2","4"
"ArnavAmarSalagare123","2","2","4"
"ARNAVANANDMANI","2","2","4"
"ArnavChessBoy","2","2","4"
"arnavp103","3","1","4"
"arnavthepro","2","2","4"
"arnekolb","2","2","4"
"arnkpx","2","2","4"
"arnmessager","3","1","4"
"Arnold_Archebasovich","1","3","4"
"arnorhs","2","2","4"
"Aro85","2","2","4"
"Arohan4Chess","1","3","4"
"ARoNiadEr","2","2","4"
"aronian7777","3","1","4"
"Arossi010","2","2","4"
"arowf","3","1","4"
"Arpune","1","3","4"
"ArQuellover","3","1","4"
"arrebola","3","1","4"
"Arrgh55","2","2","4"
"arribqqqa444","1","3","4"
"arriiiiyan","2","2","4"
"arrison","2","2","4"
"Arro9802","1","3","4"
"Arsene13","3","1","4"
"Arsenspace","3","1","4"
"arsentserg","2","2","4"
"Arshad1616","2","2","4"
"arshshahchess","1","3","4"
"Arsia_7a","2","2","4"
"Arslan506","2","2","4"
"Arstan2006","3","1","4"
"Art96t","2","2","4"
"Artaeushaniv_2511","3","1","4"
"artem_kuznetsov","2","2","4"
"artem1788","2","2","4"
"Artemder1235","1","3","4"
"artemesiagentil","2","2","4"
"ArtemNK","2","2","4"
"artemsb","1","3","4"
"ArtemShk","2","2","4"
"aRTForm","2","2","4"
"Arthur_Motta","1","3","4"
"Arthur5estrela","2","2","4"
"ArthurB2","2","2","4"
"ArthurGevorgyan","2","2","4"
"arthurxadrez12345","2","2","4"
"artin_12","2","2","4"
"Artiom250211","2","2","4"
"Artishon","3","1","4"
"Artken_s_kamsky","1","3","4"
"Artrash","2","2","4"
"Arturo2662","2","2","4"
"ArturoAlberca","2","2","4"
"Arun73","2","2","4"
"Arunav23","1","3","4"
"arunb433","1","3","4"
"arunkmx","2","2","4"
"arunkollipara","2","2","4"
"arunullasan","2","2","4"
"ArunVP3799","2","2","4"
"Arvinbetonio40","2","2","4"
"Arvind_S_N","2","2","4"
"ArvinRiahi","2","2","4"
"Arxdhel","1","3","4"
"arya_jateng20","2","2","4"
"aryakhm","1","3","4"
"Aryan_sharma7","2","2","4"
"Aryan126","3","1","4"
"aryas_r","2","2","4"
"AsA919","2","2","4"
"Asad06","2","2","4"
"Asadi1355","1","3","4"
"Asadullahrakhshani","3","1","4"
"asandrey","2","2","4"
"ASAP_Gronkky","1","3","4"
"Ascad","2","2","4"
"ascendingAngel","2","2","4"
"asdasasdassj","1","3","4"
"asdasdad123123","2","2","4"
"asdasdk","2","2","4"
"asdfdiehard","2","2","4"
"asdlmao62","2","2","4"
"ASE12","2","2","4"
"ase725","2","2","4"
"aseelabuzeineh","2","2","4"
"Aselmansur13","2","2","4"
"ASELNEHIRGUNES","2","2","4"
"Asesda","1","3","4"
"asfour1986","2","2","4"
"asghrund","2","2","4"
"ash_d_knight","3","1","4"
"ash1515","2","2","4"
"ashkan_d13","2","2","4"
"ashkan1376","3","1","4"
"Ashot_h","3","1","4"
"Ashron11","1","3","4"
"ashutosh3309","2","2","4"
"AsiaGold2","3","1","4"
"Asian69man","2","2","4"
"asinoori2020","2","2","4"
"ASIPHE-OG","2","2","4"
"ASK67","1","3","4"
"asket38","1","3","4"
"Askinolayimmm","2","2","4"
"aslan_j20","1","3","4"
"aslan278954","3","1","4"
"aslanmanav","1","3","4"
"aslanwew111","2","2","4"
"aslf010990","1","3","4"
"asmsk","2","2","4"
"asokaso","3","1","4"
"asomm","1","3","4"
"asphator","2","2","4"
"Aspirante_Pierry","2","2","4"
"aspolygalov","2","2","4"
"aspotyspot2","2","2","4"
"Assassins143","1","3","4"
"assemble","2","2","4"
"Astier","2","2","4"
"Astrphl","2","2","4"
"asturiess","1","3","4"
"astyages","3","1","4"
"asuna2022","2","2","4"
"Aswathh","2","2","4"
"Asway","2","2","4"
"Aswinichandrasagaran","1","3","4"
"asy_shah","1","3","4"
"asya1021","2","2","4"
"asya55","2","2","4"
"ATA28051977","3","1","4"
"atairos","2","2","4"
"AtakanCoklar","2","2","4"
"atakanguney22","3","1","4"
"atakansoykiran","2","2","4"
"ATALETA","2","2","4"
"Atamastaturk","2","2","4"
"AtEfendisi","3","1","4"
"ateh_sha","2","2","4"
"atei","3","1","4"
"Atharva3008","3","1","4"
"AtharvaGangil1904","2","2","4"
"atharvdevesar12","2","2","4"
"AtideStraze","2","2","4"
"Atif__Khan","2","2","4"
"Atilahuno","1","3","4"
"Atiman97","2","2","4"
"AtlanticBluefinTuna","1","3","4"
"AtlantisChess111","3","1","4"
"atlen","2","2","4"
"Atom85","1","3","4"
"Atom87","2","2","4"
"AtomeAtome","3","1","4"
"AtomReaktor","2","2","4"
"atoms21","2","2","4"
"Atphutsy","2","2","4"
"atreju99","1","3","4"
"atrvmis","2","2","4"
"attakabettalelo13463","2","2","4"
"attaturk","2","2","4"
"atti08","1","3","4"
"Atychi09","3","1","4"
"AudieHB","2","2","4"
"AufaErditya","1","3","4"
"Augenring","1","3","4"
"August032001","2","2","4"
"augustoaciole","2","2","4"
"AugustusGotfield","2","2","4"
"auguy","1","3","4"
"aukefr","1","3","4"
"Aurimar_15","2","2","4"
"Austinratman","2","2","4"
"Auwei","2","2","4"
"av-anac","2","2","4"
"avalunava","2","2","4"
"AveFenix74","2","2","4"
"Aveg","2","2","4"
"Avellino","2","2","4"
"averagechess13","2","2","4"
"AvidDrummerGoose","1","3","4"
"avik_d","1","3","4"
"Avleen28","2","2","4"
"Avmhancoskun","2","2","4"
"AVN1963AVN","2","2","4"
"avneets13","2","2","4"
"avrgjoe","1","3","4"
"avrock123","3","1","4"
"avukat45","2","2","4"
"avyanshgupta18","2","2","4"
"avz1985","2","2","4"
"aw1965","2","2","4"
"AW3Rgo0l","1","3","4"
"awad1989","3","1","4"
"Awad789","1","3","4"
"Awazzzez","2","2","4"
"awesomebubba","2","2","4"
"AwesomeDudeIII","2","2","4"
"aweyoosh","3","1","4"
"awini94","2","2","4"
"AwkwardGuy37","2","2","4"
"Awnish","2","2","4"
"AwnRehani","3","1","4"
"Axel_Solo","3","1","4"
"axel6z","2","2","4"
"aXemble12","2","2","4"
"axiom123","2","2","4"
"AxlRo","2","2","4"
"Axon99","1","3","4"
"aya_1412","2","2","4"
"Ayaangamerz23","2","2","4"
"ayank007","2","2","4"
"AyanMaster","3","1","4"
"ayaz44jamali","2","2","4"
"ayazmirac10","3","1","4"
"AyDgyy","3","1","4"
"Aydin1390","1","3","4"
"ayhamERROR707","2","2","4"
"ayhangg","2","2","4"
"AyiWoko","2","2","4"
"aykut13","2","2","4"
"aylincck","3","1","4"
"Aymannn","2","2","4"
"aymide","2","2","4"
"Ayo_pojo3","2","2","4"
"AyratRiz","1","3","4"
"Aytoldi","2","2","4"
"Ayushshmishra002","1","3","4"
"ayykennay","1","3","4"
"Az437","1","3","4"
"azad_parsaeinejad","2","2","4"
"azamatchess1","2","2","4"
"azamatizvini","1","3","4"
"Azathoth_Void","2","2","4"
"azaxbi","3","1","4"
"Aze_Chess_Anar","2","2","4"
"Azelit","3","1","4"
"azer0s","3","1","4"
"azhdarshirinzada","2","2","4"
"Azik007","2","2","4"
"azik235","2","2","4"
"AzimAzz","2","2","4"
"azimi896","2","2","4"
"azinuddin_annuar","2","2","4"
"azioneparallela","3","1","4"
"Azirani26","1","3","4"
"aziz8282","2","2","4"
"azlautech","1","3","4"
"Aznalubmal","1","3","4"
"azoo90","2","2","4"
"aztk16","2","2","4"
"Azwaw","2","2","4"
"Azzam-7hoot","2","2","4"
"b_b2k5","2","2","4"
"B0_phonglt","2","2","4"
"B00W00H00","3","1","4"
"b0801","2","2","4"
"B1ueBee","2","2","4"
"baazaa","2","2","4"
"Baba12347","2","2","4"
"babaknajafi666","2","2","4"
"babannefokurt","3","1","4"
"babatutmaz58","3","1","4"
"babayaga5","3","1","4"
"babayaroo","1","3","4"
"babisCh","2","2","4"
"Baby-Kalyaka-Malyaka","2","2","4"
"BabyAlexTV","3","1","4"
"BabyBergo","1","3","4"
"babycairo","2","2","4"
"babycallmemaybe","1","3","4"
"babyplsdonthurtme","2","2","4"
"Bachibu","1","3","4"
"back2basics","1","3","4"
"backspin","3","1","4"
"Backwards225","2","2","4"
"bacugan","3","1","4"
"Bad-Coffee","3","1","4"
"badchessplayer136","2","2","4"
"BadDayToBeAHorse","2","2","4"
"Badgerass","3","1","4"
"badgers222","2","2","4"
"badKingsideAttacker","2","2","4"
"badlucktoday","2","2","4"
"Badri_Sadhurangam","3","1","4"
"badseedz","3","1","4"
"badsneakers","1","3","4"
"BagamaX","2","2","4"
"Bagza_Nikita","2","2","4"
"baha_chess09","2","2","4"
"bahmanhavigh","2","2","4"
"bahrain_bh","2","2","4"
"BailandoConLobos","1","3","4"
"Bailey_Jay_2045","2","2","4"
"Baizak","1","3","4"
"BaJluDoJl","1","3","4"
"Bakoonin","1","3","4"
"baku_chess2019","2","2","4"
"Bakugan","2","2","4"
"balabalabiu","3","1","4"
"BalabanovSergey2003","3","1","4"
"Baladogg","2","2","4"
"Balatonwarrior","2","2","4"
"Balder72","2","2","4"
"baldevs","1","3","4"
"BaleBuste","2","2","4"
"balint04","2","2","4"
"Ballisterchess","2","2","4"
"ballox","1","3","4"
"Balric","1","3","4"
"baltazar_96","3","1","4"
"balyasov","3","1","4"
"balzzz","3","1","4"
"Bamboscharala","2","2","4"
"bamse0","1","3","4"
"banana_chips","1","3","4"
"banana224","2","2","4"
"bananaass","2","2","4"
"bang02","1","3","4"
"bangvang","2","2","4"
"Bankai69","2","2","4"
"Banned_Lot","1","3","4"
"banterus_maximus","2","2","4"
"banua_halat74","2","2","4"
"Baraaakabawy","2","2","4"
"BaraMax","2","2","4"
"barandilekli","1","3","4"
"barankar","2","2","4"
"baratasurya","3","1","4"
"barbiiii","3","1","4"
"Barborag","1","3","4"
"barendsw","2","2","4"
"barisatlan","2","2","4"
"Bariskywalker","2","2","4"
"Barnuska74","2","2","4"
"Barocci","1","3","4"
"barruelo1","2","2","4"
"barrus112","3","1","4"
"BarryKo","2","2","4"
"BARS190558","3","1","4"
"barsik86","1","3","4"
"barsuk44","2","2","4"
"BartSimpson4","2","2","4"
"Bartulu","3","1","4"
"Bas-tet","2","2","4"
"basakcosgun06","2","2","4"
"Basansam","1","3","4"
"Basant03","2","2","4"
"basduse","3","1","4"
"Based3","2","2","4"
"BaseL_RAsheD","2","2","4"
"bash28","2","2","4"
"Basharfahed","2","2","4"
"basharrazee","2","2","4"
"basil456","2","2","4"
"Basket82","2","2","4"
"Bassist123","2","2","4"
"basteloz","2","2","4"
"BastianFriedl","2","2","4"
"Basumatati","2","2","4"
"basya77","2","2","4"
"Batag","2","2","4"
"batakan00","1","3","4"
"BathBoy","2","2","4"
"Batinse","2","2","4"
"BatLaika","3","1","4"
"batman2774","2","2","4"
"batoy66","3","1","4"
"BattleOfDennewitz","2","2","4"
"batuhan1015","2","2","4"
"batuhanuykanson","3","1","4"
"Batunay","2","2","4"
"baubaul","2","2","4"
"Bauerndynamit","2","2","4"
"Bauhinia1","1","3","4"
"Baur-1990","2","2","4"
"Bauruzinho2","2","2","4"
"Baxterish","1","3","4"
"baybars1300","2","2","4"
"baybayse8","2","2","4"
"bayern_munchen_10","2","2","4"
"bayqus1","2","2","4"
"Baytenjen195","1","3","4"
"bazar986","2","2","4"
"BAZINGA_07","3","1","4"
"bazyladi","3","1","4"
"bb37","2","2","4"
"BballerMan","1","3","4"
"Bbbjfjh","2","2","4"
"BBC2022","2","2","4"
"bbkaraca66","2","2","4"
"bbmri","2","2","4"
"BboyHAZEM","3","1","4"
"BBrose49","3","1","4"
"bbsowedi","2","2","4"
"bbubb","2","2","4"
"bbyshop","2","2","4"
"bchron","3","1","4"
"bcoincoin","1","3","4"
"BCSPROCHESS","2","2","4"
"BDKareem","2","2","4"
"bdog1811","3","1","4"
"bdress","2","2","4"
"BeaconOnAChairMC","3","1","4"
"BeaktaArnav","2","2","4"
"BeamerTheGreat","2","2","4"
"Beancounterstrike25","1","3","4"
"beanio","3","1","4"
"bearsbeets92","2","2","4"
"bearseusSVD","1","3","4"
"BearyBeawy11","2","2","4"
"Beast_127","2","2","4"
"Beast0698","2","2","4"
"beastmaster777","2","2","4"
"Beatlesit","2","2","4"
"Beaucarnea","2","2","4"
"bebe96","3","1","4"
"Bebra_Bebrovna","1","3","4"
"Bebus007","2","2","4"
"BeckettsMurphy","1","3","4"
"bedican","2","2","4"
"BEE4","2","2","4"
"beep83","3","1","4"
"begginer_chesss","2","2","4"
"begginner1","2","2","4"
"Beginner003","3","1","4"
"BeginnerZak","2","2","4"
"Behemot12","3","1","4"
"BehiBehi","1","3","4"
"BeigeGenteelFly","1","3","4"
"BeigeLeggings","2","2","4"
"Beka9","2","2","4"
"beka993","2","2","4"
"bekodinazor","2","2","4"
"bekon2364","3","1","4"
"bektur001","2","2","4"
"Bel19vetien","2","2","4"
"BelaC2010","2","2","4"
"belacquam","3","1","4"
"BelaFontaine","3","1","4"
"Belalang","3","1","4"
"BellaquitoFer","2","2","4"
"belltime","3","1","4"
"Bellucco","1","3","4"
"Belovedone","2","2","4"
"belski","3","1","4"
"Beltarius","2","2","4"
"Belter_miller","2","2","4"
"Bembot06_1","1","3","4"
"ben885","1","3","4"
"benatos","1","3","4"
"Benchik","2","2","4"
"bendrake2","3","1","4"
"Bendreas","1","3","4"
"benederwilde","2","2","4"
"Benedicht21","1","3","4"
"benedictov2020","2","2","4"
"Benefactors","1","3","4"
"benellis3","2","2","4"
"Benj2005","3","1","4"
"benja14","1","3","4"
"Benja166","1","3","4"
"benjaa_10","2","2","4"
"benjadiaz","2","2","4"
"BenjiX","2","2","4"
"benjo82","2","2","4"
"Benkyou1","3","1","4"
"BenniJason","2","2","4"
"Benny-Frandsen","3","1","4"
"Bennysuper","2","2","4"
"BenSchneiders","2","2","4"
"BenSD","3","1","4"
"BenseghirZakaria","3","1","4"
"benseni","2","2","4"
"BENSONREGENCIA_2002","2","2","4"
"BenStrydom","2","2","4"
"BenTennyS","3","1","4"
"benutzer2","2","2","4"
"benwea","1","3","4"
"beny80","1","3","4"
"Beppec03","1","3","4"
"beqa4","2","2","4"
"Berat3458","1","3","4"
"Beratcan1","2","2","4"
"berattemel","2","2","4"
"BeratYellow","2","2","4"
"Beratyildirim","2","2","4"
"Berenice_Fleming","1","3","4"
"BerenTinuviel","1","3","4"
"beresnevvitaliy1","3","1","4"
"Beri","1","3","4"
"berkbayturk","2","2","4"
"berker22","2","2","4"
"berkkarabas","2","2","4"
"Berkkee33","1","3","4"
"Berksubelen","2","2","4"
"berlikurti","1","3","4"
"berlineratze030","2","2","4"
"Berlinwood3","1","3","4"
"bernardov","1","3","4"
"Bersara1","1","3","4"
"BerserkMode1","1","3","4"
"bertachess","3","1","4"
"beshoobenjamen","3","1","4"
"Besposhadniy","2","2","4"
"besserwisser_JuR","2","2","4"
"Bestia-negra","2","2","4"
"Bestowo71","1","3","4"
"betijump","1","3","4"
"BetterThanTate","2","2","4"
"BeyondBlonde","2","2","4"
"Bezchansov","2","2","4"
"Bezhanpazhohan","2","2","4"
"bfishy","3","1","4"
"bfkrabthor","1","3","4"
"bflores","3","1","4"
"Bh_totoro","2","2","4"
"Bharat1237890","1","3","4"
"Bharath_1318","3","1","4"
"bharath_sankaran","2","2","4"
"bharath22180","2","2","4"
"bharatsrawat","1","3","4"
"BhardwajPandit","2","2","4"
"bhavyapaliwal","2","2","4"
"bhavyapareek_p","2","2","4"
"bhupendra68","3","1","4"
"Bhuvanesh7","2","2","4"
"BHZChessManiac05","2","2","4"
"biaderkasparovmusun","2","2","4"
"bianchilucas","3","1","4"
"Bibbip78","2","2","4"
"Bibekmagar","2","2","4"
"Bibosky","3","1","4"
"bicamash","1","3","4"
"bicare0142","2","2","4"
"bici3","2","2","4"
"Big_Don_Bepis","2","2","4"
"Big_Fox","2","2","4"
"big_krispy","2","2","4"
"Big-Ant","3","1","4"
"Big-Hiki","2","2","4"
"bigbelly_m","2","2","4"
"bigboss919","3","1","4"
"BigBrain5Head","2","2","4"
"biggerBird","1","3","4"
"BigHotArtichoke","1","3","4"
"BigJohn1946","2","2","4"
"bigleon","3","1","4"
"BigPhil19380","2","2","4"
"BigRedSwag","3","1","4"
"bigsmilefriend","1","3","4"
"bigtestenergy","3","1","4"
"bihzad6","2","2","4"
"biiigdata","2","2","4"
"BIJAYANRAY17299271","2","2","4"
"biknazarov","1","3","4"
"Bilal075","2","2","4"
"bilalcp","2","2","4"
"bildouze","3","1","4"
"billard504","1","3","4"
"Billx","3","1","4"
"Billybass","1","3","4"
"billybeaks","2","2","4"
"bilus99","2","2","4"
"BimaTriasbela","2","2","4"
"Bin_H","2","2","4"
"Bin999","2","2","4"
"binbag420","2","2","4"
"Bingham","2","2","4"
"biniamini","2","2","4"
"Bintinlaiye","2","2","4"
"binzet","1","3","4"
"biofast","1","3","4"
"birdiey","3","1","4"
"BirdmanStrange","2","2","4"
"bishboshpishposh","2","2","4"
"bishopkavorkian","2","2","4"
"Bishopong","3","1","4"
"Bishops-R-Archers","2","2","4"
"Bit_02","2","2","4"
"bitheag","3","1","4"
"biw_hc","2","2","4"
"Bixiphel","2","2","4"
"BiyikliReis","2","2","4"
"bizcochho","2","2","4"
"Bjarnemika","2","2","4"
"bjly","1","3","4"
"bjoernsen","2","2","4"
"bjornironside_10","2","2","4"
"bjornnotborg","2","2","4"
"BJR3211","3","1","4"
"bkayp","1","3","4"
"Bkchess21","2","2","4"
"black_rex","1","3","4"
"Black-Backed-Jackal","2","2","4"
"blackbeauty85","1","3","4"
"blackbird2023","3","1","4"
"Blackburne13","2","2","4"
"BlackBurne32","2","2","4"
"blackcanwin","3","1","4"
"Blackermj","1","3","4"
"Blackknight_195","1","3","4"
"blackLilia","3","1","4"
"Blacklord22","2","2","4"
"BlackNightKnight","2","2","4"
"bladveger","2","2","4"
"blandito","2","2","4"
"blank_5","2","2","4"
"Blastoderm","1","3","4"
"blazed_terracotta","2","2","4"
"blazena","2","2","4"
"Blazene","2","2","4"
"Blazey","2","2","4"
"Blaziee","3","1","4"
"Blazterr","3","1","4"
"Blckrs","2","2","4"
"Blendzior","2","2","4"
"bless_yee8910","1","3","4"
"blindersmaster","1","3","4"
"BlindManCrying","2","2","4"
"BlindMilker","2","2","4"
"Blindy","2","2","4"
"blipoutboob","2","2","4"
"BlitzDude71","1","3","4"
"Blitzer_1980","2","2","4"
"Blitzkrieg174","1","3","4"
"BLITZWING923","2","2","4"
"blnvdanil","2","2","4"
"Bloblivious","3","1","4"
"BlokePerson","2","2","4"
"blondoe","2","2","4"
"bloodchan14E","2","2","4"
"bloodrichsen","2","2","4"
"BloodyNikez","3","1","4"
"Bludqueen","2","2","4"
"blue_gibbon","3","1","4"
"Bluedog2000","3","1","4"
"BlueGreenClown","1","3","4"
"bluemre123","2","2","4"
"BlueVmt","2","2","4"
"Blunderboy4590","2","2","4"
"BlunderdQueen1","3","1","4"
"blunderedmate","1","3","4"
"Blundermated","2","2","4"
"BLunDeRS_the_QuEeN","1","3","4"
"blurlander","3","1","4"
"blurryben","2","2","4"
"BMAakash","2","2","4"
"bmesh1","2","2","4"
"bmwpsycho","2","2","4"
"bn_eissa","2","2","4"
"Bngst","3","1","4"
"Bo_SH","1","3","4"
"Bo3abd91","2","2","4"
"boafpha","2","2","4"
"boatrap","2","2","4"
"Bob3141592","2","2","4"
"bobah_0","1","3","4"
"bobasode","3","1","4"
"bobbert","2","2","4"
"bobboona","2","2","4"
"bobby_inc","2","2","4"
"bobby187","2","2","4"
"BobbyAces","3","1","4"
"BobbyJhonson","2","2","4"
"Bobchan69","2","2","4"
"bober7623","2","2","4"
"BobFi","1","3","4"
"bobflob","1","3","4"
"Bobfreemann","2","2","4"
"BobinaEM","2","2","4"
"bobojonovshohruzbek","2","2","4"
"BoboNox","2","2","4"
"bobrik_dod","2","2","4"
"bobviivi","3","1","4"
"bobyfischer12","2","2","4"
"Bochito","2","2","4"
"Bodge_Pchel","1","3","4"
"bodio0630","3","1","4"
"BodrulAlom4949","2","2","4"
"Bof173","2","2","4"
"Bogdan_30_2013","2","2","4"
"Bogdanbiz","2","2","4"
"bogi_0205","1","3","4"
"Bogrudelik","2","2","4"
"bogun33","2","2","4"
"bogybond","2","2","4"
"bojohn","2","2","4"
"Bokii_Viacheslav","2","2","4"
"bolinder911","3","1","4"
"Bolszewik","2","2","4"
"Bolzplatzkind","1","3","4"
"bombereid","2","2","4"
"bondetampen","1","3","4"
"BondrenSpartan","2","2","4"
"boneAtrOphy","2","2","4"
"bonezh","2","2","4"
"bongo7810","2","2","4"
"Bonkitmob","2","2","4"
"bonnot","3","1","4"
"Bonsak","1","3","4"
"Bookup","2","2","4"
"Boomerbuster","2","2","4"
"boonedoggle","1","3","4"
"Boostage","2","2","4"
"BoraDA","1","3","4"
"Boraes","3","1","4"
"Borage36","2","2","4"
"borankacarr10","3","1","4"
"boris2507","2","2","4"
"BorisCara","1","3","4"
"Borislorens","3","1","4"
"Bosnia81","1","3","4"
"boss_chess_01","2","2","4"
"bossboss77","2","2","4"
"Bossgoodness007","2","2","4"
"BotanVuran","2","2","4"
"BotayRinat","2","2","4"
"Botchwinnik","2","2","4"
"botezgambitdeclined","2","2","4"
"Botinok666","1","3","4"
"boulabola","2","2","4"
"boulayo","3","1","4"
"BouncyBalls","2","2","4"
"Bourke99","3","1","4"
"boxmove","3","1","4"
"boygim","1","3","4"
"bpburns","3","1","4"
"BpMocx","2","2","4"
"BqFqYq_mate","2","2","4"
"bqlek","2","2","4"
"Br0b","3","1","4"
"brad0pitt","2","2","4"
"Brad3dd","3","1","4"
"brahyiim","1","3","4"
"Brainfrezze","1","3","4"
"Brainstormy","2","2","4"
"BrambleBee","3","1","4"
"brandobchess","2","2","4"
"Brandon_0706","1","3","4"
"BrandtinBlack","1","3","4"
"Brandy-4","3","1","4"
"braniac813","3","1","4"
"Brankok","3","1","4"
"braquiosaurio","1","3","4"
"Brasetvik","2","2","4"
"brasil75","2","2","4"
"BraulioVaz","2","2","4"
"BraveOHeart","1","3","4"
"Brayanperico","2","2","4"
"Brazan2","3","1","4"
"brbrann","3","1","4"
"brda97","2","2","4"
"Brdznsky","1","3","4"
"breadmaster259","1","3","4"
"breaksideflow","1","3","4"
"Breezywilz","2","2","4"
"Breizou","1","3","4"
"Brenno37","2","2","4"
"breyetto","2","2","4"
"Bri2128","2","2","4"
"Brian_BA","2","2","4"
"brianpogi999","2","2","4"
"BridgerDr","2","2","4"
"Brighton9","1","3","4"
"brill748","2","2","4"
"Brisesisbio8","2","2","4"
"bristal","2","2","4"
"britishtable","2","2","4"
"Brixiof","3","1","4"
"Brkmrt1","2","2","4"
"Bro-Bert","2","2","4"
"bro223","2","2","4"
"BroBrat","2","2","4"
"Broda_Man","3","1","4"
"Brolus","2","2","4"
"bromboni","3","1","4"
"Bronsito","1","3","4"
"Brooksie","1","3","4"
"Broomdock","3","1","4"
"BrotherHood_Backman","3","1","4"
"browinimpo_darman","2","2","4"
"brownfi","2","2","4"
"brrntos","2","2","4"
"bruhrak","2","2","4"
"Brumbaal","1","3","4"
"BrunoRauli","3","1","4"
"brviciadoemcafe","2","2","4"
"Bryce_Rogers","2","2","4"
"brye79","2","2","4"
"BRYNEBUR99","2","2","4"
"bryo13","1","3","4"
"brzoza84","2","2","4"
"bsamek","2","2","4"
"Bsd","3","1","4"
"BSSSRIKAR","1","3","4"
"BubbeSS","1","3","4"
"Bubidi","3","1","4"
"Bubudu93","2","2","4"
"buceho","2","2","4"
"buchi304","3","1","4"
"bucky93","1","3","4"
"Budde0310","2","2","4"
"buddyguy1912","2","2","4"
"BuddyyGuyy","1","3","4"
"BudiceMelo","1","3","4"
"budiman19","2","2","4"
"budyn3333","3","1","4"
"bugenkibu","3","1","4"
"BugnusCarlsen23","2","2","4"
"bugrasugun","2","2","4"
"buiduc02","2","2","4"
"Buithinhhung","2","2","4"
"bulasch","2","2","4"
"BulletMaster0","2","2","4"
"BulletToothTony","2","2","4"
"BullShark369","2","2","4"
"bulochess","2","2","4"
"bumbaloo","3","1","4"
"bumblebee1607","2","2","4"
"Bumcrumz","2","2","4"
"Bundesliga_fanatic","2","2","4"
"bungleodeon","1","3","4"
"bungwung","1","3","4"
"Bunini","2","2","4"
"Bunny2611","2","2","4"
"burakkahraman","2","2","4"
"burakkkg","3","1","4"
"Buridans_Ass","3","1","4"
"Burley23","1","3","4"
"Burner63","2","2","4"
"BurningTheShips","3","1","4"
"burtosu","2","2","4"
"Busel02_MCS","2","2","4"
"BustahKeaton","2","2","4"
"butchersboys2802","1","3","4"
"buti2010","1","3","4"
"Butiat","1","3","4"
"buttdust","2","2","4"
"BuyDVAX","2","2","4"
"Buzik726","2","2","4"
"bvb09999","2","2","4"
"Bwatha","3","1","4"
"bwp863","2","2","4"
"bxkhaled","2","2","4"
"ByEBA","3","1","4"
"byjunm","2","2","4"
"bymeb","2","2","4"
"BZcheesser","2","2","4"
"Bzen_22","2","2","4"
"c_Authorized","1","3","4"
"C_bci","2","2","4"
"c_ronaldo3435","2","2","4"
"c_vinitak","1","3","4"
"C-Max1","2","2","4"
"C0rm","1","3","4"
"C123pin2022","2","2","4"
"c1n1co","2","2","4"
"C21200","1","3","4"
"C4-is-explosive","1","3","4"
"C4rpeDi3m","1","3","4"
"C92","2","2","4"
"CabaleroSioux","2","2","4"
"caceel","2","2","4"
"Cachemydreams","2","2","4"
"cachorro74","2","2","4"
"cachricachri","2","2","4"
"Caco136","2","2","4"
"CactusDrinker","2","2","4"
"cadicadi","2","2","4"
"CaesarWallas","1","3","4"
"caffeLatte","2","2","4"
"CaglarS","2","2","4"
"Caissakaze","2","2","4"
"CaitlynDad","2","2","4"
"Calabreso","2","2","4"
"calamar21","2","2","4"
"caldisjosue","3","1","4"
"calefodes","2","2","4"
"calitro","2","2","4"
"callbarsis","3","1","4"
"callemekek0","1","3","4"
"callidusulixes","2","2","4"
"calvarado2123","2","2","4"
"calvo96","1","3","4"
"CamargosAL","2","2","4"
"Camarlengo2812","3","1","4"
"camilo2689","2","2","4"
"camilosagua","2","2","4"
"Campion00","2","2","4"
"camr200180","2","2","4"
"camt89","2","2","4"
"CanBora888","2","2","4"
"Candiman","2","2","4"
"Candypaint9","2","2","4"
"Canedorlo","2","2","4"
"CangJaLeho","2","2","4"
"Canozguur","3","1","4"
"CantBuyMeLove","2","2","4"
"Cap_R","2","2","4"
"CaperucitaRoja","2","2","4"
"CapibaraMaster","2","2","4"
"CapitanShah","2","2","4"
"Capitito","1","3","4"
"capiutri","2","2","4"
"cappy95833","2","2","4"
"Captain_Trojan","2","2","4"
"CaptainMorganxx","1","3","4"
"CaptainRoger10","2","2","4"
"captcancamp","2","2","4"
"capturescapturesx100","2","2","4"
"carbar2012","2","2","4"
"cargloc","2","2","4"
"Carlez10","3","1","4"
"carlo_chess","2","2","4"
"CarloLR","1","3","4"
"CarloLucas5043","1","3","4"
"CarloMantas","2","2","4"
"carlos_ic36","1","3","4"
"carlos102","2","2","4"
"CarlosBauzaC","3","1","4"
"CarlosEnriquez2021","3","1","4"
"carlosfidelis","2","2","4"
"CARLOSFRANCOM","2","2","4"
"Carlosguerper","2","2","4"
"CarlosOrtegas","2","2","4"
"CarlosReboredo","2","2","4"
"CarlosReyesrivera2","2","2","4"
"Carlowinner10","2","2","4"
"Carlsenfan71","1","3","4"
"carmin06","3","1","4"
"Carnicero","1","3","4"
"caroen","2","2","4"
"CaroKannLover10","2","2","4"
"CarolusRex_1682","3","1","4"
"CaroSchmitz","2","2","4"
"carra55","2","2","4"
"Carrinhodemao","3","1","4"
"CarsonGoh07","1","3","4"
"cartoonist83","2","2","4"
"Carup","2","2","4"
"casciouz","2","2","4"
"Cascolet","2","2","4"
"Caseyparkins","2","2","4"
"Cashmirvon","2","2","4"
"CashualCashier","2","2","4"
"casiserio","2","2","4"
"caspablanca81","2","2","4"
"Casparnemo","2","2","4"
"cassinidivision","2","2","4"
"CastledCamel","2","2","4"
"CastlesLongSide","2","2","4"
"casual_strength","2","2","4"
"Casual3141","2","2","4"
"casusbelli714","2","2","4"
"cataros_anthony89","2","2","4"
"CatboiAoi","2","2","4"
"catechizzAZIONE","2","2","4"
"CatGymnastics","3","1","4"
"Cathal20","2","2","4"
"CathaTheChessisian","1","3","4"
"Catpashas123","1","3","4"
"Cavalier1407","2","2","4"
"cavalli1021","1","3","4"
"cavedooper","2","2","4"
"caveman731","2","2","4"
"Cavo_97","2","2","4"
"CazaresEnrique","2","2","4"
"CB_MESHAK","3","1","4"
"CB_Samyak","1","3","4"
"cba4090mukundan2","1","3","4"
"cba777","2","2","4"
"cbekir","3","1","4"
"CBorce_2012_ZC","2","2","4"
"Cbraz","2","2","4"
"cbvicq","2","2","4"
"cdiaz01","2","2","4"
"CE-marking","2","2","4"
"Cean","2","2","4"
"Cease","1","3","4"
"ceciliobatista","2","2","4"
"cedmart1","3","1","4"
"cedrixcabs93","3","1","4"
"ceejinator2","3","1","4"
"ceered","1","3","4"
"celalefe07","1","3","4"
"celesian","3","1","4"
"CelestialHD","1","3","4"
"CeLpez","3","1","4"
"Cem_bzkrt","3","1","4"
"cemo64","2","2","4"
"cengoo","2","2","4"
"cepb","3","1","4"
"Ceps_utbandung","2","2","4"
"Ceraferdark","2","2","4"
"Cergei_ybivahka","2","2","4"
"CernyCavo","1","3","4"
"CerR_555","2","2","4"
"Cervantes88","2","2","4"
"cesargerardo2011","3","1","4"
"cesarsan463","3","1","4"
"Cevaneosoul","2","2","4"
"ceyhun_ln","3","1","4"
"ceyo46","2","2","4"
"cgrebs","2","2","4"
"Ch0mpsky","3","1","4"
"ch636","1","3","4"
"chaanakya","2","2","4"
"ChaCha_Yii","2","2","4"
"chachu7","3","1","4"
"chaitlatte","2","2","4"
"Chaman_killer","2","2","4"
"chamia","2","2","4"
"champblair","2","2","4"
"Chan2197","2","2","4"
"Chanakya005","3","1","4"
"chancethenappr","3","1","4"
"chancholimpio","2","2","4"
"chandan11111111","2","2","4"
"chandanEV","3","1","4"
"Chandra777","1","3","4"
"chandrakalabahir","1","3","4"
"chapablanca2000","1","3","4"
"ChaplinOne","3","1","4"
"Charles0707","3","1","4"
"Charlesdesweppes","2","2","4"
"charlesmlima2","3","1","4"
"Charlesnewton","2","2","4"
"charlespool","2","2","4"
"charlesswann","3","1","4"
"charlie1123","2","2","4"
"Charlie81","2","2","4"
"Charmar18","2","2","4"
"Chaser_Kain","2","2","4"
"chAssmaster2006","2","2","4"
"chavaajr","2","2","4"
"chavarrynext","2","2","4"
"Chavaruv","1","3","4"
"chavestaker","2","2","4"
"Che33981","2","2","4"
"cheche2","2","2","4"
"checkharam","1","3","4"
"Checkmate9999999","2","2","4"
"CheckMater5000","2","2","4"
"CheckRaiseMate","2","2","4"
"Cheerboys","2","2","4"
"ChEERY1337","2","2","4"
"cheesebot","3","1","4"
"Cheesemates","2","2","4"
"cheesyalby","2","2","4"
"cheezit","2","2","4"
"cheezy3165","2","2","4"
"Cheftito","1","3","4"
"chehpyh","2","2","4"
"CHekavo2","2","2","4"
"chelee","1","3","4"
"ChelentanoA","2","2","4"
"chellmate","2","2","4"
"chelo_5915","3","1","4"
"chelopr","1","3","4"
"Cheposian","2","2","4"
"Chertishto","2","2","4"
"ches_vladimir","2","2","4"
"Chess_100_Jc","3","1","4"
"Chess_26_Player_71","2","2","4"
"Chess_90f","2","2","4"
"chess_champ05","2","2","4"
"Chess_coach_Rus","2","2","4"
"Chess_Computer_101","2","2","4"
"chess_eschool_rokh","2","2","4"
"Chess_goal_1300","2","2","4"
"Chess_Introvert","3","1","4"
"Chess_Isa_2009","2","2","4"
"Chess_Killer123","2","2","4"
"Chess_Maestro_Art","2","2","4"
"Chess_Masster","1","3","4"
"Chess_Mate2020","2","2","4"
"chess_mc8011","2","2","4"
"Chess-1987","2","2","4"
"Chess-RK12345","2","2","4"
"chess-school-gambit","2","2","4"
"chess4me2too","2","2","4"
"Chess557","2","2","4"
"chessazur23","2","2","4"
"chessbangers","2","2","4"
"ChessBonkerz","2","2","4"
"chessbrah24","2","2","4"
"chessbum89","2","2","4"
"ChessClubXYZ","2","2","4"
"chesscrunchy","2","2","4"
"Chessdabadab","1","3","4"
"chesser_95","2","2","4"
"chesser3211","3","1","4"
"Chessernut","2","2","4"
"chessfoolish","2","2","4"
"Chessgod934","3","1","4"
"chessgonzo","3","1","4"
"Chessgorilla100","2","2","4"
"ChessGuy1484","2","2","4"
"Chessie-James","2","2","4"
"chessischeese11","3","1","4"
"chessislifeman","3","1","4"
"Chesskid234633","2","2","4"
"ChessKingTrainer","2","2","4"
"chesslearner2000","3","1","4"
"chesslearnerarshad","2","2","4"
"Chesslife17","2","2","4"
"chessmachine02","2","2","4"
"ChessMadFromRussia","2","2","4"
"ChessMakesMeAnxious","1","3","4"
"ChessMakesMeCry","1","3","4"
"chessman200","2","2","4"
"chessmane4d4","2","2","4"
"chessmann1903","2","2","4"
"chessmaster174","1","3","4"
"ChessmasterKimmyG","2","2","4"
"Chessmasterlife","2","2","4"
"Chessmate4u","2","2","4"
"Chessminator97","2","2","4"
"chessnat4","3","1","4"
"ChessNerdLCR","3","1","4"
"chessnikis","2","2","4"
"chessnut83","1","3","4"
"chessomerl","2","2","4"
"Chessotkin","3","1","4"
"ChessPlayer701","2","2","4"
"chesspro1206","1","3","4"
"ChessProdigy26","2","2","4"
"chessrookie2000","2","2","4"
"chessshovel","3","1","4"
"CheSSSophia","2","2","4"
"ChessStonk","1","3","4"
"ChessstorM10","2","2","4"
"chesstitan5","3","1","4"
"ChessTitan9","2","2","4"
"chessunju","2","2","4"
"Chessvacka","2","2","4"
"ChessXGero","2","2","4"
"chessy_arma","1","3","4"
"ChessyNorman","1","3","4"
"chetan9331","3","1","4"
"CheTheChesser","1","3","4"
"chew_tunes","2","2","4"
"Chicken_Dinner11","2","2","4"
"chicov","3","1","4"
"Chidedede","1","3","4"
"Chief_Cook","3","1","4"
"chigozie_nsn","2","2","4"
"Chika96_KGZ","2","2","4"
"Chikanda","2","2","4"
"chikatila","3","1","4"
"chikinator1969","2","2","4"
"chikosbande","3","1","4"
"Childish-Eme","1","3","4"
"ChileanDestroyer","2","2","4"
"chili_D","2","2","4"
"Chillen123","3","1","4"
"ChillinKyg0","3","1","4"
"chills42","2","2","4"
"cHiMs","2","2","4"
"Chimzy","3","1","4"
"Chinaski2","2","2","4"
"chinchinhay","2","2","4"
"chipolino567","3","1","4"
"chipsomanextreme","2","2","4"
"ChipsVinaigre","3","1","4"
"chiqui_mons","2","2","4"
"chitah999","2","2","4"
"chk0nia1","2","2","4"
"chki","3","1","4"
"choboss","3","1","4"
"chocolatito_rico","2","2","4"
"Choks2023","2","2","4"
"CholSSik","2","2","4"
"ChonasDemGeilen","2","2","4"
"chonc","3","1","4"
"chopo41","2","2","4"
"choqbear","2","2","4"
"ChornyyFerz","2","2","4"
"chr46","2","2","4"
"Chrad","1","3","4"
"chrapcio","2","2","4"
"Chrill","3","1","4"
"Chris_Asf","3","1","4"
"Chris_Johnson","2","2","4"
"Chris_mate","1","3","4"
"chrischris28","3","1","4"
"ChrisStoni","2","2","4"
"christianjohn","2","2","4"
"ChristopherFedora","3","1","4"
"Chrisusa96","2","2","4"
"chriszrockt","3","1","4"
"chuaky75","3","1","4"
"chubars","2","2","4"
"ChuckyYSK","2","2","4"
"Chudik2011","1","3","4"
"Chugunnikov","3","1","4"
"Chumakov_Fedor","2","2","4"
"chumi73","3","1","4"
"Chunchiev","2","2","4"
"chunchozurdo","2","2","4"
"Chunya","3","1","4"
"Ciambella_cicciona","1","3","4"
"ciaparitto","3","1","4"
"Ciaran96","1","3","4"
"Cibriliemin","2","2","4"
"cicabogar","2","2","4"
"cicero11","3","1","4"
"Cid-54","2","2","4"
"Cinezocker","2","2","4"
"Ciuciuk","2","2","4"
"Civil_engeneer","2","2","4"
"cizivicyiyom09","2","2","4"
"Cj3294","3","1","4"
"ckefa","3","1","4"
"CKing01","2","2","4"
"clabbyk7","1","3","4"
"ClaraMeow","2","2","4"
"clasher001","2","2","4"
"Claudio235","2","2","4"
"ClavinK","2","2","4"
"Claymarzo37","1","3","4"
"Claypex","2","2","4"
"Cleanflagger","1","3","4"
"Clegux","3","1","4"
"Cleiton_Erick-MT","2","2","4"
"clemme","1","3","4"
"clifflee1428","3","1","4"
"cliniohuamani","2","2","4"
"Clint83","1","3","4"
"CLMO29","3","1","4"
"Clodne","3","1","4"
"Cloomy","2","2","4"
"CloseRickCounter","2","2","4"
"cloud2430","3","1","4"
"Cloudshark123","1","3","4"
"cloutthekiller","2","2","4"
"clu3l355","2","2","4"
"clunky_mechanism","3","1","4"
"Cluny","2","2","4"
"cmac515","3","1","4"
"cmeinzen","3","1","4"
"cmjhon","2","2","4"
"cml84","1","3","4"
"cmsjustin","2","2","4"
"cmurtle","2","2","4"
"cnfy","2","2","4"
"cngzhn65","3","1","4"
"Coach_W3ndel1","2","2","4"
"cocacolaenjoyer","1","3","4"
"Coco_el_drilo","2","2","4"
"cocodril33","2","2","4"
"Cocoliso31","2","2","4"
"Codeur_gameur","1","3","4"
"CodeyNagata","2","2","4"
"CoDRatnik2","2","2","4"
"cody3030","2","2","4"
"coeus250","3","1","4"
"coezer","1","3","4"
"COFF13","1","3","4"
"CoffeeNotFound","2","2","4"
"Coklat_ku","3","1","4"
"colandco","2","2","4"
"Coldsand","2","2","4"
"ColdSynthesis","2","2","4"
"Colin_06","2","2","4"
"Collap5e","2","2","4"
"Collykings","1","3","4"
"Colman2121","2","2","4"
"Colonel_Forbin","3","1","4"
"CommeToi","3","1","4"
"Communicator","2","2","4"
"ComnonChessGames","2","2","4"
"comonandplay","2","2","4"
"ComposerAfterHours","2","2","4"
"Computerfineman","2","2","4"
"comrade_lenin23","2","2","4"
"comradeschess","2","2","4"
"ComTlancy","2","2","4"
"ConKehoe","2","2","4"
"ConradoP","2","2","4"
"ContDacula21","2","2","4"
"conte_limoncello","2","2","4"
"Contrabajoasdf1","1","3","4"
"Cookiebishop","1","3","4"
"Cookieception","2","2","4"
"coolcorona","3","1","4"
"cooler107","3","1","4"
"coolerkz","2","2","4"
"Coolfish814","2","2","4"
"CoolPerson1217","2","2","4"
"Coop21","2","2","4"
"coopman200","2","2","4"
"cop3d","1","3","4"
"coracoid","2","2","4"
"coralcaycode","2","2","4"
"Corcel_Blanco","1","3","4"
"coriander_salamander","2","2","4"
"corleone017","2","2","4"
"Cornielle","2","2","4"
"coronacasero","2","2","4"
"corpusdelicti97","1","3","4"
"Cortez_Radialista","1","3","4"
"Cosmolog","2","2","4"
"Cosmologeist","2","2","4"
"costaprima","2","2","4"
"costismiles","2","2","4"
"Coxoro","3","1","4"
"cphinx","2","2","4"
"cplawrence","2","2","4"
"cpleoni","3","1","4"
"CptMcMillan","1","3","4"
"Crackzied28","2","2","4"
"craigTpizza","1","3","4"
"Crazy_Gamer10","3","1","4"
"Crazy-Mirror","3","1","4"
"Crazybunnyz","2","2","4"
"crazyruh10","2","2","4"
"Creative92","3","1","4"
"crendel69","2","2","4"
"creolio","2","2","4"
"cRestaa","2","2","4"
"cricascar","2","2","4"
"cricketmaster3000","2","2","4"
"Cripper12","2","2","4"
"CripyPasta2","2","2","4"
"crisorbel123","2","2","4"
"CrisTaylor_GM_17","2","2","4"
"CristhianMassa","2","2","4"
"cristian17o","2","2","4"
"Cristiankmilocn","3","1","4"
"CristinaRojas","2","2","4"
"crjlaw","2","2","4"
"croixs","2","2","4"
"croli","2","2","4"
"Cronos_08","2","2","4"
"Crookid","2","2","4"
"Cross2309","3","1","4"
"Croups","2","2","4"
"crown26","1","3","4"
"Crucial_fate","2","2","4"
"crunch527","2","2","4"
"cruny","2","2","4"
"crusade72","2","2","4"
"Crushinglion2011","1","3","4"
"CrushOverite","2","2","4"
"crustifiedcrevis","2","2","4"
"Cruzaders1","2","2","4"
"CrvE","3","1","4"
"crwzyman","2","2","4"
"crymeariverplz","2","2","4"
"crypttaker","2","2","4"
"CSAlagoano","3","1","4"
"csenkal","2","2","4"
"CSpaete","2","2","4"
"csudre","1","3","4"
"ctl","2","2","4"
"cTomas","2","2","4"
"CUALQUIERA1","2","2","4"
"Cuatro-Queijos","2","2","4"
"cubacanada","2","2","4"
"CubeRuisseau50","1","3","4"
"Cubike","1","3","4"
"cubodelnorte","3","1","4"
"Cucchetti","1","3","4"
"Cudder4","3","1","4"
"Cuervo113","1","3","4"
"cultosaurus33","2","2","4"
"Cunctator37","2","2","4"
"curiostraveler","3","1","4"
"curracov","1","3","4"
"CuteKittie","3","1","4"
"cuttlas8","3","1","4"
"Cvetomuzyka","2","2","4"
"Cvinka__peppa","3","1","4"
"cvuplay","2","2","4"
"cyaF4","3","1","4"
"Cyanconnection","2","2","4"
"Cyber_knight","2","2","4"
"CyberLackie","1","3","4"
"cyborg12","2","2","4"
"cyhuang03","2","2","4"
"cypa","2","2","4"
"cyrdavydov","2","2","4"
"d_Ephesian","2","2","4"
"d_jiang","2","2","4"
"D-rose1","2","2","4"
"d0ngok","3","1","4"
"D0R4D0","2","2","4"
"d32147","3","1","4"
"d3eadinsult","1","3","4"
"D4-Spieler","2","2","4"
"d43m0n","1","3","4"
"d4cebat","2","2","4"
"d4h","1","3","4"
"D4rkKn1ght24","3","1","4"
"D4vid3b","2","2","4"
"Da-ab-7411","2","2","4"
"Da9dae","3","1","4"
"daamibrahim","2","2","4"
"daBos","2","2","4"
"DadangDewasuburKipas","2","2","4"
"DadoFme","2","2","4"
"Dadursam2","2","2","4"
"Daegones","2","2","4"
"Dafefrasu","2","2","4"
"Daffy-Duck","1","3","4"
"daffyy","3","1","4"
"DaftJM","2","2","4"
"Daghan2","2","2","4"
"dagiroxforever7","2","2","4"
"dahaka1004","3","1","4"
"Daijiro","2","2","4"
"daikerumaru","1","3","4"
"DailanDrrogba","1","3","4"
"dakshgowda","2","2","4"
"dalaka","1","3","4"
"dalar89","2","2","4"
"dalarryous","2","2","4"
"Damadahaiyi","2","2","4"
"damaiIII","3","1","4"
"Daman30","2","2","4"
"Damian1313","3","1","4"
"Damiandowski","2","2","4"
"Damindu","3","1","4"
"damir1998","2","2","4"
"DAMIR201209","3","1","4"
"Damira0307","2","2","4"
"Damirjan","3","1","4"
"DamoIreland","2","2","4"
"Damon_chess","2","2","4"
"Dampfkessel","2","2","4"
"Damun_Moha","2","2","4"
"dan_tarnopol","2","2","4"
"dan141","3","1","4"
"dana4","3","1","4"
"danair996","3","1","4"
"danalspue","2","2","4"
"danbarker98","2","2","4"
"DanBeatles","2","2","4"
"dandaramel","3","1","4"
"Daneil","2","2","4"
"danger_magnus","1","3","4"
"dangerouser","2","2","4"
"dangerwtf","2","2","4"
"dani_mran","2","2","4"
"dani17rr","2","2","4"
"danianchess2005","1","3","4"
"Daniel_Aze","2","2","4"
"Daniel_nightmare","1","3","4"
"DanielekElemelek","2","2","4"
"danielgaitancho","2","2","4"
"danielgen","3","1","4"
"danielmac15","2","2","4"
"DanielMattia","3","1","4"
"DanielRC2","2","2","4"
"danielsahle","2","2","4"
"Danielus","2","2","4"
"DanieTe","3","1","4"
"DaniilMatveevich","3","1","4"
"DaniKika","1","3","4"
"danil34525","1","3","4"
"danilocarav","2","2","4"
"danilofrss","2","2","4"
"Danithepro98","3","1","4"
"Danix1974","3","1","4"
"Danmatukk","1","3","4"
"DanniDK","2","2","4"
"dannoob80","2","2","4"
"DannVermouff30","1","3","4"
"DannyBoodman900","2","2","4"
"dannychickenegg","2","2","4"
"Dannymichael_RD","2","2","4"
"Dannyro","2","2","4"
"DannyWhizzbang","3","1","4"
"Danru2006","2","2","4"
"dansak4","1","3","4"
"Dany_Laevsky","2","2","4"
"dany212121","2","2","4"
"Danyaljafaryan","2","2","4"
"DanyFed1","2","2","4"
"daoli","2","2","4"
"dapperpage","2","2","4"
"DAQTP2T","2","2","4"
"DaQuestionnaire","2","2","4"
"DarckShy","3","1","4"
"Darcoter","3","1","4"
"Darealstockfish","2","2","4"
"Dario20104","2","2","4"
"Dariuswins","2","2","4"
"dark_buckwheat","2","2","4"
"dark_lol15","1","3","4"
"Dark_Lord007","2","2","4"
"Dark_Matter_Matters","2","2","4"
"Dark15D","2","2","4"
"dark1945","2","2","4"
"darkener","2","2","4"
"DarkFireGecko","2","2","4"
"darkknight21813","2","2","4"
"darkknighttt12","2","2","4"
"DarkLordSpanky","1","3","4"
"Darknessisyourcandle","2","2","4"
"darknight169","2","2","4"
"DarkPrelateZeratul","3","1","4"
"Darkrai6699","2","2","4"
"darkside2","2","2","4"
"DarkSquishop","2","2","4"
"darkxpsycho","2","2","4"
"Darla","2","2","4"
"DarouichA","3","1","4"
"DartaG","2","2","4"
"darthplagueisthewise","2","2","4"
"DarthVader123456","2","2","4"
"darwinhar","1","3","4"
"dasdfqwerty","3","1","4"
"DashinCore","2","2","4"
"DasmaChess","3","1","4"
"datGuy0309","2","2","4"
"datway","2","2","4"
"DautovFara","2","2","4"
"DavaBara","3","1","4"
"Davader420","3","1","4"
"Dave_Sax_93","2","2","4"
"davengers","2","2","4"
"davewizkid","1","3","4"
"David_HTV","2","2","4"
"david_lozano_c","3","1","4"
"David_Roussel","2","2","4"
"David_XIX","3","1","4"
"david-madularea","3","1","4"
"David220407","2","2","4"
"davidarnalgar","2","2","4"
"davidbuchmann","2","2","4"
"davidbuckman","2","2","4"
"davidc0420","1","3","4"
"DavidChag","2","2","4"
"daviddawkins","1","3","4"
"davidemen","1","3","4"
"davidgarciaq","3","1","4"
"DavidKhachatryan1","3","1","4"
"DavidPopov","1","3","4"
"DavidRiedel","2","2","4"
"DavidShimmerscale","1","3","4"
"DavidSKT","1","3","4"
"DavidVerny","1","3","4"
"DavinciDicaprio","2","2","4"
"davitelj","1","3","4"
"davmanukyann","2","2","4"
"Davonitos","2","2","4"
"DavPetr","2","2","4"
"Davqueue","1","3","4"
"davsalas","3","1","4"
"DAVYJONES5","2","2","4"
"Dawsha199","2","2","4"
"daxjames","2","2","4"
"day76","3","1","4"
"daYiMukwemba2","2","2","4"
"DAYMOS1337","2","2","4"
"daystew","2","2","4"
"Daywalker2080","2","2","4"
"dazlak14","2","2","4"
"db753","2","2","4"
"dbunch","2","2","4"
"DCHECKER","3","1","4"
"DCLERCQ","1","3","4"
"dcmi","3","1","4"
"dcmpdp","2","2","4"
"dcthjc07","2","2","4"
"dczar_42","1","3","4"
"dd_chess93","2","2","4"
"deadbeef1","2","2","4"
"deadend_username","2","2","4"
"Deador222","2","2","4"
"Deadpool75","2","2","4"
"DeadSailor","3","1","4"
"Deakyfics","2","2","4"
"dearifki","2","2","4"
"deathmastar0","1","3","4"
"Debafy","2","2","4"
"debarghya252012","2","2","4"
"DEBARPAN100","2","2","4"
"debby_p","1","3","4"
"Debug","2","2","4"
"decartes_chess","3","1","4"
"decent_chess_playz","2","2","4"
"DeDas2007","2","2","4"
"Dedmazay21","2","2","4"
"dedvlad30","1","3","4"
"DeeChessPlayer","2","2","4"
"deehi","1","3","4"
"deejayrino","2","2","4"
"deek741","2","2","4"
"DeepDarkDoom","3","1","4"
"DeeRoll","2","2","4"
"defib","2","2","4"
"Deflo_Radorde_Anos","1","3","4"
"Defuse_Kit","2","2","4"
"DEHNJHHBN","3","1","4"
"Del8E","2","2","4"
"Delbono","2","2","4"
"Deleites","2","2","4"
"delhiGM","3","1","4"
"Deltaoid","2","2","4"
"demitasse","3","1","4"
"Demo_o","3","1","4"
"Demo_o1","1","3","4"
"DemonJoel","2","2","4"
"dempcym","2","2","4"
"Demyan_22","2","2","4"
"Demyan1234","3","1","4"
"Demyriad","2","2","4"
"den12345678","3","1","4"
"DEN4IK1","3","1","4"
"Den78","3","1","4"
"DenADenW","2","2","4"
"DenDobriy","2","2","4"
"Dendy-s","2","2","4"
"denim199999","1","3","4"
"Denis_Diverse","2","2","4"
"Denis_Linasvetov01","2","2","4"
"DenisD2004","1","3","4"
"DenisG_chess","2","2","4"
"deniska6666","2","2","4"
"denisqa2hq","3","1","4"
"denivarius","2","2","4"
"Deniz_132","1","3","4"
"Denknuss","1","3","4"
"denkonaut","1","3","4"
"denkyem","3","1","4"
"Denni19","2","2","4"
"Denny03","2","2","4"
"Denny1990","2","2","4"
"Denucko","2","2","4"
"Deoman","2","2","4"
"Der-Blaue-Reiter","1","3","4"
"derago21","3","1","4"
"Derda0","1","3","4"
"DerGrieche9001","2","2","4"
"DerHausmeister","2","2","4"
"dericekett","3","1","4"
"derivative7","2","2","4"
"dermonarch","1","3","4"
"derpavian","2","2","4"
"des28ru","3","1","4"
"Desenterrador","2","2","4"
"desigadry","3","1","4"
"Deslandes","2","2","4"
"Desperado38","2","2","4"
"Despieration","1","3","4"
"DetectiveC6","1","3","4"
"Detk1n","3","1","4"
"deugloin","2","2","4"
"deusxmachina96","2","2","4"
"Dev7394","2","2","4"
"Devansh_91","2","2","4"
"Devansh_Gupta","3","1","4"
"devastator_sword","2","2","4"
"DeveloperInChess","1","3","4"
"Developpeurs3D","2","2","4"
"deven_dangi","1","3","4"
"devilchos","2","2","4"
"DewangG","1","3","4"
"Dewapete","2","2","4"
"DeWayne01","3","1","4"
"Dewer","2","2","4"
"Dewiwilson","3","1","4"
"DF_L_55","2","2","4"
"dfbut","3","1","4"
"DFlores1","2","2","4"
"dgallegos","2","2","4"
"DGdigo","1","3","4"
"dgeller","2","2","4"
"DhArAnEsH_2","2","2","4"
"dheepualltheway","3","1","4"
"dhiruchess","3","1","4"
"dhivyasri","2","2","4"
"dhruvapunde","3","1","4"
"Diablaw","2","2","4"
"Diamantgeist","2","2","4"
"Diamondguyo","1","3","4"
"dianarual96","2","2","4"
"dickvigarista","3","1","4"
"Diddlruehl","1","3","4"
"Didier89350","2","2","4"
"Diego_V_C","1","3","4"
"diego-aj","3","1","4"
"Diego138","3","1","4"
"DiegoAbuauad","2","2","4"
"diegoFernandez23","1","3","4"
"DiegoFT","2","2","4"
"Diegogogogog","1","3","4"
"diegoordonez2011","2","2","4"
"diegop11","1","3","4"
"dieguin2021","2","2","4"
"Dietrih_cod","2","2","4"
"dighe_Royalfork","3","1","4"
"digimoi2009","2","2","4"
"Dikici2201","2","2","4"
"Dikoxostinzoni","2","2","4"
"Dillupac_Alfred","2","2","4"
"dima2016S","1","3","4"
"Dimaja","2","2","4"
"dimandyna17","3","1","4"
"dimasic2","2","2","4"
"Dimi_Oberbilk","2","2","4"
"Dimish-Tatarin","1","3","4"
"Dimito2008","1","3","4"
"Dimitrievich","2","2","4"
"dimitrinka1990","2","2","4"
"Dimk91","2","2","4"
"Dimon_en","2","2","4"
"Dimon76","1","3","4"
"Dimzes94","3","1","4"
"Din65","3","1","4"
"dinamit73","1","3","4"
"DiNiReX","2","2","4"
"Dinn12","1","3","4"
"dinosauro1966","2","2","4"
"DINOSQ","2","2","4"
"DiOrEu","2","2","4"
"Diormar","1","3","4"
"DipJD","2","2","4"
"DiptasundarMallick56","3","1","4"
"directorcogger","1","3","4"
"DirectorD","2","2","4"
"Diremizo","2","2","4"
"DireWolves","2","2","4"
"dirg86","2","2","4"
"DirtMcGirtUOO","1","3","4"
"Dirty_harry69","2","2","4"
"disassorted","2","2","4"
"Disembodied924","1","3","4"
"dismammi","2","2","4"
"Disnait","2","2","4"
"distorsorena","2","2","4"
"Disturbedwithin","2","2","4"
"Ditveer","1","3","4"
"divadila","2","2","4"
"Divadow","3","1","4"
"Divdon1","2","2","4"
"Divine_windsurfer","1","3","4"
"divinotrapito","2","2","4"
"dizusman","2","2","4"
"dj12","2","2","4"
"Djabrail95","2","2","4"
"djeenka","2","2","4"
"djfjdkrjfn","2","2","4"
"djh2075","1","3","4"
"djhollywood","2","2","4"
"DjMichaelis","2","2","4"
"DJNT","2","2","4"
"DjoleSRB","2","2","4"
"DjPalos","2","2","4"
"djroncc","2","2","4"
"djrosmag","3","1","4"
"djsjwnjs","2","2","4"
"djtrev","1","3","4"
"DKaio","3","1","4"
"dkkkkkkkk","2","2","4"
"dksksklaa","1","3","4"
"dl50000","3","1","4"
"dlarsvallekas","3","1","4"
"dlfc1896","1","3","4"
"Dlllds","1","3","4"
"Dmain","2","2","4"
"DMC7","1","3","4"
"dmelemed","2","2","4"
"dmeshkizadeh","1","3","4"
"Dmitbar","2","2","4"
"DMITR11","2","2","4"
"dmitra79","1","3","4"
"dmitriew_anatoly","3","1","4"
"Dmitriitvoi","2","2","4"
"Dmitriy-Menshikov","2","2","4"
"Dmitriy08052013","2","2","4"
"dmitrobragin","2","2","4"
"DmitryPisarevskiy","1","3","4"
"dngr8","2","2","4"
"Dniel3b","1","3","4"
"dnLL","2","2","4"
"dnmez8","2","2","4"
"dnordmark","3","1","4"
"dnyann","1","3","4"
"DO3OP","2","2","4"
"Do3ti","3","1","4"
"dobled30","1","3","4"
"DobryZiomek","3","1","4"
"Doc_Who","3","1","4"
"Doctor_propisal","2","2","4"
"Doctor196322","2","2","4"
"Dodore59","3","1","4"
"Doenerxy","2","2","4"
"doesntlift","2","2","4"
"DoflamingoDonquixote","3","1","4"
"Dofy9","2","2","4"
"dogged06","2","2","4"
"dogoeswoof","3","1","4"
"dogsandfilm","2","2","4"
"Dogslover","1","3","4"
"DogukanKing01","3","1","4"
"doguskeles","2","2","4"
"doingmybest999","2","2","4"
"doireocoinn","2","2","4"
"DokDokx_x","2","2","4"
"DokkanBattle","3","1","4"
"dolgodum","2","2","4"
"Dolphin2005","2","2","4"
"dom24smith","3","1","4"
"domagojvrcan","2","2","4"
"domajo","1","3","4"
"domes_von_wirsche","2","2","4"
"domi2862","1","3","4"
"don-perignon","2","2","4"
"donaetapaovca","3","1","4"
"donandante","3","1","4"
"Donaudampfer","2","2","4"
"Donaudampfschiffer","2","2","4"
"DoncaBrown","1","3","4"
"Donderkat","2","2","4"
"Dondoctor","2","2","4"
"dongmae","1","3","4"
"DonGrunello","2","2","4"
"donizzy38","3","1","4"
"donjonson","2","2","4"
"DonJose101","2","2","4"
"Donkapson","2","2","4"
"donkeymart","1","3","4"
"donmauricio8484","2","2","4"
"donniedizzle","3","1","4"
"donny0331","2","2","4"
"DonovanHaley","2","2","4"
"DonPacifico","3","1","4"
"donsmart1","2","2","4"
"dont_play_e4","2","2","4"
"DontShadowBan","2","2","4"
"donttrustyao","2","2","4"
"DontWorryPapa","3","1","4"
"doobiehashtray","2","2","4"
"doodledood","2","2","4"
"doom4","2","2","4"
"DOP19","1","3","4"
"Dope_culture","3","1","4"
"Doplerok","2","2","4"
"Doppel_Max","2","2","4"
"DorianChan","2","2","4"
"dotaplayer2004","3","1","4"
"dots84","3","1","4"
"double_plus_ungood","1","3","4"
"Dougiebuchanam","3","1","4"
"Dougz","1","3","4"
"DouiTheBoss","2","2","4"
"DowlingStream","2","2","4"
"Doydoytami_75","2","2","4"
"dozertdc","2","2","4"
"dpcybuck","1","3","4"
"DPDA","2","2","4"
"DPIOA","3","1","4"
"DR_01","1","3","4"
"Dr_Croc","2","2","4"
"dr_manikumars","1","3","4"
"dr_marangoz","2","2","4"
"Dr_mertg","2","2","4"
"Dr_Monakale","2","2","4"
"Dr_Muhammad22","2","2","4"
"dr_ramo","2","2","4"
"dr_warren","2","2","4"
"Dr-CBN","1","3","4"
"Dr-Innomiate","2","2","4"
"Dr-Night_01","2","2","4"
"Draagondive","2","2","4"
"Dragan997","3","1","4"
"dragon_fire_2021","2","2","4"
"Dragon911","2","2","4"
"Dragondoo","2","2","4"
"DragonflyGambit","1","3","4"
"DragonMaster3000","1","3","4"
"DragonMEX","1","3","4"
"DragonnBallZz","2","2","4"
"dragonraser","2","2","4"
"dragontob","2","2","4"
"Dragzus","2","2","4"
"DrakeOfIran","2","2","4"
"dram625","2","2","4"
"Drasius","2","2","4"
"dravip","3","1","4"
"dray013","2","2","4"
"DrBalaB","3","1","4"
"DrBeylall","2","2","4"
"drchella","1","3","4"
"DrCount","3","1","4"
"DrDavydov","1","3","4"
"Drdevilstyne008","2","2","4"
"drdounai","2","2","4"
"DrDrunkenstein18","2","2","4"
"DrEaDeDLoCk","2","2","4"
"DreadPirateRobberts","1","3","4"
"Dream_Tim_UA","2","2","4"
"Dreaming915","1","3","4"
"dreamwind","2","2","4"
"dredko","1","3","4"
"dredreboy","2","2","4"
"dreferd","2","2","4"
"drelli","2","2","4"
"Drempi","2","2","4"
"Drench15","2","2","4"
"DrEnterprise","1","3","4"
"drew_L","2","2","4"
"Drew60","3","1","4"
"DrEzraeeL","1","3","4"
"DrGreenthumbs","2","2","4"
"driesdewet","2","2","4"
"Drjioujiou","2","2","4"
"drkaraelmas","3","1","4"
"DrKeper1","1","3","4"
"Drkhaled38b","2","2","4"
"Drkx1234","2","2","4"
"DrMBchess","3","1","4"
"DrMed92","1","3","4"
"DrMurzik","2","2","4"
"drnazarka","3","1","4"
"Drobecek","2","2","4"
"droelfzehn","1","3","4"
"droissendorf","3","1","4"
"Droitchess","2","2","4"
"droppinbuckets","3","1","4"
"drory","2","2","4"
"Drovalzki","1","3","4"
"DrOZTAS","2","2","4"
"Drrew117","2","2","4"
"DrSabotage","2","2","4"
"DrSativa","2","2","4"
"DRSkyFox1","2","2","4"
"DrSykterstein","1","3","4"
"DrSyros","2","2","4"
"drug5555","2","2","4"
"Drummer07","2","2","4"
"drunken_chiller","2","2","4"
"drunken_knight69","3","1","4"
"drunkenbishops","2","2","4"
"Drunkman07","3","1","4"
"DrVaran","3","1","4"
"drVinjak","2","2","4"
"DrWiningstein","3","1","4"
"drworldwide","2","2","4"
"DSAGNIK","2","2","4"
"dsmax61","2","2","4"
"DSONAR2023","2","2","4"
"dsrdiamante","3","1","4"
"DubecLeCroat","1","3","4"
"Dubster17","3","1","4"
"Duc-De-Balzar","1","3","4"
"DuckInATree","3","1","4"
"Dudacles","1","3","4"
"duduli","2","2","4"
"duerrfl","2","2","4"
"Duesseldorf-Andy","2","2","4"
"Dufayel72","2","2","4"
"Duisembaiolzhas","2","2","4"
"Duketoh","1","3","4"
"dulana543","3","1","4"
"Dulmina2008","1","3","4"
"dum_b","3","1","4"
"DUMATOPUK","2","2","4"
"dumbcatface","3","1","4"
"Dumbledorrrr","2","2","4"
"dumpling74","2","2","4"
"dumpstertrash","3","1","4"
"dunganor","2","2","4"
"dungdepdai","1","3","4"
"Dunido","3","1","4"
"Dunning-Kruger97","1","3","4"
"DunningKruger","3","1","4"
"duodok5","1","3","4"
"DuplicateAccount","3","1","4"
"duplicATEme","2","2","4"
"DurbanPoison","3","1","4"
"durn_dan","2","2","4"
"durruhasip","2","2","4"
"Durugista-PHI","2","2","4"
"durvang","2","2","4"
"DusiaLob","3","1","4"
"dussel","2","2","4"
"Dutchess_Tchuchinoff","2","2","4"
"Duzceli_Poncik81","3","1","4"
"Dvc6","2","2","4"
"dvigil1","2","2","4"
"DVishnuchess21","3","1","4"
"dwij3","2","2","4"
"Dxerab","2","2","4"
"DxrkneSS_umn","1","3","4"
"DY2NMV","2","2","4"
"dyabahnassi","2","2","4"
"dylancito777","2","2","4"
"Dymas13","2","2","4"
"DYung","2","2","4"
"dzcodes","2","2","4"
"dzidek44","2","2","4"
"DzigaVertov","2","2","4"
"dziulek","2","2","4"
"E_Bamb","2","2","4"
"e_kerem_k","1","3","4"
"E-nkidu","3","1","4"
"E-Zekel","2","2","4"
"E0034","2","2","4"
"e12re34","2","2","4"
"E1451GSL152","2","2","4"
"e1tronics","2","2","4"
"e2_0dl","3","1","4"
"e3t_squad","3","1","4"
"E3TM","1","3","4"
"E4_KingE2","2","2","4"
"e4c5chess2009","3","1","4"
"e77cw","2","2","4"
"eagle_keeper","3","1","4"
"eamonn_2021","2","2","4"
"Earl_Black-and-White","2","2","4"
"Earl45","2","2","4"
"eastcc","3","1","4"
"easyboy88","2","2","4"
"easyguizzi","1","3","4"
"easyjunker","2","2","4"
"EB819Oktavian","1","3","4"
"eBblpb228","2","2","4"
"ebimobowei","2","2","4"
"ECBurce","2","2","4"
"eceweed","2","2","4"
"echecs16em","3","1","4"
"echecschalm","2","2","4"
"EchnatonTheMad","1","3","4"
"EchoChaos","2","2","4"
"Eckermann","1","3","4"
"ecrinyamuk","2","2","4"
"ecxx","2","2","4"
"Ed6184","2","2","4"
"edamo17","2","2","4"
"EdderVIII","2","2","4"
"Eddyboi3003","2","2","4"
"EddyPyon","2","2","4"
"EderTheBoy","2","2","4"
"EdeTede","2","2","4"
"Edey35","2","2","4"
"edgo74","2","2","4"
"Edilvio","2","2","4"
"EdinaldoSantos2023","2","2","4"
"EdirneliKAZIM","2","2","4"
"edistizu","2","2","4"
"EdistoneThomas","1","3","4"
"EdJa","2","2","4"
"edllexy","2","2","4"
"edmundues","2","2","4"
"ednaldofelix21","2","2","4"
"edogawaaa","3","1","4"
"edu017-ke","2","2","4"
"Eduardo3131","2","2","4"
"eduardocesar","2","2","4"
"eduardolago","1","3","4"
"Eduardos359","2","2","4"
"EduardoScardua","2","2","4"
"EDVAECHETIRE","2","2","4"
"Edwawa","2","2","4"
"EdwinCordova","2","2","4"
"EdwinG89","3","1","4"
"eemreee","3","1","4"
"eesya1","1","3","4"
"Efe_2010","3","1","4"
"EFE2001111","2","2","4"
"efe699","3","1","4"
"efecanbozkur","3","1","4"
"efeorbay","1","3","4"
"effiezal","3","1","4"
"efi_efoula","2","2","4"
"Efim_Efimich","2","2","4"
"Efremovcev","1","3","4"
"efrid","2","2","4"
"Efu78","3","1","4"
"eg72","2","2","4"
"egblee","2","2","4"
"EgeDenizUtkan","2","2","4"
"egemen1234","2","2","4"
"EGJasperWong","3","1","4"
"egmengayret","1","3","4"
"Ego20115","1","3","4"
"egolatra","2","2","4"
"egoprayoga","3","1","4"
"EGOR_PO_MASTI_VOR","2","2","4"
"Egor154261","2","2","4"
"EgorEgorS","1","3","4"
"EgorG2204","3","1","4"
"egorpozdnyakov888","1","3","4"
"ehim","2","2","4"
"ehrenberger","1","3","4"
"ehsan-mrz008","2","2","4"
"ehsan1989","2","2","4"
"eighttimeseith","2","2","4"
"eigthpawn","2","2","4"
"einsam1","2","2","4"
"Einstein28","2","2","4"
"EirikMT","2","2","4"
"eivanchitz","2","2","4"
"EivindC","2","2","4"
"ejcool27","3","1","4"
"ejszakaiszakacs","3","1","4"
"EJTubog","2","2","4"
"Ekatri_do","1","3","4"
"ekerte45","3","1","4"
"ekin12","3","1","4"
"ekincabik","3","1","4"
"Ekoch1997","2","2","4"
"Ekoderler","3","1","4"
"ekoert","2","2","4"
"El_Blart","2","2","4"
"el_buho","2","2","4"
"EL_DOC","2","2","4"
"El_grego","2","2","4"
"El_Lobo_2022","2","2","4"
"el_marso","2","2","4"
"El_Pajarito","2","2","4"
"el_Patron_22","2","2","4"
"el_pescarese","1","3","4"
"El_Rey_Fer","3","1","4"
"EL_TORTO","1","3","4"
"El_Ucraniano","2","2","4"
"El_Zipp0","3","1","4"
"El-Dios-Caminante","2","2","4"
"El44ka","3","1","4"
"El7aj","2","2","4"
"EL994","2","2","4"
"Elalban","2","2","4"
"ElanaSekcjaSzachowa","2","2","4"
"Elaphant","1","3","4"
"Elcano_KAFF","2","2","4"
"elchovo","3","1","4"
"Elcidio","1","3","4"
"Elcoloso1","3","1","4"
"eldeniz99","2","2","4"
"ElectricMonk","2","2","4"
"Electro_Papa","2","2","4"
"Eledin_Borislav","2","2","4"
"EleGames","1","3","4"
"elena_pnfl","2","2","4"
"ElephantMushroom","3","1","4"
"Elesin","1","3","4"
"elevin25","3","1","4"
"ElFenomenoOscar","3","1","4"
"ElFeroz05","2","2","4"
"elgoncis","3","1","4"
"ElGranDictador","2","2","4"
"elgranpancho","2","2","4"
"elgreco2","2","2","4"
"Elhefe98","3","1","4"
"Elias72","3","1","4"
"EliasIstDumm","2","2","4"
"Eliasli","2","2","4"
"EliassChacoma3","2","2","4"
"ELIASTocandoElPiano1","2","2","4"
"Elin_Baligi","1","3","4"
"ELIO_EGC","2","2","4"
"Elipsish","3","1","4"
"elipz","1","3","4"
"Eliteplayer001","3","1","4"
"Eliza_Eosphorus","3","1","4"
"ElJoyero","3","1","4"
"Elkouko","2","2","4"
"Ellastomer","3","1","4"
"Elliane1","2","2","4"
"ellie-lee","2","2","4"
"Elliot1103","3","1","4"
"Elloco62000","2","2","4"
"ellstrom44","3","1","4"
"Elmachop","3","1","4"
"Elmastero","3","1","4"
"ElMaxo1","2","2","4"
"elmiguelin","2","2","4"
"Elmirfbdh","1","3","4"
"elmoudir","2","2","4"
"elmusiu08","3","1","4"
"Elnurchess45","3","1","4"
"Eloi39","2","2","4"
"elon_94","1","3","4"
"elonteknik","1","3","4"
"elorzaj","2","2","4"
"Elpejerrey","2","2","4"
"elpequeno96","2","2","4"
"elperfumado78","2","2","4"
"elputoano","3","1","4"
"elriese","2","2","4"
"Elronf","3","1","4"
"ElsaCC","1","3","4"
"ElSaimon","2","2","4"
"elshadbean","2","2","4"
"ElsKGT","2","2","4"
"ElTresso","3","1","4"
"Eltrion","2","2","4"
"ElTurcooo","2","2","4"
"Elvin_Ceferli","2","2","4"
"elvishasans","2","2","4"
"ElvohB","2","2","4"
"elwessweettea","1","3","4"
"elyulx","2","2","4"
"elzarLVII","3","1","4"
"Em7b5","1","3","4"
"emadb","2","2","4"
"Emadsrr","2","2","4"
"emaniaci","3","1","4"
"Embiid_21","3","1","4"
"EmelinPizan20","2","2","4"
"Emge","2","2","4"
"emil82","1","3","4"
"EmilianGoethe","2","2","4"
"Emilianofuty","3","1","4"
"Emilianospringle","2","2","4"
"Emilio__11","1","3","4"
"Emilio_Bruna","1","3","4"
"EMILIO_PEGA_REI","2","2","4"
"Emilioskycaballero","3","1","4"
"EmilMF","3","1","4"
"Emily120811","1","3","4"
"eminncal","2","2","4"
"eminyildiz2001","2","2","4"
"Emiramazan","2","2","4"
"Emiraybar","1","3","4"
"emirgulbeyaz05","3","1","4"
"emirkaankul","2","2","4"
"emirkjr","2","2","4"
"emisit0","2","2","4"
"EML50","2","2","4"
"Emma0110","1","3","4"
"EmmaDGL","2","2","4"
"EmmanuelleMagnus2023","2","2","4"
"EmmanuelRanalli","1","3","4"
"EmmanuelSerra","2","2","4"
"emmatjs","3","1","4"
"emmylapointe","2","2","4"
"Emohunter12","2","2","4"
"Emperor06","2","2","4"
"EMPIRE_OF_NIMOT","1","3","4"
"EmranHatamleh","2","2","4"
"Emre_Kaymaz16","1","3","4"
"EmreAbak","2","2","4"
"emrecakir1903","1","3","4"
"EmreogN","1","3","4"
"emrequu","2","2","4"
"EmreXakmak","2","2","4"
"Emreyce","1","3","4"
"EmyK97","3","1","4"
"EnamelSniper","2","2","4"
"Enass","2","2","4"
"enb080","2","2","4"
"Ender2787","3","1","4"
"EndreVandy","2","2","4"
"Endyman","2","2","4"
"enea2012","2","2","4"
"energetacik","2","2","4"
"Energetick","2","2","4"
"EnergizeMrSulu","1","3","4"
"enerjelly","3","1","4"
"enes_knr","2","2","4"
"enesc10a","2","2","4"
"EnesHidayet","2","2","4"
"EnesKanter70","3","1","4"
"eneskaratas","2","2","4"
"EnesMarangoz77","2","2","4"
"enesymc","3","1","4"
"eneszclk","2","2","4"
"Enfermito127","1","3","4"
"engdallal","3","1","4"
"engineer26","3","1","4"
"EngineerTaygun","2","2","4"
"eni-gma","2","2","4"
"Enjsalo","3","1","4"
"enjunear","2","2","4"
"EnlightWolif","3","1","4"
"enmanuelmms","2","2","4"
"Ennochess","2","2","4"
"Enol99","2","2","4"
"EnonceCollectif","2","2","4"
"ENRICORD","2","2","4"
"Enricpb","3","1","4"
"Enriquepogi15","2","2","4"
"ensar1134","2","2","4"
"ensbingol","1","3","4"
"Ente11","2","2","4"
"EntropyOfChess","2","2","4"
"Enursha","2","2","4"
"Envirokidz","2","2","4"
"envy1234","3","1","4"
"EnzoBz","2","2","4"
"EoinMon","2","2","4"
"Eowabet","2","2","4"
"eparina","2","2","4"
"epfolletto","2","2","4"
"epostolit123","2","2","4"
"Eppstein","1","3","4"
"Eputin","2","2","4"
"Eqi_Jumandri","2","2","4"
"erantir","3","1","4"
"erdemdogru","3","1","4"
"ErenKznc","2","2","4"
"erensatik","2","2","4"
"ErhanTR","3","1","4"
"ErickCanchi_UNALM","3","1","4"
"erickjrg11","2","2","4"
"EricSucksAtChess1","1","3","4"
"erictu22","1","3","4"
"erikss0n","2","2","4"
"Erivelto85","3","1","4"
"erixxen","2","2","4"
"Erkin82","1","3","4"
"ERMM","2","2","4"
"Ernst_Perceval","1","3","4"
"Ernur2008","3","1","4"
"Erol190754","2","2","4"
"Erro44","1","3","4"
"erroneuos","1","3","4"
"error12364","2","2","4"
"erryinthehouse","3","1","4"
"Ershad_I_Fisher","3","1","4"
"Ersin2626","1","3","4"
"erstaunlich","2","2","4"
"ErsterAG1174","2","2","4"
"ertothenoob","1","3","4"
"EruAkin","1","3","4"
"esassss","2","2","4"
"Escanor6","1","3","4"
"escaque55","3","1","4"
"escueladeajedrez","1","3","4"
"Eserpoyraz","2","2","4"
"Esfumado40","2","2","4"
"eSkalera123","2","2","4"
"Eslam1991s","2","2","4"
"EslegalTDR","3","1","4"
"Esocan","2","2","4"
"ESPARTA5","2","2","4"
"espartacu","2","2","4"
"esplanade64","1","3","4"
"Esponjas","2","2","4"
"esprossa","2","2","4"
"esrauch","2","2","4"
"essam1352","2","2","4"
"essentiallyegret","3","1","4"
"Esteban819","3","1","4"
"EstebanCapaNegra","1","3","4"
"Esthesia","2","2","4"
"ESTRELLASUPER","2","2","4"
"Etakota","2","2","4"
"eternaldose","1","3","4"
"Eternity_693","1","3","4"
"Ethan557","1","3","4"
"ethanhead","2","2","4"
"ethanneymar","3","1","4"
"EtherealErito","2","2","4"
"Ethn5","2","2","4"
"etl_kaptsov","2","2","4"
"Etman98","3","1","4"
"ETR990722","2","2","4"
"Ettoreciabatti","3","1","4"
"ETurtles","2","2","4"
"EuanPlaysChess","3","1","4"
"euantheperson","2","2","4"
"EugenMelka","2","2","4"
"Eugenmon","1","3","4"
"euInChess","3","1","4"
"Eumenides31","2","2","4"
"eupatheiai","2","2","4"
"euwagner","2","2","4"
"EV-Jones","1","3","4"
"Eval80","3","1","4"
"evangelidis","1","3","4"
"EvanIsAGrosMesiter","2","2","4"
"EvanRolland","2","2","4"
"Evg178rus","2","2","4"
"evg8et","2","2","4"
"Evgen205","2","2","4"
"evgeni_zhenich1993","2","2","4"
"Evgeniy19","3","1","4"
"Evgeny_Sudakov","1","3","4"
"evilebel","2","2","4"
"Evilmouse","3","1","4"
"EvitaV","2","2","4"
"Evocus","3","1","4"
"evpachess","1","3","4"
"Evrard13","1","3","4"
"EwaShLC","2","2","4"
"Eweida7","1","3","4"
"EwgenyS","2","2","4"
"Ex1stenz","2","2","4"
"exan21","3","1","4"
"excalabur","3","1","4"
"Excedent","2","2","4"
"excellking","2","2","4"
"exdash09","2","2","4"
"Exe_RC","2","2","4"
"ExMahina","2","2","4"
"ExpertAtChess13","2","2","4"
"Expice","2","2","4"
"exterminador_007","3","1","4"
"Eyardiey","2","2","4"
"EYEBLUNTER","3","1","4"
"EyeKey29","2","2","4"
"eylnzz","2","2","4"
"Eymen2332","3","1","4"
"eysoon","1","3","4"
"ezaspie17","2","2","4"
"ezzimyra","3","1","4"
"f0den","2","2","4"
"f1beep","2","2","4"
"F2_F7","2","2","4"
"F4lse_eq_ne_Tru3","1","3","4"
"F8F8F8F8","2","2","4"
"Faaker","1","3","4"
"Fab-Rapace","3","1","4"
"fabian_fabo","2","2","4"
"Fabian5540","1","3","4"
"FabianoMarihuana","2","2","4"
"fabianov13","3","1","4"
"Fabien57","2","2","4"
"FabioAZ","2","2","4"
"FabioHu","2","2","4"
"fabisito","2","2","4"
"fabregax","2","2","4"
"fabrimortalx","2","2","4"
"Fabulous_Putin","3","1","4"
"Fabykr","2","2","4"
"FacelessToast","2","2","4"
"factorials","3","1","4"
"Facu_477","3","1","4"
"facu020","2","2","4"
"FacuDover","2","2","4"
"facugil14","2","2","4"
"FacuGonzalezz","2","2","4"
"Fadewell","3","1","4"
"Fadi0009","2","2","4"
"Faedzzn","3","1","4"
"FaFaZuLu","3","1","4"
"Fahd18554","2","2","4"
"fahimsafi10","2","2","4"
"fahribudi","3","1","4"
"Fail_Like","2","2","4"
"Faisalsip","2","2","4"
"Faizane","2","2","4"
"faizkn","2","2","4"
"fak1ch","2","2","4"
"FakeHeaven","3","1","4"
"fakehouse","1","3","4"
"FakhriHuseynov","2","2","4"
"Falcon123321","2","2","4"
"Faleepe","2","2","4"
"FAlexei","2","2","4"
"Falkorviserys","3","1","4"
"Fallen1917","2","2","4"
"FallenSatan","1","3","4"
"FallinM2","2","2","4"
"falllco92","2","2","4"
"Fallout7","2","2","4"
"fan_felixa0066","2","2","4"
"Fan-Ratan","2","2","4"
"Fanibe","2","2","4"
"Fantakid","3","1","4"
"fantasy_move","3","1","4"
"farabilam","2","2","4"
"Farawayfromfear","3","1","4"
"fardiniran","2","2","4"
"Farenyk","1","3","4"
"Fares-88","2","2","4"
"faresmohamed123","3","1","4"
"Farhadfallah5734","3","1","4"
"Farhoodimojin","2","2","4"
"FaridIQmaster","2","2","4"
"fariss","2","2","4"
"FarmerAlfi","2","2","4"
"Farmerjeppe","1","3","4"
"Farrukh_Ozgur","2","2","4"
"farshad2020","2","2","4"
"farshid_apsk","2","2","4"
"faruk111111111","2","2","4"
"farukhos34","2","2","4"
"Farukkral2013","3","1","4"
"farzamd","2","2","4"
"FasseFasse","2","2","4"
"FastTaker","2","2","4"
"Fatemeeeee","3","1","4"
"fatemeh95","2","2","4"
"fatih-s","2","2","4"
"fatihsgambit","2","2","4"
"FatihTerim32","2","2","4"
"Faustify","2","2","4"
"fauzihjrahim","3","1","4"
"FAWNIKS","2","2","4"
"faws","2","2","4"
"FaygoVibes","2","2","4"
"Fazedeen501","2","2","4"
"FazilC","2","2","4"
"Fazzamatazza","2","2","4"
"fbrunstein","2","2","4"
"Fc96","2","2","4"
"fcoelho_mrc","2","2","4"
"fcolom","2","2","4"
"fcotorgi","1","3","4"
"FcTwente2021","2","2","4"
"FDBKLTRTPUPD","2","2","4"
"FDeni","2","2","4"
"Fdogonzalezm","2","2","4"
"fdsa123","2","2","4"
"fe1983","3","1","4"
"Fearless_g4","2","2","4"
"Fecurix","2","2","4"
"FedeBellaa","1","3","4"
"Federer_eat_my_ace","2","2","4"
"FedericoNastro","1","3","4"
"fedever81","2","2","4"
"Feduk_A","2","2","4"
"Fedwhisk","2","2","4"
"FedyaZakharov","1","3","4"
"feeduckandseeduck","2","2","4"
"FEGASUS","2","2","4"
"Fegir","2","2","4"
"Feitang","2","2","4"
"Feldsalat","2","2","4"
"felimareduplessis","1","3","4"
"Felipe_Rodriguez1994","2","2","4"
"Felipe160","3","1","4"
"FelipeAzenha","2","2","4"
"felipecaleb11","3","1","4"
"Felipelalfil","1","3","4"
"felipescp","1","3","4"
"Felix_Kessel","2","2","4"
"Felix0023","1","3","4"
"felixp17","2","2","4"
"felpo_27","2","2","4"
"femur99","2","2","4"
"fenicol","3","1","4"
"Fenix_GoD","2","2","4"
"Fenixito","2","2","4"
"FeodorZe6551","2","2","4"
"fer1732","3","1","4"
"ferdinandbj","3","1","4"
"ferdous29","1","3","4"
"Ferdox","1","3","4"
"ferferfer1997","3","1","4"
"ferhof2","2","2","4"
"feridekrmn","2","2","4"
"ferish","2","2","4"
"Ferman786","3","1","4"
"FERNANDOCAPIVARA","3","1","4"
"ferroburak","2","2","4"
"FerRoldan10","2","2","4"
"Fertog","1","3","4"
"ferxdox","1","3","4"
"Ferxy","2","2","4"
"fesenko77igor","1","3","4"
"fesher1993","3","1","4"
"Fettmedknaoz","3","1","4"
"FFan","2","2","4"
"FFmove20","2","2","4"
"fgamer","2","2","4"
"fgarcia","1","3","4"
"fgperu","1","3","4"
"fhgcvgffc","1","3","4"
"fhhhggjjh","2","2","4"
"Fidde12","2","2","4"
"Fidel0908","3","1","4"
"fierce767blade","2","2","4"
"FiftyWolf","3","1","4"
"Fight_me","2","2","4"
"FIGHTER_PAWN","3","1","4"
"Fightos","1","3","4"
"Figureti","1","3","4"
"figutive","2","2","4"
"Fikrett","3","1","4"
"fileos","2","2","4"
"filetudi","1","3","4"
"FilipCarlsen","1","3","4"
"Filipp0401","2","2","4"
"filthy-krankk","2","2","4"
"Final_Account","2","2","4"
"Final_DONA","3","1","4"
"Finale_verlieren","2","2","4"
"Finalebeach","2","2","4"
"Finallock","1","3","4"
"findingbossj","2","2","4"
"finfula","2","2","4"
"FinityAlpha","3","1","4"
"finkm","2","2","4"
"FinleyMay","2","2","4"
"Finn_H","2","2","4"
"Finn_Pocket","2","2","4"
"fir9r9titbjftodtoro","2","2","4"
"firas_777","2","2","4"
"Fireblaster3000","3","1","4"
"firewave9","2","2","4"
"Firststeptofailure","2","2","4"
"fischerbieber","1","3","4"
"FischyAnand","3","1","4"
"Fishfinger","2","2","4"
"Fishhy","3","1","4"
"Fishmoro","1","3","4"
"fishy30748","2","2","4"
"fisio83","3","1","4"
"fiter2015","2","2","4"
"Fixxxxor","2","2","4"
"fixzzys","2","2","4"
"Fjallgart","3","1","4"
"Fjbm1962","3","1","4"
"fkogr33","2","2","4"
"Flag75","2","2","4"
"flajso","2","2","4"
"FlameMeyr","2","2","4"
"Flarewarrior","2","2","4"
"flashbre","2","2","4"
"FlashGordon24","2","2","4"
"flashlight070","2","2","4"
"FlatPancake117","2","2","4"
"flavajuno","1","3","4"
"flavioaguia28","2","2","4"
"flec14","2","2","4"
"fleksnes","1","3","4"
"Flelmo","2","2","4"
"Flex2020","2","2","4"
"fleXoo","1","3","4"
"FlippityFlipFlap2","2","2","4"
"flirov","1","3","4"
"flo-otto","1","3","4"
"Flo25","2","2","4"
"flo7885","2","2","4"
"flojohny","2","2","4"
"Flokill","2","2","4"
"Flopl","1","3","4"
"flordelys123","3","1","4"
"Florence19","2","2","4"
"florent_biree","2","2","4"
"Floriano41","1","3","4"
"flower_boy2020","2","2","4"
"flowgo","2","2","4"
"FluffyKillerCat","2","2","4"
"Flugkapitan","2","2","4"
"fluric","1","3","4"
"fluxuation","2","2","4"
"FlyinDutchman","2","2","4"
"Fmello","2","2","4"
"fmirus","1","3","4"
"Fnnd","2","2","4"
"Fo-Yao","2","2","4"
"foa1976","2","2","4"
"FoglifeV4","2","2","4"
"foli76","2","2","4"
"Follinest","2","2","4"
"fombini","2","2","4"
"fonefz","3","1","4"
"foolar","2","2","4"
"forced_enpassant_69","2","2","4"
"Forced-M8","1","3","4"
"Forenzic","2","2","4"
"ForFreedom48","3","1","4"
"Formigao","2","2","4"
"Fortniteplayer94","2","2","4"
"FortuneWok","1","3","4"
"forughan","3","1","4"
"fossa_dura21","1","3","4"
"Fosten","1","3","4"
"fourchette54","2","2","4"
"Fouziali","2","2","4"
"fox1997","3","1","4"
"Foxconn_Mars","2","2","4"
"Foxy73","3","1","4"
"Foxydrip","1","3","4"
"Foyl","1","3","4"
"Foza2k","3","1","4"
"Fpagliarini","1","3","4"
"FPapan","3","1","4"
"fpohren","2","2","4"
"Fr3shman","2","2","4"
"fra_Filippo_Lippi","2","2","4"
"Fra46vale","3","1","4"
"FraanrooArg","2","2","4"
"fraggerfbm","2","2","4"
"Framara_29","2","2","4"
"fran190607","2","2","4"
"francesc2203","2","2","4"
"Francis10","2","2","4"
"Francis24","2","2","4"
"Francisco9918","2","2","4"
"FranciscoAnaya_21","2","2","4"
"FranciscoMw","2","2","4"
"FranckT74","1","3","4"
"Franco1995","2","2","4"
"francoCJS25","2","2","4"
"francoli","2","2","4"
"frandili","2","2","4"
"frandon03","3","1","4"
"frango_arrabbiato","2","2","4"
"FranJamesBrian","2","2","4"
"frank2100","2","2","4"
"FrankRaul","2","2","4"
"franky22","3","1","4"
"FrankyboyII","2","2","4"
"franmelin","3","1","4"
"franquitopai12367","2","2","4"
"franse768","2","2","4"
"Franz_05","2","2","4"
"Franz_Branntwein","2","2","4"
"Fratermagno","3","1","4"
"Frattagliator","3","1","4"
"Frax_Gallo75","2","2","4"
"freakmachaan","3","1","4"
"freakreational","2","2","4"
"Freddie1990","2","2","4"
"Freddy_Poison","1","3","4"
"Fredfinger","2","2","4"
"frediabreu","2","2","4"
"Fredson23","2","2","4"
"FredwardTentacles","2","2","4"
"FredzDaMagician","2","2","4"
"free_chessplayer","1","3","4"
"freewill1983","2","2","4"
"freeze_froze","3","1","4"
"Freitasjr","3","1","4"
"Frelusek","2","2","4"
"FrenchDahut","2","2","4"
"FrenchFries757","2","2","4"
"Frenchking013","2","2","4"
"FrenchVanilla86","2","2","4"
"frenesia99","2","2","4"
"frenghy54","1","3","4"
"Frida020511","3","1","4"
"Fridriksson","2","2","4"
"FriedLiverstein","1","3","4"
"FRIEXI","2","2","4"
"frisk3","2","2","4"
"FriskyHobbit","2","2","4"
"FrizMitBlitz","1","3","4"
"Frm_King","2","2","4"
"frn000","1","3","4"
"frncio","1","3","4"
"Frode78","3","1","4"
"Frodiarnv","2","2","4"
"frogglet","1","3","4"
"Fromadrycamel","2","2","4"
"fromkz","2","2","4"
"FromPenza","2","2","4"
"Fronteraveza","2","2","4"
"Frontosa_2019","2","2","4"
"Frontschwein","2","2","4"
"Froopsie","2","2","4"
"Frost10","3","1","4"
"Frostantidote","2","2","4"
"FrostE4","2","2","4"
"FROZENBAGSMELTING","2","2","4"
"FrrannRuizz","2","2","4"
"frtmmss","2","2","4"
"Frussen","2","2","4"
"fsantand","2","2","4"
"fsik","2","2","4"
"fsittingaddict","1","3","4"
"fsocietyf","2","2","4"
"fssghdc","2","2","4"
"ftmdgny","2","2","4"
"FTNHTR","2","2","4"
"Fu_zuli","3","1","4"
"fuadatilla","2","2","4"
"FuddelCastro","2","2","4"
"Fuegoeterno","2","2","4"
"FULL_NATTY_BRAH","2","2","4"
"FullBakuGan","1","3","4"
"Fulpan","3","1","4"
"Fumbe_12","2","2","4"
"fun4jkb","2","2","4"
"Funalia","2","2","4"
"funkypants3","2","2","4"
"funny_mickey","1","3","4"
"furbolgking","2","2","4"
"FurkanErkul1938","2","2","4"
"furkank05","2","2","4"
"furkow","1","3","4"
"Furkyback","3","1","4"
"Furlic","2","2","4"
"Furlong","2","2","4"
"furyseyes","2","2","4"
"fuscabaladoxadrez","2","2","4"
"fuscavrumvrum","2","2","4"
"fusionchess","1","3","4"
"futterneid","3","1","4"
"FutureCollegeDropout","3","1","4"
"Futurelegend","2","2","4"
"Futurystax","2","2","4"
"futyn","2","2","4"
"Fuuture","3","1","4"
"fuzetea77","2","2","4"
"fvsolution","2","2","4"
"fwbm","2","2","4"
"fwkira","2","2","4"
"FybeR","2","2","4"
"Fzysx","2","2","4"
"G-noob","2","2","4"
"G-trix","2","2","4"
"G00zerian","1","3","4"
"g1656292","2","2","4"
"G21036057","2","2","4"
"G24old","2","2","4"
"g4g4n","2","2","4"
"g4thegreat","3","1","4"
"g4tsby","2","2","4"
"gabgaby15","2","2","4"
"GabibGabib","2","2","4"
"GabiGalati55","3","1","4"
"gabiiito","2","2","4"
"GabMa","2","2","4"
"Gabriel_chipoyah","3","1","4"
"Gabriel1404","2","2","4"
"gabriele06","2","2","4"
"GabrielleGavrilov24","2","2","4"
"GabrielSarment_20130","3","1","4"
"gabx_gr","3","1","4"
"gaby46","2","2","4"
"Gaemer444","1","3","4"
"GaGa15","2","2","4"
"gagafunctor","1","3","4"
"GahramanovMaxim815","2","2","4"
"gaizka0331a","2","2","4"
"GalacticPlague","2","2","4"
"GalaspionIsBack","3","1","4"
"galenko123","2","2","4"
"GalimMO","1","3","4"
"gallo9028","1","3","4"
"galselhard","3","1","4"
"Gamal_Tal","1","3","4"
"Gambit01250","2","2","4"
"Gambitoriginal","2","2","4"
"Gambler31","2","2","4"
"Gamerxdf1","2","2","4"
"gamikem","1","3","4"
"GammaDeltaII","3","1","4"
"GamzatT","3","1","4"
"Gandharvan","1","3","4"
"Ganesh_3000","2","2","4"
"ganga_chess2009","1","3","4"
"gangangan2","2","2","4"
"ganner","1","3","4"
"GanyaCHSH","2","2","4"
"GARAYO","3","1","4"
"garciaparra","2","2","4"
"Gardoumpas","2","2","4"
"GARENA2021","2","2","4"
"gareth0151","2","2","4"
"gargargar","2","2","4"
"Gargoyle-of-Fire","2","2","4"
"garlick","3","1","4"
"garouxxx444","2","2","4"
"Garrettii","1","3","4"
"Garrincha1907","2","2","4"
"garry_cairns","2","2","4"
"Garry_Kasposo","2","2","4"
"garry00","2","2","4"
"GarrySassparov","2","2","4"
"garzo82","2","2","4"
"Gasian555","1","3","4"
"Gasparit","1","3","4"
"Gasparpov","3","1","4"
"Gastuboy16","2","2","4"
"GataKamsky90","2","2","4"
"gaubian","2","2","4"
"gaudon5","2","2","4"
"GauMongTo","3","1","4"
"Gaurav10690","2","2","4"
"gaurav1114","2","2","4"
"gaurav2802","2","2","4"
"GauravNainwal","3","1","4"
"Gautamchess03","2","2","4"
"gauthammalladi","2","2","4"
"gavarela","3","1","4"
"Gavot_07","2","2","4"
"Gawenska","2","2","4"
"GAZDA1","2","2","4"
"Gazi97","3","1","4"
"gbailey","1","3","4"
"GBASKO","2","2","4"
"GBdestroyer","2","2","4"
"gbeads","2","2","4"
"GBRIEL1988","2","2","4"
"gdhjfs","2","2","4"
"gdmchess","3","1","4"
"Gdonmarokey","3","1","4"
"gdsagayam1","1","3","4"
"Gdslbr","1","3","4"
"gdzul","3","1","4"
"Ge26","2","2","4"
"Gecha_Seredskoj","2","2","4"
"gechugon","2","2","4"
"gede27","1","3","4"
"GeecerZ","2","2","4"
"geekboris","2","2","4"
"GeerusDeSchusto","3","1","4"
"GehPutzen","2","2","4"
"Geldishge","2","2","4"
"gelvinflores","2","2","4"
"Gena1988","3","1","4"
"General_c6","2","2","4"
"Generaly","2","2","4"
"GenericExcuse","2","2","4"
"GenghisBomb","3","1","4"
"genio_r8","2","2","4"
"Genious-Simz3","1","3","4"
"geniuschessLAD","2","2","4"
"Gennadiy1962","3","1","4"
"GenriBee","2","2","4"
"Gentle_Lover","2","2","4"
"Gentzscherich","1","3","4"
"Geof_free","3","1","4"
"georg20","1","3","4"
"George_Costanza_2022","3","1","4"
"George_Michael0","3","1","4"
"George322","2","2","4"
"GeorgeOT","2","2","4"
"georgev15","1","3","4"
"Georgii_Marinin","2","2","4"
"Georgov82","3","1","4"
"Georgy_II","3","1","4"
"georgy2005","1","3","4"
"GeraEspinoza_Usil","2","2","4"
"geraldmasterpiece","2","2","4"
"GeraldusCumbrencis","2","2","4"
"GerardoPicallo","1","3","4"
"gerdonline","1","3","4"
"Gergro487","2","2","4"
"GerheSokucu31","1","3","4"
"germanchavez","2","2","4"
"gernoob","1","3","4"
"GeroOrtiz11","1","3","4"
"GerritBuchenau","2","2","4"
"Gersie","2","2","4"
"Gerson_gar07","2","2","4"
"GetSetGo1","3","1","4"
"getSwerved","2","2","4"
"gevondyanerik","1","3","4"
"gezha","2","2","4"
"gg1917","3","1","4"
"gg303","1","3","4"
"ggaabboo","3","1","4"
"ggc110398","2","2","4"
"GGets","2","2","4"
"ggggzzz123","3","1","4"
"ggouvine","2","2","4"
"ggphera","2","2","4"
"Ggwwa","2","2","4"
"Gh4mir","1","3","4"
"ghaleb232","2","2","4"
"Ghelloeveryone","2","2","4"
"ghghghghghghghhghg","2","2","4"
"ghidoniemil","2","2","4"
"ghost0809","2","2","4"
"ghostfacekicker","2","2","4"
"GhostSoldierCh","2","2","4"
"ghsilva","2","2","4"
"Gianlu21","2","2","4"
"GiantEnzym","2","2","4"
"giantkiller31","1","3","4"
"giantleap","2","2","4"
"Gianuccio","2","2","4"
"Giascacchiii","1","3","4"
"GiB97","2","2","4"
"Gibra","1","3","4"
"gichana","3","1","4"
"giewsun","2","2","4"
"Gigerseth","1","3","4"
"GiGiGoGa","2","2","4"
"Gigios","2","2","4"
"Giisen","1","3","4"
"Gijsbertus-Bleeker","3","1","4"
"giladost","2","2","4"
"Gilhlm","2","2","4"
"Giloukebab","2","2","4"
"gilsohrab","2","2","4"
"GimenoM","2","2","4"
"Gimli-son-of-gloin","1","3","4"
"Gimli23","1","3","4"
"GingerlyFool","2","2","4"
"gio_17","1","3","4"
"giopapava","2","2","4"
"Giopard","3","1","4"
"GiorgioStrong","2","2","4"
"GiovaniFla","2","2","4"
"GiovannaPavlak15","2","2","4"
"Giovanni444","2","2","4"
"giovannisconto","2","2","4"
"gipokiak","2","2","4"
"Giuseppe_sarria_13","2","2","4"
"GivenMwamengo","2","2","4"
"GiwdulSchach","3","1","4"
"gizemli777","2","2","4"
"gjaramillos","1","3","4"
"gk64","2","2","4"
"gkayadurmus","2","2","4"
"gkonig","1","3","4"
"gktuggl","2","2","4"
"gktyro","2","2","4"
"gkvarsha","2","2","4"
"Gla95","2","2","4"
"Gladiator6660","1","3","4"
"glavpapa","2","2","4"
"Gleb_Sv","2","2","4"
"Gleb_Voloshenyuk","3","1","4"
"Gleb6","1","3","4"
"glebbaranov","2","2","4"
"GlebGGWP","1","3","4"
"glebsheva777","1","3","4"
"Glen_T","2","2","4"
"glennt","3","1","4"
"Glinka_Daniil","2","2","4"
"GlobalMacroHF","2","2","4"
"glodomir","2","2","4"
"gloosik","3","1","4"
"glougglou","1","3","4"
"gloupitch","2","2","4"
"glovio","2","2","4"
"glsmkvk","1","3","4"
"gmack066","1","3","4"
"gmantoha","2","2","4"
"gmatree","2","2","4"
"gmbye","2","2","4"
"gmcharlie","2","2","4"
"gmdictator","3","1","4"
"gmimfmnmlm","2","2","4"
"gmix14","2","2","4"
"gmmagdii","2","2","4"
"gmove911","2","2","4"
"gmpetit","2","2","4"
"gmpover","3","1","4"
"gmzf","2","2","4"
"Gnampf","2","2","4"
"GNCMS","1","3","4"
"gnothobiot","1","3","4"
"Go_Go_Dancer","3","1","4"
"gobsu2009","1","3","4"
"God_Of_Destruction_s","2","2","4"
"GoDaddy","2","2","4"
"GodAhmed","2","2","4"
"godie000","2","2","4"
"GodzillaKong787","3","1","4"
"goggip","1","3","4"
"gogiachess","1","3","4"
"Gogoanto","3","1","4"
"GogoR1","2","2","4"
"gokeng","3","1","4"
"Gokhan4","2","2","4"
"gokhanan","2","2","4"
"Goklas88","2","2","4"
"Gokori","2","2","4"
"GokuEn","3","1","4"
"Gokulgkl","1","3","4"
"gokulrh","2","2","4"
"GokweTal","1","3","4"
"GoldenLuko","2","2","4"
"Goldensinner","2","2","4"
"Goldenvelt","1","3","4"
"GoldenWarriior","2","2","4"
"Goldenzmith","1","3","4"
"Golem94","2","2","4"
"goli13","3","1","4"
"Golikolki","3","1","4"
"Goliniii","2","2","4"
"Goliry","1","3","4"
"Golovanov_Denis","2","2","4"
"Golovin_Radic2013","2","2","4"
"gomanjaree","2","2","4"
"Goms_6","3","1","4"
"GoncaloG","2","2","4"
"GongsDerrick","2","2","4"
"gonzagiova1998","2","2","4"
"GONZALOSPI","2","2","4"
"GoobyDoob","3","1","4"
"Good_Music_FM","2","2","4"
"GoodGameYOW","2","2","4"
"goodguymudit","2","2","4"
"goodnightking","3","1","4"
"GoodWork","2","2","4"
"GooGolSmiLes","2","2","4"
"googoogagababy","2","2","4"
"Goose-sama","1","3","4"
"GorAvet","2","2","4"
"Gorbicfellow","2","2","4"
"Gorbusha","1","3","4"
"GorenJunior","2","2","4"
"gores1","2","2","4"
"gorgonitr","2","2","4"
"Goriandreys","3","1","4"
"goribsishu","2","2","4"
"GorilaDelCaribe","2","2","4"
"Gorizont_chess","2","2","4"
"gOrReSt","3","1","4"
"Gostinny_Dvorff","3","1","4"
"Gott_Jan","1","3","4"
"Govarthanam","2","2","4"
"govind213","2","2","4"
"GOYAM","2","2","4"
"gozno","1","3","4"
"Grabesm09","1","3","4"
"Grace778","3","1","4"
"gradychess","1","3","4"
"GrafRotz08","3","1","4"
"Graggar","3","1","4"
"GrandGS","3","1","4"
"grandhetman2","2","2","4"
"grandluzer16","2","2","4"
"GrandMaitreCoq","2","2","4"
"Grandmaster_Cat","2","2","4"
"grandmaster39","2","2","4"
"grandmastergareth","2","2","4"
"grandmasterluna","2","2","4"
"GrandPato","2","2","4"
"GrannyMaster","3","1","4"
"grapes_eat","3","1","4"
"Gratiela","2","2","4"
"Graupel","2","2","4"
"GravitasShortfall","2","2","4"
"gray18","1","3","4"
"GrayBlast","1","3","4"
"graydonn","2","2","4"
"GRazor","2","2","4"
"grctnky77","1","3","4"
"Greedypig","3","1","4"
"GreenClon","2","2","4"
"greendalealumnus","3","1","4"
"GreenDragon156","2","2","4"
"Greenpon","2","2","4"
"greenteakitten","2","2","4"
"grega74","2","2","4"
"GREGORIO-ESCALANTE-R","2","2","4"
"GregSBA","1","3","4"
"Grekers","2","2","4"
"grenmaster","2","2","4"
"GreyFoxIsBack","2","2","4"
"GreygermanI","3","1","4"
"GreyHP","1","3","4"
"GreyLetter","2","2","4"
"grfresh","3","1","4"
"Grgory","2","2","4"
"Griffin2","3","1","4"
"Griftopher","3","1","4"
"Grigorev-50","2","2","4"
"Grigory_Bud","2","2","4"
"Grigory2016","3","1","4"
"Grillito","2","2","4"
"grilohi","3","1","4"
"Grimanium","1","3","4"
"Grindh","1","3","4"
"GrizzlyMars","2","2","4"
"groovinbass","1","3","4"
"Grosian","2","2","4"
"Gross-777","2","2","4"
"Grossfyurst","2","2","4"
"GroundedKitten","1","3","4"
"grous00","2","2","4"
"GrozniyBuryat","1","3","4"
"grshnkvvv","1","3","4"
"Gryterrr","3","1","4"
"grzejnik123","1","3","4"
"Grzesina","3","1","4"
"gsalencar","2","2","4"
"gsankara203","1","3","4"
"GSD-user1","2","2","4"
"gsdassanayake","2","2","4"
"gsdrayx2007","2","2","4"
"GSeterkton","2","2","4"
"gsheng0","2","2","4"
"gsmatthijs","3","1","4"
"Gsteve","2","2","4"
"GTI_Sena","2","2","4"
"GuanlinYin","2","2","4"
"guatajuk","3","1","4"
"guatemalangambit","3","1","4"
"gucci-ehrenmann","1","3","4"
"guehaus","2","2","4"
"guerillascout","2","2","4"
"guetteba","3","1","4"
"gufo8366","2","2","4"
"gugk","2","2","4"
"GuhaJay","2","2","4"
"guiallvs","2","2","4"
"guiboubou123","1","3","4"
"Guiciolassssss","3","1","4"
"Guidespiolo","2","2","4"
"guidodn","2","2","4"
"Guidog02","1","3","4"
"Guiki84","3","1","4"
"guillomax","2","2","4"
"guimauve215","2","2","4"
"Guindaste","2","2","4"
"GuineaBot","1","3","4"
"Guirra_Iuri10","3","1","4"
"guitaristturk","2","2","4"
"gukah","2","2","4"
"gulicatta","1","3","4"
"Gumkoman","2","2","4"
"guram82","2","2","4"
"Gure20","3","1","4"
"GurKanK36","2","2","4"
"gurprasads","2","2","4"
"Guru197","1","3","4"
"GURUCHARANGM0332011","2","2","4"
"gust13","1","3","4"
"gustavar","1","3","4"
"Gustavlaguv","2","2","4"
"Gustavo2344","1","3","4"
"gustring","2","2","4"
"Gustrlik","2","2","4"
"Gustuffson","2","2","4"
"guthirt_simon","3","1","4"
"Guts371","1","3","4"
"guty1993","2","2","4"
"Gux3ry","3","1","4"
"guywiththeface","2","2","4"
"guz1t0","2","2","4"
"Guzikowski","1","3","4"
"Guzzy","3","1","4"
"GVN99","2","2","4"
"gvraj","2","2","4"
"gvv12","2","2","4"
"gxbxc","2","2","4"
"gydgames11","1","3","4"
"gynone","2","2","4"
"gzee14","2","2","4"
"H__nikhil","2","2","4"
"h0z41n","2","2","4"
"h1p-h0p","1","3","4"
"H3rndL","2","2","4"
"H51","2","2","4"
"HA_1-NM","2","2","4"
"ha_harsha","3","1","4"
"Habib_Mounir","3","1","4"
"hachichi","2","2","4"
"HackingArtist","2","2","4"
"hacos123","2","2","4"
"HaDetBra","2","2","4"
"Hadoc","2","2","4"
"Hafidi92","2","2","4"
"hagai","1","3","4"
"HAGDRE","2","2","4"
"hagendix","2","2","4"
"Hahavanishingpoint","3","1","4"
"HahnSolo","3","1","4"
"HaIifax","2","2","4"
"haike009","2","2","4"
"haiphong2022","3","1","4"
"Hajebi","1","3","4"
"hajedres","2","2","4"
"hakaman","2","2","4"
"Hakanakyurek312","2","2","4"
"Hakaramafumba","3","1","4"
"hakku66","2","2","4"
"hakste","1","3","4"
"hakstrau","3","1","4"
"halaka01","2","2","4"
"HalasaSalsa","2","2","4"
"halasfar","2","2","4"
"haldunkarakaya","2","2","4"
"halfbloodprince7","2","2","4"
"Hali4XXI","3","1","4"
"halilovv","2","2","4"
"halim1992","2","2","4"
"Hallbregg","2","2","4"
"Hamada-Mostafa4","1","3","4"
"Hamada150","2","2","4"
"hambarbeast","2","2","4"
"hamid-sky","2","2","4"
"Hammersbald","2","2","4"
"Hamoud_sh_k","2","2","4"
"Hampeltje","2","2","4"
"hampii","1","3","4"
"hampton6","2","2","4"
"Hamza385","1","3","4"
"Hamza97Fayad","2","2","4"
"hamzaaaaaaa3","2","2","4"
"Hamzajk","2","2","4"
"Hamzcorp","2","2","4"
"handoverfist","3","1","4"
"hanhphi101","1","3","4"
"hank_29","2","2","4"
"hanktwich","2","2","4"
"Hanna1023","2","2","4"
"Hannia08","2","2","4"
"Hannibal216","2","2","4"
"HansCarlsenNiemann","2","2","4"
"Hantankhanh2022","2","2","4"
"Hany661122","1","3","4"
"hanyun12","2","2","4"
"hanzifey18","2","2","4"
"happy_cook","2","2","4"
"happyflorena","1","3","4"
"happyrock","3","1","4"
"harakiri84","3","1","4"
"Harconnen","2","2","4"
"HARDIKJUNEJA","2","2","4"
"hardonboard","2","2","4"
"Hareesh_Hari02","2","2","4"
"harem66","3","1","4"
"Hari_bol","2","2","4"
"Harikrishnanlp","1","3","4"
"Harini14590","2","2","4"
"Harjith_Rajbharath","2","2","4"
"HARON30","3","1","4"
"haroojn234","2","2","4"
"harpsichords","2","2","4"
"HarrisonS1709","2","2","4"
"harrytheman","3","1","4"
"Harsh_soni","2","2","4"
"Harsh1607","3","1","4"
"harsheetsaxena","2","2","4"
"Harshi_2011","3","1","4"
"Harshixx","2","2","4"
"hartstle","2","2","4"
"Harun_Ozkan","1","3","4"
"Harun_the_Genius","1","3","4"
"Harun1212","1","3","4"
"HaruNemuri","2","2","4"
"hasan-kuran","2","2","4"
"Hasan1122","2","2","4"
"Hasan2206","2","2","4"
"hasanazad","2","2","4"
"hasanchess24","2","2","4"
"Hasanspahic","2","2","4"
"hasanz","3","1","4"
"hasbinyanal","1","3","4"
"Hase64","3","1","4"
"hashashine","1","3","4"
"hashemkananihamlabad","3","1","4"
"Hashimian","2","2","4"
"hasnyaknn","2","2","4"
"hasobabax","2","2","4"
"hassan47","2","2","4"
"hasthagbt","2","2","4"
"Hateem99","1","3","4"
"hateworkplaychess","2","2","4"
"Hatim1234","2","2","4"
"hattoriganso","3","1","4"
"Hawarra","2","2","4"
"HawkeyeFortune","2","2","4"
"Hayden_Cromwell56","3","1","4"
"Haytam_kb","2","2","4"
"haze905","2","2","4"
"hazelchesster","1","3","4"
"hazem86","3","1","4"
"Hazemtunisia","2","2","4"
"HB8596","2","2","4"
"hbaking","2","2","4"
"hbekmezci","2","2","4"
"hc0001","3","1","4"
"hcp6629","2","2","4"
"hdhfdj","1","3","4"
"HDRTY","2","2","4"
"HduHabinhan2011","2","2","4"
"he77789","2","2","4"
"Head_j","1","3","4"
"HeartBreaking69","1","3","4"
"Heatherdip","2","2","4"
"heatsofformation","2","2","4"
"HeavenPainter","2","2","4"
"Heckenpenner","1","3","4"
"heidegger0","2","2","4"
"Heisenbard","2","2","4"
"heisenberg5107","2","2","4"
"Heislaughing","1","3","4"
"heisnberg14","2","2","4"
"hejsoede","2","2","4"
"hekkenfeldt","2","2","4"
"Helemeri","1","3","4"
"Helikopter","2","2","4"
"Hell_No2022","3","1","4"
"hellboy1o1","2","2","4"
"hemdanovich","2","2","4"
"henaam","3","1","4"
"hendrikwaterbath","2","2","4"
"hengui","2","2","4"
"heniujarzabek","3","1","4"
"henkbu","3","1","4"
"Henlam","2","2","4"
"hennsi","2","2","4"
"Henrique-Carminatti","1","3","4"
"Henry_lloyd007","1","3","4"
"Henry0730","2","2","4"
"henry2nam","3","1","4"
"henry901","1","3","4"
"Henu64","2","2","4"
"Heraclidus","1","3","4"
"heraldos123","2","2","4"
"Herbella","1","3","4"
"herbertwest1","1","3","4"
"Herbo1904","2","2","4"
"herlex","1","3","4"
"Hernan_Serrano","2","2","4"
"Heroines1","3","1","4"
"hesamalipour","3","1","4"
"hesamhirad65","2","2","4"
"Hesap23","2","2","4"
"Hesiszn","2","2","4"
"HetKantoor","2","2","4"
"Hexagonalmind","2","2","4"
"hexarthrius","2","2","4"
"HeXcutor","1","3","4"
"Heytman","2","2","4"
"Hezar","2","2","4"
"Hezardastaan","3","1","4"
"hfenton47","2","2","4"
"hfh29","2","2","4"
"hg670","2","2","4"
"HGMS-267","2","2","4"
"HGMS-277","2","2","4"
"HGMS-278","2","2","4"
"HGMS-281","2","2","4"
"HGMS-289","2","2","4"
"HGMS-290","2","2","4"
"hgnovich","1","3","4"
"hhkh","1","3","4"
"Hi_Vlad","3","1","4"
"hi21BDarlington","2","2","4"
"hi61235","2","2","4"
"hiago33","2","2","4"
"HichamHamidi1","1","3","4"
"hide89","2","2","4"
"hieule04","3","1","4"
"HIGHalert","2","2","4"
"HighC","2","2","4"
"HighRiskLowReward","2","2","4"
"HiImHyu","2","2","4"
"hiimtheking","1","3","4"
"Hijosmios","2","2","4"
"HikaruLov3r","3","1","4"
"Hikmet23","2","2","4"
"himakshisharma","2","2","4"
"Himansh81","2","2","4"
"himchenhim","3","1","4"
"Hintonburger","2","2","4"
"Hiranjit","2","2","4"
"hiredkiller26","3","1","4"
"Hiruka_Hansana","2","2","4"
"hishigbat","3","1","4"
"hisokaXsora","2","2","4"
"HISS-CharlieH","2","2","4"
"historyskyz","2","2","4"
"hitarthm2","2","2","4"
"hithivfor6","2","2","4"
"HITMPM_0","2","2","4"
"HiveMind88","2","2","4"
"hiwaf","2","2","4"
"hiworld1985","2","2","4"
"HK63","2","2","4"
"hlk123","3","1","4"
"hminhsadboiz123","2","2","4"
"hmm32","2","2","4"
"HMS08","2","2","4"
"HMZLSDMT","2","2","4"
"hoanglong29z","1","3","4"
"hoba87","2","2","4"
"HocusPokaus","2","2","4"
"Hodichess","2","2","4"
"Hodz","2","2","4"
"Hoericht","1","3","4"
"hoffehope","2","2","4"
"Hojat23hojat","2","2","4"
"hola_mundo","2","2","4"
"holoyin","2","2","4"
"HoLue","2","2","4"
"Holystripe","2","2","4"
"HolyVodka77","2","2","4"
"home79a","2","2","4"
"HomeboyAustin","2","2","4"
"HomiesMaster","2","2","4"
"HonestCitizen","2","2","4"
"Honey_Beef","2","2","4"
"HonzaH11","1","3","4"
"hoopla123","1","3","4"
"hoppapotameos","3","1","4"
"horaclito","2","2","4"
"hornyEinhorn","1","3","4"
"horonitel","3","1","4"
"horosho_0","1","3","4"
"horsesroll","3","1","4"
"Hossam_ELfar","2","2","4"
"Hossam81","2","2","4"
"HossamHassan137","2","2","4"
"hotsince83","1","3","4"
"HotThickGirl","1","3","4"
"Houmax1981","3","1","4"
"HousesOfTheHoly","2","2","4"
"Houssem_Tbessi","2","2","4"
"Hovs111","2","2","4"
"howshighschoolbilly","2","2","4"
"Hr_Kules","2","2","4"
"Hrach_Hovhannisyan","1","3","4"
"Hritik2M","3","1","4"
"hrsgodfather","2","2","4"
"hruickbe","2","2","4"
"HS91","2","2","4"
"hsanmartinb","2","2","4"
"hshugos","2","2","4"
"hsomarri1","2","2","4"
"hsule","2","2","4"
"HSw3M","3","1","4"
"HTaylor151189","1","3","4"
"htb91","3","1","4"
"HTMAT","3","1","4"
"Htstuff","3","1","4"
"htugrul97","2","2","4"
"hualua","2","2","4"
"huarnity","2","2","4"
"HudsonHokie","3","1","4"
"Huei2131","1","3","4"
"Huggies82","2","2","4"
"Huginn10","2","2","4"
"hugo-herrador","2","2","4"
"hugoho","3","1","4"
"HugoR21000","2","2","4"
"Hulisani241","1","3","4"
"hulooooooo","2","2","4"
"humanbeing1","3","1","4"
"Humberto83","1","3","4"
"Humonki","2","2","4"
"HumphreyHound","3","1","4"
"HungryFrank","2","2","4"
"HunterBaba","1","3","4"
"HunterFenix","3","1","4"
"HunterHenk","1","3","4"
"hunterman84","2","2","4"
"huntertan123","2","2","4"
"Hush_Hush","3","1","4"
"husseeinabed","2","2","4"
"Hustler2003","1","3","4"
"Hyakkimarru","2","2","4"
"HybridJack","2","2","4"
"Hynr3ck","2","2","4"
"HyperArmor","2","2","4"
"hypss","2","2","4"
"Hyugoslav","2","2","4"
"I_am_Vanya","1","3","4"
"I_CuriousGeorge","1","3","4"
"I_Gamble","3","1","4"
"I_LIVE_IN_A_TOILET12","2","2","4"
"I_Sergey","3","1","4"
"i_stand_with_israel","3","1","4"
"i-LLbeGM","2","2","4"
"I-Love-Being-White","1","3","4"
"I-really-dont-know","1","3","4"
"I000-7_IQ_PLAYER","2","2","4"
"i0rs","3","1","4"
"I13rb3r7","2","2","4"
"i3enja","3","1","4"
"I8-8","2","2","4"
"I83D","2","2","4"
"IAfraidGMs","2","2","4"
"iakanoe","1","3","4"
"Ialambro123","2","2","4"
"Iam_Stanislav","1","3","4"
"Iamahen","2","2","4"
"iamajb","2","2","4"
"iambmf","2","2","4"
"Iamdeepakj","2","2","4"
"iamhunter88","3","1","4"
"Iamizzy102","2","2","4"
"IamKalChar","2","2","4"
"iamking123","3","1","4"
"iamnoobvariar","2","2","4"
"iamsanti","1","3","4"
"Iamshylock","1","3","4"
"IamStephen","1","3","4"
"Iamsuretrentwillwin","2","2","4"
"ianmatthiasflor","2","2","4"
"Iannilli","2","2","4"
"Iaromir_K","2","2","4"
"iateyourknight","2","2","4"
"iavosoajessicah","2","2","4"
"iazid","2","2","4"
"ibanezzzzzz","2","2","4"
"iBerserkHard","1","3","4"
"IBlunderRooks","2","2","4"
"IboBaba69","1","3","4"
"ibrahim_150","3","1","4"
"Ibrahim-777","2","2","4"
"Ibrahim-Hassan","2","2","4"
"ibrahim4771","2","2","4"
"ibrahimdeyiz","2","2","4"
"IbrahimEbo","2","2","4"
"ibrahimhaxhiu","2","2","4"
"IbrahimSedie","3","1","4"
"ibright","2","2","4"
"Ibukunoluwa09","2","2","4"
"Ice_mephi","2","2","4"
"IceEyes26","2","2","4"
"icetrof","2","2","4"
"Ichesssdaily","1","3","4"
"IchFureX","2","2","4"
"Iconi","2","2","4"
"ICT_IS_MY_LIFE","3","1","4"
"ict7e","2","2","4"
"ictnr8383","2","2","4"
"id217","2","2","4"
"idan2801","1","3","4"
"iddohanehmadchess","1","3","4"
"Idhant2010","3","1","4"
"idiltabur","2","2","4"
"IDKEHFJF","2","2","4"
"idkmanwhatever","2","2","4"
"idontknow1111111","2","2","4"
"iengineerzafar","2","2","4"
"ies03","1","3","4"
"if_takes_takes","2","2","4"
"Ifa05","2","2","4"
"iFaKeL","2","2","4"
"iflahimovic","2","2","4"
"ifurkanarii","2","2","4"
"igi3","2","2","4"
"IGI68","1","3","4"
"ignacioc","2","2","4"
"ignor2006","2","2","4"
"Igor_7Shab","2","2","4"
"Igor_Polomoh2","2","2","4"
"igor422010","2","2","4"
"Igor884","3","1","4"
"Igordoc","3","1","4"
"IguanaIguana1","2","2","4"
"IHeatRookA4","2","2","4"
"ihook","1","3","4"
"ihsensagar","1","3","4"
"IITANAvenger","1","3","4"
"ikariooo","2","2","4"
"Ike_Midow","2","2","4"
"ikebunna","2","2","4"
"iker_cbtis20","2","2","4"
"ikifrigo","2","2","4"
"Ikodagh","1","3","4"
"IKOIServices","1","3","4"
"iksgomes","2","2","4"
"ilbitz","1","3","4"
"Ildus_dusic","2","2","4"
"Ilia-Arefev","2","2","4"
"IliasGab","2","2","4"
"ilijaaaam","2","2","4"
"iliya2021","2","2","4"
"ilkinmikayilov","2","2","4"
"illakkiya","1","3","4"
"illasaurius","2","2","4"
"illregence","2","2","4"
"ilmagu","2","2","4"
"Ilnarmos","2","2","4"
"ILostToScholarsMate","1","3","4"
"iloveCoffee","1","3","4"
"ilovelatinas68","2","2","4"
"ILoveToDateGirls","2","2","4"
"IlPrincipe04","2","2","4"
"ilriccio","1","3","4"
"Ilshat159","1","3","4"
"iluxa_miluxa","2","2","4"
"ilyamashkov","2","2","4"
"ilyanovgr","3","1","4"
"ilyas_chess","2","2","4"
"Ilyas0804","2","2","4"
"ilyasmdgh","1","3","4"
"IlyasSh","3","1","4"
"Ilyazurmatov","2","2","4"
"ima_Complex","2","2","4"
"imad12","3","1","4"
"iMaddin7","2","2","4"
"imaginefenn","2","2","4"
"imandy99","2","2","4"
"ImanValiei","3","1","4"
"imapluralist","1","3","4"
"ImatWorkorInClass","2","2","4"
"imitasyon","2","2","4"
"ImkuyaPaul","2","2","4"
"Imladrik","2","2","4"
"immortal_technique94","3","1","4"
"immortal12345","2","2","4"
"Imocachess","2","2","4"
"imolin50","2","2","4"
"IMOsadchiy74","2","2","4"
"ImpalaOnTheRoof","2","2","4"
"imparagiocando","1","3","4"
"ImpMax","2","2","4"
"ImranMelikov","2","2","4"
"imsanishjaiswal","1","3","4"
"imwhitemamba","2","2","4"
"Inaciobs","2","2","4"
"inamarak","3","1","4"
"inazense","2","2","4"
"Increase-Calculation","2","2","4"
"IndefR","3","1","4"
"india25","2","2","4"
"indradonggulu","2","2","4"
"indraIKD","2","2","4"
"ineernity","2","2","4"
"Inetix_XP","3","1","4"
"InfidelBishop","3","1","4"
"Infinate7thinker","1","3","4"
"INFINITEACHILLES","1","3","4"
"INFINITY_99","2","2","4"
"InfraBexk","2","2","4"
"infrarouch","1","3","4"
"inga83","2","2","4"
"inge_2018","2","2","4"
"ingetral57","2","2","4"
"Inggoy_Hapyud","3","1","4"
"ingjosebravo","2","2","4"
"inhwa1030","2","2","4"
"iniciante1237","2","2","4"
"injek","1","3","4"
"Ink_Tsar","2","2","4"
"Inmortalgambler1","2","2","4"
"inpersona","1","3","4"
"insert_coin","2","2","4"
"insight64","2","2","4"
"insomni4","2","2","4"
"Inspire1988","3","1","4"
"instaemreberk0","1","3","4"
"Intellect66","2","2","4"
"INTO-THE-BADLANDS","2","2","4"
"Intu-Deep","2","2","4"
"Intya","2","2","4"
"inzoule","2","2","4"
"Ioshi5077","2","2","4"
"iosuarri","2","2","4"
"Iowen","1","3","4"
"ip_chess","3","1","4"
"IP930","2","2","4"
"ipeeonsandals","2","2","4"
"iphodcristo","2","2","4"
"IPHONE20PROMAX413","1","3","4"
"IpLaydUtch","3","1","4"
"Iplayoncheesedotcom","2","2","4"
"ipmanctes","1","3","4"
"IPunishMagnusCarlsen","1","3","4"
"iqbidq0j","2","2","4"
"IRAN_bullet","2","2","4"
"iranbig2112","3","1","4"
"Iranirani","1","3","4"
"iRaphaelZz","2","2","4"
"Irasko","2","2","4"
"ircak","1","3","4"
"irek2727","2","2","4"
"Irem21","3","1","4"
"IrinaKushnikova","3","1","4"
"Irisgonzalez","2","2","4"
"irms","2","2","4"
"irnc","2","2","4"
"iroboter","1","3","4"
"iron_peTrosiaN1","3","1","4"
"ironbean118","3","1","4"
"ironflower247","2","2","4"
"ironrook","3","1","4"
"Irreivan","2","2","4"
"irydium","3","1","4"
"is0mitzi","1","3","4"
"IsaacGgN","2","2","4"
"isaacnext","2","2","4"
"isaacnovak","2","2","4"
"IsabellaG","2","2","4"
"isaozbek","2","2","4"
"Iscor","3","1","4"
"Ise23","2","2","4"
"ishaan_0109","2","2","4"
"ishan1908","2","2","4"
"isk07","3","1","4"
"islam700","2","2","4"
"IslamBoy","3","1","4"
"ismael-pe","2","2","4"
"ismael3131","3","1","4"
"Ismaelmole","2","2","4"
"ismail11th","3","1","4"
"Ismail237","2","2","4"
"IsnaD","2","2","4"
"isoile123","1","3","4"
"Isotopic","1","3","4"
"Isozaki09","1","3","4"
"issizmatematikci","2","2","4"
"isslam8","2","2","4"
"istab_Snipers","2","2","4"
"isteven1","3","1","4"
"Istieps","2","2","4"
"isuckatthiz","1","3","4"
"isuru_xx","1","3","4"
"IsuruUkwaththa","2","2","4"
"it_dom_1","1","3","4"
"Itachey","2","2","4"
"Itachi717","2","2","4"
"Italiamartinica","3","1","4"
"itayb24","2","2","4"
"ItIsArad","2","2","4"
"itm_1962","3","1","4"
"itm83","2","2","4"
"ITPMeet","2","2","4"
"iTrashAtChess","2","2","4"
"its_a_puzzle","2","2","4"
"its69","2","2","4"
"ItsAbhijeet69","2","2","4"
"ItsAndre","2","2","4"
"itsCommieMark","2","2","4"
"itsjimmy98","1","3","4"
"itsmeluca","2","2","4"
"ItsMrOrange","2","2","4"
"itsnishh","2","2","4"
"itsTre","1","3","4"
"ittlysh","1","3","4"
"itzjak13","2","2","4"
"itzjustkingabi","1","3","4"
"ItzKHChess","2","2","4"
"ivailo0403","2","2","4"
"Ivan__2018","2","2","4"
"Ivan_Baydakov","2","2","4"
"Ivan_Bolhov","2","2","4"
"Ivan_Ivanov_16","2","2","4"
"Ivan_Martinez89","2","2","4"
"ivan_shishkin","2","2","4"
"Ivan_Trubitsin","2","2","4"
"ivan0921","2","2","4"
"ivan9977","2","2","4"
"IvanD11","1","3","4"
"IvanDa1","3","1","4"
"IvanGal77","2","2","4"
"IvanIachnyk","3","1","4"
"ivankoval883","1","3","4"
"ivanpopov2017","2","2","4"
"IvanS1","2","2","4"
"ivanspas","3","1","4"
"IvanVasin","2","2","4"
"IvanVeselov","2","2","4"
"IVANZolo12","2","2","4"
"ivatar","2","2","4"
"ivers0n","1","3","4"
"ivo2501","2","2","4"
"ivoborisov","2","2","4"
"iwan44","3","1","4"
"iwancafe","2","2","4"
"Iwilleaturpieces","2","2","4"
"IwonSeanEom","3","1","4"
"iwwill","2","2","4"
"iyas_ajlan","2","2","4"
"iykwim08","2","2","4"
"IzhStyle","2","2","4"
"Izifb","2","2","4"
"IzMtsenska","2","2","4"
"J_Carneiro","2","2","4"
"J_eclipse_L","2","2","4"
"J_Justiniano","2","2","4"
"J_z_L","2","2","4"
"J_Zagurskiy","3","1","4"
"J-Fields","1","3","4"
"J0nda123","2","2","4"
"j0okerz","2","2","4"
"j9majka","1","3","4"
"jablooey","2","2","4"
"jabygol","1","3","4"
"jaciel_upfim20","1","3","4"
"jack_Oneill","3","1","4"
"jack179","3","1","4"
"JackFallsWell","2","2","4"
"jackieestacado1992","2","2","4"
"jackigntm","2","2","4"
"Jackkkkkkkkkkkkkk","1","3","4"
"jackot","2","2","4"
"Jackson_L","2","2","4"
"jackuprig","2","2","4"
"jackvictor","2","2","4"
"jacob-2104","1","3","4"
"Jacobo_Asse","2","2","4"
"JacoboHerreraM","3","1","4"
"jacobswag","3","1","4"
"jacques_roux","2","2","4"
"Jacye","1","3","4"
"Jade1994","3","1","4"
"jaedetoetteroe","3","1","4"
"JAF809","2","2","4"
"jafar90","3","1","4"
"JagadishM29","1","3","4"
"JAGAVEERAPANDIAN","2","2","4"
"jagman1399","1","3","4"
"jaguar61","1","3","4"
"Jahau","3","1","4"
"Jahquibe","2","2","4"
"Jai_Hanuman_07","2","2","4"
"Jai150692","2","2","4"
"Jailbreckeur","2","2","4"
"Jaime_Zam_Ch","1","3","4"
"jaimefer","3","1","4"
"Jaimeroner","2","2","4"
"jaimetralleta","1","3","4"
"Jainedet1","1","3","4"
"jainerator98","3","1","4"
"JAIngvaldsen","2","2","4"
"JAIRAM2010","2","2","4"
"Jairaxgamer","2","2","4"
"Jairbear29","2","2","4"
"Jairo_gonzalez","2","2","4"
"jaisnana","2","2","4"
"jake_agustin171511sR","3","1","4"
"Jakekond1","2","2","4"
"jakhac","1","3","4"
"jakobgw","2","2","4"
"JakobKai","2","2","4"
"jakobsav","2","2","4"
"Jakshylykchemp","2","2","4"
"JakSieTegoUzywa","2","2","4"
"Jalik","1","3","4"
"Jaluma10","1","3","4"
"Jamadri","1","3","4"
"Jamaicanchesscoach","2","2","4"
"jamek","1","3","4"
"James-T-KIRK","2","2","4"
"James00801","1","3","4"
"James87","2","2","4"
"JamesCameron","2","2","4"
"jamesfourfourteen","3","1","4"
"jamesillo","2","2","4"
"Jamesmagic","3","1","4"
"JamesMills","2","2","4"
"Jan000","2","2","4"
"Jan0o","1","3","4"
"jandinho123","2","2","4"
"Jandrade72","2","2","4"
"janjez2","3","1","4"
"JanPillermann","3","1","4"
"janqek","2","2","4"
"japanesestrawberries","2","2","4"
"jappa09","2","2","4"
"Jaradat_Amer","1","3","4"
"JAREDJ_POMA","2","2","4"
"Jarkle","1","3","4"
"Jarne25","2","2","4"
"JarrodTux","2","2","4"
"JASA49","1","3","4"
"jasme","2","2","4"
"jason_m_bandal","2","2","4"
"Jasonang","2","2","4"
"jassasingh11","1","3","4"
"jasskol","1","3","4"
"Javier_TNK79D","2","2","4"
"Javier9308","3","1","4"
"JavierAG","2","2","4"
"javieron","2","2","4"
"javs910","2","2","4"
"Jaybest","2","2","4"
"jayblack01","2","2","4"
"Jaybles314","2","2","4"
"jayceb1","2","2","4"
"jaydavidrn","3","1","4"
"JayDawg016","1","3","4"
"JaydenM231234","1","3","4"
"jayeshthanvi","2","2","4"
"JayFabro","2","2","4"
"Jayjetsado","2","2","4"
"jayplay","3","1","4"
"jayshree_nikunj","2","2","4"
"Jazzking2021","3","1","4"
"JBauti0","1","3","4"
"Jbito","2","2","4"
"jbrigh","2","2","4"
"jbtito1892","3","1","4"
"jbyang","2","2","4"
"JCevallos29","2","2","4"
"JCGosth_07","2","2","4"
"jcheloy","1","3","4"
"JChojnacki","1","3","4"
"jchput25455","2","2","4"
"jcohansmith","2","2","4"
"JCosta42","3","1","4"
"JCRED","1","3","4"
"jcsucksatchess_03","2","2","4"
"jctru","1","3","4"
"Jcubennnn","2","2","4"
"JCurtisTheMAGICIAN","3","1","4"
"JDAO2","2","2","4"
"Jdem31","2","2","4"
"jdknyn","1","3","4"
"jdmblank","2","2","4"
"jdpatel2212","2","2","4"
"JDTinNC","2","2","4"
"JDudi88","2","2","4"
"Jeangez","3","1","4"
"jeanot0012","2","2","4"
"JeanPaul57","2","2","4"
"jeanpulp","2","2","4"
"Jecamo","2","2","4"
"Jedrus_57","3","1","4"
"Jeeloon","2","2","4"
"jeev465","2","2","4"
"jeevnation","2","2","4"
"jeffcohen","3","1","4"
"Jeffcostello","2","2","4"
"JEFFERSON_05-04","2","2","4"
"JeffPoskin","1","3","4"
"JeffreyDante","1","3","4"
"Jeffreyy","3","1","4"
"Jefontaine94","2","2","4"
"JeiPi96","3","1","4"
"jekeryder","2","2","4"
"Jekson23rus","2","2","4"
"Jelly939","3","1","4"
"Jellyfish3020","2","2","4"
"JEmiAR","3","1","4"
"Jemoederruft","2","2","4"
"jenjet","2","2","4"
"Jeqab","2","2","4"
"jerdajekCZE","2","2","4"
"JeremiasFichs","3","1","4"
"jeremylm","2","2","4"
"Jerlooks","2","2","4"
"jerry9vt","2","2","4"
"JerryNebula","2","2","4"
"Jerych","1","3","4"
"Jessicacaicedo_3","2","2","4"
"JessieSand06","2","2","4"
"jesus_adrian","3","1","4"
"Jesus742","2","2","4"
"Jesuschess18","2","2","4"
"jesusjaleos","2","2","4"
"Jesuspb86","3","1","4"
"jesusrivas","1","3","4"
"jetalix","2","2","4"
"jetchezz","3","1","4"
"jewgenij85","2","2","4"
"jezdecnakonec","1","3","4"
"JFDouglas","2","2","4"
"jfernandez86","2","2","4"
"jfj68","3","1","4"
"JGabbi","1","3","4"
"JGERBERS","2","2","4"
"jgg2000","3","1","4"
"JGpg","2","2","4"
"jgraham97","2","2","4"
"jgum1996","1","3","4"
"jgyou","1","3","4"
"Jhacky_Chess","2","2","4"
"jhalife","1","3","4"
"jham4you","3","1","4"
"jhano13","2","2","4"
"jhb1131","3","1","4"
"jhedigm","2","2","4"
"jherb","1","3","4"
"jherose","2","2","4"
"Jheycoajedres","2","2","4"
"jhnesk","2","2","4"
"Jhon-Alfredo","2","2","4"
"Jhonatankevin2018","2","2","4"
"Jhonier1972","1","3","4"
"jhonka","2","2","4"
"jhonnypienso","2","2","4"
"Jhonvasr07","2","2","4"
"Jhosue11","1","3","4"
"Jiadong19","2","2","4"
"Jignaco","2","2","4"
"jiliss33","2","2","4"
"jillmon","3","1","4"
"jillplease","2","2","4"
"jilow","3","1","4"
"jim74","3","1","4"
"JimCarey","2","2","4"
"jimm1","1","3","4"
"jingyee","1","3","4"
"Jintz","2","2","4"
"Jisoopig","1","3","4"
"jitender05","2","2","4"
"jitu_chowdhury","2","2","4"
"jiwan82","2","2","4"
"jj123456","3","1","4"
"jjcurrado","2","2","4"
"jjeton","2","2","4"
"jjj1337","2","2","4"
"Jjonak","2","2","4"
"Jkaye-92","2","2","4"
"JKRaschke","2","2","4"
"Jkuchima","2","2","4"
"JLAK","1","3","4"
"jlaskowski","2","2","4"
"JLMartin","2","2","4"
"Jlquilo","2","2","4"
"jmbaeza2","2","2","4"
"JMFEM","3","1","4"
"JMJ_Carbs","2","2","4"
"jmlnik","2","2","4"
"jmmayer","3","1","4"
"JMMBXXI","3","1","4"
"JMP2204ROCKER","2","2","4"
"jmyers23","2","2","4"
"JNS5","1","3","4"
"Joabe_Morphy","2","2","4"
"Joan_DArc","1","3","4"
"joanmagat","2","2","4"
"JoaoGonzalez22","3","1","4"
"joaomanoel53","1","3","4"
"joaopavao1979","2","2","4"
"JoaPaura","2","2","4"
"jobkalkman","2","2","4"
"jockee12","2","2","4"
"joctee","3","1","4"
"Jodam","2","2","4"
"Joe_105","2","2","4"
"Joe4000","3","1","4"
"joel_balde","2","2","4"
"Joel_Carlsen","2","2","4"
"Joel_sheldon1","2","2","4"
"Joelong","3","1","4"
"Joelromero2703_insta","3","1","4"
"joelsterki","2","2","4"
"Joelvis","2","2","4"
"JoeNathan3005","2","2","4"
"joezjo","1","3","4"
"joha-boha","3","1","4"
"Johan-013","1","3","4"
"johan1978","1","3","4"
"johanfo","1","3","4"
"johann1080","2","2","4"
"JohannaaahhL","2","2","4"
"johanndavidus","2","2","4"
"JohannesCarlson","1","3","4"
"John_Connor","2","2","4"
"johnald03","1","3","4"
"johnbayode","2","2","4"
"JohnBrown97","2","2","4"
"JohnCarloMM","3","1","4"
"Johncheck","1","3","4"
"Johnek","2","2","4"
"JohnGaden69","2","2","4"
"JohnHafs","2","2","4"
"JohnHarvey","2","2","4"
"johnkev","1","3","4"
"johnmontealto","2","2","4"
"JohNNN","1","3","4"
"johnnsteed","2","2","4"
"JohnnXryct","2","2","4"
"JOHNNY_W_SINS","2","2","4"
"johnny1996","1","3","4"
"johnnyboy1205","1","3","4"
"johnnyboy79i","3","1","4"
"JohnnyDaBass","2","2","4"
"Johnnysd","1","3","4"
"johnpaul_032100","2","2","4"
"Johnstonejrs","2","2","4"
"johntore","2","2","4"
"JohnUlv","3","1","4"
"JohnWick2011","2","2","4"
"jojo9015","1","3","4"
"jojogunna","2","2","4"
"Jojojojooooo23","2","2","4"
"Jokais","2","2","4"
"joker20081305","2","2","4"
"jolemach","2","2","4"
"Jollyjay0","2","2","4"
"jomo33","2","2","4"
"jomox","1","3","4"
"Jonas90x","2","2","4"
"jonasbt","2","2","4"
"jonasmb123","2","2","4"
"jonasottochessgod","2","2","4"
"jonatanjuncal","2","2","4"
"jonataswalker","2","2","4"
"Jonathan173897937943","2","2","4"
"jonathanbar","1","3","4"
"jonathanhilton","3","1","4"
"JonathanKay","2","2","4"
"Jones1997","2","2","4"
"JonesChessTeam","2","2","4"
"Jongoslav","1","3","4"
"Jonneca","1","3","4"
"jonnnyboy2000","2","2","4"
"JonnyWatson","2","2","4"
"jonnyynnoj","2","2","4"
"jonoedmeades","1","3","4"
"jonsnowtucumano","3","1","4"
"jonum","1","3","4"
"Jooaja21","2","2","4"
"JoPitch","3","1","4"
"Jorayev_Nuriddin","1","3","4"
"jordi_fr","1","3","4"
"jordimataix1991","2","2","4"
"jordimr","2","2","4"
"jordonp","2","2","4"
"Jordysac","2","2","4"
"Jorge_Caraballo","2","2","4"
"Jorgecc","3","1","4"
"jorgechasi07","2","2","4"
"JorgeFilho","2","2","4"
"JorgeGuzar","2","2","4"
"Jorgemario77","2","2","4"
"jorgenp","2","2","4"
"jorgep65","2","2","4"
"JorgeParadiso","2","2","4"
"Jorgeplays","2","2","4"
"jorgesantos","2","2","4"
"jorgesilks","2","2","4"
"JorgeTobar01","3","1","4"
"jorghexx0334","1","3","4"
"Joris1612","2","2","4"
"Jorjoloski","3","1","4"
"jornby","2","2","4"
"Jose_Liren","3","1","4"
"Jose1999","3","1","4"
"jose681010","1","3","4"
"josefino-dias-jr","2","2","4"
"Joseki22","2","2","4"
"joselagosm","2","2","4"
"josemariarubio","2","2","4"
"Joseph_Alderete30","2","2","4"
"Joseph6666","2","2","4"
"joserubiano","2","2","4"
"josetomas","2","2","4"
"Josh077","3","1","4"
"Josh25FPV","2","2","4"
"joshdej","1","3","4"
"JoshDeux","2","2","4"
"JoshHiban","2","2","4"
"joshmajor13","1","3","4"
"JoshP1225","2","2","4"
"Joshua_UjChess","2","2","4"
"Joshuaveto19","2","2","4"
"jospace","2","2","4"
"Joss_cohuo","2","2","4"
"jossoerh","1","3","4"
"JosuaCarlos","2","2","4"
"Josuatacata","2","2","4"
"josuecitop3n3_waza","3","1","4"
"josueheras","2","2","4"
"Jotama","2","2","4"
"JotaroKujo69420","2","2","4"
"Jovann","2","2","4"
"jowinbiggner","2","2","4"
"joyboy200","2","2","4"
"jozefk3012","2","2","4"
"JozVidaurreTiago","2","2","4"
"JP29258","1","3","4"
"JP77770","3","1","4"
"jpammerlaan","2","2","4"
"JPatrick314","2","2","4"
"jpbufe3","2","2","4"
"jpjunior1","2","2","4"
"jpleclerc90","2","2","4"
"jpsshah","3","1","4"
"Jr-Developer","2","2","4"
"jradoicic","2","2","4"
"jrcrawford512","2","2","4"
"Jrd03","2","2","4"
"jrmat","2","2","4"
"jrpantin","2","2","4"
"jrsantos","2","2","4"
"JS1878","2","2","4"
"JSalvo","3","1","4"
"Jshabzisavzisvzkz","2","2","4"
"jsilvestri92","2","2","4"
"jsl402","2","2","4"
"JSmoke98","2","2","4"
"jsousa12345","3","1","4"
"jsposita","2","2","4"
"JSsolano84","1","3","4"
"jSus05","2","2","4"
"JSzulczyk","2","2","4"
"JTagayona","1","3","4"
"JtdHughes","2","2","4"
"jtech","3","1","4"
"jthem","3","1","4"
"jtokester","3","1","4"
"juan_bugmann","2","2","4"
"juan_mc_pedro_der4","3","1","4"
"Juan_Velez11","2","2","4"
"juan311009","2","2","4"
"JUAN62007535","2","2","4"
"Juan91289","2","2","4"
"JuanCruzJota","1","3","4"
"JuanDVL","3","1","4"
"JuanFerrer","1","3","4"
"Juanin1729","2","2","4"
"JuanJoAC","2","2","4"
"Juanksc","1","3","4"
"JuanmaBlanco","3","1","4"
"juanpirey8","2","2","4"
"JuanpiSF","1","3","4"
"JUANQ7","3","1","4"
"juansolo07","2","2","4"
"juanvela","2","2","4"
"jubintu09","1","3","4"
"jugo1111","1","3","4"
"Juicy_Jeff","3","1","4"
"juicyoranges","2","2","4"
"juju-beans","2","2","4"
"Jujulebarbu","2","2","4"
"juklop","2","2","4"
"Julax","3","1","4"
"Jules_04","1","3","4"
"jules_Chelotti","2","2","4"
"Julia579","2","2","4"
"JulianColombia","3","1","4"
"JuliBerzosa","2","2","4"
"Juliiooo11","2","2","4"
"julio_123","2","2","4"
"Julito90","2","2","4"
"Julius2","2","2","4"
"juliussolichin","2","2","4"
"julo_z","2","2","4"
"juls_2_6","2","2","4"
"JuMaLi011003","3","1","4"
"jun27","2","2","4"
"JuneMabaylan","2","2","4"
"Jungss","1","3","4"
"juniorkg","2","2","4"
"junkyard_algebra","2","2","4"
"JunSnow","1","3","4"
"jurgenbull","2","2","4"
"Jurimeta","3","1","4"
"Just_Boris","2","2","4"
"just_chess24","2","2","4"
"Just_Fog","3","1","4"
"justalearner88","2","2","4"
"JustCaroKann","2","2","4"
"JustClark","2","2","4"
"justhorsingaroun","2","2","4"
"justicesquares","2","2","4"
"justine_morola22","2","2","4"
"justinpealing","3","1","4"
"justmeee","2","2","4"
"justnlgh","2","2","4"
"justnoone","2","2","4"
"justopoi","2","2","4"
"JustSony","3","1","4"
"justwannatry","2","2","4"
"juudude","2","2","4"
"juvenal97","2","2","4"
"Juventus19971999","1","3","4"
"jvge","3","1","4"
"jvmshid","2","2","4"
"jvsalgado","1","3","4"
"Jw1995","1","3","4"
"jwha","2","2","4"
"jwovvw","2","2","4"
"JxSux","2","2","4"
"jynxian","3","1","4"
"JZ83","2","2","4"
"k_gads","3","1","4"
"k0x177","2","2","4"
"K1081","1","3","4"
"K1ll3r0707","2","2","4"
"K1LLRADEE","1","3","4"
"k1pps","2","2","4"
"K1RA23","2","2","4"
"k1z3","2","2","4"
"k2_peaks","2","2","4"
"K2A","2","2","4"
"k2xl","2","2","4"
"k3hr","2","2","4"
"k3rteriz","2","2","4"
"k4r4n","2","2","4"
"K4SH1","3","1","4"
"K9vampire","2","2","4"
"Kaanalex13","2","2","4"
"KaanM37","2","2","4"
"Kaann1","2","2","4"
"KaanTugberk4","2","2","4"
"kabanosk","3","1","4"
"kabinusss","2","2","4"
"kaboj","2","2","4"
"KaboomCl0wn","2","2","4"
"Kabovska","3","1","4"
"kabul1957","2","2","4"
"kabutocr","2","2","4"
"Kackalacke123","1","3","4"
"Kacperolo123","2","2","4"
"Kadarsky","2","2","4"
"Kaelicious","2","2","4"
"kafa61","2","2","4"
"Kafka4x","2","2","4"
"kafkafr","2","2","4"
"kafkianenturist","2","2","4"
"kaganbuldan1","1","3","4"
"Kahin-Black","2","2","4"
"kahramaan72","2","2","4"
"kahvimuki","2","2","4"
"Kaidrich","3","1","4"
"KaijiLM","3","1","4"
"kaiky14","2","2","4"
"Kaiose","1","3","4"
"Kairat123","2","2","4"
"Kairtas_Aitas","3","1","4"
"kaissachess745","1","3","4"
"KaizenKnight","3","1","4"
"Kajuru2022","1","3","4"
"Kajusze","3","1","4"
"Kaksoccer","2","2","4"
"kalegitti","2","2","4"
"kaligeek","3","1","4"
"kalimera79","1","3","4"
"kalinga8","2","2","4"
"kallime","2","2","4"
"kallocan","1","3","4"
"Kalposh","3","1","4"
"kalykov25","2","2","4"
"Kama27022010","3","1","4"
"KamaleshVK","2","2","4"
"kamalT2023","2","2","4"
"Kamduki","1","3","4"
"kamil2318","2","2","4"
"kamileo96","2","2","4"
"Kamranfunnymoon","3","1","4"
"kangaroocastle","3","1","4"
"KANGROO_do","2","2","4"
"kanibala126","2","2","4"
"Kanintespela","2","2","4"
"kankul","1","3","4"
"Kanufahrer","3","1","4"
"Kanye1389","2","2","4"
"Kapacu1","3","1","4"
"Kapadokya12011","2","2","4"
"kapakmerah123","3","1","4"
"kapasp70","2","2","4"
"kapchi","2","2","4"
"kapild786","1","3","4"
"Kaprioli501","1","3","4"
"Kaprior","2","2","4"
"kaps_1","1","3","4"
"kaptenk","1","3","4"
"karasaiaskar","3","1","4"
"Karateligg","2","2","4"
"Kardok","2","2","4"
"kardonera","2","2","4"
"kareem_hani53","2","2","4"
"kareem689","3","1","4"
"karev26rus","2","2","4"
"karim324","2","2","4"
"karimove","2","2","4"
"Karl_Leibniz","1","3","4"
"karl05","3","1","4"
"KarlDerKaese","3","1","4"
"KarlNietzsche","2","2","4"
"Karma76","3","1","4"
"karmakarpriyangshu21","2","2","4"
"Karmas22","2","2","4"
"karnan000","1","3","4"
"karnaught","2","2","4"
"Karol05ks","3","1","4"
"Karol4314","3","1","4"
"Karol94","2","2","4"
"karolalayan","3","1","4"
"KarpovianVenom","3","1","4"
"karrot2404","3","1","4"
"Kartik_077","2","2","4"
"Kartik005","2","2","4"
"kartoshkaw","2","2","4"
"Kartush6666","2","2","4"
"kasab128","1","3","4"
"Kasaso","2","2","4"
"kasdokman96","2","2","4"
"kashapovalov","2","2","4"
"kashishjaisinghani12","2","2","4"
"kashke","2","2","4"
"KasoQuesoChess","3","1","4"
"kasparius","3","1","4"
"kasparov22222","2","2","4"
"kasra007p","2","2","4"
"kassaab","2","2","4"
"Kassimov","2","2","4"
"KASSIOGARCIA","1","3","4"
"KaSTe_1985","2","2","4"
"Katarina1993","2","2","4"
"katematthewssmd","2","2","4"
"katilcivciv1","2","2","4"
"katlookgethile","2","2","4"
"Katoschi","2","2","4"
"katrin_55","2","2","4"
"kauphylover","2","2","4"
"kaushalvats","2","2","4"
"Kausik06","2","2","4"
"kavas421","1","3","4"
"Kaverbach","2","2","4"
"Kavin413","2","2","4"
"KAVISH34","2","2","4"
"kavun1","2","2","4"
"KawaiiKame0","2","2","4"
"kawhi19","2","2","4"
"kayctins","3","1","4"
"kayfaTobeaAcademy","2","2","4"
"kayraagibi","2","2","4"
"kazako","2","2","4"
"kazaly","2","2","4"
"kazelion","3","1","4"
"Kaznokrad23","2","2","4"
"Kazuha-Kaedehara","3","1","4"
"Kbfcffkyc35","1","3","4"
"kboxerpete","2","2","4"
"KBSBR","2","2","4"
"KC55","2","2","4"
"kcm27000","2","2","4"
"kcup","2","2","4"
"kdrylmz63","3","1","4"
"kdtrock","2","2","4"
"KDXGarage","2","2","4"
"keefs141","3","1","4"
"Keegan34","2","2","4"
"kefir2012","2","2","4"
"keillrandol","2","2","4"
"KeineRochade","2","2","4"
"KeinJens","1","3","4"
"kekotrak","2","2","4"
"kelbey","1","3","4"
"keliny","2","2","4"
"kelket7","2","2","4"
"Kellendonk","2","2","4"
"kemal1970","1","3","4"
"kemaldursun0","2","2","4"
"kempu","1","3","4"
"Kems81","2","2","4"
"ken2slink","2","2","4"
"Kenanb","2","2","4"
"KENANOZ","2","2","4"
"kenawy723","2","2","4"
"Kenerian","2","2","4"
"kenglut","2","2","4"
"KenKura2","3","1","4"
"KENNANILAHCEN","2","2","4"
"kenneldistrict","1","3","4"
"Kennessai","2","2","4"
"Kenswar","2","2","4"
"kenthesis","2","2","4"
"KentNail","1","3","4"
"keonglaut85","2","2","4"
"keremmmmmnmnnn","1","3","4"
"KeresFC","1","3","4"
"Keriman","2","2","4"
"KERLAWORLDCHAMP","3","1","4"
"Kerollydamaceno","2","2","4"
"kesavchandarrj","2","2","4"
"keskinsirkee","3","1","4"
"Ketelwald","1","3","4"
"ketpat1","2","2","4"
"KevBaile","1","3","4"
"Kevin-M","2","2","4"
"KEVIN11k","2","2","4"
"Kevinaxl1","3","1","4"
"KEVINCARLSEN63","2","2","4"
"kevingurirab","1","3","4"
"kevipedia","2","2","4"
"kevkao","1","3","4"
"kevo221","2","2","4"
"KeyToImmortality","2","2","4"
"Khadruz","2","2","4"
"Khaerudinbanten","3","1","4"
"khaled_Sqoor5","2","2","4"
"khaledona","2","2","4"
"KhaledUssef21","3","1","4"
"khaleel00","2","2","4"
"khalid_dy","2","2","4"
"Khalid_m_osman","3","1","4"
"Khalid66","2","2","4"
"Khalid91","3","1","4"
"KhalidOmar","2","2","4"
"Khalifmen","2","2","4"
"khan_s_off1c1al","3","1","4"
"KhandareRS","2","2","4"
"khaos21","2","2","4"
"Kharboutli","3","1","4"
"kharkavin_vd","1","3","4"
"Kharoon_HRZ","3","1","4"
"khassornumber01","2","2","4"
"khatwa1","2","2","4"
"Khaya1","2","2","4"
"Khim-Da-Ichi","2","2","4"
"khlhas","2","2","4"
"Kholil","2","2","4"
"khondiyor","1","3","4"
"Khrysaoros","3","1","4"
"Khulieff","3","1","4"
"KI_Time_Lord","2","2","4"
"ki_witz","3","1","4"
"Ki11er1600","2","2","4"
"kiafpv","1","3","4"
"kianpaya","1","3","4"
"kiarash2024","2","2","4"
"kibbitzer","2","2","4"
"Kichigin_K","2","2","4"
"Kid100","3","1","4"
"Kidoda","3","1","4"
"KiesM","2","2","4"
"KietLan30","2","2","4"
"kihit0mi","1","3","4"
"Kikagol","2","2","4"
"kike_muguerza","2","2","4"
"Kikelius","2","2","4"
"killabeechess","2","2","4"
"Killbill19756","2","2","4"
"KillerOrxis","2","2","4"
"killrex06","2","2","4"
"kilrbe2008","1","3","4"
"Kim-Chita","2","2","4"
"Kim1409","1","3","4"
"Kimba4ka1","1","3","4"
"Kimi0927","2","2","4"
"kimichelle","2","2","4"
"Kimosan","2","2","4"
"Kimple","2","2","4"
"kimyaci-61","3","1","4"
"Kind_7787","2","2","4"
"KindaBlindIfImHonest","2","2","4"
"king_909","3","1","4"
"king_lich05","3","1","4"
"KING_OF_MY_CAST","2","2","4"
"King-Darius","2","2","4"
"king5533","2","2","4"
"KingBoromir","1","3","4"
"KingBradly19","3","1","4"
"KingCharles6","2","2","4"
"Kingdomini","2","2","4"
"kingfisher28","3","1","4"
"kinggon","2","2","4"
"KingJaffa","3","1","4"
"KingKalebz121","3","1","4"
"KingLucian","2","2","4"
"KinglyStrategist","2","2","4"
"KingMat2010","2","2","4"
"kingmoyce","2","2","4"
"kingofdarkness93","2","2","4"
"kingosgr","1","3","4"
"KingRtgr","1","3","4"
"Kingsattackpower94","3","1","4"
"KingSide1127","2","2","4"
"KingSlayer1892","2","2","4"
"KingUrban","1","3","4"
"KingxOzymandias","1","3","4"
"Kingzyyy","2","2","4"
"kinuhata","2","2","4"
"Kiogora","3","1","4"
"Kiotaka-bn","2","2","4"
"kiprasd","1","3","4"
"kir301994","1","3","4"
"Kira_Baklan","2","2","4"
"kirbi1111","2","2","4"
"Kireo","2","2","4"
"kiri4b","2","2","4"
"Kirill_Krutsko","2","2","4"
"Kirill010503","2","2","4"
"kirill220rt","2","2","4"
"KirillKrasovskii13","2","2","4"
"KirillMoiseev20","3","1","4"
"kirins","3","1","4"
"Kirlev","1","3","4"
"kirscheeee","2","2","4"
"kirschsaft","3","1","4"
"kirubel1999","2","2","4"
"Kiryuha73","2","2","4"
"kiselee","3","1","4"
"KISHOR_DA","2","2","4"
"Kita28","2","2","4"
"kitrii","3","1","4"
"Kittos","2","2","4"
"KittyCatPotato","2","2","4"
"kittyrobber87","2","2","4"
"Kivi_27","3","1","4"
"kivo","2","2","4"
"Kiyan_ghorbani","2","2","4"
"kj12599","2","2","4"
"KjetilG","2","2","4"
"kkaty1818","2","2","4"
"kkkirici","2","2","4"
"kkkkartikey","2","2","4"
"Klanarya","2","2","4"
"klarkdan","1","3","4"
"klasre","3","1","4"
"KlatSimon","3","1","4"
"Klauss_0","2","2","4"
"KlementevIlya","2","2","4"
"kleverr","2","2","4"
"KLI_PhucAn2016","2","2","4"
"kligs","2","2","4"
"KLIMENKO_V","2","2","4"
"klingsor917","3","1","4"
"klipper2007","3","1","4"
"klobasar","2","2","4"
"Kloud_Moonedu","2","2","4"
"Klozick","3","1","4"
"Klub0K","2","2","4"
"klumbob","2","2","4"
"kly_botvinnik","2","2","4"
"Klyrux","2","2","4"
"Kmohamed","2","2","4"
"Knallkopf70","1","3","4"
"knif","3","1","4"
"Knight_001","3","1","4"
"Knightella","1","3","4"
"Knightleyknight","3","1","4"
"knightoesix","1","3","4"
"knightsahoy","2","2","4"
"knightt9","2","2","4"
"knightyknighto","2","2","4"
"Knopochka1610","1","3","4"
"knowmuzammil","3","1","4"
"knudle","1","3","4"
"knut59","2","2","4"
"knutav","2","2","4"
"Knutsch","1","3","4"
"Knzee","1","3","4"
"kobekowski","2","2","4"
"Kobi2020","1","3","4"
"Kobossy","2","2","4"
"kokeza","3","1","4"
"Kokhaba","3","1","4"
"KokhMV","2","2","4"
"Kolar10","1","3","4"
"Kolbenfresser","3","1","4"
"koli88","3","1","4"
"koliso","2","2","4"
"KOMANDO-SZACH","2","2","4"
"Komari-Zaman","2","2","4"
"Komi86","3","1","4"
"kommodori","1","3","4"
"komputeridiat","3","1","4"
"Kon_liod","2","2","4"
"KonBara","2","2","4"
"konfusionirl","2","2","4"
"kong2057","1","3","4"
"KonguKing","2","2","4"
"konradfrey","2","2","4"
"konsi12","1","3","4"
"Konskyi","2","2","4"
"Konstantin_brovko","2","2","4"
"Konstantin_M","2","2","4"
"konstantinosss32","3","1","4"
"KonstantinPM","1","3","4"
"KonstantinT14","2","2","4"
"Koooontin","2","2","4"
"Kopaev1990","1","3","4"
"Kopejsk","3","1","4"
"Kopere_Nico","1","3","4"
"Kor4eg","2","2","4"
"kordikordi294","1","3","4"
"Kordorf","2","2","4"
"Korkut11","3","1","4"
"korolgri","2","2","4"
"KorotkovAleksandr-08","2","2","4"
"korsar-sibir","2","2","4"
"korshunov","2","2","4"
"korvonigra","2","2","4"
"koskelotti","2","2","4"
"Kosmos23","2","2","4"
"kosovokid","2","2","4"
"kost1346","2","2","4"
"Kostamonstr","1","3","4"
"kostaslaf","2","2","4"
"kostassloukas","1","3","4"
"kostassssss","2","2","4"
"kostcoguy","1","3","4"
"kostis89","1","3","4"
"kosty03","2","2","4"
"KostyaNtilopol","2","2","4"
"Kotofeyca","2","2","4"
"KOTZBROCKEN","2","2","4"
"Kowolotka","2","2","4"
"koysur-bjksatranc","2","2","4"
"kpd_crstbl","2","2","4"
"Kpkpkpkpkp","2","2","4"
"kpzip","2","2","4"
"Kr_1995","2","2","4"
"kraaknogschaak","2","2","4"
"krackatini","1","3","4"
"KRAD09","2","2","4"
"krake","2","2","4"
"KraljDzungle","1","3","4"
"Krasax","1","3","4"
"Krasko0","2","2","4"
"Krawinkulus","2","2","4"
"Kregov","2","2","4"
"KreisligaC","1","3","4"
"Kreizi_broy_2300","2","2","4"
"kremhrust","3","1","4"
"kriptobio","1","3","4"
"krisDan","2","2","4"
"Krishk343","2","2","4"
"krishnabhaskarmurali","3","1","4"
"krishnagupta645","2","2","4"
"Kristure","3","1","4"
"Krixxus","2","2","4"
"KRM007_B18L_AIMAN","1","3","4"
"Krmchamp","2","2","4"
"krndija","2","2","4"
"kroddan96","2","2","4"
"krolfan","1","3","4"
"krolikroger42","3","1","4"
"KronosZ-2","2","2","4"
"Krot14","2","2","4"
"KROWNTY","2","2","4"
"Krsmanovicc","1","3","4"
"krtfurkan","1","3","4"
"kruglyak","3","1","4"
"Krunoslav","2","2","4"
"krybabykev","2","2","4"
"ks_adi11","2","2","4"
"ks10","2","2","4"
"KsDaMan","1","3","4"
"ksetram","2","2","4"
"kslsif","2","2","4"
"ksmndr","2","2","4"
"ksok007","2","2","4"
"kstef3003","2","2","4"
"KTEDMSHUN","1","3","4"
"Ktosxdxd","2","2","4"
"kuanysh_zharkinbekov","2","2","4"
"Kuba_10","2","2","4"
"kuba11111111111","1","3","4"
"KubaNaryn85","2","2","4"
"kubat0v","2","2","4"
"kubititime24","3","1","4"
"Kubix02","2","2","4"
"kubukoz","2","2","4"
"Kuda_brilyan","2","2","4"
"kudagoyang","3","1","4"
"Kukoin","3","1","4"
"kukovca","1","3","4"
"Kuldeeppca","2","2","4"
"Kulich-2009","2","2","4"
"kuljan","2","2","4"
"kullanici1111","1","3","4"
"Kulmarv1026","2","2","4"
"kumar2020","2","2","4"
"kumaran24","2","2","4"
"Kumares2727","2","2","4"
"kumarski","2","2","4"
"Kunitsyn","2","2","4"
"kupreeff32","2","2","4"
"Kupusic-Blitvic","3","1","4"
"Kurazhist","2","2","4"
"Kuria5","2","2","4"
"kurmanc","2","2","4"
"Kurniawan377","2","2","4"
"kurritoo","1","3","4"
"kurro","1","3","4"
"Kurumkan","2","2","4"
"Kushian_12","2","2","4"
"Kushikari","2","2","4"
"Kuspa","2","2","4"
"kutsalAygun3","2","2","4"
"kutspelNL","1","3","4"
"Kutudon","1","3","4"
"Kutzune","3","1","4"
"kuvanx","1","3","4"
"Kuwla2003","2","2","4"
"KuzhelBB","1","3","4"
"kw_z1y","2","2","4"
"Kwaba","3","1","4"
"kwiz","3","1","4"
"Ky3bMA_Chess","3","1","4"
"Kydland","2","2","4"
"kyhus","2","2","4"
"kykymberr","3","1","4"
"Kylemendezz-Bahoruco","1","3","4"
"kyo2k","3","1","4"
"kyriakosvlms","2","2","4"
"kzuluagas","2","2","4"
"l_Amir_l","2","2","4"
"L_Lawliet99","2","2","4"
"L_Lawliety","2","2","4"
"l_pavlasek","1","3","4"
"l0lihunter","2","2","4"
"L1309","3","1","4"
"l16l16l16","1","3","4"
"L1L2R1R2HBGD","3","1","4"
"l44lieiaulch11","2","2","4"
"l7san","2","2","4"
"La-Pythie-de-Delphes","2","2","4"
"LAA754","1","3","4"
"labedida","2","2","4"
"labibfmc28","2","2","4"
"Laboon14","2","2","4"
"laboza12","3","1","4"
"Laccetto","2","2","4"
"LaCera25","2","2","4"
"Lachipipulga","2","2","4"
"LachlanDachlan","1","3","4"
"Lachtaube","1","3","4"
"lacininellitonu","1","3","4"
"Lacioc","2","2","4"
"lacomparable","1","3","4"
"Lacua","2","2","4"
"Laczi","2","2","4"
"Ladas2524","2","2","4"
"Ladivadu68","1","3","4"
"Ladry123","2","2","4"
"Laeuferpaar","3","1","4"
"lagaffe42","1","3","4"
"lagata123","2","2","4"
"Lago88","2","2","4"
"Lagrlagr","3","1","4"
"laich10","3","1","4"
"LaidbackStrat","2","2","4"
"laifot","1","3","4"
"LaIlusionCosmica","2","2","4"
"Lais_Zaad","2","2","4"
"lajewitsch","2","2","4"
"laji1","2","2","4"
"Lakiodas","2","2","4"
"lakshmana96","1","3","4"
"LaLa2017","1","3","4"
"lalbihari","1","3","4"
"Lalo91ibarra","2","2","4"
"lama_maksim","3","1","4"
"lamak-pro","2","2","4"
"LaMina2020","1","3","4"
"Lamongi97","2","2","4"
"lamozka","3","1","4"
"Landimip","1","3","4"
"landlordd","2","2","4"
"LannisterTyrion","2","2","4"
"Lansh","2","2","4"
"Lapebie","1","3","4"
"LapichicataDaaaa","1","3","4"
"larchenkoroman","2","2","4"
"LarGoatTheIII","2","2","4"
"Larry_WZ","2","2","4"
"larryskywalker","3","1","4"
"LarsEirikHogsaas","3","1","4"
"lascases","3","1","4"
"LastDissident","2","2","4"
"lastmin","2","2","4"
"Laszlo92","1","3","4"
"laszlochess","2","2","4"
"LAT-08","2","2","4"
"LATESTEMPIRE","2","2","4"
"latze88","2","2","4"
"Laurimo79","3","1","4"
"lauty47","1","3","4"
"Lauva2007","1","3","4"
"Lav1kq1","2","2","4"
"laverman","2","2","4"
"LavrentievA","2","2","4"
"LawaK-mCs","1","3","4"
"lawrence-chelicenibu","2","2","4"
"Lays899","2","2","4"
"LazarHare33","1","3","4"
"lazaromg","2","2","4"
"Lazcanadian","2","2","4"
"LazerCat","1","3","4"
"Lazo00","2","2","4"
"LBellatin","1","3","4"
"Lbzg","3","1","4"
"LC-Racing","3","1","4"
"lcchess961","2","2","4"
"LCMaster","2","2","4"
"LDaVinci","2","2","4"
"ldm1977","1","3","4"
"ldoggydog","2","2","4"
"Le_Baba1","3","1","4"
"Le_petit_diable","1","3","4"
"Le1louch","1","3","4"
"Le7","3","1","4"
"leader009","2","2","4"
"leafys","2","2","4"
"lealpedro","2","2","4"
"leancam","1","3","4"
"Leandro_Perie","2","2","4"
"leandror45","2","2","4"
"Leansd","3","1","4"
"Learnchess94","2","2","4"
"learningfromya","2","2","4"
"leblebis2","2","2","4"
"lebobski","2","2","4"
"LEBOVSKY","3","1","4"
"Lebromasss","2","2","4"
"LeBuscky","2","2","4"
"lechessENU","1","3","4"
"LechnerPeter","2","2","4"
"ledans","2","2","4"
"ledieudumonde","3","1","4"
"Ledigi","2","2","4"
"Ledo0o_o","2","2","4"
"Leduke68","3","1","4"
"Lee-Hawk","2","2","4"
"lee3061","3","1","4"
"LeeBrooks_UK","3","1","4"
"leecher88","3","1","4"
"leetek","2","2","4"
"Lefty77","2","2","4"
"leganoamarcfig","1","3","4"
"Legend_04","1","3","4"
"legend35","2","2","4"
"legendary_panda","1","3","4"
"LegendaryQueen7","2","2","4"
"Legi91","2","2","4"
"legochesswhat","2","2","4"
"Leifl","1","3","4"
"Leillo","2","2","4"
"Leiz1032","2","2","4"
"LeiZ123321","1","3","4"
"lejn","2","2","4"
"Lekelementos","3","1","4"
"lelelarghi","1","3","4"
"Lelenki","2","2","4"
"LeloutchVI","2","2","4"
"Lemoar","2","2","4"
"lemonscanfly","2","2","4"
"lemuel001","2","2","4"
"lennybeans","2","2","4"
"LennySnarks","2","2","4"
"Lenon1203","3","1","4"
"Leo_D_Falcone","2","2","4"
"LeoCaruso","2","2","4"
"leocbit","2","2","4"
"leodicap","2","2","4"
"LeofricM","3","1","4"
"leoloren","2","2","4"
"LeoMors","1","3","4"
"Leonaidas","1","3","4"
"LeonardoMartinez01","3","1","4"
"leoncito","2","2","4"
"leonhhhhallo","2","2","4"
"leonidnikitin","1","3","4"
"LeonRomeroJuan123","3","1","4"
"Leonus","2","2","4"
"LeonYuLi","2","2","4"
"leoopelti","3","1","4"
"Leospaceman86","1","3","4"
"LeoStrauss1","2","2","4"
"LeoTheBushWhacker","3","1","4"
"leoverge","2","2","4"
"lepidoptetra","2","2","4"
"lesinhmdfc","1","3","4"
"LessWorkMoreChess","2","2","4"
"Lesterandres1985","2","2","4"
"letme133","2","2","4"
"letsraev","3","1","4"
"LetvaVelka","2","2","4"
"LeTyr","2","2","4"
"leun-amme","2","2","4"
"lev103belokyr","2","2","4"
"Lev3x","2","2","4"
"leventintepe7","1","3","4"
"levgonz","3","1","4"
"LEVIATANANGELICAL","3","1","4"
"levii","2","2","4"
"levokunev","2","2","4"
"lewnevel","2","2","4"
"Lexigomez79","1","3","4"
"Lexinial","1","3","4"
"lexkise","2","2","4"
"LexPadayao","2","2","4"
"lexx78rus","2","2","4"
"lexyatina","3","1","4"
"leysev","2","2","4"
"lfklein","2","2","4"
"lfyhd","3","1","4"
"lg_bzn","1","3","4"
"lHugo","2","2","4"
"lhy_sbz","2","2","4"
"li-ko","3","1","4"
"LiaoWarrior","1","3","4"
"libosyiyen","2","2","4"
"licku","2","2","4"
"lidiajung","3","1","4"
"liesrock","2","2","4"
"LifeT","3","1","4"
"Lifisk","1","3","4"
"Ligbeans","2","2","4"
"lightboyk27","2","2","4"
"LightGreyMatter","1","3","4"
"lightnightred","3","1","4"
"lightnine","3","1","4"
"Lightof87","2","2","4"
"ligregorio","2","2","4"
"likeinvictor","2","2","4"
"lil_osama-X","3","1","4"
"lilepyt","2","2","4"
"Lilio1","3","1","4"
"liljoanna","2","2","4"
"LilKevs06","2","2","4"
"lillegutt","2","2","4"
"Lillipop","2","2","4"
"lilvosty","3","1","4"
"Limo2","2","2","4"
"limon4ik13","1","3","4"
"Limouzi","2","2","4"
"limped","3","1","4"
"Limpmackan","1","3","4"
"Lin4ik_0","2","2","4"
"Linbjorg","2","2","4"
"LincolnGramith","2","2","4"
"LinconLuz","2","2","4"
"lincool","2","2","4"
"Lindsaydlaw","2","2","4"
"lindstadvictor","2","2","4"
"Lino_018","1","3","4"
"Lino91","2","2","4"
"liol95","2","2","4"
"liongonzo","1","3","4"
"lionheart4417","2","2","4"
"lionspaw","2","2","4"
"lipetrico","3","1","4"
"Lipstick44","1","3","4"
"liquidm71","2","2","4"
"Lirachess","1","3","4"
"Lisandro2304","2","2","4"
"ListigerFuchs","2","2","4"
"littlebaelish","3","1","4"
"littlezizou1","3","1","4"
"litxeli","2","2","4"
"Liukang2","2","2","4"
"liv_curious","2","2","4"
"livepage","2","2","4"
"livesandyou","2","2","4"
"LivetErEnMorgengave","2","2","4"
"livid_lentil","3","1","4"
"lizardking5","2","2","4"
"lizaro","2","2","4"
"lizeka","2","2","4"
"lKeremys","2","2","4"
"Llanaa","2","2","4"
"lleeoonn","2","2","4"
"llnd","2","2","4"
"llopsa","3","1","4"
"lmanzi","3","1","4"
"LMDS","2","2","4"
"lmehdil","3","1","4"
"lmk27","2","2","4"
"lmv66chess","2","2","4"
"lnk0001","2","2","4"
"Loaibak90","2","2","4"
"lobomalvado","1","3","4"
"localhostSS","2","2","4"
"locksbr","2","2","4"
"Locksul","2","2","4"
"LodoTheKing","2","2","4"
"lodrice","2","2","4"
"loeckli_ch","2","2","4"
"loedoeleksi","2","2","4"
"Loeing","2","2","4"
"LoekSH","2","2","4"
"lofer12","2","2","4"
"logan983","3","1","4"
"LoganRex","2","2","4"
"logarTrihis","2","2","4"
"Logotro","2","2","4"
"LohitashvaRajkumar","2","2","4"
"Lokdei","3","1","4"
"LOKI_184","3","1","4"
"lokilokesh","2","2","4"
"lola_wm","3","1","4"
"LoLi93","2","2","4"
"LoliPop141","3","1","4"
"Lollikimolli","2","2","4"
"lollo3","2","2","4"
"lolo_28","2","2","4"
"lolretrorat","3","1","4"
"Lone_wolf2001","2","2","4"
"LonelymushroomYT1","2","2","4"
"longdongmasterflash","2","2","4"
"Looking_Up","3","1","4"
"loops01","3","1","4"
"loosescrewspsp","3","1","4"
"lopav28","2","2","4"
"Loquillooo","1","3","4"
"lorcab","3","1","4"
"Lord_Blunder","3","1","4"
"LordAKBusiness","2","2","4"
"LordCactus","1","3","4"
"LordKP","1","3","4"
"LordLora","1","3","4"
"lordpenguin328","2","2","4"
"lordxigabar","1","3","4"
"Lorenzo_Vitullo","2","2","4"
"lorinhoi","3","1","4"
"Losev_Mikhail","1","3","4"
"Loski1989","2","2","4"
"loSpezzino","2","2","4"
"lossking","3","1","4"
"Lost-Frequencies93","2","2","4"
"LostBuns","2","2","4"
"Lou-E","1","3","4"
"LouEln","3","1","4"
"LouetiSkander","3","1","4"
"louisrobert","2","2","4"
"Lourennn","2","2","4"
"Love_Palestinian","2","2","4"
"LovreLoki","2","2","4"
"LowDownDownLoad","2","2","4"
"Lowmeyer","3","1","4"
"lowpro","1","3","4"
"loyalov","2","2","4"
"lp167","2","2","4"
"lshulgin","2","2","4"
"LStanley","1","3","4"
"Lua_na_Lua","3","1","4"
"luandsa","2","2","4"
"lubinda_nawa","3","1","4"
"Luca_ch","3","1","4"
"Luca_Leo03","2","2","4"
"luca_sge","2","2","4"
"Luca666","1","3","4"
"Lucafede","3","1","4"
"lucamusc","2","2","4"
"lucardp","2","2","4"
"lucas_mz","2","2","4"
"Lucas-FR","3","1","4"
"Lucascyx123456","1","3","4"
"Lucaseri","2","2","4"
"lucash0316","2","2","4"
"LucasMont","2","2","4"
"LucasPrada46","2","2","4"
"lucasriberx","2","2","4"
"lucawufflekinz","2","2","4"
"LuccaLambert","3","1","4"
"Lucek234","2","2","4"
"LUCHESSPI","2","2","4"
"LuchoEATG","2","2","4"
"Luciainthesky","2","2","4"
"Luciano59","2","2","4"
"lucianoluque","2","2","4"
"LucianOTP","2","2","4"
"LuciennBWGR","2","2","4"
"luckyf7","1","3","4"
"Luckyluckas","1","3","4"
"luckyygirl","1","3","4"
"ludomada91","3","1","4"
"luffypiratesking","1","3","4"
"lufran","2","2","4"
"Luiguibross24","1","3","4"
"Luiiii999","3","1","4"
"luis-Sanabria","2","2","4"
"luis0110","2","2","4"
"Luis0311","3","1","4"
"Luis212121","2","2","4"
"LuisAngel1205","2","2","4"
"luisann","2","2","4"
"luiscardia","2","2","4"
"LuisEnrique18","1","3","4"
"luisguibla10","1","3","4"
"luishamo","2","2","4"
"LuisKade","1","3","4"
"LuisSalvador","2","2","4"
"luisuma","2","2","4"
"Luisva9112","2","2","4"
"Luisvil","2","2","4"
"Luizcxtr","3","1","4"
"LuizPauloRodri34","3","1","4"
"LUIZTAN_2010","2","2","4"
"lukadonkey","2","2","4"
"lukas_iliev","2","2","4"
"Lukas314","2","2","4"
"lukasjgb","2","2","4"
"LukaTR","3","1","4"
"lukc93","2","2","4"
"Luke_BP","2","2","4"
"Luke_C","2","2","4"
"LukeKMA","1","3","4"
"lukeplumptre","2","2","4"
"LukeSM","1","3","4"
"LukiDom1","2","2","4"
"lukke7","1","3","4"
"Lukos42","2","2","4"
"lukzar2","3","1","4"
"lulukanchris","3","1","4"
"lululis80","2","2","4"
"lululong","1","3","4"
"Lumarti0528","2","2","4"
"Lumasssun","1","3","4"
"lumbago2","2","2","4"
"lunabunatoons","2","2","4"
"luno95","1","3","4"
"luptla","1","3","4"
"Luqin","3","1","4"
"lusali","3","1","4"
"Lushin99","2","2","4"
"LuSiS1","1","3","4"
"Luskentyrian","2","2","4"
"Lusqui","3","1","4"
"Luthando_infinity","2","2","4"
"LuVoFo","1","3","4"
"luzgus","2","2","4"
"LWarg","1","3","4"
"lwin321","3","1","4"
"Lwosp","1","3","4"
"lychesess","3","1","4"
"Lyfeisabeach","1","3","4"
"Lymrith","3","1","4"
"LYNX_W8","1","3","4"
"LyoudoeD","3","1","4"
"lyqst","2","2","4"
"Lyuning","2","2","4"
"lzf015","2","2","4"
"M___s","3","1","4"
"M_Artinovitsj","1","3","4"
"m_ballelli","2","2","4"
"M_BIG","2","2","4"
"M_eltonay","2","2","4"
"M_heikal","2","2","4"
"m_khorsandi","1","3","4"
"M_Mosad","2","2","4"
"M-Montoya97","2","2","4"
"m-nobaghi","2","2","4"
"M01Zhng","1","3","4"
"m2362","2","2","4"
"M3gafaust","3","1","4"
"M4RC0_90","2","2","4"
"M4thematician","2","2","4"
"m7ammeed","2","2","4"
"m7soliman","3","1","4"
"M832","1","3","4"
"MA-Moustache","1","3","4"
"Ma041036","2","2","4"
"Maagan-Eden","2","2","4"
"maahirnagda","2","2","4"
"maatteeoo","2","2","4"
"Mabeuf9","2","2","4"
"MAboelwafa","2","2","4"
"Macaheitl","2","2","4"
"macerien0205","2","2","4"
"MacGyver72","2","2","4"
"mach8","2","2","4"
"Machaganesh","2","2","4"
"machine_chelsea","2","2","4"
"Maciejlord","1","3","4"
"maciekstachura","2","2","4"
"mackfighter","3","1","4"
"mackrell","1","3","4"
"macrigato2","2","2","4"
"macthehighlander","3","1","4"
"Macydnah","3","1","4"
"madame_equis","3","1","4"
"madara8000","2","2","4"
"madasbhagyesh","2","2","4"
"Madhav9318","1","3","4"
"Madhava_Das","3","1","4"
"Madhirijad","1","3","4"
"Madhuri46","3","1","4"
"MADHUSUDHANMUDHIRAJ","2","2","4"
"Madi06","2","2","4"
"Madishkin","2","2","4"
"MADMAX-2","3","1","4"
"maeitze","2","2","4"
"MaestroInca","2","2","4"
"maf1oznik","2","2","4"
"Mafioso69","2","2","4"
"mag_dvd","2","2","4"
"Magataw","2","2","4"
"magdyones007","2","2","4"
"Magic_donut","2","2","4"
"Magician_from_Guada","2","2","4"
"magikarp622","1","3","4"
"maglor_elf","2","2","4"
"MagnetischerFluss","2","2","4"
"Magnitudinis","2","2","4"
"magno18","2","2","4"
"Magnobg","2","2","4"
"MagnoosCarlsun","2","2","4"
"magnus_Carlsen_alt","2","2","4"
"Magnus1968","2","2","4"
"MagnusCarlsenBabyEZ","2","2","4"
"Magnusgreat","2","2","4"
"MAGNUSLEBARBARE","2","2","4"
"Magnuslil","2","2","4"
"MagnusMichael","2","2","4"
"MagnusMyboy","1","3","4"
"MagnusSmurf","1","3","4"
"MagnusWho","2","2","4"
"Magzyhadzyy","1","3","4"
"mahalanobis","3","1","4"
"Mahalino727","2","2","4"
"Maham-110","2","2","4"
"Mahanmrz","2","2","4"
"Mahdi_kokabi","2","2","4"
"Mahdiesmailian","2","2","4"
"mahdihrt","2","2","4"
"Mahdii_aziizii","3","1","4"
"MahdiKillerr","1","3","4"
"mahen3378","2","2","4"
"Maher21","3","1","4"
"Mahillo16","2","2","4"
"mahmadddd","3","1","4"
"Mahmood730","3","1","4"
"mahmoud123123","2","2","4"
"MahmoudNafie","2","2","4"
"MahmudovUlvi","2","2","4"
"mahmutberzenci","3","1","4"
"mahnasri1982","1","3","4"
"Mahramov","2","2","4"
"Maia2799","2","2","4"
"maichhh","1","3","4"
"maikelmzllo","3","1","4"
"maikelwolf","2","2","4"
"mainak642","2","2","4"
"Mainous","2","2","4"
"majdham3d","2","2","4"
"majed67","2","2","4"
"Majeh","2","2","4"
"Majkel101","2","2","4"
"majkel33","3","1","4"
"majstorsakube","2","2","4"
"MAKADIAPRIYANK11","2","2","4"
"makaitis","2","2","4"
"makarfoley","2","2","4"
"MakarKhar","2","2","4"
"Makc07","2","2","4"
"makemikemike","2","2","4"
"makeres","2","2","4"
"makerhembram","2","2","4"
"Makhutsisa","2","2","4"
"MakimaX","2","2","4"
"Makinda-P","3","1","4"
"Makmuis","2","2","4"
"maks3627","2","2","4"
"Maksarts","1","3","4"
"Maksicxio","1","3","4"
"MaksimJim135","2","2","4"
"Maksimusiks","3","1","4"
"Malafat4","2","2","4"
"malakshah20","2","2","4"
"Malalreta","2","2","4"
"malayaz","2","2","4"
"malev1997","2","2","4"
"Malickimi","2","2","4"
"malickyman","2","2","4"
"Malik_Kamil","3","1","4"
"malional","2","2","4"
"MalishKarlsen","1","3","4"
"Malkami","2","2","4"
"malkind86","2","2","4"
"mallowisacat","3","1","4"
"Maltsev1984","2","2","4"
"malush398","3","1","4"
"mamad_jose","2","2","4"
"mamakarov","1","3","4"
"Mamasbesta","2","2","4"
"mambavino","1","3","4"
"Mamdouh_it","3","1","4"
"mamedical","3","1","4"
"Mamininati","2","2","4"
"mamonoff","2","2","4"
"mampe","1","3","4"
"Mamurjon_TC","3","1","4"
"MamyHasinony","2","2","4"
"man11utd","1","3","4"
"Man12890","3","1","4"
"man2003","3","1","4"
"manansalgado","2","2","4"
"ManasFuloria","2","2","4"
"Manasvani02","2","2","4"
"manatane","2","2","4"
"Manaweft","1","3","4"
"Mandarineneliminator","1","3","4"
"Mandavismo","2","2","4"
"Mandi_hro","2","2","4"
"mandilaab2014","2","2","4"
"Mandrin1898","1","3","4"
"MandyBuoy","2","2","4"
"manerg","2","2","4"
"Manfredino17","2","2","4"
"mangosima","1","3","4"
"manguadi","2","2","4"
"Manish26singh","3","1","4"
"Manjinder-28","2","2","4"
"Manjit_poet","2","2","4"
"Mankey_de_Luffy","2","2","4"
"Mann213","2","2","4"
"mannatarora268","2","2","4"
"MannyQT","3","1","4"
"manojkd111","2","2","4"
"Manolo_Rosas","1","3","4"
"Manon_1312","3","1","4"
"Manoreis","2","2","4"
"manouchehri18","2","2","4"
"Manseer","2","2","4"
"manspb","2","2","4"
"manu_del_sur75","2","2","4"
"Manublock","1","3","4"
"manucal","1","3","4"
"Manuel_Bait","1","3","4"
"manuel_mani2","1","3","4"
"ManuelSprenger","2","2","4"
"MANUL_ENJOYER","2","2","4"
"Manvith073","2","2","4"
"MANX2504","1","3","4"
"manyongap","1","3","4"
"Maol","2","2","4"
"mapreduced","2","2","4"
"Maqueda123","1","3","4"
"Maragoth","3","1","4"
"marbart","2","2","4"
"Marcel_ilg","3","1","4"
"Marcello-king","3","1","4"
"marcelocripe","2","2","4"
"MarceloRiss","1","3","4"
"MarcEngelmann","2","2","4"
"marceriver","3","1","4"
"MarcialL13","2","2","4"
"marciking","2","2","4"
"marcillamestre1","2","2","4"
"MarcinTST","1","3","4"
"Marcinxxx360","2","2","4"
"Marco_Rivera_159","2","2","4"
"Marco09769","2","2","4"
"MarcoAurelio78945","2","2","4"
"marcoderboy","2","2","4"
"marcohern","2","2","4"
"MarcoPoloLara","2","2","4"
"MarcoSaur","1","3","4"
"marcosdelmarco","2","2","4"
"marcose","2","2","4"
"MarcosOkseniuk1520","3","1","4"
"marcospaulo16yt","2","2","4"
"MarcosSanMiguel33","2","2","4"
"Marcosultymos","2","2","4"
"MarcoUNMSM","2","2","4"
"Marcucci_CZ","3","1","4"
"marcula","2","2","4"
"MarcusChess8","2","2","4"
"MarcusChessMan","2","2","4"
"MarcusContemptus","2","2","4"
"marcusxlll","2","2","4"
"Mardaz","3","1","4"
"Marder81","2","2","4"
"Mardin2006","2","2","4"
"mare_propo","2","2","4"
"marekmink","2","2","4"
"Margin-Walker","2","2","4"
"Margom68","2","2","4"
"mari-tevzadze23","3","1","4"
"Maria_Chernobrovkina","2","2","4"
"Maria1346","1","3","4"
"mariagracia31","2","2","4"
"Marianna_2013Seyr","2","2","4"
"Marianna12","3","1","4"
"mariansahist","2","2","4"
"Marigino","2","2","4"
"MarijndenHartog","2","2","4"
"Marin9969","2","2","4"
"Mario-Barbieri","2","2","4"
"MarioAnel","2","2","4"
"mariodorado","2","2","4"
"mariofpp","1","3","4"
"mariogsanchez","2","2","4"
"marioperezgil","2","2","4"
"Mariopupiales1","2","2","4"
"Mariory","3","1","4"
"Mariosal358","2","2","4"
"MARIOspec","2","2","4"
"mariposatecnicolor","2","2","4"
"mariuszztarnow","1","3","4"
"MariyaV15","2","2","4"
"Mark_Korutesu","3","1","4"
"Mark11081492","2","2","4"
"mark2525","2","2","4"
"MarkCo30","2","2","4"
"MarkCordova082008","2","2","4"
"Markisss","2","2","4"
"marklobo","2","2","4"
"markmig","2","2","4"
"Marko_Ramius","3","1","4"
"Marko009","2","2","4"
"markosierra","1","3","4"
"Markoslop","2","2","4"
"MarKS005777","1","3","4"
"MarkThaSpark","3","1","4"
"MarkTheGreat","2","2","4"
"Markus_1989","3","1","4"
"markusbbq","3","1","4"
"Markusha2010","1","3","4"
"MarkusZappa","2","2","4"
"Marlon1033","2","2","4"
"MarlonDavidRQ","3","1","4"
"Marlonquiopa20","2","2","4"
"Marlowest","3","1","4"
"marofed","2","2","4"
"Marpoc82","2","2","4"
"Marquesx","3","1","4"
"Marsel-226","1","3","4"
"Marsel-23","2","2","4"
"Marshann","2","2","4"
"Marsjasz","1","3","4"
"marstoe","3","1","4"
"marstons","2","2","4"
"Martao","2","2","4"
"Martin_ElPizon","1","3","4"
"Martin_Metodiev","3","1","4"
"martin-rolin","3","1","4"
"martin136","2","2","4"
"MartinCandelario","3","1","4"
"martinde25","1","3","4"
"MartinH1005","2","2","4"
"martinnet","1","3","4"
"martinoxio","2","2","4"
"martinrodiaz","2","2","4"
"MartinThe","2","2","4"
"martovskyyy","2","2","4"
"MartyBeee","1","3","4"
"martyhixxy1985","1","3","4"
"marulero","1","3","4"
"Marvin_Mode","2","2","4"
"Marvin_zuckerberg","1","3","4"
"MarvinLex","2","2","4"
"MarwaArran","2","2","4"
"marwan31988","2","2","4"
"maryanul","2","2","4"
"MaryOsa","3","1","4"
"masgo0","3","1","4"
"masrosv","1","3","4"
"Massil_Sed","2","2","4"
"MASSIVE_BEREAVEMENT","2","2","4"
"Mastaaa","2","2","4"
"mastablastawutwut","2","2","4"
"master_chess2400","1","3","4"
"master1van","2","2","4"
"master2075","2","2","4"
"masteralhan","3","1","4"
"MasterBiter","3","1","4"
"mastercaliber","2","2","4"
"MasterGleb1","2","2","4"
"MasterGrogu","2","2","4"
"Masterhezha","2","2","4"
"Masterjay98","2","2","4"
"MasterJules8","3","1","4"
"MasterKra","1","3","4"
"MasterKurosawa","1","3","4"
"Mastermoks","3","1","4"
"masterofmany","2","2","4"
"MasterOfMastery02","1","3","4"
"MasterRamil","2","2","4"
"masud","2","2","4"
"masudb","2","2","4"
"masudxray","2","2","4"
"MataChapos","3","1","4"
"Matakesh","2","2","4"
"MataMosquitos","2","2","4"
"Matan_82","2","2","4"
"Matareyes2918","3","1","4"
"matby","2","2","4"
"matecreator","2","2","4"
"MateIN83","3","1","4"
"mateo_gamerrr","2","2","4"
"Mateo682","1","3","4"
"mateusmelo821","2","2","4"
"Mateuszeek","3","1","4"
"Mathemagical","1","3","4"
"matheo69","3","1","4"
"matheussuncosta","3","1","4"
"Mati_Czek","2","2","4"
"matiascc1","2","2","4"
"MatiasLeandro","2","2","4"
"MatiasTraglio","2","2","4"
"Matin_Zol1385","2","2","4"
"matin13892525","2","2","4"
"matin7484","2","2","4"
"Matjestic","1","3","4"
"Matoesiko","3","1","4"
"Matomies","2","2","4"
"Matoseva42","2","2","4"
"matsemann","2","2","4"
"Matsq","3","1","4"
"Matt_Daddona","2","2","4"
"Matt_LBJ","3","1","4"
"Matt-th","2","2","4"
"matt0202","2","2","4"
"matta_fix","3","1","4"
"Matteo_Bon_Ane","2","2","4"
"MatteoXavier89","1","3","4"
"Mattesome","1","3","4"
"MattFrankie","2","2","4"
"MaTth_T6002","2","2","4"
"Matthew_Paxomov","1","3","4"
"Matthew46","2","2","4"
"MatthewSachenko","2","2","4"
"MatthieuV84","3","1","4"
"matthogan","2","2","4"
"Matti57","3","1","4"
"matts126","3","1","4"
"MattsChess90","2","2","4"
"mattsmith925","1","3","4"
"MAttyHoHo","1","3","4"
"matyko000","1","3","4"
"MatzzzzG","1","3","4"
"maudecat","2","2","4"
"mauerderbauer","2","2","4"
"maujak","1","3","4"
"Maulik1","2","2","4"
"mauricioaravena1989","2","2","4"
"MauroIvanMoreira983","2","2","4"
"maviterranaen","3","1","4"
"mavrichess","3","1","4"
"max_174","2","2","4"
"Max0808","2","2","4"
"maxchess_797","1","3","4"
"MaxDmyan","2","2","4"
"MaxDR98","2","2","4"
"maxencew","2","2","4"
"maxharlin","3","1","4"
"maxiko2808","1","3","4"
"maxim4519","1","3","4"
"maximdankin","3","1","4"
"Maximkaaa","2","2","4"
"maximlobanovv","1","3","4"
"MaximTheSlayer","3","1","4"
"maximusVBG","3","1","4"
"MaximVronskyi","2","2","4"
"MaxiOlguin","2","2","4"
"Maxlanglais","2","2","4"
"MaxM10","2","2","4"
"MaxMagnus1996","2","2","4"
"Maxomix","2","2","4"
"Maxonavtik","3","1","4"
"MaxpoJah","2","2","4"
"maxreger91","3","1","4"
"MaxTheThird","2","2","4"
"MaxVes","2","2","4"
"Maxwell99","1","3","4"
"maxwind1","2","2","4"
"Maxxx_ok","2","2","4"
"Maxxym","2","2","4"
"MaxysE","1","3","4"
"MaxZ2","2","2","4"
"mayank-puri","2","2","4"
"mayazvezdochka","2","2","4"
"MaynakmasteR","2","2","4"
"mayne1","1","3","4"
"mayor19990","1","3","4"
"MaYoRoV_ArTEmiy","3","1","4"
"maze_88","2","2","4"
"mazlumyildiz","3","1","4"
"Mazonakis","2","2","4"
"Mazouzbouzid","2","2","4"
"mazzio","2","2","4"
"Mb_6","3","1","4"
"Mba4711","2","2","4"
"mbaisalbayev","1","3","4"
"mbaryatalshtrnj","2","2","4"
"MbayeDiagne90","2","2","4"
"MBioS","3","1","4"
"Mbouzid","2","2","4"
"mc_deimon","2","2","4"
"mc89","1","3","4"
"mcaso","2","2","4"
"McAwesomeville_1232","1","3","4"
"MccLovin","2","2","4"
"mcfattyjr","1","3","4"
"McGigant","2","2","4"
"MChigga","2","2","4"
"mcmuffinpuff","2","2","4"
"McSushi","1","3","4"
"mcT_Flying","3","1","4"
"mcwmcw","3","1","4"
"MCXemi","2","2","4"
"md_araf_hasan2009","2","2","4"
"Md-14","2","2","4"
"mdarfan","2","2","4"
"mdatiqs-Maik","1","3","4"
"Mdl-206782","3","1","4"
"MDRAMY11","1","3","4"
"mduduzinkosi","2","2","4"
"me2you2","1","3","4"
"meanderingmoose","1","3","4"
"meatmen87","2","2","4"
"MEC2020","2","2","4"
"Mecatronicodelsur","2","2","4"
"Mechel69","3","1","4"
"Medelas","2","2","4"
"medhikhan","3","1","4"
"medieroed","2","2","4"
"medimenz","3","1","4"
"medsahbi1","1","3","4"
"medurti","1","3","4"
"MedusaSteelCoasterCR","2","2","4"
"meenaakshyvj","3","1","4"
"MeerJan","2","2","4"
"Mefe13","2","2","4"
"megahed32","1","3","4"
"MegaLJ789","3","1","4"
"Megalomaniackp","2","2","4"
"megatron77","3","1","4"
"megaz0rd","2","2","4"
"megger26","2","2","4"
"megh_009","3","1","4"
"Mego21","3","1","4"
"megumiiii","2","2","4"
"Mehanik87","1","3","4"
"mehdi_yakamoz","1","3","4"
"mehgazi","1","3","4"
"Mehmet28","3","1","4"
"Mehmet4bi","2","2","4"
"Mehmet73hadi","2","2","4"
"MehmetTokercl","1","3","4"
"mehorse","3","1","4"
"mehrdadmoallem","3","1","4"
"mehul0603","1","3","4"
"meirzhanzhurynbaev7","2","2","4"
"meisam_abbasi2012","2","2","4"
"meisenhelder1","2","2","4"
"meister412","2","2","4"
"MeisterHartzIV","3","1","4"
"mejustme1","1","3","4"
"Mekace","2","2","4"
"mekebai1966","1","3","4"
"Mekumach","1","3","4"
"Melanta","1","3","4"
"Melbor99","2","2","4"
"Melbourne3127","3","1","4"
"MelesioG","2","2","4"
"melih203","3","1","4"
"melih6nok","2","2","4"
"melisgras","2","2","4"
"Melkor30","2","2","4"
"MeLosPapo","1","3","4"
"MeltLikeButter_111","2","2","4"
"memet178","2","2","4"
"meminko2540","3","1","4"
"memodov25","2","2","4"
"memos13","1","3","4"
"men_553","3","1","4"
"mengxiangde332","2","2","4"
"menohomework","2","2","4"
"meocon2021","3","1","4"
"meong_dor","2","2","4"
"Meowybubbass","2","2","4"
"MeowYT","2","2","4"
"Mephisto_88","2","2","4"
"Mequejr","1","3","4"
"MercilZas","1","3","4"
"merckm","2","2","4"
"mercychigo","2","2","4"
"Merdefuchs","3","1","4"
"merdna","2","2","4"
"mere-mortal","1","3","4"
"merenmeren","1","3","4"
"MergenSh","2","2","4"
"meriaam","3","1","4"
"MerlinAW1","1","3","4"
"merluchee","2","2","4"
"Mero91","2","2","4"
"Mert123456","2","2","4"
"mertyaka","2","2","4"
"MerVit","2","2","4"
"mesey","3","1","4"
"Mesh3l81","2","2","4"
"mess24","1","3","4"
"messioo","2","2","4"
"mestox","2","2","4"
"metal-heli","1","3","4"
"meteklan","2","2","4"
"methadone","3","1","4"
"methius98","2","2","4"
"metmutlu","2","2","4"
"metoamfitamika","3","1","4"
"Metra93","1","3","4"
"Meujael020","3","1","4"
"mexanik00","2","2","4"
"mexicano17","3","1","4"
"MEXPOH","1","3","4"
"mexxexx","2","2","4"
"meysam-ro","2","2","4"
"Mezia","1","3","4"
"mezlaren","2","2","4"
"Mezzomo","3","1","4"
"MF61816","2","2","4"
"mfarokhi","2","2","4"
"mfloodstormrage","2","2","4"
"MFrieros10","3","1","4"
"MG_7","2","2","4"
"mg2018m","3","1","4"
"Mgonzalez2023","1","3","4"
"MGW_rus","2","2","4"
"mh_shawon","2","2","4"
"MHabb","2","2","4"
"mhazimismail","2","2","4"
"Mhd579","2","2","4"
"MhdAhdSAD","2","2","4"
"MHG220MHG24","2","2","4"
"mhmdzamzam","1","3","4"
"MHMMTYVZ","2","2","4"
"mhs1384","2","2","4"
"mhserd","2","2","4"
"MHT28","1","3","4"
"mhtcap","2","2","4"
"MI_MA","3","1","4"
"mi_sha_1","3","1","4"
"Miahil_Tyushkevich","2","2","4"
"miburama","1","3","4"
"micaen1109","2","2","4"
"miccib314","3","1","4"
"Michael-416","2","2","4"
"MichaelFernandis","2","2","4"
"michaelscott1251","2","2","4"
"michal_krasowski","2","2","4"
"michal65","2","2","4"
"MichalKo1187","2","2","4"
"michalloswar","2","2","4"
"michele2309","3","1","4"
"michiDEK","2","2","4"
"michiel1mag","3","1","4"
"michkasz2020","2","2","4"
"mico75","3","1","4"
"mICROBE1090","2","2","4"
"microppguy","1","3","4"
"Midkid","2","2","4"
"MidnightSnacking","2","2","4"
"MidnightSpook","3","1","4"
"Mielon_CFN","2","2","4"
"mifmofmef","2","2","4"
"MiFoLoDGgY","2","2","4"
"MiggyNeutron","2","2","4"
"MightyManticore","3","1","4"
"Migonper19","2","2","4"
"migtig","2","2","4"
"miguel_rodgar","2","2","4"
"Miguelgreh","3","1","4"
"MiguelHervas","2","2","4"
"miguelrascon93","1","3","4"
"MiguelSpassky","1","3","4"
"Miha0211","3","1","4"
"Mihail2112","2","2","4"
"Mihajel","2","2","4"
"mihalkov25","2","2","4"
"mihfdad7","1","3","4"
"Mihir_Vaid","1","3","4"
"mihmurat","2","2","4"
"Mijo30","2","2","4"
"Mikaheide","3","1","4"
"mikaura","2","2","4"
"mike0607","3","1","4"
"mikechino","2","2","4"
"MikeDDeep","2","2","4"
"mikedidonato","1","3","4"
"MikeDush","1","3","4"
"MikeHasThis","2","2","4"
"Mikelodeon","3","1","4"
"Mikemakeafight","1","3","4"
"mikenitenife999","3","1","4"
"mikepham","2","2","4"
"MikeR26","2","2","4"
"MikhaelTal007","3","1","4"
"Mikhail_Khramtsov","2","2","4"
"Mikhail_Nadolskiy","3","1","4"
"Mikhail_NS","2","2","4"
"Mikhail_Osbutia","2","2","4"
"Mikhailautop","2","2","4"
"Mikhailzer","2","2","4"
"Miki020202","2","2","4"
"mikidookie","1","3","4"
"Miknight79","3","1","4"
"mikookin","2","2","4"
"Mikropusher","2","2","4"
"mikz1200","2","2","4"
"miladino","2","2","4"
"miladyoff","3","1","4"
"Milangoat","2","2","4"
"milfuti","1","3","4"
"Milinium_Tournament","2","2","4"
"milkyway","2","2","4"
"MillhouseSaar","3","1","4"
"Milliondollar77","3","1","4"
"miminko","1","3","4"
"Mina_Protocol","2","2","4"
"Minasjam","2","2","4"
"Minaui3","1","3","4"
"minddestroyer23","2","2","4"
"mindgraine","1","3","4"
"minepol01","2","2","4"
"MinhDung123","2","2","4"
"Minhtriet-123","2","2","4"
"MiniCasola","3","1","4"
"minikbuse","2","2","4"
"ministr","1","3","4"
"miothi","3","1","4"
"mir7vs","1","3","4"
"mira8e","1","3","4"
"miraaaaa1111","2","2","4"
"MirAmid","3","1","4"
"MirandaRosales","2","2","4"
"Mirandoalsur","2","2","4"
"Miravana","1","3","4"
"mirko_budimir","2","2","4"
"Miroh9","2","2","4"
"mirror273","2","2","4"
"mirukedo","2","2","4"
"Mirxpanda","2","2","4"
"mirzaqosimov","2","2","4"
"misael707","2","2","4"
"miself","2","2","4"
"Misha12065","2","2","4"
"MishanAliyev","3","1","4"
"MishaUglov3","2","2","4"
"mishgul","2","2","4"
"MISNafton","3","1","4"
"missflick","3","1","4"
"missmaicena","2","2","4"
"mister_1989","3","1","4"
"MisterGerolfing","2","2","4"
"mistermoule","3","1","4"
"MisterSinister786","1","3","4"
"misterSudo","1","3","4"
"Mistry42","2","2","4"
"Mistrz_Orla","2","2","4"
"MitchAnthonyNayau","3","1","4"
"MitchTheBurke","2","2","4"
"MitensChess","2","2","4"
"mitfit","3","1","4"
"mithunkingmaker","2","2","4"
"Mitja2011","3","1","4"
"mittoo2012","1","3","4"
"Mitul_2011","2","2","4"
"MIXA174","2","2","4"
"mixa1968","2","2","4"
"Mixanizmjj","1","3","4"
"miyondemli","2","2","4"
"mizuchin","2","2","4"
"mj68ts","3","1","4"
"mj7837","1","3","4"
"MjartMan","2","2","4"
"MJHolliday","1","3","4"
"mjl1999","1","3","4"
"mjm16","2","2","4"
"mjsrk","2","2","4"
"MJtemp","2","2","4"
"mjv39474","2","2","4"
"mk180303","2","2","4"
"mk2777","2","2","4"
"mk81","1","3","4"
"Mkosksi","2","2","4"
"Mladen64","1","3","4"
"mlody_ale_dobry","2","2","4"
"Mlpj_1310","2","2","4"
"mm4go","1","3","4"
"mm67","3","1","4"
"mm8165","2","2","4"
"MMANAME","3","1","4"
"MMbencomo","2","2","4"
"mmeh","2","2","4"
"mmichele98","3","1","4"
"mmj0sh","2","2","4"
"mmsanchezchess","2","2","4"
"mmuratkab","3","1","4"
"MMZlo","2","2","4"
"Mnkysee_MnkyDo","2","2","4"
"mo-fan","2","2","4"
"mo-salah-shaalan","1","3","4"
"Mo7007","1","3","4"
"mo7mmad22","2","2","4"
"moamenwahdan","3","1","4"
"Moayad96","3","1","4"
"MobbDeep","2","2","4"
"MobiusDubious","1","3","4"
"mObrenn","2","2","4"
"mobychess","2","2","4"
"mochimom","2","2","4"
"modello","2","2","4"
"Modern_Knight_3D","1","3","4"
"modulofree","2","2","4"
"moesay007","3","1","4"
"moeshihab","2","2","4"
"MoetezHafsa","1","3","4"
"Mogazmerro","3","1","4"
"mognon49","2","2","4"
"Moh_hosin","3","1","4"
"mohamad_j_a","2","2","4"
"mohamad_kk7","2","2","4"
"Mohamad06","2","2","4"
"MohamadYehyaHawchar","3","1","4"
"MOHAMED_ABDI","1","3","4"
"mohamed_amine_toumi","2","2","4"
"mohamed_elbanna33","2","2","4"
"Mohamed_Serage","2","2","4"
"Mohamed_Waajid123","2","2","4"
"mohamed-eshak1","2","2","4"
"mohamed1480","3","1","4"
"Mohamed1khalil","1","3","4"
"mohamedalbialy2","3","1","4"
"mohamedatia","3","1","4"
"mohamedayad20","2","2","4"
"mohamedbk","3","1","4"
"mohamedfawzi6600","1","3","4"
"mohamedhero","1","3","4"
"Mohamedsaed79","2","2","4"
"MohamedSaiedSobhy12","2","2","4"
"MohamedSalah84","2","2","4"
"mohamedsalem3","2","2","4"
"mohamedsayed1979","2","2","4"
"Mohamedsek","3","1","4"
"mohammadayoub92","3","1","4"
"mohammaddusty","3","1","4"
"mohammadmrza","2","2","4"
"mohammadrezamikaeely","2","2","4"
"MohammadSadegh","1","3","4"
"MohammadYaghi","2","2","4"
"Mohammed_salem","1","3","4"
"Mohammed580","2","2","4"
"MohammedEng","3","1","4"
"MohammedNajeeb","2","2","4"
"mohammedomar22","1","3","4"
"mohdhashmi","2","2","4"
"mohdpro676","2","2","4"
"mohinbanker","2","2","4"
"mohit_raj_227","2","2","4"
"Mohitx05","2","2","4"
"mohlamenace","2","2","4"
"mohnatz","2","2","4"
"Mohsenk9414","3","1","4"
"MoinAhmed","3","1","4"
"MoisesGA","2","2","4"
"moistcheeser2","1","3","4"
"MOiSTRussian","1","3","4"
"mokhtar_2003","2","2","4"
"Mokichi","2","2","4"
"MolloTove1","2","2","4"
"Molotov2020","2","2","4"
"molotovilya","2","2","4"
"Molphie","3","1","4"
"MomFistingXXX69","2","2","4"
"momochess0007","3","1","4"
"Momodjazz","2","2","4"
"monarchfk","2","2","4"
"Money_vidh","2","2","4"
"moneystimaraa","2","2","4"
"monicoeduardo","1","3","4"
"monkeeloose","2","2","4"
"monkes_popsul","2","2","4"
"Monkey---D---Luffy","2","2","4"
"MonkeyDiDragon","2","2","4"
"monotoneous","2","2","4"
"MONSANTOS","1","3","4"
"MonsieurDuli","2","2","4"
"monsieurminik1","2","2","4"
"monsterdog2","1","3","4"
"MonsterTruck2020","2","2","4"
"MontageEnY","2","2","4"
"MontagemAla","2","2","4"
"Montenegro419","3","1","4"
"monterito","1","3","4"
"monurilhanm","2","2","4"
"moobleppa","2","2","4"
"Moodge75","2","2","4"
"moodikyo","3","1","4"
"moogriento","2","2","4"
"moonbeam","1","3","4"
"moonfyre","2","2","4"
"moonmush","3","1","4"
"moonshieldd","2","2","4"
"moorms","1","3","4"
"MooWoo","3","1","4"
"MoPashtun","2","2","4"
"Mopserus","2","2","4"
"moradellah","3","1","4"
"moralera","1","3","4"
"morechecks","2","2","4"
"MoreFocusPlease","1","3","4"
"Moreman19731","1","3","4"
"moreman28","3","1","4"
"morenitamia","3","1","4"
"mori_chess64","2","2","4"
"moriatyvi","3","1","4"
"Morlis","2","2","4"
"Moro-Disciple","3","1","4"
"morocooo","2","2","4"
"Morozovpeter","1","3","4"
"morphy1858","2","2","4"
"Morscik","2","2","4"
"Mortahier","1","3","4"
"MortenSteenberg","3","1","4"
"mortezag","2","2","4"
"Mosarwane","2","2","4"
"moschmo32","1","3","4"
"Mostafa_parhizgar","2","2","4"
"MostafaArram","2","2","4"
"Mostafamaloomi","2","2","4"
"mostafawagih131","2","2","4"
"MotazA42","2","2","4"
"moth_man","3","1","4"
"motopap1","3","1","4"
"MotorollaPhonk","3","1","4"
"Motshome","2","2","4"
"Motun13","3","1","4"
"mouh191284","2","2","4"
"mouhidz","1","3","4"
"Mould3r","2","2","4"
"Mouly_Taha","2","2","4"
"mounibbbbbbbb","2","2","4"
"Mourad-82","1","3","4"
"mousa1989m","2","2","4"
"Mousavahdani1981","1","3","4"
"moussacha","2","2","4"
"MoveAndPray","2","2","4"
"Mowgli6x","2","2","4"
"MoYasSer77","2","2","4"
"mozanic2","2","2","4"
"mpalmi","2","2","4"
"MPasha","2","2","4"
"mpenzani","2","2","4"
"MpHeyne","1","3","4"
"mptsts","2","2","4"
"Mr_bobby74","2","2","4"
"Mr_Chockobunny","2","2","4"
"Mr_coach_GILBERT","2","2","4"
"mr_combe","1","3","4"
"Mr_File","3","1","4"
"MR_Green_lantern","2","2","4"
"Mr_illusionist16","2","2","4"
"Mr_J074","3","1","4"
"Mr_Lighiting","2","2","4"
"mr_n0ur","2","2","4"
"Mr_Qwerty1","2","2","4"
"Mr_YURT","2","2","4"
"Mr-Maya","2","2","4"
"mr-orange","2","2","4"
"Mr-peanutbutter","2","2","4"
"mr3-14","2","2","4"
"mr73rightside","3","1","4"
"MrAdam_Wolf99","2","2","4"
"MrAmbiguous","2","2","4"
"mrandria","3","1","4"
"MRaygada","2","2","4"
"MrAzzuro","2","2","4"
"MrBarto","3","1","4"
"mrbaywatch","3","1","4"
"MrBizkit","2","2","4"
"mrbnk41","2","2","4"
"mrchesshead","2","2","4"
"mrcucu1","2","2","4"
"Mrex0","2","2","4"
"MrFelix","2","2","4"
"MrFernandoX_X","2","2","4"
"MrFischer21","2","2","4"
"mrFreeze67","3","1","4"
"MrGaro","2","2","4"
"MRGN042","2","2","4"
"MrGWBland","2","2","4"
"MrHamnert","1","3","4"
"Mrheroo","2","2","4"
"mrhnncn","2","2","4"
"MrIndian_Hacker","3","1","4"
"MrJRuiz16","1","3","4"
"mrkinthehouse","2","2","4"
"MrMayer","3","1","4"
"mrmcgrewx","2","2","4"
"MrNotarius","2","2","4"
"mrogag","3","1","4"
"MRohanDoss","2","2","4"
"MrOrtadox","2","2","4"
"mrostyur","2","2","4"
"mrozik20","1","3","4"
"mrpakniyat","3","1","4"
"mrpaparov","2","2","4"
"MrPenge","2","2","4"
"MrPlau","2","2","4"
"MrPluto409","2","2","4"
"MrPresidentac","1","3","4"
"mrratto","3","1","4"
"Mrs_Fox","3","1","4"
"MrSaidChessMaster","2","2","4"
"MrSavage01","1","3","4"
"MrSeamanchess","2","2","4"
"MrSerge","1","3","4"
"MrSeruta","3","1","4"
"mrsgaga77","3","1","4"
"MrShatoxa","2","2","4"
"MrsHippie","1","3","4"
"mrslfrknztrk","2","2","4"
"MrStealYourDurum","1","3","4"
"MrStone99","3","1","4"
"MrSub","3","1","4"
"mrsweetcheeks","2","2","4"
"mrthracian","2","2","4"
"mrtyrty","2","2","4"
"mrundil","2","2","4"
"mrunma","2","2","4"
"MRV200","3","1","4"
"Mrvipin","2","2","4"
"MrYakuTza","1","3","4"
"MS031976","1","3","4"
"MS93","2","2","4"
"msafaaaa","1","3","4"
"msalam2001","1","3","4"
"MSD0007","2","2","4"
"msh101","2","2","4"
"MsikaFasa_27","2","2","4"
"Msk-01","2","2","4"
"msozcan","3","1","4"
"msslx_21","2","2","4"
"mstfsalman","2","2","4"
"msy01","2","2","4"
"mtdoss","2","2","4"
"Mtlz","3","1","4"
"Mu1lly","2","2","4"
"muazahmed","2","2","4"
"Mubasyir_1511","2","2","4"
"mubudak","2","2","4"
"mudgetttw","3","1","4"
"MudhuwaraDhammearatc","2","2","4"
"mudonimudoni","2","2","4"
"Mudsoo","2","2","4"
"muhammad_atta","2","2","4"
"muhammed_ali_aktas","2","2","4"
"muhammedsasssss","2","2","4"
"Muhdgazo","2","2","4"
"muhdnraisy","2","2","4"
"muhibbi2112","2","2","4"
"muhsinmgpm","3","1","4"
"muhurugubugu","3","1","4"
"muinelo","2","2","4"
"mukali76","2","2","4"
"Muke_01","2","2","4"
"Mukhammad90","2","2","4"
"Mukhich86","3","1","4"
"Mukombe","2","2","4"
"Mulder_Fox","2","2","4"
"Mulenga116","2","2","4"
"mulog","1","3","4"
"multicuenta2010","2","2","4"
"Multidarked","2","2","4"
"munteanumatei","3","1","4"
"MuradMavraev","3","1","4"
"murakst","2","2","4"
"murat4153","2","2","4"
"muratsaraaa","2","2","4"
"Murdokches1","3","1","4"
"murillo_xt","2","2","4"
"Murilo19t","1","3","4"
"murk3000","2","2","4"
"Murraydv","3","1","4"
"Murtaza1","3","1","4"
"MURZUF","1","3","4"
"Musabbekir4234","2","2","4"
"musatranc","3","1","4"
"muscalinou","1","3","4"
"Mushchar","1","3","4"
"mushroom08","2","2","4"
"musicosinletra","2","2","4"
"Mussa_Patriot","2","2","4"
"Musse99","2","2","4"
"Mustafa_kazara","3","1","4"
"Mustafa889","2","2","4"
"MustafaMenfani","2","2","4"
"mustafatea","1","3","4"
"mustaphcarsan","2","2","4"
"mustchess0","2","2","4"
"mustecir","2","2","4"
"mustfmuttluuu","2","2","4"
"mustifly","2","2","4"
"muststopplayingchess","1","3","4"
"Mutandia","2","2","4"
"mutante_XXX","2","2","4"
"Muteb4","1","3","4"
"mutex0","2","2","4"
"Muuuuse4","2","2","4"
"muvutov","1","3","4"
"mux64","2","2","4"
"Mv1993","2","2","4"
"MVRoglic","2","2","4"
"MWHAM85","2","2","4"
"mwotte","2","2","4"
"MX64","1","3","4"
"mxguiao","1","3","4"
"Mxnti","1","3","4"
"mxo1972","2","2","4"
"mxxdd","2","2","4"
"my_name_jeff","3","1","4"
"my_sTile0044","3","1","4"
"myaccountgotbanned","3","1","4"
"myasiny","2","2","4"
"mybeatifulqueen","2","2","4"
"myhaperfecto","2","2","4"
"mykicbe","2","2","4"
"Myllin116","1","3","4"
"mymoon4ik","2","2","4"
"MyNameIsJeeeeff","2","2","4"
"MyNot_Play","2","2","4"
"Myolysto","2","2","4"
"MyosotisTerra","3","1","4"
"myriadth","2","2","4"
"myRoadToGm","2","2","4"
"mysterepan","2","2","4"
"Mystery_Player","2","2","4"
"Mystic_Alchemist","1","3","4"
"MysticalAce24","2","2","4"
"Mystyryon","2","2","4"
"myth7","1","3","4"
"mythic_carrot","3","1","4"
"Mythilipalani","3","1","4"
"mythosaur","3","1","4"
"mytnik_s","1","3","4"
"myvi450","2","2","4"
"myxa001","2","2","4"
"Mzambo","1","3","4"
"mzurcaled","2","2","4"
"n_dinar","2","2","4"
"N0obieee123","3","1","4"
"n0rkyy","2","2","4"
"n0ts0g00datchess","3","1","4"
"N170","1","3","4"
"N1soccer45","2","2","4"
"n4ume","2","2","4"
"N79","1","3","4"
"N8tur","2","2","4"
"N910","3","1","4"
"Na_li_a","2","2","4"
"naahottmaah","2","2","4"
"nabinlimbu","3","1","4"
"Nabius7","2","2","4"
"nablesse","2","2","4"
"Nabokov25","2","2","4"
"NachoSoto","2","2","4"
"nadarang","1","3","4"
"nadddok","2","2","4"
"nadirbelarouci","3","1","4"
"Nadkine","1","3","4"
"nadopanamrkva","2","2","4"
"nadrao","2","2","4"
"naelcavazos","2","2","4"
"nagendra_babu","3","1","4"
"Nagibator_2277","2","2","4"
"nahid_1111","2","2","4"
"Nahid958","2","2","4"
"Nahushayyy","2","2","4"
"NailN1","3","1","4"
"naimul-99","3","1","4"
"Najdorf2428","2","2","4"
"NajdorfCapital","2","2","4"
"Najterek","2","2","4"
"naka91","2","2","4"
"Nakano_Itsuki","1","3","4"
"nakanotsu","2","2","4"
"naksh-15","2","2","4"
"NAL65","2","2","4"
"Nalchik_07","2","2","4"
"Naldo_Corbuzier","3","1","4"
"nalindaka","2","2","4"
"nam2k","1","3","4"
"Naman_Kapoor","2","2","4"
"name505","2","2","4"
"Namenlosigkeit","2","2","4"
"namhyun","2","2","4"
"nan11","2","2","4"
"nan1248","2","2","4"
"Nana456","2","2","4"
"Nandanbr","2","2","4"
"nando1011","2","2","4"
"NanMon","2","2","4"
"NanoMorito","2","2","4"
"Nanven123","2","2","4"
"napim313131","1","3","4"
"nappy230590","2","2","4"
"nar_5894","2","2","4"
"nara38","1","3","4"
"nardev","2","2","4"
"NARESH_R","3","1","4"
"NarrInChristo","2","2","4"
"Narth21","2","2","4"
"Naruto_gongo27","2","2","4"
"Nasereid","2","2","4"
"naserkiller","2","2","4"
"Nashashibi94","2","2","4"
"Nasir008","2","2","4"
"Nasirov98","1","3","4"
"nasser11111","2","2","4"
"nasseriamirhossein12","3","1","4"
"Natanielamaro","3","1","4"
"Nateman_07","3","1","4"
"natoconlacamicia","2","2","4"
"Natsu_dragneel12","2","2","4"
"Natxeen","2","2","4"
"naumanafsar","2","2","4"
"Naunau2024","2","2","4"
"Naushad_vavachan1900","2","2","4"
"nav1985","2","2","4"
"navaiagasiyev","2","2","4"
"Navaz_malek786","3","1","4"
"NavedMx","3","1","4"
"naveen9966975513","3","1","4"
"navickas","2","2","4"
"Nawabsaab","1","3","4"
"Nawazbaig","2","2","4"
"Nay_0","2","2","4"
"nazar_582","3","1","4"
"Nazar_kam","2","2","4"
"nazar3000","2","2","4"
"nazerzuleil","2","2","4"
"NazGhoul94","2","2","4"
"NAZLI_7739","2","2","4"
"nazokat82","2","2","4"
"nbAlabdallah","2","2","4"
"nbenovy","3","1","4"
"ncook4","1","3","4"
"ndapandaimain","1","3","4"
"nderaj","1","3","4"
"Ndi2020","3","1","4"
"Ndungu","1","3","4"
"ne11","3","1","4"
"NE3NAYKA","2","2","4"
"nebelkraehe07","2","2","4"
"NEC_REG_DD_PCL","2","2","4"
"Necatiking","2","2","4"
"necco34","3","1","4"
"necmi_ckr","1","3","4"
"Nedsix","2","2","4"
"NEERNAD","2","2","4"
"Neffis86","3","1","4"
"negaeK","2","2","4"
"negarakhzarii","2","2","4"
"neigral10let","2","2","4"
"neithar69","1","3","4"
"Neji1993","2","2","4"
"Nekrestansky_bishop","2","2","4"
"Neky3","1","3","4"
"nelly8282","2","2","4"
"NellyS1","2","2","4"
"nelsonvpj","2","2","4"
"Nelumbo1","3","1","4"
"Nemfrites","3","1","4"
"Nemiaule","2","2","4"
"Nemosaint","1","3","4"
"NennerT","3","1","4"
"Nenoo","3","1","4"
"NensssaM","2","2","4"
"neo017","2","2","4"
"NeoConstantine","2","2","4"
"Neotic","1","3","4"
"Nepo_17_17_17","2","2","4"
"Neptune01","2","2","4"
"Nerd79797","2","2","4"
"nerdevicki","2","2","4"
"neri_jass","3","1","4"
"Nerio7","3","1","4"
"NERO-07","1","3","4"
"Neronov","2","2","4"
"nessuno93","1","3","4"
"NesterDi","3","1","4"
"NeStEv","1","3","4"
"Nestor6","1","3","4"
"nestordsp","2","2","4"
"Nestorgrk","2","2","4"
"NestorIda","2","2","4"
"nethra_7","3","1","4"
"Nethuja12","2","2","4"
"netman50","1","3","4"
"NetoDoVelhoBarreiro","2","2","4"
"netronixkj","2","2","4"
"netzumi","2","2","4"
"neu3n0","3","1","4"
"neuropoeta3alfil","2","2","4"
"neuroticae","3","1","4"
"NeverLight","3","1","4"
"Nevil456","2","2","4"
"NewIdeas13","2","2","4"
"newopeningstest","2","2","4"
"Newproooo","3","1","4"
"NewTullius","2","2","4"
"nextgoofycat","3","1","4"
"Nextlevel4naija","1","3","4"
"nexussop","3","1","4"
"neyzenist","2","2","4"
"Nfhfc811","3","1","4"
"ngottier","2","2","4"
"nguyenbao2015","3","1","4"
"nguyenbaoan2011","2","2","4"
"Nguyenchinhkhoa1234","2","2","4"
"nguyencuongy20c","2","2","4"
"Nguyenmanhduchai2014","3","1","4"
"nhatkhangdtp1","2","2","4"
"Nhuada","3","1","4"
"Ni_Gr","2","2","4"
"ni29bul","2","2","4"
"ni87ck","2","2","4"
"nialk","1","3","4"
"Niallcase","2","2","4"
"Niccolas-Machiavel","1","3","4"
"niccolo2","2","2","4"
"NiceDay41","3","1","4"
"nicegarry","2","2","4"
"nich_flamm","1","3","4"
"Nichir1","2","2","4"
"Nicholas_chess_1","1","3","4"
"NicholasCagey","2","2","4"
"NicholasSassani","2","2","4"
"Nick_Myrick","2","2","4"
"Nick778999","2","2","4"
"nickab","1","3","4"
"nickcantrell","1","3","4"
"NickFav","2","2","4"
"Nickfury1","2","2","4"
"NicklasAuguRelius","2","2","4"
"NicNoi8","1","3","4"
"Nicoazeige","1","3","4"
"Nicobozo911","2","2","4"
"nicochess2","2","2","4"
"nicoclose","2","2","4"
"NicoDiAngelo420","1","3","4"
"NicolaMattioni01","2","2","4"
"nicolasflamel38","2","2","4"
"NicolasFlamel42","3","1","4"
"Nicolasg20","2","2","4"
"NicolauR","2","2","4"
"nicosanvi","2","2","4"
"nicotchou","3","1","4"
"nicotinecotine","2","2","4"
"nicuone","3","1","4"
"NieBij","2","2","4"
"Night_Ranger","3","1","4"
"Nightant","2","2","4"
"Nightglide","3","1","4"
"NightGriffin","3","1","4"
"nightwing2011","3","1","4"
"nihaalramesh","3","1","4"
"Nihalnp97","2","2","4"
"nihat-lan-iste","1","3","4"
"nihaterenacar","2","2","4"
"nihatrustam","2","2","4"
"Nijat_aild","1","3","4"
"Nik_901","2","2","4"
"nik2010kol","2","2","4"
"nik4","1","3","4"
"NikBoiev","3","1","4"
"nikdew","2","2","4"
"nikhil97645","1","3","4"
"nikhilchauhan","1","3","4"
"Nikiforr4ik","1","3","4"
"Nikil1308","2","2","4"
"Nikita_Maltsev","2","2","4"
"Nikita_sergeev2007","2","2","4"
"Nikita737","2","2","4"
"nikitanauer","3","1","4"
"NIKITATUM3","2","2","4"
"nikk27","1","3","4"
"nikk44","2","2","4"
"Niklestu","2","2","4"
"Nikola_dolgan","2","2","4"
"Nikolay2007","1","3","4"
"nikospaokara","2","2","4"
"Nikscorp","3","1","4"
"Niksss2023","2","2","4"
"NikTheStick","2","2","4"
"nil2202","2","2","4"
"Nileezh","2","2","4"
"NilsBurandt","2","2","4"
"nilson31a","2","2","4"
"niltonsimiaoalmeida","2","2","4"
"nimbo","1","3","4"
"Nimiboi4_life","2","2","4"
"nimishwagh","2","2","4"
"Nineteathewonderful","3","1","4"
"ninjaiscool","2","2","4"
"nino68","3","1","4"
"Niombarack","2","2","4"
"nipunae","2","2","4"
"niranjan_2010_123","1","3","4"
"Niranjan_s-2011","2","2","4"
"Niranjan20090","3","1","4"
"nisse85","1","3","4"
"nithilo","1","3","4"
"Nitin191717","2","2","4"
"Nitinraj","2","2","4"
"nitse75","1","3","4"
"nivra0","2","2","4"
"NIYAMADDIN","2","2","4"
"nJARRA","2","2","4"
"njordr13","3","1","4"
"Nkk26","2","2","4"
"nkonshin7","2","2","4"
"NKT-TN-HaiNinh2000","3","1","4"
"nmasdf2","2","2","4"
"nmp1291","2","2","4"
"nnarwhal29","3","1","4"
"nnw600","3","1","4"
"no_SA","2","2","4"
"no-show","3","1","4"
"Noah_Roque_Talato","1","3","4"
"noah-haworth","3","1","4"
"Noah512","2","2","4"
"NoahGrizz","1","3","4"
"noblemanonline","2","2","4"
"NOBLEOFFICIAL","2","2","4"
"NobodyRly","2","2","4"
"nocopychess","2","2","4"
"Noctovian","2","2","4"
"noeastoenciso","2","2","4"
"noekoehler","2","2","4"
"noel142283","2","2","4"
"NoelPm10","3","1","4"
"noeynt","1","3","4"
"Nogi81","2","2","4"
"nogues","2","2","4"
"nojack2","3","1","4"
"Nolan201734","1","3","4"
"Nomade1973","2","2","4"
"Nomadrobber","1","3","4"
"NomeSenza","2","2","4"
"NoNBlank","3","1","4"
"NoNesmer","2","2","4"
"nonsons_E-B_89","2","2","4"
"noob_19","3","1","4"
"Noob_eim","1","3","4"
"NoobGamerKalorifer","1","3","4"
"nooblie","2","2","4"
"noobslayer76","3","1","4"
"NOON22","1","3","4"
"noonecanbeatdj1213","3","1","4"
"NoopDoop","2","2","4"
"Noor25","2","2","4"
"noor66666","2","2","4"
"Noozim","3","1","4"
"Nordefjorden","2","2","4"
"Nordicfighter","3","1","4"
"norfel04","2","2","4"
"normanfede","1","3","4"
"Northern_Warrior","2","2","4"
"northernlites","2","2","4"
"Northman458","2","2","4"
"Nosanenko_Misha","1","3","4"
"Not_An_Expert","2","2","4"
"NotAllWhoWander","2","2","4"
"NotAptAtChess","2","2","4"
"NotC4","2","2","4"
"notgood69696969","2","2","4"
"notmagnus_0017","3","1","4"
"NotReadyForYou","2","2","4"
"notworking","2","2","4"
"noughties","2","2","4"
"noureeddineelabeyeri","2","2","4"
"Nov_AD","2","2","4"
"NovakovAndrew","3","1","4"
"novalsinurat","1","3","4"
"Novchess72","2","2","4"
"noviath61","2","2","4"
"novotny1akub","1","3","4"
"Novoyavshev_Stepan","3","1","4"
"nowatchess","1","3","4"
"nowicare","3","1","4"
"npkharat","2","2","4"
"nrayha","2","2","4"
"NRDmylove","2","2","4"
"NRGRobben","3","1","4"
"NRO0386681","2","2","4"
"nsdmt","1","3","4"
"NSpire_FR","2","2","4"
"nsteenftn","2","2","4"
"nstrbsc","3","1","4"
"nt00m","1","3","4"
"ntdavies","2","2","4"
"NTDVAN","2","2","4"
"ntiinos","3","1","4"
"Ntm360","3","1","4"
"ntntntnnt","1","3","4"
"ntrisches_Zahenta","2","2","4"
"ntsmypm","3","1","4"
"ntwaxin007","2","2","4"
"nudelnmitpesto","2","2","4"
"Nudelrudel","1","3","4"
"nuggy123","1","3","4"
"Num_Num","2","2","4"
"Nuniez_God","3","1","4"
"NunoPinheiro","1","3","4"
"Nur_ausSpass","2","2","4"
"NurbXam","2","2","4"
"Nuris4ik","1","3","4"
"Nurkovic18","1","3","4"
"nurmuhammad_1988","2","2","4"
"nursultan9191","2","2","4"
"Nursultan95","2","2","4"
"nvchess","3","1","4"
"nwats420","2","2","4"
"NwmktNorm","1","3","4"
"nwtgbln","2","2","4"
"nxalvarez","2","2","4"
"nxysgg","2","2","4"
"Ny-Ando","1","3","4"
"NY8","2","2","4"
"nyeki65","2","2","4"
"Nytr01","2","2","4"
"Nzuri","2","2","4"
"o_o-hi","1","3","4"
"o_oGreenLeaf","2","2","4"
"O4upCYX","2","2","4"
"oa-s","2","2","4"
"OAK1980","1","3","4"
"obaidm","3","1","4"
"Obarrerac","3","1","4"
"Obazinha","1","3","4"
"Obeyko","3","1","4"
"Obinnaj22","3","1","4"
"ObiWan_Benoni","2","2","4"
"Obkyreni","2","2","4"
"obyzopy","2","2","4"
"oca2021","2","2","4"
"OccasionalChessPlaye","3","1","4"
"octavian1985","3","1","4"
"odisea","2","2","4"
"Odogwu","2","2","4"
"Odongrobert","2","2","4"
"Odushines","1","3","4"
"odyasovv","3","1","4"
"oeildefaucon_64","2","2","4"
"Ofet","2","2","4"
"offlan3","2","2","4"
"ofil72","2","2","4"
"og_gouz","2","2","4"
"OG4G","2","2","4"
"ogetschi","2","2","4"
"Oggauer1","2","2","4"
"ogi_gec_79d","3","1","4"
"ogion2005","1","3","4"
"ogringao","2","2","4"
"OGUZHAN2020","2","2","4"
"OHiOH","2","2","4"
"Ohnewitzej","3","1","4"
"Ohno_is_rostad","1","3","4"
"Ohrichard07","1","3","4"
"OhTheMightyChess","2","2","4"
"ohtsuka","2","2","4"
"oisin-kidney","2","2","4"
"Ojas1","2","2","4"
"OjciecMateusz69","2","2","4"
"ojhaprakash0","2","2","4"
"okangurses","2","2","4"
"okaplan","2","2","4"
"okiehuri","2","2","4"
"Okinai","2","2","4"
"oKionn","1","3","4"
"oknvn","2","2","4"
"okram4","2","2","4"
"Okram7","3","1","4"
"olabilitesiolsabari","2","2","4"
"OlalekanAgoro2009","2","2","4"
"Olavski","3","1","4"
"oLaww","2","2","4"
"Oldindian","1","3","4"
"oldtiger666","1","3","4"
"oldtoby19","3","1","4"
"OldWeakJordo","2","2","4"
"oleat12","2","2","4"
"Oleg_dorogoi-2023","1","3","4"
"Oleg1808","2","2","4"
"Oleganche","2","2","4"
"OlegBrodasow","1","3","4"
"Olegdz","2","2","4"
"OlegSlepitsky","1","3","4"
"OlegTar","2","2","4"
"Oleksak","3","1","4"
"oleksandrpirat","1","3","4"
"olgavilhena","2","2","4"
"olgetowl","2","2","4"
"OlieOlie","2","2","4"
"OlimKinknar","2","2","4"
"olimo","2","2","4"
"OLIVEIRINHAAA","2","2","4"
"oliverap","1","3","4"
"Oliversito1204","3","1","4"
"Oliverw-w","2","2","4"
"oliviernord","1","3","4"
"OlivierWah","3","1","4"
"ollec","1","3","4"
"Olmedo08","2","2","4"
"Oloff70","3","1","4"
"OlStumpy","1","3","4"
"Oluswilly","2","2","4"
"olxpro","2","2","4"
"olzhass94kaz","2","2","4"
"Om_Namah_Shivaya","2","2","4"
"Omac1996","1","3","4"
"Omar_Elawady","2","2","4"
"Omar_Saad1","2","2","4"
"Omar-Alhaj","2","2","4"
"Omar-alkiswani","2","2","4"
"Omaralshekh","3","1","4"
"Omarmoujally2","1","3","4"
"OMAROUF22","2","2","4"
"omarov23","2","2","4"
"Omarramadan1","2","2","4"
"omarsobh","1","3","4"
"OMER_PRO","2","2","4"
"omersuve2","2","2","4"
"omerws1","2","2","4"
"omery1ld1z","3","1","4"
"OmethASK","1","3","4"
"omgnomyqueen","2","2","4"
"Omid_z","2","2","4"
"omran-tr","2","2","4"
"OmriEfrat","3","1","4"
"omrizil1981","2","2","4"
"omywan","3","1","4"
"ONAICUL66","2","2","4"
"ONALLETREUP","3","1","4"
"onecheckup","2","2","4"
"OneDayNotBaby","1","3","4"
"onedolarpaco","1","3","4"
"Onelee7","2","2","4"
"onelys75","3","1","4"
"Onesmatguy","1","3","4"
"onetown","3","1","4"
"Onlykohi","2","2","4"
"OnlyMajesticSnake","2","2","4"
"OnMyW3y","1","3","4"
"Onno2004","2","2","4"
"OnPhone23","2","2","4"
"onsite022","2","2","4"
"Onthegrass","3","1","4"
"ontoniodj","2","2","4"
"Onur1940","3","1","4"
"Onurata12","2","2","4"
"Onyeraluobu","1","3","4"
"oo_______oo","2","2","4"
"Oogwaygetsgirls127","3","1","4"
"Ookemba","3","1","4"
"Oooommmmiiiidddd","2","2","4"
"OpalSunn","1","3","4"
"OpenAIpassivebot","2","2","4"
"Openingsslayer","1","3","4"
"OpenUkulelist","2","2","4"
"Opisax","2","2","4"
"opnk","3","1","4"
"opolsen","2","2","4"
"opostol","1","3","4"
"oppz_snezral","2","2","4"
"opssorryy","2","2","4"
"opyw","1","3","4"
"orange2023","2","2","4"
"orangeknight781","2","2","4"
"Orangutanagram","2","2","4"
"Orazbek1943","1","3","4"
"oren23","2","2","4"
"Orevraz","1","3","4"
"OrewaSaikyo14","2","2","4"
"OriEy","1","3","4"
"originalRasputin","2","2","4"
"orion20","2","2","4"
"Orizons","1","3","4"
"ORJ","2","2","4"
"Orkhan_Beginner","2","2","4"
"orlevi78","3","1","4"
"OrpChachs","2","2","4"
"OrtegaCris","2","2","4"
"Orthogona","3","1","4"
"oruiaio","1","3","4"
"orzelps","2","2","4"
"Osamaayad","1","3","4"
"osamafahmynoman1976","2","2","4"
"osamahosny85232","2","2","4"
"OsamaMojalli","1","3","4"
"Osamamuhammed1982","1","3","4"
"OsamelyPesec","1","3","4"
"Oscar1979","2","2","4"
"OscarA4","2","2","4"
"oscarjxvier","3","1","4"
"oscaronofrejr","3","1","4"
"OseiasOlegario1","2","2","4"
"oseledets","2","2","4"
"OsEV","2","2","4"
"osibasaa","2","2","4"
"Osiel_Ortiz2006","2","2","4"
"Osiel082","2","2","4"
"oskar_s","3","1","4"
"Oskar_Taverna","2","2","4"
"OSKARKAZAH","2","2","4"
"Oskiller","3","1","4"
"osmanemir0","2","2","4"
"Osmanoglu34","2","2","4"
"osmanx1907","2","2","4"
"osmardylan","3","1","4"
"Osmozzy010","2","2","4"
"osnola2","2","2","4"
"Oso_Adri","2","2","4"
"Osocoleto","2","2","4"
"osrocks1","1","3","4"
"oster526","2","2","4"
"oswaldoini","2","2","4"
"oTalDiogo","2","2","4"
"otMokomela","2","2","4"
"Otsz","1","3","4"
"Otth","2","2","4"
"Ottoblad","2","2","4"
"OTuncc49","2","2","4"
"ouera","2","2","4"
"oumarcoe","3","1","4"
"Oumzo_ff","1","3","4"
"Oupootas","2","2","4"
"outfitter","3","1","4"
"ovepapa","3","1","4"
"OverproEH","1","3","4"
"Owais_Khan_108","2","2","4"
"owenten","1","3","4"
"OwiH","1","3","4"
"OWILIANDREW","2","2","4"
"Owoiya49","1","3","4"
"owoKonnii","2","2","4"
"OxEcho","1","3","4"
"Oxroaster236","2","2","4"
"Oxytozin","1","3","4"
"oyammar","2","2","4"
"oyefookre99","2","2","4"
"Oyeins","2","2","4"
"oyunbiti","2","2","4"
"OyUnCu1000","2","2","4"
"oz_chic","2","2","4"
"ozart","1","3","4"
"Ozdemir70","3","1","4"
"Ozel12345","2","2","4"
"Ozelle","2","2","4"
"ozgurakar01","2","2","4"
"ozinozi","1","3","4"
"ozplays69","1","3","4"
"p_dey","2","2","4"
"P_Shahi","2","2","4"
"p0l0us","2","2","4"
"p8nico","2","2","4"
"paawnshop","1","3","4"
"pabitra04assassin","2","2","4"
"Pablini-99","3","1","4"
"Pablo_Pueblo","3","1","4"
"Pablo_Ton","3","1","4"
"pablok3","3","1","4"
"PabloKabi","3","1","4"
"PabloLinguetti","2","2","4"
"pablomacarrone","2","2","4"
"pabls","3","1","4"
"pachekito","1","3","4"
"Pachet","3","1","4"
"pacofloresta","2","2","4"
"Pacorroap","2","2","4"
"Padeuz","2","2","4"
"Padre2929","3","1","4"
"PadreSymba","1","3","4"
"Paeng3","3","1","4"
"Pahul150103","3","1","4"
"painacle","1","3","4"
"paingchess1234","2","2","4"
"pajaraca_salgueiro","2","2","4"
"Pajarrait","2","2","4"
"pak2010","1","3","4"
"PakistanGrape","2","2","4"
"paklong90","2","2","4"
"Pako_Sandoval","3","1","4"
"palestinesniper","2","2","4"
"Palexus","2","2","4"
"paliers","1","3","4"
"Palladium106","2","2","4"
"pallin","1","3","4"
"pamukpinokyo","1","3","4"
"panalam","2","2","4"
"panamaqj","1","3","4"
"pandaloxd","1","3","4"
"Pandemic1617","2","2","4"
"panfilo","2","2","4"
"pangeetmoo","1","3","4"
"PangurPawn","2","2","4"
"panicgenic","3","1","4"
"panopticonic","2","2","4"
"panpasoo","2","2","4"
"panrower","2","2","4"
"paolocultrera","2","2","4"
"PaoloEnricoCopo","3","1","4"
"Paoluu24","2","2","4"
"PapadePablo2021","2","2","4"
"papasonic","1","3","4"
"papayaya","2","2","4"
"PapayonTrading","2","2","4"
"PapichuloDC","1","3","4"
"papinze","1","3","4"
"papishampoo5","2","2","4"
"papras","3","1","4"
"Papyrus2013","1","3","4"
"Paraa007","2","2","4"
"paradiseofchild","2","2","4"
"Paradox8888","2","2","4"
"paran0a","2","2","4"
"Parappoor","1","3","4"
"pardeepsingh","2","2","4"
"pardillaco","1","3","4"
"paremer","3","1","4"
"ParkerSquare","3","1","4"
"Parmenides25","2","2","4"
"Parmesanprojektil","2","2","4"
"PARO23","2","2","4"
"parsa133","1","3","4"
"parsa2820","3","1","4"
"parsajulaei3","2","2","4"
"Parsifal01","2","2","4"
"parth0603","2","2","4"
"Parth2003","2","2","4"
"parth86","2","2","4"
"ParthBeginner","2","2","4"
"parthivisu","3","1","4"
"Parthvyas31","2","2","4"
"PasaEnver","2","2","4"
"PascalPi","1","3","4"
"PascalToschka","2","2","4"
"PashaTH","2","2","4"
"Pasitocumbia","1","3","4"
"paslishe","2","2","4"
"Pasparto","3","1","4"
"Passiiuu","1","3","4"
"passionkey23","2","2","4"
"Pastisse","2","2","4"
"pat222","2","2","4"
"patab","2","2","4"
"patakada","3","1","4"
"Patdaddy73","3","1","4"
"Pater_N0ster","1","3","4"
"Patiencepiercer","3","1","4"
"patoch1","2","2","4"
"patpatleretour","2","2","4"
"Patricck","2","2","4"
"patriciomacadden","2","2","4"
"Patricistcool","3","1","4"
"patrick43482","2","2","4"
"PatrickCruz","3","1","4"
"Patrio","2","2","4"
"patrixe","1","3","4"
"patryyyyyyk","3","1","4"
"patulentus","1","3","4"
"pau_Orr","1","3","4"
"pau_salcedo","1","3","4"
"paul_anfisa","1","3","4"
"Paul256","3","1","4"
"Paul422","1","3","4"
"PaulAMDirac","2","2","4"
"PaulBearer","1","3","4"
"Paulewski","2","2","4"
"PaulinCastor","2","2","4"
"paulo_x0_0x","3","1","4"
"PauloJaks","2","2","4"
"PaulSeidel","1","3","4"
"paulthomass","1","3","4"
"PaulusKekus","2","2","4"
"PauluxRmv","2","2","4"
"pavdve8","2","2","4"
"Pavel_01121981","2","2","4"
"Pavel2103","1","3","4"
"PavelLemzzz","3","1","4"
"Pavelpazanba","2","2","4"
"pavels3912","1","3","4"
"PavelSPB812","2","2","4"
"pavelst-2011","2","2","4"
"PavelStep","2","2","4"
"PAVELzib15","1","3","4"
"PavithM","2","2","4"
"Pavlenty07","3","1","4"
"Pavlo888","3","1","4"
"pavsenin","2","2","4"
"PawelJ","2","2","4"
"Pawn_de_Replay","2","2","4"
"pawn_git","2","2","4"
"Pawn4Christ","1","3","4"
"pawnage42","1","3","4"
"pawnendgames","2","2","4"
"Pawnhacker","2","2","4"
"Pawnisbad","3","1","4"
"PawnIsKnight","2","2","4"
"Pawnmz","2","2","4"
"pawnrobot","2","2","4"
"PawnSacrifice09","2","2","4"
"PawnSnow12","2","2","4"
"pazitos","3","1","4"
"pbmitchell","2","2","4"
"pccrusher","2","2","4"
"PCI2LAD","2","2","4"
"pcortex","2","2","4"
"pdroasensio","1","3","4"
"peach4142","2","2","4"
"PearCider100","2","2","4"
"Peaz99","2","2","4"
"pechenie","2","2","4"
"pederoa","3","1","4"
"pedram57","2","2","4"
"pedro_mzx","2","2","4"
"pedro_rcs","2","2","4"
"pedrobaz","3","1","4"
"pedrologa","2","2","4"
"pedronev","2","2","4"
"peer37","3","1","4"
"peezyff","2","2","4"
"pegasus_god","1","3","4"
"pegasusbboy","2","2","4"
"pehha","2","2","4"
"peixesupremo","3","1","4"
"PEKZERPATZER","3","1","4"
"pelukystrike","3","1","4"
"Pelusovich","2","2","4"
"PengendapTM","3","1","4"
"Penges","2","2","4"
"penspinnerkam","2","2","4"
"PENTACONTA","2","2","4"
"pentanarchy","2","2","4"
"pentap","2","2","4"
"Penyerang_SCTH","2","2","4"
"penyhuny","3","1","4"
"Penyusupz","2","2","4"
"Peon_rey_2009","1","3","4"
"PeonDentista","2","2","4"
"Pep_See","2","2","4"
"Pepchuga","1","3","4"
"pepe16","2","2","4"
"Pepe19931993","1","3","4"
"PepeOnDrugs","1","3","4"
"PepGuardiola92","2","2","4"
"Pepic93","2","2","4"
"PepiniArt","3","1","4"
"pepino84","2","2","4"
"PepperM","1","3","4"
"PepperPaper","2","2","4"
"Perceval8","1","3","4"
"Perdi_gon","2","2","4"
"PerditaDurangoo","2","2","4"
"pereFIDE","3","1","4"
"Perevozchikov","2","2","4"
"perfect07epitome","2","2","4"
"perfectGentleman80","2","2","4"
"perfetto","2","2","4"
"perifeue","1","3","4"
"peristalsus","2","2","4"
"perlaag","2","2","4"
"PerPlex7","2","2","4"
"persepolis46","2","2","4"
"Peru202101","2","2","4"
"Perzivul","2","2","4"
"pesedado","3","1","4"
"pesimist05","2","2","4"
"peskey123","2","2","4"
"Pestypawn","3","1","4"
"Pesukarhu","1","3","4"
"petar73","2","2","4"
"Petebest01","2","2","4"
"PeteH","3","1","4"
"Peter11","2","2","4"
"Petergryffindor","2","2","4"
"peterhollens","2","2","4"
"PeterMachokoto","2","2","4"
"PeterRazin","2","2","4"
"PeterSakala","1","3","4"
"Petkomalmo","1","3","4"
"Petougoal","2","2","4"
"petrezki","3","1","4"
"PetruchaN","2","2","4"
"petrus90","1","3","4"
"PeTy3uk","2","2","4"
"pexutev","1","3","4"
"Peyton12345","3","1","4"
"PFB1986","2","2","4"
"PfGraf","1","3","4"
"pfishbein","2","2","4"
"pfournier","3","1","4"
"Pgreyes","2","2","4"
"phaneendraLolla","2","2","4"
"phanthomass","2","2","4"
"phantom_101","2","2","4"
"pharaoh_overlord","1","3","4"
"PharaohofEgypt5","2","2","4"
"Pharo2002","2","2","4"
"PHATBOTTOM","2","2","4"
"phelps","3","1","4"
"Pheonix1987","1","3","4"
"PhereZunje","2","2","4"
"phila317","2","2","4"
"Philantrop","2","2","4"
"PhilipC","2","2","4"
"philippeopra","2","2","4"
"PhilippMoiseenko","1","3","4"
"philllippp","2","2","4"
"philly0505","2","2","4"
"Phillydude","1","3","4"
"phmv","2","2","4"
"PhoenixAbhi","2","2","4"
"Phoenixgbr","3","1","4"
"phonty","3","1","4"
"phucthuan","2","2","4"
"phuhta","2","2","4"
"phuvinh0205","3","1","4"
"PhysicistMan","3","1","4"
"Pianodude45","2","2","4"
"pibo","2","2","4"
"Picckachu","2","2","4"
"piece_of_cake","1","3","4"
"Pieroneplymouth","2","2","4"
"Pierpa88","2","2","4"
"Pierre44470","2","2","4"
"PierrotA","3","1","4"
"pierrtlas","3","1","4"
"piet25","2","2","4"
"pietrogeuna","2","2","4"
"pietshaq","2","2","4"
"pihead","2","2","4"
"PiitiiPebbles","3","1","4"
"PiJi","2","2","4"
"pikchalu","1","3","4"
"pikejek","3","1","4"
"piklo","1","3","4"
"pildon1","1","3","4"
"pilepile93","1","3","4"
"pilotsamolet","1","3","4"
"Pimpollo16","3","1","4"
"Pincerton","2","2","4"
"PineappleKnight","2","2","4"
"Pingvinyashka","2","2","4"
"Pinkpeppet","2","2","4"
"PiNOYTV","2","2","4"
"Pion_Eclairer","2","2","4"
"PIorra2","3","1","4"
"Pipoca54","1","3","4"
"PiRaTaGF","2","2","4"
"Piratecrown","2","2","4"
"Piripicchiu","1","3","4"
"Pirulem","2","2","4"
"pishraft00","2","2","4"
"Pispisi","1","3","4"
"pistapoci","2","2","4"
"pituza","2","2","4"
"PivoRearmPivoguy","3","1","4"
"pixenix","2","2","4"
"pixiebean","1","3","4"
"Piyush_jain12345","1","3","4"
"PIZZAISSTGESUND","2","2","4"
"Pjain1234","2","2","4"
"pjdes","2","2","4"
"pjnqrs","2","2","4"
"Pjppaul","2","2","4"
"Pjtopkek","1","3","4"
"PKAnom","1","3","4"
"pknirmal","3","1","4"
"pkprasoon","2","2","4"
"PKW20","3","1","4"
"placebtwink","2","2","4"
"planka_DOC","2","2","4"
"PlantsViews","2","2","4"
"PLATINUMBLONDE","1","3","4"
"Platoche","2","2","4"
"Platoest","2","2","4"
"platoniclove","2","2","4"
"Plattenspi3ler","2","2","4"
"Play_solid","2","2","4"
"play2kill","2","2","4"
"playeasy","2","2","4"
"PlayerJC16","2","2","4"
"plaything","3","1","4"
"plazina1968","2","2","4"
"Pleasant14","2","2","4"
"PleaseStayAtHome","1","3","4"
"plgd","2","2","4"
"plodicivon","2","2","4"
"plooza","2","2","4"
"Ploum-Ploum","1","3","4"
"ploxoinik","2","2","4"
"pluto-xd","3","1","4"
"PLVNV","2","2","4"
"plyhin","1","3","4"
"pmAllan","3","1","4"
"pmha","2","2","4"
"PMic","1","3","4"
"pmyg","3","1","4"
"pn320","2","2","4"
"Pnrkartal","1","3","4"
"pocadilly","1","3","4"
"Pohens","1","3","4"
"Poincare-Hopf","2","2","4"
"Pointwickman","2","2","4"
"poison8032","3","1","4"
"Pokahontas","2","2","4"
"Pokelover_cat","3","1","4"
"pokpokkeh","2","2","4"
"PoLisemiA","2","2","4"
"politanave","2","2","4"
"Pollovizio","3","1","4"
"Polnocniak","2","2","4"
"Polo1ca","2","2","4"
"polomagnez","2","2","4"
"POLSTEAM","2","2","4"
"POMA-CCCP","2","2","4"
"poneleficha","1","3","4"
"Poniatn0","3","1","4"
"pontiacbandit49","2","2","4"
"Pontifikas","2","2","4"
"Pontsho_Ma","2","2","4"
"ponzianischemer","2","2","4"
"ponziponzu","2","2","4"
"poorguy87","2","2","4"
"poovan","2","2","4"
"pop_Last","3","1","4"
"Popeyess","2","2","4"
"poptartlaser","2","2","4"
"Portos41","3","1","4"
"posesivian","2","2","4"
"Postbazan_1379","1","3","4"
"postche","2","2","4"
"postgressql","1","3","4"
"postoronnim_v","1","3","4"
"Postosuchus","2","2","4"
"potatoman999","2","2","4"
"potatopoweredbrain","2","2","4"
"potfurrr","1","3","4"
"pouljin","2","2","4"
"PoulT1511","1","3","4"
"pouyaheydari","2","2","4"
"poy323","2","2","4"
"poyrazzzzz20","2","2","4"
"Pozitivenerji","2","2","4"
"pozzoron","3","1","4"
"ppermas_3_0","2","2","4"
"ppp82","2","2","4"
"Pppr45","1","3","4"
"PPU0711","2","2","4"
"pr0methazine","2","2","4"
"Pra_buddha","3","1","4"
"praadyumna_26","2","2","4"
"practicalgm","2","2","4"
"Pradyumna001","1","3","4"
"Pragyan2op","2","2","4"
"prairievalue123","1","3","4"
"Prajwal_salimath","2","2","4"
"prajwal_sharma60","1","3","4"
"prajwal02","1","3","4"
"Prakhar13","2","2","4"
"prakhar47","2","2","4"
"PramodMarasinghe","1","3","4"
"Pranavnt","2","2","4"
"praneel_s","2","2","4"
"Prasad_Rajput66","3","1","4"
"Prashant_Abbi","2","2","4"
"prashanth33","3","1","4"
"prashanthxyz","3","1","4"
"Pratcki_TV","2","2","4"
"pratestha","2","2","4"
"Prathyush_Raj","2","2","4"
"pratt8084","2","2","4"
"pravinsoni","2","2","4"
"prawnplumber","1","3","4"
"prcanelos","3","1","4"
"PrecessingHydrogen","2","2","4"
"PredatorX_svk","3","1","4"
"predprinimatel9","1","3","4"
"predtren","2","2","4"
"PreetThakkar","2","2","4"
"PrepuzioAlbino","2","2","4"
"preston89199","2","2","4"
"Prijolu","2","2","4"
"PrimusMJ","1","3","4"
"princeallauddin","2","2","4"
"PrinceOfCalcutta","1","3","4"
"princessmickayla2008","1","3","4"
"PriseuM","1","3","4"
"prishac13","2","2","4"
"PrishaK10","1","3","4"
"priv","3","1","4"
"private_blunder","2","2","4"
"privet04","2","2","4"
"Priyas","2","2","4"
"PrizeEarthyPony","1","3","4"
"Prj132","3","1","4"
"pro_pawn_star","3","1","4"
"pro100serg","1","3","4"
"pro16","2","2","4"
"Proabdochess","3","1","4"
"ProbablyYourFault","2","2","4"
"probleb01","3","1","4"
"Probot47","3","1","4"
"Prodez","2","2","4"
"prodip_biswas","1","3","4"
"ProfessorAlik","2","2","4"
"ProfessorFaber","1","3","4"
"profwoland13","2","2","4"
"progr4mmer","2","2","4"
"projectwyze38","2","2","4"
"Projekt23","2","2","4"
"prokhorovsemyon08","2","2","4"
"Prometeo910","1","3","4"
"prometheusmanik","2","2","4"
"promothesh","2","2","4"
"ProNoob71","2","2","4"
"Prosmotr","1","3","4"
"protolyse0815","3","1","4"
"protonmaldito","2","2","4"
"protoxyde","2","2","4"
"ProtselykA1","3","1","4"
"provocateur_212","3","1","4"
"ProxyDE","1","3","4"
"PS-BATIN","1","3","4"
"psf-M2000","2","2","4"
"psher93","1","3","4"
"PSI_X","1","3","4"
"Psicoquiller","2","2","4"
"pslmkr","2","2","4"
"psumitt","1","3","4"
"PSYCHOPATHIC6","2","2","4"
"psychoqusme","2","2","4"
"psycochiken117","3","1","4"
"PsycOLOgist","2","2","4"
"Psycomanu","1","3","4"
"ptbemrah","2","2","4"
"PtitFilouTubs","2","2","4"
"ptitfilsdejp","2","2","4"
"Ptr14","2","2","4"
"puddintime41","2","2","4"
"Pudu_Puda","2","2","4"
"puffic","1","3","4"
"pugowar","2","2","4"
"PulseNxtro","2","2","4"
"Puma-man","2","2","4"
"PumaBoy_16","2","2","4"
"Pumpkinbreath","2","2","4"
"punksage","2","2","4"
"punnichero","1","3","4"
"Pupil_33","1","3","4"
"PupoTOAO","1","3","4"
"purbatondang","2","2","4"
"Pure_Tea","1","3","4"
"purenothingness","3","1","4"
"Purknall","2","2","4"
"Purple_lightstar","3","1","4"
"PurpleJuice","3","1","4"
"PurushottamSilwal","3","1","4"
"pushka_1995","2","2","4"
"pushkalsr","2","2","4"
"PushkinBLR","1","3","4"
"Pushpak_15","2","2","4"
"pustota123","2","2","4"
"Puweneswaran120999","2","2","4"
"PvdO","3","1","4"
"pvp22rus","2","2","4"
"Pvr","1","3","4"
"Pvv72","1","3","4"
"pw12345","2","2","4"
"pwedo2k34rfg23234","3","1","4"
"Pwente","2","2","4"
"pwhakan","1","3","4"
"pwllmnn","2","2","4"
"Pyatnitsyn_Andrey","2","2","4"
"pyo15908","2","2","4"
"Q-Iskender","3","1","4"
"Q7Twenty","2","2","4"
"QangaliTakugakkit","3","1","4"
"qarqubi","2","2","4"
"qasim435","1","3","4"
"qatada-son","1","3","4"
"qbot","3","1","4"
"Qhess2000","3","1","4"
"qkaracha","3","1","4"
"QNIanhdung2003","1","3","4"
"QParticle","1","3","4"
"Qqgrad","3","1","4"
"qtae1112","1","3","4"
"Qua9","2","2","4"
"quadly","3","1","4"
"Quanah_Parker_x7","1","3","4"
"Quantex","2","2","4"
"Quars1000","2","2","4"
"quay","2","2","4"
"Qubilqe","3","1","4"
"Quecosashayquever","2","2","4"
"QueenCrusherz","3","1","4"
"QueenDestroyer1","2","2","4"
"QueenEbizmel","2","2","4"
"queensmen","2","2","4"
"Queenstreet12","2","2","4"
"Queentaker007","2","2","4"
"QuestionableEthics","2","2","4"
"QuevedoJM33","2","2","4"
"quietmove245","2","2","4"
"quijotedvongola","2","2","4"
"Quiksilver_X_Man","3","1","4"
"Quirino7","2","2","4"
"QuizzicalSec49","3","1","4"
"qurkku","2","2","4"
"quzk","1","3","4"
"QweeTheThird","1","3","4"
"qwer317","1","3","4"
"qwerty12QQQQQ","2","2","4"
"qwfzuget","2","2","4"
"QwQcOrZ","2","2","4"
"qymspace","1","3","4"
"qzminski","2","2","4"
"R0ncheg","3","1","4"
"r0tt","1","3","4"
"R10_K22","1","3","4"
"R10Baggio","2","2","4"
"R11awesome","3","1","4"
"R1238-andy","2","2","4"
"R1coDaKing","1","3","4"
"R1perrr12","1","3","4"
"r3algoodTTS","2","2","4"
"R7flection","1","3","4"
"Ra110","3","1","4"
"Ra92","1","3","4"
"Raaghav2664","2","2","4"
"Raajkaran","2","2","4"
"Raasi777","1","3","4"
"Rabee80","2","2","4"
"Rabiiaa222","3","1","4"
"rabinlm11","2","2","4"
"rabocop420","2","2","4"
"Raceto2800","2","2","4"
"rachearth","1","3","4"
"rad1an","3","1","4"
"RadetsVik","2","2","4"
"Radical21","2","2","4"
"radicalii","2","2","4"
"Radik88","2","2","4"
"Radja_Pangemanan","2","2","4"
"Radowy","2","2","4"
"Radsigi","2","2","4"
"raek1","2","2","4"
"RaeNoku","3","1","4"
"Rafa_India","2","2","4"
"RAFA123KNIGHT","2","2","4"
"Rafa3436","2","2","4"
"Rafaelcampolongo","3","1","4"
"rafaelfer12","2","2","4"
"Rafaelo309","1","3","4"
"rafaelsamadov","1","3","4"
"RafaelTeixeira3","2","2","4"
"Rafahel1985","1","3","4"
"Rafcinek","3","1","4"
"Raffo96","1","3","4"
"raffytivs","2","2","4"
"RafickWarrior","1","3","4"
"Rafluk","2","2","4"
"Raghav4","2","2","4"
"raghdan1-17","2","2","4"
"Ragil5","3","1","4"
"Ragnar_Lothbrok85","2","2","4"
"Ragnar34c","1","3","4"
"ragnarockoscuro","3","1","4"
"ragnarug","1","3","4"
"ragno74","2","2","4"
"Rahim200039","2","2","4"
"rahmani605","1","3","4"
"rahmatineshat","2","2","4"
"Rahmonbek","2","2","4"
"rahul_jackson","2","2","4"
"rahul_nc","1","3","4"
"rahul_shandilya","2","2","4"
"Rahul_Thakur_Chess","2","2","4"
"rahuleluri","1","3","4"
"RaineyMan","2","2","4"
"Rainy08","2","2","4"
"raizel250","1","3","4"
"Raj_Harsh","2","2","4"
"raj8013","2","2","4"
"Raja2755","2","2","4"
"RajAragorn","1","3","4"
"Rajeev04","3","1","4"
"rajit_mundhra","3","1","4"
"Rajo_Bujang","2","2","4"
"Rajtripathi1","2","2","4"
"Rakammerer80","2","2","4"
"rakeh","3","1","4"
"Rakesh1372","2","2","4"
"RaketaRale","2","2","4"
"rakkelhanan","2","2","4"
"RaKtat","1","3","4"
"rakun3","1","3","4"
"RalfHoll02","3","1","4"
"RalphKenneth08","2","2","4"
"ralphsteww","2","2","4"
"RALpj","2","2","4"
"ram1ck","2","2","4"
"ramaramon","2","2","4"
"RamBabuShah","2","2","4"
"RamezJridi","3","1","4"
"Rami234","2","2","4"
"Ramidgan","2","2","4"
"ramilehti","2","2","4"
"raminaskary","1","3","4"
"ramitalat","2","2","4"
"Ramkrishna","3","1","4"
"rammeljoshuaanadia","2","2","4"
"Ramoney","1","3","4"
"Rampage20","2","2","4"
"Rampalp","1","3","4"
"Rams8","3","1","4"
"Ramses_IV","2","2","4"
"ramses72","2","2","4"
"RamsoBamso","3","1","4"
"ramu91","2","2","4"
"ramyjannoud","1","3","4"
"ranchal","3","1","4"
"RandaleRob","2","2","4"
"random_usr","2","2","4"
"random261","2","2","4"
"randomkiblitzer","3","1","4"
"randomknight27","2","2","4"
"Randriarijery","1","3","4"
"randyleahy","2","2","4"
"ranger85","2","2","4"
"Rangke_Rangsa","3","1","4"
"Rankreich","2","2","4"
"raofbadri","2","2","4"
"raphael20--odrich","3","1","4"
"rasaf00","1","3","4"
"rasaljamal","2","2","4"
"raseksky","2","2","4"
"RasheedMenwer","2","2","4"
"rasmushak","2","2","4"
"rasmuspape","3","1","4"
"raso98","1","3","4"
"Rasputin42","2","2","4"
"Rassail","3","1","4"
"rastinpiiz","2","2","4"
"rasulovs","2","2","4"
"ratedali","1","3","4"
"RatherAnonymousRook","1","3","4"
"RATIKANTAA","2","2","4"
"ratinhorj420","2","2","4"
"Ratna02","2","2","4"
"rattboy","2","2","4"
"rattydeebee","2","2","4"
"Raul_4lberto","1","3","4"
"raulbb7","2","2","4"
"Rav3nz0r","2","2","4"
"Raverneth","2","2","4"
"ravid777777","2","2","4"
"Ravil91","2","2","4"
"raviravi","3","1","4"
"ravithangavelu","2","2","4"
"rawandnawzad","2","2","4"
"Rawbtcotw","3","1","4"
"rawdjur","2","2","4"
"Rawlfnar","2","2","4"
"ray_hope7","2","2","4"
"Rayanator_chess","1","3","4"
"raymonoord","1","3","4"
"Raysmouse","1","3","4"
"Rayxona_0110","2","2","4"
"Raza2486","1","3","4"
"RazaSh","2","2","4"
"Razenkellesly","1","3","4"
"Razgromitel","1","3","4"
"Razmoket4","2","2","4"
"razor97","2","2","4"
"RazsadkinV","3","1","4"
"Rbb3k","2","2","4"
"rboe","2","2","4"
"RBRO039","3","1","4"
"rbuzz","2","2","4"
"rcedron","3","1","4"
"rdm123","2","2","4"
"rdutta_bur","2","2","4"
"RDX29","2","2","4"
"rdxxx","2","2","4"
"Readie_97","2","2","4"
"readysloth","2","2","4"
"Real_human_being_71","2","2","4"
"Realbaji","3","1","4"
"RealDealBlunder","2","2","4"
"reallykwaai","3","1","4"
"Realmarshall","2","2","4"
"Realme7","3","1","4"
"rebbar","3","1","4"
"rebci","2","2","4"
"rebl","2","2","4"
"Reborn004","2","2","4"
"rebornFreak","2","2","4"
"receptekerea","2","2","4"
"Reco_69","2","2","4"
"Red_Snapper","3","1","4"
"Red-Rover","2","2","4"
"redarrowsx","2","2","4"
"redbluegeo","3","1","4"
"reddish","2","2","4"
"reddragon3358","3","1","4"
"Redemptionseeker","2","2","4"
"Redgo","1","3","4"
"RedhotChilean","2","2","4"
"Redlow","3","1","4"
"redone33","2","2","4"
"Redox","2","2","4"
"redrum_777","3","1","4"
"Redstone1999","2","2","4"
"Redtalun","3","1","4"
"redtwo3283","2","2","4"
"reece_yoooo","2","2","4"
"ReeF924","1","3","4"
"Reenisdown","2","2","4"
"Reflect_MamAd","2","2","4"
"reflex11mase","2","2","4"
"regaldderivia","2","2","4"
"regalwar8","3","1","4"
"Regc","3","1","4"
"ReggaeWarrior06","2","2","4"
"Reggi86","3","1","4"
"regia1800","3","1","4"
"Regis_Chess23","2","2","4"
"regressionmonkey","3","1","4"
"Reiffer1","2","2","4"
"reinaert","2","2","4"
"Reinemer","2","2","4"
"Reinier24","1","3","4"
"reitenth","2","2","4"
"ReiXShinji","2","2","4"
"Reizha99","3","1","4"
"RejepovaJahan","2","2","4"
"Rejwovski","2","2","4"
"Rekcirts","1","3","4"
"reknirthclim","2","2","4"
"Relax768","1","3","4"
"Reltig","2","2","4"
"Rem61","2","2","4"
"rembetiko","2","2","4"
"REMBL_5","3","1","4"
"Remi-Levo","2","2","4"
"remilapeyre","3","1","4"
"remontesinos","1","3","4"
"Remy74","1","3","4"
"RenaissanceMatt","3","1","4"
"RenatoGenerale83","2","2","4"
"RenatoValadao","2","2","4"
"rencuz81","1","3","4"
"reneorozco","1","3","4"
"RennanMonteiro","2","2","4"
"reno75","2","2","4"
"RenownedKiwi","1","3","4"
"renthom","2","2","4"
"Reorso","2","2","4"
"repeat_42b","1","3","4"
"repinsx","2","2","4"
"Repok98765","2","2","4"
"Reraizer","3","1","4"
"ResentfulDoom","3","1","4"
"Resevilchess","3","1","4"
"ResidentChessPlayer","1","3","4"
"Respite","3","1","4"
"Rest_Your_Pieces","2","2","4"
"resul58","2","2","4"
"resulktl03","2","2","4"
"Retest","2","2","4"
"retro186","3","1","4"
"Retro23","2","2","4"
"revani_1907","1","3","4"
"RevanVI","2","2","4"
"revolutionarybum","2","2","4"
"REVQV_020","1","3","4"
"rexcyrus","2","2","4"
"Rey_Esimio","2","2","4"
"ReyanshVadikari","2","2","4"
"reyhum1984","2","2","4"
"reyj","1","3","4"
"reykara","3","1","4"
"Reykevimethod100","2","2","4"
"REYMON77","2","2","4"
"Reyna1522","3","1","4"
"Reyneal","1","3","4"
"reypelado","2","2","4"
"Reza_mayeli","3","1","4"
"reza-gg11","2","2","4"
"rezagoodarzi","2","2","4"
"Reztyler","3","1","4"
"RFCLeston","2","2","4"
"Rfo","3","1","4"
"rfsa13","1","3","4"
"RG_13","2","2","4"
"RGBChess","3","1","4"
"Rginigo17","1","3","4"
"Rhambo","2","2","4"
"rhettro1870","3","1","4"
"rianboy","2","2","4"
"Ribarov","2","2","4"
"ricanmucker","3","1","4"
"ricaom","2","2","4"
"Ricardo-34","2","2","4"
"Ricardoandre87","2","2","4"
"Ricardoh","1","3","4"
"Ricardon","2","2","4"
"Ricee_Bowll","2","2","4"
"Richard_001","2","2","4"
"Richardi750","1","3","4"
"Richi_NSK","2","2","4"
"Richie20","2","2","4"
"richsell","1","3","4"
"Richthemonk","3","1","4"
"rick_30","2","2","4"
"rick314159","3","1","4"
"ricknroll101","3","1","4"
"rickyge","2","2","4"
"Rickymothei","2","2","4"
"rickyrags","2","2","4"
"RickyWalls","1","3","4"
"Rico777","2","2","4"
"rico7979","1","3","4"
"RicoMus","2","2","4"
"ride9191","2","2","4"
"Riderglingo","2","2","4"
"ridvanyakarr","3","1","4"
"Ridzoooo","2","2","4"
"Rifat22","2","2","4"
"righost","2","2","4"
"RighteousA","1","3","4"
"righteyeblind","2","2","4"
"Rigoeco","1","3","4"
"riher","1","3","4"
"Rijalman94","2","2","4"
"Rijwaljigeeshundri","1","3","4"
"Rikican","2","2","4"
"riley22","2","2","4"
"rinasirius","2","2","4"
"ringsideseat","2","2","4"
"ringviktor","2","2","4"
"rinoplastia","2","2","4"
"ripdiana","3","1","4"
"RiRa3","1","3","4"
"Rishabh_gangesh15","2","2","4"
"RisingSunTr","2","2","4"
"RISKisBetterThenThis","1","3","4"
"riteshshah","3","1","4"
"RitvikShetty17","3","1","4"
"RivalsRoyal","2","2","4"
"Rizak06","3","1","4"
"Rizialfa071","2","2","4"
"rizzit","2","2","4"
"rjezen","2","2","4"
"rjxx","2","2","4"
"rjynpoker","1","3","4"
"rk39","2","2","4"
"rk761651","2","2","4"
"RklrXRkls","2","2","4"
"rkukushkin","2","2","4"
"RL42","2","2","4"
"rllst","1","3","4"
"RM-CARGUAAARON","3","1","4"
"RM-MORANANDREW","2","2","4"
"rmarchitect","2","2","4"
"rmascheti","1","3","4"
"rmbassa","2","2","4"
"rmendes","2","2","4"
"rmilin","2","2","4"
"RMKingMove","2","2","4"
"rmznclk63","2","2","4"
"RNC-2060","2","2","4"
"Rnissel","3","1","4"
"Roaccutane","1","3","4"
"Roadrunner45","3","1","4"
"rob__10","3","1","4"
"rob2good","2","2","4"
"Rob685","1","3","4"
"RobbertLubbers","2","2","4"
"Robchik2004","2","2","4"
"robdegi99611","2","2","4"
"Robert2121","2","2","4"
"RobertAjedrez","1","3","4"
"RobertCooper","2","2","4"
"robertkov","3","1","4"
"Robertopini","2","2","4"
"RoBeRtQ1","3","1","4"
"RobertZac","2","2","4"
"Robespirre","3","1","4"
"robgod","2","2","4"
"robi123","2","2","4"
"Robin301003","2","2","4"
"RobinIstriZeta","3","1","4"
"robinsch","2","2","4"
"Robizgeg","2","2","4"
"Robkalalala","3","1","4"
"Roble04","2","2","4"
"robledad","3","1","4"
"roboman6","2","2","4"
"Robustian","2","2","4"
"robwski","2","2","4"
"robz123","3","1","4"
"robzjohn","3","1","4"
"RochaV","2","2","4"
"rock72","2","2","4"
"Rocket004AZ","1","3","4"
"rockey_5839","2","2","4"
"Rockhopper1607","1","3","4"
"rockleepunch","2","2","4"
"rod_at_rest","1","3","4"
"RoderichderWueterich","2","2","4"
"Rodiewill","1","3","4"
"Rodikr","2","2","4"
"Rodinskoe","3","1","4"
"Rodri_KOF","3","1","4"
"rodri2000","2","2","4"
"rodrigo789","1","3","4"
"rodrigopeon","2","2","4"
"RodriJP99","2","2","4"
"rodrook","2","2","4"
"roelandwouda","1","3","4"
"Roflan_Buldyga","2","2","4"
"Rofredo","3","1","4"
"rogancatko","2","2","4"
"rogerescalona2020","2","2","4"
"Rogerggg","2","2","4"
"roham-sh","2","2","4"
"Rohan1304","2","2","4"
"Rohan145","2","2","4"
"Rohan2959","2","2","4"
"rohandhanwani","1","3","4"
"rohankumar111","2","2","4"
"rohansen_2000","1","3","4"
"Rohit_Varma_P","2","2","4"
"roi_norris","1","3","4"
"RoKChess1","2","2","4"
"ROKSAN123","3","1","4"
"rokuuchiha","3","1","4"
"Roland_Diskeyn","2","2","4"
"rolandocruzm","1","3","4"
"rolandorh","2","2","4"
"roma20188","2","2","4"
"romaineste","1","3","4"
"RomaMgM","2","2","4"
"Roman_Krivosheev","1","3","4"
"Roman-CZE-Praha","2","2","4"
"roman07ru_V","1","3","4"
"Roman852","2","2","4"
"romanista85","2","2","4"
"romanos8","1","3","4"
"romanov1985","3","1","4"
"Romanrp18","2","2","4"
"romarioM","2","2","4"
"Rombik123","2","2","4"
"Romcross","2","2","4"
"romeo9k","3","1","4"
"Romeogg19","3","1","4"
"romeopugoy2021","2","2","4"
"Romerito2000","2","2","4"
"romerocesar","2","2","4"
"RomiChessU","2","2","4"
"Romm008","2","2","4"
"romortara","2","2","4"
"rompav","2","2","4"
"RonaldoBryan","2","2","4"
"roncchess","2","2","4"
"ronguao","3","1","4"
"RonJeremy","2","2","4"
"ronkidonkey","1","3","4"
"ronngn","2","2","4"
"Ronnyman","2","2","4"
"ronrado","2","2","4"
"Rony20","2","2","4"
"Rood2404","2","2","4"
"rooh68","2","2","4"
"Rook_Raider","2","2","4"
"rookan","3","1","4"
"Rookkiller","1","3","4"
"RookyUzer","2","2","4"
"Rooomeeeoo","2","2","4"
"roopster","2","2","4"
"roosterBoost","2","2","4"
"rooziii","2","2","4"
"roro394","2","2","4"
"Rorroandrades","1","3","4"
"Rosalind2018","2","2","4"
"rose4445","3","1","4"
"Rosechi","2","2","4"
"RoshanMate","2","2","4"
"Roshdy_205","2","2","4"
"Roshka_makaroshka","1","3","4"
"RossatoFr","2","2","4"
"Rosso69","2","2","4"
"Rossthe","2","2","4"
"Rost_Jey","2","2","4"
"RostrolloChristopher","3","1","4"
"RoteMamba","2","2","4"
"Rotflmao","2","2","4"
"Rothaus666","1","3","4"
"Rotssen","1","3","4"
"rouamat77","3","1","4"
"rouzbeh","2","2","4"
"rowdydx56","2","2","4"
"rowzki","3","1","4"
"Roxana_peru","1","3","4"
"roy54x","2","2","4"
"RoyallyBokketa","1","3","4"
"Roynique","2","2","4"
"Rpballantine97","2","2","4"
"rpkpapa","2","2","4"
"RPLP_PLAY","1","3","4"
"RQuiaios","1","3","4"
"RR2001","2","2","4"
"rrrdv","2","2","4"
"Rs_01012","2","2","4"
"rsantboy","2","2","4"
"rschessforever","2","2","4"
"RSimon","2","2","4"
"rsn84","2","2","4"
"Rsquared415","2","2","4"
"RSteepbroR","2","2","4"
"RTE1977","1","3","4"
"rtlrtl","2","2","4"
"rtyjhythjyt","2","2","4"
"Rtyjre8","3","1","4"
"Rubenkov","2","2","4"
"rubenmrnatural","3","1","4"
"rubenoemi","2","2","4"
"rublero","2","2","4"
"rubyrupendar","2","2","4"
"RuchiraD","1","3","4"
"Rudava","1","3","4"
"RUDEKID5000","1","3","4"
"Rudemar","2","2","4"
"Rudeza","1","3","4"
"Rudraonly","1","3","4"
"RudraShaw","1","3","4"
"rudrashembekar","2","2","4"
"Ruhiyye","2","2","4"
"ruitertje1969","2","2","4"
"Rulfaschess","2","2","4"
"rumbaksa","3","1","4"
"rumbero1991","2","2","4"
"RunnerJimbob","2","2","4"
"Rupankultikri","2","2","4"
"RupinB","3","1","4"
"rushingrussian00","2","2","4"
"Ruslan1904","3","1","4"
"ruslanbes","1","3","4"
"RuslanD36","1","3","4"
"Ruslix","2","2","4"
"Russelcodamos","1","3","4"
"RussianumberOnee","2","2","4"
"russkiymessy85","1","3","4"
"Rustamkhan11","2","2","4"
"rusterpro","2","2","4"
"RusUdar","2","2","4"
"RUT0830","1","3","4"
"RUT64","2","2","4"
"RuthlessAct","2","2","4"
"rutuja_malgunde","2","2","4"
"ruudvannistel","2","2","4"
"ruvrn","2","2","4"
"RuyMorphy","2","2","4"
"ruyneiw","2","2","4"
"rvenkatesh","2","2","4"
"RVinhas","2","2","4"
"rwiddy","2","2","4"
"RY1400","2","2","4"
"ryann7","2","2","4"
"ryantey","2","2","4"
"Rychveldir","2","2","4"
"RYMIT","1","3","4"
"Ryntheir","2","2","4"
"Ryschess","2","2","4"
"Ryucine","2","2","4"
"Ryuk22","2","2","4"
"RyzeF3","2","2","4"
"RyzenRon","2","2","4"
"ryzz","2","2","4"
"rzadvocatus","2","2","4"
"s_imon","1","3","4"
"S_RANK_1","2","2","4"
"s-I-m-O-n-E","2","2","4"
"S-N-D","2","2","4"
"s0uljar","2","2","4"
"s1445845","3","1","4"
"s1ckn4tur3","3","1","4"
"s1zdo_0","2","2","4"
"s3baj0e","2","2","4"
"S3rc4n","2","2","4"
"s41529","2","2","4"
"s44_suna","2","2","4"
"s4m4d0","2","2","4"
"s4mwise","1","3","4"
"s4ygon_core","2","2","4"
"s7plyordie","1","3","4"
"s8joeusc","3","1","4"
"saad_ahmadmfs","1","3","4"
"saadp","1","3","4"
"Saanvi_chess1","2","2","4"
"saarangp","1","3","4"
"Saatvik1256","2","2","4"
"SababaBenji","3","1","4"
"Saban76","2","2","4"
"SABHDavidP","2","2","4"
"SaboFaniMal","2","2","4"
"SABX1Adefolay","2","2","4"
"SABX4mubarakbest","2","2","4"
"SACK-007","2","2","4"
"saclikeatal","1","3","4"
"SacsQueen","2","2","4"
"SadArmy","2","2","4"
"sadi_hurayv","3","1","4"
"sadid_10","3","1","4"
"sadiqabdulrahmanli","2","2","4"
"SAditya2001","1","3","4"
"sadmask22","2","2","4"
"sadrackjose","2","2","4"
"sadrieh","2","2","4"
"safestar","2","2","4"
"saga217","2","2","4"
"sagaar","2","2","4"
"Sagacious_Mizzle","2","2","4"
"Sagar_3000","2","2","4"
"Sagar_Naanu","2","2","4"
"sagarsreejith","2","2","4"
"sageesh23","2","2","4"
"SageSharmes","2","2","4"
"SAGI1995","2","2","4"
"Sagit_1","2","2","4"
"sah_quel_plaisir","3","1","4"
"Sahara25","2","2","4"
"Sahasragaddam","2","2","4"
"SahilK2401","1","3","4"
"SahilVadhyani","2","2","4"
"Sahir34","2","2","4"
"Sahmithepro","2","2","4"
"sai_73","2","2","4"
"Sai_Harsha","2","2","4"
"Sai_Hruthik","2","2","4"
"saidalavi","1","3","4"
"saif_younis","3","1","4"
"Saif-Ostora","1","3","4"
"saifmadara","2","2","4"
"saimutku","3","1","4"
"saintdxve","2","2","4"
"SaintMichael00","3","1","4"
"SairajS786","2","2","4"
"SairajWadankar","2","2","4"
"saishangg","2","2","4"
"SaitamaKing","2","2","4"
"Saithith","2","2","4"
"sajadahmed9","3","1","4"
"sajin001","2","2","4"
"Sajjadostovar","1","3","4"
"Sak2704","2","2","4"
"sakael","2","2","4"
"Sakagawa3000","2","2","4"
"SakenSaken","2","2","4"
"Sakofa7","2","2","4"
"sakshamtiwari","3","1","4"
"saksooka","1","3","4"
"sal418","2","2","4"
"Salahadin13","3","1","4"
"salahsalimhanebaly","2","2","4"
"salakhov30","2","2","4"
"salamghazal","2","2","4"
"Salarbooyaka","2","2","4"
"Salehtaherzadeh1376","1","3","4"
"Salfuman","2","2","4"
"salices","2","2","4"
"Salih7213","2","2","4"
"Salimishere","1","3","4"
"Salkiny","3","1","4"
"Sallahallam1970","2","2","4"
"sallust1914","2","2","4"
"salnid","3","1","4"
"salova322","2","2","4"
"Saltimbanquier","2","2","4"
"saltman1905","1","3","4"
"salvagm","1","3","4"
"sam_85","2","2","4"
"Sam_Shahhosseini","1","3","4"
"SamanoFischer","2","2","4"
"Sambel95","2","2","4"
"Sameer4","2","2","4"
"samernofal","2","2","4"
"Samet11x","2","2","4"
"sametc2003","2","2","4"
"SamGill","3","1","4"
"samgunnn","1","3","4"
"SamiCan43","2","2","4"
"samiksanthosh_09","2","2","4"
"Samir-A","2","2","4"
"samiran1989","3","1","4"
"SamirCarlos123","2","2","4"
"samismos","1","3","4"
"SamiWilf","1","3","4"
"Sammakkoshamaani","3","1","4"
"Sammy_B","3","1","4"
"sammy_r","2","2","4"
"SamochernovNick","2","2","4"
"Samos51","2","2","4"
"Sampaio21341","1","3","4"
"Samriz","3","1","4"
"samson1977","2","2","4"
"SamTingWong","2","2","4"
"samu2888","2","2","4"
"Samuca18","2","2","4"
"SamuelDearman","2","2","4"
"SAMUELJIM","2","2","4"
"SamuelSelvaSeelan","2","2","4"
"samundraacharya","2","2","4"
"samvelka","1","3","4"
"Samvezayd","1","3","4"
"samvil2023","1","3","4"
"samways2richest","3","1","4"
"SamyZidia","1","3","4"
"San-001","1","3","4"
"san-dip_7723","2","2","4"
"SanaNe2022","3","1","4"
"Sanat_Chaubey","2","2","4"
"sanchopancho776","1","3","4"
"Sandarbh29","1","3","4"
"Sander24","2","2","4"
"Sandesh18","2","2","4"
"sandeshj","2","2","4"
"sandeshjdv7","3","1","4"
"SandGuardian","3","1","4"
"sandiinfo","1","3","4"
"SandiSladoledar","2","2","4"
"sandritsakis","2","2","4"
"sandyind","2","2","4"
"Sandyn83","2","2","4"
"sanek921","2","2","4"
"Sangaibisi","2","2","4"
"sangeeth111294","2","2","4"
"Sanitario","1","3","4"
"Sanjar-LBB","2","2","4"
"Sanjeet_V","2","2","4"
"Sanjitsingh1","2","2","4"
"sanjoychatterjee1989","3","1","4"
"SanjuanWolf","2","2","4"
"Sanlucas","2","2","4"
"sannahe","2","2","4"
"sanpdy","2","2","4"
"sanshiro_python","2","2","4"
"santemahalinga","2","2","4"
"santiagorubio","2","2","4"
"santibasti","1","3","4"
"santificex","2","2","4"
"santihealy","2","2","4"
"santmd","2","2","4"
"SantoDark","2","2","4"
"SantStor","2","2","4"
"Santyusbsd","1","3","4"
"sanyajv","3","1","4"
"Sanych_2009","2","2","4"
"Sap69","3","1","4"
"saparbekxs","3","1","4"
"sapsal","2","2","4"
"Saqi05","2","2","4"
"saqim","2","2","4"
"Saqo1991","3","1","4"
"saquib036","1","3","4"
"sarac07","2","2","4"
"SaraMaster","3","1","4"
"sarang_23","1","3","4"
"SARAVANA_BALAJI_K","3","1","4"
"Sarbkus","3","1","4"
"Sarker-faruk","1","3","4"
"Sarkici","3","1","4"
"SarmadY","2","2","4"
"sarn1k","2","2","4"
"sarthak_edmonton","2","2","4"
"Sarthakkm","2","2","4"
"sarthakx_ll","3","1","4"
"sarweshs","2","2","4"
"Sas_ha_34","1","3","4"
"SaschaSnoopy","2","2","4"
"sasci","2","2","4"
"sasdwd","2","2","4"
"Sash17","1","3","4"
"sasha_00054","2","2","4"
"Sasha_Borisov","2","2","4"
"SashaN-1","2","2","4"
"Sasinky","2","2","4"
"Saskeklanuchiha1","2","2","4"
"Sastha24","2","2","4"
"SAStorm","2","2","4"
"Saswat_Das_1","1","3","4"
"Satan1um","2","2","4"
"SatishChess","2","2","4"
"SatranctanNefretEdiy","1","3","4"
"Saturn056","3","1","4"
"Saturne21","3","1","4"
"SaturnGalloV","2","2","4"
"Satvik008","2","2","4"
"satyarth42","3","1","4"
"Sau_ron","2","2","4"
"sauges","3","1","4"
"saukki","2","2","4"
"saul21","2","2","4"
"SaulRogers","3","1","4"
"saurabhisgood","1","3","4"
"saurabhkapur","2","2","4"
"SaurabhMann","3","1","4"
"saurabhudgir","2","2","4"
"Saurav_1","3","1","4"
"sausage_sandwich","2","2","4"
"savageactual","2","2","4"
"Savareezus","1","3","4"
"Savicus","2","2","4"
"SAXSOFON","2","2","4"
"say-no-more","1","3","4"
"sayandas59","2","2","4"
"Sayinov","1","3","4"
"SaYkO00","2","2","4"
"Sazki2016","3","1","4"
"sbattan","1","3","4"
"SBESBE","3","1","4"
"Sbiribibbi","2","2","4"
"sbli","1","3","4"
"sbrembo","3","1","4"
"sbroadfoot90","2","2","4"
"sbt-beisen","1","3","4"
"Sc13n71st","2","2","4"
"Scalidor","2","2","4"
"Scanta","1","3","4"
"scarbonez229","2","2","4"
"scaredemo","1","3","4"
"scaryman1987","2","2","4"
"Scayze","3","1","4"
"scejg","3","1","4"
"scelik005","1","3","4"
"Schach_Gott","2","2","4"
"SchachEmanuel","2","2","4"
"SchachKnecht187","2","2","4"
"SCHACHMETT04","1","3","4"
"Schachspieler51","2","2","4"
"Schachwarum","3","1","4"
"Schackahlen","3","1","4"
"SchackGnomen","2","2","4"
"schadonis","1","3","4"
"Schaykoult1","2","2","4"
"Schellingcafe","2","2","4"
"Schiz0phrenic","2","2","4"
"schlenja","1","3","4"
"Schlosstrunk","2","2","4"
"Schmidtconor","1","3","4"
"Schmocksels_Albtraum","2","2","4"
"Schnitcel","1","3","4"
"schottkey","2","2","4"
"Schreibereric","3","1","4"
"schrematt","1","3","4"
"Schu1984","1","3","4"
"Schwabe88","1","3","4"
"schweinebraten","2","2","4"
"Scialluz","1","3","4"
"Scienceladus0","3","1","4"
"sck316","3","1","4"
"Scofield3007","2","2","4"
"scooby64","2","2","4"
"scorsone85","2","2","4"
"scottvdoren","3","1","4"
"SCRA","1","3","4"
"scratchies124","2","2","4"
"ScrubThatDish","1","3","4"
"scyth","2","2","4"
"sdbck0","2","2","4"
"sdg1966","2","2","4"
"sdjklm","2","2","4"
"sdmnz1","1","3","4"
"sdprasad","1","3","4"
"seadog181","2","2","4"
"seanie83","3","1","4"
"SearingRebuke","2","2","4"
"SeaShantieSinger","2","2","4"
"Seatton","2","2","4"
"seb5eme","1","3","4"
"sebagonzalezn","2","2","4"
"Sebas0284","2","2","4"
"sebastian_horse","2","2","4"
"Sebastian2211","1","3","4"
"sebastianluyo19","2","2","4"
"sebastiano1908","2","2","4"
"Sebet","1","3","4"
"SebFr","1","3","4"
"Sebi178","3","1","4"
"sebstar","2","2","4"
"seckinteltik","2","2","4"
"SecretPerson123","3","1","4"
"secretsheep","2","2","4"
"Sedase_1955","3","1","4"
"sedatbey","2","2","4"
"SedatiBey","3","1","4"
"sedir0","3","1","4"
"sedsa7","3","1","4"
"Sef22","3","1","4"
"seferidaci","2","2","4"
"Segrig","3","1","4"
"seguelg","3","1","4"
"seizo","1","3","4"
"Sejuru","1","3","4"
"Sekharsangma","2","2","4"
"SekiBoem","3","1","4"
"Sekti","1","3","4"
"selimhr","2","2","4"
"selimyk35","2","2","4"
"selvarajchandru05","1","3","4"
"SemenLukjanov","1","3","4"
"Semihatk","2","2","4"
"semlll","2","2","4"
"Semyon2015","3","1","4"
"senderos","2","2","4"
"Sengatusa","2","2","4"
"Senigrandi","3","1","4"
"Senne-HetPalet","1","3","4"
"senorlinglingqi","2","2","4"
"senpai_QPCC","2","2","4"
"Senpaijojo","2","2","4"
"Sensei_of_Sacrifice","2","2","4"
"senseitrx","2","2","4"
"sensible_9","2","2","4"
"Sensori53","2","2","4"
"sepehr_1390","1","3","4"
"Sepehrhasanil","1","3","4"
"sephhh","2","2","4"
"Sephirothchess","3","1","4"
"sepi93","2","2","4"
"Sepp20","3","1","4"
"September_14","2","2","4"
"Ser_Dem","2","2","4"
"seravin","2","2","4"
"serbetfb","2","2","4"
"Serdukov_I","3","1","4"
"Serega160290","2","2","4"
"Serendipiwhat","2","2","4"
"Sergei0303","3","1","4"
"SergeiKaganski87","2","2","4"
"Sergey_af","2","2","4"
"sergey_ahmedov","2","2","4"
"Sergey_Khorev","2","2","4"
"Sergey_Obolenskiy","3","1","4"
"sergey4545","2","2","4"
"SergeyKul83","2","2","4"
"Sergeyvsk1981","1","3","4"
"sergio196","1","3","4"
"Sergio1982","2","2","4"
"SergioCristaldo","1","3","4"
"sergiooo","2","2","4"
"sergioxmoreno","2","2","4"
"SergoHeF","2","2","4"
"serhat019","2","2","4"
"serhiist","2","2","4"
"serjie","3","1","4"
"serosua","2","2","4"
"Serpeee","3","1","4"
"Serpililhan","1","3","4"
"serrazul","1","3","4"
"Seruff","3","1","4"
"servet73","2","2","4"
"SeryBely","2","2","4"
"sesese60","2","2","4"
"Sest79","2","2","4"
"sethlee18","2","2","4"
"sethnh","2","2","4"
"Setido","2","2","4"
"Seutov_92","2","2","4"
"sevagol","3","1","4"
"Sevantis","2","2","4"
"Seven4-70","1","3","4"
"Sevenyears7yrs","3","1","4"
"Severnum","3","1","4"
"Seximilashka","1","3","4"
"SEXSPHERE","1","3","4"
"SexyTimeTiger","2","2","4"
"sezgindursun","2","2","4"
"SFBirkenfeld","2","2","4"
"sfuston","2","2","4"
"sgarbo55a","1","3","4"
"sgd56554","3","1","4"
"Sgizha","1","3","4"
"SgtRandom","2","2","4"
"sgtwickool","2","2","4"
"sgvnobxqf","3","1","4"
"SH-amine","1","3","4"
"sh4dows","3","1","4"
"Sh4dowStorm","2","2","4"
"sh4rk717","2","2","4"
"sh6H","1","3","4"
"sha3banov","2","2","4"
"Shabserg","2","2","4"
"shadow-64","2","2","4"
"Shadoweater","2","2","4"
"Shadowfox28","2","2","4"
"shahab_4477","1","3","4"
"shahab007","2","2","4"
"shahab101","2","2","4"
"shahab98","2","2","4"
"Shahem_Alsayed_8","2","2","4"
"shahibeh","2","2","4"
"shahinbabu","2","2","4"
"Shahrokh_mm","3","1","4"
"shahryarine","1","3","4"
"Shakespeare_72","2","2","4"
"shakespeare1564","3","1","4"
"shakib_98","2","2","4"
"Shakkimatti55","1","3","4"
"ShAkTiKaArThIk555","2","2","4"
"shakuni__mama","3","1","4"
"shakunipro","2","2","4"
"Shaman6886","2","2","4"
"Shamelon","2","2","4"
"shamiknag","2","2","4"
"Shams777","3","1","4"
"Shamsvetch","1","3","4"
"ShaneDoctor","2","2","4"
"Shank12","2","2","4"
"Shannov","2","2","4"
"shansuseelan","1","3","4"
"shapescape","2","2","4"
"sharad1","2","2","4"
"Sharakshinov","2","2","4"
"Sharma2008","2","2","4"
"SharpHammer","2","2","4"
"SharpnessRS","2","2","4"
"ShartiacArrest","3","1","4"
"Sharvina15","3","1","4"
"SHASHANK090806","2","2","4"
"Shashwat_Topre","2","2","4"
"shaun_jose","1","3","4"
"shawn33333","2","2","4"
"Shawn50-50","3","1","4"
"ShawwwCity","2","2","4"
"Shayao","2","2","4"
"Shazadjn","2","2","4"
"Shchendanya_2010","1","3","4"
"Shchurov_nk","3","1","4"
"shechunhui","2","2","4"
"shekerman","2","2","4"
"Shekhunov","2","2","4"
"ShellDrakeOnline","3","1","4"
"shellisan","2","2","4"
"ShemaPlaya","1","3","4"
"shenitataco","1","3","4"
"Shenoysid","1","3","4"
"Sherbinho","2","2","4"
"Sherif_Shnoor2000","1","3","4"
"SherlockXy","2","2","4"
"Shero2004","2","2","4"
"Shicu15","1","3","4"
"Shiddiq19","2","2","4"
"Shield_Maiden","1","3","4"
"SHIHAAA","2","2","4"
"shimanoo","3","1","4"
"shine1250","2","2","4"
"shinefly","2","2","4"
"Shingouz","2","2","4"
"shinigawa","2","2","4"
"shipdriver","1","3","4"
"Shirohige-GTF","1","3","4"
"shiva012016","1","3","4"
"shivaay1105","3","1","4"
"Shivajitboss","2","2","4"
"shivamking","3","1","4"
"shivamrc","2","2","4"
"shivani_jaiswal21","2","2","4"
"Shivansh1011","2","2","4"
"shivay_saklani255","1","3","4"
"shivermetimbers400","2","2","4"
"shloka_1929","1","3","4"
"shmousavi1","1","3","4"
"Shmuel_F","2","2","4"
"shnon","3","1","4"
"Shobozil","2","2","4"
"Shocker89","2","2","4"
"shodaime","2","2","4"
"shofiqul","2","2","4"
"shogri","2","2","4"
"Shomr","1","3","4"
"Shooey","3","1","4"
"Shots1111","2","2","4"
"Shoury","2","2","4"
"Shoxjaxon888","3","1","4"
"Shqqadow","2","2","4"
"Shravanam","2","2","4"
"shredderlps","2","2","4"
"shreder221","2","2","4"
"Shree243","2","2","4"
"Shreya_09","2","2","4"
"shreyan0711","3","1","4"
"shreyanshpandey","2","2","4"
"shreyashChess01","2","2","4"
"shrimpdelapimp","1","3","4"
"Shriram_lol","2","2","4"
"ShriramMore","2","2","4"
"shroomraider","2","2","4"
"shturmon","2","2","4"
"shu72","2","2","4"
"Shubham0009","2","2","4"
"Shubham95","2","2","4"
"shubhaygautam","3","1","4"
"Shubhrato_Gour-Champ","1","3","4"
"shukh","2","2","4"
"Shukurov_Seraphim","1","3","4"
"Shumag","2","2","4"
"Shurban","3","1","4"
"shwareb","3","1","4"
"shwnusmc","2","2","4"
"shxyvvv","2","2","4"
"Shyamaravind","2","2","4"
"shylockinvenice","2","2","4"
"shypo0o0o0rchi","3","1","4"
"si_GM_Denol","2","2","4"
"siamess","2","2","4"
"siasin","2","2","4"
"sib71","2","2","4"
"Sic4rio","2","2","4"
"Sicks","2","2","4"
"sicksquid","3","1","4"
"sid_dis","2","2","4"
"Siddique1","2","2","4"
"siddlebaddledodlezod","2","2","4"
"SidHansen","1","3","4"
"sidhesher","1","3","4"
"sidi0usss","1","3","4"
"sidimbareck2023","2","2","4"
"sidsarasvati","2","2","4"
"Sidu2244","2","2","4"
"SierraChampion","1","3","4"
"siggi435","2","2","4"
"sigifreu","2","2","4"
"sigisvr","2","2","4"
"sigve1","1","3","4"
"siIence","2","2","4"
"Sijgonz","1","3","4"
"sijobaby","2","2","4"
"Siki1986","2","2","4"
"sikisdelisi","2","2","4"
"silacz420","2","2","4"
"Silbersee","2","2","4"
"silenceandrew","2","2","4"
"SILENTCLUB","2","2","4"
"Silentnam","3","1","4"
"SilenusKeats","2","2","4"
"silibijury_01","2","2","4"
"silker223","1","3","4"
"silseth","1","3","4"
"SilvaSsky_06","2","2","4"
"Silverbyte","2","2","4"
"SilverEliteAtChess","1","3","4"
"silviotroia","2","2","4"
"simafor_badaiskii","3","1","4"
"simbadelmarino1","3","1","4"
"simbh","1","3","4"
"Simeon_Perryrov","2","2","4"
"Simiam","2","2","4"
"Simnitram","2","2","4"
"simon_ho","2","2","4"
"Simon2510","2","2","4"
"simonalonso","1","3","4"
"Simone_AT","3","1","4"
"SimoneTersigni13","3","1","4"
"Simonetti2011","3","1","4"
"SimonJarle","2","2","4"
"simonnl","3","1","4"
"SimonStudener","2","2","4"
"simpletone","2","2","4"
"Sinajalili79","1","3","4"
"sinakeykhosravan","2","2","4"
"Sinanchik8","2","2","4"
"SinclairAD","2","2","4"
"sineplayer","1","3","4"
"Singaa786","2","2","4"
"singlelayer","2","2","4"
"Sinka11","2","2","4"
"Sinnnn","2","2","4"
"SinTibia","2","2","4"
"Sintron","1","3","4"
"Sinvoll","1","3","4"
"Sionmir","3","1","4"
"Sir_Antonius_Block","3","1","4"
"sir_blunder_a_lot","3","1","4"
"Sir_John_Fastolf","2","2","4"
"SIR333V","3","1","4"
"Sirbadatchess","2","2","4"
"Sirbone99","2","2","4"
"SirFrancisC","2","2","4"
"SiRiUS_A777","2","2","4"
"sirival","2","2","4"
"SirKsiri","2","2","4"
"SirLock_23","2","2","4"
"SIRNOAHSNoah","2","2","4"
"SirPinky24","2","2","4"
"sirslice","3","1","4"
"Sirtons","1","3","4"
"SITHUMI2012WKCA","1","3","4"
"Siulagrande","2","2","4"
"sivant21","2","2","4"
"Siyo","2","2","4"
"Sjakkerntobi","2","2","4"
"SjakkKrove","1","3","4"
"sjaswanthram","3","1","4"
"sjdeslauriers","2","2","4"
"SJisland","2","2","4"
"Sjones2011","2","2","4"
"sjraber","3","1","4"
"Sk_07","3","1","4"
"skakuret_tiktak","2","2","4"
"Skand_M","2","2","4"
"Skaramushik","2","2","4"
"Skarsov","2","2","4"
"skarzem","2","2","4"
"skca","2","2","4"
"Skhalo24","2","2","4"
"SkidsROOKie","2","2","4"
"Skillsless","2","2","4"
"skinny17","2","2","4"
"SkinnyJones","3","1","4"
"Skizzle","2","2","4"
"skkundu123","1","3","4"
"skolary","2","2","4"
"skosi","2","2","4"
"skoutshouia","3","1","4"
"skrai","1","3","4"
"skrei","1","3","4"
"skrjab","2","2","4"
"skuehl","2","2","4"
"Skumar18","1","3","4"
"skupke","3","1","4"
"skyb4lls","3","1","4"
"Skyecs","1","3","4"
"Skylur","2","2","4"
"Skynet007","1","3","4"
"skysarami","2","2","4"
"skzteam","2","2","4"
"SL_xRay","2","2","4"
"sladkov128","2","2","4"
"SlakterT","2","2","4"
"sland4693","2","2","4"
"slanex","2","2","4"
"Slash193","2","2","4"
"slashlox","2","2","4"
"slavakkkkkk","2","2","4"
"Slavyan370","1","3","4"
"Slaynee","2","2","4"
"SlayZar","3","1","4"
"sldaa","3","1","4"
"Sleepy_Roger","2","2","4"
"SlicedBrain","2","2","4"
"slience04","3","1","4"
"sliman07","2","2","4"
"SloeSh","3","1","4"
"Slombarda","2","2","4"
"slonbek","2","2","4"
"Sloth439","1","3","4"
"Slotinho","2","2","4"
"Slowfix","3","1","4"
"slxmm","2","2","4"
"slykraken","2","2","4"
"sm2222","1","3","4"
"smaneta01","2","2","4"
"smanug15","3","1","4"
"smartbutnotso","2","2","4"
"Smartwizardme","2","2","4"
"Smarty2011","2","2","4"
"SmashTimeFools","2","2","4"
"SMILEY_YEAR","2","2","4"
"Smitty9999","2","2","4"
"SMKAF21","3","1","4"
"SMKN30","2","2","4"
"SmokeJumper","2","2","4"
"smokke","2","2","4"
"SmoresStuff","2","2","4"
"Snailmxn","2","2","4"
"snared","2","2","4"
"snayderpedro","1","3","4"
"SNCASE_se1000","2","2","4"
"Sneakerlord1","3","1","4"
"sneeuwbol","2","2","4"
"sneo111","3","1","4"
"Sniper1kill5bye","3","1","4"
"Sniper200","2","2","4"
"Sniperkaj","2","2","4"
"Snogard27","2","2","4"
"Snoot_Booper","2","2","4"
"snorcal","3","1","4"
"Snowflake67","1","3","4"
"snrydgdu89","1","3","4"
"snurry","3","1","4"
"So0o0o0zi","1","3","4"
"So135","2","2","4"
"so345","2","2","4"
"Soanesy","2","2","4"
"SOC90","2","2","4"
"SoccerFanDavid","2","2","4"
"sodcio25","2","2","4"
"soeasyyy","2","2","4"
"Sofiane111","1","3","4"
"SofianeCFB84","2","2","4"
"Softpinkcake","2","2","4"
"SofYan_02","2","2","4"
"sohnaldo","3","1","4"
"sohrab3","3","1","4"
"soixante4cases","3","1","4"
"SolarP","1","3","4"
"solchess7","2","2","4"
"SoldierBlue","2","2","4"
"Solidosian","2","2","4"
"solokillgg","1","3","4"
"somenon1987","2","2","4"
"Someone00003","2","2","4"
"someoneOdd","2","2","4"
"somusomu","2","2","4"
"SonBambuYiyici","1","3","4"
"Songwe12","3","1","4"
"Sonia_Deshmukh","3","1","4"
"sonolillo","2","2","4"
"sonurtired","2","2","4"
"Sonyejin","2","2","4"
"soofta","3","1","4"
"Soorajmr","2","2","4"
"SophiaMaeProducts","2","2","4"
"sorianorczxc","2","2","4"
"SorPerdida","1","3","4"
"sorrygg","3","1","4"
"SosninPS","3","1","4"
"sosyolojiler","2","2","4"
"SOTEAPAN_VER","2","2","4"
"sotiris09ag","2","2","4"
"Soufek","2","2","4"
"Soulpal","2","2","4"
"soun","3","1","4"
"SoundB4rri3r","2","2","4"
"soundsoweita","2","2","4"
"soup10","3","1","4"
"SoupsOn15","2","2","4"
"sourfcko","2","2","4"
"sousimaster","2","2","4"
"Southdrisch","1","3","4"
"Souverain_Official","1","3","4"
"souvikmondalchess","2","2","4"
"soy12345","2","2","4"
"SoytuPmadre","2","2","4"
"sp0ker","2","2","4"
"spa3sky","2","2","4"
"Space_Hominid","2","2","4"
"spacecolony33","2","2","4"
"spadel","3","1","4"
"Spades05","1","3","4"
"spaig77","3","1","4"
"spajsini","1","3","4"
"spanchege","2","2","4"
"SparshA1pro","2","2","4"
"spartacas2","1","3","4"
"spartacusoo7","1","3","4"
"Spartak1912","2","2","4"
"SpartaK79","1","3","4"
"SpatioTemporal","1","3","4"
"SpawnSr","2","2","4"
"spect420","3","1","4"
"Specticle","2","2","4"
"speedstick153917","2","2","4"
"spekko_spekkonen","2","2","4"
"spencerread","3","1","4"
"spetvod","2","2","4"
"speuler","2","2","4"
"SphagnumBishop","2","2","4"
"spider7777","2","2","4"
"SpiderBlade","2","2","4"
"spiderblunder","1","3","4"
"Spiderfisch2","2","2","4"
"spiderman1123","3","1","4"
"Spidermanoriginal","2","2","4"
"spionase_88","2","2","4"
"Spitzbay","2","2","4"
"Spizzy","2","2","4"
"Splendido03","2","2","4"
"splendor027","2","2","4"
"spokokokon","1","3","4"
"spookyjoon","2","2","4"
"SpookyRocks","2","2","4"
"Sprockel","1","3","4"
"Spuna","2","2","4"
"Spyridod","1","3","4"
"SpyrosFloros","1","3","4"
"SquareL","2","2","4"
"squareus","2","2","4"
"SquatchHunter87","3","1","4"
"Squeazy","2","2","4"
"SquidSangSom","2","2","4"
"SquintEastwood","2","2","4"
"Sr_C","2","2","4"
"sr25gn","2","2","4"
"SREEHARIKB","2","2","4"
"Sreekurmareddy","2","2","4"
"Sreesmarun","3","1","4"
"sridharsa3","3","1","4"
"srijithk","3","1","4"
"Srj1999","3","1","4"
"SrNavas","2","2","4"
"Sroo","1","3","4"
"SRoyalty","2","2","4"
"srtn321","1","3","4"
"Ss_amir1979","2","2","4"
"ssabmud","3","1","4"
"ssb38","3","1","4"
"Ssdrmz10","1","3","4"
"ssehcilmnc","1","3","4"
"sseuini","2","2","4"
"Ssj0nion","1","3","4"
"SSPGS","2","2","4"
"SSPPIDERMAN","2","2","4"
"ssstrz","2","2","4"
"sstars747","2","2","4"
"sswaroop93","2","2","4"
"st220088","2","2","4"
"stagod_91","2","2","4"
"Stalitos","3","1","4"
"stalkerbear","1","3","4"
"StalTomatMS","2","2","4"
"stamos1","3","1","4"
"stanculescugabriel","1","3","4"
"standingwave","1","3","4"
"stangler","2","2","4"
"Stanislo","3","1","4"
"StaniWslav","3","1","4"
"stanned29","2","2","4"
"StanPopov","1","3","4"
"star401","2","2","4"
"StarBen111","2","2","4"
"starcreem","2","2","4"
"staring","3","1","4"
"Stark45","2","2","4"
"starNOXY","1","3","4"
"StasLugansk","2","2","4"
"StasRRR","2","2","4"
"Stayrelax","3","1","4"
"StCrypto","2","2","4"
"ste_tuf","2","2","4"
"ste10111","1","3","4"
"Steel_berry","2","2","4"
"steel3-6","1","3","4"
"Stef-le-chef","3","1","4"
"stefan92nbg","2","2","4"
"stefano_casavecchia","2","2","4"
"Stefano_r_90","1","3","4"
"stefanos729","2","2","4"
"stefferoni","2","2","4"
"StefStaaf","1","3","4"
"Steinheim","2","2","4"
"stekepanna","3","1","4"
"sten_scott","2","2","4"
"Sten_w_a","2","2","4"
"Stepan11891","1","3","4"
"Stepan1997","2","2","4"
"stepan69","2","2","4"
"StepaNikolaev2011","1","3","4"
"StephanSchwili","2","2","4"
"StephenBlah","2","2","4"
"Stephencryy","2","2","4"
"Stephenmoka5","2","2","4"
"Stephorm","2","2","4"
"stepor","2","2","4"
"sterpq","2","2","4"
"steuererklaerung","3","1","4"
"Steve-Biko","1","3","4"
"Steven-Angelo","2","2","4"
"StevenRossi","2","2","4"
"steys","2","2","4"
"Sthiboww","2","2","4"
"StiFox","3","1","4"
"stihoplet","2","2","4"
"Still_Frosty","2","2","4"
"StillQueenless","3","1","4"
"stiltsss","3","1","4"
"StilVorTalent","2","2","4"
"stinkymonkey3","3","1","4"
"stiven29","1","3","4"
"StMichel","3","1","4"
"StoicSeneca","2","2","4"
"stoppsgs","2","2","4"
"stOrM_69","2","2","4"
"Stormaasen","1","3","4"
"StormChesser","1","3","4"
"StormElement","1","3","4"
"stornerm","2","2","4"
"storus","2","2","4"
"str8rider","1","3","4"
"StraikBall","2","2","4"
"Straponello","2","2","4"
"Streakwing","2","2","4"
"StreamingFire","3","1","4"
"Striker14","2","2","4"
"striker588","2","2","4"
"stripe101010","2","2","4"
"strizer2","2","2","4"
"Stromach","3","1","4"
"strongking80","3","1","4"
"StrongSongs","3","1","4"
"strophhic","3","1","4"
"structurerealm","3","1","4"
"strueux","2","2","4"
"StrunnikovKirill","3","1","4"
"stu97jmp","3","1","4"
"Study_with_me","2","2","4"
"STUMFy","3","1","4"
"stunn","3","1","4"
"stuwordburn","2","2","4"
"StVladimir","2","2","4"
"Su3gger","1","3","4"
"Su9arat","2","2","4"
"subbusjn","3","1","4"
"SUBHAMONBOARDS","2","2","4"
"Subho_Kolkata","3","1","4"
"SubhojeetRC","1","3","4"
"SucreF","2","2","4"
"sudeept","3","1","4"
"sudesh2000","2","2","4"
"Sudhakar_S","1","3","4"
"sudhanshuhichkad","2","2","4"
"SudheerbabuKatti","2","2","4"
"sudknx","2","2","4"
"suesswarenlieferant","1","3","4"
"suezanne","2","2","4"
"sufidaboss","2","2","4"
"sugma_knights","2","2","4"
"Suhas_042","1","3","4"
"suhassai","2","2","4"
"Suhermat_CMC","3","1","4"
"Sula123","2","2","4"
"suletantai","2","2","4"
"Suleyman_Chess06","2","2","4"
"SulimanX_X5","1","3","4"
"SuljkicMukki","2","2","4"
"Sultan84","2","2","4"
"Sultanadil","2","2","4"
"sultanan","2","2","4"
"SultansGambit","2","2","4"
"SumairAnsar","2","2","4"
"Sumajestad","2","2","4"
"Suman00028","2","2","4"
"sumeet214","3","1","4"
"sumsum","2","2","4"
"sumylattex","2","2","4"
"sungam1","2","2","4"
"SunnyChessGames","2","2","4"
"Sunnyyyyyyyy","3","1","4"
"sunset_limited","3","1","4"
"Sunshine5008","2","2","4"
"sunzaa64","2","2","4"
"SUP3X","1","3","4"
"Super_noodles","3","1","4"
"super_scua","2","2","4"
"Super_Shankh","2","2","4"
"Super-JOTA","3","1","4"
"super-rusty","1","3","4"
"SuperAile","2","2","4"
"superbat66","1","3","4"
"superdraw","3","1","4"
"superfelix1980","2","2","4"
"superfluos_bc","2","2","4"
"Supergrobi65","2","2","4"
"superkan","3","1","4"
"superKomar","2","2","4"
"superloh228","1","3","4"
"supermarin","2","2","4"
"Supersonic6969","3","1","4"
"Supersonique","3","1","4"
"Superstar_7890","1","3","4"
"SuperSwede","2","2","4"
"Supertramp8","1","3","4"
"SUpERtrAmp86","2","2","4"
"SuperTranslation","2","2","4"
"SupraBapak","3","1","4"
"Supreme_Court","3","1","4"
"Supremepotato","3","1","4"
"surahammar","2","2","4"
"suraj_veeru","3","1","4"
"Suranjio","2","2","4"
"surekaabhishek","1","3","4"
"surex","2","2","4"
"surfer369","2","2","4"
"Surgeonfromikere","3","1","4"
"Surten","2","2","4"
"survivor10","2","2","4"
"Surya_RCK","3","1","4"
"suryanshmishra2111","1","3","4"
"suryaputraakarn","3","1","4"
"sushinoshisui","2","2","4"
"SusPens79","2","2","4"
"suspicious_snake","2","2","4"
"Suspiral","2","2","4"
"SussyBaka17","2","2","4"
"SussyImposterUwU","1","3","4"
"sustenium","2","2","4"
"sutarno","2","2","4"
"svadimr","3","1","4"
"Svetlana92","2","2","4"
"Svetultichek","1","3","4"
"sviatoslavvelykyi","2","2","4"
"svm007","2","2","4"
"svsergei","1","3","4"
"SwaggyPino3","3","1","4"
"swagmatt","2","2","4"
"swanandk01","3","1","4"
"swancurry","1","3","4"
"swapnil4","2","2","4"
"swarup343","3","1","4"
"Swast1kadi","2","2","4"
"swastik2305","2","2","4"
"swayam8855","2","2","4"
"sweather8","1","3","4"
"SwedishMagnus","1","3","4"
"sweetchild-omine","2","2","4"
"SweetDreams0877654","1","3","4"
"SwiftChess","3","1","4"
"SwiftFrieze","3","1","4"
"Swite77","2","2","4"
"switz","1","3","4"
"swoing","2","2","4"
"Sxvage_XD","2","2","4"
"syahdan_aja","2","2","4"
"syamand98","1","3","4"
"syedlee","1","3","4"
"syllagrinberg","2","2","4"
"sylus_07","2","2","4"
"syntexplayz","2","2","4"
"SyriaFreesyria","2","2","4"
"Syrox_Ity","3","1","4"
"sysolinsa1","2","2","4"
"systemlos","2","2","4"
"szabokiller","3","1","4"
"szachy137","1","3","4"
"Szczesnyy17","2","2","4"
"szczudlo1","2","2","4"
"SzentIstvan","2","2","4"
"SZIGME7","2","2","4"
"t_3omar","2","2","4"
"T_a_R_i_K_B","3","1","4"
"T_Dias","2","2","4"
"T_Younes","1","3","4"
"T0l0l1","2","2","4"
"t0rturad0r","2","2","4"
"T1m_15","2","2","4"
"T1P0K01","2","2","4"
"t1SODA1t","3","1","4"
"t1tan41","2","2","4"
"T78rus","3","1","4"
"T8K0UT","2","2","4"
"T9KLIEN","1","3","4"
"tabo88","1","3","4"
"Tabuk","2","2","4"
"tade33","1","3","4"
"tagir1","2","2","4"
"tagram_c","2","2","4"
"Tahaa_10","2","2","4"
"tahailter","2","2","4"
"Tahamardani","1","3","4"
"tahchessin","2","2","4"
"Tahir56","2","2","4"
"Tahok24","1","3","4"
"taihao","2","2","4"
"Taillant","1","3","4"
"TaisVer","2","2","4"
"Tajitus","3","1","4"
"tajm","3","1","4"
"takadajanaiyo","3","1","4"
"takato-takuya","2","2","4"
"TakeOneHalawa","2","2","4"
"TakEshi81","1","3","4"
"Takyon27","2","2","4"
"tal_likes_buncha","2","2","4"
"talatpasa","2","2","4"
"talentedtallon","2","2","4"
"Talha0606","3","1","4"
"Talibas","2","2","4"
"Tamas0317","2","2","4"
"Tamp69420","3","1","4"
"Tampajp","2","2","4"
"Tanay219","1","3","4"
"tanchodom","3","1","4"
"tandilocuente","2","2","4"
"taner21","2","2","4"
"TanganKilat","2","2","4"
"tangerine-scrolls","2","2","4"
"tangokrish","3","1","4"
"tangriz87","2","2","4"
"tanhu25","2","2","4"
"TaniaMon","2","2","4"
"TanishLikesChess","1","3","4"
"Tank23","1","3","4"
"tankewe87","2","2","4"
"tanneraustin69","1","3","4"
"TannyBoi69","2","2","4"
"Tanya82","2","2","4"
"tanzhiwei","3","1","4"
"Tappleby","2","2","4"
"Tarckhan","2","2","4"
"tarentulla","1","3","4"
"TAREQ77","2","2","4"
"TariqKhan123","1","3","4"
"tarmiel","2","2","4"
"Tarzan1987","3","1","4"
"Tarzanias","2","2","4"
"tasnurbek","2","2","4"
"tassarian","2","2","4"
"TastyPotato","2","2","4"
"tat_dat","3","1","4"
"tatarianeco","2","2","4"
"Tatch","1","3","4"
"Tathagata_Chess8810","2","2","4"
"tatlorsss","2","2","4"
"taUfiK_iIuM_ta","2","2","4"
"Taurus_no1","2","2","4"
"tavCan","2","2","4"
"tavukdoner123","2","2","4"
"Tawd1888","3","1","4"
"tawfiqMakram","2","2","4"
"taxifive","2","2","4"
"taylorswiftyy","2","2","4"
"TaylorYoung","1","3","4"
"Tayrexe","2","2","4"
"tayro","1","3","4"
"tazikooo","2","2","4"
"tazonemsadze35","2","2","4"
"Tazpss","2","2","4"
"Tbaby","3","1","4"
"tbalbino","2","2","4"
"tchadman","2","2","4"
"Tchekhov33","2","2","4"
"Tea7070","2","2","4"
"teacher1312","3","1","4"
"TearDownTheWall","3","1","4"
"TebitTt","3","1","4"
"Tec9BanYedi","2","2","4"
"Technoblade300","2","2","4"
"Tedi2008","2","2","4"
"tedvec1","2","2","4"
"tedyeldespiadado4","1","3","4"
"Teerrmitess","2","2","4"
"Teeshee77","2","2","4"
"Teeswater1875","2","2","4"
"teezchess","2","2","4"
"TefoTrevor","2","2","4"
"TEHb","3","1","4"
"TehBset","2","2","4"
"teix11","1","3","4"
"Tejanos","2","2","4"
"Tejas_Dabke_HGS","3","1","4"
"TeJaSs_ToRnAdO2010","2","2","4"
"tekenes","3","1","4"
"telerabbit","3","1","4"
"Tello71","2","2","4"
"TEMA-24","2","2","4"
"TEMARA","1","3","4"
"TempleGuardO_O","2","2","4"
"Tenako","1","3","4"
"tennessi","2","2","4"
"tenquiu","2","2","4"
"tentruycap132435","2","2","4"
"Teodoooooor_2002","2","2","4"
"TeoZH","3","1","4"
"tephra","3","1","4"
"TerentiyMoskvin","2","2","4"
"TerliksiHayvan","2","2","4"
"Terminator912","1","3","4"
"Terppaz","2","2","4"
"terrbaula","1","3","4"
"Terrenaitor","2","2","4"
"Terrost","2","2","4"
"tesseract4d","2","2","4"
"Testostallone","2","2","4"
"Testosteronee","1","3","4"
"testotorsten","2","2","4"
"Testxxxlb","2","2","4"
"teteenlair13","2","2","4"
"tetracrypton","3","1","4"
"Tetramaton","2","2","4"
"TetsuroHoshino","1","3","4"
"teugene","1","3","4"
"teunmarnix","2","2","4"
"TexasMustang","2","2","4"
"Texture_07","3","1","4"
"Thaiva","3","1","4"
"thalden","2","2","4"
"THANIESHASHREE_20119","3","1","4"
"thanosmav","2","2","4"
"thatguyhuisi","3","1","4"
"thatoneguy4h","3","1","4"
"ThatRaisinTho","2","2","4"
"thatsafugazi","2","2","4"
"Thatsthatboy5","1","3","4"
"the_armadillo","1","3","4"
"The_Bauker","3","1","4"
"The_Drunk_Man","2","2","4"
"The_Facilitator","2","2","4"
"the_galactico","3","1","4"
"The_God_of_Chess_12","2","2","4"
"The_KDD","2","2","4"
"the_melman3","2","2","4"
"the_null","2","2","4"
"The_Princess_Moon","2","2","4"
"The_Professional0","2","2","4"
"The_Punisher_Of_Evil","1","3","4"
"the_rapping_pawn1","2","2","4"
"The_tacos","2","2","4"
"The_TiredPenguin","2","2","4"
"The_Undula","2","2","4"
"The_war_dimension","1","3","4"
"The-Chessguy","2","2","4"
"The-fairy","1","3","4"
"THE-GODBEAST","2","2","4"
"the-sandman-237","2","2","4"
"the4PACHENKO","2","2","4"
"TheAndriyko","1","3","4"
"theAvo","2","2","4"
"Thebarbarianguy","2","2","4"
"TheBeautifulWild","1","3","4"
"thebestever123","2","2","4"
"thebestoneyet","3","1","4"
"thebishopschaplain","2","2","4"
"TheBond","2","2","4"
"thebonkhaha","1","3","4"
"theboyblunder76","3","1","4"
"thechequeredmate","2","2","4"
"thechessdon57","2","2","4"
"TheChessNoob5000","3","1","4"
"TheCombatWombat","2","2","4"
"TheConcernedPlayer","2","2","4"
"TheCoolberg","1","3","4"
"TheCoPilot","2","2","4"
"THED84","2","2","4"
"thedarkliar","3","1","4"
"Thedarksquareknight","3","1","4"
"TheDe4dSilent","2","2","4"
"theDogWalker","2","2","4"
"TheDoubtchaKid","2","2","4"
"TheDukeofBurgundy","2","2","4"
"TheErd","3","1","4"
"thefalm","2","2","4"
"TheFemboyFurry","2","2","4"
"thefoolonthehill","2","2","4"
"TheFreddyGambit","3","1","4"
"TheGhostOfYou","3","1","4"
"thegloue42","2","2","4"
"TheGodfatherV","2","2","4"
"thegoodchess12","2","2","4"
"TheGR3AT","3","1","4"
"THEGRILLL","2","2","4"
"theHAM","2","2","4"
"TheHarambeGambit","2","2","4"
"theHaUBe","1","3","4"
"TheHugeFan","3","1","4"
"theilker312","1","3","4"
"theishanguy","2","2","4"
"thejc50","2","2","4"
"thekingess73","1","3","4"
"TheLastPlantagenet","2","2","4"
"TheLifeIsXD","2","2","4"
"Thelmam","2","2","4"
"Thelmo_123","3","1","4"
"theMadrasLion64","2","2","4"
"themanp15","3","1","4"
"thenayancat","1","3","4"
"TheNerdThing","2","2","4"
"TheNotoriousApo","3","1","4"
"theo1ch","1","3","4"
"Theod2008","2","2","4"
"TheOne_007","1","3","4"
"THEONLYTAKESHIKOVACS","3","1","4"
"ThePawnMover20","2","2","4"
"thepetrogradsoviet","2","2","4"
"theprinceofchess","1","3","4"
"thepublicguy","2","2","4"
"TheRahil","1","3","4"
"TheRealChibs","2","2","4"
"TheRealGrinch","2","2","4"
"Therealmiguelsantana","2","2","4"
"TheRealPacovsky","2","2","4"
"therearenousers","1","3","4"
"TheReticentLantern","2","2","4"
"TheRetired","3","1","4"
"TheRoyalBengalTiger0","2","2","4"
"therustyboat","2","2","4"
"TheSaintBull","2","2","4"
"TheSenate73","1","3","4"
"TheSH2domain","3","1","4"
"TheSheevPalpatine","2","2","4"
"TheSolitaryKing","3","1","4"
"Thestarfishkid","2","2","4"
"TheStirf","3","1","4"
"thesussyboijr","2","2","4"
"TheTane_Ludo","2","2","4"
"TheTenTime","2","2","4"
"TheTerrible","2","2","4"
"TheTimon","1","3","4"
"theugliestcreature","1","3","4"
"theunrealcora","1","3","4"
"Theus-09","3","1","4"
"TheVamosGuy","2","2","4"
"TheWiki9","3","1","4"
"Thewinner038","2","2","4"
"TheWorldIsNotEnough","3","1","4"
"Thginkk","2","2","4"
"thiago2319","2","2","4"
"Thiagomarcel","3","1","4"
"thib210","1","3","4"
"thigoiaba","2","2","4"
"Think_before_move","2","2","4"
"ThirdEyeBlind","2","2","4"
"this_kid_knows","2","2","4"
"thisisafalsestatemen","2","2","4"
"Thisisomeriqbal","2","2","4"
"ThisOnesDan","2","2","4"
"Thisumlee_De_Mel","1","3","4"
"Thlamuana","3","1","4"
"Thomas_L","3","1","4"
"Thomas_R2D2","2","2","4"
"Thomas_Smbck","2","2","4"
"Thomas9595","2","2","4"
"ThomasDS","2","2","4"
"thony_ch","1","3","4"
"threatened","3","1","4"
"thrilhouse11","3","1","4"
"THTKING","2","2","4"
"thuan1102","2","2","4"
"ThugDougChess","2","2","4"
"thugtechin","1","3","4"
"thunderw","3","1","4"
"thurdnil","1","3","4"
"thuyr_21","2","2","4"
"ThWise","2","2","4"
"thyagomiranda","2","2","4"
"Tiaston","1","3","4"
"TibaSam","3","1","4"
"tibi26","2","2","4"
"Tibo_To-Ki","2","2","4"
"TIckEyTi","1","3","4"
"TickTack00","2","2","4"
"Ticky268","3","1","4"
"tidakpernahnever","2","2","4"
"Tigcha","2","2","4"
"Tiger_Tiger_Tiger","2","2","4"
"Tiger_Willi","2","2","4"
"tiger-tooth","1","3","4"
"Tiger253","2","2","4"
"TiGeRyvSWilLoW","3","1","4"
"Tigerzed","2","2","4"
"Til_Schulze","2","2","4"
"tilguant","2","2","4"
"Tilkis2","2","2","4"
"till_cm","1","3","4"
"tillneyv","3","1","4"
"tilted_bullet_fornow","2","2","4"
"Timbo5000","1","3","4"
"timc7","2","2","4"
"TimeSabbath","2","2","4"
"TimGrundyLAET","2","2","4"
"timjubil","2","2","4"
"timka_1306","2","2","4"
"TImofei1906","2","2","4"
"TimofeyMen_1","1","3","4"
"Timtbt","2","2","4"
"Timur_Dzhuma","2","2","4"
"timurwhat","2","2","4"
"Timy_OTool","2","2","4"
"Timzer10","2","2","4"
"Timzeus","2","2","4"
"Tincho44","2","2","4"
"tincho528","3","1","4"
"Tinerci01","3","1","4"
"TinkyTyler","2","2","4"
"tino24ok","1","3","4"
"Tintin-Milou","3","1","4"
"tintin-snowy","3","1","4"
"Tioneb666","1","3","4"
"tipashahmatist","3","1","4"
"Tiputt12","2","2","4"
"tirendaz_156","2","2","4"
"tirilaylaylim","2","2","4"
"Tiro55","3","1","4"
"Tirpan05","2","2","4"
"TirthGada","1","3","4"
"TirthPatel15","1","3","4"
"TismaniX","2","2","4"
"Titan2183","1","3","4"
"titititi03","2","2","4"
"titouanl","2","2","4"
"tius","3","1","4"
"Tizy85","1","3","4"
"Tjips","2","2","4"
"TJKrais","2","2","4"
"Tkay1471","2","2","4"
"TKM_LEBAP","3","1","4"
"tkmason","3","1","4"
"TLow","2","2","4"
"TN-TUNISIE","2","2","4"
"TN3T3NN8A","2","2","4"
"TNC-Thanhhai010213","2","2","4"
"TNCDongQuangBinh2014","3","1","4"
"tncygnc","2","2","4"
"TntMaster97","2","2","4"
"Toachi","3","1","4"
"Toaster_da_oven","1","3","4"
"toastermuffins1","2","2","4"
"Tobias3838","3","1","4"
"tobiiasl","3","1","4"
"tobiowo","2","2","4"
"TobyMaguareia","2","2","4"
"Tochetotoche","2","2","4"
"toctucol","2","2","4"
"toecker","1","3","4"
"toffx5016","3","1","4"
"Tofitafmada","2","2","4"
"Tohanyo","2","2","4"
"tohid_rst_lir","2","2","4"
"tohid1212","2","2","4"
"tokenli05","2","2","4"
"tokes","2","2","4"
"tokmad","3","1","4"
"Tokmak90","2","2","4"
"Tokmaksan","1","3","4"
"Toky72","2","2","4"
"TOLHERF","2","2","4"
"tolkku","1","3","4"
"Tolya_Krosh","1","3","4"
"tolya90","3","1","4"
"tom1980","3","1","4"
"tom6445","3","1","4"
"TomaQueToma","3","1","4"
"TomasAKD","3","1","4"
"tomasdenis","2","2","4"
"tomashevich","1","3","4"
"tomasthechessengine2","3","1","4"
"tomasz_pianista","2","2","4"
"tomg86292","2","2","4"
"tomirose","2","2","4"
"Tomislav2004","1","3","4"
"tomislavfabeta","1","3","4"
"Tommaso_Valenza","2","2","4"
"Tommy2308","2","2","4"
"Tommylein","2","2","4"
"TommyVercetty_123","2","2","4"
"TommyXR","3","1","4"
"Tomnlk","2","2","4"
"Tomsiti","3","1","4"
"TomSwiss","2","2","4"
"tomtomtom7","2","2","4"
"ToMuch","2","2","4"
"Toni__P","1","3","4"
"tonibiel83","2","2","4"
"TONICFLAX","1","3","4"
"tonisilva89","2","2","4"
"tonywilliam1","2","2","4"
"toodecent","2","2","4"
"topas","2","2","4"
"Topghosts","2","2","4"
"toprakustuns","3","1","4"
"TopSov","3","1","4"
"Tor_C","3","1","4"
"torek","2","2","4"
"toringen","2","2","4"
"torodelatoro","1","3","4"
"Toronatos","1","3","4"
"Torreon64","2","2","4"
"Torsty90","2","2","4"
"tortto","2","2","4"
"torun2","2","2","4"
"tosburg","2","2","4"
"toshiyo83","3","1","4"
"Totae","2","2","4"
"TotalGarbage","2","2","4"
"Totalitarizm","2","2","4"
"TOTIN2007","2","2","4"
"Tournelles","1","3","4"
"Toverud","2","2","4"
"TovmasyanKristina","3","1","4"
"Toxic_Whis","2","2","4"
"toyang89","2","2","4"
"tozen","3","1","4"
"tpiyer","3","1","4"
"tpomagi","1","3","4"
"tpurushottam","1","3","4"
"TpyJIaJIa","2","2","4"
"TQ4K","1","3","4"
"tqras","3","1","4"
"TQS521","2","2","4"
"trabhtor","2","2","4"
"tracE7","3","1","4"
"TradesLikeDonald","1","3","4"
"TRAE511","1","3","4"
"Tragicomehdi","2","2","4"
"Trailokya_Nanda","2","2","4"
"trainingaccount555","3","1","4"
"Trainingsmaterial","2","2","4"
"Trakeagle","2","2","4"
"Trakert56","2","2","4"
"tramor","2","2","4"
"Tranductam79","2","2","4"
"trankhanhthuan","2","2","4"
"tranningplayer","2","2","4"
"trappasss","1","3","4"
"TrapperTeal","2","2","4"
"travisscottfan","1","3","4"
"traxler55","2","2","4"
"Tray1990","2","2","4"
"TrbosekDzek","2","2","4"
"Tre25","3","1","4"
"tre333333","2","2","4"
"treinoconta98","2","2","4"
"trenchmouth","2","2","4"
"trenerdarko","1","3","4"
"trenthiggins707","2","2","4"
"trevorrrt","1","3","4"
"TreyDee","1","3","4"
"TrianaFJ","2","2","4"
"triantafyllous","2","2","4"
"Tricky__Moves","2","2","4"
"Trikulitsch","2","2","4"
"TriloOooko","2","2","4"
"tripanchuk","2","2","4"
"TrippieSket","2","2","4"
"TrissyBear","1","3","4"
"tristanlaunay","2","2","4"
"tristelxrder","2","2","4"
"Trokhymyshynivan","2","2","4"
"trollbobbi","2","2","4"
"trolleibus61","2","2","4"
"trolljkuldsa","1","3","4"
"Trompanrules","2","2","4"
"TroshinMax","2","2","4"
"TRRRRRRRR","3","1","4"
"truenerevar","2","2","4"
"TRUEnsal","2","2","4"
"TrueSigma","1","3","4"
"TrueSyan","2","2","4"
"trumppence","1","3","4"
"trushart","2","2","4"
"trusko","2","2","4"
"Truthahnkrieger","3","1","4"
"trybik76","1","3","4"
"trzaskowskikuba","1","3","4"
"TsadSky","3","1","4"
"tsahnoun","2","2","4"
"Tseridonihi","2","2","4"
"Tseriesbad","2","2","4"
"Tshangela_uj","2","2","4"
"Tshegofatso_NM","2","2","4"
"tsingh93","3","1","4"
"Tsp1995","2","2","4"
"TSUITACHI01","2","2","4"
"Tsuki-1603","1","3","4"
"tsyxuc","1","3","4"
"tTestamenTt","3","1","4"
"tuanchi","2","2","4"
"tufan1371","2","2","4"
"Tuguldur_07271","1","3","4"
"TuksWitschess","2","2","4"
"tuluhans","3","1","4"
"Tumbuliana","1","3","4"
"Tumelolouis","2","2","4"
"TumeloNdlonyane","2","2","4"
"Tumirnix","2","2","4"
"TUNAHAN_POLU","2","2","4"
"tunahanziyaa","2","2","4"
"tundemomodu","1","3","4"
"tungoljosh29","1","3","4"
"Tunweya","1","3","4"
"tuny2030","3","1","4"
"TupaKvalityShahmatis","2","2","4"
"Tupinambur","1","3","4"
"tupoy_degenerat","2","2","4"
"Turbo0007","3","1","4"
"turbog","2","2","4"
"TURBOGERMAN","3","1","4"
"turbosnail9","2","2","4"
"TurboVirgin","2","2","4"
"turk321","3","1","4"
"Turkey_Bob_Johnson","3","1","4"
"Turkin_d","2","2","4"
"Turkishdelght","2","2","4"
"turkmenchess","2","2","4"
"TurtleAndy","3","1","4"
"turtleboi2002","1","3","4"
"tus99","2","2","4"
"tushaaar06","2","2","4"
"tushar_vasani","2","2","4"
"tushar26","2","2","4"
"tusihusi","2","2","4"
"Tuszini","2","2","4"
"TUVAHSHEENY_RVIMALAN","1","3","4"
"TvoiSempai","3","1","4"
"twigusa","2","2","4"
"twillems","2","2","4"
"twipper","1","3","4"
"Twlights","2","2","4"
"twochesss","2","2","4"
"txetrorrim","1","3","4"
"Tyberzann","2","2","4"
"Tyeko94","1","3","4"
"tyhardie","1","3","4"
"TYHmonkey8","2","2","4"
"Tyler69420bd2_uno-da","2","2","4"
"tyleredw","1","3","4"
"tyncho001","2","2","4"
"tyomasko","3","1","4"
"typicalmohit","2","2","4"
"TyrinAlexey","3","1","4"
"Tzedakah","2","2","4"
"Tzig","1","3","4"
"Tzoyest","2","2","4"
"U2040361","2","2","4"
"uamOwen","2","2","4"
"uarrieta","1","3","4"
"ubas","3","1","4"
"ubaydullo_393","2","2","4"
"ubiica_0001","2","2","4"
"ubran","2","2","4"
"UchaSP","1","3","4"
"Uchiha97","2","2","4"
"ucze_sie","2","2","4"
"Udarova_An","1","3","4"
"udaydhawan2001","2","2","4"
"Udaypocalypse","2","2","4"
"udhayaplayer","2","2","4"
"uekszin","2","2","4"
"uezepue","2","2","4"
"UF6","1","3","4"
"ufjay","2","2","4"
"ufkungulumser","3","1","4"
"ufpnjh","1","3","4"
"Ugaranadabada","1","3","4"
"UglyBamboo","2","2","4"
"UGUG","1","3","4"
"ugurustun","2","2","4"
"Ukolll","2","2","4"
"Ula-16","2","2","4"
"ulanbai","1","3","4"
"Ulfa","2","2","4"
"Ulitkakiller228","1","3","4"
"ulpianomayoral","2","2","4"
"Ultimate_Hero","1","3","4"
"ultimatenub","2","2","4"
"Ultra_abobuS","2","2","4"
"ultramullet","2","2","4"
"UltronLegend","2","2","4"
"Ulugbek585","2","2","4"
"ulusoymustafa","2","2","4"
"UlyanovaYana","2","2","4"
"Umarov06","1","3","4"
"umarov123","1","3","4"
"UmenyaVseNorm","1","3","4"
"Umidjan21","2","2","4"
"Umn1y","2","2","4"
"Umut_Dilsizz","3","1","4"
"umut165","3","1","4"
"umy15298","2","2","4"
"Un-Random","2","2","4"
"un1qu3sad","2","2","4"
"unbelieverfaith","2","2","4"
"uncleTomm","2","2","4"
"undergrounddog","1","3","4"
"Undertaker58","2","2","4"
"uneven","1","3","4"
"UnicornF3","3","1","4"
"UniqueChess0712","2","2","4"
"Unknownx04","2","2","4"
"unnatigupta","1","3","4"
"unpessant","1","3","4"
"unpredictable_me","2","2","4"
"uosslim","1","3","4"
"ups2201","2","2","4"
"upssssssssss","2","2","4"
"UR982T","2","2","4"
"urahara_kisuke","2","2","4"
"uranosl","2","2","4"
"uranyumziya","2","2","4"
"urasekizce","2","2","4"
"urek12","2","2","4"
"urjah","2","2","4"
"Usain301","3","1","4"
"usama_man","2","2","4"
"UsamaBabarDar","3","1","4"
"usclaw","2","2","4"
"UsedUsername","2","2","4"
"userman9090","3","1","4"
"Usernameunknown","1","3","4"
"useruser123","2","2","4"
"Ushiii","2","2","4"
"USM_Ulisses","2","2","4"
"usopjo","1","3","4"
"USTAD777","3","1","4"
"uteboia","2","2","4"
"Utergy","2","2","4"
"Utkarshinchess","2","2","4"
"utku33","2","2","4"
"utrechtstudent","2","2","4"
"UVSer","2","2","4"
"UWHailey0528","3","1","4"
"Uwin2","2","2","4"
"uwubaid","2","2","4"
"uzaydakafam","2","2","4"
"Uzbek-Warrior_19","3","1","4"
"Uzeyircvm","3","1","4"
"uzs66s","1","3","4"
"v_calc","1","3","4"
"v1ctm1","3","1","4"
"V3n0M1cBEAST","2","2","4"
"v4l15h","2","2","4"
"vaazik","3","1","4"
"vabs29","1","3","4"
"Vache0696","3","1","4"
"vadde","3","1","4"
"Vaderabraham","1","3","4"
"Vadim_N","2","2","4"
"Vadim071","2","2","4"
"Vadim43","3","1","4"
"VadimDar","3","1","4"
"vadimf","2","2","4"
"VadimirK","1","3","4"
"Vadimm-2011","2","2","4"
"vadimor1","2","2","4"
"vadka45","2","2","4"
"Vaf_Uray","2","2","4"
"VagaBondsPraY4u","2","2","4"
"vage07","2","2","4"
"VaggelisMakris","1","3","4"
"vagiz74","3","1","4"
"Vagnerfranco","2","2","4"
"Vahims","2","2","4"
"Vahmurca3","3","1","4"
"Vaibhav_033","1","3","4"
"vaistar","2","2","4"
"Vajumama","2","2","4"
"ValdesV","2","2","4"
"Valdoza","3","1","4"
"valenales","3","1","4"
"valenciadelsil","2","2","4"
"Valentin79","2","2","4"
"valentin93","1","3","4"
"valentina1307","2","2","4"
"Valentincom","1","3","4"
"Valentine_T","3","1","4"
"Valera_Ast","1","3","4"
"valeriitarasov","3","1","4"
"Valerio89","2","2","4"
"valeriusballa","2","2","4"
"Vales2627","2","2","4"
"Valhanma","2","2","4"
"Vali1992","2","2","4"
"ValiantFighter","1","3","4"
"valita2023","2","2","4"
"Vallegrandino","2","2","4"
"ValterBraga","2","2","4"
"ValZholobov","1","3","4"
"vameanu","2","2","4"
"vaminyen","3","1","4"
"vamos_bien","1","3","4"
"VamsiTeja","1","3","4"
"Vanciu","3","1","4"
"Vandrefalken22","3","1","4"
"Vangog87","1","3","4"
"Vanhelson","1","3","4"
"VanillaMacchiato1","2","2","4"
"Vankhanh2013","1","3","4"
"vankusss","2","2","4"
"VANOK","2","2","4"
"Vansh_Bajpai","3","1","4"
"VanshIISERM","3","1","4"
"Vant11","2","2","4"
"Vanya-91","3","1","4"
"vanya1267","2","2","4"
"Vardhan312","3","1","4"
"Varganist","3","1","4"
"Vargas_Fox5","2","2","4"
"vargasreyes77","1","3","4"
"varunsatheesh00","2","2","4"
"VarvaraTihonova","2","2","4"
"vasf982","3","1","4"
"VashishtSai","2","2","4"
"Vasilek_2011","3","1","4"
"vasiliy00","1","3","4"
"vasiliychaev","2","2","4"
"Vassago1","2","2","4"
"Vasu_Bajpai","1","3","4"
"Vasyokk","1","3","4"
"vatato","1","3","4"
"Vault77dweller","2","2","4"
"VavaafterJourney","2","2","4"
"Vazdagazda","2","2","4"
"vazdan","1","3","4"
"vbizon","2","2","4"
"VCheque","1","3","4"
"vdatsuk","3","1","4"
"vedangk29","1","3","4"
"VedantRane","1","3","4"
"vedatlol","2","2","4"
"Veddbe","2","2","4"
"veet1","1","3","4"
"vefort","2","2","4"
"Vegeran","3","1","4"
"velani","1","3","4"
"Veleamater","2","2","4"
"VelemajstorD","3","1","4"
"velihast","2","2","4"
"veljara4","2","2","4"
"velukumar","3","1","4"
"Vendoksin","1","3","4"
"venki26","2","2","4"
"Venn321","3","1","4"
"verdurinae","2","2","4"
"versellersky","2","2","4"
"very_serious_player","2","2","4"
"verywindy","2","2","4"
"vespuccian","2","2","4"
"Veter04ek","2","2","4"
"veterok4","2","2","4"
"veterse","2","2","4"
"veyscn","2","2","4"
"vezir70","2","2","4"
"VGcamp","1","3","4"
"vibabattista","2","2","4"
"vicente_minana-VM","3","1","4"
"Vicky789s","2","2","4"
"vickyPT","2","2","4"
"Victor0926","1","3","4"
"victor9373","2","2","4"
"victorabel123465","1","3","4"
"VictorAhona","2","2","4"
"VictorBel","1","3","4"
"victorhugo_b","1","3","4"
"VictoriousPawn","2","2","4"
"victorMarceloG","2","2","4"
"victormion","2","2","4"
"VICTORY1027","2","2","4"
"Vicurojas1984","2","2","4"
"videsh18","2","2","4"
"VietNom","1","3","4"
"vignu","2","2","4"
"Vihaansomani10","2","2","4"
"VikaLeshchuk","1","3","4"
"Vikash_7","2","2","4"
"vikram_krish","2","2","4"
"Vikram1990","2","2","4"
"ViktorGrishin","2","2","4"
"ViktorijaRoze","2","2","4"
"vilanor","2","2","4"
"villavs1","3","1","4"
"Vilronal","2","2","4"
"vilyaring","3","1","4"
"Vimal_raj","3","1","4"
"vinayadari","2","2","4"
"Vincent20000","2","2","4"
"vincenzo80","1","3","4"
"Vincinio","2","2","4"
"vinertkvert","1","3","4"
"vingary_sabana","2","2","4"
"vinhhocIT","2","2","4"
"Vini_Arthur","1","3","4"
"vinn280801","2","2","4"
"VinniD","3","1","4"
"vinnyfast","2","2","4"
"Vinskeet","2","2","4"
"vinvix","1","3","4"
"Vinze10","2","2","4"
"vinzovic","1","3","4"
"violethappens1992","2","2","4"
"VipAmirreza","3","1","4"
"vipblin","3","1","4"
"vipsravs787","2","2","4"
"VipulGhodake","1","3","4"
"Viraj_Loladia","2","2","4"
"viraras1983","1","3","4"
"Viren67","3","1","4"
"virtuomax","2","2","4"
"virtuoso77","2","2","4"
"VIRUS-666","2","2","4"
"Viruscat9","1","3","4"
"Virvisan","2","2","4"
"vishagan2010","3","1","4"
"Vishal2712","2","2","4"
"vishan1","2","2","4"
"vishnupillai93","3","1","4"
"VishnuVarthan143","3","1","4"
"Vishyvasudev","2","2","4"
"vistamaster","2","2","4"
"viswamitra","2","2","4"
"VitalHor84","2","2","4"
"VitaliiKot","1","3","4"
"VitaliyIgnatiev","3","1","4"
"vitor13","2","2","4"
"vitorzin","2","2","4"
"VitoTheMonkey","2","2","4"
"vittia","2","2","4"
"VIU70","2","2","4"
"Vivaan1010","1","3","4"
"vivek_pandit","2","2","4"
"vivek123456789","2","2","4"
"vivekk_89","2","2","4"
"viveksarode","1","3","4"
"ViWaldi","1","3","4"
"vj2496","2","2","4"
"vk13boss","1","3","4"
"Vl_adimir_Egorov","1","3","4"
"Vlad_Al","2","2","4"
"Vlad_Danylevskyi","1","3","4"
"Vlad_Irimie","1","3","4"
"vlad07099","2","2","4"
"vlad111f","2","2","4"
"vlad1k24","3","1","4"
"vlada69","2","2","4"
"vladgut92","2","2","4"
"vladika21","1","3","4"
"Vladim1rLait","2","2","4"
"Vladimir_chaN","2","2","4"
"Vladimir_I_S","2","2","4"
"vladimir_kalinin","2","2","4"
"Vladimir1991111111","1","3","4"
"vladimir7495","2","2","4"
"vladislav_73","3","1","4"
"VladKolch","2","2","4"
"vladomero","2","2","4"
"vladospuh","2","2","4"
"Vladpeta","2","2","4"
"vladrocha13","2","2","4"
"VladyslavLukyanov","2","2","4"
"Vladyunchik","1","3","4"
"vlasenkovital","2","2","4"
"vlkyplky","2","2","4"
"vlsosto","2","2","4"
"vo_yage","2","2","4"
"voidisgod","2","2","4"
"VoidZero52","2","2","4"
"VoinGmobile","1","3","4"
"vokrialpino","2","2","4"
"Voldemort3814","2","2","4"
"VOLDERING","3","1","4"
"Voldi_Chess","2","2","4"
"voligno","1","3","4"
"volishevko","2","2","4"
"Volkiiiiiii","1","3","4"
"Volodya1988","2","2","4"
"vomitorey","2","2","4"
"voodoosoup","2","2","4"
"Vosje-92","3","1","4"
"Votai","2","2","4"
"Vova_2012","1","3","4"
"Vovava","3","1","4"
"Vovchichek","2","2","4"
"Vovulka","2","2","4"
"Voxanis","2","2","4"
"voypati","2","2","4"
"Vqs05","3","1","4"
"VR0","2","2","4"
"vremizov2008","1","3","4"
"Vroshsaw","3","1","4"
"vrvitor","1","3","4"
"vseh_razebu","1","3","4"
"vsevsolo","3","1","4"
"VSivan","2","2","4"
"vthe482","3","1","4"
"Vuceta23","3","1","4"
"Vuelve1","3","1","4"
"vugiakhanhzz","1","3","4"
"vugiman","1","3","4"
"vuk311","1","3","4"
"vulcan1","3","1","4"
"Vuqar1987","2","2","4"
"vuqar999","1","3","4"
"Vurdalakas","2","2","4"
"VV4444vv","1","3","4"
"vvKool","3","1","4"
"vvoix","1","3","4"
"VxxTN","2","2","4"
"vxxx2013","1","3","4"
"Vyacheslav_2012","2","2","4"
"vyacheslav_bulyshev","3","1","4"
"Vyacheslav_Sub","2","2","4"
"Vykk","3","1","4"
"W_90","2","2","4"
"W1uku","3","1","4"
"W22R","2","2","4"
"w7lves","2","2","4"
"wadachiii","2","2","4"
"waeldiab","1","3","4"
"wahid35","1","3","4"
"wahrich","2","2","4"
"wahyu_stg","2","2","4"
"WakaThegreat","1","3","4"
"wakawa","2","2","4"
"Waleed-2050","2","2","4"
"Walera_sh33","2","2","4"
"waliquin2019","3","1","4"
"Walkercrafts1700","1","3","4"
"wallanderjo","3","1","4"
"wallisterg","2","2","4"
"Walonier","2","2","4"
"Walter_Whitman","1","3","4"
"WalterBeech","3","1","4"
"waltermartins200","2","2","4"
"walterohidalgo","2","2","4"
"waltersl","2","2","4"
"Walting","2","2","4"
"Wamalbi","2","2","4"
"Wander1992","2","2","4"
"Waouah","2","2","4"
"Wardt100","1","3","4"
"Warmstone","3","1","4"
"WarScar","2","2","4"
"Warumauchimmer21","1","3","4"
"Waschba3r","1","3","4"
"watchfulowl","2","2","4"
"WatchingtheTV","2","2","4"
"waterbieep","2","2","4"
"WaterBoard","2","2","4"
"WaterDragons","1","3","4"
"Waver1179","2","2","4"
"Waykka","1","3","4"
"Wayna","2","2","4"
"wayra95","1","3","4"
"wazoo42","2","2","4"
"Wb1999","1","3","4"
"wchen21","2","2","4"
"wdkkk","2","2","4"
"weaita","1","3","4"
"weak_chessplayer123","2","2","4"
"WeAreAllBornMad","2","2","4"
"weedyous","2","2","4"
"WeezyBoss","2","2","4"
"wefljfnjlwef","3","1","4"
"Wegeblau","2","2","4"
"Weideman","2","2","4"
"welazurin","2","2","4"
"welllev","2","2","4"
"Weltraumspock","2","2","4"
"Wendake","2","2","4"
"WenDEUS","1","3","4"
"wendin","2","2","4"
"Werlow","3","1","4"
"werywery","2","2","4"
"wesdunphy","3","1","4"
"Wesley0724","3","1","4"
"westfalenpanz","2","2","4"
"westoner420","3","1","4"
"Wetlesen","1","3","4"
"Whain","2","2","4"
"Whasuplagang","1","3","4"
"whateverness","3","1","4"
"whathorse","2","2","4"
"WhatsTheRumpass","2","2","4"
"WhessChiz","2","2","4"
"whip98","2","2","4"
"whippin_da_4n","3","1","4"
"whispeaper","2","2","4"
"Whisperwind","2","2","4"
"Whitebeard17","2","2","4"
"WhiteDevil1","2","2","4"
"whitefang14","2","2","4"
"Who_Took_Oleg","1","3","4"
"Whonyx","2","2","4"
"Wht002","2","2","4"
"Whurling","3","1","4"
"wHYdIDuLOveME12","2","2","4"
"whynationsfail","2","2","4"
"WienerBrit","2","2","4"
"wiesgen","1","3","4"
"wiktorjus","2","2","4"
"WILD_HYPER_BEAST","2","2","4"
"wildcoyote","2","2","4"
"Wildhouse83","2","2","4"
"WildVedat","2","2","4"
"WilfriedBurundi","3","1","4"
"Will40","1","3","4"
"WillGoOne","2","2","4"
"WilliamAlazka","2","2","4"
"WilliamHarvey","1","3","4"
"Williandiego","2","2","4"
"williezandor","2","2","4"
"willlav14","1","3","4"
"WillNtnBla","2","2","4"
"willreyes","2","2","4"
"willthan10","1","3","4"
"willy_23","1","3","4"
"Willy-fantomas","2","2","4"
"Willyamet","2","2","4"
"wilmaghanoy","2","2","4"
"WilMorphy","2","2","4"
"Wilshere","3","1","4"
"Wilshirex","2","2","4"
"wilsonquepfer","1","3","4"
"wimbledonleffe","1","3","4"
"Win225","1","3","4"
"windar0116","1","3","4"
"WiNDim","2","2","4"
"winnetou8585","3","1","4"
"winniequinn","2","2","4"
"winordie1998","2","2","4"
"winsrb332","2","2","4"
"winwin1","2","2","4"
"wistoo","3","1","4"
"Witchcraft84","3","1","4"
"WiteMan","1","3","4"
"Wizard_alejo","2","2","4"
"WizardChess","2","2","4"
"Wizarog","3","1","4"
"wjholter","2","2","4"
"Wojciech_Wilczek","2","2","4"
"wolayat","3","1","4"
"Wolf5558894","3","1","4"
"wolfpack27","3","1","4"
"Wombat2009","2","2","4"
"woooooooooooooooo","2","2","4"
"Worglav","2","2","4"
"worsar","1","3","4"
"Wowa2305","3","1","4"
"wowiesagaycity","2","2","4"
"wpadilla","2","2","4"
"wpisznazwe","1","3","4"
"Wrizvi","3","1","4"
"WRoy1999","2","2","4"
"WSA416student13","2","2","4"
"wsimus","2","2","4"
"WTF_chizcake","2","2","4"
"wtfckyy","2","2","4"
"wtfisthatmove","2","2","4"
"wuffel","2","2","4"
"wulawula","1","3","4"
"Wunderkind12","2","2","4"
"wurziges_brot07","2","2","4"
"wusaq","3","1","4"
"wutMax","2","2","4"
"wwozhowwwwwww","1","3","4"
"www_PlanetaDeti_org","2","2","4"
"wwwwsuyog","3","1","4"
"WyattErpman","2","2","4"
"wydcraze","1","3","4"
"Wyndlead","1","3","4"
"X_genius","2","2","4"
"X-Gen","1","3","4"
"xabi1","1","3","4"
"Xal777","2","2","4"
"Xaliuss","3","1","4"
"Xampa","2","2","4"
"xander0","3","1","4"
"XandySchiefer","2","2","4"
"xanprol","2","2","4"
"xarowest","2","2","4"
"xavialejandro","1","3","4"
"xavicoca","3","1","4"
"Xavitosh","2","2","4"
"Xc4l16r3","2","2","4"
"xcarrolaggi","2","2","4"
"xcasanovas75","2","2","4"
"xcdude24","2","2","4"
"xcho293991","2","2","4"
"XDaniLX","3","1","4"
"XeC2020","2","2","4"
"xElucidatoRx","2","2","4"
"Xenon_Xenon","2","2","4"
"xesc21","3","1","4"
"Xhakman","2","2","4"
"xhevahir1zenuni","2","2","4"
"xiangleiii","2","2","4"
"xibo123","2","2","4"
"xitro_killla","2","2","4"
"xKieranx","1","3","4"
"xLagi","2","2","4"
"XmbeK","3","1","4"
"XnChess","2","2","4"
"XNotMaster","3","1","4"
"xolod2","1","3","4"
"xolod77","2","2","4"
"xooxakas","2","2","4"
"Xori_Pis9","2","2","4"
"xoroho","2","2","4"
"xPunisher","2","2","4"
"xQuorthoNx","1","3","4"
"xramcevich66","3","1","4"
"XScale","2","2","4"
"xTayrelx","2","2","4"
"xteddyd","3","1","4"
"Xtemple01","1","3","4"
"Xuna1988","2","2","4"
"Xundabe","2","2","4"
"xVergissmeinnicht","2","2","4"
"xxela5","2","2","4"
"xxespantalhoxx","2","2","4"
"xxFatiHxx","2","2","4"
"XXGM2700","2","2","4"
"xxx1988","2","2","4"
"XxxARTESExxX","3","1","4"
"xXxDEADSHOTxXx2011","2","2","4"
"xyxcxyxc","2","2","4"
"XYZlifehehe","2","2","4"
"xyzmuji","3","1","4"
"xzls","1","3","4"
"xZoranx","3","1","4"
"Xzranie","1","3","4"
"Y_Fingolfin","2","2","4"
"Y2308K","2","2","4"
"ya_botik6896","2","2","4"
"yacoubdaoud555","2","2","4"
"Yaeeseki","2","2","4"
"yaesr","2","2","4"
"yaga042","2","2","4"
"Yahdul","2","2","4"
"yahhoe","2","2","4"
"yairgilad","1","3","4"
"yakisiklieleman","3","1","4"
"Yakovlev","2","2","4"
"YakovlevMatvei","2","2","4"
"Yakovsmonarh","2","2","4"
"yakshpatel","2","2","4"
"YakushenkoDenis","2","2","4"
"Yakuza89","3","1","4"
"yalcinaga","2","2","4"
"Yalon-30","3","1","4"
"yalova","1","3","4"
"yamdaaa","3","1","4"
"yamircolunche","2","2","4"
"Yan20101906","3","1","4"
"Yan2412","2","2","4"
"Yaneq","1","3","4"
"yankit","2","2","4"
"Yanvr","2","2","4"
"Yaqooob","2","2","4"
"Yar_Gus","2","2","4"
"Yarik2013pro","2","2","4"
"Yarik65","3","1","4"
"Yaroslav_Svoykin15","3","1","4"
"Yaroslav-Shatskov","2","2","4"
"yas123yas","2","2","4"
"yasek0","2","2","4"
"Yaseor","2","2","4"
"yaser1999","2","2","4"
"yaserbts","2","2","4"
"yash_yadav_12212","2","2","4"
"yash09kulkarni","2","2","4"
"Yashap444","1","3","4"
"Yashar-Tamerkhan","2","2","4"
"yashharwani_11","2","2","4"
"Yashjoshi2607","2","2","4"
"yashka07","2","2","4"
"yashlal","3","1","4"
"Yasin-Khangaldi","2","2","4"
"yasins7878","2","2","4"
"yasintabuble","1","3","4"
"Yassin_abdo","1","3","4"
"yassin28","1","3","4"
"yassir_alhasim","2","2","4"
"yatsik01","2","2","4"
"Yatta999","1","3","4"
"yavar61AVA","2","2","4"
"yavuz1453","2","2","4"
"yawho","2","2","4"
"Yayap","3","1","4"
"Yayayaclassnaya","2","2","4"
"yaybjorn","3","1","4"
"yayesor","2","2","4"
"Yeeterofyeets","2","2","4"
"yehbeh","2","2","4"
"Yehia94","2","2","4"
"Yemen-Princess","1","3","4"
"yemreeeee","2","2","4"
"yeshsoft","3","1","4"
"yetzenia34","2","2","4"
"YGMpenguin","2","2","4"
"yhnldg","2","2","4"
"yigido_2044","2","2","4"
"yigith1","2","2","4"
"yildizhayrettin35","2","2","4"
"yiqulishang","2","2","4"
"Yirvana","2","2","4"
"ylisaV","3","1","4"
"YllesCastro","2","2","4"
"YLLIRIAN888","2","2","4"
"ymbx","2","2","4"
"YO_DJO","1","3","4"
"Yo0Hi","2","2","4"
"YoBr01","2","2","4"
"yobra","2","2","4"
"Yoda-Force","3","1","4"
"Yodwan35","1","3","4"
"yoelshiloach","2","2","4"
"yogesh1607","2","2","4"
"yogoeschl","1","3","4"
"yoidong","1","3","4"
"Yolenzo","2","2","4"
"yonathan_argentina","3","1","4"
"Yoren","2","2","4"
"YorgosBal","2","2","4"
"Yorichi_Tkn","2","2","4"
"Yorukoglu","1","3","4"
"YossefRafat","2","2","4"
"Yotta666","3","1","4"
"youhimself","3","1","4"
"younesmaku07","1","3","4"
"Young_bull21","1","3","4"
"Younior","2","2","4"
"YourNewStepDad12","2","2","4"
"Yousef_Ahmad22","2","2","4"
"yousef11919","2","2","4"
"yousefrushdy","2","2","4"
"Yousifjaw","2","2","4"
"Yousseeff_Ali","2","2","4"
"Youssef_44","2","2","4"
"youssef_erriteb","2","2","4"
"YoussefAmir_2005","2","2","4"
"YoussefBat","2","2","4"
"youssefhamoud","2","2","4"
"YouSunkMyBishopship","3","1","4"
"Yoyothewise","1","3","4"
"YrslvGram","3","1","4"
"Ysfnckkk","2","2","4"
"ysftkts","3","1","4"
"ysor","2","2","4"
"Ysraelmos","2","2","4"
"ytnatsnokka","3","1","4"
"yubrajSharma03","2","2","4"
"Yugonna","2","2","4"
"yuhannes","2","2","4"
"YukihiraShotoKuroo","2","2","4"
"Yulia_Herasimchuk","2","2","4"
"yulian_but_j","2","2","4"
"yulilib","3","1","4"
"Yunizuum","2","2","4"
"Yuno_Me","2","2","4"
"yunus09","1","3","4"
"YunusAF","1","3","4"
"yunusemrekutur","2","2","4"
"yunusfrfr","2","2","4"
"YURA8426","2","2","4"
"yurachess20020","2","2","4"
"yuraShir","1","3","4"
"Yurazal","2","2","4"
"Yuri_Simonov","2","2","4"
"yuriy_shimon","3","1","4"
"yuriy76","1","3","4"
"Yusdel77","2","2","4"
"YusfChess","2","2","4"
"Yusov","1","3","4"
"yusufkendirkran","1","3","4"
"yuunusemre1905","2","2","4"
"yuuyuuyuu","2","2","4"
"yuva_10","1","3","4"
"YUVAaL","1","3","4"
"Yuyechka","1","3","4"
"Yv_R","3","1","4"
"yvur135","2","2","4"
"yySalIh","2","2","4"
"Z_2400_WAY","2","2","4"
"z78zena27","2","2","4"
"Zack_Smart_Indonesia","2","2","4"
"ZacMazz","2","2","4"
"zacmckenzie","2","2","4"
"Zaek029","3","1","4"
"Zafar_OtabekoV_UZB","1","3","4"
"Zaferim08","1","3","4"
"Zagaq","2","2","4"
"zagreb","1","3","4"
"Zahar_173","2","2","4"
"Zahar_Potapenko","2","2","4"
"zahersweed","1","3","4"
"ZahraAli","2","2","4"
"zahrabarzegr","2","2","4"
"zaid_aljundi","2","2","4"
"ZaidIYIz","2","2","4"
"ZaidMuh","2","2","4"
"zairkk","2","2","4"
"zaito0630","3","1","4"
"Zaits04","1","3","4"
"zakariakhafa","1","3","4"
"zakkermanby","1","3","4"
"zalimabii","1","3","4"
"Zalotny","1","3","4"
"Zamalek2002","2","2","4"
"Zaothan","2","2","4"
"ZapataSFC","2","2","4"
"zapolish","2","2","4"
"zarab","3","1","4"
"Zarazabas","3","1","4"
"Zarkantos","2","2","4"
"zarrrock","3","1","4"
"zarzu75","2","2","4"
"Zasputin","2","2","4"
"zathara1","2","2","4"
"Zaul_92","1","3","4"
"zaya1980","1","3","4"
"Zbierszczan","2","2","4"
"Zbigas","2","2","4"
"zbrasic","2","2","4"
"zczynski","2","2","4"
"zdrajcanarodu","2","2","4"
"ZE-66","2","2","4"
"zebramonkeylizard","2","2","4"
"ZeCuteAnimeGirl","1","3","4"
"zeedson","1","3","4"
"zeeebra","2","2","4"
"zeenasd","2","2","4"
"zeeYadtRon","2","2","4"
"Zeh333","2","2","4"
"zehntner","2","2","4"
"ZeissContarex","2","2","4"
"zeitgeist_kaal","2","2","4"
"zeiurname","2","2","4"
"zekife","2","2","4"
"zekimgfr","1","3","4"
"Zektor","2","2","4"
"zelezny","2","2","4"
"zelis_2016","2","2","4"
"Zelophan","1","3","4"
"ZELOTE06","2","2","4"
"Zemonubayan","2","2","4"
"zenfaeq","2","2","4"
"ZENIFTY","2","2","4"
"zensea","1","3","4"
"Zephyrvoice","3","1","4"
"zeppelin999","2","2","4"
"zera777","3","1","4"
"Zerkarino","1","3","4"
"zeromir","3","1","4"
"ZertGraf","2","2","4"
"zetafish","1","3","4"
"ZetaJorge","1","3","4"
"ZetoxRaichu","2","2","4"
"ZetsyK","3","1","4"
"zeus_dds","2","2","4"
"Zeuss039","1","3","4"
"ZevokCherezXod","2","2","4"
"Zevt1","2","2","4"
"Zeynalov","1","3","4"
"zeytun9633","2","2","4"
"zeze777","1","3","4"
"zgreds","2","2","4"
"Zhalgur","2","2","4"
"Zhe7570","3","1","4"
"zhen567","2","2","4"
"zhuicyman","3","1","4"
"zhurilov","2","2","4"
"zhyar1391","2","2","4"
"zial","2","2","4"
"Zibanani","2","2","4"
"Zibarowski","1","3","4"
"Zidane98ab","2","2","4"
"zig12","1","3","4"
"ziggurat_ai","2","2","4"
"zilest","2","2","4"
"Zimbra78","2","2","4"
"Zincirli","1","3","4"
"Zinnur33","2","2","4"
"Zioplicantio","2","2","4"
"Zippo22","3","1","4"
"ziraatahazirlaniyoru","2","2","4"
"zirhc24","2","2","4"
"Ziryanov_Viacheslav","2","2","4"
"zisco","1","3","4"
"Zivlaei","1","3","4"
"Ziyadchess209","3","1","4"
"zkhan0","2","2","4"
"zKingScaRix","2","2","4"
"zkoSam","2","2","4"
"zladivanic","1","3","4"
"zlalexxx1","2","2","4"
"zlaouar","2","2","4"
"ZLATER007","2","2","4"
"zlatkez","2","2","4"
"zleisinger","2","2","4"
"zlent","2","2","4"
"zloty_rog","2","2","4"
"zmrzl","3","1","4"
"Znarali","2","2","4"
"znik","2","2","4"
"Znorcink","2","2","4"
"ZODD3","3","1","4"
"zodman1","1","3","4"
"zokarazi","3","1","4"
"zokli","2","2","4"
"zolaaaa","2","2","4"
"Zolesdare","2","2","4"
"zolika18","2","2","4"
"zolotoy_blender","2","2","4"
"ZonaFlight","2","2","4"
"Zoogdier","2","2","4"
"ZoOq_777","2","2","4"
"zor2017","2","2","4"
"Zorlumehmet","2","2","4"
"zorobabel4x4","2","2","4"
"Zorojor","3","1","4"
"zorooyo","3","1","4"
"ZorroLaLeyenda","1","3","4"
"zoyi","2","2","4"
"zprislowmax","2","2","4"
"zrie","3","1","4"
"zroBArja","2","2","4"
"Zsoma","2","2","4"
"zss56","2","2","4"
"zteape","1","3","4"
"Zuazua","2","2","4"
"zufro_yuda","2","2","4"
"zugzwang12345","2","2","4"
"Zuksonik","2","2","4"
"ZukxxxXx","2","2","4"
"zulb","2","2","4"
"zulkifli1011","2","2","4"
"zumarosa","1","3","4"
"zunzara","3","1","4"
"Zurko98","2","2","4"
"Zvonkan","2","2","4"
"zwerg11","2","2","4"
"zxc-228","1","3","4"
"zxcerkomfu2","3","1","4"
"zxero22","2","2","4"
"Zychosen","2","2","4"
"zyllebreyn02","1","3","4"
"zzznopezzz","1","3","4"
"A_ahmet","1","2","3"
"a_car_drum_drum","1","2","3"
"a_fake_monkey","2","1","3"
"a_jakov95","2","1","3"
"a_ntoiner","1","2","3"
"a_raft_of_otters","1","2","3"
"A_Tassin","1","2","3"
"A_TG","2","1","3"
"a_voronin94","2","1","3"
"A-joshua","2","1","3"
"A1974","2","1","3"
"A1994d","1","2","3"
"A1S2A3","1","2","3"
"A2003E","2","1","3"
"A20240865raya","2","1","3"
"A22-11_ABO","2","1","3"
"A233A133A","1","2","3"
"A31-igorek_34","1","2","3"
"A400","1","2","3"
"A4F5T9Y","2","1","3"
"A4scc","2","1","3"
"A52_alwi1","2","1","3"
"A61923120MEDALITH","1","2","3"
"A71121","2","1","3"
"a77med411","1","2","3"
"a7em","1","2","3"
"A7md81","1","2","3"
"A8h3","1","2","3"
"aa0073341","2","1","3"
"aa3857","2","1","3"
"aa507","2","1","3"
"aaa","1","2","3"
"aaabud97","1","2","3"
"aaarad87","2","1","3"
"AABHAS0","1","2","3"
"Aabhas01","2","1","3"
"aadhinandan","1","2","3"
"Aadi1986","1","2","3"
"aadinema","1","2","3"
"aadird","1","2","3"
"aadittya_mehta","2","1","3"
"aagnostic","2","1","3"
"Aahilg","1","2","3"
"AAisultan2013","2","1","3"
"Aakashchess_30","2","1","3"
"aakashsriv13","1","2","3"
"Aakhripasta","2","1","3"
"AAL9Bchess","1","2","3"
"aamangeldiyev","1","2","3"
"AamirChess","1","2","3"
"Aamrtheosophy","2","1","3"
"Aandre64","1","2","3"
"Aanepade","1","2","3"
"AaravNair18","2","1","3"
"Aaron_Whitney","1","2","3"
"Aaron989898989898","2","1","3"
"aaronexpositop","2","1","3"
"AaronHH","2","1","3"
"aasaxena","1","2","3"
"Aashi23","1","2","3"
"aashishreddy","1","2","3"
"Aasif_97","1","2","3"
"aatifchahechouhe","1","2","3"
"Aatmanirbhar","2","1","3"
"Aayansh123","2","1","3"
"AayushProchess","2","1","3"
"Ab1235","2","1","3"
"AbaddoN_X","1","2","3"
"Abaelard77","1","2","3"
"abah_CCN","2","1","3"
"abbaccabb","2","1","3"
"abbas_albaidhawi","1","2","3"
"Abbassidehbi","1","2","3"
"abbess","2","1","3"
"Abbosbek13","1","2","3"
"AbBuzz","1","2","3"
"AbbyTX","2","1","3"
"abbztract","2","1","3"
"Abcde1234x","1","2","3"
"abcderfg","1","2","3"
"Abd_el_wahab","1","2","3"
"abd-alghani96","2","1","3"
"ABD-FUNDZ","1","2","3"
"Abdahlam1979","1","2","3"
"AbdallaAlhomsy","1","2","3"
"Abdallah-Osama","1","2","3"
"abdallah15","1","2","3"
"abdelhakimsalhi","1","2","3"
"Abdelhameed77","1","2","3"
"Abdelrahman_Refai","1","2","3"
"Abdelrhman_222","2","1","3"
"Abdliah80","1","2","3"
"abdlkdrdci","1","2","3"
"AbdMoon","2","1","3"
"Abdo_99","1","2","3"
"Abdo_alidiab","2","1","3"
"AbdoAnubis","2","1","3"
"abdoe4e51","2","1","3"
"abdoHhassan","2","1","3"
"abdollah11kam","2","1","3"
"abdrabuh393","2","1","3"
"Abdul_Al_Hazred","1","2","3"
"Abdul06","2","1","3"
"Abdul77","1","2","3"
"abdula4727","1","2","3"
"Abdulahadx10","1","2","3"
"abdulaziz-albiladi","2","1","3"
"Abdulkhaliq997","1","2","3"
"abdullah19902","2","1","3"
"Abdullah418","2","1","3"
"Abdulrhmanfikre","1","2","3"
"abdushkan","1","2","3"
"AbduvohidUZB","2","1","3"
"AbeGhilnoru","2","1","3"
"Abelito2022","1","2","3"
"abelthedrummer","1","2","3"
"abhayggh","2","1","3"
"abhaytiwari007","1","2","3"
"abhi1819","1","2","3"
"abhi2703","1","2","3"
"Abhi3005","1","2","3"
"Abhi9451","2","1","3"
"abhiiikkk","2","1","3"
"abhijit9051","1","2","3"
"AbHiNaVA_2976","1","2","3"
"Abhiram_03","2","1","3"
"abhishekjha033","1","2","3"
"Abhra2909","1","2","3"
"Abii_tl","2","1","3"
"Abir090","1","2","3"
"abishekraj95","2","1","3"
"AblaiK","1","2","3"
"Ableplanner","1","2","3"
"abnergerardo","1","2","3"
"aboadullah123","2","1","3"
"Aboalbr","2","1","3"
"ABOFAHAD1","2","1","3"
"abofouad5","2","1","3"
"abohamza81976","2","1","3"
"Aboiouan23","2","1","3"
"abombz","2","1","3"
"Abood15","2","1","3"
"aboodhaymour","2","1","3"
"Abooooommee","1","2","3"
"ABOU-TAM24","1","2","3"
"aboyosef-q8","2","1","3"
"Abrahamovich","2","1","3"
"Abraxas777","1","2","3"
"abrrad","1","2","3"
"abru_mai","1","2","3"
"absentje","1","2","3"
"absolutenegr","1","2","3"
"abual3z","2","1","3"
"abuali7","1","2","3"
"abubak7r","1","2","3"
"abuchiwisdom","1","2","3"
"abuhashima15","1","2","3"
"abulafia75","2","1","3"
"AbuYui","1","2","3"
"abyaz_f","1","2","3"
"Abyvo","2","1","3"
"ac14650h","1","2","3"
"acabb","1","2","3"
"Academiafc","2","1","3"
"AcadianClimber","2","1","3"
"acbrasil","1","2","3"
"accghjms","2","1","3"
"Acdescarate","2","1","3"
"Ace-vishi","2","1","3"
"Acelocks","2","1","3"
"ACEMIOYUNCU1234567","1","2","3"
"AceSuperset","1","2","3"
"achekanov","2","1","3"
"Acherme","1","2","3"
"achesis","1","2","3"
"Achila","1","2","3"
"achille24","2","1","3"
"achyas","1","2","3"
"acidchess123","1","2","3"
"Ackzl","2","1","3"
"acng","2","1","3"
"acob4","2","1","3"
"Acrobat31","1","2","3"
"Actello","1","2","3"
"Acweingrad","2","1","3"
"adam_KCI","2","1","3"
"Adam_nawar","1","2","3"
"Adam130322","2","1","3"
"ADAM21DZ","2","1","3"
"adamchst01","2","1","3"
"adamero30","2","1","3"
"AdamovPokrok","1","2","3"
"AdamRBentham","1","2","3"
"adamrego","1","2","3"
"Adamshakim","1","2","3"
"AdamsKleiny","2","1","3"
"Adarsh_Toshniwal","2","1","3"
"Adarshawsome","1","2","3"
"adarze","1","2","3"
"Adboy","2","1","3"
"addharap","1","2","3"
"Addrivat","2","1","3"
"Addu131","1","2","3"
"ade_css","1","2","3"
"Adechess1","2","1","3"
"adel777","1","2","3"
"AdelaQ71","2","1","3"
"Adeptio","2","1","3"
"adh538","2","1","3"
"Adhammousa10","1","2","3"
"ADHD1986","1","2","3"
"adigesercan","2","1","3"
"adil-095","2","1","3"
"Adil7669","1","2","3"
"Adilettynyshtykov","2","1","3"
"adimaon","2","1","3"
"adinathcc","2","1","3"
"Adishasubhash","2","1","3"
"adithyanair","2","1","3"
"Aditi_1223","1","2","3"
"Aditya_Babar","1","2","3"
"Aditya_bansal","1","2","3"
"Aditya_Sarna","1","2","3"
"Aditya_Singh55528","2","1","3"
"Aditya1103","1","2","3"
"aditya120399","1","2","3"
"Aditya4235","1","2","3"
"Aditya608","2","1","3"
"ADITYA64","1","2","3"
"adityabharadwaj02","1","2","3"
"adityasingh2","1","2","3"
"Adityatamrakar","1","2","3"
"ADKAMIL","1","2","3"
"Adnaire","1","2","3"
"AdnanMrkovic","2","1","3"
"adnbayram","2","1","3"
"AdoctorA","1","2","3"
"adogg14","1","2","3"
"Adozie","1","2","3"
"adrian_papadourakis","2","1","3"
"ADRIAN66M","1","2","3"
"adriananas","1","2","3"
"AdrianLong","2","1","3"
"AdrianM11","2","1","3"
"adricube","2","1","3"
"adrienR31","2","1","3"
"AdrinadhSNair","2","1","3"
"Adritorres9","2","1","3"
"AdryanJie25","2","1","3"
"aDs1940_01","2","1","3"
"adt420","1","2","3"
"AdultImprover","2","1","3"
"adurakiller","1","2","3"
"Adurex","1","2","3"
"advenabhishek","2","1","3"
"AdVv","2","1","3"
"adzblackyute","1","2","3"
"aebe","2","1","3"
"aelfyt","2","1","3"
"aert0n","1","2","3"
"aesrdftgzhuij","1","2","3"
"aexl","1","2","3"
"aezakmi420","2","1","3"
"Af08gr","1","2","3"
"af89","2","1","3"
"afcamci","2","1","3"
"aferist4444","2","1","3"
"Afif1997","1","2","3"
"afiqhk","1","2","3"
"AFM7Koks","1","2","3"
"AFO12","2","1","3"
"afonsmasher","1","2","3"
"Aftershock_AI","2","1","3"
"ag4fn","2","1","3"
"againnagainnagain","1","2","3"
"aganatigoglu","1","2","3"
"agastyasemwal","2","1","3"
"agautam2697","2","1","3"
"AGB22","1","2","3"
"agbagbagb","1","2","3"
"agdal","1","2","3"
"AgemennonnN","1","2","3"
"Agent-kf","1","2","3"
"agentdash","1","2","3"
"agesf","1","2","3"
"agfdytfggf","1","2","3"
"aggemac","2","1","3"
"Aggiejedimaster","2","1","3"
"AGGrishin","2","1","3"
"agguilovic","2","1","3"
"Aghaila","2","1","3"
"Aghasi777","2","1","3"
"AghCansu","2","1","3"
"agheistein","2","1","3"
"aghiloca","1","2","3"
"AgnicoEagle","2","1","3"
"AGONIAS","2","1","3"
"agostine","2","1","3"
"AgrendindooXadrez47","1","2","3"
"agreppe","1","2","3"
"aguia14","2","1","3"
"agus2408","1","2","3"
"agustaso222","1","2","3"
"Ah1N1","2","1","3"
"aha94","1","2","3"
"ahakimdemir","2","1","3"
"aharneyguitar","2","1","3"
"ahas8","2","1","3"
"ahbeiso","2","1","3"
"Ahedrez2023","2","1","3"
"Ahiro6","1","2","3"
"Ahmad_Abomokh","1","2","3"
"ahmad_chess_1388","2","1","3"
"Ahmad_Omar_AlNajjar","1","2","3"
"Ahmadfeizi","1","2","3"
"ahmadissa911","1","2","3"
"ahmadmokingjai","1","2","3"
"Ahmd196600","2","1","3"
"Ahmed_100_5","1","2","3"
"Ahmed_Salah7","2","1","3"
"Ahmed0256","1","2","3"
"ahmed1nader1","2","1","3"
"Ahmed24562","1","2","3"
"ahmed75224","2","1","3"
"ahmed7576","2","1","3"
"ahmedabc","1","2","3"
"ahmedalvihu","1","2","3"
"ahmedammarali","1","2","3"
"ahmedassemgmail10","2","1","3"
"AhmedBou_Chess_49","2","1","3"
"Ahmedelbanhay","1","2","3"
"AhmedElkoumi","1","2","3"
"ahmedhendawi69","1","2","3"
"ahmedmmmm","1","2","3"
"ahmednada97","1","2","3"
"AhmedSalhen","2","1","3"
"ahmedshiko123","2","1","3"
"Ahmet_AmA_Tokatliyo","1","2","3"
"Ahmet_bagdat","1","2","3"
"ahmet_ds","2","1","3"
"ahmet789345","2","1","3"
"ahmetaby","2","1","3"
"AhmetCivan","2","1","3"
"ahmethrnss","1","2","3"
"ahmetlutfikaya3","2","1","3"
"aibarrech4","1","2","3"
"Aicatar","1","2","3"
"aidanlol2007","1","2","3"
"Aidys_2012","2","1","3"
"Ailton_P","2","1","3"
"Ailur0phi1e","2","1","3"
"AimingHigh","2","1","3"
"ainur88","2","1","3"
"AinurMarvanov","2","1","3"
"AiresBlack","2","1","3"
"Airstar_17","2","1","3"
"AirtonWroblewski","1","2","3"
"Airtzan","2","1","3"
"airul","1","2","3"
"Aiskandar","1","2","3"
"Aismanne","1","2","3"
"aitoruria","2","1","3"
"aiuola007","2","1","3"
"Aiwendil00","2","1","3"
"AIXELA04","1","2","3"
"AizenSousuke","2","1","3"
"ajaecker","2","1","3"
"ajafov98","1","2","3"
"ajajajaj","1","2","3"
"ajaksalad","1","2","3"
"Ajara48","2","1","3"
"ajaykchahal","1","2","3"
"ajbranni","2","1","3"
"Ajdin95","2","1","3"
"ajedor007","2","1","3"
"AjedrezAnonimosXD","1","2","3"
"ajedrezcucu","2","1","3"
"AjedrezEnOjotas","2","1","3"
"ajedrezturbo","1","2","3"
"ajeer_m","1","2","3"
"Ajeje92","1","2","3"
"ajepau123","1","2","3"
"AJisland","2","1","3"
"Ajju12_15","2","1","3"
"ajmac13","1","2","3"
"ajpro","1","2","3"
"ak_2104","1","2","3"
"AK_sH_aD","1","2","3"
"ak1ra0","1","2","3"
"Aka_Prof-Snape","2","1","3"
"akaAurelio","1","2","3"
"akadem_chess","2","1","3"
"akakaei","1","2","3"
"akaler56","1","2","3"
"akamanah1","1","2","3"
"AkaMata","2","1","3"
"akanabiss","1","2","3"
"akapest","1","2","3"
"akarape","1","2","3"
"akash_at90","1","2","3"
"Akash_katkar","2","1","3"
"akash_n","1","2","3"
"akashi13379229","2","1","3"
"akbasmehmet","1","2","3"
"akblunderkng","1","2","3"
"Akerke11","1","2","3"
"akhil2120","1","2","3"
"AkhilRaj143","2","1","3"
"akhis","1","2","3"
"Akhmed_kara_Nogai","1","2","3"
"Akhter","2","1","3"
"Akib4Rub1nste1n","1","2","3"
"Akilan0208","2","1","3"
"AkilanMukilan","1","2","3"
"Akilansaravanan_123","1","2","3"
"Akionx","1","2","3"
"Akis89","2","1","3"
"akkev","1","2","3"
"Akki2mahirat","2","1","3"
"akndizdar53","2","1","3"
"AKNishvanth14","1","2","3"
"AkoJump","1","2","3"
"AkoposiAynstayn","1","2","3"
"akos1234321","1","2","3"
"Akrnuva","2","1","3"
"akroshka1","1","2","3"
"AkshatDang","2","1","3"
"Akshay_2000","1","2","3"
"AkshayCh5ss","1","2","3"
"akshaylucky","2","1","3"
"Akshaynoob","2","1","3"
"AKT_Anoop_EAIS","1","2","3"
"aktgueki","2","1","3"
"aktop","1","2","3"
"akumaqqqe","1","2","3"
"akZERO1","1","2","3"
"al-mez","1","2","3"
"al-nassr","1","2","3"
"al-Wesir","2","1","3"
"Al3xM","1","2","3"
"Alabamasong","2","1","3"
"aladdinangel","2","1","3"
"aladin_lt","1","2","3"
"aladinos","1","2","3"
"aladrin007","2","1","3"
"Alainjony","1","2","3"
"alainp","2","1","3"
"AlanCF","1","2","3"
"alanford","2","1","3"
"Alanminich","2","1","3"
"alanrives","1","2","3"
"AlantheConqueror","1","2","3"
"ALaputin","1","2","3"
"Alarih-Z","2","1","3"
"albabblitz","1","2","3"
"albankurti","1","2","3"
"albattar500","2","1","3"
"Albbi","2","1","3"
"albedrio323","1","2","3"
"alberatito","1","2","3"
"Albert134","2","1","3"
"Alberto_Leon","1","2","3"
"alberto99","1","2","3"
"albertodamian","1","2","3"
"albertogaddi","1","2","3"
"Albertoortiz84","1","2","3"
"AlbRei","1","2","3"
"alby22","2","1","3"
"Alcachofer","2","1","3"
"Alcarpo","2","1","3"
"Alchemist-mx","2","1","3"
"alchemist4","1","2","3"
"Alciai","1","2","3"
"AlCrane","2","1","3"
"Aldaghari","2","1","3"
"aldic","1","2","3"
"AldoMiguelchess","2","1","3"
"AldoWi","2","1","3"
"AldusD","1","2","3"
"ale47p","1","2","3"
"aleaga","1","2","3"
"alebes","2","1","3"
"alebongo999","2","1","3"
"alecs6596","1","2","3"
"aledelgado_anahuac","1","2","3"
"alef-alef","2","1","3"
"alef1288","1","2","3"
"Alegor82","1","2","3"
"Alejandrao7","1","2","3"
"Alejandro1420","2","1","3"
"Alejandro877","2","1","3"
"AlejandroFernandez98","2","1","3"
"Aleje","1","2","3"
"Alejhandro_0","1","2","3"
"alejo115","1","2","3"
"Alekman12","1","2","3"
"alekos7","1","2","3"
"Aleks11111111111","2","1","3"
"AleksaB40","2","1","3"
"Aleksandr1988kan","1","2","3"
"Aleksandr2412","2","1","3"
"Aleksandr805","1","2","3"
"Aleksandy1","1","2","3"
"Aleksei03","1","2","3"
"Aleksey_1024","2","1","3"
"Aleksey20","1","2","3"
"AlekseyDanchin","2","1","3"
"Aleksfossan","2","1","3"
"AleksinMisha2012","1","2","3"
"AleksMX","2","1","3"
"AleksNik","2","1","3"
"Alekvar","1","2","3"
"Alelaloca","1","2","3"
"ALEMANcubano","1","2","3"
"AlemaoAlves","1","2","3"
"Alena_26","2","1","3"
"alenerim","2","1","3"
"Alenkineaas7","2","1","3"
"ales46","2","1","3"
"aleshka1990","1","2","3"
"Aless1903","1","2","3"
"Alessandro_Pasinetti","1","2","3"
"AlessandroDelPiero15","1","2","3"
"aleto2006","2","1","3"
"alex__matv","2","1","3"
"Alex_Clr","1","2","3"
"alex_from_russia","2","1","3"
"alex_hh","1","2","3"
"alex_jw","1","2","3"
"alex_nn","2","1","3"
"Alex_Se","2","1","3"
"alex_sochi","1","2","3"
"alex-4","1","2","3"
"ALEX-PONCE_1984","2","1","3"
"Alex2211222","1","2","3"
"alex2954","1","2","3"
"Alex806321","1","2","3"
"AlexAlekhine0","2","1","3"
"Alexander_Capablanca","1","2","3"
"Alexander4Barragan","2","1","3"
"Alexander799","2","1","3"
"Alexandercamcap","2","1","3"
"AlexanderForYou","2","1","3"
"Alexanderger","2","1","3"
"Alexanderkillz","2","1","3"
"AlexanderKing8","2","1","3"
"AlexanderTimofeyev","2","1","3"
"AlexanderTyrell","1","2","3"
"Alexandr_Koval228","2","1","3"
"Alexandr-20_23","1","2","3"
"alexandra2121","1","2","3"
"Alexandrarchery","1","2","3"
"AlexandraTyulkina","2","1","3"
"alexandre4fix","1","2","3"
"Alexandre99999","2","1","3"
"alexandretrindade","2","1","3"
"alexandria17","1","2","3"
"Alexandrovitchkiller","2","1","3"
"AlexandruGrigoras","2","1","3"
"alexb4sah","1","2","3"
"Alexchess16082001","1","2","3"
"Alexei_t_85","2","1","3"
"AlexeiVronskiy","2","1","3"
"Alexek2011","2","1","3"
"Alexey1111","2","1","3"
"Alexey1313","2","1","3"
"AlexeyMulgunov","1","2","3"
"AlexeyTrofimov","2","1","3"
"AlexK87","1","2","3"
"Alexkohn76","2","1","3"
"alexlamagra","1","2","3"
"alexlitvin","1","2","3"
"alexluzhin","2","1","3"
"AlexMercy","1","2","3"
"AlexMG77","2","1","3"
"alexndrv","1","2","3"
"Alexpzh","2","1","3"
"Alexregis","1","2","3"
"alexsfog","1","2","3"
"alexsio","1","2","3"
"alexstar55","1","2","3"
"alexstwt27h","2","1","3"
"Alexvoorhees","1","2","3"
"ALEXWITO","2","1","3"
"Aleymi2010","2","1","3"
"Alf1505","2","1","3"
"Alfa300400","2","1","3"
"alfalfasd","2","1","3"
"Alfanla","1","2","3"
"alfarisi_RCK","2","1","3"
"Alfemann","1","2","3"
"Alferrr","2","1","3"
"alfffonsss","2","1","3"
"Alfildave","1","2","3"
"Alfonsoaj","1","2","3"
"alfonsohamal","1","2","3"
"Alfredimweber","2","1","3"
"AlfredTheGreat01","1","2","3"
"Alg_LEX","2","1","3"
"ALG1978","1","2","3"
"Alghazali93","2","1","3"
"alghothy","2","1","3"
"Algis11","2","1","3"
"Ali_1989","2","1","3"
"Ali_albargi3344","2","1","3"
"Ali_elk93","2","1","3"
"ali_usefi55","1","2","3"
"Ali-Abdul","2","1","3"
"Ali0cha","1","2","3"
"ali1970gh","1","2","3"
"ali317","1","2","3"
"ali535","1","2","3"
"Alia1107","1","2","3"
"Aliba83_chess","2","1","3"
"alich100","1","2","3"
"Alico7558","1","2","3"
"Alideniz50","1","2","3"
"Alien186","2","1","3"
"Aliev777","1","2","3"
"aligaber1","1","2","3"
"ALIGMIM","2","1","3"
"AliHanKan","2","1","3"
"alihendy","1","2","3"
"Alihp1378","1","2","3"
"Alihuseyn93","1","2","3"
"aliihsan_sngl","1","2","3"
"AliIsChessing","1","2","3"
"alijoghataee","1","2","3"
"Alikhanum","2","1","3"
"Alikko","1","2","3"
"Alikordbache","2","1","3"
"Alikueth","1","2","3"
"alimb03","2","1","3"
"Alimd77","1","2","3"
"alimk382Tb","2","1","3"
"Alines12","1","2","3"
"aliNgeab","2","1","3"
"Alinooralinoor","2","1","3"
"aliozbek","1","2","3"
"alipiri74","1","2","3"
"Alireza3322","2","1","3"
"Alireza561313","1","2","3"
"alirezadp10","1","2","3"
"alisa987","2","1","3"
"Alisher_maydan2008","1","2","3"
"alisimple","2","1","3"
"Alister1","1","2","3"
"Alitahir_youtube1452","2","1","3"
"aliteymur","2","1","3"
"AliTomeh","1","2","3"
"alituran76","1","2","3"
"Aliwillwon","2","1","3"
"AliXazi","2","1","3"
"aliyanarifz","1","2","3"
"aljce","2","1","3"
"Alk_ch","2","1","3"
"alkauthsar","1","2","3"
"Allanibanez77","1","2","3"
"Allawhussein","2","1","3"
"alliebahbah","2","1","3"
"ALLIGA_TOR","1","2","3"
"AllInADaysWork","1","2","3"
"alllame","2","1","3"
"Allleks","2","1","3"
"Allllex007","2","1","3"
"allmail","1","2","3"
"AllMight1303","2","1","3"
"allmoss6","2","1","3"
"alloutofname","1","2","3"
"ally919","1","2","3"
"almalii1975","2","1","3"
"AlMuerdo","1","2","3"
"AlMukhtaar","1","2","3"
"AlnitakOri","1","2","3"
"Alog0","2","1","3"
"Alokbhoi19","2","1","3"
"alonewolftr42","1","2","3"
"Alooking13","1","2","3"
"alotropico","1","2","3"
"Alp003","1","2","3"
"Alp1eren","1","2","3"
"alperngldal","2","1","3"
"Alperoni03","1","2","3"
"AlPess","2","1","3"
"Alpha_77721","2","1","3"
"ALPHA_TRACKER","1","2","3"
"Alpha081","1","2","3"
"Alpha11111","1","2","3"
"alphacentaurie88","2","1","3"
"AlphaSquare10","1","2","3"
"alpkadakal34","2","1","3"
"Alquimista_AR","2","1","3"
"alrowan","1","2","3"
"alsharifyarob","2","1","3"
"altell01","1","2","3"
"Altered_Joke","1","2","3"
"AlterEgo23","2","1","3"
"Alternativa","2","1","3"
"altyn1962altyn","2","1","3"
"alu196","1","2","3"
"AlVakarian","2","1","3"
"Alvinz_thy","2","1","3"
"alvvv_04","2","1","3"
"AlwaysBeTheWinner","1","2","3"
"Alwego","1","2","3"
"alwinov","1","2","3"
"alyaman09","2","1","3"
"Alybaba050","1","2","3"
"Alym7mdE4E5","1","2","3"
"alyssum","2","1","3"
"Alzoori96","1","2","3"
"am0002","1","2","3"
"Amaey_23","1","2","3"
"Amansharma7","2","1","3"
"amarsarkar9","2","1","3"
"amaryasse","2","1","3"
"Amateur53","1","2","3"
"AmateurPL","1","2","3"
"amazingmoves86","1","2","3"
"amazingneo","1","2","3"
"amazingyondaime","2","1","3"
"ambiori1507","1","2","3"
"amedlifmmagnus","2","1","3"
"AmeiliktoXtapodi","1","2","3"
"Amemepiaceanutella","2","1","3"
"amerm63","1","2","3"
"AMGDM","2","1","3"
"Amgupta","1","2","3"
"amheretokickass","2","1","3"
"AmikFox","2","1","3"
"amilixa","2","1","3"
"amin_es","2","1","3"
"Amin667788","2","1","3"
"Amina_53","1","2","3"
"aminul999","1","2","3"
"Amir_122012","1","2","3"
"Amir11001","1","2","3"
"amir19842368","2","1","3"
"Amir2021S","1","2","3"
"amirali0010","1","2","3"
"amirbab87","1","2","3"
"AmirHamja10","2","1","3"
"Amirhan_8181","1","2","3"
"amirhoseinarvan1","2","1","3"
"amirhosseinghasemi","1","2","3"
"Amirkhanovalikhan","2","1","3"
"Amirshirin1359","1","2","3"
"Amirvas","2","1","3"
"amit14312","1","2","3"
"Amkss","1","2","3"
"amlievo","2","1","3"
"Ammar_Elshafey","1","2","3"
"Ammarsahsita","1","2","3"
"Ammarsr","2","1","3"
"AmmarYasser1","1","2","3"
"amolwagle","1","2","3"
"amossky","2","1","3"
"amourfati","2","1","3"
"ampsonic","2","1","3"
"amr_hantera2000","2","1","3"
"amramingad","2","1","3"
"amritupadhyay7901","1","2","3"
"Amroshark","1","2","3"
"AmrRefaat2007","1","2","3"
"AmrWa","2","1","3"
"amuraura","1","2","3"
"AMZUNIGA","2","1","3"
"an_dy6294","1","2","3"
"an_ti","2","1","3"
"An01her","2","1","3"
"an0osh","1","2","3"
"An314Love","1","2","3"
"ana_maria","2","1","3"
"AnaBawang","2","1","3"
"anagha24","2","1","3"
"anamaria000","2","1","3"
"Anan4","2","1","3"
"anand_64","1","2","3"
"AnandanTP","1","2","3"
"Ananth144","2","1","3"
"ananth22290","1","2","3"
"Anappleaday","2","1","3"
"Anarchy0","2","1","3"
"AnaRhisT12","1","2","3"
"anas-lachat-9A","2","1","3"
"Anas00913","1","2","3"
"Anas1471","2","1","3"
"anasfathi","2","1","3"
"Anaslgs","1","2","3"
"Anass6-h","2","1","3"
"AnasShadab","2","1","3"
"anasshamim","2","1","3"
"Anassubeki7368","2","1","3"
"Anastasiya2022","1","2","3"
"AnastasiyaAnastasiya","2","1","3"
"Anatol_yr","1","2","3"
"Anatol76","1","2","3"
"Anatolij1234","2","1","3"
"AnatolijSokolov","2","1","3"
"anbego","1","2","3"
"And_maestro","1","2","3"
"Andalev","2","1","3"
"andayergen","2","1","3"
"andelfox","1","2","3"
"Ander11","2","1","3"
"AndersenW","2","1","3"
"AndersonSantosSt0","1","2","3"
"andersonvsf","1","2","3"
"AnderstheDiplomat","2","1","3"
"Andiws","2","1","3"
"Andre_Ccusi_295","1","2","3"
"Andre19gg","1","2","3"
"Andre2023","1","2","3"
"Andreas-F","1","2","3"
"Andreas503659","1","2","3"
"Andreasblues","1","2","3"
"andreasroko","1","2","3"
"andreevdenis1989","2","1","3"
"andrei_fun","1","2","3"
"andrei_nolasco","1","2","3"
"Andrei_Rum","2","1","3"
"Andreibn","2","1","3"
"AndreiDerjavin","2","1","3"
"Andreifrostnn","1","2","3"
"Andreiprigib","1","2","3"
"andreitcvetkov","1","2","3"
"AndreiViflyantsev","2","1","3"
"AndreiVsemir","2","1","3"
"AndrejTop","1","2","3"
"andresaftari","2","1","3"
"AndresLeon","1","2","3"
"Andrew_Dudnikov","1","2","3"
"andrew_is_v_tired","1","2","3"
"andrew_like_chess","1","2","3"
"andrew-vinicios","2","1","3"
"Andrew1123","2","1","3"
"AndrewCap13","2","1","3"
"AndrewGrant","2","1","3"
"andrewgray","2","1","3"
"andrewparkUS","2","1","3"
"andrewpty80","1","2","3"
"AndrewZHU","2","1","3"
"andrey_telegin","1","2","3"
"Andreyev","2","1","3"
"AndreyFurdyga","1","2","3"
"andreykisin","2","1","3"
"AndreyMurashko","1","2","3"
"AndreyShel","1","2","3"
"andrez_oro","2","1","3"
"ANDriI14","1","2","3"
"Andrii610","2","1","3"
"Andrija2015","2","1","3"
"Androdir","2","1","3"
"Androgynous_Rat","1","2","3"
"andronaft","2","1","3"
"andropov2094","1","2","3"
"andruv","1","2","3"
"AnDu_Hafer","2","1","3"
"Andy_C","2","1","3"
"Andy_woo","2","1","3"
"andyboyamen","2","1","3"
"Andynurser","2","1","3"
"ANDYTIME80","1","2","3"
"andzh1","2","1","3"
"Ane_J","1","2","3"
"Anfaenger_0815","1","2","3"
"Ang8417","1","2","3"
"Angel_salinas","2","1","3"
"angel296","2","1","3"
"angelchb","1","2","3"
"Angelkiller_20","1","2","3"
"Angelroman21","1","2","3"
"Angels99","2","1","3"
"Angelvtec","1","2","3"
"AngerJC","2","1","3"
"angrypenguin","2","1","3"
"anhminh0401","2","1","3"
"anialler","1","2","3"
"anichess97","1","2","3"
"Aniket_Guleria","1","2","3"
"aniket123467464242","2","1","3"
"Anikspahiu1","2","1","3"
"anilburakerdem","2","1","3"
"AnimeGamerGirl","2","1","3"
"animuponi","1","2","3"
"Animux","2","1","3"
"Anis_Benfifi","2","1","3"
"anjinho007","2","1","3"
"AnkaPolski","2","1","3"
"ankbs1997","2","1","3"
"Ankh-en-Aton","2","1","3"
"ankitjallan","1","2","3"
"AnkitSamantaray","2","1","3"
"anku12","2","1","3"
"AnkurMeshram","1","2","3"
"AnnabethCassielMC","2","1","3"
"Annalyst","1","2","3"
"ANNGY_AWESOMENESS","2","1","3"
"annoyingwizard","1","2","3"
"AnnuarJesus","2","1","3"
"anodynos","1","2","3"
"AnolMk","1","2","3"
"anonim_player","2","1","3"
"Anonymous2727","1","2","3"
"Anos_001","1","2","3"
"Anouarbak","1","2","3"
"ansakhadeo","1","2","3"
"Anshika08","1","2","3"
"AnshumanKhanna","1","2","3"
"ANt417","2","1","3"
"ANT984","1","2","3"
"Antananarivy1229","1","2","3"
"Antares50","2","1","3"
"AnteGotovina95","2","1","3"
"antetekumpo","1","2","3"
"anth019XD","2","1","3"
"anthailen","1","2","3"
"ANTHONY_17_08","2","1","3"
"Anti31","1","2","3"
"anti6464","1","2","3"
"Antic","1","2","3"
"Antken88","1","2","3"
"AntoineSadowski","2","1","3"
"anton_wijaya","2","1","3"
"Antonelo","1","2","3"
"antonfin","1","2","3"
"Antoniiobaez9","1","2","3"
"antonio1406","1","2","3"
"AntonioBird","2","1","3"
"antoniobo62","2","1","3"
"antoniobrrz","2","1","3"
"antoniofchess43","1","2","3"
"AntonioRaimondo","1","2","3"
"antoniospg","1","2","3"
"AntonioVsehPorvet","2","1","3"
"antonis_kon","1","2","3"
"AntonyTwilight","2","1","3"
"Antoo9991","2","1","3"
"ANTSA2023","2","1","3"
"AnttiV","1","2","3"
"AntuBanyu","2","1","3"
"anubi120","2","1","3"
"anubis-8","1","2","3"
"Anubodh","1","2","3"
"Anuj26","1","2","3"
"anuj7867","1","2","3"
"Anulu_tuslu","2","1","3"
"Anumohod25","1","2","3"
"anuprathyush","1","2","3"
"anuragalpha","2","1","3"
"anuragster","2","1","3"
"AnviF","1","2","3"
"anzatoyun","1","2","3"
"anzore_jw","2","1","3"
"aorgun","1","2","3"
"apadovani11","2","1","3"
"Aparnakapse","2","1","3"
"Apatschi","2","1","3"
"apdoadelchess","1","2","3"
"apef","1","2","3"
"Apeiron-0","1","2","3"
"APIEKSHA","2","1","3"
"aplinxy9plin","2","1","3"
"Apodiopompaiostragos","2","1","3"
"apofis","2","1","3"
"apogio","1","2","3"
"Apollon_007","1","2","3"
"apollonasleventis","1","2","3"
"apomerenk","2","1","3"
"appenzell","2","1","3"
"applrq","2","1","3"
"Apricot1","1","2","3"
"apteswapnil","2","1","3"
"ApWbD14","1","2","3"
"apyuje","1","2","3"
"aqua_os","2","1","3"
"Aqua-io","1","2","3"
"AquaOP","1","2","3"
"Aquia10","1","2","3"
"aquihui","1","2","3"
"AqwerfNet","1","2","3"
"ar-jam","1","2","3"
"Ar2111ina","1","2","3"
"Ara_Diloyan","1","2","3"
"arafbr","1","2","3"
"Arakula","2","1","3"
"aralditt","2","1","3"
"Aravind4ever","1","2","3"
"arbitraryname2","1","2","3"
"Arbu86","1","2","3"
"Archangel_GabrieI","1","2","3"
"ArcheinPrattein","1","2","3"
"Archelaus7","1","2","3"
"ArchIblis","2","1","3"
"Architector1985","1","2","3"
"Archy-London","1","2","3"
"Arcycyc","1","2","3"
"arda1050","2","1","3"
"ardafeaeless","2","1","3"
"Ardahoneyed","2","1","3"
"ardakadir312","1","2","3"
"ardakadir55","1","2","3"
"ardameric","2","1","3"
"Ardayuksel","1","2","3"
"ardent001","1","2","3"
"arebee24","1","2","3"
"arek2003","2","1","3"
"Arencho7","2","1","3"
"Arens01","1","2","3"
"AresGambitt","2","1","3"
"Aresx","2","1","3"
"aRger","1","2","3"
"arghagod1234","2","1","3"
"ArghyaLearns","1","2","3"
"Argishtius","2","1","3"
"argoa","2","1","3"
"argonaute","2","1","3"
"Aria187","1","2","3"
"ariaj74","2","1","3"
"AriaK1997","2","1","3"
"Ariana_2007","1","2","3"
"AribChess","1","2","3"
"ariel_the_lion","2","1","3"
"Ariel13","1","2","3"
"arieleo","1","2","3"
"arielkrei","2","1","3"
"arielmenendez","1","2","3"
"AriesteeEbillo","2","1","3"
"arigosaki","1","2","3"
"ARIGTOSHKA2011-03","1","2","3"
"ArihantJain_2004","2","1","3"
"arindaanthony","1","2","3"
"Arinze0","1","2","3"
"aristeuneto","2","1","3"
"Aristokratius","2","1","3"
"aritryapal3456","1","2","3"
"arjan_795","2","1","3"
"ArjanPeters","2","1","3"
"ArjayPhoenician","2","1","3"
"arjoncito51","1","2","3"
"Arjun_77","1","2","3"
"Arjunrathod09","2","1","3"
"ArkaaII","2","1","3"
"Arkan_88","2","1","3"
"Arkange1","1","2","3"
"arkeolog_kenan","1","2","3"
"Arkhip228","2","1","3"
"Arl6996","2","1","3"
"Arm_Oz","1","2","3"
"ArmanChelsea","2","1","3"
"ArmanZarei","1","2","3"
"Armatasate","2","1","3"
"armcore","2","1","3"
"armenon","1","2","3"
"Armfights","2","1","3"
"Armin3sot","2","1","3"
"armitam","1","2","3"
"Armjan","2","1","3"
"Armrestler","2","1","3"
"armtoda","2","1","3"
"Armuscarsus","1","2","3"
"armutbaba","1","2","3"
"ArnarGylfi","2","1","3"
"ArneBautToulouse","1","2","3"
"ArnOld1429","2","1","3"
"arnold74","1","2","3"
"Aroj44","1","2","3"
"Aromel","1","2","3"
"Aron_Cabalza","1","2","3"
"aronflores08","2","1","3"
"Aronia13","1","2","3"
"Arpit170695","2","1","3"
"Arqueronte","1","2","3"
"Arrasveld","1","2","3"
"ARRIKITOWN","1","2","3"
"Arro97","1","2","3"
"Arrow_Chess","2","1","3"
"Arrrrr_Maity_22","2","1","3"
"Ars1ano","2","1","3"
"arsangungor","2","1","3"
"Arsen_Nadyrov","1","2","3"
"Arsenchik_oaoaoa_mmm","1","2","3"
"arsencho12","1","2","3"
"ArseneVazal","1","2","3"
"arsenijovc","2","1","3"
"ArsenIYY_0-0","2","1","3"
"Arshyn11","1","2","3"
"ArsVyazemsky","2","1","3"
"ArsZhanysh","1","2","3"
"art21tuncay","1","2","3"
"Artak12041970","2","1","3"
"ArtAnt2009","1","2","3"
"Artefactor","1","2","3"
"Artem_Frolov704","1","2","3"
"Artem_Tkachev1","1","2","3"
"Artem22bo7","2","1","3"
"artemdevatov","1","2","3"
"artemiiprokhorov","1","2","3"
"artemiyjohnson9971","1","2","3"
"Artemka1234","2","1","3"
"artemkokhas","1","2","3"
"ArtemN15","1","2","3"
"ArtemVL","2","1","3"
"ArtemZoloto","1","2","3"
"ArtfulElephant","2","1","3"
"Arthovisk666","2","1","3"
"arthur1974","2","1","3"
"Arthurcma","2","1","3"
"ArthurDT","1","2","3"
"arthurhakhverdyan","2","1","3"
"ArthurVerona","2","1","3"
"Artichoke96","1","2","3"
"artin_schreier","2","1","3"
"Artjom_85","1","2","3"
"Artmn09","2","1","3"
"ARTO-DE-TO","2","1","3"
"Artoch","2","1","3"
"ArtsyVRC","1","2","3"
"Artur_garru","1","2","3"
"Artur_Sharapov","1","2","3"
"ArturFrimu","1","2","3"
"arturo0926","1","2","3"
"Artxd","1","2","3"
"ArtyChh","1","2","3"
"artyomsholom","2","1","3"
"Aruba12","2","1","3"
"arunjoseph05","2","1","3"
"ArunKarayad","1","2","3"
"arunkumar789","1","2","3"
"ARWYC","1","2","3"
"AryaGorhe","1","2","3"
"aryakhosari","2","1","3"
"aryan_dixit","1","2","3"
"aryan_ghelani-king","1","2","3"
"Aryan_Ukidave","1","2","3"
"aryan2301","1","2","3"
"Aryanvikta","2","1","3"
"AryehP12","1","2","3"
"as_mandal","2","1","3"
"ASababaMoshe","2","1","3"
"asabel","1","2","3"
"Asad10","1","2","3"
"asadtanvir","1","2","3"
"Asafkaraso","1","2","3"
"asafrom40","2","1","3"
"AsakuraR","1","2","3"
"Asavar","1","2","3"
"asb22","2","1","3"
"Asc55","2","1","3"
"Ascagne18","1","2","3"
"asd_zxc","1","2","3"
"asd1521","2","1","3"
"asd2030","1","2","3"
"Asd2812","1","2","3"
"ASDI1992","2","1","3"
"asdqwezcx","2","1","3"
"Asdullah_hussein","2","1","3"
"ASEPSLOTMCS","2","1","3"
"asesinodeleyendas","1","2","3"
"Aset027","2","1","3"
"asevi","1","2","3"
"asfasti","2","1","3"
"Asgarayaz","2","1","3"
"asgharisadra","1","2","3"
"Ashatskov","1","2","3"
"AsherC-hces","2","1","3"
"ashhu59","1","2","3"
"ashisharora","1","2","3"
"ashoklp","1","2","3"
"ashraf000","1","2","3"
"Ashrafelrayes_0","1","2","3"
"Ashu2021","1","2","3"
"ashubond","2","1","3"
"Ashutosh_kunjir05","2","1","3"
"ASI008","1","2","3"
"asi106","1","2","3"
"asidorenko","1","2","3"
"AsifRahman","2","1","3"
"ask00","2","1","3"
"askan1231","2","1","3"
"askin28","2","1","3"
"Aslan0526","1","2","3"
"aslansutu","2","1","3"
"AsMit_xD","2","1","3"
"asmv","2","1","3"
"aspaklarmert","1","2","3"
"aspidistra7","2","1","3"
"Asranar28","2","1","3"
"AsrorToshev80","2","1","3"
"Assa4i","1","2","3"
"assad_khadra","2","1","3"
"ASSET2021","1","2","3"
"Asskard","2","1","3"
"assuncaoo","1","2","3"
"Assurbanipal26","2","1","3"
"astagh","1","2","3"
"astanin2281337","2","1","3"
"asterioineto","1","2","3"
"Asterixxxl777","1","2","3"
"Astramariy","1","2","3"
"Astrofotos","1","2","3"
"Aswanovsky","2","1","3"
"aszecowka","1","2","3"
"at_least_you_tried","1","2","3"
"AT1412","1","2","3"
"Ataberk1881","1","2","3"
"Atacamax","1","2","3"
"atadeth","2","1","3"
"AtaIsHere","1","2","3"
"atakyuz","2","1","3"
"ataladityasharma","2","1","3"
"Atalip101","2","1","3"
"Atalixian","1","2","3"
"atanudeb7","2","1","3"
"Ataria-Daniel-2002","1","2","3"
"AteM0011","1","2","3"
"Atena78","1","2","3"
"ateoluz","1","2","3"
"AtharvaGurjar","2","1","3"
"atharvaywalimbe","2","1","3"
"atharvtps7","1","2","3"
"AthenaChess","1","2","3"
"Athul_Joshua_Paul","1","2","3"
"Atila256","1","2","3"
"AtlasAttack","2","1","3"
"atlasovalik2010","2","1","3"
"atomic1312","2","1","3"
"Atrejubilbo","1","2","3"
"atreyu007","2","1","3"
"ATS111","1","2","3"
"ATsargiaiRJ","2","1","3"
"AtseMinilk","1","2","3"
"Attacking_master9801","2","1","3"
"atthecostofoneslife","2","1","3"
"AtTheToilet","1","2","3"
"ATTILA_85-10rus","1","2","3"
"Attila022","1","2","3"
"attmaw","2","1","3"
"attumalu","1","2","3"
"atty1112","2","1","3"
"ATurcky","1","2","3"
"ATXMGA007","2","1","3"
"AudQ","2","1","3"
"Aufis","1","2","3"
"Auger_Pi","1","2","3"
"augustbj","2","1","3"
"Aulendiil","2","1","3"
"aurnik","1","2","3"
"auroraray","2","1","3"
"Ausarisbetter","2","1","3"
"auseti","2","1","3"
"Ausrufepunkt","1","2","3"
"AustinIsAGamer","2","1","3"
"AustinMate","1","2","3"
"AustinPowersevich","1","2","3"
"Autumney35","1","2","3"
"AutumnMorning19","2","1","3"
"av-avagyan","2","1","3"
"avakar","2","1","3"
"Avatar00XZ","1","2","3"
"Avaz13","1","2","3"
"AvazUz","1","2","3"
"AveedaKedavra","1","2","3"
"avenger2015","1","2","3"
"averio","2","1","3"
"avgeek","1","2","3"
"Aviator2000","1","2","3"
"Aviatordude96","2","1","3"
"AviChesss","2","1","3"
"aviekakkar","2","1","3"
"AvikGo","2","1","3"
"avinteuil","1","2","3"
"aviral14","1","2","3"
"avivhab","2","1","3"
"AVL12","2","1","3"
"avni0175","1","2","3"
"avodlom","1","2","3"
"avtf","1","2","3"
"awassayahmed","2","1","3"
"aweers","1","2","3"
"awesomeruslan","1","2","3"
"awscx","2","1","3"
"awz77","2","1","3"
"AxelAficionado","2","1","3"
"AxelThruster","1","2","3"
"axitr","2","1","3"
"axmed_dag","1","2","3"
"axuburak7","2","1","3"
"AXUMAC","2","1","3"
"ayaanraazi_DPS","2","1","3"
"ayakhilas","2","1","3"
"Ayam12","1","2","3"
"Ayan2004Pro","1","2","3"
"AyarszEnerji","1","2","3"
"Ayaz256","2","1","3"
"Ayazasgarov","2","1","3"
"AYC1","1","2","3"
"aydinnn046","1","2","3"
"aye174","2","1","3"
"ayeengh","1","2","3"
"ayhangm","2","1","3"
"aylisa","2","1","3"
"aylore","2","1","3"
"ayman7amza","1","2","3"
"Aymanacio","2","1","3"
"AymanBL345","2","1","3"
"aymanzeki","2","1","3"
"aymen111","1","2","3"
"aymenbah","1","2","3"
"AyoubSpirit","1","2","3"
"aysberg21","2","1","3"
"Aytug","1","2","3"
"Ayushgaikwad9","1","2","3"
"ayushpriya10","1","2","3"
"aywert","1","2","3"
"Azacelgg","1","2","3"
"Azbergh","2","1","3"
"azelev","1","2","3"
"azerelcin87","1","2","3"
"Azha_Chess","2","1","3"
"azhar0105","2","1","3"
"AzimGuluzada","2","1","3"
"azimir58","2","1","3"
"Azimut01","2","1","3"
"Azizbishob","2","1","3"
"aziztahan","2","1","3"
"Azkaal","1","2","3"
"azofio","1","2","3"
"AZOOZ_1994","2","1","3"
"azovolimp2017","2","1","3"
"Azrel_JAcob","2","1","3"
"AZTGraveYT","1","2","3"
"AZTOR05","2","1","3"
"azucarero","1","2","3"
"azucarnegra","2","1","3"
"Azzaya05","1","2","3"
"azzeccacavalli","2","1","3"
"B_Dmitriy_E","2","1","3"
"B_sti","2","1","3"
"B-e-six","1","2","3"
"B-M-Mehdi","2","1","3"
"b-white-shop","2","1","3"
"b032220062","1","2","3"
"B0kB0k","2","1","3"
"b0wtz","2","1","3"
"b1297","1","2","3"
"B1TTER1","1","2","3"
"B1underfly","2","1","3"
"B3T4-B3L","1","2","3"
"B72977942Diego","1","2","3"
"Baabi13","2","1","3"
"baak_chess","2","1","3"
"baardbu","1","2","3"
"Babababbby","1","2","3"
"babahileolm","2","1","3"
"babakondi","1","2","3"
"babel_esp","1","2","3"
"babi05000","1","2","3"
"Baboloki","1","2","3"
"Babosbill","2","1","3"
"Baboulino","2","1","3"
"Babueh","2","1","3"
"babybobbyy","1","2","3"
"babyfox12","1","2","3"
"BABYHERMANN","2","1","3"
"BABYMONSTER0","2","1","3"
"Bacillusss","1","2","3"
"back2work","1","2","3"
"Backetdadada","1","2","3"
"Backm","1","2","3"
"bacon1047","2","1","3"
"badabum2","1","2","3"
"Baddas","1","2","3"
"BadiGGH","2","1","3"
"BadLuck00","2","1","3"
"BADNETWORK","1","2","3"
"badran51","1","2","3"
"Badrul929","2","1","3"
"Baerysh","2","1","3"
"Baffouilleur","2","1","3"
"BagelRanger","2","1","3"
"BagnusBalsen","2","1","3"
"Bagr13","2","1","3"
"baguettebread22","1","2","3"
"Bahaddin_01","1","2","3"
"Bahadir_ws","1","2","3"
"baidaa","2","1","3"
"Baiduspark","2","1","3"
"baigergi","1","2","3"
"bailon","1","2","3"
"Baimyrza_Kalmyrzayev","2","1","3"
"baiox","2","1","3"
"Bairlenov","1","2","3"
"Bajalal","1","2","3"
"bak91","2","1","3"
"Bakanovski","2","1","3"
"bakas911","2","1","3"
"BaKhia","1","2","3"
"BakhmutHasFallen","2","1","3"
"bakhromov23","2","1","3"
"Baki_Asil","1","2","3"
"Baki2019","2","1","3"
"bakiliii","1","2","3"
"BakiniKoljaci","1","2","3"
"BaksoMercon","1","2","3"
"Bala-Rina","2","1","3"
"BalajiBazz","1","2","3"
"balakrishnancvk","2","1","3"
"balance108","1","2","3"
"balapete","2","1","3"
"balcibahdir","2","1","3"
"BaldBishop","2","1","3"
"baldgreg","1","2","3"
"baldonlukegarnet","2","1","3"
"baliatjohnandrei","2","1","3"
"BallDM","1","2","3"
"ballefrans69","1","2","3"
"BalloonSale","1","2","3"
"baloon333","1","2","3"
"Balt_Aniu","1","2","3"
"BalticPuritan","1","2","3"
"bam92","2","1","3"
"bambarylaxd","2","1","3"
"Bambolbe","2","1","3"
"Bamsebu","2","1","3"
"Ban97","2","1","3"
"banalytic","1","2","3"
"Bananarama3","2","1","3"
"Bananator69","1","2","3"
"bananzayt","2","1","3"
"bandong12","1","2","3"
"Baneleh","2","1","3"
"banes1968","1","2","3"
"BanjoIndian","2","1","3"
"bankerimpp","1","2","3"
"banman0","2","1","3"
"banschick","2","1","3"
"BanuChessMaster","1","2","3"
"Banzeiro","2","1","3"
"banzzo","2","1","3"
"Bao_Tran","2","1","3"
"Baobad0","1","2","3"
"baolam7A2","1","2","3"
"Bapzz23","1","2","3"
"baquita13","1","2","3"
"Baqytjan_Manabayev","2","1","3"
"Baraa7","1","2","3"
"Barakosky","2","1","3"
"baralek","1","2","3"
"baran-ertas-3b","1","2","3"
"BaranEnes12345","1","2","3"
"Baranov_1","1","2","3"
"Barapzt","1","2","3"
"barBaris_ka","1","2","3"
"barbuduMorin","2","1","3"
"Bardakovic","1","2","3"
"BardiaF","2","1","3"
"Bardya051","1","2","3"
"barerist","2","1","3"
"Baris1989","1","2","3"
"barismertbilgin","1","2","3"
"barispercn","2","1","3"
"baristar","2","1","3"
"BarkBarker","2","1","3"
"Barko30exe","2","1","3"
"BarksdaleN","1","2","3"
"Barmankutta","1","2","3"
"BaronSarin","2","1","3"
"BarraDoSupi","1","2","3"
"barratsani","1","2","3"
"Barretts_Gambiteer","2","1","3"
"Barrle","1","2","3"
"barrovsky","1","2","3"
"Barrow95","2","1","3"
"Barry_flash","2","1","3"
"Barry_LM","2","1","3"
"barry169","1","2","3"
"Bars_19","1","2","3"
"barsbobr","2","1","3"
"bartolitosj","2","1","3"
"BartoshSaveli","1","2","3"
"BarucAlvarez","2","1","3"
"basartaskin","2","1","3"
"Baschclv","2","1","3"
"baselalfaraj1","1","2","3"
"baselh7","1","2","3"
"basement87","1","2","3"
"basesix","2","1","3"
"BasilDea","1","2","3"
"basilisk12","2","1","3"
"baskin123","2","1","3"
"baskrik","2","1","3"
"basriyilmzz","2","1","3"
"Bassman_GR","1","2","3"
"Bastian2807","2","1","3"
"BastianBastian","1","2","3"
"Batibot01","2","1","3"
"Batinca1","2","1","3"
"Batlimos","2","1","3"
"BatMan-0305","1","2","3"
"batmanbegins","1","2","3"
"batonv","2","1","3"
"battah","1","2","3"
"Battosai_vietkieu","1","2","3"
"batu07ty","1","2","3"
"Batubabaaa","1","2","3"
"batuhanyaman34","1","2","3"
"Batyshev_Nurdin","1","2","3"
"Baudelaire456","1","2","3"
"Bauernfressa","2","1","3"
"Baukek","2","1","3"
"baustellenschild","1","2","3"
"Bautista598","2","1","3"
"bautistabrodaric","2","1","3"
"bauz12","2","1","3"
"Baverick615","1","2","3"
"Bavlypola","1","2","3"
"bawercin","2","1","3"
"baxtonbarton","2","1","3"
"Bayram1957","1","2","3"
"BayronE","2","1","3"
"baytu7","2","1","3"
"BazDrinkingKvas","1","2","3"
"BaZooooo","1","2","3"
"bazzone","1","2","3"
"bb242_be","2","1","3"
"bbalbbox","1","2","3"
"bbayaskhalanovv2010","2","1","3"
"bbbbaaaabbbb","1","2","3"
"bbgunz","2","1","3"
"bbirne","1","2","3"
"bburakkocak","2","1","3"
"bbustin","2","1","3"
"bbwho","2","1","3"
"bd141","1","2","3"
"BDJ_Alex","2","1","3"
"BDWatson","1","2","3"
"bearish77","1","2","3"
"BeastGodNate","1","2","3"
"BeastMode_OFF","1","2","3"
"Beater05","1","2","3"
"beautiful_solitude","1","2","3"
"BebeBlob","2","1","3"
"beberski","2","1","3"
"bebetin","2","1","3"
"bebeto61","1","2","3"
"bebopbutunsteady","2","1","3"
"beboprocksteady","2","1","3"
"bebrikpro","2","1","3"
"Becel4ak","2","1","3"
"beckhamchik","1","2","3"
"Bedinadze","1","2","3"
"Bedirhan18","2","1","3"
"bedirhangok","1","2","3"
"BeDolLaGa","2","1","3"
"beefkake5","1","2","3"
"begezavr","1","2","3"
"behdadrajabnejad1391","2","1","3"
"beheamoth","2","1","3"
"behzadnikzad","1","2","3"
"Beifong_GG","1","2","3"
"bekass","1","2","3"
"bekshanov_Yaroslav","1","2","3"
"beksi98","2","1","3"
"Bekzhan1","1","2","3"
"bela-csi","1","2","3"
"BelarionLP","1","2","3"
"BelaSting","1","2","3"
"BelenCisterna","2","1","3"
"Beletko","2","1","3"
"Belikto75754545","2","1","3"
"bell_al3","2","1","3"
"belosnezka-krasnaiya","1","2","3"
"BelotteEtRebelotte","2","1","3"
"BELTHAZOR","1","2","3"
"belugaaa","2","1","3"
"Benamuki","2","1","3"
"BenCap07","2","1","3"
"BenchD","1","2","3"
"BenduEducation","1","2","3"
"BenDuffmen","1","2","3"
"bendvm","1","2","3"
"Benedicto25","2","1","3"
"benedictusk","2","1","3"
"Benedikt1709","1","2","3"
"Benjafloxz","2","1","3"
"BenjaminWilliard","2","1","3"
"Benji_Jr","1","2","3"
"Benji_min","2","1","3"
"benjo002","2","1","3"
"BenjoBanana","1","2","3"
"BENlS","1","2","3"
"Benmelech","1","2","3"
"BenMic81","1","2","3"
"Bennedict123","2","1","3"
"BennyBladder","1","2","3"
"bennydictionary","2","1","3"
"BenSchachverein","1","2","3"
"bentheassasin","2","1","3"
"BenThomas2000","1","2","3"
"bentoper","2","1","3"
"Benzemoer","2","1","3"
"benzpower","2","1","3"
"beprotis","1","2","3"
"BerardKassis","1","2","3"
"beratoz","2","1","3"
"BerdwarsGod","1","2","3"
"bereza1977","2","1","3"
"Bergitonz","1","2","3"
"berkaybalkan","1","2","3"
"berkeediz","1","2","3"
"BerkeEnes","2","1","3"
"BerkMoon42","2","1","3"
"berkowi","2","1","3"
"bernardoe","1","2","3"
"berndite","2","1","3"
"BerniStinson","2","1","3"
"berrato","1","2","3"
"Bertfeys","2","1","3"
"bertoni77","2","1","3"
"bertug876","1","2","3"
"BERVANGER","1","2","3"
"BeskrovnyiIgor","1","2","3"
"Besnik_Pz","1","2","3"
"BesnikAjdari22","1","2","3"
"BestGigaChad","1","2","3"
"bestknightriderS","1","2","3"
"besunil","2","1","3"
"bet009","1","2","3"
"beta74","1","2","3"
"Betelgeuse_SPG","2","1","3"
"bethharmonseinvater","1","2","3"
"Beto27","2","1","3"
"BetterCallDarthMual","1","2","3"
"BetterThanFisher","1","2","3"
"BetterThanThanosRook","2","1","3"
"Beullaegping-Keu","2","1","3"
"beyz_9","1","2","3"
"beyzanuur12","2","1","3"
"BEZ_Z_Z","1","2","3"
"BeziNezi","1","2","3"
"bfrank82","1","2","3"
"bfresh1","2","1","3"
"Bgecosse","1","2","3"
"BGMMarcus","1","2","3"
"Bgreaney","1","2","3"
"BGrems","1","2","3"
"bgs7","1","2","3"
"Bhagwandutt","2","1","3"
"bhagyaanshgoel","1","2","3"
"Bhajjuu","2","1","3"
"bhancer","1","2","3"
"bhanu_knight_devil","1","2","3"
"Bharathkings","1","2","3"
"bhargav-1236589","2","1","3"
"Bhattacharjee2010","2","1","3"
"bhavyashinde","2","1","3"
"Bhavyesh777","1","2","3"
"BhigDardi","2","1","3"
"bholuakku","2","1","3"
"bhoomica","1","2","3"
"bianca1230","1","2","3"
"Bianieee11","2","1","3"
"Bibooo117","2","1","3"
"Bicho21","1","2","3"
"BiciBici3","1","2","3"
"bick_j","2","1","3"
"bidyutdas86","1","2","3"
"Biedronka2018","1","2","3"
"bielovais","1","2","3"
"biermaster","1","2","3"
"Bigbabba","2","1","3"
"bigbadberke","2","1","3"
"Bigbang2005","1","2","3"
"BigBassman1","1","2","3"
"BIGBEAR1382","2","1","3"
"BigBlackChode35","1","2","3"
"bigboomboom","2","1","3"
"BigBrainMia","1","2","3"
"bigbrother1984","1","2","3"
"BigChuy","1","2","3"
"bigdaddybanjo","1","2","3"
"BigDadWolff","2","1","3"
"bigdanlee","1","2","3"
"bigdreamyguy","1","2","3"
"bigdrew680","2","1","3"
"BIGGESTMAGNUSFAN","1","2","3"
"bigguy100","1","2","3"
"Bigjuergo","2","1","3"
"bigking_burak","2","1","3"
"BigKitara","2","1","3"
"BIGKRIT","1","2","3"
"BigLittle_Chris","2","1","3"
"BigM8302","2","1","3"
"bigpluto555","2","1","3"
"bigroo333","2","1","3"
"BigStack","1","2","3"
"BigtimeJay","2","1","3"
"bigtom1","2","1","3"
"bigzincc","2","1","3"
"bikeisac","1","2","3"
"bilalbgt","1","2","3"
"Bilall07","1","2","3"
"BilalYalcin1987","2","1","3"
"billjones","2","1","3"
"Billy_KOKS","2","1","3"
"BillyBones1","1","2","3"
"billyj8000","1","2","3"
"BillySummers1","2","1","3"
"Billywhizz","2","1","3"
"Bilya97","1","2","3"
"Bindhu_Madhavan","1","2","3"
"BingoBongo987","2","1","3"
"bintanganker","1","2","3"
"bionic1234","1","2","3"
"birdirbir","1","2","3"
"birds_arent_real","1","2","3"
"birkirbjornsson","1","2","3"
"bishoori","1","2","3"
"Bishop_Slayer69","1","2","3"
"bishop0203","1","2","3"
"bishop4bt","2","1","3"
"BishopIgnatz","1","2","3"
"bishoppawn23","2","1","3"
"BishopTiraphatna","1","2","3"
"Bisphenol","2","1","3"
"Bispo50","2","1","3"
"BispoD3","1","2","3"
"BISTOKDSGNR","1","2","3"
"Bitirgen","2","1","3"
"bitondivit4","1","2","3"
"bivash_k","2","1","3"
"Bixee321","2","1","3"
"bizcochoAluca","2","1","3"
"bizzybox","2","1","3"
"bjergsen15455","1","2","3"
"bjk_1","1","2","3"
"bjorne97","2","1","3"
"BK_eng","2","1","3"
"bk12","2","1","3"
"BK24","1","2","3"
"Bl4cKn1ght","2","1","3"
"bla_bla-bla","1","2","3"
"Blaargo","2","1","3"
"Black_Bishop_01","1","2","3"
"Black_OPG","2","1","3"
"Black_resigns","2","1","3"
"Black-R0seEmm","1","2","3"
"blackbishop47","2","1","3"
"blackboysandy","2","1","3"
"BlackCurtain","1","2","3"
"blackdevil1","2","1","3"
"blackeagle85","1","2","3"
"BlackEagles7","1","2","3"
"blackened1810","2","1","3"
"BlackExcellence313","1","2","3"
"blackfyre_7","1","2","3"
"BlackGen","2","1","3"
"blackghost1989","2","1","3"
"blackhorse2","2","1","3"
"blackjack4","2","1","3"
"Blackknightss","1","2","3"
"Blacklist_No1","2","1","3"
"Blacknight186","2","1","3"
"blacknighty","2","1","3"
"BlackPearl05","1","2","3"
"Blackshock","2","1","3"
"BlacksmithKC","1","2","3"
"BladeTheNab","2","1","3"
"blaira89","2","1","3"
"blaj","1","2","3"
"Blake_Olson","2","1","3"
"BlakeHabib","2","1","3"
"Blamandag","1","2","3"
"blancaneu","1","2","3"
"blancpain_sf","1","2","3"
"blasfisken2","2","1","3"
"Blastoff123","1","2","3"
"BlauBarschBube89","1","2","3"
"Blazerion","2","1","3"
"BLCTD","2","1","3"
"BleaK_AF","1","2","3"
"Blessed_Beginning","1","2","3"
"blessedman939","2","1","3"
"BlessingMaz","1","2","3"
"Blezzor","2","1","3"
"BLG221","1","2","3"
"Blimeyf1","1","2","3"
"blind_I_am","1","2","3"
"blindbishop21","1","2","3"
"blinoV","2","1","3"
"blitzbliss","1","2","3"
"blitzcrank16","1","2","3"
"Blitzhai27","2","1","3"
"blitzomania","1","2","3"
"Blitzzie","2","1","3"
"blizzard-lizzard","2","1","3"
"blnf","2","1","3"
"blockerist","1","2","3"
"Blomman005","1","2","3"
"bloocoat23","1","2","3"
"blooder123","1","2","3"
"bloomintheroom","2","1","3"
"blubx","1","2","3"
"blucky24","1","2","3"
"Blue_Cloud33","1","2","3"
"blue_strat","2","1","3"
"Blue-Nile","2","1","3"
"Blue4Four","2","1","3"
"blueAden","1","2","3"
"blueblack42","2","1","3"
"bluefx","2","1","3"
"BlueHeat","2","1","3"
"BlueSpottedFrog","2","1","3"
"Blunder_Master_AV","2","1","3"
"blunder13371337","2","1","3"
"blunderingfooll","2","1","3"
"blunderlikeGdid","1","2","3"
"BlunderMaster01","1","2","3"
"blurryfacEeeeeee","2","1","3"
"Blutsauger4","1","2","3"
"BLVCK_STONE","1","2","3"
"BM_mafnus","2","1","3"
"bma_adv","2","1","3"
"bmejiaQ","2","1","3"
"bmirhasani","2","1","3"
"bmon0","2","1","3"
"BMSGROUP","1","2","3"
"BMShadman12","2","1","3"
"Bn4ever","2","1","3"
"bnam0154","1","2","3"
"bnevespsilva","1","2","3"
"bnv2001","1","2","3"
"Boardjj","1","2","3"
"Bob-warrior","1","2","3"
"Bob1230905E","1","2","3"
"Bob1508","2","1","3"
"Bob20021","2","1","3"
"boban22","2","1","3"
"Bobbert_3501","1","2","3"
"bobbiemin","2","1","3"
"Bobby_Pischer","2","1","3"
"Bobbyfichero","1","2","3"
"bobbyfischer0488","1","2","3"
"bobdjeldjli32","2","1","3"
"Bobi_Misher","2","1","3"
"bobibu","2","1","3"
"Bobkhaa","2","1","3"
"boboboiiiiii","2","1","3"
"BobRossOnMeth","1","2","3"
"boby142","2","1","3"
"bobyOsck","2","1","3"
"bocah_ingusan","1","2","3"
"bodda2670","2","1","3"
"Bode_Borg","2","1","3"
"Bode35","1","2","3"
"Bodenau00","2","1","3"
"Body-B","2","1","3"
"boerski","1","2","3"
"Boesch","2","1","3"
"BoeseMieze","1","2","3"
"BofRain","2","1","3"
"Bogdan_Manea","2","1","3"
"BOGDAN09042012","2","1","3"
"Bogdanov6","1","2","3"
"boghilove","1","2","3"
"bogun123","2","1","3"
"boguslda","2","1","3"
"bohdasik","1","2","3"
"boine134568","1","2","3"
"bolancatino","2","1","3"
"Bolat_Manarbek","2","1","3"
"bolataybars","2","1","3"
"bole459","2","1","3"
"bolehmasuk","2","1","3"
"Bolguel","1","2","3"
"bolshoi_tupitsa","2","1","3"
"bolti17","1","2","3"
"bonafrect","2","1","3"
"bonali","1","2","3"
"bonanno","1","2","3"
"boneku","1","2","3"
"bongbadal","2","1","3"
"bongcloud-only-uwu","1","2","3"
"bongcloud111","1","2","3"
"bongcloud2700","1","2","3"
"Bongskystratzy","2","1","3"
"bongswabe14","1","2","3"
"Bonsaibubi","2","1","3"
"Bonvdom","1","2","3"
"BONY_93","1","2","3"
"Bonzo27","2","1","3"
"boodihesh90","2","1","3"
"boofajurr","2","1","3"
"boofoxyt","1","2","3"
"Boolean007","1","2","3"
"Boolka","1","2","3"
"Boon888","1","2","3"
"BOOPAN","2","1","3"
"Boosted20","2","1","3"
"boothy88","2","1","3"
"Booza19","1","2","3"
"boradj-1","1","2","3"
"borakego","2","1","3"
"boranakajesus","1","2","3"
"Bordelico","1","2","3"
"BoredTrevor","1","2","3"
"BorekMar","2","1","3"
"borgov44","1","2","3"
"borikos","2","1","3"
"Boris_Bystryakov","1","2","3"
"borissiva","1","2","3"
"Bortek123","1","2","3"
"Bory108","1","2","3"
"Boryslav10","2","1","3"
"BosanacuLionu","1","2","3"
"Boskop","2","1","3"
"bosnianthundaa","2","1","3"
"BossCoder","1","2","3"
"Bossnov","1","2","3"
"BOSSSPORTS","1","2","3"
"bosu1","1","2","3"
"Botvinik62","2","1","3"
"bowbored","1","2","3"
"BoWik","1","2","3"
"BoWins","2","1","3"
"box_of_nails","2","1","3"
"Boxberg","1","2","3"
"boxiest_train","2","1","3"
"Boxwood-n-Ebony","2","1","3"
"boy_1969","1","2","3"
"Boyorouch","1","2","3"
"Bozkurt_Talha","1","2","3"
"bozo232323","2","1","3"
"Bp6214","1","2","3"
"BPL_Staff_Chess","1","2","3"
"bpr15_pl","1","2","3"
"bpro777","2","1","3"
"BPSS","2","1","3"
"Bqu","1","2","3"
"Brachi","2","1","3"
"Bradford123","1","2","3"
"bradw97","1","2","3"
"brafos","1","2","3"
"brahim-004","1","2","3"
"BrainGuy","1","2","3"
"Brainysoul","1","2","3"
"Brakovic","1","2","3"
"brandamchess","1","2","3"
"Brandishing_Marbles","1","2","3"
"Brann27","1","2","3"
"Brauliosilva","2","1","3"
"bravemate","1","2","3"
"bravoz","2","1","3"
"BrawlStarsLeon","2","1","3"
"BrayanDM","2","1","3"
"bread_man123","2","1","3"
"Bread-Winner","1","2","3"
"breadandchess","2","1","3"
"BreadaSensei","1","2","3"
"BreadP1ayZ","2","1","3"
"Brees","1","2","3"
"BrennanBrown","1","2","3"
"Brenner71","1","2","3"
"Brents","1","2","3"
"brepe","2","1","3"
"Brian2121","2","1","3"
"Brianmcgrathdublin","2","1","3"
"brianthebest","2","1","3"
"bribra1983","2","1","3"
"Brijmundada","2","1","3"
"Brilliancies","2","1","3"
"brimo25","2","1","3"
"brkgnb","1","2","3"
"brknskrc","1","2","3"
"brookhy","1","2","3"
"BroPlsFocus","2","1","3"
"broseff","1","2","3"
"brosefStalin1","1","2","3"
"brosephX","2","1","3"
"Brothstew","1","2","3"
"browen33","2","1","3"
"brown55","2","1","3"
"brown89","2","1","3"
"Brownguy316","2","1","3"
"brtf13","1","2","3"
"bru-ce","2","1","3"
"bruhIdontcare","2","1","3"
"brullov","2","1","3"
"Bruno180323","2","1","3"
"bruno19bnc","1","2","3"
"Bruno2018","1","2","3"
"brunofeu","1","2","3"
"brunoross","2","1","3"
"BrunoSchulz","2","1","3"
"brunoteilor","2","1","3"
"brunotorrao","2","1","3"
"bruntforce","1","2","3"
"BrunthaPrakash","1","2","3"
"Brusch3","1","2","3"
"brustydz","2","1","3"
"BRYA0166","2","1","3"
"Bryan_Alexis_10","1","2","3"
"BryanSales","2","1","3"
"bryced","1","2","3"
"bryter83","2","1","3"
"BSESNoahG","1","2","3"
"bubbleocha","2","1","3"
"Buchbuch228","1","2","3"
"buckthecanuck","1","2","3"
"BudaevChess","2","1","3"
"budah34","1","2","3"
"budakkaan05","1","2","3"
"budaperro","1","2","3"
"Budd_Spencer","2","1","3"
"Buddigsjung","2","1","3"
"budurp","2","1","3"
"bufferditensione","2","1","3"
"bufooon","2","1","3"
"bufuburo","1","2","3"
"bugel_666","2","1","3"
"Buggati2008","1","2","3"
"bugoy1975","1","2","3"
"BuiLeMinhKhoi_3","2","1","3"
"buitung_2011","2","1","3"
"bukch","2","1","3"
"Buker","2","1","3"
"Bukmeker373","1","2","3"
"bukowskij","1","2","3"
"buktop66","2","1","3"
"Bula99","2","1","3"
"BuLaila","1","2","3"
"Bulat_Hab","1","2","3"
"bulentonem","1","2","3"
"BulletSchmidt","2","1","3"
"BulletTactica","2","1","3"
"bulpost51","1","2","3"
"bulutkagan","1","2","3"
"BUMBUMcikiciki","1","2","3"
"bumerxxx","1","2","3"
"Bumsdito","1","2","3"
"bunickiunutmaa","1","2","3"
"bunny_mamidala123","1","2","3"
"bunyamin_nedenyahu","2","1","3"
"Bur33d","2","1","3"
"burak_9","2","1","3"
"Burakk_Pashaa","1","2","3"
"Burhan_VRL79","2","1","3"
"Burncastle","1","2","3"
"burock91","2","1","3"
"burtonTERO","2","1","3"
"BuSeferUnutmicamm","2","1","3"
"BusoniAbbe","2","1","3"
"Butcher-of-Blaviken","1","2","3"
"Butschkau","1","2","3"
"ButterUtters","2","1","3"
"ButterWasNobody","2","1","3"
"Button72","2","1","3"
"buuuuunnnz","1","2","3"
"buxe911","2","1","3"
"Buxtehude_telemann","1","2","3"
"Buzz_Lightyear","1","2","3"
"bvr0406","1","2","3"
"Bw3-NB","1","2","3"
"bw32","1","2","3"
"Bwert","2","1","3"
"bwienke","1","2","3"
"BxxzZ","1","2","3"
"By_may_way","2","1","3"
"byash5","2","1","3"
"Byceryce","1","2","3"
"byimpuls","2","1","3"
"bzhar_majidi","1","2","3"
"BzL1401","1","2","3"
"C_Rubio","1","2","3"
"C00kiiez","1","2","3"
"c0nn0r22","2","1","3"
"c0nny","1","2","3"
"c0nstructor","1","2","3"
"c0wpunch","1","2","3"
"C17GloveMaster","2","1","3"
"C1908","1","2","3"
"C4_nitroglycerin","1","2","3"
"c4boom","2","1","3"
"C60943346MATEO","2","1","3"
"C75513222ALDAIR","1","2","3"
"C8chdco","1","2","3"
"caaaaaaaA","1","2","3"
"Caballero_Centauro","1","2","3"
"Caballobasson","1","2","3"
"cabbarchess","1","2","3"
"cacateroquerjogar22","2","1","3"
"Cachi16","2","1","3"
"cacondemoneco","2","1","3"
"Cadanr","1","2","3"
"Cadet22-08","1","2","3"
"caeirn","1","2","3"
"Caesakt","2","1","3"
"Caetanoliguelpapa","2","1","3"
"cafa00","1","2","3"
"cafuar61","2","1","3"
"Cagliostroiz","2","1","3"
"cagnus1marlsen","1","2","3"
"CaicoAmaral","1","2","3"
"Cainevil","1","2","3"
"caio_farias","1","2","3"
"Caiobaraujo","1","2","3"
"CaioDRun","2","1","3"
"caiomitsueda","2","1","3"
"CaioozinBR","2","1","3"
"caiosf","2","1","3"
"CaioUZ1","1","2","3"
"Caipi2000","1","2","3"
"Caissa6464","2","1","3"
"CajasJahirPII623","1","2","3"
"calanchi","2","1","3"
"calavera2","1","2","3"
"CalebMa","1","2","3"
"CalebMorray2022","2","1","3"
"calfaro72","2","1","3"
"CalifornianFlyfish","2","1","3"
"Californium_252","1","2","3"
"Calimer3","2","1","3"
"calisthenicSW","1","2","3"
"CallMePOW","1","2","3"
"callumwong8","2","1","3"
"Calumtm","2","1","3"
"Calvin776","2","1","3"
"calvinJimbob","1","2","3"
"cam33and","2","1","3"
"camaleon2018","2","1","3"
"cambaz08","2","1","3"
"cameronada","2","1","3"
"Camila_g23","1","2","3"
"CamiloAT","1","2","3"
"CamiloQuintanilla89","2","1","3"
"cammeddru","2","1","3"
"campa673","2","1","3"
"Camroc","1","2","3"
"canadarun","1","2","3"
"canagel","2","1","3"
"cancan060508","1","2","3"
"Candelabro_Macabro","2","1","3"
"CandidateANN","1","2","3"
"Cangrejero","1","2","3"
"caninestriker","1","2","3"
"cannot_8956","2","1","3"
"CannotImprove","1","2","3"
"cantholdme111","2","1","3"
"cantplayingchess","1","2","3"
"Caoimhoo","1","2","3"
"capablanka1739","1","2","3"
"Capafresca","1","2","3"
"CapaKomodo","1","2","3"
"capapovski22","2","1","3"
"capatilla","2","1","3"
"CAPIBARA-red","2","1","3"
"CapichessNL","2","1","3"
"Capivara_mestre","2","1","3"
"Capolavoro","1","2","3"
"Cappybaraa","1","2","3"
"Captain_Ostsee","2","1","3"
"Captain_X","1","2","3"
"Captain_YT","1","2","3"
"CaptainAudi","2","1","3"
"CaptainDogeSparrow","1","2","3"
"captures2x","1","2","3"
"Capybara13","2","1","3"
"Carbastan","2","1","3"
"Carcassonne2022","2","1","3"
"carcox91","1","2","3"
"Cardboard-Box","2","1","3"
"caripoin","2","1","3"
"Carla8271","1","2","3"
"CarlDuran","2","1","3"
"CarlGtz","2","1","3"
"Carloe5","1","2","3"
"CarloHe","1","2","3"
"carlos_fuents","2","1","3"
"Carlos2677","1","2","3"
"Carloscelta","2","1","3"
"carlosdjr200","2","1","3"
"CarlosEliasNoe1","1","2","3"
"CarlosGomez14","1","2","3"
"carloshpb","1","2","3"
"CarlosPires","2","1","3"
"carloss9","1","2","3"
"CarloTosoni","1","2","3"
"carlsen_bobby","2","1","3"
"CarlsenMagnusss","2","1","3"
"Carlson456","1","2","3"
"carmebpcat","1","2","3"
"Carmechanic2","1","2","3"
"carneleose","2","1","3"
"carnesen","1","2","3"
"Caro-CannD","1","2","3"
"Caro-kann-player","1","2","3"
"CaroyinixDiscomix","1","2","3"
"CarQuin","1","2","3"
"Carreterror","1","2","3"
"CarsonFrost","2","1","3"
"CarstenWerner","1","2","3"
"cartan420","1","2","3"
"cartonpate","2","1","3"
"Caruana2002","2","1","3"
"carvero","2","1","3"
"CasAlves","1","2","3"
"casiolo","2","1","3"
"casp17","2","1","3"
"Caspar64","1","2","3"
"Caspi","1","2","3"
"Castalystein","2","1","3"
"casteycakes","2","1","3"
"Castin7","2","1","3"
"CastorPaulux","2","1","3"
"castyy","1","2","3"
"Casual_moves","1","2","3"
"cat2402","1","2","3"
"Catandychess","1","2","3"
"CATEShah","1","2","3"
"Catosfred","1","2","3"
"catpower2023","1","2","3"
"catscats","2","1","3"
"catur8x8","1","2","3"
"cauchy42","1","2","3"
"CaulfieldInTheRye","1","2","3"
"Cauliflowerina","1","2","3"
"cavalierM10","2","1","3"
"caylak_futurist","1","2","3"
"cbas77","1","2","3"
"cbches","1","2","3"
"CblCkin","2","1","3"
"cbosel","2","1","3"
"CBSHChess","1","2","3"
"cbweezyy","2","1","3"
"ccannell","1","2","3"
"cccassinello","1","2","3"
"ccCCcc55","1","2","3"
"cclarke01","2","1","3"
"ccmpes","2","1","3"
"ccrazy9","1","2","3"
"ccroninv","2","1","3"
"ccuphlms11","2","1","3"
"CD_Digger","2","1","3"
"cdbridger","1","2","3"
"cdfz","1","2","3"
"cdog97","1","2","3"
"cds19","1","2","3"
"Cebedia","1","2","3"
"cebelli","2","1","3"
"Cedric_von","2","1","3"
"ceejay7","1","2","3"
"celalsalik","1","2","3"
"celalumut","2","1","3"
"celestialbody","2","1","3"
"cellocan09","1","2","3"
"CELSO7-RN","1","2","3"
"celtic34","2","1","3"
"cemhelva","2","1","3"
"cemoss17","1","2","3"
"Ceneka","1","2","3"
"CengizO","2","1","3"
"cenker3169","1","2","3"
"centu233","2","1","3"
"cepa121","1","2","3"
"ceples","1","2","3"
"cercy","1","2","3"
"ceribas1903","2","1","3"
"cerratoantondiego","2","1","3"
"certifiedloser","2","1","3"
"cesarabiuljr12","2","1","3"
"CesarAH16","1","2","3"
"Cesarito40mateo","2","1","3"
"cesir20","2","1","3"
"cet67","2","1","3"
"CETABEY","2","1","3"
"ceterus","2","1","3"
"CEVN_7","2","1","3"
"CeyhunHaci","2","1","3"
"Cezae-lorsrre077","2","1","3"
"Cezirtia","2","1","3"
"CF215","2","1","3"
"cfranco15","1","2","3"
"cfweiss","2","1","3"
"CG90","2","1","3"
"cgabrieldev12345678","1","2","3"
"cgcon","1","2","3"
"cglry","2","1","3"
"CGR0028","1","2","3"
"cgtytprk","2","1","3"
"Cgymnast","1","2","3"
"Ch3ssful","1","2","3"
"cha1028","1","2","3"
"chachikaci","1","2","3"
"chaddeshon","2","1","3"
"chAhmed","1","2","3"
"chainchomp","2","1","3"
"Chainz4","2","1","3"
"Chaitanya4456A","1","2","3"
"chakkram","2","1","3"
"Challang","2","1","3"
"challangerld","2","1","3"
"chalochess","2","1","3"
"chalosss","1","2","3"
"Chalwa1","1","2","3"
"chamath04","2","1","3"
"champ_1248","1","2","3"
"chandler11","1","2","3"
"chandra_89","2","1","3"
"ChandraNova","1","2","3"
"Changecrafterlp","1","2","3"
"chaniykachesskevin","1","2","3"
"chaosdrew","2","1","3"
"chapolim03","1","2","3"
"ChariotsofFire","1","2","3"
"charlebrau","1","2","3"
"Charles412","2","1","3"
"charlesedwardcheese","1","2","3"
"Charlie0204","1","2","3"
"charlieG23","2","1","3"
"charliew123","2","1","3"
"charlupa","1","2","3"
"charly997","1","2","3"
"charlymatias","2","1","3"
"ChArLz18","2","1","3"
"charmingmanu","1","2","3"
"chase_sun","2","1","3"
"chatlano","1","2","3"
"Chatterbot","1","2","3"
"chatty1997","1","2","3"
"Chavez212","2","1","3"
"Chawenn","2","1","3"
"CHayden22","2","1","3"
"Che2606","2","1","3"
"chechon","1","2","3"
"Checkandgo","2","1","3"
"CheckChamp1000","2","1","3"
"checkersmen","1","2","3"
"CheckMate2807","1","2","3"
"CheckmateIN25","1","2","3"
"Checkmateop","2","1","3"
"checkoutthismate","2","1","3"
"checksport","1","2","3"
"Checktoking","1","2","3"
"checkyoselfb4ucheck","1","2","3"
"cheeeezz","2","1","3"
"Cheeseman702","1","2","3"
"cheezereedo","2","1","3"
"ChefsHouse96","1","2","3"
"cheid","2","1","3"
"chel_no_name","2","1","3"
"CHELSEA2988","2","1","3"
"chenchenbenett","1","2","3"
"Cheney_Sang","2","1","3"
"chenulajayasuriya","2","1","3"
"cher_alex","2","1","3"
"chern1y","1","2","3"
"chernabog","1","2","3"
"chesio","1","2","3"
"chesparov","2","1","3"
"Chess_4_life3","1","2","3"
"Chess_Alee","2","1","3"
"Chess_Boi_690","1","2","3"
"CHESS_BOI_YD","2","1","3"
"Chess_Doktor","1","2","3"
"chess_gane","1","2","3"
"Chess_is_Passion23","1","2","3"
"Chess_N14","2","1","3"
"Chess_RIZZler","1","2","3"
"Chess_Scout","2","1","3"
"chess-boy-2008","1","2","3"
"Chess-Champ99","1","2","3"
"chess011","2","1","3"
"chess1620","1","2","3"
"Chess22Queen22","2","1","3"
"Chess4always","2","1","3"
"Chess4u-tv","1","2","3"
"chessape","2","1","3"
"chessart46","1","2","3"
"ChessAzazel","1","2","3"
"chessbat62","2","1","3"
"chessbattlejhj","2","1","3"
"ChessBird84","1","2","3"
"Chessblueone45","1","2","3"
"ChessBot002","2","1","3"
"chessbot422","1","2","3"
"ChessBoy9","1","2","3"
"chessbrah11","2","1","3"
"chesschampionam","1","2","3"
"chesscomis-better0","1","2","3"
"Chesscrusher28","2","1","3"
"chessdevil175","2","1","3"
"chessdoll90","1","2","3"
"chesseba","1","2","3"
"chessengine8888","2","1","3"
"chesser357","2","1","3"
"chesseric7","2","1","3"
"chessforreal","2","1","3"
"ChessFreak24h","1","2","3"
"chessgamer213","1","2","3"
"chessheroaken","2","1","3"
"chesshisser","1","2","3"
"Chessian111","2","1","3"
"ChessicalVoldemort","2","1","3"
"chessin123","1","2","3"
"chessindia11","1","2","3"
"chessisinmyblood","1","2","3"
"Chessito","2","1","3"
"Chessjan14","1","2","3"
"chesskina","2","1","3"
"ChessKing193","2","1","3"
"ChessKingKai","2","1","3"
"chesslate00","2","1","3"
"chesslaw","1","2","3"
"Chessliker456","2","1","3"
"chessman_b2005","1","2","3"
"CHESSMAN1906","1","2","3"
"ChessMaster1748","2","1","3"
"chessmasterbator69","1","2","3"
"chessmess85","2","1","3"
"chessMonkey04","2","1","3"
"chessnerd1111","2","1","3"
"ChessNoob3736","2","1","3"
"chessnotmain","2","1","3"
"chessorcheckers","1","2","3"
"chessperad0","1","2","3"
"ChessPlayer15069","1","2","3"
"Chessplayer2312","1","2","3"
"ChessplAyer3101","1","2","3"
"ChessplayerNJ","2","1","3"
"ChessPlayingLama","1","2","3"
"ChessPortShip","1","2","3"
"Chessrlock","1","2","3"
"chessroberto1","1","2","3"
"Chesss-Cing","1","2","3"
"chessskrew","2","1","3"
"ChessSlavian","2","1","3"
"ChessSpeaksForItSlf","2","1","3"
"chesSsSsSnake","2","1","3"
"ChesstasticJB","2","1","3"
"chessteg","1","2","3"
"chesstomatore","2","1","3"
"chesstudentss09","1","2","3"
"chessvad","1","2","3"
"chessvagg","1","2","3"
"ChessVictoral","1","2","3"
"ChessVictory_ofLion","1","2","3"
"ChessWSJ88","2","1","3"
"Chessy2k2","1","2","3"
"chester13z","2","1","3"
"ChesterHansen","2","1","3"
"Chesther","2","1","3"
"cheszpo","1","2","3"
"chetan0110","1","2","3"
"chevalierorazur","1","2","3"
"Chewis","2","1","3"
"Cheytakker","2","1","3"
"Chicato","1","2","3"
"chicofischer","1","2","3"
"chicolondote","2","1","3"
"ChiefHenk","2","1","3"
"chiefshipmate","2","1","3"
"Chifayi","2","1","3"
"CHIGOAT","2","1","3"
"CHIKANDROv","1","2","3"
"chikankem331","1","2","3"
"Childish-Bambino","1","2","3"
"childplayer","2","1","3"
"chill89","1","2","3"
"ChillBillVol1","2","1","3"
"chimitq","2","1","3"
"chinadan86","2","1","3"
"chinesep","1","2","3"
"ChingizGasimov","2","1","3"
"chinh2807","1","2","3"
"Chinmay_G_Kelkar","2","1","3"
"Chinmay983","1","2","3"
"Chintan673","1","2","3"
"Chintu567","2","1","3"
"chipmunknl","2","1","3"
"Chipolinoq","1","2","3"
"chippy17","2","1","3"
"chiquito_2386","1","2","3"
"chircassian07","1","2","3"
"Chisio1","1","2","3"
"Chitlango","2","1","3"
"chitorogion","1","2","3"
"Chitzu","2","1","3"
"chiukim","2","1","3"
"chivoyage","2","1","3"
"Chkalovec1936","1","2","3"
"Chlopak_Izy","1","2","3"
"Choco1959","2","1","3"
"chodous","2","1","3"
"cholasky","2","1","3"
"Chominoro2","2","1","3"
"ChongLiJr","2","1","3"
"Chopstics","1","2","3"
"ChorizoenRebaja","1","2","3"
"chosensei","1","2","3"
"chph-m","2","1","3"
"Chrazymusic","2","1","3"
"Chrblbdr","2","1","3"
"chrisandum","1","2","3"
"chrisiii","1","2","3"
"ChrisLuke1","1","2","3"
"chrismmxi","2","1","3"
"chrisohyeah","2","1","3"
"Christ0her","2","1","3"
"christergandersson","2","1","3"
"chrisTheChess","2","1","3"
"ChrisThePilot","1","2","3"
"Christianavs","1","2","3"
"ChristianChavez14","2","1","3"
"Christine2003","1","2","3"
"CHRISTOPHERLM","1","2","3"
"ChristosKa","1","2","3"
"ChrKahl","2","1","3"
"chrs71","2","1","3"
"Chtvrkv","1","2","3"
"Chuch17","2","1","3"
"chuck54321","2","1","3"
"ChuckL","2","1","3"
"chucklecat","2","1","3"
"chugger","1","2","3"
"Chuky_4489","1","2","3"
"CHUPACAPRONE","1","2","3"
"Chupico","1","2","3"
"churleegurgleesh","2","1","3"
"chuy_anton","2","1","3"
"chuzzyy","2","1","3"
"chxser","2","1","3"
"Chxssnoobie1","1","2","3"
"chynrog","2","1","3"
"Chyzhou_Daniil","2","1","3"
"Cidkmp","1","2","3"
"CielitoLindoo","2","1","3"
"CigdemEbinc","2","1","3"
"CikyFonsz","1","2","3"
"Cinar_5454545454546","1","2","3"
"cinardeniz31","2","1","3"
"cinevreau","1","2","3"
"Cinnamontoast8","2","1","3"
"ciraze","2","1","3"
"Circlonian_Mapper","2","1","3"
"CirilSaulnier","2","1","3"
"Ciruela_CL","1","2","3"
"cis","2","1","3"
"cisco2022","2","1","3"
"CitizenC","2","1","3"
"citizin","2","1","3"
"civilchek","2","1","3"
"cizi","1","2","3"
"CJ59","2","1","3"
"Cjfizz76","2","1","3"
"CjManait","2","1","3"
"CJPA","2","1","3"
"CJr7","1","2","3"
"cjrmartin","2","1","3"
"Cksanzo21","2","1","3"
"Clarence88_HH","1","2","3"
"clarkfoy","2","1","3"
"classesarefun","2","1","3"
"ClaudeNadeau","2","1","3"
"claus123110","1","2","3"
"claweye95","2","1","3"
"clayton34","2","1","3"
"cle17","1","2","3"
"CleanBill","1","2","3"
"Cleetus_nz","2","1","3"
"cleitinbr38","1","2","3"
"Clementincito","2","1","3"
"clesque","1","2","3"
"clevalier23","2","1","3"
"clever_stone","2","1","3"
"cleverDC","1","2","3"
"CleverHunter","2","1","3"
"Cliff90","2","1","3"
"ClintonHumphrey","1","2","3"
"cloicks","1","2","3"
"Clopes","2","1","3"
"Clotario","1","2","3"
"clouted","2","1","3"
"clownjeff","1","2","3"
"clownmaster97","1","2","3"
"clownprince2","2","1","3"
"cls5115","1","2","3"
"clubfootedknight","2","1","3"
"cluckitycluck","1","2","3"
"cmaHe","1","2","3"
"CmaShalaboka","1","2","3"
"Cmorgado","2","1","3"
"cnbn","2","1","3"
"cngz_ngn","2","1","3"
"Cntrkl","2","1","3"
"coach_potato","1","2","3"
"CoachMartin","1","2","3"
"CoachRoland","1","2","3"
"cobanmati-olan-koyun","2","1","3"
"cobra9456","1","2","3"
"cobrataran","1","2","3"
"CochonMalin","2","1","3"
"Cocobenco","1","2","3"
"CocoLocoHR","1","2","3"
"CocoPl","2","1","3"
"Cocotero29","1","2","3"
"Cocoto4","1","2","3"
"coder7x","1","2","3"
"Codzilla","2","1","3"
"coffee_toad","2","1","3"
"coffeeguy","1","2","3"
"cofrisis","2","1","3"
"cokerrammy","2","1","3"
"coldstonesteveaustin","1","2","3"
"colemanburtt","2","1","3"
"colemanik","1","2","3"
"Colonheiro","2","1","3"
"Colonoscopy3","2","1","3"
"ColoredGraphs","2","1","3"
"Comecei-hoje","1","2","3"
"cominotto","1","2","3"
"commalove","1","2","3"
"Commortel","1","2","3"
"comosewega","1","2","3"
"Complicqted","1","2","3"
"ComSer","1","2","3"
"Comtois","1","2","3"
"ConcernedForest","2","1","3"
"ConChessumae","2","1","3"
"Condes27-Hinigaran","1","2","3"
"ConfusedPancake","2","1","3"
"Conk_Error","2","1","3"
"conkikoXpacovaldy","1","2","3"
"ConnieeChess","1","2","3"
"Connor_the_team_memb","2","1","3"
"conorsheehan","2","1","3"
"conqueror152","1","2","3"
"ConsC2","1","2","3"
"const_domino","2","1","3"
"constant_91","1","2","3"
"ContextualCanine","2","1","3"
"continuousfunction","2","1","3"
"conundrumical","1","2","3"
"conundrums","2","1","3"
"Conza_real_yonzo","2","1","3"
"cookieeee","1","2","3"
"Cookiethief07","1","2","3"
"cool2023","1","2","3"
"cool88","2","1","3"
"CoolKid_006","1","2","3"
"Coolld","1","2","3"
"coolzjuelz94","1","2","3"
"Coomba14","2","1","3"
"cooperwalker","1","2","3"
"coparda","2","1","3"
"Copito-20","2","1","3"
"CopyNinja_3","1","2","3"
"corball","1","2","3"
"Corke123","1","2","3"
"coronation","2","1","3"
"CorporalBilly","2","1","3"
"Corrrnell","2","1","3"
"corybray","1","2","3"
"coryphe","1","2","3"
"cosilgam","2","1","3"
"COSMIC-GAROU","1","2","3"
"Cosmos1967","1","2","3"
"Cosoleto","1","2","3"
"CosoLOL","1","2","3"
"costa100","1","2","3"
"CostaBrasil","2","1","3"
"COTRATOR","2","1","3"
"CouchPotat0","2","1","3"
"CoucouNino","2","1","3"
"Countdown_Chess","2","1","3"
"counterdefeaterlewis","2","1","3"
"CountTimmy","2","1","3"
"cousinofdeath","1","2","3"
"coxe5127","1","2","3"
"CoyotteBipBip","2","1","3"
"cpourigoler","2","1","3"
"cpt_sebasaur","1","2","3"
"CrabDriver","1","2","3"
"CrackingBanter","1","2","3"
"CRadon","2","1","3"
"Craft25","2","1","3"
"craigmarcy","1","2","3"
"Cranium_Carver","2","1","3"
"crapblanca","1","2","3"
"crazy_but_lazyy","1","2","3"
"Crazy_Pawn13","2","1","3"
"Crazy12_man","2","1","3"
"crazyelf","2","1","3"
"CrazyWithPower","1","2","3"
"creamsunreaper","1","2","3"
"Creater666","1","2","3"
"Crecpiks","2","1","3"
"Crimbusbush","2","1","3"
"crimson_sig","2","1","3"
"crisa2309","2","1","3"
"crispif","1","2","3"
"crispin_Hernandez","2","1","3"
"CrispLake","2","1","3"
"Crispy07","2","1","3"
"CrisRock59","2","1","3"
"cristaldiamond","2","1","3"
"CristhianVasquezPUCP","2","1","3"
"cristianjovel94","2","1","3"
"critercat","2","1","3"
"crmullins","2","1","3"
"crocmadame","1","2","3"
"Crojetbela","2","1","3"
"CronusGD","2","1","3"
"CrookJoe","1","2","3"
"CroPol","1","2","3"
"Croqueta134","1","2","3"
"CroVuk","2","1","3"
"Crowial","2","1","3"
"CrSilva","2","1","3"
"Cruelkkraken","1","2","3"
"Cryptic_Bon3","1","2","3"
"crysacius","2","1","3"
"CrystalShard","2","1","3"
"crzubeyir","1","2","3"
"Ctepan08","2","1","3"
"CTepedino","1","2","3"
"cthulhe","2","1","3"
"CTHVoHuynhThien2003","2","1","3"
"cton49","2","1","3"
"ctoxx","2","1","3"
"CTX_Ramon","1","2","3"
"cuauj","2","1","3"
"CUBENSOS","2","1","3"
"Cudzoziemiec","2","1","3"
"cuee","1","2","3"
"cuerdafloja","2","1","3"
"Cukhoi","1","2","3"
"culcaster","2","1","3"
"culin","1","2","3"
"cull_the_mek","2","1","3"
"Cuna03","1","2","3"
"Cunninkj","2","1","3"
"curryska","1","2","3"
"Cursed4","2","1","3"
"Curtis0815","2","1","3"
"cushmanc","1","2","3"
"Cutie_gurl","1","2","3"
"cvbBG","1","2","3"
"CyberHulk2603","1","2","3"
"cyclingdelights","1","2","3"
"CycloneMaster","2","1","3"
"Cyclotr0n","1","2","3"
"CypherSteve","1","2","3"
"Cyril_Teddy","1","2","3"
"Cyslim","1","2","3"
"Cyst11","1","2","3"
"Cyuun","1","2","3"
"cz0r3k","2","1","3"
"czeking","2","1","3"
"czv","2","1","3"
"D_1_0_S","2","1","3"
"d_5","1","2","3"
"D_D_D_D","2","1","3"
"D_Shl707","1","2","3"
"D_vrm5905","1","2","3"
"D-LaBrute","2","1","3"
"D09thebest","2","1","3"
"D0ctor11","1","2","3"
"d0zybun","1","2","3"
"d1231","1","2","3"
"D1751abigmonster","2","1","3"
"d1oxx","2","1","3"
"d1s0ster","2","1","3"
"D2D4_R2D2","2","1","3"
"d31v1d1d03","1","2","3"
"D3ATH-STR0K3","1","2","3"
"D3v1n","1","2","3"
"d4-vid2","1","2","3"
"d4vish","1","2","3"
"da_ni07","2","1","3"
"Dablar","2","1","3"
"Dacampos","1","2","3"
"dachessdada","2","1","3"
"DacSac","2","1","3"
"Dadderdew","2","1","3"
"DaddyChard","2","1","3"
"Dadilah","1","2","3"
"DadoSensei","1","2","3"
"dadou6801","1","2","3"
"daffa_mpn","2","1","3"
"dafuchs","2","1","3"
"Dagdam0r","1","2","3"
"dagestan78","2","1","3"
"Dagger777","1","2","3"
"dagmorten","2","1","3"
"dago_ajedrez","1","2","3"
"Dai2","2","1","3"
"dakkulichi","2","1","3"
"daklik","1","2","3"
"Dakshchess1","2","1","3"
"dalbarade","2","1","3"
"Daleaj","2","1","3"
"dalgaard77","1","2","3"
"Dali8","2","1","3"
"Dalify","2","1","3"
"Dam0kles187","1","2","3"
"damf","2","1","3"
"damianos93","1","2","3"
"damili123","1","2","3"
"damilolz","1","2","3"
"damiruxta","1","2","3"
"damish1","1","2","3"
"damjan97","1","2","3"
"Dammy_01","1","2","3"
"DamonSalvatore06","2","1","3"
"dams28","2","1","3"
"dan_mork","2","1","3"
"dan11l1","2","1","3"
"DaN192010","1","2","3"
"dan9ll","1","2","3"
"DanBoyo","1","2","3"
"dancet","2","1","3"
"DanceWithMeeee","1","2","3"
"DancingQueen98","1","2","3"
"dangtr0408","2","1","3"
"dani_rb","1","2","3"
"dani3l_99","1","2","3"
"Danibogdani","1","2","3"
"danicheckmate","1","2","3"
"DanicheEs2023","1","2","3"
"Daniel_Anwuli","1","2","3"
"Daniel_Morales","2","1","3"
"Daniel_Piedra","1","2","3"
"daniel_z","2","1","3"
"Daniel-Torres","2","1","3"
"Daniel1946","2","1","3"
"daniel6shin","2","1","3"
"DanielAle25","1","2","3"
"DanielAmokachi1903","2","1","3"
"danielarnau","2","1","3"
"DanielChessSan","2","1","3"
"DanielChudy","1","2","3"
"Danielegb","1","2","3"
"DanielElKaafarani","1","2","3"
"danielemid13","2","1","3"
"DanielHaur","2","1","3"
"DanielJose078","1","2","3"
"daniellcl49bm","2","1","3"
"Daniellia_05","1","2","3"
"danielmouraa","2","1","3"
"DanielOsten","2","1","3"
"danielovk","1","2","3"
"DanielShaowers","2","1","3"
"danifdp","1","2","3"
"Daniil-KA","2","1","3"
"Daniil101117","2","1","3"
"Danil0809","2","1","3"
"Danila17A","1","2","3"
"danilakuznetsov13","1","2","3"
"DanilaSerg","1","2","3"
"DanilDNL","1","2","3"
"Danilink","2","1","3"
"Danilka_pw","1","2","3"
"Danillitvik","2","1","3"
"Danilo2009","1","2","3"
"danilparasot","2","1","3"
"danirk","2","1","3"
"DanishJ19","2","1","3"
"Danitorress08","2","1","3"
"daniyar_14","2","1","3"
"danjamin","2","1","3"
"danjibanji","2","1","3"
"DanMorgra","1","2","3"
"Dann93","1","2","3"
"Danny123456","2","1","3"
"dannydayyy","2","1","3"
"dannyphantom1663","1","2","3"
"DannySarson","2","1","3"
"DanoDanoDano","1","2","3"
"DANON90","2","1","3"
"Danpoli","2","1","3"
"dansebpaez","2","1","3"
"danser123","2","1","3"
"dansk007","2","1","3"
"Dante6397","1","2","3"
"DanteAlighieri1974","1","2","3"
"DanteLancer","2","1","3"
"danuihzap","1","2","3"
"danve283","2","1","3"
"Dany_1605","2","1","3"
"Dany3310","1","2","3"
"Danya_D","2","1","3"
"DanyelDent","2","1","3"
"danziggg","2","1","3"
"dapardox","2","1","3"
"dapili","2","1","3"
"DaredDevil93","1","2","3"
"daribombari","2","1","3"
"DarioGtrrz","2","1","3"
"dariomt","2","1","3"
"Dariopm3020","1","2","3"
"DariusAetius","1","2","3"
"dark_clarity","1","2","3"
"Dark_Squares_Matter","2","1","3"
"Dark-Mark","2","1","3"
"Dark0man","2","1","3"
"DarkChess1234","2","1","3"
"DarkChess167","1","2","3"
"DarkChest_ofBlunders","2","1","3"
"DarkCloudA","1","2","3"
"darkdevil8367","2","1","3"
"DarkKnightSigma","1","2","3"
"Darkness181","2","1","3"
"Darko321","2","1","3"
"DarkPawnWhitePawn","1","2","3"
"DarkSchuldiner","2","1","3"
"Darkticus","2","1","3"
"darkvampire53","2","1","3"
"Darkzanos","2","1","3"
"darkzayla610","2","1","3"
"DARKZORG28","2","1","3"
"Darlyn10","2","1","3"
"Darmo13","1","2","3"
"Darnel18","2","1","3"
"Darrach","1","2","3"
"darrington1976","1","2","3"
"Darrwin1254","1","2","3"
"DARSHAN26","1","2","3"
"Dart_Drengr","1","2","3"
"dartay23","2","1","3"
"DarthFlo","1","2","3"
"DarthSethius","1","2","3"
"darthvader88","2","1","3"
"darumasenin","2","1","3"
"DARWIN6XD","2","1","3"
"darwo80","1","2","3"
"Darzales","1","2","3"
"DAS2009","2","1","3"
"DasJowak","2","1","3"
"dasluq","1","2","3"
"data_driven_blunders","2","1","3"
"dativav","1","2","3"
"Datoczz","1","2","3"
"datoval","1","2","3"
"datphatax","1","2","3"
"daukha","1","2","3"
"Dave_Agadir","2","1","3"
"Dave192k","2","1","3"
"dave88217","1","2","3"
"Davearmstron","1","2","3"
"Daveedoff","1","2","3"
"davelimart","2","1","3"
"Davevl","2","1","3"
"davey108","2","1","3"
"David_040509","2","1","3"
"David_kasparov","2","1","3"
"David_Njiiri","2","1","3"
"David_Phys","1","2","3"
"David00226","1","2","3"
"David1Kauta","1","2","3"
"david34150","1","2","3"
"David552255","2","1","3"
"DavidAmiranovich","1","2","3"
"DavidAut","2","1","3"
"Davidmayh","1","2","3"
"davidp1995","2","1","3"
"davidpalacios14312","1","2","3"
"DavidShotter","2","1","3"
"DavidSmerdon","1","2","3"
"davidtricks","1","2","3"
"Davidusa211280","1","2","3"
"DavidZ122","1","2","3"
"Davijesus192","1","2","3"
"DaviLeonardoVinci","2","1","3"
"Davinsky94","1","2","3"
"daviosviajero","2","1","3"
"DavisRA1","2","1","3"
"davLuna","2","1","3"
"davorinjo3333","2","1","3"
"DavouD1988","1","2","3"
"dawcio93","1","2","3"
"Dawidples","1","2","3"
"DawidWierzbicki","2","1","3"
"Dawit-6","1","2","3"
"dawntheday","2","1","3"
"daxelit","2","1","3"
"daxostaser","2","1","3"
"Daynier777","1","2","3"
"Dayson117","1","2","3"
"Dazan","2","1","3"
"DB2323","1","2","3"
"dba99","1","2","3"
"dbattulga","2","1","3"
"dberke","2","1","3"
"dbzandpooh","1","2","3"
"dcapz","2","1","3"
"Dcdomi","2","1","3"
"DCI_Owain","1","2","3"
"Dcmura","2","1","3"
"dd863","2","1","3"
"DDDMoscow","2","1","3"
"ddevetten","1","2","3"
"ddmelnikov","1","2","3"
"DDR1","2","1","3"
"De_mi","2","1","3"
"De_Ul","1","2","3"
"DE1_CherryCabe_Women","2","1","3"
"deadfal","2","1","3"
"Deadliftbabo","1","2","3"
"deadpool8000054","1","2","3"
"Deadzone05","1","2","3"
"deagle1903","2","1","3"
"Deaktivator","1","2","3"
"deano2015","2","1","3"
"deAssis","1","2","3"
"death_of_legends","1","2","3"
"deathangel908","2","1","3"
"deathbypawn","2","1","3"
"DeathKid","1","2","3"
"Deathlingo23","1","2","3"
"Deba2011","2","1","3"
"debashishkumar","1","2","3"
"Debasishray","2","1","3"
"debc06","1","2","3"
"DecadentHamster","2","1","3"
"deceiver2009-222","2","1","3"
"deciduous","2","1","3"
"decik","1","2","3"
"decse","2","1","3"
"ded-oleg","1","2","3"
"dedewari09","2","1","3"
"Dediy","1","2","3"
"dedsm","1","2","3"
"deeman01","2","1","3"
"DeeMonRee","1","2","3"
"deep__purple","1","2","3"
"DEEP-b1ue","2","1","3"
"deep454","2","1","3"
"Deepak153","2","1","3"
"Deepanshu202","2","1","3"
"DeepArt1988","1","2","3"
"deepblu2718","2","1","3"
"deeperblue007","1","2","3"
"DeepFriedSlugs","2","1","3"
"deeptrouble","1","2","3"
"deepxD","1","2","3"
"DefaceTR","2","1","3"
"default06","2","1","3"
"Defenderkalai","2","1","3"
"DefinitelyNotTaweh","1","2","3"
"degrana","2","1","3"
"degu21","1","2","3"
"Degustator_nubov","1","2","3"
"dejavuxs","2","1","3"
"DEJL","2","1","3"
"DeKe1","2","1","3"
"Dekstar","2","1","3"
"delaza13","1","2","3"
"Deleted911","1","2","3"
"DelightedOtter","1","2","3"
"deloesterecords","1","2","3"
"delsur453","1","2","3"
"deltaena","1","2","3"
"deltamax1","1","2","3"
"Deltamix","1","2","3"
"deluxe4234234","2","1","3"
"demarcuscousins","2","1","3"
"Demaximungambino","1","2","3"
"dementev96","1","2","3"
"Demetrius01","2","1","3"
"Demm9","2","1","3"
"demman32","2","1","3"
"DEMOC-TOLSTYKH","2","1","3"
"DemoDevil","2","1","3"
"DeMoN48","2","1","3"
"DemonicOP","1","2","3"
"demonking118","1","2","3"
"demonyuga","1","2","3"
"Den31rus","2","1","3"
"Dena497","2","1","3"
"Deng_Ziqi","2","1","3"
"denied123","2","1","3"
"Deniiis","1","2","3"
"Denimovic","1","2","3"
"Denis_Faskhutdinov","2","1","3"
"DenisBorisenko","2","1","3"
"DenisCavka","1","2","3"
"deniska-pipiska","2","1","3"
"DenisRodman78","1","2","3"
"DenisSambo","1","2","3"
"denissvintickij","2","1","3"
"deniZ38","2","1","3"
"DenizAslan1918","2","1","3"
"DenizCAL","1","2","3"
"denizerenbaris","1","2","3"
"denizkarpuz","1","2","3"
"denka120","2","1","3"
"Dennisbecerra","2","1","3"
"dennisvonk","2","1","3"
"Dennnooo","2","1","3"
"DeNnZeRn","1","2","3"
"Densch","2","1","3"
"denson19","2","1","3"
"Dentalen","2","1","3"
"denzigibanna","1","2","3"
"Denzu","1","2","3"
"Deo_17","1","2","3"
"DeorTheGiant","2","1","3"
"Dephyros","1","2","3"
"dequeue","2","1","3"
"Der_Schutzman","1","2","3"
"DeRais","1","2","3"
"deranged_mind","1","2","3"
"derarsen","2","1","3"
"DerBoss99","2","1","3"
"deren_pesio","1","2","3"
"derf1900","2","1","3"
"deriot","1","2","3"
"derkrieger1914","2","1","3"
"derPopel","2","1","3"
"DerVogi","2","1","3"
"desenfocado","2","1","3"
"Desertevil","2","1","3"
"desertorchid","1","2","3"
"deshh14","1","2","3"
"DesidiaZM","1","2","3"
"Desmond425","1","2","3"
"desouz","2","1","3"
"destran","2","1","3"
"Destro13","2","1","3"
"Destroyer3008","1","2","3"
"DestroyWin","2","1","3"
"Destructor06","1","2","3"
"Detkup","1","2","3"
"detournement","2","1","3"
"DeuceKing","1","2","3"
"Deutz_rock","1","2","3"
"deux_ex_mashina1","1","2","3"
"dev1618033988","2","1","3"
"Devaansh123","2","1","3"
"DevadathPillai","1","2","3"
"Devastaterrages","2","1","3"
"Devdip","1","2","3"
"Deven3194","2","1","3"
"devil811","1","2","3"
"devilgarv","2","1","3"
"devkoc001","1","2","3"
"Devron26","1","2","3"
"dewre","1","2","3"
"Dex204","1","2","3"
"dex2709","2","1","3"
"DexGengarz","2","1","3"
"DexterGandini","1","2","3"
"Dezmundo","1","2","3"
"DfcbkbqF","1","2","3"
"DFK1027","1","2","3"
"DG","1","2","3"
"DG007","1","2","3"
"dgaster","1","2","3"
"dgboy","2","1","3"
"dgramoso","2","1","3"
"DHAARONHARISH_GOPI","1","2","3"
"Dhagash","2","1","3"
"dhairya7147","1","2","3"
"Dhairyaisme","2","1","3"
"dharamvir1612","1","2","3"
"dharmadjaya","2","1","3"
"dhaval5083","2","1","3"
"dheatley","1","2","3"
"dheerav26","2","1","3"
"dhilipanrameshwaran","1","2","3"
"Dhruv2310","1","2","3"
"Dhruva2244","1","2","3"
"DhruvDaGod14","1","2","3"
"Di_Enel","1","2","3"
"dia-bambino","2","1","3"
"Diablange","2","1","3"
"diablotin94","1","2","3"
"dianbatalov","1","2","3"
"dibildibil","2","1","3"
"Dibub","1","2","3"
"DichoSeaseDePaso","1","2","3"
"dicus","2","1","3"
"DidactPrime","1","2","3"
"diddod93","1","2","3"
"Didiko","1","2","3"
"Didinda_Sunga","1","2","3"
"didip","1","2","3"
"didit_hrmk","2","1","3"
"Diedforyou","2","1","3"
"Diego_CABJ","2","1","3"
"Diego_Garcia_Rivera","1","2","3"
"Diego_J","1","2","3"
"DIEGO-CAQUETA27","1","2","3"
"diegoc91","1","2","3"
"DiegoOrellana","2","1","3"
"DiegoQuillatupa","1","2","3"
"Diegoromero","1","2","3"
"dieguiro2006","1","2","3"
"diemerson1987","2","1","3"
"DieNase","1","2","3"
"Dienstregeling","2","1","3"
"DieserEineJojn","1","2","3"
"DiffErv","1","2","3"
"Diggu1122","2","1","3"
"digital264","2","1","3"
"Dik_Van6","1","2","3"
"dikdik_sdq","2","1","3"
"diksha","1","2","3"
"dilan15970","2","1","3"
"DilDil","1","2","3"
"dilebed11","1","2","3"
"Dillonchessgenuis","2","1","3"
"DillonH8r","2","1","3"
"DillPickles","1","2","3"
"dilosh2000","2","1","3"
"Dilsoz0804","2","1","3"
"Diltran","1","2","3"
"dilyup","1","2","3"
"Dima_Al","1","2","3"
"dima_bernyk","1","2","3"
"Dima_KS","1","2","3"
"Dima2111","1","2","3"
"DimBulb106","2","1","3"
"DimiDabs","1","2","3"
"dimitri90205","2","1","3"
"Dimitrij1","1","2","3"
"Dimitriy12","2","1","3"
"DimitrovDeyvid","1","2","3"
"Dimon-pokemon8","1","2","3"
"DimonOgogo","1","2","3"
"dimrocker","2","1","3"
"Dimurin","1","2","3"
"dinabogdan02","2","1","3"
"Dinali","2","1","3"
"DinarVD","1","2","3"
"Dinesh5112","2","1","3"
"Dingdongpizza","1","2","3"
"dingiridingal","2","1","3"
"DingLiron","2","1","3"
"dingo727","2","1","3"
"dingrogu","2","1","3"
"DinJarin","1","2","3"
"Dinsara","2","1","3"
"dinterliche","2","1","3"
"Diogenis1","2","1","3"
"DiogoXV13","1","2","3"
"diondion23","2","1","3"
"Dionysus22","1","2","3"
"Dioshamuerto","1","2","3"
"dioskira","1","2","3"
"Dipesh_2003","1","2","3"
"dipiqubi","2","1","3"
"DirkeyLeakys","1","2","3"
"dirtdiver07","2","1","3"
"DirtyBirdD","1","2","3"
"dirundeh","2","1","3"
"Dirwin_the_Haggler","1","2","3"
"diry","1","2","3"
"dis_is_sidd","2","1","3"
"DiscoDhani","1","2","3"
"discombobulated_pig","1","2","3"
"discordoconme","1","2","3"
"dispovanuncle","2","1","3"
"dissolve314","2","1","3"
"dithyrambendichter","1","2","3"
"DIVINEKRISH","2","1","3"
"divinepawn","1","2","3"
"Divya_prasanna","1","2","3"
"DivyamJain1","2","1","3"
"divyanshii","2","1","3"
"dixiewreckt","2","1","3"
"Diyar2122","1","2","3"
"dj_and_c","1","2","3"
"DJ_Turnip","2","1","3"
"Dj0ok","1","2","3"
"dj1024","1","2","3"
"django77","1","2","3"
"djbigfield","1","2","3"
"djcarter77","2","1","3"
"DJDoubleD","1","2","3"
"djivs","2","1","3"
"DJJ_1","2","1","3"
"Djokerplayschess","1","2","3"
"djordjijecerovic","2","1","3"
"DJSKM","2","1","3"
"DK7887","2","1","3"
"DKarina2010","2","1","3"
"dkzk","2","1","3"
"dlange","2","1","3"
"Dlondhe","1","2","3"
"DMalfoy","1","2","3"
"dmdmdm222","1","2","3"
"dmishchuk1993","1","2","3"
"Dmitr1977","2","1","3"
"dmitriyru","1","2","3"
"Dmitry_Polyantsev","2","1","3"
"dmitryGY","2","1","3"
"DMOlli99","2","1","3"
"dmoneyflow","1","2","3"
"dmoracarre","2","1","3"
"Dmytro_Zaiats","2","1","3"
"dnejpr_svyatogor","2","1","3"
"dnelzzz","1","2","3"
"Dns1221","1","2","3"
"Do_Not_Fall_Down","2","1","3"
"Do_not_push","1","2","3"
"Doanhuy_2016","2","1","3"
"dobbbbbby","1","2","3"
"dobranaura","1","2","3"
"dobriakovalex","1","2","3"
"dobrisa","1","2","3"
"dobrovicsb","2","1","3"
"Doc_kd96","1","2","3"
"Doc-Loose-Goose","2","1","3"
"docburner","1","2","3"
"DocentFiut","2","1","3"
"Docernst","1","2","3"
"DocJ","1","2","3"
"Doctored","2","1","3"
"DoctorJ95","2","1","3"
"DoctorMu","2","1","3"
"Doctorurol","1","2","3"
"DoctorWhopper","1","2","3"
"DoctorZoidberg","1","2","3"
"doctrinesatranc","2","1","3"
"dodje1337","2","1","3"
"dodmdmdo","2","1","3"
"Dodo99","1","2","3"
"dodongbobo","2","1","3"
"Dog-wen","2","1","3"
"dogacarik","1","2","3"
"Dogancakdi","2","1","3"
"DogeBank","1","2","3"
"doglovesgafs","1","2","3"
"Dogs-Gambit","2","1","3"
"Doguyel24","2","1","3"
"doitsheep","1","2","3"
"Doktor_Civanim","1","2","3"
"doktor1997","1","2","3"
"Dolbolob_FOREVER","1","2","3"
"doljenkoff","1","2","3"
"dolph1nnn","1","2","3"
"Dom_Coxote","2","1","3"
"Dombagon","1","2","3"
"domdomkursunu06","1","2","3"
"Dome_112","2","1","3"
"domenico2012","1","2","3"
"Domenico87","1","2","3"
"domig1","1","2","3"
"Dominator96","2","1","3"
"DominguezS","1","2","3"
"DominicGallagher7","2","1","3"
"Dominik-2717","1","2","3"
"Dominik76","1","2","3"
"dominikl","2","1","3"
"domino_person","2","1","3"
"Dominus777","2","1","3"
"Don_Josif","2","1","3"
"Don_Oussama","2","1","3"
"Don_Ruan","1","2","3"
"Don_Tabasko","2","1","3"
"Don_Valentino","2","1","3"
"Donald_2008","2","1","3"
"Donaldtrampa","2","1","3"
"DonAlfredo8","2","1","3"
"Donchess1","1","2","3"
"DONCOV","1","2","3"
"DonDICO","2","1","3"
"Donerom","2","1","3"
"donfredo34","2","1","3"
"dongo8","2","1","3"
"donkeykiller","2","1","3"
"DonMuhtar","2","1","3"
"DonnyRainboe","1","2","3"
"donortega","2","1","3"
"Donskieee","1","2","3"
"dontaskmynumber","1","2","3"
"dontoni67","1","2","3"
"doofuslarge","1","2","3"
"Doom35","2","1","3"
"DOPPIODED","1","2","3"
"Dorbes","2","1","3"
"dorciporci","1","2","3"
"Dorikdorikpomidorik","2","1","3"
"Dorsdt","2","1","3"
"dortalplacido","2","1","3"
"Dorteen","1","2","3"
"DORUK12345678","1","2","3"
"Doruk1234678","2","1","3"
"Dosymzhan12","1","2","3"
"Dotan-Sh","2","1","3"
"DotknijKapelusza","1","2","3"
"dotMahdi","1","2","3"
"Dotwo","2","1","3"
"DoubleBishopAttack05","1","2","3"
"DoubleKnightAttack","2","1","3"
"DouDou1444","2","1","3"
"DoughyJ","1","2","3"
"Douglas_Brasil","1","2","3"
"downtownchrisbrown","1","2","3"
"doxology1000","2","1","3"
"Dr_Albers","1","2","3"
"dr_attack_6385","2","1","3"
"Dr_BaiqAyu","1","2","3"
"Dr_Benyamin","2","1","3"
"Dr_House13","2","1","3"
"Dr_Ruzik","2","1","3"
"Dr-AbdallahJo","1","2","3"
"dr-drunki","2","1","3"
"Dr-Oak","2","1","3"
"Dr2009M","2","1","3"
"Drabiyer","2","1","3"
"draconicfae","2","1","3"
"dracos16","1","2","3"
"DrAG_00","1","2","3"
"Drag4r","1","2","3"
"DragomirMihovic","1","2","3"
"DRAGON101","2","1","3"
"dragon1137","2","1","3"
"Dragon1930","2","1","3"
"DragonBeast12","2","1","3"
"dragonchess000","2","1","3"
"Dragonfenix","2","1","3"
"DRAGONfruit2nd","1","2","3"
"Dragonmaster1505","2","1","3"
"Dragu14","2","1","3"
"DRAHMEDMASAHLY","2","1","3"
"Drake-D","2","1","3"
"DRAKEN_2107","2","1","3"
"draken_chess","2","1","3"
"Drama-queen","2","1","3"
"Dramagold","2","1","3"
"Drammenveg","2","1","3"
"DrAsclepius","2","1","3"
"dravenirelia","1","2","3"
"draxck","1","2","3"
"DraxisV","2","1","3"
"DrBalk","1","2","3"
"DrBonnetRhD","2","1","3"
"DrBotch","1","2","3"
"DrChessPuzzle","1","2","3"
"DrDoorkey","1","2","3"
"DRDR24","1","2","3"
"DrDune42","1","2","3"
"dread-ghost","2","1","3"
"dreakfest","2","1","3"
"Dreamdog","2","1","3"
"dredly","1","2","3"
"Dredones","2","1","3"
"DrEdspaghetti","1","2","3"
"Dreina","2","1","3"
"DrElrondMcBong","1","2","3"
"drewacet","1","2","3"
"drewich","2","1","3"
"drhidayat","2","1","3"
"Drifter001","1","2","3"
"Drindy","2","1","3"
"drjammy","1","2","3"
"drkgkgr","1","2","3"
"DRKIRANBALYADAV","1","2","3"
"DrKrazy","2","1","3"
"drl1970","1","2","3"
"Drlivessy","2","1","3"
"drloki","1","2","3"
"DrLuckyMonty","1","2","3"
"DrMikhalych","1","2","3"
"Drolofo","1","2","3"
"drorkolran","1","2","3"
"DrOtanazarov_0219","1","2","3"
"DrParrot","2","1","3"
"DrPFTB","1","2","3"
"DrSackQueen","1","2","3"
"DrSolitude","2","1","3"
"drsoooos","1","2","3"
"drstrange2107","1","2","3"
"DrThan","2","1","3"
"drthemine","2","1","3"
"drunk_axolotl","1","2","3"
"DrunkenGemstone","2","1","3"
"DrunkenSquid","2","1","3"
"DrunkGamer06","2","1","3"
"DrunkOnlyGames","1","2","3"
"drunkorhungover","2","1","3"
"DrunkPirate95","1","2","3"
"DrunkProfessor","2","1","3"
"Drwinner999","1","2","3"
"dst91","1","2","3"
"dstevens69","1","2","3"
"dstoidis","2","1","3"
"dsypal15","1","2","3"
"dt_122","1","2","3"
"DT15","1","2","3"
"Dt2","1","2","3"
"duarch","1","2","3"
"DUARFattyBuum","2","1","3"
"DubBird","2","1","3"
"DublinBikes","1","2","3"
"Dubov2022","1","2","3"
"DucaDelSud","2","1","3"
"duckboy5525","1","2","3"
"DucketyDuck","2","1","3"
"ducko90","2","1","3"
"DucPhu12","1","2","3"
"ductusmaticus","2","1","3"
"dudazmaj23","2","1","3"
"dudeidk","1","2","3"
"Duesenhummel2","2","1","3"
"Duester222","2","1","3"
"DuGaRoV_DaMdIn_2406","1","2","3"
"dugi_8","1","2","3"
"dukezinho_ap","2","1","3"
"duku81","2","1","3"
"Dumara00","2","1","3"
"DumbosKeki","2","1","3"
"DuMoH96","1","2","3"
"dumplingDefender","2","1","3"
"dumptoaverage","1","2","3"
"Dunddy","2","1","3"
"Dunkchump","2","1","3"
"Dunnite","2","1","3"
"DUNYAHAYATDOLU","2","1","3"
"duongmanhquan3a6","2","1","3"
"Dur0chka","2","1","3"
"duranov","2","1","3"
"dusanvukovic","1","2","3"
"Dustin_Hdz_1","1","2","3"
"DustinJMyers","2","1","3"
"dusty_brah","1","2","3"
"dusty_chessboard","2","1","3"
"DuTChess78","1","2","3"
"Dutchjelly","2","1","3"
"dutxeli_messi53","2","1","3"
"DutyRanger","1","2","3"
"Dvinorey","1","2","3"
"Dxoomff","2","1","3"
"dxt99","2","1","3"
"Dy2Ur3","1","2","3"
"Dyingfromboredom","1","2","3"
"dyingwhale29","2","1","3"
"dylansmith353","1","2","3"
"Dymerczello","2","1","3"
"DYNAMIC_MAESTRO","2","1","3"
"DYNAMIS_GAMING","1","2","3"
"dzemjewicz","2","1","3"
"dziendobrydziendobry","2","1","3"
"Dzikfan","2","1","3"
"Dzokej","1","2","3"
"Dzona63","2","1","3"
"dzrising","1","2","3"
"E_Manu8","2","1","3"
"E_VENUM_F","1","2","3"
"e13bisrecord","2","1","3"
"e2812","1","2","3"
"e2d4knight7","1","2","3"
"e2e1","1","2","3"
"e4Nod4NoCf3YESSS","2","1","3"
"E6djalok","2","1","3"
"EAErdemir","1","2","3"
"eal-murt","1","2","3"
"ealjkj1","2","1","3"
"ealtitye","1","2","3"
"eamzy","1","2","3"
"Eanitana","2","1","3"
"Earthgoddess","1","2","3"
"easy_GoingGuy","2","1","3"
"Easy-Pawn","1","2","3"
"easy12345","1","2","3"
"easy2easy","2","1","3"
"easypawn505","2","1","3"
"EasyWinne","2","1","3"
"Eat_yo","1","2","3"
"Eat_YourVeggies","1","2","3"
"EatMaster","2","1","3"
"Eatsleepchessrepeat","1","2","3"
"Eavezz","2","1","3"
"eberth43545353534534","1","2","3"
"EBIKINGG","2","1","3"
"eblack","2","1","3"
"Ebong29","1","2","3"
"Ebrar271","2","1","3"
"ebzo_the_potato","1","2","3"
"ecankoparal1","1","2","3"
"ecaplayer","1","2","3"
"Ece0605","1","2","3"
"echecs-lily","1","2","3"
"echo96","2","1","3"
"Echolalie","2","1","3"
"ecjpr27","1","2","3"
"ecolande","2","1","3"
"ecumedesjours","2","1","3"
"ecvulic","1","2","3"
"Ed-mundo","2","1","3"
"Edargorter","1","2","3"
"edasich","2","1","3"
"Edaz2422","2","1","3"
"eddi995","2","1","3"
"eddy_2000","1","2","3"
"Edendale","2","1","3"
"ederbl","2","1","3"
"edgar_io","1","2","3"
"EdgardoCochesumare","1","2","3"
"edgexpina","1","2","3"
"edggonzalez","1","2","3"
"EdGiddyMan","2","1","3"
"edikg","2","1","3"
"EdiTheWolf","2","1","3"
"EdjoE","1","2","3"
"edkj","2","1","3"
"Edlyr","2","1","3"
"edmontoneuler","2","1","3"
"Edoardo77","2","1","3"
"edrdmdst","1","2","3"
"Edsonrc","1","2","3"
"edtsjhrdytksr5ykrfcg","2","1","3"
"edu022","1","2","3"
"eduard_fin","1","2","3"
"EduarDalroz20","1","2","3"
"Eduardo-contreras","2","1","3"
"EduardoAnriquez","2","1","3"
"eduardokk","1","2","3"
"EduardoMiranda","2","1","3"
"eduardomurguia55","1","2","3"
"EduardoMuvi","2","1","3"
"eduardostrumpet","2","1","3"
"EducatedCart","1","2","3"
"eduherminio","2","1","3"
"EdulChess","1","2","3"
"edumambo","1","2","3"
"eeeeDA","2","1","3"
"eemezi","1","2","3"
"eerenonerr77","2","1","3"
"efaceshop_ru","1","2","3"
"efe484848","1","2","3"
"efecansert","2","1","3"
"efekox","2","1","3"
"efenero","2","1","3"
"Efimmafim","2","1","3"
"EFoz","2","1","3"
"efsane36","2","1","3"
"EfsaneEmo","1","2","3"
"egarciareino","1","2","3"
"egeboy1000","1","2","3"
"egeerimsenturk","1","2","3"
"egerstle","1","2","3"
"Eggsoggy","2","1","3"
"Eglis1","1","2","3"
"EGNfanclub","1","2","3"
"ego1996","1","2","3"
"Egor_Bondaruk","2","1","3"
"egor42","2","1","3"
"EgorRakov2","2","1","3"
"egorustinow","2","1","3"
"Egoryrtr","1","2","3"
"egzaltowana_panna","2","1","3"
"Ehab_Hamdy","1","2","3"
"ehabmohamed","2","1","3"
"ehee1","1","2","3"
"ehrensoeren","1","2","3"
"Ehsan_389","1","2","3"
"ehsan243","2","1","3"
"Ehsan65azimi","2","1","3"
"ehsan696","2","1","3"
"Ehsunny","1","2","3"
"ehv","2","1","3"
"ei_oska_mangida","1","2","3"
"EI-Sherbiny","2","1","3"
"Eichelhaeher1","1","2","3"
"eifachufa","2","1","3"
"EikiEiche911","2","1","3"
"Ein_Nova","1","2","3"
"einfachvielbesser","2","1","3"
"EinsteinGuru","2","1","3"
"eirikl","1","2","3"
"Eisely07","2","1","3"
"eitery","2","1","3"
"EivindElverum","1","2","3"
"ejazevedo","1","2","3"
"ejegiof","2","1","3"
"ejpogi007","1","2","3"
"Ekanata","2","1","3"
"EkirekiIssen","1","2","3"
"ekob123","1","2","3"
"ekwaquesnyitho","1","2","3"
"el_bakistano","1","2","3"
"el_gringo94","1","2","3"
"el_Profesorrr","1","2","3"
"El_roto","2","1","3"
"El-Fripouille","2","1","3"
"El-Hadj-el-Anka","1","2","3"
"elabuyukcetinkaya","2","1","3"
"Elachechino","2","1","3"
"eladiorrrr","2","1","3"
"eladsade","2","1","3"
"Elakemans","2","1","3"
"ElBacalao","2","1","3"
"ElBatya","2","1","3"
"ElbaZurita","1","2","3"
"elbebesito","2","1","3"
"ElBicichilero","1","2","3"
"Elbouhalinaoufal","2","1","3"
"ElBuenPastor","2","1","3"
"elBuho7","2","1","3"
"Elcaballasno","1","2","3"
"elchappo9","2","1","3"
"Elchino2011","2","1","3"
"elcotufa","1","2","3"
"elcrac7095IY","2","1","3"
"eldanizb","1","2","3"
"eldezuera","1","2","3"
"eldom027","2","1","3"
"eldos21","2","1","3"
"Eldugron","1","2","3"
"Eleazar4556","1","2","3"
"electrictemporal","2","1","3"
"electroclau","1","2","3"
"eLeKTriX1317","1","2","3"
"elektronickss","2","1","3"
"Elektrotek","2","1","3"
"Elena-VM","1","2","3"
"Eleonora89","2","1","3"
"Elestirman53","2","1","3"
"elfakher","2","1","3"
"elfranone","2","1","3"
"Elgo9","1","2","3"
"ElGranFisher","2","1","3"
"Eli-veliyev1234","1","2","3"
"Elian-Isaac","1","2","3"
"elianjklm","2","1","3"
"elias125","2","1","3"
"elias59UTP59","2","1","3"
"EliBaer96","2","1","3"
"Eliclax","2","1","3"
"elicottero","1","2","3"
"EliGrondin","2","1","3"
"elihowitt","1","2","3"
"Elii_PL","2","1","3"
"elijahspades","1","2","3"
"Elijuan","2","1","3"
"Elinajes","1","2","3"
"elipson2","2","1","3"
"ElisabethSchni","1","2","3"
"ElisangelaMI","2","1","3"
"elise88","1","2","3"
"EliteTitan30","2","1","3"
"EliTheCoolGuy","1","2","3"
"elividal","2","1","3"
"ElJefe08","2","1","3"
"Eljon28","2","1","3"
"elkanovRSO","2","1","3"
"ElKingNasser","1","2","3"
"Ellaijio","2","1","3"
"Elliot_B","1","2","3"
"ellswalls4","2","1","3"
"Elmagnito_02","2","1","3"
"elmakina123","1","2","3"
"elmamaria123","2","1","3"
"elman777","2","1","3"
"Elmandoh","1","2","3"
"elmarakby2020","2","1","3"
"elmehdisalama","1","2","3"
"elmerbacalso","1","2","3"
"Elmir-2007","1","2","3"
"ElMontes","1","2","3"
"ELNOR","1","2","3"
"elo2000until2022","2","1","3"
"elOfant2005","1","2","3"
"eloily300","1","2","3"
"Elolusion","1","2","3"
"elotro2","1","2","3"
"Eloy3057X","1","2","3"
"Elparejo","2","1","3"
"Elperro_13","1","2","3"
"ElPerroGuia","1","2","3"
"elportugues","1","2","3"
"Elpresidiario","2","1","3"
"ElRegresoDeXD","1","2","3"
"elriic","1","2","3"
"Elryos","2","1","3"
"ElThano","2","1","3"
"Eltroesmasoyyo","1","2","3"
"Eltruco","2","1","3"
"Eltz","2","1","3"
"Elvantiel99","1","2","3"
"elvenerable","1","2","3"
"elvenking","1","2","3"
"Elviant","2","1","3"
"Elviro","2","1","3"
"Elvis_Leal","1","2","3"
"Elysiian","2","1","3"
"em6","2","1","3"
"Ema_Roma87","1","2","3"
"emadmerzek2021","2","1","3"
"Emanuel85","1","2","3"
"emanuelcenteno","2","1","3"
"emanumeme","2","1","3"
"Emauz","1","2","3"
"Embolus","1","2","3"
"emelalex","2","1","3"
"emelits","2","1","3"
"emg539","2","1","3"
"Emi12345","2","1","3"
"emila","1","2","3"
"emilaroka21","1","2","3"
"Emilianitometal","2","1","3"
"emiliano2020","1","2","3"
"Emillano11","2","1","3"
"Emilo_Ayora10","1","2","3"
"EmilTim","2","1","3"
"Emir2016","1","2","3"
"Emir912","1","2","3"
"EmirCem_24","1","2","3"
"emlyn_wynne","2","1","3"
"Emmanuel_19","1","2","3"
"EmmanuelPradines","2","1","3"
"emmascott","2","1","3"
"EmmaTrapeznikova","1","2","3"
"emmemux","2","1","3"
"Emmettboy7793","2","1","3"
"Emod07","2","1","3"
"emorytate3001","1","2","3"
"Emperor_us","1","2","3"
"EmpireofClouds","2","1","3"
"empror777","1","2","3"
"EmreB86","1","2","3"
"emrekaraa","1","2","3"
"emrelermi","1","2","3"
"EMS2019","1","2","3"
"emullaraj","2","1","3"
"Encla","2","1","3"
"Enderchess","1","2","3"
"EndlessKnights","1","2","3"
"Eneassirica","2","1","3"
"EnergeticHold13","1","2","3"
"enesos0","2","1","3"
"enessgulec","1","2","3"
"enessino","1","2","3"
"Engeu","2","1","3"
"englore","1","2","3"
"engul3","1","2","3"
"engyvortex","1","2","3"
"engzezo","1","2","3"
"Eniacnic","2","1","3"
"Enigma_420","2","1","3"
"enimc4","1","2","3"
"Enissloboda","2","1","3"
"enka101","1","2","3"
"enki44","1","2","3"
"EnmanuelLasker","1","2","3"
"enniliano","2","1","3"
"EnosRagedi02","2","1","3"
"enot228","1","2","3"
"Enoy87","1","2","3"
"enpetitpassant","2","1","3"
"EnriqueR_STJ","1","2","3"
"enrr","1","2","3"
"Enrrique_Aguilar24","1","2","3"
"EnsarA","1","2","3"
"Entrenando-Ajedrez","1","2","3"
"EntroPete","2","1","3"
"environs","2","1","3"
"envoy331","2","1","3"
"enyoneeeee","2","1","3"
"enz-o123","2","1","3"
"Enzo_FR","2","1","3"
"enzo_mor13","2","1","3"
"Enzo-Magnifiak","1","2","3"
"eondr","2","1","3"
"Ephesus35","1","2","3"
"epique97","1","2","3"
"EpMinato","2","1","3"
"eponin","1","2","3"
"epwew","2","1","3"
"EquableGoose","2","1","3"
"Equitaire","1","2","3"
"Eqwdas22","1","2","3"
"eraclion","2","1","3"
"Erag0n77","2","1","3"
"eraghost","2","1","3"
"ErahsMuhs","2","1","3"
"erasyl1970","2","1","3"
"Erathorn55","1","2","3"
"erdemae","2","1","3"
"erdemuyanik","1","2","3"
"erdincd","1","2","3"
"eren_kls07","2","1","3"
"Eren_Temizz","2","1","3"
"Eren-Yeager-2020","2","1","3"
"ErenBakiler","1","2","3"
"erenbend","2","1","3"
"ErenDev","2","1","3"
"erengulten","2","1","3"
"erenismail","2","1","3"
"erenrck","1","2","3"
"ErenYeager3","2","1","3"
"erhanafsaroglu","2","1","3"
"EricDago","2","1","3"
"ErichFried","2","1","3"
"ericlbrown","1","2","3"
"ericriva","1","2","3"
"erikderredkire","2","1","3"
"erikhormel","1","2","3"
"Erikillo","1","2","3"
"erion99","2","1","3"
"ErjonSina2","2","1","3"
"ErKamayuk","1","2","3"
"erkamyildizhan16","1","2","3"
"erkan-deu25","1","2","3"
"Erkanat89","1","2","3"
"ErlanShahuet","2","1","3"
"ErminaErnestina","1","2","3"
"ErnadAgovic","1","2","3"
"ernazar00","1","2","3"
"Erne95","1","2","3"
"ernest-thabo-khumalo","1","2","3"
"Ernest30","2","1","3"
"Ernesto01","1","2","3"
"ernestovsosa","1","2","3"
"Erni19","2","1","3"
"eronald","2","1","3"
"erpami01","2","1","3"
"erpanza","2","1","3"
"Errajichou","2","1","3"
"erroneouserroneus","2","1","3"
"ers0","1","2","3"
"erselan_66","2","1","3"
"Ertai15","2","1","3"
"ertesh","2","1","3"
"Erturulo3","1","2","3"
"ErwanLr","2","1","3"
"Erzk","2","1","3"
"Esaak","1","2","3"
"esacharghand","2","1","3"
"escorpi63","2","1","3"
"Escorpio666","1","2","3"
"esecra","2","1","3"
"Eselkarren","2","1","3"
"Esesoyi","1","2","3"
"Eshwar35","2","1","3"
"esi1384","1","2","3"
"eskiemre","1","2","3"
"eslamabdelhameid","1","2","3"
"eslitvinov81","1","2","3"
"Esmaeil197992","1","2","3"
"esmailezzz94","1","2","3"
"EsMelo","1","2","3"
"espezimfaria","2","1","3"
"ESPN111","2","1","3"
"esrefinal907","1","2","3"
"EssamLibya","1","2","3"
"esse_bi","2","1","3"
"Essolas","1","2","3"
"estay12","2","1","3"
"estonets","1","2","3"
"estrangedxxd","2","1","3"
"estudiosdelguest","2","1","3"
"esumer","1","2","3"
"Eten","1","2","3"
"EternalSwindled","2","1","3"
"ethanara","1","2","3"
"ethAnShP","1","2","3"
"ethereal00","1","2","3"
"etienne_52","1","2","3"
"Etocalo12","2","1","3"
"ettsalim","2","1","3"
"eudrunken","2","1","3"
"Eugen87","1","2","3"
"Eugeneman","2","1","3"
"EugeneMedina","2","1","3"
"EugenMusihin","2","1","3"
"Eugeny1984","2","1","3"
"Eulerhund","2","1","3"
"eunique","1","2","3"
"eureca21","1","2","3"
"EURO8000","1","2","3"
"eusebiu","1","2","3"
"Euthanas1a","2","1","3"
"Evan33r","2","1","3"
"evansjahja","1","2","3"
"evelasco","2","1","3"
"evened","2","1","3"
"everbula2","2","1","3"
"evert1985","2","1","3"
"Everythingpossible","1","2","3"
"Evge_nvin","2","1","3"
"EvgenEVgenich","1","2","3"
"Evgeniy_Trusov","1","2","3"
"Evgeny3214","1","2","3"
"Evgeny83","1","2","3"
"evgusihin","2","1","3"
"Evicin_de_pawn","2","1","3"
"Evilcracs","1","2","3"
"evilreturns","2","1","3"
"EvVass","2","1","3"
"EW_Chan00","2","1","3"
"ewen123","1","2","3"
"EX_Loner","1","2","3"
"excellens","1","2","3"
"excellentwork","1","2","3"
"EXCtAiN","2","1","3"
"EXEQUIELP","1","2","3"
"exewe","2","1","3"
"Exilese","1","2","3"
"Exitusletalis","1","2","3"
"ExoNihilo","1","2","3"
"exterminator2022","2","1","3"
"extrainstinct","1","2","3"
"extremespaghett","1","2","3"
"Eyal1Paz","1","2","3"
"eybhe81","2","1","3"
"eyp2121","2","1","3"
"eyppp","1","2","3"
"eyrikh","2","1","3"
"eyupbnintemelyorumu","2","1","3"
"eyupcanshn","1","2","3"
"ez_xd","1","2","3"
"EZ4Joker","1","2","3"
"Ezel-yaraktar","1","2","3"
"Ezequiel_bianchi","1","2","3"
"ezra_pctr","2","1","3"
"ezratong","1","2","3"
"EZZII","2","1","3"
"F_l_o_g_e","1","2","3"
"F-Fanat","2","1","3"
"F14_Polska","1","2","3"
"faaaaaanny","2","1","3"
"Fabb_h","2","1","3"
"Fabi1313","2","1","3"
"Fabiano_Dan","1","2","3"
"fabiat","1","2","3"
"FabiDi","2","1","3"
"fabiensh","2","1","3"
"fabiii87","2","1","3"
"FABIO_LUS","2","1","3"
"fabio72S","2","1","3"
"FabioCanedo","1","2","3"
"FabioOficial","2","1","3"
"FablooEscorbar","1","2","3"
"Fabri33","2","1","3"
"facudipas","2","1","3"
"facundoantman99","1","2","3"
"fadedstarboy","2","1","3"
"fadelizard","1","2","3"
"fadi012","1","2","3"
"FadiFu","1","2","3"
"Fadlitenggo","2","1","3"
"Fahad_009","1","2","3"
"fahadf","1","2","3"
"fahmi_cut","2","1","3"
"faiq_m","1","2","3"
"FairyTale37","2","1","3"
"faiztumer","1","2","3"
"FakeJakeNZ","1","2","3"
"FakeSnake","1","2","3"
"Falaf","2","1","3"
"Falaludeen","2","1","3"
"Falanga78","1","2","3"
"Falcon10K","2","1","3"
"falerorei","2","1","3"
"FalexF","2","1","3"
"falguni32","2","1","3"
"Fallorama","2","1","3"
"FamilyK","2","1","3"
"FamousOldPainters","2","1","3"
"FanFan01","2","1","3"
"fangxinsishu","1","2","3"
"fanissssssss","2","1","3"
"Fantasia","2","1","3"
"Fantastikadam","2","1","3"
"Fantom83","1","2","3"
"fantoo","1","2","3"
"fanvanajs","2","1","3"
"fanxayoo","2","1","3"
"fap0126","2","1","3"
"Far2you","1","2","3"
"fargent","1","2","3"
"farhad_gho","2","1","3"
"Farhan_733","2","1","3"
"farhod83","1","2","3"
"farid1000","2","1","3"
"Farimehr","2","1","3"
"Farmor01","1","2","3"
"farpecan328","1","2","3"
"farragR","1","2","3"
"Farualba","2","1","3"
"FARUK_ULUSS","2","1","3"
"faruk57","2","1","3"
"FASTandSTREVV","2","1","3"
"fastestmanalive","2","1","3"
"Fateh72","1","2","3"
"fatemeh-ar","1","2","3"
"fathur-rohman","2","1","3"
"fatibaba96","2","1","3"
"fatih_98","2","1","3"
"fatihayyildizzz","1","2","3"
"Fatihbahriyeli","1","2","3"
"fatihkarahan55","1","2","3"
"Fatinfuat61","2","1","3"
"Faus_Magnum_Opus","2","1","3"
"Fav_fav","2","1","3"
"FavioT","1","2","3"
"fcbarcelonaaa","1","2","3"
"fcc2009","1","2","3"
"fcd9174","2","1","3"
"Fcesar04","2","1","3"
"fcojavierorihuela","2","1","3"
"fcpasquini","2","1","3"
"fdom","1","2","3"
"Fear-de-Lance","1","2","3"
"Febyamlu","1","2","3"
"FecalAlcoholSyndrome","1","2","3"
"FedBear","1","2","3"
"fedbot","2","1","3"
"Fedde_Verf","1","2","3"
"fedegoutman","1","2","3"
"fedepaoli00","2","1","3"
"federico22v","1","2","3"
"Federico48","1","2","3"
"FedeSonic","2","1","3"
"fedorbyarmbar","2","1","3"
"feedingSpree","1","2","3"
"feedmetoyourqueen","1","2","3"
"Feedz44","1","2","3"
"Feeeeed","2","1","3"
"feiastafredl","1","2","3"
"Feilert","2","1","3"
"felefix","1","2","3"
"feli100","2","1","3"
"felipauskas_castrov","1","2","3"
"felipearredondo","1","2","3"
"FelipeB_M","1","2","3"
"FelipeCoriolano","1","2","3"
"FelipKnot","2","1","3"
"feliprodriguez","2","1","3"
"Felix006","1","2","3"
"FelixBrandt","2","1","3"
"Felixcasavilcavargas","1","2","3"
"felixkad","1","2","3"
"FelixMburson","1","2","3"
"felixpiv","2","1","3"
"fenderles","1","2","3"
"Fener3651","1","2","3"
"fenerinkocasicardi","2","1","3"
"fenici","1","2","3"
"fenil_shah95","1","2","3"
"FeniscowlesKnight21","2","1","3"
"fenix395","2","1","3"
"Fenix82","2","1","3"
"Feodoridi_Mikhail","1","2","3"
"Fer1988","2","1","3"
"ferarci2000","2","1","3"
"Fercova","2","1","3"
"Ferferferferfer","1","2","3"
"FeriRubik014","2","1","3"
"fernagema","1","2","3"
"Fernando-2010","2","1","3"
"Fernando-Neto36","1","2","3"
"Fernando2312","2","1","3"
"Fernando4312","2","1","3"
"Feroxious","1","2","3"
"Ferrari011","1","2","3"
"ferraz_88","1","2","3"
"ferrosario132","1","2","3"
"Ferxxito","1","2","3"
"ferzio","2","1","3"
"fesel2","1","2","3"
"festere38","2","1","3"
"Fetisov_Andrey2022","2","1","3"
"ffemarcounet","2","1","3"
"ffesun","1","2","3"
"fgiustozzi","1","2","3"
"fgmLexus","1","2","3"
"Fgomez8524","1","2","3"
"fgomrue","1","2","3"
"FHappy","1","2","3"
"fhurtadoa","1","2","3"
"fhwc21","1","2","3"
"FIANN11","1","2","3"
"Fibonacci-chess24","2","1","3"
"FibonachoSequins","2","1","3"
"fick007","2","1","3"
"FIck1","2","1","3"
"fico_14","2","1","3"
"fieryhari","1","2","3"
"Fig3A","1","2","3"
"Fight2Survive","1","2","3"
"fighter_gnt","2","1","3"
"Fighterman91","1","2","3"
"fiima","1","2","3"
"Fikri_Hanif","2","1","3"
"FilAxe","1","2","3"
"filibertopancracio","1","2","3"
"Filip1010","2","1","3"
"filipePI","1","2","3"
"filippo2006","2","1","3"
"fill2004","2","1","3"
"filochegod","1","2","3"
"final-kettle","2","1","3"
"finexa7","2","1","3"
"finito7","1","2","3"
"finjm","2","1","3"
"finnpl","2","1","3"
"Firas_khedoumi","1","2","3"
"firasmakled","2","1","3"
"Firatyilmaz3636","1","2","3"
"Fire_Lite","1","2","3"
"FireAtlas","2","1","3"
"FireB11","2","1","3"
"firedragonsbreath","2","1","3"
"fireisred","2","1","3"
"firelizard1","2","1","3"
"Firless","2","1","3"
"Firmansyah06","2","1","3"
"FirmeyTenaz","1","2","3"
"First-Chess-Master","1","2","3"
"FirstAsTragedy","1","2","3"
"FISHER418","2","1","3"
"Fisher456","1","2","3"
"Fisherbird","2","1","3"
"fishgame","1","2","3"
"fishissushi","1","2","3"
"FishStick3000","1","2","3"
"fishstyx5","2","1","3"
"FiTempo","1","2","3"
"Fito05","1","2","3"
"FiveBucks","1","2","3"
"fivefingersofdeath","1","2","3"
"FiveMinBreak","2","1","3"
"fivepasttwo","1","2","3"
"Fives501","1","2","3"
"fjacosta0503","2","1","3"
"fkrt55","2","1","3"
"FlabegastedAnhad","1","2","3"
"FLACKZZZ","1","2","3"
"flakeyxxpro","1","2","3"
"flakoabel","2","1","3"
"FlamingCosmonaut","2","1","3"
"Flash78","2","1","3"
"flash999kaes","1","2","3"
"FlavioHenriqueM","1","2","3"
"Flawlessx","2","1","3"
"Flees7Chess","2","1","3"
"FleetFox22","1","2","3"
"fleischerow","2","1","3"
"Flex_Phantom","2","1","3"
"Fleyte","2","1","3"
"flikotr","2","1","3"
"Flixelix","1","2","3"
"flo_o","1","2","3"
"flo04","1","2","3"
"floatingtrees","2","1","3"
"Floeffel","2","1","3"
"floetzersteig","1","2","3"
"floki07","1","2","3"
"flokirdm","2","1","3"
"florapi","2","1","3"
"Florentiec","2","1","3"
"Flori_bori1","2","1","3"
"FloRi90","2","1","3"
"Florian0202","1","2","3"
"flovvr","1","2","3"
"Flowerhills","2","1","3"
"Floyzfam","1","2","3"
"FLS83","2","1","3"
"Fludched","2","1","3"
"Fluffy1808","1","2","3"
"fluffyflo","1","2","3"
"Fluxytosen","1","2","3"
"FlyingBBQ","1","2","3"
"flyinhigh","2","1","3"
"Flynnn","2","1","3"
"flynoxwastaken","1","2","3"
"Fmessias","2","1","3"
"fmfmfmfmfm703","2","1","3"
"FNaber","2","1","3"
"Fnourani89","2","1","3"
"fo","1","2","3"
"Fockstish","1","2","3"
"fodklaus","2","1","3"
"fodorpoti","1","2","3"
"FogarBreogan","1","2","3"
"Foggy_123","2","1","3"
"foivoshn","1","2","3"
"Foldas","2","1","3"
"fondmaximus","2","1","3"
"fordite","2","1","3"
"Fordy2198","1","2","3"
"forellenfilet","2","1","3"
"Forenzble","1","2","3"
"Forestf","2","1","3"
"forestman12","1","2","3"
"forlegends","1","2","3"
"FormlessAndVoid","2","1","3"
"ForMyDreams","1","2","3"
"Fors_09","2","1","3"
"Fors33","1","2","3"
"ForseVaryant","2","1","3"
"Fortwarlock","2","1","3"
"FoRUS","1","2","3"
"ForzaLoko","2","1","3"
"Fossarov","2","1","3"
"fotim","1","2","3"
"Fotobanditt","1","2","3"
"Fouj2609","1","2","3"
"Foura","1","2","3"
"fourway4","1","2","3"
"Fousty","1","2","3"
"Fox_3","1","2","3"
"foxik","2","1","3"
"FOXRPG","2","1","3"
"Foxtrot88","2","1","3"
"foxxy1","1","2","3"
"FoxyPlayer","1","2","3"
"fozba","2","1","3"
"fp61","1","2","3"
"FR_BC","2","1","3"
"Fr34kSh0w","1","2","3"
"Fra_21","1","2","3"
"fra_dolcino1","1","2","3"
"fra2901","1","2","3"
"fractal_discovery","2","1","3"
"FragrantOstrich","2","1","3"
"Fraksov","2","1","3"
"Franavec","1","2","3"
"frAncelotti","1","2","3"
"Francescobernardi","2","1","3"
"FrancescoPolli22","2","1","3"
"francisb_d","1","2","3"
"franciscoluisbet","2","1","3"
"franciscorabal","2","1","3"
"FRANCISKIMGELOCA","2","1","3"
"franciskoo","1","2","3"
"FrancisRoiParro","2","1","3"
"Francochan","1","2","3"
"francochess11","2","1","3"
"Francofsk8","2","1","3"
"francolazarte1","2","1","3"
"FranekSk","2","1","3"
"Frank_50","1","2","3"
"Frank1224","2","1","3"
"frankdown","2","1","3"
"frankelen","2","1","3"
"FrankSantaCruz","2","1","3"
"frankwellington","2","1","3"
"Franky2112","1","2","3"
"Franpixie","2","1","3"
"frantisek80","2","1","3"
"franz_ohne_hut","1","2","3"
"franzotti","2","1","3"
"Freakchu","1","2","3"
"Freant","1","2","3"
"Fred_Duras","2","1","3"
"fredcakmaktash1","2","1","3"
"freddefar","1","2","3"
"Freddi_TrahtenEberg","1","2","3"
"fredecb","2","1","3"
"freder-3","2","1","3"
"FrederickUwU","1","2","3"
"Fredi98","2","1","3"
"Fredy_27","1","2","3"
"fredzugs","2","1","3"
"Free_willed_AI","2","1","3"
"FreeDuck","2","1","3"
"freemybudds","1","2","3"
"freischwimmer","1","2","3"
"freshbones","2","1","3"
"Fresias","1","2","3"
"FreSpiMar","2","1","3"
"FridiOlsen","1","2","3"
"friendlyPianist","1","2","3"
"Fring_2435","1","2","3"
"Frisian11","1","2","3"
"frito_mosquito","1","2","3"
"fritz-the-rat","2","1","3"
"frkngx","2","1","3"
"Frokid","1","2","3"
"frolovivan1210","2","1","3"
"frossth","1","2","3"
"frothycoyote123","2","1","3"
"Frozone123","1","2","3"
"frutmestoofvlees","2","1","3"
"Frygeist","1","2","3"
"FSaavedraf","2","1","3"
"FSST_BING","2","1","3"
"ft029","2","1","3"
"ftaz44","2","1","3"
"fTorstiola","1","2","3"
"Fuad_L13","2","1","3"
"Fuad91","2","1","3"
"fudor","1","2","3"
"Fulcyap","1","2","3"
"funch3ss","1","2","3"
"Funkenregen","2","1","3"
"Funkky","2","1","3"
"funkymonk23","1","2","3"
"Furanose","2","1","3"
"Furbolg","2","1","3"
"furjan2k","1","2","3"
"furkan_akyildiz","1","2","3"
"furkan1610","2","1","3"
"furkan88","1","2","3"
"FurkanAYDNN","1","2","3"
"Furkancmc","1","2","3"
"Furkucyus","1","2","3"
"FuryFlux","1","2","3"
"Furzi","2","1","3"
"FusianDew","1","2","3"
"Fute","2","1","3"
"futuregm-ram","2","1","3"
"fuyukara","1","2","3"
"fving","2","1","3"
"fwb3","2","1","3"
"fx78","2","1","3"
"G____Rahul","1","2","3"
"G_223344","2","1","3"
"g_3","1","2","3"
"g_emiliano_torres","1","2","3"
"g_stukunov","1","2","3"
"g_unt8","2","1","3"
"G-virus","2","1","3"
"G0nMD","1","2","3"
"g3george333","2","1","3"
"g4m3m4st3rzelda","2","1","3"
"G5max","2","1","3"
"G834ZY","2","1","3"
"GAB08SFB","1","2","3"
"GabbarIndia","2","1","3"
"GabiLY","1","2","3"
"gabiraza","1","2","3"
"GabonLeon","1","2","3"
"GaboRangel","2","1","3"
"Gabriel_costa07","1","2","3"
"GABRIEL_LOPEZ","2","1","3"
"gabrielfenix","1","2","3"
"gabrielmoraesmao","1","2","3"
"Gabrielnev","1","2","3"
"gabrielshorn","1","2","3"
"Gabrielvnzla","1","2","3"
"Gabryfish91","2","1","3"
"Gabunky","1","2","3"
"Gabybell","2","1","3"
"Gadfly5","2","1","3"
"Gaensebluemchen2801","2","1","3"
"Gaimm","1","2","3"
"Gal-laHogwartsChess","1","2","3"
"galasura","1","2","3"
"Galbus","1","2","3"
"galindob1","2","1","3"
"Gamazzz","2","1","3"
"Gambeats","2","1","3"
"Gambit_021","1","2","3"
"Gambit1000","1","2","3"
"Gambit7_LWO","2","1","3"
"GambitMyQueen","1","2","3"
"GambitoCuchuflito","2","1","3"
"Gamechanger9870","2","1","3"
"gamer1203","1","2","3"
"Gamerboby","2","1","3"
"GamerQuini","2","1","3"
"GammaCherenkov","2","1","3"
"Ganador_mexico","2","1","3"
"ganda1903","1","2","3"
"gandalf3000","1","2","3"
"Gandalf45","1","2","3"
"GangsterComputerGod","2","1","3"
"GangsterGaztino","2","1","3"
"GANR","2","1","3"
"gans78","2","1","3"
"ganychenko","2","1","3"
"Gar0h","1","2","3"
"Garcia_sebas","1","2","3"
"Gardohacialavictoria","1","2","3"
"garfiox","1","2","3"
"Garik_777","1","2","3"
"Garik01","1","2","3"
"Garimyko","2","1","3"
"Garrix7","1","2","3"
"GarryKapivarovsky","1","2","3"
"garrynakamura","2","1","3"
"GarryO","2","1","3"
"garunas","2","1","3"
"garviv","2","1","3"
"GaSantVV","1","2","3"
"GasilciAhmet","1","2","3"
"gaspao","1","2","3"
"GaspardPhilippovitch","2","1","3"
"Gastonia","1","2","3"
"gastonlizacai","1","2","3"
"gatorblue","2","1","3"
"Gaudete","2","1","3"
"Gaurang93","1","2","3"
"Gautammeniya","2","1","3"
"GavGoat1","1","2","3"
"gavo222","1","2","3"
"GavrilovEgor","1","2","3"
"GawadeShubham","1","2","3"
"gays67","2","1","3"
"GB78","1","2","3"
"gbdfbgfb","1","2","3"
"gbolognesi","2","1","3"
"gcarretero","2","1","3"
"GD17","1","2","3"
"gdbastien","1","2","3"
"GearOne","2","1","3"
"geasslicc","1","2","3"
"Gegga","1","2","3"
"Geggy","1","2","3"
"geiler_02","1","2","3"
"gelion","1","2","3"
"Gemejuan","1","2","3"
"Gemenot","1","2","3"
"gemici_hakko","1","2","3"
"gemlorg","2","1","3"
"GenaralDest","2","1","3"
"genceasan","1","2","3"
"gencibrahimi19999","2","1","3"
"gencogencay","2","1","3"
"Gene_Kenneth","1","2","3"
"general_cartman","2","1","3"
"GeneralLosha","2","1","3"
"Genesis01","1","2","3"
"genjrengs","2","1","3"
"GenRadahn","1","2","3"
"Genzhins","2","1","3"
"geo179","2","1","3"
"Geohart","1","2","3"
"Geokas","1","2","3"
"GeorgeIleana","2","1","3"
"Georgepag","2","1","3"
"GeorgeParaschiv","1","2","3"
"GeorgeRachok","1","2","3"
"georgestoleriu","1","2","3"
"georgeta12345","2","1","3"
"georgeteo","1","2","3"
"georgevag","1","2","3"
"georgiarghon","2","1","3"
"Ger0nim012","2","1","3"
"GeraJeka","2","1","3"
"GeraldSecreto","1","2","3"
"Gerardo04","1","2","3"
"gerasd99788","2","1","3"
"GeriatricGymrat","2","1","3"
"German_Potato","2","1","3"
"germangz1","2","1","3"
"GerMat","2","1","3"
"Gerrit1988","2","1","3"
"GerrysSacrifice","2","1","3"
"getsku","2","1","3"
"getulioxadrez","1","2","3"
"Gevorgg27","2","1","3"
"gfarmakis","1","2","3"
"GG1K","1","2","3"
"GGago","2","1","3"
"ggaviraghi","1","2","3"
"GGdelajedrez","1","2","3"
"ggeztop","2","1","3"
"Gghghg","2","1","3"
"ggrgrf4t4","2","1","3"
"ggwp123","1","2","3"
"gh2001","1","2","3"
"GhANa_gHanA","2","1","3"
"Ghandhoss","2","1","3"
"ghobad_gh","2","1","3"
"ghoghnos61","2","1","3"
"GhostChess_54","1","2","3"
"Ghostface80","2","1","3"
"ghostofbobstanley","1","2","3"
"GhostyBert","2","1","3"
"ghosy16","2","1","3"
"ghuij","2","1","3"
"GHUMFGHUMF","2","1","3"
"Ghuntar","1","2","3"
"ghxstryder","1","2","3"
"Ghyas98","2","1","3"
"Ghyathyassin","1","2","3"
"Giacobon","2","1","3"
"Giaguaro","2","1","3"
"GIAN_PI","1","2","3"
"Giancito_7","2","1","3"
"gianis_bt","1","2","3"
"Gianistan","1","2","3"
"Gianluigi1624","2","1","3"
"gianma87","1","2","3"
"Giannipp","1","2","3"
"gibiarea","2","1","3"
"Gibranitus","2","1","3"
"giddygale","1","2","3"
"Gideonjowel09","2","1","3"
"Giell","2","1","3"
"GIFCM2007","1","2","3"
"Giga10","1","2","3"
"GIGA2025","1","2","3"
"giganticirony","2","1","3"
"Giggioz","1","2","3"
"gigino_x_marcuccio","2","1","3"
"gigogez","2","1","3"
"Gil001","1","2","3"
"Gilduar","2","1","3"
"gilhell","2","1","3"
"gillesmm","1","2","3"
"gilligan","2","1","3"
"GillJacobs","1","2","3"
"GImMohamedqp2","1","2","3"
"Ginarley","2","1","3"
"ginoamaro","1","2","3"
"ginomasterflash","1","2","3"
"ginszudo","2","1","3"
"ginter","1","2","3"
"giobarbiere90","1","2","3"
"GioBB97","1","2","3"
"giocer","1","2","3"
"giola","2","1","3"
"giorgios63","1","2","3"
"giorgoss","2","1","3"
"Giovanni_Pireddu","1","2","3"
"Giovanni2029","2","1","3"
"Gipc_2606","1","2","3"
"Gipocentr","1","2","3"
"giradam","1","2","3"
"Giraffa_in_fiamme","2","1","3"
"Girevik2000","1","2","3"
"Girro","2","1","3"
"gismo42","2","1","3"
"giullardicorte","1","2","3"
"Giuseppe_Dilena24","2","1","3"
"Giuseppino32","1","2","3"
"Givemeapawn","1","2","3"
"givemeasign","2","1","3"
"Gizzmove","1","2","3"
"Gjab","2","1","3"
"GJakab","2","1","3"
"gjelvis","1","2","3"
"GK09","1","2","3"
"gk1995","1","2","3"
"gkachess","2","1","3"
"gkarc","2","1","3"
"gkhansnmz","2","1","3"
"gksl44","2","1","3"
"gkvignesh1","1","2","3"
"GLACIAL21","2","1","3"
"gladiator404","2","1","3"
"gladp","1","2","3"
"glauberggs","1","2","3"
"glaubstopper","1","2","3"
"GLBA89","2","1","3"
"Gleb_Sokolov","2","1","3"
"gleb4356_3","1","2","3"
"Glebberman","1","2","3"
"GlebLu","2","1","3"
"glebooshek","1","2","3"
"GlebTortikov","1","2","3"
"Glenentine","1","2","3"
"glenlesley2700","2","1","3"
"glenn_d14","1","2","3"
"Glomk","1","2","3"
"Glor_y","2","1","3"
"Gloriia","1","2","3"
"Glossy97","1","2","3"
"glowabox","2","1","3"
"gmazimboi","1","2","3"
"gmberry4841","1","2","3"
"gmblundermoves","1","2","3"
"gmboring","1","2","3"
"Gmdezel","1","2","3"
"Gmhakim","2","1","3"
"Gmjoshimin","1","2","3"
"Gmonies89","1","2","3"
"gmpower3200","1","2","3"
"gmprabhuj","1","2","3"
"Gmsany18","2","1","3"
"GmsSpeedTest","1","2","3"
"gnadberg","1","2","3"
"gnaisac","1","2","3"
"gnattuha","1","2","3"
"Gne294","2","1","3"
"gneblord","1","2","3"
"GNOMO-FELIZ","1","2","3"
"gnomu","1","2","3"
"go_xrp","2","1","3"
"Go0dfella","1","2","3"
"Goban57","2","1","3"
"gobias0","2","1","3"
"Gobumastrer","2","1","3"
"gococoyapisco","1","2","3"
"gocsh","2","1","3"
"god5damnnn","2","1","3"
"GodBroly","1","2","3"
"godforsaken999","1","2","3"
"godgambit","2","1","3"
"Godichess83","1","2","3"
"GodIHateChess","1","2","3"
"godLEV7","1","2","3"
"GodLucas2023","2","1","3"
"GODSMACK619","2","1","3"
"Godspeed_21","2","1","3"
"GoForward22","1","2","3"
"Gofret60","2","1","3"
"gogagis2021","1","2","3"
"gogosibas","1","2","3"
"gokcer35","1","2","3"
"gokdemir","2","1","3"
"gokhandenizatamer","2","1","3"
"gokobe","1","2","3"
"GOKULA_KRISHNA_M","1","2","3"
"Golabrzd","2","1","3"
"GoldCobra387","1","2","3"
"Golden_Eagle_27","2","1","3"
"goldenperson","1","2","3"
"goldfinger07092021","1","2","3"
"goldfish_crackers","1","2","3"
"Goldfish59","1","2","3"
"GolDKingmoti","1","2","3"
"GoldmaN271","1","2","3"
"golem_and","2","1","3"
"GOLEM73","1","2","3"
"Goltfish","2","1","3"
"Golub99","2","1","3"
"golumal","1","2","3"
"Gomarin","1","2","3"
"GomezSecaa","2","1","3"
"gomucuk","2","1","3"
"GomZ","1","2","3"
"gon2alo","2","1","3"
"gongotar","1","2","3"
"GonteTwitch","2","1","3"
"Gonz4lo","1","2","3"
"GONZALESP2012","2","1","3"
"GonzalezRoberth_2006","2","1","3"
"GonzaloDoucett","1","2","3"
"gonzo9levski","1","2","3"
"Gonzzalo_Chino","2","1","3"
"good4u_5364","2","1","3"
"GoodDayToDie","1","2","3"
"goodfoxer","2","1","3"
"GoodGooglyMoogly","1","2","3"
"goodguycandymachine","1","2","3"
"GoodKID123","1","2","3"
"GoodKid9","2","1","3"
"goodknightbro","2","1","3"
"GoodNightChessWorld","2","1","3"
"GoogleEnPassant1248","2","1","3"
"Goonbox","2","1","3"
"Goose90","1","2","3"
"gopesh97","2","1","3"
"gopi17","1","2","3"
"Gor_chill","1","2","3"
"GoraNagibator","1","2","3"
"Gordei_Hamidulin2012","1","2","3"
"Gorgonize","1","2","3"
"GorkemCanakcili","1","2","3"
"Goshik45","2","1","3"
"gosprzydowa","1","2","3"
"gouravjhawar","1","2","3"
"gouravyadav","1","2","3"
"GowreeshwarVetri","1","2","3"
"gozhm","1","2","3"
"GpCaptMandrake","1","2","3"
"gpeer_1952","2","1","3"
"gphil1889","1","2","3"
"GPJ","2","1","3"
"GPR65","2","1","3"
"Grabscher1975","2","1","3"
"GRADV","2","1","3"
"graf-zahl","2","1","3"
"grafab","2","1","3"
"grafvlad","2","1","3"
"Gragored","1","2","3"
"GrammyMort","2","1","3"
"GrandAdmiralESE","2","1","3"
"Grandfather1975","2","1","3"
"grandhuntress","1","2","3"
"grandmaison","1","2","3"
"grandmasterani","2","1","3"
"grandmasterkunj","1","2","3"
"Grandmastermerox","2","1","3"
"Grandmonster28","2","1","3"
"grandpiecer08","1","2","3"
"granmaestrogonzalini","2","1","3"
"granmazetas","2","1","3"
"Grapholog","2","1","3"
"gravytrainllc","1","2","3"
"Grawinkelchen","2","1","3"
"GrayKing2019","1","2","3"
"graymedia24","1","2","3"
"graypsi","1","2","3"
"Greath","2","1","3"
"greatrel","1","2","3"
"Greder47","2","1","3"
"greeklover","2","1","3"
"Green-Jam","2","1","3"
"greenheart5774","2","1","3"
"GreenOcelot16","1","2","3"
"GreenPlant_23","1","2","3"
"GregGordon","2","1","3"
"Gregor_Snelting","1","2","3"
"Greilei07","2","1","3"
"Grelv","2","1","3"
"Grenesron","2","1","3"
"GreveZi","2","1","3"
"grevirangr","1","2","3"
"greybeanbag","2","1","3"
"greyhound1000","1","2","3"
"Griffo667","2","1","3"
"Grig_2001","1","2","3"
"Grimi2307","2","1","3"
"Grischuka30","1","2","3"
"griteand22","1","2","3"
"grizzlightning","1","2","3"
"grlgrlgrl","1","2","3"
"grmaga","1","2","3"
"GrobGambit05","2","1","3"
"Grod","1","2","3"
"grolll","1","2","3"
"GrossChess","1","2","3"
"GrossmeisterGojo","1","2","3"
"Grosty","1","2","3"
"Group_Therapy","2","1","3"
"Grozzzlybear","1","2","3"
"Grumbledip","1","2","3"
"Grundar","1","2","3"
"GrunowT","2","1","3"
"gruuubvs","1","2","3"
"grvtl","1","2","3"
"grype06","2","1","3"
"gs5fjs457","2","1","3"
"gseidell","2","1","3"
"gslet","1","2","3"
"gsTRgsTR","1","2","3"
"gsujeet","1","2","3"
"Gthazsp1","1","2","3"
"gtrechak","1","2","3"
"Gtrst","2","1","3"
"Guarana89","2","1","3"
"Guarani92","2","1","3"
"guardiavieja","1","2","3"
"guardons","1","2","3"
"gubalagabor","2","1","3"
"Gudegois","2","1","3"
"gudrungrawunder","1","2","3"
"guduule","1","2","3"
"GuerreroChanka2021","2","1","3"
"guessSx","1","2","3"
"guestbr","2","1","3"
"gugario","2","1","3"
"gui803","2","1","3"
"guiablo","2","1","3"
"GuidoF4wkes","1","2","3"
"guidonyc","1","2","3"
"GuiGallio","2","1","3"
"Guiguiboom","1","2","3"
"Guildysr","2","1","3"
"guilhain","2","1","3"
"Guillem2010","1","2","3"
"GUIRADO40","1","2","3"
"Guitar_2026","1","2","3"
"Guivenson2020","2","1","3"
"GulamJapakov","1","2","3"
"GultayKanapny","2","1","3"
"Gumbolio","1","2","3"
"Guna_sekar","1","2","3"
"Gunterfranz","1","2","3"
"gunzie95","1","2","3"
"gupia_osoba","2","1","3"
"gupop","2","1","3"
"GurkanAyto","1","2","3"
"gurov-dmitriy","1","2","3"
"guru_epsilon","1","2","3"
"guru4c","1","2","3"
"GusDavis","2","1","3"
"Gusking16","1","2","3"
"gustalba","1","2","3"
"gustavojasen","1","2","3"
"gustavota","2","1","3"
"gustgold","1","2","3"
"gustihaas1610","2","1","3"
"gustyming","2","1","3"
"GVila84","2","1","3"
"gvshukla321","2","1","3"
"gwandro","1","2","3"
"gwapoko","1","2","3"
"Gwathra","2","1","3"
"Gwenuser12","2","1","3"
"gwz56","1","2","3"
"Gypies","2","1","3"
"GZimmerschied","2","1","3"
"h_richter","1","2","3"
"h0-0h","1","2","3"
"H000","1","2","3"
"h0pefu1","2","1","3"
"H1GHCHESS","2","1","3"
"h1k1komori","1","2","3"
"H445","1","2","3"
"H4n1baL","1","2","3"
"h8everyindian","1","2","3"
"HA-MO","2","1","3"
"Haaland_Haaland","1","2","3"
"haarbal","2","1","3"
"HABEBMT123","1","2","3"
"Habeyo","1","2","3"
"Habib06","1","2","3"
"Habib2018","2","1","3"
"HaciyevAlik","1","2","3"
"hacker_solz","1","2","3"
"Hacker_Son_of_ZEUS","2","1","3"
"HACKERSTARK","2","1","3"
"Hadi_D","1","2","3"
"Hadiyah","2","1","3"
"HadraqueJ11","1","2","3"
"hadtogetasnap","1","2","3"
"haenen0","2","1","3"
"Haeshqua","1","2","3"
"hafez9393","1","2","3"
"haffa","1","2","3"
"HaffeePause","2","1","3"
"hafiz-maximus","1","2","3"
"hafizrizki","2","1","3"
"hafsahfirdaus2013","2","1","3"
"haha2011","1","2","3"
"haiderdoory","2","1","3"
"HaiKoiPiyush","1","2","3"
"Haingoc1326","1","2","3"
"Haiqal_R07","2","1","3"
"Haissasilcasta","1","2","3"
"hajibaba78","2","1","3"
"Hakael","1","2","3"
"hakan_chess","2","1","3"
"hakankahraman","1","2","3"
"Hakankeser06","1","2","3"
"Hakanm22g","1","2","3"
"HakanTurgut48","1","2","3"
"HakimDecent","1","2","3"
"hakimi22","2","1","3"
"hakodeg09","2","1","3"
"HAKYOU","1","2","3"
"Halbleiter","1","2","3"
"Halel2011","2","1","3"
"Halid-Bin-Walid","2","1","3"
"Halil_Oktay","1","2","3"
"halilibo_1957","1","2","3"
"Halis12","1","2","3"
"Halkeye","1","2","3"
"Halllstat","1","2","3"
"HAM1976ooo","1","2","3"
"hamaei","2","1","3"
"Hamagama","1","2","3"
"Hamakakeru","2","1","3"
"hamama_refik","2","1","3"
"Hamburger220","2","1","3"
"Hamdovic","2","1","3"
"Hamedkord44","1","2","3"
"hamideslamichess","2","1","3"
"Hamidnoory1349","1","2","3"
"hamidzzzzzz","2","1","3"
"Hamied122","1","2","3"
"Hammerit","2","1","3"
"hamrazmusthafa143","2","1","3"
"hamrod","1","2","3"
"Hamza1611","1","2","3"
"HamZamimiya99","2","1","3"
"Hamzarm","1","2","3"
"Hamzavk","2","1","3"
"hamzeh007","1","2","3"
"handoverking","2","1","3"
"hangover1998","1","2","3"
"hanicantik9","1","2","3"
"hanjona","2","1","3"
"Hank85er","1","2","3"
"hanmaierxiansheng","2","1","3"
"Hannes0811","1","2","3"
"hannesn_n","1","2","3"
"Hanni_pham1234","2","1","3"
"hanniballecter2020","2","1","3"
"HanroH","1","2","3"
"hans50bohm","1","2","3"
"HansAnton","2","1","3"
"hansen_mc","1","2","3"
"HansOffChamp","2","1","3"
"hanstopo32","2","1","3"
"Hanuta135","2","1","3"
"hanuzan","2","1","3"
"Haphazardly","1","2","3"
"Happy212A13A1","1","2","3"
"happymans","2","1","3"
"Happymastwrpiece2","2","1","3"
"HaramMates","2","1","3"
"HarbyA","2","1","3"
"Hard_Land","1","2","3"
"Hardcore_Vibes","2","1","3"
"hardik19947","2","1","3"
"HardOfThinking","1","2","3"
"hardtounderstand","2","1","3"
"Hardy3445","2","1","3"
"Haribwe2","1","2","3"
"HaringMaharlika","1","2","3"
"Harininimzowitch","2","1","3"
"Harish23","1","2","3"
"harko1991","1","2","3"
"Harmonyone","2","1","3"
"Haronbat","2","1","3"
"haronkhamis99","1","2","3"
"HarraldLash","1","2","3"
"Harriman90","2","1","3"
"harripixx","2","1","3"
"HarrowX","2","1","3"
"Harryford","1","2","3"
"HarryGaughanSGC","1","2","3"
"HarryJPotter","1","2","3"
"harrynater1","1","2","3"
"HarrySeaward","2","1","3"
"Harsh_M_Telang","1","2","3"
"harshd29","1","2","3"
"harshilangre","2","1","3"
"Harshjani1312","1","2","3"
"harshsharma4382","2","1","3"
"harsith1507","1","2","3"
"Harssavarthan","1","2","3"
"harut67686","2","1","3"
"Harviskykotov","2","1","3"
"HASAN_UYSAL","1","2","3"
"hasan262734","2","1","3"
"hasanalii","1","2","3"
"HasanEkrim","2","1","3"
"HasanIbrahim2468","1","2","3"
"Hasanzorbaz0748","1","2","3"
"hasbulat1992","2","1","3"
"Hasebro","1","2","3"
"haseeb_4","2","1","3"
"HashanS","2","1","3"
"Hashimjavad","1","2","3"
"Hassan99A","1","2","3"
"Hassanamiriii","2","1","3"
"hassanenasrallah","2","1","3"
"hassangholam-1402","1","2","3"
"hassanmafi","2","1","3"
"hassannn_99","2","1","3"
"Hasta-la-vista-baby","1","2","3"
"hasta2003","1","2","3"
"Hatake_Kakashi1","1","2","3"
"Hatchery_SBG","2","1","3"
"hatemelamir","1","2","3"
"Hatsepp","2","1","3"
"Hattukettu","2","1","3"
"Haudh-en-Ndengin","1","2","3"
"Hauke1","1","2","3"
"Hausmeister17382","2","1","3"
"havaliseli","2","1","3"
"havij2","1","2","3"
"Hawlett","2","1","3"
"Haype","1","2","3"
"haytham98","2","1","3"
"HazarKivrak","2","1","3"
"Hazarsky","1","2","3"
"HazeBase","2","1","3"
"hazemhazem153","1","2","3"
"hazhisokhanvar","1","2","3"
"HazimIhsanTAI","2","1","3"
"Hazurl","1","2","3"
"hazzle","2","1","3"
"Hbk_Shubham","2","1","3"
"HC_1","2","1","3"
"hcce","2","1","3"
"HCK65","1","2","3"
"HCPLASKER","2","1","3"
"HDtheReal","2","1","3"
"HDUminhtien2014","2","1","3"
"hdyray001","2","1","3"
"Healaxx","1","2","3"
"heatmizerr","2","1","3"
"heavensentt","2","1","3"
"HeavyChess","1","2","3"
"Heber_Vinques","2","1","3"
"HeBerbom","2","1","3"
"HEEnelise","1","2","3"
"Heeramon","1","2","3"
"hefengquan","1","2","3"
"Hegelized","1","2","3"
"hegelniet","1","2","3"
"hegelsbagel","2","1","3"
"HeinFortuin","1","2","3"
"HeiNoir","1","2","3"
"Heinrich_de_Mago","2","1","3"
"Heisenberg_2_0","1","2","3"
"Heisenberg0007","2","1","3"
"heisenbergturk0","1","2","3"
"hejjsjsjjs","2","1","3"
"Hekbekmek","2","1","3"
"heko56","2","1","3"
"HEKTO","2","1","3"
"helday","2","1","3"
"HeldvomHimbeerfeld","2","1","3"
"helen1993","1","2","3"
"helicon74","2","1","3"
"Helid01","2","1","3"
"HeliosGA","2","1","3"
"Helishooter","2","1","3"
"Helium93","2","1","3"
"Hello20000","2","1","3"
"HelmlingNummer1","1","2","3"
"helmouaze","1","2","3"
"hemachandra223","1","2","3"
"Hemiglobin","1","2","3"
"Hendalf","1","2","3"
"Hendamsport","1","2","3"
"hendrachess91","2","1","3"
"hendrawawan","1","2","3"
"henkboot1401","1","2","3"
"henkkola","1","2","3"
"henmet","1","2","3"
"Henry_Lathem","1","2","3"
"henryguzmanc","2","1","3"
"henryschach","2","1","3"
"Hephaestus_CJ","1","2","3"
"HEPTOSS","1","2","3"
"Heptrook","2","1","3"
"Heramb_pro03","2","1","3"
"herby36","1","2","3"
"herc21499","2","1","3"
"Hercules120","1","2","3"
"herdorfer72","1","2","3"
"Hereticuk","2","1","3"
"Heringer00","1","2","3"
"HermanNias","1","2","3"
"hermawan71","2","1","3"
"HermioneButler02","2","1","3"
"HernanDeus","2","1","3"
"Hero_Tver","1","2","3"
"heroquest","1","2","3"
"HerrDerInge","2","1","3"
"Herrerahuehue","2","1","3"
"HerrSchreber","1","2","3"
"Heryits_x","2","1","3"
"hesaaaaaam","2","1","3"
"HeSACKED_TheROOOK3","1","2","3"
"hesh46","1","2","3"
"hesham27","2","1","3"
"Hesterbedst","2","1","3"
"HeteroBasico","2","1","3"
"hexe666","2","1","3"
"Hexekontenneaphobia","2","1","3"
"Heyaall","2","1","3"
"heyfish96","1","2","3"
"Heyhoy01","2","1","3"
"heysatyam","1","2","3"
"hgf430","2","1","3"
"Hggh1","2","1","3"
"HGMS-265","2","1","3"
"HGMS-280","1","2","3"
"HGSH030","1","2","3"
"hgulm2000","1","2","3"
"hhalilii","2","1","3"
"HHe1976","2","1","3"
"hhg_anx","1","2","3"
"hhtoraman","2","1","3"
"HHXerxes","1","2","3"
"Hi_karu","2","1","3"
"hibi","1","2","3"
"Hiboutenace","2","1","3"
"Hiddelansink","2","1","3"
"hiddendomino","2","1","3"
"hieurg","1","2","3"
"HighAngleHell","1","2","3"
"higher_power","2","1","3"
"HighlyCruciferous","1","2","3"
"Highper","2","1","3"
"HIGHSEAGULL","1","2","3"
"hihihaha00xx","1","2","3"
"hii_kari_n","1","2","3"
"HikaruNara19","1","2","3"
"HIKAT","2","1","3"
"hikjdb","1","2","3"
"hilalmondal","2","1","3"
"himanshu2019","1","2","3"
"hincesti007","2","1","3"
"hinrichschroeder","2","1","3"
"Hiperbaton","2","1","3"
"HiperEg","1","2","3"
"hipermr","1","2","3"
"hipgugel","2","1","3"
"hippocampus98","1","2","3"
"hippopotenuse","1","2","3"
"hipsadly","1","2","3"
"Hiren2004","2","1","3"
"Hirsa94","2","1","3"
"Hirschhauser","2","1","3"
"hirudinea","2","1","3"
"Hisea","2","1","3"
"Hisrivatsav","2","1","3"
"Hitansh133","2","1","3"
"HitDruper","2","1","3"
"HiteshTArya","2","1","3"
"hithisiscal","1","2","3"
"hitway","2","1","3"
"Hjernerystelse","2","1","3"
"hjkop7","2","1","3"
"hjuhfdvjghf","2","1","3"
"hk4m64","2","1","3"
"hkkchess","1","2","3"
"hkpz1954","1","2","3"
"hktnmmc","2","1","3"
"HLFYJJ7","1","2","3"
"hliastd","1","2","3"
"Hmbgh","2","1","3"
"HmmmDave","2","1","3"
"hmmnaatz","1","2","3"
"HNAYEM","1","2","3"
"hnickzar","1","2","3"
"HNR6b","2","1","3"
"HNZ1239870","2","1","3"
"Hoanghuytcv2011","2","1","3"
"HoangTung204","1","2","3"
"Hocinebedroune","1","2","3"
"HodgesKermit","2","1","3"
"Hoermey","2","1","3"
"Hoff96","2","1","3"
"Hoffi2","1","2","3"
"Hofilipofili","2","1","3"
"HogGobbler","2","1","3"
"hokkkkkkkk","1","2","3"
"holdnovelty","1","2","3"
"holdric","2","1","3"
"Holidayman","2","1","3"
"Hollow500","2","1","3"
"HollyUp","2","1","3"
"HolyAvengerLvl20","2","1","3"
"holygio","2","1","3"
"holygod123456","1","2","3"
"Hom3land3r","2","1","3"
"Homa_Sapiens","2","1","3"
"HombredeBlues","1","2","3"
"homem_subterraneo","1","2","3"
"honeynymph","2","1","3"
"honkytonq","2","1","3"
"honkytrash","1","2","3"
"honzaleshrajesachy","2","1","3"
"Hoo7236","2","1","3"
"HopefulCheckm8","1","2","3"
"Hoppus111","2","1","3"
"hora11","2","1","3"
"Horalka400","1","2","3"
"horriblecppguru","2","1","3"
"horse99","1","2","3"
"Horseofspades","2","1","3"
"Horsey_5359","2","1","3"
"HorsingAroundh7","2","1","3"
"Horst-Detlef","2","1","3"
"horstel","1","2","3"
"HorstFischer","1","2","3"
"HosamHmeid","2","1","3"
"hosein-24","1","2","3"
"hoseinmaghsoodi","1","2","3"
"hoseinmansori20","2","1","3"
"hoshiyomi_aisha","1","2","3"
"hosseini1372","2","1","3"
"hosseinnb","2","1","3"
"hotelyorba","1","2","3"
"hotspurhan123","2","1","3"
"houari2002","1","2","3"
"houselins","1","2","3"
"Hov1000","1","2","3"
"Hovig_Bardakjian","2","1","3"
"howardst","1","2","3"
"howey54","2","1","3"
"HowieMunson","2","1","3"
"HowIsThatIsBack","1","2","3"
"HP65","2","1","3"
"hqnspacko","1","2","3"
"HR_Scott_comp","1","2","3"
"hr5524638","2","1","3"
"Hrashikesh21","2","1","3"
"hratchm","2","1","3"
"hrbekj","1","2","3"
"Hreeday007","2","1","3"
"hrestonosets_daad","1","2","3"
"Hriday20","1","2","3"
"Hridayadari","1","2","3"
"hrishikeshnayak","2","1","3"
"hritabrata2011","2","1","3"
"hritikgupta","1","2","3"
"hromero1","2","1","3"
"hrtlacek","2","1","3"
"hryshka","2","1","3"
"hsisa","2","1","3"
"HSK20","2","1","3"
"hsnaliii","1","2","3"
"hsnhsn","2","1","3"
"hsnmrkyc","2","1","3"
"HSS-12062010","1","2","3"
"htre","1","2","3"
"HTS1925","1","2","3"
"Huanca_Bngo","1","2","3"
"Hubber","1","2","3"
"Hubert96","1","2","3"
"Hubks","1","2","3"
"hubwards","1","2","3"
"Hudsonhui","1","2","3"
"Hugecas","2","1","3"
"Hugerareparade","2","1","3"
"Huggelito","1","2","3"
"hugo_mac","1","2","3"
"Hugogran","1","2","3"
"hugozider","1","2","3"
"huguest","1","2","3"
"huhhuuuu","1","2","3"
"huiloooo","2","1","3"
"HukHuk","1","2","3"
"hukmedici38","1","2","3"
"HukuToc2288","1","2","3"
"hule_smotresh","1","2","3"
"HumbleDonut","1","2","3"
"Hummori_87","2","1","3"
"HummusStains429","2","1","3"
"Huncho300","1","2","3"
"Hundertwasser100","2","1","3"
"hung091000","1","2","3"
"HungryBadger","1","2","3"
"HungryGreyWolf","1","2","3"
"HunO_O","2","1","3"
"hunter4831","1","2","3"
"Hurako","2","1","3"
"Hurrakan_Tal","1","2","3"
"HurricaneGod","1","2","3"
"HurricaneGroovy","2","1","3"
"husam_tall","2","1","3"
"huseyin5780","2","1","3"
"Hushpuppie","1","2","3"
"husna_chess","2","1","3"
"hussam_almayahi2","1","2","3"
"Hussein_Emad","1","2","3"
"hussein2001s","2","1","3"
"Hussein20030","1","2","3"
"Hussein499","1","2","3"
"husseinalawsi","1","2","3"
"Hussien_A7med","1","2","3"
"Hvalero24","1","2","3"
"hvvk","2","1","3"
"hwachie","2","1","3"
"hxrmt","2","1","3"
"HydroOwl","1","2","3"
"HypeBB","2","1","3"
"hyperk0n","2","1","3"
"Hypnotrip","1","2","3"
"HypsiboasPunctatus","1","2","3"
"Hyzerking66","2","1","3"
"HzChePisatt","1","2","3"
"I_am_Ameba","2","1","3"
"I_am_naruto","1","2","3"
"I_am_Tom","1","2","3"
"I_FARDED_LMAO","2","1","3"
"I_need_more_alcohole","2","1","3"
"I_play_weird_chess","1","2","3"
"I_was_in_the_future","2","1","3"
"I-am-Beatrice","1","2","3"
"I00gblunt","1","2","3"
"I1701Sergey","2","1","3"
"I2Fast_4U","2","1","3"
"i34c","1","2","3"
"i8chess","2","1","3"
"i98456","2","1","3"
"iafsalpk","1","2","3"
"IAhvhoweChess","1","2","3"
"iain9","2","1","3"
"Iam_Talph","2","1","3"
"iamacat","1","2","3"
"iamajay11","1","2","3"
"iamemm","1","2","3"
"iamham","1","2","3"
"IamHungryLoser","1","2","3"
"IamjustaPlayer","1","2","3"
"IAmManatee","2","1","3"
"iammelih","1","2","3"
"Iamnotafraaid","1","2","3"
"iamRaju","2","1","3"
"IAMSOHAPPY31","1","2","3"
"iamtrytoplaybetter","1","2","3"
"Iamwin","2","1","3"
"IandianLemur","1","2","3"
"ianevitable","1","2","3"
"iangb","2","1","3"
"ianszcze","1","2","3"
"iant119","1","2","3"
"ias1","1","2","3"
"IBASELSAADI","1","2","3"
"ibbsatranc29ekim","2","1","3"
"Ibleo","2","1","3"
"iBlunder82","1","2","3"
"Ibonator295","2","1","3"
"ibonuribeetxebarria","2","1","3"
"ibr6ahem25","2","1","3"
"Ibrahim_Isaac","1","2","3"
"Ibrahim_Sidkey","2","1","3"
"ibrahim44aa","2","1","3"
"ibramalkoc","2","1","3"
"ibratef","2","1","3"
"ican8","1","2","3"
"icanwin1","2","1","3"
"Icde","1","2","3"
"IceCold_Tim","1","2","3"
"iced_decaf","2","1","3"
"ICEY_kNIGHT","1","2","3"
"ich_weiss_nicht","1","2","3"
"ichbines99","2","1","3"
"ichikun","2","1","3"
"IchirouHamasaki","1","2","3"
"IckerElTigre","2","1","3"
"icolev","1","2","3"
"icrazyslow","2","1","3"
"Ictus1790","2","1","3"
"icy_ninetales","2","1","3"
"ida42","1","2","3"
"idbolshakov","1","2","3"
"Idea2022","1","2","3"
"identico","1","2","3"
"idilnaz2015","1","2","3"
"IdoBeat","1","2","3"
"Idoitforthelulz","2","1","3"
"idontwannabegm","1","2","3"
"idu2c","1","2","3"
"ievgeni","1","2","3"
"ifachess","2","1","3"
"ifaruqi","1","2","3"
"ifer","2","1","3"
"IftikharHamidli","2","1","3"
"IfYouLoseToMeYouBad","2","1","3"
"Igelriese","2","1","3"
"iggy158","1","2","3"
"igi23","2","1","3"
"IGL00","2","1","3"
"igm503","2","1","3"
"Ignacio2757","1","2","3"
"ignacioetche","2","1","3"
"Ignasis","2","1","3"
"Ignorante","1","2","3"
"igor_221090","2","1","3"
"igor_nick","2","1","3"
"Igor03277","2","1","3"
"IgorArov1983","2","1","3"
"IgorLion2","1","2","3"
"Igormandau","1","2","3"
"igorrisland","2","1","3"
"IgorRV","2","1","3"
"igoruxa007","2","1","3"
"igorwolf","1","2","3"
"iGrokaa","2","1","3"
"igy-mb","2","1","3"
"ihsan94","2","1","3"
"III_ARES_III","2","1","3"
"IIICorteXIII","2","1","3"
"IIIERiF","1","2","3"
"IiliNiA","1","2","3"
"iindianGoat1","2","1","3"
"IJohnGalt","1","2","3"
"ikabod","2","1","3"
"ikar3us","1","2","3"
"ikaraa","1","2","3"
"IkerTapia","2","1","3"
"Ikkeh2","1","2","3"
"ikmisje","1","2","3"
"ikperezd1","1","2","3"
"ilgzEge","1","2","3"
"Ilia_Bluvshtein","1","2","3"
"Ilian_Gasparov","1","2","3"
"Iliasurkov","2","1","3"
"ililililililiiiill","1","2","3"
"iliyasiiuu","2","1","3"
"iljabli10","1","2","3"
"ilkertrk","2","1","3"
"ilkinX","1","2","3"
"ilkochamp","2","1","3"
"illiden","1","2","3"
"illyastepanskyy","2","1","3"
"Illyuzionist","2","1","3"
"ilmagodifibra","2","1","3"
"IlmanNajmi","2","1","3"
"ilmth0618","1","2","3"
"ilnaar","2","1","3"
"ilovekanye123","2","1","3"
"ILoveKittens","2","1","3"
"ilovemen420","1","2","3"
"ilovex","2","1","3"
"IlPiccoloPico","2","1","3"
"iluha504","1","2","3"
"Iluys56","1","2","3"
"Ilya___88","1","2","3"
"ilya_142357869","2","1","3"
"ilya_isko","1","2","3"
"ilya99099","2","1","3"
"ilyaskareem","1","2","3"
"ILYASKIF","2","1","3"
"Imad_Conta2","1","2","3"
"imAkashsoni","2","1","3"
"imaksa009","2","1","3"
"IMAN-AMRAEE1371","1","2","3"
"imanSAH5MHCC7777","1","2","3"
"imertyy","2","1","3"
"Imfumu","2","1","3"
"Imhuseeyinn","2","1","3"
"Imindbender","2","1","3"
"imitatorr","2","1","3"
"imkarnawat","2","1","3"
"ImmanuelKant2021","2","1","3"
"immathematics","1","2","3"
"imoncherry","2","1","3"
"Impact18","1","2","3"
"impatientandlazy","1","2","3"
"impetu","1","2","3"
"Impey_Barbicane2007","2","1","3"
"Improving_Everyday","2","1","3"
"improvingGUY","2","1","3"
"Impulseachess","2","1","3"
"imranahmed0835","1","2","3"
"Imrane2013","1","2","3"
"imrealllbadatchess","1","2","3"
"iMuhammadwaseem17","2","1","3"
"inamit","2","1","3"
"Incandescent1","1","2","3"
"iNCi00000","2","1","3"
"IncredibleHairman","2","1","3"
"inder322","2","1","3"
"indestructicator","2","1","3"
"Indian_guy1","1","2","3"
"Indian-312565","1","2","3"
"Indiaplayer","1","2","3"
"iNebby","2","1","3"
"Infiltrate7","2","1","3"
"InfiniteJest420","2","1","3"
"infinitum132","2","1","3"
"ingoreijr","1","2","3"
"Iniah15sweet","1","2","3"
"Inimusk","2","1","3"
"Innokenty1994","1","2","3"
"innostrada","1","2","3"
"ins_2718","2","1","3"
"Insanity47","2","1","3"
"InsideJourney","1","2","3"
"Inspectah_Check","1","2","3"
"Inspirer13","2","1","3"
"interook","1","2","3"
"intnox","1","2","3"
"intpro","1","2","3"
"intuitive","1","2","3"
"invalidkin","2","1","3"
"invert1","1","2","3"
"investproject","2","1","3"
"io_marcos","2","1","3"
"ioadawe","2","1","3"
"Ioan_1","1","2","3"
"ioannisre","2","1","3"
"Iochis_Daniil","1","2","3"
"iocl123","1","2","3"
"Iodine29","1","2","3"
"iogr","1","2","3"
"iojiz","1","2","3"
"ion_tikhiy","2","1","3"
"iortega1992","1","2","3"
"iperzg","2","1","3"
"Iphrem","1","2","3"
"ipir140","1","2","3"
"ippan1122","2","1","3"
"iPranta","1","2","3"
"IPSKID","1","2","3"
"IQ1000000","2","1","3"
"iraj6","1","2","3"
"iraklikhobua","2","1","3"
"Iram_Limon","2","1","3"
"IrAzzam","1","2","3"
"iren_sot","1","2","3"
"irene187","2","1","3"
"Ireneo001","1","2","3"
"iREuL","1","2","3"
"IrinaDr","2","1","3"
"Irinanat","1","2","3"
"irinapetkova","1","2","3"
"Iris4521","2","1","3"
"irishdavey","1","2","3"
"Iritsyan__99","1","2","3"
"irmafuentes23","2","1","3"
"iron0707","2","1","3"
"IronFelix17","2","1","3"
"ironfinisher","2","1","3"
"IronGhost","1","2","3"
"Ironic2011","2","1","3"
"Irv117","2","1","3"
"irvgra447","1","2","3"
"is1417e327student1","1","2","3"
"Isaac20050","2","1","3"
"isaac990619","2","1","3"
"isaacashtalac","1","2","3"
"IsaAVc","1","2","3"
"isac24","2","1","3"
"isacagri","1","2","3"
"IsacDantas","2","1","3"
"isaias_95","2","1","3"
"Isakrush","1","2","3"
"isdelie_no_48","1","2","3"
"isel","2","1","3"
"Ishaan_14","1","2","3"
"Ishaan-beast","2","1","3"
"ishaan21","2","1","3"
"ishkhanyan","2","1","3"
"ishvh95825","1","2","3"
"Iskatel-os","1","2","3"
"ISL3R","2","1","3"
"Islamoov","1","2","3"
"Ismael8993","2","1","3"
"IsmaelSanta","2","1","3"
"Ismaelzinho","2","1","3"
"Ismahane019","1","2","3"
"ismail8062","2","1","3"
"ismailajlani","1","2","3"
"ismailovks","2","1","3"
"ismayilson","1","2","3"
"IsnotGM","2","1","3"
"IsobelJyllianMariae","1","2","3"
"isoelfyln","1","2","3"
"issene","1","2","3"
"ist0m4","2","1","3"
"isthisnametakenyet","2","1","3"
"Istiak038","2","1","3"
"istuan","1","2","3"
"iswandi04","2","1","3"
"it_is_time_for_fun","2","1","3"
"italokarpov","1","2","3"
"ItayDoron2","2","1","3"
"ItryToBeBetter","2","1","3"
"Its_Innocent","1","2","3"
"itsafrank","1","2","3"
"ItsAJ1","1","2","3"
"itsbaggles","1","2","3"
"ItsChris","1","2","3"
"Itsgopika","2","1","3"
"itsistkeineinsel","1","2","3"
"ItsM8M8","2","1","3"
"ItsmeThere","2","1","3"
"ItsNicholasDelgado","2","1","3"
"itsOsama","1","2","3"
"itsyash06","1","2","3"
"Itzanewme","2","1","3"
"itzelsalazar18","1","2","3"
"iTzMeRiLeY","1","2","3"
"iucpxleps","1","2","3"
"iUnmake","2","1","3"
"iuvenalis","1","2","3"
"iuziii","2","1","3"
"Ivan_03_Mynduskin","2","1","3"
"Ivan_123_Ivan","2","1","3"
"Ivan_92","1","2","3"
"Ivan_Naumov","2","1","3"
"Ivan_Plo","2","1","3"
"Ivan-Brawlikov_777","1","2","3"
"ivan-i-frolov","1","2","3"
"ivan3_er","1","2","3"
"Ivan4uk","1","2","3"
"ivanbaran2","2","1","3"
"IvanBelousovChess-31","1","2","3"
"IvanBezg4","2","1","3"
"Ivanchyk","1","2","3"
"ivancitoveliz","1","2","3"
"Ivankor2006","1","2","3"
"IvanKuprov1234","2","1","3"
"IvanMerinov","2","1","3"
"ivanndg","2","1","3"
"ivannit","2","1","3"
"Ivanov_Zahar","1","2","3"
"ivanova_ng81","1","2","3"
"ivansalazar","1","2","3"
"ivanyakovlev11","1","2","3"
"ivarcode","1","2","3"
"ivitty","2","1","3"
"IvKin","2","1","3"
"IVKral","1","2","3"
"IvSusanin","2","1","3"
"ivyc","1","2","3"
"iWA12","2","1","3"
"iwa27","2","1","3"
"Iwan_Safar","1","2","3"
"IWANTMYMOMMY1782","1","2","3"
"Iwll","1","2","3"
"iwoteb","1","2","3"
"Ixy92","2","1","3"
"Iyaro","2","1","3"
"Iyengar1","2","1","3"
"iyetorre","1","2","3"
"iykenna","1","2","3"
"iytslot","2","1","3"
"Iz9_14","1","2","3"
"izakhari","2","1","3"
"izay08","2","1","3"
"izmailovpavel","1","2","3"
"izolator3000","2","1","3"
"IzZAaN11","2","1","3"
"j_jess","1","2","3"
"j_s_xv","2","1","3"
"j_yunse0o","1","2","3"
"j05","1","2","3"
"j0nasp","1","2","3"
"j0seph2005","2","1","3"
"J3sseB0sk3r","2","1","3"
"j70013579","1","2","3"
"Jaarvi","2","1","3"
"jaberaljabry","2","1","3"
"Jachu_92","1","2","3"
"jack_healings","1","2","3"
"Jack_Wiser","1","2","3"
"jack105","2","1","3"
"jackbaris","2","1","3"
"JackDecker","2","1","3"
"JackDeLaTourette","1","2","3"
"jackedhorsey","1","2","3"
"Jackie37","2","1","3"
"jacklimani","2","1","3"
"jackmack050","1","2","3"
"jackmott","2","1","3"
"jackpotty","1","2","3"
"jacksonfdl","2","1","3"
"jacksonmcd19","1","2","3"
"jacksonspry","1","2","3"
"Jacob17","2","1","3"
"jacobbohill","1","2","3"
"jacobwieland","1","2","3"
"Jacomko","1","2","3"
"Jacomm","1","2","3"
"Jacopuz","1","2","3"
"JadenDaJedi","2","1","3"
"jadha72","1","2","3"
"Jadhavahreeram","1","2","3"
"jadjamal","2","1","3"
"JadKhazem","2","1","3"
"Jafar7890","1","2","3"
"JafarliB","1","2","3"
"jagies","1","2","3"
"Jahaziel_Huaman","2","1","3"
"JahongirUZB","2","1","3"
"JaiAchess","2","1","3"
"Jaialext_08","2","1","3"
"jaidpravin","2","1","3"
"jail94","2","1","3"
"jaimedicer","1","2","3"
"jaimelive","2","1","3"
"Jair02ZQ","2","1","3"
"jairo1991","1","2","3"
"Jairomaldonado","1","2","3"
"Jaisal","1","2","3"
"jaisrael","2","1","3"
"jaithra03","1","2","3"
"jajakos","1","2","3"
"JajoSPB","1","2","3"
"Jake_Blues","1","2","3"
"JAKE_T_TUMALIUAN","1","2","3"
"Jakemaaaater","1","2","3"
"Jaker007","1","2","3"
"Jakintsuak","2","1","3"
"Jakob_Dany","1","2","3"
"Jaktrumet","2","1","3"
"jakubk882","2","1","3"
"jalal12456","2","1","3"
"Jalal1983","1","2","3"
"jamal_junkin","2","1","3"
"james-16","1","2","3"
"jamesmihijo","2","1","3"
"JamesTheRev","2","1","3"
"jamietaco","2","1","3"
"Jamio747","1","2","3"
"jammidmar","1","2","3"
"jamshid19","1","2","3"
"jangorzelinski","2","1","3"
"Janibek_J","1","2","3"
"janLo4","2","1","3"
"Janny2010","2","1","3"
"Janoschkoloman","2","1","3"
"Janoschkpp","2","1","3"
"janovjas","2","1","3"
"jansmil","1","2","3"
"jAOriKKa","1","2","3"
"japbob","1","2","3"
"japz12","1","2","3"
"jaque77","1","2","3"
"Jaquemate2009","1","2","3"
"Jarecek","1","2","3"
"jared90012","2","1","3"
"JaredAlexei","2","1","3"
"jaredjohnson","2","1","3"
"jarobledom22","2","1","3"
"jarred771","1","2","3"
"Jasem85","2","1","3"
"jaskolek","1","2","3"
"Jason_Mariano1982","1","2","3"
"Jasperov19","1","2","3"
"jaswanth1445","2","1","3"
"jatrovapastika","2","1","3"
"Jav1d17","2","1","3"
"JAVAD-1389","2","1","3"
"javad994","2","1","3"
"JavadSamadi","1","2","3"
"javarath11","1","2","3"
"Javeed777","1","2","3"
"Javi494","1","2","3"
"Javitxucrak","2","1","3"
"Javo1809","2","1","3"
"javynadez","1","2","3"
"Jawarnehgaming","2","1","3"
"jaxutaqe","2","1","3"
"jaxzia17","2","1","3"
"Jay8252","1","2","3"
"Jayashree_konda8x8","2","1","3"
"JaybenDalipe","1","2","3"
"JaydnA","2","1","3"
"JayeshTrivedi","1","2","3"
"Jayith_San","2","1","3"
"Jaypapajoy","1","2","3"
"JayVMERIA","1","2","3"
"jaywalker55","2","1","3"
"Jazcarretao","2","1","3"
"jazzboi","2","1","3"
"jazzyw9","1","2","3"
"JB_funked","1","2","3"
"jbusch","1","2","3"
"jbuzhala2012","1","2","3"
"jc3235","2","1","3"
"Jcentrurious","1","2","3"
"JCharro","1","2","3"
"jchrisl","2","1","3"
"JCHyde","1","2","3"
"jclamans","1","2","3"
"jclara","2","1","3"
"JCMB","1","2","3"
"jctb1234","1","2","3"
"jctorresp","2","1","3"
"jdaradanas","1","2","3"
"jdomsan","1","2","3"
"jdrizzzle","2","1","3"
"JDSSSSS","1","2","3"
"jdvisaya","1","2","3"
"jeanbcc","1","2","3"
"JeanFarinet","1","2","3"
"Jeanks","1","2","3"
"jeanxtrade","2","1","3"
"Jeeb1710","1","2","3"
"Jeff_1","1","2","3"
"JeffIct","2","1","3"
"jeffidf","2","1","3"
"jeffinmt","2","1","3"
"jeffrey4444chess","2","1","3"
"JeffviD","2","1","3"
"jeffwest","1","2","3"
"Jejffjj","1","2","3"
"Jeka_M","1","2","3"
"jelepeno","2","1","3"
"jelliottj99","1","2","3"
"jemilakin","1","2","3"
"jemlchees","1","2","3"
"JENIA345","2","1","3"
"jensenal27","2","1","3"
"JensPiet","2","1","3"
"Jerem_89","2","1","3"
"jeremb","1","2","3"
"JeremiahLuk2020","2","1","3"
"jeremias27","2","1","3"
"jeremiebas","2","1","3"
"jeremy12L0","1","2","3"
"Jeremy3610P","2","1","3"
"jeromeant","1","2","3"
"jerozy","1","2","3"
"jerrinjoseph","2","1","3"
"Jerrycarl","2","1","3"
"jersku","1","2","3"
"Jersonalipayo292001","2","1","3"
"Jersongomez1972","2","1","3"
"Jesmann","2","1","3"
"JesperLyst","2","1","3"
"Jessi2014","2","1","3"
"jesus1980","1","2","3"
"jesus212","1","2","3"
"Jesus624","2","1","3"
"jesusayolanda","2","1","3"
"JesusDapena","1","2","3"
"JesusInNirvana","2","1","3"
"jesusmz3","1","2","3"
"JetBLeesa","1","2","3"
"JevelVett","2","1","3"
"JEZIEEEE","1","2","3"
"jfgjunior","1","2","3"
"jfo","1","2","3"
"jfons","2","1","3"
"Jfrte","2","1","3"
"JFtop","2","1","3"
"JG_Marikio","2","1","3"
"JG-S22","2","1","3"
"JG31","1","2","3"
"jg777","2","1","3"
"jglyj","2","1","3"
"jgmj","2","1","3"
"JGP2015","2","1","3"
"jgr_MCS","1","2","3"
"jgrosman","1","2","3"
"jgsousa","2","1","3"
"jhacks","1","2","3"
"Jhaswin2014","2","1","3"
"jherylruiz","1","2","3"
"jhmulcahy","2","1","3"
"jhonkillas","1","2","3"
"Jhonny___007","2","1","3"
"Jhonson_Purba","1","2","3"
"jhosua_2023","2","1","3"
"jhu_alg","2","1","3"
"JiaLiangCantPlay","2","1","3"
"JicaruNaca","2","1","3"
"jiho_chg","1","2","3"
"jik0o","1","2","3"
"jikol","1","2","3"
"jimbobthe","1","2","3"
"jimikimble","1","2","3"
"jimmy987654321","1","2","3"
"Jimmywashington","2","1","3"
"JingoTwice","2","1","3"
"JinoJohn","1","2","3"
"Jinrazuo","2","1","3"
"Jiopnaw","2","1","3"
"jiordano","1","2","3"
"JiriC78","2","1","3"
"Jitesh2122008","1","2","3"
"Jithuli12345","1","2","3"
"JiuJitsuinthesoul","2","1","3"
"Jiwiks","1","2","3"
"jj_doom","2","1","3"
"jj-r","2","1","3"
"jj90","2","1","3"
"jjdante","2","1","3"
"jjdh07","2","1","3"
"jjensen","2","1","3"
"jjformen","2","1","3"
"JJJAndriaJJJ","1","2","3"
"jjosh613","1","2","3"
"jjsing","1","2","3"
"jkleebone","2","1","3"
"jklein1","2","1","3"
"jkrac","1","2","3"
"JKraimesh","2","1","3"
"jkssseee","1","2","3"
"JLawintheOR","1","2","3"
"jlbernardelli","1","2","3"
"JLinaresC","1","2","3"
"JLK2017","2","1","3"
"JLPM05","2","1","3"
"JLRB1308","1","2","3"
"jluismoran","1","2","3"
"JLxyzrapid","2","1","3"
"jm7807","2","1","3"
"JMD76","2","1","3"
"jmh83","1","2","3"
"jmorale3","2","1","3"
"JMP1973","1","2","3"
"jmurr5","1","2","3"
"jmyhill","1","2","3"
"jneff2004","2","1","3"
"JngeChess","2","1","3"
"jo2810","2","1","3"
"Jo42660","2","1","3"
"joaco_qsy","2","1","3"
"joacodsm","1","2","3"
"joacoluna","2","1","3"
"joafug76","1","2","3"
"Joaknier","1","2","3"
"Joandark","2","1","3"
"joanmanuelg","1","2","3"
"joaopimenta","2","1","3"
"JoaquimFerrer","2","1","3"
"JoaquinTeruggiULP","2","1","3"
"JobbaThaHutt","2","1","3"
"jobblio","2","1","3"
"jobbuq","1","2","3"
"jockboi","1","2","3"
"jockey_ewing","2","1","3"
"jodido1","2","1","3"
"JOE_SAL","2","1","3"
"joe385","2","1","3"
"JoeAyalaMoscol","1","2","3"
"joecoe89","1","2","3"
"joelH5","1","2","3"
"JoelitoMaster205","2","1","3"
"joelllm","2","1","3"
"joeregis","2","1","3"
"JoeyAgrestino","2","1","3"
"Joeyjoejoe2","2","1","3"
"JohanBasel","1","2","3"
"johann1832","1","2","3"
"Johannes12345","1","2","3"
"JohannesSpieltSchach","2","1","3"
"Johensosuarez","1","2","3"
"John_Manos","1","2","3"
"John128","1","2","3"
"johnbillittier","2","1","3"
"Johnces","2","1","3"
"JohnDee08","2","1","3"
"JohnDoe1463","1","2","3"
"JohnFrawley","2","1","3"
"johnlegendx","1","2","3"
"Johnnyboy2410","1","2","3"
"JohnnyGentle","1","2","3"
"JohnnyPatikarius","1","2","3"
"johnnyquid187","1","2","3"
"JohnnyRuben","2","1","3"
"Johnpaultrongco","1","2","3"
"JOHNSKC","1","2","3"
"JohnsonMcBlunder","2","1","3"
"johnswed","2","1","3"
"JohnUdarbe","2","1","3"
"JohnWickDoXadrez","2","1","3"
"JoJi04","2","1","3"
"jojo_ibrahim","2","1","3"
"JOJOBAGW","1","2","3"
"Jojobr99","1","2","3"
"JOJOJOJOJOJOJOJOJO","2","1","3"
"jojojorik","1","2","3"
"Jokemate","2","1","3"
"Joker443","1","2","3"
"jolau","1","2","3"
"Jolens","2","1","3"
"Jolieme","1","2","3"
"Jollyg","1","2","3"
"Jomagi","2","1","3"
"JomaPani69","2","1","3"
"Jompsteri","2","1","3"
"Jon246","1","2","3"
"jonashacker1","1","2","3"
"jonatan201y","2","1","3"
"JonatasRoschild","1","2","3"
"jonathan0o","2","1","3"
"JonathanBr","1","2","3"
"Jonathangdl","1","2","3"
"Jonathanikolaus","2","1","3"
"JonathanTrajano5","2","1","3"
"Jonesgawain","2","1","3"
"jonetzki1","1","2","3"
"Jongba","2","1","3"
"Jonicash007","2","1","3"
"JonjonesDc","2","1","3"
"Jonny01Radic","1","2","3"
"jonsed","1","2","3"
"Jonsma","2","1","3"
"jonsnowismyking","2","1","3"
"jontrades","1","2","3"
"JonWi4","1","2","3"
"jops_chess","1","2","3"
"joras_cabatic","2","1","3"
"Jordan_Rhodes_9","1","2","3"
"jordanchua","1","2","3"
"Jordi_Chess","1","2","3"
"JordzZem","1","2","3"
"jorestlesscapa","2","1","3"
"Jorge_Lui5","1","2","3"
"JorgeAlban_Gomez","1","2","3"
"Jorgegt79","1","2","3"
"JorgeMdn","1","2","3"
"JorgeTZC","1","2","3"
"Joris-GM","2","1","3"
"jorisdewind","1","2","3"
"jorjensen","2","1","3"
"Jornleistad","1","2","3"
"Joross_69","2","1","3"
"Jortseljongen","1","2","3"
"Jos_TF","2","1","3"
"Jose1903","1","2","3"
"jose312683","2","1","3"
"josealexiscon","2","1","3"
"joseba1","1","2","3"
"JoseCruz_UTP","1","2","3"
"joseeapm","2","1","3"
"josefslerka","2","1","3"
"Joseico2018","2","1","3"
"joseluisdelgado","2","1","3"
"JoseLuisHernandez7","2","1","3"
"Joseluz_99","2","1","3"
"Josemanuel20","2","1","3"
"JosePabon","2","1","3"
"josepat","1","2","3"
"JosePenalverSolis","1","2","3"
"Joseph579","2","1","3"
"joseph6308","2","1","3"
"josephimbat67","2","1","3"
"Josephjosfit","2","1","3"
"JosephNKZA","2","1","3"
"josepipi","2","1","3"
"josepm301","2","1","3"
"JoseRMk","1","2","3"
"Josetorrico","1","2","3"
"JoshClegane","2","1","3"
"joshdube","1","2","3"
"joshovi","1","2","3"
"Joshua064","1","2","3"
"JoshuaKung","1","2","3"
"joshuamora26","1","2","3"
"JosR19","1","2","3"
"Jotabe42","1","2","3"
"jotabece2","2","1","3"
"JotaBora","2","1","3"
"JoTaRo79","1","2","3"
"Jotarov","1","2","3"
"jouer_aux_echecs","2","1","3"
"joulupukki343","1","2","3"
"jousset","1","2","3"
"jove360","1","2","3"
"joviaali","2","1","3"
"Jovit","1","2","3"
"jowhouskay","2","1","3"
"JOWuy","2","1","3"
"joycongrip26","2","1","3"
"Jozdien","1","2","3"
"JozeVazquez","1","2","3"
"jozinart","1","2","3"
"jparth2509","1","2","3"
"jpes3","1","2","3"
"jpk91","1","2","3"
"JPL_INC","2","1","3"
"jpschm","1","2","3"
"JQE","1","2","3"
"Jqn15","1","2","3"
"Jqueryjson","1","2","3"
"jr_waine","1","2","3"
"JR-AR","1","2","3"
"JR19","2","1","3"
"jrjacobs","1","2","3"
"JRMENENDEZ","1","2","3"
"jrudascas","2","1","3"
"jsancheze","1","2","3"
"jsando","2","1","3"
"jschambes","2","1","3"
"JSD1982","2","1","3"
"jsgalezowski","2","1","3"
"jsh80087","1","2","3"
"jskarpetis","1","2","3"
"jss670","1","2","3"
"jssara","2","1","3"
"jsungk5","2","1","3"
"jszuluagam","1","2","3"
"jt9041","2","1","3"
"jtb102","2","1","3"
"jteles","2","1","3"
"jtgars","2","1","3"
"JTorres84","1","2","3"
"ju_wa","2","1","3"
"juammpo","2","1","3"
"JUAN_RG-7-8-3-1","1","2","3"
"JUAN-SEBASTIAN-H","1","2","3"
"Juan17_Ramon17","1","2","3"
"juanDMedrano","2","1","3"
"juanfonzon","2","1","3"
"JuanFoxy","2","1","3"
"JuaniRos","2","1","3"
"juaniximo","2","1","3"
"Juanjochesss","2","1","3"
"Juanmolas","2","1","3"
"juanocu","2","1","3"
"juansai","1","2","3"
"JuanSegura","1","2","3"
"JubairA1","2","1","3"
"jucAx","1","2","3"
"Jucius","2","1","3"
"JudacasC","2","1","3"
"Judyy","2","1","3"
"JuhaHeino","2","1","3"
"Juicy_Lemon","2","1","3"
"juju135","1","2","3"
"jujubilation","2","1","3"
"julekx123","2","1","3"
"julian-medina","2","1","3"
"Julian-T21","2","1","3"
"Julian88888888","1","2","3"
"JulianDonneys01","1","2","3"
"julianov1978","1","2","3"
"julien-c","1","2","3"
"julien23","1","2","3"
"Julienhinard","1","2","3"
"julietacastroo","2","1","3"
"Julio_dp","1","2","3"
"juliocesarariasalvar","2","1","3"
"juliocesarkunz","2","1","3"
"JulioElFuego","2","1","3"
"Juliolesang","1","2","3"
"juliusderzweite","2","1","3"
"juliussezer","2","1","3"
"Juliya_2011","2","1","3"
"julz24","2","1","3"
"jumanjiland","1","2","3"
"junefourth","2","1","3"
"JUNGALER","1","2","3"
"juniorFSS","1","2","3"
"JuniorMunozurp","2","1","3"
"JunJun12","1","2","3"
"junkieplay01","1","2","3"
"Junlist","2","1","3"
"Jupa4711","2","1","3"
"juraev01","1","2","3"
"jurash1","1","2","3"
"jurlon","2","1","3"
"Jus_Jacome","2","1","3"
"Jusri187","1","2","3"
"Jusritheking13","1","2","3"
"Jussiebwoy","1","2","3"
"justAdah","1","2","3"
"JustCavally","2","1","3"
"justeunpeu","2","1","3"
"justforthefunandso","2","1","3"
"justfortraining97","2","1","3"
"JusThin0426","2","1","3"
"Justieee","2","1","3"
"justinjdavies","1","2","3"
"justmaker","2","1","3"
"Justmbola","2","1","3"
"JustTeasingU","1","2","3"
"justthecheck","1","2","3"
"JustTrying6969","2","1","3"
"justunjames","2","1","3"
"juuvn","1","2","3"
"juwagn89","2","1","3"
"juxS1","1","2","3"
"JuYaiYao","1","2","3"
"JV_Geoff","2","1","3"
"jvali","1","2","3"
"jvnanu","2","1","3"
"JW528","1","2","3"
"jwb906","1","2","3"
"jwebb2ndwatch","1","2","3"
"Jylu","2","1","3"
"jzokalski","1","2","3"
"k_bronnikov","1","2","3"
"K_Mughal","1","2","3"
"K-pop-778","1","2","3"
"k0vi0sh","2","1","3"
"K100912","2","1","3"
"K11N4L","2","1","3"
"k3jackson","1","2","3"
"k4ff3","1","2","3"
"Ka8x8","1","2","3"
"kaabes","2","1","3"
"kaaki","1","2","3"
"Kaan_avci42","1","2","3"
"kaanfk","2","1","3"
"kaanhaa","1","2","3"
"kaankaradayi","2","1","3"
"KaanT55","2","1","3"
"kaantum2","1","2","3"
"kabaka-walusa","1","2","3"
"Kabilraj","2","1","3"
"Kabinaya2010","2","1","3"
"kabiraj","1","2","3"
"Kablion","1","2","3"
"Kabrak","1","2","3"
"kabutolol","1","2","3"
"kacha_nimbu","1","2","3"
"KacktusCarlsen","2","1","3"
"kacper05","2","1","3"
"kacprol125","1","2","3"
"kadalsabun","1","2","3"
"kader1987","2","1","3"
"kadirceylan1","1","2","3"
"kaeseknut","2","1","3"
"kafi8","2","1","3"
"KafkaOnTheBoard","2","1","3"
"Kaganberber","2","1","3"
"KahiFyodor","1","2","3"
"KAHN83","1","2","3"
"kahramanyektaikra","1","2","3"
"kahville","1","2","3"
"Kai_Cui","1","2","3"
"kaide","1","2","3"
"kaihan1998","2","1","3"
"Kailas1707","2","1","3"
"kailasb","1","2","3"
"Kaimana100","1","2","3"
"kair56566","2","1","3"
"KairullaAssylmurat","1","2","3"
"KaiserKraut","1","2","3"
"kaissa600","1","2","3"
"kaiszern","2","1","3"
"kaizen_11","1","2","3"
"Kaizzer","1","2","3"
"kakaobohne","2","1","3"
"kakaroot_369","2","1","3"
"kakeko40","2","1","3"
"kakhodit","2","1","3"
"kakuba07","2","1","3"
"kakulukya","1","2","3"
"kalabi","1","2","3"
"Kalaivanism","2","1","3"
"kalba","2","1","3"
"kalechh","2","1","3"
"kalefil64","1","2","3"
"kalence","1","2","3"
"KALIGM","1","2","3"
"Kalimera90","2","1","3"
"kalinde","2","1","3"
"kallegrens","1","2","3"
"KaLsAna123","2","1","3"
"Kaltmamsell","2","1","3"
"kalukiki","1","2","3"
"kalyan3369","1","2","3"
"KamalakSSS","1","2","3"
"KaMaNi1010","1","2","3"
"KamatchiChess","2","1","3"
"KameratNapoleon","1","2","3"
"Kameruni84","2","1","3"
"Kamikaze2001","1","2","3"
"Kamikaze76","2","1","3"
"kamikaziii","2","1","3"
"kamil_agishev_23","2","1","3"
"Kamil2013NUr","1","2","3"
"Kamil478","2","1","3"
"Kamila_Go12345","1","2","3"
"Kamilka2003","1","2","3"
"kamilveliyev","2","1","3"
"Kamilych","2","1","3"
"kamish","1","2","3"
"KampfQ","1","2","3"
"kamran01","1","2","3"
"kamran024","2","1","3"
"Kamran4","1","2","3"
"kamran42","1","2","3"
"kamsh997","2","1","3"
"kanake","2","1","3"
"kanandapadmanaban","1","2","3"
"Kanapashka","1","2","3"
"KanaPolak","1","2","3"
"kanfiverus","1","2","3"
"Kang_theConqueror","1","2","3"
"kangamzingik","2","1","3"
"kangwa257","1","2","3"
"Kanishkarthic","1","2","3"
"kannamthanam","1","2","3"
"Kantana","1","2","3"
"KanzenPL","2","1","3"
"Kaparrovich","1","2","3"
"kapi117","2","1","3"
"Kapoo4ino","2","1","3"
"kaptanbaldudak","1","2","3"
"kapvj","2","1","3"
"KaqKaq","1","2","3"
"kar8506","2","1","3"
"karaarda","1","2","3"
"karabey40","1","2","3"
"Karamfilov","1","2","3"
"karan_jakhar","2","1","3"
"KARAN-goswami","1","2","3"
"karanik1996","2","1","3"
"Karaya_1","2","1","3"
"Karbi_Online_Gaming","1","2","3"
"kardinalfehler","1","2","3"
"kardinalgrimnir","1","2","3"
"Karelvanderpoel","2","1","3"
"karen1122","2","1","3"
"Karenmardi","1","2","3"
"karimelbeltagy","1","2","3"
"Karimnugmanov","2","1","3"
"Karimpv","1","2","3"
"karl_kaefer","1","2","3"
"Karl_Lodwig","2","1","3"
"KarlBubl","1","2","3"
"Karlog","2","1","3"
"Karlscher","1","2","3"
"karlschlechter","1","2","3"
"Karminsakk","1","2","3"
"Karn-Veer","1","2","3"
"Karoffel","2","1","3"
"KarolJan84","2","1","3"
"Karovjev","1","2","3"
"Karpetg","1","2","3"
"Karpik17","1","2","3"
"KarpovianCarp","1","2","3"
"KarpovKnight","1","2","3"
"KARSHER","1","2","3"
"KARTAL-25","2","1","3"
"kartalbir","2","1","3"
"karthik1122","1","2","3"
"kartikkumar","1","2","3"
"kartis","1","2","3"
"KartofelHose","2","1","3"
"kartturi","1","2","3"
"karyakin-2","2","1","3"
"Kashperian","1","2","3"
"kashtan","2","1","3"
"Kashwini","2","1","3"
"KasparHasenbein","2","1","3"
"kasparov_peru","1","2","3"
"kasparovChess07","1","2","3"
"kasparrov1337","2","1","3"
"kasra_HJ","2","1","3"
"kasrahedayatzadeh-88","1","2","3"
"kasumov130788","2","1","3"
"KasyX","2","1","3"
"kataeva_aboba","2","1","3"
"Katarina0TP","2","1","3"
"Katio54321","1","2","3"
"katkit39","2","1","3"
"katrie1","2","1","3"
"KATTY111","2","1","3"
"Katwijkaanzee","2","1","3"
"Katy122","2","1","3"
"Katy87","2","1","3"
"Kaushal7777","1","2","3"
"KAVALINHO","1","2","3"
"KAVINNAYGANATHAN","1","2","3"
"kavya100912","2","1","3"
"Kawai06","1","2","3"
"kawasaki175","1","2","3"
"kawther777","1","2","3"
"KaxaxanKarmir1","2","1","3"
"kayho04","1","2","3"
"KaylZone670","1","2","3"
"kayrayigitasli","2","1","3"
"kazm7","1","2","3"
"kazoky","2","1","3"
"kazual123","1","2","3"
"KBAEB","2","1","3"
"kbbls","2","1","3"
"kbille11","2","1","3"
"KCJomi40596","2","1","3"
"kck_queen","1","2","3"
"kckid","1","2","3"
"kcope44","1","2","3"
"KEANcastro","2","1","3"
"keanegleeson","2","1","3"
"keasuma","2","1","3"
"kebab_life","2","1","3"
"Kebabkongen","1","2","3"
"kebelouah","2","1","3"
"keda186","1","2","3"
"keeper9000","2","1","3"
"KeerthanaSajith","2","1","3"
"kefalakenak","2","1","3"
"kegero","2","1","3"
"keider1088","1","2","3"
"KeithBowser","2","1","3"
"kekrem_0","2","1","3"
"kelascaturonline","1","2","3"
"Kelden11","1","2","3"
"Kelio","1","2","3"
"kelmem","1","2","3"
"KemalEnes37","1","2","3"
"Kemowflaflafla","2","1","3"
"kenard","1","2","3"
"Kendehh12","2","1","3"
"kendeptrai2014","2","1","3"
"Kenhoang2015","2","1","3"
"kenie","2","1","3"
"Kenji0-25","1","2","3"
"Kenmil","1","2","3"
"KENN_121","1","2","3"
"kennethernet","2","1","3"
"KennethTamayo","1","2","3"
"Kenny_Mac","2","1","3"
"kennybekele","2","1","3"
"kentbuhl","1","2","3"
"Kentucky46","1","2","3"
"Kenvird","2","1","3"
"kepakete","1","2","3"
"kepha","2","1","3"
"Kerad_007","2","1","3"
"Kerala_knight","2","1","3"
"kerberon","1","2","3"
"kerem2010","1","2","3"
"KeremK28","1","2","3"
"KeremOzdilsiz","2","1","3"
"keremy321","2","1","3"
"Keresch","1","2","3"
"KerilMeks","1","2","3"
"kermit99","1","2","3"
"Kerrour_aymen","2","1","3"
"kertcobain","1","2","3"
"keseroglu","1","2","3"
"kesfakintih2","2","1","3"
"keskinator","1","2","3"
"kespenekare","2","1","3"
"KetekMencret","1","2","3"
"Kethke","1","2","3"
"Ketul_mistry","1","2","3"
"Kevin_M007","2","1","3"
"kevinfettucini92","1","2","3"
"KevinGeoMat","1","2","3"
"KevinMan46","1","2","3"
"kevinserge","1","2","3"
"KevorkHovagimyan","2","1","3"
"Keyn","2","1","3"
"KFC_ONE_LOVE","2","1","3"
"KG667","1","2","3"
"Kgforeman","2","1","3"
"KGhost","1","2","3"
"kgn_Efsane01","2","1","3"
"kgzlucas","1","2","3"
"khabibamassogregorkk","2","1","3"
"Khabichess","2","1","3"
"khadijaazzez","1","2","3"
"khakkharc","1","2","3"
"khaled_15_dz","2","1","3"
"khaled1992k","2","1","3"
"Khaled99789","2","1","3"
"khaledben1","1","2","3"
"khalid7jaweesh","2","1","3"
"KhalidAly5","2","1","3"
"Khalilelfar","2","1","3"
"khalley","1","2","3"
"khaltyfaransa72","1","2","3"
"khashoun","2","1","3"
"khay3088","2","1","3"
"Khaymon","2","1","3"
"Khelveen","2","1","3"
"KhondamirTuychiev","1","2","3"
"Khons-K","2","1","3"
"Khreid","1","2","3"
"khronosz","1","2","3"
"khttab","1","2","3"
"Khukir","1","2","3"
"kia4","2","1","3"
"KianGheta","1","2","3"
"kichnebur","1","2","3"
"KickingKnights","2","1","3"
"kidaramad","1","2","3"
"kiddsimo","2","1","3"
"kidongdong","2","1","3"
"kie_douglas","2","1","3"
"Kielek67","2","1","3"
"Kielpiniak","1","2","3"
"kiga_maehringen","1","2","3"
"KIHAT","1","2","3"
"KIING450","1","2","3"
"Kiironotsume","2","1","3"
"kijara_KCI022","1","2","3"
"Kikezmen","2","1","3"
"kilbill147","1","2","3"
"killercali","2","1","3"
"killever","2","1","3"
"Killingforprofit","1","2","3"
"Killjoyunpankeki","2","1","3"
"Killswitch416","1","2","3"
"Kilmain","1","2","3"
"kim30","1","2","3"
"kimchina","1","2","3"
"kimjayou7777","2","1","3"
"kimjin","2","1","3"
"KimJongGoon","2","1","3"
"kimo123","2","1","3"
"kimonomyhouse","1","2","3"
"Kimovich2856","1","2","3"
"Kimuwka","1","2","3"
"kimwoohyeon1405","1","2","3"
"King_1973","2","1","3"
"King_chessSD","1","2","3"
"King_Coki","2","1","3"
"King_konk","1","2","3"
"KING_OF_CS2","2","1","3"
"king-forward-bot","1","2","3"
"King0fMemes","2","1","3"
"Kingakame","2","1","3"
"kingbammy","2","1","3"
"KingBaobab","2","1","3"
"KingBenevolent","1","2","3"
"KingCarli","2","1","3"
"KingChess2210","2","1","3"
"kingdaddy","2","1","3"
"kingdavid4t","2","1","3"
"KingEverest","2","1","3"
"Kingfish13","1","2","3"
"Kingfuria","1","2","3"
"kingjonny420","1","2","3"
"kingjuno99","1","2","3"
"kingkhan531","1","2","3"
"KingKortes","2","1","3"
"KingMatlala","1","2","3"
"KingofCool15","1","2","3"
"kingofFAROZ","1","2","3"
"KingRohat","1","2","3"
"kings_mate","2","1","3"
"Kings_Sacrificer","2","1","3"
"KingSacrifisDeclined","2","1","3"
"KingsGambit1","1","2","3"
"kingsizeOfficial","1","2","3"
"kingslayer85","2","1","3"
"kingsslayerr","2","1","3"
"kingtaner","1","2","3"
"kinimaru","2","1","3"
"Kioronn","2","1","3"
"kipas-angin","2","1","3"
"kir99","1","2","3"
"Kiraly06","2","1","3"
"kiranraj300","1","2","3"
"Kire86","1","2","3"
"kirill_buchnev","1","2","3"
"Kirill_Oshi_2009","2","1","3"
"Kirill_Pontov","2","1","3"
"Kirill_Vasilchi12","2","1","3"
"kiro_sela","1","2","3"
"kirols_georgee66","2","1","3"
"KirushaGrusha","2","1","3"
"kiskocsog","2","1","3"
"kisraB","2","1","3"
"Kit-Vedmedya1","2","1","3"
"Kit77777","1","2","3"
"kitaro_CSS","2","1","3"
"Kitchenoffice","1","2","3"
"kivancIIRC","2","1","3"
"kivikakk","2","1","3"
"kiwikaki98","1","2","3"
"kiwikiwi123","1","2","3"
"kiwikiwikiwikiwi","1","2","3"
"Kix007","1","2","3"
"Kizat","2","1","3"
"kjemikar","1","2","3"
"kjjethwa302","1","2","3"
"kjm354","2","1","3"
"KJOHANN","2","1","3"
"KK-005","1","2","3"
"kkantis","2","1","3"
"KKinYas","1","2","3"
"kkk8819","1","2","3"
"KL97","1","2","3"
"KlaasV","2","1","3"
"klagen_pandaan","2","1","3"
"klassanov","1","2","3"
"Klatren","2","1","3"
"klausbaerbel","1","2","3"
"kle91","1","2","3"
"klebb24","1","2","3"
"klelly","2","1","3"
"klemen87","1","2","3"
"klephedrone","1","2","3"
"klevertonmoises","2","1","3"
"KLFK","1","2","3"
"Klimitrich","2","1","3"
"KLIMOV_VA","2","1","3"
"klintan","2","1","3"
"Kloakenkobold","2","1","3"
"KlossaK","2","1","3"
"Klostrius","1","2","3"
"Klubnika_Egeruhai","1","2","3"
"Klyost","1","2","3"
"Km369","2","1","3"
"KMD2014","1","2","3"
"KMichaelsen","1","2","3"
"kmluther","1","2","3"
"kmn350","2","1","3"
"Knappe8","1","2","3"
"Kniazev_Matvey","2","1","3"
"Knight1983","2","1","3"
"knightbaron","1","2","3"
"KnightEnjoyer1234","1","2","3"
"Knightley98","1","2","3"
"knightracer","2","1","3"
"knightrider2366","1","2","3"
"KnightsKiller","1","2","3"
"knightsofmalta","1","2","3"
"Knightster","2","1","3"
"Knihomol","2","1","3"
"Knirh","2","1","3"
"knockando","2","1","3"
"KnottaGM","1","2","3"
"knrm","2","1","3"
"knut24","2","1","3"
"knutdeijsbeer","2","1","3"
"knyazevamilasha","1","2","3"
"ko5stin","1","2","3"
"Koba04","2","1","3"
"Koblandu","2","1","3"
"Kochenov_Dima","1","2","3"
"Koerlie","1","2","3"
"Koh_Yng_Zin","2","1","3"
"kohanz","2","1","3"
"kohileshvaran","1","2","3"
"koi777","1","2","3"
"KOJEKUDE","2","1","3"
"KoJir","2","1","3"
"Kojonko","2","1","3"
"kokdenali0_0","1","2","3"
"KoketsoSebatana","2","1","3"
"kokoloresmores","1","2","3"
"kokusukbabun","2","1","3"
"kolawole33","2","1","3"
"KolDar1988","1","2","3"
"koldungg","2","1","3"
"KolobovVictor1982","1","2","3"
"Kolodin60","1","2","3"
"Kolper","2","1","3"
"KolyanGrinchuk","2","1","3"
"kom_piu_ter","2","1","3"
"komalaK","1","2","3"
"Komiljonov_B","1","2","3"
"komisan","1","2","3"
"konchu","1","2","3"
"koncolpemai","2","1","3"
"Koneeee1","1","2","3"
"Koneev_1","2","1","3"
"konmalcev","2","1","3"
"Konoha1","2","1","3"
"KONPETT","1","2","3"
"konservee","2","1","3"
"Konstantin_am","1","2","3"
"KONSTANTIN_MELNIKOW","2","1","3"
"Konstantin_Upman","1","2","3"
"KonstantinKiskinov","1","2","3"
"konyashka37","1","2","3"
"koo5","1","2","3"
"koolaang","1","2","3"
"koomikko","1","2","3"
"Koondooro","2","1","3"
"Koorosh_mohimi","1","2","3"
"kopol454","1","2","3"
"koraycngl","2","1","3"
"Korin100","1","2","3"
"kornkaobat","1","2","3"
"kortik71","1","2","3"
"korto49","1","2","3"
"KortunA321","1","2","3"
"Kosanovic","2","1","3"
"Kossuth_Ferenc","1","2","3"
"Kostantino8","2","1","3"
"kostasstath98","2","1","3"
"kostaszivas","2","1","3"
"KostikB","2","1","3"
"Koston_F","1","2","3"
"kostovvv","2","1","3"
"Kostt79","1","2","3"
"kostuanych","1","2","3"
"kostyukov","1","2","3"
"Kot_12","2","1","3"
"kotikveronika","1","2","3"
"Kotov_1","1","2","3"
"Kotov75","1","2","3"
"kouchychwarty","2","1","3"
"koukito","2","1","3"
"Kova111","2","1","3"
"KovardaMichail","2","1","3"
"Koyot86","1","2","3"
"koytipita","1","2","3"
"kozanitis_kostas","1","2","3"
"Kp411","1","2","3"
"kpauliukenas","1","2","3"
"kpbr","2","1","3"
"kpdaleksandr","1","2","3"
"kr462","1","2","3"
"Kracen","2","1","3"
"Kraftmeister","2","1","3"
"Krak_10","1","2","3"
"Kraken2099com","1","2","3"
"Krali44","1","2","3"
"KRALMUSTAFA218","1","2","3"
"kralperen25","1","2","3"
"KrapivinArs","1","2","3"
"Krastin","2","1","3"
"krathanakumar","2","1","3"
"krau_2008","2","1","3"
"kreemmabdlrazikk","2","1","3"
"kreemo67","2","1","3"
"KreuzritterImZoo","2","1","3"
"KriEger1890","2","1","3"
"KrigerKatana","1","2","3"
"krilamar","2","1","3"
"KrillesKaviar","1","2","3"
"kris2932","1","2","3"
"KrisBateman","1","2","3"
"krish_dalal23","2","1","3"
"krish8617","1","2","3"
"krisha1612","2","1","3"
"krishaggarwal1","1","2","3"
"KrishK8055","1","2","3"
"krishna_kicha","1","2","3"
"Krishnabajoria","1","2","3"
"krishnan1912","1","2","3"
"Krishnat","1","2","3"
"KrishVasudev","2","1","3"
"Krishy_1994","2","1","3"
"krismuller","2","1","3"
"krisnapratama17","2","1","3"
"krisrosl","1","2","3"
"Krissss1","2","1","3"
"KRISTIAN2017","2","1","3"
"Krito_1","2","1","3"
"kriulin79","2","1","3"
"krle_012","2","1","3"
"Krock-5jih","1","2","3"
"Kroj","2","1","3"
"Kronnus","1","2","3"
"KROOM-2020","2","1","3"
"Krrik666","1","2","3"
"krsija","2","1","3"
"krstr6","2","1","3"
"Krumen","2","1","3"
"Krupadawan","2","1","3"
"krupy","2","1","3"
"KrushanSan","2","1","3"
"krutARTh_kARKala","1","2","3"
"krutoi412","1","2","3"
"Krystophyr","1","2","3"
"Kryzz","1","2","3"
"Krzema787","2","1","3"
"kSACRIF","1","2","3"
"ksapi","1","2","3"
"KsEnIa_BiZhOvA","1","2","3"
"kseroform","1","2","3"
"ksga","1","2","3"
"KSKKARTHAN","2","1","3"
"kszez","2","1","3"
"Ktara7","1","2","3"
"kTejas_2011","2","1","3"
"ktiny","1","2","3"
"ktlhnyrlmzv2","1","2","3"
"kuan-ti","2","1","3"
"kuanysh_2010o","1","2","3"
"kubistec","1","2","3"
"kubrick35","2","1","3"
"Kuda-Binal","2","1","3"
"Kudratomaris","2","1","3"
"Kufi","2","1","3"
"kugaru","1","2","3"
"Kukere","2","1","3"
"kukla97","2","1","3"
"Kuklon17","2","1","3"
"kukulala","1","2","3"
"KulChatZ","2","1","3"
"KULILAT","1","2","3"
"KulkiDobreRzeczy","2","1","3"
"kuller001","2","1","3"
"Kumaraman80813","2","1","3"
"kumarshreyansh","1","2","3"
"kumpon","1","2","3"
"kungen75","1","2","3"
"kungfu56","2","1","3"
"kunj_op777","1","2","3"
"kunjalm","1","2","3"
"kupricz35","2","1","3"
"kurabive","1","2","3"
"kuraitenshei","2","1","3"
"kuro25","1","2","3"
"KURTWICK","2","1","3"
"kurzmarlbororott","2","1","3"
"Kushimash","2","1","3"
"Kushmire","1","2","3"
"kutSW","2","1","3"
"Kutub","2","1","3"
"kUUbA02","2","1","3"
"Kuvshinovkyu","1","2","3"
"KuyaMoKoBabybaby","1","2","3"
"KUZgun46","1","2","3"
"kuzmin2011","1","2","3"
"KuznecovNikolai","2","1","3"
"Kuznik264","1","2","3"
"Kvalis","2","1","3"
"Kvest88","2","1","3"
"Kvisko067","2","1","3"
"kwaggie","1","2","3"
"kxqa4pat","1","2","3"
"KYaroslav2016","2","1","3"
"kyisus23","1","2","3"
"kyka776","2","1","3"
"kykauwi","2","1","3"
"KyloRylo","1","2","3"
"kypat","2","1","3"
"Kyrillos82","1","2","3"
"kzl01","2","1","3"
"kzrkzr","1","2","3"
"l_33_q","1","2","3"
"L_BUDI","1","2","3"
"L_Hospital","1","2","3"
"L_Josipov","2","1","3"
"l_ThiefOfSouls_l","1","2","3"
"L-akyn","1","2","3"
"L00tL00ter","2","1","3"
"L0uIEkOv","2","1","3"
"l10l12l","1","2","3"
"L2558","1","2","3"
"l3kn","2","1","3"
"la_ka","2","1","3"
"Laaboon","1","2","3"
"labitnanghi","2","1","3"
"labouniegue","2","1","3"
"Labudcrnii","1","2","3"
"Lachever","2","1","3"
"Lachkarino","2","1","3"
"Lachpawel","2","1","3"
"Lacrobate","2","1","3"
"LACV15","1","2","3"
"ladekabel","1","2","3"
"LAEN4","2","1","3"
"LaFrozze","2","1","3"
"lagefelipe0310","1","2","3"
"laguun","2","1","3"
"Lahici","1","2","3"
"lailachitra","1","2","3"
"laimas","2","1","3"
"laithalmadani","2","1","3"
"laitnik","2","1","3"
"lajoska","2","1","3"
"LaKa10","2","1","3"
"LakshmananWCA","1","2","3"
"lakshyaaaa1509","1","2","3"
"Lalalisa0901","2","1","3"
"lalitk98","1","2","3"
"lalo_cq","2","1","3"
"laMaN01","2","1","3"
"lamine95","2","1","3"
"lamper0s","1","2","3"
"lampo1111","2","1","3"
"lamuie","2","1","3"
"land1977","2","1","3"
"Landon345","1","2","3"
"langepas086","1","2","3"
"LangerLachs","1","2","3"
"Lansel2","1","2","3"
"Lansky","1","2","3"
"Lansuki","2","1","3"
"Lapenok","1","2","3"
"LaPoianadiViatosto","1","2","3"
"Lapore_Duhat","1","2","3"
"Lapsus3","2","1","3"
"Lara2105","1","2","3"
"Larim","2","1","3"
"LarissaLV","1","2","3"
"Larrrrr","2","1","3"
"larryblanderson","1","2","3"
"LarryChess64","2","1","3"
"larsa123","1","2","3"
"larsaplarsap","1","2","3"
"larsarne","1","2","3"
"larsen1955","2","1","3"
"LarsNikolai","1","2","3"
"larubiano","1","2","3"
"lary34","2","1","3"
"LarZ8","1","2","3"
"lascker","2","1","3"
"lashabrat7","2","1","3"
"LaSplait","2","1","3"
"Lassesonne","1","2","3"
"Lastcayman","2","1","3"
"Lastmokhstanding878","2","1","3"
"lastnewcomer","2","1","3"
"Lateefb","1","2","3"
"Latin-Jazz","1","2","3"
"Latyev_Yury","2","1","3"
"laurenscovens","2","1","3"
"LaurentBernard","1","2","3"
"LauroSantos","2","1","3"
"laurus12","2","1","3"
"lauts","1","2","3"
"laveeerrr03","1","2","3"
"lavitragupta","2","1","3"
"LAVLAVLAV","1","2","3"
"lavsav","2","1","3"
"lawers68","2","1","3"
"lawlz84","1","2","3"
"Lawrence3327","1","2","3"
"Layachi2","1","2","3"
"LaZanzara","2","1","3"
"Lazarus_Nightshade","1","2","3"
"LazidOnTheRise","2","1","3"
"lazio1_3","1","2","3"
"lazlo3000","2","1","3"
"lazy-cat-tt","1","2","3"
"lazyasian","2","1","3"
"LazyCedro","2","1","3"
"lazzarus","2","1","3"
"Lazzy_kitten","1","2","3"
"lCheesecakel","1","2","3"
"lciarelli00","2","1","3"
"LDBoutens","1","2","3"
"LDVmoves","2","1","3"
"le_monade","1","2","3"
"le-mancho","1","2","3"
"LeacinaG","2","1","3"
"leafarz","2","1","3"
"Lean_adam1234","2","1","3"
"Lean1968","1","2","3"
"leandroniels","1","2","3"
"learn10","2","1","3"
"Leb0hang","2","1","3"
"lebonderooo","1","2","3"
"lecorsaire2","1","2","3"
"Led114","1","2","3"
"ledebleman","1","2","3"
"leegraham","1","2","3"
"LeeroySon104","2","1","3"
"LeeTilton","1","2","3"
"leevi91","1","2","3"
"leexaa","2","1","3"
"Legend_Ramen","1","2","3"
"Legenda_55555","2","1","3"
"Legendary007","2","1","3"
"LegendKiller1986","2","1","3"
"Legerus","2","1","3"
"Leghakra","2","1","3"
"LEGO_REBEL","2","1","3"
"Legolas475","1","2","3"
"legoTura","2","1","3"
"LeGouvernEnSUEUR","2","1","3"
"leha0791","2","1","3"
"lehadominator228","1","2","3"
"Leila3001","2","1","3"
"leilasanaei","2","1","3"
"Leilenabril","1","2","3"
"Leiv1234","2","1","3"
"lekxsa","1","2","3"
"lel196","1","2","3"
"LeLe253","1","2","3"
"Lelou-ch","1","2","3"
"Lelouch_lee_Egypt","1","2","3"
"Lelouch_v_b","2","1","3"
"Lemc","1","2","3"
"lemebelikeme","1","2","3"
"lememedo","1","2","3"
"leminhquan12","2","1","3"
"lemo484","1","2","3"
"Lemontreuillais","1","2","3"
"Lengdorf10","2","1","3"
"Lenhop_978","1","2","3"
"Lenin0922","1","2","3"
"LennySanchez","2","1","3"
"Lenoy","1","2","3"
"Leo-James-Declan","1","2","3"
"leo5858","2","1","3"
"Leobji","2","1","3"
"Leodan_90","1","2","3"
"leodisousa","1","2","3"
"leoleiro","2","1","3"
"leolmpat22","1","2","3"
"LeoM13_69","2","1","3"
"leon_cz","1","2","3"
"leoN2179","1","2","3"
"Leon2266","1","2","3"
"LEONARD007","2","1","3"
"LeonardoRitardo","1","2","3"
"LeonDuisburg23","2","1","3"
"leonirke","2","1","3"
"leonlukas1234","2","1","3"
"Leozturk","2","1","3"
"LeRitsu","2","1","3"
"Leroux15","2","1","3"
"les-chess-musicales","2","1","3"
"lesha19","1","2","3"
"leshikyo","2","1","3"
"lesik_dee","2","1","3"
"lesskun","1","2","3"
"LESTAR_fresh","2","1","3"
"Lethibro","2","1","3"
"letlam","2","1","3"
"letscattleya","2","1","3"
"lettho12","1","2","3"
"LeubaJean","2","1","3"
"Leucocyte2A","1","2","3"
"lev_ka","2","1","3"
"levan1234","2","1","3"
"Levani8","2","1","3"
"levanijib","1","2","3"
"levchess2004","2","1","3"
"Leveltetu","2","1","3"
"Leverkine","1","2","3"
"Leviatan-2805","2","1","3"
"levkipos","2","1","3"
"LevNova","1","2","3"
"levrekr33","1","2","3"
"levskar4e","2","1","3"
"lex_05","2","1","3"
"Lexlive","1","2","3"
"Lexseth","2","1","3"
"lezackerman05","1","2","3"
"lezarus","1","2","3"
"Lezess","2","1","3"
"Lezi121","2","1","3"
"lferrari1","1","2","3"
"Lhawk1099","2","1","3"
"li2006","1","2","3"
"lials","2","1","3"
"Liam_Dory","1","2","3"
"Liam_Resnick","1","2","3"
"Liam030474","1","2","3"
"liamm691","2","1","3"
"LiamNielsenChess","1","2","3"
"liamwheen","1","2","3"
"Liary","2","1","3"
"liberter1","2","1","3"
"LibertiFit","1","2","3"
"Libra1020","1","2","3"
"LichE4","2","1","3"
"LICHESAXEL","2","1","3"
"lichessyyo","2","1","3"
"lichesterfield","2","1","3"
"lieblingsmensch92","1","2","3"
"liebre54","1","2","3"
"Lies_666","2","1","3"
"Lifeline304","2","1","3"
"Lifesaburrito","2","1","3"
"Light8","2","1","3"
"Lighter123","2","1","3"
"LightLSakib","2","1","3"
"lightmouse","2","1","3"
"Lightning_McQuEEn-01","2","1","3"
"lightning_user_12345","2","1","3"
"lightscouter","1","2","3"
"lightsoutknightsout","1","2","3"
"Ligth_Spirit","1","2","3"
"Lihongrui0310","1","2","3"
"LiHoudini1611","1","2","3"
"liiva9","2","1","3"
"LikeABasketball","1","2","3"
"Likedisco","2","1","3"
"Likeluk","2","1","3"
"likespring","2","1","3"
"lil_prodigy","2","1","3"
"LiliyaLVladimirovna","2","1","3"
"LilKondi","1","2","3"
"Lilloef","1","2","3"
"lilpete777","1","2","3"
"lilR00k","1","2","3"
"lilsaddy","1","2","3"
"Lim-Chen-Yi","2","1","3"
"limakwnw71","1","2","3"
"Limay4","2","1","3"
"LimberXBT","2","1","3"
"Limondead666","1","2","3"
"LimonS","1","2","3"
"Lincoln2314","2","1","3"
"Linda1000","2","1","3"
"Linetskiy","1","2","3"
"Ling0t_629","2","1","3"
"lingle","1","2","3"
"Link2Chess","1","2","3"
"LINOFSKIY","1","2","3"
"Linsorld","2","1","3"
"linus_w","1","2","3"
"Linus1992","2","1","3"
"lio-nel","1","2","3"
"Liolios","2","1","3"
"lion-huseyinaydin","1","2","3"
"LIONEL62","2","1","3"
"Lionelyanqui","1","2","3"
"Lior730424","2","1","3"
"lipfidzanpan","1","2","3"
"Liquidsky67","1","2","3"
"Liricovicov","1","2","3"
"liromchess","1","2","3"
"LisaFox","2","1","3"
"lisandrobaez1988","2","1","3"
"Lit_Pepito","2","1","3"
"LiterateRoom","1","2","3"
"Lither","2","1","3"
"LithwinBala014","2","1","3"
"litriuranga78","2","1","3"
"littleares","2","1","3"
"littleFerz","2","1","3"
"LittlePawnFriends","1","2","3"
"litum","1","2","3"
"liudve612","2","1","3"
"LiuHaolingyyds","1","2","3"
"livegameanalyser","1","2","3"
"livelock","1","2","3"
"lizarium","1","2","3"
"LJKwama","1","2","3"
"LK-FIRZ","2","1","3"
"lkhalifa2222","1","2","3"
"LKT7777","2","1","3"
"lkuba04","2","1","3"
"Llardofe","1","2","3"
"lLAZARUSl","2","1","3"
"LLIB","1","2","3"
"LLIPAMyJI9I","1","2","3"
"lllDarkManlll","2","1","3"
"lllizbet","1","2","3"
"lllOMARllll","2","1","3"
"llwwwzx","1","2","3"
"lmacdonald5288","2","1","3"
"lmtmg","2","1","3"
"Loboperuano","1","2","3"
"Lobsterino","2","1","3"
"LocalGlobal","1","2","3"
"localls","1","2","3"
"Lockdown_Chess_UK","1","2","3"
"lockelamora1907","2","1","3"
"lockmeuntilfergueson","1","2","3"
"Locutus06","1","2","3"
"LOGAN2116","1","2","3"
"loganmclogan","2","1","3"
"logicos123","1","2","3"
"LogicWolfAce","2","1","3"
"Loginov35","2","1","3"
"logosdaniel","1","2","3"
"LogosLag","2","1","3"
"logxan","1","2","3"
"Lohthar","1","2","3"
"loi95","2","1","3"
"LoJD6","1","2","3"
"loker4","2","1","3"
"LokiAThor","1","2","3"
"Loky007","2","1","3"
"LoL4444","1","2","3"
"lol9998766","2","1","3"
"lolamilenio","2","1","3"
"lolikhipster","2","1","3"
"lololoshcy_uwu","2","1","3"
"lololoshka3578432","2","1","3"
"LOlomar","1","2","3"
"Lolwhatsup","2","1","3"
"Loma4ok123","1","2","3"
"Lomlapalek","2","1","3"
"LondonBit","1","2","3"
"lonely_Spy","1","2","3"
"Longname_17","2","1","3"
"Longpuan","1","2","3"
"LongSloth","2","1","3"
"loniestmonk","2","1","3"
"Looinrims","1","2","3"
"looooper","2","1","3"
"looseleaf25","1","2","3"
"Looser_yes","1","2","3"
"Looser111","1","2","3"
"Looser247","2","1","3"
"LopezLFW","2","1","3"
"lopon","2","1","3"
"Loqmoha","2","1","3"
"lord_asriel998","2","1","3"
"Lord_of_The_APRICOT","1","2","3"
"Lord_of_the_rings_1","1","2","3"
"Lord_SaB","2","1","3"
"Lord_voldimort","1","2","3"
"lordcarew","1","2","3"
"lordcarlol","2","1","3"
"Lordofthewolves","2","1","3"
"lordpalace","2","1","3"
"LordPippinthe17th","1","2","3"
"Lordserdy","1","2","3"
"lordvarysthespider","2","1","3"
"lordyato11","1","2","3"
"lorenzovz98","1","2","3"
"loreta23","2","1","3"
"lorinc8toldi","1","2","3"
"Loring","1","2","3"
"Loryquad","2","1","3"
"los_reyes_del_peru","2","1","3"
"Loscules","1","2","3"
"loser340","1","2","3"
"Loserkid","1","2","3"
"loska_1203","1","2","3"
"LosleonesdeCasio","2","1","3"
"LostFly","2","1","3"
"lostincinema8","1","2","3"
"LostMyPassword","1","2","3"
"LotsaLizards","1","2","3"
"Lottie7","2","1","3"
"louay-tinawi","1","2","3"
"Loud_Lemon","2","1","3"
"LoudTrail","1","2","3"
"Louis2222","1","2","3"
"Louislmc","1","2","3"
"loullou","1","2","3"
"Loun06","1","2","3"
"loup34","1","2","3"
"lourenco22","2","1","3"
"LOUSTRADOR_75","1","2","3"
"Lousywater","2","1","3"
"Love197","2","1","3"
"lovebox92","2","1","3"
"Loveforever45","1","2","3"
"loverman27","2","1","3"
"Lovermanxxl","2","1","3"
"lovesleefiora","1","2","3"
"LovroDez","2","1","3"
"lovRR09","2","1","3"
"lowe64","1","2","3"
"LowkeyLuke","2","1","3"
"lp123poha","1","2","3"
"lpmah2002","2","1","3"
"lpthecrasher","1","2","3"
"lrg000","2","1","3"
"lrico","2","1","3"
"lsantano","1","2","3"
"lscaJaswant","1","2","3"
"lsv1962","1","2","3"
"Lt_Surge","1","2","3"
"LT7903","1","2","3"
"LTH1","2","1","3"
"LTR94","1","2","3"
"ltraore","1","2","3"
"Lttz","2","1","3"
"luanvalar","2","1","3"
"Lubarych77","1","2","3"
"Lubu43","2","1","3"
"Luc-Raijmakers","2","1","3"
"Luca9898","2","1","3"
"Lucaber17","1","2","3"
"LucaE","2","1","3"
"LucaPeloso17","2","1","3"
"Lucaprov","2","1","3"
"Lucaracer","1","2","3"
"lucas1999","1","2","3"
"lucas74960","1","2","3"
"LucasABChess","2","1","3"
"lucascooby","1","2","3"
"lucasmeneghin","2","1","3"
"LucasPrice","2","1","3"
"Lucassa98","1","2","3"
"lucawu","1","2","3"
"Luchissimo","2","1","3"
"lucho-_da_-costa","1","2","3"
"lucho9611","1","2","3"
"lucholklk","1","2","3"
"luci061","1","2","3"
"lucia-miami","1","2","3"
"LucianP","1","2","3"
"lucienlaloutre","1","2","3"
"Lucio1579","2","1","3"
"lucke29","2","1","3"
"Luckily_he","1","2","3"
"Luckoen","1","2","3"
"Luckstax","1","2","3"
"Lucky_G_Luka","1","2","3"
"LuckyDevil357","1","2","3"
"LUCKYHAND","1","2","3"
"Luckyman1234","2","1","3"
"luckysunday","2","1","3"
"luco1111","2","1","3"
"LudMeister","2","1","3"
"luffyonmerry","2","1","3"
"luffytaro56","2","1","3"
"luggyx","1","2","3"
"luiggonz","2","1","3"
"Luigi5800","2","1","3"
"LuigiMS","1","2","3"
"Luis_angel13","2","1","3"
"Luis_Carosini","1","2","3"
"Luis_illco","2","1","3"
"luis_tal1993","2","1","3"
"Luis-Ruiz","1","2","3"
"LUIS568","2","1","3"
"LuisCampuzano2012","1","2","3"
"Luisch98","2","1","3"
"luisdias2","2","1","3"
"luislaf","1","2","3"
"luispan","2","1","3"
"LuisSAlvz","1","2","3"
"luissousarego","1","2","3"
"luizcaliani","1","2","3"
"luizkombi","2","1","3"
"Luka50","1","2","3"
"LukaNejc","2","1","3"
"LukaRosso","1","2","3"
"Lukas_George2000","1","2","3"
"Lukas1500","1","2","3"
"Lukas253","2","1","3"
"lukasz123","1","2","3"
"lukebuckler","2","1","3"
"Luki22","2","1","3"
"Lukid141","2","1","3"
"lukis12","2","1","3"
"lukundos","2","1","3"
"LuLaQueen","2","1","3"
"lumi_siggy","1","2","3"
"luminadee","2","1","3"
"Luminion","2","1","3"
"Lumoshi","1","2","3"
"lumpofcoal","1","2","3"
"Luna2007","1","2","3"
"Luna75","2","1","3"
"Lunaii","1","2","3"
"Lunatik20","1","2","3"
"lundaaa","2","1","3"
"lundnik","1","2","3"
"Lupus1982","1","2","3"
"luqman_94","1","2","3"
"luqmanvier_11","1","2","3"
"Luquis_2021","1","2","3"
"Lusarius_minto","1","2","3"
"luthfi108","1","2","3"
"Lutupi","2","1","3"
"Luudoh","2","1","3"
"luukNK","2","1","3"
"Luxe00n","2","1","3"
"luxiluxit","1","2","3"
"luxouis","2","1","3"
"luz0000","2","1","3"
"LVo","2","1","3"
"lwess147852369","1","2","3"
"Lxcx_0-3","2","1","3"
"LYAMBEJI","1","2","3"
"Lyblix","1","2","3"
"Lycan7","2","1","3"
"Lycruz","2","1","3"
"lyeslasmar","2","1","3"
"lykellyPabalan2009","2","1","3"
"lyly95","1","2","3"
"LynDon10","2","1","3"
"LyQuangMinh521","1","2","3"
"Lyuty","1","2","3"
"m_3_r_c_u_r_y","1","2","3"
"M_a_R_u_O","2","1","3"
"M_Chess47","2","1","3"
"M_Habibzad_786","1","2","3"
"m_kj","2","1","3"
"M_Mehrad_H","2","1","3"
"M_moon","1","2","3"
"m_phelps","2","1","3"
"m_pog","1","2","3"
"M_sadegh_Att","1","2","3"
"M-Awale","1","2","3"
"M-borba","1","2","3"
"M-Diaz","2","1","3"
"m-kuznetsov","1","2","3"
"M-M1","2","1","3"
"M-NILU_2000","1","2","3"
"M00HH00K","2","1","3"
"m00stafa","2","1","3"
"M0ntyChess","1","2","3"
"m1ch43l-moy","2","1","3"
"M1YAMOTO","2","1","3"
"M3kus_M3kus_na_Insan","2","1","3"
"M4th3o","2","1","3"
"M7_m7med","1","2","3"
"m74450","1","2","3"
"M7amaw","2","1","3"
"M8086","1","2","3"
"M86ISLIVE","2","1","3"
"ma_almeidajr","2","1","3"
"ma4eta","1","2","3"
"Maaash","2","1","3"
"Maabadolat","1","2","3"
"maad1234","2","1","3"
"maadhesh_09","1","2","3"
"maalpoel","2","1","3"
"maardn88","2","1","3"
"Maarten05","2","1","3"
"Maast98","1","2","3"
"maaziokunammiri","1","2","3"
"mab33","2","1","3"
"mabahmani","2","1","3"
"mabushelbaia","2","1","3"
"macabaret","2","1","3"
"MacacoRumano","1","2","3"
"Macacosapien","1","2","3"
"macastillo","2","1","3"
"MacBlyat","1","2","3"
"macchiavelli","1","2","3"
"Machado88","2","1","3"
"machao753","2","1","3"
"MachChicken","1","2","3"
"machucapapa","1","2","3"
"MaciekKru1234","2","1","3"
"mackoy_ali75","1","2","3"
"Macmora1","2","1","3"
"Macovita","2","1","3"
"MacRath","1","2","3"
"Mad_Hatter13","1","2","3"
"maD1","1","2","3"
"MAD82","2","1","3"
"madapia","2","1","3"
"Madarang57100","1","2","3"
"Madaschimudhara","1","2","3"
"madattak","1","2","3"
"Made2beGm","2","1","3"
"Madfrommadness","1","2","3"
"madhavchess12","1","2","3"
"Madhu1991","1","2","3"
"madjerlinares","2","1","3"
"madjionicar","2","1","3"
"MadLoKi","1","2","3"
"madlyymad","1","2","3"
"MadMan585","2","1","3"
"madmax28","1","2","3"
"MADMAX34","1","2","3"
"Madskak","1","2","3"
"MaduraQ","2","1","3"
"maenkloub","1","2","3"
"Maestro_Shao","2","1","3"
"MAESTRO-1","2","1","3"
"maestroajedrez","2","1","3"
"MaestroAlken","2","1","3"
"mafazkharuri","2","1","3"
"Mafi0znik","2","1","3"
"Mafiaalens","2","1","3"
"magalos","1","2","3"
"MaggiNoodlesCurry","2","1","3"
"magi123","2","1","3"
"Magic-chess-nocturne","1","2","3"
"magimEd","1","2","3"
"magisterjk","2","1","3"
"Magmy93","2","1","3"
"MagNat521","2","1","3"
"MagneticAirport","2","1","3"
"Magnus_Fischa","2","1","3"
"MagnusCarlsen5V","1","2","3"
"MagnusCarlsensVater","1","2","3"
"MagnusCarlsenWinnerI","2","1","3"
"MagnusCarlson_n","2","1","3"
"MagnusHN","2","1","3"
"magnuslars1","2","1","3"
"MagnusNZ","2","1","3"
"magnusreincarnated","2","1","3"
"Magnusthe","1","2","3"
"Magnustryggvi11","1","2","3"
"magnuswhat228","2","1","3"
"magonico","1","2","3"
"Magpie888","2","1","3"
"magrabi","2","1","3"
"Magzy_Boguesbutnoob","2","1","3"
"mahad1993","1","2","3"
"mahadkukuu","1","2","3"
"mahadm8210","2","1","3"
"MahapatraVineet21","1","2","3"
"mahdi26am","2","1","3"
"Mahdi9514","2","1","3"
"mahendra72","2","1","3"
"Mahesh_siva2004","1","2","3"
"mahesh772","1","2","3"
"maheshbhise","1","2","3"
"MahimaRamchandani","2","1","3"
"MahirChamps","2","1","3"
"mahish7","1","2","3"
"Mahkda","2","1","3"
"mahmoudbechki","2","1","3"
"mahmoudfatthy21","1","2","3"
"mahmut1661","1","2","3"
"mahtab1992","1","2","3"
"maicciii","1","2","3"
"maicol200","1","2","3"
"MaicolStiven2022","2","1","3"
"Maicolxd","2","1","3"
"Maidanyarov","1","2","3"
"Maikelgelida","1","2","3"
"Maikol5274","2","1","3"
"MainLisaDPS","1","2","3"
"Maja_BKD","1","2","3"
"majaphi","1","2","3"
"Majczi","2","1","3"
"majed146","2","1","3"
"majedabdu","1","2","3"
"MajoraKong","2","1","3"
"MajorGulo","1","2","3"
"MAJOYJULI","1","2","3"
"makarovin1","2","1","3"
"makartal","2","1","3"
"makarzik","2","1","3"
"Makcccc","2","1","3"
"Make0004","1","2","3"
"makemistakes","1","2","3"
"makesomenoize","1","2","3"
"makindizzle","2","1","3"
"makoppo","2","1","3"
"MakovchikVV","1","2","3"
"Maks123chess321","2","1","3"
"maksarzywoo","1","2","3"
"Maksim_Gerasin","1","2","3"
"Maksim909","2","1","3"
"MaksimC","1","2","3"
"maksimkaluga","2","1","3"
"maksimov66","2","1","3"
"MaksYuronin","1","2","3"
"MakWS888","1","2","3"
"mAL990","1","2","3"
"malapaka","1","2","3"
"Malato","2","1","3"
"malbaharr","2","1","3"
"Malbakhov","1","2","3"
"Maleesha_2023","1","2","3"
"malekanashamdan","2","1","3"
"MaleShushing","1","2","3"
"MALETHO","2","1","3"
"Malhar_Uphale","2","1","3"
"MalibuMarabu","2","1","3"
"Malikop","1","2","3"
"malladisrin","1","2","3"
"malmuthafer","2","1","3"
"maltanorway","1","2","3"
"MalulChess","1","2","3"
"Malvolio65","2","1","3"
"malyy","1","2","3"
"mamadRiza","1","2","3"
"mamamathiasasas","1","2","3"
"mami1974","1","2","3"
"MammadovNasir","1","2","3"
"mammud","1","2","3"
"mamobacje","1","2","3"
"manan1307","1","2","3"
"manaskhadke","2","1","3"
"manaxR","2","1","3"
"manciti2009228","2","1","3"
"ManCVD","1","2","3"
"mandavilla","1","2","3"
"mandizhov","1","2","3"
"Mane31231","2","1","3"
"MangeshB","2","1","3"
"MangoesPapi","2","1","3"
"ManGooseCarSled","1","2","3"
"Mangustin","1","2","3"
"manhe","2","1","3"
"Manhu2005","1","2","3"
"mani1968","2","1","3"
"mani214","2","1","3"
"maniek1307","2","1","3"
"MANIRATHINAM2000","1","2","3"
"manishkadian","2","1","3"
"manito12","1","2","3"
"mankeev_rr","2","1","3"
"Manle_0607","1","2","3"
"manniqui","1","2","3"
"Mannydabest1","2","1","3"
"manojkumar_3007","1","2","3"
"MANOLO427","2","1","3"
"mans0114","2","1","3"
"Mansour101","1","2","3"
"Manta_Style","2","1","3"
"manti98","1","2","3"
"MantisTobaggan","1","2","3"
"Mantoni","2","1","3"
"Manu_23","1","2","3"
"manualex","2","1","3"
"Manuel_Albarracin","1","2","3"
"manuel_f18_8","1","2","3"
"Manuel_fml","1","2","3"
"Manuel-Anturi-CAQ","2","1","3"
"Manuelssjd","2","1","3"
"manurono","1","2","3"
"manurupa","1","2","3"
"manuukonyo","2","1","3"
"Manvik","2","1","3"
"manywaytowin","1","2","3"
"Manzor","1","2","3"
"Manzz_97","2","1","3"
"Maotsedong","1","2","3"
"mapevent","2","1","3"
"mapu-chess","1","2","3"
"Maqsudboy","1","2","3"
"Mar647","1","2","3"
"marakuya71","2","1","3"
"marat00001","2","1","3"
"Maratdona","1","2","3"
"marathea","1","2","3"
"MaratMansur","2","1","3"
"maratonius2000","1","2","3"
"Marauder_BWZ","2","1","3"
"Marcel-Vivas","1","2","3"
"Marcel10","2","1","3"
"marcellourquiza","1","2","3"
"marcelo_c_machado","2","1","3"
"marcelo_sc2","1","2","3"
"marceloaboliveira","2","1","3"
"marcelohrnz","2","1","3"
"MarcelTargaryen","1","2","3"
"Marchenko_AV_2012","2","1","3"
"Marchi1974","2","1","3"
"Marchi911","1","2","3"
"marchingcanine","1","2","3"
"MarcinNguyen","1","2","3"
"Marcio1994","1","2","3"
"marco_a_castilho","1","2","3"
"marco_parry","2","1","3"
"Marco2323","1","2","3"
"marco593","2","1","3"
"marcocarapina","1","2","3"
"marcodcroce","2","1","3"
"marcoh","1","2","3"
"marcolll9","2","1","3"
"Marcos_BL","1","2","3"
"Marcos_Caldelas","1","2","3"
"marcos728w","2","1","3"
"marcospgp","1","2","3"
"marcossolisgalvan","1","2","3"
"MarcoStregatto","2","1","3"
"MarcS74","2","1","3"
"MarcusMutante","2","1","3"
"mardoer","2","1","3"
"Mardoran","1","2","3"
"Mareceek","2","1","3"
"Marginalby","1","2","3"
"MariaMarMe","2","1","3"
"mariamorena","1","2","3"
"Mariana-S","1","2","3"
"MArifars","2","1","3"
"marina-chebotareva","1","2","3"
"MarioBikar17","1","2","3"
"MarioCzernay","2","1","3"
"MarionaPi","2","1","3"
"mariuskarlsrud","2","1","3"
"mariusvdb","1","2","3"
"mariuszae","2","1","3"
"Mariy_03","1","2","3"
"Mark_Iushko","2","1","3"
"markazz","1","2","3"
"Markesh10","1","2","3"
"Markiian_Khanas","2","1","3"
"Markm3","1","2","3"
"Marko7958","1","2","3"
"markomatko123","2","1","3"
"marksivko","1","2","3"
"Marksome","2","1","3"
"MarkusD3","1","2","3"
"markyyyshells","1","2","3"
"Marlenok","2","1","3"
"Marlon_999_xxx","1","2","3"
"marmet","1","2","3"
"Marquis_Cheshire","2","1","3"
"MarsBeibars","2","1","3"
"marti_27","2","1","3"
"marti161","2","1","3"
"Martijn16022004","2","1","3"
"Martin_etienne","1","2","3"
"MARTIN_KING_JR","1","2","3"
"martin1997","2","1","3"
"martin339","2","1","3"
"martinajedrez_1971","1","2","3"
"martinfredrik","1","2","3"
"martinibellini","2","1","3"
"MartinJacobsen","2","1","3"
"Martinlg369","1","2","3"
"martinln","1","2","3"
"MartinMarietta","1","2","3"
"martinmorot3","1","2","3"
"Martinn571","2","1","3"
"MartinPanda","2","1","3"
"MartinSK","1","2","3"
"MartirosyanMartik","2","1","3"
"Marttlh","1","2","3"
"martysham","2","1","3"
"MartyVianzon","2","1","3"
"maru_karte","1","2","3"
"marukurthi","1","2","3"
"MARUNIO_N","1","2","3"
"marv_elous","1","2","3"
"Marvelous2807","1","2","3"
"MarvelousMarino","1","2","3"
"MarvinMoeller","1","2","3"
"MarwenFedi","1","2","3"
"maryano","1","2","3"
"mas2017","1","2","3"
"masaker","2","1","3"
"masakrista","2","1","3"
"masaldzhiyski","1","2","3"
"masca1","1","2","3"
"MaSh_0611","2","1","3"
"Mash34","2","1","3"
"Masha_Mihailovna","2","1","3"
"masha098765","2","1","3"
"masherot","2","1","3"
"mashin15","2","1","3"
"mashkoff","1","2","3"
"mashoshynmyron","1","2","3"
"masihghaderi","1","2","3"
"maskhara","1","2","3"
"maslan889115","1","2","3"
"masluyk_timofii1","2","1","3"
"Masoretes","1","2","3"
"MassachusettsTT","2","1","3"
"massadefect","1","2","3"
"Massandra_Muscatel","1","2","3"
"massaxred","2","1","3"
"Masso27","1","2","3"
"MassonN","2","1","3"
"Master_Hou","2","1","3"
"Master_Jedi28","2","1","3"
"Master-11","1","2","3"
"master1123","1","2","3"
"masterAK2306","2","1","3"
"Mastercobos","1","2","3"
"MasterFaruq","1","2","3"
"masterfromNigeria","1","2","3"
"masteribrahim","1","2","3"
"masterkiller21","2","1","3"
"MasterLee007","1","2","3"
"masterpistol","1","2","3"
"masterproboss","2","1","3"
"masterprosper","2","1","3"
"masterstew","2","1","3"
"MasterZugzwang","2","1","3"
"mat96thias","2","1","3"
"matabalism13","2","1","3"
"Matadorfelino","2","1","3"
"Matapichis03","1","2","3"
"Matasaras","2","1","3"
"MATASUEGRAS3000","2","1","3"
"MATBEN","2","1","3"
"match1234567","2","1","3"
"Matchona","2","1","3"
"matei_vadim","2","1","3"
"MateIn24Moves","1","2","3"
"matejacobino","2","1","3"
"MatejBidulsky","1","2","3"
"matelindo13","1","2","3"
"Mateo1111","2","1","3"
"mateodcv","2","1","3"
"MateoMichel2006","1","2","3"
"mateostanicic","1","2","3"
"Materio21","1","2","3"
"materj","1","2","3"
"MateuszPilarczyk","1","2","3"
"matevasilj","1","2","3"
"mathBubble","1","2","3"
"MathedPrecisely","2","1","3"
"MatheesShana","2","1","3"
"Matheusmelo25","1","2","3"
"MathNerd_9","1","2","3"
"Mathonsi93","1","2","3"
"mati08","1","2","3"
"MatiasHeht","2","1","3"
"MatiasJunin","1","2","3"
"Matiaslumby","2","1","3"
"matiasmagallanes","2","1","3"
"matiasperez","1","2","3"
"Matoncruz","1","2","3"
"matosmc","2","1","3"
"Matou_91","1","2","3"
"Matrix111111","2","1","3"
"MatriXSharingan","1","2","3"
"matrouge","1","2","3"
"matsjfunke","1","2","3"
"Matt12","1","2","3"
"mattain","1","2","3"
"mattb1892","1","2","3"
"Mattekaren","2","1","3"
"Matteosecco","1","2","3"
"matteum","1","2","3"
"MattHadder","1","2","3"
"Matthew_Lewis","2","1","3"
"Matthew761","2","1","3"
"matthewjfox","1","2","3"
"Matthiaddeus","1","2","3"
"mattiemort","1","2","3"
"Mattnachdreizuegen","1","2","3"
"matto04","1","2","3"
"Mattpelzo","2","1","3"
"MattSavesTheNo","2","1","3"
"matttas","2","1","3"
"MattyPatzer","2","1","3"
"mattzerad","2","1","3"
"Matu10","1","2","3"
"matus_carlsen","1","2","3"
"MatV99","1","2","3"
"MatveiVoronin","1","2","3"
"Matvey_Pankovich","1","2","3"
"matyasbabica","2","1","3"
"Matze43","2","1","3"
"Matzerazzi","2","1","3"
"Matzinke","2","1","3"
"MauBeGa","2","1","3"
"Mauricasan","2","1","3"
"Mauricio670922","1","2","3"
"mauriciofrances","2","1","3"
"MauritiusByName","1","2","3"
"Mause0707","1","2","3"
"Maverick_10","1","2","3"
"Maverick9908","2","1","3"
"MaverickDIV","2","1","3"
"mavi0995","2","1","3"
"Mavsku","2","1","3"
"mawadalla","1","2","3"
"Max_john","1","2","3"
"Max_Trig","1","2","3"
"max-strizh","1","2","3"
"max1364","1","2","3"
"Max2805","2","1","3"
"maxbirsa","2","1","3"
"maxbiscuit","2","1","3"
"maxferdinand","2","1","3"
"Maxi_lie","1","2","3"
"Maxientius","2","1","3"
"MaxiLaBruja","2","1","3"
"Maxim_2022_T","1","2","3"
"Maxim_Savelev","1","2","3"
"Maxim1919","1","2","3"
"Maxime109","2","1","3"
"Maxime241","2","1","3"
"Maximo_Decimo","2","1","3"
"Maximov1982","1","2","3"
"MaximPro116","1","2","3"
"Maximus0074","1","2","3"
"maximus8","2","1","3"
"maximust2002","1","2","3"
"maxkaminsky13","2","1","3"
"maxmiliano157","1","2","3"
"Maxmudov_Abubakr","2","1","3"
"MaxMustermann42","1","2","3"
"MaxNg2004","1","2","3"
"Maxon256","1","2","3"
"maxored2","1","2","3"
"MaxRoobs","1","2","3"
"maxspeshilov","2","1","3"
"Maxx44","1","2","3"
"Mayank1131","1","2","3"
"Maybe-tips","1","2","3"
"MaybeIWinSomeGames","1","2","3"
"mayef44","1","2","3"
"mayimmm","2","1","3"
"maykvozofski","2","1","3"
"Mayl18","2","1","3"
"maylo-x","1","2","3"
"mayrtoncalado","1","2","3"
"maysrill","2","1","3"
"Mayur_Rathibzu","2","1","3"
"MazaaHakaa","1","2","3"
"MazeBraker","2","1","3"
"MazenFire","2","1","3"
"MazharOsman","2","1","3"
"MaznoDaniil","1","2","3"
"MBA34","2","1","3"
"MbappeXD","1","2","3"
"MBaumann_72","1","2","3"
"mbbcn","2","1","3"
"mbcheung04","1","2","3"
"mbird_2","1","2","3"
"mbirnios","2","1","3"
"MBL1992","1","2","3"
"MBueno14","1","2","3"
"Mbusiswa","2","1","3"
"MC_8023","1","2","3"
"MC_CHRISTEL","2","1","3"
"mc_remzo_krak","1","2","3"
"McAdams09","2","1","3"
"mcbain11","1","2","3"
"mcboiii69","1","2","3"
"McDougall","1","2","3"
"mcdue","1","2","3"
"mcetin","2","1","3"
"Mcgiant","1","2","3"
"mcgrab","1","2","3"
"Mchiroque","2","1","3"
"MChokelek","2","1","3"
"McHope","2","1","3"
"McIvorTheDon","2","1","3"
"Mckaaa","1","2","3"
"McKristo","2","1","3"
"McLovinsk","1","2","3"
"MCMC169","2","1","3"
"McMuffinMalhar","2","1","3"
"mcramazan950","2","1","3"
"MCYTD","2","1","3"
"Md_Joynul1080","2","1","3"
"MD1985","2","1","3"
"MDavid1","2","1","3"
"mdevo","1","2","3"
"mdmarave999","2","1","3"
"Mdsuley48","1","2","3"
"meberlioz","1","2","3"
"Mecamdane","2","1","3"
"Mecha_1","2","1","3"
"Med_ali12","2","1","3"
"Medetkhann","2","1","3"
"medhat22","1","2","3"
"medhatbahnas","1","2","3"
"Mediocress","1","2","3"
"medmiller","1","2","3"
"medutis","2","1","3"
"meerpop","1","2","3"
"Mega_101","2","1","3"
"Mega310","2","1","3"
"megaminich","2","1","3"
"Megaterio","2","1","3"
"megly","1","2","3"
"Mego0o","2","1","3"
"MeGun","1","2","3"
"Mehdi_shadmani","1","2","3"
"mehdi15","2","1","3"
"mehdi1773","1","2","3"
"mehdi233l","2","1","3"
"mehdialigol","1","2","3"
"mehdihz81","1","2","3"
"mehdirh4","1","2","3"
"Mehman-Padarov","1","2","3"
"mehmed1232","2","1","3"
"mehmetdikici2702","1","2","3"
"mehmetdznl","2","1","3"
"mehr4n","1","2","3"
"Mehran7849","1","2","3"
"mehrdad_gh","2","1","3"
"MEHTYH","1","2","3"
"mehulpradeep","1","2","3"
"MehWhateverDude","1","2","3"
"MeineSchach","2","1","3"
"Meir1212","1","2","3"
"meirs","2","1","3"
"Meister_E","1","2","3"
"MeisterHoraa","2","1","3"
"MeisterMatze","1","2","3"
"meithZ","1","2","3"
"mel0n_l1me","2","1","3"
"Melancholyrika","1","2","3"
"Melbish","2","1","3"
"Melbo99","2","1","3"
"Melchiade","2","1","3"
"meldin","2","1","3"
"Melifeso","2","1","3"
"MelihBr","2","1","3"
"Melipulli","2","1","3"
"MelkiadesTheGreat","2","1","3"
"Melnik2009","2","1","3"
"melody1416","1","2","3"
"Melon111","1","2","3"
"Melospego","1","2","3"
"MeLViN15","2","1","3"
"melvinklein","1","2","3"
"memel","1","2","3"
"mementomori","2","1","3"
"memolixxxx","1","2","3"
"men91","2","1","3"
"MenacingPoro","1","2","3"
"menamms","1","2","3"
"menes57","2","1","3"
"menghini202","1","2","3"
"mengineerahc","1","2","3"
"Menno72","1","2","3"
"Mensex","2","1","3"
"MenteSexual","2","1","3"
"Menti55555","1","2","3"
"Mepistopholis","2","1","3"
"MercaderG","2","1","3"
"merciless01","1","2","3"
"Mercuryin7","2","1","3"
"Mercy_Feet","1","2","3"
"merdany","2","1","3"
"Merenylo","1","2","3"
"MerlinAF","2","1","3"
"Merqry79","2","1","3"
"mert_ozmen","1","2","3"
"mertaykrks","1","2","3"
"mertbati","1","2","3"
"mertcetin3","2","1","3"
"MertCeyhan355","2","1","3"
"Mertdt44","2","1","3"
"Mertens","2","1","3"
"merterdem97","1","2","3"
"mertozyigit","1","2","3"
"Mertung4235","2","1","3"
"MerxasII","2","1","3"
"meryemgll","2","1","3"
"Mesacount","1","2","3"
"Mescheryakov_Artem","2","1","3"
"mesherx","1","2","3"
"MESM20","1","2","3"
"Messi_101","2","1","3"
"messified36","1","2","3"
"messigo4t","2","1","3"
"MestreElton","1","2","3"
"mesuli","2","1","3"
"mesuthooca","2","1","3"
"MesutKhandemir","2","1","3"
"mesutoz42","2","1","3"
"Metalero666","2","1","3"
"metallic_kid","2","1","3"
"metallicr","1","2","3"
"MetalPirate","1","2","3"
"mete_0759","1","2","3"
"mete19","2","1","3"
"metebabba13","2","1","3"
"MetehanAlp","1","2","3"
"Metehancolak","1","2","3"
"metheu","2","1","3"
"MethSaveMe","1","2","3"
"Metinha","2","1","3"
"Metinkopat2011","1","2","3"
"Metocloperamide","1","2","3"
"metri","1","2","3"
"metronaldo","2","1","3"
"meuzedieu","2","1","3"
"Mevian","2","1","3"
"Meylis_86","2","1","3"
"Meysterious","1","2","3"
"mezajosexy","2","1","3"
"Mezo7777","1","2","3"
"MF-BOOMER","1","2","3"
"MF-S","1","2","3"
"Mf1990","2","1","3"
"mf1l2","2","1","3"
"mfbeans","2","1","3"
"mfehr","1","2","3"
"MFFrancoGiacomelli","1","2","3"
"MGHESS","1","2","3"
"mgny","2","1","3"
"mgranum","1","2","3"
"MGUy_2011_Tugue","2","1","3"
"MGW2005","2","1","3"
"MgWay","1","2","3"
"MH8","2","1","3"
"mh999","1","2","3"
"mhedhbi-Hamza","2","1","3"
"mhennigan","2","1","3"
"MHikaru_Nakamura2132","1","2","3"
"Mhlongo_M","1","2","3"
"MHMD_ALY","2","1","3"
"mhmd111rshwan","2","1","3"
"mhmd12356","1","2","3"
"MHMOY","2","1","3"
"mhsbarton","2","1","3"
"Mhughey","2","1","3"
"MHumphrey","1","2","3"
"miakhter","2","1","3"
"mialma","1","2","3"
"Miamlecastor","1","2","3"
"mianblal","1","2","3"
"MianBreinders","1","2","3"
"miau54321","2","1","3"
"Miaum785","2","1","3"
"Micbigboi","2","1","3"
"Miceci","1","2","3"
"Micepol","1","2","3"
"mich41","1","2","3"
"michael_md","1","2","3"
"michael1212","1","2","3"
"michael252","2","1","3"
"michaelcameron","2","1","3"
"Michaelgetachew","1","2","3"
"miCHaElharriSon1984","2","1","3"
"MichaelJSeven","2","1","3"
"michaeljuan","1","2","3"
"MichaelOlsson","1","2","3"
"MichaelPikalow","1","2","3"
"MichaelSantana","2","1","3"
"MichaelStevens99","1","2","3"
"Michail88_88","2","1","3"
"michal_kroo","1","2","3"
"MichalOszutowski88","2","1","3"
"michel_santana","2","1","3"
"Michelangelo80","1","2","3"
"Michele_1980","2","1","3"
"Michellebe1997","1","2","3"
"Michelmichel32","1","2","3"
"Michi1abc","1","2","3"
"Michmich84","1","2","3"
"michu_zadymiarz15","1","2","3"
"micksad","2","1","3"
"Mickwild","2","1","3"
"Microbatich","2","1","3"
"midhununnikrishnan","2","1","3"
"midi7","1","2","3"
"mido35","2","1","3"
"Miekova","1","2","3"
"Mielk","2","1","3"
"Miernyszachista","1","2","3"
"mifi1990","1","2","3"
"migasteso","2","1","3"
"miger8","2","1","3"
"MightGainer","2","1","3"
"Miguel11666","2","1","3"
"Miguel2111","2","1","3"
"miguelADS","1","2","3"
"miguelafmartins","2","1","3"
"Miguelmalandro10","2","1","3"
"MiguelMarrero","2","1","3"
"MIGUELON50","2","1","3"
"miguelpanda","1","2","3"
"mih-040702","1","2","3"
"miha1986","2","1","3"
"MihaiDragusin2008","1","2","3"
"Mihail444","1","2","3"
"Mihailfs","1","2","3"
"Mihatle","1","2","3"
"mihiR_Mandia","2","1","3"
"mihirinamdar","1","2","3"
"MIKAAA69696969","2","1","3"
"mikajoh","1","2","3"
"MikasaAckerman420","1","2","3"
"mikaTal91","1","2","3"
"Mikauss","2","1","3"
"mikdmst","2","1","3"
"mike_Malyshev","2","1","3"
"mike145","1","2","3"
"mike1506","1","2","3"
"mike6888","1","2","3"
"MikeChess2377","2","1","3"
"mikegruen","1","2","3"
"MikeHVD","1","2","3"
"mikel11","2","1","3"
"mikethegodd","1","2","3"
"miketwin1","2","1","3"
"Mikha1lov_Nikita","1","2","3"
"Mikhail_Andreevich12","2","1","3"
"Mikhail1991","2","1","3"
"MikhailPanin","1","2","3"
"MikhaiLTal_Fan","2","1","3"
"Mikhailtalanand","1","2","3"
"mikimaus123456","2","1","3"
"Mikivinc","2","1","3"
"Mikkeschmauser","1","2","3"
"Mikl12","1","2","3"
"mikle312","2","1","3"
"Mikrino","2","1","3"
"Mikrobik199","2","1","3"
"milad_2000","2","1","3"
"MiladMehri2","2","1","3"
"Milan141001","2","1","3"
"miledodik","2","1","3"
"Miles080309","2","1","3"
"milexentex","1","2","3"
"milktruckjustarrive","2","1","3"
"Milkydonkey","1","2","3"
"MilkyTaste","1","2","3"
"milo001","1","2","3"
"miluchess","1","2","3"
"MiMeMa","2","1","3"
"Mimo1212","1","2","3"
"mimoat","2","1","3"
"mimopaul","1","2","3"
"Mimori256","2","1","3"
"Mina147","2","1","3"
"MinatoNamikaze1994","2","1","3"
"Mind64","2","1","3"
"mindaugasra","1","2","3"
"MinguezRojo","2","1","3"
"minhdang3264","1","2","3"
"minhkhangtg","2","1","3"
"minhreachFTU","1","2","3"
"MiniBang","1","2","3"
"minipiglin","1","2","3"
"MiniRapport72","2","1","3"
"minitetti","2","1","3"
"minitintin","2","1","3"
"minkonto","2","1","3"
"minnio","2","1","3"
"Minsk108","1","2","3"
"Mintra","2","1","3"
"Mintu1212","2","1","3"
"Miozinho","1","2","3"
"Mippi","1","2","3"
"MiQasa","2","1","3"
"miquilito2018","1","2","3"
"mirac_ozdemir","1","2","3"
"mirackeles1","2","1","3"
"mirake1vz","2","1","3"
"Miranda_Mabitsela","2","1","3"
"Miras_Omirzak","2","1","3"
"MireilleAva","2","1","3"
"mirek62","2","1","3"
"Mirlan","2","1","3"
"Mirnawati","1","2","3"
"Miron_gay","1","2","3"
"mirskon","1","2","3"
"miryam86","2","1","3"
"Mirza_Bisenbayuli","2","1","3"
"Mirzafor","2","1","3"
"Misael775","1","2","3"
"Misaka__Mikoto","1","2","3"
"Misalpav","2","1","3"
"Misguided_winner","2","1","3"
"misha_1970","2","1","3"
"Misha_Afanasev","1","2","3"
"Misha-Tyanutov","2","1","3"
"mishabr01","1","2","3"
"Mishchuk","2","1","3"
"mishhhhh","1","2","3"
"Mishka000","1","2","3"
"Misiek1509","1","2","3"
"Misieq10","2","1","3"
"mision007","1","2","3"
"MissedCheck","2","1","3"
"MisT45","2","1","3"
"Mister007","2","1","3"
"misterb1423","2","1","3"
"MisterElendil","2","1","3"
"Misterio228","1","2","3"
"Mistr_Jerecon","1","2","3"
"MistyDamp","2","1","3"
"MitchRCope","2","1","3"
"Mitchum1","1","2","3"
"Mitroev_Artem","1","2","3"
"MitsuImvp","2","1","3"
"mityaa","1","2","3"
"miwim","2","1","3"
"Mixail1807","1","2","3"
"mixail3","2","1","3"
"Mj_0104","2","1","3"
"mjaradat7","1","2","3"
"Mjiwina","2","1","3"
"mjoca","2","1","3"
"MJohnny-001","1","2","3"
"mjoy","1","2","3"
"mjs2600","1","2","3"
"mkaavin","2","1","3"
"mkarnik","1","2","3"
"mkumar6593","1","2","3"
"ml01172","2","1","3"
"mlbj","2","1","3"
"Mlcki","2","1","3"
"mlgdinozaur","1","2","3"
"mlodalaska1","1","2","3"
"mlodzier","1","2","3"
"MM_Moradi","2","1","3"
"mmaccagnan","1","2","3"
"MMalykhin","2","1","3"
"mmark6","2","1","3"
"MMarsel","1","2","3"
"Mmazzi","1","2","3"
"Mmbulhoes","1","2","3"
"mmcqd","2","1","3"
"MMD13579","2","1","3"
"mmha97","2","1","3"
"mmisha7","2","1","3"
"mmkedzie","2","1","3"
"MMMez","1","2","3"
"mmmohd","1","2","3"
"Mmoose005","1","2","3"
"mmorello","1","2","3"
"mmsdmmsd","2","1","3"
"mn1501","2","1","3"
"Mn9","1","2","3"
"mnacer","1","2","3"
"mnagygergo","1","2","3"
"mnenojohn","2","1","3"
"mnewman","2","1","3"
"MnM_08","2","1","3"
"Mo_2011","1","2","3"
"mo_morsy","2","1","3"
"Mo-Gamil","1","2","3"
"Mo2999","2","1","3"
"Mobilchess","1","2","3"
"Mobiusdirect","1","2","3"
"moccxhgdhgkcucjgu","2","1","3"
"mochess11","2","1","3"
"Modigliani06","2","1","3"
"Modiri","1","2","3"
"modobrofo","1","2","3"
"Modus718","1","2","3"
"MoeinFrz","2","1","3"
"Moemen595","2","1","3"
"Moetassem","2","1","3"
"Moganka","1","2","3"
"Mogikan1769","2","1","3"
"Mogli141","2","1","3"
"Mogrrm","1","2","3"
"mohalimoh","1","2","3"
"MOHAMAD97ABOUZAID","2","1","3"
"mohamadeg13","2","1","3"
"MohamadH_Dostmohamdy","2","1","3"
"mohamd1000","2","1","3"
"mohamed_1998","1","2","3"
"Mohamed_Yasser456","2","1","3"
"mohamedbdr","1","2","3"
"mohamedbro","2","1","3"
"mohamedjoker","2","1","3"
"mohamedmane","1","2","3"
"mohamedsapry","1","2","3"
"MohamedZhran","1","2","3"
"MohameedVI","1","2","3"
"mohammad_amin_good88","2","1","3"
"Mohammad113","2","1","3"
"Mohammad1977","1","2","3"
"mohammadrezaghanei","1","2","3"
"mohammed1409","2","1","3"
"Mohit2006","2","1","3"
"Mohix","1","2","3"
"Mohmadfathi23","2","1","3"
"mohmed27","1","2","3"
"Mohmoud","2","1","3"
"Mohrph","2","1","3"
"mohsen1347","1","2","3"
"mohsenbhb","1","2","3"
"Mohsenmoradi","1","2","3"
"mohsultan","1","2","3"
"Moila","1","2","3"
"moinmike","1","2","3"
"moirio","1","2","3"
"MoiRon","1","2","3"
"Moises-esta-aqui","1","2","3"
"moisesah1","1","2","3"
"moisturiser","2","1","3"
"mojito_lemon","2","1","3"
"Mojojoe","1","2","3"
"mojtaba1369bir","1","2","3"
"mokhesiwe","2","1","3"
"mokhtarznaidi2003","1","2","3"
"MokouSmoke","1","2","3"
"Molchuman","1","2","3"
"molini","2","1","3"
"Molins08","1","2","3"
"mollenhauer","2","1","3"
"momgaped","1","2","3"
"momo824","1","2","3"
"momoezeeeeeeeeeee","2","1","3"
"MomoFischer","1","2","3"
"momok_4","1","2","3"
"Momolalimace","2","1","3"
"momos7240","2","1","3"
"Monaz04","1","2","3"
"monazea","2","1","3"
"moncef18","1","2","3"
"moncifdji","1","2","3"
"moneeeb","2","1","3"
"MonetVanGogh","1","2","3"
"monitor1803","1","2","3"
"Monk_Henri","1","2","3"
"monk0784","2","1","3"
"MonkeyKing88","1","2","3"
"MonkeyZK","2","1","3"
"monkge","1","2","3"
"Monkus2k","1","2","3"
"monmon2006","1","2","3"
"Monocino","1","2","3"
"Mononeurone","2","1","3"
"MonsieurLoyal","1","2","3"
"monsot","1","2","3"
"MonsterDuke","1","2","3"
"Monstrodamus","1","2","3"
"monsur4r","1","2","3"
"montiplex","1","2","3"
"montman","1","2","3"
"monxv","1","2","3"
"Monzta83","2","1","3"
"MoodOfDoom","1","2","3"
"MooseJaww","2","1","3"
"moozilla1","2","1","3"
"mopaska","2","1","3"
"mopsik48","2","1","3"
"moptop95","2","1","3"
"Morabeza1973","2","1","3"
"Moramuy","2","1","3"
"MORDER000","1","2","3"
"mordeshorkhoneh","1","2","3"
"Mordom_1","1","2","3"
"mordor666","1","2","3"
"Morearea18","1","2","3"
"MorevDenis","2","1","3"
"MORGENSHTERN11110000","2","1","3"
"morgunl","2","1","3"
"Morinaiz","1","2","3"
"Moriquendi777","1","2","3"
"MoritzspieltSchach","2","1","3"
"Mornielome","2","1","3"
"Moro1983","2","1","3"
"moroz_1skndr","1","2","3"
"Morozov_Demid_2012","1","2","3"
"Morozov1998","2","1","3"
"MorphyFan720","1","2","3"
"Morphysto","2","1","3"
"MortCarlsen","1","2","3"
"mortyisbread","1","2","3"
"mosalahhf122","2","1","3"
"Mosamy112233","2","1","3"
"Mosciak","2","1","3"
"Moses-Momix","2","1","3"
"moskalenco_a","2","1","3"
"mostafa_asshrraf","2","1","3"
"Mostafa093","2","1","3"
"Mostafaa4e5","1","2","3"
"MostafaMoghaddam","2","1","3"
"Mostafasalimi","2","1","3"
"MostNoobIndian","2","1","3"
"mosu_407","1","2","3"
"MoTa99","1","2","3"
"Motabhaii","2","1","3"
"Motero64","2","1","3"
"MotherSuspiriorum","1","2","3"
"motoroli","2","1","3"
"motoroller_love","2","1","3"
"MotsikL","2","1","3"
"MottsFruitSnack","1","2","3"
"motyachampion","2","1","3"
"mouadll","2","1","3"
"moufakir","1","2","3"
"mouhebdouzi","2","1","3"
"mousaabsahnoune","1","2","3"
"Mouseken_mr_Jingles","1","2","3"
"Mouton_slayer","1","2","3"
"Movaahedd","1","2","3"
"Movimentos","1","2","3"
"Movsar000","1","2","3"
"Movtorg","2","1","3"
"Moyano1","2","1","3"
"mp4110","2","1","3"
"mpakkapm","2","1","3"
"mpedmondson","2","1","3"
"mpidez","2","1","3"
"MpumeCele","1","2","3"
"Mqqs","1","2","3"
"Mr_ALiReZaa","1","2","3"
"Mr_Chalmers","2","1","3"
"Mr_Chess_n_Math","1","2","3"
"Mr_Eace","2","1","3"
"mr_earl","1","2","3"
"Mr_Eli","2","1","3"
"Mr_Elyazid","2","1","3"
"Mr_Fedorov","1","2","3"
"Mr_Happy_212","2","1","3"
"Mr_Leo_fake","1","2","3"
"Mr_Sigma058","1","2","3"
"MR_ZARATHUSTRA","2","1","3"
"Mr-Ado","2","1","3"
"Mr-Bud","2","1","3"
"Mr-hemaid","2","1","3"
"Mr-K","2","1","3"
"Mr-Kazakhstan","2","1","3"
"Mr-Nobody-A","1","2","3"
"mR4ymeq","2","1","3"
"MrAenigmar","2","1","3"
"MRAYGAN1450","2","1","3"
"Mrayner","1","2","3"
"mrbeary","1","2","3"
"MrBersek","2","1","3"
"mrbucketof","2","1","3"
"MrChess72","1","2","3"
"mrchessbossman","2","1","3"
"mrchiong","2","1","3"
"MrCogito94","2","1","3"
"Mrcrinkles","1","2","3"
"mrcue","1","2","3"
"mrdiggsnd91","2","1","3"
"MrDopeFish","1","2","3"
"MrEdu","1","2","3"
"mreis43","1","2","3"
"MrElbert","2","1","3"
"MrExiit","1","2","3"
"MrFrenchNYC","1","2","3"
"mrgodyman11234","1","2","3"
"MRgvng","2","1","3"
"Mrhangshisqueen","2","1","3"
"mrhcorpuz","2","1","3"
"MrHell","2","1","3"
"mrhorse79","2","1","3"
"MrJDC1","2","1","3"
"mrjoe291","1","2","3"
"MrJoker6666","1","2","3"
"MrJRF","2","1","3"
"MrJury","2","1","3"
"mrkaraaslan","1","2","3"
"MrKhanh1702","2","1","3"
"Mrkiller0000","2","1","3"
"mrl0220","1","2","3"
"MrLocomotive","1","2","3"
"MrLynch87","1","2","3"
"MRmagnum","1","2","3"
"MrMagu","2","1","3"
"MrMisterio982","1","2","3"
"MrMontana","1","2","3"
"MrMY5T3RY","1","2","3"
"mrneale","1","2","3"
"mrniceguy1790","1","2","3"
"mrnolan","1","2","3"
"MrOscarr","2","1","3"
"MrotekDJ","1","2","3"
"Mrpiano","1","2","3"
"MrPronex","1","2","3"
"mrqk","2","1","3"
"MrRodion007","1","2","3"
"mrrollebon","2","1","3"
"mrSamedli","2","1","3"
"mrshahbaz","1","2","3"
"mrsrobot","2","1","3"
"Mrsussano","2","1","3"
"mrtuple","2","1","3"
"MrWiglaf","2","1","3"
"MrWiz1410","1","2","3"
"mrwrenchey","2","1","3"
"mrx0012","2","1","3"
"MrYats","2","1","3"
"MrZero781","1","2","3"
"msa167","2","1","3"
"msafi254","2","1","3"
"MsAmericana","1","2","3"
"MSanich","1","2","3"
"MSavior","2","1","3"
"MSCH1","2","1","3"
"MSchatz","1","2","3"
"Msciwoj983","2","1","3"
"mshal","1","2","3"
"msilveriojr","1","2","3"
"MSirac2015","2","1","3"
"msnazarow","1","2","3"
"msOLeY","1","2","3"
"MSomers","2","1","3"
"MSqwerty","1","2","3"
"MSsftv2","1","2","3"
"MST00","2","1","3"
"MT-88","1","2","3"
"mtgabr","1","2","3"
"MThal","2","1","3"
"mthnclk","1","2","3"
"mtk8","1","2","3"
"mtmdo","1","2","3"
"MTP51","1","2","3"
"mtr-khion","1","2","3"
"mtukutuu01","1","2","3"
"mtv16","1","2","3"
"Mtzdark","2","1","3"
"muath94","2","1","3"
"mub129","1","2","3"
"mucks","2","1","3"
"mud11","1","2","3"
"Muda-san","2","1","3"
"Muellbert87","2","1","3"
"Muffin12345","2","1","3"
"Muggiwara","1","2","3"
"MugiwaraLuffytaro","2","1","3"
"mugmugmug","2","1","3"
"Muhamdmut","1","2","3"
"Muhammad_Junaid","2","1","3"
"MuhammadAmmarMishary","2","1","3"
"MuhammadUmerRehman","1","2","3"
"Muhammed12345","1","2","3"
"muhammedabd100","1","2","3"
"MuhammedAglan","1","2","3"
"muhammedix0","2","1","3"
"Muhammet_Akgn02","1","2","3"
"Muhammetnur87","2","1","3"
"Muin72","1","2","3"
"Mujere-1992","1","2","3"
"MukTuB","2","1","3"
"mukule_r","2","1","3"
"Mulherengo","1","2","3"
"Multiplesneezes","1","2","3"
"Multiploo","1","2","3"
"Multitude","2","1","3"
"MultiVerZz","2","1","3"
"Mumdoh","1","2","3"
"MuminjonUZB","2","1","3"
"Mundy02","1","2","3"
"munfish","2","1","3"
"Munis73","2","1","3"
"Munnuss","2","1","3"
"Munsell84","2","1","3"
"MurAdam","2","1","3"
"Muradyannnn05","2","1","3"
"murat_2008","1","2","3"
"Murat_Nuraev","2","1","3"
"Murat21X","1","2","3"
"murat5989","2","1","3"
"Muratreus","2","1","3"
"muratsekercan","1","2","3"
"Murhy93","2","1","3"
"murichess","1","2","3"
"murl13akk","1","2","3"
"Murmanskiikot","1","2","3"
"murmn","2","1","3"
"muro7","1","2","3"
"murtycan","1","2","3"
"musa_shain","1","2","3"
"muscovyduck","1","2","3"
"Musicspeaks","2","1","3"
"MuslimPotia","1","2","3"
"muslum123","2","1","3"
"muslumanpapaz","2","1","3"
"Mustafa_Ozhan","1","2","3"
"Mustafa404","2","1","3"
"mustafac137","1","2","3"
"MustafaEminKorkmaz","2","1","3"
"MustafaHashm","1","2","3"
"MustanG_n13","1","2","3"
"MustelaCapivara","1","2","3"
"mustroll","1","2","3"
"mutale_derrick_chelu","2","1","3"
"mutantshroom","2","1","3"
"mutesekkir19","1","2","3"
"Mutolator","2","1","3"
"mutombopr","1","2","3"
"Mutu7","2","1","3"
"Mutucas","1","2","3"
"muxi_mbr","2","1","3"
"MuyeFlaggerilor","1","2","3"
"muysal12","2","1","3"
"mvargaspeirano","1","2","3"
"Mvsheck","2","1","3"
"mvstakheev","1","2","3"
"mvuqiterna","1","2","3"
"Mwalimu1501","2","1","3"
"Mways","2","1","3"
"mx10","2","1","3"
"MyagizT","2","1","3"
"myaumura","2","1","3"
"Mychaj410","2","1","3"
"mydemir21","1","2","3"
"myh0rseisamazing","1","2","3"
"MyK_00L","1","2","3"
"MykhailoD","2","1","3"
"mykidsdad","2","1","3"
"myleoclub","2","1","3"
"mylinechess","1","2","3"
"mymluna","2","1","3"
"myrkaaaz","1","2","3"
"mysflayer","1","2","3"
"Mysterious_Ehtesham","2","1","3"
"mysteriousman19","1","2","3"
"mysteriouspotato","2","1","3"
"MysterySauce","1","2","3"
"MyUnicornIsReal","2","1","3"
"MZajac","1","2","3"
"mzraunig","2","1","3"
"N_3_K","1","2","3"
"n_4_neeraj","1","2","3"
"n_arun2001","2","1","3"
"n_baa3","1","2","3"
"n-1tu","2","1","3"
"N-Playersx","1","2","3"
"N0_name42","1","2","3"
"n00bmaster1","1","2","3"
"n0mor3","1","2","3"
"n1cetry","1","2","3"
"N1K1T1N","2","1","3"
"N4Fis","1","2","3"
"NabangkurPaul","2","1","3"
"Nabar","1","2","3"
"nabluschesshatrek","1","2","3"
"nabudgar7","1","2","3"
"Nacerziane","2","1","3"
"nachito79","2","1","3"
"nachocarmona","2","1","3"
"nachochess23","1","2","3"
"Nachoeigu","1","2","3"
"nader2900705923","1","2","3"
"Nader8977","1","2","3"
"nadim8879","1","2","3"
"Naech03","1","2","3"
"nafisazhafran","2","1","3"
"nagenod","2","1","3"
"nagibator159","2","1","3"
"nagibator34251","2","1","3"
"nagymeno","2","1","3"
"naibafafaf","2","1","3"
"Naifer","2","1","3"
"Naimkeys","1","2","3"
"Nain14","2","1","3"
"Naj_Fotsirk","1","2","3"
"Najdorf-player","2","1","3"
"Najdorf2017","2","1","3"
"Najmul_Hasan","1","2","3"
"nakabarato","1","2","3"
"Nakagrave","1","2","3"
"Nakar81","2","1","3"
"nakaruhikamora","2","1","3"
"NakedApe","2","1","3"
"NakulParmar","1","2","3"
"nakybi","1","2","3"
"Naldo_Rom","2","1","3"
"namangalealain","2","1","3"
"namanjain1","1","2","3"
"namazkilanorangutan","2","1","3"
"namtuoc25","1","2","3"
"nandheat","2","1","3"
"NanduKrishnaCB2009","1","2","3"
"nandusai","1","2","3"
"nandux","2","1","3"
"nanernan","1","2","3"
"nannahesruajithkumar","2","1","3"
"nano_putian","1","2","3"
"NaoImiku","1","2","3"
"Napghin2","1","2","3"
"napoleonsutra","2","1","3"
"napukan-na-belo","1","2","3"
"Nar10","1","2","3"
"Narancin","1","2","3"
"Narbouki","1","2","3"
"Nardih4","2","1","3"
"Naruki3687","2","1","3"
"Naruto_chess9","2","1","3"
"NarutoTeach","2","1","3"
"narwhalrus","2","1","3"
"nasertaleb72","2","1","3"
"nasii","2","1","3"
"nasim_2003","1","2","3"
"nasreddin21","2","1","3"
"Nata1395","1","2","3"
"Natali7L","1","2","3"
"Nataniaq","2","1","3"
"Natashi38","2","1","3"
"nate-the-great","1","2","3"
"Nathan4044","2","1","3"
"NathanielRichards","1","2","3"
"nathanpr","1","2","3"
"Naturalcalm","2","1","3"
"naturedagali","2","1","3"
"Navale","2","1","3"
"Navarcus","1","2","3"
"NaveenkumarS","1","2","3"
"Naveenrajan","1","2","3"
"Navy_markie","2","1","3"
"Nazario19","2","1","3"
"Nazarovsky","1","2","3"
"Nazeer3019","1","2","3"
"Nazzkidd","2","1","3"
"nbac","2","1","3"
"nbstahl","1","2","3"
"NC-Anistemi","2","1","3"
"ncko","1","2","3"
"Ncopunna80","2","1","3"
"nCrazed","2","1","3"
"NDenisN","2","1","3"
"ndm9","2","1","3"
"neb55","1","2","3"
"necatisayar2","1","2","3"
"nechel","1","2","3"
"necken","2","1","3"
"necp","2","1","3"
"necrosisuit","1","2","3"
"NeDaunDa","2","1","3"
"neDed176","2","1","3"
"Nedeli2","1","2","3"
"Neel44","2","1","3"
"neelamvarun","2","1","3"
"neerajirs","1","2","3"
"Neforr","1","2","3"
"nega360co","2","1","3"
"NEGAN14","1","2","3"
"negative3lo","2","1","3"
"negativeselection","1","2","3"
"negevCSGOv2","1","2","3"
"Negin_sheikhali","2","1","3"
"negromastery1337","1","2","3"
"NegusNegas","2","1","3"
"Nehuenbraile","2","1","3"
"neilchaucachess","1","2","3"
"Nej5","2","1","3"
"nejahsouissi","1","2","3"
"Nejaugi","1","2","3"
"nektarios_pa","1","2","3"
"nelg","1","2","3"
"Nelsasadovinoymate","2","1","3"
"nemasterw","1","2","3"
"nemer197314","2","1","3"
"NenadKatic96","1","2","3"
"Nenev3","2","1","3"
"Neo-07","1","2","3"
"Neokor","2","1","3"
"NeoLeo07","2","1","3"
"neomix28","2","1","3"
"neongreeneggplant","1","2","3"
"neonlime","2","1","3"
"neosicilian","2","1","3"
"Neotp","2","1","3"
"NeoXzyoshirane-K","1","2","3"
"NepaliSlash","2","1","3"
"nepo05","1","2","3"
"Neptali0110","2","1","3"
"Neptune1629","2","1","3"
"nerdber","2","1","3"
"nerja25390","1","2","3"
"Nero2208","2","1","3"
"Nertaeux","2","1","3"
"neSanya","2","1","3"
"Nesara2013","2","1","3"
"nescafenori","2","1","3"
"Nescuer","2","1","3"
"Nesles77","2","1","3"
"nessuno88","1","2","3"
"Nesteiro","1","2","3"
"Nestormol78","1","2","3"
"nesty7","1","2","3"
"net9lev","1","2","3"
"Netao_slz","2","1","3"
"Netitobits","1","2","3"
"NetoSales","1","2","3"
"netural1v1","2","1","3"
"nev12","2","1","3"
"Neverguuuu","1","2","3"
"New_2_Chesss","1","2","3"
"New_Americana","2","1","3"
"New_Kid_on_the_block","2","1","3"
"new12jolibee34","1","2","3"
"newalyashka","2","1","3"
"newbie617","1","2","3"
"newbiemight","1","2","3"
"newde0","2","1","3"
"newgoal1","2","1","3"
"NewGuy64","1","2","3"
"newhouse136","1","2","3"
"NewIronside","1","2","3"
"NewLife880","1","2","3"
"NewName4Me","2","1","3"
"newnames","2","1","3"
"NEWPETROSYAN","2","1","3"
"Newrif","1","2","3"
"nexiiee","1","2","3"
"Ney9992","2","1","3"
"Neymar315","2","1","3"
"Nezaralsamraee","1","2","3"
"nezuko-chan2004","2","1","3"
"nfedorak","2","1","3"
"ngatkhar90","2","1","3"
"ngb","2","1","3"
"Ngobeni000","2","1","3"
"Ngothanhphong2013","1","2","3"
"nguyentrihieu","1","2","3"
"ngwar","1","2","3"
"nhil","2","1","3"
"nhlasto94","1","2","3"
"NHLAvalanche","1","2","3"
"NiaLaxus","2","1","3"
"niall2","1","2","3"
"Niallsie","1","2","3"
"NIbbler","1","2","3"
"nicasns","2","1","3"
"NicatSuleymanov","1","2","3"
"Nicegambito","2","1","3"
"NiceNameRight","1","2","3"
"nicgame2019","2","1","3"
"nichiren17","2","1","3"
"Nick_Bergman","1","2","3"
"Nick_Tamer","1","2","3"
"nick0312","2","1","3"
"Nickmlilley02","2","1","3"
"nickmuse","2","1","3"
"nickof","2","1","3"
"nickqwertye4","1","2","3"
"nickrs","2","1","3"
"NickSnutz","2","1","3"
"Nickson6154393","2","1","3"
"nicky_wix","2","1","3"
"NickZous","2","1","3"
"Nicoboo2","1","2","3"
"nicobulacio","2","1","3"
"nicohahn","2","1","3"
"nicojugando","2","1","3"
"NicoKing123","2","1","3"
"nicolas9782","2","1","3"
"nicolaschess1979","1","2","3"
"NicolasV_Soubac","1","2","3"
"nicolasvasr1","1","2","3"
"Nicolochess","2","1","3"
"Nicolololololas123","2","1","3"
"NicoMenge","1","2","3"
"Nicsam","2","1","3"
"NidhiArun","2","1","3"
"Nidum","1","2","3"
"nidzar","1","2","3"
"nielmore","2","1","3"
"NielsKa200511","2","1","3"
"NielsNielsen","1","2","3"
"niemalus","1","2","3"
"Niesfisch","1","2","3"
"Nifler2009","1","2","3"
"nigar198","1","2","3"
"nigaruhikonira","1","2","3"
"NigelShort1","1","2","3"
"NigelYCK","2","1","3"
"nighilist","2","1","3"
"NightByte","1","2","3"
"NightEagle3108","2","1","3"
"Nightmare_demon","1","2","3"
"Nightswatch22","1","2","3"
"nigromancia","1","2","3"
"Nihad2490","1","2","3"
"nihilistmale","2","1","3"
"niilosalmela","1","2","3"
"Niilothekiller","1","2","3"
"Nijatofsheki","1","2","3"
"Nik11724","1","2","3"
"Nik85-56","2","1","3"
"nikdim","2","1","3"
"nike22","2","1","3"
"nikhailfranz","1","2","3"
"NikiNorvashi","2","1","3"
"Nikire013","1","2","3"
"Nikita_iv","1","2","3"
"Nikita_Usoltsev","2","1","3"
"Nikita2014champion","1","2","3"
"Nikitaka23","1","2","3"
"NikitaSemenov1989","2","1","3"
"NikitaSerg13","2","1","3"
"Nikitikikus","2","1","3"
"NikitsEj","2","1","3"
"Nikkhil_26","1","2","3"
"NiklasGerdau","2","1","3"
"NikM777","1","2","3"
"nikokal777","1","2","3"
"Nikola-J","1","2","3"
"Nikola1990rus","2","1","3"
"nikola2488","1","2","3"
"NikolaBG","2","1","3"
"nikolaienko1111","1","2","3"
"NikolaiRotenberger","2","1","3"
"NikolaTrukic","2","1","3"
"Nikolin_Artem","2","1","3"
"nikomaster2000","2","1","3"
"NikonovaAV","2","1","3"
"Nikonvr","2","1","3"
"nikosodidimos","1","2","3"
"Nikov7","1","2","3"
"nikso128","2","1","3"
"Nikunjchhatbar","2","1","3"
"nikvs91","1","2","3"
"nikzem","1","2","3"
"Nileshrao007","2","1","3"
"Nillet","2","1","3"
"nils_g00","1","2","3"
"Nima_S","1","2","3"
"NimalanMaximus","1","2","3"
"NIN22833719007","1","2","3"
"NinaStorozhenko72","2","1","3"
"ninep5","1","2","3"
"ninhnhacbaua1232","2","1","3"
"Ninj-As","1","2","3"
"ninja1453","2","1","3"
"ninjadereth","2","1","3"
"ninjasedici","1","2","3"
"Nintendo42","1","2","3"
"NinvothTimes","2","1","3"
"niomara19","1","2","3"
"nipet","1","2","3"
"nipolchess","1","2","3"
"Nipuna4815162342","2","1","3"
"niraj","2","1","3"
"niroj123456","1","2","3"
"Nirox6","1","2","3"
"NIroza8","1","2","3"
"Nirvana-Rulez","2","1","3"
"nis0788","1","2","3"
"nise_shuk","2","1","3"
"niser93","2","1","3"
"nishant_dahma","2","1","3"
"nishant_sutar5298","2","1","3"
"Nishanth-2013","2","1","3"
"NishantKumarJha","2","1","3"
"Nithin_Sadanandan","1","2","3"
"Nitin_John","1","2","3"
"Nitinxyx","2","1","3"
"Nitish25","1","2","3"
"NitMan2","2","1","3"
"Nitrex02","2","1","3"
"nittalope","2","1","3"
"Niuky","2","1","3"
"nixcq","2","1","3"
"nizarosis","1","2","3"
"Nj192516","1","2","3"
"njapostol","1","2","3"
"njbdude10","2","1","3"
"njeriiii","2","1","3"
"Njilik","2","1","3"
"njmpolo5","2","1","3"
"nkirov","1","2","3"
"nknow","2","1","3"
"NkoloTange","1","2","3"
"NLB","1","2","3"
"nlian","1","2","3"
"NlLeeZ","2","1","3"
"nmarkin","1","2","3"
"nmmf73","2","1","3"
"nnchess64","2","1","3"
"nnesic99","1","2","3"
"NNVictorM","2","1","3"
"No_Enemy_Sigma","2","1","3"
"no_plan","2","1","3"
"No-one-0","2","1","3"
"NOAH_IVAN","2","1","3"
"noahades","1","2","3"
"NobelOscar","1","2","3"
"nobodyhome","2","1","3"
"Nobrainblitz","2","1","3"
"NoChessNoJoy","2","1","3"
"noctis47","2","1","3"
"Nodofski","1","2","3"
"noe-aguiar","2","1","3"
"Noelski_29","2","1","3"
"nofool78","1","2","3"
"nogambitz","1","2","3"
"Noghay09","1","2","3"
"Noheart","2","1","3"
"Noheb","2","1","3"
"Noir735","1","2","3"
"NoisyBoy73","1","2","3"
"NoLimit1337","1","2","3"
"nomaaaaaa","1","2","3"
"nomadexpert","1","2","3"
"nomdiday","1","2","3"
"nomema_tesporfa","2","1","3"
"nonadjustedalpha","2","1","3"
"NoNiD","2","1","3"
"Nonits","1","2","3"
"Nonnack","2","1","3"
"nonnerie","2","1","3"
"nono_semestre_FEI","2","1","3"
"nonochocco","2","1","3"
"nonstationary","2","1","3"
"NoobBeimSchach","1","2","3"
"Noobkiller92","1","2","3"
"noobus2000","1","2","3"
"Noodletree","2","1","3"
"NoopytheDOG","2","1","3"
"NoOtherName01","2","1","3"
"Nopri_Kepri","1","2","3"
"noraymansam","2","1","3"
"norbertlegourou","2","1","3"
"Norbotron","1","2","3"
"norco331","1","2","3"
"Noreadelcorte","1","2","3"
"NORESPIRES","1","2","3"
"NoriCat","2","1","3"
"Normalguy0001","1","2","3"
"Normann777","2","1","3"
"NormChessClup","1","2","3"
"NorName","2","1","3"
"Noro1997","1","2","3"
"Northmount","2","1","3"
"nortonextra","2","1","3"
"norwegian_noob","1","2","3"
"Nosok_123","1","2","3"
"nostrong","2","1","3"
"nosuha-kachka","1","2","3"
"notado","1","2","3"
"notadumbrobot","1","2","3"
"notanothergambit","1","2","3"
"notato","1","2","3"
"Notausgang","2","1","3"
"Notebandi","1","2","3"
"notGMBobby","1","2","3"
"NOTGMChandler","1","2","3"
"nothelfer","2","1","3"
"NotHydeOnlyMe","2","1","3"
"NotKnightNow","1","2","3"
"Notkul","2","1","3"
"NotMunch","1","2","3"
"Notorious_BUG","1","2","3"
"NotoriousCam","1","2","3"
"notte","2","1","3"
"Nour1x1","1","2","3"
"nourchess22","1","2","3"
"novaaa99","2","1","3"
"NovakGod","1","2","3"
"NovChess","1","2","3"
"Novemeno","2","1","3"
"Novichek_1971","2","1","3"
"novikov198215","1","2","3"
"nowinatall","1","2","3"
"NOX1996","2","1","3"
"noxhammerson","1","2","3"
"npccc","1","2","3"
"Nqstradamus","2","1","3"
"Nrafacz","2","1","3"
"nrcb","1","2","3"
"Nrio84","1","2","3"
"nrrbar","2","1","3"
"nrs02004","1","2","3"
"nsamah","1","2","3"
"NSLuster","1","2","3"
"NsMert","2","1","3"
"Nsongo","1","2","3"
"nsorenson","2","1","3"
"nssucu","1","2","3"
"nstsonkov","1","2","3"
"nsvaishnav","1","2","3"
"nton97","2","1","3"
"Ntramsay","2","1","3"
"nuageva","1","2","3"
"Nuaghhhhh","1","2","3"
"NuclearPhysics","1","2","3"
"nudoka","1","2","3"
"Nuge130","2","1","3"
"Nugget60","2","1","3"
"nukemgoats","2","1","3"
"NupMaster","2","1","3"
"NurbeKZ","2","1","3"
"nurican997","2","1","3"
"Nurik-kz","1","2","3"
"nuriogretmen","1","2","3"
"NurseDrunkenstein","2","1","3"
"nurunurdil","1","2","3"
"NUSRATAGHAYANI","2","1","3"
"Nutnutbeaver","1","2","3"
"Nutowebe","1","2","3"
"nutty_wombat","1","2","3"
"nuttybobby","1","2","3"
"nuuse","1","2","3"
"nuuss","2","1","3"
"NUWb","2","1","3"
"nv1311","1","2","3"
"nveli","2","1","3"
"NVVN","1","2","3"
"nwmgl","1","2","3"
"nwnnaprawde","2","1","3"
"Ny_sudiarte19","2","1","3"
"NY2020","2","1","3"
"nyansnake","1","2","3"
"NYC212","2","1","3"
"Nymdorj_Ochirvaani","2","1","3"
"NymNymNym","1","2","3"
"NyxSerenity","2","1","3"
"nyzard","1","2","3"
"Nzannoni","2","1","3"
"NZheludkov","2","1","3"
"nzmypc","2","1","3"
"nzs_bxn","1","2","3"
"o_elmariami","1","2","3"
"o_l_e2","2","1","3"
"O_Marat","1","2","3"
"O_Serra8","1","2","3"
"O-o-viper-o-o-o","1","2","3"
"o0O0o74505o0O0o","2","1","3"
"O0sMan","1","2","3"
"O21kid","1","2","3"
"OakChess","1","2","3"
"oanld","2","1","3"
"Oanser","1","2","3"
"OasisNetwork","2","1","3"
"Oba3","1","2","3"
"Obama_self","1","2","3"
"obaroejewe","1","2","3"
"OBB_QC","1","2","3"
"obbikenobbi","2","1","3"
"ObeeOneknoobee","1","2","3"
"ObezAdam07","2","1","3"
"Obi_Wan_Ginobili","2","1","3"
"oblom777","2","1","3"
"obraad","2","1","3"
"Obscurity_y","1","2","3"
"ocarito23","1","2","3"
"occur2eaglets","1","2","3"
"ochkeineahnung","1","2","3"
"ochwoval","1","2","3"
"ocmusic_official","1","2","3"
"OCTOBER_26","2","1","3"
"Ode2Viceroy","1","2","3"
"Odeeon","1","2","3"
"Odgg","1","2","3"
"odraude1022","1","2","3"
"Odybiakez","2","1","3"
"OeDDD","2","1","3"
"Oedenfeld","1","2","3"
"oelneo","1","2","3"
"Officerwhite","2","1","3"
"OFFK208","2","1","3"
"offlineplayer","2","1","3"
"ofri2870","2","1","3"
"ogamath","2","1","3"
"OggieAndrieqo21","1","2","3"
"ogisex","2","1","3"
"OgolCromgog","2","1","3"
"Ogon12","1","2","3"
"ogpqlu","1","2","3"
"Ogrizok777","1","2","3"
"Ogurek_kiszony","2","1","3"
"ogutlay","1","2","3"
"Oguz830","2","1","3"
"oguzhankose602","2","1","3"
"oguzhanunlu","2","1","3"
"ogxh","1","2","3"
"ohecht1","2","1","3"
"ohlamons","1","2","3"
"Ohmzero","2","1","3"
"OhNoYouDidnt","2","1","3"
"OIS88","1","2","3"
"oiseau-sauvage","2","1","3"
"oisheetarafdar201305","1","2","3"
"Ojahnn_Golgo","1","2","3"
"ojplg","2","1","3"
"ok3141","2","1","3"
"Okadzaki","1","2","3"
"okanfalan","1","2","3"
"okans38","1","2","3"
"okas111","2","1","3"
"okbaym","2","1","3"
"okemalc","1","2","3"
"OKPchess","1","2","3"
"Okywalker","1","2","3"
"OL09","1","2","3"
"olalia","1","2","3"
"olastor","2","1","3"
"olcanp","1","2","3"
"olcayberk","2","1","3"
"oldandretired","2","1","3"
"oldidiotplayer","2","1","3"
"oldpop85","2","1","3"
"OldRachelRoth","2","1","3"
"Oldtimer777","1","2","3"
"Oldy_Newman","2","1","3"
"Ole-Martin","2","1","3"
"oleg_dv","2","1","3"
"Oleg_fz","2","1","3"
"oleg878","2","1","3"
"olegaskin","1","2","3"
"Olegius53","1","2","3"
"OlegNogovitsin","2","1","3"
"Oleksiy_Khrinovskyi","2","1","3"
"olemartin","2","1","3"
"oleo200","2","1","3"
"Olesmaha","1","2","3"
"OlgaDasarova","1","2","3"
"olievr","1","2","3"
"oliflipa","1","2","3"
"oligohydramnios","1","2","3"
"Olimpia_gs21","1","2","3"
"Olisipo","1","2","3"
"oliver1904","1","2","3"
"OlivLGA","2","1","3"
"Olizovac","2","1","3"
"OllieK","2","1","3"
"olmekistiyom","1","2","3"
"olopeet","1","2","3"
"Olsah","1","2","3"
"olsok","1","2","3"
"oluissanchez","2","1","3"
"olzhas-chessmaster","1","2","3"
"Oma_Inge_aus_Bottrop","2","1","3"
"Omar_1000n","1","2","3"
"OMAR_OM","1","2","3"
"Omar14tt","1","2","3"
"OmarAbdelaleem","1","2","3"
"omarAlaa122","2","1","3"
"omarCP","1","2","3"
"Omardax13","2","1","3"
"omarmostafa74","1","2","3"
"omer41chess","1","2","3"
"omeret","1","2","3"
"omerfarkdemrkl","2","1","3"
"Omergs14","1","2","3"
"omeronay","1","2","3"
"omerozdemirr","2","1","3"
"omertunacan","2","1","3"
"OMGIMJOE","2","1","3"
"omkybhaii","2","1","3"
"omni_Razaj","1","2","3"
"omparo","2","1","3"
"omricl","1","2","3"
"omz-butt","2","1","3"
"on_the_pale_horse","1","2","3"
"oncumelek","1","2","3"
"OndrejKucera","1","2","3"
"ONEGoG_a","1","2","3"
"oneharut","1","2","3"
"oneiros92","2","1","3"
"OneLastWish","2","1","3"
"OneManClan","2","1","3"
"Onepiece_Luffy","1","2","3"
"OnePotzZz","2","1","3"
"OnetimeTwotime","1","2","3"
"OneTyrection","2","1","3"
"OnexMx","1","2","3"
"onionlimit","1","2","3"
"Onix3738","1","2","3"
"OnkelHarry","2","1","3"
"only_e6","2","1","3"
"OnlyChess3680","1","2","3"
"onlyDanny","2","1","3"
"onlykingssee","2","1","3"
"OnLyyy","1","2","3"
"onryevski","1","2","3"
"Onur_H2004","1","2","3"
"Onur112","1","2","3"
"Onur9Dincer","2","1","3"
"onuryildiz","1","2","3"
"Onyx_Chess","2","1","3"
"OofMani","2","1","3"
"oOllllllOo","1","2","3"
"OopsMyyQueen","1","2","3"
"oorjitsai","1","2","3"
"OpaHeinz","2","1","3"
"openceci","2","1","3"
"OpenRoad","2","1","3"
"openstar","2","1","3"
"Operaio_Elettrofuso","1","2","3"
"operaSaf","1","2","3"
"Opeth_s","1","2","3"
"Opeth30","1","2","3"
"OpethBlackwater","1","2","3"
"Ophthalmolebias","2","1","3"
"oppkumar","2","1","3"
"opponentofyou","2","1","3"
"opposite_color_king","1","2","3"
"Oppur","1","2","3"
"Oprafael","2","1","3"
"Optifined12","2","1","3"
"opwasz123","1","2","3"
"OPZ_orz","1","2","3"
"Oqp","1","2","3"
"OracleLeger","2","1","3"
"orangebite","1","2","3"
"Orangeclock","1","2","3"
"ORANGELEAFAUTUMN","2","1","3"
"orangeskies","1","2","3"
"orangevoice","1","2","3"
"orbent","1","2","3"
"Orbit1","2","1","3"
"Orc56","2","1","3"
"Orchid337","1","2","3"
"ordas77","2","1","3"
"orenzino","1","2","3"
"Oreologist","2","1","3"
"oreshen98","2","1","3"
"ORGSOUCJAT","1","2","3"
"Orhan43","2","1","3"
"Oriant","1","2","3"
"oricube","2","1","3"
"originally_copy","2","1","3"
"Oriolperal","1","2","3"
"orison74","2","1","3"
"orkiddgr8","2","1","3"
"Orlah","2","1","3"
"Orli_syn","2","1","3"
"Ornir18","1","2","3"
"Ornitorenk","2","1","3"
"oroban","1","2","3"
"orspskn27","2","1","3"
"ortacali_magnus","1","2","3"
"Ortho-10","2","1","3"
"Orugoso","2","1","3"
"Orurito7890","1","2","3"
"Os_0S","1","2","3"
"Osama_Aburassa","2","1","3"
"Osama_Er","2","1","3"
"OsamaAlahmad","2","1","3"
"oscara1","2","1","3"
"oscarlsennn","1","2","3"
"oscarmzt","1","2","3"
"OSCARPAGZ","1","2","3"
"oscoccygis","2","1","3"
"OSH-EGordon","2","1","3"
"oshnoazi","1","2","3"
"Osiris-D","2","1","3"
"oslo56","2","1","3"
"osman2345","2","1","3"
"Osman410","2","1","3"
"osman43","1","2","3"
"osmis1111","1","2","3"
"OsMs","2","1","3"
"ossalshime","2","1","3"
"ostaad577","2","1","3"
"Ostaf52","2","1","3"
"ostanin","1","2","3"
"Osterre1ch","2","1","3"
"ostooraaa","1","2","3"
"Osvaldoafonsoo","2","1","3"
"OswaldSwagger","1","2","3"
"OsyaO","1","2","3"
"osziber","1","2","3"
"oTapia","2","1","3"
"otisnof","1","2","3"
"otm737","2","1","3"
"ottar","1","2","3"
"Otto_Quangel","2","1","3"
"OttoMartin","2","1","3"
"ottovonderleyen","1","2","3"
"oudine2","2","1","3"
"OulaS","1","2","3"
"OuldSalahi","1","2","3"
"Over3Kill","1","2","3"
"Overdose92","1","2","3"
"overshot","1","2","3"
"ovi_ilisoi","1","2","3"
"OvIe1","1","2","3"
"ovovo69","1","2","3"
"OVS888","1","2","3"
"Owais555","1","2","3"
"OwantaEmenike","2","1","3"
"OwlOfiRohny","2","1","3"
"owowHasan","2","1","3"
"OxfordNotCambridge","2","1","3"
"Oxnor","1","2","3"
"Oyamasan","1","2","3"
"Ozan_baris","2","1","3"
"ozan-ege","2","1","3"
"ozanbaris","1","2","3"
"ozanncetinkaya","2","1","3"
"ozanozd","1","2","3"
"ozbayhi","1","2","3"
"ozbitheking","1","2","3"
"Ozeren10","1","2","3"
"ozguncayli","2","1","3"
"ozgununique","2","1","3"
"Ozgur_Senses","2","1","3"
"ozkansercanv","1","2","3"
"Ozymandias692","2","1","3"
"ozzaaannnn","1","2","3"
"P_ascalChess","2","1","3"
"P_C_P","1","2","3"
"P_S_A","1","2","3"
"P0Ka","1","2","3"
"p1zdan1m","1","2","3"
"p1zzu","1","2","3"
"P4BLIN","2","1","3"
"PA456","2","1","3"
"Paarth_Kaushik4","2","1","3"
"pabizdatell","1","2","3"
"Pablo_sanchagarre","2","1","3"
"pabloakroobata","2","1","3"
"pabloCrazy","2","1","3"
"PabloKaspov","2","1","3"
"PabloMartinezOgalde","2","1","3"
"pablopikachou","1","2","3"
"Pabloramirez","2","1","3"
"pabloras","2","1","3"
"Pabloseg","1","2","3"
"Pabloski88","2","1","3"
"Pablov4370","1","2","3"
"pablovinicius","2","1","3"
"pabsshow","1","2","3"
"pacer7","1","2","3"
"Pachacutecpro","1","2","3"
"packrat12","1","2","3"
"Pacodalocovato","1","2","3"
"pacs123","2","1","3"
"PadawanLin","1","2","3"
"paddeee81","2","1","3"
"Paddy371","2","1","3"
"Paddy94","1","2","3"
"padelkongen","1","2","3"
"Paderborn90","2","1","3"
"pafell","2","1","3"
"Paff_Nu","2","1","3"
"PAHikaru","1","2","3"
"pain_8","1","2","3"
"Pajago","1","2","3"
"pajaroradomir","2","1","3"
"pakjonk7","1","2","3"
"palaciosr5","1","2","3"
"Palchik","2","1","3"
"Palhitto","1","2","3"
"palko09","2","1","3"
"pallepedersen9","2","1","3"
"PalliniusMaximus","2","1","3"
"pallix","2","1","3"
"palmdessert","1","2","3"
"palmdropv999","1","2","3"
"Pama17","2","1","3"
"pan_vijay","1","2","3"
"Pancakes75","2","1","3"
"Pancio_famar","1","2","3"
"panconcanela","2","1","3"
"panda77rus","1","2","3"
"PandaBansal1","1","2","3"
"pandagod2025","1","2","3"
"PandaKINGman","2","1","3"
"PandaRage","1","2","3"
"pandersb","1","2","3"
"pandey-ji","1","2","3"
"PANDORA2010","1","2","3"
"PaneIntegrale","2","1","3"
"pangguak","2","1","3"
"PANKAJJUNMONI2","1","2","3"
"pankajphartiyal","1","2","3"
"PANKOV-NIKOLAI","1","2","3"
"Pannzehir","2","1","3"
"Panos314159265","1","2","3"
"PanosCh93","1","2","3"
"PanoSot2104","2","1","3"
"Pantal4imon","1","2","3"
"pantsface","2","1","3"
"PaolaMChess","1","2","3"
"paolisera","1","2","3"
"PaoloRomero_ULCB","1","2","3"
"papajohnpig","1","2","3"
"papardav","1","2","3"
"paperzoner","2","1","3"
"PapitoChulito","1","2","3"
"Paploox","1","2","3"
"Pappion","1","2","3"
"Pappo10","1","2","3"
"papyanashot","2","1","3"
"Paquitoz","2","1","3"
"Parabasis","2","1","3"
"parado_NO_bailao","2","1","3"
"paradoxos19831","2","1","3"
"paramedikimben","1","2","3"
"paramshah1158","1","2","3"
"ParangaD10","1","2","3"
"ParanoidSpaceman","2","1","3"
"Parbuster","2","1","3"
"PareaGharibloo","2","1","3"
"paredeyes","2","1","3"
"pargol1396","2","1","3"
"Parkov201","2","1","3"
"parnia_ajally","1","2","3"
"parrhesia1987","2","1","3"
"parrotfish2","1","2","3"
"parsap90","1","2","3"
"ParthJoshi1213","1","2","3"
"ParthTapadiya","1","2","3"
"parvari-g","2","1","3"
"parvin_5959","2","1","3"
"pasagadi","2","1","3"
"pasanbelpage","2","1","3"
"pascal95530","2","1","3"
"PascalS17","2","1","3"
"Pasha1","1","2","3"
"pashash","1","2","3"
"PashKKKa","2","1","3"
"pasoalaclan","2","1","3"
"Pastorikelaa","1","2","3"
"pasword","1","2","3"
"patatofff","2","1","3"
"Patchboy123us","2","1","3"
"patdex","1","2","3"
"Patience3","1","2","3"
"patkoi","1","2","3"
"patle","2","1","3"
"Patoooooooo","2","1","3"
"Patricia_Quiroga","1","2","3"
"patriciy","1","2","3"
"patrick541","2","1","3"
"PatrickW0303","1","2","3"
"patrikpycha","1","2","3"
"Patriot1733","1","2","3"
"PatriVasco","1","2","3"
"patro","2","1","3"
"patzer0111","1","2","3"
"patzermcgrath","2","1","3"
"Patzeus","1","2","3"
"paulauskas","2","1","3"
"paulmcm3","2","1","3"
"PaulMcNamara98","2","1","3"
"PaulMorphy04","2","1","3"
"PaulMoss1983","1","2","3"
"paulo-200-elo","2","1","3"
"paulozarlok","1","2","3"
"Pav2012lov","2","1","3"
"pavan_gavit3213","2","1","3"
"Pavan_Pakar","1","2","3"
"Pavel_Amz","1","2","3"
"Pavel_Ignatev","1","2","3"
"Pavel--012","1","2","3"
"Pavelformass","1","2","3"
"Pavelkn1964","2","1","3"
"Paviles","1","2","3"
"Pavka","1","2","3"
"PavlenkaWall","2","1","3"
"PavloG","2","1","3"
"pavlosdk","2","1","3"
"pawankumarpal1988","1","2","3"
"Pawe","1","2","3"
"PawelMpl","2","1","3"
"pawkedpl","1","2","3"
"pawn_pawns","2","1","3"
"Pawn-Destroyer","2","1","3"
"Pawn-eater1998","1","2","3"
"pawn2queen07","1","2","3"
"Pawndian","1","2","3"
"pawndrlust","1","2","3"
"pawnforfree","1","2","3"
"pawngobrr","2","1","3"
"Pawnpuzzle","1","2","3"
"Pawnpwn8","1","2","3"
"pawntaker2007","2","1","3"
"pawnyboy","1","2","3"
"pawsofncc","1","2","3"
"payitahtchess1","1","2","3"
"pb96","1","2","3"
"pbal1","2","1","3"
"pbarre92","2","1","3"
"pbjp77","2","1","3"
"PCap123","1","2","3"
"pcasanova","1","2","3"
"pchaski","2","1","3"
"Pchelkinn","2","1","3"
"pcthanhchess1403","2","1","3"
"pd2001","1","2","3"
"PDG_147","1","2","3"
"pdusome","1","2","3"
"Peace_out","2","1","3"
"peacefulplacebo","1","2","3"
"peacefulwarrior18","1","2","3"
"Peach-Blanket","1","2","3"
"peachmangello","2","1","3"
"peaky1912","1","2","3"
"Peaodef7","2","1","3"
"peaozinho","1","2","3"
"peaozito","1","2","3"
"PearlSek","2","1","3"
"peboo","2","1","3"
"Pec56","2","1","3"
"pedja013","2","1","3"
"pedro_hypinotic","2","1","3"
"pedrodeo","2","1","3"
"PedroDz","2","1","3"
"PedroGomez","2","1","3"
"PedroPgps","1","2","3"
"pedropomes","1","2","3"
"peignoir","1","2","3"
"Pejman64","1","2","3"
"Pekeno","2","1","3"
"peleeze","1","2","3"
"Peleug","2","1","3"
"Peligro_98","2","1","3"
"Pemguim","1","2","3"
"Pemvik","1","2","3"
"Pendekar_paramex","1","2","3"
"penguindrum3","1","2","3"
"Penquista","1","2","3"
"Penzo77","2","1","3"
"peonradiactivo","1","2","3"
"PEPE_ALFAS","2","1","3"
"Pepe729","2","1","3"
"Pepeilloo","1","2","3"
"pepek995","1","2","3"
"peper1us","2","1","3"
"peperina2018","1","2","3"
"PepitoRF","2","1","3"
"pepollico","1","2","3"
"peppy_horse","1","2","3"
"PePTojr","2","1","3"
"Pepuko","2","1","3"
"per_i_tov","1","2","3"
"PercevaldeGalle","2","1","3"
"percy_jackson2001","1","2","3"
"perdojarok","2","1","3"
"Perdoslaw","2","1","3"
"Pere27","2","1","3"
"perec100","2","1","3"
"perec94","1","2","3"
"PerezLindo","1","2","3"
"perf2021","1","2","3"
"perfectto","2","1","3"
"perferen66","1","2","3"
"periastron82","1","2","3"
"peridan","2","1","3"
"permaby","2","1","3"
"Perog6","2","1","3"
"Perovius","1","2","3"
"perssonmartin","2","1","3"
"pertalite_smi","2","1","3"
"Pervintin4ik","1","2","3"
"Pesiak23","1","2","3"
"Pete_Omez_1","1","2","3"
"petepablo","1","2","3"
"Peter_Sparrows","1","2","3"
"Peter-Ralf","2","1","3"
"Peter13","1","2","3"
"peterbh","1","2","3"
"PeterHendrix","2","1","3"
"Peterkrsk","1","2","3"
"petersteel","1","2","3"
"PeterSvensson","1","2","3"
"PeterTCar","2","1","3"
"PetitClem","2","1","3"
"Petr2303","1","2","3"
"petrakosticsrbijaaa","1","2","3"
"petrificus__totalus","2","1","3"
"petrm","2","1","3"
"PetrosV_73","1","2","3"
"petrov_if","2","1","3"
"PetrovicNeda","1","2","3"
"petrusha1000-7","1","2","3"
"Petschkin007","2","1","3"
"PEWPCHUTE","2","1","3"
"peymanfa","1","2","3"
"pezi06","2","1","3"
"PfannkuchenDeluxe","1","2","3"
"pferres","1","2","3"
"Pflumigali","1","2","3"
"pfonours","1","2","3"
"pfvtyf","2","1","3"
"pghchess","1","2","3"
"pgivaud","1","2","3"
"pgomez19","2","1","3"
"pgpires","1","2","3"
"phalpha8","1","2","3"
"PhamAnhHao2017","2","1","3"
"Phani23","1","2","3"
"Phantaso10","1","2","3"
"PhanTom41","2","1","3"
"phantomkiller","1","2","3"
"phanuels1","1","2","3"
"pharadic","1","2","3"
"pharaohcash","1","2","3"
"phenix2012","1","2","3"
"PhiGamer","1","2","3"
"phil-8","1","2","3"
"Phil1384","2","1","3"
"PhilBruckner","2","1","3"
"phileas_fogg22","1","2","3"
"philharris999","1","2","3"
"philip7000","1","2","3"
"PhilipAfanasyev","2","1","3"
"Philipchess2","2","1","3"
"philipez","1","2","3"
"PhilipMarlowe","1","2","3"
"philipv6","2","1","3"
"Philista3333","2","1","3"
"philstar0101","2","1","3"
"Phix001","1","2","3"
"Phoenix_Cris","1","2","3"
"Phoenix-Chess","2","1","3"
"Phoenix97","2","1","3"
"Phoneria","1","2","3"
"phototroph","2","1","3"
"PHSC138","1","2","3"
"Phts","2","1","3"
"physicschess","1","2","3"
"physikaa","2","1","3"
"pi0trek","2","1","3"
"picabubakar","2","1","3"
"Pichel123","1","2","3"
"piciuxd","2","1","3"
"Pidas","1","2","3"
"Piemenukas","2","1","3"
"pierduz86","1","2","3"
"pierobaldo","2","1","3"
"Pierre-AntoineP","1","2","3"
"pierre1555","1","2","3"
"PiersP11","2","1","3"
"pierwszy_brat","1","2","3"
"pieslungo","2","1","3"
"pieta","2","1","3"
"Pifisch","1","2","3"
"Pikachu-SABC-Reunion","1","2","3"
"pikapikamofo","1","2","3"
"pilarRITON","1","2","3"
"pilinsky","1","2","3"
"PillHunter","2","1","3"
"pilor77","2","1","3"
"pilotdima","1","2","3"
"Pilskarr","1","2","3"
"Pilsner_Urquell_12","1","2","3"
"pimbu","1","2","3"
"pimpin9makdka3rd","1","2","3"
"Pin2ss","2","1","3"
"pinac","2","1","3"
"pinchy55","2","1","3"
"pingponvas","2","1","3"
"Pinguinplukker","1","2","3"
"pinkerton698896","2","1","3"
"PinkFloyded","1","2","3"
"Pinner78","2","1","3"
"pinocchio60","1","2","3"
"Pinosh","2","1","3"
"pinoybm","2","1","3"
"pinpoint123","1","2","3"
"pioneer_mk","1","2","3"
"pioss","1","2","3"
"Piotr_Fratczakkk","1","2","3"
"piotr_kukla","2","1","3"
"Piotr273","2","1","3"
"piotrkub","1","2","3"
"PiotrZwolinski","1","2","3"
"pipitime","1","2","3"
"pipo_de_clown","1","2","3"
"Pipples","1","2","3"
"Piquinya","1","2","3"
"Piraqs","1","2","3"
"Pirilti123","1","2","3"
"pirplepawn","2","1","3"
"Piscui","2","1","3"
"Pistashh","2","1","3"
"pistone","2","1","3"
"pitch31","1","2","3"
"pitermaster","1","2","3"
"PitisTrukis","1","2","3"
"pito212","1","2","3"
"pitu_cabrera","1","2","3"
"piyushks","1","2","3"
"piyuvpiyuv","1","2","3"
"Pizza4Breakfast","2","1","3"
"Pizzeo","2","1","3"
"PJ11566","1","2","3"
"PjanyjBatja","2","1","3"
"PjDanz","1","2","3"
"PJM610","1","2","3"
"PjotrO","1","2","3"
"Pjramirez","2","1","3"
"pkb2809","2","1","3"
"pkos","1","2","3"
"PL1981_Gerlach","1","2","3"
"Pl4tt","1","2","3"
"Plancha","1","2","3"
"planethopf","2","1","3"
"Plantator7","2","1","3"
"Play4fun3","1","2","3"
"Playa23","2","1","3"
"PlayClassicChess","2","1","3"
"playdeep69","1","2","3"
"player149","1","2","3"
"player891","1","2","3"
"PLAYERR1","2","1","3"
"playersarebeaten","2","1","3"
"PlayerVotko","2","1","3"
"PlayJose","1","2","3"
"Plimb","1","2","3"
"Plohh","2","1","3"
"plokos7","1","2","3"
"plopovich","1","2","3"
"Ploppen77","1","2","3"
"ploppity","1","2","3"
"Plorel","2","1","3"
"ploutonas","2","1","3"
"Plum_pillar","2","1","3"
"plure","2","1","3"
"plus63","2","1","3"
"PLYR0604","2","1","3"
"plzdontworry","2","1","3"
"PM_ME_UR_BEST_WINS","1","2","3"
"PMiller89","1","2","3"
"PNG74","2","1","3"
"Pnghi","1","2","3"
"Pocketbulletz","2","1","3"
"podaycombined","1","2","3"
"Poetry_Ms","1","2","3"
"pogchimp","1","2","3"
"Pogi_Sige_Na2","2","1","3"
"PogosianAA","2","1","3"
"Poireikhomba","2","1","3"
"Poison8063","2","1","3"
"PoizonChess","1","2","3"
"Poker23","2","1","3"
"PokerFace148","1","2","3"
"PokerForever","1","2","3"
"Pokrovca","2","1","3"
"Pol1erA","2","1","3"
"POLA1213","2","1","3"
"polaco4040","2","1","3"
"Polako2223","1","2","3"
"Polar124","2","1","3"
"POLarsson","1","2","3"
"polemma","2","1","3"
"polep","2","1","3"
"PolfgangWetry","1","2","3"
"poljjj","1","2","3"
"polker17","1","2","3"
"Pollastrone","2","1","3"
"Polterge1st","1","2","3"
"polyted","1","2","3"
"Pomareta","2","1","3"
"Pomata","2","1","3"
"Pompermayer","1","2","3"
"pompomp","1","2","3"
"ponchtaylor","1","2","3"
"PonyBerserker","1","2","3"
"poohmonkz","1","2","3"
"Pookh","1","2","3"
"pooo73","2","1","3"
"poorgoomba","2","1","3"
"pooria_mozafary","1","2","3"
"poorya9675","2","1","3"
"popadom","1","2","3"
"popilchai","2","1","3"
"PopovI","2","1","3"
"popovpa23","2","1","3"
"Poquito_mas","1","2","3"
"POR_MORFI","2","1","3"
"Portnoy_Yuriy","2","1","3"
"PoseidonLegs","2","1","3"
"PoshehonKill","2","1","3"
"Possibly_Judas","2","1","3"
"postit2","1","2","3"
"Potalias","1","2","3"
"potate-o","2","1","3"
"Potato_mehdi","2","1","3"
"potatocomsal","2","1","3"
"Potatofier","2","1","3"
"potatofighterz","1","2","3"
"POTTER23","1","2","3"
"poulepasdetete","1","2","3"
"Poulpinator","1","2","3"
"Pouria80","1","2","3"
"Pouya86Sadeghi","2","1","3"
"povadingo","2","1","3"
"Power-3090","2","1","3"
"powerfulking40","2","1","3"
"Powerhoranghe","1","2","3"
"PoYeBao","1","2","3"
"poyraziyi","1","2","3"
"pp9","1","2","3"
"Ppave","2","1","3"
"PPetenev","2","1","3"
"PPlantinger","1","2","3"
"PPlog","2","1","3"
"Ppusy23","2","1","3"
"Practice_Comeon","2","1","3"
"PracticeAccountJV","2","1","3"
"practicebrainy","1","2","3"
"pradd_depp","2","1","3"
"pradeep_rajora","1","2","3"
"pradipta111111","2","1","3"
"pragmahead","1","2","3"
"praisedchutoy","2","1","3"
"prajjwalsuhane","2","1","3"
"Pramanajati","2","1","3"
"pranavgupta141","2","1","3"
"pranay7744","1","2","3"
"Pranjal851","1","2","3"
"prasadreddy86","1","2","3"
"Prasannasai","2","1","3"
"prasanth369","2","1","3"
"prasha3nt","2","1","3"
"prashant061096","1","2","3"
"Prasheel_____5308","2","1","3"
"prathmesh37","1","2","3"
"Pratik_kutaula","1","2","3"
"Pratikvm","1","2","3"
"Pratul","1","2","3"
"Pravel-Laletin","2","1","3"
"Pravinawate1998AP","2","1","3"
"prbond","1","2","3"
"PRd4","2","1","3"
"prdchessfm","1","2","3"
"Preach83","2","1","3"
"prekshagaddam29","1","2","3"
"premalv","1","2","3"
"premjag","1","2","3"
"prerii","2","1","3"
"presentsword","2","1","3"
"PrettyBoyLucas","2","1","3"
"prezbacon","1","2","3"
"prezentio1337","2","1","3"
"Price759","1","2","3"
"Priest976","1","2","3"
"priestess-of-ur","1","2","3"
"Prime_ZKD","1","2","3"
"PrincessaAlana","1","2","3"
"pRiNcEssPeAcH64","1","2","3"
"PrinzipHoffnung","1","2","3"
"prithvi2206","1","2","3"
"Priyadarsaan7","1","2","3"
"Priyangbhavsar","1","2","3"
"priyankar_cca","2","1","3"
"PriyanshuChess","2","1","3"
"prnvmny","2","1","3"
"probablyGood","2","1","3"
"Probchess93","1","2","3"
"Problem23145","1","2","3"
"Prof_Ferri","1","2","3"
"Prof-Jr","1","2","3"
"Profdu","1","2","3"
"Profemir26","2","1","3"
"profesional","1","2","3"
"Professeur-Xavier","1","2","3"
"ProfyHawk","1","2","3"
"ProGamer_F2P","1","2","3"
"Prolog07","2","1","3"
"ProphetX699","2","1","3"
"proshka148","2","1","3"
"prowessjen","1","2","3"
"prr1","2","1","3"
"pschepel","1","2","3"
"pseudonym7","2","1","3"
"Pshsh2610","1","2","3"
"PSICHESS","2","1","3"
"psk99","2","1","3"
"pstarr","1","2","3"
"psych-path","2","1","3"
"Psycho_Killer_01","1","2","3"
"PsychVision","1","2","3"
"pt_zhu","2","1","3"
"Ptasznikov","1","2","3"
"ptsangraja","2","1","3"
"pugalkasparov8484","2","1","3"
"puglover69420","1","2","3"
"pugtoes","1","2","3"
"Puki_7","1","2","3"
"pulha","1","2","3"
"PulleyMonster","2","1","3"
"pullinupontheyheads","1","2","3"
"Pumpkinner","1","2","3"
"pumplestickle","1","2","3"
"PumpPress","1","2","3"
"Pun_25","2","1","3"
"Punch_Pain","1","2","3"
"puneeth111","2","1","3"
"Pungu","2","1","3"
"PuppyMan","1","2","3"
"Pupsik7","2","1","3"
"pupuvi","1","2","3"
"PurelyIntuition","1","2","3"
"purplerain777","2","1","3"
"purplewinter","1","2","3"
"puruvana","2","1","3"
"Pushpa_Umale","1","2","3"
"putanginamotalaga","1","2","3"
"putkmies","2","1","3"
"Putradaerah","1","2","3"
"putterz","2","1","3"
"puuupok","1","2","3"
"Puzikk","1","2","3"
"PvtLion-KA","2","1","3"
"pvz11","1","2","3"
"PWender","1","2","3"
"pxdogbo","2","1","3"
"pxscii","2","1","3"
"pycla","2","1","3"
"pynya","2","1","3"
"pyttntn","1","2","3"
"Pyura","2","1","3"
"pyuta","1","2","3"
"qBob","2","1","3"
"Qedus01","1","2","3"
"Qiwiman","1","2","3"
"qklain","2","1","3"
"qonoxzzr","2","1","3"
"Qoqnus","2","1","3"
"qoziev","1","2","3"
"QTCrow777","2","1","3"
"qualitea","1","2","3"
"quamby","1","2","3"
"Quan345","1","2","3"
"quantml","2","1","3"
"quantumechanix","2","1","3"
"QuartoColono","2","1","3"
"Quasicoherent","1","2","3"
"Quaterov","1","2","3"
"quatschmal","2","1","3"
"qubit0","2","1","3"
"Quddomy","2","1","3"
"Qudu123","2","1","3"
"QuE3n","2","1","3"
"Queen_Afsaneh","1","2","3"
"Queen-Captures","2","1","3"
"queen-ivan","1","2","3"
"QueenBee2323","1","2","3"
"Queengogo","1","2","3"
"QueenParrot29","2","1","3"
"queens_pawn_D4","2","1","3"
"queensgambit-smile","1","2","3"
"QueenSlayer_01","1","2","3"
"QueezTsrohlih","1","2","3"
"Queribus","2","1","3"
"Queron","1","2","3"
"QuesadillaGrande","1","2","3"
"Quesoso","1","2","3"
"Quest_for_2000","2","1","3"
"quickR","2","1","3"
"QUINABIGAN","2","1","3"
"QuinnE","1","2","3"
"quintessential_mate","2","1","3"
"Quitely","2","1","3"
"qusweqtfuv","2","1","3"
"quszit","2","1","3"
"qwaxs","1","2","3"
"qwaza6","1","2","3"
"qwemnb","1","2","3"
"QWERTY11301","2","1","3"
"qwertynot","2","1","3"
"qwertz165","1","2","3"
"qwmarlon","1","2","3"
"qwqwmn","1","2","3"
"Qwsde1","1","2","3"
"R___01","2","1","3"
"r_i_n_a_s","1","2","3"
"R_TCR","1","2","3"
"r0bsen","2","1","3"
"r0maNr","1","2","3"
"R1_bae","1","2","3"
"R1965","1","2","3"
"r1996s","1","2","3"
"R2sha","2","1","3"
"r4id","2","1","3"
"R4Z36","2","1","3"
"R5C9","1","2","3"
"R6A6A","2","1","3"
"r70582","1","2","3"
"Ra1s3R","2","1","3"
"Ra4egar","2","1","3"
"raaaaghu","2","1","3"
"raaalz","2","1","3"
"raad1999","2","1","3"
"RAafa123321","1","2","3"
"raaghavlaxman","2","1","3"
"raamax","1","2","3"
"Raattefar","1","2","3"
"Raawron","2","1","3"
"RabbitRalph","2","1","3"
"RabeloMatheus","1","2","3"
"rabih123","2","1","3"
"Raby2777","1","2","3"
"Race","2","1","3"
"rachit95arora","2","1","3"
"rachmanas","2","1","3"
"Racso0","2","1","3"
"rad0r","1","2","3"
"Radik1985","2","1","3"
"Radika_pahasara_ksv","1","2","3"
"RadikMa","1","2","3"
"radinks","1","2","3"
"radiradiucha","1","2","3"
"Radja_Pegasus","1","2","3"
"radonk11","1","2","3"
"radvanced","2","1","3"
"Radwanska","1","2","3"
"rafael_100000","2","1","3"
"Rafael_Pinto2005","2","1","3"
"RafaelMonteiroS","1","2","3"
"Rafaelov","2","1","3"
"rafakus","2","1","3"
"rafam2020","2","1","3"
"rafamtz97","1","2","3"
"rafaryba","2","1","3"
"Rafbo84","2","1","3"
"RafCamora","2","1","3"
"RaffaeLesarpi","2","1","3"
"rafikhdey","2","1","3"
"rafvanherck","1","2","3"
"raga90","1","2","3"
"ragingstorm","2","1","3"
"Ragnar1338","1","2","3"
"Ragni","2","1","3"
"Rah1360","1","2","3"
"rahemy","1","2","3"
"RahimovHuseyn","1","2","3"
"rahmani58","1","2","3"
"RahmanRVG","2","1","3"
"Rahul_Jaiswal","2","1","3"
"rahul_toddy","2","1","3"
"Rahul1407","1","2","3"
"rahuljd50","2","1","3"
"RaidGhost","2","1","3"
"rain20","1","2","3"
"Rainbovine","2","1","3"
"Raining_H","2","1","3"
"rainman004","2","1","3"
"raio2","1","2","3"
"raiun_faruk","2","1","3"
"raivivek","1","2","3"
"Raizada2159","1","2","3"
"Rajmesta","1","2","3"
"RAJPUSH","2","1","3"
"Raju8081abcd","1","2","3"
"Rajvchavan","2","1","3"
"Raka9879","2","1","3"
"rakan-1425","2","1","3"
"rakshamega","2","1","3"
"ralfer","1","2","3"
"ralfisuperstar","1","2","3"
"Ralika","2","1","3"
"RalphBones","2","1","3"
"ralphDuck","1","2","3"
"ralphnoeltubig","2","1","3"
"rama12zan","2","1","3"
"Raman2021","1","2","3"
"ramanuj007","1","2","3"
"Rambo03","1","2","3"
"Rambo321","2","1","3"
"RamChhabra","1","2","3"
"ramec","1","2","3"
"Rami_Ammar89","2","1","3"
"rami7654","1","2","3"
"Ramin23","1","2","3"
"RamiroSM","2","1","3"
"Ramis33","2","1","3"
"Ramishka","1","2","3"
"RamizKaraeski","1","2","3"
"Rammselbrock","1","2","3"
"rammst","2","1","3"
"RamonB4","2","1","3"
"RamonKeja","1","2","3"
"ramonnlucass","1","2","3"
"RamonPauloD","2","1","3"
"RamosBr10","1","2","3"
"Ramseeyy","2","1","3"
"ramses_garcia","1","2","3"
"Ramtin_lahiji2014","1","2","3"
"Ramy3077","2","1","3"
"ranadu","1","2","3"
"ranakarami68","1","2","3"
"Ranbaev_Almaz","2","1","3"
"random_chan","1","2","3"
"randomchessplayer567","2","1","3"
"RandomKingAbsolute","2","1","3"
"randomweakplayer8561","2","1","3"
"rangorbtf","2","1","3"
"Ranishaw","2","1","3"
"Ranjay1","1","2","3"
"Ranjith_K4","1","2","3"
"ranzieconsolacion","1","2","3"
"rao667","2","1","3"
"raoks","2","1","3"
"Raoul2","1","2","3"
"RaoulSuurmeijer","2","1","3"
"RaphaelGingras","2","1","3"
"Raphthis","1","2","3"
"rapid_12","2","1","3"
"rapidnz","1","2","3"
"rarespragai","1","2","3"
"rasca7","1","2","3"
"Rashad610","1","2","3"
"Rashidnazmdino","2","1","3"
"Rasin_84","2","1","3"
"raskolnikov30","1","2","3"
"Rasmus_Klump","1","2","3"
"RasmusKristiansen","1","2","3"
"rasputyn","1","2","3"
"rassipa","1","2","3"
"rast1235","2","1","3"
"Raster84","2","1","3"
"Rasulash","1","2","3"
"ratacruel34","1","2","3"
"RatedR11","1","2","3"
"ratemchikk","1","2","3"
"rateme777","2","1","3"
"raubschach","1","2","3"
"Raufff31","2","1","3"
"Raul_41-1979","1","2","3"
"raulbar2020","2","1","3"
"raulgilabertt","1","2","3"
"Raultyson","2","1","3"
"RaunakSenChess","2","1","3"
"rAVChess","2","1","3"
"Raveldani","2","1","3"
"raven787","1","2","3"
"RavenFace292282","2","1","3"
"RavenTheory","2","1","3"
"ravi69","2","1","3"
"ravioli489","1","2","3"
"Ravvv2","1","2","3"
"raxzzz","2","1","3"
"RAY_DO","2","1","3"
"RayanGrand","2","1","3"
"RayCRO","1","2","3"
"Rayli726","1","2","3"
"Raymond035","1","2","3"
"raymongompelman","2","1","3"
"Razryv","2","1","3"
"Razzatheking","2","1","3"
"razzzumov","2","1","3"
"RBallon_08","1","2","3"
"rbb01","2","1","3"
"rbbeltran86","2","1","3"
"RBlDr","2","1","3"
"rbn0999","1","2","3"
"rbsreddy","1","2","3"
"Rcape","2","1","3"
"Rcoma","2","1","3"
"rcor-ua","1","2","3"
"rcpdinler","1","2","3"
"rdawg","1","2","3"
"rdegoeij1968","2","1","3"
"rdlfg","2","1","3"
"reabokaosalakataneB5","1","2","3"
"Reaccionario","1","2","3"
"ReactioN69","1","2","3"
"readingguy","2","1","3"
"Readydready","1","2","3"
"Real_badwolf_2002","1","2","3"
"Real_Chuck_Norris","2","1","3"
"realbardia","1","2","3"
"realer","2","1","3"
"realgseeman","2","1","3"
"REALLYSUCKATCHESSS","2","1","3"
"RealMartinBusch","2","1","3"
"realmimo200","2","1","3"
"RealPoliwhirl","2","1","3"
"RealPulx","1","2","3"
"realrealbadatchess","1","2","3"
"RealStormySoup","1","2","3"
"Reaper1234","1","2","3"
"ReasonDream","2","1","3"
"reaz33","1","2","3"
"reazul-Ahnaf","1","2","3"
"Rebelistan","1","2","3"
"recargo3","2","1","3"
"Recens_Satus","1","2","3"
"RecepT","1","2","3"
"receptayyipggshsh","2","1","3"
"Recio2","1","2","3"
"Red-Rum","2","1","3"
"RedaBen","1","2","3"
"redballs","1","2","3"
"redchess23","1","2","3"
"redchess656","1","2","3"
"RedEye94","1","2","3"
"RedHopefulHeron","1","2","3"
"redmamba17","2","1","3"
"Redmond1","1","2","3"
"redponcho","1","2","3"
"redrendezvous","2","1","3"
"redz_214","1","2","3"
"reedierat","1","2","3"
"reekad","2","1","3"
"reemooo201","2","1","3"
"ReeveVictor","2","1","3"
"Refleitas","1","2","3"
"regal42","1","2","3"
"regedit_lv","1","2","3"
"RegiBrau","1","2","3"
"Regulio","1","2","3"
"Reirver","2","1","3"
"REKA4665","1","2","3"
"rekr21","2","1","3"
"Rekuc","2","1","3"
"RELAMPETO","2","1","3"
"Reliable444","2","1","3"
"Remaster","1","2","3"
"Remax2016","1","2","3"
"RemirZK","1","2","3"
"RemonEshak","2","1","3"
"remziya","1","2","3"
"renansr","1","2","3"
"Renat_21","2","1","3"
"Renati1","1","2","3"
"renatonacano","2","1","3"
"RenatoSembiring","2","1","3"
"RenatValiev","2","1","3"
"rene_neto","2","1","3"
"renga312","2","1","3"
"renkfull","1","2","3"
"Rennsemmel","1","2","3"
"renulini","2","1","3"
"Renzobenji","1","2","3"
"RepoChess","1","2","3"
"Repulsor","1","2","3"
"Rerkinov","1","2","3"
"Resta888","1","2","3"
"Retno","1","2","3"
"Retno66","1","2","3"
"return_of_the_King85","1","2","3"
"Revanchespiel","1","2","3"
"ReViiX","2","1","3"
"RevoRaven","1","2","3"
"RexCarnifex","1","2","3"
"Rey_shark","1","2","3"
"REY_TERCERO","1","2","3"
"REYGary","2","1","3"
"reymidas35","1","2","3"
"ReyMr","1","2","3"
"ReytalhRiga13","1","2","3"
"Reza4345","2","1","3"
"rezagandomkar","2","1","3"
"rezajafari1311","2","1","3"
"rezking23","2","1","3"
"RF_LegolasDN","1","2","3"
"rg10","1","2","3"
"rgawl","2","1","3"
"Rh7thm","2","1","3"
"Rhaimis","2","1","3"
"Rhanchyto","2","1","3"
"Rheinhessenblitz","1","2","3"
"Ria_Ong","2","1","3"
"Riad_rehimov","2","1","3"
"RicardoForte","1","2","3"
"RicardoHdezMnz","2","1","3"
"ricardorst","2","1","3"
"RicardoZurdo23","1","2","3"
"Riccardo1821","2","1","3"
"rich73","1","2","3"
"Richard_Xt","1","2","3"
"richeard","1","2","3"
"richhardt","1","2","3"
"Richin_007","1","2","3"
"RichterYT","2","1","3"
"RickMeaster","2","1","3"
"rickms_14","1","2","3"
"rickstanley","1","2","3"
"ricky210982","2","1","3"
"rickyrocky","2","1","3"
"RickySarkany","2","1","3"
"RICKYTON","2","1","3"
"Riddik345","1","2","3"
"Ridham_Dave","2","1","3"
"ridwan012","2","1","3"
"riera","1","2","3"
"Rigensis","1","2","3"
"Rihard_UA","2","1","3"
"Rijul_28","2","1","3"
"rikisahadeo9ena","1","2","3"
"rikittu","1","2","3"
"Rikolis","1","2","3"
"Rimosarkar0007","2","1","3"
"Rimuru-Tempest-Chess","2","1","3"
"Rinchess","2","1","3"
"rincincinzio","2","1","3"
"ringscore","2","1","3"
"rinshuqwe","2","1","3"
"rio56","1","2","3"
"rios212","2","1","3"
"ripeapples","2","1","3"
"ripper85","1","2","3"
"Rishabh_Jain12345678","1","2","3"
"RishiRD","1","2","3"
"RisingZan","2","1","3"
"Risk_it","1","2","3"
"Risshi25","2","1","3"
"RitchGreen","2","1","3"
"Ritphu789","2","1","3"
"ritsis1337","2","1","3"
"RitterFips","1","2","3"
"RiverWave","2","1","3"
"Rivval","2","1","3"
"Riyan47","1","2","3"
"Riyasriaz","2","1","3"
"riznak2000","2","1","3"
"Rizvon99","2","1","3"
"Rizzelthon","2","1","3"
"RJbrea1191","1","2","3"
"rjmax","1","2","3"
"RK007","1","2","3"
"rk6010","2","1","3"
"rkccc","1","2","3"
"Rkizzzzda","1","2","3"
"rkm1000","2","1","3"
"rkreiss","1","2","3"
"RLRUBIA01311978","2","1","3"
"rmnoa","2","1","3"
"rmoran1","1","2","3"
"Rmpeezy","2","1","3"
"rnd10000","1","2","3"
"Rngd","1","2","3"
"rnive","1","2","3"
"rntigrt","2","1","3"
"Road_787","2","1","3"
"roadto1753","2","1","3"
"RoadtoIMLIB","1","2","3"
"roadtonoob","2","1","3"
"robanddog","1","2","3"
"robbi1","2","1","3"
"Robbo57","1","2","3"
"RobCigolini","1","2","3"
"Robert_6879","2","1","3"
"Robert_King","1","2","3"
"robert_precher","1","2","3"
"robert-w68","1","2","3"
"RobertGutierez_UNMSM","1","2","3"
"robertkarljr","1","2","3"
"RobertLangdon26","2","1","3"
"Robertmau","1","2","3"
"Roberto_M","1","2","3"
"Roberto733","1","2","3"
"RobertoBatttini","1","2","3"
"RobertoHongo","2","1","3"
"RobiGame7","2","1","3"
"Robinscoped","2","1","3"
"Robinstein","1","2","3"
"roble2009","2","1","3"
"roblesjm","2","1","3"
"RobRobRob","1","2","3"
"Robstas","1","2","3"
"Robz539","2","1","3"
"Roca_solida","2","1","3"
"rocaraul","2","1","3"
"Rochabsb","2","1","3"
"Rock8y","1","2","3"
"Rockdream","2","1","3"
"Rocker_1p","2","1","3"
"ROCKEY1234","1","2","3"
"Rocknrollterrorist","1","2","3"
"RockSCHstar","1","2","3"
"rocky_FDR","1","2","3"
"rodacy","2","1","3"
"rodezka","1","2","3"
"Rodney1997","2","1","3"
"rodoav","2","1","3"
"Rodol777","2","1","3"
"Rodolfoelneme","2","1","3"
"RodolfoPR","1","2","3"
"RodolfoVM","2","1","3"
"Rodri202","1","2","3"
"rodrigobsa","1","2","3"
"rodrilh","2","1","3"
"Roeljuun","1","2","3"
"Rofdo","1","2","3"
"roflanChelik","1","2","3"
"ROGER1614","2","1","3"
"Rogerak0","1","2","3"
"RogerinhoSacola","2","1","3"
"rogerocuringa","2","1","3"
"rogerr_ChessMood","2","1","3"
"RogerXDRS","1","2","3"
"rohansaw_1021","2","1","3"
"Rohay46","1","2","3"
"rohemilch","1","2","3"
"Rohit782","2","1","3"
"rohitkarn","1","2","3"
"Roi0806","1","2","3"
"rojasmoros","1","2","3"
"ROkemar","1","2","3"
"roldoc","1","2","3"
"rolexsweep","2","1","3"
"rolfgrewenig","1","2","3"
"Rolipops","1","2","3"
"Roll91","1","2","3"
"rollthepawn","2","1","3"
"Rolmenschess","1","2","3"
"Rolnardas","2","1","3"
"Rologold","2","1","3"
"rolwaling","1","2","3"
"Roman7945","2","1","3"
"Roman996","2","1","3"
"Roman9977","1","2","3"
"romanGr","2","1","3"
"romaniamo","2","1","3"
"RomanIlinov","1","2","3"
"Romanoffskiy","1","2","3"
"RomaNov2015","2","1","3"
"RomanRedMachine2023","2","1","3"
"Romanuch7","1","2","3"
"romanzavoyevatel","2","1","3"
"ROMARIOHS","2","1","3"
"Romdeprat","2","1","3"
"Romeo2015","2","1","3"
"romeroandres","1","2","3"
"Romie_1738","1","2","3"
"Romius_I","2","1","3"
"RommelRomero","2","1","3"
"Rommmaw","1","2","3"
"Rompu_al_Vi_la_Kapon","2","1","3"
"romssss","2","1","3"
"Romul_123","2","1","3"
"ron21001","1","2","3"
"ROnald1205","2","1","3"
"Ronald98","1","2","3"
"Ronaldo_97","1","2","3"
"Ronaldo_X","1","2","3"
"RonaldoManu77","2","1","3"
"Ronaldothe","2","1","3"
"RonAndFez","1","2","3"
"Ronchez","2","1","3"
"roniiron","1","2","3"
"Ronin59","1","2","3"
"Ronin97","1","2","3"
"RoninKing","2","1","3"
"RonnyTheSpringer","1","2","3"
"Ronwil10","1","2","3"
"roodyla111","1","2","3"
"rookcrash","1","2","3"
"rookie19","1","2","3"
"rookingchess","1","2","3"
"RookyKing40","1","2","3"
"rooney_pb","1","2","3"
"Root13","2","1","3"
"root6ix","1","2","3"
"roovoo","2","1","3"
"roriiri","2","1","3"
"RoscoeUnderwood","1","2","3"
"Rosenau","1","2","3"
"RosenPy","2","1","3"
"rosenweis","2","1","3"
"rosrob","2","1","3"
"rossel45","1","2","3"
"Rossi7171","2","1","3"
"Rossianin2020","1","2","3"
"Rostdish","2","1","3"
"Rostislav_Velikiy","2","1","3"
"Rotor345","2","1","3"
"rottwalli","1","2","3"
"Rottweiler123890","2","1","3"
"routerl","1","2","3"
"rovermedia","2","1","3"
"Rox321","1","2","3"
"Roxman20","1","2","3"
"RoylRogers","1","2","3"
"rpecb","1","2","3"
"rpezzoni","1","2","3"
"RPPGM","1","2","3"
"rpyt02","2","1","3"
"RRED2022","1","2","3"
"rrpari","1","2","3"
"RRR20","1","2","3"
"RRREEEUUUSSS","1","2","3"
"rrrj","2","1","3"
"rsinha529","1","2","3"
"rsmonty","1","2","3"
"RSS_27","1","2","3"
"rsteene","2","1","3"
"rstewartnyc","1","2","3"
"rsyarcia","1","2","3"
"Rtenbhomer","2","1","3"
"rtr62","1","2","3"
"Ru186rus","1","2","3"
"Ruaidhiri","2","1","3"
"Ruban_U","1","2","3"
"Ruben_LH","1","2","3"
"rubennchess","2","1","3"
"Rubinstein_attack","1","2","3"
"rubrum27","1","2","3"
"RubVanem","2","1","3"
"rubyPlayer","1","2","3"
"Rubyx11","2","1","3"
"Ruciosucio","2","1","3"
"Rucoide","2","1","3"
"RudaisVells","1","2","3"
"rudencio360","2","1","3"
"Rudenko-FA","2","1","3"
"rudetoafk","2","1","3"
"RudinAkuba","1","2","3"
"Rudolf-W","2","1","3"
"rudolfsanta","2","1","3"
"RudraKankhara","2","1","3"
"RudyLegend","1","2","3"
"ruelmismanos2131","1","2","3"
"Ruffler","1","2","3"
"Ruffzz","2","1","3"
"Rufixtur","1","2","3"
"rugleb","1","2","3"
"ruhsuzhayalet","1","2","3"
"Rui_Encarnacao","1","2","3"
"RujulChouthai","2","1","3"
"RukleR","2","1","3"
"RukySirius","1","2","3"
"Ruload","1","2","3"
"rumburak_rulls","1","2","3"
"ruminaru","1","2","3"
"rumithegod","2","1","3"
"rumoe","1","2","3"
"rumpertumpskin","1","2","3"
"Runacus","1","2","3"
"RunBarryRun","2","1","3"
"Runelarsen","1","2","3"
"RunnerMic","2","1","3"
"rupitin","1","2","3"
"Rupununni","2","1","3"
"Rus_m23","2","1","3"
"rusevgleb","1","2","3"
"Rushaan_Senpai","2","1","3"
"Rushan2011","1","2","3"
"Rusikgusik","2","1","3"
"rusioalvarado","1","2","3"
"Ruslan-spartan","2","1","3"
"Ruslan126","2","1","3"
"RUSLAN87-87","1","2","3"
"RUSS_SHMIT","1","2","3"
"Russian_AlphaZero","2","1","3"
"Russian_Emperor","2","1","3"
"Russiatopcik","1","2","3"
"russteppenwolf","2","1","3"
"RustamBB","2","1","3"
"Rustemli","1","2","3"
"RustNim","2","1","3"
"rutgerdoetinchem","1","2","3"
"RuthCcorimanya_UNMSM","2","1","3"
"Ruthra","1","2","3"
"RUTSTER","1","2","3"
"RuzgarBarann","1","2","3"
"rvalla","2","1","3"
"RvdK","1","2","3"
"rvgrace","2","1","3"
"Rw2505","2","1","3"
"RWche4","1","2","3"
"rx_walrus","2","1","3"
"Ryan145","2","1","3"
"RyanSarkela","2","1","3"
"ryba_kaban","2","1","3"
"RyguyOo","1","2","3"
"rylesiii","2","1","3"
"Ryley-Music","2","1","3"
"Ryten","1","2","3"
"ryuk_bored","1","2","3"
"RyzhovChess","2","1","3"
"Rzavaya_Lyarva","2","1","3"
"s_01_s","2","1","3"
"S_a1ves","1","2","3"
"S_Bugti","1","2","3"
"s_lukas","2","1","3"
"s_popham","1","2","3"
"S_Yaroslav","1","2","3"
"s-etranger","2","1","3"
"s-pawn","2","1","3"
"S0m1sh","1","2","3"
"S0nador","1","2","3"
"s0vry","1","2","3"
"S10Toprak","1","2","3"
"S1234_7","2","1","3"
"S1368","1","2","3"
"S1LVERSW0RD","1","2","3"
"s1tnix1","2","1","3"
"S20H22","2","1","3"
"S2939m1390","2","1","3"
"S3eidy","1","2","3"
"s4br0","2","1","3"
"s58develi01","2","1","3"
"s6kikieh","1","2","3"
"sa-m01","1","2","3"
"SA123L8M","2","1","3"
"SA78","2","1","3"
"saad555","1","2","3"
"SaadetGelecek","2","1","3"
"saadhashmii","2","1","3"
"saadlh10","2","1","3"
"Saafroo","1","2","3"
"SAAKK2022","1","2","3"
"Sabaneta","2","1","3"
"sabarichess123","2","1","3"
"sabbhaileys","2","1","3"
"SABHNathanB","1","2","3"
"sabitudo","2","1","3"
"sabmsJeremiah","1","2","3"
"Sabrinho10","1","2","3"
"Sabrosa10","2","1","3"
"SABSMSJESSICA","1","2","3"
"SABWJensM","1","2","3"
"Sabyasachibiswal_04","2","1","3"
"sachinjs1","2","1","3"
"sachinunadkat","2","1","3"
"Sachit06","1","2","3"
"SachN100","2","1","3"
"SachQA1","1","2","3"
"sachujcz","1","2","3"
"SacrificeT","2","1","3"
"sacrilegiousprodigy","2","1","3"
"sadak1997","1","2","3"
"sadb0ys","2","1","3"
"saeednj","2","1","3"
"saeedza","1","2","3"
"Safouande","2","1","3"
"SafronovI","2","1","3"
"SaftigerHorst","2","1","3"
"Sagar_Goel","2","1","3"
"sagarsk007","1","2","3"
"sagomer","1","2","3"
"sagynyshbm","1","2","3"
"Sahalchesss","1","2","3"
"sahand_fatemi","1","2","3"
"sahaninsel","1","2","3"
"Sahebpaltaldangra","1","2","3"
"saheil","1","2","3"
"SahelShoq","1","2","3"
"sahen201237","2","1","3"
"sahibsethi5051","2","1","3"
"sahil_10_bm","1","2","3"
"Sahil23100","2","1","3"
"Sahilnasare","1","2","3"
"sahilsaroj","2","1","3"
"Sahilshejal1","1","2","3"
"sahruh19","1","2","3"
"Sai_Prasad_AB","2","1","3"
"sai24816","2","1","3"
"saian83","2","1","3"
"Said9201z","2","1","3"
"SaidAhmadov","1","2","3"
"saiedsohrabi","1","2","3"
"saiedva4","1","2","3"
"Saif_otta","1","2","3"
"saighag","2","1","3"
"saikrishnapola19","1","2","3"
"Sailed","1","2","3"
"SailorStar8","2","1","3"
"saiman26","2","1","3"
"Saimseppr","2","1","3"
"SaiNavyanth","2","1","3"
"Saint_Nikola","1","2","3"
"saiprakashreddy","1","2","3"
"Saitam23","2","1","3"
"SaitamaSensei1","1","2","3"
"sajad_abbas","2","1","3"
"Sajad2001","2","1","3"
"Sajiki","2","1","3"
"sajjadsnk","1","2","3"
"Sakaryale5454","2","1","3"
"SAKHII","2","1","3"
"Sakkosy","2","1","3"
"Sakmaidik","2","1","3"
"Sakriya","1","2","3"
"Saksham_Kumar","1","2","3"
"Saksham_Rana_HGS","1","2","3"
"Saksham12","1","2","3"
"sakshiyan","1","2","3"
"SAKTHITHIYANESH","1","2","3"
"SalahZayed","2","1","3"
"salamanc","2","1","3"
"Salanum","2","1","3"
"Salem21","2","1","3"
"salemsayah97","2","1","3"
"salighedar","2","1","3"
"Salih602","2","1","3"
"salihcay56","1","2","3"
"salihhh123","1","2","3"
"SalimAloraimi","2","1","3"
"salimovik","1","2","3"
"Sallent","1","2","3"
"salma_cantik","2","1","3"
"Salman_145","1","2","3"
"salman_s","1","2","3"
"Salman78","2","1","3"
"SalmonHands","2","1","3"
"SaloNaUkraine","1","2","3"
"saloumacharouka","1","2","3"
"Salt_Quimmer","2","1","3"
"salunkhi","2","1","3"
"salute9166","2","1","3"
"SALVA55","1","2","3"
"salvap","1","2","3"
"salvatoor10k","2","1","3"
"Salvatore61","1","2","3"
"sam_del93","1","2","3"
"Sam-online","1","2","3"
"Sam1990sam","1","2","3"
"Samadhi_Ekanayake","1","2","3"
"Samaevsky","2","1","3"
"samalaster17","2","1","3"
"Samantha11","2","1","3"
"samariyoucef","2","1","3"
"sambba1","1","2","3"
"sambeetpat98","1","2","3"
"Samcilian","1","2","3"
"sameer_desar","1","2","3"
"sameoldmadness","1","2","3"
"sametburak","2","1","3"
"samettosun","2","1","3"
"Samfrappier","1","2","3"
"Sami111111","2","1","3"
"Sami2434","2","1","3"
"Samibali3","2","1","3"
"samibb","1","2","3"
"Samilmisa","2","1","3"
"samipancar","2","1","3"
"Samir_Ferreira","1","2","3"
"samir_WBA","1","2","3"
"samizer7","2","1","3"
"Samk1977","1","2","3"
"sammgoo","2","1","3"
"sammy1313","2","1","3"
"SamoylovRoman","1","2","3"
"sampiyon1w3","2","1","3"
"SamSasha","2","1","3"
"Samsonov_chess","1","2","3"
"samtalwar","1","2","3"
"SamThomas","2","1","3"
"Samuel_twd","2","1","3"
"Samuel81","1","2","3"
"Samuelbisgaard","2","1","3"
"SamuelChuquicallata","2","1","3"
"Samuelemes","2","1","3"
"SamuelHdePierre","2","1","3"
"samuelhoks","2","1","3"
"SamuelTjalsma","1","2","3"
"Samydaddy","1","2","3"
"samyduran","2","1","3"
"samyuraita","1","2","3"
"sanay2010","2","1","3"
"sanayssagar","2","1","3"
"sancha08","2","1","3"
"sanches_20","1","2","3"
"Sanchopansa19","1","2","3"
"Sandaliko","2","1","3"
"SandaruWelikumbura","1","2","3"
"SanddanGlokta","1","2","3"
"sandeepsahu","1","2","3"
"sander1117","1","2","3"
"SanderAAA","2","1","3"
"sandmanky","2","1","3"
"sandou","2","1","3"
"Sandoval703","2","1","3"
"Sandro_di_Al_Capone","2","1","3"
"Sandstone_Donut","2","1","3"
"Sanel982","2","1","3"
"sanesss","1","2","3"
"sanganeer","1","2","3"
"sanicarlsen","1","2","3"
"sanifmak","2","1","3"
"SanijaW_HCI","2","1","3"
"SanityDestruction","1","2","3"
"Saniya_15","2","1","3"
"sanjay-0078","1","2","3"
"sanjay1385","2","1","3"
"Sanjayk1999","1","2","3"
"sanjeevg15","1","2","3"
"sanjeevkoti","2","1","3"
"sanjo_hunter","2","1","3"
"sant19","1","2","3"
"santi_flow17","1","2","3"
"santi12356","1","2","3"
"santi21","1","2","3"
"SantiagoV96","1","2","3"
"santicastro","1","2","3"
"santifico99","1","2","3"
"santiv4","2","1","3"
"SantoMineral","1","2","3"
"saola","1","2","3"
"sapanam","2","1","3"
"SAR-9","2","1","3"
"Sara2ci","2","1","3"
"Saraa_0310","1","2","3"
"Saravanapriyan","2","1","3"
"sarikadir","1","2","3"
"Sarkal","1","2","3"
"sarlihendrawiyana","1","2","3"
"SAROSB","2","1","3"
"sarschin","1","2","3"
"Sartro","2","1","3"
"Sarvar_Salimovich","2","1","3"
"SarveshAbhinav","1","2","3"
"Sasabass","2","1","3"
"SAsgKyriec","1","2","3"
"Sasha_chess2022","1","2","3"
"Sasha_small","1","2","3"
"Sasha2508","2","1","3"
"sashalav76","2","1","3"
"sasimuru","2","1","3"
"SasinaLuyda","1","2","3"
"SASKATCHEWANSEOUL","2","1","3"
"Sasun_art83","1","2","3"
"Sateyar","1","2","3"
"sathish77","1","2","3"
"sathishjanarth","2","1","3"
"sativa_effect","1","2","3"
"sato4444","1","2","3"
"SatorArepoTenet","1","2","3"
"satrancbabasimali","2","1","3"
"satrancdersim","2","1","3"
"satrancogrencem","2","1","3"
"Satria_Yudha_Nugraha","1","2","3"
"SatthewMafford","1","2","3"
"satviking1209","1","2","3"
"Satyam_Sharma","2","1","3"
"satyampratapara","2","1","3"
"SAUBADE","1","2","3"
"sauge","1","2","3"
"SaulGoodman1453","1","2","3"
"saunterer","2","1","3"
"Saurav10","2","1","3"
"saurav123321","1","2","3"
"saurom21","2","1","3"
"Sauron_21","2","1","3"
"SavageCabbage22","2","1","3"
"SavageXX","2","1","3"
"Sawma_hniarcheng","1","2","3"
"Sayan_01","2","1","3"
"sayansamrat","1","2","3"
"sayantanchess6","1","2","3"
"sayedmohd_95","2","1","3"
"SayHelloToMyLitFren","1","2","3"
"SayidolimNUU","1","2","3"
"sayontanganguly","2","1","3"
"sayyad2","1","2","3"
"SazhinTim","2","1","3"
"sazory","1","2","3"
"sbalhara","1","2","3"
"Sbonelo_D97","2","1","3"
"sbsbsb","2","1","3"
"scable","1","2","3"
"scacchistamatto2023","2","1","3"
"scaccolo72","2","1","3"
"scammanjohn","2","1","3"
"ScandiBlitz","1","2","3"
"Scar20","1","2","3"
"scarfaceluu","2","1","3"
"Scarscrapper","2","1","3"
"scelelegenda","2","1","3"
"sceletonice","2","1","3"
"schaakam","2","1","3"
"SchaakKing","1","2","3"
"schach_kaffee","2","1","3"
"Schach001","1","2","3"
"Schach77","2","1","3"
"schach95","1","2","3"
"SchachBazi","1","2","3"
"Schachess05","2","1","3"
"Schachlachtan","2","1","3"
"SchachMatt01","1","2","3"
"Schachzombie","1","2","3"
"schacke","1","2","3"
"Schackpoeten","1","2","3"
"Scharikow","1","2","3"
"Schbam","2","1","3"
"scheermesje","2","1","3"
"Scheff_1","1","2","3"
"Schieberfuchs","2","1","3"
"Schildie07","1","2","3"
"Schindlers_Engine","2","1","3"
"schittering06","1","2","3"
"schlafloss","2","1","3"
"SchmiddoGHG","1","2","3"
"Schneidaddy","1","2","3"
"schodes","1","2","3"
"schoel27","1","2","3"
"schoeniold","2","1","3"
"Schoolboi_D","1","2","3"
"Schrodergro","1","2","3"
"Schrodinger11","2","1","3"
"schrotty7","1","2","3"
"SchS","1","2","3"
"Schusch_Kroete2","1","2","3"
"Schwarzseher1969","1","2","3"
"Schweiger04","1","2","3"
"schwob72","2","1","3"
"Sci-Twi","2","1","3"
"sconnor23","2","1","3"
"scoomens","2","1","3"
"scootklein","2","1","3"
"scotlandflag","1","2","3"
"scott_str","2","1","3"
"scott-macalister","2","1","3"
"Scottie_thompson","2","1","3"
"ScottyBeam","2","1","3"
"scptw","2","1","3"
"ScratchinMagician","1","2","3"
"Screynck","2","1","3"
"Scrltt","1","2","3"
"scrobldidop","1","2","3"
"scrupPer","2","1","3"
"ScumTour","1","2","3"
"scw","1","2","3"
"SD201","1","2","3"
"sd3381679","1","2","3"
"SD3DLD3DS","2","1","3"
"sdevrim","1","2","3"
"sdgarcia6","2","1","3"
"SE13","1","2","3"
"seagatex1","1","2","3"
"seagullegs","1","2","3"
"seagullnono","1","2","3"
"SeamisOk","1","2","3"
"SeanBailon","1","2","3"
"SeanGo5","1","2","3"
"Seanmac23","2","1","3"
"Searom","2","1","3"
"SeauaeS","1","2","3"
"Seb_Walsh","2","1","3"
"Sebas_PB","2","1","3"
"Sebascabro123","2","1","3"
"sebasmontoya","1","2","3"
"SebasRodriguez4","1","2","3"
"Sebastian_Orbe","2","1","3"
"Sebastiandf84","1","2","3"
"sebek90","2","1","3"
"SebsBc","1","2","3"
"SebSwansea","1","2","3"
"SebumonHA","1","2","3"
"section11","2","1","3"
"sedatsherifi","1","2","3"
"Sedoi62","2","1","3"
"SeDr1k","2","1","3"
"seebu","1","2","3"
"Seeebastian","1","2","3"
"SeeThruMe","2","1","3"
"sefacifci","2","1","3"
"Sefih","2","1","3"
"segano","1","2","3"
"Segnits","1","2","3"
"SeilunKuki","1","2","3"
"Seka_Machine","2","1","3"
"Seker123","2","1","3"
"SekeXD","2","1","3"
"selfout","1","2","3"
"selivladik","1","2","3"
"selleygabor","1","2","3"
"SelmanSenih","1","2","3"
"selSovet","1","2","3"
"Selyukov","2","1","3"
"Seme-n","1","2","3"
"semen5222","2","1","3"
"Semig0od","1","2","3"
"SemihArslan28","2","1","3"
"Semihdemirel","2","1","3"
"Semiloore","2","1","3"
"SemionSilni","2","1","3"
"semsem004","1","2","3"
"semyonMo","2","1","3"
"Senadichanulya1234","1","2","3"
"senakolkin","1","2","3"
"SenaraAcero","1","2","3"
"Senchenko_Tim_2015","1","2","3"
"Senecady","1","2","3"
"Senhor-Patinhas","1","2","3"
"SeniorBoschster","1","2","3"
"Senkuuxgod","2","1","3"
"sennia36","2","1","3"
"sennseipt","1","2","3"
"sennsgpt","1","2","3"
"senor_jorge","1","2","3"
"senorspielbergo","1","2","3"
"Senpaylol","2","1","3"
"Senputy","1","2","3"
"senseidave","1","2","3"
"Senseydreams","1","2","3"
"Senthil_G","1","2","3"
"SenyaG2A","1","2","3"
"seojuneyang","2","1","3"
"Seolfer","1","2","3"
"SeppMeier","1","2","3"
"serarderb","1","2","3"
"serdarista","2","1","3"
"Serdiuk1984","1","2","3"
"SerGay","2","1","3"
"Sergei_Nov_1234","1","2","3"
"Sergei-Prokofiev","2","1","3"
"Sergeilapin71","1","2","3"
"SergeiN25","2","1","3"
"sergeiza22","2","1","3"
"Sergent-Mc-Ouill","1","2","3"
"Sergey_0890","2","1","3"
"Sergey_93","1","2","3"
"Sergey_Kleiner","2","1","3"
"Sergio_4892","1","2","3"
"SergioGeorgini","2","1","3"
"sergiolomba","1","2","3"
"sergiomastro","2","1","3"
"sergserg-2022","1","2","3"
"Sergushoff","2","1","3"
"Serhat-99","2","1","3"
"serhatgkr","2","1","3"
"serhattmr0","1","2","3"
"Serifali1879","2","1","3"
"SerikSagin","1","2","3"
"serioso","2","1","3"
"seriyg","1","2","3"
"Serj76ru","2","1","3"
"Serjik91","1","2","3"
"serkantek","1","2","3"
"sermugo","1","2","3"
"sernsch","2","1","3"
"serolfnai","2","1","3"
"sertdemir96","2","1","3"
"seruuma","2","1","3"
"Serzh_Ter-Balyan","1","2","3"
"SEstattderLeistung","2","1","3"
"set24","1","2","3"
"setaben","2","1","3"
"SetStandards","1","2","3"
"settess","1","2","3"
"Seva7","2","1","3"
"sevbank","2","1","3"
"sevenmasks1","2","1","3"
"sevin1399","1","2","3"
"Sevuka","1","2","3"
"sex_monster","2","1","3"
"SeyiChess","2","1","3"
"seyit123","2","1","3"
"seymurhv","1","2","3"
"Seytsu","2","1","3"
"sf_leopoli","2","1","3"
"SFB8810","1","2","3"
"sforni","2","1","3"
"SFSAnshsingh","2","1","3"
"Sfyldrm","1","2","3"
"SGanga","1","2","3"
"sgd01","2","1","3"
"Sghsgh","1","2","3"
"SGrab","1","2","3"
"SGROMO","2","1","3"
"sha4eer","2","1","3"
"shaaaco","1","2","3"
"Shaarthaak1","2","1","3"
"shaatar","2","1","3"
"Shachijain","2","1","3"
"Shacoooo","1","2","3"
"shadab_0808","1","2","3"
"Shade-script1","1","2","3"
"shadow_blazer","1","2","3"
"Shadow073","1","2","3"
"SHADOWAJDON","2","1","3"
"shadowfax9000","2","1","3"
"Shadowravenclaw","2","1","3"
"SHADOWv001","2","1","3"
"shadrics","1","2","3"
"shafiic","1","2","3"
"ShaggyE2E4","1","2","3"
"Shahid7368","2","1","3"
"shahriar2021","2","1","3"
"shailu29","2","1","3"
"SHAIMACHAMP","1","2","3"
"Shakki-Seppo","2","1","3"
"Shalamberidze","1","2","3"
"Shalla-Bal","2","1","3"
"shalper11","1","2","3"
"Shamick","1","2","3"
"shammasbk","1","2","3"
"Shamy06","2","1","3"
"shanekropp","1","2","3"
"shanks099","2","1","3"
"Shankszuro","1","2","3"
"shanmukareddy_smca","2","1","3"
"shanuk12","2","1","3"
"ShaomiRedRice","2","1","3"
"SHarabullet","2","1","3"
"sharanFiDe","1","2","3"
"sharist25","2","1","3"
"sharlotk_a","1","2","3"
"sharmashivam784","1","2","3"
"sharpie475","2","1","3"
"Sharshenovalmaz","1","2","3"
"shartMePants11","1","2","3"
"Sharvesh_Vijay","2","1","3"
"shashayyyyy","1","2","3"
"shashi524","2","1","3"
"Shaudys","1","2","3"
"shaurya_2002","1","2","3"
"ShauryaAnwani","1","2","3"
"Shauryale","1","2","3"
"ShavrinIvan","2","1","3"
"Shawmendes2022","2","1","3"
"Shawn05","2","1","3"
"shay0056","2","1","3"
"shayanashofteh9","1","2","3"
"shayant","1","2","3"
"shaze771","1","2","3"
"Shcherba3773","2","1","3"
"ShChooPack","2","1","3"
"shebo1380","2","1","3"
"sheikhamru","1","2","3"
"shekhar16","1","2","3"
"SheldonHawking17","1","2","3"
"ShellHorizon577","1","2","3"
"shellx","2","1","3"
"shembood","2","1","3"
"Shemeer1988","1","2","3"
"shen0072","2","1","3"
"sher_lockkk","2","1","3"
"Sherbert_Castillo","2","1","3"
"SherKhan123456","1","2","3"
"Sherlock_Holmes_22B","1","2","3"
"shes","2","1","3"
"Sheyno","2","1","3"
"shidua","1","2","3"
"shieldfire","2","1","3"
"shifiteo","1","2","3"
"Shikamaru_10","1","2","3"
"shikharn","2","1","3"
"shinobu16","1","2","3"
"shirgalin","2","1","3"
"shivam02","2","1","3"
"SHivAM142","2","1","3"
"Shivam920","2","1","3"
"Shivang88","1","2","3"
"shivchetan","1","2","3"
"shlomo296","2","1","3"
"shnmu","1","2","3"
"shoonfuji","1","2","3"
"Shoonyau","2","1","3"
"shoooryuken","1","2","3"
"shooroopp","1","2","3"
"shoovip","1","2","3"
"ShortMoney","2","1","3"
"shosty_8","2","1","3"
"shots411","2","1","3"
"ShounokMM29","2","1","3"
"Shourya_06","1","2","3"
"Shouryaveersaxena7","2","1","3"
"ShowMeYourCombo","2","1","3"
"Shp1oN","2","1","3"
"Shramm","2","1","3"
"shreejianil","1","2","3"
"Shreenidhi_RG","2","1","3"
"shreyansh333","2","1","3"
"Shreyash36999","2","1","3"
"ShreySharan","1","2","3"
"Shrf1999","1","2","3"
"Shrillmonger","1","2","3"
"Shturm2020","2","1","3"
"shub_57","1","2","3"
"Shub-Azathoth","1","2","3"
"Shubham_003","1","2","3"
"Shubham_jain123","1","2","3"
"shubhamchess222","1","2","3"
"ShubhankG","2","1","3"
"ShubhPlayzChess","2","1","3"
"shubla1","2","1","3"
"Shudeoo","1","2","3"
"Shukh_Nikolay","2","1","3"
"Shumkov_Aleksandr","1","2","3"
"Shurale007","1","2","3"
"shuravi21","1","2","3"
"Shut86","1","2","3"
"ShvedovD","1","2","3"
"shyang13","2","1","3"
"ShYazdani","2","1","3"
"Shymelys","1","2","3"
"si_lenter","2","1","3"
"Siberian_d4","1","2","3"
"sibgatxuli","1","2","3"
"sibirskie_ogni","2","1","3"
"Sicilian_alajeep","1","2","3"
"Sicilion","1","2","3"
"sicsemper","2","1","3"
"SiddarthEng","2","1","3"
"siddharth64","2","1","3"
"Siddharthrama","2","1","3"
"SiddharthTS","2","1","3"
"siddhesh55","2","1","3"
"SiddLad","2","1","3"
"siddualabur123","1","2","3"
"SiddyBoyDaSloth","2","1","3"
"Sideburrito505","2","1","3"
"Sideswiper","1","2","3"
"SIdhesh123","1","2","3"
"sidjehehwmeixhbe","1","2","3"
"SidorovNew","1","2","3"
"Sidoth","1","2","3"
"sidsaem","2","1","3"
"Sifuba_P_C","1","2","3"
"Siganoessinquerer","1","2","3"
"sigasecca","1","2","3"
"Sigismondo1368","2","1","3"
"sigma2k","2","1","3"
"SigmaEsau","1","2","3"
"siguardodegrefsen","1","2","3"
"Sihle1","1","2","3"
"siiiqq","1","2","3"
"siimsiii","2","1","3"
"sijsisj","2","1","3"
"sik4ru","2","1","3"
"Sikaochapista","1","2","3"
"sikhapramanik","2","1","3"
"sikkie92","2","1","3"
"silabusz","2","1","3"
"Silas-B","1","2","3"
"Sili_Piano","2","1","3"
"Silkamsangma","2","1","3"
"SillyManofwar","1","2","3"
"silveriomf","2","1","3"
"Silvynos","2","1","3"
"Simbod01","1","2","3"
"Simbole","2","1","3"
"simdilikanonim","1","2","3"
"simetti","2","1","3"
"simjunhao2009","2","1","3"
"simo_9","2","1","3"
"Simon_F_M","2","1","3"
"simon959","1","2","3"
"simonoganesyan","2","1","3"
"SimonPerryman","2","1","3"
"Simonstrueux","1","2","3"
"simontelfs","2","1","3"
"simpforknightsArya","1","2","3"
"SIMPLEBATATA","1","2","3"
"Simplistic","1","2","3"
"simplyrock_chess","2","1","3"
"simplyvaibhav","1","2","3"
"simser5061","1","2","3"
"sinaga1704","2","1","3"
"Sinan91","1","2","3"
"sinandurgut07","2","1","3"
"Sinank1","1","2","3"
"sinanyasar","2","1","3"
"Sinasadeghi","1","2","3"
"Sinbaa","2","1","3"
"sined_1910","2","1","3"
"Singh_jee","1","2","3"
"Single_rabbit","1","2","3"
"sinheight","1","2","3"
"SinisterMagnus301","2","1","3"
"Sinonnz","1","2","3"
"sinople0","1","2","3"
"sinthoras97","1","2","3"
"SinusJan111","1","2","3"
"SinyorArda","2","1","3"
"SiOtoy","2","1","3"
"sippy28","2","1","3"
"Sir_Nicolas_Muller","1","2","3"
"Sirahla","2","1","3"
"SirG0","1","2","3"
"SiriusZero","2","1","3"
"Sirloinsteak","1","2","3"
"SirM0lt","2","1","3"
"SirMorpheus","1","2","3"
"Sirojiddin_Isom","1","2","3"
"SirPurp","2","1","3"
"SirRobin95","2","1","3"
"SirT92","2","1","3"
"Sirtechus","2","1","3"
"siso67","2","1","3"
"sisquatre","2","1","3"
"SitLetto","1","2","3"
"Siury","1","2","3"
"Siweg","2","1","3"
"siwyJLB","2","1","3"
"siyah_Akrep","1","2","3"
"Siyantolo","1","2","3"
"siyaya1","1","2","3"
"siziba02","1","2","3"
"sjakkalaka","1","2","3"
"SjakkOlai95","2","1","3"
"sjantsch","2","1","3"
"sjeep","1","2","3"
"SjeverUzOdsutne","1","2","3"
"sjorspolm","1","2","3"
"skaakmat230","2","1","3"
"skaggzaguirre","1","2","3"
"SkateboarderC","1","2","3"
"Skecarius","1","2","3"
"Skeeter19","1","2","3"
"skeetermcyeeter","2","1","3"
"skeith99","1","2","3"
"sketch3","2","1","3"
"sketcskhl","1","2","3"
"skier237","2","1","3"
"Skierguy_75","1","2","3"
"Skift2","1","2","3"
"Skilghy","1","2","3"
"skilllvlplasticIV","2","1","3"
"SkillzMatriX","2","1","3"
"skipeep","1","2","3"
"skippin","1","2","3"
"Skiter","2","1","3"
"skka2020","1","2","3"
"Skleratototale","1","2","3"
"skmc","2","1","3"
"Sknjbir","2","1","3"
"Skold_Amun_Rama","1","2","3"
"skorpon","2","1","3"
"Skotteks","2","1","3"
"SkSIDDHU","1","2","3"
"SKULLGAMBIT","1","2","3"
"Skunk23","2","1","3"
"skvrko","1","2","3"
"Skydriez","1","2","3"
"skyffer3","1","2","3"
"skylerlove116","1","2","3"
"SkylerStabs","2","1","3"
"Skymara","1","2","3"
"Skymoon338","1","2","3"
"SKYPAI","1","2","3"
"Sl0wCheeta","1","2","3"
"slabachok12","1","2","3"
"sladrask","2","1","3"
"SLah60","2","1","3"
"slangen","1","2","3"
"slark2","2","1","3"
"slaternation","1","2","3"
"slava0607","2","1","3"
"SlavA271282","2","1","3"
"SlavaChernov","2","1","3"
"slavamatskevich","2","1","3"
"slayerforlife2","2","1","3"
"Slayert","1","2","3"
"slaytanic666","2","1","3"
"SLBenfica38","1","2","3"
"sleep_42","1","2","3"
"slepzov","1","2","3"
"slicat","2","1","3"
"sliceofchess12","1","2","3"
"slick_gamer","2","1","3"
"Slimane47300","2","1","3"
"SlingaTyme","2","1","3"
"slipmouse","1","2","3"
"slisnychyi","2","1","3"
"Sliteslate","1","2","3"
"slitheractivate","2","1","3"
"slizzyizzy","2","1","3"
"sllash","1","2","3"
"sloppytoppy1","1","2","3"
"SlothOnChess","2","1","3"
"SlowDuck","2","1","3"
"slr1983","2","1","3"
"Slvs26","2","1","3"
"Sly90","2","1","3"
"smagin45","1","2","3"
"smail070","1","2","3"
"Smail13","2","1","3"
"smaity","2","1","3"
"SmallButAgile","2","1","3"
"SmallWizard","2","1","3"
"SmartBrand","1","2","3"
"Smartmanish","1","2","3"
"SmartToucan","1","2","3"
"smartwala","1","2","3"
"smassle1","1","2","3"
"smcgratt","2","1","3"
"smdineshkumar","2","1","3"
"SmilingCapybara","2","1","3"
"SmilingTurtle","1","2","3"
"smind","1","2","3"
"SMIT-G","2","1","3"
"smitiiii","1","2","3"
"Smitim","1","2","3"
"Smok_Wawelski","2","1","3"
"SmookyHotCheeez","2","1","3"
"Smoov-E","2","1","3"
"SMUDIFRUDI1","2","1","3"
"smurfleartik","1","2","3"
"snafuthai","1","2","3"
"SnailHunter","1","2","3"
"Snailor_Moon","1","2","3"
"snameeee","2","1","3"
"Snatch_N_Grab","1","2","3"
"SnatchMyPawnUp","2","1","3"
"snathiro","1","2","3"
"Sneakykaze","1","2","3"
"SneakzHere","1","2","3"
"sngangem","1","2","3"
"Sniko02","2","1","3"
"Snoopy1979","2","1","3"
"Snorkelbuckle","2","1","3"
"snotraket","2","1","3"
"Snowball306","2","1","3"
"SnowBlackCat","1","2","3"
"SnowyIsHere","2","1","3"
"snozr","1","2","3"
"SnP500","2","1","3"
"SNR_ALIEN","2","1","3"
"SNSBOT","1","2","3"
"snturi","1","2","3"
"snu_chess2020","1","2","3"
"SoBesTb","2","1","3"
"SocratesAristoteles","1","2","3"
"SocRoc","2","1","3"
"Sodiii","1","2","3"
"Sodorock1","2","1","3"
"Soekie","1","2","3"
"Sofia_casados061113","2","1","3"
"SOFIB","1","2","3"
"softbrashsushi","1","2","3"
"sofy360","1","2","3"
"SofyaStvolova","2","1","3"
"sohaib2005","1","2","3"
"sohail67","1","2","3"
"Soham_30","2","1","3"
"soham_ray","1","2","3"
"Soham-21","2","1","3"
"soheil8280","1","2","3"
"soheiruwa","1","2","3"
"sohnski","2","1","3"
"Sohrab5363","1","2","3"
"soiry","1","2","3"
"sokratis58","1","2","3"
"Soldat333","1","2","3"
"solidmist","1","2","3"
"Solipsy21","2","1","3"
"Sollner","1","2","3"
"Solnre","2","1","3"
"SoloCrew","2","1","3"
"Solomon080","2","1","3"
"SoloSejugarDeNegras","1","2","3"
"soloss","1","2","3"
"SoloWingPixy","2","1","3"
"solrakleugim","2","1","3"
"Som3_1","2","1","3"
"Som3aa","1","2","3"
"Som625","2","1","3"
"Someliye_Batsmanidze","2","1","3"
"Somodes","1","2","3"
"somynameisben","2","1","3"
"SONAKSHI07","2","1","3"
"sondiac","2","1","3"
"SONI22","1","2","3"
"Sonic08","2","1","3"
"sonnnyisterrible","2","1","3"
"sonny_chiba","2","1","3"
"sono2","1","2","3"
"sonofnicholson","2","1","3"
"sonoimprobabile","2","1","3"
"soojin","1","2","3"
"sophiaB27","2","1","3"
"sorankit09","1","2","3"
"Sorry_d","1","2","3"
"Sortilime","2","1","3"
"sossokoski","1","2","3"
"Sotakoira","1","2","3"
"soufeliz","2","1","3"
"SouheilAbed92","1","2","3"
"soulkey99","2","1","3"
"Soulvivor10Rush","1","2","3"
"Soulwinner","1","2","3"
"soume3","1","2","3"
"soumenchess","2","1","3"
"Soumya_Namdeo_3015","1","2","3"
"Sourabh69jod","1","2","3"
"sourabhtatasteel","2","1","3"
"Sourav778866","2","1","3"
"SourceErrorX","1","2","3"
"SouthAfricanBush","1","2","3"
"sovara","1","2","3"
"soymanikite","2","1","3"
"Soytuburla","2","1","3"
"sp1rit","1","2","3"
"sp9kle","2","1","3"
"SPACEBROTHERSMIND","2","1","3"
"Spacelobster","2","1","3"
"Spacenomad","1","2","3"
"Spacexteslaa","2","1","3"
"spadesoldier","2","1","3"
"spaguetidelrock","1","2","3"
"spallancani","2","1","3"
"SPARKX2900","1","2","3"
"Sparr0_OW","2","1","3"
"sparrow-13","1","2","3"
"Spartacus238","2","1","3"
"spartak14","2","1","3"
"spartan1423","1","2","3"
"spartanfap24","2","1","3"
"SpartanXIII","1","2","3"
"Spaskbye","1","2","3"
"Spassky2022","1","2","3"
"SPbChess","2","1","3"
"spbitcom","2","1","3"
"Spdsqr","2","1","3"
"spear3","1","2","3"
"Speedrunchees","2","1","3"
"Speedster514","1","2","3"
"SpeedyJACOB","1","2","3"
"Spencer-Thalia","1","2","3"
"sphemakh","2","1","3"
"Spi87","1","2","3"
"Spiderthiv2023","1","2","3"
"Spijke","1","2","3"
"SpinacioMacio","1","2","3"
"spinozist","1","2","3"
"SpiritOfTheWind","1","2","3"
"spiroketh","1","2","3"
"Splishhh","1","2","3"
"Sponge7331","1","2","3"
"Spooksters","2","1","3"
"spookydooky310","2","1","3"
"spoqyy","1","2","3"
"sportaz","1","2","3"
"SportyChessMan","1","2","3"
"Spottswood3","1","2","3"
"SpR1","2","1","3"
"Springel","1","2","3"
"SpringerC4","1","2","3"
"SpringerNiklas","1","2","3"
"Springmops","1","2","3"
"Spriteperm","2","1","3"
"spruhagaonkar","1","2","3"
"spshivam","1","2","3"
"spstop2021","2","1","3"
"spyghetti","2","1","3"
"SpyM","2","1","3"
"sravikumarj","2","1","3"
"SrBunny","2","1","3"
"Sreeman595","2","1","3"
"Srent","2","1","3"
"sreskaanthan","1","2","3"
"SRG_Paladin_Balbino","2","1","3"
"SrGazpacho","2","1","3"
"srhn1981","1","2","3"
"srhreza","2","1","3"
"srigauravsethi","1","2","3"
"srikanthmeka","2","1","3"
"Srilak","1","2","3"
"srimansree","2","1","3"
"srinivaskannan","1","2","3"
"Sriyash","2","1","3"
"srmajed","2","1","3"
"srpoposon","1","2","3"
"srpski_konkvistador","2","1","3"
"srspanks","1","2","3"
"Sru3100","1","2","3"
"Sruthik_Gani","1","2","3"
"SRVforever","2","1","3"
"Sry_if_i_win","1","2","3"
"ss0","2","1","3"
"SS88_serik","1","2","3"
"ssbbaa","1","2","3"
"sshokiKkarslen","1","2","3"
"ssiddhant","2","1","3"
"SsimpleS","2","1","3"
"SSJ7","1","2","3"
"sskral","1","2","3"
"SSM2021","1","2","3"
"SSO_ZAN_2","1","2","3"
"sssebe","1","2","3"
"SSzymanski","2","1","3"
"St1988","2","1","3"
"ST4BLE","2","1","3"
"st57","1","2","3"
"Stadens","1","2","3"
"stamen69420","1","2","3"
"Stanilooo","1","2","3"
"StanislavovichZ","1","2","3"
"Stanley_c","1","2","3"
"stanojcic2312","1","2","3"
"StarburstPrimed","1","2","3"
"Stare74","1","2","3"
"Starjavo","1","2","3"
"Stark_Moriarty","2","1","3"
"Starkiller100","1","2","3"
"Starlite","2","1","3"
"starmen39","2","1","3"
"Staronur","2","1","3"
"StartToBeSmart","1","2","3"
"stasiowski","2","1","3"
"Static27o","2","1","3"
"StavrAxel26","2","1","3"
"stavug","2","1","3"
"stayrain","2","1","3"
"stbcc28","2","1","3"
"steadygarage","1","2","3"
"steakrumpsch","1","2","3"
"steeechess","1","2","3"
"steefler","2","1","3"
"Steel9131","1","2","3"
"Stefan1518","1","2","3"
"stefan29","1","2","3"
"Stefandu","1","2","3"
"stefanj_f","2","1","3"
"stefankmitph","1","2","3"
"StefanoScrocco","1","2","3"
"StefanosKazantzoglou","1","2","3"
"stehle","1","2","3"
"steinl123","1","2","3"
"stelioschatzy","1","2","3"
"steminorder","2","1","3"
"stepaholas13","2","1","3"
"stepanshina","1","2","3"
"Stephan2012Gevorgyan","1","2","3"
"StephanBravo10","1","2","3"
"Stepka_Termenator","1","2","3"
"steptim","1","2","3"
"StepToVictory","2","1","3"
"stepup7","1","2","3"
"SterAlex","1","2","3"
"Sterling_Boirelle","2","1","3"
"Stevebest","2","1","3"
"Steven289","1","2","3"
"Stevensonpilaps","1","2","3"
"Stevie4981","2","1","3"
"StevieConor","2","1","3"
"Stevo8","1","2","3"
"stevosigi","2","1","3"
"StHarry","1","2","3"
"stijen0","2","1","3"
"Stilllearningchesss","1","2","3"
"Stilts","2","1","3"
"Stilva","2","1","3"
"stimpy_tr","1","2","3"
"stirRkoff","2","1","3"
"StivenOssa","1","2","3"
"stochastics","2","1","3"
"Stockfish-beginner","2","1","3"
"stockfish-developer","1","2","3"
"StockfishWith8IQ","2","1","3"
"Stompic","2","1","3"
"Stonesnow","1","2","3"
"stoplaughing","2","1","3"
"stopman","1","2","3"
"Storm-born","2","1","3"
"StormyViking","2","1","3"
"Storolow","2","1","3"
"Stoske87","1","2","3"
"str_O_bl","2","1","3"
"StraightPath","2","1","3"
"Strangeguy9","2","1","3"
"strangekiller3","1","2","3"
"Stranger95","2","1","3"
"StrangerDanger99","1","2","3"
"Stratego1","1","2","3"
"Stratego95","2","1","3"
"Stratejist123","2","1","3"
"Strawhatberry","1","2","3"
"strbuff16","2","1","3"
"Streege","1","2","3"
"Streibband","1","2","3"
"strinkewinke","1","2","3"
"Strong-player01","2","1","3"
"strongani","2","1","3"
"Strongbad87","1","2","3"
"Stronngcm_Forza","1","2","3"
"StrontBroek","2","1","3"
"Struggle96","2","1","3"
"StubbyComplaint","1","2","3"
"Student29","1","2","3"
"studmuffin12","1","2","3"
"studyaccount123","1","2","3"
"stujarz","2","1","3"
"stunt_100","1","2","3"
"Stussy77","2","1","3"
"stx1chess","1","2","3"
"Styxow","1","2","3"
"suarezgodoy","2","1","3"
"Sub2FPKid","1","2","3"
"subaikhan","1","2","3"
"subbuudt","2","1","3"
"Subhrashil","2","1","3"
"subinibus","2","1","3"
"subzero770","1","2","3"
"success04","2","1","3"
"SuchZero","1","2","3"
"sudarzzz","2","1","3"
"Sudeepdhar","1","2","3"
"sudhakarcelabrations","2","1","3"
"SugarCqndy","2","1","3"
"suha_the_champ","1","2","3"
"suhanpati","2","1","3"
"SuiRenji_Salem","1","2","3"
"sujal_2305","2","1","3"
"sujithotp1","2","1","3"
"sujonda","2","1","3"
"sukhbalt","2","1","3"
"sukhoiSSJ100","2","1","3"
"SUKUNA_23","1","2","3"
"suleymanbarissezgin","2","1","3"
"Sulmic","1","2","3"
"SuLocHanA","2","1","3"
"Sulphurchess","1","2","3"
"SULTAN-ALPARSLAN34","2","1","3"
"sum_chess","2","1","3"
"SUMAN_MONDAL","1","2","3"
"sumankiller26","2","1","3"
"Sumanth_is_jokester","2","1","3"
"Sumkin_Alexander","2","1","3"
"Sundar26","1","2","3"
"suneel","1","2","3"
"sunfisho","1","2","3"
"sunhaobo","2","1","3"
"SunHard","2","1","3"
"sunmifansite","1","2","3"
"SunRise1644524","1","2","3"
"Suntzu14344","2","1","3"
"SuperAla2004","1","2","3"
"Superdioni","1","2","3"
"supererdem","1","2","3"
"supergod1","1","2","3"
"Superheroo1","2","1","3"
"superhet0017","2","1","3"
"superladder","1","2","3"
"SuperSaiyanGohan","2","1","3"
"Supersonic","1","2","3"
"SuperSorete","2","1","3"
"SUPERTURYUS","2","1","3"
"SuperWeow","2","1","3"
"superxyroo","2","1","3"
"SUPPILULIUMA111","1","2","3"
"supremateos","1","2","3"
"Supreme9997","1","2","3"
"SupremeGTX","1","2","3"
"Suraj_SP","2","1","3"
"Surajinvincible","2","1","3"
"surendra0007","2","1","3"
"surigbs","1","2","3"
"suriolet","1","2","3"
"surturhedning","1","2","3"
"Surya_King","1","2","3"
"Surya_Teja13","1","2","3"
"surya9091","2","1","3"
"Suryansh_Choudhary","1","2","3"
"Sus_Bavoyan13","2","1","3"
"Susamak","2","1","3"
"Sushibard","1","2","3"
"suti52","1","2","3"
"SuurDen","2","1","3"
"Suvethican","2","1","3"
"Suyari","1","2","3"
"Svaeren","1","2","3"
"svalt","2","1","3"
"svanbennekom","1","2","3"
"svanillo","1","2","3"
"svellal","2","1","3"
"Svenbald","1","2","3"
"svetasunsun","1","2","3"
"svist17","2","1","3"
"SVnG","2","1","3"
"SvyatFromTheFarEast","2","1","3"
"Svyatoslav57","2","1","3"
"Swagit123","1","2","3"
"swaglord169","2","1","3"
"Swaguel24","1","2","3"
"SwakRiya","1","2","3"
"swanleyoke","1","2","3"
"swansloons","1","2","3"
"Swanuri","1","2","3"
"swap2327","1","2","3"
"swapnilh","1","2","3"
"swaPP","2","1","3"
"swastik2011","2","1","3"
"swatpop","2","1","3"
"Sweat4MyLife","1","2","3"
"sweattreats","2","1","3"
"sweatyballsack123","1","2","3"
"Sweekruthi_P_SLSH","2","1","3"
"Sweet_D","1","2","3"
"SWEETHEAVEN_33","2","1","3"
"Swellito","1","2","3"
"swescot","2","1","3"
"Swifie07","2","1","3"
"swiftychessy","1","2","3"
"Swiss2309","1","2","3"
"swiss4life","2","1","3"
"SwissChessNut","1","2","3"
"Swrind","2","1","3"
"Syafiqah_Saidin","2","1","3"
"syed_zubaer_ahammed","2","1","3"
"sygi","1","2","3"
"Syl8355","2","1","3"
"SYLV082","2","1","3"
"SYM29082020","2","1","3"
"symonn","1","2","3"
"SystemOfAPawn","2","1","3"
"Syze3","2","1","3"
"Szachy05","1","2","3"
"Szaikoh","1","2","3"
"szczeprez","1","2","3"
"Szczerbas","1","2","3"
"szefix1","2","1","3"
"szeiro","2","1","3"
"Szgen","1","2","3"
"Szorel","1","2","3"
"szymi98","2","1","3"
"szyszkownik","1","2","3"
"T_Robert54","2","1","3"
"t-will-2","2","1","3"
"T0D","2","1","3"
"t0m-m0t","2","1","3"
"T0NTO","2","1","3"
"T0RN4D0","1","2","3"
"T1A6S","2","1","3"
"t1komo","1","2","3"
"T1mF2nke","2","1","3"
"T3ki","2","1","3"
"t3nth","2","1","3"
"T4g3","2","1","3"
"T4K345347","1","2","3"
"T7O1L9I4C","1","2","3"
"Taabling","1","2","3"
"Tabata96","1","2","3"
"Tabsheer","2","1","3"
"Tacoextremist","2","1","3"
"Tacotrond","1","2","3"
"tacticalplayer08","1","2","3"
"tacticlord","2","1","3"
"tafadzwa263","2","1","3"
"Tafitasoa","2","1","3"
"Tagiiir","2","1","3"
"tags777","1","2","3"
"Tahakh123","1","2","3"
"Tahanoglu","2","1","3"
"tahaturan6116","1","2","3"
"TaHkucT","1","2","3"
"Tahourakarimi","1","2","3"
"tahsinsengul","1","2","3"
"tahurekhyt","2","1","3"
"Tahurtz","2","1","3"
"TaibaCo","2","1","3"
"taipei102","2","1","3"
"Taiskaplay","1","2","3"
"Taivers222","1","2","3"
"take-one","1","2","3"
"takeasildenafil","2","1","3"
"TakeTal88","2","1","3"
"takktik","2","1","3"
"TakoHaft_2560","2","1","3"
"tal-7","2","1","3"
"tal-seen","2","1","3"
"Tal3112","1","2","3"
"talalabb","2","1","3"
"Talalov_Anton","1","2","3"
"TalalVip","2","1","3"
"TalbeTalbe","2","1","3"
"TalBotvinik","1","2","3"
"talekhinezh","1","2","3"
"talha190335","1","2","3"
"TalhaAytac","1","2","3"
"talklesskush","2","1","3"
"Talling_in_love","1","2","3"
"Talter700","2","1","3"
"tambosantiago","2","1","3"
"TamDayNe","2","1","3"
"TameemRosaun","2","1","3"
"tamilanTN32","1","2","3"
"Tamim61","2","1","3"
"Tamir98","2","1","3"
"TamirEhirit","2","1","3"
"Tamock","1","2","3"
"TANATOS-IX","2","1","3"
"TanayShahCheckmate","1","2","3"
"Tandem-GM","2","1","3"
"taneli666","2","1","3"
"tangoforone","2","1","3"
"TangoZulu737","2","1","3"
"tanishq568","1","2","3"
"Tanjiro2244","1","2","3"
"Tanke0515","2","1","3"
"Tanmayxd9","2","1","3"
"Tanotamun77","2","1","3"
"TanTaiRS","1","2","3"
"tanttan","2","1","3"
"TanujIIII","1","2","3"
"TanveerBD21","1","2","3"
"TanvirTaj","1","2","3"
"tanwani","2","1","3"
"Tao102","1","2","3"
"taoro_tf","1","2","3"
"tapia6467","1","2","3"
"TarasB","1","2","3"
"Tarasinho","2","1","3"
"TarcisioMoraes","1","2","3"
"Targett","2","1","3"
"targirian1","1","2","3"
"tarikates","1","2","3"
"tarma4ok","2","1","3"
"tarrlikh","2","1","3"
"Tartakower-revisited","2","1","3"
"tarzan1986","1","2","3"
"Tasamayadianochka141","1","2","3"
"TASAN69","1","2","3"
"Taskenspiller","1","2","3"
"Tatarrr","2","1","3"
"TateisTopG","1","2","3"
"Tatiana345","1","2","3"
"tatspa1","1","2","3"
"tatumisgoatt","2","1","3"
"taufik1111","1","2","3"
"Tauhidan","2","1","3"
"Tauraj","1","2","3"
"taury885","1","2","3"
"Tavoches","2","1","3"
"Taylor11","2","1","3"
"Taywazz","2","1","3"
"Tayyebchess98","2","1","3"
"tayzi","2","1","3"
"tazetdin","1","2","3"
"TazicArsalan","2","1","3"
"tblanco2","2","1","3"
"TBrahman","1","2","3"
"TBTims160","2","1","3"
"TCasual","2","1","3"
"TCC_STARS","1","2","3"
"Tcc615","2","1","3"
"tchartz","1","2","3"
"tchenda","1","2","3"
"tcmello","2","1","3"
"Tcozmiz","1","2","3"
"TD1973","2","1","3"
"tdeshan9","1","2","3"
"Te_Kilian","2","1","3"
"Te_ri","2","1","3"
"te-clavo-el-ano","1","2","3"
"Tea_with_Lemon","1","2","3"
"Teacher2113","1","2","3"
"teamSAWH","2","1","3"
"Teartha_Kancharla","1","2","3"
"tearvid","1","2","3"
"teavay","2","1","3"
"techboi2019","2","1","3"
"Ted_10","1","2","3"
"TeddanTheTerran","2","1","3"
"teejar","1","2","3"
"tEEjAY_cABRera","2","1","3"
"TeenyPawn","2","1","3"
"Teg_is_back","2","1","3"
"teh_OK","2","1","3"
"teigol","2","1","3"
"tejas0707","1","2","3"
"TejasSonavane","2","1","3"
"Tejasvi18","1","2","3"
"Tekergo","2","1","3"
"Tekkii","2","1","3"
"Teknokuheylan","2","1","3"
"teksix","1","2","3"
"tekwando1234","2","1","3"
"Telmacarina2022","1","2","3"
"TemetNosce27","2","1","3"
"TEMHA1","2","1","3"
"temka422","1","2","3"
"tempaccut","1","2","3"
"TempesT_2510","2","1","3"
"Tempest7","1","2","3"
"temprip22","2","1","3"
"Temrum","1","2","3"
"Temuulka","2","1","3"
"ten1097","2","1","3"
"tender_brocoli","2","1","3"
"Tendo_21","1","2","3"
"tengo2006","2","1","3"
"TenienteDescuidado","2","1","3"
"tenkjkobt","1","2","3"
"teo64pringles","2","1","3"
"Teodor111","2","1","3"
"Teogenes666","1","2","3"
"TeplyakovSergey","2","1","3"
"TequilaSunset44","2","1","3"
"teraferminator123","1","2","3"
"Terminator1977","1","2","3"
"TERMIt7","1","2","3"
"terracot","1","2","3"
"Tesla420","2","1","3"
"tessabearz","1","2","3"
"testuser1989","1","2","3"
"Testvulkan","1","2","3"
"Teveldal","1","2","3"
"teza","1","2","3"
"tf235","2","1","3"
"TFTLegend","2","1","3"
"tfufu","2","1","3"
"tgamerx102","1","2","3"
"tgervan","2","1","3"
"TH_POPE","2","1","3"
"TH16","1","2","3"
"thaiblackburn","1","2","3"
"thaitri1309","2","1","3"
"Thakkar47","2","1","3"
"thakur-sabh","1","2","3"
"thales_of_checkmatus","2","1","3"
"thalryk","2","1","3"
"thamer2021","2","1","3"
"Thameri","1","2","3"
"thamizhazhagan","2","1","3"
"than2022","1","2","3"
"ThanasisBach1979","1","2","3"
"Thanaya","1","2","3"
"thangqd111","2","1","3"
"thanhhoang07","2","1","3"
"ThaScubaDiver","2","1","3"
"thatguy96","2","1","3"
"thathurt","1","2","3"
"thatpurplecow","1","2","3"
"Thats_M8_dude","1","2","3"
"ThatSpirit","2","1","3"
"The__Ghost","2","1","3"
"The_Ayoba_Icon","2","1","3"
"The_best3421","1","2","3"
"the_blunder_engine","2","1","3"
"The_Cantaloupe","2","1","3"
"The_CristianoRonaldo","1","2","3"
"The_En_Croissant","1","2","3"
"The_executioner_2033","2","1","3"
"The_Gentelman","1","2","3"
"the_insightful_muon","2","1","3"
"The_king_is_drowned","2","1","3"
"The_last_being","2","1","3"
"the_movez123","2","1","3"
"The_Psyduck","2","1","3"
"The_Singularity","2","1","3"
"the_waldo","1","2","3"
"the_zero0","2","1","3"
"the-_-best-_-2007","2","1","3"
"The-Lion_King","2","1","3"
"the-shadow_010","2","1","3"
"The-Theatre","2","1","3"
"The4rchang3l","2","1","3"
"theaji","2","1","3"
"Theassault","2","1","3"
"TheBagMan","2","1","3"
"Thebattle8","1","2","3"
"thebetterwondercandy","2","1","3"
"TheBishopSweden","1","2","3"
"thebloodybaaron","1","2","3"
"TheBlunderKing27","2","1","3"
"TheChessPanther","1","2","3"
"TheColdVolcano","1","2","3"
"TheCoolestGuyOnEarth","1","2","3"
"THECOSMO5","2","1","3"
"thecreative","1","2","3"
"theDasila","2","1","3"
"thedawgsareout","2","1","3"
"TheDeadsAreBack","1","2","3"
"Thedeed1122","2","1","3"
"thedeko","2","1","3"
"thedhaivat","2","1","3"
"TheDre92","2","1","3"
"TheDreygur","1","2","3"
"theduckiswatching","2","1","3"
"thedylian","2","1","3"
"TheeYash21","1","2","3"
"TheFaerieDragon","1","2","3"
"thefanofchess","1","2","3"
"Thefechi","2","1","3"
"TheFirst77777777","1","2","3"
"thefist999","1","2","3"
"TheFrenchFighter","2","1","3"
"TheGenc","2","1","3"
"TheGlassFamily","2","1","3"
"TheGodofHellFire","2","1","3"
"TheGrandMasterOogway","1","2","3"
"TheGrigory","1","2","3"
"TheGuardian87","2","1","3"
"thehoneysnake","2","1","3"
"tHeiCelandicgamBit","2","1","3"
"TheIdentikit","2","1","3"
"theirishstallion","2","1","3"
"theKhan1811","2","1","3"
"Thekingeizan","1","2","3"
"TheKlapmpasChess_SN2","1","2","3"
"TheKnightmare24","2","1","3"
"TheKnut","1","2","3"
"thelast35","1","2","3"
"TheLastOfSoul","1","2","3"
"thelastyellow","2","1","3"
"TheLeoPortal","2","1","3"
"TheLobotomyMessUp","2","1","3"
"TheLoneGod","2","1","3"
"theloveisreal","1","2","3"
"thelqh","1","2","3"
"Thelrt","1","2","3"
"themadera","1","2","3"
"themagictaco","2","1","3"
"TheManWhoLovesChess","2","1","3"
"themassacre64","1","2","3"
"TheMasterOfPawwwwns","2","1","3"
"TheModernPenguin","1","2","3"
"themozzman","2","1","3"
"themrmrx","2","1","3"
"TheNasib","1","2","3"
"Thenmoli","1","2","3"
"Theno","1","2","3"
"thenotariusofchess","1","2","3"
"thenotorious_master","1","2","3"
"thenotoriousmvg","1","2","3"
"thenthem","2","1","3"
"thenumberpink","1","2","3"
"Theo2004","1","2","3"
"theo91192","2","1","3"
"theocharis","1","2","3"
"Theodor_c","1","2","3"
"Theodore_7","1","2","3"
"TheoGiakatis","1","2","3"
"Theone94","2","1","3"
"Theosaya","2","1","3"
"theparada","2","1","3"
"ThePieceDropper","2","1","3"
"thepoorpawn","2","1","3"
"ThePrinceofDraws","1","2","3"
"TheProgenitor","1","2","3"
"TheRabbit233","2","1","3"
"theradiologist","2","1","3"
"therealflash","2","1","3"
"therealfreeze","2","1","3"
"TheRealKasparov","2","1","3"
"Therilien","1","2","3"
"TheRinoferos","2","1","3"
"theroadtomaster","1","2","3"
"thesarathshivram","1","2","3"
"thesickboy","1","2","3"
"thesmallgatsby","1","2","3"
"TheSpacewalker","1","2","3"
"TheSpyFromTF2","1","2","3"
"thestalkershrike","2","1","3"
"thestruggleisreal","2","1","3"
"TheSyrianAmmar","1","2","3"
"Thetaniner","2","1","3"
"TheTrollOnTheRoll","1","2","3"
"TheTrooper89","2","1","3"
"TheTur4","1","2","3"
"thew1tchking","1","2","3"
"TheXitro","1","2","3"
"thezhupig","2","1","3"
"thiagolims","2","1","3"
"thiaguito08","2","1","3"
"Thinker06","1","2","3"
"ThinWhiteDuke20","1","2","3"
"Thirdy_bonus","1","2","3"
"ThisIsIceFox","2","1","3"
"Thitt70","2","1","3"
"THKQ","1","2","3"
"Thomas637393","1","2","3"
"thomas834","2","1","3"
"ThomasBoyle","1","2","3"
"ThomClarke94","1","2","3"
"Thommy547","1","2","3"
"ThoOomasmann","1","2","3"
"thounder","2","1","3"
"Threeshold","2","1","3"
"thrillar_09","1","2","3"
"Throws1000","1","2","3"
"Thrythe","1","2","3"
"Thulana","1","2","3"
"thunderheart","2","1","3"
"ThunderPaving","1","2","3"
"thunderstorm41","2","1","3"
"Thunderstruckkk1","2","1","3"
"Thwack","2","1","3"
"thybutcher","1","2","3"
"Tiagoiowa","1","2","3"
"TiagoOliveira98645","2","1","3"
"Tiana_87","1","2","3"
"tiannuzzi","2","1","3"
"tibby93","1","2","3"
"tibidi","1","2","3"
"tibmaGykcirT","2","1","3"
"tiburonpaz","1","2","3"
"Ticlouss","1","2","3"
"TiesB","1","2","3"
"Tifou-Ben","2","1","3"
"tiger54664","1","2","3"
"Tigerhai15","2","1","3"
"Tigerpuli","1","2","3"
"tight1616","2","1","3"
"Tigra11es","1","2","3"
"tigraneo","2","1","3"
"Tiiagao","2","1","3"
"Tijl_vptd","1","2","3"
"tiktoktactikus","1","2","3"
"tilly333","1","2","3"
"Tilman2021","2","1","3"
"Tilting","1","2","3"
"Tim-14years","2","1","3"
"tim-tim","2","1","3"
"TimaMB25","1","2","3"
"Timbo_Schach","2","1","3"
"TimC238","2","1","3"
"Time_for_growth","2","1","3"
"TimelessMole","2","1","3"
"timer84","2","1","3"
"Timeunic","1","2","3"
"Timibertlense","2","1","3"
"Timir310305","1","2","3"
"TimohaL","2","1","3"
"timonius1","1","2","3"
"Timonpush","2","1","3"
"Timur_Muhamatgaliev","1","2","3"
"Timur_Nasybullin","2","1","3"
"Timur_t34","2","1","3"
"Timur_Yan","1","2","3"
"Timwiththehands","1","2","3"
"tin123456","2","1","3"
"tiniojojo","2","1","3"
"Tinoareno","1","2","3"
"TinselToes","2","1","3"
"tintin2509","1","2","3"
"Tiny-Tom","2","1","3"
"tio_do_bingo","1","2","3"
"tiosaulo","1","2","3"
"tippitoppithorsten","1","2","3"
"Tirantfox","2","1","3"
"TiredGarbage","2","1","3"
"Tirilii","1","2","3"
"tirtmirtkirt","1","2","3"
"Tisay321","1","2","3"
"tishan","2","1","3"
"Tishya1605","1","2","3"
"Titan_Unbound","2","1","3"
"TitaoPassos","2","1","3"
"titobarazilo","2","1","3"
"titoknight2","1","2","3"
"TITOPAPISANCHEZ","2","1","3"
"Tituswu2018","1","2","3"
"tizianod127","1","2","3"
"tj_210","1","2","3"
"TJ-playingchess","1","2","3"
"tjchess123","2","1","3"
"tjmoney419","2","1","3"
"Tkach83","2","1","3"
"TKBNGovenor","1","2","3"
"TLo_OlY","2","1","3"
"TLU3T","2","1","3"
"TLYSO","1","2","3"
"tmash","1","2","3"
"TmSO","2","1","3"
"tmure","2","1","3"
"tnba","2","1","3"
"ToastedSandwich","2","1","3"
"Toastered","1","2","3"
"ToastingZummBread","2","1","3"
"Tobbi_nr1","2","1","3"
"Tobi180","1","2","3"
"Tobias1234567","2","1","3"
"tobiramaseju","1","2","3"
"Tobot-2011_1","2","1","3"
"tobros","1","2","3"
"Tobthebot","1","2","3"
"tobyrizzo","2","1","3"
"Toecutter21","2","1","3"
"toedtli","1","2","3"
"Toggle_FoW","1","2","3"
"toitentung2","2","1","3"
"Toky_LALANIAINA","1","2","3"
"tolgaelmas3","2","1","3"
"Tolthor","2","1","3"
"Toma5h","2","1","3"
"tomakeamoveTM","1","2","3"
"tomasfo","2","1","3"
"TomasL","2","1","3"
"TomaszDajer","2","1","3"
"tomb431","1","2","3"
"TomCruiseMissile","1","2","3"
"tomegeb123","1","2","3"
"Tomek1902","1","2","3"
"tomflorin","1","2","3"
"Tomi_Heredia","1","2","3"
"TomMajor","1","2","3"
"tommar97","2","1","3"
"tommy46go","1","2","3"
"Tomtomwilke","2","1","3"
"tomwoolgar","2","1","3"
"toncorreria","2","1","3"
"Toni_Katoni","2","1","3"
"toni0303","2","1","3"
"tonifix","1","2","3"
"toninhojit","1","2","3"
"tonofhoney","2","1","3"
"tony-bahoruco","1","2","3"
"Tony-Curth","2","1","3"
"TonyBiddi","2","1","3"
"tonysopran0","1","2","3"
"too-easy-to-beat-me","2","1","3"
"toolatetogm","1","2","3"
"toonmaster1","1","2","3"
"toooool","1","2","3"
"TooSlooow","1","2","3"
"top-secret-54","1","2","3"
"Top4ikTube","2","1","3"
"topakkhan1976","2","1","3"
"topo7799","2","1","3"
"Topperharley1","1","2","3"
"TopRanger1726","1","2","3"
"topsycany","1","2","3"
"TopWombat","2","1","3"
"toquim","2","1","3"
"tordenstierne","2","1","3"
"Torikan","2","1","3"
"torinototto","2","1","3"
"torkien3110","2","1","3"
"TornadoFlow","1","2","3"
"Tornert_Eksjo","2","1","3"
"Toroide","2","1","3"
"torosdraiato","2","1","3"
"Torredicontrollo","2","1","3"
"torrefirme_69","2","1","3"
"Tosh_95","1","2","3"
"toto40460","1","2","3"
"Totomi","2","1","3"
"TotoSound","2","1","3"
"tottivanpersie","1","2","3"
"Toulano","2","1","3"
"Tox01","2","1","3"
"Toxic_Co2","2","1","3"
"Toxicskull78","1","2","3"
"TPATATA77","1","2","3"
"TpeHep2","2","1","3"
"tpoliaw","2","1","3"
"tqino","1","2","3"
"Tracalet","1","2","3"
"Trade123456789","2","1","3"
"Tradng","1","2","3"
"training213","2","1","3"
"trampelar","2","1","3"
"trandaferrari","2","1","3"
"TrAndrei","1","2","3"
"tranduchung","2","1","3"
"TranNamKhanh0107","1","2","3"
"TRanQyy","1","2","3"
"Transistorr","1","2","3"
"tranvogiabao","2","1","3"
"Trappatoni","2","1","3"
"TrauVang","2","1","3"
"travisspears0","1","2","3"
"TrawnAdmiral","2","1","3"
"TrCagdas","2","1","3"
"Trdreamception","2","1","3"
"Treboada","1","2","3"
"Treeangular","1","2","3"
"Tregart","1","2","3"
"trenerchess79","2","1","3"
"trenoal","2","1","3"
"TRENY","2","1","3"
"treodorul","2","1","3"
"Treshaun","1","2","3"
"Trey3m","1","2","3"
"tributeturd","2","1","3"
"trickofthetail","1","2","3"
"trickyc94","1","2","3"
"triple_am","2","1","3"
"triple_chin","2","1","3"
"triple_sus_repla","1","2","3"
"tripleintegral","1","2","3"
"TripleNine","2","1","3"
"triplero79","2","1","3"
"TrippingManic","2","1","3"
"trisiak","1","2","3"
"tristan1414","1","2","3"
"Trnr_Ducky","2","1","3"
"trobe35","2","1","3"
"trojan_horse_1","2","1","3"
"TrollingWithDoge","1","2","3"
"trompette_de_la_mort","1","2","3"
"trone198","1","2","3"
"TrooperDivine","1","2","3"
"trop-guez","2","1","3"
"tropicalfrog","1","2","3"
"Tropman2020","2","1","3"
"troshky","2","1","3"
"troydark","2","1","3"
"troyesd3","2","1","3"
"truckis27","2","1","3"
"TrunksVather","1","2","3"
"Truong_Tran_Thai_Duy","1","2","3"
"truten","2","1","3"
"Trutututu","1","2","3"
"Try_watch_me","1","2","3"
"Trytoabuse","2","1","3"
"Tsakou13","2","1","3"
"tsaros_84","1","2","3"
"Tschapatalpi","2","1","3"
"TSG-Bernsdorf-AR","2","1","3"
"TSM-Bibi-Smak-001","2","1","3"
"tspann27","1","2","3"
"TTArnold","2","1","3"
"tthebestversion","1","2","3"
"ttp445","2","1","3"
"tttyyybbbnnn","2","1","3"
"tu_len","1","2","3"
"Tu_macho666","2","1","3"
"Tu_viejo123","1","2","3"
"Tu-ra","2","1","3"
"tuananh1212","2","1","3"
"Tuanhhuynh","1","2","3"
"TubbyTheKing","1","2","3"
"TUC21","2","1","3"
"tuftywarden","2","1","3"
"tugbadamar58","2","1","3"
"tugrulucar","2","1","3"
"Tuhermana85","1","2","3"
"Tuhin_Rabindranath","1","2","3"
"Tujays","2","1","3"
"tukidays","1","2","3"
"tuliolemos95","2","1","3"
"Tullione","1","2","3"
"tumelondlovu567","1","2","3"
"tunahankalkan","2","1","3"
"TunarAliyev","1","2","3"
"Tunez1985","2","1","3"
"TunikSascha","2","1","3"
"tunmed","2","1","3"
"TupoySuka","2","1","3"
"turanalizade","2","1","3"
"turbo124cc","2","1","3"
"TurboMV","1","2","3"
"turdaly_make","2","1","3"
"Turgut0792","1","2","3"
"turkdetected","1","2","3"
"Turkehy","2","1","3"
"Turkishbulletguy","2","1","3"
"turkishduda","1","2","3"
"turkishmen","2","1","3"
"turkishnakamura","2","1","3"
"turkishturkey","1","2","3"
"turtle1313","2","1","3"
"Tushar2208","2","1","3"
"TutorialBotelmejor","2","1","3"
"tutoyjunior","1","2","3"
"Tuttl","2","1","3"
"tutto_passa","1","2","3"
"tutu07","1","2","3"
"TUVAHSHEENY","2","1","3"
"tvcchess","1","2","3"
"Tversky","1","2","3"
"tvik7755","1","2","3"
"TW-3000","2","1","3"
"twaqu","1","2","3"
"TWeeb","1","2","3"
"twep27","2","1","3"
"twichez","2","1","3"
"twieczorek92","2","1","3"
"twinturbo","2","1","3"
"twistedsage42","2","1","3"
"TwitchJoseloLol","1","2","3"
"twitchlezgo","1","2","3"
"twitchys","1","2","3"
"Two3dge","1","2","3"
"TwoFold","2","1","3"
"TXAUGUSTXT","1","2","3"
"Tyfour","2","1","3"
"tyie","1","2","3"
"tYler_nevin1243","2","1","3"
"tylerDurdenn010","2","1","3"
"tylerk90","2","1","3"
"Tyrannicida","1","2","3"
"tyrawoow","2","1","3"
"tyrex38","2","1","3"
"tzotzos_2005","1","2","3"
"u4niwon","2","1","3"
"u8823","1","2","3"
"UAL963","2","1","3"
"Uali_2015","1","2","3"
"ub77","2","1","3"
"UberDIMonD","1","2","3"
"Ubermensch27","1","2","3"
"UC_Kelvin","1","2","3"
"uchiha_itachi1","1","2","3"
"uchihaitachi000","1","2","3"
"Udjiin","2","1","3"
"udra12","1","2","3"
"ueieobs78","2","1","3"
"UeldesChess","2","1","3"
"uffa","2","1","3"
"ufuktan_16","2","1","3"
"Ugin_1","1","2","3"
"UgniusD","2","1","3"
"UGotAdmiration","2","1","3"
"ugur4242","1","2","3"
"Ugurb77","2","1","3"
"ugurelt","2","1","3"
"ugurluthor","1","2","3"
"uhfishionado","1","2","3"
"uitli","2","1","3"
"ujjwalsoni887","1","2","3"
"ujo66","2","1","3"
"uk_n00b","1","2","3"
"Ukas_Winner","1","2","3"
"UknowImComing","1","2","3"
"ukulele123","1","2","3"
"uldza","1","2","3"
"UlfOlafson","1","2","3"
"ulises8a","1","2","3"
"uloveyu4o","2","1","3"
"ulozi","1","2","3"
"Ulrich1054","1","2","3"
"Ultimate_Gigachad","2","1","3"
"ultraberto","1","2","3"
"Ultradonk420","2","1","3"
"Ultramarin95","2","1","3"
"ultramen8","1","2","3"
"Ulvi888","1","2","3"
"ULY73","1","2","3"
"UlysseLeroux","1","2","3"
"um626262","2","1","3"
"Uma_sujitha","2","1","3"
"UMANG000","1","2","3"
"umbluu","1","2","3"
"umeedweer0","2","1","3"
"umit1970","2","1","3"
"umitbaris","1","2","3"
"umtgulec","2","1","3"
"Umut_Talha_5M","2","1","3"
"Umut-Ucan","1","2","3"
"unamalan","2","1","3"
"Unantastbar","2","1","3"
"unbroken_lamp","1","2","3"
"uncleDanik","1","2","3"
"unDavide","1","2","3"
"underdog31","1","2","3"
"Underground-Queen","1","2","3"
"Underground97","1","2","3"
"understoodporcupine","1","2","3"
"Undram2024","1","2","3"
"unedeuxtrois","1","2","3"
"unfall","1","2","3"
"Ungesicht","1","2","3"
"unggustav","2","1","3"
"unicorn178","2","1","3"
"unicron007","1","2","3"
"unigecrew","1","2","3"
"unishsensei","2","1","3"
"unknownworld","2","1","3"
"unknownxzxz","1","2","3"
"unknxwnV","2","1","3"
"Unnamed_from_hz","1","2","3"
"Unnsi","1","2","3"
"UnOnEeDtOkNoW","1","2","3"
"Unratedboi","1","2","3"
"unskillful_fish","2","1","3"
"Unspunnenfest","1","2","3"
"Unwetter321","2","1","3"
"UP2023","1","2","3"
"upap","2","1","3"
"uppercrust","2","1","3"
"UprightElf","1","2","3"
"UPSdriver","1","2","3"
"urbanwarriors","1","2","3"
"urbut","1","2","3"
"urfh","1","2","3"
"Urlsnylmz","2","1","3"
"urunner","2","1","3"
"Urzuza","2","1","3"
"usaazn051","1","2","3"
"usadandaule","1","2","3"
"useethattricolor","2","1","3"
"user12344321","2","1","3"
"user2342342904242342","2","1","3"
"usermane0711","2","1","3"
"usernamepass","1","2","3"
"Usmaniraa","2","1","3"
"Uss1998","1","2","3"
"utaha1228","2","1","3"
"Utopian1","2","1","3"
"utsodas","1","2","3"
"uunluckygamess","2","1","3"
"uurayus","2","1","3"
"uwusan3","1","2","3"
"uyavorski","1","2","3"
"uyusuk","1","2","3"
"Uzer99","1","2","3"
"uzman-1","2","1","3"
"v_zhurov","2","1","3"
"V-Sazki","2","1","3"
"V1C3","2","1","3"
"v4nsh","2","1","3"
"Vaclav_ChessBum","2","1","3"
"vacum","2","1","3"
"vadavada","2","1","3"
"vadenation","2","1","3"
"vaderishere","2","1","3"
"vadim_12345","2","1","3"
"vadim711","1","2","3"
"VadimAxmedxanov","1","2","3"
"VadimProduction","2","1","3"
"VadimTB","1","2","3"
"Vagizov_Aidar589","2","1","3"
"Vahakin","2","1","3"
"Vahe66","1","2","3"
"Vahid6","1","2","3"
"vahidarjmand","2","1","3"
"Vahidsepahvand","1","2","3"
"VahinPandurangi","1","2","3"
"vaibhav2991","2","1","3"
"vaibhavverma","1","2","3"
"vaidhar","1","2","3"
"vajo","1","2","3"
"vakontos","2","1","3"
"Valcidre","2","1","3"
"valdepenas","1","2","3"
"valdo777","1","2","3"
"Valedi","1","2","3"
"valef","2","1","3"
"valenb","2","1","3"
"Valentine17","1","2","3"
"ValentinGordovenko","1","2","3"
"valentino90809","1","2","3"
"valentinocrrr","2","1","3"
"Valerii73","2","1","3"
"Valeriy1960","1","2","3"
"Valewish","1","2","3"
"Valiev_Rishat","2","1","3"
"Valkrono","2","1","3"
"ValkyrieIsamu","1","2","3"
"vallahala_beyi","2","1","3"
"Vallum","2","1","3"
"Valomeo","1","2","3"
"ValsiNoen","2","1","3"
"valuone","2","1","3"
"valyrian00","2","1","3"
"Vampetof","1","2","3"
"VAMPIRE_D","1","2","3"
"Vandale86","2","1","3"
"Vandermaster","2","1","3"
"Vandetta5","2","1","3"
"vandit_khanna","2","1","3"
"vaneibras","1","2","3"
"vanielly","2","1","3"
"Vanin_Maksim","2","1","3"
"vanvan59","2","1","3"
"Vanxelsing","2","1","3"
"Vanya-2014","1","2","3"
"Vanya081108","2","1","3"
"VanYolo","2","1","3"
"Vap75","1","2","3"
"variableman","2","1","3"
"varshilnandu","2","1","3"
"varu1209","2","1","3"
"varun05772","1","2","3"
"vas1laras","2","1","3"
"vas3278","1","2","3"
"Vasall52","2","1","3"
"VascaDeLoop","1","2","3"
"vascostmr","1","2","3"
"Vashka777","2","1","3"
"vasiarussia","2","1","3"
"Vasifalituri","1","2","3"
"Vasili_Ivaschenko","2","1","3"
"Vasilii86733","1","2","3"
"Vassiliev","1","2","3"
"Vasso12","1","2","3"
"vatsrajangarg","2","1","3"
"VayneYasuo","1","2","3"
"Vayom07","2","1","3"
"Vbajr","2","1","3"
"vbcdsx","1","2","3"
"vdirj1994","1","2","3"
"Ved1506","2","1","3"
"VedanaAjedrez","1","2","3"
"vedazad","2","1","3"
"vedp5139","1","2","3"
"veg19760720","1","2","3"
"VeganMeatball","1","2","3"
"VegasPlayboy","2","1","3"
"veil5","2","1","3"
"VelezMendoza","2","1","3"
"velezsamuel","2","1","3"
"VeljkoSimich","1","2","3"
"veljo1987","1","2","3"
"velmar","2","1","3"
"Veloziferator","2","1","3"
"VemTranquilovisk","1","2","3"
"ven8plu11","2","1","3"
"veni_vidi_vici2007","1","2","3"
"Venkata007","1","2","3"
"venners","1","2","3"
"Venom1128","1","2","3"
"VentOfDoom","2","1","3"
"venturamen","2","1","3"
"VentusBruh","2","1","3"
"veq","1","2","3"
"veralily","1","2","3"
"Verbal_Kint","2","1","3"
"VerdeshEvgeni","1","2","3"
"VERESOVER","1","2","3"
"verma_Abhi","1","2","3"
"Vermeerov","2","1","3"
"veroniKa12","2","1","3"
"verst24712","2","1","3"
"Very_Bad_Bishop","2","1","3"
"Very-Cool","1","2","3"
"VeryTiredChess","2","1","3"
"VeryWell66","1","2","3"
"Vesi54","1","2","3"
"vetal1974","1","2","3"
"Vetalsimfer","1","2","3"
"VETER1983","1","2","3"
"Vetrova_2006_Evgenia","2","1","3"
"vezvaeia","2","1","3"
"Vezzolky","1","2","3"
"vfgk","1","2","3"
"VG20","1","2","3"
"VGM94","1","2","3"
"vhjfcbgcv","2","1","3"
"VHVG","2","1","3"
"Vibben","2","1","3"
"VIBESNAZONE","1","2","3"
"Vibrolapa123456","1","2","3"
"Vic_herrarte","2","1","3"
"vic_thor-TH","1","2","3"
"Vicente_08","2","1","3"
"Vicka2112","2","1","3"
"vicmex","2","1","3"
"victi81","1","2","3"
"Victor_Filyk","2","1","3"
"victor1956","1","2","3"
"victorfonma","1","2","3"
"victorloja","2","1","3"
"victorpaschoal","2","1","3"
"victorvictor123","1","2","3"
"VidadiH","1","2","3"
"Videbaek","2","1","3"
"Videochess","1","2","3"
"videoteip","2","1","3"
"Viduni_123","1","2","3"
"VidzhOmsk","2","1","3"
"viejomono","2","1","3"
"Vienergambit","1","2","3"
"Viet313","1","2","3"
"vietthuy0908","1","2","3"
"vigenkhachatryan","2","1","3"
"Viggi_777","1","2","3"
"VigilantNinjaCat","1","2","3"
"Vihaan261104","2","1","3"
"vihuvar","2","1","3"
"Vijay002","2","1","3"
"vijaybala12","1","2","3"
"vijchauhan","2","1","3"
"vikakurlova","1","2","3"
"Vikash7147","2","1","3"
"VikasNanda","2","1","3"
"Viki0507","2","1","3"
"viki12345","2","1","3"
"VikramjitNag","1","2","3"
"Viktor_Kalinin","2","1","3"
"Viktorkur","2","1","3"
"ViktorNo","1","2","3"
"vilaras","2","1","3"
"vilma_narsen","1","2","3"
"Vimael","1","2","3"
"vinay03","2","1","3"
"Vincayne","1","2","3"
"vince0112","2","1","3"
"VincentPan","1","2","3"
"vincentthiel96","1","2","3"
"VinchukA","1","2","3"
"VIND_C11","2","1","3"
"vinger125","2","1","3"
"ViniciusTonetto","1","2","3"
"VinithK","1","2","3"
"vinny732","1","2","3"
"vinsmokeee","1","2","3"
"Vintern","1","2","3"
"VinVanRichnackx","1","2","3"
"vinvin1","1","2","3"
"Viny911","2","1","3"
"VinzTomasJuhark","2","1","3"
"VIP_OFFICIAL","2","1","3"
"vipo17","1","2","3"
"Viraj232015","1","2","3"
"VIRATKHOLI123","1","2","3"
"Virendra2016","1","2","3"
"virginmomma","2","1","3"
"VirtokP","2","1","3"
"visakhi","1","2","3"
"Viscovisco99","1","2","3"
"Vishal_2322","1","2","3"
"VishnuVasan","2","1","3"
"vishwaram","2","1","3"
"vishyanand79","1","2","3"
"vishystorm","1","2","3"
"vislavok","2","1","3"
"vismit2000","1","2","3"
"viszabi01","1","2","3"
"vitaeterna","1","2","3"
"vitaliy_c","2","1","3"
"VitaminSie","2","1","3"
"Vitmarc89","1","2","3"
"VitoPeruzzi","1","2","3"
"vitorbmb2009","2","1","3"
"vitorinochess","1","2","3"
"Vitovika","1","2","3"
"vitzlibutzli","1","2","3"
"VivatMan","1","2","3"
"Vivek_11_11","2","1","3"
"VivekDanu","1","2","3"
"vivekvenugopal17","1","2","3"
"vivesan","1","2","3"
"viwarrior","2","1","3"
"Vixamar","2","1","3"
"Vizilo","1","2","3"
"Vjacheslav47","1","2","3"
"VJU1234","1","2","3"
"VL3PH0","1","2","3"
"vlad_jef","1","2","3"
"Vlad_Sudneko","2","1","3"
"vlad201017","1","2","3"
"vlada1977","1","2","3"
"Vladik_Yurich","1","2","3"
"Vladimir_v_v88","1","2","3"
"Vladimir-ast","2","1","3"
"vladimir-konst","1","2","3"
"vladimir1067","1","2","3"
"Vladimir19581958777","2","1","3"
"VladimirSerg101","2","1","3"
"vladis063","1","2","3"
"Vladislav_Kotelnikov","2","1","3"
"Vladislav_Migalka","2","1","3"
"Vladislav_Shvydkiy","2","1","3"
"vladislavdemchenko","1","2","3"
"VladislavStupaev","2","1","3"
"vladkuznecov266","2","1","3"
"Vlador19","1","2","3"
"VladPwn","2","1","3"
"Vladut2014","1","2","3"
"Vlas_UA","1","2","3"
"vlcnrtrk","2","1","3"
"Vligolem","2","1","3"
"Vlupo","1","2","3"
"VLZBR","2","1","3"
"vm2019","1","2","3"
"VMR_MSK","1","2","3"
"VNCMONTIBON","1","2","3"
"Vndsx","2","1","3"
"VNNV_1","1","2","3"
"voctovian","2","1","3"
"Voda88","1","2","3"
"Vodni_Meloun","1","2","3"
"Vodonik","2","1","3"
"vodoodoll","1","2","3"
"Vogan35","1","2","3"
"vogliovivere","2","1","3"
"voiceofproz","1","2","3"
"Void_GuardiaN","1","2","3"
"Voin-pdv","1","2","3"
"voiter","1","2","3"
"VojtaCSC","1","2","3"
"VojtaTeg","1","2","3"
"volcano2004","1","2","3"
"Voldemort001","1","2","3"
"voldemortv2","2","1","3"
"volkanabim","1","2","3"
"Vollendrund","2","1","3"
"volodumur0000","1","2","3"
"Volumstein","1","2","3"
"vomhuegel","2","1","3"
"VONGOCDANTHANH_CBT","1","2","3"
"vonHohenzollern","2","1","3"
"VonJapigiozzi","2","1","3"
"vonmecheln","2","1","3"
"vor62","1","2","3"
"vorg","1","2","3"
"Vorgi","1","2","3"
"vorlac","2","1","3"
"Vovan81","2","1","3"
"Vpatel955","2","1","3"
"vprokofev935","1","2","3"
"Vrent","1","2","3"
"vriabinskyi","2","1","3"
"vrlpolo","1","2","3"
"VsadnikCCC","2","1","3"
"Vsemil","2","1","3"
"VtheNotoriousV","1","2","3"
"vtkspl","2","1","3"
"VTZQWE","2","1","3"
"vuducviet","2","1","3"
"vukile","2","1","3"
"Vulture13","1","2","3"
"Vuqar_349_AZE","2","1","3"
"vurk","1","2","3"
"vusal257893","2","1","3"
"Vvgt1983","1","2","3"
"vvi1dvv01f","1","2","3"
"vvpopkov68","2","1","3"
"VVR117","1","2","3"
"VVS_oilman","1","2","3"
"vvs231","2","1","3"
"VXPX17","2","1","3"
"Vxsh","1","2","3"
"vxyz7","1","2","3"
"vypersniper","1","2","3"
"Vyrnes","1","2","3"
"Vysl01","1","2","3"
"W-Berserker","2","1","3"
"w0nder7","1","2","3"
"w0nerx","1","2","3"
"W0WNiceMove","1","2","3"
"Wackchess","1","2","3"
"wade89","1","2","3"
"Wadenbeisser","2","1","3"
"wae_lkordi","1","2","3"
"wagr19","1","2","3"
"wahab_dz","1","2","3"
"WAHCWICKRAMARACHCHI","1","2","3"
"Wahlkatalane","1","2","3"
"Wahtovik","2","1","3"
"waidmanns_heil","1","2","3"
"Wail_Roronoa","2","1","3"
"WAILLAS","2","1","3"
"WAJEEHPK21","2","1","3"
"Wake178","1","2","3"
"Walary_arg","2","1","3"
"Waldek1977","2","1","3"
"Waldhof","1","2","3"
"waldogouws","2","1","3"
"Waleed_Barakat","2","1","3"
"walid101","2","1","3"
"walidamir","1","2","3"
"walidchess101","1","2","3"
"walkish","1","2","3"
"walt_h_white","2","1","3"
"walteeeeeeeee","2","1","3"
"walter_devegney","2","1","3"
"Wan_brother-0199","2","1","3"
"Wandelblu","1","2","3"
"Wandenreichhh","2","1","3"
"wangmingzhu","1","2","3"
"wanguskhan","2","1","3"
"wannacryptor","1","2","3"
"wannashape","1","2","3"
"wansaextreme","2","1","3"
"WantBe1800","1","2","3"
"WaqassAlii","1","2","3"
"war_on_64","2","1","3"
"War9060","1","2","3"
"Warazor","2","1","3"
"warburg_dweller","1","2","3"
"warcownia","1","2","3"
"WarioGiant","1","2","3"
"Warisrahmani","2","1","3"
"warofdawn","2","1","3"
"warri0r1","1","2","3"
"Warrior-RM","1","2","3"
"WarSamer","2","1","3"
"Waschesack","1","2","3"
"wasfii","1","2","3"
"waslosindeutschland","2","1","3"
"wasser14","2","1","3"
"wassi-salbei","2","1","3"
"watchand_learn","2","1","3"
"Waterlaw97","2","1","3"
"watermelon777","2","1","3"
"Waterpower100","2","1","3"
"Wave_Soul","2","1","3"
"wawetel","2","1","3"
"Wayne_Entreprise","1","2","3"
"wclark97","1","2","3"
"wd216","1","2","3"
"we1rdflex","1","2","3"
"weak-opponent","1","2","3"
"Wearetruth","1","2","3"
"webmi123","1","2","3"
"Wedny00","2","1","3"
"Weedle_13","2","1","3"
"weekchess","2","1","3"
"weenzeal","1","2","3"
"Weezz","1","2","3"
"weicher85","1","2","3"
"Weijay","2","1","3"
"wektor115","2","1","3"
"well72","2","1","3"
"Wellstone","2","1","3"
"wendor325","1","2","3"
"Wenqmax","2","1","3"
"Wens","1","2","3"
"Werbeagent","1","2","3"
"wersal","1","2","3"
"wert100","2","1","3"
"weryth3","1","2","3"
"wesleymwong","1","2","3"
"Wetherhead","2","1","3"
"wfc","1","2","3"
"wfmavcisi2","1","2","3"
"wg3i","1","2","3"
"whanhee","2","1","3"
"WhatEvil","1","2","3"
"WhatIsSpin","1","2","3"
"whatsmyageagain","1","2","3"
"whiskola","2","1","3"
"whiskus","2","1","3"
"Whisky_1984","1","2","3"
"Whislysbyn","2","1","3"
"whitechemist","1","2","3"
"whitetesla","2","1","3"
"Whnd","2","1","3"
"who_s_who","2","1","3"
"WhoDaMan","1","2","3"
"WholeMilk93","1","2","3"
"whoodoo","2","1","3"
"whosem","2","1","3"
"whynoteh","1","2","3"
"whysolousy","1","2","3"
"whyyousoeasytobeat11","2","1","3"
"Wicul","2","1","3"
"widyainnn","1","2","3"
"Wieselburger","2","1","3"
"Wiewior7","1","2","3"
"Wiktor_Urban","2","1","3"
"Wiktorr","2","1","3"
"Wilargo","1","2","3"
"WilberCuba","1","2","3"
"Wild_Snake","1","2","3"
"wildangelll","1","2","3"
"WildBoarRagu","2","1","3"
"wildcosmic4","1","2","3"
"Wilderbeast81","2","1","3"
"Wildthougts","1","2","3"
"Wilduor","2","1","3"
"wilgomez86","1","2","3"
"wilhem07","1","2","3"
"wili911","2","1","3"
"Will_guo","1","2","3"
"Willauer","2","1","3"
"willbend","2","1","3"
"Willeey","2","1","3"
"willh36","2","1","3"
"William_Lazenby","1","2","3"
"WilliamF","2","1","3"
"williashatner","1","2","3"
"Willyisback","2","1","3"
"WillyP90","2","1","3"
"Wilmagn","2","1","3"
"wilson_el_rey","1","2","3"
"wilson2075","2","1","3"
"wilsonericn","2","1","3"
"wily51","2","1","3"
"wimppmiw","1","2","3"
"WinB","2","1","3"
"windblownsnow","2","1","3"
"windsurfer82","1","2","3"
"wingedragonofra","1","2","3"
"winger39","1","2","3"
"wingerlang","1","2","3"
"Wingman76","1","2","3"
"wingsofreaper","2","1","3"
"winn3r","2","1","3"
"WINNER3030","1","2","3"
"Winnie54321","1","2","3"
"WINston_is_winning","2","1","3"
"Winter0101","1","2","3"
"Winter87","2","1","3"
"Winterheist","1","2","3"
"WintikChpuntik","2","1","3"
"Wir99","2","1","3"
"WishOurJokeDragYou","1","2","3"
"wista0051","2","1","3"
"witte-neus","2","1","3"
"witty_weasel","2","1","3"
"wivies","2","1","3"
"WIZARD_PK","2","1","3"
"wladiiiii","1","2","3"
"wladimir123","1","2","3"
"Wlfi","1","2","3"
"wlredeye","1","2","3"
"Wmarmot","1","2","3"
"Woerni","1","2","3"
"Wojciechhh","1","2","3"
"Wokkajun","2","1","3"
"wolderdog08","2","1","3"
"wolekm1","1","2","3"
"Wolf123498","2","1","3"
"Wolfer7098","2","1","3"
"Wolffers3","1","2","3"
"WolfPHoncho","1","2","3"
"Wolle66","1","2","3"
"Wolodya123","2","1","3"
"Wolverhampton","2","1","3"
"Woma1968","2","1","3"
"WonderBroom","1","2","3"
"Wonderful32","2","1","3"
"WonderTharrshini","2","1","3"
"woodwind89","1","2","3"
"woody5","1","2","3"
"woodykash","2","1","3"
"WoofAtYou","1","2","3"
"Woonder_chess","2","1","3"
"Wooooooo","1","2","3"
"wootothehoo14","1","2","3"
"wordcel","1","2","3"
"world28","2","1","3"
"worriorspy","2","1","3"
"wpaxtonn21","2","1","3"
"wriascos","2","1","3"
"wrossi","2","1","3"
"WSA427student8","2","1","3"
"wstone","1","2","3"
"Wuchtig","1","2","3"
"Wumbargh","1","2","3"
"wurm360","2","1","3"
"wurstbrot88","2","1","3"
"Wurstbrot98","1","2","3"
"Wurstgauner","2","1","3"
"Wustenspinne","1","2","3"
"wuzndd","2","1","3"
"WWCH","1","2","3"
"WWW225","2","1","3"
"wwwserg","1","2","3"
"wwwsu","1","2","3"
"Wyluzui","1","2","3"
"wyyap","2","1","3"
"x_Amir_x","2","1","3"
"x_ander","1","2","3"
"X_scythe_X","2","1","3"
"X-Under","1","2","3"
"x1ng12","1","2","3"
"x2007_clapped_ux","1","2","3"
"x4vier","2","1","3"
"xadresov","2","1","3"
"Xaero_rm","2","1","3"
"xalphabetax","1","2","3"
"Xamreb","1","2","3"
"XandeMaster","1","2","3"
"Xanet","1","2","3"
"xardas1994","1","2","3"
"xavimf","1","2","3"
"xayno","1","2","3"
"xbalyozx","1","2","3"
"XCrispyCheeseX","2","1","3"
"Xd123ww","2","1","3"
"xdaluca","1","2","3"
"XdreeTheGreat","2","1","3"
"XE3DAM","1","2","3"
"xelalem","2","1","3"
"XenitionChess","2","1","3"
"XeqtR","2","1","3"
"Xeraya","1","2","3"
"Xerdem131","1","2","3"
"xfy142857","2","1","3"
"ximerrr","1","2","3"
"Xinear","1","2","3"
"Xiotes97","2","1","3"
"xjoe90","1","2","3"
"xjojo4123","1","2","3"
"xkaan81","1","2","3"
"XKANI","2","1","3"
"xkewwm","1","2","3"
"Xliew","2","1","3"
"xlnfraction","2","1","3"
"Xmanclan","2","1","3"
"xmarcell","2","1","3"
"xmarshall","1","2","3"
"Xmen_apocalipsis","1","2","3"
"xmuln","2","1","3"
"Xoerex","1","2","3"
"XoperS","2","1","3"
"xPoldo","2","1","3"
"xRazar","2","1","3"
"xRedeye","1","2","3"
"xsinxx","1","2","3"
"XThothX","2","1","3"
"xtianck27","2","1","3"
"xtuner","1","2","3"
"Xurov23","2","1","3"
"XUVRTK","1","2","3"
"xwertx","1","2","3"
"xwxwx","1","2","3"
"xxchessxx2","1","2","3"
"xxDAVIDxx","1","2","3"
"xXElCacas777ProXx","2","1","3"
"XxEnRiQxX","1","2","3"
"XxmgmxX","1","2","3"
"Xxmisho","1","2","3"
"xxnixx","2","1","3"
"xxRudi555","2","1","3"
"XXXMXMXMX","2","1","3"
"xXxNoSweatxXx","1","2","3"
"xyumorjoByi","2","1","3"
"xyz_abc_1234","2","1","3"
"xyz7k2j","1","2","3"
"Xznor","1","2","3"
"xzybettina","1","2","3"
"Y_Owen","2","1","3"
"Y0X","2","1","3"
"ya5hjain","1","2","3"
"Yabowo","1","2","3"
"yacht187","2","1","3"
"Yacks01","2","1","3"
"yadvendrasingh","1","2","3"
"YAG_SPARRROOOO","2","1","3"
"Yaghoubabdi","2","1","3"
"YAGNA_PATEL_2ND","2","1","3"
"Yahia_DZ","2","1","3"
"Yahia-Ismail","2","1","3"
"YahiaDz1","1","2","3"
"yahya2408","2","1","3"
"yakovkozarez1","1","2","3"
"yaktubye","1","2","3"
"yakupdeger","2","1","3"
"Yalego","1","2","3"
"yalot_dnepr","1","2","3"
"YamamotoEijisai","1","2","3"
"yaman98yny","1","2","3"
"yami1_MPASO","2","1","3"
"yana_yankovskaya","1","2","3"
"yanamaross","2","1","3"
"yanAnay","2","1","3"
"Yanek","2","1","3"
"Yanik_BIO","2","1","3"
"yankrasny","1","2","3"
"Yann7385","2","1","3"
"Yann80","1","2","3"
"Yar_Yaroslavich","2","1","3"
"yar08lav","1","2","3"
"yar13","2","1","3"
"Yaroslav_korolev","1","2","3"
"YAROSLaV1778301","2","1","3"
"YaroslavTaranets","1","2","3"
"yas12323","2","1","3"
"yasarataman1","1","2","3"
"yaserov3","2","1","3"
"Yash_Raichura","1","2","3"
"Yash_Sc1ence","2","1","3"
"Yash20123","1","2","3"
"yasharaj","1","2","3"
"yashashvisahu25","2","1","3"
"yashrathore1784","2","1","3"
"yashwantkhati","2","1","3"
"Yasir1122","1","2","3"
"Yasisuru_weerasekara","1","2","3"
"yasma90","1","2","3"
"YasMania","2","1","3"
"YasserPasser","1","2","3"
"yassh_07","2","1","3"
"yassinelshereef5","1","2","3"
"yastoncine","1","2","3"
"Yasvien","2","1","3"
"YAUHENI_MALAKHOUSKI","1","2","3"
"yavis","1","2","3"
"yawnas","1","2","3"
"Yaychess5000","2","1","3"
"yazan0954","1","2","3"
"yazid_chess5","2","1","3"
"yc_hayate","1","2","3"
"YeahToast","1","2","3"
"yeahya_eren","1","2","3"
"yeaterknine","2","1","3"
"yeezus14120","1","2","3"
"YefersonPerez_SR","1","2","3"
"YehushuaSaves","2","1","3"
"yekyaw8888","2","1","3"
"yellou","1","2","3"
"YellowGelli","1","2","3"
"Yepster1","2","1","3"
"Yerak","2","1","3"
"YeRuZaLeM","2","1","3"
"yesidsan","1","2","3"
"yesil_teyyare_35","2","1","3"
"Yesman6435","2","1","3"
"Yessine1235","1","2","3"
"Yevhen_Brych","2","1","3"
"yf95","1","2","3"
"YGH8","1","2","3"
"yhe24","2","1","3"
"yi-n","1","2","3"
"yigbn","1","2","3"
"yigit1717","1","2","3"
"Yiori","2","1","3"
"Yipitbaba","1","2","3"
"yisuscristgod","1","2","3"
"YizyGame","2","1","3"
"YJX7FD","1","2","3"
"YKAAN-2010","1","2","3"
"ykieffer","1","2","3"
"ykt_moscow","1","2","3"
"YM-48","1","2","3"
"Ymaf","1","2","3"
"ymirthelord","2","1","3"
"YMR11","2","1","3"
"ynal12","2","1","3"
"ynihato","2","1","3"
"yoann_nix","1","2","3"
"yoelrubsss","2","1","3"
"Yogamlg1999","1","2","3"
"Yoganand","1","2","3"
"yogarasuyogarasu","2","1","3"
"Yohanes12","2","1","3"
"YohhLaw","2","1","3"
"yokedicialper8","1","2","3"
"yoluz5","2","1","3"
"Yombiee","1","2","3"
"yonas0001","1","2","3"
"Yonasek","1","2","3"
"YonatanCP","1","2","3"
"YonchRibak","1","2","3"
"yone_e","1","2","3"
"Yoniff","2","1","3"
"Yoooanmaca11","2","1","3"
"yoouya","2","1","3"
"yorik35","2","1","3"
"YorkyHockey","1","2","3"
"YosedEman","1","2","3"
"yosefgamal","1","2","3"
"yosen1989","2","1","3"
"Yosh1da","1","2","3"
"Yoshi_DeMoshi","2","1","3"
"yoshifan883","2","1","3"
"Yoshii24","2","1","3"
"YoSoyRodoComediante","2","1","3"
"Yosriii","2","1","3"
"yosrimaallem","2","1","3"
"yossi-buda","2","1","3"
"YouannesHossamFaik","2","1","3"
"youbait","1","2","3"
"younesemrov","1","2","3"
"Youness-Ait","2","1","3"
"youngeral","2","1","3"
"Youngp545","2","1","3"
"youramigo","2","1","3"
"yourkingismybit_h","1","2","3"
"yousef13407","2","1","3"
"yousef263","1","2","3"
"Yousssefyoya2011","1","2","3"
"youzef33","1","2","3"
"YPCUB","1","2","3"
"ypnovatis","2","1","3"
"yrodriguez","2","1","3"
"YS2010_Yegor_Kozlov","2","1","3"
"ysfclk170","1","2","3"
"yshnk","2","1","3"
"yshorts4u","2","1","3"
"Ysntosun","2","1","3"
"Yu_Gi_Oh","1","2","3"
"Yucel1963","1","2","3"
"yugoyugo","2","1","3"
"Yukinekun","2","1","3"
"YukioKato","1","2","3"
"Yuksi","1","2","3"
"Yuliya_Aleksandrova","1","2","3"
"yumaes","2","1","3"
"YuMeKoYaBaMi","2","1","3"
"YumurtaliPide","1","2","3"
"YumusakG","2","1","3"
"Yun_Maksim","2","1","3"
"yunggum","2","1","3"
"yungkosni","1","2","3"
"Yunior85","2","1","3"
"yunlangpo","1","2","3"
"yunusdrkk7","1","2","3"
"YunusE","1","2","3"
"yunuss_lvb","2","1","3"
"yuones987","1","2","3"
"Yura-Fedorov","1","2","3"
"Yura678","1","2","3"
"Yuragi","1","2","3"
"yurdatapanenis","1","2","3"
"yurihsouza98","2","1","3"
"YuriManka","2","1","3"
"YurisMena","1","2","3"
"Yuriy_Grekhov","1","2","3"
"Yuriy35","2","1","3"
"yurmarkov","1","2","3"
"Yuryev","2","1","3"
"Yusasiken","2","1","3"
"YusoCappuccino","2","1","3"
"Yussifpopo","1","2","3"
"Yusuf2442","2","1","3"
"yusuf2555","2","1","3"
"Yusuf3218","1","2","3"
"yusufcra","1","2","3"
"YusufHakan","2","1","3"
"YusufMeteBacanak","1","2","3"
"YuuiChess","2","1","3"
"Yuuichi80","2","1","3"
"YuvaB","2","1","3"
"Yuvan_li12","1","2","3"
"yuyuyukiki","2","1","3"
"YvesWendel","1","2","3"
"Yyz1981","2","1","3"
"yzb1","1","2","3"
"YZee_01","1","2","3"
"Z01d","2","1","3"
"Z0NER1","2","1","3"
"z123orro","2","1","3"
"Z137gamer","2","1","3"
"z16s","1","2","3"
"z1yadahmd","1","2","3"
"Za78","1","2","3"
"zaak87","1","2","3"
"zach-g","1","2","3"
"zachwinsgames","2","1","3"
"Zad38","1","2","3"
"zadrezmaster","1","2","3"
"Zaenudin123","1","2","3"
"Zaf_Beeblebrox","2","1","3"
"zafarmancini","2","1","3"
"zagros212013","2","1","3"
"Zaha812","2","1","3"
"ZaherZohbi","2","1","3"
"zahran_tarek","2","1","3"
"Zaid93","1","2","3"
"ZaiidChess","1","2","3"
"ZainaAkhira","1","2","3"
"zainqafesha","1","2","3"
"zakay62","2","1","3"
"Zakko10","1","2","3"
"Zakkooo","1","2","3"
"zakusko","2","1","3"
"Zalazar2020","2","1","3"
"zamanoff","2","1","3"
"zamotga","1","2","3"
"Zanamity1989","1","2","3"
"zanimaitec_cnoptom0","2","1","3"
"Zaphere","1","2","3"
"zaratul","2","1","3"
"ZarchWells","1","2","3"
"zaryankinn","2","1","3"
"zathrix","1","2","3"
"Zaxis","2","1","3"
"Zay-Di","2","1","3"
"Zayac_152rus","1","2","3"
"Zaypool05","1","2","3"
"zaza-beqauri","2","1","3"
"zazaraza","2","1","3"
"zbignevs_stiga","2","1","3"
"Zblub","1","2","3"
"Zbynek_Jezek","2","1","3"
"Zcarecr0w","2","1","3"
"ZeAngelini","1","2","3"
"Zebistar","2","1","3"
"zecharcoal","1","2","3"
"Zecron21","1","2","3"
"zedan111","2","1","3"
"zeduskha","1","2","3"
"Zeebo_the_clown","1","2","3"
"zeevee","2","1","3"
"zeezbold","1","2","3"
"zeffereoring","1","2","3"
"zefrenchwizard","1","2","3"
"zegarpneumatyczny","2","1","3"
"Zehirushka","1","2","3"
"Zeitnotcafe","1","2","3"
"Zekar","1","2","3"
"Zekarias_Gh","2","1","3"
"ZekeKarpov","1","2","3"
"zekikurt31","1","2","3"
"Zeldaboss12","2","1","3"
"ZelimkhanKG","1","2","3"
"zelkhi","1","2","3"
"zellio","2","1","3"
"Zelniq","1","2","3"
"zemoedas","2","1","3"
"Zenal_hard","1","2","3"
"Zencichess2012","2","1","3"
"Zenit4igor","1","2","3"
"Zenittop","1","2","3"
"Zenone65","2","1","3"
"Zenovii1951","2","1","3"
"ZeoKnight","1","2","3"
"zeppyleppy","2","1","3"
"Zeppzillion","1","2","3"
"Zereim","1","2","3"
"zerezov","1","2","3"
"Zermerr","2","1","3"
"Zerochess1","2","1","3"
"zerokena","2","1","3"
"ZeroLogic","1","2","3"
"Zerores","1","2","3"
"zetamortis","2","1","3"
"Zetiwita","2","1","3"
"zetsu1304","2","1","3"
"Zetti123","2","1","3"
"zettooo7","1","2","3"
"zeus_2008","2","1","3"
"zeus49","2","1","3"
"Zevunchik","2","1","3"
"zeynepDefne08","2","1","3"
"Zeyneplal","1","2","3"
"Zeyno2","2","1","3"
"zezo8368","1","2","3"
"zfldc","1","2","3"
"ZgRc","1","2","3"
"zguy123","2","1","3"
"zh3mka","2","1","3"
"Zhandrey","1","2","3"
"zhangyuanxiao","2","1","3"
"Zhanpier","1","2","3"
"Zharold2","1","2","3"
"zheleznyakov13","1","2","3"
"zhinkaz","1","2","3"
"zhj","1","2","3"
"Zhumabek_Nurkhan","1","2","3"
"Zhuravlenok","2","1","3"
"zhvcgt","1","2","3"
"ziaooooo","2","1","3"
"Ziblock","1","2","3"
"Zico_7","1","2","3"
"Zicorio","2","1","3"
"Ziganshin-88","2","1","3"
"Zigzachu","1","2","3"
"Zijpsky","1","2","3"
"zilian","1","2","3"
"Zimbo0275","2","1","3"
"Zinjhiva","1","2","3"
"zinoud","2","1","3"
"zionlucernas","1","2","3"
"Zipping3252","2","1","3"
"ZIPzipZ","1","2","3"
"ZiruiW","1","2","3"
"Zivithaler","1","2","3"
"zixuan2009","2","1","3"
"Ziyad_ZYD","1","2","3"
"ziyadsalehi","1","2","3"
"zk-ss","1","2","3"
"zloidv","1","2","3"
"ZloyKolxoznik","2","1","3"
"Zlutypes","1","2","3"
"zmax345","2","1","3"
"zmphillips","1","2","3"
"zmxncbv123098","1","2","3"
"ZO21","1","2","3"
"zob1950","2","1","3"
"Zobee","2","1","3"
"zockimoto","2","1","3"
"zodleenar72","2","1","3"
"zoeydaniel","2","1","3"
"zojdbirg","2","1","3"
"zolli9","1","2","3"
"Zombek007","2","1","3"
"ZombieChicken","2","1","3"
"Zone213","2","1","3"
"Zonk83","1","2","3"
"Zopiclone1","1","2","3"
"ZoppaNoggi","1","2","3"
"zoranberlin","1","2","3"
"zorbok","1","2","3"
"Zorj","2","1","3"
"ZorroGonzaliz","1","2","3"
"zortex24","2","1","3"
"zotovd2","1","2","3"
"zotti3159","1","2","3"
"zouave971","2","1","3"
"Zozonation059","2","1","3"
"zpgutterman","1","2","3"
"Zring32","1","2","3"
"zsgoldberg","1","2","3"
"zsoltcseszlai","1","2","3"
"zstudent","1","2","3"
"zuaveeee","1","2","3"
"zubaan_kesari","1","2","3"
"zubillaga","2","1","3"
"Zubiloser","1","2","3"
"Zuckerknopf","2","1","3"
"zudio9","1","2","3"
"Zugzwang62","2","1","3"
"zukertortt","1","2","3"
"zukkos","1","2","3"
"zuleyha4_ozer","2","1","3"
"zulfadly07","2","1","3"
"zulfikarfauzi","1","2","3"
"Zulfikri94","1","2","3"
"zuluagas","1","2","3"
"Zurich35","2","1","3"
"Zuttysingleton","1","2","3"
"Zuvielisation","2","1","3"
"ZV-R2022","2","1","3"
"Zv0","1","2","3"
"Zvecs","2","1","3"
"zwoderakke","1","2","3"
"ZXCbeaver","2","1","3"
"zxvc","2","1","3"
"Zyad-Elsabahy","2","1","3"
"zyggi","1","2","3"
"zyx11223","1","2","3"
"ZzarraackK","1","2","3"
"zzeta","1","2","3"
"Zzzoap","2","1","3"
"ZzzovvV","2","1","3"
"A_38","1","1","2"
"a_cam","1","1","2"
"a_ebrahimi30","1","1","2"
"a_eliseev","1","1","2"
"A_Hitham","1","1","2"
"a_jafari","1","1","2"
"A_K_S_U_S_A_R_Y_A","1","1","2"
"A_Ponkratov15","1","1","2"
"a_sage_chair","1","1","2"
"A-I-G-I-F-A-F","1","1","2"
"A12a34b","1","1","2"
"A15165048914","1","1","2"
"A1580A","1","1","2"
"A1eksandR","1","1","2"
"a24assasin47","1","1","2"
"A28042008F2","1","1","2"
"a3k3k","1","1","2"
"a47002196508","1","1","2"
"A666888","1","1","2"
"a737","1","1","2"
"A796","1","1","2"
"A7ayahag","1","1","2"
"A7mdredaaa","1","1","2"
"a88e17","1","1","2"
"a99mimon","1","1","2"
"aa12yte","1","1","2"
"aaaehsan","1","1","2"
"AAAKKKOOOSSS","1","1","2"
"AAASLANOGLU","1","1","2"
"aab529","1","1","2"
"Aadi_2011","1","1","2"
"aadish01","1","1","2"
"AAhhmmeed","1","1","2"
"aahp","1","1","2"
"Aakarsh1523","1","1","2"
"AAkiller","1","1","2"
"Aamado190610","1","1","2"
"aanton-alber","1","1","2"
"AanuBabajide","1","1","2"
"AAPIHLIS","1","1","2"
"Aaradhysalviop","1","1","2"
"Aarav1001","1","1","2"
"aarok11","1","1","2"
"aaron_n_alias_vs","1","1","2"
"AaronFds","1","1","2"
"AarshVyas","1","1","2"
"aartema50","1","1","2"
"aaryan_1001","1","1","2"
"Aaryavg","1","1","2"
"AaryushKING","1","1","2"
"Aasanee","1","1","2"
"Aashin_S_teTo","1","1","2"
"aashishpandey2004","1","1","2"
"Aashray78","1","1","2"
"aavrakadavra","1","1","2"
"aaylk","1","1","2"
"ab_1221","1","1","2"
"AB890","1","1","2"
"Abalondz2023","1","1","2"
"abaly2006","1","1","2"
"abanob105","1","1","2"
"Abaseen12","1","1","2"
"abbas_sh","1","1","2"
"abbos_1201","1","1","2"
"abbrevincent","1","1","2"
"abcdefghiklmnop","1","1","2"
"abcdefiqri","1","1","2"
"ABD0075_B12P_PIRIYA","1","1","2"
"abdabualrob","1","1","2"
"abdaczyk","1","1","2"
"abdalkader","1","1","2"
"abdallahgm","1","1","2"
"abdanag","1","1","2"
"Abdelbaky250","1","1","2"
"abdelhakgm24","1","1","2"
"abdelkadirbasti","1","1","2"
"Abdellah-AZ","1","1","2"
"abdelrahaman7777","1","1","2"
"Abdelrahman125","1","1","2"
"Abderrahmen_Mettichi","1","1","2"
"abderraouf-ouazib","1","1","2"
"ABDI_BOY_CHESS","1","1","2"
"Abdikhaaliq","1","1","2"
"abdolvahabtalebpour","1","1","2"
"Abdoo93","1","1","2"
"Abdul_khahhar","1","1","2"
"abdulazez9","1","1","2"
"abdulaziz30","1","1","2"
"Abdulhamid_1","1","1","2"
"abdulla_alaa964","1","1","2"
"abdulla22","1","1","2"
"Abdullah-al-muneef","1","1","2"
"Abdullah1508","1","1","2"
"Abdullah3399","1","1","2"
"abdullahefe07","1","1","2"
"AbdullatifM","1","1","2"
"Abdulraheem5","1","1","2"
"Abdulrhman10","1","1","2"
"abe_machobane","1","1","2"
"Abedahmad","1","1","2"
"ABeDekKaWi","1","1","2"
"Abedzadeh_Alireza","1","1","2"
"ABENTE","1","1","2"
"abePorschet","1","1","2"
"Abhayraj08","1","1","2"
"Abhi_nov05","1","1","2"
"abhi07","1","1","2"
"Abhi1423","1","1","2"
"Abhi4949","1","1","2"
"Abhiadi20112013","1","1","2"
"ABHIJAY12","1","1","2"
"abhilash28","1","1","2"
"Abhinandan2014","1","1","2"
"Abhiraj99","1","1","2"
"AbhiramCNath","1","1","2"
"ABHISHEK_2641","1","1","2"
"Abhishekupadhya","1","1","2"
"abhishinde_88","1","1","2"
"abhivc","1","1","2"
"abiezerk","1","1","2"
"Abigail1313","1","1","2"
"Abigel1995","1","1","2"
"Abinash10B","1","1","2"
"AbinuO","1","1","2"
"ABISHEK1631","1","1","2"
"Abishekanbazhagan","1","1","2"
"Abkalin","1","1","2"
"Abner1614","1","1","2"
"Abobapodkrutil","1","1","2"
"abodeeeeee","1","1","2"
"aboev","1","1","2"
"Abofksh","1","1","2"
"Abohanasolimany","1","1","2"
"abokald2009","1","1","2"
"aboloo","1","1","2"
"aboobackershaz3000","1","1","2"
"aboodck2","1","1","2"
"Abouzar4302","1","1","2"
"Aboveui","1","1","2"
"abrahamaby93_20","1","1","2"
"abraik","1","1","2"
"ABRAMIAN_LEONID","1","1","2"
"abroadforever","1","1","2"
"Abrorjon","1","1","2"
"abrutin","1","1","2"
"AbsolutionNL","1","1","2"
"abstract_either_or","1","1","2"
"AbTammam","1","1","2"
"Abu_ali_zero","1","1","2"
"Abu_Hammam","1","1","2"
"Abu_idigov95","1","1","2"
"abueliss","1","1","2"
"abugayov","1","1","2"
"abunchofrandomstuff","1","1","2"
"abuslang","1","1","2"
"aca360","1","1","2"
"ACarreroPUC","1","1","2"
"acatowayne1","1","1","2"
"acchrraf","1","1","2"
"acelikk7","1","1","2"
"acelutherduran","1","1","2"
"acershubhu","1","1","2"
"acheifacilkkk","1","1","2"
"Achenobarbus","1","1","2"
"Achour06","1","1","2"
"achraf1230","1","1","2"
"achys1","1","1","2"
"Acid_bat","1","1","2"
"ACKat","1","1","2"
"acohQueese","1","1","2"
"Acount29","1","1","2"
"Acqua_De_Chess","1","1","2"
"acsdleonardochess","1","1","2"
"act17","1","1","2"
"ActuallyMo","1","1","2"
"acuna_fernando","1","1","2"
"acuwill","1","1","2"
"Adabov","1","1","2"
"adahamkg","1","1","2"
"Adam_37","1","1","2"
"Adam_Alloush","1","1","2"
"adam_gm","1","1","2"
"Adam0123","1","1","2"
"adamadolf","1","1","2"
"adamantmagician","1","1","2"
"adamcevnic12","1","1","2"
"AdamDazinka","1","1","2"
"adamdiamond","1","1","2"
"AdamG91","1","1","2"
"adamm1494","1","1","2"
"AdamPachur","1","1","2"
"Adarsh1005","1","1","2"
"adarsh615430","1","1","2"
"AdasV13","1","1","2"
"addera","1","1","2"
"Addictedthemes","1","1","2"
"Adedayo","1","1","2"
"Adeeputra11","1","1","2"
"adelabdedaim","1","1","2"
"adelfosebastian","1","1","2"
"adelinakormann","1","1","2"
"adelshama7","1","1","2"
"adememre","1","1","2"
"Aderod","1","1","2"
"ADGSR","1","1","2"
"AdhamHassan1","1","1","2"
"adhamSaDeQ1","1","1","2"
"adhavk","1","1","2"
"adhi13j","1","1","2"
"adhyaksa_club","1","1","2"
"adigarudafood","1","1","2"
"Adilet98","1","1","2"
"adiosko","1","1","2"
"adir611","1","1","2"
"Adirag","1","1","2"
"aditya_akhi","1","1","2"
"aditya18212007","1","1","2"
"AdityaArun","1","1","2"
"Adityadp","1","1","2"
"adityajain2604","1","1","2"
"adityajazz9002","1","1","2"
"AdityaPoetoe","1","1","2"
"AdityaSakharwade","1","1","2"
"adiversario","1","1","2"
"Adjahn","1","1","2"
"Adlan37","1","1","2"
"adm3004","1","1","2"
"admeis","1","1","2"
"Admiral_Benbow","1","1","2"
"AdmiralRou","1","1","2"
"adnannesahr","1","1","2"
"AdobeHitless","1","1","2"
"AdorableCent","1","1","2"
"adousi","1","1","2"
"AdoXY","1","1","2"
"Adponcrusher","1","1","2"
"adri_dcdm","1","1","2"
"adriaan124","1","1","2"
"adriabel","1","1","2"
"adriandarum","1","1","2"
"adrianepic","1","1","2"
"AdrianoVLuna","1","1","2"
"adrianoyusuf","1","1","2"
"adrianperez10","1","1","2"
"AdrianVasquez_PM","1","1","2"
"adrielritter","1","1","2"
"AdrielSalv12","1","1","2"
"adrienescu","1","1","2"
"adrinath789999989","1","1","2"
"adster111","1","1","2"
"Adsterguy","1","1","2"
"adudator","1","1","2"
"aduquetrolon","1","1","2"
"advanced_to_chess","1","1","2"
"AdVSc2","1","1","2"
"advvzlolovich","1","1","2"
"aegyptoc","1","1","2"
"Aer7","1","1","2"
"Aerandir08","1","1","2"
"AESFC","1","1","2"
"afacostal","1","1","2"
"Afg1234","1","1","2"
"Afigpapa","1","1","2"
"aflksd2847698767","1","1","2"
"afodog","1","1","2"
"Afonea","1","1","2"
"Aforviuz","1","1","2"
"AFRAZSA","1","1","2"
"afrockalypse","1","1","2"
"Afrodizzyac","1","1","2"
"Afssilva","1","1","2"
"afyanhayk2011","1","1","2"
"AG_Hang777","1","1","2"
"Agafon2021","1","1","2"
"AGEEV_ALEXEY","1","1","2"
"AgenteOO4","1","1","2"
"Aggronym","1","1","2"
"aghalotfi","1","1","2"
"agiga2","1","1","2"
"Agimm","1","1","2"
"Aglie","1","1","2"
"agnostique991","1","1","2"
"Agony12","1","1","2"
"Agoust","1","1","2"
"agpoyraz","1","1","2"
"agregator24","1","1","2"
"AGskywalker","1","1","2"
"Aguilar_cris","1","1","2"
"Agulek","1","1","2"
"AGUS_BKD","1","1","2"
"AguSanti","1","1","2"
"agusazar","1","1","2"
"AgusCacho21","1","1","2"
"agusmac2100","1","1","2"
"Agussiboldi","1","1","2"
"agvalexis","1","1","2"
"ahadiyanhr","1","1","2"
"ahaega","1","1","2"
"AhanSumanth","1","1","2"
"AharonGefen","1","1","2"
"Ahemo","1","1","2"
"AhhhHaa","1","1","2"
"Ahkaf16","1","1","2"
"ahkr77224110","1","1","2"
"ahlatci","1","1","2"
"ahma4d","1","1","2"
"ahmad_199","1","1","2"
"ahMadaYMan2003","1","1","2"
"AhmadBarsha","1","1","2"
"ahmadbejoo","1","1","2"
"ahmadd1984","1","1","2"
"Ahmadh7","1","1","2"
"AhmadMBz","1","1","2"
"ahmadsa9","1","1","2"
"ahmdshak","1","1","2"
"Ahmed_Elbanna45","1","1","2"
"Ahmed_Elmetwally","1","1","2"
"Ahmed_Rahma","1","1","2"
"Ahmed_saad17","1","1","2"
"ahmed_tipo88","1","1","2"
"Ahmed-AlMishaal","1","1","2"
"Ahmed-maisara","1","1","2"
"ahmed1997gmrd","1","1","2"
"Ahmed427","1","1","2"
"ahmed76544","1","1","2"
"ahmedelgantiry","1","1","2"
"ahmedezz04","1","1","2"
"ahmedmeshref","1","1","2"
"ahmedola","1","1","2"
"Ahmedpour","1","1","2"
"AhmedSamy1","1","1","2"
"ahmedweco","1","1","2"
"ahmet_3808","1","1","2"
"ahmet_gencol","1","1","2"
"ahmet463","1","1","2"
"ahmetardaakgul","1","1","2"
"Ahmethan20","1","1","2"
"Ahmeths","1","1","2"
"ahmetimiz","1","1","2"
"ahmetsertan0","1","1","2"
"AhmetYongali","1","1","2"
"ahmi22","1","1","2"
"AhMounir","1","1","2"
"ahtapot007","1","1","2"
"Ahtilathehun","1","1","2"
"AHZ_2012","1","1","2"
"AI3Time","1","1","2"
"aibannedfortruth","1","1","2"
"aidantc","1","1","2"
"Aidasneniskis","1","1","2"
"AIJohnny44","1","1","2"
"Aikee2016","1","1","2"
"aileon2","1","1","2"
"Ainabek","1","1","2"
"Air_love","1","1","2"
"airos12","1","1","2"
"airstrike2","1","1","2"
"aitan75","1","1","2"
"aitbek10a","1","1","2"
"Aiza31","1","1","2"
"Aizac336","1","1","2"
"AizenShikai","1","1","2"
"AJAXX_EOL","1","1","2"
"AJBChess","1","1","2"
"ajdcoutinho2","1","1","2"
"Ajdin_Mahmutovic","1","1","2"
"Ajedrecista86","1","1","2"
"ajedrecistacordobes","1","1","2"
"ajedrezsjakk","1","1","2"
"ajhnjdsq","1","1","2"
"aJIeXaH98","1","1","2"
"ajithvs","1","1","2"
"Ajmy","1","1","2"
"ajohani","1","1","2"
"ajperella","1","1","2"
"ajprax","1","1","2"
"AK04132","1","1","2"
"ak8ar","1","1","2"
"aka530","1","1","2"
"Akaiyo","1","1","2"
"akane1909","1","1","2"
"akarui5","1","1","2"
"Akash_ai6","1","1","2"
"Akash_Prasad","1","1","2"
"akash_verma2023","1","1","2"
"AkashBainapalli","1","1","2"
"Akashgoud2143","1","1","2"
"akashsase","1","1","2"
"akatama23","1","1","2"
"akbari_rez","1","1","2"
"akbarpur","1","1","2"
"AKD_2011","1","1","2"
"akdnzz19","1","1","2"
"Akeksichek","1","1","2"
"AKF4","1","1","2"
"akhairat","1","1","2"
"Akhil2012","1","1","2"
"akhmetbekali","1","1","2"
"akiaras","1","1","2"
"akintayo10248","1","1","2"
"AkishinRuslan","1","1","2"
"AkiTheChessPlayer","1","1","2"
"akiyoshi","1","1","2"
"akjpocoMaster","1","1","2"
"akke11a","1","1","2"
"akkisachan","1","1","2"
"AKM_7500","1","1","2"
"akoray36","1","1","2"
"Akotosipotlong","1","1","2"
"Akozta","1","1","2"
"akprocuk","1","1","2"
"AKR9957597454","1","1","2"
"akramovumid","1","1","2"
"akseleruysal35","1","1","2"
"Akshajj20","1","1","2"
"akshat_96","1","1","2"
"akturkoglu","1","1","2"
"AkulaRox10","1","1","2"
"akunbuatturnamen","1","1","2"
"Akutsu_1","1","1","2"
"Al_Kindi","1","1","2"
"Al_polican","1","1","2"
"Al_Tornberg","1","1","2"
"Al-Kaabi-88","1","1","2"
"al-vinho","1","1","2"
"Al0406","1","1","2"
"Al3sal2023","1","1","2"
"Al3x4nd3r-P4ul","1","1","2"
"al44faru","1","1","2"
"alaattin67","1","1","2"
"Alabasterblau","1","1","2"
"alackeypromax","1","1","2"
"aladinmorsy","1","1","2"
"alageed95","1","1","2"
"Alain-Soral","1","1","2"
"Alanakos1","1","1","2"
"AlanDarie","1","1","2"
"alangmerkin","1","1","2"
"Alashan","1","1","2"
"Alatak","1","1","2"
"alatawi03","1","1","2"
"alaws0","1","1","2"
"alazonas","1","1","2"
"Albanian_Pie","1","1","2"
"AlbertaOil","1","1","2"
"Albertchess222","1","1","2"
"Albertmazia","1","1","2"
"Albertoaag1","1","1","2"
"AlbertRamazanov","1","1","2"
"albispark","1","1","2"
"Albyc","1","1","2"
"Alca1925","1","1","2"
"Alcapar","1","1","2"
"Alcapawn76","1","1","2"
"AlcaTorda","1","1","2"
"Alchemos","1","1","2"
"AlcornoqueGreen","1","1","2"
"Alcparra30","1","1","2"
"alDaIrs12","1","1","2"
"aldaks27","1","1","2"
"Aldov25","1","1","2"
"Ale_ssk","1","1","2"
"ale_xan2","1","1","2"
"ALEGANDROWILLIAM","1","1","2"
"AlegzSwob","1","1","2"
"aleix93","1","1","2"
"alejandroguz01","1","1","2"
"AlejandroJorge","1","1","2"
"Alejitothno","1","1","2"
"Alejo1125","1","1","2"
"AlejoEs","1","1","2"
"Alejuve","1","1","2"
"alekhine34","1","1","2"
"Alekhine4444","1","1","2"
"AlekhineFicher","1","1","2"
"AlekKrov","1","1","2"
"ALEKSANDR-r","1","1","2"
"AleksBaranov","1","1","2"
"aleksefim","1","1","2"
"Aleksey_Kulikov","1","1","2"
"Aleksey211","1","1","2"
"Alekseyxm","1","1","2"
"AleksTOP","1","1","2"
"alekz123","1","1","2"
"Alemaok","1","1","2"
"alencarrr","1","1","2"
"Alenee","1","1","2"
"ALERICO","1","1","2"
"aleruidiaz","1","1","2"
"Alespb","1","1","2"
"Alessandro6","1","1","2"
"AlessandroFujita","1","1","2"
"AlessioCasi","1","1","2"
"aletunovsky","1","1","2"
"Alex_Hoffmann","1","1","2"
"Alex_Ladygin","1","1","2"
"Alex_Mexanik","1","1","2"
"Alex-113","1","1","2"
"alex-gheorghiu","1","1","2"
"Alex-nim","1","1","2"
"Alex050505","1","1","2"
"Alex20082010","1","1","2"
"alex2050","1","1","2"
"Alex3100","1","1","2"
"alex7551","1","1","2"
"Alexadrez81","1","1","2"
"Alexandeer","1","1","2"
"Alexander_Kharin","1","1","2"
"Alexander_Santos","1","1","2"
"Alexander1978A","1","1","2"
"Alexander6996","1","1","2"
"alexanderchainsaw","1","1","2"
"AlexanderMontoya_UTP","1","1","2"
"AlexanderRengifo1","1","1","2"
"AlexanderStrv1983","1","1","2"
"Alexandr_Petrushak","1","1","2"
"Alexandr25e","1","1","2"
"AlexAragonGtz","1","1","2"
"Alexbl1","1","1","2"
"alexcicocico","1","1","2"
"alexdavidgrene","1","1","2"
"ALEXDUMITRU2001","1","1","2"
"Alexei7300","1","1","2"
"Alexese","1","1","2"
"Alexey_Romeo","1","1","2"
"AlexeyNikitin","1","1","2"
"AlexFL","1","1","2"
"AlexG199999","1","1","2"
"alexgirto","1","1","2"
"AlexGook","1","1","2"
"AlexhineGV","1","1","2"
"alexkaurov","1","1","2"
"alexkhod","1","1","2"
"AlexKondratiev","1","1","2"
"alexmcleod58","1","1","2"
"alexmir979","1","1","2"
"alexmslv","1","1","2"
"AlexnderZ","1","1","2"
"AlexPiello","1","1","2"
"Alexraffo","1","1","2"
"Alexsandr2000","1","1","2"
"Alexsandr2023","1","1","2"
"AlexSingular","1","1","2"
"alexsmonte","1","1","2"
"Alexsp66","1","1","2"
"AlexStar15","1","1","2"
"alexwatank","1","1","2"
"alexxxei1995","1","1","2"
"alexzols","1","1","2"
"aleze1020","1","1","2"
"alfadog-87","1","1","2"
"alfil45","1","1","2"
"Alfilvigilante","1","1","2"
"alfonsin2020","1","1","2"
"AlfredLordVenison","1","1","2"
"AlfredMarshall","1","1","2"
"Alfredo_29","1","1","2"
"ALFSAND5","1","1","2"
"alfy","1","1","2"
"alfyangshuo88","1","1","2"
"alghuraba","1","1","2"
"Alhassan00","1","1","2"
"AlHukan","1","1","2"
"Ali_2004_JOR","1","1","2"
"Ali_Al-Iraqi","1","1","2"
"ali_alkng93","1","1","2"
"ali_lilipoot","1","1","2"
"ALI_WEKA4","1","1","2"
"Ali-asal","1","1","2"
"Ali-estanboly","1","1","2"
"ali13455431","1","1","2"
"ali1800","1","1","2"
"Ali454","1","1","2"
"ali855","1","1","2"
"ali8lampard8","1","1","2"
"ali963","1","1","2"
"ali997ch","1","1","2"
"AliAdilbekov","1","1","2"
"aliali669","1","1","2"
"Aliang81","1","1","2"
"aliasgari65","1","1","2"
"alidediveli","1","1","2"
"Aliderr","1","1","2"
"Alien_at_the_Beach","1","1","2"
"aliesff","1","1","2"
"AlievAN","1","1","2"
"alifareh","1","1","2"
"aligoldareh","1","1","2"
"Alihan2593","1","1","2"
"Alihankrut2014","1","1","2"
"alika_y","1","1","2"
"Alikasb","1","1","2"
"AlikeremBircan","1","1","2"
"Alilekabyle","1","1","2"
"alilhms","1","1","2"
"AliMH_chess","1","1","2"
"alimongo","1","1","2"
"Alimossi","1","1","2"
"alimxmx","1","1","2"
"aliocha35","1","1","2"
"aliozgun","1","1","2"
"alipr1","1","1","2"
"alirezaeeasle","1","1","2"
"alirezaesfa","1","1","2"
"Alirpj","1","1","2"
"Alisa776","1","1","2"
"alisan15","1","1","2"
"alishata123","1","1","2"
"alitahanizadeh","1","1","2"
"alitoprak01","1","1","2"
"Alius0","1","1","2"
"alivalii12","1","1","2"
"Alk194","1","1","2"
"alkabi9900","1","1","2"
"alkhalwati","1","1","2"
"alkinksss","1","1","2"
"alkul","1","1","2"
"All_Hand_No_Brain","1","1","2"
"All_MIGHT-SA","1","1","2"
"AllanU","1","1","2"
"Allbert","1","1","2"
"Allekc","1","1","2"
"allenpaulo11","1","1","2"
"Allexeyv","1","1","2"
"Allexvs","1","1","2"
"allian05","1","1","2"
"alma20002","1","1","2"
"Almagistri","1","1","2"
"Almaz141","1","1","2"
"AlmightyNoel","1","1","2"
"almostbob","1","1","2"
"Alnylanyn","1","1","2"
"Aloha96","1","1","2"
"alokjnp","1","1","2"
"alondratiana","1","1","2"
"Alonso_OR","1","1","2"
"aloosh56","1","1","2"
"Alp5595","1","1","2"
"Alpaka11","1","1","2"
"Alpan_k","1","1","2"
"AlparslanKilicBoun","1","1","2"
"AlperenOzgen","1","1","2"
"alperonoberto","1","1","2"
"ALpHa_1167","1","1","2"
"Alpha_AM","1","1","2"
"alphabeta123","1","1","2"
"Alphabetagammazero25","1","1","2"
"AlphaDog02","1","1","2"
"alphadogz399","1","1","2"
"alphAtatas","1","1","2"
"AlphaZero-v2_0","1","1","2"
"Alphilippines","1","1","2"
"Alphio","1","1","2"
"alpkarayel","1","1","2"
"AlpKusdemir51","1","1","2"
"alptrk","1","1","2"
"AlRasheD8","1","1","2"
"alserg","1","1","2"
"Alsuwaidi7","1","1","2"
"altacc240","1","1","2"
"AltaPH","1","1","2"
"AltesKamuffel","1","1","2"
"altol1669","1","1","2"
"altsalt","1","1","2"
"Alucard1998","1","1","2"
"alucard5000","1","1","2"
"Alval2000","1","1","2"
"Alvarodasha_1505","1","1","2"
"Alvarus","1","1","2"
"AlVerh","1","1","2"
"Always_Champion","1","1","2"
"alWintime","1","1","2"
"alxmtz","1","1","2"
"Alyelmasry06","1","1","2"
"alygistos_13","1","1","2"
"AM2911","1","1","2"
"am621","1","1","2"
"Amadeus1403","1","1","2"
"AmadeusSB","1","1","2"
"amadr","1","1","2"
"amahmad8420","1","1","2"
"AMAL_VIJAY","1","1","2"
"Aman_0023","1","1","2"
"Aman05474","1","1","2"
"aman9875","1","1","2"
"Amandeepsingh11766","1","1","2"
"amandpd","1","1","2"
"AmanKhinvasara777","1","1","2"
"Amar_Guerrida","1","1","2"
"AMarcelo22","1","1","2"
"Amareshmahal9","1","1","2"
"Amarsan_Hartanov","1","1","2"
"Amarsutar7206","1","1","2"
"amateurhour444","1","1","2"
"amatmat","1","1","2"
"amazingbanda123","1","1","2"
"ambal-69","1","1","2"
"AmberonBright","1","1","2"
"AmberRecord","1","1","2"
"ambia","1","1","2"
"Ambjor22","1","1","2"
"Ambo_xoxo","1","1","2"
"Ambokadze","1","1","2"
"ambros53","1","1","2"
"amechess","1","1","2"
"Ameen713","1","1","2"
"amegafuru2023","1","1","2"
"Amelio_S","1","1","2"
"AmericanCheddar","1","1","2"
"amet2000","1","1","2"
"Amey-Patil","1","1","2"
"Amgalan2010","1","1","2"
"Amgalan6234","1","1","2"
"AmidKonovalov","1","1","2"
"Aminovski22","1","1","2"
"amintaherifar","1","1","2"
"amirasgar","1","1","2"
"Amirckhan","1","1","2"
"amirhoseinkheirmand","1","1","2"
"Amirhossein1997a","1","1","2"
"AmirHosseinJG","1","1","2"
"Amirkalan2020","1","1","2"
"AmirM2317","1","1","2"
"amirrreeee","1","1","2"
"amirul13","1","1","2"
"Amit1203","1","1","2"
"amitelecs","1","1","2"
"Amiurgo","1","1","2"
"amjad1abozaid","1","1","2"
"amkamk22","1","1","2"
"amlan28","1","1","2"
"ammar3000","1","1","2"
"Amnaweed","1","1","2"
"amodestfox","1","1","2"
"Amogh_S","1","1","2"
"amoghadam100","1","1","2"
"Amol2804","1","1","2"
"amos_tuck","1","1","2"
"Amoujer","1","1","2"
"Ampai","1","1","2"
"AMPedul","1","1","2"
"amplive","1","1","2"
"amr080","1","1","2"
"amrakr","1","1","2"
"amrasd123","1","1","2"
"Amrbeshr7","1","1","2"
"amritansh28","1","1","2"
"AmrSamaka2","1","1","2"
"Amteur_1995","1","1","2"
"amukuDUMUKUamalDUMA","1","1","2"
"Amuntai_BKD","1","1","2"
"an_toni_o","1","1","2"
"an262022","1","1","2"
"anachuquizuta15215","1","1","2"
"Anaelle116033","1","1","2"
"Analytikal","1","1","2"
"AnaMorphoSci","1","1","2"
"Anand_V_M","1","1","2"
"Anandatreya","1","1","2"
"ananlaoynasiyor","1","1","2"
"Ananth7667070766","1","1","2"
"Anarcho-Chess","1","1","2"
"Anarkass","1","1","2"
"AnastasiaMuravleva","1","1","2"
"Anastasiya21rus","1","1","2"
"Anasvghh","1","1","2"
"anatkig","1","1","2"
"Anatoly_11","1","1","2"
"Anatoly-84","1","1","2"
"AnatolyPR","1","1","2"
"Anaybhangre","1","1","2"
"anbemi19","1","1","2"
"and221","1","1","2"
"andaru69","1","1","2"
"andbe133","1","1","2"
"ander_god","1","1","2"
"AndersonCooper","1","1","2"
"andikoeh","1","1","2"
"andinacaba","1","1","2"
"ANDINAR","1","1","2"
"Andine","1","1","2"
"Andr_0605","1","1","2"
"Andrado","1","1","2"
"andre-erm","1","1","2"
"andreab78","1","1","2"
"andreabotezismymommy","1","1","2"
"AndreasJunk","1","1","2"
"AndreasKH","1","1","2"
"AndreDimitrin","1","1","2"
"andredoca","1","1","2"
"andreeeeeeei","1","1","2"
"andreevvv","1","1","2"
"andrefaug","1","1","2"
"AndreFCC7","1","1","2"
"Andrei_glinskiy","1","1","2"
"andreich33rus","1","1","2"
"andreigil","1","1","2"
"Andreiyub","1","1","2"
"AndreSchaly","1","1","2"
"AndresgalloG6","1","1","2"
"AndresNavarro_UDEP","1","1","2"
"Andrew_ux","1","1","2"
"Andrew2282","1","1","2"
"AndrewChessc4","1","1","2"
"AndrewMao2012","1","1","2"
"Andrewratecobra","1","1","2"
"AndrewStephens","1","1","2"
"andrewva1","1","1","2"
"andrewwatef","1","1","2"
"ANDREY_68","1","1","2"
"andreychessone","1","1","2"
"AndreyFir","1","1","2"
"ANdriesucks","1","1","2"
"AndriiMS","1","1","2"
"Andrissakk14","1","1","2"
"AndriyDymov","1","1","2"
"Andromeder","1","1","2"
"Androoz","1","1","2"
"andruhadron1","1","1","2"
"andrust","1","1","2"
"andrzej_slojewicz","1","1","2"
"Anduril001","1","1","2"
"andusito7","1","1","2"
"Andy3651","1","1","2"
"andy69lol","1","1","2"
"AndyBarg","1","1","2"
"Andycarew","1","1","2"
"Anfaas2","1","1","2"
"anfaenger0815","1","1","2"
"Angel_Ariel","1","1","2"
"Angel_AutMon","1","1","2"
"Angel110903","1","1","2"
"angela27","1","1","2"
"angelateo","1","1","2"
"AngeloCondor_6CIP","1","1","2"
"ANGELrus","1","1","2"
"AngelSiringwani","1","1","2"
"AngelucciAlex","1","1","2"
"AngelUrquizo","1","1","2"
"Angelxyz5","1","1","2"
"angerto","1","1","2"
"Anghellion","1","1","2"
"AngoloB","1","1","2"
"Angry_Cucumber","1","1","2"
"anhminhchess","1","1","2"
"ani_k-chess","1","1","2"
"Aniket3495","1","1","2"
"AniketKelgandre","1","1","2"
"aniketkothawade","1","1","2"
"aniketvp","1","1","2"
"anilbb","1","1","2"
"Animalworld","1","1","2"
"animegirlfeetlicker","1","1","2"
"AnimeThe8th","1","1","2"
"Anirik","1","1","2"
"anirudh_gadari","1","1","2"
"Anirudh183","1","1","2"
"Anirudha99","1","1","2"
"anishjal26","1","1","2"
"Anisotropic","1","1","2"
"Aniss2020","1","1","2"
"Anitjha1","1","1","2"
"anjan48","1","1","2"
"Anjecam","1","1","2"
"anjo09","1","1","2"
"anka00","1","1","2"
"AnkerChess","1","1","2"
"Anki_x","1","1","2"
"Ankit_KP","1","1","2"
"ANKIT_YADAV1","1","1","2"
"Ankit0Sharma","1","1","2"
"AnkitKumar013","1","1","2"
"ankitpatel30","1","1","2"
"ankumi003","1","1","2"
"Anna270883","1","1","2"
"Anna79","1","1","2"
"AnnaB132","1","1","2"
"AnnaBelinda","1","1","2"
"annb","1","1","2"
"AnnikaNewZealand","1","1","2"
"anokillerkiller","1","1","2"
"anominos","1","1","2"
"Anoniimos","1","1","2"
"Anonymous137","1","1","2"
"AnonymoussChesss","1","1","2"
"Anonymousyb","1","1","2"
"AnOrdinaryOtter","1","1","2"
"ansal10","1","1","2"
"Anshkayan","1","1","2"
"anshmalviya01","1","1","2"
"anshtyagi3141","1","1","2"
"Ansiporovich","1","1","2"
"Ant3352","1","1","2"
"Antares195","1","1","2"
"Antbuster","1","1","2"
"Antennimies","1","1","2"
"antepli_kral","1","1","2"
"AnthonD89","1","1","2"
"anthonyvortiz7","1","1","2"
"AnthropicEntropy","1","1","2"
"Anthyr","1","1","2"
"antifairy","1","1","2"
"antigrip","1","1","2"
"Antimonarch","1","1","2"
"Antiseptic94","1","1","2"
"Antoine_Leboyer","1","1","2"
"antoinechess99","1","1","2"
"AntoineY","1","1","2"
"anton_dark86","1","1","2"
"AntonGatilo1991","1","1","2"
"Antonio_Banderas1960","1","1","2"
"Antonio_P125","1","1","2"
"Antonio_Tommarelli","1","1","2"
"Antonio_Valadez","1","1","2"
"antonio2007","1","1","2"
"Antoniofel86","1","1","2"
"AntonioManilva","1","1","2"
"Antoniorubert","1","1","2"
"Antonkorobov32","1","1","2"
"Antonov-I","1","1","2"
"antosor","1","1","2"
"Anu_ayyappan","1","1","2"
"anuarzt","1","1","2"
"AnubisLLL","1","1","2"
"Anuj21","1","1","2"
"AnupamV","1","1","2"
"Anwar21","1","1","2"
"Anwesia","1","1","2"
"AnyBanani","1","1","2"
"Anydee","1","1","2"
"Aoltooliol","1","1","2"
"Aoriz","1","1","2"
"aosy","1","1","2"
"aozdas","1","1","2"
"AP13276","1","1","2"
"AP24_Chess","1","1","2"
"apakekk","1","1","2"
"apaolo11","1","1","2"
"Aperturabird","1","1","2"
"apeta","1","1","2"
"Apfelgamer109","1","1","2"
"APickle","1","1","2"
"apintok","1","1","2"
"APlayerfromEarth","1","1","2"
"apoemunlimited","1","1","2"
"apolloFawn","1","1","2"
"ApoloMen","1","1","2"
"Apoorv_Ranjan2299","1","1","2"
"Apoorvbans","1","1","2"
"apotatoles","1","1","2"
"AppaIT","1","1","2"
"apparent_madness","1","1","2"
"Appion","1","1","2"
"ApplePoe","1","1","2"
"appolo_paris67","1","1","2"
"apry","1","1","2"
"apsentis","1","1","2"
"ApsV54","1","1","2"
"aptyu","1","1","2"
"ApuPauer","1","1","2"
"apurv2014","1","1","2"
"AqeelahHadik","1","1","2"
"Aquileselimmortal","1","1","2"
"AR3Designs","1","1","2"
"arad_atack","1","1","2"
"Aragon26","1","1","2"
"Aram30","1","1","2"
"Aramis81","1","1","2"
"arammohamad","1","1","2"
"ARARAT666777","1","1","2"
"arashforoutan","1","1","2"
"ARathore1911","1","1","2"
"aravini2022","1","1","2"
"Aravinth_aravi","1","1","2"
"arayhebel","1","1","2"
"arca61","1","1","2"
"Arcano7","1","1","2"
"archandak","1","1","2"
"arche1200","1","1","2"
"Archebai","1","1","2"
"archi76","1","1","2"
"ArchieBoots","1","1","2"
"Arciaga_Official","1","1","2"
"Arcik19","1","1","2"
"arcymistrz1234","1","1","2"
"ard006","1","1","2"
"ardacelebi","1","1","2"
"Ardadoruk83","1","1","2"
"ArdaK_54","1","1","2"
"ARDAPRO","1","1","2"
"ardberk","1","1","2"
"Ardenaskin","1","1","2"
"aredelk","1","1","2"
"Arehera","1","1","2"
"Arekku21","1","1","2"
"Argentum4533","1","1","2"
"ARGHLIFE","1","1","2"
"ARI_ELITE","1","1","2"
"ariabo","1","1","2"
"ArianRahmanian","1","1","2"
"AriDev17","1","1","2"
"ariel_35_57","1","1","2"
"Ariellif","1","1","2"
"arietd","1","1","2"
"arifbey51tr","1","1","2"
"arifceyhun","1","1","2"
"arifmohamed_777","1","1","2"
"arifpro","1","1","2"
"Arina-A_14","1","1","2"
"arinmeister_v2","1","1","2"
"arinx99","1","1","2"
"aris2023","1","1","2"
"ArisRG","1","1","2"
"aristotelees","1","1","2"
"Arivu12","1","1","2"
"Ariyan95","1","1","2"
"ARJ2005","1","1","2"
"arjgupta","1","1","2"
"Arjun_Suresh1997","1","1","2"
"Arjun00001","1","1","2"
"aRJUNg2020","1","1","2"
"arjunkr245","1","1","2"
"Arkaim2","1","1","2"
"Arkanis72","1","1","2"
"arkant2023","1","1","2"
"ArkhamKnight1205","1","1","2"
"arkmmar","1","1","2"
"Arlan12352","1","1","2"
"ARM1977","1","1","2"
"armaan_sadurangam","1","1","2"
"Arman1605","1","1","2"
"ArmandGV","1","1","2"
"ArmanSardaryan","1","1","2"
"ARMATA7","1","1","2"
"ArmenEghyan","1","1","2"
"Armenia2022","1","1","2"
"ArmenKos","1","1","2"
"Armiadam1","1","1","2"
"armorales","1","1","2"
"armwrestler06","1","1","2"
"arnab665","1","1","2"
"Arnav0225","1","1","2"
"Arnav29912","1","1","2"
"arno_pakt","1","1","2"
"Arnoldozavr","1","1","2"
"arnoldpsmolders","1","1","2"
"Arny85","1","1","2"
"arooke260","1","1","2"
"arprado","1","1","2"
"arranox","1","1","2"
"Arrea","1","1","2"
"arsath1991","1","1","2"
"arsenal384","1","1","2"
"arsenaliakparov","1","1","2"
"arseny_volodko","1","1","2"
"Arslan_07","1","1","2"
"arslan1","1","1","2"
"Art2020","1","1","2"
"artem35","1","1","2"
"Artemis333z","1","1","2"
"artemsapegin69","1","1","2"
"ArtemSav1905","1","1","2"
"ARTEpobeda","1","1","2"
"artfard","1","1","2"
"artgotframed","1","1","2"
"Arthur_McArthur","1","1","2"
"Arthur-Xu","1","1","2"
"arthur1021","1","1","2"
"Arthur3457","1","1","2"
"ArthurAleqsanyan","1","1","2"
"Arthurbrazil","1","1","2"
"Arthurholandabezerra","1","1","2"
"arthurrulador","1","1","2"
"artkis097","1","1","2"
"artkom","1","1","2"
"ArtMarch","1","1","2"
"artnika","1","1","2"
"artofseduction","1","1","2"
"artun35","1","1","2"
"artur444444","1","1","2"
"ArturMirgiyan35","1","1","2"
"Arturo303","1","1","2"
"artursol","1","1","2"
"artvagap","1","1","2"
"artyfreak","1","1","2"
"ArtyomNRW","1","1","2"
"Arulmozhi26","1","1","2"
"ArushGupta","1","1","2"
"arva-chess","1","1","2"
"Arveg","1","1","2"
"arvinterrobias","1","1","2"
"arvofalch","1","1","2"
"Arx-77","1","1","2"
"arya78","1","1","2"
"aryamaitra","1","1","2"
"Aryan_garg11","1","1","2"
"Aryandipika","1","1","2"
"aryarsh55","1","1","2"
"AryoWibowo","1","1","2"
"Arzhannikova_Nina","1","1","2"
"As_high_as_sky","1","1","2"
"asafa_powell","1","1","2"
"ASC-KING","1","1","2"
"ascamelo81","1","1","2"
"asd_qwerty2","1","1","2"
"asdafdbgauhsfai","1","1","2"
"asdevIalwayswin","1","1","2"
"asdfchess01","1","1","2"
"aseesvm","1","1","2"
"Aseevski","1","1","2"
"AsepB_RCK","1","1","2"
"Asgar2020","1","1","2"
"asghar_yashar","1","1","2"
"ash_tray","1","1","2"
"Ashemeza","1","1","2"
"Ashera600","1","1","2"
"Ashhek02","1","1","2"
"Ashindra","1","1","2"
"Ashirbaad","1","1","2"
"ashish_chaturvedi","1","1","2"
"Ashish_Rajput1597","1","1","2"
"Ashishchess4817","1","1","2"
"ashishmalempati21","1","1","2"
"AshLael","1","1","2"
"ashokmech34","1","1","2"
"ashot_01","1","1","2"
"Ashqk21","1","1","2"
"Ashrafkvga","1","1","2"
"ashton22","1","1","2"
"Ashuwin","1","1","2"
"Ashwinvarghese94","1","1","2"
"asikartal1903","1","1","2"
"asinoacri","1","1","2"
"AsioSio","1","1","2"
"aske_krokodill","1","1","2"
"Askin947","1","1","2"
"Askletswele","1","1","2"
"Askromas","1","1","2"
"AslanGM_kz","1","1","2"
"aslani12345","1","1","2"
"Aslankral18","1","1","2"
"aslanTr56","1","1","2"
"ASlava","1","1","2"
"Asmaca","1","1","2"
"AsoRatorLed","1","1","2"
"Aspierante","1","1","2"
"asrf140507","1","1","2"
"ASriram","1","1","2"
"Astaar","1","1","2"
"astakhavioni","1","1","2"
"AstaLLL","1","1","2"
"astap123","1","1","2"
"asteb27","1","1","2"
"AstorBH","1","1","2"
"AstralAbstraction","1","1","2"
"astroamat","1","1","2"
"AstRoBoYz123456","1","1","2"
"Astrodrez","1","1","2"
"Astroloop","1","1","2"
"AstronomyMike","1","1","2"
"astrophysicschessgh7","1","1","2"
"asullivan1924","1","1","2"
"asvorg","1","1","2"
"Aswin_Jagz","1","1","2"
"aswin7","1","1","2"
"Aszmel","1","1","2"
"Ataberktr2","1","1","2"
"atablanca","1","1","2"
"Atak_Atak_Atak","1","1","2"
"Atakan_Sari","1","1","2"
"atanedim","1","1","2"
"ataneo","1","1","2"
"AtaqueKamikaze","1","1","2"
"Atardac","1","1","2"
"atarll","1","1","2"
"atasaral","1","1","2"
"atasss","1","1","2"
"Atasya07","1","1","2"
"ATatin","1","1","2"
"ateekabdul","1","1","2"
"AtenaHr","1","1","2"
"Atget","1","1","2"
"Athanasius_Rommy","1","1","2"
"aTHARV25012009","1","1","2"
"AtharvSinghJain","1","1","2"
"Athentor","1","1","2"
"athoskaki","1","1","2"
"AtilaReyes","1","1","2"
"atin69","1","1","2"
"Atknasln28","1","1","2"
"atLgider31","1","1","2"
"atmacxa","1","1","2"
"ATom7","1","1","2"
"Atomic_Bomb_2050","1","1","2"
"Atomschlumpf","1","1","2"
"Atopos75","1","1","2"
"atreactor","1","1","2"
"atsufa","1","1","2"
"Attacks_only","1","1","2"
"AtulPan06","1","1","2"
"Atulya_001","1","1","2"
"Atus1966","1","1","2"
"AtWorkChess","1","1","2"
"AudaxEtFidelis","1","1","2"
"AudienzBeimKhan","1","1","2"
"audunsinsjakkbruker","1","1","2"
"AufderHeidebluth","1","1","2"
"augieking","1","1","2"
"AugusR","1","1","2"
"augustodj","1","1","2"
"Aulei","1","1","2"
"AuntJudy","1","1","2"
"aup_tula","1","1","2"
"Aureli01","1","1","2"
"AusKof112","1","1","2"
"auto24","1","1","2"
"av_life","1","1","2"
"avaidisw","1","1","2"
"Avalanche1997","1","1","2"
"avamsi","1","1","2"
"AvantikaPoetoe","1","1","2"
"avart","1","1","2"
"avatar_99","1","1","2"
"avatarchik","1","1","2"
"AVCplayS","1","1","2"
"AVECO","1","1","2"
"Avel144","1","1","2"
"Avelon3152","1","1","2"
"avemaria89","1","1","2"
"avesinairan","1","1","2"
"Avi9317","1","1","2"
"AvijeetSingh","1","1","2"
"avika149","1","1","2"
"avinash07","1","1","2"
"Avisason","1","1","2"
"Avitosh","1","1","2"
"Avneeshg","1","1","2"
"AvocadoChessPlayer","1","1","2"
"AvocadoKnight","1","1","2"
"avokedi","1","1","2"
"avroiltuoscalpo","1","1","2"
"Avyanshah","1","1","2"
"aw1267","1","1","2"
"Awaina","1","1","2"
"AwesomeAdar","1","1","2"
"AwesomeAsim1000","1","1","2"
"Awesomeduck","1","1","2"
"Awildeleven","1","1","2"
"ax3ghazy","1","1","2"
"Axarietnocta","1","1","2"
"axel49","1","1","2"
"Axelou2000","1","1","2"
"AxelSchweiss","1","1","2"
"AxelVoid","1","1","2"
"AxelWitsel","1","1","2"
"Axi-Aier","1","1","2"
"axiom2020","1","1","2"
"Axterinpoti","1","1","2"
"ay6ulat","1","1","2"
"ayaan498","1","1","2"
"ayan2007","1","1","2"
"ayban20","1","1","2"
"Aybek_Almatov","1","1","2"
"ayberk245","1","1","2"
"Aydar_S","1","1","2"
"Aydogmus1515","1","1","2"
"AYdv","1","1","2"
"aye_balam","1","1","2"
"ayginhalisaha","1","1","2"
"ayhal14","1","1","2"
"Aykeys","1","1","2"
"Aykhan-Ahmadzada","1","1","2"
"AykutxOzbay","1","1","2"
"aylaliyeva23","1","1","2"
"Aylinpiano","1","1","2"
"ayman_s","1","1","2"
"aymenchess","1","1","2"
"Aymi_118","1","1","2"
"AYNH1212","1","1","2"
"Aynx7","1","1","2"
"AYOUB_E","1","1","2"
"Ayoubfouad","1","1","2"
"Ayoubmohee","1","1","2"
"Ayse1967","1","1","2"
"aysel03","1","1","2"
"Aytajakhund","1","1","2"
"aytug01","1","1","2"
"AyushMaghade04","1","1","2"
"AYVA262626","1","1","2"
"ayyyyylmaooo","1","1","2"
"AZ-5_Go","1","1","2"
"AZ0389","1","1","2"
"azabuss","1","1","2"
"AzadBozkurttt","1","1","2"
"azamat20080123","1","1","2"
"AZERRASS","1","1","2"
"AzeVishnya","1","1","2"
"Azher_ali","1","1","2"
"azirat","1","1","2"
"aziz-html","1","1","2"
"azizlil","1","1","2"
"azizyano","1","1","2"
"azkenkan","1","1","2"
"azsz3210","1","1","2"
"AZURKING","1","1","2"
"azzara","1","1","2"
"azzopalj","1","1","2"
"B_8","1","1","2"
"B_Monkey","1","1","2"
"b-2_stealth","1","1","2"
"b0ss1","1","1","2"
"b112358","1","1","2"
"B1245","1","1","2"
"B19lackEagle03","1","1","2"
"B1and3r","1","1","2"
"B1itzb0y","1","1","2"
"b1lli","1","1","2"
"B1zos","1","1","2"
"b2b5","1","1","2"
"B2W_MATTHEW_200712","1","1","2"
"b3tull","1","1","2"
"B61051968CARLO","1","1","2"
"B61181846LUIS","1","1","2"
"ba_igor","1","1","2"
"Baabi","1","1","2"
"babapro12e","1","1","2"
"babarago","1","1","2"
"Babbonatale75","1","1","2"
"babouskov","1","1","2"
"babyfoot","1","1","2"
"BabyPrincessAriel","1","1","2"
"Babyskak","1","1","2"
"BaCach1991","1","1","2"
"baccone","1","1","2"
"Bachbach","1","1","2"
"bachirbehiri","1","1","2"
"Bachleor","1","1","2"
"BackAtMatt","1","1","2"
"backfootmind","1","1","2"
"backstar_123","1","1","2"
"BACollin","1","1","2"
"BacticBoy","1","1","2"
"Bad_name_idea","1","1","2"
"bad-boy2","1","1","2"
"badatatomichess","1","1","2"
"BadAxeMikee","1","1","2"
"badbunnylilwayne","1","1","2"
"Badi_04","1","1","2"
"BaDi13","1","1","2"
"badman_005","1","1","2"
"badplayer_3065","1","1","2"
"Badrutt","1","1","2"
"badseed2","1","1","2"
"BADSHAH_3","1","1","2"
"badtatchess","1","1","2"
"Badu1","1","1","2"
"badwobot","1","1","2"
"Baeasy","1","1","2"
"Baermin","1","1","2"
"Bagina69","1","1","2"
"Bagnenko_2015","1","1","2"
"BaguyoFelixbertoJr","1","1","2"
"bahmchess","1","1","2"
"Baikal_S","1","1","2"
"Bairwa","1","1","2"
"Bakafly","1","1","2"
"BakhytbekAdina2015","1","1","2"
"baksu52","1","1","2"
"Balalalalalayka","1","1","2"
"BalaMukilan","1","1","2"
"balash77777","1","1","2"
"balayaro","1","1","2"
"Baldwin01","1","1","2"
"Balen57","1","1","2"
"BalkanAshgabat","1","1","2"
"ballestp","1","1","2"
"Ballsaccky","1","1","2"
"Bamaudaz","1","1","2"
"bamboooooo","1","1","2"
"BAMBUK342","1","1","2"
"Ban_Hmmer19","1","1","2"
"ban01","1","1","2"
"bananadav","1","1","2"
"BANANAMASTER1","1","1","2"
"bananana1234","1","1","2"
"Bananenpfluecker3000","1","1","2"
"Banasiak","1","1","2"
"banditerrorist","1","1","2"
"BanhTroiDiaNgucHacAm","1","1","2"
"Banker48","1","1","2"
"Bantass","1","1","2"
"Bantuvenkatesh_26","1","1","2"
"banzaisamurai","1","1","2"
"baobab_02","1","1","2"
"baobab69","1","1","2"
"Bappa1983","1","1","2"
"BaptisteROCHEREAU","1","1","2"
"Barabaha","1","1","2"
"barackXD","1","1","2"
"barakobama","1","1","2"
"baranGM","1","1","2"
"baranguniku","1","1","2"
"baranisback","1","1","2"
"Barath12m","1","1","2"
"barath8302","1","1","2"
"barbados21chess","1","1","2"
"barbakan","1","1","2"
"Barbiebarbier","1","1","2"
"Barcafan-vl","1","1","2"
"Bardada","1","1","2"
"Bardadum","1","1","2"
"Bardoeuf","1","1","2"
"barfly00","1","1","2"
"Barham_H","1","1","2"
"Barispam311","1","1","2"
"Baristale","1","1","2"
"barkouka","1","1","2"
"BarKuc","1","1","2"
"barlas27","1","1","2"
"Barranquillas","1","1","2"
"barrettjensen456","1","1","2"
"BarrioNuevoEB","1","1","2"
"barrosprado","1","1","2"
"Barselona2014messi","1","1","2"
"Bartekbartek1122","1","1","2"
"Barthl","1","1","2"
"BarthMZ","1","1","2"
"bartoganggang","1","1","2"
"bartonijus","1","1","2"
"Bartosega","1","1","2"
"BartuBerta","1","1","2"
"Bartusahin","1","1","2"
"Basang_Sisiw","1","1","2"
"Basboyzamaniey","1","1","2"
"basedbased33","1","1","2"
"BasharGh","1","1","2"
"BasharGh2006","1","1","2"
"Bashirggwp","1","1","2"
"Bashirov_Galim","1","1","2"
"basicbish","1","1","2"
"Basilib","1","1","2"
"basilio13","1","1","2"
"BasitT","1","1","2"
"bassammh","1","1","2"
"BASSEL_o","1","1","2"
"basslex","1","1","2"
"Bassorah","1","1","2"
"bastetbonita","1","1","2"
"Bastid24","1","1","2"
"Basyrman","1","1","2"
"batakonda","1","1","2"
"Batano","1","1","2"
"Batigol1982","1","1","2"
"batinn","1","1","2"
"Battletoads","1","1","2"
"Batu_karang","1","1","2"
"batuhanmetu","1","1","2"
"baturalp156","1","1","2"
"Batyrkhan6291","1","1","2"
"Bauernschieber","1","1","2"
"bautistafrancox","1","1","2"
"Baverone","1","1","2"
"bavove","1","1","2"
"baybarsal","1","1","2"
"Bayerlet","1","1","2"
"Bayern_MTD","1","1","2"
"bayramyil25","1","1","2"
"baytik","1","1","2"
"baza83","1","1","2"
"bazarmatovs","1","1","2"
"bazyl1607","1","1","2"
"bb1997","1","1","2"
"bbbkellogg","1","1","2"
"BBea","1","1","2"
"BBeybaris","1","1","2"
"bbinla","1","1","2"
"bbkrck","1","1","2"
"BBQnChris","1","1","2"
"bburakdogan","1","1","2"
"bbusbus","1","1","2"
"BCA_LouiseM_2002_18","1","1","2"
"BChess777","1","1","2"
"BCMM","1","1","2"
"bcpdo","1","1","2"
"bdeppy","1","1","2"
"bdhdjdj","1","1","2"
"be_benino","1","1","2"
"Beanycrocker","1","1","2"
"bearg000","1","1","2"
"BeastManiac","1","1","2"
"BeastPepper","1","1","2"
"Beatelephant","1","1","2"
"Beater19","1","1","2"
"BeatkaHarmonska","1","1","2"
"BeautiFullMind","1","1","2"
"bebeto98","1","1","2"
"bebo4magde","1","1","2"
"Becarefull","1","1","2"
"beck202","1","1","2"
"bedirhanozkan","1","1","2"
"beedissle99","1","1","2"
"Beenjamin","1","1","2"
"beerport64","1","1","2"
"BeethovenVonBach","1","1","2"
"beginnerofchess2022","1","1","2"
"begum_t","1","1","2"
"behadi","1","1","2"
"Behawioralny","1","1","2"
"behcom1361","1","1","2"
"behinddeepblue","1","1","2"
"Behrad-05","1","1","2"
"behroz_m1","1","1","2"
"Beibarys3173","1","1","2"
"bejminliou","1","1","2"
"BekaBiru","1","1","2"
"Bekalaze","1","1","2"
"BekaNui","1","1","2"
"bekir21","1","1","2"
"Beko1212","1","1","2"
"beldigio","1","1","2"
"Belisariu5","1","1","2"
"belitulu1217","1","1","2"
"Belkik","1","1","2"
"BelkynJrRueda","1","1","2"
"bell505","1","1","2"
"bellaandrosie","1","1","2"
"Bellossom1","1","1","2"
"bellyfall","1","1","2"
"Belqasem","1","1","2"
"belvederetowers","1","1","2"
"BeMyValentine","1","1","2"
"BenceeAustine7","1","1","2"
"benecrim","1","1","2"
"benedikt180","1","1","2"
"benexvii","1","1","2"
"Benjamin_Ch","1","1","2"
"Benji3359","1","1","2"
"BenkBro","1","1","2"
"BenKluinsen","1","1","2"
"BenNat","1","1","2"
"Benoni04","1","1","2"
"benpouben","1","1","2"
"benson_cook25","1","1","2"
"bentb123","1","1","2"
"Benvolio81","1","1","2"
"benwolfram","1","1","2"
"BenYunusBilcen","1","1","2"
"Beodir","1","1","2"
"Beratistk","1","1","2"
"berem06","1","1","2"
"berenn","1","1","2"
"BERF","1","1","2"
"bergmann12","1","1","2"
"berkay4343","1","1","2"
"berkaysszz","1","1","2"
"BerkayUslucan","1","1","2"
"BerKirikoglu","1","1","2"
"BerkKagan","1","1","2"
"berko717","1","1","2"
"berkthefther","1","1","2"
"berlinberliner","1","1","2"
"Bernardo75769","1","1","2"
"Bernd-Das-Broetchen","1","1","2"
"BerniiRomero","1","1","2"
"bernsteinenthusiast","1","1","2"
"Berosta1","1","1","2"
"Berros","1","1","2"
"berserk1982","1","1","2"
"BerserkAllGames","1","1","2"
"Berto336","1","1","2"
"Bertrand-burundi","1","1","2"
"Berza98","1","1","2"
"bespinel","1","1","2"
"BestBlueYoyo","1","1","2"
"bestflorentini123","1","1","2"
"BestLucianEune","1","1","2"
"BestSodiumNa","1","1","2"
"bet8aksoy","1","1","2"
"BetancurDavid","1","1","2"
"betes","1","1","2"
"betobayt","1","1","2"
"Betonmischa94","1","1","2"
"betterthanaaron","1","1","2"
"betts79","1","1","2"
"BetYou","1","1","2"
"Beutex","1","1","2"
"beyamca","1","1","2"
"BeYbiK","1","1","2"
"Beytullah04","1","1","2"
"BEZMEZ-ftw","1","1","2"
"bezzhelaniya","1","1","2"
"BFoxyy","1","1","2"
"BGA2122","1","1","2"
"bgslim","1","1","2"
"bhai1998khan","1","1","2"
"Bhavachakranarayanan","1","1","2"
"bhavit06","1","1","2"
"Bhdr1234","1","1","2"
"bhedaz","1","1","2"
"bhuvi98","1","1","2"
"bhvishya","1","1","2"
"bibasik","1","1","2"
"bicalu","1","1","2"
"Bidzior","1","1","2"
"bielin1","1","1","2"
"Biernek","1","1","2"
"Big_K001","1","1","2"
"BigaKorleone","1","1","2"
"Biganoosh","1","1","2"
"bigavp","1","1","2"
"bigboss64","1","1","2"
"BigBrainManeuvers","1","1","2"
"bigcapa1","1","1","2"
"bigdamn_her0","1","1","2"
"BigEdward","1","1","2"
"BiggerBang","1","1","2"
"bigglebogglebaggle","1","1","2"
"Bigio_Scuola","1","1","2"
"bigkitkat","1","1","2"
"BigLachlan","1","1","2"
"bigmoseenterprise","1","1","2"
"BigRedjmc","1","1","2"
"BigRob2244","1","1","2"
"BigSonata","1","1","2"
"bigstrongman456","1","1","2"
"bijool","1","1","2"
"Bik_man","1","1","2"
"BikashS","1","1","2"
"BikerSherlock","1","1","2"
"bilal-arikan","1","1","2"
"bilalbykkr16","1","1","2"
"Bilaltuma","1","1","2"
"BILB064","1","1","2"
"billcyphe","1","1","2"
"billy_hassan","1","1","2"
"billybob23456","1","1","2"
"billymidnight626","1","1","2"
"billysk123","1","1","2"
"BillytheLooser","1","1","2"
"bilo34","1","1","2"
"binitiative","1","1","2"
"BintuluHawks0906","1","1","2"
"Biplab69","1","1","2"
"Bird_1_f4","1","1","2"
"bird68","1","1","2"
"birdertliturkgenci","1","1","2"
"birdflyer","1","1","2"
"birdman1614","1","1","2"
"BirdyAngel","1","1","2"
"Birtane21","1","1","2"
"bishopbandit","1","1","2"
"bishoprock","1","1","2"
"bishopsout","1","1","2"
"Bismartk_444-777","1","1","2"
"Bison_Mad","1","1","2"
"bissa","1","1","2"
"bivanise","1","1","2"
"Bix73","1","1","2"
"bj134","1","1","2"
"Bj34","1","1","2"
"Bjjliytcn","1","1","2"
"bjonborch","1","1","2"
"bjoooorkis","1","1","2"
"BKC_moibietchoi","1","1","2"
"BKCT2105","1","1","2"
"bkrhnlkn","1","1","2"
"bl4ckeagle10","1","1","2"
"black_american","1","1","2"
"Black_Cat_Funny","1","1","2"
"Black_collar7","1","1","2"
"black_soul","1","1","2"
"blackcs1","1","1","2"
"blackdragon99","1","1","2"
"blackforest95","1","1","2"
"BlackGnome","1","1","2"
"blackhorse604","1","1","2"
"BlackHyena013","1","1","2"
"blackinnn","1","1","2"
"BlackLiberation","1","1","2"
"blacklist27","1","1","2"
"Blackllmiteriom","1","1","2"
"blackpanther098123","1","1","2"
"BLaCKRaCeR","1","1","2"
"blacksnow2","1","1","2"
"BlackStarCheburator","1","1","2"
"Blackstone1","1","1","2"
"blacktheAbsurd","1","1","2"
"BlackToro","1","1","2"
"blademastermaze","1","1","2"
"Bladoff","1","1","2"
"blakebartley","1","1","2"
"Blancaac2C","1","1","2"
"blangko_BBC","1","1","2"
"Blank_Aleksey","1","1","2"
"Blasmartinez33","1","1","2"
"blatimer","1","1","2"
"blauechips","1","1","2"
"Blazing_fire_xx","1","1","2"
"blazydoobie","1","1","2"
"bleaz","1","1","2"
"BLER_85","1","1","2"
"Bletz","1","1","2"
"blidztr","1","1","2"
"blightwastaken","1","1","2"
"BLIND_CUPID","1","1","2"
"blindchessonly173","1","1","2"
"Blindfoldnoob12","1","1","2"
"Blindhowlingwolf","1","1","2"
"Blindsen","1","1","2"
"BlinkInfo1337","1","1","2"
"Blitzbol","1","1","2"
"Blitzilla77","1","1","2"
"blitzk169","1","1","2"
"Blitzkovski","1","1","2"
"blitzuha","1","1","2"
"Blizrow","1","1","2"
"blk_pwn_dwn","1","1","2"
"BLlTS","1","1","2"
"Blokkeraar","1","1","2"
"BlondeFer","1","1","2"
"blondin13","1","1","2"
"BloodMuffin","1","1","2"
"bloodraven00","1","1","2"
"BlooregardQ23","1","1","2"
"blue-hawai","1","1","2"
"BlueBananaXo","1","1","2"
"blueblue8887","1","1","2"
"BlueCunningGoat","1","1","2"
"Bluerella47","1","1","2"
"Bluesoda8","1","1","2"
"BluestFalcon","1","1","2"
"BlueTail100","1","1","2"
"Blunderbruv","1","1","2"
"Blunderest21","1","1","2"
"blunderexmachina","1","1","2"
"BlunderIsLove","1","1","2"
"blunderkingB5","1","1","2"
"BlunderMaster2000","1","1","2"
"Blundersgalore","1","1","2"
"Blunderunder","1","1","2"
"blunderworld","1","1","2"
"BM1999","1","1","2"
"bm66","1","1","2"
"Bnai","1","1","2"
"Bneder","1","1","2"
"board_control","1","1","2"
"Boarlamb03","1","1","2"
"BoatloadofJoe","1","1","2"
"boatly","1","1","2"
"Boban1971","1","1","2"
"bobbinette1","1","1","2"
"bobbydigital29","1","1","2"
"BobbySK60","1","1","2"
"bobdylanBD","1","1","2"
"bober_2002","1","1","2"
"Bobgokou32","1","1","2"
"BobJansen","1","1","2"
"boblicbobz","1","1","2"
"bobo100","1","1","2"
"bobo1234567","1","1","2"
"bobo131074","1","1","2"
"Boboiboyice","1","1","2"
"Bobr_Bebr","1","1","2"
"bobscher","1","1","2"
"bocajos","1","1","2"
"boccobrock","1","1","2"
"BodDan","1","1","2"
"Bodgerr","1","1","2"
"Bodlili","1","1","2"
"bogdan_gradinariu","1","1","2"
"bogdan-sevas","1","1","2"
"bogdanlishaev","1","1","2"
"bogdansc","1","1","2"
"Boglad","1","1","2"
"bohakl","1","1","2"
"BokanBojan","1","1","2"
"bolajiejiwumi","1","1","2"
"BOLJMOR2010","1","1","2"
"BollaAkos13","1","1","2"
"bolt1991","1","1","2"
"Boltorn10","1","1","2"
"bom_bom_bam_bam","1","1","2"
"BOMBER05","1","1","2"
"Bombers69","1","1","2"
"bombolotto","1","1","2"
"Bomcha","1","1","2"
"Bon_Wentura","1","1","2"
"BonaReborn","1","1","2"
"Bondo2023","1","1","2"
"BoneCrusher-A1","1","1","2"
"bonelesslychee","1","1","2"
"bonet997","1","1","2"
"BonganeNkosi","1","1","2"
"Bonggelo","1","1","2"
"Bonkdoodler","1","1","2"
"Bonkozvogdan","1","1","2"
"bonobo7","1","1","2"
"boobieslingua","1","1","2"
"boogerboy","1","1","2"
"boogieknightz","1","1","2"
"book_gecko","1","1","2"
"BookOfOnes","1","1","2"
"BOOM_BOOM555","1","1","2"
"boomerang888","1","1","2"
"boomsooner","1","1","2"
"BoozyKnight","1","1","2"
"boppel94","1","1","2"
"borbaspassky","1","1","2"
"Borcut","1","1","2"
"borets77","1","1","2"
"BoringScore","1","1","2"
"boris1984","1","1","2"
"BorisMo67","1","1","2"
"Boristoteles","1","1","2"
"BorjadelArco","1","1","2"
"BorjaVillar","1","1","2"
"borntrigger","1","1","2"
"BornUSSR","1","1","2"
"Boron222","1","1","2"
"BoRoNoK233","1","1","2"
"Borraj","1","1","2"
"Borrinio","1","1","2"
"boscaler","1","1","2"
"Bosmaniac","1","1","2"
"Bosssssssssssssss","1","1","2"
"Bostonikov","1","1","2"
"Botakbird","1","1","2"
"botezgambitbyturan","1","1","2"
"botolotolo","1","1","2"
"botoy777","1","1","2"
"Botta-onJerome","1","1","2"
"Bottu","1","1","2"
"botty-57","1","1","2"
"botwinnik48","1","1","2"
"bouchallikh","1","1","2"
"Boulden","1","1","2"
"Boullettesdifference","1","1","2"
"BounIe19","1","1","2"
"Bousnassel","1","1","2"
"boutrosh","1","1","2"
"Bowesincamisa","1","1","2"
"bowlerbomb","1","1","2"
"bowyer","1","1","2"
"boxbeatsy","1","1","2"
"Boxeo_3000","1","1","2"
"boxer1981","1","1","2"
"boyet_maliam","1","1","2"
"boynux","1","1","2"
"boyrunfit","1","1","2"
"bphore","1","1","2"
"BPPK_Anung","1","1","2"
"BQHNam","1","1","2"
"br1ce","1","1","2"
"br3akthr0ugh","1","1","2"
"bra1","1","1","2"
"brad1588","1","1","2"
"bradan","1","1","2"
"bradbodin","1","1","2"
"bradenbiz","1","1","2"
"brahmi_amine","1","1","2"
"Brain_Slayer99","1","1","2"
"Braincrackin","1","1","2"
"Brainheavy","1","1","2"
"Brainiac_legend","1","1","2"
"Brainparadoxon","1","1","2"
"bram1995","1","1","2"
"bramama","1","1","2"
"bramoh2023","1","1","2"
"BRAnarchist","1","1","2"
"brand94","1","1","2"
"BRANDONCCPLL","1","1","2"
"BrandonKan","1","1","2"
"Branni","1","1","2"
"Brayt-n","1","1","2"
"brazilnutstox","1","1","2"
"breakapart","1","1","2"
"breck7","1","1","2"
"breezewood","1","1","2"
"breff","1","1","2"
"brendmm","1","1","2"
"Brenin24","1","1","2"
"Brenjos","1","1","2"
"brenocastilho","1","1","2"
"brenodiogo","1","1","2"
"Brenoepic","1","1","2"
"BrentR_eLDB","1","1","2"
"brexy","1","1","2"
"brian1026","1","1","2"
"brianbostwick","1","1","2"
"BrianBrunswick","1","1","2"
"BrianNYC25","1","1","2"
"brianpck","1","1","2"
"brianssecret","1","1","2"
"Brightlight29","1","1","2"
"BrigitaSunshine","1","1","2"
"brijeshc13","1","1","2"
"brinkas","1","1","2"
"brinzi","1","1","2"
"briplot","1","1","2"
"BriseidaBN","1","1","2"
"BrizzZXD","1","1","2"
"brklja","1","1","2"
"brmateus1","1","1","2"
"Broatse","1","1","2"
"brockhausm","1","1","2"
"BRODIAGIN_VOVA","1","1","2"
"brodyaga11","1","1","2"
"brohh31","1","1","2"
"brokensouls","1","1","2"
"broletshavefun","1","1","2"
"Brolexy","1","1","2"
"Broodmother_abuser","1","1","2"
"BroomService","1","1","2"
"broper","1","1","2"
"Bross91","1","1","2"
"bross99","1","1","2"
"Brovann","1","1","2"
"Brovodan","1","1","2"
"BROVSOR","1","1","2"
"Brown-Dog","1","1","2"
"brsIronside","1","1","2"
"bruder31","1","1","2"
"brugalo","1","1","2"
"Bruhenvalder","1","1","2"
"BrunoBr3","1","1","2"
"BrunoCHRN","1","1","2"
"brunoguiselli","1","1","2"
"Brunomig","1","1","2"
"brunovlelo","1","1","2"
"Brus-1799","1","1","2"
"Brusli23","1","1","2"
"brusqueClementine","1","1","2"
"BRYA0200","1","1","2"
"Bryan_KB","1","1","2"
"bryanag0202","1","1","2"
"BryM199","1","1","2"
"bsp763","1","1","2"
"Bstephen","1","1","2"
"BSuraya","1","1","2"
"BteamBomber","1","1","2"
"btrgndsh","1","1","2"
"btrmlk","1","1","2"
"BTwix","1","1","2"
"bu186","1","1","2"
"Bub5t3r","1","1","2"
"buban0707","1","1","2"
"bubba420","1","1","2"
"Bubbles147","1","1","2"
"Bubblman","1","1","2"
"Bubblyworld","1","1","2"
"Bubilica81","1","1","2"
"buca61","1","1","2"
"Buchs-5","1","1","2"
"buckfutter","1","1","2"
"Buckster1021","1","1","2"
"Bucksweep","1","1","2"
"Buckyval","1","1","2"
"bucundamia","1","1","2"
"buddhaeyes","1","1","2"
"buddy_love01","1","1","2"
"budirama23","1","1","2"
"budisantosojaya","1","1","2"
"Budziolek96","1","1","2"
"Bueny61x","1","1","2"
"BUFALO10","1","1","2"
"bufaloman","1","1","2"
"BuggyMonkey","1","1","2"
"Bugie5p","1","1","2"
"bugra_h","1","1","2"
"Bugrauysal","1","1","2"
"Bugyritzs","1","1","2"
"bugziller","1","1","2"
"Bukva86","1","1","2"
"Bulat1505","1","1","2"
"bulava747","1","1","2"
"buldovsky","1","1","2"
"bulik0787","1","1","2"
"Bulk_Pins","1","1","2"
"bulletplayerfastguy1","1","1","2"
"BullManCCP","1","1","2"
"bum-bum-boris","1","1","2"
"Bumbled321","1","1","2"
"bumerange","1","1","2"
"BunnyNDuckies","1","1","2"
"burakhorozcu","1","1","2"
"BurakSagmm","1","1","2"
"BurakTatar9","1","1","2"
"BurakYarol","1","1","2"
"burhaniyeli80","1","1","2"
"BurkesBarrage","1","1","2"
"burkesorenson","1","1","2"
"burkito7","1","1","2"
"burnsen","1","1","2"
"Burren","1","1","2"
"bushyvillage","1","1","2"
"busic_friend","1","1","2"
"BusinessMane","1","1","2"
"BuskerudsRammeste","1","1","2"
"busom","1","1","2"
"busrabbroglu","1","1","2"
"bust","1","1","2"
"bustin1","1","1","2"
"Busy_beaverr","1","1","2"
"BusyBus","1","1","2"
"butch_samara","1","1","2"
"Butcher0","1","1","2"
"butre","1","1","2"
"buttcheecks","1","1","2"
"Butterflzyzzz","1","1","2"
"butters63","1","1","2"
"ButterSalt","1","1","2"
"Buuz","1","1","2"
"buxoi_ded","1","1","2"
"buycardanoo","1","1","2"
"BuyukAltay35","1","1","2"
"Buyyi","1","1","2"
"buzinka","1","1","2"
"bwagner","1","1","2"
"bwaguh","1","1","2"
"bwc007","1","1","2"
"bwobber","1","1","2"
"bxncmxmnc","1","1","2"
"byebyebae","1","1","2"
"bykit123","1","1","2"
"Bynks","1","1","2"
"bynusuma","1","1","2"
"byonurcn","1","1","2"
"bysevkantk","1","1","2"
"C_sevith","1","1","2"
"c1_nmr-cht","1","1","2"
"c1o1o1l1","1","1","2"
"c3jjoni","1","1","2"
"C4_special","1","1","2"
"C9_SunSeT","1","1","2"
"c95P","1","1","2"
"Cab01nk","1","1","2"
"CaballeroChess","1","1","2"
"cabel12","1","1","2"
"cachila4","1","1","2"
"cactus","1","1","2"
"Cactus7000","1","1","2"
"CAEF","1","1","2"
"CaesiumGE","1","1","2"
"cafestream","1","1","2"
"Cafetera58","1","1","2"
"cafo84","1","1","2"
"CaganSengul","1","1","2"
"cagataycakir","1","1","2"
"Cagdassatranc","1","1","2"
"caginakgur","1","1","2"
"cagrisy","1","1","2"
"cagtay781","1","1","2"
"Caiden313","1","1","2"
"caio88","1","1","2"
"caioluize","1","1","2"
"Caipi20","1","1","2"
"cAKeD27","1","1","2"
"calcina","1","1","2"
"CALCURATOREENG","1","1","2"
"caldas72","1","1","2"
"calebthegod","1","1","2"
"calendulas","1","1","2"
"calicoba31","1","1","2"
"CaligulaPlaysChess","1","1","2"
"calistheticsbrah","1","1","2"
"Calitou","1","1","2"
"Call_me_artist","1","1","2"
"calogrenant","1","1","2"
"caLu00","1","1","2"
"CaLu2608","1","1","2"
"CalumetK","1","1","2"
"calving","1","1","2"
"calynn","1","1","2"
"camedmeades","1","1","2"
"camelsss","1","1","2"
"camerlengo","1","1","2"
"Camicrein","1","1","2"
"CamiloRincon","1","1","2"
"campoelectrico","1","1","2"
"canaygul","1","1","2"
"Caner11111","1","1","2"
"canigur","1","1","2"
"cankrgl","1","1","2"
"cansaribek","1","1","2"
"canuygan","1","1","2"
"Capa305","1","1","2"
"capacho","1","1","2"
"capatten","1","1","2"
"capbarbossa","1","1","2"
"CapiroJ-MLMS","1","1","2"
"capitanlaroca","1","1","2"
"CAPIVARA_DOIDO","1","1","2"
"capivaracontente19","1","1","2"
"capov1973","1","1","2"
"capponadda","1","1","2"
"CapricornStarGazer","1","1","2"
"CaptainAmerica95","1","1","2"
"captannobody","1","1","2"
"caraculis","1","1","2"
"carardoguixao","1","1","2"
"carasique1","1","1","2"
"Carbo-camel","1","1","2"
"carbonheart234","1","1","2"
"cardguy3","1","1","2"
"Cardmagician","1","1","2"
"carefree_kk","1","1","2"
"CarelessRook","1","1","2"
"Carit990","1","1","2"
"Carl_Catalan","1","1","2"
"carl0sa","1","1","2"
"Carliamz","1","1","2"
"carlitros11","1","1","2"
"Carlo66Chess","1","1","2"
"Carlock1982","1","1","2"
"CarloFidel","1","1","2"
"Carlos_David2020","1","1","2"
"Carlos_fontiveros","1","1","2"
"Carlos2509","1","1","2"
"CarlosAlvarez_UTP","1","1","2"
"carlosdlh","1","1","2"
"carlosmfreire","1","1","2"
"Carlosnoz88","1","1","2"
"carlospena2321","1","1","2"
"carlosrohrig","1","1","2"
"CarlosSanz","1","1","2"
"carlosss_m","1","1","2"
"CarlosTobias","1","1","2"
"carlsenoverhikaru","1","1","2"
"Carlsenseinvadder","1","1","2"
"carlseovic","1","1","2"
"Carmaicol","1","1","2"
"Carnegie84","1","1","2"
"carotve","1","1","2"
"carram2019","1","1","2"
"Carson33","1","1","2"
"CARTERDANGELO","1","1","2"
"CarterJhendricks","1","1","2"
"Cartochka","1","1","2"
"carvajaal","1","1","2"
"Casablan","1","1","2"
"casancam","1","1","2"
"Cash_Visser","1","1","2"
"CashPrince","1","1","2"
"caskett-net","1","1","2"
"CasPear","1","1","2"
"Caspia_7","1","1","2"
"CaspianTiger","1","1","2"
"cassallero","1","1","2"
"Cassanbel","1","1","2"
"Castaneda_david","1","1","2"
"Castlegott","1","1","2"
"CastlesMadeOfSand","1","1","2"
"casualava","1","1","2"
"CasualChessPlayer07","1","1","2"
"casualgrinder","1","1","2"
"CasualKing82","1","1","2"
"CatBasilio","1","1","2"
"Cath_Green","1","1","2"
"Cato_Maior","1","1","2"
"cavajah","1","1","2"
"cavalobravo7","1","1","2"
"caww1","1","1","2"
"CB_Vaishnavi","1","1","2"
"Cb666","1","1","2"
"Cbechtsoudis","1","1","2"
"ccceg","1","1","2"
"cd815","1","1","2"
"cdelrio","1","1","2"
"CDH_029","1","1","2"
"cdriessen","1","1","2"
"cdse123234dbvbd","1","1","2"
"cdwood44","1","1","2"
"Ceaselesstrom","1","1","2"
"cebbo","1","1","2"
"cebollinaco","1","1","2"
"Cecilia_7_y_Camila_6","1","1","2"
"cefbek","1","1","2"
"Cekenn","1","1","2"
"Celes96","1","1","2"
"Celilcaliskan1","1","1","2"
"cemlk1968","1","1","2"
"cenabsehabeddin","1","1","2"
"Centauri902","1","1","2"
"centcinq","1","1","2"
"CentralSpider","1","1","2"
"Cephandrius","1","1","2"
"ceryanci","1","1","2"
"CESAR10_2003","1","1","2"
"cesar1212","1","1","2"
"cesar1854","1","1","2"
"cesar69paine","1","1","2"
"CesarWarrior60","1","1","2"
"cevikkuvvet006","1","1","2"
"cewa27","1","1","2"
"CezetaShadow","1","1","2"
"cflitzer","1","1","2"
"cfWasHere","1","1","2"
"cgalvez0828","1","1","2"
"cgo707","1","1","2"
"cgoli","1","1","2"
"CGR0029","1","1","2"
"CGR040","1","1","2"
"Ch2801","1","1","2"
"Ch3mica1","1","1","2"
"Chaarlieee","1","1","2"
"chacmool7","1","1","2"
"Chadetrik","1","1","2"
"ChadHandsome","1","1","2"
"CHADILI","1","1","2"
"chadlii","1","1","2"
"chaibimohcen","1","1","2"
"chakalito","1","1","2"
"Chakresh01","1","1","2"
"Chalamala","1","1","2"
"Chalceritis","1","1","2"
"chalk1012","1","1","2"
"ChaMarTambo","1","1","2"
"Chamichinga","1","1","2"
"chamora","1","1","2"
"championschess10","1","1","2"
"champlintune","1","1","2"
"Chance5","1","1","2"
"chandanChess1","1","1","2"
"Chandru1001","1","1","2"
"chanjik1978","1","1","2"
"Chanuka_Samith","1","1","2"
"chaoren","1","1","2"
"Chapa09","1","1","2"
"Chapelic","1","1","2"
"charan_02","1","1","2"
"charismaticenigma","1","1","2"
"charlenewambui","1","1","2"
"Charles_Sobhraj","1","1","2"
"charles83","1","1","2"
"CharlesCP89","1","1","2"
"charlesrivera7","1","1","2"
"charlie_barr","1","1","2"
"CharlieAronian","1","1","2"
"charliemayne","1","1","2"
"charlik777","1","1","2"
"charlottethegoat7","1","1","2"
"CHARLY_10","1","1","2"
"charoukeshchess","1","1","2"
"Charzoh","1","1","2"
"chas2019t","1","1","2"
"chasbo","1","1","2"
"Chase1802","1","1","2"
"Chassgpm","1","1","2"
"Chatis02","1","1","2"
"Chattt","1","1","2"
"chawki3111","1","1","2"
"Chaz36","1","1","2"
"CheaseMe","1","1","2"
"checkers24","1","1","2"
"checkmat03","1","1","2"
"CheckOreo","1","1","2"
"checkyfryky","1","1","2"
"checkyourmother","1","1","2"
"Cheddar64","1","1","2"
"Cheezeboi","1","1","2"
"chef-pov","1","1","2"
"chel_alex23","1","1","2"
"CHeLoWeCHnbIy","1","1","2"
"chemalpar","1","1","2"
"chenna09","1","1","2"
"chernobrov-andrei","1","1","2"
"cherouvim","1","1","2"
"CHERRY5pl","1","1","2"
"chersey159g","1","1","2"
"ches88kas","1","1","2"
"Chescik","1","1","2"
"Chess_3532","1","1","2"
"Chess_amateur1","1","1","2"
"Chess_Attack_Juras","1","1","2"
"chess_daus","1","1","2"
"chess_dragon_6920","1","1","2"
"chess_home_51","1","1","2"
"CHESS_HURTS_MY_BRAIN","1","1","2"
"CHESS_JAGUAR_7753191","1","1","2"
"Chess_Judge","1","1","2"
"chess_khashaturian","1","1","2"
"chess_king2004","1","1","2"
"Chess_Loser69","1","1","2"
"chess_lover_baku","1","1","2"
"Chess_Meter","1","1","2"
"chess_niccur","1","1","2"
"chess_paccer","1","1","2"
"Chess_s_Warrior","1","1","2"
"Chess_UNSS","1","1","2"
"chess-cucumber21","1","1","2"
"chess-Fluffy","1","1","2"
"chess-is-fun","1","1","2"
"chess-queen25","1","1","2"
"chess10468","1","1","2"
"Chess1smywor1d","1","1","2"
"chess2002abk","1","1","2"
"chess21411510","1","1","2"
"chess23man","1","1","2"
"Chess4enes","1","1","2"
"chess52000","1","1","2"
"chess64chess","1","1","2"
"Chess7050","1","1","2"
"ChessAmazingWolf","1","1","2"
"Chessapple44","1","1","2"
"Chessbaar","1","1","2"
"chessbombom","1","1","2"
"Chessbyz1","1","1","2"
"chesscake69","1","1","2"
"Chesscavalier","1","1","2"
"CHESSCHECKMATEZONE","1","1","2"
"ChessCheese9999","1","1","2"
"Chesschop","1","1","2"
"Chessclub_64","1","1","2"
"chesscoach-20","1","1","2"
"chesscrazychap","1","1","2"
"chesscube19","1","1","2"
"chessdier2000","1","1","2"
"ChessEnjoyer62","1","1","2"
"ChessEnjoyer666","1","1","2"
"chesser0O","1","1","2"
"ChesserGame","1","1","2"
"chessforolympics","1","1","2"
"ChessFortress-ON","1","1","2"
"ChessGambler72","1","1","2"
"ChessGator","1","1","2"
"chessgod077","1","1","2"
"chessgum","1","1","2"
"chesshouseboat","1","1","2"
"Chessi2753","1","1","2"
"chessiechames","1","1","2"
"Chessinatorrr","1","1","2"
"chessiology1989","1","1","2"
"Chessislove123","1","1","2"
"Chessisthebestgame","1","1","2"
"chessjason","1","1","2"
"Chessknight987","1","1","2"
"ChessLearner404","1","1","2"
"ChessLion111","1","1","2"
"chesslover293874","1","1","2"
"Chessmakehappy1","1","1","2"
"chessman66622","1","1","2"
"chessmann1","1","1","2"
"chessmaster_31","1","1","2"
"Chessmaster_Nsovo","1","1","2"
"Chessmaster-70_52","1","1","2"
"CHessMaster1235236","1","1","2"
"Chessmaster69669","1","1","2"
"ChessMasterAaron13","1","1","2"
"chessmasterjohn","1","1","2"
"ChessMasterKikly","1","1","2"
"chessmastertrue","1","1","2"
"chessmattyb","1","1","2"
"Chessmerize","1","1","2"
"ChessMichaelJordan","1","1","2"
"ChessMonster05","1","1","2"
"ChessMonster45","1","1","2"
"chessnerd42","1","1","2"
"ChessNoemi95","1","1","2"
"ChessNutPrince","1","1","2"
"ChessnutsUSA","1","1","2"
"chessnycnikhil","1","1","2"
"Chessomd","1","1","2"
"CHESSorDEATH","1","1","2"
"chesspandan","1","1","2"
"ChessPeak67","1","1","2"
"ChessPensil","1","1","2"
"ChessPero","1","1","2"
"chessplayer_km","1","1","2"
"chessplayer2066","1","1","2"
"chessplayerPUCP76","1","1","2"
"Chesspony13","1","1","2"
"Chesspress0","1","1","2"
"Chessprof79","1","1","2"
"chessqueen2o2o","1","1","2"
"chessqueenH","1","1","2"
"CHESSQUEST_77","1","1","2"
"ChessRaiseAllIn","1","1","2"
"chessravisn","1","1","2"
"ChessSafeGuard","1","1","2"
"Chessser01","1","1","2"
"chesssmenard","1","1","2"
"ChessSquareQueen","1","1","2"
"chessss-arqq","1","1","2"
"ChessTan75","1","1","2"
"chessteur","1","1","2"
"Chesstilt","1","1","2"
"ChesstyLady","1","1","2"
"Chessvitu","1","1","2"
"chessvulcan41","1","1","2"
"ChessWarrior7070","1","1","2"
"Chesswave","1","1","2"
"ChessWithArya","1","1","2"
"chesswithfelix","1","1","2"
"ChessWithJBP","1","1","2"
"ChessyCastle","1","1","2"
"Chest_champion","1","1","2"
"Chestob","1","1","2"
"chetan777","1","1","2"
"chetane07","1","1","2"
"cheuk123154","1","1","2"
"Chewbacca2014","1","1","2"
"ChezOut","1","1","2"
"Chibz2400","1","1","2"
"chicherin","1","1","2"
"chickenrook","1","1","2"
"ChicoMoli","1","1","2"
"Chihuahua_bravo","1","1","2"
"chikafila","1","1","2"
"Chiku381","1","1","2"
"Chima_13","1","1","2"
"chimchimboy","1","1","2"
"chinenrez","1","1","2"
"chinmay2102","1","1","2"
"chinmaydharpawa_COAD","1","1","2"
"chipaps","1","1","2"
"chirag9871","1","1","2"
"chirimolla","1","1","2"
"Chispop","1","1","2"
"chit786","1","1","2"
"Chithresh","1","1","2"
"chito447","1","1","2"
"chitoz-motori","1","1","2"
"Chiurlo","1","1","2"
"chixmate","1","1","2"
"chizzwizzler","1","1","2"
"Chlodowech","1","1","2"
"chmirovoz","1","1","2"
"Choco_01","1","1","2"
"choco24","1","1","2"
"chocolatehumunculous","1","1","2"
"chocomelon01","1","1","2"
"chokopaika","1","1","2"
"chomuaru","1","1","2"
"Chonkydude","1","1","2"
"Chopsuey55","1","1","2"
"Chorisaurio","1","1","2"
"Choumbabajiji","1","1","2"
"Chpoker777","1","1","2"
"chrahr","1","1","2"
"chreimabbass","1","1","2"
"ChriB22","1","1","2"
"chribbiud","1","1","2"
"Chrikarl","1","1","2"
"chrillO","1","1","2"
"Chris_Shutemoff","1","1","2"
"chris20202020","1","1","2"
"Chrischi007","1","1","2"
"ChrisFromTexas","1","1","2"
"chrisjoa","1","1","2"
"Chrismaxx7","1","1","2"
"ChrisSDPA","1","1","2"
"Chrissye","1","1","2"
"Christian_MarceloMx","1","1","2"
"CHRISTIAN251997","1","1","2"
"Christoph01796","1","1","2"
"ChristophAdam","1","1","2"
"Christopher_Mos","1","1","2"
"chrisu80","1","1","2"
"chrizzzlyBear","1","1","2"
"chruste13","1","1","2"
"chsarath","1","1","2"
"Chuayif","1","1","2"
"Chubina_Sofia_2014","1","1","2"
"ChuchoQuintal","1","1","2"
"ChuckMack","1","1","2"
"chuckwenzler","1","1","2"
"ChueChue","1","1","2"
"Chuks_007","1","1","2"
"Chukura","1","1","2"
"chungler","1","1","2"
"ChuP070","1","1","2"
"Chupasky","1","1","2"
"chupets","1","1","2"
"ChuprikovDmitry","1","1","2"
"chveronika2011","1","1","2"
"CHVV61","1","1","2"
"chya_kasto_kheleko","1","1","2"
"Ciantm","1","1","2"
"Ciaosta","1","1","2"
"Ciba80","1","1","2"
"ciberplayer","1","1","2"
"Ciberpunk17","1","1","2"
"cibrao","1","1","2"
"ciccillo","1","1","2"
"ciciveysikus","1","1","2"
"CiCo92","1","1","2"
"Cigarette88","1","1","2"
"ciggosnus","1","1","2"
"cih2001","1","1","2"
"CikaNele10","1","1","2"
"Ciming","1","1","2"
"Cindarellaman","1","1","2"
"cipols","1","1","2"
"Ciporosca70","1","1","2"
"Cirimico","1","1","2"
"cirjanalex","1","1","2"
"cisneros19","1","1","2"
"Citricus","1","1","2"
"citygirl","1","1","2"
"Civi16","1","1","2"
"Civilengineer7","1","1","2"
"CivMan","1","1","2"
"Cizputent","1","1","2"
"CJ-CH","1","1","2"
"Cjabalos21","1","1","2"
"Cjayvlsco","1","1","2"
"ck2612","1","1","2"
"CKI71","1","1","2"
"Ckopo_KMC","1","1","2"
"Cl7mfly","1","1","2"
"ClairvoyantChess","1","1","2"
"classydolphin","1","1","2"
"ClaudioJR26","1","1","2"
"ClausSylt96","1","1","2"
"ClaySix","1","1","2"
"cleisis","1","1","2"
"Clemo95","1","1","2"
"Cleoforo","1","1","2"
"cletusfarfiggle","1","1","2"
"Clever1234","1","1","2"
"clibdanator","1","1","2"
"Cliff_Smith","1","1","2"
"clipkin3","1","1","2"
"CLMM","1","1","2"
"cloemer39a","1","1","2"
"Clownpuncher7","1","1","2"
"clusterfunk","1","1","2"
"CLX","1","1","2"
"ClydeCraft","1","1","2"
"Cmaurette","1","1","2"
"cmchugh","1","1","2"
"cmon_deetsy","1","1","2"
"cneblett","1","1","2"
"cnkcglu","1","1","2"
"cntymznt","1","1","2"
"CoachAaron","1","1","2"
"coachbvnhs","1","1","2"
"CoachHared","1","1","2"
"COACHME","1","1","2"
"Cocam","1","1","2"
"cockroach0","1","1","2"
"CodeName_WordSmith","1","1","2"
"CofCof1","1","1","2"
"CoffeeOmega","1","1","2"
"coffeholic","1","1","2"
"Coffemaker","1","1","2"
"cogen","1","1","2"
"cognitivo","1","1","2"
"Col1ng","1","1","2"
"colbig","1","1","2"
"Coldstorm05","1","1","2"
"coleishim","1","1","2"
"Colello","1","1","2"
"Colmen","1","1","2"
"ColNilsOlav","1","1","2"
"ColonelGermany","1","1","2"
"ColonelMcCoy","1","1","2"
"Coloresperanza","1","1","2"
"colorm","1","1","2"
"ColourlessQuasar","1","1","2"
"combobreaker69","1","1","2"
"Comet221b","1","1","2"
"Commendatore69","1","1","2"
"Common_Sense1812","1","1","2"
"comolokkonunfedaisi","1","1","2"
"COMPIK","1","1","2"
"Complexionem","1","1","2"
"Computercheat","1","1","2"
"comrade_conrad","1","1","2"
"Comrade_Pupper","1","1","2"
"ComradeLazarus","1","1","2"
"comronin","1","1","2"
"concretecr","1","1","2"
"Conejoespiritual69","1","1","2"
"confuciusz","1","1","2"
"conniekho","1","1","2"
"ConorMoore250","1","1","2"
"conqueror9699","1","1","2"
"CONSIDERED_HARMFUL","1","1","2"
"ConstantinSeguin","1","1","2"
"conte09","1","1","2"
"Contento26","1","1","2"
"Continew","1","1","2"
"Contreras2810","1","1","2"
"coocoogod","1","1","2"
"Cookiehappy7","1","1","2"
"coolassbeats","1","1","2"
"coolbeast","1","1","2"
"CoolDown00","1","1","2"
"cooler64","1","1","2"
"copexzy","1","1","2"
"CopyCase","1","1","2"
"Corazonaguara","1","1","2"
"corewine","1","1","2"
"CornballYin","1","1","2"
"cornelius_freebird","1","1","2"
"Cornelius76","1","1","2"
"Cornu_Galeati","1","1","2"
"Corocotaa","1","1","2"
"corradopacelli","1","1","2"
"cortezz23","1","1","2"
"Corvonero86","1","1","2"
"corvvin","1","1","2"
"cosmint94","1","1","2"
"COSTILLAR","1","1","2"
"Coture","1","1","2"
"couchpotato110","1","1","2"
"couchpotato123","1","1","2"
"Coulbert","1","1","2"
"Count_Dracula_13","1","1","2"
"CounterattacksInc","1","1","2"
"cowsforyou","1","1","2"
"cpa20","1","1","2"
"cpaps_chess","1","1","2"
"cperk88","1","1","2"
"cpnm2","1","1","2"
"CPSW","1","1","2"
"cr0uch","1","1","2"
"CR2013","1","1","2"
"cr3al","1","1","2"
"Cr3at1v","1","1","2"
"cr7sr4mazl10","1","1","2"
"CraeZ","1","1","2"
"craft_12","1","1","2"
"craidie","1","1","2"
"crankers","1","1","2"
"CrankXO","1","1","2"
"craonamma","1","1","2"
"Crapstick","1","1","2"
"crashmoment","1","1","2"
"cravos123","1","1","2"
"craxat","1","1","2"
"Crayzik","1","1","2"
"crazy_criz2021","1","1","2"
"Crazydoc5633","1","1","2"
"crazyenginar","1","1","2"
"CrazyHorse1973","1","1","2"
"Creanga","1","1","2"
"CreepAzmo","1","1","2"
"Crelez","1","1","2"
"crelish","1","1","2"
"Crematoryum","1","1","2"
"crenz","1","1","2"
"crescend00","1","1","2"
"CRESTKOT","1","1","2"
"CrFi101","1","1","2"
"CRI078","1","1","2"
"Cricocho13","1","1","2"
"crioulinho","1","1","2"
"criptobiotico","1","1","2"
"crisgrossi","1","1","2"
"crispyambulance","1","1","2"
"Crisss44","1","1","2"
"Cristian-C","1","1","2"
"cristiancoro","1","1","2"
"cristiang88","1","1","2"
"Cristo0401","1","1","2"
"crockett06","1","1","2"
"Crosader","1","1","2"
"Crossovertarik29","1","1","2"
"crotalusatrox","1","1","2"
"crovasco","1","1","2"
"crozenblat","1","1","2"
"CrumbleCook","1","1","2"
"CryoKebab","1","1","2"
"CrzySpd28","1","1","2"
"CsaszariAlex","1","1","2"
"cseblender","1","1","2"
"csf376","1","1","2"
"csilisborso","1","1","2"
"cska_moskova","1","1","2"
"CsrGok","1","1","2"
"CSroseX","1","1","2"
"cssvl","1","1","2"
"CTG1732","1","1","2"
"cth0207","1","1","2"
"CTHCRT","1","1","2"
"ctnarron","1","1","2"
"CTR97","1","1","2"
"ctshellested","1","1","2"
"cuatroesquinas","1","1","2"
"Cubematrix","1","1","2"
"cucajamba","1","1","2"
"CucharaDePalo","1","1","2"
"cuervojaque","1","1","2"
"cuic","1","1","2"
"cuivie","1","1","2"
"Curios1988","1","1","2"
"curiosityschoolstuff","1","1","2"
"CurrentGoldfish","1","1","2"
"cursedayzz","1","1","2"
"curseKingSukuna","1","1","2"
"Curt_13","1","1","2"
"cuteprospect","1","1","2"
"cutsth","1","1","2"
"cvakiitho","1","1","2"
"cvbtyu","1","1","2"
"cwalden","1","1","2"
"CwDalios","1","1","2"
"cwilmot","1","1","2"
"cwk-justin-w1","1","1","2"
"cyang","1","1","2"
"cyannemaria","1","1","2"
"CyBay","1","1","2"
"cyber-shark","1","1","2"
"CyberFBI","1","1","2"
"CyberPoul","1","1","2"
"CyberShredder","1","1","2"
"Cyborg22","1","1","2"
"cyclikbest","1","1","2"
"cydrew","1","1","2"
"CynicalCoin","1","1","2"
"Cyros2005","1","1","2"
"Czarrr079","1","1","2"
"Czitus","1","1","2"
"czyx7","1","1","2"
"d_moriarty","1","1","2"
"d_pelle","1","1","2"
"d0nkeykong","1","1","2"
"d2-d4_c7-c6","1","1","2"
"D23232323D","1","1","2"
"d26k03s07","1","1","2"
"d3ade","1","1","2"
"d4bb","1","1","2"
"d4n0","1","1","2"
"d4onlyss","1","1","2"
"D4RK7ET","1","1","2"
"D8Y","1","1","2"
"Da-Mauri33","1","1","2"
"da7om1416","1","1","2"
"dabears1","1","1","2"
"Dabvilassar","1","1","2"
"dacates","1","1","2"
"dacplayer","1","1","2"
"Daddy50","1","1","2"
"DaddyAdi69","1","1","2"
"DaddyPrxme","1","1","2"
"Dadey65","1","1","2"
"DadGabrielRaquel","1","1","2"
"dadsad00","1","1","2"
"dafelstenin","1","1","2"
"Daffdy","1","1","2"
"dafisenko","1","1","2"
"Dafloeski","1","1","2"
"DAG228","1","1","2"
"DaglioH23","1","1","2"
"dagnatt1","1","1","2"
"Daine_Muddha","1","1","2"
"daisyquake","1","1","2"
"daivyd","1","1","2"
"Dakpra123","1","1","2"
"DalAmerekeSosat","1","1","2"
"dale9","1","1","2"
"Dalton1989","1","1","2"
"Dalwhinnie","1","1","2"
"damanegra81","1","1","2"
"Damaris_perez","1","1","2"
"Damarjaladri_D","1","1","2"
"damduc247","1","1","2"
"dami_rka","1","1","2"
"damianebn99","1","1","2"
"damir1995satarkul","1","1","2"
"DamonArcade","1","1","2"
"damorales","1","1","2"
"DaMoski","1","1","2"
"DAN_123321","1","1","2"
"dan_ie_l","1","1","2"
"dan1elchess","1","1","2"
"Dan1lkaVasya","1","1","2"
"dan2717","1","1","2"
"danacarlig","1","1","2"
"Dananjaya110","1","1","2"
"Dandisd","1","1","2"
"DanePearson","1","1","2"
"danfurman16","1","1","2"
"Dango8888","1","1","2"
"Dani_3l","1","1","2"
"danialhan","1","1","2"
"daniboy91","1","1","2"
"danic_manic","1","1","2"
"danicaccin_9","1","1","2"
"Danidumper17","1","1","2"
"daniel_ackerman69","1","1","2"
"Daniel_McNally","1","1","2"
"daniel_pik","1","1","2"
"daniel_sypula","1","1","2"
"daniel117622","1","1","2"
"daniel775","1","1","2"
"daniel920712","1","1","2"
"DanielBeck","1","1","2"
"danielchinkuli97","1","1","2"
"danielcmeyer77","1","1","2"
"Daniele_Grandi","1","1","2"
"daniELias","1","1","2"
"danielili123456","1","1","2"
"danielmarinov","1","1","2"
"daniels3210","1","1","2"
"danielsalvalaio","1","1","2"
"Danielv223","1","1","2"
"DaNife","1","1","2"
"daniik24","1","1","2"
"Daniill228","1","1","2"
"Danila_Shchepakin","1","1","2"
"DaniloCL","1","1","2"
"daniltal","1","1","2"
"Danish_Chess_YT","1","1","2"
"danivar","1","1","2"
"daniyar22","1","1","2"
"dankboyman","1","1","2"
"danlrs","1","1","2"
"dannerosen","1","1","2"
"Danny22333","1","1","2"
"Dannycasserly","1","1","2"
"DannyHuaman","1","1","2"
"dannymangman","1","1","2"
"danosha","1","1","2"
"danpod","1","1","2"
"danrash10","1","1","2"
"Danrock","1","1","2"
"dansety","1","1","2"
"danskprotestsvin","1","1","2"
"Dant3","1","1","2"
"dantehdhk","1","1","2"
"Dantes21","1","1","2"
"Danthe_barber","1","1","2"
"dantimsit","1","1","2"
"dantse","1","1","2"
"danubiotr","1","1","2"
"DanVII","1","1","2"
"Dany_Retamozo_09-10","1","1","2"
"Danyakufta2","1","1","2"
"danyel2005","1","1","2"
"danyyou","1","1","2"
"Danzan_dzh","1","1","2"
"dapil_4221","1","1","2"
"Dar-el","1","1","2"
"dardolomas14","1","1","2"
"dareonion2","1","1","2"
"Darfik","1","1","2"
"DargonPro","1","1","2"
"Dario191","1","1","2"
"dario2994","1","1","2"
"DarioMisiones","1","1","2"
"DARIOPS23","1","1","2"
"darioyi","1","1","2"
"DariPelerPilihan","1","1","2"
"dariShadow","1","1","2"
"DARIUSHHOSSENI5000","1","1","2"
"DariusNoori","1","1","2"
"DarjaTraskovetskaja","1","1","2"
"dark_vader_2007","1","1","2"
"Dark23gl","1","1","2"
"darkcless","1","1","2"
"DarkEdo","1","1","2"
"dArKeNsTeIn","1","1","2"
"DarkFusion","1","1","2"
"DarkKnightRaven","1","1","2"
"DarkLord733","1","1","2"
"darklucky","1","1","2"
"DarkMagician_15","1","1","2"
"darkmengen","1","1","2"
"DarkMessini","1","1","2"
"Darknel","1","1","2"
"Darknesten7s","1","1","2"
"DarKnight2110","1","1","2"
"darkorwhat","1","1","2"
"darkrai069","1","1","2"
"Darksider2","1","1","2"
"DarkSoul007","1","1","2"
"DarkTip","1","1","2"
"DarkV","1","1","2"
"DarkWolff","1","1","2"
"darrowoflykos123","1","1","2"
"darryl321","1","1","2"
"darth_canashi","1","1","2"
"darth_dogra","1","1","2"
"DarthRednax","1","1","2"
"darwer1","1","1","2"
"DarwisyaA187171","1","1","2"
"Das_Dasanudasa","1","1","2"
"DasAlvarp","1","1","2"
"Dascalu","1","1","2"
"Dasha_Ignatenko","1","1","2"
"DasMurka","1","1","2"
"dasse_12","1","1","2"
"Daswareinmal","1","1","2"
"Datboii649","1","1","2"
"DatBubby","1","1","2"
"DAUy_2009_QC","1","1","2"
"dav1127","1","1","2"
"David_Ball","1","1","2"
"David_Szekely2009","1","1","2"
"David-Nussbaum","1","1","2"
"David0510","1","1","2"
"DavidAbdala","1","1","2"
"davidBrooklyn","1","1","2"
"DavideDM","1","1","2"
"DavideliotD","1","1","2"
"Daviderp","1","1","2"
"DavidErz","1","1","2"
"davidgaofc","1","1","2"
"davidgc88","1","1","2"
"DavidGGPineda","1","1","2"
"DavidGilmour16","1","1","2"
"davidhenrique1001","1","1","2"
"DavidOrtega","1","1","2"
"davidvickers89","1","1","2"
"davii55YT","1","1","2"
"daviitp","1","1","2"
"Daviracing","1","1","2"
"davislaurinovics","1","1","2"
"davitet","1","1","2"
"davytakue","1","1","2"
"dawd","1","1","2"
"DaweeedAgznbrg","1","1","2"
"dawidex12341234","1","1","2"
"dawnrule","1","1","2"
"daya133569","1","1","2"
"dayn16","1","1","2"
"Dayneki","1","1","2"
"daysonphysics","1","1","2"
"DayZire","1","1","2"
"dazkort","1","1","2"
"dbeepboy","1","1","2"
"dboschm","1","1","2"
"dburgener","1","1","2"
"dcehibor","1","1","2"
"DChistyakov","1","1","2"
"dcons00","1","1","2"
"DCULUFCWAFC","1","1","2"
"ddfa85","1","1","2"
"DDJGZMNPN","1","1","2"
"Ddochii","1","1","2"
"ddr20","1","1","2"
"de_007","1","1","2"
"De_Novo37","1","1","2"
"Dea82","1","1","2"
"Dead_Pool23","1","1","2"
"Deadlybishop","1","1","2"
"deadpoolperson","1","1","2"
"deafuly","1","1","2"
"dean_winchester1523","1","1","2"
"Dearom","1","1","2"
"DeathlyBishop","1","1","2"
"DeathMafia","1","1","2"
"deb_262","1","1","2"
"deb12008","1","1","2"
"DebanJ","1","1","2"
"DEBASMITA","1","1","2"
"DEBBYQUICK","1","1","2"
"debestegude","1","1","2"
"deburchery","1","1","2"
"DecentralizedCredits","1","1","2"
"DeckerNick","1","1","2"
"declanwalker1999","1","1","2"
"Decorus","1","1","2"
"decusco","1","1","2"
"Dedalo87","1","1","2"
"Dedygambit","1","1","2"
"DedyLLL93","1","1","2"
"deedeepyasri","1","1","2"
"deep_medi","1","1","2"
"Deepakkrishna","1","1","2"
"deepanshud","1","1","2"
"Deepest","1","1","2"
"deepuchandran","1","1","2"
"deffff","1","1","2"
"defnotagambit","1","1","2"
"Defoltqq","1","1","2"
"Deimos74","1","1","2"
"deister1234","1","1","2"
"deity3","1","1","2"
"DeividSagahon","1","1","2"
"deivyys","1","1","2"
"dejanmilosev","1","1","2"
"DejvSevcik","1","1","2"
"dekin35","1","1","2"
"dekinaii","1","1","2"
"deko11010","1","1","2"
"dekwanpandai21","1","1","2"
"Deladeca","1","1","2"
"delisuficity","1","1","2"
"Dellolyn","1","1","2"
"Dellon","1","1","2"
"dellthecreator","1","1","2"
"delonshenl","1","1","2"
"Delta-Speed","1","1","2"
"DeltaBravoChess","1","1","2"
"deltAnc","1","1","2"
"Delucaco","1","1","2"
"delwin_007","1","1","2"
"demadone","1","1","2"
"Demarcus31","1","1","2"
"dementecomun666","1","1","2"
"DementevAndrey","1","1","2"
"Dementicus","1","1","2"
"DemirDr","1","1","2"
"demirov0244","1","1","2"
"Demirr","1","1","2"
"demirsapgregor","1","1","2"
"demokrat99","1","1","2"
"demoxmo","1","1","2"
"Demxa2023","1","1","2"
"den17777","1","1","2"
"den96","1","1","2"
"DenDolgov","1","1","2"
"denetorus","1","1","2"
"denham0303","1","1","2"
"Denis_Rud","1","1","2"
"Denis11111","1","1","2"
"Denis22","1","1","2"
"denisiks_1537","1","1","2"
"deniz0208","1","1","2"
"denizc","1","1","2"
"denizcemdilek","1","1","2"
"denizdem","1","1","2"
"denizgoktas91","1","1","2"
"DenizIispor","1","1","2"
"denizkaya010100","1","1","2"
"denizsavci99","1","1","2"
"denizzbayan","1","1","2"
"Denizzgul09","1","1","2"
"Denny82","1","1","2"
"deno1","1","1","2"
"denror2522","1","1","2"
"denzibaba","1","1","2"
"Deon123","1","1","2"
"deonicola","1","1","2"
"Der_Feldherr","1","1","2"
"der_spast","1","1","2"
"der3koy","1","1","2"
"Deragon2018","1","1","2"
"DerBreloherUnderDog","1","1","2"
"Derc2207","1","1","2"
"derderdenis","1","1","2"
"derdohelix","1","1","2"
"DerGekreuzigte","1","1","2"
"derhalt","1","1","2"
"DerHuene","1","1","2"
"Deron_Patron","1","1","2"
"Dersi12","1","1","2"
"dersu64","1","1","2"
"derunsterbliche","1","1","2"
"Desert_FoX10","1","1","2"
"Desolyator","1","1","2"
"Despertaferro74","1","1","2"
"despicabl","1","1","2"
"DestroyerKalvis","1","1","2"
"destroyernumber1","1","1","2"
"Detonator29","1","1","2"
"detoured","1","1","2"
"Deuca97","1","1","2"
"Dev_2711","1","1","2"
"dev-null-undefined","1","1","2"
"dev6","1","1","2"
"devaljp","1","1","2"
"devcbh","1","1","2"
"Devesh_09","1","1","2"
"Deveshramkumar","1","1","2"
"devilback","1","1","2"
"DevoroGms","1","1","2"
"Devown27","1","1","2"
"Dewa_Blunder_123","1","1","2"
"DexStarMafia","1","1","2"
"Dexterderoo7777","1","1","2"
"dextergabsii","1","1","2"
"dez1234","1","1","2"
"DeZ4","1","1","2"
"Dezer_19","1","1","2"
"df3n5","1","1","2"
"Dfalls30","1","1","2"
"dfjhjhgjfk","1","1","2"
"dfwill","1","1","2"
"dg4N","1","1","2"
"dgapon","1","1","2"
"DGK","1","1","2"
"dgmslva","1","1","2"
"DH427","1","1","2"
"Dhapakhel","1","1","2"
"Dharamsala","1","1","2"
"Dharshadini","1","1","2"
"DHARSHANAN5","1","1","2"
"DHArunKAnNaN","1","1","2"
"DHeart","1","1","2"
"dheerajmuvvala2014","1","1","2"
"dhercher","1","1","2"
"dhiqi","1","1","2"
"dhruv84","1","1","2"
"Dhruvsachinjain","1","1","2"
"dhsdshdhk","1","1","2"
"dhsua","1","1","2"
"dhube","1","1","2"
"Di1234567890","1","1","2"
"dialogitetatet","1","1","2"
"Diamond99_MCS","1","1","2"
"dianasc1","1","1","2"
"Diane771","1","1","2"
"Dias1804","1","1","2"
"Dibs01","1","1","2"
"Dicanio789","1","1","2"
"dichlordifenil","1","1","2"
"DickTator69","1","1","2"
"didaks16","1","1","2"
"didar20","1","1","2"
"diderikkramer","1","1","2"
"DIDIER15","1","1","2"
"didnotseethis","1","1","2"
"DidYouGetTheMemo","1","1","2"
"diealech","1","1","2"
"DieBertDie","1","1","2"
"Diego_Castillo_Oxa","1","1","2"
"Diego_EU","1","1","2"
"Diego_js","1","1","2"
"diego69a","1","1","2"
"Diego717","1","1","2"
"Diegoalemania","1","1","2"
"DiegoBonafe","1","1","2"
"DiegoCasillas","1","1","2"
"DiegodelMoral","1","1","2"
"DiegoGoni","1","1","2"
"diegomarques777","1","1","2"
"DiegoMilan","1","1","2"
"DiegoRosa9","1","1","2"
"DiegoSassi","1","1","2"
"Diegoshelby","1","1","2"
"DieguinCR","1","1","2"
"diena","1","1","2"
"dietcola","1","1","2"
"DifferenLeo","1","1","2"
"Digitaldonk","1","1","2"
"digitalKaos","1","1","2"
"digorets007","1","1","2"
"DIGVIJAY12","1","1","2"
"diherranzg","1","1","2"
"dik_marni","1","1","2"
"dik-lak","1","1","2"
"Dikshan_B","1","1","2"
"DilekRamazan2112","1","1","2"
"Dilesant","1","1","2"
"DIM12ON","1","1","2"
"dimaart82","1","1","2"
"DimaBrazhnikov","1","1","2"
"Diman_1X","1","1","2"
"dimashtenigin","1","1","2"
"Dimbom","1","1","2"
"Dimco77","1","1","2"
"DIMIBI","1","1","2"
"DimiDesp","1","1","2"
"Dimitri87","1","1","2"
"Dimitris_09-klmt","1","1","2"
"DimitrisSt","1","1","2"
"Dimitrius1985","1","1","2"
"Dimitriys_06","1","1","2"
"dimka_nevidimka2","1","1","2"
"dimzh","1","1","2"
"Dinakarrajkotipall","1","1","2"
"dinamisara","1","1","2"
"dineshdivya","1","1","2"
"DINGLAMBINICIO","1","1","2"
"DingLizhenn","1","1","2"
"DinhDucAnh","1","1","2"
"dinhof1_f1","1","1","2"
"dinhtiendung","1","1","2"
"DinoBoi","1","1","2"
"DinoCukusic","1","1","2"
"Dinokhai","1","1","2"
"dinosaur11","1","1","2"
"Dinosaur1831","1","1","2"
"Diogo_Botelho","1","1","2"
"dioneus","1","1","2"
"Diony5o5","1","1","2"
"dionysios","1","1","2"
"diosama58","1","1","2"
"dipanahuk96","1","1","2"
"Diraa017","1","1","2"
"dirkuyt","1","1","2"
"disb4lance","1","1","2"
"DisgustedLurens","1","1","2"
"Dishonored126","1","1","2"
"divanlol","1","1","2"
"divijaydhiman","1","1","2"
"Divine0407","1","1","2"
"DIVINENIKE","1","1","2"
"dixieunlimited","1","1","2"
"DiZiBeKuMa","1","1","2"
"dizuw","1","1","2"
"DizzyLand11","1","1","2"
"DjAdamPL","1","1","2"
"DJaeggi","1","1","2"
"django90","1","1","2"
"DjangoChess07","1","1","2"
"Djapechess","1","1","2"
"djave","1","1","2"
"djedaichik","1","1","2"
"djennick1","1","1","2"
"djoannid","1","1","2"
"djole5699","1","1","2"
"djordjecvarkov","1","1","2"
"DjordjeOtac","1","1","2"
"Djoxonn","1","1","2"
"Djstar7","1","1","2"
"djvidaur","1","1","2"
"Dkdnzay","1","1","2"
"dkhubler","1","1","2"
"dkinkead","1","1","2"
"dkkddkdk","1","1","2"
"DKu2","1","1","2"
"dld","1","1","2"
"DLM-Jevremovic","1","1","2"
"dlwlgns","1","1","2"
"dlznkkk","1","1","2"
"DM_30","1","1","2"
"dm16","1","1","2"
"dMalachi1","1","1","2"
"dmaniac","1","1","2"
"DMDat6A","1","1","2"
"DMelamz","1","1","2"
"Dmit8080","1","1","2"
"Dmitrii_vg","1","1","2"
"Dmitrij-V","1","1","2"
"DmitriLa","1","1","2"
"Dmitriy_mordar","1","1","2"
"dmitriy_yy","1","1","2"
"DmitriySt","1","1","2"
"Dmitry_4321","1","1","2"
"Dmitry_Se","1","1","2"
"Dmitry7459997","1","1","2"
"DmitryErmolovich","1","1","2"
"Dmitryi1805","1","1","2"
"dmosvenbretema","1","1","2"
"dmytrokriukov","1","1","2"
"DNKAAAA","1","1","2"
"dno_ivanovich100500","1","1","2"
"Dnz_E","1","1","2"
"DOB230682","1","1","2"
"dobroisback","1","1","2"
"Doc112","1","1","2"
"doc1903","1","1","2"
"DocDecky","1","1","2"
"DockOc","1","1","2"
"doctor_thunder","1","1","2"
"doctorgemini","1","1","2"
"DoctorKitty","1","1","2"
"docwho2005","1","1","2"
"dododuck","1","1","2"
"dodoma_k","1","1","2"
"DoDorian11","1","1","2"
"Dodwell","1","1","2"
"DoesOkay","1","1","2"
"doganhuseyin","1","1","2"
"Doganpelikan","1","1","2"
"dogbollock","1","1","2"
"doggernaut","1","1","2"
"Doggo770","1","1","2"
"doguhancoban","1","1","2"
"Dogukan26","1","1","2"
"Dogura","1","1","2"
"doichhhh","1","1","2"
"dojowazir","1","1","2"
"DOKTORHANT","1","1","2"
"Dolaneo","1","1","2"
"Dolgov_Alex","1","1","2"
"dollyaaah","1","1","2"
"dollypee_234-810","1","1","2"
"DolzhikovAlex","1","1","2"
"dom12345","1","1","2"
"DomChess13","1","1","2"
"Domenick0802","1","1","2"
"domichiso","1","1","2"
"Dominic989","1","1","2"
"Dominichisanga","1","1","2"
"DOMINICJON","1","1","2"
"dominikova","1","1","2"
"dominos_all_day","1","1","2"
"DomS95","1","1","2"
"Don_Cog","1","1","2"
"don_faz","1","1","2"
"don_rakko","1","1","2"
"Donaldissimo","1","1","2"
"Donaldo-Mejia","1","1","2"
"Donalfred1","1","1","2"
"DonAuPatzer","1","1","2"
"donda_utopia","1","1","2"
"DonDormilon","1","1","2"
"donk2308","1","1","2"
"DonkeeeyKong","1","1","2"
"Donkeyhoday","1","1","2"
"DonMohamed2020","1","1","2"
"Donna_Chess","1","1","2"
"DonnieBohol","1","1","2"
"DonPedro30","1","1","2"
"DontUnderstandChess7","1","1","2"
"DontWantLiveOnMoon","1","1","2"
"dontworrybaby","1","1","2"
"donutorium","1","1","2"
"doodleface","1","1","2"
"Doodleyjc","1","1","2"
"DoofRoofus","1","1","2"
"Doom02","1","1","2"
"doomaxe","1","1","2"
"doopggs","1","1","2"
"doozer","1","1","2"
"dopamineTOAD","1","1","2"
"DopeyWonKanobi","1","1","2"
"dorduncu_sekil_sahis","1","1","2"
"doreamachado","1","1","2"
"dos2009","1","1","2"
"Dosftp","1","1","2"
"Doskaliev","1","1","2"
"Dot_X3","1","1","2"
"dotmanem","1","1","2"
"double-carlos","1","1","2"
"doublebackhand","1","1","2"
"douglasjsv","1","1","2"
"douglaston","1","1","2"
"Dovakhiin12","1","1","2"
"DOVRAN070714","1","1","2"
"DozaldTheMatador","1","1","2"
"dozla78","1","1","2"
"dpczprg","1","1","2"
"dperiple","1","1","2"
"dr_Aleksey1","1","1","2"
"Dr_Alosh","1","1","2"
"Dr_Chemist","1","1","2"
"Dr_DOOMSDAY","1","1","2"
"dr_dr01","1","1","2"
"Dr_Drinkomaster","1","1","2"
"Dr_ESLAM","1","1","2"
"Dr_Froshkayzer","1","1","2"
"Dr_Hanibal_Lecter","1","1","2"
"dr_heineken","1","1","2"
"Dr_Kelvin","1","1","2"
"dr_NASIM","1","1","2"
"Dr_Nathaniel_Essex","1","1","2"
"dr_rajaramesh","1","1","2"
"dr_theory_00","1","1","2"
"dr_wakar","1","1","2"
"Dr_zeeshan","1","1","2"
"dr-mostafa","1","1","2"
"Dr4g0nHunt3r","1","1","2"
"DrAbellaDanger","1","1","2"
"drabshah","1","1","2"
"draconic118","1","1","2"
"Draconistejo","1","1","2"
"DRACULQ","1","1","2"
"dragon_mieciu","1","1","2"
"dragon234999","1","1","2"
"dragonberlin","1","1","2"
"Dragonboy1999","1","1","2"
"DragonLore9","1","1","2"
"Dragonmilkman","1","1","2"
"drak77","1","1","2"
"drakce89","1","1","2"
"Drakeblazer","1","1","2"
"drakons","1","1","2"
"DrAlabbas","1","1","2"
"draliT","1","1","2"
"DrawByRepetition","1","1","2"
"draxmapudra","1","1","2"
"drbahadrguney","1","1","2"
"drbarriga","1","1","2"
"drbehnamjazayeri","1","1","2"
"drc02","1","1","2"
"Drcanaya","1","1","2"
"DrChampinonzoteStein","1","1","2"
"drclex","1","1","2"
"DrCrowUkr","1","1","2"
"DrDrunkensteinjrjr","1","1","2"
"DrDrunkstein19","1","1","2"
"dreadpiratejosh","1","1","2"
"dreamonions","1","1","2"
"drehkurbel","1","1","2"
"Drei14159","1","1","2"
"drei263","1","1","2"
"DremaRussia","1","1","2"
"drey2kool","1","1","2"
"drgs","1","1","2"
"drgulabyar","1","1","2"
"DrHeap","1","1","2"
"dridge987","1","1","2"
"DriesA","1","1","2"
"Drilonzz46","1","1","2"
"DriV13","1","1","2"
"DrJekyll8","1","1","2"
"DrKroK","1","1","2"
"Drlabtec","1","1","2"
"drleospaceman","1","1","2"
"DRMandragoras","1","1","2"
"DrManueldeCuba","1","1","2"
"drmdidarulamin","1","1","2"
"DrNash","1","1","2"
"drnreklesien1","1","1","2"
"DrNykterstein5","1","1","2"
"drochila1337","1","1","2"
"Droga_2702","1","1","2"
"drogba13","1","1","2"
"Dromy","1","1","2"
"drowdemon","1","1","2"
"dRr0x0rZZ","1","1","2"
"DrShahryar","1","1","2"
"DrStinkenstein","1","1","2"
"DrSUPERAWESOME","1","1","2"
"drubenst","1","1","2"
"Druchiano","1","1","2"
"Drugganought","1","1","2"
"Drunken_chicken","1","1","2"
"drunkmeme","1","1","2"
"drvince","1","1","2"
"Dry_777","1","1","2"
"DryCamel","1","1","2"
"drzayd2k24","1","1","2"
"drzshka","1","1","2"
"dsb4ever","1","1","2"
"dsco1","1","1","2"
"dscup","1","1","2"
"DSGeorgakis","1","1","2"
"dsn","1","1","2"
"dst11","1","1","2"
"dstrrr","1","1","2"
"DTC_PhQuangThai2012","1","1","2"
"DtheMan","1","1","2"
"DTonM_TisT","1","1","2"
"DTYFO","1","1","2"
"dubeysunny","1","1","2"
"DubiousMovement","1","1","2"
"dubm","1","1","2"
"duca531","1","1","2"
"ducdPratik","1","1","2"
"DuckMoon2","1","1","2"
"dudapeste10","1","1","2"
"duddlern","1","1","2"
"DudeCanYouChill","1","1","2"
"dudeydude77","1","1","2"
"DukamuAbadi","1","1","2"
"dukedome","1","1","2"
"DukeSophia","1","1","2"
"duki100","1","1","2"
"dulmief","1","1","2"
"duman12345","1","1","2"
"dumbostupidhead500","1","1","2"
"DumiC22","1","1","2"
"dungleddt2210575","1","1","2"
"duphy","1","1","2"
"duppi1","1","1","2"
"duraccell","1","1","2"
"durielax","1","1","2"
"dushh1813","1","1","2"
"Dushyantbansal","1","1","2"
"duskje","1","1","2"
"duskydolphin","1","1","2"
"dustinvjs","1","1","2"
"Dutra78","1","1","2"
"dvasahara","1","1","2"
"dxyze","1","1","2"
"DylanCarroll","1","1","2"
"Dynamic_Defense","1","1","2"
"Dynamic_Tobi","1","1","2"
"dyoyamat888","1","1","2"
"DyScLeYm","1","1","2"
"Dyster","1","1","2"
"DyulgeryanA","1","1","2"
"Dzadza23","1","1","2"
"dzejms22","1","1","2"
"dzerard8lfc","1","1","2"
"Dzhokhar05","1","1","2"
"Dzilija","1","1","2"
"dzukou","1","1","2"
"E_gh","1","1","2"
"E_l_i_m","1","1","2"
"e_m_b","1","1","2"
"e_mad69","1","1","2"
"E_Sh_Irk","1","1","2"
"e4e5e6d4","1","1","2"
"E4g1e","1","1","2"
"e4gmen","1","1","2"
"E4POWA","1","1","2"
"e4Sweeper","1","1","2"
"e673cd4316","1","1","2"
"EA245","1","1","2"
"eagle2010","1","1","2"
"EAguirre21","1","1","2"
"EAmaiLeNuvole","1","1","2"
"Earl_Jon_Rodriguez","1","1","2"
"eartiaga65","1","1","2"
"Eastchess2023","1","1","2"
"easterner","1","1","2"
"EastFlame","1","1","2"
"easychesspro1","1","1","2"
"easykiller","1","1","2"
"EasyOaktown","1","1","2"
"EasyYogi","1","1","2"
"EazyPatrick","1","1","2"
"ebadawy","1","1","2"
"eBarke","1","1","2"
"ebdgenius","1","1","2"
"EbenSamuel2009","1","1","2"
"ebne","1","1","2"
"Ebram-S7","1","1","2"
"ebubekirchess2013","1","1","2"
"Ebur","1","1","2"
"ecaaaaa","1","1","2"
"Eccedentesiast14","1","1","2"
"echotwo","1","1","2"
"eciruam229","1","1","2"
"Eckesach","1","1","2"
"Ecneret74","1","1","2"
"ecsernak","1","1","2"
"ecspiit","1","1","2"
"EcstasyOfFlyon","1","1","2"
"Ed_Shvets","1","1","2"
"ed1911","1","1","2"
"ed197200","1","1","2"
"ED5108","1","1","2"
"ed6283185","1","1","2"
"edda9000","1","1","2"
"Eddemoraa","1","1","2"
"Eddie_Meduza","1","1","2"
"Eddiebax","1","1","2"
"eddyp23","1","1","2"
"Eddythegreat","1","1","2"
"Edgaralex","1","1","2"
"edgardo_ramirez2017","1","1","2"
"EdgarLopezTorres_P53","1","1","2"
"EdgarPellia","1","1","2"
"EdgarVelasco56","1","1","2"
"edi_tms","1","1","2"
"Edialo","1","1","2"
"Edikanatat","1","1","2"
"Edimilico","1","1","2"
"Edisonbalk","1","1","2"
"Edjocc","1","1","2"
"EdMoh","1","1","2"
"edmund_1125","1","1","2"
"ednil007","1","1","2"
"edogiacomo","1","1","2"
"Edouard502","1","1","2"
"edu02","1","1","2"
"eduar158","1","1","2"
"Eduard_174","1","1","2"
"Eduardo_De_Santiago1","1","1","2"
"Eduardo_Ros","1","1","2"
"Eduardo2007BR","1","1","2"
"EduardoCQA","1","1","2"
"EduardoPE78","1","1","2"
"Edur2","1","1","2"
"Edvards8","1","1","2"
"EdwardIskandarian06","1","1","2"
"EdwardSnowd3n","1","1","2"
"Edwin1973","1","1","2"
"EdwinBrum","1","1","2"
"edwuinb1","1","1","2"
"EeazyWin","1","1","2"
"eeb2120","1","1","2"
"eeeez","1","1","2"
"eeg1307","1","1","2"
"eegarciao1975","1","1","2"
"Eel_sel","1","1","2"
"eems90","1","1","2"
"EequalsMe","1","1","2"
"eeshnaik","1","1","2"
"EF1995","1","1","2"
"efde","1","1","2"
"efecanxaz","1","1","2"
"efemsi","1","1","2"
"Efereso","1","1","2"
"EfeRG","1","1","2"
"efes_yunus_caglan","1","1","2"
"efeypc30","1","1","2"
"Efsane123838","1","1","2"
"ege-kanburov-sanlav","1","1","2"
"ege14_y","1","1","2"
"egeboo","1","1","2"
"egekargin","1","1","2"
"Egementol","1","1","2"
"eggclent","1","1","2"
"ego_imperium","1","1","2"
"Ego92","1","1","2"
"egodagelimansa","1","1","2"
"Egor_0303","1","1","2"
"Egor_200785","1","1","2"
"EgOREgoR200","1","1","2"
"egorgorev","1","1","2"
"Egorkq","1","1","2"
"EGSheltz","1","1","2"
"EGxDark10","1","1","2"
"Ehab_Mohammed","1","1","2"
"EHchesshacks","1","1","2"
"Ehlvest","1","1","2"
"Ehrich_Weiss","1","1","2"
"ehsan14j","1","1","2"
"Ehsanbaradari1390","1","1","2"
"Eiie68w92pej","1","1","2"
"eijdyifzygcs","1","1","2"
"Eilef","1","1","2"
"Eillidge","1","1","2"
"einLOKKEN","1","1","2"
"einoel1","1","1","2"
"EIPsyCongroo","1","1","2"
"eisbar00","1","1","2"
"Eisenbahnplatte","1","1","2"
"eisuke42","1","1","2"
"eivimoe","1","1","2"
"ejwosborn","1","1","2"
"ekimler","1","1","2"
"eko4848","1","1","2"
"Ekuah2000","1","1","2"
"Ekuyoc1","1","1","2"
"EkyMina","1","1","2"
"el_barbero","1","1","2"
"El_Bomb","1","1","2"
"el_habibas","1","1","2"
"EL_MARKA","1","1","2"
"el-diablo-999","1","1","2"
"El-Rey-Perdedor","1","1","2"
"el1ses","1","1","2"
"El3oooO","1","1","2"
"elaamaeda","1","1","2"
"elahmedee","1","1","2"
"eLapse-bruh","1","1","2"
"Elazul4","1","1","2"
"Elcano22","1","1","2"
"ElCaptainl8","1","1","2"
"ELCASTIGADOR2806","1","1","2"
"Elchananj","1","1","2"
"elcriollo","1","1","2"
"Eldeltor","1","1","2"
"eldemoniodelosandes","1","1","2"
"Elderkousom","1","1","2"
"Eldrag0_bolt","1","1","2"
"eldrarr","1","1","2"
"Elegast7","1","1","2"
"Elemam99","1","1","2"
"ElenaBoa","1","1","2"
"ElessarWebb","1","1","2"
"Elfoun","1","1","2"
"ElGeorgas","1","1","2"
"elgrandr","1","1","2"
"elgranmimoninja","1","1","2"
"ElGranRoque","1","1","2"
"eliakhadimarkani","1","1","2"
"elias-76","1","1","2"
"Elias1234567","1","1","2"
"Elias3007","1","1","2"
"Elias6677","1","1","2"
"Eliassuckt","1","1","2"
"elielafon","1","1","2"
"Eliemuhi","1","1","2"
"elifensar","1","1","2"
"elifnurbora","1","1","2"
"elile","1","1","2"
"elime91","1","1","2"
"eliseonoe","1","1","2"
"Elite_123","1","1","2"
"Elite_gamers","1","1","2"
"ElixEli","1","1","2"
"Eliza0007","1","1","2"
"ElizabetaJamon","1","1","2"
"elizzush","1","1","2"
"eljezel23","1","1","2"
"Elleirdar","1","1","2"
"ellibandelli","1","1","2"
"ElMados","1","1","2"
"ELMANCHEGO","1","1","2"
"elmao","1","1","2"
"elmar1002","1","1","2"
"elmatadordobleA","1","1","2"
"Elmegh_Curio","1","1","2"
"Elmer1892","1","1","2"
"elmir666","1","1","2"
"ELMUROD1","1","1","2"
"elnagu","1","1","2"
"ELNINO1111","1","1","2"
"Elock007","1","1","2"
"Elodin06","1","1","2"
"elokix","1","1","2"
"eloniq","1","1","2"
"ElonMusk777_OMG","1","1","2"
"ElonMuskX","1","1","2"
"Elopillermann","1","1","2"
"elpayasodios","1","1","2"
"elprinciperomero","1","1","2"
"elprofeguapeton","1","1","2"
"elred8pro","1","1","2"
"elrkjl","1","1","2"
"Elsigiloso","1","1","2"
"Elstars_Noob","1","1","2"
"elTaan","1","1","2"
"eltonsst","1","1","2"
"ElToroGigante","1","1","2"
"Elvin_112","1","1","2"
"Elvin42","1","1","2"
"Elvinh8","1","1","2"
"elwis90","1","1","2"
"Elyadd","1","1","2"
"Elysel","1","1","2"
"EMABALL","1","1","2"
"Emanuelqg_clubeco64","1","1","2"
"Embulu","1","1","2"
"eMCBass33","1","1","2"
"EMEKOGUZ","1","1","2"
"Emendezn","1","1","2"
"Emetty","1","1","2"
"Emil_Khaliullin","1","1","2"
"Emil0207","1","1","2"
"EmilC17","1","1","2"
"Emilepieter","1","1","2"
"Emiliano_deleija","1","1","2"
"EmilyMorelia","1","1","2"
"emink","1","1","2"
"emipavicich","1","1","2"
"emir1726","1","1","2"
"Emircaj","1","1","2"
"emirceran23","1","1","2"
"emirs47","1","1","2"
"emmakhine","1","1","2"
"Emmamorinmorin","1","1","2"
"Emmanuel02032016","1","1","2"
"emmanuelrendon","1","1","2"
"emngms","1","1","2"
"Emoljusz","1","1","2"
"emperormanzungu","1","1","2"
"Empiii","1","1","2"
"Empyman","1","1","2"
"emranjadidi2","1","1","2"
"emravsr","1","1","2"
"emre5561","1","1","2"
"emregk491","1","1","2"
"emreoz123","1","1","2"
"emreren","1","1","2"
"emrhean","1","1","2"
"EmRTYURES","1","1","2"
"Emrxar","1","1","2"
"emumford","1","1","2"
"EnderMASTER99","1","1","2"
"endi77","1","1","2"
"EndlessSilence","1","1","2"
"EndyDexter","1","1","2"
"Enem0203","1","1","2"
"energenik","1","1","2"
"energianucliar","1","1","2"
"ENERGIE73","1","1","2"
"Energy_Pulser123","1","1","2"
"EnesAtilmis","1","1","2"
"EnesBaturFan","1","1","2"
"enesceetin","1","1","2"
"enesfbx","1","1","2"
"eneskaen94","1","1","2"
"enesskaya","1","1","2"
"enessokty_55","1","1","2"
"engeldestodes110","1","1","2"
"EngineGame","1","1","2"
"EnglishGood","1","1","2"
"Engry_Rook","1","1","2"
"EngTeacherTR","1","1","2"
"Enhydralutris96","1","1","2"
"eni_mo","1","1","2"
"Eniacknight","1","1","2"
"enisbaba98","1","1","2"
"EnisSwift","1","1","2"
"Enjoy960","1","1","2"
"enjoyer_from_IS","1","1","2"
"enkty","1","1","2"
"Ennecane","1","1","2"
"Ennimleoj","1","1","2"
"Enno_chess","1","1","2"
"enoise","1","1","2"
"Enok98","1","1","2"
"EnotkaEnotovna","1","1","2"
"enricoschiavo","1","1","2"
"Enrique005","1","1","2"
"EnriqueBet","1","1","2"
"EnriqueGue1122","1","1","2"
"enrosquejr","1","1","2"
"ens1871","1","1","2"
"enter0071","1","1","2"
"EnterNickname","1","1","2"
"Enzogil123","1","1","2"
"enzorag","1","1","2"
"Eonora1","1","1","2"
"Epaminonda","1","1","2"
"epcylrom","1","1","2"
"Ephedream","1","1","2"
"Epheus1","1","1","2"
"epicdubgetter3000","1","1","2"
"Epletre","1","1","2"
"Eporediese81","1","1","2"
"EquipeUmSom","1","1","2"
"er3k3n","1","1","2"
"erasmocorr","1","1","2"
"Eray_33","1","1","2"
"eraycakinn","1","1","2"
"Erbol66","1","1","2"
"ErcanEfe","1","1","2"
"erdenorus","1","1","2"
"Ereb0","1","1","2"
"eren_durgut1","1","1","2"
"Eren35","1","1","2"
"Eren4665","1","1","2"
"eren686868","1","1","2"
"erenali145361","1","1","2"
"Erenkrcl","1","1","2"
"ErenOter","1","1","2"
"erenrasimdura","1","1","2"
"Erenumutbey","1","1","2"
"ErenYeager131","1","1","2"
"erfanhaji","1","1","2"
"ergin857","1","1","2"
"Ergs-2007","1","1","2"
"ergulberke","1","1","2"
"Eric_Mordido","1","1","2"
"EricBhat","1","1","2"
"ERICBZ","1","1","2"
"erick1945","1","1","2"
"erick2682-4","1","1","2"
"Erickaversa0407","1","1","2"
"erickvaldez026","1","1","2"
"Erickzn","1","1","2"
"Ericpogi","1","1","2"
"ericus92","1","1","2"
"erifetim","1","1","2"
"Erik_Cabanzo","1","1","2"
"Erik20062009","1","1","2"
"Erikdecuba","1","1","2"
"ErikEduardo","1","1","2"
"erikie","1","1","2"
"erikk0411","1","1","2"
"ErikNkvChess","1","1","2"
"Erkan09","1","1","2"
"erkanatay","1","1","2"
"erkanoksuz","1","1","2"
"Erlanbauen","1","1","2"
"ermak927","1","1","2"
"ermalhysi","1","1","2"
"ermanerman333","1","1","2"
"ermekgz","1","1","2"
"ermit","1","1","2"
"ErnestoMassa","1","1","2"
"Ernst89","1","1","2"
"erodr126","1","1","2"
"eroler78","1","1","2"
"erosyeni1232","1","1","2"
"errommell","1","1","2"
"erroras","1","1","2"
"ErRuO","1","1","2"
"ersaguntmkl","1","1","2"
"ersavo00","1","1","2"
"Erska","1","1","2"
"Ertim","1","1","2"
"escape123","1","1","2"
"Escitalopram2021","1","1","2"
"Escoundamine","1","1","2"
"esdiegito","1","1","2"
"EsdrasGCorreia","1","1","2"
"esercetin","1","1","2"
"Esetova8Gulnara","1","1","2"
"Esf4e","1","1","2"
"Eshaan_Somani-39","1","1","2"
"eshaw","1","1","2"
"Eshqin","1","1","2"
"esich888","1","1","2"
"Eskaper","1","1","2"
"eskerikio","1","1","2"
"eski0","1","1","2"
"eskinuso","1","1","2"
"Eslamsalah2500","1","1","2"
"Esleona","1","1","2"
"esnyez","1","1","2"
"espbjo20","1","1","2"
"Esploristo","1","1","2"
"EsquireManu","1","1","2"
"esraa505","1","1","2"
"Ess91am","1","1","2"
"Essam_ali7777","1","1","2"
"EssanhajiMohamed97","1","1","2"
"Essezzzeta","1","1","2"
"estadari","1","1","2"
"Esteban-22","1","1","2"
"esteso123","1","1","2"
"Estrada_22","1","1","2"
"Estrategista07","1","1","2"
"Estrellita25","1","1","2"
"ESuarez2009","1","1","2"
"etamayo","1","1","2"
"EtchnScribble","1","1","2"
"ETERNALKING666","1","1","2"
"EternalSong","1","1","2"
"EternityDark","1","1","2"
"Ethan1005","1","1","2"
"ethanhough","1","1","2"
"EthanKlein_NJ","1","1","2"
"ethanmccoy","1","1","2"
"Etiqueta_negra","1","1","2"
"EuanCameron","1","1","2"
"Eugene1992","1","1","2"
"EugeneFurman","1","1","2"
"eulerxyz","1","1","2"
"eunes11","1","1","2"
"Euphiletos","1","1","2"
"Europe01","1","1","2"
"Eustace69","1","1","2"
"Euzc4n","1","1","2"
"Eva_Vulll","1","1","2"
"evandrorsilva","1","1","2"
"evariste_101","1","1","2"
"EVE8WGEH","1","1","2"
"EvelioS2022","1","1","2"
"EventHorizonNeptune","1","1","2"
"everybef","1","1","2"
"everythingistaken","1","1","2"
"EVG24RUS","1","1","2"
"Evgenii1337","1","1","2"
"Evgeniluki","1","1","2"
"EvgeniSTAVR","1","1","2"
"Evgeniy_Kuligin","1","1","2"
"EvgeniyGrigoriev","1","1","2"
"EvgenyEmelyanov","1","1","2"
"EvgenyRaznitsyn","1","1","2"
"evilbong","1","1","2"
"evilcone","1","1","2"
"evilginger420","1","1","2"
"evillz","1","1","2"
"Evilpriest","1","1","2"
"Eviscerator","1","1","2"
"evt1974","1","1","2"
"EWO2015","1","1","2"
"excelkoms","1","1","2"
"ExceptionEarth","1","1","2"
"ExcitedClerk","1","1","2"
"exciter17","1","1","2"
"executer9648","1","1","2"
"Exo381","1","1","2"
"Expert_halil","1","1","2"
"ExplodingCabbage","1","1","2"
"extraterrestre77","1","1","2"
"exzoreren","1","1","2"
"eye_iz_CoW","1","1","2"
"Eyesonly","1","1","2"
"Eymenhalil55","1","1","2"
"Eyvazov_Cavid_777","1","1","2"
"eyzeywinnn","1","1","2"
"EZAY_69","1","1","2"
"ezboz0604","1","1","2"
"ezici-aya","1","1","2"
"EzioSS","1","1","2"
"EzizMedetov","1","1","2"
"ezoo98","1","1","2"
"ezyasez","1","1","2"
"ezzasem2","1","1","2"
"Ezzef","1","1","2"
"Ezzz_KSA1","1","1","2"
"f_actin_fan","1","1","2"
"f_asadi","1","1","2"
"f_viktor","1","1","2"
"F131k1","1","1","2"
"f1gelmaN","1","1","2"
"F4TeFulgod","1","1","2"
"f4ultingWill0w","1","1","2"
"fa610","1","1","2"
"faaabi","1","1","2"
"Fabi273","1","1","2"
"fabian_sarbach","1","1","2"
"FabianAguilar_2SVEN","1","1","2"
"FabianROMANIA","1","1","2"
"fabinho0427","1","1","2"
"Fabio4you","1","1","2"
"fabiowg","1","1","2"
"fabo3011","1","1","2"
"fabrizio1956","1","1","2"
"fabrizioocm","1","1","2"
"fabsGMI","1","1","2"
"facabuch","1","1","2"
"facualtamiranda","1","1","2"
"FacundoArriba","1","1","2"
"fadeblack","1","1","2"
"Fadi17","1","1","2"
"FahadB","1","1","2"
"fahed8x8","1","1","2"
"fahita93","1","1","2"
"fahmy1977","1","1","2"
"Faibisovitch","1","1","2"
"FailAngel","1","1","2"
"failuree","1","1","2"
"Faintok","1","1","2"
"fairyGodfather","1","1","2"
"Faisal078","1","1","2"
"Faismoiunteak","1","1","2"
"Faizanakhtar102","1","1","2"
"faizankhan97","1","1","2"
"fakeptal","1","1","2"
"FakriID","1","1","2"
"fakyurt","1","1","2"
"falc_77","1","1","2"
"FALCBD","1","1","2"
"Falconyboy","1","1","2"
"fallingtodie","1","1","2"
"familiamsk","1","1","2"
"FamilyForkDude","1","1","2"
"fananapazir-1368","1","1","2"
"FandorineErast","1","1","2"
"Fantazerq","1","1","2"
"Farales","1","1","2"
"Faras","1","1","2"
"Fardaan","1","1","2"
"farhadchess2006","1","1","2"
"FaRiiex","1","1","2"
"Farins97","1","1","2"
"Faris_jarot","1","1","2"
"farivar1980","1","1","2"
"farjamzahrooni","1","1","2"
"FaronQ","1","1","2"
"FarOverD","1","1","2"
"farsewin77","1","1","2"
"farshads32","1","1","2"
"farshidpanjehpour","1","1","2"
"farzadam1391","1","1","2"
"Fas83","1","1","2"
"FASAdeechte","1","1","2"
"Fast_Riders","1","1","2"
"Fast-Chess-Player","1","1","2"
"FastSteel22","1","1","2"
"fataklut","1","1","2"
"Fatality_01","1","1","2"
"fatboyfin","1","1","2"
"FatBoyTMC","1","1","2"
"FatCatJesus","1","1","2"
"FatCharly","1","1","2"
"FathiRahman","1","1","2"
"Fatihkaptan","1","1","2"
"Faurk","1","1","2"
"favian2889","1","1","2"
"favillafane","1","1","2"
"FawltyT","1","1","2"
"fawquash","1","1","2"
"FaysalFF","1","1","2"
"Fba15","1","1","2"
"Fbernts1","1","1","2"
"FCB_Company","1","1","2"
"FcBanane","1","1","2"
"Fcelen","1","1","2"
"FCN-FCN","1","1","2"
"fcouture","1","1","2"
"fdetroyer","1","1","2"
"fearcasper","1","1","2"
"FearlessPete","1","1","2"
"FearTheBeard","1","1","2"
"febriTopik","1","1","2"
"febulbul","1","1","2"
"fecchan","1","1","2"
"Fecr777","1","1","2"
"Fede_ezeq","1","1","2"
"fedeeee","1","1","2"
"FEDELLO","1","1","2"
"Fedematti","1","1","2"
"federer1111","1","1","2"
"fedmachado","1","1","2"
"Fedorof_Ioan","1","1","2"
"Fedot033","1","1","2"
"fedotishe87","1","1","2"
"feefee84","1","1","2"
"Feelss","1","1","2"
"Fegix82","1","1","2"
"fego1","1","1","2"
"fekanny","1","1","2"
"felcam","1","1","2"
"FelipeGuille2014","1","1","2"
"Felipehope","1","1","2"
"FelipeLuna","1","1","2"
"FelipeOinegue","1","1","2"
"felipova","1","1","2"
"Felips1","1","1","2"
"Felisiumm","1","1","2"
"Felix0522","1","1","2"
"FelixH91","1","1","2"
"felixhyt","1","1","2"
"felixkras","1","1","2"
"FelixR99","1","1","2"
"felkerv","1","1","2"
"fellipeprado","1","1","2"
"Felows","1","1","2"
"Feluda_plays_chess10","1","1","2"
"Fenbilimmehmetunal","1","1","2"
"Fenerbum","1","1","2"
"Fenixjuan","1","1","2"
"fenixRG","1","1","2"
"fennet","1","1","2"
"Fensalir-93","1","1","2"
"Feodott","1","1","2"
"fer7an","1","1","2"
"Feras10","1","1","2"
"FERDEC","1","1","2"
"ferelibenter","1","1","2"
"ferfabri73","1","1","2"
"Ferka_Style","1","1","2"
"fernanbg1997","1","1","2"
"fernandesjr","1","1","2"
"Fernando_UFRJ","1","1","2"
"Fernandoarc","1","1","2"
"fernandocbtis5","1","1","2"
"fernandogunno","1","1","2"
"Fernandojrs","1","1","2"
"fernandokokocha","1","1","2"
"FernandoSalazar_USS","1","1","2"
"fernrelo","1","1","2"
"Ferreiro","1","1","2"
"Ferrer1970","1","1","2"
"ferret1515","1","1","2"
"Ferroxylot","1","1","2"
"feryon2023","1","1","2"
"Festbrems","1","1","2"
"FestiveCariboo","1","1","2"
"Fetali06","1","1","2"
"feudeymon","1","1","2"
"FeuilleQuiRoule","1","1","2"
"FeverBee","1","1","2"
"feygooner","1","1","2"
"feynarun","1","1","2"
"Fflow","1","1","2"
"ffmmax","1","1","2"
"FFO2015","1","1","2"
"Fidelis_99","1","1","2"
"fidjose","1","1","2"
"FightingItThrough","1","1","2"
"figo1230","1","1","2"
"Fiiqx","1","1","2"
"Fik4lblch","1","1","2"
"Fikret021","1","1","2"
"Fikrettrz","1","1","2"
"fil4ik22","1","1","2"
"Fili87","1","1","2"
"filii","1","1","2"
"Filip1207","1","1","2"
"filipblagojevic3","1","1","2"
"filipoman","1","1","2"
"Filippov_Anton","1","1","2"
"filmovfilm","1","1","2"
"filo96","1","1","2"
"FiloBorgo","1","1","2"
"FilopoSmurf","1","1","2"
"FimPuls","1","1","2"
"finevine","1","1","2"
"Fingilly","1","1","2"
"Fioresa","1","1","2"
"Firas_Abdelwahab","1","1","2"
"Firas_Firas_1975","1","1","2"
"Fire07x","1","1","2"
"firearm","1","1","2"
"fireboyelna","1","1","2"
"firechao","1","1","2"
"Fireng","1","1","2"
"FireOflife","1","1","2"
"Firestone70","1","1","2"
"Firewallll","1","1","2"
"fischi07","1","1","2"
"fish1729","1","1","2"
"FishChess2020","1","1","2"
"Fisherking2","1","1","2"
"Fishfkli999","1","1","2"
"Fishingoutgreatlines","1","1","2"
"fishozzin","1","1","2"
"Fitrotrix","1","1","2"
"five5bosscells","1","1","2"
"fjra","1","1","2"
"FKBAVARIA","1","1","2"
"Fkrm","1","1","2"
"Flagellum_Deiii","1","1","2"
"FlakyJam","1","1","2"
"Flamehost11","1","1","2"
"flamingfalconman","1","1","2"
"Flamkos","1","1","2"
"Flandes8","1","1","2"
"flavio9e1","1","1","2"
"flaviohervas","1","1","2"
"flawlessdark","1","1","2"
"FLaXeS0","1","1","2"
"FlaxLaks","1","1","2"
"flbros","1","1","2"
"Fleecybottom","1","1","2"
"Fleshy","1","1","2"
"Fletz","1","1","2"
"Flevour","1","1","2"
"flexBOAH","1","1","2"
"Flezama","1","1","2"
"flightlessuperman","1","1","2"
"FlimFlamm","1","1","2"
"flobu98","1","1","2"
"Floiv4","1","1","2"
"flonzplanz","1","1","2"
"Flopix","1","1","2"
"Florenzi","1","1","2"
"florianf03","1","1","2"
"florianh1909","1","1","2"
"florin_chem","1","1","2"
"FlowHH","1","1","2"
"Flrn77","1","1","2"
"flstuhlmann","1","1","2"
"FluFluWakaPeePee","1","1","2"
"flushdaddy","1","1","2"
"fluxdeken","1","1","2"
"FluxusReal","1","1","2"
"flx4g","1","1","2"
"Flyfree34","1","1","2"
"Flygefizken","1","1","2"
"flygplan","1","1","2"
"Flying_felek","1","1","2"
"FlyingFoxGirl27","1","1","2"
"Flyingmoney888","1","1","2"
"FlyKina","1","1","2"
"Fmc302","1","1","2"
"FMehmET_1","1","1","2"
"fnafcik","1","1","2"
"Fobba","1","1","2"
"Fobby","1","1","2"
"FocalDistance","1","1","2"
"FocaNoFoco","1","1","2"
"fodyyyy","1","1","2"
"FokiMuki","1","1","2"
"FollowThatMonkey","1","1","2"
"Folows","1","1","2"
"Fomin753","1","1","2"
"fonzie12","1","1","2"
"foo2sh","1","1","2"
"Foodle","1","1","2"
"foooooooox","1","1","2"
"FoOtBaLlRuLeS","1","1","2"
"FOREST777","1","1","2"
"forfunonly1","1","1","2"
"Forge1111","1","1","2"
"ForgottenSerenity","1","1","2"
"Fork-it","1","1","2"
"forknite2","1","1","2"
"Forrestgumppppp","1","1","2"
"forteuropaa","1","1","2"
"FortniteChamp","1","1","2"
"fortytwo4242","1","1","2"
"fotisevich","1","1","2"
"Foulkesj","1","1","2"
"FOUR-D-Checkerss","1","1","2"
"Fourriere-Alexandre","1","1","2"
"FOX1NE","1","1","2"
"Foxes-08","1","1","2"
"Foxlox1","1","1","2"
"FoxxyJr","1","1","2"
"FPLwag","1","1","2"
"fr00dl","1","1","2"
"Fr4ns_7","1","1","2"
"fr7k1mp3","1","1","2"
"fracht78","1","1","2"
"frahuynh","1","1","2"
"Fralegend","1","1","2"
"frammy","1","1","2"
"fran_etchen","1","1","2"
"FranAD","1","1","2"
"France4_argentine3","1","1","2"
"francesco0012","1","1","2"
"FrancescoAbis","1","1","2"
"Francis5555","1","1","2"
"francis757","1","1","2"
"Francisco_Maza","1","1","2"
"FranciscoCGV","1","1","2"
"FrancisDube25","1","1","2"
"franco71to","1","1","2"
"FrancoChess124","1","1","2"
"francovrmi","1","1","2"
"Francrimen","1","1","2"
"frangge","1","1","2"
"franjapaez","1","1","2"
"frank_udoags","1","1","2"
"FrankCastle27","1","1","2"
"frankenstein00","1","1","2"
"frankfrank2727","1","1","2"
"FrankieSwindell","1","1","2"
"frankjiang","1","1","2"
"FrankSotilas","1","1","2"
"FrankV_9191","1","1","2"
"Frankwillyan","1","1","2"
"frannchess2008","1","1","2"
"franncisco","1","1","2"
"franz2411","1","1","2"
"franzpoppz","1","1","2"
"Franzz91","1","1","2"
"Frapebo","1","1","2"
"FraserFallows","1","1","2"
"fratello11","1","1","2"
"Fratercula","1","1","2"
"fraterz","1","1","2"
"FrDrankestein","1","1","2"
"Freakazoid94","1","1","2"
"freddn","1","1","2"
"Freddy28","1","1","2"
"Freddy698","1","1","2"
"frederickrants","1","1","2"
"Frederik1978","1","1","2"
"fredi750","1","1","2"
"Fredko","1","1","2"
"frednere","1","1","2"
"freebudspro2","1","1","2"
"freedomneck","1","1","2"
"freeg78","1","1","2"
"FREEKofNATURE","1","1","2"
"Freelandlion4","1","1","2"
"freeplastin","1","1","2"
"freezingwater","1","1","2"
"Freitagfan","1","1","2"
"frenk630","1","1","2"
"frenyh","1","1","2"
"freshmozart","1","1","2"
"freshup69","1","1","2"
"Fresssco","1","1","2"
"Frexs_EU","1","1","2"
"Freyja54","1","1","2"
"FreyrVikingur","1","1","2"
"frhimmelreich06","1","1","2"
"fricotrenka","1","1","2"
"Friedeseimitdir","1","1","2"
"Friendly_KoPiBaRa","1","1","2"
"friscel","1","1","2"
"frisky_dingo","1","1","2"
"Fritzfliege","1","1","2"
"Frizette7","1","1","2"
"Frogonthetoilett","1","1","2"
"fromm66","1","1","2"
"Frooid","1","1","2"
"frost_titan","1","1","2"
"frostmoss391","1","1","2"
"frostsumonner","1","1","2"
"FROSTYMAN","1","1","2"
"Frozzy20","1","1","2"
"Fruci","1","1","2"
"Frupel","1","1","2"
"frupepsi","1","1","2"
"Fruu19","1","1","2"
"FSAY","1","1","2"
"FshFshFsh","1","1","2"
"FSSnigdho","1","1","2"
"Fth_alc34","1","1","2"
"FuadLatifov","1","1","2"
"fuersattel","1","1","2"
"fugnallo","1","1","2"
"fuho","1","1","2"
"Full23mas7er","1","1","2"
"FullOffer","1","1","2"
"FunBouncyPasta","1","1","2"
"funbunmann","1","1","2"
"Funesleunam","1","1","2"
"FunkDerrick99","1","1","2"
"Funkie44","1","1","2"
"funny-guy-from-Earth","1","1","2"
"FunRedPlate","1","1","2"
"Furkan_Can","1","1","2"
"Furkan_Ekinci58","1","1","2"
"Furkan0615","1","1","2"
"Furkan120","1","1","2"
"furkanduz","1","1","2"
"furkanstan","1","1","2"
"FurryAjedrez","1","1","2"
"futuremaker","1","1","2"
"FuturoDoZeDoTelhado","1","1","2"
"fuwinz","1","1","2"
"fvanzkafka","1","1","2"
"fx2060","1","1","2"
"fykas123","1","1","2"
"fykidwai","1","1","2"
"g_Tit0","1","1","2"
"G_Truelet","1","1","2"
"g0loob","1","1","2"
"G13RW","1","1","2"
"g189","1","1","2"
"G1PeSH","1","1","2"
"G305","1","1","2"
"g4444m","1","1","2"
"g4d5","1","1","2"
"G4lu","1","1","2"
"G6Y6","1","1","2"
"GA_AG","1","1","2"
"gaabriel4k","1","1","2"
"Gaad77","1","1","2"
"Gabby_Siano","1","1","2"
"gabeblack","1","1","2"
"gabeitchez","1","1","2"
"gabester101","1","1","2"
"GabeStudemayer","1","1","2"
"Gabi2g","1","1","2"
"gabidou","1","1","2"
"gabiluci2023","1","1","2"
"gabinuus","1","1","2"
"gabosas","1","1","2"
"Gabriel_716","1","1","2"
"Gabriel_Kickmaier","1","1","2"
"Gabriel-Barbulescu","1","1","2"
"GABRIEL15AS","1","1","2"
"GabrielBorchardt","1","1","2"
"gabriele_pelle","1","1","2"
"Gabrielflamengo","1","1","2"
"gabrielgaio","1","1","2"
"GabrielRoma8","1","1","2"
"Gabs25","1","1","2"
"GabyStark","1","1","2"
"gacayr","1","1","2"
"GACHAG","1","1","2"
"GadielHC30","1","1","2"
"gadochess","1","1","2"
"gagao","1","1","2"
"gagovit","1","1","2"
"GAhussein172","1","1","2"
"gaithtabba","1","1","2"
"gakashchess","1","1","2"
"GAL48","1","1","2"
"galan_1981","1","1","2"
"Galangel","1","1","2"
"Galaxion1509","1","1","2"
"Galgemannen","1","1","2"
"gallags","1","1","2"
"gamatos","1","1","2"
"Gambino10","1","1","2"
"GambinoGambit017","1","1","2"
"Gambitos_Malos","1","1","2"
"Gambitoxx","1","1","2"
"GambitQueen78","1","1","2"
"GambitTebeVRot","1","1","2"
"gamble7","1","1","2"
"Gamechasers23","1","1","2"
"Gamius00","1","1","2"
"gammaplayer2","1","1","2"
"gams10","1","1","2"
"ganaa6265","1","1","2"
"ganapathii","1","1","2"
"Gandhi66","1","1","2"
"Gandhim88","1","1","2"
"Gandhiman","1","1","2"
"gandu1771","1","1","2"
"Ganibaev_Ravil","1","1","2"
"Gannicuss","1","1","2"
"gansius","1","1","2"
"gaphda2","1","1","2"
"GardenerIvern","1","1","2"
"Garg_07","1","1","2"
"GargArnav","1","1","2"
"garibaldi007","1","1","2"
"Garik1994Garik","1","1","2"
"Garipova","1","1","2"
"GaripovMarat","1","1","2"
"garriszs","1","1","2"
"GartenzaunHD","1","1","2"
"Garthy59","1","1","2"
"Gartovski","1","1","2"
"garvhanda","1","1","2"
"Garvit1811","1","1","2"
"gas198","1","1","2"
"gatalski","1","1","2"
"Gato457","1","1","2"
"GatPack","1","1","2"
"GAURAV_SINGH_VZ","1","1","2"
"gautam-chess_hunter","1","1","2"
"gautammaheshwary27","1","1","2"
"gauthamnischal","1","1","2"
"Gavagai240","1","1","2"
"gavinashun","1","1","2"
"gavrilovladislav","1","1","2"
"Gayanii","1","1","2"
"gaypeople","1","1","2"
"Gazali3","1","1","2"
"gazbo","1","1","2"
"gazi1075","1","1","2"
"GazimovPlay","1","1","2"
"gbjh","1","1","2"
"Gboy87","1","1","2"
"Gbrosox","1","1","2"
"gchark","1","1","2"
"Gclax21","1","1","2"
"gdsgdsfdsadasff","1","1","2"
"Geazi","1","1","2"
"Geckomann","1","1","2"
"geegan_sanya","1","1","2"
"geektyper","1","1","2"
"GeeRam","1","1","2"
"GeertKevin","1","1","2"
"geewhiz","1","1","2"
"geeyes_paulmorphy","1","1","2"
"GeheimePion009","1","1","2"
"Gehian","1","1","2"
"GEKOLONISEERD","1","1","2"
"gelm","1","1","2"
"gelverdes","1","1","2"
"gemm69","1","1","2"
"Gemstines","1","1","2"
"genaris","1","1","2"
"gencbirmuhendis","1","1","2"
"Genemius","1","1","2"
"gener1984","1","1","2"
"General_Paradox","1","1","2"
"GeneralCheckmate6","1","1","2"
"GENERALSUKER","1","1","2"
"genericcasualplayer","1","1","2"
"Genericop","1","1","2"
"Genius42","1","1","2"
"geniusually","1","1","2"
"Genka_Bukin","1","1","2"
"GenoThePuppet","1","1","2"
"Gent_Rexhaj","1","1","2"
"GentleGirl","1","1","2"
"Gentlemenhunter","1","1","2"
"GentleTornado","1","1","2"
"GenTurgidson","1","1","2"
"geograf_scn","1","1","2"
"Geordi3000","1","1","2"
"GeorgDonner","1","1","2"
"George_Alfred","1","1","2"
"GeorgeBucket","1","1","2"
"GeorgeChow","1","1","2"
"GeorgeHornet","1","1","2"
"GeorgeKal","1","1","2"
"GeorgeMpoliaris","1","1","2"
"GeorgeSkaki2174","1","1","2"
"Georgii_Surov_Suslik","1","1","2"
"Georgij0806","1","1","2"
"GeorgNFri","1","1","2"
"Georgy435","1","1","2"
"Gepetasso","1","1","2"
"GERALD_BELARMINO5995","1","1","2"
"gerappa","1","1","2"
"gerard979","1","1","2"
"Gerardmtz","1","1","2"
"Gerardvaguilar","1","1","2"
"Geraschenko_Anton","1","1","2"
"Gerasichev","1","1","2"
"Gerasu","1","1","2"
"GerAz1","1","1","2"
"gergo89","1","1","2"
"Gerhgro","1","1","2"
"german109","1","1","2"
"German308","1","1","2"
"GermanAssum","1","1","2"
"GerMel","1","1","2"
"Gernhard","1","1","2"
"Gero","1","1","2"
"Gerritzky","1","1","2"
"Gerry1978","1","1","2"
"Gerrylein12","1","1","2"
"GerryScotty","1","1","2"
"GeRsHiNsKiY","1","1","2"
"Gervazy","1","1","2"
"GetHighOnWeed","1","1","2"
"gewaku","1","1","2"
"gewinnertyp161","1","1","2"
"Geysermtz","1","1","2"
"gffks","1","1","2"
"GFysics","1","1","2"
"gg_plaer","1","1","2"
"GG_ROHAN","1","1","2"
"GGEZ199522","1","1","2"
"Ggg243","1","1","2"
"gggggame","1","1","2"
"GGmbarak","1","1","2"
"ggqw","1","1","2"
"ghansh","1","1","2"
"GharChess","1","1","2"
"gharris","1","1","2"
"ghoda-bkl","1","1","2"
"Ghost_Species","1","1","2"
"GhostFlamingo01","1","1","2"
"ghostrider20","1","1","2"
"Ghozlan","1","1","2"
"GI00","1","1","2"
"giaco1974","1","1","2"
"gian_romero30","1","1","2"
"Gianbuchi","1","1","2"
"giancb","1","1","2"
"Gianluca3000","1","1","2"
"Gianluca7H3","1","1","2"
"GianPiero_CASM","1","1","2"
"Gianpiero_Miosi","1","1","2"
"giant_dump","1","1","2"
"GigaCHAD2011","1","1","2"
"gigaffj","1","1","2"
"Gigginokok","1","1","2"
"giggione","1","1","2"
"Gigi801111","1","1","2"
"Gill97","1","1","2"
"Gilsson","1","1","2"
"Gilthbrim","1","1","2"
"GimGam","1","1","2"
"gimipiwa","1","1","2"
"gingerbeast","1","1","2"
"Ginhavana19","1","1","2"
"Ginshot","1","1","2"
"Gio4900","1","1","2"
"Gio7t","1","1","2"
"Gioachino678","1","1","2"
"Giorgi_Beradze","1","1","2"
"giorgi_iashvili","1","1","2"
"giorgio_jackson1","1","1","2"
"GIORGOSNIKOLIS","1","1","2"
"giorrrrrrrrrr","1","1","2"
"giovanidrc","1","1","2"
"GirafeVerte","1","1","2"
"Girnaeth","1","1","2"
"gisleyt","1","1","2"
"giulia_npl","1","1","2"
"GiulianoMaRe","1","1","2"
"GiulioBigotti","1","1","2"
"give_it_up","1","1","2"
"givenuprofessor","1","1","2"
"gkarma","1","1","2"
"GKVGovi","1","1","2"
"GladiatorJedi","1","1","2"
"Gladkiy_Maxim","1","1","2"
"glamborena","1","1","2"
"glaminaktra","1","1","2"
"glandock","1","1","2"
"Gleb_Momot","1","1","2"
"glebanan","1","1","2"
"glebbess","1","1","2"
"GlebF10","1","1","2"
"GlebLukerin","1","1","2"
"Glebpivo","1","1","2"
"glicine67","1","1","2"
"Globaldj75","1","1","2"
"glogaglotatel91","1","1","2"
"Gloria_yu","1","1","2"
"gluteusmaximus1","1","1","2"
"Gman2000","1","1","2"
"gmardadestroyer","1","1","2"
"gmb5127","1","1","2"
"Gmdavido91","1","1","2"
"gmillenniumfalcon","1","1","2"
"GMKajrakso","1","1","2"
"gmkeyser_19","1","1","2"
"gmsadik","1","1","2"
"GMsammikov","1","1","2"
"Gmsg12","1","1","2"
"gmteo","1","1","2"
"gni1","1","1","2"
"gniko","1","1","2"
"gnofmot","1","1","2"
"GnomAlexey","1","1","2"
"Gnorfe","1","1","2"
"Go4Hoodie","1","1","2"
"go6poe_ympo","1","1","2"
"Goat_collo","1","1","2"
"GoatBaller3","1","1","2"
"goauriku","1","1","2"
"God_evil001","1","1","2"
"GodieACT-2","1","1","2"
"GodOsopp","1","1","2"
"Godsavesmyqueen","1","1","2"
"GodsCMD","1","1","2"
"Godson_01","1","1","2"
"Godteri","1","1","2"
"goforextra","1","1","2"
"Goge","1","1","2"
"Gogeta311","1","1","2"
"Gogi_F","1","1","2"
"GogiGogi87","1","1","2"
"Gogo1972","1","1","2"
"gogoglhf","1","1","2"
"Gogzy","1","1","2"
"goi_2009","1","1","2"
"Going_Nuts","1","1","2"
"goktanerkoc","1","1","2"
"Goktug_Gagarin","1","1","2"
"GoktugK26","1","1","2"
"Gol-D-Roger","1","1","2"
"goldbaer61","1","1","2"
"Golden_Piece","1","1","2"
"GoldenBrazzzer","1","1","2"
"GoldenCrucian","1","1","2"
"GolDim","1","1","2"
"Goldinho","1","1","2"
"goldmember89","1","1","2"
"GolgeKiz","1","1","2"
"golhashemahdii","1","1","2"
"Goloborodko","1","1","2"
"goltsev2000","1","1","2"
"Gongbonuonuo","1","1","2"
"Gonor","1","1","2"
"Gonzalosarbravo","1","1","2"
"gonziii3014","1","1","2"
"gooby99","1","1","2"
"Gooch28","1","1","2"
"Gooday97","1","1","2"
"goodmanners","1","1","2"
"goodvibes1one1one1","1","1","2"
"goodwaon","1","1","2"
"GoodYacine202","1","1","2"
"Goodzilla1","1","1","2"
"goofygoober2000","1","1","2"
"goose_q","1","1","2"
"goosebay","1","1","2"
"Gopi2022","1","1","2"
"goraherria","1","1","2"
"gordinonsky","1","1","2"
"Gorettillo","1","1","2"
"GorgonSlayer41","1","1","2"
"gorkem43","1","1","2"
"gorobalu","1","1","2"
"Goronz","1","1","2"
"goryu","1","1","2"
"gosauer","1","1","2"
"GoSLSeahawks","1","1","2"
"Goswami02","1","1","2"
"Goth07","1","1","2"
"GothamaTer","1","1","2"
"Gothmog0","1","1","2"
"gotovtsev_ak","1","1","2"
"govago","1","1","2"
"GowrishaUdupa","1","1","2"
"GoyangDombrets","1","1","2"
"GPCM1180058","1","1","2"
"gpm1989","1","1","2"
"Gr-Dn","1","1","2"
"Graaabi","1","1","2"
"Grach17","1","1","2"
"GrafAlucard","1","1","2"
"grahitri","1","1","2"
"GRAMDMAMAISHOME","1","1","2"
"Gramis","1","1","2"
"Gramotno","1","1","2"
"gramps","1","1","2"
"GranCanariaRobin","1","1","2"
"Grand-Master-mind","1","1","2"
"grand-master2177","1","1","2"
"grandetg","1","1","2"
"Grandmaste-Ipang","1","1","2"
"GrandmasterChees","1","1","2"
"GrandMasterFitz","1","1","2"
"grandmastermite","1","1","2"
"GrandSkink","1","1","2"
"Grant24","1","1","2"
"grantham56","1","1","2"
"Grantler","1","1","2"
"grapefruit776","1","1","2"
"graphtheory","1","1","2"
"GraSileNo","1","1","2"
"GrayTus","1","1","2"
"grazed","1","1","2"
"grcsfn","1","1","2"
"Great_Patriarch","1","1","2"
"GreatEddie","1","1","2"
"GreatmasterG","1","1","2"
"Gredtyuf","1","1","2"
"green_Kid","1","1","2"
"Greg_254","1","1","2"
"greg0ree","1","1","2"
"gregdil","1","1","2"
"Gregoryoleksa","1","1","2"
"Gregougouille","1","1","2"
"Greifi","1","1","2"
"Grepulis","1","1","2"
"Greymurs","1","1","2"
"grglychss","1","1","2"
"gribbb","1","1","2"
"Griezard","1","1","2"
"Griffith97","1","1","2"
"grigorijjj","1","1","2"
"Gril0","1","1","2"
"grinders2000","1","1","2"
"Grisha_Yaroshenko10","1","1","2"
"Griszle","1","1","2"
"grk34","1","1","2"
"GrobikOmara","1","1","2"
"Groc0dile","1","1","2"
"gromhellscream","1","1","2"
"Grosgoblin20","1","1","2"
"Grosmollet","1","1","2"
"Grosny_Iwan","1","1","2"
"Gross_Jeger_Meister","1","1","2"
"Grot_tm","1","1","2"
"grozny_franek","1","1","2"
"grr66","1","1","2"
"Grtfrknwhite","1","1","2"
"Gruit","1","1","2"
"Grundgesetz139146","1","1","2"
"grv2979","1","1","2"
"grzegorek","1","1","2"
"grzesiek0","1","1","2"
"Gsauce","1","1","2"
"gseggr","1","1","2"
"gsideris","1","1","2"
"gsp1234","1","1","2"
"GSRAkz","1","1","2"
"GSVVDiamond","1","1","2"
"GTB333","1","1","2"
"Gthevampire","1","1","2"
"Gtnz","1","1","2"
"Gtskgra","1","1","2"
"Gu-st-av","1","1","2"
"Guamis","1","1","2"
"guardian_emm70","1","1","2"
"Guardian2Be","1","1","2"
"Gubmob","1","1","2"
"guddu1616","1","1","2"
"guenthbert","1","1","2"
"Guerrercerda","1","1","2"
"Guguzik","1","1","2"
"GuidoEcheverry","1","1","2"
"guilhermezem","1","1","2"
"guille0311","1","1","2"
"Guille0589","1","1","2"
"GuillemMarti2100","1","1","2"
"guillermo1979","1","1","2"
"Guillothina_for_ever","1","1","2"
"guima0681","1","1","2"
"guimaGambit","1","1","2"
"guimcr","1","1","2"
"Gulamigo","1","1","2"
"Gulare999","1","1","2"
"gulevent","1","1","2"
"Gulnitz","1","1","2"
"Gunakaka","1","1","2"
"Gundabaz9999","1","1","2"
"gundrius","1","1","2"
"guneyteber2011","1","1","2"
"GUNJAN_DEWANGAN_KPS","1","1","2"
"gunjanchauhan","1","1","2"
"gunjandubey","1","1","2"
"Gunnar13","1","1","2"
"gunturangin_CCN","1","1","2"
"guojixiangqi888","1","1","2"
"guptalalit","1","1","2"
"guraten","1","1","2"
"GurbanG","1","1","2"
"Guren11","1","1","2"
"Gurjothoney","1","1","2"
"gurmehersk","1","1","2"
"GurpinderSidhu","1","1","2"
"gursimar","1","1","2"
"Gursimarsingh","1","1","2"
"Gus-Hansen","1","1","2"
"gusah07","1","1","2"
"Gusar1909","1","1","2"
"gusish","1","1","2"
"gustavochukenson","1","1","2"
"Gustaw0","1","1","2"
"guy_from_that_movie","1","1","2"
"Guyetienne95","1","1","2"
"GuyWiener","1","1","2"
"Guzzo","1","1","2"
"gv97villarruel","1","1","2"
"gvg56","1","1","2"
"GVikt","1","1","2"
"Gvozd12","1","1","2"
"Gwademba692","1","1","2"
"gwartan","1","1","2"
"Gwaynelambert","1","1","2"
"Gwyoume2","1","1","2"
"Gx34","1","1","2"
"gxchess1","1","1","2"
"gyh20","1","1","2"
"Gyni","1","1","2"
"Gynzel","1","1","2"
"gyrind","1","1","2"
"Gyvumbo","1","1","2"
"H_Fauzan","1","1","2"
"h_lector","1","1","2"
"h_lofgren_STSTL","1","1","2"
"H_OROZCO","1","1","2"
"h00006797","1","1","2"
"H3RM3Z","1","1","2"
"h4mmer_t1m3","1","1","2"
"H4san8","1","1","2"
"h6nri","1","1","2"
"ha22y","1","1","2"
"haake","1","1","2"
"haarpweapon","1","1","2"
"habbeeeed","1","1","2"
"Hacker_26","1","1","2"
"hacker29","1","1","2"
"hadi_64","1","1","2"
"hadi_firuozja","1","1","2"
"haerko2","1","1","2"
"hafizdagreat","1","1","2"
"Hah_Mat2023","1","1","2"
"hahahaio","1","1","2"
"HaiderR","1","1","2"
"haimullapudi","1","1","2"
"Hainter","1","1","2"
"HaitamBarez1996","1","1","2"
"haithamZiko","1","1","2"
"HakanKUCUK","1","1","2"
"hakanyurtsever","1","1","2"
"hakanz2002","1","1","2"
"hakemoo","1","1","2"
"Hakim25dz","1","1","2"
"hakonha","1","1","2"
"HakriRebirth","1","1","2"
"haksjen","1","1","2"
"HalalKingdom","1","1","2"
"haldrus","1","1","2"
"haleschrott","1","1","2"
"HalfBlood21","1","1","2"
"halfwayrook","1","1","2"
"Halil42","1","1","2"
"Halit20097272","1","1","2"
"hall03","1","1","2"
"halldene","1","1","2"
"Halmenovics","1","1","2"
"halowarszawo","1","1","2"
"halupa1","1","1","2"
"hama10","1","1","2"
"hamada1998a","1","1","2"
"Hamburg187","1","1","2"
"hamdanhamd","1","1","2"
"hamdenred","1","1","2"
"hamed_nadal","1","1","2"
"hamedpishtaz","1","1","2"
"Hamid198","1","1","2"
"hamid6311","1","1","2"
"hamid999999","1","1","2"
"Hamidou95","1","1","2"
"hamidrezakiani123","1","1","2"
"Hamidt","1","1","2"
"Haminall","1","1","2"
"hamit_elmas_top","1","1","2"
"HaMithrandir","1","1","2"
"Hamletapenas","1","1","2"
"HAMMAM17104","1","1","2"
"Hamran","1","1","2"
"HamzaAguir","1","1","2"
"Hamzacherif1418","1","1","2"
"hanatamata","1","1","2"
"Hanceyiscoming","1","1","2"
"hanczvs","1","1","2"
"hangs007","1","1","2"
"Hankmoodi","1","1","2"
"HannahQueenie31","1","1","2"
"Hannibal213","1","1","2"
"Hannobal","1","1","2"
"Hans_Ok","1","1","2"
"Hans-Knapp","1","1","2"
"Hanscaesar","1","1","2"
"Hansete94","1","1","2"
"Hansmoke_Niemannism","1","1","2"
"HansPaul","1","1","2"
"hanszimmero","1","1","2"
"HAP84","1","1","2"
"happychess07","1","1","2"
"haquearman96","1","1","2"
"HARBEY1","1","1","2"
"Harchevnya","1","1","2"
"hardbernard","1","1","2"
"hardmatwii","1","1","2"
"hare123","1","1","2"
"Hari1504","1","1","2"
"harihara1439","1","1","2"
"haris9h","1","1","2"
"hariseldonspock","1","1","2"
"HarisK3","1","1","2"
"harisp","1","1","2"
"haritonn","1","1","2"
"HarlD15","1","1","2"
"haronlive","1","1","2"
"Haroon6768","1","1","2"
"harroww","1","1","2"
"harry_7965","1","1","2"
"Harry_Maguire11","1","1","2"
"Harry_N","1","1","2"
"harry2680","1","1","2"
"HarryChess46","1","1","2"
"HarryPotter87","1","1","2"
"Harryramirez","1","1","2"
"harshala","1","1","2"
"Harsheeeta","1","1","2"
"HarshilShah93","1","1","2"
"HarshvirJ","1","1","2"
"Hartur224","1","1","2"
"Harun_deseler_kafi","1","1","2"
"haruncelik","1","1","2"
"harveybaterscpecter","1","1","2"
"Harvin1201","1","1","2"
"Harvinash235_6","1","1","2"
"Hasan_Abedi","1","1","2"
"HasanAshraf","1","1","2"
"hasangurses2012","1","1","2"
"hasanknk","1","1","2"
"HasanKoray","1","1","2"
"Haschi","1","1","2"
"Hasetal","1","1","2"
"HASHEMPi","1","1","2"
"Hashim101","1","1","2"
"HASHIRAMA_MADARA","1","1","2"
"HashMaster066","1","1","2"
"HaskyHarun","1","1","2"
"hasnat007","1","1","2"
"Haspel92","1","1","2"
"HassaanKhan","1","1","2"
"hassanV7","1","1","2"
"hassen1978","1","1","2"
"hastalikBUsatranc","1","1","2"
"HASYLOS","1","1","2"
"hataylisamara","1","1","2"
"HaughtyKapn","1","1","2"
"Haunted0strich","1","1","2"
"havelmos","1","1","2"
"Haviv1idan","1","1","2"
"Hawk2733","1","1","2"
"Hawktrex","1","1","2"
"Hawwaon","1","1","2"
"haydaaaaaarr","1","1","2"
"haydonjay","1","1","2"
"hazard130503","1","1","2"
"Hazardcat","1","1","2"
"HazardzZz","1","1","2"
"hazarr31","1","1","2"
"Hazel_27","1","1","2"
"Hazem0Mohamed","1","1","2"
"Hazem998","1","1","2"
"hazerm","1","1","2"
"HazMat2074","1","1","2"
"Hazret_kz","1","1","2"
"hazzil","1","1","2"
"hbathla16","1","1","2"
"hbaysall","1","1","2"
"hctd","1","1","2"
"HcwHarvey","1","1","2"
"hddjksksn","1","1","2"
"HdiNik70","1","1","2"
"Hdude4021","1","1","2"
"He1senberg125","1","1","2"
"he4di","1","1","2"
"Head2k1","1","1","2"
"headwolf","1","1","2"
"heartn","1","1","2"
"HeavyCoach","1","1","2"
"Heavyking","1","1","2"
"HebdrikK","1","1","2"
"hec17","1","1","2"
"hechtinger","1","1","2"
"Hector112482","1","1","2"
"HectorGubelin","1","1","2"
"hedish","1","1","2"
"Heedor","1","1","2"
"hegels_ghost","1","1","2"
"heheshka","1","1","2"
"heidarali1359","1","1","2"
"heidro","1","1","2"
"Heigth","1","1","2"
"heilskaptain","1","1","2"
"Heine2207","1","1","2"
"Heinrich777","1","1","2"
"heisenberg_2","1","1","2"
"heitorgomes1994","1","1","2"
"hekimm","1","1","2"
"HelenMe","1","1","2"
"Hello_I_am_Light","1","1","2"
"hello_o0o","1","1","2"
"Hello_Timur","1","1","2"
"hello1226","1","1","2"
"hellohaha","1","1","2"
"hellomifiend","1","1","2"
"hellovro1234","1","1","2"
"HelloYoungMan","1","1","2"
"Helmuts_Bondars","1","1","2"
"HELOIM_THE_CREATOR","1","1","2"
"HelpfulLand","1","1","2"
"helvatica","1","1","2"
"Hem0607","1","1","2"
"Hemanth_7","1","1","2"
"HemanthVarma","1","1","2"
"HEMDV3787","1","1","2"
"Henaxb","1","1","2"
"HendoSon","1","1","2"
"Hendrixj8","1","1","2"
"Hennrix","1","1","2"
"Henricx1","1","1","2"
"Henrique_S","1","1","2"
"henrique1811","1","1","2"
"Henry314Chess","1","1","2"
"Henryc548","1","1","2"
"HenryOkike","1","1","2"
"heocon","1","1","2"
"HerBruddaMan679","1","1","2"
"Herlish","1","1","2"
"hermione_chau","1","1","2"
"HermioneGrangerChess","1","1","2"
"HeroCat","1","1","2"
"HeroJan","1","1","2"
"Herosprint","1","1","2"
"HerrderRinge4711","1","1","2"
"herusetoaji","1","1","2"
"hervetlse","1","1","2"
"HerY63","1","1","2"
"hesam2046sh","1","1","2"
"heschu","1","1","2"
"hesher_one","1","1","2"
"hessuss","1","1","2"
"hestefaen","1","1","2"
"het_1201","1","1","2"
"hetzmantibor","1","1","2"
"hevonen1234","1","1","2"
"HeworserChess","1","1","2"
"hexakiller","1","1","2"
"Hexerade","1","1","2"
"heytherekj2","1","1","2"
"HeyVinz","1","1","2"
"hez_au","1","1","2"
"HGES008","1","1","2"
"hgghgghgg","1","1","2"
"Hgtfl","1","1","2"
"hheller","1","1","2"
"hi_player","1","1","2"
"hickepie","1","1","2"
"Hicoflavio","1","1","2"
"HiddenMoon","1","1","2"
"Hiew","1","1","2"
"Hifidelity","1","1","2"
"Higgstein","1","1","2"
"highcurtain","1","1","2"
"HigOnStrings_137","1","1","2"
"HIHUHEHO","1","1","2"
"Hiiikevin","1","1","2"
"HiimLemon","1","1","2"
"Hijazi","1","1","2"
"hikarucantcompete","1","1","2"
"Hillaryigadwa","1","1","2"
"hillden","1","1","2"
"hilllidy","1","1","2"
"hillsbam","1","1","2"
"hima312","1","1","2"
"Himanshu98","1","1","2"
"himbappe","1","1","2"
"himdad","1","1","2"
"Himey_Anatoliy","1","1","2"
"himmet20","1","1","2"
"HingIeMcCringleberry","1","1","2"
"HiradFarzipour","1","1","2"
"Hiradyazdanjou","1","1","2"
"Hiralal777","1","1","2"
"hireshdugar","1","1","2"
"His200","1","1","2"
"hjjanssen1973","1","1","2"
"hjkasdd","1","1","2"
"hjow","1","1","2"
"Hkkarmalkar","1","1","2"
"Hlutea","1","1","2"
"hlv_chesstactics","1","1","2"
"hm_odi","1","1","2"
"Hmbosb","1","1","2"
"hmirova_daria","1","1","2"
"hmsf89","1","1","2"
"HNafi","1","1","2"
"hoang4nhtu","1","1","2"
"hobbyguy","1","1","2"
"HobbyKing","1","1","2"
"HoBu4ok_B_LLIaxMaTax","1","1","2"
"Hoffi7","1","1","2"
"Hohonk","1","1","2"
"Hoid-n-Kelsier","1","1","2"
"hoijam","1","1","2"
"Holfius","1","1","2"
"Holo12","1","1","2"
"Holubnik","1","1","2"
"Holyheckers","1","1","2"
"HolyK","1","1","2"
"Holyspirit3467","1","1","2"
"Holzstapel30","1","1","2"
"home-home-home","1","1","2"
"HomenRabha","1","1","2"
"homergoescrazy","1","1","2"
"Homerito10","1","1","2"
"homerosaker","1","1","2"
"homotopik","1","1","2"
"Honbaime","1","1","2"
"Honchorrific","1","1","2"
"Hone11y","1","1","2"
"honeybee69","1","1","2"
"honlycasho","1","1","2"
"Honourguy","1","1","2"
"HonzaLa","1","1","2"
"honzulik","1","1","2"
"hooke1m","1","1","2"
"hooman1991","1","1","2"
"Hoory1812","1","1","2"
"HopeAtheist","1","1","2"
"hoperawr","1","1","2"
"HopiaUbetag5","1","1","2"
"hoplayantilop31","1","1","2"
"Hoptank","1","1","2"
"Hordamaster","1","1","2"
"hordified","1","1","2"
"Horizongalaxy","1","1","2"
"hormiganegra877","1","1","2"
"HoroshevSlava","1","1","2"
"horror-vacui","1","1","2"
"HorseWashing","1","1","2"
"Hosammmahmoud","1","1","2"
"hosineslami123456784","1","1","2"
"hosq","1","1","2"
"Hossam_Elgayar","1","1","2"
"Hossamelmalla7","1","1","2"
"hossein_bz","1","1","2"
"Hossein916","1","1","2"
"Hosseinrhmn","1","1","2"
"hossenhossenato","1","1","2"
"hossienravanbod","1","1","2"
"Hot_lemons","1","1","2"
"Hot_Tea_And_Biscuits","1","1","2"
"hot9cups","1","1","2"
"HotdogParty","1","1","2"
"hotfatlizard_12","1","1","2"
"Hotshot625","1","1","2"
"hott22","1","1","2"
"HowardRoarkLaughed","1","1","2"
"HowardStaunton","1","1","2"
"HP-Gruenh","1","1","2"
"hp90huntedhp","1","1","2"
"Hpd","1","1","2"
"Hpffh","1","1","2"
"hr_Hana","1","1","2"
"HrachAs","1","1","2"
"Hridhay_S","1","1","2"
"hrispine","1","1","2"
"Hrook7","1","1","2"
"hrustikG","1","1","2"
"HSNALI3000","1","1","2"
"hsnesyk","1","1","2"
"hsrada","1","1","2"
"HSW1893","1","1","2"
"hsyed8725","1","1","2"
"HTK2017","1","1","2"
"Htuy6urf","1","1","2"
"huams","1","1","2"
"Huanchaca","1","1","2"
"huangdianer","1","1","2"
"HudMelee","1","1","2"
"Hueh","1","1","2"
"hughk23","1","1","2"
"Hugo7513","1","1","2"
"HugooBoss","1","1","2"
"HugoRey","1","1","2"
"Hugoty","1","1","2"
"huguito_wav","1","1","2"
"HuileWheel","1","1","2"
"Hujnik333","1","1","2"
"Humaia","1","1","2"
"Humberto2903","1","1","2"
"Humblemoses","1","1","2"
"humiep","1","1","2"
"HumongousD","1","1","2"
"HumoristB","1","1","2"
"HumptyDumpty89","1","1","2"
"humsal","1","1","2"
"Hun-Hunahpu","1","1","2"
"HunerGroup","1","1","2"
"Hungry_tiger1234","1","1","2"
"Hunna_100","1","1","2"
"Hunter31531X","1","1","2"
"Hunterbea","1","1","2"
"Hurmoksellinen","1","1","2"
"husenbert","1","1","2"
"huseyin_can0102","1","1","2"
"hussainboss","1","1","2"
"hussam20","1","1","2"
"Hussam76","1","1","2"
"Hussar_27","1","1","2"
"hussien96","1","1","2"
"hussienelkazaz","1","1","2"
"hussnumnum","1","1","2"
"Hustav_Mahler","1","1","2"
"Huyanhlevc","1","1","2"
"huys2002","1","1","2"
"HW85296","1","1","2"
"hwilson90","1","1","2"
"Hwok","1","1","2"
"Hybiscus","1","1","2"
"Hydra1987","1","1","2"
"HydroKun","1","1","2"
"hykeem","1","1","2"
"Hymest","1","1","2"
"hypercomputer","1","1","2"
"hypergrid","1","1","2"
"Hyperion04","1","1","2"
"hypernaceur","1","1","2"
"Hypershadow1","1","1","2"
"HYPSINCOSTAN","1","1","2"
"HYUN2021","1","1","2"
"I_am_Batman","1","1","2"
"I_am_Realpatzer","1","1","2"
"I_b4estudos","1","1","2"
"I_bis_de_globi","1","1","2"
"I_Cerberus66","1","1","2"
"I_check","1","1","2"
"I_Dont_Know21","1","1","2"
"i_imer","1","1","2"
"I_Kipkoech","1","1","2"
"i_lose_every_game25","1","1","2"
"i_miss_chris_jia","1","1","2"
"i_swarup","1","1","2"
"i_tinina25","1","1","2"
"I-BOUCHERIT","1","1","2"
"I-D-D-Q-D","1","1","2"
"I1MP3rAT0r","1","1","2"
"I2F3009","1","1","2"
"i77ness","1","1","2"
"i85cortes","1","1","2"
"i9i9i9i9i9i9i9i9i9i9","1","1","2"
"iagotc","1","1","2"
"Ialreadyexist","1","1","2"
"Ialwaysplaychess","1","1","2"
"iamabeast123","1","1","2"
"iamblunderful","1","1","2"
"IamBryanH21","1","1","2"
"IamNeerajManhas","1","1","2"
"iamnotvedansh","1","1","2"
"iamreal_ke2","1","1","2"
"iamseungpil","1","1","2"
"iamtha_D","1","1","2"
"IAmTheDoomBringer","1","1","2"
"iamvegeta","1","1","2"
"Ian_Knox","1","1","2"
"Ian_llanto1989","1","1","2"
"ian_nepomatchi","1","1","2"
"IanKnaub717","1","1","2"
"ianmulvany","1","1","2"
"iann45","1","1","2"
"iantimmis","1","1","2"
"IAOscar","1","1","2"
"Ibaixubi","1","1","2"
"ibarix","1","1","2"
"IBETUNOREMATCH","1","1","2"
"IbnTahsinArham16","1","1","2"
"ibqqzcaeser1","1","1","2"
"ibraheem3310","1","1","2"
"Ibrahim1323","1","1","2"
"Ibrahimc0","1","1","2"
"IbroManI","1","1","2"
"IcanSEEyou2","1","1","2"
"icantplaychess1","1","1","2"
"ICantPlayWellAtAll","1","1","2"
"ice7x","1","1","2"
"icechess2k","1","1","2"
"IceChinchilla","1","1","2"
"icelandbiscuit","1","1","2"
"IceLordOzai","1","1","2"
"Iceman128","1","1","2"
"iceSkyy","1","1","2"
"IceStationZebraAssc","1","1","2"
"ich-selbst","1","1","2"
"Ichal85","1","1","2"
"ichigo6","1","1","2"
"ICTS-b2-16","1","1","2"
"ICY97","1","1","2"
"icyknt","1","1","2"
"IcyLefty","1","1","2"
"ID421988","1","1","2"
"idankat","1","1","2"
"Idealich1","1","1","2"
"Idiane-Dias","1","1","2"
"IDikarek","1","1","2"
"IdiotBert","1","1","2"
"idjano2023","1","1","2"
"Idlesmooth","1","1","2"
"IdontStudyChess_01","1","1","2"
"Idragonimmt6","1","1","2"
"idrisB","1","1","2"
"idrizzz1","1","1","2"
"iduuun","1","1","2"
"IeatUrKing4lunch","1","1","2"
"iEgehan","1","1","2"
"IEsteve","1","1","2"
"IFElfsborg","1","1","2"
"ifokanbale","1","1","2"
"IGaponov","1","1","2"
"IgboPoker","1","1","2"
"Igf","1","1","2"
"iggi92","1","1","2"
"iggyp123","1","1","2"
"iglidraci","1","1","2"
"ignaciogomezc","1","1","2"
"ignLlama","1","1","2"
"Igor_d0811","1","1","2"
"igor_huemtsev","1","1","2"
"Igor-E-2011-05-30","1","1","2"
"Igor-Mikryukov","1","1","2"
"igor00244","1","1","2"
"IgorAl","1","1","2"
"IgorBer","1","1","2"
"Igorcar1994","1","1","2"
"Igoroslaw","1","1","2"
"igorzub1995","1","1","2"
"igsilpagar","1","1","2"
"iguy1000","1","1","2"
"ihabHamED","1","1","2"
"ihabmm","1","1","2"
"iHateAlyIsmailov","1","1","2"
"ihaveweakmental","1","1","2"
"iHAZZARDi","1","1","2"
"Ihro-Supercat","1","1","2"
"IIIAmonRAIII","1","1","2"
"IiroRantal","1","1","2"
"IJJJJJJI","1","1","2"
"IjonkEr","1","1","2"
"IKaanBey","1","1","2"
"ikar1973","1","1","2"
"IKARIZMAI","1","1","2"
"Ike1499","1","1","2"
"IKEBANAIMPERIA","1","1","2"
"ikermagic","1","1","2"
"Ikertroy","1","1","2"
"Ikertxo","1","1","2"
"ikhanium000","1","1","2"
"Ikmoetjeniet","1","1","2"
"ilches","1","1","2"
"Ilfat1972","1","1","2"
"ilgar7guliyev","1","1","2"
"ilguw","1","1","2"
"ilhankaya","1","1","2"
"Ilia17Dnr","1","1","2"
"iliasisthier","1","1","2"
"iliberis67","1","1","2"
"ilij900","1","1","2"
"IlIlIIlIlIIIlIlIIIlI","1","1","2"
"iliqnGeM","1","1","2"
"iliya_vakili92","1","1","2"
"iljag95","1","1","2"
"ilkerKsk","1","1","2"
"IlliaK","1","1","2"
"Illini_Ak","1","1","2"
"illtownmenace","1","1","2"
"IlmIlp","1","1","2"
"Ilmiron","1","1","2"
"Ilnaz_Gazik2000","1","1","2"
"ILNUR_MIR","1","1","2"
"IlSpigola","1","1","2"
"Ilusionista27","1","1","2"
"IlVaticano","1","1","2"
"Ilya11022009","1","1","2"
"IlyaBoulBY","1","1","2"
"ilyaesdz7","1","1","2"
"ilyaGrechko","1","1","2"
"ilyasidorov","1","1","2"
"Ilyass02","1","1","2"
"ilyasyesin72","1","1","2"
"IlyaYarmosh2009","1","1","2"
"ilzav-99","1","1","2"
"ImaFoolPerson","1","1","2"
"imagotipo","1","1","2"
"imamhatipliabd_53","1","1","2"
"ImamShamil","1","1","2"
"imanforuzan","1","1","2"
"imanov98","1","1","2"
"imany110","1","1","2"
"imbadatchessss","1","1","2"
"imbalanced_Major","1","1","2"
"Imbruno","1","1","2"
"Imchiter","1","1","2"
"IMDARKLORD","1","1","2"
"Imfollydon","1","1","2"
"imgomez","1","1","2"
"imhamo","1","1","2"
"Imjustnew_69","1","1","2"
"ImkermeisterUnam","1","1","2"
"immbrain","1","1","2"
"Immergebanntwerden","1","1","2"
"imp-essam","1","1","2"
"impathak","1","1","2"
"impdem","1","1","2"
"impure_saint","1","1","2"
"Imquitebadatchess","1","1","2"
"imsober","1","1","2"
"IN-QUEUE","1","1","2"
"InaccurateDragonfly","1","1","2"
"inaki60","1","1","2"
"InCheckIto","1","1","2"
"Inconit0800","1","1","2"
"Indian_Aryan1","1","1","2"
"indra_sasuke","1","1","2"
"IndyCantChess","1","1","2"
"InEase","1","1","2"
"Inembremated2","1","1","2"
"Ineslilia","1","1","2"
"infainfa","1","1","2"
"Infameletale","1","1","2"
"infamy231","1","1","2"
"infernonova","1","1","2"
"INFINITEJAIYE","1","1","2"
"infinityBoi","1","1","2"
"infinityvfx848","1","1","2"
"info_action_ratio","1","1","2"
"ingbermudez","1","1","2"
"ingerik","1","1","2"
"Ingreslong","1","1","2"
"INGUSH83","1","1","2"
"Inicap","1","1","2"
"Innocencio","1","1","2"
"inowss","1","1","2"
"insane_mate","1","1","2"
"insar003","1","1","2"
"Insomnixx","1","1","2"
"inspector_357","1","1","2"
"Inspektor404","1","1","2"
"instbl","1","1","2"
"Instruyendo","1","1","2"
"InsuLanO","1","1","2"
"IntentionalFeeding","1","1","2"
"Inter11B","1","1","2"
"interlekin","1","1","2"
"intikAMpesinde31","1","1","2"
"InvencibleCarlsen","1","1","2"
"invictus8283","1","1","2"
"InvisibleWalker","1","1","2"
"Invoker_1","1","1","2"
"InYourFace123","1","1","2"
"ion_gambit39","1","1","2"
"ionut1827","1","1","2"
"IoSonoOro","1","1","2"
"IpadID","1","1","2"
"ipan89","1","1","2"
"IPatryk96","1","1","2"
"Ipekmina2","1","1","2"
"IPOTEKA25","1","1","2"
"ippopotamos","1","1","2"
"IptamenoRadiofwno","1","1","2"
"IqbalKhan","1","1","2"
"ir0h","1","1","2"
"iran_hawk","1","1","2"
"iran020","1","1","2"
"irc008","1","1","2"
"IrFan_Abdullayev","1","1","2"
"IRFAN_FADIL","1","1","2"
"irfanrfanccn09","1","1","2"
"irgedwo","1","1","2"
"Iris_fetis","1","1","2"
"iriskost","1","1","2"
"ironkillcam98","1","1","2"
"Ironshoes","1","1","2"
"IronSugar","1","1","2"
"irrenja","1","1","2"
"Iru_theking","1","1","2"
"Iruub1","1","1","2"
"IrvingFrump","1","1","2"
"Isa_Larrazabal","1","1","2"
"isaac_mkw","1","1","2"
"IsaacBarton","1","1","2"
"Isaba-asrab","1","1","2"
"isacank1","1","1","2"
"Isai9","1","1","2"
"isawedthisboatinhalf","1","1","2"
"isbat31416","1","1","2"
"ischaaf23","1","1","2"
"Isgender123","1","1","2"
"ishaan-goel","1","1","2"
"ishaanPrashantDeo","1","1","2"
"Ishan_777","1","1","2"
"ishapira","1","1","2"
"ishCherry","1","1","2"
"isidre80","1","1","2"
"Isis007","1","1","2"
"IskanderSafin","1","1","2"
"iskenderunlu_31","1","1","2"
"Islam2010","1","1","2"
"Islamlalme","1","1","2"
"Islamnem","1","1","2"
"IslandsChess","1","1","2"
"ismacastro","1","1","2"
"ismeleon","1","1","2"
"ismetsener","1","1","2"
"ismiazem","1","1","2"
"isoo111","1","1","2"
"Isoubere","1","1","2"
"israeL_69","1","1","2"
"israelcruz","1","1","2"
"IsraelK","1","1","2"
"israelst","1","1","2"
"issa13","1","1","2"
"Istogu2020","1","1","2"
"istvanb","1","1","2"
"IstvanSk","1","1","2"
"Isuckatchess30","1","1","2"
"isuckatchess35","1","1","2"
"itachigintoki","1","1","2"
"ItaloGarcia","1","1","2"
"italomb2023","1","1","2"
"Itamar1222","1","1","2"
"itamary600","1","1","2"
"itchly","1","1","2"
"itis0k","1","1","2"
"itk18","1","1","2"
"ItmeJT","1","1","2"
"itroka","1","1","2"
"ItsAlkabeer","1","1","2"
"itsatrap23","1","1","2"
"itsayam","1","1","2"
"itsdoron","1","1","2"
"itsmemurphyalexander","1","1","2"
"itsnotbaio","1","1","2"
"ItsNotWhatYoutThink","1","1","2"
"itspmcd","1","1","2"
"itstommy9","1","1","2"
"ittopukach","1","1","2"
"itz_chaosx","1","1","2"
"itzahnaf_jod","1","1","2"
"itzcrasy","1","1","2"
"iuq","1","1","2"
"Iurii_Katiutin","1","1","2"
"iurisilvio","1","1","2"
"IVAN_1810","1","1","2"
"Ivan_Alekseev_2014","1","1","2"
"Ivan_Alekseevich","1","1","2"
"Ivan_Boo","1","1","2"
"Ivan_brest_11","1","1","2"
"Ivan_Chuky","1","1","2"
"Ivan_De_Anda","1","1","2"
"ivan_ned","1","1","2"
"iVAN_trofimov","1","1","2"
"Ivan_TTT","1","1","2"
"Ivan16051962","1","1","2"
"Ivan20101110","1","1","2"
"Ivan226","1","1","2"
"Ivan251017","1","1","2"
"IvanBerets","1","1","2"
"IvanBuksha","1","1","2"
"IvanComorettio","1","1","2"
"IvanD888","1","1","2"
"ivandorokhov0704201","1","1","2"
"IvanFabry","1","1","2"
"IvanGGG","1","1","2"
"ivaniacob66","1","1","2"
"ivanilic","1","1","2"
"Ivankoflm18","1","1","2"
"IvanLev","1","1","2"
"ivanoob","1","1","2"
"Ivanov-2013RS","1","1","2"
"Ivanovskii_Petr","1","1","2"
"IvanPorterito","1","1","2"
"IvanProlubnikov","1","1","2"
"ivanraro","1","1","2"
"ivare","1","1","2"
"Ivehitmyceiling","1","1","2"
"ivicatrenchevski","1","1","2"
"ivsha","1","1","2"
"Ivyblue","1","1","2"
"ivydnb","1","1","2"
"iw-baranow","1","1","2"
"iwonderfull44","1","1","2"
"iXyn","1","1","2"
"iyengs","1","1","2"
"izanaizana","1","1","2"
"Izio","1","1","2"
"izozde","1","1","2"
"IzyGolstein","1","1","2"
"j_brinkma","1","1","2"
"j_t_2000","1","1","2"
"J_v_k","1","1","2"
"J-Trejo","1","1","2"
"J00nny","1","1","2"
"j06m","1","1","2"
"J0hnLocke","1","1","2"
"J0J00","1","1","2"
"J0wen","1","1","2"
"J13_GT","1","1","2"
"J4ames","1","1","2"
"J4nn3r","1","1","2"
"J4R0LD","1","1","2"
"jaabob","1","1","2"
"Jabar-Alabdooli","1","1","2"
"jabattaglia","1","1","2"
"jabes","1","1","2"
"jabirvp","1","1","2"
"jaccomarkus","1","1","2"
"jachesspla","1","1","2"
"jaciel4528","1","1","2"
"Jack_90","1","1","2"
"Jack_sparrow4","1","1","2"
"Jack86ALG","1","1","2"
"Jackballer02","1","1","2"
"jackchess85","1","1","2"
"Jackdossan","1","1","2"
"jackgreenn","1","1","2"
"JackIsNeverShort","1","1","2"
"jackj19","1","1","2"
"JackLondon1","1","1","2"
"JackofAllSpades013","1","1","2"
"Jackpottina","1","1","2"
"Jackydidier","1","1","2"
"JackythePuppet","1","1","2"
"Jacob_E","1","1","2"
"Jacob-Sabella","1","1","2"
"Jacobm237","1","1","2"
"Jacobov","1","1","2"
"Jacque_Fresko1","1","1","2"
"jactuscack","1","1","2"
"Jacuinde32","1","1","2"
"Jadenaltern030608","1","1","2"
"Jadenyuki2811","1","1","2"
"jadvibes","1","1","2"
"Jadwiga1313","1","1","2"
"Jafet_Magnus","1","1","2"
"jagagk","1","1","2"
"jagenda","1","1","2"
"jahaan-9-bnalwa","1","1","2"
"JahFruit","1","1","2"
"jahnbeetwif","1","1","2"
"Jahsel","1","1","2"
"Jahudnkkagkkg","1","1","2"
"Jai_Bathla99","1","1","2"
"Jaidev2008","1","1","2"
"JaimeABD","1","1","2"
"Jaimecueros","1","1","2"
"jaimedelariva","1","1","2"
"JaimeelxD","1","1","2"
"jaimek77","1","1","2"
"JaimeRodriguez","1","1","2"
"Jaimin_1403","1","1","2"
"jaimoro96","1","1","2"
"JainGG","1","1","2"
"JainkoGorria","1","1","2"
"JairoM","1","1","2"
"jajajaja123","1","1","2"
"JakeAlpha","1","1","2"
"jakedavids","1","1","2"
"jakeschlaerth","1","1","2"
"jakobgri","1","1","2"
"jakobgruvnas","1","1","2"
"jakoboi","1","1","2"
"JakraSeeker","1","1","2"
"JAKtheRipper","1","1","2"
"jalal65parsa","1","1","2"
"Jalalattar","1","1","2"
"jalz1","1","1","2"
"Jam777","1","1","2"
"Jamal_Shengor","1","1","2"
"Jamalov","1","1","2"
"Jamangte","1","1","2"
"jambo007","1","1","2"
"james1003","1","1","2"
"jamescolbytan","1","1","2"
"jamesjk1234","1","1","2"
"JamesNatividad","1","1","2"
"JamesShumway","1","1","2"
"Jamieb805","1","1","2"
"jamilu","1","1","2"
"jamm4l","1","1","2"
"Jan9595","1","1","2"
"Janescacs","1","1","2"
"Janez11","1","1","2"
"Jangalbutta","1","1","2"
"Janiculus","1","1","2"
"Janiheiskanen","1","1","2"
"JanJay666","1","1","2"
"jann44","1","1","2"
"JANorton","1","1","2"
"janriz0224","1","1","2"
"jansamarek","1","1","2"
"JanSprenger","1","1","2"
"januar1996","1","1","2"
"january29pl","1","1","2"
"janwildanger","1","1","2"
"JaphethKaira","1","1","2"
"JaPhi91","1","1","2"
"Japiasec","1","1","2"
"jarasha","1","1","2"
"Jardel1905","1","1","2"
"Jared_Vazquez","1","1","2"
"jared18y","1","1","2"
"jaredgleon","1","1","2"
"jaredling","1","1","2"
"Jarjostn","1","1","2"
"Jarthor","1","1","2"
"JARVIS200014","1","1","2"
"Jas33333","1","1","2"
"jasdefer","1","1","2"
"Jashwendra_ACT","1","1","2"
"jasmine_dragon","1","1","2"
"Jason_R_Par","1","1","2"
"jasonmoggridge","1","1","2"
"JaSparrov","1","1","2"
"Jasper1234321","1","1","2"
"jastennn","1","1","2"
"Jasur1395","1","1","2"
"jasURP","1","1","2"
"Jaswanth_Prasanna14","1","1","2"
"jatin_8","1","1","2"
"jatin123456","1","1","2"
"java_only","1","1","2"
"Java911","1","1","2"
"Javbi007","1","1","2"
"javieer_tapia","1","1","2"
"Javier-83","1","1","2"
"javierjmva3","1","1","2"
"Javipincha84","1","1","2"
"javmatamala","1","1","2"
"jawerro","1","1","2"
"JawnPassant","1","1","2"
"jawsylo","1","1","2"
"jayaghosh","1","1","2"
"Jayarudran","1","1","2"
"jaybee31","1","1","2"
"Jaydonii","1","1","2"
"JayFrost","1","1","2"
"JayhoonSud","1","1","2"
"JayJay_F","1","1","2"
"Jaymacho","1","1","2"
"jaymespaul","1","1","2"
"jayrek","1","1","2"
"jayschab","1","1","2"
"JayStroyer","1","1","2"
"JazerBeazer","1","1","2"
"jazz_hands1","1","1","2"
"jazzcript","1","1","2"
"JB_4_NYRMAGAMBETOV","1","1","2"
"JB137","1","1","2"
"JB8","1","1","2"
"jbig21","1","1","2"
"JBisc","1","1","2"
"JBLAL","1","1","2"
"jcamats","1","1","2"
"Jcdms","1","1","2"
"Jchacon","1","1","2"
"JCMayer","1","1","2"
"jcoxe13","1","1","2"
"jcrsg","1","1","2"
"jcruz4","1","1","2"
"JDB_121808","1","1","2"
"jdjdejdejy","1","1","2"
"jdkos","1","1","2"
"jean_carlos95","1","1","2"
"JeanCarloES1981","1","1","2"
"jeanjung","1","1","2"
"JeanPaulCalambre","1","1","2"
"jeanpiaget","1","1","2"
"JeanThomas","1","1","2"
"jecko","1","1","2"
"jedimind187","1","1","2"
"jee1mr","1","1","2"
"Jeeshvini","1","1","2"
"Jefeleyton_Pro","1","1","2"
"jeffpereira420","1","1","2"
"JEGG73","1","1","2"
"JeiJeim","1","1","2"
"jeison000","1","1","2"
"JekkuNaama","1","1","2"
"jemart456","1","1","2"
"jennissen","1","1","2"
"jens-chessx","1","1","2"
"JensM","1","1","2"
"Jepov","1","1","2"
"Jeremiah_Joseph","1","1","2"
"JEREMYLIN","1","1","2"
"JerichoHS","1","1","2"
"Jerick_Aquino","1","1","2"
"jeriel_christian","1","1","2"
"jeroavf","1","1","2"
"jerom15","1","1","2"
"JeromeF","1","1","2"
"Jerz44","1","1","2"
"Jesalpadiz","1","1","2"
"JEsseMendes","1","1","2"
"Jessicaatziri_257","1","1","2"
"JesterMR","1","1","2"
"Jesus_likes_you","1","1","2"
"JesusChris","1","1","2"
"JesusPinto","1","1","2"
"JesusVonNazareth","1","1","2"
"jetss92","1","1","2"
"JeuxEchecs75","1","1","2"
"jezriel2006","1","1","2"
"jf3984","1","1","2"
"jfmonteiro","1","1","2"
"jgalaisac","1","1","2"
"jgerardomoral","1","1","2"
"JGPL","1","1","2"
"Jgrabielchiroque","1","1","2"
"JGrealish_10","1","1","2"
"jha1501","1","1","2"
"jhamac36","1","1","2"
"jhanse98","1","1","2"
"jhay28","1","1","2"
"jhemro","1","1","2"
"jhetog","1","1","2"
"JhofredCam","1","1","2"
"JhonQLopez","1","1","2"
"jhoycomz28","1","1","2"
"jhsr3355","1","1","2"
"jhunrojo","1","1","2"
"JiangoFett","1","1","2"
"jiangziya","1","1","2"
"Jibberjabber123","1","1","2"
"jiflow","1","1","2"
"jijowru","1","1","2"
"Jim1000_111","1","1","2"
"Jimbruram","1","1","2"
"JimCoot","1","1","2"
"JimenezS","1","1","2"
"jimmath","1","1","2"
"jimmyjax","1","1","2"
"JimsDin","1","1","2"
"jinpal","1","1","2"
"jinvodoo","1","1","2"
"JinWookChang","1","1","2"
"jinx47","1","1","2"
"jioohn","1","1","2"
"JiornoJovanni","1","1","2"
"jipouz","1","1","2"
"jitendra254","1","1","2"
"jivanyan","1","1","2"
"Jizzazizsh","1","1","2"
"JJARROUJ","1","1","2"
"Jjbh09","1","1","2"
"JJBS","1","1","2"
"jjmaloth","1","1","2"
"JJmix","1","1","2"
"Jjorozcos","1","1","2"
"JJRamo","1","1","2"
"jjw1","1","1","2"
"jkdgvb786ad5hg","1","1","2"
"jkdsk","1","1","2"
"jkexeriden","1","1","2"
"jkg22","1","1","2"
"JKL397","1","1","2"
"JkLafuente","1","1","2"
"jksisme","1","1","2"
"jlandy99","1","1","2"
"Jlb108","1","1","2"
"JLFATaylor","1","1","2"
"jlove","1","1","2"
"jloychin","1","1","2"
"JLPlaysChess","1","1","2"
"JLR10","1","1","2"
"jlsanchezfisio","1","1","2"
"jmadalu","1","1","2"
"jmayday","1","1","2"
"jmcd2002","1","1","2"
"jmlsavage","1","1","2"
"jmm62","1","1","2"
"jmutt94","1","1","2"
"JMVzla","1","1","2"
"JnBx88","1","1","2"
"jnk5260","1","1","2"
"Jo7777","1","1","2"
"joaco32arg","1","1","2"
"JoaoLizak","1","1","2"
"joaovitordallacqua","1","1","2"
"Joaquien13","1","1","2"
"joaquin_basalo","1","1","2"
"Joaquin007","1","1","2"
"JoaquinAlbuquerque","1","1","2"
"Joaquinoddone","1","1","2"
"jobaharms","1","1","2"
"jobemans","1","1","2"
"joca_skljoca","1","1","2"
"Jockel23","1","1","2"
"joco2020","1","1","2"
"jodanear","1","1","2"
"Jodelmeister","1","1","2"
"joe_mama1","1","1","2"
"JoeAmir05","1","1","2"
"JoeB_Chess","1","1","2"
"joebobjoe","1","1","2"
"JoeKr1975","1","1","2"
"JoelGm00","1","1","2"
"joellookaiyi","1","1","2"
"JoelMb","1","1","2"
"JoeSavage","1","1","2"
"JoeSivilli","1","1","2"
"JoeTourville","1","1","2"
"joeweyivany","1","1","2"
"joeydebryan","1","1","2"
"Joeyvp","1","1","2"
"Joguita7","1","1","2"
"Johandepanda","1","1","2"
"JOHANEDWIN","1","1","2"
"johannes_thor","1","1","2"
"Johannkie","1","1","2"
"johbjore","1","1","2"
"John_Faa","1","1","2"
"john_koepke","1","1","2"
"John_Lor","1","1","2"
"john2206nhlakz","1","1","2"
"johncann","1","1","2"
"johndeboer","1","1","2"
"Johndfocus","1","1","2"
"johne4e5","1","1","2"
"Johnf3","1","1","2"
"johnfurneaux","1","1","2"
"JohnJamika","1","1","2"
"JohnJexterZapanta","1","1","2"
"johnkapa","1","1","2"
"Johnny7655","1","1","2"
"johnnybeazy","1","1","2"
"JohnnyDeppsFinger","1","1","2"
"johno1","1","1","2"
"johnotherat","1","1","2"
"JohnPaul129795","1","1","2"
"JohnRockson777","1","1","2"
"Johny264","1","1","2"
"johny442277","1","1","2"
"Jojels","1","1","2"
"JojiS","1","1","2"
"JojoKloten","1","1","2"
"Jojun1","1","1","2"
"Jokannes23","1","1","2"
"joke_r8","1","1","2"
"JOKER_64","1","1","2"
"joker007stcherek","1","1","2"
"Joker158","1","1","2"
"Jokerboysam","1","1","2"
"jokerhitam-asli","1","1","2"
"Jokerwin","1","1","2"
"Joking111","1","1","2"
"JolllyBishop","1","1","2"
"jollyc","1","1","2"
"jollyroger3","1","1","2"
"joly4583","1","1","2"
"JomariAcevedo","1","1","2"
"Jon016","1","1","2"
"jonahsaulhans","1","1","2"
"Jonasghauri","1","1","2"
"jonasnf","1","1","2"
"JonatanKenzie","1","1","2"
"JonaTarzan","1","1","2"
"JonathaEron","1","1","2"
"JonBatista","1","1","2"
"Joncirre","1","1","2"
"jonesallan","1","1","2"
"jonessaif","1","1","2"
"Joniuxd","1","1","2"
"jonni_3-14159","1","1","2"
"Jonny8208","1","1","2"
"Jonnycoo","1","1","2"
"jonnyhopskins","1","1","2"
"jonnyplay","1","1","2"
"jONOSe87","1","1","2"
"JonSpeelMan","1","1","2"
"joonhojams","1","1","2"
"jooooboo","1","1","2"
"Jorbren","1","1","2"
"Jordan_DaLoser","1","1","2"
"Jordividal","1","1","2"
"Jorem999","1","1","2"
"joren0100","1","1","2"
"Jorge2400","1","1","2"
"jorge7012","1","1","2"
"jorgeanacons","1","1","2"
"Jorgedocc","1","1","2"
"jorgellanoss","1","1","2"
"Jorgemario2015","1","1","2"
"jorgeperagallo66","1","1","2"
"JorgesTejeda","1","1","2"
"jorgevic77","1","1","2"
"Jorts_All_Day","1","1","2"
"joschiTee","1","1","2"
"Jose-pro98","1","1","2"
"joseGG1311","1","1","2"
"Josehjunior","1","1","2"
"josejesf","1","1","2"
"joselo2016","1","1","2"
"josemari1","1","1","2"
"josemartins79","1","1","2"
"JosePalominoM_UCSUR","1","1","2"
"JosephIta","1","1","2"
"josevillasenor","1","1","2"
"josh24385","1","1","2"
"joshprad1","1","1","2"
"JoshT24","1","1","2"
"Joshua00","1","1","2"
"joshuabaer","1","1","2"
"JoshuaDLR","1","1","2"
"joshwa1","1","1","2"
"josin","1","1","2"
"Joskieee","1","1","2"
"Joss_36","1","1","2"
"Jossse01","1","1","2"
"josu0","1","1","2"
"Josue_18_90","1","1","2"
"josueGC99","1","1","2"
"Josuexdxd","1","1","2"
"jotohom","1","1","2"
"journalslaven","1","1","2"
"Jovaz","1","1","2"
"jovilius","1","1","2"
"Jovipro","1","1","2"
"jovis54","1","1","2"
"joxro","1","1","2"
"joy_2119","1","1","2"
"Joy_boy012","1","1","2"
"Joyve","1","1","2"
"jpavaz","1","1","2"
"jpk1489","1","1","2"
"jpmont","1","1","2"
"JPS05","1","1","2"
"JPuMa","1","1","2"
"jrljr","1","1","2"
"jroach1583","1","1","2"
"jrwd1234","1","1","2"
"JS1900","1","1","2"
"js48366","1","1","2"
"jsbscsyy","1","1","2"
"jseager","1","1","2"
"JSEE28","1","1","2"
"JShotz5456","1","1","2"
"JSMNGN","1","1","2"
"jss96","1","1","2"
"JStalin1965","1","1","2"
"jster7","1","1","2"
"jSuIsPaSgAy","1","1","2"
"jsvznbjwz","1","1","2"
"jthain1","1","1","2"
"jtibon","1","1","2"
"ju_azly","1","1","2"
"ju57","1","1","2"
"Juan1Antonio","1","1","2"
"Juan82","1","1","2"
"JuanARC10","1","1","2"
"juanbc","1","1","2"
"JuanCaceresCastilla","1","1","2"
"juancho1987","1","1","2"
"Juancrudo","1","1","2"
"juand1997007","1","1","2"
"JuangarciaUQ","1","1","2"
"JuanjoSob","1","1","2"
"juanjujuy","1","1","2"
"Juanka7","1","1","2"
"Juanmagana1","1","1","2"
"JUANMARTINOSO1827","1","1","2"
"JuanOro","1","1","2"
"JuanPabloHH","1","1","2"
"juanrod578336","1","1","2"
"Juba44","1","1","2"
"Jucada","1","1","2"
"JudahCarlson","1","1","2"
"JuegoparaLaFesprosa","1","1","2"
"juel_vr","1","1","2"
"JugadorNN","1","1","2"
"juggernaughts11","1","1","2"
"JuiceLover","1","1","2"
"juicydiet","1","1","2"
"juke123","1","1","2"
"Juks420","1","1","2"
"JuliaGavi","1","1","2"
"JulianSantillan","1","1","2"
"JulienMo","1","1","2"
"Julius120","1","1","2"
"JuliusTriumph","1","1","2"
"juliwu","1","1","2"
"JumpahK","1","1","2"
"Junchomanuel","1","1","2"
"Jung_gun","1","1","2"
"Jung_Ozgur","1","1","2"
"junhoo","1","1","2"
"JuninhoPernambucano","1","1","2"
"Juniorrr","1","1","2"
"junupunu","1","1","2"
"JurgenAkiva","1","1","2"
"jurts123","1","1","2"
"juskarma","1","1","2"
"Just_4_Player","1","1","2"
"just_move","1","1","2"
"just_play_me","1","1","2"
"Just_Silent","1","1","2"
"just19to24x2","1","1","2"
"just1kkk","1","1","2"
"justasgardian","1","1","2"
"Justgettingby","1","1","2"
"JUSTICE_1998","1","1","2"
"justicegaminginc","1","1","2"
"Justiko","1","1","2"
"Justin_Tenedero","1","1","2"
"justin5T","1","1","2"
"JustinFoord","1","1","2"
"JustinHerbert","1","1","2"
"JustinPetcu2435","1","1","2"
"JustKai","1","1","2"
"justlosing","1","1","2"
"JusttooJuicy","1","1","2"
"Justtshatrang","1","1","2"
"juubes","1","1","2"
"juurikas","1","1","2"
"jvacc","1","1","2"
"JVallejos","1","1","2"
"jvasquez","1","1","2"
"Jvicentelouro","1","1","2"
"Jwensama","1","1","2"
"jwest89","1","1","2"
"jz0823","1","1","2"
"Jzam90","1","1","2"
"K_akbss","1","1","2"
"K_Ch08","1","1","2"
"K_to_J","1","1","2"
"K_Yeskendir","1","1","2"
"K-Hamdy","1","1","2"
"k1llz0mb13s","1","1","2"
"K1ng_T-Jacqa","1","1","2"
"k1rdn","1","1","2"
"k30m","1","1","2"
"K3lleSZN","1","1","2"
"k4db436","1","1","2"
"kaan077","1","1","2"
"kaan22aslan","1","1","2"
"kaanbayrak","1","1","2"
"Kaancmbisakinol","1","1","2"
"kaanguney98","1","1","2"
"kaankoyuncu7","1","1","2"
"kaar07","1","1","2"
"kaarel12","1","1","2"
"Kabaka1","1","1","2"
"kabasaj","1","1","2"
"kabi10","1","1","2"
"kabZONE","1","1","2"
"kachekovic","1","1","2"
"kacperkong","1","1","2"
"kacperpoko","1","1","2"
"Kacpri","1","1","2"
"Kadaack","1","1","2"
"KadirBasol","1","1","2"
"kadirkarakus","1","1","2"
"Kaesekrokette","1","1","2"
"kafanski_sah","1","1","2"
"kahmane","1","1","2"
"KAI_ZY","1","1","2"
"KAI11HIWATARI","1","1","2"
"kai2255","1","1","2"
"Kaies","1","1","2"
"Kaijuman","1","1","2"
"KaioZelz","1","1","2"
"KaiS04","1","1","2"
"KajaLEO","1","1","2"
"kakamel","1","1","2"
"Kakar0t095","1","1","2"
"Kakas9797","1","1","2"
"Kakashi_Hatakeee","1","1","2"
"Kakashi24","1","1","2"
"KakashiMomoshiki","1","1","2"
"kakichulo","1","1","2"
"kako2323","1","1","2"
"Kalamardu","1","1","2"
"Kalasar1","1","1","2"
"kalecik","1","1","2"
"kaled_davila_3ero","1","1","2"
"kaleeshwaranG1995","1","1","2"
"kalite2018","1","1","2"
"Kalle97","1","1","2"
"kallimero12","1","1","2"
"kalomBayan","1","1","2"
"kalotxo","1","1","2"
"kalpber","1","1","2"
"Kalti90","1","1","2"
"kam427","1","1","2"
"Kamachooo","1","1","2"
"kamalesh11","1","1","2"
"kamanjogen","1","1","2"
"kamarlengo","1","1","2"
"Kambani","1","1","2"
"Kamel10-Pishghadam","1","1","2"
"Kamelobaer9000","1","1","2"
"Kamerunec","1","1","2"
"Kami_Tzayig","1","1","2"
"Kami2i","1","1","2"
"kamilaccount","1","1","2"
"KamilEmae","1","1","2"
"KamilItaly","1","1","2"
"kamillalydva","1","1","2"
"kamoljon","1","1","2"
"kamyardiara","1","1","2"
"Kana150588","1","1","2"
"Kanakanti","1","1","2"
"kanash21ru","1","1","2"
"Kanat133","1","1","2"
"Kandidat12","1","1","2"
"kangkuc11","1","1","2"
"kangsolo","1","1","2"
"kanies","1","1","2"
"kanjiklub66","1","1","2"
"Kankix2005","1","1","2"
"Kanlel","1","1","2"
"Kaos_Agent","1","1","2"
"kapambwej","1","1","2"
"KAPIMESSI","1","1","2"
"KapitanKupaleft","1","1","2"
"kaplankursat","1","1","2"
"kappa92","1","1","2"
"Kaptanisa","1","1","2"
"kapunen","1","1","2"
"Kar_AE","1","1","2"
"KaraagacliAhmet","1","1","2"
"karabacak78","1","1","2"
"Karabanov_Iaroslav","1","1","2"
"karagounis","1","1","2"
"Karasalik1","1","1","2"
"karaselim","1","1","2"
"karayusufkerem","1","1","2"
"kardanadam09","1","1","2"
"Karec","1","1","2"
"KareemAliBahr11","1","1","2"
"Kareemsamyyy","1","1","2"
"Kari5_hun","1","1","2"
"kariakiStephen","1","1","2"
"karim0113","1","1","2"
"Karim2346","1","1","2"
"karimy97","1","1","2"
"karington8","1","1","2"
"Karlacihan","1","1","2"
"karlsen08","1","1","2"
"karmapolice12","1","1","2"
"Karmelator","1","1","2"
"karnaticalDecay","1","1","2"
"Karnival","1","1","2"
"karo200887","1","1","2"
"Karpon","1","1","2"
"Karpov13","1","1","2"
"Karpov222555","1","1","2"
"Karrapatov","1","1","2"
"kArrim16","1","1","2"
"kartheekmedida","1","1","2"
"Karthiccc","1","1","2"
"Karthikkong","1","1","2"
"karthikraju123","1","1","2"
"KarthikSelvaraj","1","1","2"
"Kartikay0806","1","1","2"
"kartoshenka","1","1","2"
"KaruptKP","1","1","2"
"KarwanKurdish","1","1","2"
"karx03","1","1","2"
"kase1555","1","1","2"
"kashishmaheshwari","1","1","2"
"KasimenkoA","1","1","2"
"kasooooooooo","1","1","2"
"kasparino","1","1","2"
"KasparovbGambit","1","1","2"
"kasrajk","1","1","2"
"kasska1022","1","1","2"
"Kasster","1","1","2"
"kastarino","1","1","2"
"Kastorcito","1","1","2"
"kataklysm6666","1","1","2"
"Katherine-F","1","1","2"
"Kathmanduuu","1","1","2"
"Katipawnero","1","1","2"
"Katleho9","1","1","2"
"Katon27","1","1","2"
"katzengarde","1","1","2"
"Kaunismaki","1","1","2"
"kaveeshWijesinghe","1","1","2"
"KAWAN22","1","1","2"
"Kay_Senev","1","1","2"
"kaya109","1","1","2"
"kayaksum","1","1","2"
"kayan2022","1","1","2"
"kaycak1998","1","1","2"
"KayKay247","1","1","2"
"kaymayageldim","1","1","2"
"Kaynak3","1","1","2"
"Kaypakkaya","1","1","2"
"kaypn3x","1","1","2"
"KayraKaplan1","1","1","2"
"Kaysss","1","1","2"
"kayzering","1","1","2"
"KazeDoc","1","1","2"
"Kazefreya","1","1","2"
"kazerelvis","1","1","2"
"kazwarrior","1","1","2"
"kazxir","1","1","2"
"kb20","1","1","2"
"kb250at","1","1","2"
"kbaeva1","1","1","2"
"kbatuhan19","1","1","2"
"KCKCHESS","1","1","2"
"KcZalen","1","1","2"
"kdc_9977553311","1","1","2"
"kdss11","1","1","2"
"kechessan","1","1","2"
"kedr75","1","1","2"
"keener4","1","1","2"
"KeeperTop","1","1","2"
"KeeRmy","1","1","2"
"Keertidps21","1","1","2"
"keima_blackmare","1","1","2"
"keithyzh","1","1","2"
"kekazar","1","1","2"
"kekcovlulcek","1","1","2"
"kelhelali","1","1","2"
"kelihmayra","1","1","2"
"kenadok81","1","1","2"
"kenan83","1","1","2"
"kenanchess21","1","1","2"
"kenanerbaa_2","1","1","2"
"kendimbulut","1","1","2"
"KendrickC01","1","1","2"
"Kennnnedy","1","1","2"
"Kenny32","1","1","2"
"kennymelons","1","1","2"
"kennyzls","1","1","2"
"kenshiasa","1","1","2"
"KerChen","1","1","2"
"Kerdasii","1","1","2"
"Kerem1071","1","1","2"
"keremakar","1","1","2"
"KeremAllen","1","1","2"
"keremdeu","1","1","2"
"keremgulmz","1","1","2"
"keremmma041","1","1","2"
"keremokurr","1","1","2"
"keremuyar1","1","1","2"
"kerens1111","1","1","2"
"kerimdkmn","1","1","2"
"KerimK1","1","1","2"
"Kerimov65","1","1","2"
"kernelmethod","1","1","2"
"kerneltrip","1","1","2"
"keshav7","1","1","2"
"keshavGarola","1","1","2"
"Kesohu","1","1","2"
"kessyaya","1","1","2"
"KesTheHammer","1","1","2"
"keteco","1","1","2"
"Keubla","1","1","2"
"kevalg3009","1","1","2"
"kevin_95","1","1","2"
"Kevin-H24_5","1","1","2"
"KevinAguirre_UTP","1","1","2"
"KevinajedrezXD","1","1","2"
"KevinJamesFan6","1","1","2"
"KevinSCRT1","1","1","2"
"Kexxhr","1","1","2"
"Keyesn","1","1","2"
"keymusicman","1","1","2"
"KeyNGChina","1","1","2"
"Keyzon08","1","1","2"
"Kft2004_luqman","1","1","2"
"KGGK","1","1","2"
"KGoovaer","1","1","2"
"kgotii","1","1","2"
"khaaschaas","1","1","2"
"Khab666","1","1","2"
"khabz01","1","1","2"
"khafan32","1","1","2"
"KhafizovFarrukh","1","1","2"
"khaled_chess","1","1","2"
"Khaled2022","1","1","2"
"KhaledAsly","1","1","2"
"Khalife","1","1","2"
"Khalil13261237","1","1","2"
"khalilazooz","1","1","2"
"Khallyx","1","1","2"
"khalood115","1","1","2"
"Khan00","1","1","2"
"khanfarhan10","1","1","2"
"Khanhdpg","1","1","2"
"khanhprochess","1","1","2"
"Khayouyou","1","1","2"
"KheidorII","1","1","2"
"khoa102","1","1","2"
"khooodir","1","1","2"
"Khumbu","1","1","2"
"KhurramXD","1","1","2"
"Khvicha_kvara","1","1","2"
"kia0002","1","1","2"
"kianamardani","1","1","2"
"Kianbagheban","1","1","2"
"Kiber-malysh","1","1","2"
"kichilla","1","1","2"
"kiciorn","1","1","2"
"kidusa","1","1","2"
"kidwow","1","1","2"
"Kiel1972","1","1","2"
"Kiero2","1","1","2"
"KieronDotson","1","1","2"
"KierOxik","1","1","2"
"kiingaawyy","1","1","2"
"Kiiver","1","1","2"
"KiKe00","1","1","2"
"Kiki2111","1","1","2"
"kikifou","1","1","2"
"KikuriHiroi","1","1","2"
"Kilian-Str","1","1","2"
"Kilians","1","1","2"
"kiljardi","1","1","2"
"KILL222333","1","1","2"
"Killer-Dream1995","1","1","2"
"Killerbrecht-o_O","1","1","2"
"KillerChantu","1","1","2"
"killerdon","1","1","2"
"Killhtf","1","1","2"
"KillzoneA1","1","1","2"
"kimbuyakisikli","1","1","2"
"KimiQimi","1","1","2"
"kimiyaAbedini","1","1","2"
"Kimonowa","1","1","2"
"kimsm7312","1","1","2"
"Kin249","1","1","2"
"Kinan","1","1","2"
"kindaaesthetic","1","1","2"
"King_AS","1","1","2"
"king_pin67","1","1","2"
"King-6","1","1","2"
"King-Sack","1","1","2"
"king0fchess90","1","1","2"
"King12_Mark","1","1","2"
"king66","1","1","2"
"kingahmad2050","1","1","2"
"KingApe","1","1","2"
"kingdavid700","1","1","2"
"KingDonat","1","1","2"
"kingfighter02","1","1","2"
"kingfisher_16","1","1","2"
"kinggaurav17","1","1","2"
"KingGeorge2013","1","1","2"
"kinghunter514","1","1","2"
"kingimp","1","1","2"
"KingKarda","1","1","2"
"KingKenC","1","1","2"
"KingKorbi1106","1","1","2"
"kingleon01","1","1","2"
"KingMayuresh","1","1","2"
"kingmop","1","1","2"
"kingofararat","1","1","2"
"kingofthenorth212","1","1","2"
"KingOfZina","1","1","2"
"KingpinOfCrime","1","1","2"
"kingponnu","1","1","2"
"kingrawr","1","1","2"
"KingRey17","1","1","2"
"kingroby","1","1","2"
"Kings_Pawn007","1","1","2"
"Kingslanding101","1","1","2"
"KingSlayer74","1","1","2"
"KingslayerInTheHouse","1","1","2"
"Kingslywong","1","1","2"
"kingsplayer2","1","1","2"
"KingStayKing","1","1","2"
"KingStevenson","1","1","2"
"kingtropic","1","1","2"
"KingZeeplayz24","1","1","2"
"KingZek","1","1","2"
"Kinimo","1","1","2"
"Kinkh86","1","1","2"
"kinqcl","1","1","2"
"kippikovski","1","1","2"
"kira_richter","1","1","2"
"Kira456","1","1","2"
"kiragv32_proo","1","1","2"
"kiraz9122B","1","1","2"
"kirega","1","1","2"
"Kirian_prize","1","1","2"
"kirigakure_07","1","1","2"
"kirill_14554","1","1","2"
"KIRILL_XVIII","1","1","2"
"KirillBorsuk","1","1","2"
"kirillkom","1","1","2"
"KirimauMH","1","1","2"
"KirkOut","1","1","2"
"Kirks","1","1","2"
"Kirlov","1","1","2"
"kirovles","1","1","2"
"kishk","1","1","2"
"KishMish535","1","1","2"
"kishouarima15","1","1","2"
"KisRosti","1","1","2"
"Kissa08","1","1","2"
"kissever","1","1","2"
"kitenss","1","1","2"
"kitizl","1","1","2"
"KittenJoy","1","1","2"
"KittyChamp","1","1","2"
"Kiuxre","1","1","2"
"kivanceken1903","1","1","2"
"Kivannikov","1","1","2"
"kiwiakos","1","1","2"
"Kiyarad2021","1","1","2"
"kj_rd","1","1","2"
"kjmhockey","1","1","2"
"Kk1410","1","1","2"
"kk1b16","1","1","2"
"kklapsas","1","1","2"
"KL_ET","1","1","2"
"klainatyp","1","1","2"
"klarasz","1","1","2"
"klebanoleg","1","1","2"
"kleinerbaer","1","1","2"
"kleptoms","1","1","2"
"klikklakklik","1","1","2"
"Klimek98","1","1","2"
"klins07","1","1","2"
"KLisandy","1","1","2"
"klubamaty","1","1","2"
"KlymentVizghin","1","1","2"
"KlyuchkoKirill","1","1","2"
"km_H_pbchau_2013","1","1","2"
"km26","1","1","2"
"Kmalelajsam","1","1","2"
"KmAllaouidine","1","1","2"
"kmiconeee","1","1","2"
"Kmmutle","1","1","2"
"KmPeon","1","1","2"
"kmprs7","1","1","2"
"KmsPoPts","1","1","2"
"KmWnnr96","1","1","2"
"Kneiterlelijk","1","1","2"
"knggmbt","1","1","2"
"kngr46","1","1","2"
"Knight_1432007","1","1","2"
"Knight_AC","1","1","2"
"Knight_Terrors","1","1","2"
"KnightBlizzz","1","1","2"
"knightfausto","1","1","2"
"KnightKing1","1","1","2"
"KnightLifters","1","1","2"
"KnightLight_MDK","1","1","2"
"KnightVirtuoso","1","1","2"
"KnightxtheROOOOOK","1","1","2"
"knkkaustubh","1","1","2"
"Knoddel","1","1","2"
"knowntal","1","1","2"
"Knoxbil","1","1","2"
"knuckledusterA","1","1","2"
"Knutbre","1","1","2"
"Knutel","1","1","2"
"KNV_sky","1","1","2"
"knyldrm","1","1","2"
"Knyles","1","1","2"
"koalatea","1","1","2"
"Koalita","1","1","2"
"kobrasadetin","1","1","2"
"kobss-0","1","1","2"
"kocabuzdolabi","1","1","2"
"kocer66","1","1","2"
"Koctet1","1","1","2"
"KodyMetts2","1","1","2"
"Koenig2005","1","1","2"
"Koenigsspringer_1","1","1","2"
"Kofi2012","1","1","2"
"kohei3278","1","1","2"
"kohlvar","1","1","2"
"Koketsu","1","1","2"
"KokomoKoi","1","1","2"
"Kokomuci","1","1","2"
"kokoszewski","1","1","2"
"koksivsg","1","1","2"
"kokweiyee","1","1","2"
"Kokyunage","1","1","2"
"kolev99","1","1","2"
"kollaps1","1","1","2"
"kollok","1","1","2"
"koltrejn","1","1","2"
"Komachibu","1","1","2"
"komodor64","1","1","2"
"komplikace","1","1","2"
"kon0pus","1","1","2"
"Konduzzjoni","1","1","2"
"Koningsclub","1","1","2"
"Koningsieb","1","1","2"
"Konio1","1","1","2"
"konj520","1","1","2"
"Konokrad2023","1","1","2"
"KonontsevV","1","1","2"
"Konovalov_Alexandr","1","1","2"
"Konradinho","1","1","2"
"Konstantin_81","1","1","2"
"KonstantineS","1","1","2"
"konstantinople05","1","1","2"
"kontdep","1","1","2"
"Kontrapunktus","1","1","2"
"kontsanter","1","1","2"
"Koputanmat","1","1","2"
"KoRaY2010","1","1","2"
"KorayKa","1","1","2"
"korchoi","1","1","2"
"korenih2","1","1","2"
"Korjakin_Dmitriy","1","1","2"
"Kormi88","1","1","2"
"Kornel_Bartczak","1","1","2"
"korosh200","1","1","2"
"Korovin_Igor","1","1","2"
"korto","1","1","2"
"kortyandr","1","1","2"
"KOS_2045","1","1","2"
"koskaskas","1","1","2"
"kosmas92","1","1","2"
"kosmik90i","1","1","2"
"kosongkan","1","1","2"
"kostakosta333","1","1","2"
"KostasKostil","1","1","2"
"Kostya832","1","1","2"
"Kostyakrutoi","1","1","2"
"kosvopros","1","1","2"
"kote777","1","1","2"
"kotovid","1","1","2"
"KoupeTet","1","1","2"
"kovimajstr","1","1","2"
"KOX_65","1","1","2"
"kp2kp","1","1","2"
"KPantoja86","1","1","2"
"kparwayz123","1","1","2"
"kpcp","1","1","2"
"Kphren","1","1","2"
"kprasan","1","1","2"
"kpumph15","1","1","2"
"Kquax","1","1","2"
"Kraighin","1","1","2"
"KrakoVv","1","1","2"
"KRAL6363","1","1","2"
"Kraldor","1","1","2"
"Kratos_Atlas","1","1","2"
"krcycasuv","1","1","2"
"krds1354","1","1","2"
"Krempinsky","1","1","2"
"kremsaef","1","1","2"
"kreph","1","1","2"
"krilon","1","1","2"
"Kris-2010","1","1","2"
"KRISH11211","1","1","2"
"Krishnamohanreddy","1","1","2"
"Krishnav_sharma","1","1","2"
"Kristibi","1","1","2"
"Kristinaasryan","1","1","2"
"Krisztina_Libik","1","1","2"
"Krizis228","1","1","2"
"Krohndehli","1","1","2"
"krokodil_gena","1","1","2"
"krompresor","1","1","2"
"Kronossaurus","1","1","2"
"kropopski","1","1","2"
"KROSS_3000","1","1","2"
"kroswel","1","1","2"
"Krother","1","1","2"
"KrulGur","1","1","2"
"krum07","1","1","2"
"krusta80","1","1","2"
"Krustenkaese95","1","1","2"
"Kryptong","1","1","2"
"KryszanoHD","1","1","2"
"krzysfc","1","1","2"
"Krzysio09","1","1","2"
"ks1206","1","1","2"
"ksagales","1","1","2"
"ksbdhjanbzja","1","1","2"
"KSC0421","1","1","2"
"kschmigel","1","1","2"
"KStream45","1","1","2"
"Ksukseniya","1","1","2"
"Kto-to-s-chemto","1","1","2"
"ktonzna","1","1","2"
"ktosiek_2021","1","1","2"
"ktsayed","1","1","2"
"KU-Sazhaev-Andrey","1","1","2"
"Kuba_code","1","1","2"
"Kubat30subat","1","1","2"
"Kubato","1","1","2"
"kubieren","1","1","2"
"kubus_to_kox","1","1","2"
"kuchm","1","1","2"
"kuczusss","1","1","2"
"Kuda_Pargoy","1","1","2"
"kudacg","1","1","2"
"kudzaizezai","1","1","2"
"kuencheng-wangyiming","1","1","2"
"Kuesggen","1","1","2"
"Kujelevav1985","1","1","2"
"kukiromio","1","1","2"
"kulfredg","1","1","2"
"Kunkka7","1","1","2"
"Kunos68","1","1","2"
"Kunuao","1","1","2"
"Kuralarge","1","1","2"
"kurbika1","1","1","2"
"Kuriiboh","1","1","2"
"Kurkchi","1","1","2"
"kurnazkarga","1","1","2"
"kuromiko","1","1","2"
"Kurra_James","1","1","2"
"Kurt-10","1","1","2"
"kurtifut","1","1","2"
"kurtumoz","1","1","2"
"KushaanGupta","1","1","2"
"Kushal_tal","1","1","2"
"kushal0001212","1","1","2"
"kushmush","1","1","2"
"Kutay_Sayan","1","1","2"
"kutluhan_derindag44","1","1","2"
"Kutlwano15","1","1","2"
"kutmanb","1","1","2"
"kutsal__su","1","1","2"
"Kuzmich1959","1","1","2"
"Kuznesianbl4","1","1","2"
"kva-70","1","1","2"
"Kvantorium","1","1","2"
"kvigil","1","1","2"
"Kvikne","1","1","2"
"kvnc176","1","1","2"
"kweetnie","1","1","2"
"kwey","1","1","2"
"Kwree","1","1","2"
"kwrl","1","1","2"
"KwstasApo","1","1","2"
"Kxng_bongs01","1","1","2"
"kxue","1","1","2"
"kyan_fischer","1","1","2"
"kyawps","1","1","2"
"kybb19","1","1","2"
"kyjames","1","1","2"
"kyky007","1","1","2"
"kyle_sauerwein","1","1","2"
"kynam2001","1","1","2"
"KYOTAKA_001","1","1","2"
"kyr-aggelos","1","1","2"
"kyrleson_uls_lewis","1","1","2"
"kyun3","1","1","2"
"kzjh72","1","1","2"
"L_morningstar666","1","1","2"
"L_Y_1_2_3","1","1","2"
"l-l-l-l-l","1","1","2"
"l1kyuu","1","1","2"
"L21","1","1","2"
"l33cristian33l","1","1","2"
"L3m0n3K","1","1","2"
"L4rabet","1","1","2"
"La_Brousse","1","1","2"
"LA_LEWIS","1","1","2"
"Laasyapunitharaja","1","1","2"
"Laatchi","1","1","2"
"Lach58","1","1","2"
"Ladeiro","1","1","2"
"ladoshka","1","1","2"
"LadyCapivara","1","1","2"
"LagiMooD75","1","1","2"
"LaGios","1","1","2"
"LaGr1977","1","1","2"
"lagunanivaria","1","1","2"
"Laheep","1","1","2"
"Lahfer","1","1","2"
"laimonm","1","1","2"
"Laisberd","1","1","2"
"lait132","1","1","2"
"LAK20","1","1","2"
"lakarakaya","1","1","2"
"lakeh","1","1","2"
"Lakshay239603","1","1","2"
"LAKSHMITEERTHAM","1","1","2"
"lala1555","1","1","2"
"lalaithion","1","1","2"
"Lalaki","1","1","2"
"lalasimone","1","1","2"
"laluatang_ccn","1","1","2"
"lama102","1","1","2"
"Lambiet","1","1","2"
"Lamborghinisian90","1","1","2"
"lameduck","1","1","2"
"lamina314","1","1","2"
"lamlao1532","1","1","2"
"lampi890","1","1","2"
"LAMPOJKA6","1","1","2"
"LampreySea","1","1","2"
"LanarizdeAldebaran","1","1","2"
"Lancaster2006","1","1","2"
"Lanczos87","1","1","2"
"Landmark82","1","1","2"
"Lane41","1","1","2"
"LanfrancoGonzalez","1","1","2"
"Langer_Hans","1","1","2"
"LanguorousWinter","1","1","2"
"Lani337","1","1","2"
"LankyLuke","1","1","2"
"lanolumboyleolmaz","1","1","2"
"Lanselot36","1","1","2"
"lanstarote","1","1","2"
"Laoca69","1","1","2"
"Lapin_Russe","1","1","2"
"laportemoon9","1","1","2"
"Laredefa","1","1","2"
"LargeArticle","1","1","2"
"laricafood","1","1","2"
"larryruizfuji","1","1","2"
"larsiversen91","1","1","2"
"Larsjohan123","1","1","2"
"larspetersen1980","1","1","2"
"Larszockt","1","1","2"
"Lartoy99","1","1","2"
"larz_rhcp","1","1","2"
"Lascha","1","1","2"
"Lasdun","1","1","2"
"LaserCraft","1","1","2"
"lasparov","1","1","2"
"LassederCappy","1","1","2"
"lassi11","1","1","2"
"last2_brain_cells","1","1","2"
"lastKnight666","1","1","2"
"LastMove","1","1","2"
"lastpawnlost","1","1","2"
"Lastrofraco","1","1","2"
"laurens13","1","1","2"
"lauwarmes","1","1","2"
"LAV-U","1","1","2"
"laveeli","1","1","2"
"Lavers","1","1","2"
"Lavoisier91","1","1","2"
"lavrentie","1","1","2"
"Laxmikant25","1","1","2"
"Lazaro11","1","1","2"
"lazy_doomer","1","1","2"
"LazyCat11","1","1","2"
"Lazyfinisher","1","1","2"
"lazypuppy123","1","1","2"
"lbdm6","1","1","2"
"lbeetlejuice","1","1","2"
"lbm-bl","1","1","2"
"Lbncali","1","1","2"
"LC_THE_KING","1","1","2"
"lczoz6","1","1","2"
"ld54193","1","1","2"
"Ldockx","1","1","2"
"Ldonno2003","1","1","2"
"ldpillar","1","1","2"
"LDSGKnight","1","1","2"
"LdVGregorio","1","1","2"
"le_anticrist0","1","1","2"
"le_cheff_vinke","1","1","2"
"le_pir","1","1","2"
"Le_Pouaro_de_Frans","1","1","2"
"le_toni","1","1","2"
"le0korkich","1","1","2"
"Le5francais5est5dur","1","1","2"
"Leaderofchess2022","1","1","2"
"Leading23","1","1","2"
"Leaf_BZD","1","1","2"
"Leafarcg99","1","1","2"
"LeafyFern104034","1","1","2"
"league2021","1","1","2"
"Leamsi16","1","1","2"
"leansipper6","1","1","2"
"Learce","1","1","2"
"learder4156","1","1","2"
"Learned112","1","1","2"
"Learning_Squad","1","1","2"
"learningstudying","1","1","2"
"Lebrac1995","1","1","2"
"Lebron56","1","1","2"
"LeChuchel","1","1","2"
"lecso666","1","1","2"
"Ledokol82","1","1","2"
"Leechka","1","1","2"
"Leefc","1","1","2"
"Leena12345","1","1","2"
"leethielemier","1","1","2"
"LeFlower2","1","1","2"
"Lega57","1","1","2"
"LeGatoah","1","1","2"
"legionzzz","1","1","2"
"lego6006","1","1","2"
"Legois","1","1","2"
"LeGxS","1","1","2"
"Leha121111","1","1","2"
"LehlohonoloMphi","1","1","2"
"leithe","1","1","2"
"lekelci","1","1","2"
"Leki87","1","1","2"
"lekope","1","1","2"
"Lelach254_Alvine","1","1","2"
"Lelik23","1","1","2"
"LelouchZelka","1","1","2"
"lematchon","1","1","2"
"LeNadzz","1","1","2"
"Lenboo","1","1","2"
"Lene_Edu","1","1","2"
"lenilenny","1","1","2"
"Lenyora","1","1","2"
"Leo_agnino_BC","1","1","2"
"Leo_Terminator","1","1","2"
"Leo3Bet","1","1","2"
"Leo530","1","1","2"
"Leocasblan3005","1","1","2"
"Leofrtblq","1","1","2"
"leogat","1","1","2"
"leogazzu","1","1","2"
"Leoirias","1","1","2"
"Leokyr","1","1","2"
"leolord","1","1","2"
"Leonard1","1","1","2"
"LeonardoAraujoDeSou","1","1","2"
"LeonardoBirk","1","1","2"
"leonardocosta","1","1","2"
"leonchik22","1","1","2"
"Leoncjo","1","1","2"
"Leone2525","1","1","2"
"Leonel_Toro","1","1","2"
"leonestevez","1","1","2"
"LeonG56","1","1","2"
"Leonibarra","1","1","2"
"Leonid_Hrebtov","1","1","2"
"Leonid1982","1","1","2"
"leonkkk","1","1","2"
"leonmtalma1","1","1","2"
"leonnnn19","1","1","2"
"Leonvena","1","1","2"
"Leooo0","1","1","2"
"leopoldderguetige","1","1","2"
"LeoScacchi08","1","1","2"
"Lepip","1","1","2"
"LeR_Boubou","1","1","2"
"leraver","1","1","2"
"Lerayoutube","1","1","2"
"Leri00","1","1","2"
"LeRoiLena","1","1","2"
"lesj1202","1","1","2"
"Lesnott","1","1","2"
"lespetitspions","1","1","2"
"lessrespect","1","1","2"
"lester93","1","1","2"
"letaliss_16","1","1","2"
"LeTub","1","1","2"
"Leugim6","1","1","2"
"Leuizabella","1","1","2"
"Lev_Bartosh","1","1","2"
"leva78","1","1","2"
"Level_Up_Chess","1","1","2"
"LevelRaisin","1","1","2"
"levelsdey","1","1","2"
"LeventNamdar1435","1","1","2"
"LeVezz","1","1","2"
"LeviAkuma","1","1","2"
"leviatan12","1","1","2"
"Leviathan66666","1","1","2"
"Levla","1","1","2"
"LevNeyshtadt","1","1","2"
"LevonGonzales","1","1","2"
"levSha161","1","1","2"
"LevStoyFan16","1","1","2"
"lewout","1","1","2"
"lexac","1","1","2"
"lexexel","1","1","2"
"Lexicon77","1","1","2"
"Lexiiam","1","1","2"
"lexusss14","1","1","2"
"Lexycon","1","1","2"
"LFC2020","1","1","2"
"LG4U6667","1","1","2"
"Lgabi","1","1","2"
"LGB39","1","1","2"
"Lgndist","1","1","2"
"lGokhanl","1","1","2"
"lGraecus","1","1","2"
"lhei_lhei","1","1","2"
"LHMontoro","1","1","2"
"LHOS","1","1","2"
"Li_Hessam","1","1","2"
"lialima","1","1","2"
"LIANENEQUE","1","1","2"
"libardo36","1","1","2"
"Libra1401","1","1","2"
"LibroFantastico","1","1","2"
"Liddle","1","1","2"
"Lidyav","1","1","2"
"LiesGod1","1","1","2"
"Lieutenant_Columboo","1","1","2"
"life1234","1","1","2"
"LIFG93","1","1","2"
"Ligala1","1","1","2"
"LightChessBaby","1","1","2"
"LightiningMcQueen95","1","1","2"
"Lightning95McQueen","1","1","2"
"LightningSSL","1","1","2"
"LightPES","1","1","2"
"lijorro","1","1","2"
"likeagsix","1","1","2"
"lil_edd1","1","1","2"
"LIL_Tent","1","1","2"
"lilbisgod","1","1","2"
"lilita16","1","1","2"
"lilliam_pumpernickel","1","1","2"
"Lillian520","1","1","2"
"LilTjayfanclub4","1","1","2"
"lilys_gambit","1","1","2"
"lim-yo-hwan-superfan","1","1","2"
"LiMiAn","1","1","2"
"Limitchezz","1","1","2"
"limpistol","1","1","2"
"Lina-Jaimes","1","1","2"
"Linczu","1","1","2"
"Lindogwapo","1","1","2"
"Lindorr","1","1","2"
"linolina","1","1","2"
"Linus009","1","1","2"
"Lion_15","1","1","2"
"Lion_beluy","1","1","2"
"Lion-G","1","1","2"
"LionChess17","1","1","2"
"lioneagles","1","1","2"
"liongkgkfk","1","1","2"
"LionHB","1","1","2"
"LiovaJa","1","1","2"
"LipholoRorisang","1","1","2"
"Lipiec","1","1","2"
"liquicraft1","1","1","2"
"LiquidEggProduct","1","1","2"
"Lisdiawan","1","1","2"
"LISKAS","1","1","2"
"Lisovski_Maxim","1","1","2"
"litsik","1","1","2"
"LittleBlaze","1","1","2"
"LittleBlueMan","1","1","2"
"Littlegoya","1","1","2"
"littlejoz","1","1","2"
"LittleSashaBoy","1","1","2"
"LIVEH","1","1","2"
"LivhuM","1","1","2"
"Livinglifeform","1","1","2"
"Livio666","1","1","2"
"liwpiz","1","1","2"
"lj1983","1","1","2"
"ljasonbournel","1","1","2"
"Ljutkic5","1","1","2"
"LK-7T2","1","1","2"
"LKL1235","1","1","2"
"LL54","1","1","2"
"llcf_9","1","1","2"
"LLCoolT","1","1","2"
"lletsica","1","1","2"
"llindhollm","1","1","2"
"lliterallydontcare","1","1","2"
"lllluuuuuccccceee","1","1","2"
"LLOYDSON","1","1","2"
"llpsftm","1","1","2"
"llx5318","1","1","2"
"lmk61","1","1","2"
"lmn10101","1","1","2"
"lnrncvc","1","1","2"
"LNRO","1","1","2"
"loathableyetlovable","1","1","2"
"loazzzz","1","1","2"
"lobab97","1","1","2"
"LobanovKirill","1","1","2"
"loboabitos","1","1","2"
"LobOfx","1","1","2"
"LocDinh2009","1","1","2"
"Loco_Luc","1","1","2"
"lococabral","1","1","2"
"Locodeira","1","1","2"
"locoluis19","1","1","2"
"Locu667","1","1","2"
"lodHad","1","1","2"
"Lodovico1959","1","1","2"
"Loethor","1","1","2"
"lofiKUSH4444","1","1","2"
"Logisch_Zocken","1","1","2"
"logrhythm","1","1","2"
"LOHE1073","1","1","2"
"LohithAditya24","1","1","2"
"loiayirga","1","1","2"
"loicMangeDesCrep","1","1","2"
"Lokieee","1","1","2"
"Lokish","1","1","2"
"lokomotiv777","1","1","2"
"lokosofia","1","1","2"
"lol2009","1","1","2"
"loliten","1","1","2"
"lollipopa","1","1","2"
"lollofar08","1","1","2"
"Lolo33800","1","1","2"
"lololol00000","1","1","2"
"LoLPresidents","1","1","2"
"lolproll","1","1","2"
"lolputin","1","1","2"
"lolus01","1","1","2"
"lOmaine777","1","1","2"
"London_goodbye","1","1","2"
"londonsys","1","1","2"
"LONDOT","1","1","2"
"Lonely_Imhotep","1","1","2"
"LonesomeCowboy","1","1","2"
"longlivetheking1","1","1","2"
"longnguyencovua","1","1","2"
"Longthen","1","1","2"
"LonkBom","1","1","2"
"Lontos","1","1","2"
"Loocifah","1","1","2"
"lopetegui","1","1","2"
"LopStarr","1","1","2"
"lord_julian2310","1","1","2"
"Lord_Shark","1","1","2"
"Lord_Yahya","1","1","2"
"Lord-Planck","1","1","2"
"LordCill","1","1","2"
"LordGrim978","1","1","2"
"LordKey","1","1","2"
"LordOfStark1957","1","1","2"
"lordphontom","1","1","2"
"lordserkerheim","1","1","2"
"LordThrax","1","1","2"
"LorebinaCarrascoII","1","1","2"
"Loredana11","1","1","2"
"Lorentz21","1","1","2"
"Lorenz21","1","1","2"
"lorenzassoo","1","1","2"
"LoreynLorey","1","1","2"
"lorikeet64","1","1","2"
"Lorrid","1","1","2"
"LosAngeles_Mexicano","1","1","2"
"LoseAnythingAnytime","1","1","2"
"losingchimp","1","1","2"
"losser7","1","1","2"
"LOSTasf","1","1","2"
"lostinlife57","1","1","2"
"LoStirato","1","1","2"
"lotheg","1","1","2"
"LOTOC1229","1","1","2"
"Louis_pasquier","1","1","2"
"Louis_W","1","1","2"
"LouisBuckland","1","1","2"
"Louischeckmate","1","1","2"
"louisfrederik","1","1","2"
"louisrch","1","1","2"
"loulou96","1","1","2"
"Loureax","1","1","2"
"louurv","1","1","2"
"lovac128","1","1","2"
"LOVEChess0423","1","1","2"
"LovelyBlunder","1","1","2"
"Lovesosa1","1","1","2"
"lovingman","1","1","2"
"Lovro-2008","1","1","2"
"Lowca","1","1","2"
"Lowdel","1","1","2"
"lowiqmovements","1","1","2"
"Lowrider5431","1","1","2"
"Loyso","1","1","2"
"lp2015","1","1","2"
"lpedrol","1","1","2"
"Lr3rd","1","1","2"
"lrb1973","1","1","2"
"LSDean","1","1","2"
"lsimon23","1","1","2"
"LSKalff","1","1","2"
"lstigs","1","1","2"
"LTiDKK","1","1","2"
"luarwik_luarwik","1","1","2"
"Lubitel1337","1","1","2"
"luc1fer35","1","1","2"
"luca08","1","1","2"
"Lucaele","1","1","2"
"Lucas_87","1","1","2"
"Lucas-monaco","1","1","2"
"lucas0720","1","1","2"
"lucasdgr","1","1","2"
"LucasDyllo","1","1","2"
"lucasmatos123","1","1","2"
"lucasrocco","1","1","2"
"LucasSilveira","1","1","2"
"Lucassinder","1","1","2"
"Lucasvendier","1","1","2"
"Lucasvr","1","1","2"
"LucCastrejon","1","1","2"
"Luchessisgood","1","1","2"
"luciano2000","1","1","2"
"Lucianocastro","1","1","2"
"LucianoFSilva","1","1","2"
"Lucianoinfanti","1","1","2"
"Lucidare","1","1","2"
"Luciferst","1","1","2"
"Luck_Snowball_Cathug","1","1","2"
"LuckasMont7","1","1","2"
"luckduckyolo","1","1","2"
"LuckLuke2040","1","1","2"
"Lucky_Box","1","1","2"
"LuckyApocalypse","1","1","2"
"LuckyBatard","1","1","2"
"luckyism","1","1","2"
"LuckyLuke55","1","1","2"
"luckyowl","1","1","2"
"luckysc","1","1","2"
"lucretzio","1","1","2"
"ludes58","1","1","2"
"LUDOclub","1","1","2"
"Ludvig126","1","1","2"
"Luigi765","1","1","2"
"Luigigregorio","1","1","2"
"LuigiMario94","1","1","2"
"LUIS_HONDERMANN","1","1","2"
"luisajedrez2412","1","1","2"
"luisalberto","1","1","2"
"luisdbenito","1","1","2"
"luisdiazn","1","1","2"
"luisfader","1","1","2"
"luisoliverio0","1","1","2"
"LuisRomano","1","1","2"
"LuizJunior","1","1","2"
"LuizMiguel","1","1","2"
"lukasland","1","1","2"
"LukasOP9","1","1","2"
"lukaspriess","1","1","2"
"lukasvi","1","1","2"
"LukaszTPI","1","1","2"
"luke_ness","1","1","2"
"LukeAVR","1","1","2"
"LukeSam13","1","1","2"
"LukiCarlsen","1","1","2"
"Lukor01","1","1","2"
"luksm94","1","1","2"
"LukyElbe","1","1","2"
"Lulinha97","1","1","2"
"luliperu","1","1","2"
"Lulucastagnette47","1","1","2"
"Lulyanyshko","1","1","2"
"luna45","1","1","2"
"Lunacy_K","1","1","2"
"lunatico_22","1","1","2"
"Lunatix_10","1","1","2"
"Luneiros","1","1","2"
"luokarter","1","1","2"
"LupettoCarino","1","1","2"
"lupinschi_robert","1","1","2"
"LupusRubrum","1","1","2"
"luqe","1","1","2"
"Lusekelo","1","1","2"
"lushyyyy","1","1","2"
"Lusinister","1","1","2"
"Luskisimus","1","1","2"
"LusseSvend","1","1","2"
"Luukk46","1","1","2"
"LuukvdBurg","1","1","2"
"luwildhit1959","1","1","2"
"luxVerbi","1","1","2"
"Luyano1969","1","1","2"
"luzardo000","1","1","2"
"luzbelito1997","1","1","2"
"lvew","1","1","2"
"lvirgili","1","1","2"
"lw167","1","1","2"
"LW4736","1","1","2"
"Lwrance","1","1","2"
"lwtian","1","1","2"
"lxgantyt","1","1","2"
"LYC4NXI","1","1","2"
"Lykouje","1","1","2"
"LyncChess18","1","1","2"
"Lyncepr","1","1","2"
"Lyoha","1","1","2"
"LyokhaNO1","1","1","2"
"lyoklis","1","1","2"
"lyserker","1","1","2"
"lytai","1","1","2"
"Lyufid","1","1","2"
"lyxuan","1","1","2"
"lyzeer","1","1","2"
"LZeroo","1","1","2"
"M_1997_1998","1","1","2"
"M_Abukakar","1","1","2"
"m_alik17","1","1","2"
"M_Elsabaa","1","1","2"
"m_fathi50","1","1","2"
"M_GODA3003","1","1","2"
"M_J_Scorpion","1","1","2"
"M_L_A","1","1","2"
"M_m9898","1","1","2"
"M_t77","1","1","2"
"M_Wal","1","1","2"
"M-0sta95","1","1","2"
"M-Furkan","1","1","2"
"m-walewski","1","1","2"
"m00npie","1","1","2"
"m0154","1","1","2"
"m03rtin","1","1","2"
"m0n0p0list","1","1","2"
"M1680","1","1","2"
"M1927","1","1","2"
"M1ch4lR","1","1","2"
"M1tix","1","1","2"
"m2015_c1979","1","1","2"
"m2309a3","1","1","2"
"m3alim","1","1","2"
"M4looki","1","1","2"
"M4rc2001","1","1","2"
"m4tti","1","1","2"
"m4ul","1","1","2"
"M4YKIL","1","1","2"
"M7md164","1","1","2"
"m7mdmsr","1","1","2"
"maahaan_khoshkalam","1","1","2"
"MAbdulghani","1","1","2"
"mac771119","1","1","2"
"Macaquismo33","1","1","2"
"Macaren","1","1","2"
"Maccartur","1","1","2"
"macdoogal","1","1","2"
"mace100","1","1","2"
"machiavelliniccolo","1","1","2"
"MaciejMisztal","1","1","2"
"mackman033","1","1","2"
"Maconi20","1","1","2"
"MacPuddin","1","1","2"
"Mactam2","1","1","2"
"madan404","1","1","2"
"MaDDenTisT","1","1","2"
"Maddestimate","1","1","2"
"madedo","1","1","2"
"madha0822","1","1","2"
"madicken","1","1","2"
"MadJam602","1","1","2"
"Madrilenos","1","1","2"
"madrones","1","1","2"
"madvet","1","1","2"
"madwand18","1","1","2"
"madzedez","1","1","2"
"Madzer","1","1","2"
"Mael2210","1","1","2"
"maestro2310","1","1","2"
"MaestroPolymath","1","1","2"
"mafekry","1","1","2"
"mafia43","1","1","2"
"maga10_11","1","1","2"
"magagasan","1","1","2"
"MagbusCarlsen","1","1","2"
"magentamango","1","1","2"
"Magger","1","1","2"
"Maggo089","1","1","2"
"magic_pants_miau","1","1","2"
"MagnoMagno46","1","1","2"
"magnus_1212","1","1","2"
"magnus_calson","1","1","2"
"Magnus1985","1","1","2"
"Magnus2410","1","1","2"
"magnuscaaa","1","1","2"
"MagnusCastro","1","1","2"
"MagnusKarls1","1","1","2"
"MagnusNakamura132","1","1","2"
"Magnusyoussef","1","1","2"
"magnut_curlson","1","1","2"
"magojp","1","1","2"
"MagoMerluzzo","1","1","2"
"magomya","1","1","2"
"Magopelo","1","1","2"
"magtan8","1","1","2"
"maguns_sa","1","1","2"
"Mahak_abbasi","1","1","2"
"Mahalingam","1","1","2"
"maharshiraval023","1","1","2"
"MahbubAli","1","1","2"
"Mahdi_Kaoury","1","1","2"
"Mahdi-Amini","1","1","2"
"mahdi33","1","1","2"
"Mahdifti","1","1","2"
"mahdimodanajad6932","1","1","2"
"mahee111","1","1","2"
"Mahin0","1","1","2"
"Mahmod_M","1","1","2"
"Mahmoud_abdallah_697","1","1","2"
"Mahmoud_eLwench","1","1","2"
"Mahmoudahmed30","1","1","2"
"mahmoudalssaman","1","1","2"
"MahmoudMustafaKh","1","1","2"
"mahmoudsalloum","1","1","2"
"MahmutCarlsen41","1","1","2"
"MahoneITF","1","1","2"
"Mahsatoubchi","1","1","2"
"Mahyarchessmasters","1","1","2"
"mai2014","1","1","2"
"maikemm","1","1","2"
"Maikito_RM","1","1","2"
"mailman09","1","1","2"
"mailscb","1","1","2"
"maincharacter21","1","1","2"
"maisa011","1","1","2"
"MaisieW","1","1","2"
"maitreyi2005","1","1","2"
"majcador","1","1","2"
"Majd7014","1","1","2"
"majd890","1","1","2"
"majedkarimi0","1","1","2"
"majestic22","1","1","2"
"majhemajhe","1","1","2"
"majki1997","1","1","2"
"majona","1","1","2"
"MajorDrGhastly","1","1","2"
"Majoritymarcus","1","1","2"
"majortroller69","1","1","2"
"majstr_miha","1","1","2"
"makal199115","1","1","2"
"Makar46","1","1","2"
"Makarios_mponatsos","1","1","2"
"makeitmeme","1","1","2"
"Makhmudov02","1","1","2"
"makilakixki","1","1","2"
"Makishima14","1","1","2"
"MakMak3446","1","1","2"
"maksimdmitrieev","1","1","2"
"Maksimio-1","1","1","2"
"Maksimka2015","1","1","2"
"Malab","1","1","2"
"Malabrigado","1","1","2"
"malakhov_aa","1","1","2"
"Malaluf","1","1","2"
"malaowcazsosnowca","1","1","2"
"Malcoco1959","1","1","2"
"MalcolmJohnQC","1","1","2"
"malek-000","1","1","2"
"Malekhatem","1","1","2"
"Malgora","1","1","2"
"Malhar9","1","1","2"
"Mali1234567","1","1","2"
"MaLi1976","1","1","2"
"Malik282","1","1","2"
"malikarslan06m","1","1","2"
"malikboy","1","1","2"
"malitko","1","1","2"
"mallu-u","1","1","2"
"maloomsaleh1313","1","1","2"
"MalwinG","1","1","2"
"Malwki99","1","1","2"
"mambeta","1","1","2"
"MambweJpopopo","1","1","2"
"mamcapomam","1","1","2"
"Mamerson","1","1","2"
"mamertus","1","1","2"
"Mamifest","1","1","2"
"mamo4ka-xaxaxa","1","1","2"
"Mamun_13","1","1","2"
"man_r","1","1","2"
"Man-erg","1","1","2"
"man3991","1","1","2"
"man5444","1","1","2"
"mananabas2023","1","1","2"
"MananS10","1","1","2"
"manas74","1","1","2"
"Manatomic","1","1","2"
"manchesse","1","1","2"
"Mancity44","1","1","2"
"mandalina07","1","1","2"
"mandgraster_o","1","1","2"
"mandiallabenj","1","1","2"
"mandika","1","1","2"
"mandoliny","1","1","2"
"mandu17","1","1","2"
"ManelLuis","1","1","2"
"Maneshmindra","1","1","2"
"Manga2","1","1","2"
"Manga985","1","1","2"
"MangusLarsen","1","1","2"
"Manholdingfish","1","1","2"
"manic_depressive","1","1","2"
"Manik86","1","1","2"
"maninder9172","1","1","2"
"maninthebooth","1","1","2"
"manirayan1846","1","1","2"
"Manisai","1","1","2"
"manish1710","1","1","2"
"manishranjan","1","1","2"
"manitodeplomo","1","1","2"
"Mankatha_da","1","1","2"
"Manni2308","1","1","2"
"manookl","1","1","2"
"Mansfieldfan","1","1","2"
"manster829","1","1","2"
"Mansur3200","1","1","2"
"MantaGalaxy","1","1","2"
"Mantappu_Jiwa","1","1","2"
"mantheater","1","1","2"
"ManuelEsteve","1","1","2"
"manuelrb98","1","1","2"
"Manujjg24","1","1","2"
"Manumar87","1","1","2"
"Manupincha","1","1","2"
"Manvel2006","1","1","2"
"Manvichandra","1","1","2"
"manwithabishoppair","1","1","2"
"Maomi88888","1","1","2"
"maoro_bl","1","1","2"
"MAPDarshana","1","1","2"
"maqsick123","1","1","2"
"Mar0t","1","1","2"
"maradentro","1","1","2"
"Maradona86","1","1","2"
"MaraKaraganda10","1","1","2"
"marat_tim","1","1","2"
"MaratZj","1","1","2"
"Marazali0180","1","1","2"
"marbb","1","1","2"
"marbs06","1","1","2"
"Marc-Evans_751","1","1","2"
"Marc-o-Marc","1","1","2"
"marcell155","1","1","2"
"marcelllino","1","1","2"
"marcelocaccia","1","1","2"
"MarceloFSantos","1","1","2"
"MarcelSabitzer","1","1","2"
"marcepanello","1","1","2"
"marceuterra2","1","1","2"
"marches","1","1","2"
"marciodantas021","1","1","2"
"marco__polo","1","1","2"
"marco_gana","1","1","2"
"Marco_Garcia_UTP","1","1","2"
"marco269","1","1","2"
"Marcoche55","1","1","2"
"marcohmuniz","1","1","2"
"marcos003","1","1","2"
"Marcos1313","1","1","2"
"marcosca01","1","1","2"
"marcosdudaelite","1","1","2"
"Marcospastor","1","1","2"
"marcosrs2","1","1","2"
"Marcus_Aurelius69","1","1","2"
"marcusthedude","1","1","2"
"Marek2009","1","1","2"
"marekcer","1","1","2"
"MarekD007","1","1","2"
"Marenich","1","1","2"
"MarginalMaster","1","1","2"
"Margonar","1","1","2"
"maria_93","1","1","2"
"MARIA_LUIZA2022","1","1","2"
"mariglio87","1","1","2"
"marilopYus","1","1","2"
"MarioAlf","1","1","2"
"MarioCanales2303","1","1","2"
"MarioDolci97","1","1","2"
"mariogil2009","1","1","2"
"Marionica","1","1","2"
"Marius31416","1","1","2"
"mariuszek404","1","1","2"
"mariuszwa","1","1","2"
"marjan1995","1","1","2"
"mark_birney","1","1","2"
"Mark20052017","1","1","2"
"markabc7","1","1","2"
"markagrovo","1","1","2"
"markavdiev3301","1","1","2"
"MarkBelyy","1","1","2"
"markdanielvalencia","1","1","2"
"markdjpineda","1","1","2"
"markiv2210","1","1","2"
"MarkJfry","1","1","2"
"markjones25","1","1","2"
"markkoan","1","1","2"
"MarkMakers","1","1","2"
"Marko81BG","1","1","2"
"markopolo89","1","1","2"
"markoscha","1","1","2"
"markpenrithradcliffe","1","1","2"
"Markpilosopo","1","1","2"
"markssdc","1","1","2"
"markstevenson15","1","1","2"
"markus_2000","1","1","2"
"MarkusCremann","1","1","2"
"markusian","1","1","2"
"MarkWoz","1","1","2"
"Marky_Laureano","1","1","2"
"Marlango","1","1","2"
"MarlaXSinger","1","1","2"
"MARLUZ","1","1","2"
"MaRoldan777","1","1","2"
"marottolo","1","1","2"
"marow0415","1","1","2"
"MarqueC","1","1","2"
"Marre86","1","1","2"
"Marrok","1","1","2"
"marsel_999t","1","1","2"
"marselka645","1","1","2"
"MarshallJero","1","1","2"
"MarshalOddus","1","1","2"
"Mart_Chess","1","1","2"
"mart2m","1","1","2"
"Martarde","1","1","2"
"martillion","1","1","2"
"Martin_Bo","1","1","2"
"Martin_Duval","1","1","2"
"martin_fink","1","1","2"
"martin_t91","1","1","2"
"Martin147","1","1","2"
"Martin40201","1","1","2"
"martincheckmate","1","1","2"
"MARTINSCHACHSPIELER","1","1","2"
"Martires1986","1","1","2"
"Marty_the_Weasel","1","1","2"
"MartyFriedman","1","1","2"
"Martyna_GRAD_23","1","1","2"
"Maru723","1","1","2"
"marvin1118","1","1","2"
"MARWAN291","1","1","2"
"Marwanecherkaoui","1","1","2"
"marx312","1","1","2"
"marxb8","1","1","2"
"MarxNovoa21-2","1","1","2"
"Mary_1708","1","1","2"
"maryloco39","1","1","2"
"MAS1F","1","1","2"
"masa7316a","1","1","2"
"masacradorvirgii","1","1","2"
"masango","1","1","2"
"masashi0917","1","1","2"
"MasFariss","1","1","2"
"masfehico","1","1","2"
"Maskelyon","1","1","2"
"Maskirovshik","1","1","2"
"masperado","1","1","2"
"masri92","1","1","2"
"masteng007","1","1","2"
"Master_Dubya","1","1","2"
"Master_of_the_Dark","1","1","2"
"Master_Selcuk07","1","1","2"
"MasterBelta","1","1","2"
"MasterBenson","1","1","2"
"masterches999","1","1","2"
"MasterChess1128","1","1","2"
"Mastermind-Jr","1","1","2"
"Mastermoshai","1","1","2"
"mastermp","1","1","2"
"MASTERSUSHANT","1","1","2"
"Mastrrubick","1","1","2"
"mat_as96","1","1","2"
"Matadoresss","1","1","2"
"Matan671","1","1","2"
"matashan","1","1","2"
"MatCauthon1","1","1","2"
"matchatt3","1","1","2"
"MatDao77","1","1","2"
"mate_cro","1","1","2"
"MateChecko","1","1","2"
"mateinfourmoves","1","1","2"
"matejzalusky","1","1","2"
"mateocf","1","1","2"
"MateogTepeyacgdl","1","1","2"
"MateooS","1","1","2"
"MATER66","1","1","2"
"Mateus_Xadrez","1","1","2"
"MATEUS-SILVA","1","1","2"
"Mateuszek11","1","1","2"
"Mathaias83","1","1","2"
"matheeshakalehewatte","1","1","2"
"Mathematician45","1","1","2"
"matheus_ferr","1","1","2"
"matheusElAraujo","1","1","2"
"mathewbiju","1","1","2"
"mathgori","1","1","2"
"mathias_schmidt","1","1","2"
"mathiasgreiner","1","1","2"
"MathieuPap","1","1","2"
"Mathijs2004","1","1","2"
"mathila5555555","1","1","2"
"Matholuas","1","1","2"
"MathPlayer","1","1","2"
"mati44","1","1","2"
"Matiasrodriguez22","1","1","2"
"matin_mobaraky_1382","1","1","2"
"Matingcorner_007","1","1","2"
"MatKus","1","1","2"
"MatLoos","1","1","2"
"MatNinja","1","1","2"
"matomadar","1","1","2"
"matousondrich","1","1","2"
"Matr1X0F","1","1","2"
"matrak56","1","1","2"
"Matrim54","1","1","2"
"matsepu","1","1","2"
"Matsoe4","1","1","2"
"matsp93","1","1","2"
"Matte97","1","1","2"
"MaTtEo_Non_So","1","1","2"
"matteo_ravell","1","1","2"
"matteovontz","1","1","2"
"matteoXe4","1","1","2"
"MATTHEW864","1","1","2"
"MatthieuCpe","1","1","2"
"MatthieuMLM","1","1","2"
"Mattitanium","1","1","2"
"Mattman361","1","1","2"
"mattorlo","1","1","2"
"mattpd","1","1","2"
"mattucc05","1","1","2"
"matty2002","1","1","2"
"MattySenpai","1","1","2"
"matusz21","1","1","2"
"matvei304","1","1","2"
"matveis","1","1","2"
"matvey29473994","1","1","2"
"Matveylx","1","1","2"
"Matvij2016","1","1","2"
"Matviy2009","1","1","2"
"Matyassvejdik","1","1","2"
"matymaks","1","1","2"
"MatzeMax","1","1","2"
"matzepado","1","1","2"
"mau_campos","1","1","2"
"mauchoasesino","1","1","2"
"Maurice2002","1","1","2"
"mauricio-luna","1","1","2"
"mauro_jr","1","1","2"
"MauroCoach2023","1","1","2"
"maverick0617","1","1","2"
"Mawahibul","1","1","2"
"Max_1990","1","1","2"
"MAX150","1","1","2"
"Max1m28","1","1","2"
"Max3242","1","1","2"
"max557","1","1","2"
"max689689","1","1","2"
"maxamp111","1","1","2"
"maxbroin","1","1","2"
"MaxDiaz","1","1","2"
"maxgrote","1","1","2"
"Maxibian","1","1","2"
"maxicarp","1","1","2"
"Maxik22","1","1","2"
"maxilata","1","1","2"
"Maximesarz","1","1","2"
"MaximGraph0","1","1","2"
"Maximo_Santana","1","1","2"
"Maximta","1","1","2"
"maximum_effort","1","1","2"
"Maximum_Fail","1","1","2"
"Maximus23_80","1","1","2"
"Maximusem","1","1","2"
"MaximusTheCon","1","1","2"
"maxipequenot","1","1","2"
"maxknax","1","1","2"
"MaxLo92","1","1","2"
"MaxLongflop","1","1","2"
"MaxMakovv","1","1","2"
"MaxMax20","1","1","2"
"MaxMustermann0815","1","1","2"
"maxpayne2","1","1","2"
"maxx_one","1","1","2"
"MaxZloi","1","1","2"
"May1s","1","1","2"
"mayankkapila","1","1","2"
"Maybe-Nice","1","1","2"
"maybeillsac","1","1","2"
"mayconrfreitas","1","1","2"
"MayconTal","1","1","2"
"mayhoub98","1","1","2"
"maymunistah","1","1","2"
"maynejr","1","1","2"
"mayor001","1","1","2"
"MayVic","1","1","2"
"Mazen_az","1","1","2"
"mazen_j","1","1","2"
"MazterMind","1","1","2"
"Mazurok_Pavel","1","1","2"
"mazyy7887","1","1","2"
"MB_0004","1","1","2"
"mb12","1","1","2"
"mbazz","1","1","2"
"MBerrios85","1","1","2"
"mbhc","1","1","2"
"mbilalmert","1","1","2"
"MBMarco","1","1","2"
"mbulut22","1","1","2"
"Mburg815","1","1","2"
"mbzkv","1","1","2"
"MC-47","1","1","2"
"mc271","1","1","2"
"Mcagrisennn","1","1","2"
"McBlunders","1","1","2"
"mccannha","1","1","2"
"McDane","1","1","2"
"McFlibble","1","1","2"
"mcgirr5799","1","1","2"
"MCGNASSIM","1","1","2"
"Mcgurcan2006","1","1","2"
"MCH2023","1","1","2"
"mchelken","1","1","2"
"mcisak","1","1","2"
"mckaplan","1","1","2"
"Mckurrigan","1","1","2"
"McLovinLFgirlfriend","1","1","2"
"mcluis","1","1","2"
"Mcm222","1","1","2"
"mcmicha2311","1","1","2"
"Mcmovetnd","1","1","2"
"mcnscrlsn","1","1","2"
"md773","1","1","2"
"MDAchess09","1","1","2"
"mdemircan85","1","1","2"
"mdoogii","1","1","2"
"Mdp1964","1","1","2"
"mduy2007","1","1","2"
"mdvjk","1","1","2"
"Me_Fatih","1","1","2"
"Me_gusta_cocaina","1","1","2"
"Meat_Grinder","1","1","2"
"MeatyPetey","1","1","2"
"MebGuid","1","1","2"
"MeBiGJi","1","1","2"
"mechastreisand","1","1","2"
"mecZpasha","1","1","2"
"Med_Amine4","1","1","2"
"Med_kadd","1","1","2"
"medakin","1","1","2"
"mederes2","1","1","2"
"MedEth","1","1","2"
"Meditatievekiwi","1","1","2"
"MediTitan","1","1","2"
"medkog","1","1","2"
"Medo16","1","1","2"
"meedo33457","1","1","2"
"Meekat23","1","1","2"
"Meellok","1","1","2"
"Meenu0804","1","1","2"
"meep28","1","1","2"
"Meepsz","1","1","2"
"Mefisto64","1","1","2"
"megabeton","1","1","2"
"MegaIMT","1","1","2"
"MegaKamol","1","1","2"
"megakote3000","1","1","2"
"meganekit","1","1","2"
"MeganMarple","1","1","2"
"megaskin","1","1","2"
"MEGAWORLD1","1","1","2"
"Megnus773","1","1","2"
"Megoil","1","1","2"
"mehdius","1","1","2"
"mehmet-33","1","1","2"
"mehmet25","1","1","2"
"mehmet2881","1","1","2"
"mehmetefegunes","1","1","2"
"mehmetozan5555","1","1","2"
"mehmetselnn","1","1","2"
"MehmetSungurCehan","1","1","2"
"mehmetuysll","1","1","2"
"mehrdad54","1","1","2"
"mehtaffiq20","1","1","2"
"MeineKatze","1","1","2"
"meisam1993","1","1","2"
"Meisner28","1","1","2"
"Mekans1z","1","1","2"
"mel_lon","1","1","2"
"Mel1987","1","1","2"
"melih1234blgrc","1","1","2"
"melihalibasoguly","1","1","2"
"melihyllmazz","1","1","2"
"meliiihkorkmaz","1","1","2"
"MeliodasGamerYt","1","1","2"
"meliza","1","1","2"
"mellamo","1","1","2"
"melli_dani_92","1","1","2"
"melly12345","1","1","2"
"melmania","1","1","2"
"Melnichuk","1","1","2"
"Melog3","1","1","2"
"MelvinReniJohn5","1","1","2"
"Melwin90","1","1","2"
"Memberr","1","1","2"
"memeann","1","1","2"
"memedd","1","1","2"
"memo99_frenchdefense","1","1","2"
"memonunelineverdim","1","1","2"
"Memphis_123","1","1","2"
"mena-chris","1","1","2"
"Menditas","1","1","2"
"Meniahmetov","1","1","2"
"Meninges","1","1","2"
"MenITrust","1","1","2"
"MentalityToRectify","1","1","2"
"mento_abhi","1","1","2"
"Menyhert","1","1","2"
"meoc","1","1","2"
"Meong_ccn","1","1","2"
"Meowmere01","1","1","2"
"MephistoApostel","1","1","2"
"mercanserhan","1","1","2"
"merdem1235","1","1","2"
"merdemmmm","1","1","2"
"mere_pawn","1","1","2"
"mericselcuk","1","1","2"
"MerkDamus","1","1","2"
"Mermuther","1","1","2"
"Mero3","1","1","2"
"Merollamounir","1","1","2"
"mersinist","1","1","2"
"Mert_B","1","1","2"
"Mert_Emin_Temizel","1","1","2"
"MertAliBeyi","1","1","2"
"mertskrr","1","1","2"
"MerTTuncer","1","1","2"
"Mertuzz","1","1","2"
"Meruena","1","1","2"
"Merve04","1","1","2"
"merxbj","1","1","2"
"MesciuToto","1","1","2"
"meshanhyaaa","1","1","2"
"meshare2036","1","1","2"
"meshari","1","1","2"
"mestradajr879","1","1","2"
"mesut3","1","1","2"
"mesutcazorla2","1","1","2"
"metehanAnlar","1","1","2"
"methamphetamine149","1","1","2"
"Metinktnci","1","1","2"
"MetinOzaslan","1","1","2"
"Metix","1","1","2"
"mevltaksy07","1","1","2"
"Mexico1618","1","1","2"
"MeYeti","1","1","2"
"Meylis-Bow","1","1","2"
"Meysam2017","1","1","2"
"mezencio","1","1","2"
"Mezentsev_Alexander","1","1","2"
"Mezuak","1","1","2"
"MF_MF","1","1","2"
"MF2020","1","1","2"
"MFbest","1","1","2"
"Mfloria","1","1","2"
"mg28","1","1","2"
"MGAman","1","1","2"
"mglasheen","1","1","2"
"mh31415","1","1","2"
"mhan006","1","1","2"
"mhb217","1","1","2"
"mhdizadh","1","1","2"
"mhdsha7","1","1","2"
"MherAmb","1","1","2"
"MHM75","1","1","2"
"mhmd_abdus","1","1","2"
"mhmdba321","1","1","2"
"mhnds","1","1","2"
"Miaplacidus1415","1","1","2"
"miatatas","1","1","2"
"MIB94","1","1","2"
"Micaele92","1","1","2"
"micahacobb","1","1","2"
"Michael_Shen","1","1","2"
"Michael90_32","1","1","2"
"michaelaalborg","1","1","2"
"michaelangeko","1","1","2"
"MichaelBicycle","1","1","2"
"MichaelSom","1","1","2"
"MichaelVP","1","1","2"
"Michal_Jares","1","1","2"
"MichalCernasky","1","1","2"
"michaljk","1","1","2"
"Michalowo999","1","1","2"
"MichalPP","1","1","2"
"Michalyh","1","1","2"
"Michau321","1","1","2"
"MiChesss","1","1","2"
"MichielJ","1","1","2"
"Michielvdz","1","1","2"
"michstery","1","1","2"
"mickaelbest","1","1","2"
"mickeyhaha","1","1","2"
"micsol95","1","1","2"
"Mida_0","1","1","2"
"midas_199","1","1","2"
"MidFoxxy","1","1","2"
"midhun03","1","1","2"
"midknight007","1","1","2"
"MidnightQK","1","1","2"
"mido136","1","1","2"
"Midotito464","1","1","2"
"midpap","1","1","2"
"mig119","1","1","2"
"MigachevIvan","1","1","2"
"mighty_paradise","1","1","2"
"mightyhercules","1","1","2"
"MightyMo63","1","1","2"
"mightytaner","1","1","2"
"migs4n","1","1","2"
"miguekun10","1","1","2"
"Miguel_Rojas15","1","1","2"
"Miguel-Rocha","1","1","2"
"MiguelAngelDaniel","1","1","2"
"migueldvg","1","1","2"
"miguelmunoz","1","1","2"
"Miguelo87","1","1","2"
"Miguizz","1","1","2"
"MiGxSH","1","1","2"
"mihir_redekar","1","1","2"
"Mihurka","1","1","2"
"Mijamek69","1","1","2"
"mijuos33","1","1","2"
"Mika0654","1","1","2"
"MikaDentist","1","1","2"
"Mikaelolle","1","1","2"
"mikayilchess","1","1","2"
"Mike_D1983","1","1","2"
"MikeBobby","1","1","2"
"MikeChandi","1","1","2"
"mikeholand","1","1","2"
"MikelOviedoQES","1","1","2"
"mikelteja10","1","1","2"
"MikePontes","1","1","2"
"mikerazz001","1","1","2"
"miket1","1","1","2"
"mikeybas1","1","1","2"
"MikeyObviously","1","1","2"
"Mikhail_Zaykov","1","1","2"
"mikhail30tal","1","1","2"
"mikhailmal","1","1","2"
"mikk388h","1","1","2"
"Mikkkkkka","1","1","2"
"Mikle651","1","1","2"
"MikN","1","1","2"
"Mikotodesu","1","1","2"
"mikovaler1977","1","1","2"
"Mil_27","1","1","2"
"milad465","1","1","2"
"MilanArando18","1","1","2"
"milcu","1","1","2"
"Mileurillos_rl","1","1","2"
"milida","1","1","2"
"Milidian","1","1","2"
"Milimo02","1","1","2"
"Milithor","1","1","2"
"Milkmaan","1","1","2"
"milkofamnsia","1","1","2"
"milkthetoad","1","1","2"
"MilkyNK1","1","1","2"
"Milla27615","1","1","2"
"MillerDominguez","1","1","2"
"millionlightyear","1","1","2"
"millir","1","1","2"
"Milltontin","1","1","2"
"MilonBiswas","1","1","2"
"MiloPW","1","1","2"
"Milus1","1","1","2"
"milutinovicl","1","1","2"
"Mimchi","1","1","2"
"MimicMedusa111","1","1","2"
"Mimir2704","1","1","2"
"min2sharma","1","1","2"
"Mina_Medhat_25","1","1","2"
"Mina_S_Nesem","1","1","2"
"MINA-RAMZY","1","1","2"
"Minato_187","1","1","2"
"Mindgames1896","1","1","2"
"mindlessmove1989","1","1","2"
"mindSet2020","1","1","2"
"Minerop5000","1","1","2"
"minh10112005","1","1","2"
"Minhchan","1","1","2"
"minhda","1","1","2"
"minhlq1952003","1","1","2"
"Mini_9276","1","1","2"
"MiniMagnusXXL","1","1","2"
"Minino351","1","1","2"
"minion26","1","1","2"
"MinionGR","1","1","2"
"Minjan","1","1","2"
"Minov81","1","1","2"
"Mintrex","1","1","2"
"MioPiedPiper","1","1","2"
"miraysuminaz","1","1","2"
"mirgato","1","1","2"
"MirgenIvandaev","1","1","2"
"mirko_space","1","1","2"
"Mirrus","1","1","2"
"Mirthula123","1","1","2"
"miryokefalon1176","1","1","2"
"Misantth180","1","1","2"
"Mischloney","1","1","2"
"Misha_17oaoaoaoam","1","1","2"
"Misha773","1","1","2"
"MishaA5","1","1","2"
"Mishanya_hlebylllek","1","1","2"
"misiek91z","1","1","2"
"Miskas","1","1","2"
"misprit7","1","1","2"
"Miss_Lizzy","1","1","2"
"Miss-Marple","1","1","2"
"MISSFlySTOCKFISH","1","1","2"
"Mississauga1718","1","1","2"
"MissKatherineK","1","1","2"
"misskonasya","1","1","2"
"mister_bro1","1","1","2"
"mister100prozent","1","1","2"
"MisterHipster","1","1","2"
"MisterMistake","1","1","2"
"mistikguclupro","1","1","2"
"miszczu19","1","1","2"
"MitaHo","1","1","2"
"Mitch42","1","1","2"
"Mitgly","1","1","2"
"mithat05","1","1","2"
"mithrxl","1","1","2"
"Mithu72724","1","1","2"
"Mithunwin","1","1","2"
"mitja314","1","1","2"
"mito2ndaccount","1","1","2"
"Mitobra","1","1","2"
"mitostargazer","1","1","2"
"Mitrabha","1","1","2"
"mitrapersia","1","1","2"
"mitrix1","1","1","2"
"Mitrodiy","1","1","2"
"mixaslis","1","1","2"
"mixno","1","1","2"
"MiyagiMurphy","1","1","2"
"Mizanur_Rahman_Shuvo","1","1","2"
"mizedxd31","1","1","2"
"mizlpool","1","1","2"
"mja7991","1","1","2"
"mjaylamang","1","1","2"
"MJkim1","1","1","2"
"Mjoe_chess","1","1","2"
"MK_Wallerstein","1","1","2"
"mkcdg","1","1","2"
"mkdakhane420","1","1","2"
"mkfchess","1","1","2"
"MKHABA","1","1","2"
"MKorosR","1","1","2"
"mkud34","1","1","2"
"mky-tran","1","1","2"
"MLKA554","1","1","2"
"mlns1999","1","1","2"
"mlortkipanidze","1","1","2"
"mloty_01","1","1","2"
"mLoughnane","1","1","2"
"mlukmann","1","1","2"
"mlundstr","1","1","2"
"MMansoor","1","1","2"
"mMAXim001","1","1","2"
"mmchess77_Informatik","1","1","2"
"MmdI","1","1","2"
"MMK43","1","1","2"
"mmmaaaxxx","1","1","2"
"MmMOoO1387","1","1","2"
"mmnct","1","1","2"
"MMostafa-A","1","1","2"
"mnaylor","1","1","2"
"mnektar","1","1","2"
"Mnf72","1","1","2"
"mnopkq12","1","1","2"
"Mo12Mody","1","1","2"
"mo74md","1","1","2"
"mo7amedsakr","1","1","2"
"mo7sen47","1","1","2"
"MO9","1","1","2"
"mo9e4","1","1","2"
"moabesp92","1","1","2"
"moadnassar","1","1","2"
"moataz_atef","1","1","2"
"mobati","1","1","2"
"MobileMax","1","1","2"
"mobilicorpus","1","1","2"
"mobin74","1","1","2"
"mobslol","1","1","2"
"Moccasin55","1","1","2"
"Mochan_Akki","1","1","2"
"MochaSwingXD","1","1","2"
"mococa1986","1","1","2"
"MoDarwesh","1","1","2"
"Modegv27","1","1","2"
"modernPhone","1","1","2"
"Moe1003","1","1","2"
"Moekyun21","1","1","2"
"Moessam14","1","1","2"
"Moha0925","1","1","2"
"mohamadnour7","1","1","2"
"mohamadsh75","1","1","2"
"mohamed_azam","1","1","2"
"Mohamed_zero","1","1","2"
"Mohamed1985","1","1","2"
"Mohamed2boahmed","1","1","2"
"MohamedAmr1","1","1","2"
"MohamedAtefUK","1","1","2"
"Mohamedelhafez2021","1","1","2"
"mohamedelmesery","1","1","2"
"mohamedsabry1","1","1","2"
"MohamedZawawi","1","1","2"
"Mohammad_IRAQ","1","1","2"
"Mohammad-otoum","1","1","2"
"MohammadAmr1","1","1","2"
"MohammadHossein_20","1","1","2"
"mohammadmrz","1","1","2"
"Mohammed_FQ","1","1","2"
"Mohammedsoliiman","1","1","2"
"mohand10mohamed","1","1","2"
"mohemn","1","1","2"
"Mohyla_Victor","1","1","2"
"moibo","1","1","2"
"MoinMeister","1","1","2"
"moist_buckets","1","1","2"
"Mokhtar1506","1","1","2"
"Moldyshirt","1","1","2"
"moloth88","1","1","2"
"momare","1","1","2"
"Mombaertslaurent","1","1","2"
"Mombasa2020","1","1","2"
"Momen_Malik_Lattakia","1","1","2"
"momidifard","1","1","2"
"Momjuice69","1","1","2"
"MoMo9830","1","1","2"
"momswag","1","1","2"
"moncal","1","1","2"
"Mondainai","1","1","2"
"Mondkalb","1","1","2"
"Mondydos","1","1","2"
"Monek_i","1","1","2"
"Monhem","1","1","2"
"monicanna","1","1","2"
"monimoni767","1","1","2"
"MonkeyKingDH","1","1","2"
"Mono1480","1","1","2"
"MonolithScorcher","1","1","2"
"monopin","1","1","2"
"Monotonous11","1","1","2"
"monptit49","1","1","2"
"Monsieurenpassant384","1","1","2"
"MonsieurTaha","1","1","2"
"monster7279","1","1","2"
"Montebaby","1","1","2"
"MonteChristos","1","1","2"
"montialiart","1","1","2"
"Montillo","1","1","2"
"Monts95","1","1","2"
"montvintous","1","1","2"
"moon_o3","1","1","2"
"moon_shinnne","1","1","2"
"MOON_SUN_PLANET","1","1","2"
"MoonKnight11","1","1","2"
"Moonlight1996","1","1","2"
"Moooooooooooooooritz","1","1","2"
"Moosamih","1","1","2"
"mooseman1021","1","1","2"
"mopikus","1","1","2"
"morad98ly","1","1","2"
"Moradi-7","1","1","2"
"moralejaaa","1","1","2"
"Morantxu","1","1","2"
"Mord42","1","1","2"
"Mordelon","1","1","2"
"MorenaNargesi","1","1","2"
"morendo","1","1","2"
"Morgoth98","1","1","2"
"morice13","1","1","2"
"mormorn","1","1","2"
"Morozine","1","1","2"
"Morozkov002","1","1","2"
"morphish","1","1","2"
"mortayol","1","1","2"
"Mortoxmard3000","1","1","2"
"MortyKhan","1","1","2"
"Morus_rubra","1","1","2"
"morzuchowsky","1","1","2"
"mosayebaghabozorgi","1","1","2"
"Moscardo7","1","1","2"
"Moshyk","1","1","2"
"Moskva_Life","1","1","2"
"MossFitMallard","1","1","2"
"mostafa_dhemsh","1","1","2"
"Mostafa369ir","1","1","2"
"mostafa7amdy","1","1","2"
"mostfa_stofa","1","1","2"
"Mothapo","1","1","2"
"MotherYocker","1","1","2"
"MOTITOV","1","1","2"
"motor450","1","1","2"
"motorider","1","1","2"
"Mouaz_98","1","1","2"
"MouchoirEnPapier","1","1","2"
"MouiadCafoury","1","1","2"
"Moumita_Chatterjee","1","1","2"
"moundher7","1","1","2"
"Moxymo777","1","1","2"
"Mozael","1","1","2"
"mozalinc","1","1","2"
"MOZGIZZHIRA","1","1","2"
"MozWazWoz","1","1","2"
"MP1987","1","1","2"
"mpene","1","1","2"
"mph1k","1","1","2"
"mpiecorts","1","1","2"
"MPoovizhi","1","1","2"
"mpschmidt","1","1","2"
"MPWF","1","1","2"
"mpwmpwmpw","1","1","2"
"Mr_3_14ickpocket","1","1","2"
"Mr_Acute","1","1","2"
"Mr_Akhi","1","1","2"
"mr_Alexandro","1","1","2"
"mr_angith","1","1","2"
"Mr_Chrisss","1","1","2"
"Mr_Cossa","1","1","2"
"Mr_heavenlyDemon","1","1","2"
"mr_Ilya_A","1","1","2"
"Mr_Kevin12","1","1","2"
"Mr_Majdi99999","1","1","2"
"Mr_Miralem","1","1","2"
"Mr_Miyagi676","1","1","2"
"Mr_Noobie","1","1","2"
"Mr_Perfectionist","1","1","2"
"Mr_Vlasov","1","1","2"
"mr-alexrider91","1","1","2"
"Mr-Crowley","1","1","2"
"Mr-president20","1","1","2"
"Mr4skin","1","1","2"
"mr78","1","1","2"
"MRadmin07","1","1","2"
"MRAMRAMRAMRMAMRA","1","1","2"
"Mrazek","1","1","2"
"Mrazprozhektor","1","1","2"
"MrBlunderer76","1","1","2"
"MrBOT104","1","1","2"
"MrBriborion","1","1","2"
"MrChessMaster100","1","1","2"
"MrCoolDome","1","1","2"
"MrDiracImpulse","1","1","2"
"MrDull","1","1","2"
"mredigonda","1","1","2"
"mrfaria","1","1","2"
"MrFlamingoo","1","1","2"
"mrgenghiz","1","1","2"
"MrHeadKing","1","1","2"
"mrizal99","1","1","2"
"mrjastone2022","1","1","2"
"MrJulien","1","1","2"
"MrKilo99","1","1","2"
"MrKinzen","1","1","2"
"mrkite01","1","1","2"
"MRkolobo","1","1","2"
"MrKruffles","1","1","2"
"mrkwosoft","1","1","2"
"MrLench1k","1","1","2"
"mrlili","1","1","2"
"MrMagical","1","1","2"
"mrmcwn","1","1","2"
"mrmicheas","1","1","2"
"MrMinutia","1","1","2"
"MrMohmmed","1","1","2"
"mrnepomuk","1","1","2"
"Mrnotsofreeman","1","1","2"
"MrNovember","1","1","2"
"MrOki","1","1","2"
"MrOlu","1","1","2"
"mrorango02","1","1","2"
"MRoshniDoss","1","1","2"
"Mrozgur23","1","1","2"
"mrpaulsen","1","1","2"
"MrPerfecT_ORG","1","1","2"
"MrPerfectGinger","1","1","2"
"MrPogix","1","1","2"
"MrRaskolnikov00","1","1","2"
"MrResetti","1","1","2"
"MRS13","1","1","2"
"MrScarlassare","1","1","2"
"MrSermon","1","1","2"
"MRSH221BBS","1","1","2"
"mrsKJBB_1995","1","1","2"
"MrSleepyhead32","1","1","2"
"MrStephenson","1","1","2"
"MrTackle","1","1","2"
"mrtoker21","1","1","2"
"MrVassily","1","1","2"
"MrVik47","1","1","2"
"Mrwell","1","1","2"
"mrwuttke","1","1","2"
"mrzdrva","1","1","2"
"MrZero00","1","1","2"
"ms1966","1","1","2"
"MS2119","1","1","2"
"Msa18","1","1","2"
"MsA245","1","1","2"
"msabaliauskis","1","1","2"
"msahin35","1","1","2"
"msbas442","1","1","2"
"MSDmjxk","1","1","2"
"mserr1","1","1","2"
"MSipahi","1","1","2"
"mskipper","1","1","2"
"Msmclara09","1","1","2"
"msnawe","1","1","2"
"mspn","1","1","2"
"mss30","1","1","2"
"mstfty","1","1","2"
"MSU-Spartans","1","1","2"
"Msulyok","1","1","2"
"Msyomen_1","1","1","2"
"mt1sodre","1","1","2"
"MTKmoon","1","1","2"
"MTPATRIOT1","1","1","2"
"mttaylor1066","1","1","2"
"MtthsE","1","1","2"
"MubasharNaeem","1","1","2"
"mubby","1","1","2"
"muca3242","1","1","2"
"mucahityilmaz1","1","1","2"
"Muccar","1","1","2"
"mudinsky","1","1","2"
"Muffolo","1","1","2"
"mugiwara_yha","1","1","2"
"Muh59","1","1","2"
"MUHAMMAD_KHUSANOV","1","1","2"
"muhammadaslamkhan","1","1","2"
"muhammadmaher17","1","1","2"
"Muhammed_Ali0","1","1","2"
"Muhammed_C4n","1","1","2"
"muhammed-se","1","1","2"
"MuhammedAli16","1","1","2"
"Muhammedarda5851","1","1","2"
"muhammetunkown","1","1","2"
"muhaned10m_m","1","1","2"
"Muichiro_0","1","1","2"
"MUJAHIDOO","1","1","2"
"mukhammadaliochilov","1","1","2"
"Mukwetu","1","1","2"
"mullethefish","1","1","2"
"multikonto","1","1","2"
"mumba","1","1","2"
"muneer1890","1","1","2"
"Munjalsurender","1","1","2"
"MunkhtulgaChimed21k1","1","1","2"
"murad_meherremli","1","1","2"
"Muratcan21","1","1","2"
"murates123","1","1","2"
"murgensem1955","1","1","2"
"Murlo3","1","1","2"
"murometc90","1","1","2"
"muruw","1","1","2"
"MurvatMammadov","1","1","2"
"Murzilker","1","1","2"
"musaev_islam","1","1","2"
"musedoba","1","1","2"
"Mushcina","1","1","2"
"Mushguin","1","1","2"
"mushibwe","1","1","2"
"musician987","1","1","2"
"mustafa0910","1","1","2"
"Mustafa1993IRAQ","1","1","2"
"mustafaaltas","1","1","2"
"mustafabekir","1","1","2"
"Mustafaker","1","1","2"
"mustafanas","1","1","2"
"mustapha-135","1","1","2"
"MustHavebabe","1","1","2"
"mutatednation","1","1","2"
"muthulor","1","1","2"
"MuthuMS07","1","1","2"
"Muxiddinov_Mirzohid","1","1","2"
"Mwamba1409","1","1","2"
"mwayne95","1","1","2"
"Mwigog","1","1","2"
"mwira","1","1","2"
"mwl","1","1","2"
"MX_DAMONE","1","1","2"
"mxckingbird","1","1","2"
"mxn55","1","1","2"
"mxxdai","1","1","2"
"My_220480","1","1","2"
"my_mam","1","1","2"
"My123chess","1","1","2"
"My91","1","1","2"
"myaikhtp","1","1","2"
"Myangaa999","1","1","2"
"MYCATCANFLY","1","1","2"
"MycoPogi2020-2021","1","1","2"
"MycroftMixeudeim","1","1","2"
"myfriendonline","1","1","2"
"myiqtestcamenegative","1","1","2"
"Mykola337","1","1","2"
"MylesEngineer","1","1","2"
"mylilhomi","1","1","2"
"mymorningcheckmate","1","1","2"
"mynameisguts","1","1","2"
"MyNameJeff167","1","1","2"
"MyNameTarakan","1","1","2"
"MyoldBaku","1","1","2"
"Myopicccc","1","1","2"
"MyOpponentIsGreedy","1","1","2"
"Myp3uk117","1","1","2"
"myselfmentor","1","1","2"
"Mysor228","1","1","2"
"MysteriousBasil1","1","1","2"
"Mystery28","1","1","2"
"mysteryvabs","1","1","2"
"MysticBlizzard","1","1","2"
"mysticraumdeuter","1","1","2"
"mythosofsmythos","1","1","2"
"mzaffer011235","1","1","2"
"mzauber","1","1","2"
"MzeynepV","1","1","2"
"N-zero","1","1","2"
"n00b91","1","1","2"
"n0acar","1","1","2"
"n1n2n3","1","1","2"
"n3on22","1","1","2"
"Nabelschnur","1","1","2"
"nabirsliv","1","1","2"
"nabsit","1","1","2"
"Naca1025","1","1","2"
"Naca86","1","1","2"
"nachalo-conez","1","1","2"
"NachoJE","1","1","2"
"Nachozing","1","1","2"
"Nackenpeitsche","1","1","2"
"NACoachMarkAnthony29","1","1","2"
"Nadavgo","1","1","2"
"NadBenTo","1","1","2"
"Naddyuza","1","1","2"
"Nadeemafzalasi","1","1","2"
"Nader333","1","1","2"
"naderehab","1","1","2"
"naderpa","1","1","2"
"NADFH","1","1","2"
"Nadrom","1","1","2"
"nae_bae","1","1","2"
"NAFI_1","1","1","2"
"Nafiul_Omar","1","1","2"
"nafur","1","1","2"
"Nagabhushana1450","1","1","2"
"nagachemat","1","1","2"
"NAGIBAT0R_666","1","1","2"
"nagummi","1","1","2"
"nahuel03","1","1","2"
"Naif-nd","1","1","2"
"naitookwan","1","1","2"
"Najadeoldum","1","1","2"
"Najd1","1","1","2"
"najemmarzouki","1","1","2"
"nakoshi111","1","1","2"
"Nalim95","1","1","2"
"nalusku","1","1","2"
"nam1xforever","1","1","2"
"NAMAN_PATEL","1","1","2"
"namansoni_11","1","1","2"
"nameout","1","1","2"
"Namio","1","1","2"
"namnams","1","1","2"
"Namninos","1","1","2"
"namonaki_kibutsu9669","1","1","2"
"NANAGARU","1","1","2"
"nanawa","1","1","2"
"nandachess","1","1","2"
"Nandi2009","1","1","2"
"NandosZA","1","1","2"
"Nandy111","1","1","2"
"nanipom","1","1","2"
"nany_marcielly","1","1","2"
"NAPOf","1","1","2"
"napolyonbonapartee","1","1","2"
"Napysik","1","1","2"
"NAR14","1","1","2"
"naravasuresh97","1","1","2"
"NArayan0811","1","1","2"
"NARBAS102","1","1","2"
"NarcisoSousa","1","1","2"
"nareshhyd","1","1","2"
"Narsingraog_energy","1","1","2"
"NASH29","1","1","2"
"Nashedd","1","1","2"
"NASHNOUSH55","1","1","2"
"NasirG","1","1","2"
"nasnedogonisch","1","1","2"
"NassarBR","1","1","2"
"Nastia201202","1","1","2"
"Nastiks2405","1","1","2"
"Nata2020","1","1","2"
"natale","1","1","2"
"NatalyaT","1","1","2"
"Natanna","1","1","2"
"Natea","1","1","2"
"NateB911","1","1","2"
"natedogg7070","1","1","2"
"natelleka","1","1","2"
"NateMLowe","1","1","2"
"nathamanath","1","1","2"
"NathanHough","1","1","2"
"NathanIB","1","1","2"
"nathanr18","1","1","2"
"nathela","1","1","2"
"nathos68","1","1","2"
"Nathpam","1","1","2"
"Nathrakh","1","1","2"
"natiazhizhavadze1989","1","1","2"
"natis007","1","1","2"
"Natschlic14","1","1","2"
"natte28","1","1","2"
"natverkslosen","1","1","2"
"Naured","1","1","2"
"navas049","1","1","2"
"Naveen__1","1","1","2"
"Naveenparmar","1","1","2"
"NAVEENPRABHU_S","1","1","2"
"Navendu_shekhar","1","1","2"
"Navigatori","1","1","2"
"Navyseal3","1","1","2"
"naxxara00","1","1","2"
"nayrkz","1","1","2"
"naza1986","1","1","2"
"Nazar76","1","1","2"
"NaZarro9","1","1","2"
"nazarssx","1","1","2"
"NazGoule","1","1","2"
"ncandido","1","1","2"
"NCCAGermanicus","1","1","2"
"NChanin-DSA","1","1","2"
"NCW_1911","1","1","2"
"ND33","1","1","2"
"NE_FLORES_MV","1","1","2"
"neanderbac","1","1","2"
"near11ooo","1","1","2"
"Neargood","1","1","2"
"Necklacesurvivor","1","1","2"
"nedjemghoul","1","1","2"
"Nedley01","1","1","2"
"nedloh_dleifluac","1","1","2"
"NedSnel","1","1","2"
"Nedumm","1","1","2"
"neek","1","1","2"
"neftali_mena","1","1","2"
"negoticas","1","1","2"
"nehkeyg","1","1","2"
"NehriGrejuva","1","1","2"
"NehuelMendoza","1","1","2"
"NeilChitnis","1","1","2"
"nejdettt","1","1","2"
"NekitZh","1","1","2"
"NekiyBoris","1","1","2"
"neknekkekkek","1","1","2"
"Nekro-kot","1","1","2"
"neku1997","1","1","2"
"nellymac","1","1","2"
"nelson_da_light","1","1","2"
"Nelsonbrito","1","1","2"
"nelsonmarcelino","1","1","2"
"NelytoRoque","1","1","2"
"Nemanja1121","1","1","2"
"NematBabayev","1","1","2"
"nemo_e","1","1","2"
"NEMO1111111111111111","1","1","2"
"nemonizer","1","1","2"
"Nemti","1","1","2"
"nenadilic97","1","1","2"
"nenadtutun","1","1","2"
"nenewin","1","1","2"
"Neo1sma","1","1","2"
"neocles","1","1","2"
"neoFreudd","1","1","2"
"NeonAssassin777","1","1","2"
"NeonRelic","1","1","2"
"Neovaltee","1","1","2"
"nephophile17","1","1","2"
"Nerhy","1","1","2"
"NeriChri","1","1","2"
"nerkoalomerovic","1","1","2"
"nerumka","1","1","2"
"nervoul","1","1","2"
"Nesercan98","1","1","2"
"NeStar_05","1","1","2"
"Nestorsuarez","1","1","2"
"netflix69","1","1","2"
"NethangaNethsara","1","1","2"
"netixxx","1","1","2"
"NETmond","1","1","2"
"netobatera","1","1","2"
"NetzkeDollz","1","1","2"
"Neuch","1","1","2"
"neuraldeqns","1","1","2"
"neurus17","1","1","2"
"neutral33soul","1","1","2"
"NeverEnough01","1","1","2"
"New123456789010","1","1","2"
"Newbie_11","1","1","2"
"newbie1812","1","1","2"
"newbiemanbyneck","1","1","2"
"newcheckhov","1","1","2"
"Newpersona","1","1","2"
"newplayeriam","1","1","2"
"NewPlayerYes","1","1","2"
"NewTo1e4","1","1","2"
"Nextz","1","1","2"
"nexus421","1","1","2"
"nexusreet","1","1","2"
"neydo7","1","1","2"
"ng32cuvy","1","1","2"
"ng99","1","1","2"
"ngc3363","1","1","2"
"Ngmig","1","1","2"
"ngocthitrandu","1","1","2"
"ngogoladze","1","1","2"
"Ngoma1","1","1","2"
"Nguoihatrong","1","1","2"
"nguyennkn","1","1","2"
"nguyenphong01042014","1","1","2"
"nguyenthua3123","1","1","2"
"NhoJ_Gonk","1","1","2"
"niall03","1","1","2"
"Niall1990","1","1","2"
"NiceHand","1","1","2"
"Nicholasguth","1","1","2"
"NicjCoc","1","1","2"
"Nick-X-Last","1","1","2"
"Nick1791","1","1","2"
"nickchoppo","1","1","2"
"NICKO_CETERRES","1","1","2"
"nicksy99","1","1","2"
"NickTal21","1","1","2"
"Nico4las","1","1","2"
"nicoasdf","1","1","2"
"nicodayniel213","1","1","2"
"NicoFab77","1","1","2"
"nicolas277","1","1","2"
"nicolas69420","1","1","2"
"nicolasabra","1","1","2"
"nicolasportnoy","1","1","2"
"NicoLays","1","1","2"
"NICOLZZ","1","1","2"
"NicoManson","1","1","2"
"niconanco","1","1","2"
"Nicopro79","1","1","2"
"nidhishagrawal","1","1","2"
"niels_p","1","1","2"
"Niemand05","1","1","2"
"NieNaNie","1","1","2"
"Niesh_Rimidalv","1","1","2"
"Nifru","1","1","2"
"Nightmare_Gagnon","1","1","2"
"Nightwolf_7","1","1","2"
"NikB2","1","1","2"
"NiketGupta_1","1","1","2"
"Nikhar","1","1","2"
"nikhil_tikam_7","1","1","2"
"Nikhil2202","1","1","2"
"nikhildhar","1","1","2"
"nikinik746","1","1","2"
"Nikita_Lavrenyuk","1","1","2"
"Nikita_Turovich","1","1","2"
"NIKITA30092015","1","1","2"
"NikitaChar","1","1","2"
"NikitaKurilin2014","1","1","2"
"Nikitka2_0","1","1","2"
"NikitosRUS","1","1","2"
"nikmuc","1","1","2"
"niknie","1","1","2"
"Niko_k18","1","1","2"
"nikohari","1","1","2"
"Nikola-Kola3","1","1","2"
"Nikolagr","1","1","2"
"Nikolay85","1","1","2"
"NikolayKozlov1","1","1","2"
"NikolayTarabrin","1","1","2"
"NikosP","1","1","2"
"NikoTesin1995","1","1","2"
"nikpamp","1","1","2"
"Nikv333","1","1","2"
"Nileblue55","1","1","2"
"niloparra","1","1","2"
"nilslorand","1","1","2"
"NilsMorsch","1","1","2"
"nilsonskiy","1","1","2"
"NilspferdfromNil","1","1","2"
"Nima_c","1","1","2"
"Nimbus35","1","1","2"
"Nimolasu","1","1","2"
"Nimrod01","1","1","2"
"NIMUXY","1","1","2"
"nimzo5","1","1","2"
"Nimzowid","1","1","2"
"Ninexit","1","1","2"
"NInJA211","1","1","2"
"NinoGiacomelli","1","1","2"
"Nirothi","1","1","2"
"Nirvana2207","1","1","2"
"nis_is97","1","1","2"
"nisaacdz","1","1","2"
"Nischay","1","1","2"
"nisioisin","1","1","2"
"nismorap","1","1","2"
"NiSyndrome","1","1","2"
"Nitesh001","1","1","2"
"Niteshsiva","1","1","2"
"nitfsjeni","1","1","2"
"Nitheesh2012","1","1","2"
"NitheeshNitz","1","1","2"
"nithinbekal","1","1","2"
"Nitin196277","1","1","2"
"Nitin2108","1","1","2"
"nitinbhai","1","1","2"
"nitinptl","1","1","2"
"nitroffert","1","1","2"
"nitromir","1","1","2"
"nitshe","1","1","2"
"nitz1234","1","1","2"
"niv_v2","1","1","2"
"Nivedyam","1","1","2"
"Nivek90","1","1","2"
"nivsul","1","1","2"
"Niwle","1","1","2"
"niyazi2","1","1","2"
"njose2806","1","1","2"
"njskaras","1","1","2"
"Nkomo","1","1","2"
"Nkosinathiie","1","1","2"
"Nkululeko_2002","1","1","2"
"NlLA0S","1","1","2"
"nlsgrv","1","1","2"
"Nmantic96","1","1","2"
"nmtt","1","1","2"
"nna2011a","1","1","2"
"nnh26","1","1","2"
"nnsnns","1","1","2"
"NNuyaN","1","1","2"
"No1_Titan_bro","1","1","2"
"Noah007","1","1","2"
"noah739","1","1","2"
"noamjgal","1","1","2"
"nobackmove","1","1","2"
"noble2020","1","1","2"
"Nocturnal_1990","1","1","2"
"NodiRReaL","1","1","2"
"noel_lucenio","1","1","2"
"NoelGeroN","1","1","2"
"Noelprasad","1","1","2"
"NoGalloNoParty","1","1","2"
"NOHMDI","1","1","2"
"NoirCommeMoiMeme","1","1","2"
"NoisyDiaOffical","1","1","2"
"NoKta2","1","1","2"
"NoLimit33","1","1","2"
"nombredeusuario2022","1","1","2"
"nomequalquer123","1","1","2"
"Non-normal","1","1","2"
"Nonloso5","1","1","2"
"Nonold","1","1","2"
"nonopralo","1","1","2"
"Nonoxx21","1","1","2"
"Nonsens228","1","1","2"
"Nonso7","1","1","2"
"nonsochenome","1","1","2"
"nonuk","1","1","2"
"Noob_1551","1","1","2"
"NooB_Beta","1","1","2"
"nooblord16","1","1","2"
"noobmaster610","1","1","2"
"noobmaster69died","1","1","2"
"noobyDEADPOOL","1","1","2"
"noone2210","1","1","2"
"nopieceout","1","1","2"
"Nopommesski","1","1","2"
"nor1977","1","1","2"
"Nor1d","1","1","2"
"NoRageJustCalm","1","1","2"
"Norash77","1","1","2"
"Norbert-Stephan","1","1","2"
"Nordes84","1","1","2"
"Nordfalt","1","1","2"
"nordwey","1","1","2"
"norghil","1","1","2"
"norha","1","1","2"
"NormanPrietHerr","1","1","2"
"normieal","1","1","2"
"noroleplayer","1","1","2"
"northkingg","1","1","2"
"NorthropGrumman","1","1","2"
"NorwegianMartini","1","1","2"
"noskatedhynehuncho","1","1","2"
"Noslen_Kd2","1","1","2"
"not_crownxd","1","1","2"
"NotATroll420","1","1","2"
"Notefie","1","1","2"
"NotHot","1","1","2"
"notinthemood000","1","1","2"
"notone2","1","1","2"
"NotSmartt","1","1","2"
"notsu01","1","1","2"
"notthatgreatatall","1","1","2"
"Nottingam_Forest","1","1","2"
"NotVeryGoodTBH","1","1","2"
"notyubless","1","1","2"
"nouasinguem","1","1","2"
"NouredDine_bndll","1","1","2"
"Nouri538","1","1","2"
"nouri88","1","1","2"
"novanoc","1","1","2"
"NovaZola","1","1","2"
"november111111","1","1","2"
"novica18","1","1","2"
"Novice0007","1","1","2"
"NoviceHacker","1","1","2"
"novichok717717","1","1","2"
"Novohat_nag","1","1","2"
"NoWayHeng","1","1","2"
"NoWayThisWorks","1","1","2"
"Noweski","1","1","2"
"nozzych3ss","1","1","2"
"npavcec","1","1","2"
"NPL75","1","1","2"
"npocmak","1","1","2"
"nptqown","1","1","2"
"nroj82","1","1","2"
"NSavvage","1","1","2"
"nsf545","1","1","2"
"nshegunov","1","1","2"
"nuben1","1","1","2"
"Nubthebubs","1","1","2"
"nucb_ka","1","1","2"
"Nucleon235","1","1","2"
"Nuel-Chucks","1","1","2"
"NuggetsOne","1","1","2"
"NuGustavs","1","1","2"
"Nuju","1","1","2"
"number_100","1","1","2"
"Number1master","1","1","2"
"number1sadboy","1","1","2"
"numbercrush204","1","1","2"
"Numenoroen","1","1","2"
"Nunkytr","1","1","2"
"nunnervich","1","1","2"
"Nunzio_Gelsomino","1","1","2"
"NURASSYLASSANULY","1","1","2"
"nurik2008","1","1","2"
"Nursen87","1","1","2"
"nursyahirah_07","1","1","2"
"Nurullahtunc19","1","1","2"
"NutsCracker95","1","1","2"
"nvnyn111","1","1","2"
"nw1973","1","1","2"
"nwatrous","1","1","2"
"nwyand","1","1","2"
"ny17","1","1","2"
"Nybbe","1","1","2"
"Nychts","1","1","2"
"NymdaKing","1","1","2"
"nyreto","1","1","2"
"Nyshotytskazat","1","1","2"
"nzl","1","1","2"
"nztaddict","1","1","2"
"o_dark","1","1","2"
"o_eren_cicek","1","1","2"
"O_Fallahian","1","1","2"
"O_Kogoro_Mouri","1","1","2"
"o_muerte","1","1","2"
"O_OPuddles","1","1","2"
"O_STARNITE_O","1","1","2"
"o0v0p","1","1","2"
"o132fh321","1","1","2"
"O9MRAN","1","1","2"
"OAdams1","1","1","2"
"OakBeechBirchMaple","1","1","2"
"Oatmealbeme","1","1","2"
"OatsAllDay","1","1","2"
"obaidi","1","1","2"
"Obed1994","1","1","2"
"oberschlumpf","1","1","2"
"Obi-E","1","1","2"
"oblom04","1","1","2"
"Oblsonsky","1","1","2"
"obolfazl","1","1","2"
"obompl1","1","1","2"
"oBosna","1","1","2"
"OboturovViaChessLove","1","1","2"
"obrst","1","1","2"
"OCC1980","1","1","2"
"ochesso69","1","1","2"
"Ociredeff","1","1","2"
"Octacat21_21","1","1","2"
"Octavn","1","1","2"
"Octoplax","1","1","2"
"od_ata","1","1","2"
"od507","1","1","2"
"oddtactics","1","1","2"
"odintzy","1","1","2"
"Odriozola","1","1","2"
"odulsorg","1","1","2"
"Odunkofte","1","1","2"
"OE_1","1","1","2"
"Oeleye","1","1","2"
"oesube","1","1","2"
"ofarukss","1","1","2"
"ofgs","1","1","2"
"ofiris","1","1","2"
"oganes1991","1","1","2"
"ogeima","1","1","2"
"Oginbogin","1","1","2"
"OGiray","1","1","2"
"ogulcanynk","1","1","2"
"oguz20202","1","1","2"
"oguzduran","1","1","2"
"OGUZXAN","1","1","2"
"ohadazaria","1","1","2"
"ohairtneada","1","1","2"
"ohchessperson","1","1","2"
"ohhiagain","1","1","2"
"ohyeahgetthis","1","1","2"
"oiooiooio","1","1","2"
"ojaspilay","1","1","2"
"OJoe44","1","1","2"
"ojus082","1","1","2"
"okezzi","1","1","2"
"Okkebeest","1","1","2"
"OKKY_JELLY","1","1","2"
"oknyat","1","1","2"
"okopysw","1","1","2"
"Oksano4ka","1","1","2"
"Okuyupuflenmispiyon","1","1","2"
"okyayfurkan1","1","1","2"
"Olaemma","1","1","2"
"olaflh","1","1","2"
"Olayinka","1","1","2"
"olbert2","1","1","2"
"OldManTheSea1967","1","1","2"
"OldSuregun","1","1","2"
"OldyOne","1","1","2"
"ole388","1","1","2"
"olecsetna","1","1","2"
"Oleg_2015","1","1","2"
"oleg_rodkin-1973","1","1","2"
"Oleg_Surkov","1","1","2"
"Oleg-Zino","1","1","2"
"Olegko1995","1","1","2"
"Olegolegl","1","1","2"
"olegpel1970","1","1","2"
"OlegVl","1","1","2"
"OlegZima","1","1","2"
"Olek_Vasylyk","1","1","2"
"oleksa70","1","1","2"
"olen-leo","1","1","2"
"Olen75","1","1","2"
"Olga_75","1","1","2"
"oli_an","1","1","2"
"oliebolsapje","1","1","2"
"olive_evilo","1","1","2"
"OliverBayer","1","1","2"
"oliverkors","1","1","2"
"olivermalaverortiz","1","1","2"
"Oliviarodriguez10","1","1","2"
"Olivieraem","1","1","2"
"Olorin23","1","1","2"
"Olos90","1","1","2"
"olpm","1","1","2"
"olso1969","1","1","2"
"Olwethu-Mbhele","1","1","2"
"olya_ay","1","1","2"
"omabhyankar","1","1","2"
"omaewa1","1","1","2"
"OMAR_ALOMARY701","1","1","2"
"omar535","1","1","2"
"OmarAlejandro1304","1","1","2"
"OmarElkhyam","1","1","2"
"Omargad4","1","1","2"
"Omarkobe","1","1","2"
"Omarov_Ahmed-H","1","1","2"
"OmaSapiens","1","1","2"
"Omer_Faruk_KOC_25","1","1","2"
"omer1742","1","1","2"
"Omerfaruk5334","1","1","2"
"omerlev44","1","1","2"
"OmerShachar","1","1","2"
"omidmeirzaie","1","1","2"
"omiii","1","1","2"
"ommerm","1","1","2"
"omnimkar","1","1","2"
"Omnipresent14","1","1","2"
"Omr312","1","1","2"
"Omrir","1","1","2"
"omrzkan","1","1","2"
"Omunitythatasthttyye","1","1","2"
"omurcoskun2","1","1","2"
"OndrejVolf","1","1","2"
"OneAndAHalph","1","1","2"
"Oneclup_30","1","1","2"
"onefootinthegrave","1","1","2"
"Oneg1n","1","1","2"
"OneHoundredandRising","1","1","2"
"OneMnChess","1","1","2"
"OneMurty","1","1","2"
"onepawn-man","1","1","2"
"OnePill","1","1","2"
"onesecondbaobab","1","1","2"
"Onestepbeyond2204","1","1","2"
"OngartBg","1","1","2"
"Onion_Baba","1","1","2"
"OnisukaLearn","1","1","2"
"OnkelFrankie","1","1","2"
"onlii","1","1","2"
"onlineking2","1","1","2"
"Only4Fun2003","1","1","2"
"OnlyBlunders123","1","1","2"
"onrtpz","1","1","2"
"OnSLAUGHTER24","1","1","2"
"onur_engineer","1","1","2"
"ONUR-K","1","1","2"
"onurbozkrt","1","1","2"
"onurhatipoglu","1","1","2"
"onurk2001","1","1","2"
"onursryldz","1","1","2"
"onuryldzii","1","1","2"
"OohBoy","1","1","2"
"oooVan","1","1","2"
"oooyeee","1","1","2"
"oovanes","1","1","2"
"OP111","1","1","2"
"opaopa21","1","1","2"
"opek2","1","1","2"
"Opethci","1","1","2"
"Ophan1m","1","1","2"
"Ophi-Variation","1","1","2"
"OpilyBarnyy","1","1","2"
"Or-oren","1","1","2"
"Orange255","1","1","2"
"OrangeStarWar","1","1","2"
"orat1025","1","1","2"
"Orazgeldiyew04","1","1","2"
"Orbit18","1","1","2"
"orbnm","1","1","2"
"Orciety","1","1","2"
"ordell","1","1","2"
"oregassj","1","1","2"
"orell_weber","1","1","2"
"OrelstatMB","1","1","2"
"oren77","1","1","2"
"orgec3479","1","1","2"
"orichas","1","1","2"
"Original456","1","1","2"
"Oriman","1","1","2"
"Orimchl","1","1","2"
"ORIONfull","1","1","2"
"orionn99","1","1","2"
"OrionsArtemis","1","1","2"
"orisko","1","1","2"
"Orj1991","1","1","2"
"Orkhan645","1","1","2"
"ortamon","1","1","2"
"ortega-x","1","1","2"
"orvaz56000","1","1","2"
"orxanmasim","1","1","2"
"oryzs","1","1","2"
"osamajuma","1","1","2"
"Osamodas","1","1","2"
"osbakk","1","1","2"
"OscarCM","1","1","2"
"Osdopo","1","1","2"
"oselo","1","1","2"
"oselposel","1","1","2"
"OsetrBogdan","1","1","2"
"Oshgnacknak","1","1","2"
"oshinomeme","1","1","2"
"osiria_rose","1","1","2"
"osiriss_97","1","1","2"
"Oskal15","1","1","2"
"oskarg","1","1","2"
"oslivon","1","1","2"
"Oslosniken","1","1","2"
"Osman_Masri","1","1","2"
"Osman0621","1","1","2"
"osmanssert","1","1","2"
"OSMARcen1","1","1","2"
"osteroba","1","1","2"
"Otasan-T90","1","1","2"
"OtherZ","1","1","2"
"othmane967","1","1","2"
"othmanhabib","1","1","2"
"Otoum","1","1","2"
"otravezotravez","1","1","2"
"oturanboga44","1","1","2"
"OuiMonsieur","1","1","2"
"OussamaMhani","1","1","2"
"OUTaKo","1","1","2"
"outoftimeman","1","1","2"
"Ovalle0412","1","1","2"
"OverPromoter","1","1","2"
"oveys82","1","1","2"
"ovir","1","1","2"
"ovo71","1","1","2"
"ovsienko-2007","1","1","2"
"owais1sadeghi","1","1","2"
"Owaysso","1","1","2"
"owercone","1","1","2"
"own_cry","1","1","2"
"OwnerOFCHess09","1","1","2"
"Oxfords","1","1","2"
"OxgenAli","1","1","2"
"oxidaks","1","1","2"
"oXiGenFiRe","1","1","2"
"Oxynotus","1","1","2"
"Oyberman_Mikhail","1","1","2"
"oygreggers","1","1","2"
"oyna08","1","1","2"
"Oyoboi69","1","1","2"
"OysteinM","1","1","2"
"Ozakul28","1","1","2"
"OzanAkyz","1","1","2"
"ozanpasa","1","1","2"
"ozany2","1","1","2"
"Ozgur1227","1","1","2"
"ozgurdenizc","1","1","2"
"ozgurozturkk","1","1","2"
"ozgurugur","1","1","2"
"ozgurun","1","1","2"
"ozguryuncu","1","1","2"
"OziGauss","1","1","2"
"oznkka","1","1","2"
"ozodrac","1","1","2"
"ozwill","1","1","2"
"p_grim01","1","1","2"
"P_tu","1","1","2"
"P0isonD67","1","1","2"
"P0ntifex","1","1","2"
"P10Chick","1","1","2"
"p1nguchess","1","1","2"
"p1omBA","1","1","2"
"p1skunov","1","1","2"
"P1tta","1","1","2"
"p1ttt","1","1","2"
"Pabilsag2","1","1","2"
"Pablo_Jg","1","1","2"
"Pablo_Link","1","1","2"
"pablo2112sg","1","1","2"
"pablo4113","1","1","2"
"PabloCar1807","1","1","2"
"pablogbrown","1","1","2"
"pablojuanescobar","1","1","2"
"pablopiazza1976","1","1","2"
"pablorio","1","1","2"
"pablote55","1","1","2"
"PACERR","1","1","2"
"pachadams73","1","1","2"
"Pachit0","1","1","2"
"PaChon965664","1","1","2"
"pacifico23","1","1","2"
"PacificPatzer","1","1","2"
"PacoValdy","1","1","2"
"pacro_05","1","1","2"
"pactble","1","1","2"
"Pacuvio25","1","1","2"
"paddy_eng","1","1","2"
"paddy_whacker","1","1","2"
"PaddyMac21","1","1","2"
"pagb","1","1","2"
"pah710","1","1","2"
"paidoartur","1","1","2"
"Pain-Sama","1","1","2"
"Painkiller13666","1","1","2"
"Pakachi","1","1","2"
"pakmen12","1","1","2"
"Pakshal_Patel","1","1","2"
"PaladinHup","1","1","2"
"palcito","1","1","2"
"Paleoproterozoico","1","1","2"
"PAlgul","1","1","2"
"PALI_K","1","1","2"
"paligor","1","1","2"
"palioxis","1","1","2"
"pamidorvarung","1","1","2"
"pancakegee","1","1","2"
"Pancho_73","1","1","2"
"pandemiegabesnie","1","1","2"
"pandit91","1","1","2"
"Pandora19","1","1","2"
"pangyaonyao","1","1","2"
"PankajxUils","1","1","2"
"pankov_2000","1","1","2"
"Panochico","1","1","2"
"panopticoning","1","1","2"
"panoramix5","1","1","2"
"panottella","1","1","2"
"pansarumyan","1","1","2"
"pantelisVFX","1","1","2"
"pantzer1980","1","1","2"
"Panulirus","1","1","2"
"paolo-06","1","1","2"
"Papa_Karlo","1","1","2"
"papafeelgood","1","1","2"
"papandayan","1","1","2"
"paparazzi1000","1","1","2"
"paparotroufis","1","1","2"
"Papaya25","1","1","2"
"paperplanejane00","1","1","2"
"papezuvptak","1","1","2"
"Papierflieger13","1","1","2"
"Papiesh2137","1","1","2"
"PapiPancake","1","1","2"
"papixulo","1","1","2"
"Papizzle","1","1","2"
"PappaPatt","1","1","2"
"Papperlapatt","1","1","2"
"Paprickah","1","1","2"
"Paracetamol-1g","1","1","2"
"PARAD0K2","1","1","2"
"parakito","1","1","2"
"ParamV","1","1","2"
"paranoidray","1","1","2"
"Pardoixe","1","1","2"
"Parham_2023","1","1","2"
"Pariston-Hill","1","1","2"
"park_GeunHyeong2013","1","1","2"
"parkaos36","1","1","2"
"Parker287","1","1","2"
"PARMARCHETAN67","1","1","2"
"Parnz","1","1","2"
"Parsa_020","1","1","2"
"parsa_NR","1","1","2"
"Parsa_sjf","1","1","2"
"parsa1995","1","1","2"
"parsa24","1","1","2"
"parsakademisk","1","1","2"
"Partagas-Cohiba","1","1","2"
"parth_5","1","1","2"
"parthadplayer","1","1","2"
"parthakhare12153","1","1","2"
"parthroyal","1","1","2"
"partttT","1","1","2"
"parvinpoobalan857","1","1","2"
"Parzival2020","1","1","2"
"PashqaSviy","1","1","2"
"Pasletoepilleur","1","1","2"
"PassiveRelentless","1","1","2"
"pataphysical","1","1","2"
"patapon45","1","1","2"
"patatechoucroute","1","1","2"
"PatateMan","1","1","2"
"Patnoslu0407","1","1","2"
"Patonotucupi","1","1","2"
"patri1999","1","1","2"
"patriksima","1","1","2"
"patril","1","1","2"
"Patryk10","1","1","2"
"patryyyk09","1","1","2"
"Patttrick1234321","1","1","2"
"Patvriend","1","1","2"
"patxi28","1","1","2"
"Paucace_Raindrop","1","1","2"
"PAUCM","1","1","2"
"PauGinebra","1","1","2"
"paul_1990","1","1","2"
"Paul_CoX","1","1","2"
"paul_prodigy","1","1","2"
"paul_seibert","1","1","2"
"Paulbruh","1","1","2"
"paulfeltsinstart","1","1","2"
"PaulFrey","1","1","2"
"PaulLittlefair","1","1","2"
"paulllle","1","1","2"
"PaulMorphy-2020","1","1","2"
"PauloCrux","1","1","2"
"PauloMendes","1","1","2"
"PaultheWalruss","1","1","2"
"Pavel_Serduk","1","1","2"
"Pavel_Sizikov2015","1","1","2"
"Pavel-Russia","1","1","2"
"Pavel200820082008","1","1","2"
"pavela1991","1","1","2"
"PavelCec","1","1","2"
"PavelRS2002","1","1","2"
"pavelsmerdyakov","1","1","2"
"pavelY8X","1","1","2"
"pavlikenski","1","1","2"
"pawan73309","1","1","2"
"pawel0908","1","1","2"
"PawnAp","1","1","2"
"PawnCapturesQueen","1","1","2"
"PawnGeedorah","1","1","2"
"pawnplex","1","1","2"
"Pawnsie","1","1","2"
"pawnStar_takes_Queen","1","1","2"
"PawnstarWR","1","1","2"
"pawntheclimber","1","1","2"
"pawnWithBigDreams","1","1","2"
"Paxic","1","1","2"
"PaytonM34","1","1","2"
"PAYZDEVIL","1","1","2"
"Pazoura","1","1","2"
"PBibiloni","1","1","2"
"pbopie","1","1","2"
"pbx","1","1","2"
"Pcelaya","1","1","2"
"pchenna","1","1","2"
"PCiyuan","1","1","2"
"pcruz9","1","1","2"
"pdm1306","1","1","2"
"pe333","1","1","2"
"Pe4enka_UA","1","1","2"
"Peakantic","1","1","2"
"PeakyRook","1","1","2"
"pealbu","1","1","2"
"pedrag","1","1","2"
"pedramtajeddini","1","1","2"
"Pedro-Pereira","1","1","2"
"PedroAntonino","1","1","2"
"PEDROMARCO","1","1","2"
"pedropacheco95","1","1","2"
"peewee6765","1","1","2"
"peina-44","1","1","2"
"peipposami","1","1","2"
"peixonalta","1","1","2"
"peklar5","1","1","2"
"PeleAltair","1","1","2"
"peLIs6605","1","1","2"
"pemula_puh","1","1","2"
"Pengonsad","1","1","2"
"penguin8555","1","1","2"
"Penipam","1","1","2"
"peondeobra","1","1","2"
"PepaDeMelon","1","1","2"
"pepe678","1","1","2"
"PepeilloFA","1","1","2"
"PepeManolo","1","1","2"
"Pepenov","1","1","2"
"PepeRonni","1","1","2"
"pepguardiola89","1","1","2"
"Pepito_ElGrillo","1","1","2"
"Pepo_2004","1","1","2"
"pepy45","1","1","2"
"Peque93","1","1","2"
"Pequeno_Calango","1","1","2"
"percheno","1","1","2"
"percyRivas","1","1","2"
"perdetodas","1","1","2"
"perec12","1","1","2"
"perecuador","1","1","2"
"PeretyatkoValery","1","1","2"
"pericotronic","1","1","2"
"Perini_187","1","1","2"
"Pernbaer","1","1","2"
"Peronalpaso","1","1","2"
"PerseusSc2","1","1","2"
"perseverus","1","1","2"
"persona1","1","1","2"
"PersonOthers","1","1","2"
"Pertzmeister","1","1","2"
"Peru_Campeon","1","1","2"
"perunamaa","1","1","2"
"PervoMay_wBlow","1","1","2"
"Peshraw93","1","1","2"
"PeshugaFriaYT","1","1","2"
"petaka","1","1","2"
"petapatopato","1","1","2"
"Petardas69","1","1","2"
"Pete228","1","1","2"
"PeteMcCabe","1","1","2"
"Peter_Sergeevich","1","1","2"
"Peter_Smile","1","1","2"
"Peter-SR","1","1","2"
"PeterH70","1","1","2"
"peteribrahim","1","1","2"
"petermukh1","1","1","2"
"peterpeter5","1","1","2"
"PeterSchilings68","1","1","2"
"petervsa","1","1","2"
"petesweety","1","1","2"
"PetitPapillon","1","1","2"
"Petr-Osetr-16","1","1","2"
"petra12","1","1","2"
"PetrAntipin1987","1","1","2"
"petrladen","1","1","2"
"petrospanigyrak","1","1","2"
"Petrovich_1111","1","1","2"
"petrovich2286662","1","1","2"
"petrovich54","1","1","2"
"petrovkost200","1","1","2"
"PetroVLadimirS","1","1","2"
"petru4o","1","1","2"
"Petyshina","1","1","2"
"PF_SPFC","1","1","2"
"PF19_17","1","1","2"
"pfarrow","1","1","2"
"PfeifferMoritz","1","1","2"
"Pferdegandalf","1","1","2"
"Pfleger70","1","1","2"
"pgk91","1","1","2"
"Pgranada","1","1","2"
"PGriffinB","1","1","2"
"Phaldion","1","1","2"
"Phamthanhduytho","1","1","2"
"pharroon","1","1","2"
"phassmo","1","1","2"
"PhhusseinV","1","1","2"
"phil1009","1","1","2"
"Phil73","1","1","2"
"Philantrap","1","1","2"
"philbasaur","1","1","2"
"philharmoniker","1","1","2"
"PhilipCephas","1","1","2"
"philipcool3","1","1","2"
"Philipp_der_XIII","1","1","2"
"Phill1407","1","1","2"
"philodendron68","1","1","2"
"philosophiaaa","1","1","2"
"phoenix232","1","1","2"
"Phone_player","1","1","2"
"phoneyboy","1","1","2"
"Phrothbard","1","1","2"
"phuc_vn","1","1","2"
"phucluo","1","1","2"
"PhucQuan2022","1","1","2"
"Phundulu","1","1","2"
"PhuongVu101","1","1","2"
"Phyrros","1","1","2"
"physic_is_fun","1","1","2"
"physicser","1","1","2"
"PianoAmarillo","1","1","2"
"pianomanrj","1","1","2"
"Piastri","1","1","2"
"pibendik","1","1","2"
"picaber","1","1","2"
"picante_3000","1","1","2"
"Picay","1","1","2"
"Pictionaries","1","1","2"
"pidderpatter","1","1","2"
"pierpi91","1","1","2"
"Pierre_Carrier","1","1","2"
"Pierre138","1","1","2"
"Pieterpaulsanders","1","1","2"
"pietro0345","1","1","2"
"Pietrocs","1","1","2"
"pigoa","1","1","2"
"pigouinosmefinetsa","1","1","2"
"Piiiup","1","1","2"
"Pikachu-bjksatranc","1","1","2"
"Pikollo","1","1","2"
"pilotlet","1","1","2"
"pimentel123","1","1","2"
"PIMPingHoes","1","1","2"
"Pimpon14","1","1","2"
"pinchonattack","1","1","2"
"Pinchov11","1","1","2"
"pinezka1","1","1","2"
"PinguinSee20132","1","1","2"
"PingvinD4","1","1","2"
"Pingvinizmadagaskara","1","1","2"
"Pinhoski","1","1","2"
"PiniBitton","1","1","2"
"PinkRos3","1","1","2"
"pinkusfloyd","1","1","2"
"pinkyracing","1","1","2"
"Pinny","1","1","2"
"pino-cchio","1","1","2"
"pinpinpin33","1","1","2"
"Pinturikkio","1","1","2"
"Piojo87","1","1","2"
"PiorunWichru","1","1","2"
"piotrex","1","1","2"
"piotru","1","1","2"
"PIPBOY3000","1","1","2"
"pipi_pamperz","1","1","2"
"pipiSIX","1","1","2"
"pipita09","1","1","2"
"Piposchaker","1","1","2"
"Piriii","1","1","2"
"pirlone","1","1","2"
"Pisia_Yuri","1","1","2"
"Pit_k","1","1","2"
"pitaGOREA","1","1","2"
"pitamaster","1","1","2"
"PITCHOUNE6","1","1","2"
"Piter237","1","1","2"
"PitouChess","1","1","2"
"pitxi","1","1","2"
"pityguly","1","1","2"
"pium_noob","1","1","2"
"Pivomann","1","1","2"
"Pivvocik","1","1","2"
"Piyushkothari2012","1","1","2"
"PizarrinAjedrez","1","1","2"
"Pizzy","1","1","2"
"Pizzyander","1","1","2"
"pj_a","1","1","2"
"PJorgensen","1","1","2"
"pjoter","1","1","2"
"PK_1980","1","1","2"
"pk36","1","1","2"
"pkato_24","1","1","2"
"pkmayn2","1","1","2"
"Plabskarov","1","1","2"
"planimalz","1","1","2"
"Plano_5G","1","1","2"
"plargle","1","1","2"
"Platon_Lut","1","1","2"
"playanotherone","1","1","2"
"PlayBack360","1","1","2"
"Playboyhk","1","1","2"
"player1903","1","1","2"
"player65","1","1","2"
"playerinho","1","1","2"
"Playwellsometimes","1","1","2"
"pleaserefrain","1","1","2"
"pleucht","1","1","2"
"plexryss","1","1","2"
"plinus","1","1","2"
"pllant","1","1","2"
"plokijnm321","1","1","2"
"Plokys","1","1","2"
"Plonetheus","1","1","2"
"Ploso_Bogen_BBC","1","1","2"
"pluralled","1","1","2"
"Pluto12M","1","1","2"
"PLZ-CLIFT","1","1","2"
"pmarinab","1","1","2"
"pmenoud","1","1","2"
"PMK5195","1","1","2"
"PMNiranjan","1","1","2"
"pobeg101","1","1","2"
"pocaseom","1","1","2"
"pocoyol","1","1","2"
"poderdivino7","1","1","2"
"podusenko_st","1","1","2"
"PoeJoe_007","1","1","2"
"Pogig3la1","1","1","2"
"PogoHirsch","1","1","2"
"pohhg","1","1","2"
"PoisonPrawn4","1","1","2"
"pokamest","1","1","2"
"Pokeashpoke","1","1","2"
"pokemonchy","1","1","2"
"Poker64","1","1","2"
"Pokusnik-Jakub","1","1","2"
"Pola5JR","1","1","2"
"polanskiy","1","1","2"
"polatschess","1","1","2"
"Polek-Josef","1","1","2"
"poliglota25","1","1","2"
"Polina_Vlasova","1","1","2"
"PolishMisha","1","1","2"
"Poliziration","1","1","2"
"polland69","1","1","2"
"pollo1pollo1","1","1","2"
"PolloEmpanizadoo","1","1","2"
"Polly98","1","1","2"
"polonomy","1","1","2"
"Polozzy","1","1","2"
"polskagurom44","1","1","2"
"polskischess","1","1","2"
"polynomial15","1","1","2"
"polzabzh","1","1","2"
"Pommes_Fritz","1","1","2"
"PongoChess","1","1","2"
"Pongosbronzo","1","1","2"
"ponimaa","1","1","2"
"ponto0_0","1","1","2"
"poohoy","1","1","2"
"pooTeaWheat","1","1","2"
"pooya_kamran","1","1","2"
"popa6","1","1","2"
"poper69","1","1","2"
"POPITO1234","1","1","2"
"popzickel","1","1","2"
"porchet","1","1","2"
"porebuh86","1","1","2"
"Porfekp1ayer","1","1","2"
"porfirij82","1","1","2"
"Porkchop78","1","1","2"
"Porris","1","1","2"
"portadordelamuerte","1","1","2"
"portakalturuncusu","1","1","2"
"portigo","1","1","2"
"Porto_draconi","1","1","2"
"Post-Hypostasis","1","1","2"
"Postphilone","1","1","2"
"Potapov113","1","1","2"
"potatochess","1","1","2"
"potatom3n","1","1","2"
"potatonastick","1","1","2"
"potatotomato143","1","1","2"
"poulinette","1","1","2"
"poupbong123","1","1","2"
"pourbehi69","1","1","2"
"pouria1394k","1","1","2"
"pouriaamirpanahy","1","1","2"
"Power_Ranger_grey","1","1","2"
"Powereveryday","1","1","2"
"Powermano2","1","1","2"
"PowiChess","1","1","2"
"Poyrazs28","1","1","2"
"pozicija","1","1","2"
"pozmezin","1","1","2"
"PPaul1982","1","1","2"
"ppaz","1","1","2"
"PPBOYZ","1","1","2"
"ppeg34","1","1","2"
"PPI","1","1","2"
"ppjjpppppj","1","1","2"
"Pplucho","1","1","2"
"PPPIIIEEERRR","1","1","2"
"PPPthats3Ps","1","1","2"
"PrabhatRPGope","1","1","2"
"pradeeplds","1","1","2"
"Pradhyun27","1","1","2"
"PRAJWALPUJARI","1","1","2"
"prakashchess","1","1","2"
"Prakashmarvanji123","1","1","2"
"pralay25","1","1","2"
"pranav0027","1","1","2"
"pranay_1912","1","1","2"
"PranshuGupta2121","1","1","2"
"Prasanna18","1","1","2"
"prasanna7665","1","1","2"
"PrasidhBhardwajChess","1","1","2"
"prateekmangal","1","1","2"
"PratikBelsinge","1","1","2"
"pratusyadav","1","1","2"
"PratyayDey","1","1","2"
"praveenjo","1","1","2"
"pream123","1","1","2"
"PredatorX35","1","1","2"
"preetkanwal3999","1","1","2"
"PregnantNUN","1","1","2"
"Preki1303","1","1","2"
"Premduttsudhakar","1","1","2"
"prepert","1","1","2"
"Preshaan123","1","1","2"
"prezcalvin","1","1","2"
"Priciano_1","1","1","2"
"PrinceAbdou","1","1","2"
"PrinceChraming","1","1","2"
"Princeeeeeeeee12","1","1","2"
"PrinceFischer","1","1","2"
"princeplate","1","1","2"
"Principiante88","1","1","2"
"PrinstonB","1","1","2"
"prismark31","1","1","2"
"PrismaWardsBack","1","1","2"
"Prisoner_of_Azkaban","1","1","2"
"pritamlad","1","1","2"
"Prithish_Patra_032","1","1","2"
"Priyeshtk","1","1","2"
"Prnej","1","1","2"
"PRNZ_haga","1","1","2"
"pro_farid","1","1","2"
"Problematologist","1","1","2"
"ProblemDog","1","1","2"
"Probosciss","1","1","2"
"ProChessTeam2","1","1","2"
"Proco05","1","1","2"
"Prodas10","1","1","2"
"ProdcdeOnYoutubeMusi","1","1","2"
"prodigytruth","1","1","2"
"PROFAKER77","1","1","2"
"Professor2022","1","1","2"
"professornightnight","1","1","2"
"Proffesor35","1","1","2"
"ProGamer2_0","1","1","2"
"ProKiller2024","1","1","2"
"ProkopPistrak","1","1","2"
"ProkyrorAda","1","1","2"
"proletkatapelt1983","1","1","2"
"Promokod","1","1","2"
"ProRoman","1","1","2"
"ProsteDejv","1","1","2"
"protezzz","1","1","2"
"ProudCow_17","1","1","2"
"Proxxotox","1","1","2"
"Prungus","1","1","2"
"Pruthvij21","1","1","2"
"Prydess","1","1","2"
"Pseudonymsean","1","1","2"
"psia","1","1","2"
"Psiholog_Lexa","1","1","2"
"pSmit8320","1","1","2"
"PsychoBuster","1","1","2"
"PsychoHelmetClub","1","1","2"
"psychopathNo5","1","1","2"
"psychopatrick","1","1","2"
"pszm2137","1","1","2"
"ptaszkins","1","1","2"
"ptrujillo","1","1","2"
"Ptta91","1","1","2"
"pucayanrj","1","1","2"
"puchaty","1","1","2"
"PufflingPants","1","1","2"
"pufpufpas","1","1","2"
"Puler","1","1","2"
"PULPOverde8282","1","1","2"
"PulSe21","1","1","2"
"Pumavolenteroso","1","1","2"
"Pungrotte","1","1","2"
"Punpun4869","1","1","2"
"puovils","1","1","2"
"PUP_angelorijuela","1","1","2"
"Puretrilla","1","1","2"
"purfadli","1","1","2"
"Purnasai58","1","1","2"
"purple_forever","1","1","2"
"Purrrington","1","1","2"
"pushin2latenow","1","1","2"
"pushkin1799","1","1","2"
"Pushpak711","1","1","2"
"Pusjo","1","1","2"
"Putaks","1","1","2"
"putrabangsa1","1","1","2"
"Puuseppo","1","1","2"
"puzzlecapybara","1","1","2"
"Puzzler2000","1","1","2"
"puzzler67","1","1","2"
"pvpo","1","1","2"
"pvvikram","1","1","2"
"pweq","1","1","2"
"PYanevych","1","1","2"
"pychess5","1","1","2"
"Pyotr-Tchaikovsky","1","1","2"
"Pyramus68","1","1","2"
"pyrzgrkarayel","1","1","2"
"PythogrAL","1","1","2"
"pyzatik9","1","1","2"
"qamasahulkamal","1","1","2"
"qartvel","1","1","2"
"qassimahmad383","1","1","2"
"qaty","1","1","2"
"Qayser","1","1","2"
"qbaflyer","1","1","2"
"qbeeert","1","1","2"
"Qoochybandit","1","1","2"
"Qoraboyev_H","1","1","2"
"qotsa98","1","1","2"
"Qpea","1","1","2"
"Qqinta","1","1","2"
"qsdjcjfjc","1","1","2"
"quadza","1","1","2"
"Quainter","1","1","2"
"Qualdrion","1","1","2"
"quannguyen152","1","1","2"
"Quantumzz","1","1","2"
"QuarantineGame","1","1","2"
"Quarksalat","1","1","2"
"qUeenABUser","1","1","2"
"queeninthemiddle","1","1","2"
"queenkarma","1","1","2"
"QueenPawn13","1","1","2"
"QueenSacking89","1","1","2"
"Queni","1","1","2"
"Quennur","1","1","2"
"quentin3150","1","1","2"
"Queronte","1","1","2"
"Quicilin","1","1","2"
"quicksilver666","1","1","2"
"Quikaragon","1","1","2"
"Quimmy","1","1","2"
"Quindos_FC","1","1","2"
"Quotenqualle","1","1","2"
"Qurio","1","1","2"
"quudesh","1","1","2"
"Qwertqwert","1","1","2"
"Qwirtic","1","1","2"
"Qworly","1","1","2"
"qwweer","1","1","2"
"Qwyn123","1","1","2"
"r_darin26","1","1","2"
"R_Frank","1","1","2"
"r--r","1","1","2"
"R-AugusteTTHS","1","1","2"
"R00F","1","1","2"
"r0k0t","1","1","2"
"R0lix","1","1","2"
"r0oku","1","1","2"
"R2mi36","1","1","2"
"r3dstormrising","1","1","2"
"R3gis","1","1","2"
"R46617","1","1","2"
"R4cer","1","1","2"
"r4in","1","1","2"
"R6penguin9","1","1","2"
"R971","1","1","2"
"ra4cbj","1","1","2"
"Ra90Lo","1","1","2"
"Raaphaa","1","1","2"
"Rabbi1","1","1","2"
"rabbitFX","1","1","2"
"RabeSocke420","1","1","2"
"rabutan-59","1","1","2"
"racketsaber","1","1","2"
"Radakxx","1","1","2"
"radfemkppp","1","1","2"
"RadiatesDanger","1","1","2"
"Raditya_1309","1","1","2"
"radja_babu","1","1","2"
"radja55","1","1","2"
"RADJAB95","1","1","2"
"radK0","1","1","2"
"RadojeKrgovic","1","1","2"
"Radwan556","1","1","2"
"Radyslav_majster","1","1","2"
"RadzioToOdkleja","1","1","2"
"Rafa_Law","1","1","2"
"Rafa456","1","1","2"
"Rafacave","1","1","2"
"Rafacharles","1","1","2"
"rafael137","1","1","2"
"Rafaeldlm","1","1","2"
"rafaeldusgato","1","1","2"
"rafaelmendess","1","1","2"
"RafaelVielma","1","1","2"
"rafafebre","1","1","2"
"Rafafernandezhernand","1","1","2"
"Rafaireno","1","1","2"
"RAFATHEBOSSCHESS","1","1","2"
"rafet1","1","1","2"
"raffaholy","1","1","2"
"raffasya01","1","1","2"
"raforob1","1","1","2"
"RafProxy","1","1","2"
"raGaL1k_oW2","1","1","2"
"RageQuitter","1","1","2"
"raghav_kacholia","1","1","2"
"Raghav_Rathi-1","1","1","2"
"raghav498","1","1","2"
"RaghuRamanV","1","1","2"
"ragnar_lothbrok97","1","1","2"
"RagnarLothbrok8890","1","1","2"
"RagnarLotherbro","1","1","2"
"Ragnerlorthbrokk","1","1","2"
"ragtimeremi","1","1","2"
"Rahdeers","1","1","2"
"Rahim_0","1","1","2"
"Rahim0502","1","1","2"
"Rahimdz","1","1","2"
"rahkye","1","1","2"
"Rahman2017","1","1","2"
"Rahul_Here","1","1","2"
"Rahul_Sinha","1","1","2"
"rahulgupta1822","1","1","2"
"Rahulkr08","1","1","2"
"RahulShah11","1","1","2"
"rahultamta","1","1","2"
"Rahulterabaap18","1","1","2"
"raidermichael","1","1","2"
"railjob2020","1","1","2"
"raimaninov","1","1","2"
"raimkapa00","1","1","2"
"raimonds-alaskevics","1","1","2"
"RainBunctious","1","1","2"
"Rainders","1","1","2"
"Rainstoun","1","1","2"
"RAJ_PRIYANSHU","1","1","2"
"Raj_Wazir","1","1","2"
"Raj1117","1","1","2"
"raja_beras","1","1","2"
"Raja1234567","1","1","2"
"rajasahari","1","1","2"
"RajDharm","1","1","2"
"Rajeev12334","1","1","2"
"Rajeevranjan","1","1","2"
"rajeshkidangoor","1","1","2"
"Rajidbaddie","1","1","2"
"rajshekhar111","1","1","2"
"Rakeshhj","1","1","2"
"Rakkesh","1","1","2"
"Rakolinho","1","1","2"
"Rakun_zip","1","1","2"
"Ralder","1","1","2"
"RalfRolen","1","1","2"
"ralrdm","1","1","2"
"Ram-Tt","1","1","2"
"Ram2200","1","1","2"
"RamanGoswami01","1","1","2"
"Rambac","1","1","2"
"rambodestruidor","1","1","2"
"Rambone_M_Horsedog","1","1","2"
"ramger2005","1","1","2"
"ramihawila","1","1","2"
"ramilazizli","1","1","2"
"ramirolaurin3025","1","1","2"
"Ramithekingofjungel","1","1","2"
"raMIX92","1","1","2"
"rammus1453","1","1","2"
"ramones93","1","1","2"
"Ramos65","1","1","2"
"ramsfan292006","1","1","2"
"ramzestyazheloves","1","1","2"
"RAMZImERDJA","1","1","2"
"Rand0066","1","1","2"
"Randdamand","1","1","2"
"Randitya07","1","1","2"
"randomChess22","1","1","2"
"randomHikaruFanboi","1","1","2"
"randomname1023","1","1","2"
"Randomnoob3","1","1","2"
"ranger398","1","1","2"
"Rangerbong","1","1","2"
"ranghetto","1","1","2"
"Ranvir_Lukhai","1","1","2"
"raone1234","1","1","2"
"raoulitooo","1","1","2"
"rapaja","1","1","2"
"Raphael_2020","1","1","2"
"raphael9117","1","1","2"
"raphy211","1","1","2"
"RapidGodzilla","1","1","2"
"rapjesus","1","1","2"
"RappyIsAwesome","1","1","2"
"Raptor64","1","1","2"
"RaptorJs","1","1","2"
"RaptorMD","1","1","2"
"RaqueldeCastro","1","1","2"
"Raraez","1","1","2"
"rareM3xxxError","1","1","2"
"rascal07111","1","1","2"
"raschi_cristian","1","1","2"
"rashed0910","1","1","2"
"Rashiherath","1","1","2"
"rasim5559","1","1","2"
"Rasim70","1","1","2"
"Rasit51","1","1","2"
"RasmusBlackHill","1","1","2"
"rasmuslian","1","1","2"
"rasoiodioccam","1","1","2"
"raspelputz","1","1","2"
"rassul_1111","1","1","2"
"Rataimna","1","1","2"
"rathiamol","1","1","2"
"rati85","1","1","2"
"RatzFatzMaxKatzt","1","1","2"
"Rauberihno","1","1","2"
"raubtierwolf","1","1","2"
"raul-i-guess","1","1","2"
"Raul-klinovsky","1","1","2"
"Raulodetarzo","1","1","2"
"ravan546","1","1","2"
"Raven021","1","1","2"
"Ravi_S_Mumbai","1","1","2"
"Ravi_Shekhar","1","1","2"
"Ravi197","1","1","2"
"ravik1939","1","1","2"
"ravindra444","1","1","2"
"raviverma119900","1","1","2"
"ravshan01_uzb","1","1","2"
"Raxna","1","1","2"
"RaychSeldon","1","1","2"
"raymond_salvio28","1","1","2"
"raymondjh42","1","1","2"
"Raytrann","1","1","2"
"Rayz86","1","1","2"
"Razzel2","1","1","2"
"Razzyva","1","1","2"
"rb_fischer","1","1","2"
"RBA020","1","1","2"
"rballesteros","1","1","2"
"Rbk_djamal","1","1","2"
"RBNikhil2014","1","1","2"
"rbs2001","1","1","2"
"Rbs6391","1","1","2"
"RC29217","1","1","2"
"rc3450","1","1","2"
"rcbaker","1","1","2"
"RChoj","1","1","2"
"rd_rava","1","1","2"
"rdavila08","1","1","2"
"rdemidov","1","1","2"
"rdiegoc","1","1","2"
"Rdtcbp","1","1","2"
"rdxm","1","1","2"
"re5erer","1","1","2"
"rea211","1","1","2"
"ReadonlyStudio","1","1","2"
"readyforpromotion","1","1","2"
"RealBaluba","1","1","2"
"ReallyChessM","1","1","2"
"Rebel38","1","1","2"
"Rebeled","1","1","2"
"RecklessPerson","1","1","2"
"ReclutaPatosoAgain","1","1","2"
"Red_Hat","1","1","2"
"Red_King_230","1","1","2"
"red_owl","1","1","2"
"Red-Halo","1","1","2"
"Red-Right-Hand","1","1","2"
"Red202","1","1","2"
"Redakin","1","1","2"
"redbeet1007","1","1","2"
"reddflag","1","1","2"
"reddneck","1","1","2"
"RedEagle06","1","1","2"
"Redfull90","1","1","2"
"redking88","1","1","2"
"RedOblivion","1","1","2"
"Redragon","1","1","2"
"redsnake77","1","1","2"
"redsonning","1","1","2"
"RedWarriors","1","1","2"
"Redwolfchez","1","1","2"
"redxz0","1","1","2"
"RedZedMax","1","1","2"
"reecharr","1","1","2"
"reed_shhankks","1","1","2"
"Reevex1","1","1","2"
"Refine_1","1","1","2"
"RefJack","1","1","2"
"Regard_378","1","1","2"
"Regaux2129","1","1","2"
"regifi","1","1","2"
"regreB","1","1","2"
"RegularGambler","1","1","2"
"Rehimov1997","1","1","2"
"rei4eva","1","1","2"
"reinevincent","1","1","2"
"reini2150","1","1","2"
"Reinlunzen","1","1","2"
"Reiwan","1","1","2"
"Rekins","1","1","2"
"ReluctantCannibal","1","1","2"
"remifantanyl","1","1","2"
"Remo02","1","1","2"
"Remotelolz","1","1","2"
"remzialperen","1","1","2"
"renanrpaferreira","1","1","2"
"renathy","1","1","2"
"renatotapia2010","1","1","2"
"RENEGAD666","1","1","2"
"Renegade131","1","1","2"
"Renegade2004","1","1","2"
"RenielShiek","1","1","2"
"RenjakA","1","1","2"
"Reny93","1","1","2"
"renzky23","1","1","2"
"renzlaksa","1","1","2"
"Rep0","1","1","2"
"reptilesar","1","1","2"
"ReptiloidD","1","1","2"
"rerew03","1","1","2"
"ResidentM","1","1","2"
"respect6161","1","1","2"
"restim25","1","1","2"
"Resulmemeti8","1","1","2"
"RetiFletta","1","1","2"
"RetiredPawn","1","1","2"
"Reu12310","1","1","2"
"reuterphilippe","1","1","2"
"ReverseSynergy","1","1","2"
"Reviver13","1","1","2"
"revmegdad96","1","1","2"
"Rexmarcius","1","1","2"
"Rey_Darius","1","1","2"
"ReYaCeRtIjO","1","1","2"
"Reyalfil","1","1","2"
"ReyBelkib","1","1","2"
"Reychess05","1","1","2"
"Reydechiclana","1","1","2"
"reynhard21","1","1","2"
"reyrojo1979","1","1","2"
"Reysk","1","1","2"
"ReyWILSON","1","1","2"
"reza13761997","1","1","2"
"rezaasadi68","1","1","2"
"rezagorji","1","1","2"
"rezama","1","1","2"
"rezaqassabi","1","1","2"
"Rezpe","1","1","2"
"rfbaccarini","1","1","2"
"rfelipesl","1","1","2"
"RGC86","1","1","2"
"RGH1994","1","1","2"
"RGM","1","1","2"
"RGM12","1","1","2"
"Rgtdfg","1","1","2"
"RgWriting","1","1","2"
"RH1893","1","1","2"
"rha13","1","1","2"
"rharvey09","1","1","2"
"Rhinogallery","1","1","2"
"rhorhorho","1","1","2"
"rhyce_anaiah","1","1","2"
"riaan30","1","1","2"
"riadh008","1","1","2"
"RianTagyamon","1","1","2"
"ribrubrib","1","1","2"
"RicardO_Rey","1","1","2"
"ricardo-andretmo","1","1","2"
"RicardoIbarra16","1","1","2"
"Ricardos10","1","1","2"
"ricciflowing","1","1","2"
"riceant","1","1","2"
"riceinmyveins","1","1","2"
"rich_2700","1","1","2"
"Richard1232809","1","1","2"
"Richard1818","1","1","2"
"Richardchess86","1","1","2"
"RichardSchwachArm","1","1","2"
"richayyy","1","1","2"
"Richi_L","1","1","2"
"Richik888","1","1","2"
"Richycu","1","1","2"
"Rick_Sanchez","1","1","2"
"Rick0790","1","1","2"
"RickiBalboa1","1","1","2"
"Ricky8934","1","1","2"
"Rickybobby369","1","1","2"
"rickyyyyyyyyyyyyy","1","1","2"
"Rico1996","1","1","2"
"Ricura","1","1","2"
"ridvan91","1","1","2"
"riemann_1859","1","1","2"
"rieufB","1","1","2"
"Rigaya","1","1","2"
"Riggs_1","1","1","2"
"RighteousBanker","1","1","2"
"RigobertoAl12","1","1","2"
"Rihara3RaN","1","1","2"
"rihi86","1","1","2"
"RikiJollyGood","1","1","2"
"RikiLeRoi","1","1","2"
"rikoti57","1","1","2"
"Rilland","1","1","2"
"RIMURU_TEMPEST_RULER","1","1","2"
"Rinat_Rachimov","1","1","2"
"Rinato89","1","1","2"
"RingRang","1","1","2"
"RiouRainy","1","1","2"
"rip_goat4408","1","1","2"
"RiqueBandim","1","1","2"
"Riro17","1","1","2"
"RiseOrFall252","1","1","2"
"RishiBaskaran","1","1","2"
"Rishikumar885","1","1","2"
"Riskovono","1","1","2"
"ritamona","1","1","2"
"RiteshKumar1812","1","1","2"
"ritik512","1","1","2"
"riturajborgohain1","1","1","2"
"ritvij","1","1","2"
"Ritvik06","1","1","2"
"Ritzjane","1","1","2"
"RiusJean","1","1","2"
"RIVAH","1","1","2"
"RIvan2012","1","1","2"
"Rivermann","1","1","2"
"RiverPlate1","1","1","2"
"RIVORDEN","1","1","2"
"Rivstar","1","1","2"
"RivuQ07","1","1","2"
"Riyuksh","1","1","2"
"Rizkyy08","1","1","2"
"rizowallaseino","1","1","2"
"rjavan1373","1","1","2"
"rjgjv","1","1","2"
"RJNASHW","1","1","2"
"Rjoe","1","1","2"
"rkese_12","1","1","2"
"Rkrayhan","1","1","2"
"rmast","1","1","2"
"RMitch1","1","1","2"
"rmoragalan","1","1","2"
"RNG_Loki","1","1","2"
"RnMZodiac","1","1","2"
"rnnss","1","1","2"
"Ro-Le","1","1","2"
"Road-to_2300","1","1","2"
"roadto2000macizo","1","1","2"
"roadtogmbabyyy","1","1","2"
"RoadToGmTatar","1","1","2"
"RoadtoSGM","1","1","2"
"Roan1984","1","1","2"
"RoarAttack_2006","1","1","2"
"rob_acc","1","1","2"
"robbradyire","1","1","2"
"RobbyOnTheRobbery","1","1","2"
"RobChamp","1","1","2"
"RobdaRob","1","1","2"
"RObERt_bEtIta","1","1","2"
"Robert_G1992","1","1","2"
"Robert_Vishnu","1","1","2"
"Robertcoslet","1","1","2"
"roberterh96","1","1","2"
"robertjackson","1","1","2"
"RobertoCarlos03","1","1","2"
"Robertolucyoo","1","1","2"
"RobinShah","1","1","2"
"RobinSte","1","1","2"
"Robodog22","1","1","2"
"robonovac","1","1","2"
"robopig3002","1","1","2"
"Robotronan","1","1","2"
"robrien130","1","1","2"
"Robscure","1","1","2"
"RobsonR","1","1","2"
"robwis7","1","1","2"
"Rocafella","1","1","2"
"rocanale","1","1","2"
"roch02","1","1","2"
"Rochademeister7","1","1","2"
"Rock0028","1","1","2"
"Rockapotamus","1","1","2"
"ROCKEY143","1","1","2"
"rockface1","1","1","2"
"rockleeland","1","1","2"
"rocky_ipe09","1","1","2"
"rodaguirre","1","1","2"
"RodeBaron","1","1","2"
"rodr_mon","1","1","2"
"RodrigoCL2009","1","1","2"
"RodrigoDenker21","1","1","2"
"RodrigoDropa","1","1","2"
"rodrigohartmann","1","1","2"
"RodrigoSchwingel","1","1","2"
"Rodrigueastuducoeur","1","1","2"
"rodzaimi_hakim","1","1","2"
"roerig","1","1","2"
"roffqa","1","1","2"
"roflsdv","1","1","2"
"rogerhmar","1","1","2"
"ROHAM_13912011","1","1","2"
"Rohan9901","1","1","2"
"rohanlipu","1","1","2"
"rohanrejijohn","1","1","2"
"Roidoudou","1","1","2"
"RoiJeanNeymardeTroie","1","1","2"
"RoiPanahon01","1","1","2"
"roisants","1","1","2"
"Rojakchess","1","1","2"
"roland0011","1","1","2"
"Roland009","1","1","2"
"Roland79","1","1","2"
"rollanotherlol","1","1","2"
"rolldowntheflag","1","1","2"
"Rollgard","1","1","2"
"roma1302","1","1","2"
"roman_m","1","1","2"
"Roman_Olegov1ch","1","1","2"
"Roman_Tarnovetskyi","1","1","2"
"Roman197","1","1","2"
"Roman244","1","1","2"
"Romancov","1","1","2"
"romandudnik3","1","1","2"
"RomanenkoAnton","1","1","2"
"romanik1212qwe","1","1","2"
"RomanK1rby","1","1","2"
"romanmutin","1","1","2"
"RomanNeverGM","1","1","2"
"Romanov_Fedor","1","1","2"
"RomanProzoro","1","1","2"
"RomanShlyk","1","1","2"
"RomanVasiltsov","1","1","2"
"RomanVolo","1","1","2"
"romaster2","1","1","2"
"romayn","1","1","2"
"Romeoville","1","1","2"
"romison","1","1","2"
"Romka1994","1","1","2"
"Roms90","1","1","2"
"RomualdoPortela","1","1","2"
"Ron_Burtn","1","1","2"
"RONALD_12","1","1","2"
"ronaldinhosianipar","1","1","2"
"ronaldo_is_goat","1","1","2"
"ronaldokaan7","1","1","2"
"RonaldotheChampion12","1","1","2"
"ronarma","1","1","2"
"ronikraLL","1","1","2"
"ronkorving","1","1","2"
"Ronninc","1","1","2"
"Ronnnngame","1","1","2"
"Ronoroazoro3","1","1","2"
"RonWeasleysknight","1","1","2"
"rookh2","1","1","2"
"rookie_queen","1","1","2"
"rookiechess6","1","1","2"
"Rookiegeek","1","1","2"
"rookiePlayer1001","1","1","2"
"roomi021","1","1","2"
"Roony67","1","1","2"
"roostar829","1","1","2"
"rootski","1","1","2"
"Ropsha-olimp","1","1","2"
"ropzzzzzz","1","1","2"
"Roquefort","1","1","2"
"roro1542","1","1","2"
"rorowawa","1","1","2"
"Rorro2003","1","1","2"
"RosanadosSantos","1","1","2"
"Rose_07","1","1","2"
"rosebud361","1","1","2"
"Roshale","1","1","2"
"roski2","1","1","2"
"rosomac1","1","1","2"
"Rossi79","1","1","2"
"rossibarnes","1","1","2"
"Rossini123","1","1","2"
"Rosso12","1","1","2"
"Rostyk_Ukraine_Kyiv","1","1","2"
"Roukaroo","1","1","2"
"Roukmoute","1","1","2"
"roumen","1","1","2"
"RoundEarthShill","1","1","2"
"Roustem83","1","1","2"
"ROVLAPRO17","1","1","2"
"rowancats","1","1","2"
"roy_3317","1","1","2"
"Royaldragon1400","1","1","2"
"RoyalOps","1","1","2"
"royals007","1","1","2"
"RoyceMartirez","1","1","2"
"roydeb4321","1","1","2"
"Royerth16","1","1","2"
"Roysano","1","1","2"
"roza_melano","1","1","2"
"Rozbi_2137","1","1","2"
"Rozhanhl1392","1","1","2"
"roziq_th","1","1","2"
"rozpas","1","1","2"
"rozzzzzzzzzzzzzzzzzz","1","1","2"
"RPolisko","1","1","2"
"RR3000","1","1","2"
"rrandco","1","1","2"
"RRG87","1","1","2"
"Rrhhaa24","1","1","2"
"RRL781","1","1","2"
"Rrm_243","1","1","2"
"rrnaresh_02","1","1","2"
"rrshaarrffii68","1","1","2"
"RSAragao","1","1","2"
"rtd3131","1","1","2"
"rtirapu","1","1","2"
"RTREE89","1","1","2"
"Rubblestork","1","1","2"
"rubensdavid","1","1","2"
"Rubirov","1","1","2"
"RubyRoundhouse","1","1","2"
"rudi179","1","1","2"
"Rudolf570","1","1","2"
"rudra1992","1","1","2"
"Rudra31415","1","1","2"
"rudwolfff","1","1","2"
"rudy222","1","1","2"
"rudyyyyyyy","1","1","2"
"rueen","1","1","2"
"Rufat904","1","1","2"
"ruggy15107","1","1","2"
"Rugveduk","1","1","2"
"RuimLopes","1","1","2"
"Ruirui2023","1","1","2"
"Ruirui21","1","1","2"
"Rujulk91","1","1","2"
"rukolom","1","1","2"
"Rulzern","1","1","2"
"ruma-x","1","1","2"
"Rumchops","1","1","2"
"Rumuantcev_Alexander","1","1","2"
"RunaHit","1","1","2"
"runaman","1","1","2"
"running_turtle","1","1","2"
"Runningtatar","1","1","2"
"runoer","1","1","2"
"ruscivilist","1","1","2"
"rusin20071989","1","1","2"
"Ruslan_Sezdbekov","1","1","2"
"Ruslan-Data","1","1","2"
"Ruslan997","1","1","2"
"Ruslanasavkiv","1","1","2"
"ruslya007","1","1","2"
"Rusmangi","1","1","2"
"RussianBias","1","1","2"
"Russlater","1","1","2"
"Rustem_Akbuliakov","1","1","2"
"Rusty-chess98","1","1","2"
"rustypanda","1","1","2"
"ruthlesshunter","1","1","2"
"Ruudiiee","1","1","2"
"ruylopezxindian","1","1","2"
"ruym80","1","1","2"
"Ruznark","1","1","2"
"RVM46","1","1","2"
"rvp_ulianov","1","1","2"
"rxalexey","1","1","2"
"ryagnik","1","1","2"
"ryanoob","1","1","2"
"rybkatarrasch","1","1","2"
"rylo7889","1","1","2"
"rynelp","1","1","2"
"rynnwyrm","1","1","2"
"Ryuji_Kanzaki","1","1","2"
"Ryuko","1","1","2"
"RyuzakiLoulayt1","1","1","2"
"Ryzdan","1","1","2"
"rzam27","1","1","2"
"rzarza","1","1","2"
"S_BHATTACHARYYA","1","1","2"
"S_O_L_A_N_A","1","1","2"
"S_patilla","1","1","2"
"S-I-N","1","1","2"
"S-R0Y","1","1","2"
"S0GE_KlNG","1","1","2"
"s0IEK","1","1","2"
"s0mmer","1","1","2"
"s1gok","1","1","2"
"s1za","1","1","2"
"s2ci-honour","1","1","2"
"s332800473","1","1","2"
"s3kundant","1","1","2"
"s4lt0s","1","1","2"
"s73XRGS","1","1","2"
"s777potato","1","1","2"
"s8778","1","1","2"
"SA_KingSlayer","1","1","2"
"sa_mura1","1","1","2"
"Sa1414","1","1","2"
"SA698014","1","1","2"
"saad032","1","1","2"
"saamwerd","1","1","2"
"SaanketDas_chess","1","1","2"
"saarrr","1","1","2"
"saasbb","1","1","2"
"SaatanaArctica","1","1","2"
"Sabarish16","1","1","2"
"sabirsizat","1","1","2"
"sabitkz","1","1","2"
"sabkamalikek","1","1","2"
"Sabot89","1","1","2"
"Sabre66","1","1","2"
"SabriKAZAK","1","1","2"
"Sabriyuksek23","1","1","2"
"SAC_Chess_Champions","1","1","2"
"sachess1","1","1","2"
"sachin-mishra","1","1","2"
"SachinP","1","1","2"
"sachnoob","1","1","2"
"SackForAttack","1","1","2"
"Sacunningham123","1","1","2"
"Sacy","1","1","2"
"Sad5718","1","1","2"
"Sadam1991","1","1","2"
"sadarchie","1","1","2"
"sadchemicalboy","1","1","2"
"Sadde123","1","1","2"
"sadecechance7","1","1","2"
"SadiBora48","1","1","2"
"SadigN","1","1","2"
"Sadka141","1","1","2"
"sadradahe70","1","1","2"
"sadrakahak17","1","1","2"
"sadrazaminati","1","1","2"
"Sadykov1603","1","1","2"
"Sadzin","1","1","2"
"saear1","1","1","2"
"Saeed-777","1","1","2"
"SafariFred","1","1","2"
"Safore","1","1","2"
"safrang","1","1","2"
"SAfrikana_KB","1","1","2"
"SafRushana","1","1","2"
"Saft_Is_Good_In_Smak","1","1","2"
"safwan00r","1","1","2"
"sagar4evr","1","1","2"
"sage080706","1","1","2"
"SageGR","1","1","2"
"sagesyrup","1","1","2"
"Sagirag","1","1","2"
"sagnik666","1","1","2"
"Saha_Indra","1","1","2"
"Sahcekenpiyon","1","1","2"
"saheer0007","1","1","2"
"sahil_noob99","1","1","2"
"Sahil752","1","1","2"
"sahiljha101","1","1","2"
"sahirget","1","1","2"
"Sahista94","1","1","2"
"sahs2ci","1","1","2"
"Sahtekar96","1","1","2"
"Sahtron","1","1","2"
"SahutG","1","1","2"
"saialeksei","1","1","2"
"saibot45","1","1","2"
"Said_Dokaev","1","1","2"
"Saidi10","1","1","2"
"saikrishh","1","1","2"
"saile2906","1","1","2"
"SailfinplecJH","1","1","2"
"saimonides","1","1","2"
"Saimonne","1","1","2"
"Saintinel","1","1","2"
"SaintRafail","1","1","2"
"Sait-ama","1","1","2"
"saitaydnn","1","1","2"
"SaiTejsaidugari","1","1","2"
"Saitenspiel","1","1","2"
"Saive","1","1","2"
"Saivi0404","1","1","2"
"Saiweke","1","1","2"
"sajad1988","1","1","2"
"Sajkes","1","1","2"
"sajulalck","1","1","2"
"SakenVKO","1","1","2"
"Sakkmatt2012","1","1","2"
"sakthiarisk92","1","1","2"
"saladass619","1","1","2"
"saladetomateoignon2","1","1","2"
"Saladfy","1","1","2"
"Salah_El-Din","1","1","2"
"salasa","1","1","2"
"salazar061","1","1","2"
"Sale04","1","1","2"
"Sale111","1","1","2"
"saleelas","1","1","2"
"Saleh123H","1","1","2"
"saleh222222","1","1","2"
"Salehab","1","1","2"
"SalehYafi","1","1","2"
"salehzakarneh512","1","1","2"
"saligiam","1","1","2"
"salihbsn","1","1","2"
"salihhgulecc","1","1","2"
"Salihshala1987","1","1","2"
"Salimchaker","1","1","2"
"salinasalejandro16","1","1","2"
"Salmeia","1","1","2"
"salmon5043","1","1","2"
"salonikios39","1","1","2"
"Saloohadz","1","1","2"
"salop08","1","1","2"
"saltcroc","1","1","2"
"Saluaisa","1","1","2"
"Salvador017","1","1","2"
"Salvador2014","1","1","2"
"salvatof","1","1","2"
"SaMaGu81","1","1","2"
"samalosa","1","1","2"
"samansei","1","1","2"
"samaritn","1","1","2"
"SamarthBhat","1","1","2"
"SambaOhrSchleck","1","1","2"
"SamedHcr","1","1","2"
"sameermujumdar","1","1","2"
"sameersharma12","1","1","2"
"samehhosni","1","1","2"
"sametkrc","1","1","2"
"SamGamgee","1","1","2"
"SAMHTSAAA","1","1","2"
"samiibrahim","1","1","2"
"Samil2828","1","1","2"
"SamillanoJrDionisio","1","1","2"
"Samir_Adz","1","1","2"
"samirsak","1","1","2"
"Samkhelo123","1","1","2"
"Samneet2005","1","1","2"
"samoonead","1","1","2"
"SamostZet","1","1","2"
"sampdotia2","1","1","2"
"SamraSanen","1","1","2"
"Samsonishe","1","1","2"
"samsung216","1","1","2"
"samthecooldude","1","1","2"
"samu93837484","1","1","2"
"SamuelCaplan","1","1","2"
"SamuelCraciaG","1","1","2"
"samueljd1","1","1","2"
"SamuelNilssonTal","1","1","2"
"SamuelPinto2711","1","1","2"
"SamuiChess","1","1","2"
"SamuraiLongSword","1","1","2"
"SamuSteinitz1","1","1","2"
"samvrudhreddy","1","1","2"
"Samy129291","1","1","2"
"sanand_tripathi","1","1","2"
"Sandali87","1","1","2"
"sandals","1","1","2"
"sandeep80","1","1","2"
"sandeepbehera5","1","1","2"
"Sandeshm","1","1","2"
"SandileMhayise","1","1","2"
"Sandjai","1","1","2"
"sandover","1","1","2"
"Sandr2017","1","1","2"
"sandrao4004","1","1","2"
"sandritabcn","1","1","2"
"sandrogonzalezmaseda","1","1","2"
"Sangatsethi","1","1","2"
"sangkeng","1","1","2"
"saniok81","1","1","2"
"sanithu1234","1","1","2"
"Sanjarbek0096","1","1","2"
"SanjeevSreekanth","1","1","2"
"sanjoy9007","1","1","2"
"Sanketkumar","1","1","2"
"Sankettt","1","1","2"
"sankhyan9","1","1","2"
"Sanku35","1","1","2"
"sannjok","1","1","2"
"sanoj20","1","1","2"
"Sanomer","1","1","2"
"santana1812","1","1","2"
"SantanaGV","1","1","2"
"SANTI1800","1","1","2"
"Santi373","1","1","2"
"SantiagoRH1","1","1","2"
"Santiagovskiy","1","1","2"
"santicharpen","1","1","2"
"santino-upv","1","1","2"
"santiortega95","1","1","2"
"Santoether","1","1","2"
"Santos_Sosa_Castillo","1","1","2"
"santosidad_joseph","1","1","2"
"sanya8681","1","1","2"
"sanyagmk","1","1","2"
"SaPogo","1","1","2"
"sapphirefire","1","1","2"
"sarah2178","1","1","2"
"sarahf464","1","1","2"
"Sarakinus","1","1","2"
"saranomi","1","1","2"
"sarathy","1","1","2"
"saratviswa","1","1","2"
"Saravanan111111","1","1","2"
"sarchnar","1","1","2"
"sardnam","1","1","2"
"Sarmat404","1","1","2"
"sarnif","1","1","2"
"Saroocr","1","1","2"
"SAROS","1","1","2"
"sarpingon","1","1","2"
"sarthak1995","1","1","2"
"sarum90","1","1","2"
"sarvadnya15160125","1","1","2"
"SarveshPathak","1","1","2"
"Sasagdsg","1","1","2"
"sasat476","1","1","2"
"Sascha2008","1","1","2"
"sAscHaLObo","1","1","2"
"sasha_aa","1","1","2"
"sasha4747","1","1","2"
"SashaNech","1","1","2"
"SASHO111","1","1","2"
"sasosgf","1","1","2"
"sassoli","1","1","2"
"sate00","1","1","2"
"Sathuranga_Chanakyan","1","1","2"
"satila","1","1","2"
"satoichi","1","1","2"
"Satoniske","1","1","2"
"satrancboom","1","1","2"
"satrancpompacisi","1","1","2"
"Satrancpro3","1","1","2"
"Sattaraustria","1","1","2"
"Satvati_S54","1","1","2"
"Satvik444","1","1","2"
"Satyagm","1","1","2"
"Sauce24","1","1","2"
"Saugat69","1","1","2"
"saulc07","1","1","2"
"saurabh1221","1","1","2"
"saurabhk02","1","1","2"
"sauravcs2008","1","1","2"
"sauronun-burnu","1","1","2"
"sav4n","1","1","2"
"Savagesaw","1","1","2"
"SavaLens","1","1","2"
"savall2004","1","1","2"
"Savastanoking","1","1","2"
"saveearth","1","1","2"
"SavelovStepan","1","1","2"
"Savertus","1","1","2"
"Savesonkeishing","1","1","2"
"SAVExistChess","1","1","2"
"savior287","1","1","2"
"SaviourX3","1","1","2"
"Savva1211","1","1","2"
"sawchess666666","1","1","2"
"Sawchessvideos","1","1","2"
"sawsoom","1","1","2"
"Sawyer1333","1","1","2"
"SayaganC2013","1","1","2"
"Saybel_Artem","1","1","2"
"saykuth","1","1","2"
"Sayuoj","1","1","2"
"SaZZy_K","1","1","2"
"SBiasar","1","1","2"
"sbzb_2023","1","1","2"
"SC_Tristan","1","1","2"
"sc4lly_milano","1","1","2"
"scaccoso86","1","1","2"
"scamdinavian","1","1","2"
"Scarpone","1","1","2"
"Scdvo","1","1","2"
"sceoul","1","1","2"
"Schachanf_nger","1","1","2"
"schachFelipe","1","1","2"
"schachfreundsteve","1","1","2"
"Schachmachtschwach","1","1","2"
"Schachpuma","1","1","2"
"schachschoe1","1","1","2"
"Schachtraining95","1","1","2"
"SchachWilster1","1","1","2"
"SchakerKensi","1","1","2"
"Schapedius","1","1","2"
"Schieza860","1","1","2"
"Schildi123","1","1","2"
"Schlangenpimmel","1","1","2"
"schlaufuchs007","1","1","2"
"Schlemi","1","1","2"
"Schlotterschock5000","1","1","2"
"schmasiocasio","1","1","2"
"Schmats02","1","1","2"
"Schmid25","1","1","2"
"schnappi","1","1","2"
"Schneid09","1","1","2"
"Schnitzerblitzer","1","1","2"
"schnitzolaus","1","1","2"
"school_2097","1","1","2"
"School-104","1","1","2"
"schriss","1","1","2"
"SchrottiKa","1","1","2"
"schrudle123","1","1","2"
"Schubibert","1","1","2"
"Schurchini","1","1","2"
"Schusterleo4345","1","1","2"
"Schwarzes_Loch","1","1","2"
"schwedenpaule","1","1","2"
"ScienceGuy","1","1","2"
"scientistsaikumar","1","1","2"
"Sciiv","1","1","2"
"SciKing","1","1","2"
"Scizor90","1","1","2"
"scolarettoprovetto00","1","1","2"
"Scorpion2015","1","1","2"
"ScottMcTom","1","1","2"
"scottwesgregory","1","1","2"
"ScottyAA","1","1","2"
"scottydog25","1","1","2"
"SCR1B2","1","1","2"
"Scrappy_Coco","1","1","2"
"scratcher0","1","1","2"
"ScreaMNotOP","1","1","2"
"scruton","1","1","2"
"scummerhog","1","1","2"
"sd_ngl","1","1","2"
"sdadaf","1","1","2"
"Sddd","1","1","2"
"sdfds","1","1","2"
"sdiaz","1","1","2"
"SDS11","1","1","2"
"sdsD1","1","1","2"
"seabiscuitau","1","1","2"
"Sealoqsea64","1","1","2"
"SeanDeSheep","1","1","2"
"SeanKaneLFC","1","1","2"
"seanolo","1","1","2"
"SeanXXL","1","1","2"
"seb1981","1","1","2"
"sebaautomato","1","1","2"
"sebafali","1","1","2"
"Sebaspreciado22","1","1","2"
"Sebastian_Ricapa1","1","1","2"
"SebastianBevans","1","1","2"
"Sebastianmontedeasis","1","1","2"
"sebbym","1","1","2"
"sebcole","1","1","2"
"Sebossman","1","1","2"
"sebotas","1","1","2"
"SebSchw","1","1","2"
"secati","1","1","2"
"SecondBlastOffv2","1","1","2"
"seelorfa","1","1","2"
"SeemToYou","1","1","2"
"seer_enki","1","1","2"
"seerhateker","1","1","2"
"Sefacanst","1","1","2"
"seg74","1","1","2"
"Sega196615","1","1","2"
"segad","1","1","2"
"Segio","1","1","2"
"segisvona","1","1","2"
"SehabeOnline","1","1","2"
"Sehrawat","1","1","2"
"seif_hesham11","1","1","2"
"seifches","1","1","2"
"seikomonster","1","1","2"
"SeilovMurat","1","1","2"
"Seiwi_DJ","1","1","2"
"sekabei","1","1","2"
"Seker23","1","1","2"
"selamii577","1","1","2"
"selcuk123q","1","1","2"
"Self_monte_Carlo","1","1","2"
"selmirhamz","1","1","2"
"selobabafc","1","1","2"
"semen_mor","1","1","2"
"semiy_mashoor","1","1","2"
"semnehkere","1","1","2"
"SemoEze","1","1","2"
"Semoku","1","1","2"
"Sempijjallan","1","1","2"
"semxxxxx","1","1","2"
"SENADA2015","1","1","2"
"SenecaTheWise","1","1","2"
"senecka14lublunojk88","1","1","2"
"senpai_jam","1","1","2"
"Sensey12345","1","1","2"
"Sensey262004","1","1","2"
"sensless","1","1","2"
"Sentu6","1","1","2"
"Senza0","1","1","2"
"Seorendas","1","1","2"
"Sepapp","1","1","2"
"Sepehr1812","1","1","2"
"SEPIDEH_NOROUZI","1","1","2"
"Seppelregi","1","1","2"
"seppukuzushi","1","1","2"
"Septimus57","1","1","2"
"ser_wsdl","1","1","2"
"Seraj_Derna","1","1","2"
"SercanSeref","1","1","2"
"SerdarAyar","1","1","2"
"serdy11","1","1","2"
"Serega-t96","1","1","2"
"Serg0y","1","1","2"
"Serg5891","1","1","2"
"Sergantes","1","1","2"
"serge5853","1","1","2"
"Sergei_Surovtsev","1","1","2"
"Sergei1K","1","1","2"
"Sergeigord","1","1","2"
"SergeiKnyazev","1","1","2"
"SergejsTr","1","1","2"
"sergenyalciny","1","1","2"
"sergetus","1","1","2"
"Sergey_2008","1","1","2"
"Sergey_Parh","1","1","2"
"Sergey_V_K","1","1","2"
"sergey194743","1","1","2"
"SergeyBBR","1","1","2"
"sergeyostu","1","1","2"
"Sergio_Igual","1","1","2"
"sergio1991","1","1","2"
"SergioElo","1","1","2"
"sergiolucero","1","1","2"
"Sergioski","1","1","2"
"sergiotr11","1","1","2"
"Sergitf","1","1","2"
"SergitO-baby","1","1","2"
"Sergkrum","1","1","2"
"SergoMeladze","1","1","2"
"Sergoof","1","1","2"
"SergoSB","1","1","2"
"serhan97","1","1","2"
"Serhat222","1","1","2"
"SerhatGENCER","1","1","2"
"serhatkuzucu","1","1","2"
"seri_killer","1","1","2"
"Serjiobarko","1","1","2"
"Serkan-D","1","1","2"
"Seroqual","1","1","2"
"Serov-Misha","1","1","2"
"Serral_1","1","1","2"
"sersulik","1","1","2"
"Set22-tenorio","1","1","2"
"setkri","1","1","2"
"setmax","1","1","2"
"Seto11","1","1","2"
"setzip","1","1","2"
"sewin16","1","1","2"
"SeyedAlirezaAlavi","1","1","2"
"Seytanpapas","1","1","2"
"sezginonline","1","1","2"
"sfok","1","1","2"
"sfurmanek","1","1","2"
"SG_Morre","1","1","2"
"sgaranskyi","1","1","2"
"sgund","1","1","2"
"sh_ghassemian","1","1","2"
"sh1334","1","1","2"
"sh1gre","1","1","2"
"sh1ksn1k","1","1","2"
"Sh2rk","1","1","2"
"sh3141","1","1","2"
"sha56","1","1","2"
"Shadow_Hayst1","1","1","2"
"shadow_warior83","1","1","2"
"Shadow-Monk","1","1","2"
"shadow2shek","1","1","2"
"shadowalker11","1","1","2"
"ShadowChessassinxXx","1","1","2"
"ShadowDoc","1","1","2"
"ShadowLike","1","1","2"
"shadowmeomeo","1","1","2"
"ShadowStryk3r","1","1","2"
"shadowwaler","1","1","2"
"Shah_in","1","1","2"
"ShaharDo","1","1","2"
"shahini1391","1","1","2"
"SHAIKRIYAZ","1","1","2"
"shaileshjain11","1","1","2"
"Shakalaka73","1","1","2"
"shakinkir","1","1","2"
"shamy_ekm","1","1","2"
"SHANKAR1501","1","1","2"
"shankar24390","1","1","2"
"shanker52","1","1","2"
"shantbaghram","1","1","2"
"ShanthamGrarks","1","1","2"
"Shapa1900","1","1","2"
"Sharaev","1","1","2"
"sharavanth23","1","1","2"
"Sharepgn","1","1","2"
"Sharingann","1","1","2"
"Shark12345678","1","1","2"
"sharkub","1","1","2"
"sharof_t","1","1","2"
"sharteded","1","1","2"
"SHARWEED_27","1","1","2"
"Shashank_Wagle","1","1","2"
"ShaunOGX","1","1","2"
"shawa9","1","1","2"
"shawnik","1","1","2"
"shayankhan120000","1","1","2"
"Shayansivosh","1","1","2"
"shazader","1","1","2"
"shazamm_A","1","1","2"
"ShChamp","1","1","2"
"shdg","1","1","2"
"sheadwetyasd","1","1","2"
"shebaelena9","1","1","2"
"sheeshable","1","1","2"
"ShefZZy","1","1","2"
"sheidheda2000","1","1","2"
"sheila_rs","1","1","2"
"Sheira_0","1","1","2"
"shekarsca","1","1","2"
"sheko4ever55","1","1","2"
"Shekoooo","1","1","2"
"shelinsn","1","1","2"
"shen091","1","1","2"
"shenbagam101","1","1","2"
"shendii","1","1","2"
"shenriksen4","1","1","2"
"ShephardPie","1","1","2"
"sheriffESC","1","1","2"
"Sherlock75200","1","1","2"
"sherlocked0813","1","1","2"
"sherushka","1","1","2"
"shi_17_vam","1","1","2"
"shigeoM0B","1","1","2"
"Shigero","1","1","2"
"shikakonara","1","1","2"
"shikamarugod","1","1","2"
"Shikinjatum","1","1","2"
"shimmerwolf","1","1","2"
"shindesarkar","1","1","2"
"shindo015","1","1","2"
"shinezi","1","1","2"
"Shingan","1","1","2"
"Shino96mail","1","1","2"
"ShiNOAroe","1","1","2"
"shiragatsi","1","1","2"
"shirharipg05","1","1","2"
"shirievak","1","1","2"
"shirithik","1","1","2"
"shishir1","1","1","2"
"Shivachess8feb","1","1","2"
"Shivam_PODAR1504","1","1","2"
"Shivanimishra","1","1","2"
"shivbhai12","1","1","2"
"Shizzo_Flamingo","1","1","2"
"shlomi6","1","1","2"
"Shmoobles","1","1","2"
"Shock17","1","1","2"
"shoelace4","1","1","2"
"Shoesky","1","1","2"
"Shogun_Thang","1","1","2"
"shotariusBIG","1","1","2"
"shponder","1","1","2"
"shrahulc","1","1","2"
"shrayarora","1","1","2"
"shreder1844","1","1","2"
"Shreesun","1","1","2"
"Shreif7722","1","1","2"
"Shreyas0809","1","1","2"
"shreyash6492","1","1","2"
"ShreyasPhadnis","1","1","2"
"shri1234567","1","1","2"
"ShrihaanK","1","1","2"
"ShRiVaR28","1","1","2"
"ShShayan","1","1","2"
"shtrebeel","1","1","2"
"Shubha19","1","1","2"
"ShubhamAnand24","1","1","2"
"shubhamghule","1","1","2"
"ShubhamMishra","1","1","2"
"ShubhamVerma17","1","1","2"
"Shubhkesh","1","1","2"
"Shuryken666","1","1","2"
"Shuvang08","1","1","2"
"SHUVOchess1","1","1","2"
"Shydeethegreat","1","1","2"
"shym_18","1","1","2"
"ShyraNicol","1","1","2"
"Shyvi","1","1","2"
"Si_claro","1","1","2"
"SI_Inc","1","1","2"
"Si11","1","1","2"
"Si13Mo","1","1","2"
"sia4","1","1","2"
"Siasnni","1","1","2"
"SICARIO231","1","1","2"
"SiceXV","1","1","2"
"Siconee","1","1","2"
"Sidaero","1","1","2"
"sidahmed1","1","1","2"
"sidanu2113","1","1","2"
"SiddhantGhodke","1","1","2"
"Siddharth121","1","1","2"
"SIdev","1","1","2"
"Sidhanth1817","1","1","2"
"siemprekeres","1","1","2"
"sieniek","1","1","2"
"SiepediPasio","1","1","2"
"siete7777","1","1","2"
"SigurjonAg","1","1","2"
"Sihin_7","1","1","2"
"siiemer","1","1","2"
"Siiiiiiii","1","1","2"
"siipoby","1","1","2"
"sikerteryan","1","1","2"
"Sikkanit","1","1","2"
"silent_thunder","1","1","2"
"Silentium1","1","1","2"
"Silje2208","1","1","2"
"sillyonemini","1","1","2"
"Silver4050","1","1","2"
"silverbenz","1","1","2"
"Silverbirds","1","1","2"
"silveti","1","1","2"
"Silviar2","1","1","2"
"silvio23","1","1","2"
"Sim00000n","1","1","2"
"sima_ranjbaran","1","1","2"
"simarock","1","1","2"
"simaykutay","1","1","2"
"simb4","1","1","2"
"SimbaAz","1","1","2"
"simbirsky","1","1","2"
"Simego37","1","1","2"
"simenye","1","1","2"
"simon123412","1","1","2"
"simon23","1","1","2"
"simon520","1","1","2"
"Simonastrolog","1","1","2"
"simonequ","1","1","2"
"SimoShakki","1","1","2"
"simpl_ysara","1","1","2"
"simsek00","1","1","2"
"SimSimSalabim","1","1","2"
"sinagafernan17","1","1","2"
"Sinan_2121","1","1","2"
"sinanthunder","1","1","2"
"SinarDunia","1","1","2"
"SinclairLime","1","1","2"
"singhparth28","1","1","2"
"singlewastaken","1","1","2"
"Sinibre","1","1","2"
"sinix2015","1","1","2"
"Sinklor","1","1","2"
"sinnocence","1","1","2"
"Sinoi_coutinho305","1","1","2"
"sinubayu","1","1","2"
"sinura23","1","1","2"
"SinxHay","1","1","2"
"sir_sunny5","1","1","2"
"sirakr","1","1","2"
"SirEdward98","1","1","2"
"sirfemirx","1","1","2"
"sirjansk","1","1","2"
"sirsnakerb","1","1","2"
"sirture1","1","1","2"
"Sische","1","1","2"
"SiSiS","1","1","2"
"Sisivpupok","1","1","2"
"sissahungrychess","1","1","2"
"sithembeesosethu_101","1","1","2"
"situbondo_oke","1","1","2"
"siuvaikudi","1","1","2"
"Sivaslee5858","1","1","2"
"siwewewe","1","1","2"
"Sixfatjpack","1","1","2"
"siyahbey","1","1","2"
"sizyfos","1","1","2"
"SJ_3007","1","1","2"
"Sjakk78","1","1","2"
"Sjakkerfortsattmoro","1","1","2"
"sjo26","1","1","2"
"Sjoebie95","1","1","2"
"SkaakMaats","1","1","2"
"skakoui","1","1","2"
"skaksson","1","1","2"
"Skank_hunt_42","1","1","2"
"skankhunt47","1","1","2"
"skapate","1","1","2"
"skibidit","1","1","2"
"Skiiar","1","1","2"
"skilltestingwoman","1","1","2"
"Skiniman","1","1","2"
"skinos","1","1","2"
"skip4a","1","1","2"
"SkipperFrank","1","1","2"
"Skittleska","1","1","2"
"sklarvalerij228zzz","1","1","2"
"Sknarfa","1","1","2"
"skorpionipotku","1","1","2"
"Skovbakke","1","1","2"
"skowasch","1","1","2"
"skrepm","1","1","2"
"skripture","1","1","2"
"skrtbOy","1","1","2"
"skrzator13","1","1","2"
"skuco1337","1","1","2"
"Skulduggeryagradable","1","1","2"
"Skutnum","1","1","2"
"Skycroos","1","1","2"
"Skydiver015","1","1","2"
"Skyffer","1","1","2"
"SkyFire3675","1","1","2"
"Skygirl77","1","1","2"
"skyreply","1","1","2"
"Skyvolik","1","1","2"
"Skywalker02","1","1","2"
"slaivol","1","1","2"
"Slanci77","1","1","2"
"slapfishe","1","1","2"
"Slash137","1","1","2"
"slava_ukrainaa","1","1","2"
"Slava333999","1","1","2"
"SlavaS2013","1","1","2"
"Slaviachess64","1","1","2"
"Slavik_Filevsky","1","1","2"
"slawil","1","1","2"
"SlayZAI","1","1","2"
"slebewt","1","1","2"
"sledzikowy","1","1","2"
"SleekAstuteGuinea","1","1","2"
"SleepingShtien","1","1","2"
"SleepingZzzs","1","1","2"
"sleepyninja7","1","1","2"
"sleepypizza","1","1","2"
"Sleiderinosaurus","1","1","2"
"sleppy009","1","1","2"
"Slepzz","1","1","2"
"Slfg2023","1","1","2"
"sliappi","1","1","2"
"slimbou","1","1","2"
"Slimesunday","1","1","2"
"slimfezai","1","1","2"
"slimmybim","1","1","2"
"Slip05","1","1","2"
"slipperyguy","1","1","2"
"slmrma","1","1","2"
"SlojdUffe","1","1","2"
"Slokda","1","1","2"
"Slophewphewphew","1","1","2"
"slot624","1","1","2"
"slothking1027","1","1","2"
"slovitz1236","1","1","2"
"Sly512","1","1","2"
"slycifer","1","1","2"
"sm1nnn","1","1","2"
"Smallington25","1","1","2"
"Smallking","1","1","2"
"SMarcola","1","1","2"
"SmartAaryan","1","1","2"
"smartisfun1","1","1","2"
"smashustitus","1","1","2"
"Smekens","1","1","2"
"Smelikk","1","1","2"
"smghimanshu","1","1","2"
"smile4me0","1","1","2"
"smileyyy","1","1","2"
"Smlr1","1","1","2"
"smlshn","1","1","2"
"smn862","1","1","2"
"SmokeDust","1","1","2"
"smolus8","1","1","2"
"smonky","1","1","2"
"SmoothStuff","1","1","2"
"SMRedmill","1","1","2"
"smrt_01","1","1","2"
"smthoutofnothing","1","1","2"
"sn_kirito","1","1","2"
"SN0WY1855","1","1","2"
"Snad3r","1","1","2"
"Snake_Gorynych","1","1","2"
"SnapBack_Monke","1","1","2"
"Snav84","1","1","2"
"snazzyfwend","1","1","2"
"sneea","1","1","2"
"sneha12jdskv","1","1","2"
"snehamanoj","1","1","2"
"snilleblixten","1","1","2"
"snlayd","1","1","2"
"Snnrsen","1","1","2"
"snoobb","1","1","2"
"Snoogens","1","1","2"
"SnorreGrimstad","1","1","2"
"snow_delay","1","1","2"
"snowbee17","1","1","2"
"snowyrac","1","1","2"
"snp_1975","1","1","2"
"snrt","1","1","2"
"sntbrnrd","1","1","2"
"Snusi","1","1","2"
"so6son","1","1","2"
"Sobaaan","1","1","2"
"Sobhan_Arbab","1","1","2"
"Sobobol336","1","1","2"
"sobrioo","1","1","2"
"Sochichess","1","1","2"
"Socksman0","1","1","2"
"socola","1","1","2"
"SOELIS_MCS","1","1","2"
"SoFa520","1","1","2"
"Sofia_25122013","1","1","2"
"Sofri","1","1","2"
"softcatcoder","1","1","2"
"SohamM189","1","1","2"
"Soheil1812","1","1","2"
"sohr15","1","1","2"
"sohsah","1","1","2"
"Sokil1","1","1","2"
"Sokolchess","1","1","2"
"Sokolov_Kirill-Micha","1","1","2"
"sokootian","1","1","2"
"Sol_e_lua","1","1","2"
"SolarBird","1","1","2"
"solit16","1","1","2"
"SolomonBanda","1","1","2"
"Solosolid","1","1","2"
"Soltane-shatranj","1","1","2"
"soltt","1","1","2"
"somali-mn","1","1","2"
"SomebodyButBetter","1","1","2"
"someoneis","1","1","2"
"Somittttttttttttt","1","1","2"
"somosuniverso","1","1","2"
"somovmd","1","1","2"
"Somsiad44","1","1","2"
"Sonbortechine","1","1","2"
"Sone69","1","1","2"
"Sonic2312","1","1","2"
"sonicgg","1","1","2"
"Sonk3","1","1","2"
"sonofR","1","1","2"
"sonpovic","1","1","2"
"SonsOfAbraxas","1","1","2"
"sonsofaltar","1","1","2"
"SONSUZZZZ","1","1","2"
"Sontheim","1","1","2"
"sonusonusonu","1","1","2"
"Soofje55","1","1","2"
"SOPAxGX","1","1","2"
"Sophan","1","1","2"
"sopho","1","1","2"
"Soporatto","1","1","2"
"Sorarising","1","1","2"
"SorelJulian","1","1","2"
"sorloth6161","1","1","2"
"sorry_mate","1","1","2"
"SosaAgustin","1","1","2"
"sosesz","1","1","2"
"SOSOLOWJOW","1","1","2"
"Sotiris_Athens","1","1","2"
"Soufyanes","1","1","2"
"Sougiyato","1","1","2"
"soulerlunar","1","1","2"
"Soulfire86","1","1","2"
"Sourajyoti123","1","1","2"
"Sourav175","1","1","2"
"souren_gvn","1","1","2"
"SouthAfricanFungi","1","1","2"
"Souther41","1","1","2"
"southpilgrim","1","1","2"
"Souyaa","1","1","2"
"sp92","1","1","2"
"Spaisr","1","1","2"
"spakunas","1","1","2"
"spalani","1","1","2"
"spalda","1","1","2"
"sparkyjc","1","1","2"
"Spart_Acus","1","1","2"
"spartaceffect","1","1","2"
"SpartaMugo","1","1","2"
"SPARTANMAN","1","1","2"
"Spasiu","1","1","2"
"Spaskasjasky","1","1","2"
"SPB_Play","1","1","2"
"SpeakForMyself","1","1","2"
"specimen23","1","1","2"
"Spedding","1","1","2"
"Speedcuber73","1","1","2"
"speedman14","1","1","2"
"speedyHus","1","1","2"
"spellsword1223","1","1","2"
"Sperber1","1","1","2"
"Sperrit","1","1","2"
"SphinxNumberNine","1","1","2"
"spicke","1","1","2"
"spicynugs","1","1","2"
"SPIDERWICK23","1","1","2"
"Spigge","1","1","2"
"spinoza0001","1","1","2"
"SpirusKoekoek","1","1","2"
"spklucas","1","1","2"
"Splendid_kid","1","1","2"
"spmal74","1","1","2"
"spo228","1","1","2"
"Spook181","1","1","2"
"Sportsalbe","1","1","2"
"Spotlightankafirst","1","1","2"
"Springboard12","1","1","2"
"SprtSlk","1","1","2"
"sprucem00se","1","1","2"
"spyker27","1","1","2"
"sqldba","1","1","2"
"squaremyst","1","1","2"
"Squasher18","1","1","2"
"Squid96","1","1","2"
"Squirmle","1","1","2"
"SquishyMuffinz","1","1","2"
"squpho","1","1","2"
"sqzz59","1","1","2"
"Sr_obrer","1","1","2"
"sraheenkhaled","1","1","2"
"sram2","1","1","2"
"srconde","1","1","2"
"srdjan007","1","1","2"
"sre253","1","1","2"
"Sree_devan","1","1","2"
"sreerejKT_Nf2m8","1","1","2"
"Sreesmia","1","1","2"
"Srg001","1","1","2"
"srgx42","1","1","2"
"Sri-shti","1","1","2"
"sriGabriele","1","1","2"
"Srijan2007","1","1","2"
"srivathsan","1","1","2"
"SrMks","1","1","2"
"SrPcPF","1","1","2"
"Srujan_1230","1","1","2"
"srushti2204","1","1","2"
"ss0f","1","1","2"
"ssa98","1","1","2"
"SSEJPM","1","1","2"
"Sselman","1","1","2"
"SSG_SSG","1","1","2"
"Sshake_x","1","1","2"
"sSinzar","1","1","2"
"ssmam","1","1","2"
"SSMD","1","1","2"
"ssnmoradi","1","1","2"
"ssohrab0036","1","1","2"
"SSSHONO","1","1","2"
"SSSSSK","1","1","2"
"SsunTtzu","1","1","2"
"st_ssonko","1","1","2"
"st16734","1","1","2"
"staffe","1","1","2"
"Staghorn","1","1","2"
"StagiestLight4","1","1","2"
"stalemate1995","1","1","2"
"Stan54321","1","1","2"
"standard_errors","1","1","2"
"Stanislav1309","1","1","2"
"stankoz","1","1","2"
"starac7","1","1","2"
"starboy_001","1","1","2"
"starboy-coold","1","1","2"
"StarBrozz","1","1","2"
"StarBuilder","1","1","2"
"stardust217","1","1","2"
"Starfruit19","1","1","2"
"Stark_jr_Ignatius","1","1","2"
"StarLedy7","1","1","2"
"starrybromine","1","1","2"
"stas20wr","1","1","2"
"StavrosDend","1","1","2"
"stayoutoftherz","1","1","2"
"Staytuned09","1","1","2"
"STBLEZ","1","1","2"
"stderr","1","1","2"
"SteelGratefulDuck","1","1","2"
"Steelofchess","1","1","2"
"Stefan_Kg","1","1","2"
"stefania11","1","1","2"
"stefanochavez","1","1","2"
"StefanoQatar","1","1","2"
"stefanrb03","1","1","2"
"stefmc1r","1","1","2"
"stefsmoke","1","1","2"
"stella6161","1","1","2"
"stelmosfire","1","1","2"
"StenioHeck","1","1","2"
"Step_Back-3","1","1","2"
"step_by_step_9","1","1","2"
"Stephanpraceius","1","1","2"
"StephenJamesCashen","1","1","2"
"stephenwu","1","1","2"
"STEPHH30","1","1","2"
"stephsingo","1","1","2"
"Stepnaya_Rezina","1","1","2"
"SteppingStone","1","1","2"
"Stepzeta","1","1","2"
"STERAD","1","1","2"
"Sterbanm","1","1","2"
"stercast","1","1","2"
"sterfhard","1","1","2"
"sterg1os","1","1","2"
"sternjak","1","1","2"
"Stesselizer","1","1","2"
"Steve_Walters","1","1","2"
"Steven04","1","1","2"
"stevenatmit","1","1","2"
"stevenchukz","1","1","2"
"StevenLeepu","1","1","2"
"StewartPatrick","1","1","2"
"Stewhi","1","1","2"
"StGermain003","1","1","2"
"sthita2","1","1","2"
"stian1234567","1","1","2"
"SticksNStones","1","1","2"
"stidduzzo","1","1","2"
"StifflersMom15","1","1","2"
"Stigmat123123","1","1","2"
"StijnStol","1","1","2"
"StijnThomas","1","1","2"
"StilianMukba","1","1","2"
"stilph","1","1","2"
"StingerPawn","1","1","2"
"stingyuncle","1","1","2"
"stiv1966","1","1","2"
"Stivovo","1","1","2"
"stJamal","1","1","2"
"stnore","1","1","2"
"stnsddnc","1","1","2"
"Stochen","1","1","2"
"Stockfishismycousin","1","1","2"
"stockfishtwentyone","1","1","2"
"Stockodo","1","1","2"
"stolberg","1","1","2"
"stone-carved","1","1","2"
"stopas","1","1","2"
"stoppable","1","1","2"
"Storgy","1","1","2"
"Stormcrow","1","1","2"
"StormesterNiels","1","1","2"
"stormRG","1","1","2"
"stosiak","1","1","2"
"Stott","1","1","2"
"STP1990","1","1","2"
"Stradleman","1","1","2"
"strangerthings03","1","1","2"
"Strat85","1","1","2"
"strauchus_maximus","1","1","2"
"stravinsky3","1","1","2"
"StrengthPratter1","1","1","2"
"Stresskillen","1","1","2"
"Strever","1","1","2"
"Strigos","1","1","2"
"Strikkebitzh","1","1","2"
"Strngcm_Forzaa","1","1","2"
"strohhalm0401","1","1","2"
"strongartsakh","1","1","2"
"Strongcm_Forzax","1","1","2"
"stronglumberjack","1","1","2"
"Stroppa","1","1","2"
"stroso","1","1","2"
"struglord","1","1","2"
"Struisvogeldo","1","1","2"
"stuanis","1","1","2"
"stucker22","1","1","2"
"Studentforlife1","1","1","2"
"Studentje","1","1","2"
"Study_chess2300","1","1","2"
"Stuka1","1","1","2"
"stuntmancb","1","1","2"
"stupidmario","1","1","2"
"stv_003","1","1","2"
"Stylesvosho32","1","1","2"
"Styloxa","1","1","2"
"suatduzyol","1","1","2"
"Subashanand","1","1","2"
"Subhorup8","1","1","2"
"SuboptimalSkillSet","1","1","2"
"SuccesBroeder","1","1","2"
"Successej","1","1","2"
"Successmln","1","1","2"
"Sucker4Chess","1","1","2"
"Sudarsan_01","1","1","2"
"sudeeps90","1","1","2"
"sudhish1","1","1","2"
"SugarAce","1","1","2"
"suhailkhan857342","1","1","2"
"suhassankaramaddi","1","1","2"
"SuicideSlide","1","1","2"
"suigint0u","1","1","2"
"sukuu","1","1","2"
"Sulaika","1","1","2"
"SuleymanTT","1","1","2"
"Sulik234","1","1","2"
"Sull_Ripper","1","1","2"
"sullage","1","1","2"
"sulphate","1","1","2"
"SultanMJ","1","1","2"
"sultanrumon","1","1","2"
"Sumeetc","1","1","2"
"sumo_007","1","1","2"
"sumorf","1","1","2"
"sumy480","1","1","2"
"sun_Anton_io_CHESS","1","1","2"
"Sun_Chess","1","1","2"
"sun_tofu","1","1","2"
"sunbeam","1","1","2"
"SunCoLa","1","1","2"
"sungking","1","1","2"
"Sunilgk","1","1","2"
"sunilhy","1","1","2"
"sunilsubedi16","1","1","2"
"sunlover3","1","1","2"
"Sunrisebyself","1","1","2"
"suntome","1","1","2"
"suntzu05","1","1","2"
"super_novaaa","1","1","2"
"Super_Power121","1","1","2"
"SuperBlitZZZ","1","1","2"
"SuperChess45","1","1","2"
"superflewis","1","1","2"
"supergusa","1","1","2"
"supergvozd","1","1","2"
"SuperLoop","1","1","2"
"supermario2023","1","1","2"
"supernickname","1","1","2"
"Supernoseque","1","1","2"
"supersharpshrimp","1","1","2"
"SuperSpazio","1","1","2"
"supertanguy2","1","1","2"
"superzut","1","1","2"
"suppandi","1","1","2"
"Supriyo123","1","1","2"
"suraj_123","1","1","2"
"surajvegesna","1","1","2"
"surendrachauhan","1","1","2"
"surendraparmar","1","1","2"
"sureshkumar4432599","1","1","2"
"Surgeon_Scalpel","1","1","2"
"surgery16","1","1","2"
"SurgicalBreeze","1","1","2"
"Suri_Pinky","1","1","2"
"Surjendu","1","1","2"
"suryan1234","1","1","2"
"Suryansh-Thakur","1","1","2"
"suryaprakash924","1","1","2"
"sus4b9","1","1","2"
"sushrut1090","1","1","2"
"Sustar41","1","1","2"
"sususuper","1","1","2"
"Suwilanj","1","1","2"
"SuzanLa","1","1","2"
"Svanur","1","1","2"
"sveinarsaeverud","1","1","2"
"SVera","1","1","2"
"SverdlovBeyoglu","1","1","2"
"svg118","1","1","2"
"Svidrigailovv","1","1","2"
"Svinka221","1","1","2"
"svlybydmr","1","1","2"
"svnjhrn","1","1","2"
"SWAN-S","1","1","2"
"SwanRoad","1","1","2"
"Swapnil21","1","1","2"
"Swapnil2112","1","1","2"
"Swapnilpatil","1","1","2"
"Swarock","1","1","2"
"Swartkat","1","1","2"
"swebf","1","1","2"
"sweet420","1","1","2"
"sweettomato","1","1","2"
"sweetuto","1","1","2"
"swift1989","1","1","2"
"swimmingstar2013","1","1","2"
"swishsh","1","1","2"
"SwissCheese1234","1","1","2"
"Swizz6","1","1","2"
"Swordinator","1","1","2"
"SwordsOfSpirit","1","1","2"
"swxygjeciif","1","1","2"
"Syahrial46","1","1","2"
"syamhadi","1","1","2"
"Syarif1322","1","1","2"
"Syechkentung_1","1","1","2"
"sylatto","1","1","2"
"SyreX_1337","1","1","2"
"SyrioForel","1","1","2"
"SysFish","1","1","2"
"szachmacik1","1","1","2"
"SzachMat_i_Pat","1","1","2"
"szachmat12345","1","1","2"
"SzachMatLeszczu","1","1","2"
"szachy1996","1","1","2"
"szakal185","1","1","2"
"SzantoDaniel","1","1","2"
"szaszkii","1","1","2"
"Szerszen19","1","1","2"
"sznur_od_zelazka","1","1","2"
"szoolim","1","1","2"
"szymon_CICHY","1","1","2"
"T_eres","1","1","2"
"T_Mont94","1","1","2"
"T-Homas","1","1","2"
"t0biZ","1","1","2"
"t0mbstone","1","1","2"
"T16code","1","1","2"
"t1zi07","1","1","2"
"T3Kn0","1","1","2"
"T4bib","1","1","2"
"t4lo","1","1","2"
"T9983","1","1","2"
"ta_shakoori_yoo","1","1","2"
"TA_TON","1","1","2"
"ta12345678","1","1","2"
"tablasnomasbusco","1","1","2"
"tabletennis10","1","1","2"
"Tabmelija","1","1","2"
"tabnet","1","1","2"
"taciekmajs","1","1","2"
"tacomen","1","1","2"
"TacticaltraP","1","1","2"
"TactileTangle","1","1","2"
"Tactiquero95","1","1","2"
"Tacular","1","1","2"
"tadpoleloop","1","1","2"
"taekwonjo","1","1","2"
"tafoo","1","1","2"
"tagir2019","1","1","2"
"tahachees1","1","1","2"
"tahahabeeb","1","1","2"
"tahayb","1","1","2"
"tahayyldrm","1","1","2"
"taifighterm","1","1","2"
"Tailor1223","1","1","2"
"takefake","1","1","2"
"takeiteasy7777777777","1","1","2"
"Takuya62","1","1","2"
"tal1000","1","1","2"
"talatkrgl26","1","1","2"
"Talha_Caliskan","1","1","2"
"talha1326","1","1","2"
"TaliaElla","1","1","2"
"taliban_feminista","1","1","2"
"talismygod","1","1","2"
"taljuga","1","1","2"
"talos01","1","1","2"
"TalosKnoskiy","1","1","2"
"tamcha","1","1","2"
"Tameem000","1","1","2"
"Tamine23","1","1","2"
"tanausufranco","1","1","2"
"tanchibi","1","1","2"
"Tanchodzuru","1","1","2"
"Tanded","1","1","2"
"TandoganAta","1","1","2"
"taner_34","1","1","2"
"tania7520","1","1","2"
"tanishqplayschess","1","1","2"
"Tanjiro20","1","1","2"
"Tanord","1","1","2"
"TanteKaethe","1","1","2"
"TANY22","1","1","2"
"tapansoni87","1","1","2"
"tapiiri1","1","1","2"
"taqueriaMoon","1","1","2"
"Tarang007","1","1","2"
"Taranis143","1","1","2"
"Taras55555","1","1","2"
"TarcisioCuraa","1","1","2"
"tarek_mosaad","1","1","2"
"Tarentum","1","1","2"
"tarheels","1","1","2"
"Tarik-avocat","1","1","2"
"tarikelhatimi","1","1","2"
"tariksissemongk0","1","1","2"
"Tarix","1","1","2"
"Tarnizzy","1","1","2"
"TaroJMM","1","1","2"
"Tarraman","1","1","2"
"tarush2022","1","1","2"
"Tarush45","1","1","2"
"TarVendel","1","1","2"
"TarX88","1","1","2"
"tasher1137228","1","1","2"
"tasieu","1","1","2"
"tasnim_009","1","1","2"
"Tasoshammer","1","1","2"
"tasteofcherry","1","1","2"
"tastethesoup","1","1","2"
"tasteurlose","1","1","2"
"tatevosov","1","1","2"
"Tatoital","1","1","2"
"tattan8","1","1","2"
"tausibusiso5gmail","1","1","2"
"tavisharmstrong","1","1","2"
"TavuKanat","1","1","2"
"taw79","1","1","2"
"TaWReoS2","1","1","2"
"taxi835","1","1","2"
"tayco2702","1","1","2"
"taylorfoss","1","1","2"
"tayyib17","1","1","2"
"tayyipakay","1","1","2"
"TazzMRazz","1","1","2"
"TB_AHMED","1","1","2"
"tbabaev","1","1","2"
"TBCH-Team","1","1","2"
"TC80TC80","1","1","2"
"Tceepa","1","1","2"
"Tchalkovsky","1","1","2"
"tcwood","1","1","2"
"TdnraOnnah","1","1","2"
"tdyoung","1","1","2"
"Te_Toca_Descanso","1","1","2"
"TeacherNolan","1","1","2"
"Team_nooT","1","1","2"
"team_obasi","1","1","2"
"teamaverage","1","1","2"
"Tebi_Hernandez","1","1","2"
"TechiesUL","1","1","2"
"TechKing1635","1","1","2"
"technokrecik","1","1","2"
"Teddyn01","1","1","2"
"tedpeterson","1","1","2"
"tedspaghett","1","1","2"
"TEDx_Talks","1","1","2"
"teedon","1","1","2"
"Teeebo","1","1","2"
"TeeFlo","1","1","2"
"Teghasaurus","1","1","2"
"TeguhSantiko","1","1","2"
"teh_telasss","1","1","2"
"teimurkhan","1","1","2"
"tejasfire007","1","1","2"
"Tejassvinee","1","1","2"
"Tekatli07","1","1","2"
"tekin7","1","1","2"
"Tekyr","1","1","2"
"telarubo96","1","1","2"
"telciw7tr","1","1","2"
"TELEPOL12","1","1","2"
"TellyTheDog","1","1","2"
"Teluex","1","1","2"
"temisitio","1","1","2"
"tempest_6134","1","1","2"
"tempesta09","1","1","2"
"Templariem","1","1","2"
"Temson","1","1","2"
"Temtay","1","1","2"
"Tenac","1","1","2"
"TenebrisNojen","1","1","2"
"Tenilsonalves","1","1","2"
"tennbeis","1","1","2"
"Tenniskongen","1","1","2"
"Tenorio18","1","1","2"
"tenqverymuch","1","1","2"
"Teo13","1","1","2"
"Teoleong","1","1","2"
"Teoman_Dogan","1","1","2"
"Tepa94","1","1","2"
"Tepca","1","1","2"
"ter_natus","1","1","2"
"tercal","1","1","2"
"terebilo","1","1","2"
"Terkinos","1","1","2"
"Termi-jimmy","1","1","2"
"TermiCHESS1432","1","1","2"
"TerminatorBoga","1","1","2"
"termit_96","1","1","2"
"termopeen","1","1","2"
"ternet1978","1","1","2"
"TerribleChess_Player","1","1","2"
"Terriblechess00","1","1","2"
"terriblechessplayer3","1","1","2"
"TerribleProdigy","1","1","2"
"Terror-rojo","1","1","2"
"Terry_Girsher","1","1","2"
"Terzyan_h","1","1","2"
"Tesla_AC","1","1","2"
"Teteu12","1","1","2"
"Tetro420","1","1","2"
"tetya14","1","1","2"
"tevinou","1","1","2"
"TexasKnight","1","1","2"
"TexasTuck","1","1","2"
"tfernandesM","1","1","2"
"TforTendetta","1","1","2"
"tgx357","1","1","2"
"Th3E1d3r","1","1","2"
"thacheeseburger","1","1","2"
"thadey","1","1","2"
"Thaer1991","1","1","2"
"ThaiBubbleTea","1","1","2"
"ThaiGer1386","1","1","2"
"thaismaia0","1","1","2"
"thakur","1","1","2"
"Thandi78","1","1","2"
"thanglathua","1","1","2"
"thanhbao2105","1","1","2"
"thanoobest","1","1","2"
"Tharun10","1","1","2"
"Tharun25","1","1","2"
"Tharvin14","1","1","2"
"That1Chezzler","1","1","2"
"thatdude283","1","1","2"
"ThatKovalsky","1","1","2"
"thatoneguy150","1","1","2"
"thchoulio","1","1","2"
"The_Boyzzzzzz","1","1","2"
"the_ceybis","1","1","2"
"The_cheeky","1","1","2"
"the_davinilator","1","1","2"
"The_Dnk","1","1","2"
"The_Elite_Shishkebab","1","1","2"
"The_Epic_Gustaver","1","1","2"
"The_Flash-Earth-37","1","1","2"
"The_great_Houdini","1","1","2"
"the_hacker999","1","1","2"
"The_Hvd3","1","1","2"
"The_Immor1aL","1","1","2"
"The_King_Crusher","1","1","2"
"The_King12342","1","1","2"
"The_last24guler","1","1","2"
"The_OA","1","1","2"
"The_unsolid","1","1","2"
"THE-DESOLATOR","1","1","2"
"The12Categories","1","1","2"
"TheAbdicator","1","1","2"
"TheAliYaman","1","1","2"
"thealphachesser","1","1","2"
"TheAnxiousOne","1","1","2"
"TheApe","1","1","2"
"TheArchBishop1985","1","1","2"
"theaveragegrace","1","1","2"
"TheAYU","1","1","2"
"thebeastmode","1","1","2"
"TheBestSerafim","1","1","2"
"Thebigbishop","1","1","2"
"Thebiggriez","1","1","2"
"TheBlackat","1","1","2"
"TheBlueKnight13","1","1","2"
"thebobyleva","1","1","2"
"TheBoneless","1","1","2"
"thebongcloud5505","1","1","2"
"Theboydoingpips987","1","1","2"
"TheBoyKent","1","1","2"
"Thebuby","1","1","2"
"TheCats","1","1","2"
"TheChefCooks","1","1","2"
"THECHESSADDICT2010","1","1","2"
"TheChessDemon321","1","1","2"
"Thechessexp","1","1","2"
"thechucknorrisofches","1","1","2"
"thecoldplay","1","1","2"
"TheCrown_Princeof","1","1","2"
"TheDarkKnight23","1","1","2"
"TheDarknestAngelOK","1","1","2"
"tHEdEVIL13","1","1","2"
"thedobak8","1","1","2"
"TheEdgeCase","1","1","2"
"Theemrch","1","1","2"
"TheEssssjuuus","1","1","2"
"TheExterminatorSB129","1","1","2"
"ThefakeGM","1","1","2"
"TheFatedBanana","1","1","2"
"thefianchetto","1","1","2"
"TheGamerGuy","1","1","2"
"TheGarbinger","1","1","2"
"TheGeicoLizard","1","1","2"
"thegodofjunmo","1","1","2"
"thegurleyen","1","1","2"
"theguy2022","1","1","2"
"theirisphotos","1","1","2"
"thejesterthejester","1","1","2"
"TheJVariety","1","1","2"
"TheKama","1","1","2"
"TheKidFromPH","1","1","2"
"TheKidLAROI","1","1","2"
"thekillerknight1002","1","1","2"
"TheKing000667","1","1","2"
"thekingpawn","1","1","2"
"TheKrillLord","1","1","2"
"thelgends1673839","1","1","2"
"TheLittleElephant","1","1","2"
"thelmo","1","1","2"
"TheLoraxKiller","1","1","2"
"TheMafaz","1","1","2"
"TheMalawiFighter","1","1","2"
"TheMartian_30","1","1","2"
"TheMasterego2","1","1","2"
"Themastors","1","1","2"
"themidnightsky","1","1","2"
"themis26","1","1","2"
"TheMonk176","1","1","2"
"thenef","1","1","2"
"thenema","1","1","2"
"TheNextMoveIs","1","1","2"
"TheNipu","1","1","2"
"thenotoriousyk","1","1","2"
"theodoreconrad","1","1","2"
"Theodorius_14","1","1","2"
"theogoodkid","1","1","2"
"TheoGreygoose","1","1","2"
"TheophileMot","1","1","2"
"theoretische_Praxis","1","1","2"
"Theospace99","1","1","2"
"theovercastman","1","1","2"
"thePenguin1802","1","1","2"
"ThePorscheBoy","1","1","2"
"theprimerio","1","1","2"
"thequeen_isdead","1","1","2"
"theraaaj","1","1","2"
"therealbswagg","1","1","2"
"TheRealCocoLasticot","1","1","2"
"TheRealDonKeven","1","1","2"
"TheRealEmilowich","1","1","2"
"therealKingJonah","1","1","2"
"TheReuter","1","1","2"
"therrieur","1","1","2"
"Therulerinmathclass","1","1","2"
"TheRune97","1","1","2"
"TheScacchista","1","1","2"
"TheSemen777555","1","1","2"
"theshrimpwhofried","1","1","2"
"Thesinc","1","1","2"
"TheSkyler","1","1","2"
"TheSorcererofsuprem","1","1","2"
"TheSperchs","1","1","2"
"thestrongested","1","1","2"
"TheStuntmanMike","1","1","2"
"TheTenTimee","1","1","2"
"Theterminatorgo","1","1","2"
"thetruth01","1","1","2"
"TheUltimateBlunderer","1","1","2"
"TheWhite007","1","1","2"
"thexnemor","1","1","2"
"TheyCallMeImba","1","1","2"
"ThiasH","1","1","2"
"thibes","1","1","2"
"Thierry062","1","1","2"
"Thierry45","1","1","2"
"ThInkAboUtSeA","1","1","2"
"third_man","1","1","2"
"thirdvision","1","1","2"
"thiru_R","1","1","2"
"This_is_Fixo","1","1","2"
"thisisanewaccount","1","1","2"
"ThisIsBoring","1","1","2"
"ThisIsDave","1","1","2"
"ThisSky","1","1","2"
"Thivessh68","1","1","2"
"THL33","1","1","2"
"ThoDoe","1","1","2"
"ThomasFGER","1","1","2"
"ThomasHollyman","1","1","2"
"ThomasOTR","1","1","2"
"ThomastheNuclearBomb","1","1","2"
"Thomaxximal","1","1","2"
"Thooooooriq","1","1","2"
"Thor-zlb","1","1","2"
"thor125","1","1","2"
"Thorbiddles","1","1","2"
"thorger","1","1","2"
"THOT_SLAYER228","1","1","2"
"Thot586","1","1","2"
"thps","1","1","2"
"thread654","1","1","2"
"Thrice_upon_a_time","1","1","2"
"thrillfly384","1","1","2"
"Thrishank_koti007","1","1","2"
"throwawaycompiler","1","1","2"
"throwbiwan","1","1","2"
"Thuddin","1","1","2"
"Thugga","1","1","2"
"thuggg","1","1","2"
"thundaa","1","1","2"
"thyagoaguirrealva","1","1","2"
"ThyViolet","1","1","2"
"ti-gars","1","1","2"
"TiagoMayer","1","1","2"
"TiaGorda","1","1","2"
"tiagoscosta","1","1","2"
"Tiberivs","1","1","2"
"TIChallenger","1","1","2"
"TickleTesticle","1","1","2"
"tictactoeplayeR","1","1","2"
"tiddlylover101","1","1","2"
"tiflisian","1","1","2"
"tiger_woods_allen","1","1","2"
"tigerstoo","1","1","2"
"Tiginus","1","1","2"
"TIGOR_INVENTOR","1","1","2"
"Tigra2500","1","1","2"
"Tiitus0","1","1","2"
"Tijuana20","1","1","2"
"Tikalikatam","1","1","2"
"Tildpro","1","1","2"
"tilhatlangeweile","1","1","2"
"Tilwani_Hardik","1","1","2"
"tim_klo","1","1","2"
"tim4tim","1","1","2"
"timatim1990","1","1","2"
"timdragon","1","1","2"
"Time192","1","1","2"
"time4time","1","1","2"
"TimeStop","1","1","2"
"timevvasting","1","1","2"
"timieboy","1","1","2"
"TimiliusHugos","1","1","2"
"Timit9","1","1","2"
"timlane","1","1","2"
"Timofej_Ryzhkov","1","1","2"
"TimofeyDyav","1","1","2"
"Timolianisch","1","1","2"
"timon3i","1","1","2"
"timontimati","1","1","2"
"TimoPog","1","1","2"
"timur_japarov","1","1","2"
"Timur2511","1","1","2"
"timurHadsk","1","1","2"
"Timurka132","1","1","2"
"tinkertailor","1","1","2"
"Tino3","1","1","2"
"Tinus90","1","1","2"
"TinyKevin","1","1","2"
"tipsmogale","1","1","2"
"Tirana1464","1","1","2"
"Tiranoslav_Vtoroi","1","1","2"
"tireddoc","1","1","2"
"Tiriha","1","1","2"
"Tirolisch","1","1","2"
"Tispi-555","1","1","2"
"Titillo_01","1","1","2"
"titingborilleno","1","1","2"
"titiskyluc","1","1","2"
"Titouan5157","1","1","2"
"Titoufeur","1","1","2"
"Titoux","1","1","2"
"Tiya_2009","1","1","2"
"Tjarven","1","1","2"
"Tjobi","1","1","2"
"TK199419","1","1","2"
"tk3877","1","1","2"
"TK64tk","1","1","2"
"TKOWSHIKRAOEEE","1","1","2"
"TKpride","1","1","2"
"TKS-RALE-LilyS","1","1","2"
"TLMMLT","1","1","2"
"TlustyMat","1","1","2"
"tm009967","1","1","2"
"TM314159","1","1","2"
"Tmac35","1","1","2"
"Tmart-BR","1","1","2"
"Tmlazar","1","1","2"
"tmOVIO","1","1","2"
"tmuhammad3","1","1","2"
"TMUR228","1","1","2"
"tNySs","1","1","2"
"To_Dare_Is_To_Do","1","1","2"
"TobbyTranz","1","1","2"
"tobi1jofiu","1","1","2"
"Tobias0001","1","1","2"
"tobiasnaas","1","1","2"
"TOBIM86","1","1","2"
"Toblitas","1","1","2"
"Toby_oghre","1","1","2"
"TobyBates","1","1","2"
"TobyKowalski","1","1","2"
"TobyShin","1","1","2"
"tobyt2000","1","1","2"
"ToddElder","1","1","2"
"todoloque","1","1","2"
"ToE__23","1","1","2"
"Toffie62","1","1","2"
"tofoles","1","1","2"
"tohid98","1","1","2"
"toka1977","1","1","2"
"Tokayto","1","1","2"
"Tokii001","1","1","2"
"TokyoDog","1","1","2"
"tolitslanggam","1","1","2"
"tom_bross","1","1","2"
"tom_hoel","1","1","2"
"tom-lord","1","1","2"
"Tom-Sawye1","1","1","2"
"tom4512","1","1","2"
"Toma_Fischer","1","1","2"
"Tomas_Aquino","1","1","2"
"Tomas_Rinaldi","1","1","2"
"tomatosos","1","1","2"
"TomaZ14","1","1","2"
"tomdepzai","1","1","2"
"TomekZ","1","1","2"
"tomerpa","1","1","2"
"toMI2008","1","1","2"
"Tomigu","1","1","2"
"Tomii10987","1","1","2"
"Tomkinas","1","1","2"
"tommahoney02","1","1","2"
"Tommy_ggg","1","1","2"
"tommychessdude","1","1","2"
"TommyWiseau","1","1","2"
"Tompastom","1","1","2"
"tompompom","1","1","2"
"tomss","1","1","2"
"Tomus1977","1","1","2"
"ToNe34","1","1","2"
"toni478","1","1","2"
"tonienazwa","1","1","2"
"Tonimusicband","1","1","2"
"tonjar1230","1","1","2"
"tonmil","1","1","2"
"Tonna2nite","1","1","2"
"tony1kid","1","1","2"
"tonyhawkphd","1","1","2"
"TonyKimani","1","1","2"
"TonyoKarpov","1","1","2"
"TonyRo","1","1","2"
"tonyy38","1","1","2"
"TooClose","1","1","2"
"toolatechess","1","1","2"
"TooperBlooper","1","1","2"
"Topalak-s","1","1","2"
"topcop","1","1","2"
"TopFresh00","1","1","2"
"Topobanana","1","1","2"
"TOPP0T","1","1","2"
"toprak-35552011","1","1","2"
"Tor-Espen","1","1","2"
"TorArneM","1","1","2"
"torchello","1","1","2"
"Torcreek","1","1","2"
"Tore_L","1","1","2"
"tored","1","1","2"
"Tornado_76","1","1","2"
"TorneosSorgon","1","1","2"
"tortelio","1","1","2"
"tos_tos","1","1","2"
"Toshich-07","1","1","2"
"toshiro_hakou","1","1","2"
"Tosho80","1","1","2"
"Tosinjay","1","1","2"
"tota008","1","1","2"
"Total_Alex1","1","1","2"
"totalkaput","1","1","2"
"TotalMarsu","1","1","2"
"totemico","1","1","2"
"TouchyxStepdad","1","1","2"
"Toufik-Algeria","1","1","2"
"touser","1","1","2"
"toussen88","1","1","2"
"toxBLUE","1","1","2"
"Toxthecat","1","1","2"
"toxxx","1","1","2"
"Tpallidum","1","1","2"
"TPRG87","1","1","2"
"tr_39","1","1","2"
"Tracina95","1","1","2"
"tractorboy99","1","1","2"
"trainchess6561","1","1","2"
"TrampPutin","1","1","2"
"tranbaolam2014","1","1","2"
"TranCuong1702","1","1","2"
"Trankhoa2013","1","1","2"
"transhumanmarx","1","1","2"
"TranSon4728","1","1","2"
"trap21","1","1","2"
"Traro","1","1","2"
"Trashacc","1","1","2"
"trasiu","1","1","2"
"TravellingSapper","1","1","2"
"trbuzu","1","1","2"
"Treator2","1","1","2"
"Tree_SMANESS","1","1","2"
"TreepArchrid","1","1","2"
"Treesbroom","1","1","2"
"treesrule14","1","1","2"
"TreeZeee","1","1","2"
"Treinandoapenas","1","1","2"
"trelo777","1","1","2"
"tremilayard","1","1","2"
"Trendell268","1","1","2"
"trevorbog","1","1","2"
"TRex_Teteus","1","1","2"
"trex2101","1","1","2"
"TRGT99lw","1","1","2"
"trhcsvts","1","1","2"
"triangulito","1","1","2"
"trickeyvampire","1","1","2"
"TRiese","1","1","2"
"triobenczu","1","1","2"
"tristan0110","1","1","2"
"Tristan57499631","1","1","2"
"TristanE","1","1","2"
"Tristangreatwarrior","1","1","2"
"Triunpha2r","1","1","2"
"Trix1234","1","1","2"
"Trix316","1","1","2"
"Trix4Win","1","1","2"
"trkcmylmz","1","1","2"
"trmagis","1","1","2"
"trockin","1","1","2"
"trogo95","1","1","2"
"trois09","1","1","2"
"TrojanBlunder","1","1","2"
"trolsen","1","1","2"
"trongkhiem2654","1","1","2"
"Tronrun99","1","1","2"
"trostery","1","1","2"
"trouanet","1","1","2"
"Troylegomaster","1","1","2"
"trrtrt","1","1","2"
"truculence_you","1","1","2"
"Truefocus7","1","1","2"
"TRUESayajin","1","1","2"
"trupts_1995","1","1","2"
"TrustYourCalculation","1","1","2"
"TryHard55","1","1","2"
"TRYHarderNOW","1","1","2"
"Tryudo24","1","1","2"
"ts233","1","1","2"
"ts67ndf","1","1","2"
"tsade","1","1","2"
"tsalahel2","1","1","2"
"Tschikago69","1","1","2"
"tsegaethiopia","1","1","2"
"TSen46","1","1","2"
"tsitos","1","1","2"
"tsitsos89","1","1","2"
"tsnr","1","1","2"
"TSSpirit","1","1","2"
"tst2002","1","1","2"
"Tsujino","1","1","2"
"tsurkalo","1","1","2"
"ttbskillervanya228","1","1","2"
"TTM_SANYAM","1","1","2"
"Tttn","1","1","2"
"TTV-imjustbetter","1","1","2"
"tu1boxer","1","1","2"
"tubero1989","1","1","2"
"TudaSudaTamSiam","1","1","2"
"tudzmania","1","1","2"
"tueor","1","1","2"
"Tuesday97","1","1","2"
"tuesdaysgreen","1","1","2"
"Tufanheimer","1","1","2"
"tugrallim","1","1","2"
"tugsadhan6","1","1","2"
"TULIOBACCINO","1","1","2"
"tulipan2","1","1","2"
"Tulsanimanas","1","1","2"
"TuluamazuerA","1","1","2"
"tulubaev_farit17","1","1","2"
"tumrot","1","1","2"
"tumtas","1","1","2"
"Tuna18","1","1","2"
"TunaMayoSandwich","1","1","2"
"tungki","1","1","2"
"TunHuang","1","1","2"
"TupikDenis","1","1","2"
"tupiutamalder","1","1","2"
"tuppergrinder666","1","1","2"
"Tuputamadrecita","1","1","2"
"Turabonal","1","1","2"
"turac12","1","1","2"
"turanahdj","1","1","2"
"turboneno","1","1","2"
"Turboturm","1","1","2"
"Turbulent_Field","1","1","2"
"TurinAS","1","1","2"
"TURK1453","1","1","2"
"turkishcowboyintexas","1","1","2"
"turkmenplayer","1","1","2"
"TurkPawn","1","1","2"
"turky15","1","1","2"
"TurmSieger","1","1","2"
"turninger","1","1","2"
"turtle_DRAGON","1","1","2"
"TurtleBot","1","1","2"
"TusKabina","1","1","2"
"tutansetamon99","1","1","2"
"tvdloverandoriginall","1","1","2"
"TveStocfish8","1","1","2"
"tvk_arash","1","1","2"
"tw1x7","1","1","2"
"Tweez1Weez1","1","1","2"
"twhite90","1","1","2"
"TWICE_FAN_ONCE","1","1","2"
"twigdip","1","1","2"
"twilson12345","1","1","2"
"twister855","1","1","2"
"Twizted_Pawns","1","1","2"
"Twolen","1","1","2"
"TwoTwoOneB","1","1","2"
"tws101","1","1","2"
"txmmox","1","1","2"
"txwaller","1","1","2"
"tychka_48","1","1","2"
"TyJohn","1","1","2"
"TykeXhess","1","1","2"
"TykiMik","1","1","2"
"tymus1212","1","1","2"
"TyrannosaurusChecks","1","1","2"
"TyssMorgan","1","1","2"
"tyui0","1","1","2"
"Tyyfug","1","1","2"
"tzahi","1","1","2"
"Tzuk04","1","1","2"
"tzviki","1","1","2"
"uachessua","1","1","2"
"UAEMAY","1","1","2"
"UAre_madness","1","1","2"
"Ubaydh7","1","1","2"
"Uberhorst","1","1","2"
"uchoodsledzia","1","1","2"
"UciessEBell","1","1","2"
"uczenpraktyki","1","1","2"
"Uday10369","1","1","2"
"udhaya_samuel","1","1","2"
"UdiQ","1","1","2"
"udkandi2002","1","1","2"
"Udugelig","1","1","2"
"Ufuk101010","1","1","2"
"ufukkr","1","1","2"
"ufvjiyree","1","1","2"
"uglygooseling","1","1","2"
"Ugur0000","1","1","2"
"Ugur3327","1","1","2"
"uh_suh_dude","1","1","2"
"uhlja","1","1","2"
"UhOh_Hippo","1","1","2"
"UIBE","1","1","2"
"Uilacocha","1","1","2"
"Uisgesmhach","1","1","2"
"UjanxBpd","1","1","2"
"Ujjwal_Gupta","1","1","2"
"ujwal0031","1","1","2"
"ukkunn","1","1","2"
"ukorjeliback","1","1","2"
"UKspryzen","1","1","2"
"UKStef","1","1","2"
"uktuaad","1","1","2"
"Ul6xann","1","1","2"
"UlasB","1","1","2"
"ulassszszsz","1","1","2"
"ulikkkk","1","1","2"
"UlissesMarra","1","1","2"
"Ultima_Ratio1992","1","1","2"
"Ultimate_Gambit","1","1","2"
"ultra_max","1","1","2"
"Ultrafailor","1","1","2"
"ultrasmiler","1","1","2"
"ultrawing","1","1","2"
"ulytau1","1","1","2"
"Umair0786","1","1","2"
"Umeshvkasar","1","1","2"
"umgchandak","1","1","2"
"umiwie","1","1","2"
"Umjogadorqualquer","1","1","2"
"umka777","1","1","2"
"UmniySadoi","1","1","2"
"umtasll","1","1","2"
"umtttttt","1","1","2"
"umutaktas70","1","1","2"
"umutduran911","1","1","2"
"umuteldem","1","1","2"
"umuttozmenn","1","1","2"
"unahaclosp","1","1","2"
"Unairra709","1","1","2"
"unavoidable87","1","1","2"
"UnbeatableWarrior","1","1","2"
"UnBeMa","1","1","2"
"UncastledKing09","1","1","2"
"underdog143","1","1","2"
"Understrek","1","1","2"
"undyy","1","1","2"
"unfinisher","1","1","2"
"unholyknight_69","1","1","2"
"unhuman_freek","1","1","2"
"unimportantgaymer","1","1","2"
"UnkleGeezy","1","1","2"
"unknown90","1","1","2"
"UnlceBob","1","1","2"
"unlovedRL","1","1","2"
"UnNoobAuxEchecs","1","1","2"
"unperrofumador","1","1","2"
"unsuccessful_life","1","1","2"
"unuubn","1","1","2"
"uoemirorzan","1","1","2"
"uomo_forbice","1","1","2"
"Uppalahansika","1","1","2"
"ur_god","1","1","2"
"ural2007","1","1","2"
"urazinbabasi","1","1","2"
"urielito","1","1","2"
"urij123","1","1","2"
"UrIzEn1793","1","1","2"
"Urslovingly7","1","1","2"
"urteil93","1","1","2"
"Urutz","1","1","2"
"usc_me94","1","1","2"
"UseComputers","1","1","2"
"UselessSurprise","1","1","2"
"user_343656","1","1","2"
"User1784","1","1","2"
"username85","1","1","2"
"Usta2015Amstel","1","1","2"
"Usuario57157","1","1","2"
"uta_21","1","1","2"
"Utakata_124","1","1","2"
"Utamakan_Keselamatan","1","1","2"
"UtemisovDamir","1","1","2"
"Utep23","1","1","2"
"utkalsinha","1","1","2"
"Utku11111","1","1","2"
"UtkuCetin","1","1","2"
"UtkuD_SG","1","1","2"
"utpust","1","1","2"
"Uttu69420","1","1","2"
"UTTUTU77","1","1","2"
"uvvyx","1","1","2"
"Uwata","1","1","2"
"Uwe359","1","1","2"
"Uyasobod111","1","1","2"
"Uyfvdrhbdfvvcddx","1","1","2"
"uzbekovroman","1","1","2"
"Uzikong","1","1","2"
"UZUNTASyalcin","1","1","2"
"v_e_g_e_t_a","1","1","2"
"V_Sharma26","1","1","2"
"V-Aln","1","1","2"
"v-mansur_1","1","1","2"
"V0LUNTEER","1","1","2"
"V17ram","1","1","2"
"v1tto","1","1","2"
"v2300v3v2","1","1","2"
"v4mp1reess","1","1","2"
"V5Fox","1","1","2"
"vaaasiliy","1","1","2"
"vaasek","1","1","2"
"vabbeh","1","1","2"
"VAC_JF","1","1","2"
"VacaJilmarpapi10","1","1","2"
"vacashja","1","1","2"
"vacio","1","1","2"
"VADBigBang","1","1","2"
"vadery666","1","1","2"
"vadikpribytkov","1","1","2"
"vadim1177","1","1","2"
"Vadim14","1","1","2"
"VadimAisuvakov","1","1","2"
"Vadimanetdoma","1","1","2"
"vadimdim","1","1","2"
"vadjer","1","1","2"
"vadokxxx","1","1","2"
"VadosKos","1","1","2"
"vaflex","1","1","2"
"VaFrance","1","1","2"
"vagabundo1907","1","1","2"
"Vagabundoo","1","1","2"
"vagnervelho","1","1","2"
"vagoman","1","1","2"
"vagusnerve10","1","1","2"
"VahabTanhaei","1","1","2"
"VAHAG_415","1","1","2"
"Vahan1509","1","1","2"
"Vahap2001","1","1","2"
"vahshenek","1","1","2"
"vaibhav0305","1","1","2"
"vaingrecsky","1","1","2"
"Vajdasagi","1","1","2"
"Valdini","1","1","2"
"valdivia8806","1","1","2"
"valen_rapido","1","1","2"
"Valentin_Klimov1986","1","1","2"
"ValentinRomero","1","1","2"
"ValeriiHyryn","1","1","2"
"valeriyh","1","1","2"
"Valikhan_Chess","1","1","2"
"Valinur","1","1","2"
"Valks15","1","1","2"
"Valky","1","1","2"
"vallesdu","1","1","2"
"Valletos","1","1","2"
"vallurisaketh","1","1","2"
"vampir_372","1","1","2"
"vancheskooo2","1","1","2"
"vanchess","1","1","2"
"vanDusen","1","1","2"
"vanechkalitvinov","1","1","2"
"vange_lee","1","1","2"
"vanilina_karina","1","1","2"
"Vannguyenn","1","1","2"
"VanPCPJ","1","1","2"
"vansh130906","1","1","2"
"vanthanh3132001","1","1","2"
"vanyamas7","1","1","2"
"VardanyanHayk","1","1","2"
"vardgesmirzoyan","1","1","2"
"vargas2003","1","1","2"
"varloz","1","1","2"
"varrasalzagreb","1","1","2"
"Varthlokkr","1","1","2"
"varunxoxo","1","1","2"
"Vas_a_caer_magnusin","1","1","2"
"vasamicic22","1","1","2"
"VASAVA1234","1","1","2"
"vasich89","1","1","2"
"vasil-vasilev","1","1","2"
"VasilevMakarRussia","1","1","2"
"Vasilevsky_Ilya","1","1","2"
"Vasili-Lanaras","1","1","2"
"vasiljias","1","1","2"
"Vaspan123","1","1","2"
"Vass-ilius","1","1","2"
"vasu1594","1","1","2"
"vasya2022","1","1","2"
"Vatnik70","1","1","2"
"Vayaguisantito","1","1","2"
"Vazmaz","1","1","2"
"vBdefak","1","1","2"
"vbju2","1","1","2"
"vbulloch","1","1","2"
"vcorrea","1","1","2"
"vDavinciXXI_VHAR","1","1","2"
"vdnxhdhksjebe","1","1","2"
"ved94","1","1","2"
"vedGM123","1","1","2"
"vedhava","1","1","2"
"VedicFallingUpwards","1","1","2"
"veetal","1","1","2"
"Veexliat","1","1","2"
"vegardhaneberg","1","1","2"
"vejas","1","1","2"
"vekkua","1","1","2"
"veliminator","1","1","2"
"Velpeau","1","1","2"
"venest","1","1","2"
"veniamin_li","1","1","2"
"Venky_jay","1","1","2"
"Venom_150699","1","1","2"
"Ventill19","1","1","2"
"VentroPHS-CC","1","1","2"
"VeraKorzun","1","1","2"
"verdaxxx","1","1","2"
"Vereciano","1","1","2"
"Veriodite","1","1","2"
"veroneka","1","1","2"
"Verral","1","1","2"
"Versago","1","1","2"
"VersaTack","1","1","2"
"VertexIQ","1","1","2"
"very_original_userna","1","1","2"
"Veseper","1","1","2"
"Vetfly","1","1","2"
"vetmedin","1","1","2"
"Vezeri","1","1","2"
"vezovio","1","1","2"
"vfabella","1","1","2"
"vi-va","1","1","2"
"vicbigsniper","1","1","2"
"Vicente1412","1","1","2"
"Vickty012","1","1","2"
"Vicky_Voll","1","1","2"
"Vicky3122","1","1","2"
"Vico83","1","1","2"
"victim_sacrifice","1","1","2"
"VictoR_2016_sam","1","1","2"
"victorgabrielcordova","1","1","2"
"VictorHugoLefer22","1","1","2"
"VictoriaIII","1","1","2"
"victorjoven","1","1","2"
"victormitin1","1","1","2"
"Victoronov","1","1","2"
"victorpc","1","1","2"
"vidalloco","1","1","2"
"Viddablue","1","1","2"
"Viddyesh","1","1","2"
"Vidhvansh","1","1","2"
"Vidrums","1","1","2"
"viejuno","1","1","2"
"VietM","1","1","2"
"Vignesh-01","1","1","2"
"vignesh009","1","1","2"
"VigorousVocalPug","1","1","2"
"vihanshah72","1","1","2"
"Viiktor","1","1","2"
"vijita13","1","1","2"
"vik_kefala","1","1","2"
"VikasMV12","1","1","2"
"VikChess20","1","1","2"
"VikingChess666","1","1","2"
"VikNikGol","1","1","2"
"vikraman","1","1","2"
"viktor_pl","1","1","2"
"viktor7valerich","1","1","2"
"ViktorGM","1","1","2"
"viktorgs","1","1","2"
"Viktoria543","1","1","2"
"Vimal1978","1","1","2"
"vimalmurugan","1","1","2"
"vin21","1","1","2"
"Vinayak_Premlal-205","1","1","2"
"vincent18","1","1","2"
"vincentdnguyen308","1","1","2"
"VincZ14","1","1","2"
"Vinex0","1","1","2"
"Vinicius_Machado","1","1","2"
"VinnyPuhh","1","1","2"
"vinothraj","1","1","2"
"VioleJue","1","1","2"
"Vipcarlos","1","1","2"
"viper_sniper","1","1","2"
"Viper420","1","1","2"
"vipseat","1","1","2"
"vipul1972","1","1","2"
"VIPULRAVAL","1","1","2"
"virajc89","1","1","2"
"Virod_le_Udot","1","1","2"
"Virulent","1","1","2"
"Visgp","1","1","2"
"vish2020","1","1","2"
"Vishaljadav","1","1","2"
"VisheshPandey","1","1","2"
"vishthefish27","1","1","2"
"vishu107","1","1","2"
"vishu3764","1","1","2"
"vishwa314","1","1","2"
"Vision1234","1","1","2"
"visiontick1","1","1","2"
"VisualConvo","1","1","2"
"Viswanath2121","1","1","2"
"Viszokai","1","1","2"
"vitaiksv","1","1","2"
"vitalgb","1","1","2"
"vitalik_4444","1","1","2"
"Vitalina_Leg","1","1","2"
"vitalyashpak","1","1","2"
"Vitchessy","1","1","2"
"viteffe","1","1","2"
"VITEK-CH","1","1","2"
"Vito_Andolini13","1","1","2"
"Vito217","1","1","2"
"viv55","1","1","2"
"viva_1","1","1","2"
"Viva_La_Gloria","1","1","2"
"Vivalapesca","1","1","2"
"vivanco_1q84","1","1","2"
"Vivant","1","1","2"
"viveconibundaso","1","1","2"
"Vivekanandsmriti","1","1","2"
"vivektailor2020","1","1","2"
"Vivianahdysyjqj","1","1","2"
"Vivid_ghost","1","1","2"
"vivke53","1","1","2"
"Vixcius","1","1","2"
"vladblejan","1","1","2"
"Vladimir_20052005","1","1","2"
"Vladimir_dem","1","1","2"
"Vladimir_Maugly12","1","1","2"
"Vladimir-17","1","1","2"
"VLADIMIR169","1","1","2"
"vladimircap22","1","1","2"
"VladimirMashkalev1","1","1","2"
"vladislav66vvv","1","1","2"
"VladislavU","1","1","2"
"vladovasisback","1","1","2"
"VladRuChess","1","1","2"
"VladShepel","1","1","2"
"vladu20a","1","1","2"
"VladVunnuk","1","1","2"
"VladZaluznij","1","1","2"
"vlahozlosilo","1","1","2"
"vlamuerte","1","1","2"
"Vlasov_eevgenyioi","1","1","2"
"VldmrDnlv","1","1","2"
"Vldr2212","1","1","2"
"vlokkie_Z","1","1","2"
"VloTakavor75","1","1","2"
"Vlow","1","1","2"
"VM_1307","1","1","2"
"vmark16","1","1","2"
"vmc772000","1","1","2"
"vnkvstnk","1","1","2"
"VNNADAS","1","1","2"
"voanvovan","1","1","2"
"VoidFall","1","1","2"
"voittu","1","1","2"
"volkan99","1","1","2"
"volodya09","1","1","2"
"VolodymyrNemertsalov","1","1","2"
"vologzhanin","1","1","2"
"volvit","1","1","2"
"vonbanle","1","1","2"
"vondemont","1","1","2"
"voneumann","1","1","2"
"Vonni7","1","1","2"
"vonsteuben","1","1","2"
"Vorlord","1","1","2"
"VoronezhSuhov","1","1","2"
"VorteX18","1","1","2"
"vortexkd","1","1","2"
"Votson","1","1","2"
"vourdouyiannis","1","1","2"
"Vova69xxx","1","1","2"
"vovanchik2300","1","1","2"
"VovkaGrozniy","1","1","2"
"voyager66","1","1","2"
"voyaka","1","1","2"
"Voyownik","1","1","2"
"vpabloc10","1","1","2"
"vpss","1","1","2"
"Vrajesh_Kachalia","1","1","2"
"vrfigue","1","1","2"
"vritisharma","1","1","2"
"vrts","1","1","2"
"vsartor","1","1","2"
"vsgrab","1","1","2"
"vsiv562","1","1","2"
"vteckicks","1","1","2"
"vthakrar","1","1","2"
"vtjaunt","1","1","2"
"vtn2005","1","1","2"
"Vubious","1","1","2"
"Vujketa","1","1","2"
"Vulbis","1","1","2"
"vuproldo","1","1","2"
"vuralkosa","1","1","2"
"VurkacSertac","1","1","2"
"vushak123","1","1","2"
"vv224","1","1","2"
"vvadimmn","1","1","2"
"vvasilets","1","1","2"
"VVorunitia","1","1","2"
"Vyacheslav1212","1","1","2"
"VyacheslavGrigorenko","1","1","2"
"Vyachesslove","1","1","2"
"VysionDropz","1","1","2"
"vysotskiy_oleg","1","1","2"
"vzk91","1","1","2"
"Vzyali_zabrali","1","1","2"
"vzzz","1","1","2"
"W00ka2","1","1","2"
"W400","1","1","2"
"wac_chesse","1","1","2"
"wacasudu","1","1","2"
"Waccoe","1","1","2"
"Wackelzahn","1","1","2"
"wackiechess","1","1","2"
"WackyAuburn","1","1","2"
"Wacoooooo","1","1","2"
"Wadd-malik","1","1","2"
"waelag","1","1","2"
"Waffenmeister69","1","1","2"
"wagiheladawi","1","1","2"
"Waheed2200","1","1","2"
"Wahooka","1","1","2"
"WahyuTri_WS","1","1","2"
"Waikwa3","1","1","2"
"wailmohamed","1","1","2"
"Wainainah","1","1","2"
"WaitHowDidYouDoThat","1","1","2"
"WAJEEHPK77","1","1","2"
"Wajir1981","1","1","2"
"waleedgabr","1","1","2"
"Walinane","1","1","2"
"walkbyfaith","1","1","2"
"wallsey12","1","1","2"
"WallyWest9","1","1","2"
"walterwhite1483","1","1","2"
"wander-lust","1","1","2"
"WandererSl","1","1","2"
"Wanderisu","1","1","2"
"wangliuliu","1","1","2"
"wanovich07","1","1","2"
"Wantu","1","1","2"
"Wantunfrito","1","1","2"
"warartisan","1","1","2"
"Warcraftov","1","1","2"
"wardaoi","1","1","2"
"wardog22","1","1","2"
"WaRedondo21","1","1","2"
"Warlord_21","1","1","2"
"WarMachine27","1","1","2"
"WARS_SZACH_January","1","1","2"
"WarStrategist97","1","1","2"
"warzone1233","1","1","2"
"waseem3000","1","1","2"
"Wasil17","1","1","2"
"Wassimem","1","1","2"
"wasyl313","1","1","2"
"waterFlow","1","1","2"
"wauder","1","1","2"
"Wauki","1","1","2"
"wax_woke","1","1","2"
"Wayzata-Ramsankar","1","1","2"
"Wayzata-Scott","1","1","2"
"wcsbean","1","1","2"
"wdlcmu","1","1","2"
"wdotdot","1","1","2"
"web_whale","1","1","2"
"weebnub2000","1","1","2"
"WeerKert","1","1","2"
"Weetik","1","1","2"
"wei_u","1","1","2"
"WeinSte","1","1","2"
"weiwu001","1","1","2"
"weizenjunge","1","1","2"
"welcometomyboard","1","1","2"
"wellmate","1","1","2"
"wendyyyyyy","1","1","2"
"WengersRevenge","1","1","2"
"WenKeNai","1","1","2"
"Wenman","1","1","2"
"weoweoweow","1","1","2"
"WernerBern","1","1","2"
"WernerTimo","1","1","2"
"Wesentis","1","1","2"
"Wesley2019","1","1","2"
"wesleydavid2008X","1","1","2"
"westman1","1","1","2"
"weter1976","1","1","2"
"Wetersnami","1","1","2"
"Weyno13","1","1","2"
"wezx","1","1","2"
"wfeyheal","1","1","2"
"wfmavcisi","1","1","2"
"whatevamane","1","1","2"
"WhateverHook","1","1","2"
"wheeletan","1","1","2"
"Whirlwind82","1","1","2"
"WhiskeyPlayer1","1","1","2"
"whisperrrrr","1","1","2"
"White_Claw","1","1","2"
"White-Kitten","1","1","2"
"whitedevils","1","1","2"
"whiteflex","1","1","2"
"whitefox1080","1","1","2"
"whiteknight28","1","1","2"
"WhitePremierWhale","1","1","2"
"WhiteWarrior13","1","1","2"
"whitewolve18","1","1","2"
"whoislud","1","1","2"
"wholireykkk","1","1","2"
"whoneedsleep","1","1","2"
"whopperdude123","1","1","2"
"whosthatkid","1","1","2"
"wiciol1531","1","1","2"
"wick99","1","1","2"
"widowido","1","1","2"
"Wiegehtdashier","1","1","2"
"WigWamWuk","1","1","2"
"wiikamiika","1","1","2"
"Wil1979","1","1","2"
"wilczek86","1","1","2"
"Wilddier","1","1","2"
"WildeOne","1","1","2"
"wildj","1","1","2"
"WildNosochek","1","1","2"
"wilkson48","1","1","2"
"will_14pm","1","1","2"
"Will_Blunder","1","1","2"
"willbill28","1","1","2"
"WillCheckmateYou","1","1","2"
"WillCIS","1","1","2"
"Willeinhelm123","1","1","2"
"WillemAlex","1","1","2"
"williamady","1","1","2"
"williamespander","1","1","2"
"WilliamHodgson","1","1","2"
"WilliamOfAdygea","1","1","2"
"WilliamReefy","1","1","2"
"WilliamsitoDavila","1","1","2"
"williamsrya94","1","1","2"
"willy10xd","1","1","2"
"wiltchamberlain909","1","1","2"
"Win6666","1","1","2"
"winchy1979","1","1","2"
"Windwaker","1","1","2"
"Wings170","1","1","2"
"WingsofHermes","1","1","2"
"winnerzq","1","1","2"
"winningknightacademy","1","1","2"
"WinorlearnXD","1","1","2"
"winpy","1","1","2"
"winsett2","1","1","2"
"Winter_Chill","1","1","2"
"WinterGandalf","1","1","2"
"winzston","1","1","2"
"wireliner666","1","1","2"
"Wischmopp","1","1","2"
"WisdomTree","1","1","2"
"WiseMan555","1","1","2"
"Wisterie","1","1","2"
"witold22","1","1","2"
"WitteVanHaemstede","1","1","2"
"Wixzumlee","1","1","2"
"Wizard_king","1","1","2"
"WizarDD25th","1","1","2"
"wizardian12","1","1","2"
"wjt1172489","1","1","2"
"wkdbtjsdjs","1","1","2"
"wkdgussugdkw","1","1","2"
"WLN87","1","1","2"
"wlpw","1","1","2"
"WLS_Shaeliaj","1","1","2"
"wodetisi","1","1","2"
"woggers","1","1","2"
"wojtek1904","1","1","2"
"wolel","1","1","2"
"Wolf21","1","1","2"
"Wolfenstein22","1","1","2"
"Wolfie98","1","1","2"
"wollie63","1","1","2"
"Wolvesmann","1","1","2"
"wonderw1732","1","1","2"
"Wong_Jun_Han-Sri_Kdu","1","1","2"
"WooBack","1","1","2"
"wood_pusher1982","1","1","2"
"Woodster19","1","1","2"
"wooky","1","1","2"
"woolhats","1","1","2"
"Wootton_Aum","1","1","2"
"wordotheham","1","1","2"
"Workoutbobby","1","1","2"
"World_of_Julien","1","1","2"
"Worldbestplayer","1","1","2"
"worm333","1","1","2"
"WormChess111","1","1","2"
"wornaki","1","1","2"
"worriedplayer","1","1","2"
"worst_player777","1","1","2"
"wow404","1","1","2"
"wowden","1","1","2"
"wrapchess","1","1","2"
"wrathchild14","1","1","2"
"Wrathstorm","1","1","2"
"wrdlbrmpfd","1","1","2"
"wrink1117","1","1","2"
"WSA427student20","1","1","2"
"wse1","1","1","2"
"wuassa","1","1","2"
"Wueming","1","1","2"
"Wujiman","1","1","2"
"Wunderkind89","1","1","2"
"wuqiwi","1","1","2"
"wuychess","1","1","2"
"WWW24","1","1","2"
"wwwdon","1","1","2"
"wxt2000","1","1","2"
"wxzy","1","1","2"
"wyattty11","1","1","2"
"wzr387","1","1","2"
"x______x","1","1","2"
"x_max01","1","1","2"
"x100v","1","1","2"
"X265","1","1","2"
"x2ro","1","1","2"
"x4funny","1","1","2"
"X69X420X69X777X","1","1","2"
"xadrezaprendiz","1","1","2"
"xakelari1312","1","1","2"
"XanderKnight00","1","1","2"
"xapakias","1","1","2"
"xarana","1","1","2"
"xArticaChess","1","1","2"
"xavetnat","1","1","2"
"xavielle","1","1","2"
"xavierjohnj","1","1","2"
"XavierReginald","1","1","2"
"xavtox","1","1","2"
"XayriddinUk2009","1","1","2"
"xbadroxx","1","1","2"
"xBlue1","1","1","2"
"xcatskills","1","1","2"
"xcity","1","1","2"
"xcreator","1","1","2"
"xd21311232133","1","1","2"
"xdafsabx","1","1","2"
"xdoorn","1","1","2"
"xDraccula","1","1","2"
"xednam","1","1","2"
"xEdwin69","1","1","2"
"Xelil01","1","1","2"
"xelrod","1","1","2"
"xenon032","1","1","2"
"xenoxer","1","1","2"
"XerxezVtS","1","1","2"
"xFENIXxdj","1","1","2"
"xFinster187","1","1","2"
"xghetto","1","1","2"
"xglo","1","1","2"
"XiaoLinMa","1","1","2"
"XiaoYu0314","1","1","2"
"xicorosasa","1","1","2"
"Xispaxota","1","1","2"
"Xixi2000","1","1","2"
"XlonewolfD","1","1","2"
"Xlzwj","1","1","2"
"Xmen_29","1","1","2"
"xmen999","1","1","2"
"Xmes62","1","1","2"
"xmoussx64","1","1","2"
"xn_whylly","1","1","2"
"xniki94","1","1","2"
"Xodiyze","1","1","2"
"XodKaniom","1","1","2"
"XogadordeTute","1","1","2"
"xonnl2012","1","1","2"
"xr_a_y","1","1","2"
"xristianin","1","1","2"
"xrvz12345","1","1","2"
"Xrypt0","1","1","2"
"xseoxmar","1","1","2"
"xStrxightFlushx","1","1","2"
"xSzymi234","1","1","2"
"xternalchess","1","1","2"
"Xtragne","1","1","2"
"XtremeVirtual","1","1","2"
"xtxtxv","1","1","2"
"xuan61","1","1","2"
"xunning1","1","1","2"
"XuPuPG","1","1","2"
"xvvinta","1","1","2"
"Xx_EXTERMINATOR_xX","1","1","2"
"xXAleJoLeGenDXx","1","1","2"
"XxAndrewxX","1","1","2"
"Xxgbill","1","1","2"
"XxHardChessxX","1","1","2"
"xxHuggy2","1","1","2"
"Xxlaekss","1","1","2"
"xxrail","1","1","2"
"xXxAbdelazimxXx","1","1","2"
"xxxAEKxxx","1","1","2"
"xxxJackson","1","1","2"
"xxxRAPxxx","1","1","2"
"XxxXChessXxxX","1","1","2"
"xxysoul","1","1","2"
"xYAKATUx","1","1","2"
"Xyiz","1","1","2"
"XyoXyo","1","1","2"
"xystan","1","1","2"
"Y_BERKAY","1","1","2"
"y-housein135","1","1","2"
"Ya_mahdi","1","1","2"
"ya0iq","1","1","2"
"YA7AN","1","1","2"
"YAbelyash","1","1","2"
"yablo","1","1","2"
"yaboi8254","1","1","2"
"Yacsama","1","1","2"
"Yadukrishna","1","1","2"
"yagiz121","1","1","2"
"yagizdumanbk","1","1","2"
"yagizkonya","1","1","2"
"yaguhu","1","1","2"
"YahirAdrian","1","1","2"
"Yahirgm7","1","1","2"
"yahubb","1","1","2"
"yaibchess","1","1","2"
"yak7n","1","1","2"
"Yakeen_T","1","1","2"
"Yakou_bek","1","1","2"
"Yaksh1392","1","1","2"
"yakuoo","1","1","2"
"Yakupkrk","1","1","2"
"yakupp_han","1","1","2"
"Yamanzaka","1","1","2"
"yamatorage","1","1","2"
"yamen89","1","1","2"
"Yamtar29","1","1","2"
"yan_sp","1","1","2"
"yanet1992","1","1","2"
"yangyung","1","1","2"
"Yankulov","1","1","2"
"yanmuzic","1","1","2"
"yannotron","1","1","2"
"yannyyyy","1","1","2"
"YanSip","1","1","2"
"yaqoubalkharoubi","1","1","2"
"Yarema","1","1","2"
"Yaroslav_20122012","1","1","2"
"YaroslavKryu","1","1","2"
"yasar7911","1","1","2"
"yaseralhattami","1","1","2"
"yash_borade31","1","1","2"
"Yash_india","1","1","2"
"yash_ycce","1","1","2"
"yashkiradoo","1","1","2"
"yashu_chinni","1","1","2"
"Yasinkiller99","1","1","2"
"yasinkkrky58","1","1","2"
"Yasirr07","1","1","2"
"yasser09121","1","1","2"
"yassinooov","1","1","2"
"yata50","1","1","2"
"Yatagarasu513","1","1","2"
"yatin_sinha","1","1","2"
"yatupass","1","1","2"
"yavuzsultanselimhn","1","1","2"
"YaWessel","1","1","2"
"YazzyD1","1","1","2"
"YBahho","1","1","2"
"ycloser","1","1","2"
"YCV","1","1","2"
"YeahTsu","1","1","2"
"YeaminChowdhury","1","1","2"
"Yedzie","1","1","2"
"yeessinee","1","1","2"
"yehiamoataz","1","1","2"
"yeho888","1","1","2"
"Yeiden_yuki","1","1","2"
"yejiuxi","1","1","2"
"yektagoc","1","1","2"
"YektaNori90","1","1","2"
"yel1ow_man","1","1","2"
"Yelbatyr","1","1","2"
"yeongsin","1","1","2"
"yerzinio-21","1","1","2"
"Yes-Iam-Hero","1","1","2"
"YeshuaRecords","1","1","2"
"YesidChess1","1","1","2"
"yesorno1","1","1","2"
"Yesthejets31","1","1","2"
"yeterikadaroldu","1","1","2"
"YFBfurkan","1","1","2"
"yhya75","1","1","2"
"yigi7","1","1","2"
"yigit_65","1","1","2"
"yigitcansarp","1","1","2"
"yiitgurbuz","1","1","2"
"yingjunxiong","1","1","2"
"YingYangPlayer","1","1","2"
"Yisus_rochius","1","1","2"
"ylmzsk01","1","1","2"
"YMAtmaca","1","1","2"
"ymteymte1","1","1","2"
"ynot4k","1","1","2"
"Ynp976","1","1","2"
"yoboyben","1","1","2"
"Yogurt_Smetanka","1","1","2"
"Yokesh3936","1","1","2"
"YoliCont","1","1","2"
"YOLO_BOOM_SWAG","1","1","2"
"YOLOGAN","1","1","2"
"yonatanmagne","1","1","2"
"yonghonghong","1","1","2"
"Yonku1301","1","1","2"
"YootTheYeet","1","1","2"
"yopititou","1","1","2"
"yoramL","1","1","2"
"Yorkychess","1","1","2"
"Yoruldumbeusta","1","1","2"
"yoshi3","1","1","2"
"yossefsamy","1","1","2"
"yossz","1","1","2"
"yosunpasa4368","1","1","2"
"you_know_what_it_is","1","1","2"
"youana1","1","1","2"
"youcefuno","1","1","2"
"yougo-__-mezouani","1","1","2"
"youhungabongcloud","1","1","2"
"YouLosebuddy","1","1","2"
"younes631102","1","1","2"
"YOUNESHMD","1","1","2"
"YoungProdxgy","1","1","2"
"youngsinatra995","1","1","2"
"youpie","1","1","2"
"YourDadAtChess","1","1","2"
"yourminecraftgf","1","1","2"
"yoursurf","1","1","2"
"yousef_syria","1","1","2"
"YousefGoo1","1","1","2"
"yousirname","1","1","2"
"YoussefSahli","1","1","2"
"YoussifGabriel","1","1","2"
"Youuuuuuu","1","1","2"
"YouWontWinIBet","1","1","2"
"yowaihito","1","1","2"
"Yoyomira","1","1","2"
"yp22756","1","1","2"
"YriyChess","1","1","2"
"yrvstillhere","1","1","2"
"yszr","1","1","2"
"YT58","1","1","2"
"ytil","1","1","2"
"ytln","1","1","2"
"ytnyl","1","1","2"
"Yu-Gi-0h","1","1","2"
"yuki555","1","1","2"
"yuksel077","1","1","2"
"yulgm","1","1","2"
"yultash","1","1","2"
"yumic","1","1","2"
"YungGriff","1","1","2"
"yunpu","1","1","2"
"Yunus_Midilli","1","1","2"
"yunusaydn72","1","1","2"
"yunussahinfaruk","1","1","2"
"YunusUlas","1","1","2"
"YUONE5634","1","1","2"
"yurenn","1","1","2"
"YurenoVN","1","1","2"
"Yuri_TOG07","1","1","2"
"YuriFayziev","1","1","2"
"yuriinikolaevich","1","1","2"
"yuriyf","1","1","2"
"Yurizov","1","1","2"
"Yusef_ha","1","1","2"
"yushi11","1","1","2"
"yusoarslan","1","1","2"
"YusoAzizov","1","1","2"
"Yusoeses26","1","1","2"
"YusRaffan","1","1","2"
"yusuf-88","1","1","2"
"Yusuf2444","1","1","2"
"YusufCosan","1","1","2"
"yusufk2020","1","1","2"
"yusufmervan19","1","1","2"
"yusufyasar49","1","1","2"
"Yusufyzlm13","1","1","2"
"yusumini24","1","1","2"
"yususuf","1","1","2"
"yuuricho","1","1","2"
"yuusei94","1","1","2"
"yuvraj100200","1","1","2"
"yuyu70year","1","1","2"
"Yuzrii","1","1","2"
"ywbrasan","1","1","2"
"Yweffsfwezwe","1","1","2"
"yxle","1","1","2"
"yyasinnbbudakk","1","1","2"
"yzyMP40","1","1","2"
"ZabMiroslav","1","1","2"
"Zacarov","1","1","2"
"ZACHARIASCAMPO","1","1","2"
"ZachBarry","1","1","2"
"ZaeBoo","1","1","2"
"zafa_crazy","1","1","2"
"zafen","1","1","2"
"Zafirete","1","1","2"
"Zafran0233","1","1","2"
"zaga2005","1","1","2"
"Zaganza","1","1","2"
"Zagita","1","1","2"
"zahirian1989","1","1","2"
"zahvatchik_123","1","1","2"
"zaid333","1","1","2"
"zain8sh","1","1","2"
"zainhum800","1","1","2"
"zainxiv","1","1","2"
"Zakat_123","1","1","2"
"Zakhar_Legenda","1","1","2"
"ZakirMaharramov","1","1","2"
"Zaklion","1","1","2"
"ZAKOROV_GM","1","1","2"
"ZalfaPleya","1","1","2"
"zalir0","1","1","2"
"zAlmaho","1","1","2"
"Zamanbeeek","1","1","2"
"zamiraroxy","1","1","2"
"Zamourchess1975","1","1","2"
"Zamu85","1","1","2"
"zamzamq","1","1","2"
"Zanderson","1","1","2"
"ZaneHuN","1","1","2"
"Zankyo","1","1","2"
"zankyw","1","1","2"
"Zanna_Demchenko","1","1","2"
"zannyarouv","1","1","2"
"Zantaraia","1","1","2"
"ZaoPD","1","1","2"
"ZappBranAgain","1","1","2"
"ZaPyatnicy","1","1","2"
"zaq787","1","1","2"
"Zaratazza","1","1","2"
"Zaraza","1","1","2"
"Zargato","1","1","2"
"Zarghampour","1","1","2"
"Zarko08","1","1","2"
"zarpado","1","1","2"
"Zarpin","1","1","2"
"ZarqoniMuch","1","1","2"
"zarualhassan","1","1","2"
"zarus1337","1","1","2"
"Zaryana_98","1","1","2"
"ZataarW","1","1","2"
"Zatch15973","1","1","2"
"zavala1861","1","1","2"
"Zaxmeller","1","1","2"
"ZayaWach","1","1","2"
"ZayedKhan7","1","1","2"
"zaynaqeelzayn","1","1","2"
"ZC-Melih","1","1","2"
"ZDemir06","1","1","2"
"zdena53","1","1","2"
"Zdog184","1","1","2"
"zdrasteanton","1","1","2"
"ZealousPawn","1","1","2"
"ZeDeltafarce","1","1","2"
"Zefilion","1","1","2"
"zeger","1","1","2"
"zejscho","1","1","2"
"Zeki5634","1","1","2"
"Zekialpo-06","1","1","2"
"ZekiRasid","1","1","2"
"ZelenayaLoshad","1","1","2"
"zen_10","1","1","2"
"zendimm","1","1","2"
"zeno67","1","1","2"
"zent9292","1","1","2"
"Zenyattaaaa","1","1","2"
"Zeppapao","1","1","2"
"Zer1su","1","1","2"
"ZerafineNigou","1","1","2"
"ZeRatao37","1","1","2"
"Zerite","1","1","2"
"zeroayeee","1","1","2"
"ZeroLengthElement","1","1","2"
"Zerst","1","1","2"
"Zeus995","1","1","2"
"ZEVOA","1","1","2"
"ZevsMayami","1","1","2"
"zeydin2","1","1","2"
"Zezao_sccp","1","1","2"
"Zezito","1","1","2"
"zezo1119089","1","1","2"
"zfuat","1","1","2"
"zhauhar2013","1","1","2"
"ZhekaT","1","1","2"
"zheng_yang","1","1","2"
"zherron","1","1","2"
"zhian00","1","1","2"
"zhiar1399","1","1","2"
"Zhidong","1","1","2"
"zhokkke","1","1","2"
"Zhor1999","1","1","2"
"Zhusip","1","1","2"
"ziadbotato","1","1","2"
"Zian_Jacob","1","1","2"
"ZianiOwbai3","1","1","2"
"Ziaudin","1","1","2"
"ziech2","1","1","2"
"Zielonka_2001","1","1","2"
"ziguele","1","1","2"
"ZIGWII","1","1","2"
"ziigec","1","1","2"
"zill2","1","1","2"
"ZIMBA994","1","1","2"
"zindic","1","1","2"
"zippycollar","1","1","2"
"Ziqqi","1","1","2"
"zirigozim","1","1","2"
"Zisheg","1","1","2"
"Zix1","1","1","2"
"ziyaaskar","1","1","2"
"zizo2004","1","1","2"
"zj_52","1","1","2"
"ZJami_Godfather","1","1","2"
"zlackr","1","1","2"
"ZlatnoPrase","1","1","2"
"zlkidda","1","1","2"
"zloynubas","1","1","2"
"zmagar","1","1","2"
"ZNB22","1","1","2"
"znggurj","1","1","2"
"Zodiac07","1","1","2"
"Zoldiac","1","1","2"
"Zolotistiy","1","1","2"
"zombie_chainsaw","1","1","2"
"ZOO123","1","1","2"
"zoooz01","1","1","2"
"Zooted","1","1","2"
"zoozookid","1","1","2"
"ZORLANIYORUM","1","1","2"
"ZORO83","1","1","2"
"Zoromc","1","1","2"
"zostrich","1","1","2"
"Zouhairlkz","1","1","2"
"zozobeat","1","1","2"
"zrg","1","1","2"
"zRoadTo2500","1","1","2"
"Zrokka","1","1","2"
"Zrv","1","1","2"
"Zsombika2008","1","1","2"
"zteini","1","1","2"
"ZTGST","1","1","2"
"zTrfs","1","1","2"
"Zubzz","1","1","2"
"ZuGsWagder","1","1","2"
"zuihaode","1","1","2"
"Zuki","1","1","2"
"zutphania98","1","1","2"
"Zuzapchela335","1","1","2"
"zv006","1","1","2"
"zvg-1","1","1","2"
"ZweiBauern1Matt","1","1","2"
"Zweihaender","1","1","2"
"zwischengzug","1","1","2"
"Zwoelesjmaan","1","1","2"
"Zxc_Disaster_cxZ","1","1","2"
"ZXC_Drift","1","1","2"
"zxcnoob","1","1","2"
"zxcseama","1","1","2"
"zxcursedof","1","1","2"
"ZXiscool","1","1","2"
"zylexilox","1","1","2"
"ZynoxSlash","1","1","2"
"Zyx106","1","1","2"
"zzyxw9876","1","1","2"
"Zzz011","1","1","2"
"Zzzenit","1","1","2"
