"player","white_games","black_games","total"
"maia1","51","95","146"
"Nikitosikbot","68","61","129"
"maia5","61","66","127"
"lnp04","63","61","124"
"robertsonb","51","50","101"
"chesscycle9","48","48","96"
"maia9","44","52","96"
"camilloxx","46","47","93"
"Odineo2000","45","48","93"
"virus2023","47","46","93"
"bsarmiento010","46","44","90"
"Turbo11798","43","45","88"
"hadiTNT","43","43","86"
"Kkleviss","41","42","83"
"Subok","40","42","82"
"gabcas","40","41","81"
"Nico_Ku_666","39","42","81"
"Endgee","40","40","80"
"maxii1000","37","43","80"
"currentlygay","39","39","78"
"d8sn9sm1s","39","39","78"
"chesss101","38","39","77"
"Rocki416","37","40","77"
"TravisEtienne","38","39","77"
"Xuan11111","38","39","77"
"C5ENJOYERRR","38","38","76"
"gumisteli","37","39","76"
"technokiwi0","37","39","76"
"sillychina","38","37","75"
"Aleksandr0755","37","37","74"
"Antonio-CSA","38","36","74"
"psethu","38","35","73"
"sezeren","36","37","73"
"amerof1","35","37","72"
"lw167","36","36","72"
"cengizhanbu","32","39","71"
"Sasa_9","37","34","71"
"sonar2015","37","34","71"
"VanSaanenMarius","35","36","71"
"koldun99LVL","34","36","70"
"Tayebdz23","34","35","69"
"Yory21","35","34","69"
"aasvayuj","34","34","68"
"alexander7834","34","34","68"
"bickjsuresh","35","33","68"
"SergeyPlat","33","35","68"
"valdecir10","34","34","68"
"Voronsky","34","34","68"
"Kadhir_sk18","33","34","67"
"AlexShemyrev","29","37","66"
"Andrmat","34","32","66"
"angeldelcielo","33","33","66"
"BW7","34","32","66"
"calin79","33","33","66"
"CHAVDAROV_2020","34","32","66"
"ferchessburgos","33","33","66"
"sich69","33","33","66"
"wydra2345","31","35","66"
"ESAND","35","29","64"
"Hilleberg","31","33","64"
"HR2452539","30","34","64"
"a_roz","31","32","63"
"murando2","32","31","63"
"philidoronsteroids","31","32","63"
"vgiovetti","32","31","63"
"boniotokonio","33","29","62"
"Crosschecklondon","31","31","62"
"jamisback007","30","32","62"
"MorganBmgtow","31","31","62"
"Stinky-Olli","32","30","62"
"Alexander6090","29","32","61"
"batouti","29","32","61"
"Gastby07","31","30","61"
"Olimjon79","30","31","61"
"Quan2016","32","29","61"
"V_Zahorski","30","31","61"
"Alza27","32","28","60"
"barbaralusha","29","31","60"
"localho","29","31","60"
"May27cha","30","30","60"
"nukinho","30","30","60"
"scaccofed","32","28","60"
"sleepyhallow","31","29","60"
"Hkfry","29","30","59"
"Lisvinchuk_Fedor","31","28","59"
"milad_riahi","28","31","59"
"AMihail56","28","30","58"
"charan408","30","28","58"
"Cronos79","27","31","58"
"gregagregus","28","30","58"
"Iatroman","29","29","58"
"ittop","30","28","58"
"jamiad","29","29","58"
"landimexx","30","28","58"
"maggolini","28","30","58"
"miryS12345","29","29","58"
"Mon_61","29","29","58"
"Bened66","29","28","57"
"Chef_Matthieu","28","29","57"
"Dragangane","30","27","57"
"Dronald","28","29","57"
"futurfiloharakotobe","31","26","57"
"LucaDegliScacchi","29","28","57"
"Marat_2016","28","29","57"
"NoWayForLove","30","27","57"
"World2V","28","29","57"
"Ahmederhan","27","29","56"
"aleksbas","28","28","56"
"berniealconera","28","28","56"
"dsagar18","4","52","56"
"gehfd","29","27","56"
"jmag70","28","28","56"
"Marnix1977","29","27","56"
"AkunMainan","28","27","55"
"anatolii50","26","29","55"
"byd-114514","28","27","55"
"CarlosArthur1","26","29","55"
"ric4io","28","27","55"
"vaserman63","27","28","55"
"Voidhead27","27","28","55"
"Wczas","27","28","55"
"Anthony35h","26","28","54"
"BudziKon","25","29","54"
"Himars109","26","28","54"
"JurijSemenov","29","25","54"
"Maten001","28","26","54"
"Paolo_Cazzinfrigo_II","27","27","54"
"pekait","27","27","54"
"Rosencrantz0901","28","26","54"
"thecathaus","28","26","54"
"adekusara","27","26","53"
"adhamsabary","26","27","53"
"albert0750","26","27","53"
"ALEC0628","26","27","53"
"AlexisOrhan","27","26","53"
"alperengulten","27","26","53"
"Artur_G13","26","27","53"
"cha-cha-cha-qui","27","26","53"
"Jeroru","16","37","53"
"Kirill_Kochetov","52","1","53"
"noobieBlunder","27","26","53"
"rana_eridani","26","27","53"
"Roofer91","23","30","53"
"sepehrrrr","26","27","53"
"sergik19622004","27","26","53"
"SoyIngestingLiberal","28","25","53"
"valtori","27","26","53"
"Vasilev_Artem","1","52","53"
"zgrcsknkmngl","27","26","53"
"AdamAisy16","24","28","52"
"ChrisZog81","26","26","52"
"Crni1957","27","25","52"
"Fijenu","27","25","52"
"Gregzorus","26","26","52"
"inggo_gutoyo","28","24","52"
"knights702","26","26","52"
"leOn-SeAl9","26","26","52"
"mambanegra10","25","27","52"
"Mayorcas","26","26","52"
"neurobasis","27","25","52"
"Oneil23","24","28","52"
"oylesinesatranc","25","27","52"
"phm54110","25","27","52"
"ron2491","26","26","52"
"royalsatan1","26","26","52"
"sumang_blacksuit","26","26","52"
"Tulius_Venenus","26","26","52"
"udaypathak","27","25","52"
"ZEZITA","26","26","52"
"Andreika1966","24","27","51"
"bekiruyar1953","28","23","51"
"carlosjesus96","24","27","51"
"chessandbowling","24","27","51"
"emericzz","25","26","51"
"Hovestadt","26","25","51"
"Ingvar73","34","17","51"
"Jodajoda","27","24","51"
"matkabylov75","27","24","51"
"Mohan-101","23","28","51"
"ramin66mobini","26","25","51"
"tomdav","26","25","51"
"Uniqueacies","27","24","51"
"vsstejas_777","25","26","51"
"WarrenMoon","24","27","51"
"Anter85","21","29","50"
"chika25","25","25","50"
"forbiddencheapos","26","24","50"
"johnmccarty","25","25","50"
"nico76899","25","25","50"
"o_Dinesh_o","26","24","50"
"reynaldo_solorzano","26","24","50"
"sergo2304","25","25","50"
"Shakerza","25","25","50"
"viktor_lalka","25","25","50"
"VYM123","25","25","50"
"Yanlaris","24","26","50"
"Celium","25","24","49"
"DhiyaUL","23","26","49"
"DRKProdigy999","26","23","49"
"iiiU","24","25","49"
"Jreischess","24","25","49"
"kiksed44","22","27","49"
"Latsch19","26","23","49"
"MrBlue360","25","24","49"
"MuratShurat","24","25","49"
"Olete75","23","26","49"
"Pachala","25","24","49"
"Total-Ingratitude","24","25","49"
"Virgil5","23","26","49"
"YourMaChessty-07","27","22","49"
"Aid0202","25","23","48"
"Ch_76","23","25","48"
"dalarim","25","23","48"
"Ghar1122","24","24","48"
"Kasparovnegro","24","24","48"
"Kehinde4885","23","25","48"
"Kostya_Od","24","24","48"
"Lifeline304","24","24","48"
"Ligole","24","24","48"
"liussinamohina","24","24","48"
"MajidBen","26","22","48"
"marjanmarjan","37","11","48"
"mary_susy_mm","23","25","48"
"mieczyslaw1964rr","22","26","48"
"Natalya_1951","24","24","48"
"Neith-51","24","24","48"
"nurettinileri190","24","24","48"
"revl1995","24","24","48"
"Steve-58","23","25","48"
"UZY_1903","24","24","48"
"Violent123","23","25","48"
"vvel23","24","24","48"
"xxyzxx","25","23","48"
"z_vasiliy","24","24","48"
"Zuppa_di_zucca","25","23","48"
"ahmed1mamdoh","24","23","47"
"andphi","22","25","47"
"atyaa93","22","25","47"
"BIGend","24","23","47"
"Enrico1693","24","23","47"
"erzi1911","23","24","47"
"febek","23","24","47"
"gandhicj","24","23","47"
"goodxray","24","23","47"
"Hyesnt","24","23","47"
"MIJAIL_THAL","23","24","47"
"Mon2456","25","22","47"
"nytrre","24","23","47"
"Orhan78","22","25","47"
"PiaZolla","23","24","47"
"Rakhiba","23","24","47"
"sauroo333","23","24","47"
"shalala07","23","24","47"
"srx700xxx","22","25","47"
"tarunsisodia","24","23","47"
"tchopko","24","23","47"
"Thunder600","24","23","47"
"webbjames","22","25","47"
"baby5555","23","23","46"
"bdev","21","25","46"
"DonnyRainboe","25","21","46"
"elias_D35","25","21","46"
"gabriel68","22","24","46"
"hami35","24","22","46"
"ImreChess","24","22","46"
"Mejbil70","22","24","46"
"MLasker","21","25","46"
"moloch_bg","23","23","46"
"mumia50","23","23","46"
"nagapadma","21","25","46"
"oitcdu5e","23","23","46"
"PARLIAMENTO","24","22","46"
"philipmumba","24","22","46"
"TENGGO67","20","26","46"
"TNTshka","23","23","46"
"vsenikizanyati","23","23","46"
"alimx","25","20","45"
"Arbalest163","22","23","45"
"Artystoteles","22","23","45"
"Ashutosian","23","22","45"
"Bqesty","22","23","45"
"Crixus2023","23","22","45"
"david17934","21","24","45"
"flordeghetto","22","23","45"
"Gedau","22","23","45"
"Harry1974","23","22","45"
"harshihr","24","21","45"
"IgorG1963","22","23","45"
"Internetronin11","24","21","45"
"juanalvarezme","23","22","45"
"Kajubi","21","24","45"
"kamikaaze","23","22","45"
"Kirudha","21","24","45"
"kkpraveenkumar","22","23","45"
"laurentboye","24","21","45"
"mafer2605","23","22","45"
"Midstone","22","23","45"
"MisraynMartins","22","23","45"
"Moby_huge","22","23","45"
"Muha076","21","24","45"
"nowygracz1","23","22","45"
"PakLieLianC26","22","23","45"
"Pawlii","23","22","45"
"Primachess78","24","21","45"
"rneumann","24","21","45"
"robotarobota","21","24","45"
"spawonito","23","22","45"
"stinky0705","22","23","45"
"xJoox","21","24","45"
"zoran59","25","20","45"
"aboabaas","23","21","44"
"Aiceclaw","22","22","44"
"Alan1109","22","22","44"
"annoni","23","21","44"
"Charanjeetsingh1977","21","23","44"
"David1352tb","23","21","44"
"JuneCapio","21","23","44"
"Kacperek","22","22","44"
"kdsingh","22","22","44"
"Kobe318","21","23","44"
"luna_insanity","22","22","44"
"maciusN","22","22","44"
"michailkerobyan195m","19","25","44"
"Nlveliz","23","21","44"
"Occhessadvanced","22","22","44"
"oskolmater","22","22","44"
"OttarStensvold","21","23","44"
"Pamter","23","21","44"
"ppraveeneee","20","24","44"
"Romax1972","21","23","44"
"said3101","23","21","44"
"sebastiano1956","22","22","44"
"Skyking_skyking","21","23","44"
"Sleiman58","20","24","44"
"smallgnomo","23","21","44"
"solitario6","22","22","44"
"stephgun","22","22","44"
"trapvin","23","21","44"
"AbdelnasserAbdella","22","21","43"
"AlikLuka1","23","20","43"
"Bovsunovskyi_Artem","22","21","43"
"BuiDaiQuang","21","22","43"
"danoswore2000","22","21","43"
"deepak12321","20","23","43"
"IbragimovNurdin","22","21","43"
"improbable66","22","21","43"
"jari53","21","22","43"
"k12345678910111213","24","19","43"
"Kindrat","21","22","43"
"lt123lkj","21","22","43"
"madjidore","23","20","43"
"milanchezza","21","22","43"
"MKabacabb","22","21","43"
"NearMxgic","22","21","43"
"Nedski","21","22","43"
"nikolaspasojevic","21","22","43"
"NonTactical","22","21","43"
"overtheedge13","22","21","43"
"Posadec","21","22","43"
"Precious_Mica","21","22","43"
"raf1950","21","22","43"
"RV-ORBEC","22","21","43"
"s1_s4","21","22","43"
"SUHABEGDEDE","21","22","43"
"yazokulu","23","20","43"
"Zedou57","22","21","43"
"AbdelBaset1971","22","20","42"
"Alex_Eins_A","20","22","42"
"ammarsvg","21","21","42"
"Bauberger15","22","20","42"
"bounadeem","21","21","42"
"cebostory","22","20","42"
"cogino","21","21","42"
"Cukanova","22","20","42"
"DenisDurand","21","21","42"
"dokoko1","22","20","42"
"Ekliptik39","20","22","42"
"FABIANO987","21","21","42"
"Francesco1973","21","21","42"
"frantx","20","22","42"
"GaburiEri","20","22","42"
"Gilmergrc","21","21","42"
"hasan-pshik","22","20","42"
"JFinelli","20","22","42"
"M_avsarchess","23","19","42"
"M36oses","21","21","42"
"maralider","22","20","42"
"Motorradwanderer","20","22","42"
"mysty_chess_cuber","20","22","42"
"nayef_001","20","22","42"
"PagRai2023","19","23","42"
"pantofeller","21","21","42"
"petrovz","22","20","42"
"PoisonedTrick","22","20","42"
"PulcoCitron","22","20","42"
"putzkk","19","23","42"
"Q-hasnotif88","21","21","42"
"Rafa_SUPER","19","23","42"
"Ryu9090","21","21","42"
"schachwillie","30","12","42"
"shfr3","23","19","42"
"SoMan14","21","21","42"
"Ustyugov60","20","22","42"
"Vinothrajselva","20","22","42"
"white1949","21","21","42"
"Wilhelm_23","22","20","42"
"Alexseq1539","21","20","41"
"alfresco","22","19","41"
"andpet","21","20","41"
"Attila-Fischer","23","18","41"
"Benben1698","20","21","41"
"Blackhawk1973","21","20","41"
"BROSTEVEN17","19","22","41"
"chamschams","20","21","41"
"Chthulhu","21","20","41"
"DSchmitt","19","22","41"
"Elkanov_Azamat","20","21","41"
"Ethmav","22","19","41"
"fhovikoff","20","21","41"
"Fikar82","21","20","41"
"gantulga82","20","21","41"
"Hazama13","22","19","41"
"Hunsruecker","21","20","41"
"INFLAMABLE777","21","20","41"
"james59","19","22","41"
"jbr63","21","20","41"
"KJB2002","21","20","41"
"KMCC01","23","18","41"
"KQRBNPkqrbnp","22","19","41"
"LAVOIREMODERNEPORTE1","20","21","41"
"Licmallas","19","22","41"
"Luma26","20","21","41"
"malefize2","19","22","41"
"max2842","20","21","41"
"MejiasLuis","21","20","41"
"Melblack","23","18","41"
"michele31795","21","20","41"
"MickEsEE","20","21","41"
"Moira88","20","21","41"
"momoshiki228","22","19","41"
"monpierro","21","20","41"
"Nephandi","20","21","41"
"Nicofunforchess","20","21","41"
"NISHATILMADROY","21","20","41"
"PANKAJ0401","19","22","41"
"Pascal3164","22","19","41"
"Pavel1503","20","21","41"
"Phanipk112","21","20","41"
"rudeless","21","20","41"
"Saida43","19","22","41"
"steve_pathnem","21","20","41"
"tomvomwom","21","20","41"
"Towhid380","20","21","41"
"WatchSwatchWatch","20","21","41"
"Youyeagy","21","20","41"
"YURII_Rus_1","20","21","41"
"ZanoxBoS","21","20","41"
"Zubalich","20","21","41"
"abacus31415","22","18","40"
"Anatoli1953","20","20","40"
"Anton755","21","19","40"
"black_stone_tas000","19","21","40"
"blauerelefant","21","19","40"
"by61","22","18","40"
"Congratulate","20","20","40"
"CppnObvious","21","19","40"
"CS-7","21","19","40"
"Dr_Obada2000","19","21","40"
"enyx","20","20","40"
"exmar_lovo","20","20","40"
"guynamo","20","20","40"
"jairocordioli","19","21","40"
"johngoem","21","19","40"
"josantonio17","21","19","40"
"JoseteChess","20","20","40"
"jpg-bot","21","19","40"
"Khaled99789","20","20","40"
"kiko-K-kiko","20","20","40"
"kpabi","20","20","40"
"kyriosapostolos","19","21","40"
"LesvosGR","20","20","40"
"lorenzb59","20","20","40"
"Maha260486","20","20","40"
"MairaKarmanova","18","22","40"
"Marcosultymos","20","20","40"
"mbaper","20","20","40"
"meirlin1580","19","21","40"
"Mitranoqbita","19","21","40"
"mrmanikandan","20","20","40"
"Nado11","20","20","40"
"olfae_59","20","20","40"
"pippylongs","20","20","40"
"prlek","21","19","40"
"Robenek","20","20","40"
"Rotciv74","19","21","40"
"VETRIIMAHENDRAN_2015","21","19","40"
"Akif1","21","18","39"
"alain1975","21","18","39"
"Aleksey1980","19","20","39"
"alfiere1954","20","19","39"
"anisoropos","21","18","39"
"ankitkmrgupta","20","19","39"
"antinoid","19","20","39"
"aoaoao-811","22","17","39"
"baskorodj","19","20","39"
"BNK","18","21","39"
"BS1192","20","19","39"
"chessfan0402","27","12","39"
"Compachuy","21","18","39"
"DavidDanechkin","20","19","39"
"ensaroglu","20","19","39"
"furthur","19","20","39"
"fx53","20","19","39"
"Gar_Gamao","21","18","39"
"Gigi199","20","19","39"
"giustoper","21","18","39"
"GuriSinghGill","21","18","39"
"hos_bak_10","20","19","39"
"iloverum","19","20","39"
"jkan5","18","21","39"
"khvan_aleksey","18","21","39"
"Kindratiuk","19","20","39"
"kotologany","20","19","39"
"krajicek1981","19","20","39"
"Linachess1","18","21","39"
"lyaskovetskiy","20","19","39"
"makanura2017","21","18","39"
"markbud66","22","17","39"
"Matface","21","18","39"
"mausanvito","19","20","39"
"Mentor-Sanch","19","20","39"
"mihailvechiu","21","18","39"
"mik1108","19","20","39"
"mitrasteel","21","18","39"
"NattoYoyo2","19","20","39"
"Nurjv","17","22","39"
"Octwest","20","19","39"
"Partha_1974","20","19","39"
"PatamKudo","20","19","39"
"rakara19","20","19","39"
"raquiboi","19","20","39"
"Ronzie","19","20","39"
"roxas90","19","20","39"
"S-Ginting","19","20","39"
"Sangeek","17","22","39"
"siavashm709","18","21","39"
"Slava2410","19","20","39"
"snopppp","20","19","39"
"sschacher","31","8","39"
"tafo1998","19","20","39"
"TheFreshFlo","19","20","39"
"ToniBassons","21","18","39"
"Uwong_Jowo","21","18","39"
"VAHO76","20","19","39"
"velo_26","20","19","39"
"vidit980","17","22","39"
"WB52","21","18","39"
"webberchess","19","20","39"
"Wondiboy","21","18","39"
"ZeroKiller616","20","19","39"
"A195719571957","18","20","38"
"A4B7A8D1","18","20","38"
"Ambopapua","17","21","38"
"Anas22222","20","18","38"
"AndyRyan82","18","20","38"
"aristeuneves","20","18","38"
"azeedan3141592653","18","20","38"
"BahaTheGreat","18","20","38"
"baris10000","19","19","38"
"basu_b","19","19","38"
"boulpat2","19","19","38"
"brantas01","16","22","38"
"ceacar","19","19","38"
"cgeorgeiv","19","19","38"
"Curavacas","18","20","38"
"Darkezot","20","18","38"
"DeposedKing","20","18","38"
"donald987654321","19","19","38"
"doriangene","19","19","38"
"ekenzie","19","19","38"
"F95_zX-W","18","20","38"
"faizbaroud","19","19","38"
"Fedai313","19","19","38"
"foxitch","20","18","38"
"franMS","18","20","38"
"GermanRussia","20","18","38"
"GhostVegetables","19","19","38"
"Hendawy2020","18","20","38"
"IvanovichUZ","19","19","38"
"JiiBob76","20","18","38"
"josh1234567891011","19","19","38"
"Juliochess77","19","19","38"
"Kasemleis5555","19","19","38"
"KDM2002","19","19","38"
"Kordi50","18","20","38"
"Korkal","21","17","38"
"Kriane1234","20","18","38"
"kumis_beracun77","20","18","38"
"kurucham","20","18","38"
"lazken","22","16","38"
"M_R_Extraordinary","18","20","38"
"malek_76","19","19","38"
"marceneiroloser2","19","19","38"
"mariosdd","19","19","38"
"MarkAcordWright","20","18","38"
"matvei_chess1234","19","19","38"
"Maykee28","20","18","38"
"mby123","18","20","38"
"MikMerisi","19","19","38"
"Miyaas","18","20","38"
"mohammedelhtar","19","19","38"
"Molot67","17","21","38"
"MrJovanovic","20","18","38"
"musozgosat","20","18","38"
"myspypawn","18","20","38"
"Nando-01","16","22","38"
"nasario3291","20","18","38"
"Niels1972","20","18","38"
"Orel81","19","19","38"
"ramiro70","18","20","38"
"reza7697","19","19","38"
"rustam71","21","17","38"
"salman-th","17","21","38"
"samou55","19","19","38"
"Sdue80","17","21","38"
"seasonsfour","20","18","38"
"SirKator","17","21","38"
"The_1_Bishop","21","17","38"
"Ultron-Crypto","18","20","38"
"venturoski","18","20","38"
"Veritaslibertas03","19","19","38"
"wanrumbuk","20","18","38"
"Wizardofsorts","20","18","38"
"Yani35","19","19","38"
"Yoellevano","19","19","38"
"abkspqa","19","18","37"
"amory777","17","20","37"
"Aranda-Gustavo","18","19","37"
"ayari-med","15","22","37"
"basantaman","19","18","37"
"Becuone","20","17","37"
"Behruz6","19","18","37"
"CanadaQuebec","19","18","37"
"coffeeMan4242","18","19","37"
"dabigbluewhale","18","19","37"
"DadSantana","20","17","37"
"Dia1","17","20","37"
"Eneko1986","18","19","37"
"FRihhiWHeri","17","20","37"
"Goldabc","17","20","37"
"GordeyS89","17","20","37"
"Hassanzanabili","17","20","37"
"Irra_pss","19","18","37"
"JanWendland","19","18","37"
"Joker_was_taken","19","18","37"
"karimhz","18","19","37"
"katashin","19","18","37"
"Kinginator","20","17","37"
"ksenia2514","19","18","37"
"lea123456","19","18","37"
"lichenko33","18","19","37"
"Luda-Kuzya","18","19","37"
"maciek1959","17","20","37"
"Maks_ctarik","18","19","37"
"MashkovAndrey75","18","19","37"
"matanon","20","17","37"
"MELNIK33","18","19","37"
"Mich82","18","19","37"
"mkskhv","17","20","37"
"Nagabhushana1450","18","19","37"
"newbie377","20","17","37"
"nirmalnehra","18","19","37"
"nolearnjustplay","20","17","37"
"omarlimonta","19","18","37"
"pacomanal","19","18","37"
"R1901","18","19","37"
"raamram","18","19","37"
"Rabeeaisami","19","18","37"
"Remsky999","19","18","37"
"ShevLesha","20","17","37"
"shreyaspawarind","16","21","37"
"shurik0278","18","19","37"
"Skif1979","18","19","37"
"SlowKinger","19","18","37"
"sorrensen","19","18","37"
"subiendoelelo","19","18","37"
"sv1teR","18","19","37"
"taresam","19","18","37"
"tayenda","16","21","37"
"the7hunter","19","18","37"
"tiger7776","18","19","37"
"Uchiha_Nonzky","20","17","37"
"upagazam","18","19","37"
"Vencedormaceio","19","18","37"
"West_Coast_Johnny","18","19","37"
"WidehardestMental","18","19","37"
"YMa18","19","18","37"
"zeinsh","19","18","37"
"zetsu1304","18","19","37"
"A2KC","18","18","36"
"Af94","18","18","36"
"Akbasu","19","17","36"
"Akeikoi-Village","17","19","36"
"anjhao21","20","16","36"
"AstroKen","18","18","36"
"Babin56","17","19","36"
"CastleKing79","18","18","36"
"celsoedu14674","18","18","36"
"CheckNicholson","18","18","36"
"ciubix99","19","17","36"
"Comenge","19","17","36"
"Conduxtor","19","17","36"
"Daniela1962","18","18","36"
"edisonnia","18","18","36"
"GhazwanAmhani","18","18","36"
"Gogl","18","18","36"
"Gold1989","19","17","36"
"harristotlelive","16","20","36"
"JK0002","19","17","36"
"Junger_Lohengrin","18","18","36"
"keerganpat086","18","18","36"
"kepler3","16","20","36"
"knightmoveyoulose","19","17","36"
"Kunge1986","18","18","36"
"ladyofdeath","18","18","36"
"Landoiro","17","19","36"
"LBM71","17","19","36"
"LogoJorge","19","17","36"
"Lynx_BOT","13","23","36"
"MAESTRO-1","20","16","36"
"Mahkammbek","17","19","36"
"MahmutFevzi341b","17","19","36"
"makh-salim","18","18","36"
"Makola006","19","17","36"
"Mark1929","19","17","36"
"mayhem23111","17","19","36"
"miwa","17","19","36"
"mlseri","12","24","36"
"mostafajafarizaveh","18","18","36"
"noob_0007","19","17","36"
"nunober","17","19","36"
"Rabenthi44","19","17","36"
"redstingx","18","18","36"
"rezababaee1320","18","18","36"
"romaldinho7","17","19","36"
"RomanSergienko","17","19","36"
"Ron1807","18","18","36"
"ruslan_urazgaliev199","20","16","36"
"s3ka123","19","17","36"
"Santex_2022","18","18","36"
"simone_rgm","17","19","36"
"Sipangingwi2000","17","19","36"
"slion95555","18","18","36"
"snadvi","20","16","36"
"Sphob23","18","18","36"
"tepiogorka","19","17","36"
"thegiver009","17","19","36"
"tlh97tr","19","17","36"
"triplepeon","19","17","36"
"Valeriy1978","17","19","36"
"walilei","18","18","36"
"Zeus_19","17","19","36"
"zoro3915","18","18","36"
"aanalawi1990","18","17","35"
"Adewale75","18","17","35"
"ahmedsamir1234","19","16","35"
"AleevAM","17","18","35"
"AlexandrAntipin","18","17","35"
"Alf3993","18","17","35"
"Altunin269","19","16","35"
"Apofeos","17","18","35"
"Aritmico","17","18","35"
"bachar53","20","15","35"
"barat5678","18","17","35"
"BobbyDerFischer","17","18","35"
"ChessatronBot","18","17","35"
"chesshell2heaven","18","17","35"
"CPZie","19","16","35"
"Davinci45","18","17","35"
"Dedulia_Sasha","17","18","35"
"elamem","17","18","35"
"EnriqueOcampo","18","17","35"
"FearTheBeard82","20","15","35"
"Flodu55","17","18","35"
"FrightTheKnight","17","18","35"
"GAMBIT_GENDUT","16","19","35"
"gambler73","17","18","35"
"GavrArtem","17","18","35"
"GmofromChile","17","18","35"
"hoplaaa","18","17","35"
"Hugo114","17","18","35"
"Ifasere","17","18","35"
"joce1967","17","18","35"
"JohnHolland","17","18","35"
"kakadah","18","17","35"
"kian001394","15","20","35"
"kvartem","17","18","35"
"Lincang","17","18","35"
"loopcut","18","17","35"
"MacielRAntonio","17","18","35"
"MatkoMac","18","17","35"
"Miigaa81","18","17","35"
"mjk62","16","19","35"
"mraeisi1401","16","19","35"
"mrkidva","17","18","35"
"Nelson-Jake","17","18","35"
"nikitin-one","17","18","35"
"niklas7657","19","16","35"
"Nikolaichev","17","18","35"
"ombre502","18","17","35"
"pamperox","18","17","35"
"PatserFasul","18","17","35"
"Paul_Periquito","19","16","35"
"PavankumarV","17","18","35"
"Pavlos2525","18","17","35"
"perhan3","17","18","35"
"Peter-86","17","18","35"
"phamquocviet2014TH2","17","18","35"
"Pincanopi","19","16","35"
"potatopaste","18","17","35"
"Rajeev_kk","16","19","35"
"REHANAWAD","19","16","35"
"ReinforcementTrial","19","16","35"
"ReiSan","19","16","35"
"rezathereza7","18","17","35"
"RyanChristiann","18","17","35"
"sabraun","18","17","35"
"SalemSkikda","16","19","35"
"Samuel_Wafula","18","17","35"
"SchmidtMan","18","17","35"
"SGA1904","16","19","35"
"Shura73","17","18","35"
"suleymanayata","20","15","35"
"Tiago_1992","18","17","35"
"tomjaal4","17","18","35"
"tyrone_s","17","18","35"
"woRJow","18","17","35"
"Xiantelle","15","20","35"
"yocapa","16","19","35"
"yoyooo5555","16","19","35"
"zamiwe","17","18","35"
"Zenon73","17","18","35"
"ZorritoAm","19","16","35"
"adolar42","17","17","34"
"Adrian-coo","18","16","34"
"ahmed2soudy","16","18","34"
"Alberto1972","16","18","34"
"AlexBlin","16","18","34"
"Alexey_luckyguy","16","18","34"
"Alfonso70","18","16","34"
"AlphaEnigma","17","17","34"
"Amrullahm","19","15","34"
"arsenii_S","17","17","34"
"Basileus1","16","18","34"
"ckbl","16","18","34"
"ClaudeMg201","18","16","34"
"daclause","17","17","34"
"dod11","18","16","34"
"e_death","17","17","34"
"enganwar88","18","16","34"
"erick21977","16","18","34"
"ernij","17","17","34"
"Eustaquiojose","19","15","34"
"forsezor","17","17","34"
"Function_array22","17","17","34"
"Furkan3493","17","17","34"
"gambitguyx","15","19","34"
"Geronimo64","16","18","34"
"Godzilla_68","18","16","34"
"GrandmasterFx","17","17","34"
"GuenterEh","17","17","34"
"Gunter42","18","16","34"
"H293741","18","16","34"
"Harmor","18","16","34"
"Hristo1956","16","18","34"
"huzeycan1","17","17","34"
"IgorIrkutsk","16","18","34"
"Ilnar8800","16","18","34"
"Ilyanbp","17","17","34"
"ironmaster2015","19","15","34"
"itabrochess","17","17","34"
"JAMAL2400","16","18","34"
"JosLuis","17","17","34"
"JuanSaso","17","17","34"
"Kaotec","18","16","34"
"kapablanka1911","33","1","34"
"kazanli","17","17","34"
"krzyfal","18","16","34"
"Lanci_u_srcu","17","17","34"
"Laticello","17","17","34"
"leehigh","18","16","34"
"liamrusselcosme","16","18","34"
"LINCHPIN27","17","17","34"
"lino66","18","16","34"
"LIYOOZ","17","17","34"
"lk_ek26","15","19","34"
"Mad_Nimzo","17","17","34"
"mahmoud0000000000","16","18","34"
"Maliklundblad89","16","18","34"
"mariajoao","18","16","34"
"Marko_number_one","16","18","34"
"Matthewmatthew","18","16","34"
"MDszach","17","17","34"
"mediterraneansea777","19","15","34"
"mhoff2112","18","16","34"
"Mladjo37","17","17","34"
"mm4040","17","17","34"
"Moacircs","16","18","34"
"morellov","18","16","34"
"mtnakgul","17","17","34"
"Mustapha_mouri","17","17","34"
"NikolayNarva","16","18","34"
"NKE023","17","17","34"
"noah500","17","17","34"
"Odyniec","18","16","34"
"omrkys","17","17","34"
"owais82","16","18","34"
"panchenkovalera","16","18","34"
"PapaiCelio","17","17","34"
"Pasqual0ne","17","17","34"
"pauljon23","16","18","34"
"Philipp_Fed","17","17","34"
"PieroFreestyler","17","17","34"
"piqiu07","18","16","34"
"prasanthms","17","17","34"
"praveenjelia11","17","17","34"
"Predator29","17","17","34"
"Qumara","17","17","34"
"Rossig","17","17","34"
"RUDYRUDY2023","17","17","34"
"s_chesstod","17","17","34"
"Saifouf24","17","17","34"
"Samovarka","12","22","34"
"Schach1955","17","17","34"
"shaikh910","19","15","34"
"Shashank0508","18","16","34"
"sleppup","17","17","34"
"Sutrisna950","17","17","34"
"TimurDzh","18","16","34"
"ugly522","17","17","34"
"Val69005","18","16","34"
"vetriselvan_10","17","17","34"
"vLPAWNEE","17","17","34"
"vrkau","16","18","34"
"Widoni","17","17","34"
"xhonsina","16","18","34"
"XXKawaiiPrincess69","18","16","34"
"you44","17","17","34"
"zdenek640","18","16","34"
"Zherdev_E_S","17","17","34"
"Aamaalee12","16","17","33"
"ADDiSa","17","16","33"
"AlexSolomon","16","17","33"
"allond19","18","15","33"
"amidou","17","16","33"
"Angelo_fereira","18","15","33"
"Ankhaa03","16","17","33"
"Avallespin","17","16","33"
"baemothblind","15","18","33"
"Belardo-06","17","16","33"
"Benuard","16","17","33"
"blacky_Empereur","17","16","33"
"BlueCityOfEast","18","15","33"
"CarlosBuenosAires","19","14","33"
"CentralPerk99","16","17","33"
"Clocked","17","16","33"
"Dan_2020","16","17","33"
"DaVinci2013","16","17","33"
"denun89","16","17","33"
"Diego291187","18","15","33"
"Djorec71","16","17","33"
"Dneprianin","10","23","33"
"DoctorKrylov","17","16","33"
"Doudi12","18","15","33"
"dragodolenc","17","16","33"
"DrMahmoud123","16","17","33"
"droctis","16","17","33"
"eddie282828","17","16","33"
"Entaglementt","16","17","33"
"evergar","17","16","33"
"ExalltedSillva","15","18","33"
"Eyadabbas1","17","16","33"
"felixhennessy","13","20","33"
"ForYeoChess","16","17","33"
"Fra76","16","17","33"
"frankie68","16","17","33"
"FritzSchlitz","15","18","33"
"gilosgi57","17","16","33"
"Gimenita82","16","17","33"
"grosminou123","15","18","33"
"hemasaisripardhav","16","17","33"
"henryetal","17","16","33"
"Hermaski","16","17","33"
"ifekali","18","15","33"
"igor_ahn","17","16","33"
"isostatismo","16","17","33"
"ivanchukvassili","16","17","33"
"ivanovici","16","17","33"
"ivasevich","15","18","33"
"Jankizmohammad123","16","17","33"
"jneff2004","17","16","33"
"jrairk","16","17","33"
"Kajtek777","15","18","33"
"Kenyan_Magnus","16","17","33"
"KevinMojica","16","17","33"
"KK98VW","16","17","33"
"KN11","16","17","33"
"ksergsiy","18","15","33"
"lazzaknight","14","19","33"
"LeonardoV79","17","16","33"
"ludoniz","18","15","33"
"lvivorest","16","17","33"
"Makedonce_50","18","15","33"
"malambocon","16","17","33"
"manzul_123","14","19","33"
"Mepaiceque","16","17","33"
"milinvor","16","17","33"
"MONKEYDLUFFY1980","17","16","33"
"mortezasadeqi","16","17","33"
"mrtw","17","16","33"
"mschoes","16","17","33"
"Murxer","17","16","33"
"nfshulyaeva","16","17","33"
"nilsonrei","16","17","33"
"normsky","19","14","33"
"Ofet","16","17","33"
"panchisabio","17","16","33"
"pantan","15","18","33"
"Pelejador20","16","17","33"
"Pinto15_Alejandro","19","14","33"
"Pranshu_12","16","17","33"
"PWVD","16","17","33"
"QuinceyChesser","16","17","33"
"RaF-1948","15","18","33"
"Rangeor","14","19","33"
"RBorboran","17","16","33"
"Rhod58","15","18","33"
"RiRa3","19","14","33"
"rk-123","16","17","33"
"Rorb","17","16","33"
"RybchakV","17","16","33"
"Safari_Aspari","17","16","33"
"Salmosa365","15","18","33"
"santiusty","15","18","33"
"SantoshPSKR9","18","15","33"
"sarthakpatre","16","17","33"
"SENEGAL-THE-ROASTER","17","16","33"
"Shard_heem","16","17","33"
"SiroCava","17","16","33"
"sitikin9363","16","17","33"
"Solotheme","16","17","33"
"Sortierkrake2","15","18","33"
"stracca","16","17","33"
"Suendenbabel","16","17","33"
"sydrocksarino","15","18","33"
"Sylviochevreux","17","16","33"
"tarush_matkor","16","17","33"
"UnclePetya","17","16","33"
"Vigneshkumar89","15","18","33"
"vladosotiroski","17","16","33"
"vsincic","16","17","33"
"Vviju10","17","16","33"
"Vzif","17","16","33"
"Werezon","15","18","33"
"Weteroc54","18","15","33"
"wolo92","17","16","33"
"XandrT22","17","16","33"
"Yogendra33","16","17","33"
"yourfather84","17","16","33"
"Zenitu","16","17","33"
"aa12yte","16","16","32"
"Agatha1","14","18","32"
"aisha_174","17","15","32"
"AlbertTurku","16","16","32"
"alejo79","17","15","32"
"alexhm11","15","17","32"
"amir-na","17","15","32"
"Amirrezai12","17","15","32"
"Basenko113113","14","18","32"
"BezB1960","15","17","32"
"BlackMambaPawn","16","16","32"
"bobbyrne01","18","14","32"
"borisych46","16","16","32"
"chesterchessington77","17","15","32"
"circus1","16","16","32"
"curlbarra","16","16","32"
"Cy9","15","17","32"
"CyrusTheGreat8","16","16","32"
"czczchess","17","15","32"
"danielcarax28","16","16","32"
"DCoxe","16","16","32"
"Dulcinorix","16","16","32"
"EdgarLover","16","16","32"
"Eldemartos","15","17","32"
"FarArden","17","15","32"
"Felix-Cao","17","15","32"
"fereshtehb","15","17","32"
"freedom1000","13","19","32"
"FriedrichDG","16","16","32"
"georges974","16","16","32"
"gjunebug","15","17","32"
"gnapp978","15","17","32"
"gouthamm23","15","17","32"
"Gruja86","16","16","32"
"halcyonbot","16","16","32"
"hamid_beig","14","18","32"
"hasan22hasan","17","15","32"
"HRAWI","17","15","32"
"Igor_Mario","15","17","32"
"ih8paul123","17","15","32"
"ikemalacara","18","14","32"
"Jadafox","15","17","32"
"jairuszavier","17","15","32"
"JamesBedou","16","16","32"
"Janibek_J","16","16","32"
"Jemrob","17","15","32"
"jose65","16","16","32"
"jr_greg","16","16","32"
"jsantos99","17","15","32"
"Kapputccino","15","17","32"
"KrolPoetow","16","16","32"
"kun_Zheng","15","17","32"
"KyotoChessGambler","16","16","32"
"lanti","16","16","32"
"learningchess333","14","18","32"
"legit2096","16","16","32"
"Leodo","17","15","32"
"Liebherr-qoy3","16","16","32"
"Linux-p","16","16","32"
"lovelife1974","15","17","32"
"Malya727","17","15","32"
"markus161","15","17","32"
"Maxwell1984","15","17","32"
"Mikhail56223","17","15","32"
"mmoesche","14","18","32"
"mohimoo","17","15","32"
"Mohsen2154","16","16","32"
"MzRa_Ha","15","17","32"
"NandanK","16","16","32"
"Ndlovu","13","19","32"
"Nikitaren","15","17","32"
"norberto75","15","17","32"
"Oktavian222","17","15","32"
"omarbrouk","16","16","32"
"OrujjIsmayil","16","16","32"
"oslo1991","18","14","32"
"pedram1362","15","17","32"
"playforpleasure","15","17","32"
"Powerwolf-WOB","16","16","32"
"ppyrao","18","14","32"
"qlili","17","15","32"
"queenpogi83","15","17","32"
"rajanchopra","16","16","32"
"RankOneGrind","15","17","32"
"Raphaeloc1","14","18","32"
"RaspFish","14","18","32"
"resistire","17","15","32"
"Revolcadores","14","18","32"
"rivera40","16","16","32"
"RohraV","16","16","32"
"Rony971","15","17","32"
"Royallty","15","17","32"
"SAGA7","16","16","32"
"Sarwary_Ahmad","16","16","32"
"SekarAyu","16","16","32"
"seluang","14","18","32"
"sergoart67314","15","17","32"
"sganzo","15","17","32"
"Shadok_71","16","16","32"
"sigaram7272","15","17","32"
"skantamburlo","16","16","32"
"Socratess27","16","16","32"
"Soridlen","17","15","32"
"spid17","17","15","32"
"SSveTT","13","19","32"
"sugiono659","17","15","32"
"sulo_x54","15","17","32"
"sycamoresnake","17","15","32"
"tanamala","18","14","32"
"thaivuongll","16","16","32"
"tonog62","15","17","32"
"tqd0306","17","15","32"
"Troj13an","16","16","32"
"TROYAMIGOS349","27","5","32"
"TSMBRASILCHESS","15","17","32"
"TurkishShot1453","16","16","32"
"umman72","17","15","32"
"Usta1116","16","16","32"
"vfd64","17","15","32"
"vnmonster1969","16","16","32"
"VsevolodKovalenko","17","15","32"
"W-E-E-P","16","16","32"
"wizzlwaen","17","15","32"
"wqw1","17","15","32"
"x214_chess","18","14","32"
"Yarik100","17","15","32"
"Zossaros","16","16","32"
"A1234Mack1234","14","17","31"
"abdolreza_sh_n1","15","16","31"
"aboodebdah","17","14","31"
"Agha_Rehmat_ullah","15","16","31"
"Agrimdhital","15","16","31"
"Ahmad_depok","17","14","31"
"ahmed0071","16","15","31"
"albertdvm2023","15","16","31"
"Aleksss5","15","16","31"
"ALEXZQ","14","17","31"
"amirhamla2010","15","16","31"
"anarkul_alymbayev","16","15","31"
"Andimerka","16","15","31"
"animalist23","17","14","31"
"aram3530","6","25","31"
"argoscacchi","15","16","31"
"Arthur-leywin2007","17","14","31"
"Askriid","17","14","31"
"Avdilisufi","16","15","31"
"Axel_1957","16","15","31"
"BerezinaEkaterina","17","14","31"
"Bioparox","15","16","31"
"Bobskie143","15","16","31"
"bojack06","15","16","31"
"bovcan","17","14","31"
"Carlfred20","9","22","31"
"chesplayer58","14","17","31"
"chevy327","16","15","31"
"Clebismar7","16","15","31"
"Clever1234","24","7","31"
"Collins780","13","18","31"
"DaironCD","16","15","31"
"doctor2003","15","16","31"
"dodikbatu","14","17","31"
"Dr_Lovee","16","15","31"
"droneman","17","14","31"
"DrXereca","17","14","31"
"duccanh","14","17","31"
"duckila1","14","17","31"
"Eduardo_Sumire_Lopez","15","16","31"
"Emmy101","15","16","31"
"Etihugo01","15","16","31"
"faet","17","14","31"
"ffirriff","15","16","31"
"foab123","16","15","31"
"G_a_g_a_r_i_n","16","15","31"
"Gary_Paffett","15","16","31"
"geeme","17","14","31"
"Gendelf2023","15","16","31"
"GoldenPorkchop","15","16","31"
"Guidodeh","17","14","31"
"hgstark","14","17","31"
"Hmone_13","17","14","31"
"iambradynihaveaball","16","15","31"
"igor_221090","14","17","31"
"ikasudija","17","14","31"
"ivanchuck360","15","16","31"
"Jaimelondres","15","16","31"
"josefderalte","14","17","31"
"Jumpers16","16","15","31"
"jwcrook","16","15","31"
"jywwyk","15","16","31"
"Kahyasi88","17","14","31"
"Karfov","15","16","31"
"KFSISO","24","7","31"
"Khristof","17","14","31"
"King-Andreas","15","16","31"
"KresoVk","16","15","31"
"La0de_Syahril","14","17","31"
"lapych","16","15","31"
"Leoni_dast","17","14","31"
"lerroi","16","15","31"
"ljh102827","15","16","31"
"Lleshaj1960","15","16","31"
"LokiFish","16","15","31"
"Lubohuso","15","16","31"
"Luginor","15","16","31"
"luxon86","16","15","31"
"Mangal96","16","15","31"
"Maquinadefuego_3000","15","16","31"
"markmat","15","16","31"
"Maverick2525","17","14","31"
"mehmetcol","16","15","31"
"MFR13","15","16","31"
"Mhlongo_M","15","16","31"
"Mixa9876","17","14","31"
"mizantrop14","15","16","31"
"mlaco87","15","16","31"
"MontrealAbbagom","16","15","31"
"MOONWALKER_42","17","14","31"
"MrM2Port","15","16","31"
"muru0807","16","15","31"
"NaviTheMachine","15","16","31"
"nicolasabdala","16","15","31"
"papa_nicky","16","15","31"
"Parmono19","16","15","31"
"Pfffffffiiii","16","15","31"
"Phaswane","16","15","31"
"pub673","15","16","31"
"Puezerwin1","15","16","31"
"R_Ehsanpour","15","16","31"
"ramluk","15","16","31"
"Renko43","16","15","31"
"Rnch","15","16","31"
"sAvE030","15","16","31"
"schwaaarzeschoggi","16","15","31"
"SDSB_Chess","17","14","31"
"Sean1114","16","15","31"
"shadesofgraham","16","15","31"
"SiLeherBeton","16","15","31"
"SilvioWE1958","15","16","31"
"slakcghbynth","15","16","31"
"SnatchesAndWhiskey","16","15","31"
"sondh97","16","15","31"
"Spencerschwulst","14","17","31"
"subroto07","15","16","31"
"subUTAY1903","15","16","31"
"sunyasi","15","16","31"
"Superfitomada","18","13","31"
"Supernova1520","15","16","31"
"Taidros","15","16","31"
"Tama30","19","12","31"
"tareq2021","16","15","31"
"tesemenlee","16","15","31"
"Thedad","17","14","31"
"ticaracatic","16","15","31"
"TM1965","15","16","31"
"TobiWerner","16","15","31"
"tom305","16","15","31"
"tomtempest","15","16","31"
"Tonnerre135","15","16","31"
"TylerDurdem","15","16","31"
"ustinov09","17","14","31"
"valerakarjakin174","17","14","31"
"VicenteSarlo","16","15","31"
"VIZ1938","17","14","31"
"Vl_Zhukov57","16","15","31"
"Vlad-723804","14","17","31"
"Vnagor55","14","17","31"
"Waldwurm","15","16","31"
"wancho777","14","17","31"
"y102030nfquey","14","17","31"
"ZbcBrindo","17","14","31"
"Zeiaoddin2000","16","15","31"
"Zip7330","16","15","31"
"abdEL2580","14","16","30"
"abdla198","16","14","30"
"ACC007","15","15","30"
"Achwatt","14","16","30"
"adnik","16","14","30"
"Afredo","15","15","30"
"Ahona005","17","13","30"
"Alen7777","15","15","30"
"AlexandrAndreev","16","14","30"
"AlexandreDiogo","16","14","30"
"Alexius86","16","14","30"
"alfreDoManoZa","16","14","30"
"Amarnath16","14","16","30"
"amirasd1366","15","15","30"
"anaslaith","15","15","30"
"andro1212","12","18","30"
"AnnaTanjung","13","17","30"
"ANTUAN2061","14","16","30"
"Anubisxibalba","15","15","30"
"Arfi2020","15","15","30"
"Ayokunleorimoloye","13","17","30"
"barev_dzes","15","15","30"
"bcortes20","16","14","30"
"billy_12","15","15","30"
"BJCH","14","16","30"
"blxckinked","20","10","30"
"Bobby-Lapointe","16","14","30"
"BonePart","15","15","30"
"boucherdan","15","15","30"
"Caprovfi68","16","14","30"
"carlos010903","11","19","30"
"CAXA2mul","17","13","30"
"Chess-u90","16","14","30"
"cinequanon","15","15","30"
"CurtainCall","14","16","30"
"danielnap87","16","14","30"
"Danielsantacruz71","16","14","30"
"DaniliusVI","14","16","30"
"dawletbay54","17","13","30"
"depraren","14","16","30"
"Diugon","14","16","30"
"dodoma_k","15","15","30"
"dsingh18","15","15","30"
"dtchen11","16","14","30"
"duguesclin","15","15","30"
"Ebram_h","15","15","30"
"Eduardxxx","16","14","30"
"Elkinabog","15","15","30"
"ErickSouza777","14","16","30"
"ervin85mald","13","17","30"
"EulicesAlfil21","16","14","30"
"Evocation1","15","15","30"
"fajrulfalah","15","15","30"
"Fermin_1-990","15","15","30"
"fkfirjf8rkckrkt","15","15","30"
"ForAmatt","14","16","30"
"foufoulebonois","16","14","30"
"Francesco-Peverelli","15","15","30"
"Gabriel_Mel","15","15","30"
"gamalaldin2102023","15","15","30"
"Gano1953","16","14","30"
"Garry1304","16","14","30"
"Gerhard1961","16","14","30"
"Gharadaghimohammad","16","14","30"
"GholamrezaMaddahi","15","15","30"
"gholipour1157","14","16","30"
"Graxes","17","13","30"
"haace","14","16","30"
"Haksar","15","15","30"
"HASO0","14","16","30"
"herisson07","17","13","30"
"herrnschrot","16","14","30"
"hongoroo","16","14","30"
"Hourihan","15","15","30"
"howdy_pardner","15","15","30"
"Igor2803L","15","15","30"
"Ilijagromovnik","14","16","30"
"Imax-999","14","16","30"
"intermediatenoobk","16","14","30"
"isuckatchess1000","16","14","30"
"Ivan5301","15","15","30"
"JawaNgapak","14","16","30"
"jetflight","14","16","30"
"JoelC64","15","15","30"
"JohnnyKO2","15","15","30"
"Johnsnowhite","16","14","30"
"Jony010101","16","14","30"
"JosefReich","14","16","30"
"JovonRappenaux","15","15","30"
"jumarma","15","15","30"
"kanyelover","15","15","30"
"KASP24","8","22","30"
"kiberpelmen","15","15","30"
"korry73","14","16","30"
"koulerman68","15","15","30"
"krkannan","15","15","30"
"Laakonen-77","14","16","30"
"Learningplan_123","16","14","30"
"leudeaur","16","14","30"
"LeviEgo","16","14","30"
"Lifeproof","15","15","30"
"Liontin01","16","14","30"
"litorg22","13","17","30"
"lloydiii","14","16","30"
"maco01","15","15","30"
"Madboly22","15","15","30"
"manirasoulian","15","15","30"
"matmoi","14","16","30"
"mgpp1234","14","16","30"
"Miguel3333","15","15","30"
"mikololjh","15","15","30"
"Minino71","16","14","30"
"Mmdsr83","15","15","30"
"Mohamed_Riyadh","15","15","30"
"mohammedbathish70","14","16","30"
"mojtaba13461346","15","15","30"
"MuStKon","15","15","30"
"nicolaplamadea","15","15","30"
"NikitaSS2101","15","15","30"
"NotRachokTM","15","15","30"
"Numa753","14","16","30"
"Obid_Abduxayev","15","15","30"
"octogono","11","19","30"
"omar199900","16","14","30"
"omidian1339","16","14","30"
"onurcgr","14","16","30"
"Ooh_its_an_orange","14","16","30"
"oqzbo","15","15","30"
"OuPiTi","15","15","30"
"ozgur2023","15","15","30"
"PadreDelConquistador","15","15","30"
"patabc07","15","15","30"
"Pendolero1951","14","16","30"
"pericold","16","14","30"
"pitipitipitipiti","15","15","30"
"pole51","16","14","30"
"Pravin_Satyavolu","15","15","30"
"Rajesh008","14","16","30"
"Ratziel","13","17","30"
"rauledy","15","15","30"
"RESET-101","16","14","30"
"Roliepoly","14","16","30"
"Ruben0606","15","15","30"
"SacSacPotato","15","15","30"
"sajeermk","16","14","30"
"Samvel-2014","16","14","30"
"SandPuppy3","14","16","30"
"shadi1985aa","15","15","30"
"sherifmurad","14","16","30"
"shonegrad","16","14","30"
"sofiyavelikaya","16","14","30"
"Solvero","15","15","30"
"Soprzex","13","17","30"
"SplashBroth","16","14","30"
"srisaanvi16","16","14","30"
"sujeetV","14","16","30"
"TempoTrix","17","13","30"
"The_God_of_Blunder","15","15","30"
"thedestroyer2005-9","15","15","30"
"TheNagsHead","16","14","30"
"tisolgorm","15","15","30"
"treederpah","14","16","30"
"triadatriada","16","14","30"
"VatreniZmajAco","14","16","30"
"VDMx637","11","19","30"
"vitaly_236","14","16","30"
"vitamin13","15","15","30"
"vovanchik_1983","16","14","30"
"Wailor","14","16","30"
"Wallsang","15","15","30"
"WarHound1909","15","15","30"
"Wiwilv","16","14","30"
"x-Lee-Yang-x","16","14","30"
"YoBot_v2","15","15","30"
"Zhamantay","14","16","30"
"AgentSmith0","16","13","29"
"Akku2408","15","14","29"
"al3rrab3li","14","15","29"
"aleksandar1952","15","14","29"
"alex444444","14","15","29"
"Alex79q","14","15","29"
"algoninja","14","15","29"
"Ali39elhami","16","13","29"
"Alisher999","16","13","29"
"Alkoledov","14","15","29"
"aloneliis","15","14","29"
"alpha101010","13","16","29"
"Amasterra","15","14","29"
"AMIDE13","15","14","29"
"anti_on","14","15","29"
"Arjondexter","14","15","29"
"ark0707","15","14","29"
"arsenijovc","14","15","29"
"asamry23","14","15","29"
"bacanakkks","14","15","29"
"Bair1959","15","14","29"
"Balyu","15","14","29"
"barbrastrays","14","15","29"
"bartolo44","14","15","29"
"Baxa2017","14","15","29"
"BoBLeto","15","14","29"
"Boris2606","13","16","29"
"brijen65","15","14","29"
"brombeerblick","15","14","29"
"C62armen","14","15","29"
"chaddict","14","15","29"
"Chepileo","14","15","29"
"chess_chem","16","13","29"
"Cholo0122","16","13","29"
"Christoph_Strecha","16","13","29"
"Christos22","14","15","29"
"chuchi1618","16","13","29"
"crush11","15","14","29"
"Dadoush","14","15","29"
"Dark_w0rld","14","15","29"
"David19941994","16","13","29"
"deadman_inc","17","12","29"
"devil098","15","14","29"
"Diegolmc","14","15","29"
"Dmitry65_m","13","16","29"
"Doloksaribu74","14","15","29"
"Dripgodie","14","15","29"
"edgaravedano","15","14","29"
"eghtedarimr","14","15","29"
"erevan28","14","15","29"
"Ferchichi2","14","15","29"
"fortiche","15","14","29"
"g_norrell","15","14","29"
"Georg_78","14","15","29"
"Hamidsasani","14","15","29"
"Holyshots","14","15","29"
"Hot_Single_Mother","15","14","29"
"IgorMefo","16","13","29"
"IlyaStanislavovich","16","13","29"
"INDIAN_TAL999","14","15","29"
"itemgirl_88","14","15","29"
"izzul93","15","14","29"
"JakeSullyTheNavi","14","15","29"
"jangande93","14","15","29"
"jcphillips8","14","15","29"
"jcrbeltran","13","16","29"
"Jehaiel","13","16","29"
"Jesusaa","15","14","29"
"Jordan1979Cuba","15","14","29"
"JR2061","14","15","29"
"jvl-48","16","13","29"
"Kabar54","15","14","29"
"KalakanniBallo","14","15","29"
"Kamal-Kant-Gandhi","13","16","29"
"KillMyKing","15","14","29"
"klayyy","13","16","29"
"kobss-0","15","14","29"
"kont3","15","14","29"
"Kowboy1","15","14","29"
"laghi","15","14","29"
"Lesteph","14","15","29"
"lgs0","15","14","29"
"LKekong","15","14","29"
"m7mdmsr","8","21","29"
"Marmelis","14","15","29"
"marwaha","15","14","29"
"maxilus","15","14","29"
"Maxmut","15","14","29"
"metisuli27","14","15","29"
"mihnovak","15","14","29"
"Misuk07s","14","15","29"
"mja1991","13","16","29"
"mkadir1905","15","14","29"
"mohanmuralisai141142","14","15","29"
"Mrg01d","15","14","29"
"mskena","15","14","29"
"Naren_naren","14","15","29"
"NatasaJak","14","15","29"
"Navnu","15","14","29"
"Neuf99Nine99","14","15","29"
"Nikola55","14","15","29"
"Nikolai_5","13","16","29"
"Ninjamjanja","14","15","29"
"Nkomo_Stephen","14","15","29"
"Nobleshess","15","14","29"
"OilavdaQueen","13","16","29"
"oneMovePerSecond","13","16","29"
"pa_asep5","14","15","29"
"paperfacekillah","14","15","29"
"PentiumDeathMoon","13","16","29"
"PetMixHD","15","14","29"
"pinot_noir","15","14","29"
"pokergh","14","15","29"
"primsonpurba","13","16","29"
"qwf","15","14","29"
"r_ag","15","14","29"
"rac16","14","15","29"
"Ragimov64","14","15","29"
"RAHULPAIKU","15","14","29"
"Rain76","14","15","29"
"Raphael49","14","15","29"
"Red-Rock","15","14","29"
"Renatomsousa","14","15","29"
"RenielShiek","13","16","29"
"RIVAS_DENA","16","13","29"
"Rms-u235","15","14","29"
"roddy3219","15","14","29"
"ROSAL01","14","15","29"
"rossykamal","12","17","29"
"Rottweil","13","16","29"
"S-P-Eagle","13","16","29"
"Sabaudian","14","15","29"
"samad_tbz_1337","15","14","29"
"Sano_1","15","14","29"
"shashi_10444444","12","17","29"
"Shaxmatist_2013","13","16","29"
"Shivapalani","15","14","29"
"SirBrian001","14","15","29"
"spo1388","15","14","29"
"Stubentigertaika","14","15","29"
"Talisman687","14","15","29"
"tangereen","16","13","29"
"Tejedor","15","14","29"
"TiagoDelazari","15","14","29"
"Timofei2017","15","14","29"
"trippin_on_skies","15","14","29"
"Valentin1567","15","14","29"
"vitre","14","15","29"
"waleedelgammal","15","14","29"
"WishOurJokeDragYou","14","15","29"
"WRRF","15","14","29"
"Yaga737","14","15","29"
"Yryna","14","15","29"
"yuspv","16","13","29"
"ZABBAS10","16","13","29"
"zahabiyah27","15","14","29"
"zea1ous","14","15","29"
"abonaser56","15","13","28"
"acersus","15","13","28"
"Agom","15","13","28"
"ahmadelneserk","13","15","28"
"AhmadShukri","14","14","28"
"aibar18","15","13","28"
"akonfala","11","17","28"
"Alconost777","15","13","28"
"aleksandrkostenko","14","14","28"
"Alexey9997","16","12","28"
"AlexMit1980","16","12","28"
"AmounRa999","9","19","28"
"andyfcape","15","13","28"
"AntoniaClaire","12","16","28"
"antosh75","14","14","28"
"asoidjoi223132","15","13","28"
"Atrax173","15","13","28"
"Aymanalaboud","15","13","28"
"AzatGG","14","14","28"
"Babel5070","14","14","28"
"baena-2680","14","14","28"
"Baghini","15","13","28"
"Bajram-Hasani","15","13","28"
"banderboy","14","14","28"
"Bassam74","14","14","28"
"BenGhorbalAli","13","15","28"
"Bhavya978","14","14","28"
"Bhole_gain05","14","14","28"
"Bhurvithegreat28","13","15","28"
"blundar_bot","15","13","28"
"Borisbenor","13","15","28"
"CalReject117","15","13","28"
"CalvinGin","14","14","28"
"CangJaLeho","14","14","28"
"Charlystony","14","14","28"
"chegz","16","12","28"
"chess01695","14","14","28"
"Chessminatorator69","14","14","28"
"comic","14","14","28"
"Corleonedev","13","15","28"
"crislop","14","14","28"
"Csaba64","14","14","28"
"Cucik","16","12","28"
"cuma_iseng","13","15","28"
"Dadddy-O","12","16","28"
"Danis-1977Ufa","15","13","28"
"Dante-sante","15","13","28"
"dark_confidant","14","14","28"
"Devashnair","14","14","28"
"DF1","12","16","28"
"dgschach","12","16","28"
"dhodong","15","13","28"
"Die_Nebelkerze","15","13","28"
"DonBlayze","15","13","28"
"dongwkim","13","15","28"
"dothanhtoan123","15","13","28"
"e1948v","14","14","28"
"elcriollo","15","13","28"
"envar53","15","13","28"
"ersin_cat","12","16","28"
"Esdeath_12","15","13","28"
"Eseni","13","15","28"
"Evagish","14","14","28"
"farf","14","14","28"
"Farmin69","13","15","28"
"fferer","14","14","28"
"Firasabisaab","14","14","28"
"FJavier58","14","14","28"
"flyartur","12","16","28"
"Gapee","15","13","28"
"GaratonptitQ","15","13","28"
"Gemelis1","14","14","28"
"GiangQuoc","14","14","28"
"giovarct","14","14","28"
"Golja","13","15","28"
"Golubka_Gold_2011","14","14","28"
"gopal88","14","14","28"
"grimzreaper","14","14","28"
"Gropatapouff","16","12","28"
"Gustavo58","15","13","28"
"Gxgmaverick","15","13","28"
"Haeggen","13","15","28"
"HaithamKoujo","20","8","28"
"harnogarong","14","14","28"
"hassanyoussef","14","14","28"
"hatfield","14","14","28"
"Humblebrainbuster","13","15","28"
"Iagoiam","14","14","28"
"Ian1957","16","12","28"
"J15v","13","15","28"
"jack1030","13","15","28"
"Jackezbon","14","14","28"
"jhonatanenrrique7","13","15","28"
"JJbuikema","15","13","28"
"JMNanne","14","14","28"
"Josu_64","13","15","28"
"jstfrchss","13","15","28"
"K750","13","15","28"
"kang_maiel","15","13","28"
"kasino_kingjek","14","14","28"
"KENANGA47","13","15","28"
"Keropol","13","15","28"
"Kevin779","14","14","28"
"KGL_Peaky","14","14","28"
"king_lolu99","15","13","28"
"kinglookash","15","13","28"
"Kir1111111","14","14","28"
"kkabaja","14","14","28"
"krokodil2002","13","15","28"
"Ksardas77","14","14","28"
"kuanysh_2010o","16","12","28"
"kunwarsinghchouhan","15","13","28"
"KUZ_13-10","16","12","28"
"ladygin11","14","14","28"
"LaMoney","15","13","28"
"Laplacian_Toni","15","13","28"
"Lexa6578","15","13","28"
"Linaiv","13","15","28"
"lucachess1971","14","14","28"
"luci4real","14","14","28"
"lungmuana","14","14","28"
"Malcolm183","14","14","28"
"Mandakh6363","15","13","28"
"Markus1947","14","14","28"
"MassimoCongera","14","14","28"
"mbp1341","14","14","28"
"MD_Exp","12","16","28"
"MherKarapetyan","14","14","28"
"Mic7","15","13","28"
"miljandjordjevic","14","14","28"
"minadora","15","13","28"
"modest123","14","14","28"
"mohan7412","12","16","28"
"mohsentax","15","13","28"
"monia1939","13","15","28"
"monk280972","14","14","28"
"mortezab1234","15","13","28"
"mrundil","13","15","28"
"MVM40","13","15","28"
"mybbk","14","14","28"
"nasarxi","14","14","28"
"Neb0tr0ga","15","13","28"
"Nikola3108","14","14","28"
"nikosnikos12345","14","14","28"
"nilbhatia","14","14","28"
"Nishad22","13","15","28"
"Niveditha2022","6","22","28"
"Nomad3004","14","14","28"
"NoPawnCount","14","14","28"
"nscrob","15","13","28"
"omicronrex","14","14","28"
"Onjal_Pimparkar8x8","14","14","28"
"Pacis81","15","13","28"
"pavel050251","16","12","28"
"PenaT","14","14","28"
"PISACK","12","16","28"
"Prabhu20","13","15","28"
"Przemo100","13","15","28"
"Puetzerwin1","14","14","28"
"Pvt_Penguin01","14","14","28"
"ramasubramanian1622","15","13","28"
"Rambo582","15","13","28"
"ramil-abdulla","14","14","28"
"reza04","14","14","28"
"RHaiden","14","14","28"
"Rolando-Bustos","13","15","28"
"Rusak050487","13","15","28"
"Sailingdude","13","15","28"
"Sashka1234","14","14","28"
"senior2023","15","13","28"
"Shanghakid","24","4","28"
"Shecko1","14","14","28"
"SHERLHOUSE","13","15","28"
"skywhywhalcker","15","13","28"
"Smbdels","14","14","28"
"Sobyanin2012","13","15","28"
"Sokittoyou777","13","15","28"
"StefanK888","14","14","28"
"Suad87","15","13","28"
"swamiji27","13","15","28"
"szurtos","14","14","28"
"szyszek05","14","14","28"
"Tatka1709","15","13","28"
"Taxup4uK","12","16","28"
"theblacklist2019","15","13","28"
"ThrasheRRR","13","15","28"
"Timofeevsergei","15","13","28"
"timurmingazev1","14","14","28"
"tobias_h11","14","14","28"
"Toni1942","14","14","28"
"Tovoherijaona","14","14","28"
"TreX0578","15","13","28"
"U2hekko","13","15","28"
"UT68","15","13","28"
"Valery_Solntsev","14","14","28"
"VIP7777","13","15","28"
"VipulPem","14","14","28"
"Wera161_c","14","14","28"
"Wrona-1980","14","14","28"
"wrt13","15","13","28"
"YuriusM","15","13","28"
"Zefir25","14","14","28"
"Zhenis80","14","14","28"
"abdalrhman177543","13","14","27"
"Abdoseny","13","14","27"
"AbelardoColon100","12","15","27"
"Acherontia-Styx","13","14","27"
"Adylbek57","13","14","27"
"akrammsoub","15","12","27"
"ALAUDDINMUJIR","11","16","27"
"Alexander7771","13","14","27"
"alexeyaa82","14","13","27"
"AlMarMar","14","13","27"
"altacc240","13","14","27"
"amangarg30","14","13","27"
"amindelgosha8380","15","12","27"
"amirmahan780","13","14","27"
"Amr2003","13","14","27"
"Aneksimandros","13","14","27"
"AntonioJorgeLago","13","14","27"
"arrest17","14","13","27"
"Avdeev_Viktor","14","13","27"
"BALLACOIBOLLI","14","13","27"
"BeckJo","12","15","27"
"benchessclown","12","15","27"
"bngsudheer","14","13","27"
"BrownianMove","13","14","27"
"CareLescharo","13","14","27"
"cheessars","13","14","27"
"Chepe57","13","14","27"
"chukwumacfr","14","13","27"
"CirMas","14","13","27"
"Cloco","13","14","27"
"Cocodix","14","13","27"
"cocoman1","14","13","27"
"coconuts86","12","15","27"
"Cornella_xavier","15","12","27"
"crazzychess","14","13","27"
"CrisQuintana","13","14","27"
"cuchiluis","13","14","27"
"dadsonvacation","14","13","27"
"damares","13","14","27"
"Daniel59","13","14","27"
"Daokrizz","12","15","27"
"dguskov","15","12","27"
"Dhivenasshravi1506","14","13","27"
"Diego678","13","14","27"
"dipblu23","9","18","27"
"dlew23","12","15","27"
"DmitryBrattega","13","14","27"
"Dondon88","14","13","27"
"Dreamar1914","14","13","27"
"droriman","14","13","27"
"ElderJup","14","13","27"
"electricmind","14","13","27"
"ElectroKot","15","12","27"
"ElSeco32","14","13","27"
"ermolov-z","14","13","27"
"EROLCOBAN48","14","13","27"
"etl_kaptsov","15","12","27"
"evakstovo","14","13","27"
"fastchair","14","13","27"
"finchibteh","13","14","27"
"Fr-4","13","14","27"
"FranioByk","13","14","27"
"Franz0711","14","13","27"
"funes37","14","13","27"
"GabrielFernandoColon","14","13","27"
"gamingcluter","13","14","27"
"Geranium-ovipare","15","12","27"
"getaldus","13","14","27"
"giladnn","13","14","27"
"gmponga","13","14","27"
"godslayer_anon","14","13","27"
"gonzoliver","13","14","27"
"gorg1450","14","13","27"
"goua","13","14","27"
"grysncurtis","14","13","27"
"GTNZ00000","14","13","27"
"GuidedChefWeasel","13","14","27"
"GUS_11JO","14","13","27"
"h3rf","15","12","27"
"heorca55","13","14","27"
"hondles","14","13","27"
"hosain1969","14","13","27"
"hrvoje1977","13","14","27"
"Hyorei","14","13","27"
"Ike_Chukwu","14","13","27"
"InsAnj","14","13","27"
"ioan24","14","13","27"
"ismaelcope","13","14","27"
"issashoekh","14","13","27"
"iterevsky","13","14","27"
"janexes","14","13","27"
"JANGELR","13","14","27"
"jduarte8","13","14","27"
"Jefe_226","13","14","27"
"jeli64","13","14","27"
"Jesus_gonzalez58","14","13","27"
"Jhoan_Cifuentes","14","13","27"
"Jiraya3001","13","14","27"
"johnlop00","14","13","27"
"Jowinthrop","13","14","27"
"jun_manlapaz","13","14","27"
"jurayev07098485","12","15","27"
"Karkunaattori","13","14","27"
"Ken67","14","13","27"
"kerimkayra_satiroglu","14","13","27"
"kiNg-98","13","14","27"
"kktvm","14","13","27"
"knightshiv","12","15","27"
"KO-PO-BA","12","15","27"
"Kq5Z","15","12","27"
"Kuda_Tempur","14","13","27"
"Kumaran1510","14","13","27"
"kurniawanpraz","13","14","27"
"KWA123","13","14","27"
"Landucci957","13","14","27"
"LC_200014","16","11","27"
"lindrihariyani","14","13","27"
"Lpdoggy","12","15","27"
"lubimkes","12","15","27"
"LukasWangOd","13","14","27"
"magdron","13","14","27"
"magnmagnum","13","14","27"
"maharana126775","13","14","27"
"Mahony1989","15","12","27"
"MalignantMonkey","13","14","27"
"Mamertorandy","15","12","27"
"Manawahla","13","14","27"
"masyjon","13","14","27"
"mauri13","14","13","27"
"Max_Factor_74","13","14","27"
"mazen999moh","15","12","27"
"mbp223","14","13","27"
"melita23","13","14","27"
"MERIDYEN42","15","12","27"
"michaela42888","15","12","27"
"Mike199901","14","13","27"
"mikhail_tal1710","13","14","27"
"minus_456","13","14","27"
"MissVeronika","12","15","27"
"mrchess999","12","15","27"
"mufeez123","15","12","27"
"nahwjz","14","13","27"
"Narci_Scacchi","12","15","27"
"NAY4ok","12","15","27"
"NereoBatuigas101641","13","14","27"
"nhlaka96","11","16","27"
"Nico_simbolon","13","14","27"
"ninomatias","14","13","27"
"NusreT5","14","13","27"
"Nuvarif","13","14","27"
"omraaanaltaweel1990","13","14","27"
"opakase","13","14","27"
"paupagetico","15","12","27"
"PedrosF1","14","13","27"
"Peon_Pesao","13","14","27"
"polen07","14","13","27"
"prepa21","13","14","27"
"Prepara2","15","12","27"
"pycikowa","14","13","27"
"RAMAZAN-ENIKEEV","13","14","27"
"RaulKapaBeer","13","14","27"
"rezabazgi","12","15","27"
"RFerraz15","14","13","27"
"rishaanv2016","12","15","27"
"Rnmstkv","14","13","27"
"robwis7","13","14","27"
"RolCar09","14","13","27"
"sahrali","14","13","27"
"sameer19","14","13","27"
"Sanyasin","13","14","27"
"selocan60","13","14","27"
"Serg123c","14","13","27"
"Sergant2023","14","13","27"
"Sergey_1950","13","14","27"
"Sergey4684","14","13","27"
"Serier","14","13","27"
"Shahbaz2023","13","14","27"
"sherzodbobo","13","14","27"
"shivharisharmaadv","14","13","27"
"sidalx","14","13","27"
"Sipiao","13","14","27"
"SisyaPisya","13","14","27"
"Sn3ag13","13","14","27"
"snakxpro","14","13","27"
"stami87","9","18","27"
"Stanafangirl","14","13","27"
"Steferstar","13","14","27"
"Svetac123","13","14","27"
"taco3","16","11","27"
"Tadek7778","16","11","27"
"Tahamardani","13","14","27"
"tebzast","14","13","27"
"teo2006","13","14","27"
"toni1976","12","15","27"
"torrepajarete","14","13","27"
"track0422","14","13","27"
"triplosierato","14","13","27"
"Utkarsh0112","13","14","27"
"VagabondOne","11","16","27"
"Valeriy_1935","12","15","27"
"vancho1966","12","15","27"
"vau80","13","14","27"
"vhugo51","12","15","27"
"victor_enrique_65","14","13","27"
"Viking2707","14","13","27"
"Viktor-R-65","14","13","27"
"viku27","13","14","27"
"virgilrom12","15","12","27"
"Viuche","14","13","27"
"vlad1298","14","13","27"
"VoPS","12","15","27"
"walt71","13","14","27"
"Waylder21","15","12","27"
"wazoheat","13","14","27"
"Welingtoncrc","14","13","27"
"wns0884","14","13","27"
"xploited","15","12","27"
"yiki49","13","14","27"
"Ymrchess","13","14","27"
"Yrema","14","13","27"
"YunusEmreD","14","13","27"
"Yurisev","14","13","27"
"Zalupoid","14","13","27"
"ZBK_2023","15","12","27"
"zehahahahaha","15","12","27"
"zulus991","14","13","27"
"AbdelrahmanElkafrawy","14","12","26"
"abdulkadirfb","12","14","26"
"AboAdel2","15","11","26"
"Abukhaer99","12","14","26"
"accipiterj1","13","13","26"
"adgoctic","13","13","26"
"AdityaMehta15","14","12","26"
"ai-con","11","15","26"
"ajjangatti","12","14","26"
"AKar85","13","13","26"
"Alex132","13","13","26"
"Alexmareval","13","13","26"
"AliRazaZX","15","11","26"
"amedfilito","13","13","26"
"Ameraydi123","13","13","26"
"Amineaitb","12","14","26"
"AndreaMarceca","13","13","26"
"andreapocca","11","15","26"
"Andres1955","11","15","26"
"APlatau","13","13","26"
"AqsinAqa","12","14","26"
"archibaldor","14","12","26"
"artur0021","12","14","26"
"attc","13","13","26"
"AZMGOR","13","13","26"
"baha_erdogdu","12","14","26"
"bakal3086","14","12","26"
"BAS72","13","13","26"
"Baselina69","14","12","26"
"Basemology","13","13","26"
"Beastmode_Trav","9","17","26"
"Blunderking333","13","13","26"
"BrunoDS","12","14","26"
"buzz2013","11","15","26"
"camus133","13","13","26"
"carlo39","13","13","26"
"carsten_outdoor","15","11","26"
"cfalcken","14","12","26"
"ch3ckagain","13","13","26"
"CHEMUSICAMAESTRO","15","11","26"
"chess_ina_spacesuit","12","14","26"
"ChessMaxh","14","12","26"
"Ciaran_Page","13","13","26"
"Conrado53","14","12","26"
"cryogenically","12","14","26"
"culloluco","14","12","26"
"Czarnik107","13","13","26"
"dabizMZN","13","13","26"
"DanilovSergei","13","13","26"
"danysioux","15","11","26"
"dasdavor","14","12","26"
"david-1978","12","14","26"
"Dawista77","12","14","26"
"Dayscodee","15","11","26"
"denismnz","13","13","26"
"Denkdk99","13","13","26"
"Dhennnn","13","13","26"
"divyavijay1714","12","14","26"
"Dl123Wert","13","13","26"
"Dlastboardbender","13","13","26"
"Dmb007","10","16","26"
"Dmvaconte","13","13","26"
"drabek","12","14","26"
"Draerobinson","12","14","26"
"drbrunorodrigues","13","13","26"
"duff_brain","13","13","26"
"EckyP","13","13","26"
"ecuadorquito","13","13","26"
"eddi123","6","20","26"
"eliecerf","12","14","26"
"eman_rambo01","13","13","26"
"EngPabloHenry","13","13","26"
"Ertugrul1191","13","13","26"
"eslamahmed85","13","13","26"
"ESPN111","13","13","26"
"ESSA1986","13","13","26"
"FabianoCaruanasCat","13","13","26"
"FairgroundChamp","13","13","26"
"Farrokhseresht","13","13","26"
"fathan_dani","12","14","26"
"Femia37","13","13","26"
"Fesneu","14","12","26"
"finaril","14","12","26"
"Fisi95","12","14","26"
"Fjfiirjej","13","13","26"
"FODEN4710","13","13","26"
"fortiman2","15","11","26"
"FXGOAT","12","14","26"
"FyodorMD","13","13","26"
"galashin","13","13","26"
"gerobak_dorong","13","13","26"
"ghatano","14","12","26"
"glukas","13","13","26"
"gugusun","13","13","26"
"Gustzub","13","13","26"
"hamzakosker","14","12","26"
"hanibas","12","14","26"
"hojjatt","13","13","26"
"HRS1970","14","12","26"
"Humorous254","14","12","26"
"Hunterbea","13","13","26"
"Husseinsaad53","13","13","26"
"ibejude","12","14","26"
"Icopal","14","12","26"
"ilker-53","15","11","26"
"Imran222","15","11","26"
"iraj_jalali","15","11","26"
"Iurii1975","12","14","26"
"ivalcabar","14","12","26"
"Ivan_AIN_1202","12","14","26"
"ivanshaha","14","12","26"
"jannis_0711","12","14","26"
"jaydeffa","14","12","26"
"Jbdrainbow","14","12","26"
"Jerrypletwa","14","12","26"
"jjiwhiskyijj","12","14","26"
"jonwins","13","13","26"
"jpneric","12","14","26"
"juha123","15","11","26"
"Kanalisatzia","13","13","26"
"kapec87","14","12","26"
"Karpych-72","13","13","26"
"Kiruha228","12","14","26"
"KozacO","13","13","26"
"LAMMBR","13","13","26"
"Leopoldt","13","13","26"
"liri","14","12","26"
"listenmf","13","13","26"
"Liyaria","13","13","26"
"lopinnho2016","12","14","26"
"Lucaspeon4rey","14","12","26"
"m04414624","13","13","26"
"M3p14","14","12","26"
"m72z","14","12","26"
"Maacil","12","14","26"
"maecelo","12","14","26"
"MagadanT","12","14","26"
"MAHDI1403","13","13","26"
"Makipro206","12","14","26"
"Mario_Lopez","13","13","26"
"markcost88","12","14","26"
"MarySol","13","13","26"
"master_of_susbence","13","13","26"
"Mehmetberksu","14","12","26"
"mesa65","14","12","26"
"mghonche","11","15","26"
"mhaskams","14","12","26"
"mhdekhteeb","12","14","26"
"mihalos","13","13","26"
"mira60","13","13","26"
"mochYusup","14","12","26"
"mohamedhelmy30","14","12","26"
"monachia","14","12","26"
"Mosaiko","13","13","26"
"mozgenma","13","13","26"
"mtoa","12","14","26"
"muratbyztt","13","13","26"
"nakatone","14","12","26"
"narendra955","13","13","26"
"Narmer1969","14","12","26"
"nath_jui","13","13","26"
"nelkovpeter","13","13","26"
"NellaturuDillibabu","11","15","26"
"NicoBrazuka","12","14","26"
"nikita000000021","13","13","26"
"nominoe44","13","13","26"
"nurmuhammad123","13","13","26"
"nurullah_aaa","14","12","26"
"nyolastanley","12","14","26"
"Obodovsky406","13","13","26"
"Ochir_2323","12","14","26"
"ohhsnahhs","13","13","26"
"olllie_chess","13","13","26"
"Omr3nAlZadj3li","14","12","26"
"pal_san","13","13","26"
"Panglimatempur","12","14","26"
"Pascat123","14","12","26"
"patoelpez","12","14","26"
"plb2022","10","16","26"
"prastos","14","12","26"
"QasemAta","11","15","26"
"QM12","12","14","26"
"rajabi_aref","15","11","26"
"rasool905","12","14","26"
"raulse4","14","12","26"
"raze141","13","13","26"
"refister","13","13","26"
"Reizoxam","12","14","26"
"reveohw","14","12","26"
"rezaghafuri","13","13","26"
"ricearaujo","14","12","26"
"RikT1000","14","12","26"
"RipeLemon","14","12","26"
"rk0v","14","12","26"
"Roanjo","11","15","26"
"RobbyUg","12","14","26"
"RockerJoker","14","12","26"
"Roisgondrong","13","13","26"
"Rooka777","12","14","26"
"safidyukina2","11","15","26"
"safrancumin","14","12","26"
"samshknill","16","10","26"
"Samuele_DC","12","14","26"
"sandeep_30391","13","13","26"
"Sandry70","12","14","26"
"sebafreeskate","13","13","26"
"shafimtm","14","12","26"
"Shou1234yadav","12","14","26"
"sidunaev","13","13","26"
"sina_13699","15","11","26"
"Skakiniki","13","13","26"
"sofa1978","14","12","26"
"SoLiMaNKhAlaF","12","14","26"
"solvey","13","13","26"
"songokuoriginal","13","13","26"
"ssankar6","14","12","26"
"Stavrogin2019","11","15","26"
"stephlib","13","13","26"
"Suhagrajesh","13","13","26"
"surudaaa","13","13","26"
"takeda1573","13","13","26"
"taoufikbenfraj85","15","11","26"
"TarasGlukhov","11","15","26"
"Tayssiralokla","14","12","26"
"Tensax2","13","13","26"
"Teoslu","13","13","26"
"TG_TboGeorge01","14","12","26"
"the_rev53","15","11","26"
"theCaribbeanpiratess","12","14","26"
"ti-ken","13","13","26"
"timmah427","13","13","26"
"tonyghie10","13","13","26"
"ursusBa","12","14","26"
"UweJS","13","13","26"
"Valiva","14","12","26"
"Verdesca","13","13","26"
"VitZenin","14","12","26"
"Vivek2234","13","13","26"
"yonatankhut","12","14","26"
"ZosiR","11","15","26"
"zzun10","13","13","26"
"Abbassadeghzade1993","13","12","25"
"Abdensa_12345","14","11","25"
"Abhinand_N_Shamin","11","14","25"
"adrianlqq","10","15","25"
"aftashes","10","15","25"
"Aitutaki1","11","14","25"
"Aleksandr7474","13","12","25"
"aleksei_kudriavtcev","11","14","25"
"Alex_Galtsov","12","13","25"
"AlexsChepur","13","12","25"
"alexttripp","14","11","25"
"Alinobe","12","13","25"
"alperenp","12","13","25"
"Aman_kalani2007","12","13","25"
"Amir_Orginal","13","12","25"
"amka667GMA","12","13","25"
"andrearaimondi","13","12","25"
"andrebonny","13","12","25"
"andreiwolf","12","13","25"
"Antonio-Verto","13","12","25"
"antoniomo","14","11","25"
"AR-77","14","11","25"
"Aram999","12","13","25"
"Ararat-04","14","11","25"
"ArcadesJ","12","13","25"
"Arturasl","13","12","25"
"asgari1965","12","13","25"
"baba_jdw78","12","13","25"
"Barsukov_VM","11","14","25"
"Bat0227","15","10","25"
"BC3898","12","13","25"
"bcavdar","13","12","25"
"Behcet00007","13","12","25"
"benjrmwansa","12","13","25"
"Berika1","13","12","25"
"Bermatt","12","13","25"
"BL32","12","13","25"
"blackrainfr0g","13","12","25"
"block10","14","11","25"
"bloktrideset","12","13","25"
"Bodnariuc_co","14","11","25"
"bonekchess","12","13","25"
"booh-o-wotah","13","12","25"
"Botivmesk","13","12","25"
"BowmoreEnigma","12","13","25"
"braaaaaahp","12","13","25"
"Burger2022","12","13","25"
"bz_do","12","13","25"
"can71","13","12","25"
"canadian69","14","11","25"
"carlos_68","12","13","25"
"cauliflowerr","12","13","25"
"cezarmonamie","13","12","25"
"Chaleken","13","12","25"
"Checko64","13","12","25"
"chessguy989","12","13","25"
"chessthinggaming","13","12","25"
"Chika96_KGZ","13","12","25"
"commanderROY","11","14","25"
"d_privalov","13","12","25"
"dadan65","13","12","25"
"danicano75","13","12","25"
"danieloscarpedernera","13","12","25"
"danvidaurre33","13","12","25"
"daragan009","13","12","25"
"DE1969","12","13","25"
"deccanunion","12","13","25"
"Den6341","13","12","25"
"DeniZidane","13","12","25"
"Deron1981","13","12","25"
"Digaovga123","11","14","25"
"dilwar","13","12","25"
"dineshkandoth","11","14","25"
"DinoSayRawr","12","13","25"
"DMITRI-19","13","12","25"
"DonkeyNomad","11","14","25"
"DTCchess","13","12","25"
"duy1984","11","14","25"
"edi1098","13","12","25"
"Eduard_Baican","11","14","25"
"elcapitano100","11","14","25"
"EYAD024","12","13","25"
"Facton01","12","13","25"
"fadzot","14","11","25"
"Falanga1","12","13","25"
"Faneva10","13","12","25"
"fdavidl073","13","12","25"
"firas11111","12","13","25"
"Franke81","13","12","25"
"Fredy50","13","12","25"
"Gandalf7576","13","12","25"
"gardener1","12","13","25"
"Gatsu_thorres","14","11","25"
"gerardotorres","14","11","25"
"gertappels","14","11","25"
"Gibb38","13","12","25"
"giftiger_wunsch","12","13","25"
"godeater12","13","12","25"
"gonzagos","13","12","25"
"Gr8Cambino","13","12","25"
"hamidmehrollahi","11","14","25"
"handwarm","12","13","25"
"happy_blinder","12","13","25"
"hasroltakaful","12","13","25"
"Hazemkotaynu1","14","11","25"
"HcwHarvey","12","13","25"
"hislim","12","13","25"
"huhu444","13","12","25"
"humanapharmacyforme","13","12","25"
"Humberd","13","12","25"
"IamH72","11","14","25"
"iclo17","15","10","25"
"Igwe_1","13","12","25"
"iSunix","13","12","25"
"IurieM","12","13","25"
"ivanzone","12","13","25"
"Izbassar","12","13","25"
"iztok1952","13","12","25"
"jacky_brown1","13","12","25"
"Jazzmi","12","13","25"
"jccastro24","13","12","25"
"jcpelikan","12","13","25"
"jimmyayhan","10","15","25"
"johngeko","12","13","25"
"Jomagne","12","13","25"
"josec2324","13","12","25"
"joseluisperez1649","13","12","25"
"joyn","11","14","25"
"Juanmejiamendoza","13","12","25"
"juffinhally","13","12","25"
"JUNCOPOWER","11","14","25"
"jurisstubis13","11","14","25"
"kaminmeistars33","20","5","25"
"Karim_Abaza","14","11","25"
"kayakinz","13","12","25"
"King_of_the_Nerds","13","12","25"
"kingmustsurvive","13","12","25"
"kire78star","13","12","25"
"kjmov","12","13","25"
"klimhin_83","12","13","25"
"kode_vivek","13","12","25"
"Kubinets_72","14","11","25"
"kuda_bolang","12","13","25"
"layandrew","12","13","25"
"LeElaGuess","13","12","25"
"Leonica","12","13","25"
"lfcmoraes","13","12","25"
"Liz_Harmon","13","12","25"
"LuckyLukeRP","12","13","25"
"Lusya69","14","11","25"
"lykos23","13","12","25"
"macerien0205","13","12","25"
"maestrov3","12","13","25"
"maiaonly","14","11","25"
"Maliah551","11","14","25"
"malilug28","13","12","25"
"Mamalllllll","12","13","25"
"MANHHATN","14","11","25"
"marflow","14","11","25"
"marijantrvipt","21","4","25"
"Martini_stoppy","11","14","25"
"mastosit","12","13","25"
"mateo58","12","13","25"
"MAXYN5","11","14","25"
"Maytzge","12","13","25"
"mcberett","11","14","25"
"MDIB","12","13","25"
"Meitiiix","10","15","25"
"mesut44tr","13","12","25"
"mickey1302","13","12","25"
"mijan17","12","13","25"
"Milananko","12","13","25"
"mildanimefan","14","11","25"
"mir16","12","13","25"
"Mohamedhashimello","10","15","25"
"mohammadifard","13","12","25"
"MohammedAlHussari","11","14","25"
"MohammedTorab","12","13","25"
"Mojtaba03","13","12","25"
"moustruito","14","11","25"
"MrCuevas","13","12","25"
"murilokhan","12","13","25"
"MustafaRavullu","12","13","25"
"My_Croft","13","12","25"
"myworld1","13","12","25"
"narayan2079","11","14","25"
"Natorian","11","14","25"
"Nesuperigror","13","12","25"
"NetoDoVelhoBarreiro","11","14","25"
"niknummi","11","14","25"
"Nithinbright2012","12","13","25"
"notielk1234jk","12","13","25"
"Obersocke","12","13","25"
"Odmetnik","13","12","25"
"Oieg_1308","1","24","25"
"OJN2023","13","12","25"
"Oleg3773","14","11","25"
"par_sh44","13","12","25"
"pereira2106","12","13","25"
"Perviz1979","12","13","25"
"Petr_Vasi","14","11","25"
"Petruxa1983","14","11","25"
"Play-PM","12","13","25"
"pls33","13","12","25"
"plutodollar","12","13","25"
"porja","12","13","25"
"poulain","12","13","25"
"ppatidar","13","12","25"
"Premijer","12","13","25"
"provivaan","12","13","25"
"PRUup28","11","14","25"
"PTlusitano","13","12","25"
"qquyittt","11","14","25"
"Quidam81","12","13","25"
"rahanlesage","12","13","25"
"renzkel","12","13","25"
"RexDingani","13","12","25"
"Reyjonatan","12","13","25"
"Reza_j2021","12","13","25"
"RohollahVmz1402","12","13","25"
"rollymac","14","11","25"
"Romimu","13","12","25"
"Rook_Hunter","14","11","25"
"Royal_King_Knight","12","13","25"
"s_i_krivonis","13","12","25"
"SaidelovAS","14","11","25"
"Sanjarbek0096","13","12","25"
"Satracoreniyom","11","14","25"
"saymyname2_0","13","12","25"
"Schaedo","20","5","25"
"sdsidid","13","12","25"
"sergeyubogovich","12","13","25"
"SeriousNoodle","13","12","25"
"seydo47","12","13","25"
"sfsf99","14","11","25"
"Shehab1","13","12","25"
"shmul88","12","13","25"
"Shrishra6612","13","12","25"
"siddharthshah79","14","11","25"
"silvinusclisson","13","12","25"
"SitiNPC","12","13","25"
"sjeibsheeij","13","12","25"
"smsm_007","13","12","25"
"sn4747","14","11","25"
"Snodlop","13","12","25"
"Somweber87","12","13","25"
"Spider2398","13","12","25"
"Spleeny1122","13","12","25"
"Spydon73","13","12","25"
"StevieLiebtKiwi","12","13","25"
"StockFicher_PB02","14","11","25"
"stoka30","13","12","25"
"Stoned-13","14","11","25"
"str-rus","12","13","25"
"TenAndOnly10","13","12","25"
"Tengo-Kawana","12","13","25"
"therealdoloreshaze","13","12","25"
"tincandann","13","12","25"
"Tipsntaps","14","11","25"
"tomsie1990","13","12","25"
"ttzz","12","13","25"
"undrelf","14","11","25"
"Vanyaaaaaa","13","12","25"
"Vatrogasac1970","14","11","25"
"vbakr","7","18","25"
"Vikvja","14","11","25"
"VinniesChesser","12","13","25"
"Volk58","14","11","25"
"Volodymyr-SHM","12","13","25"
"vzbzdnutj","12","13","25"
"wandererz33","14","11","25"
"wanphrang","14","11","25"
"wattsa13","13","12","25"
"why_101","13","12","25"
"yasnoe_nebo","14","11","25"
"yehudaaniel","12","13","25"
"yei_Acevedo","13","12","25"
"Youssefkhaled1911","12","13","25"
"Yoviman","13","12","25"
"ZK-OkanSabircan","12","13","25"
"zonetoshare","12","13","25"
"zontaa1","12","13","25"
"Zoratalip18","12","13","25"
"a3353446","13","11","24"
"a5_tulatrain-moscow","13","11","24"
"ABadGamble","13","11","24"
"AbesNaskar","12","12","24"
"aboretage","12","12","24"
"Adrianox29","13","11","24"
"AHMAD93ABD","13","11","24"
"ahmed_Salman22","11","13","24"
"ahmed2233445566777","12","12","24"
"AhmedHassan2000","12","12","24"
"Aidar1968","12","12","24"
"aiskrim03","13","11","24"
"Aithusa52","12","12","24"
"Ajiteshrawat","14","10","24"
"Akane_Akane","11","13","24"
"Alaa1964Shalaby","12","12","24"
"Alanya_8277","12","12","24"
"AleixRoBi","12","12","24"
"Alejandrito1306","13","11","24"
"Alexandr-Yaya","14","10","24"
"Alfilcaballuno","12","12","24"
"ali663","12","12","24"
"alpine2023","12","12","24"
"altaets1","11","13","24"
"amin_7596","13","11","24"
"Amppat-Jnr1","13","11","24"
"ANadezhdam22","13","11","24"
"Andecha-02","12","12","24"
"anuchin220","12","12","24"
"Archibaldos","12","12","24"
"asrtugff123","11","13","24"
"Assemq2","12","12","24"
"aurelus2012","12","12","24"
"AutumnnWind","12","12","24"
"Ayman0930","16","8","24"
"Azatobekzato","12","12","24"
"BabakReiko","10","14","24"
"Bannytony","14","10","24"
"BARRBARUSS","11","13","24"
"bartalislaszlo","13","11","24"
"Bauernbande","13","11","24"
"bazookabazooka","12","12","24"
"bigilibigili2","12","12","24"
"bimmelBennie","12","12","24"
"bitcoincrab","12","12","24"
"BlackSky2020","13","11","24"
"BrainerTrainer","11","13","24"
"Brian71A","12","12","24"
"Buddhata","12","12","24"
"BVG777","12","12","24"
"cash-anka","11","13","24"
"catalea20","12","12","24"
"ChampOul","11","13","24"
"Chessbinnish","12","12","24"
"Chopa199202","10","14","24"
"Cvbeur42","12","12","24"
"Daar4","12","12","24"
"Dafried","12","12","24"
"Damian66","13","11","24"
"danglovely","13","11","24"
"Daniel0082","11","13","24"
"Davi_Patrick","12","12","24"
"davidalmirol","13","11","24"
"davron_maxov","11","13","24"
"Dazzie","13","11","24"
"dblDbil","11","13","24"
"Ded_1949","12","12","24"
"DenizAtes21","14","10","24"
"DiegoVvl","12","12","24"
"Dima1957","12","12","24"
"DimaPek","13","11","24"
"DonGeil0","12","12","24"
"dontetes","13","11","24"
"Dzhamal010101","12","12","24"
"Dzigal","12","12","24"
"Edy_Fangidae","16","8","24"
"elemento4","12","12","24"
"elfaid1976","11","13","24"
"EMERSONMOREIRACHECK","12","12","24"
"Eugene6319","12","12","24"
"Faithh0910","12","12","24"
"fantom222","11","13","24"
"fatih_duzen","12","12","24"
"feelb","14","10","24"
"Ferudike","11","13","24"
"Fpaul247","12","12","24"
"Francesco_Oliva","11","13","24"
"freddy1212","12","12","24"
"frenkiecavallopazzo","12","12","24"
"Frtydnz7","13","11","24"
"gadabas","11","13","24"
"Gala87","12","12","24"
"gatlhanz","12","12","24"
"Geclave","12","12","24"
"Gelsabuhok","12","12","24"
"ggaarrii","12","12","24"
"Gio-007","11","13","24"
"Gopi2017","11","13","24"
"grant510","13","11","24"
"GrillPill","12","12","24"
"Grotan","13","11","24"
"gtsyamsuddin","12","12","24"
"Guller007","12","12","24"
"gzim9x","11","13","24"
"hdkvtdgenaegdkevj","11","13","24"
"hollesim","12","12","24"
"hovakhshatareh","12","12","24"
"Hovalac","12","12","24"
"ibrahimali99","13","11","24"
"Indikakumara1973","12","12","24"
"insight44","11","13","24"
"Intron014","12","12","24"
"iqbalrmn","13","11","24"
"iRoguex","12","12","24"
"iuris_m","12","12","24"
"ivancadena","10","14","24"
"jackie_remon","12","12","24"
"jacques-Mario","12","12","24"
"Jagosto","11","13","24"
"Jair11000","12","12","24"
"Jamshid_2016","12","12","24"
"jaym01","12","12","24"
"jelbs1970","12","12","24"
"Jen159","12","12","24"
"jester508","9","15","24"
"Jesuschess01","12","12","24"
"JimBySwag","11","13","24"
"Jkktan","12","12","24"
"jnet","12","12","24"
"joachimsulimaa","13","11","24"
"Johnson0471","13","11","24"
"jojojomzo","12","12","24"
"Jomirandz","11","13","24"
"JorgeZavalaG","12","12","24"
"josepaciano","13","11","24"
"Josthe","13","11","24"
"JotaGuto","12","12","24"
"Jtolr","12","12","24"
"JUANTENA","12","12","24"
"kabiri70","12","12","24"
"kafanskimojster","11","13","24"
"Kalikatres","12","12","24"
"kalliope","11","13","24"
"Karlankas4","11","13","24"
"KarNikAn","11","13","24"
"Kazim109","11","13","24"
"KcBeeferton","12","12","24"
"kesha1","12","12","24"
"Kids444444","12","12","24"
"kintarchy","12","12","24"
"KlemFr","12","12","24"
"ksbchess","11","13","24"
"kunagl","13","11","24"
"kushpandey007","12","12","24"
"L-sisen","11","13","24"
"laskan","12","12","24"
"lbarbula","13","11","24"
"Leo2001","10","14","24"
"Leo374","13","11","24"
"Likameta1983","11","13","24"
"likeawizard-bot","8","16","24"
"Lobo_Tactico","11","13","24"
"luismiuno","13","11","24"
"Lukasheq","12","12","24"
"lundag","11","13","24"
"luyen1984","13","11","24"
"M_Surya_Ali_Dharma","12","12","24"
"Magkarlson","12","12","24"
"mahdy110ali","10","14","24"
"Maigmo1296","13","11","24"
"Maleekey","12","12","24"
"Malibaba","12","12","24"
"mantos","13","11","24"
"Manveersaini56","12","12","24"
"marcowiz66","11","13","24"
"maroorady","12","12","24"
"marsav2002","13","11","24"
"Martincho2023","14","10","24"
"martonis85","14","10","24"
"masihapro","13","11","24"
"MattStrauss","11","13","24"
"MAYSTERNYA","12","12","24"
"MChiriac","13","11","24"
"Meesah","12","12","24"
"mehmet3301dinc","12","12","24"
"MFSWDG","12","12","24"
"mhmdkhaledsh","12","12","24"
"mhsen983","13","11","24"
"michaelmaue","12","12","24"
"mikepunla","11","13","24"
"Mirko1956","10","14","24"
"mkadosa","12","12","24"
"Mlandreth1","12","12","24"
"mohamedoof","12","12","24"
"mohammadrahbari","12","12","24"
"Morteza_Ameli_Bidar","11","13","24"
"mP_mas","11","13","24"
"mpadovani73","12","12","24"
"Mr_25","12","12","24"
"MrHanzo","13","11","24"
"mrwolf66","12","12","24"
"nandouruguay","15","9","24"
"NeilFlores","10","14","24"
"neverthelessbruh","13","11","24"
"Nikolai_Hatenovich29","12","12","24"
"Nimer1992","11","13","24"
"nodir1994a","14","10","24"
"Nymg","10","14","24"
"OPC_RapideOuedzem","12","12","24"
"ozcan4045","12","12","24"
"paladin555","12","12","24"
"Pannibal73","12","12","24"
"Pegasus11","12","12","24"
"pepemacho","11","13","24"
"perica1971","12","12","24"
"Piojoso","13","11","24"
"Pollo_Patatine","13","11","24"
"pratapraju","13","11","24"
"PROGM893","12","12","24"
"ProtasBad","11","13","24"
"pumisil","13","11","24"
"Raconch","11","13","24"
"Raelizo7","13","11","24"
"Ranjan123456","9","15","24"
"RAVINDRANRIA","12","12","24"
"regato","12","12","24"
"rekiru","12","12","24"
"RenatoAntonio","12","12","24"
"rennito","13","11","24"
"ResoluteBot","10","14","24"
"RFveloceclub","13","11","24"
"rimba1","12","12","24"
"Riwion","13","11","24"
"RMonteiro3009","11","13","24"
"RRaddeKK886888","11","13","24"
"ruben0722","14","10","24"
"rudylopez97","13","11","24"
"rumpf","11","13","24"
"RUSLAN-GRM","17","7","24"
"RvuUjasno","11","13","24"
"s1350","12","12","24"
"s17market","13","11","24"
"s7soo","11","13","24"
"SacroSanctus","12","12","24"
"SAGVFrBg","13","11","24"
"Sahalar2022","13","11","24"
"Salahalmaily","11","13","24"
"samenspender","13","11","24"
"sandmann_iv","13","11","24"
"SansMurza","11","13","24"
"Santos55","12","12","24"
"Sasavujic","11","13","24"
"Satephmm","12","12","24"
"scottscarbs","11","13","24"
"Sebastien00","11","13","24"
"sebius","13","11","24"
"seifches","13","11","24"
"Sergei5566","13","11","24"
"SergeOde","11","13","24"
"Sergey1255","12","12","24"
"seva1922","12","12","24"
"sh1ne2203","13","11","24"
"SHAH-A","12","12","24"
"Simba8888","11","13","24"
"skizif","12","12","24"
"somme80","12","12","24"
"Sophia-3","10","14","24"
"Soulwind1986","13","11","24"
"step_336","11","13","24"
"strausenn","12","12","24"
"superpeshkapipi2001","12","12","24"
"sur_kg","8","16","24"
"suren12345","11","13","24"
"Surjeetkaur237","11","13","24"
"Switchess1","13","11","24"
"tallfinal","11","13","24"
"TATVAM2014","12","12","24"
"Teije17","13","11","24"
"The_Materialist","12","12","24"
"thm777","12","12","24"
"TiborLaszlo","11","13","24"
"tilenbaev","13","11","24"
"TiooWauran","12","12","24"
"Tito_Runn","12","12","24"
"tolergosnell","13","11","24"
"Tomislav1969","11","13","24"
"TORKVE333","14","10","24"
"TrueMayonnaise","11","13","24"
"twinbro10","12","12","24"
"UrpoPete","12","12","24"
"v230175","12","12","24"
"val-1","12","12","24"
"VasiliyKlabukov","12","12","24"
"Vigues","13","11","24"
"VitalikOleg","12","12","24"
"VitalyL","11","13","24"
"Vks23","11","13","24"
"vladanzivko","12","12","24"
"vmesquita1941","13","11","24"
"Vsevolod-50","10","14","24"
"wangome","12","12","24"
"wenle1220","12","12","24"
"witali_000","19","5","24"
"wolefuye","13","11","24"
"Xenotricks","12","12","24"
"Yaroslav0912","11","13","24"
"youdjin709","13","11","24"
"YoungX_2004","12","12","24"
"yunuscelme","12","12","24"
"Yurij7519","11","13","24"
"ZabaraEvgenii1978","12","12","24"
"Zahor","13","11","24"
"zebererlajos","11","13","24"
"zeekat","14","10","24"
"ZohmingaChhangte","12","12","24"
"Zopenco","12","12","24"
"Zovux","13","11","24"
"zvejoklis500","12","12","24"
"aadeshnavade","13","10","23"
"aakalin","12","11","23"
"aamerdabbagh","13","10","23"
"aasavelyev","12","11","23"
"AbdeldaimElmohama","12","11","23"
"abedallah","11","12","23"
"Aboyakin990","12","11","23"
"adnanalmasri","12","11","23"
"aevolved","11","12","23"
"Ahman1964","11","12","23"
"ahmetd65","1","22","23"
"ahmmmmad","12","11","23"
"ainira27","11","12","23"
"akelazhang","10","13","23"
"akkopower","11","12","23"
"aksoi","13","10","23"
"Alain49","9","14","23"
"alainsalazar","13","10","23"
"alamoori","12","11","23"
"Alberto-Cipri","12","11","23"
"Aleponsiani","11","12","23"
"Alex101110","12","11","23"
"Alex6955","12","11","23"
"AlexanderKukolev","12","11","23"
"alexkal2001","12","11","23"
"Alinadhim90","13","10","23"
"alkon777","12","11","23"
"amimob","11","12","23"
"Amir89076","11","12","23"
"Amotz","11","12","23"
"Anant_narayan","12","11","23"
"andrebalazs","12","11","23"
"AndreyGd","10","13","23"
"Andyking111A","11","12","23"
"anitrowc","11","12","23"
"Anton120678","11","12","23"
"AP56IBK","11","12","23"
"apostolis_pap","12","11","23"
"Apovoas","11","12","23"
"Aramehdi","12","11","23"
"Arjun_Giridharan","13","10","23"
"arkeo31","13","10","23"
"ArnavSeema","11","12","23"
"arusnow","11","12","23"
"ashraftushar","12","11","23"
"baatad3204","12","11","23"
"BaikRus2","11","12","23"
"BAPPTl","12","11","23"
"basecomaster","11","12","23"
"batedor","12","11","23"
"bbnova2023","12","11","23"
"beginner_on","12","11","23"
"bekdemir59","14","9","23"
"Bela_Fera","11","12","23"
"belkinlove","11","12","23"
"Bendeguz2","13","10","23"
"Benomaster","11","12","23"
"berik01","12","11","23"
"BestFighter","12","11","23"
"biasa8089","10","13","23"
"Bioflora","12","11","23"
"BKARTHIKEYACHARY24","12","11","23"
"Bob197","11","12","23"
"botak3","12","11","23"
"Caballoviejolina","12","11","23"
"camr200180","10","13","23"
"Cana12345","13","10","23"
"Capricornio3112","11","12","23"
"caraque30","13","10","23"
"Carli0","11","12","23"
"CASANOVAWG","11","12","23"
"CaucasionLezgin","12","11","23"
"Chaturne","11","12","23"
"Checkmater17","12","11","23"
"Chess1157","11","12","23"
"ChessishGambito","12","11","23"
"Chez1234","11","12","23"
"chispitay","11","12","23"
"ChizurumEmma","14","9","23"
"ChosenOne7","11","12","23"
"ChrisK2107","13","10","23"
"churchill45","11","12","23"
"cll_b","12","11","23"
"Coldplay101","11","12","23"
"Correcamino1","10","13","23"
"cowboy333","11","12","23"
"Cris031787","11","12","23"
"Crunchylian","12","11","23"
"cslimbu2","13","10","23"
"cybervidyarthi","11","12","23"
"Daniyarchess22","12","11","23"
"daraco","11","12","23"
"DavidArakhelyan","13","10","23"
"De_matrix89","10","13","23"
"dedashax","12","11","23"
"DEGENERT","11","12","23"
"Destructor777","12","11","23"
"Deus99","11","12","23"
"dexterity-chess","13","10","23"
"Dicobras2023","11","12","23"
"Dimas040681","12","11","23"
"Dlen_Sam","11","12","23"
"donnyW","11","12","23"
"dyyj3727","12","11","23"
"ecncptt","11","12","23"
"edmondparody","12","11","23"
"eduardo27chaja","11","12","23"
"edwinbacs24","12","11","23"
"Egorchik_chess","11","12","23"
"elecro_magician","11","12","23"
"Elo911","11","12","23"
"emanuelmisael","11","12","23"
"emre_pia","13","10","23"
"EMSARA","13","10","23"
"EST102_Marco_AVA","12","11","23"
"Estebanlima2012","13","10","23"
"Everton50","11","12","23"
"Evgenii-2013","11","12","23"
"expositor","9","14","23"
"ezenonso","9","14","23"
"F3r_312","11","12","23"
"fawze73","12","11","23"
"Feexzzz","11","12","23"
"fern67","12","11","23"
"fernandoml99","12","11","23"
"firvov","11","12","23"
"Fran88","12","11","23"
"francois83","12","11","23"
"futik21","13","10","23"
"Gambitneu","11","12","23"
"ghlamallah","11","12","23"
"Ghostyqqq8","12","11","23"
"Gilda01","11","12","23"
"glanzeh","12","11","23"
"Glebstp","11","12","23"
"GlushkovVV","12","11","23"
"Golden-Snake","13","10","23"
"goodolchin","11","12","23"
"Goodychis","12","11","23"
"gregorello","12","11","23"
"Grunfeld2610","11","12","23"
"GSrilakshmi2013","9","14","23"
"gurgur68","11","12","23"
"Gvidon17","11","12","23"
"HagJL6iu","12","11","23"
"hajohe","11","12","23"
"ham994","11","12","23"
"HamdiWeHaveAProblem","12","11","23"
"hamidomidi4","11","12","23"
"Haraldohoo","12","11","23"
"Hasanhaidar","11","12","23"
"Hasbrox","12","11","23"
"HeBuguM","12","11","23"
"hegesanyi","11","12","23"
"hitsujyun","11","12","23"
"Honeybadger3000","10","13","23"
"Horakthy","10","13","23"
"HormonXL","10","13","23"
"horso","12","11","23"
"horttense","11","12","23"
"huaquira","12","11","23"
"HumamAlSebai","11","12","23"
"hus_ssibe21","12","11","23"
"icarus000","12","11","23"
"ilir91","11","12","23"
"Ilka2007","12","11","23"
"iMaou","12","11","23"
"imma01","11","12","23"
"Inkvisitor7777","11","12","23"
"Iurii59","12","11","23"
"Ivan299","12","11","23"
"Iwo1","12","11","23"
"jarszach","10","13","23"
"jdjgnmbjh","11","12","23"
"Jeihoon","12","11","23"
"Jester1970","12","11","23"
"jhessgame81","12","11","23"
"jimkraov","12","11","23"
"jimmy7686","11","12","23"
"Joelitocapz","11","12","23"
"Joeltellez","12","11","23"
"jojuangil","12","11","23"
"Joko-tarub","11","12","23"
"Joneshorribleblaster","12","11","23"
"jonnerz","12","11","23"
"Juanchovich","11","12","23"
"JulietaGolov","12","11","23"
"Justin_Tenedero","12","11","23"
"kabalin_dg","11","12","23"
"katiachess","11","12","23"
"kellybill","12","11","23"
"kendar117","13","10","23"
"khaire21","13","10","23"
"Khelveen","10","13","23"
"khrk04","11","12","23"
"kicek84","12","11","23"
"kikun","12","11","23"
"kimandr","14","9","23"
"kimimpossible1","12","11","23"
"Kirill-wow","12","11","23"
"Kirill1234098","11","12","23"
"kjellhudik","10","13","23"
"kjgud0831","11","12","23"
"KonstantinT14","12","11","23"
"Korovka1283","10","13","23"
"kossori_black","13","10","23"
"krawisen","11","12","23"
"ktran11","11","12","23"
"Kumono","12","11","23"
"Kyhel","11","12","23"
"LALOHARTEHAND","11","12","23"
"laurentr","11","12","23"
"Leov_Azul","12","11","23"
"LiaLaeda","10","13","23"
"librepawn","21","2","23"
"LICOSOTO","10","13","23"
"lijoheru","11","12","23"
"lionroston_bogor","11","12","23"
"Lo555555","11","12","23"
"Los-Al","11","12","23"
"Losser979","11","12","23"
"LubenetsGA","11","12","23"
"lucko32","12","11","23"
"LuizGlaudivanSilva","11","12","23"
"macurik","12","11","23"
"magewake_faken_08","12","11","23"
"magicainterthebest","11","12","23"
"MagicalChess-YouTube","10","13","23"
"magistar2013","13","10","23"
"MahmoudAwd1087","12","11","23"
"MAHMUT19","11","12","23"
"majaca54","11","12","23"
"Maneetrajesh","10","13","23"
"Manjoo7","11","12","23"
"mansouralizadeh","11","12","23"
"manuelFigueroaamaya","12","11","23"
"mas_farindra","10","13","23"
"Masoud_Zareie","13","10","23"
"MAX-iv","12","11","23"
"maxim779","11","12","23"
"McStaleMatington","11","12","23"
"Meghav","11","12","23"
"mehdiazadifar","13","10","23"
"Mehditavakol","13","10","23"
"MelvynKay","12","11","23"
"MerujAik","11","12","23"
"Michpaysan","10","13","23"
"migue_qg","11","12","23"
"mihas_m","12","11","23"
"miky1m","13","10","23"
"milo-jovicevic","12","11","23"
"mir470","13","10","23"
"mirta24","11","12","23"
"Mish3l_Adam","12","11","23"
"mkrtchyanarmen","11","12","23"
"moessam17","13","10","23"
"MohamedTokyo00","11","12","23"
"mohsensepehri1988","12","11","23"
"moibal","12","11","23"
"montanabill","12","11","23"
"Moriarty0001","11","12","23"
"mozmozmezo","12","11","23"
"Mr_Mandouh62","12","11","23"
"MrManManUP","10","13","23"
"mrold123","13","10","23"
"muchoir","15","8","23"
"Mushu23","11","12","23"
"Mustchess2023","11","12","23"
"mynameiswho12","11","12","23"
"Nake","12","11","23"
"Naklik","11","12","23"
"Nalinpeiris","11","12","23"
"Nana40","12","11","23"
"Nariman138623","10","13","23"
"NCS_20","10","13","23"
"nelsongiraldo","11","12","23"
"nelusalaci","12","11","23"
"Nevit-Star","12","11","23"
"New_zat21","12","11","23"
"ng3ngekz","12","11","23"
"Nigma75","10","13","23"
"nikkm444","10","13","23"
"nimai2","11","12","23"
"noobieNIYAS","10","13","23"
"Oleksandr1979","12","11","23"
"Olhosaguia","12","11","23"
"oli34","11","12","23"
"olympiacos8","12","11","23"
"Omar_Koniahli","12","11","23"
"OmarBishop16","12","11","23"
"Omid141414","11","12","23"
"Onyks53","13","10","23"
"ostadwolf","12","11","23"
"otemekanan","11","12","23"
"Pablo-L","13","10","23"
"palagruza","13","10","23"
"panoysebugan","10","13","23"
"paoloisworse","11","12","23"
"PaoloON","11","12","23"
"papadimd","11","12","23"
"parvin_5959","11","12","23"
"PatelNil73","12","11","23"
"Pauloden","12","11","23"
"Pauly1234","13","10","23"
"Pedro_Tirapiedi","10","13","23"
"PeroPeric","11","12","23"
"PetrasU","13","10","23"
"Petrosianxx","10","13","23"
"pilsb","11","12","23"
"PPV_1408","11","12","23"
"Prometheus_Man","12","11","23"
"Prostachek","11","12","23"
"pson","12","11","23"
"psyn","11","12","23"
"puchacay","12","11","23"
"purevjav_l","12","11","23"
"Putra_saluyu","11","12","23"
"RadioEd","12","11","23"
"rebill","12","11","23"
"redstar90","11","12","23"
"Rem2010","12","11","23"
"Rf1973","13","10","23"
"ricdecca","13","10","23"
"rmfm53","12","11","23"
"Robin0811","10","13","23"
"RombodiTuon0","11","12","23"
"Rosmuc","11","12","23"
"RPS001","11","12","23"
"ryguy76","11","12","23"
"S333kor","11","12","23"
"Sadeghemamirad38","12","11","23"
"Sahneprinz","11","12","23"
"saipranav14","13","10","23"
"Sale3x","10","13","23"
"salhhoria","12","11","23"
"Salmanul","11","12","23"
"Samim1934","12","11","23"
"satar1350","12","11","23"
"SavchA","10","13","23"
"SaveliyD","11","12","23"
"Scacchi1","12","11","23"
"sebaantonucci","13","10","23"
"sedhuchess2","11","12","23"
"Sem291048","10","13","23"
"Sergei_Grigorov","11","12","23"
"SFHM1","11","12","23"
"ShamimAhmed","12","11","23"
"shankarsonymzp","13","10","23"
"Shaxmatistka-1972","10","13","23"
"sherti","11","12","23"
"shiminator","12","11","23"
"Shineyy","13","10","23"
"shiro2net","11","12","23"
"shlokydas","12","11","23"
"Shmezr","12","11","23"
"sirob1","12","11","23"
"sitekra","10","13","23"
"Sivasudhan2k","12","11","23"
"SKGMPTM","12","11","23"
"snyxt","11","12","23"
"Specky77","10","13","23"
"sputnik-999","12","11","23"
"StankoM2021","11","12","23"
"sudharson578","12","11","23"
"Surodikoro","11","12","23"
"Survivalistor","12","11","23"
"swedviking00","12","11","23"
"tamotua","12","11","23"
"TanQRSleepNoobhaha","12","11","23"
"taugusty","12","11","23"
"Teobald_Karuna","9","14","23"
"teophile28","12","11","23"
"Terese_g","10","13","23"
"Teufelender","14","9","23"
"Thechizhandco","13","10","23"
"TheHipster","12","11","23"
"thewildgraywolf","11","12","23"
"Thewinner101","11","12","23"
"tikup","12","11","23"
"Tirex1234567","10","13","23"
"Titusoywa17","12","11","23"
"tolia44","11","12","23"
"Tollio","12","11","23"
"tomygg123","12","11","23"
"Tongleewins","12","11","23"
"TrainingAndTesting","12","11","23"
"trevor696","11","12","23"
"tsln","13","10","23"
"Tsogtgerel","13","10","23"
"Tulga45","11","12","23"
"tuymen2023","12","11","23"
"Ufofrosch","11","12","23"
"UncleValeron","12","11","23"
"Uvijeknakonju1","12","11","23"
"v-volodin","11","12","23"
"Valdemar77755","11","12","23"
"vanofa22732273","11","12","23"
"Vansh_08Adhikari","11","12","23"
"VernonMina","12","11","23"
"Viktor1910","11","12","23"
"vinceno","12","11","23"
"Vovan1953","12","11","23"
"Waleed_Bader","10","13","23"
"wallix21","13","10","23"
"WEM28","12","11","23"
"william2683","11","12","23"
"Willzzz13","12","11","23"
"Wizzy_j","12","11","23"
"Xa4eg","12","11","23"
"YagoCesar37","10","13","23"
"YasinMusa","11","12","23"
"YazzyD1","12","11","23"
"yekplayer","11","12","23"
"Yhem34","12","11","23"
"Yosefsaleh","11","12","23"
"yousef_talebi","12","11","23"
"YRICH12051987","11","12","23"
"yusufbayram77","11","12","23"
"zhubei","12","11","23"
"ZMuller","12","11","23"
"Zoecir","11","12","23"
"Zusman","12","11","23"
"A8-M","11","11","22"
"Aakash38754","11","11","22"
"Abbath24","9","13","22"
"abdoelsanan","11","11","22"
"abedalrhmanabushadh","10","12","22"
"abemer","10","12","22"
"Abo_slaah_flah","11","11","22"
"Abolfazlwr","11","11","22"
"Acocop","12","10","22"
"AdityaRoy20","9","13","22"
"AfricanDuke","10","12","22"
"Ahmad_Farghaly","11","11","22"
"ahmadd_74","11","11","22"
"ahmadreza1377z","12","10","22"
"Ahmedheikal","11","11","22"
"air_galon","11","11","22"
"aksnaresh","12","10","22"
"Alban124","11","11","22"
"AlbertCamion","11","11","22"
"Alesyaraid","11","11","22"
"alexsatir","12","10","22"
"aliahmed1245","11","11","22"
"alifonk","11","11","22"
"Alim774127","11","11","22"
"Alireza_jmdi","11","11","22"
"Alirezafeyzi75","12","10","22"
"amaar12q","10","12","22"
"Amad335","10","12","22"
"amateur1949","11","11","22"
"amir_udin","10","12","22"
"ammarfathi","10","12","22"
"amoooh7","10","12","22"
"Anatoli135","11","11","22"
"Andrii007","11","11","22"
"Anirsa","11","11","22"
"antonovilia","11","11","22"
"apathychess","12","10","22"
"Arcangel_Siete","11","11","22"
"artemomom","11","11","22"
"ARTtisane","11","11","22"
"Artur129","12","10","22"
"Arul_1963","13","9","22"
"Ashrof558","10","12","22"
"Asim-biswas3","11","11","22"
"AswinJ","10","12","22"
"aurrr576","11","11","22"
"AV_amit","10","12","22"
"ayantik2023","12","10","22"
"Azat0302","12","10","22"
"Aziz0192","10","12","22"
"baltaza","11","11","22"
"baobab34","11","11","22"
"bardhyl37","9","13","22"
"Baroooky","11","11","22"
"Batman92500","10","12","22"
"Bbatyr2013","11","11","22"
"BeerEleven","11","11","22"
"Bertilxxxx","11","11","22"
"Bilalenad","12","10","22"
"Billasdf","11","11","22"
"bioenoh","10","12","22"
"BobbieChesser","10","12","22"
"bogdan197810","10","12","22"
"borispassky1","12","10","22"
"brainchecker","11","11","22"
"bravo17","11","11","22"
"brayamht","12","10","22"
"BRJNG","10","12","22"
"BRSOTB","12","10","22"
"bruno1942","11","11","22"
"C026","10","12","22"
"carlito123","12","10","22"
"Ceasar_was_Jesus","11","11","22"
"Cgfhnfr196405I","10","12","22"
"cgsfrapiopa","11","11","22"
"chaval87","12","10","22"
"ChemistAbdullah","11","11","22"
"Chess_mate001","11","11","22"
"chessantony69","12","10","22"
"ChoGath407","11","11","22"
"ChristopheL","11","11","22"
"citrouni","11","11","22"
"ColoradoJRR","12","10","22"
"condoriux64","11","11","22"
"conza791","12","10","22"
"CoskunOzdemir","11","11","22"
"Cptahab62","11","11","22"
"cristobalpantoja","12","10","22"
"Crucio_79","11","11","22"
"Da00","10","12","22"
"daavgover","10","12","22"
"dalican","11","11","22"
"dasufer","11","11","22"
"DedyKlI9","11","11","22"
"DEllington","11","11","22"
"DemGol23","11","11","22"
"derrotista","10","12","22"
"DG659","11","11","22"
"diekie","9","13","22"
"dima44093","11","11","22"
"DimonUA","12","10","22"
"Dmitrij1991","11","11","22"
"DNadin","11","11","22"
"Doctor-J","12","10","22"
"Dominant25","9","13","22"
"dpktcr","11","11","22"
"DrAgilstein","7","15","22"
"Dre-Nas","10","12","22"
"drexbeats","11","11","22"
"Dutymode","11","11","22"
"DxcnG15","11","11","22"
"Ealim","11","11","22"
"echecetphil","10","12","22"
"edderos","10","12","22"
"edmonddumas","11","11","22"
"edson18","12","10","22"
"eeuoaao","11","11","22"
"EFG_Developer","11","11","22"
"EinarDiazLopez","9","13","22"
"EL_TITAN_MB14","11","11","22"
"eliasaaron","11","11","22"
"elvigilant","12","10","22"
"elyasaf755","10","12","22"
"Emadudin","9","13","22"
"emrahboztepe","11","11","22"
"EneS5S","10","12","22"
"Enriquesierra","11","11","22"
"erbolat2015","10","12","22"
"Erimagination","10","12","22"
"Erkhembilguun327","11","11","22"
"erre1365","13","9","22"
"esat3210","11","11","22"
"EsperantoKK","12","10","22"
"euggeo","12","10","22"
"fabiodaniel_sieberve","10","12","22"
"FeeFKleflix","11","11","22"
"fernandodorado_123","11","11","22"
"ferpenst","12","10","22"
"Fotosinteza","11","11","22"
"FrankArvoton","9","13","22"
"frantus","11","11","22"
"frasco1955","12","10","22"
"frunze88","11","11","22"
"gabriella1984","12","10","22"
"GadgetHackwrench","10","12","22"
"Gajah_Oleng_HCI","10","12","22"
"GaneshPai","11","11","22"
"GarryGambit","11","11","22"
"GAshwinRaj","11","11","22"
"gaten45","10","12","22"
"geminix35","11","11","22"
"GENNADIY-1966","11","11","22"
"Ghiraim","12","10","22"
"ghole","11","11","22"
"Gintama3232L","10","12","22"
"Giuseppe_Marasca","11","11","22"
"Gladyak","11","11","22"
"glaucyooycualg","10","12","22"
"gofigure1998","11","11","22"
"GolDtn","11","11","22"
"Gothamchess_Sub2013V","12","10","22"
"gowrishg","9","13","22"
"Grisha70","11","11","22"
"grosadilla","12","10","22"
"Grotes","10","12","22"
"grrravan","10","12","22"
"GuyFromTheMountains","11","11","22"
"gyyan","11","11","22"
"Hadiskr","10","12","22"
"Halk-76","12","10","22"
"hamidr99","11","11","22"
"Hammers89","10","12","22"
"hany_aly","12","10","22"
"hasan123","11","11","22"
"Hasirati","12","10","22"
"hassantafakkorizari","11","11","22"
"hayyam09","12","10","22"
"HeavensMeavens","11","11","22"
"Hellow45","11","11","22"
"hiteshvashisht","11","11","22"
"Hkya9ta7eem","11","11","22"
"hlc76","10","12","22"
"Horace-Wimp","12","10","22"
"hotshot96","11","11","22"
"hrac234","12","10","22"
"hs5703","10","12","22"
"Hsyn2149","11","11","22"
"hudagoodboy2012","10","12","22"
"Hussein1972","11","11","22"
"ibrahimhetem","12","10","22"
"ichderRobert","11","11","22"
"Idiotovic","11","11","22"
"Il_Virtuoso","10","12","22"
"illusionspy","11","11","22"
"improvedPavel","11","11","22"
"Inny","10","12","22"
"inotnukus","10","12","22"
"isthisreallife1","11","11","22"
"ivanlaoh99","12","10","22"
"izar1970","12","10","22"
"jackelman","10","12","22"
"jamaral_rj","10","12","22"
"jayesscee","10","12","22"
"jdelsolar","11","11","22"
"jevegagner","12","10","22"
"jimbosalta","10","12","22"
"jjciges","12","10","22"
"Jluiscontreras","11","11","22"
"jobish","11","11","22"
"joellepalmec","10","12","22"
"jojo2729","10","12","22"
"JoostCD","11","11","22"
"jorgw","11","11","22"
"Jrquiroga","11","11","22"
"JV631","11","11","22"
"Kaalgat","11","11","22"
"Kameil","13","9","22"
"KanterSOF","11","11","22"
"Kaspa2019","11","11","22"
"keinstein1","10","12","22"
"kelja","9","13","22"
"Kingsley_1","6","16","22"
"Kliuv88","11","11","22"
"km122000","10","12","22"
"koxi","12","10","22"
"Kuanhan","12","10","22"
"kukaradze1963","10","12","22"
"kv_kns","14","8","22"
"ladary","10","12","22"
"Laeuro","10","12","22"
"Lahemoo29","12","10","22"
"LARAMIX","11","11","22"
"leaomsl01","10","12","22"
"Lem10","10","12","22"
"LeonovLeon","12","10","22"
"Littlerabitleg","11","11","22"
"lolo700","11","11","22"
"lone_clone","12","10","22"
"Lostunderheaven","10","12","22"
"lotos7777","11","11","22"
"ludovitdioszegi","11","11","22"
"m-avdal","11","11","22"
"macxx","12","10","22"
"MagaMaga05","12","10","22"
"majedmaghdab","12","10","22"
"MansourFara96","10","12","22"
"marbig01","11","11","22"
"MarceloDillems","11","11","22"
"MarFon","11","11","22"
"Marie_88","12","10","22"
"Mark-2014","12","10","22"
"marksinelnikov417","12","10","22"
"MartyFunkhouser","12","10","22"
"masonchess","10","12","22"
"masoud2443","12","10","22"
"masslos","11","11","22"
"Master-dnik","11","11","22"
"matencinq","12","10","22"
"maverasu","9","13","22"
"mebudi","11","11","22"
"Mehmetlf56","11","11","22"
"Meulzah","11","11","22"
"Mia_Uri","11","11","22"
"Mikesmith17","12","10","22"
"Mili1234","12","10","22"
"Mingo45","12","10","22"
"MOHAMMED_ALI01","7","15","22"
"MooOsama00","12","10","22"
"Morh-Go","11","11","22"
"MosiDra1985","11","11","22"
"mozafari1","12","10","22"
"mrral","13","9","22"
"MsmAahil","11","11","22"
"muhmelelo","12","10","22"
"murashkin50","11","11","22"
"mxssy23","11","11","22"
"My_Own_Sailboat","11","11","22"
"Mycroft3311","11","11","22"
"nafiri123","12","10","22"
"natan133","12","10","22"
"nchesstale","9","13","22"
"nihat777","12","10","22"
"Nikodemek","11","11","22"
"ninortechinplace","12","10","22"
"Nixensen","12","10","22"
"njiruhstanh5","11","11","22"
"Njuman","12","10","22"
"noahades","10","12","22"
"nohimx","11","11","22"
"Noor54","11","11","22"
"NorAzli","10","12","22"
"nothedoomrz","12","10","22"
"novenario","12","10","22"
"odin117","9","13","22"
"OLIVERYEGO","11","11","22"
"Olysco95","8","14","22"
"Omaliko","12","10","22"
"OmarTheShrink","12","10","22"
"opladioplada","11","11","22"
"oskartxebe","11","11","22"
"ottox8","10","12","22"
"OuiMonsieur94","10","12","22"
"pancasero7","12","10","22"
"pappidon","10","12","22"
"Paulito1962","10","12","22"
"Paulo_Rizzuti","13","9","22"
"Petersoniali","11","11","22"
"Philco1","10","12","22"
"pirateorsk","9","13","22"
"pobrengtao","11","11","22"
"Pocho190","12","10","22"
"polasobhy","10","12","22"
"poll4eg","11","11","22"
"ppmk","12","10","22"
"probablyhamzah","11","11","22"
"puntodefuga","11","11","22"
"PVI41","10","12","22"
"Py333","11","11","22"
"QuantumB","11","11","22"
"R18kmraval","11","11","22"
"Rafalski33","11","11","22"
"Raheem2015","10","12","22"
"RaimonddS","11","11","22"
"Rainmen","10","12","22"
"Ranking_Top","11","11","22"
"Raphadu","12","10","22"
"RedQueen64","11","11","22"
"Reshmikm","11","11","22"
"resty1","12","10","22"
"rey2867","11","11","22"
"Reza5631","13","9","22"
"riseandexcel","9","13","22"
"Rngo1070","12","10","22"
"Robsd","8","14","22"
"Roger-le-Mat","10","12","22"
"roki64","10","12","22"
"Rosario2305","11","11","22"
"Rudzky","11","11","22"
"Ruennis2000","10","12","22"
"s1zzl3w1zzl3","16","6","22"
"Sacrificedking88","10","12","22"
"sadisticTushi","11","11","22"
"Saim097","9","13","22"
"samed444444","10","12","22"
"Sampresh","11","11","22"
"sanchezloreto","11","11","22"
"Sandy2779","12","10","22"
"Santana66","10","12","22"
"SantiagoVicente","11","11","22"
"sasa9194","10","12","22"
"sasi73","11","11","22"
"sava_728","11","11","22"
"schnuppo","12","10","22"
"schrodingersgun","11","11","22"
"sdy","10","12","22"
"SidShanm","11","11","22"
"sim0nt","10","12","22"
"skizoofreak","11","11","22"
"Slyamburito","11","11","22"
"Specnas2016","10","12","22"
"squash332","10","12","22"
"srabi","11","11","22"
"Sreyan1234","12","10","22"
"stanislaw19466","12","10","22"
"starovicm","10","12","22"
"StepanoFF_SS","12","10","22"
"stripes367","12","10","22"
"Subinks333299","14","8","22"
"sudarzzz","9","13","22"
"Sunilshah1963","11","11","22"
"supergolhashemi","11","11","22"
"TALEKSANDR","12","10","22"
"tall7070","12","10","22"
"Tamizh777","9","13","22"
"TarekBakeer11","10","12","22"
"The_Illumined","12","10","22"
"The-Night-Mare","11","11","22"
"Thehan-Dalu","12","10","22"
"theoriginalusername","11","11","22"
"TheRake620","12","10","22"
"TheVariation123","12","10","22"
"Thisgameisfreeforyou","12","10","22"
"THLuuKiemlop3-1","11","11","22"
"thoughtism","10","12","22"
"Tiemurr68","11","11","22"
"Timzgate","12","10","22"
"TipsyMc","11","11","22"
"Tomas9010","11","11","22"
"torontoo99","11","11","22"
"TravyDubs","10","12","22"
"Tugolbai_1955","10","12","22"
"tunder2022","9","13","22"
"uekmyf","11","11","22"
"UfukErdem08","12","10","22"
"Ummer20","12","10","22"
"UncleClode","11","11","22"
"urubu","10","12","22"
"user888zzz","10","12","22"
"uzman65","12","10","22"
"veganwithabeef","11","11","22"
"veloster4516","12","10","22"
"vhmehlem","10","12","22"
"vik187","12","10","22"
"vikt1948","10","12","22"
"viktoria_drakon","12","10","22"
"viktorrom","11","11","22"
"VladiusK","11","11","22"
"vladselin47","11","11","22"
"walkalone60","11","11","22"
"Wapor321","11","11","22"
"warking9958","9","13","22"
"warlthzockt","10","12","22"
"Weiawaga","13","9","22"
"wissiflue","12","10","22"
"wizyu","10","12","22"
"wpttpw","12","10","22"
"xantychess","11","11","22"
"xequexique","10","12","22"
"yakilll","11","11","22"
"Yaman_13","10","12","22"
"yasser_essa","12","10","22"
"yku","13","9","22"
"yousef1234","11","11","22"
"yramesh123","12","10","22"
"YRII_BELIKOV","11","11","22"
"Zaebhonks","10","12","22"
"zainunxt","12","10","22"
"zander265","13","9","22"
"zara206","11","11","22"
"ZaWn123","11","11","22"
"zeke1092","10","12","22"
"ZLion69","11","11","22"
"zodiabduraman","10","12","22"
"Zuzska","10","12","22"
"a2aywb","10","11","21"
"AbbasMoosvi","11","10","21"
"abdi126","11","10","21"
"AboObidaa","11","10","21"
"Abuakrsiddig","11","10","21"
"abubakar206","10","11","21"
"AbuSedary","11","10","21"
"Accept3","10","11","21"
"acemi0146","10","11","21"
"Adel0990","10","11","21"
"Adrian_chase1","10","11","21"
"aghajoon1954","10","11","21"
"Agrelio","10","11","21"
"AhmadMBA","10","11","21"
"ahmed_aysha","9","12","21"
"Ahmed70Shata","12","9","21"
"Ahmedgabbour","10","11","21"
"ahura1393","11","10","21"
"aidanW4","9","12","21"
"airwind1975","11","10","21"
"ajederzzsh","11","10","21"
"AJonuzi1990","11","10","21"
"AkwasiReid","12","9","21"
"aladsura","10","11","21"
"Alameenallu","11","10","21"
"alan790","10","11","21"
"AlEf-314","11","10","21"
"aleksejkugakalov","10","11","21"
"Aleksey_Arh","11","10","21"
"Alex1975lavr","11","10","21"
"Alexandr_Kuznetsov","10","11","21"
"Alexey_Zdyumaev","11","10","21"
"alexkrav","11","10","21"
"Ali139000","13","8","21"
"aliking139","12","9","21"
"AlimasovVA","10","11","21"
"alimean","10","11","21"
"AliS-T","10","11","21"
"alneel","9","12","21"
"Alphazero2023","9","12","21"
"amer199077","11","10","21"
"Amir44250","16","5","21"
"Anatolyx","10","11","21"
"Anatomaz","12","9","21"
"andi_mubarak","10","11","21"
"AndreyZabr","11","10","21"
"Andrzej09","10","11","21"
"Andurby","12","9","21"
"aneg41_76","10","11","21"
"ankitakc","11","10","21"
"anteima","12","9","21"
"Anthp2020","11","10","21"
"antonio48","10","11","21"
"anupaminvent","12","9","21"
"APG1969","11","10","21"
"araddarvishi","11","10","21"
"arcaka","10","11","21"
"Argentina44","11","10","21"
"artem152000","12","9","21"
"Asadulla59","10","11","21"
"asclepiade","11","10","21"
"AshWB","10","11","21"
"AskarAlzhanov","11","10","21"
"asterixtwin","11","10","21"
"Astur_Piquero","9","12","21"
"Asu777","10","11","21"
"averageatbest84","11","10","21"
"BadHarry","10","11","21"
"BadMojo24","10","11","21"
"baha212","10","11","21"
"Baracus1971","11","10","21"
"bassem1714567","10","11","21"
"Be-a-Goldfish","11","10","21"
"beammeupscotty13","11","10","21"
"Beerbody","10","11","21"
"belal2210","10","11","21"
"belsaile","9","12","21"
"Beni_king","10","11","21"
"BergeroMauricio","10","11","21"
"bigfatlazycat","10","11","21"
"BigKuznic1","12","9","21"
"Bijouxuxu","10","11","21"
"BlueBerryBoulevard","9","12","21"
"Bogdan_82K","11","10","21"
"bolder58","10","11","21"
"bombasticsideeye0","11","10","21"
"bouhcin","10","11","21"
"brightsand","10","11","21"
"Brockhausen1961","10","11","21"
"Bugj","11","10","21"
"BulatTimer","11","10","21"
"Bywival","11","10","21"
"C0oL","10","11","21"
"Caballero80","10","11","21"
"Calvin_Bot","12","9","21"
"canerozet","11","10","21"
"Carlosdom","11","10","21"
"Carolen","12","9","21"
"catalinveve","11","10","21"
"catkislav","13","8","21"
"cebrail8181","11","10","21"
"Cezan","11","10","21"
"Chelyos","11","10","21"
"Chess_Jen","11","10","21"
"chessplyer999999","8","13","21"
"chesstarek","10","11","21"
"ChideraOnyeka02","11","10","21"
"cilindrel","11","10","21"
"Claudioabilio","10","11","21"
"cocofoam","10","11","21"
"Countingdays4","10","11","21"
"crana1","12","9","21"
"CristianChess1985","10","11","21"
"Cristobal_Jelvez","11","10","21"
"Csolis70","11","10","21"
"cvrcak54","9","12","21"
"D-G-M","10","11","21"
"Daniel_2005-russia","10","11","21"
"danubiobraga","11","10","21"
"darkman-russia","11","10","21"
"Darko13","11","10","21"
"Dbozz55","9","12","21"
"dekel1926","10","11","21"
"Deleonsknight","10","11","21"
"Denzvill","10","11","21"
"Derblaueradler","11","10","21"
"determinedalways","11","10","21"
"dgv007","10","11","21"
"dimagur10","10","11","21"
"dippoldi","11","10","21"
"dk2008","10","11","21"
"dmajid","11","10","21"
"Dmitry-chess-master","10","11","21"
"dola1982","10","11","21"
"dOMesAn","12","9","21"
"Domovenok29","11","10","21"
"DonLucho12","10","11","21"
"Dorbes","13","8","21"
"dr010","10","11","21"
"Dubie205","11","10","21"
"Dubna","10","11","21"
"dweezilchessington","11","10","21"
"DXDM","10","11","21"
"eateos211244","10","11","21"
"Ecamarero1","10","11","21"
"edmaluleque","9","12","21"
"Eduardo8481","11","10","21"
"Elcarpintero2424","9","12","21"
"elletsirhc","10","11","21"
"emanuelsong1","11","10","21"
"EnterOriginalUser","10","11","21"
"Epex83","12","9","21"
"equiseto","11","10","21"
"Erika-1140","12","9","21"
"Erv_chess","11","10","21"
"escorpion20","10","11","21"
"Etecsa-7","11","10","21"
"fabiocc61","11","10","21"
"fafafifi","10","11","21"
"FairPlay66","11","10","21"
"Fandialakabani","10","11","21"
"farhannawra","10","11","21"
"FedyaSiz","9","12","21"
"Feelxpawn","9","12","21"
"fercam19","12","9","21"
"Fitzsch","11","10","21"
"Fokuno","10","11","21"
"follett","7","14","21"
"ForgeOfBerlin","10","11","21"
"FoxyMatt","10","11","21"
"frankocesarb","10","11","21"
"Frescura02","12","9","21"
"frogposter69","12","9","21"
"frostshattering","10","11","21"
"G68sisyphos","11","10","21"
"Gambitos2022","11","10","21"
"Gektsis","10","11","21"
"Gio_Man63","10","11","21"
"Glendhel","11","10","21"
"gmalva78","9","12","21"
"goegedaan","11","10","21"
"gofriendmove","11","10","21"
"gugupvup","11","10","21"
"gumbo60","11","10","21"
"h13371016","11","10","21"
"hamdy_mousa","10","11","21"
"Hasemrahmon","10","11","21"
"Hassan_chess22","11","10","21"
"Hega5","10","11","21"
"hhbaran","10","11","21"
"hhoso55","10","11","21"
"hifilandon","9","12","21"
"HillelCh","10","11","21"
"Hiroshima-Cuba","11","10","21"
"Hisham73","10","11","21"
"Hujarab","11","10","21"
"HUNTING1KING","11","10","21"
"Hydrophobinator","9","12","21"
"iano56","9","12","21"
"igvas04","11","10","21"
"Ihor_Khonkiv","10","11","21"
"IkoyLpz","11","10","21"
"illyas_ibrahim","9","12","21"
"ilya0808","9","12","21"
"irfanrfanccn09","11","10","21"
"Islam050556","13","8","21"
"ivan_navy","11","10","21"
"IvanPetarnichki","10","11","21"
"Jabrik_Pakansari","11","10","21"
"jakobcashmoney","11","10","21"
"jamaleddine","12","9","21"
"JAMDC","9","12","21"
"jandilson-cursino","11","10","21"
"JankoMily420","11","10","21"
"jmlb29","10","11","21"
"jonasrbl","10","11","21"
"JonjonesDc","10","11","21"
"Jontoby","12","9","21"
"jos2107","11","10","21"
"JoseMezaM","9","12","21"
"jovanchess256","12","9","21"
"jpedro35","11","10","21"
"jrken","11","10","21"
"julian20066","10","11","21"
"Jusva76","11","10","21"
"k4sakki","9","12","21"
"kaoatshino","10","11","21"
"Karabo_Mokete","10","11","21"
"karl_kaefer","11","10","21"
"karpoxxez","11","10","21"
"karsin26","9","12","21"
"KashindeB","9","12","21"
"Kavish20","10","11","21"
"Khatir","11","10","21"
"kitaevnd","11","10","21"
"Kleopatra07","12","9","21"
"KnoxOut","11","10","21"
"knpant231","11","10","21"
"Knut78","11","10","21"
"KochevS","10","11","21"
"korneplodofff","10","11","21"
"Kostya832","10","11","21"
"krish85","10","11","21"
"Kunaiyi","11","10","21"
"kutnjaci","12","9","21"
"kutti_28","11","10","21"
"l_inh","11","10","21"
"Largehammer33","11","10","21"
"latorreifel","12","9","21"
"Leanyfalu","13","8","21"
"Lema15","10","11","21"
"Lemaitre20","12","9","21"
"LeoMburucuya","10","11","21"
"LeonErnesto","10","11","21"
"leopoldo_kalina","10","11","21"
"Levinson101","11","10","21"
"LewisThePoois","10","11","21"
"likanchess","11","10","21"
"LikeMike12","11","10","21"
"Lindispro","10","11","21"
"lipstixred","11","10","21"
"lisi4404","12","9","21"
"lumasa1","12","9","21"
"Lumopa_caturMitra","11","10","21"
"M45terNdeso","11","10","21"
"MaaanGust","9","12","21"
"Mafia769","11","10","21"
"Manuel_Innocenti","9","12","21"
"manuelbart","12","9","21"
"Marcelo_negoveio","10","11","21"
"MarcosMax1","11","10","21"
"Marimila","10","11","21"
"marinin87","12","9","21"
"markeloviv","11","10","21"
"MatteoFranze","12","9","21"
"Matvey_Smolenskiy","11","10","21"
"mau1673","10","11","21"
"maulen_Kungrad","11","10","21"
"Maxctb","11","10","21"
"maypio","10","11","21"
"mazsola","11","10","21"
"megustamucho","9","12","21"
"mejrman","9","12","21"
"mekoy0803","10","11","21"
"Melkemary","11","10","21"
"Mfadil53","10","11","21"
"Microscopic_Plastic","11","10","21"
"miguelaperezbottaro","10","11","21"
"Mihail4545","10","11","21"
"Mikhail16021973","10","11","21"
"milad98","6","15","21"
"Milovess81019","11","10","21"
"mirkoilmatto","9","12","21"
"MirroRClouD","10","11","21"
"Misoba","10","11","21"
"MISTI10","9","12","21"
"mixed_chillies","12","9","21"
"mladjo","10","11","21"
"mobin46","8","13","21"
"mohahakel","11","10","21"
"mohamadnour7","10","11","21"
"mohamed2278","10","11","21"
"Monday32114","10","11","21"
"mondel-2","11","10","21"
"mongolishe","11","10","21"
"MONOMANE","11","10","21"
"Moranti56","12","9","21"
"MrBlunderini","10","11","21"
"Mulche","10","11","21"
"munieco","11","10","21"
"mwo28","11","10","21"
"n10jaiswal","12","9","21"
"Naderghasemi68","12","9","21"
"Nahusennay","11","10","21"
"navedaaaa","11","10","21"
"Naveenppl","10","11","21"
"Navnits","9","12","21"
"neil-robinson","10","11","21"
"Nelli-Fetisova","11","10","21"
"NGEYWO","10","11","21"
"nickross","11","10","21"
"nikolai555nikolai555","9","12","21"
"Nikolay_Uschak","10","11","21"
"NilBax","11","10","21"
"nono_on_the_beach","11","10","21"
"Noreni","12","9","21"
"Norman_chu","11","10","21"
"NOtrapguy","13","8","21"
"nouraziz1234","11","10","21"
"nstayn","10","11","21"
"ofirb","10","11","21"
"OlegNazarovv","11","10","21"
"Om-ar","10","11","21"
"Omaradonna","12","9","21"
"On3NexuS","9","12","21"
"OnlytwoGen","11","10","21"
"OSIPOV21","10","11","21"
"OstapivAndrey1984","11","10","21"
"Otgontugs","11","10","21"
"OTHMAN2004","9","12","21"
"ozcanandic21","10","11","21"
"PacoRibes","12","9","21"
"padak7","11","10","21"
"pakizebursa","12","9","21"
"papapevegivmabody","11","10","21"
"parsakhn","8","13","21"
"Parvanv","10","11","21"
"Pashovsk","11","10","21"
"Pasil","10","11","21"
"PATOUNE21","12","9","21"
"Patrickcekwane","10","11","21"
"paxfpl","11","10","21"
"Pbtoalberti","10","11","21"
"Pepi1943","10","11","21"
"perotto23","11","10","21"
"Peterbull","11","10","21"
"phearlezz","11","10","21"
"phtarudkar","10","11","21"
"pinipon","11","10","21"
"pivopelmeni","10","11","21"
"POKAI79","11","10","21"
"prasad8484","10","11","21"
"PrishTG","10","11","21"
"Puchunk","11","10","21"
"punxwithguns","10","11","21"
"Queen888","10","11","21"
"radoNr18","15","6","21"
"rageshadow08","11","10","21"
"rallye0","9","12","21"
"ranisavdjurodjuric","11","10","21"
"Raven1000","9","12","21"
"raziasim","10","11","21"
"Razielmorales","10","11","21"
"rdean0670","10","11","21"
"Reda8666","12","9","21"
"REFUGIO58","10","11","21"
"renen08estoya74","10","11","21"
"Rijahas","10","11","21"
"rinatgaliev","11","10","21"
"rinMaDoc89","11","10","21"
"RISIK76","9","12","21"
"Rittot","10","11","21"
"rmanuales81","11","10","21"
"RMSLev1","11","10","21"
"Robocoop71","11","10","21"
"rockyramyan","12","9","21"
"rodcm","10","11","21"
"RoidelCortes","10","11","21"
"Roj82","11","10","21"
"Romcio","10","11","21"
"Rooksdown","10","11","21"
"RPLP_PLAY","11","10","21"
"Rrabbi160","10","11","21"
"ruhul_sde","12","9","21"
"Rumen_Angelov","11","10","21"
"rusemobile","11","10","21"
"rxrywatsxn","10","11","21"
"s_trange_r","10","11","21"
"saeednokarizi","11","10","21"
"salepisang1","9","12","21"
"saltbeef","12","9","21"
"samy79","10","11","21"
"sartajchawla","11","10","21"
"SarthaSinha","10","11","21"
"sasa_croatia","10","11","21"
"seinedudheit","8","13","21"
"Semihsaray1905","9","12","21"
"sergeares","10","11","21"
"sergei29","11","10","21"
"Serindit1malam","11","10","21"
"Serios_sam","10","11","21"
"shakedvolski1","10","11","21"
"shdhamidreza","11","10","21"
"shelikecarti","11","10","21"
"Shirdel80","10","11","21"
"Shreehar_KE","10","11","21"
"shubham8239","10","11","21"
"Sibor2000","6","15","21"
"sidian98","9","12","21"
"simonraes87","10","11","21"
"sirkaam","9","12","21"
"SMP43PLG","11","10","21"
"sncane","11","10","21"
"Soycamilojaque","11","10","21"
"spideym","11","10","21"
"stambol","10","11","21"
"Stennospain","11","10","21"
"Stranger9","10","11","21"
"SubodhRawat","12","9","21"
"Suryso","10","11","21"
"sutcac1","11","10","21"
"sutiljomacam","11","10","21"
"svrcco","11","10","21"
"Swag19602","11","10","21"
"tamirci12","12","9","21"
"tammam_gh","10","11","21"
"tanish_220505","10","11","21"
"TaterT0Ts","12","9","21"
"tcpowerexe","11","10","21"
"TeeDee11","11","10","21"
"tejovikas","11","10","21"
"telnovnm","10","11","21"
"Teoman_Dogan","10","11","21"
"ThierryLejzerowicz","11","10","21"
"thorfinnkarlsefni123","10","11","21"
"Tom_tom42","9","12","21"
"Tom992","11","10","21"
"tomsevans8","9","12","21"
"tonino777","10","11","21"
"Tony2109","12","9","21"
"toppicot","10","11","21"
"TriHieu","10","11","21"
"Trikillo97","10","11","21"
"Tshengelia2021","12","9","21"
"TSolisCL","11","10","21"
"tukangmontir","12","9","21"
"TulqinUZB","10","11","21"
"Tumbler123","11","10","21"
"Turhapuro","11","10","21"
"TwoRiks","11","10","21"
"Ubogovich_Vlad_13","11","10","21"
"umbikop2112","11","10","21"
"USSR68","11","10","21"
"Ustyugov","12","9","21"
"valen2000","10","11","21"
"ValeriyUsoltsev","11","10","21"
"ValhallaRising01","10","11","21"
"Vansh_04","10","11","21"
"varian09","11","10","21"
"vasilevDmitri","8","13","21"
"vencopat","10","11","21"
"verberghe","10","11","21"
"Victor___k","11","10","21"
"vidamala","10","11","21"
"ViorelM","11","10","21"
"VipFantik","12","9","21"
"VishnuSindhu1997","11","10","21"
"vitalie-vitalie","9","12","21"
"vitalikoz","9","12","21"
"VitaliyNem","11","10","21"
"weiherhase","11","10","21"
"wolfstore","10","11","21"
"Worfman","10","11","21"
"WorkHorse526","10","11","21"
"X7-BOB","11","10","21"
"xerocomusrubellus","10","11","21"
"YakYolla","10","11","21"
"yarorocks","10","11","21"
"YaRyL0","10","11","21"
"Yo-Akim","11","10","21"
"YTSJohn3","10","11","21"
"Zahra_Pourebrahim","11","10","21"
"zaklouta","10","11","21"
"zedmike","10","11","21"
"Zino571","10","11","21"
"zorbadizi","9","12","21"
"ZuberAhmed","11","10","21"
"a-shashkov","10","10","20"
"a230igor","8","12","20"
"Abdullah_452","11","9","20"
"Abdulpolaniec","11","9","20"
"Abobssam1986","10","10","20"
"Abofazlrd","11","9","20"
"Abohosam71m","10","10","20"
"ACurra","9","11","20"
"ademyaman","8","12","20"
"Adume","11","9","20"
"AEN_tulkubas","9","11","20"
"afer123","9","11","20"
"AfifYatid","10","10","20"
"Agreytic","10","10","20"
"AIME225","9","11","20"
"aisrn","8","12","20"
"aissou","10","10","20"
"AJK123ab_at","10","10","20"
"akaurjasleen","10","10","20"
"akulenok102","8","12","20"
"Alaa963","9","11","20"
"alainjean","10","10","20"
"aldocartegni","11","9","20"
"Aleksey_Shmakov","10","10","20"
"alekuncoro09","10","10","20"
"alessandroraida","11","9","20"
"Alex_Kris","10","10","20"
"AlexanderKonrad","10","10","20"
"alexhab","9","11","20"
"alhaydara","10","10","20"
"Alidore","10","10","20"
"aliozdemir11","10","10","20"
"Alisghars","10","10","20"
"AllanSimba21","10","10","20"
"alpierac","9","11","20"
"Alyaska666","9","11","20"
"amitaf1976","9","11","20"
"and22_rd","12","8","20"
"andi9941032","11","9","20"
"andrescjoao","11","9","20"
"AndrewTfan","11","9","20"
"anesca","10","10","20"
"Annulik","10","10","20"
"AnteAnte","9","11","20"
"ANZIM","9","11","20"
"ardnil","9","11","20"
"Arion17","10","10","20"
"arjun_patil","12","8","20"
"aroireg","12","8","20"
"arpix","10","10","20"
"Arquimedes0505","11","9","20"
"Arshan_amiri","10","10","20"
"artinbahojb1387","10","10","20"
"Ascaso36","11","9","20"
"Aset_Nv","10","10","20"
"ashoksor19","11","9","20"
"Aslamkakar","9","11","20"
"asp-au","9","11","20"
"aster1982","10","10","20"
"atam123","11","9","20"
"atan1967","10","10","20"
"Atsamazik","10","10","20"
"Aukethai","10","10","20"
"Aut0poi3sis","10","10","20"
"AWoeller","8","12","20"
"Axelsamui","11","9","20"
"axiavo","10","10","20"
"AzutarA","10","10","20"
"baa_baa","11","9","20"
"BabuinPavian","11","9","20"
"Bad_boy1987","10","10","20"
"Badstan","12","8","20"
"Bands007","11","9","20"
"barbarik77","11","9","20"
"Barbaris8014","10","10","20"
"Barmoley73","11","9","20"
"BarusBuntu","9","11","20"
"bas-TCC","11","9","20"
"basem_10","11","9","20"
"basilio20","10","10","20"
"Bata1111","12","8","20"
"batakci","10","10","20"
"beautiful_mind8","11","9","20"
"Bedo2002","10","10","20"
"BenjaKababa","9","11","20"
"bernardiarmando","9","11","20"
"bernardoMBS","10","10","20"
"Bertaab","12","8","20"
"Bharathiii","11","9","20"
"Billzibut","10","10","20"
"BlackCode17","12","8","20"
"Blanqui69","10","10","20"
"blingboyduck","11","9","20"
"BlokhinOleg","10","10","20"
"blring89","10","10","20"
"blunderouswonder","11","9","20"
"Bobby0531","10","10","20"
"Bogdan_5","11","9","20"
"Bonnie04","9","11","20"
"Boris_bob","10","10","20"
"BraydenM","8","12","20"
"brestarinio","11","9","20"
"bromi0","11","9","20"
"brosha","11","9","20"
"buboko0111","9","11","20"
"BuBu-007","11","9","20"
"Bugnon","9","11","20"
"bulut6161","10","10","20"
"BurakHakan61","11","9","20"
"burgergensec","10","10","20"
"Butanzura","9","11","20"
"cabalsanti","11","9","20"
"Caiobas","10","10","20"
"carlin_s1","10","10","20"
"carolinacanavati","10","10","20"
"Caruso17","9","11","20"
"caviarmaster","10","10","20"
"CB1903","11","9","20"
"cerenimo35","10","10","20"
"CevahirBulut","10","10","20"
"chele_1978","9","11","20"
"Chess_Yap","10","10","20"
"chessfan1023","10","10","20"
"chickenAI","10","10","20"
"chinniw","10","10","20"
"chitti77777","9","11","20"
"Chris_1971","10","10","20"
"chris_p37","9","11","20"
"Cieljm","8","12","20"
"CIRCLE-K","9","11","20"
"citron14","10","10","20"
"cj2203","8","12","20"
"CJmck","10","10","20"
"cks93","9","11","20"
"clebelks","11","9","20"
"con17","10","10","20"
"condemor27","10","10","20"
"CORVUSftg1","10","10","20"
"Creng666","2","18","20"
"CrescenteM","10","10","20"
"Cretix","10","10","20"
"CristinaOR","10","10","20"
"csbenjamin","10","10","20"
"cstiffi72","11","9","20"
"d52276ev","11","9","20"
"Dang_PercasiBanjar","10","10","20"
"danger1987","11","9","20"
"Darioescaris","11","9","20"
"Darixei","9","11","20"
"darryl1994","8","12","20"
"Darvilo","10","10","20"
"davapirat13","10","10","20"
"dawe12329","9","11","20"
"ddd60","10","10","20"
"Dedulya1941","11","9","20"
"DenisRakov","11","9","20"
"Deo_Gorakhpuri","11","9","20"
"deoracle","10","10","20"
"Didineeee","12","8","20"
"Digmarlg","10","10","20"
"Dineo07","10","10","20"
"divyansh0730","10","10","20"
"dkaps74","10","10","20"
"dobrodetel29","10","10","20"
"dorianlouis","10","10","20"
"doubledjp","10","10","20"
"Drammock","10","10","20"
"dreamwalker00","9","11","20"
"DrPie314","11","9","20"
"Ducos","10","10","20"
"dxm11","12","8","20"
"edvsr","10","10","20"
"efeoloji","11","9","20"
"egor_2424_1","11","9","20"
"Elysee","9","11","20"
"Emirhan77sosolllllll","11","9","20"
"ercanceylan1973","10","10","20"
"Erdi56","10","10","20"
"Eric3707","9","11","20"
"erulrs1112","10","10","20"
"EslamAdel101","12","8","20"
"essgartendad","11","9","20"
"euventura","9","11","20"
"evgen417","11","9","20"
"evz_i_like_chess","11","9","20"
"ExequielCaldas","9","11","20"
"faisalponmala","18","2","20"
"farbetter","10","10","20"
"Farfh","10","10","20"
"farhani123","11","9","20"
"farshadmehr","9","11","20"
"FCSM1977","10","10","20"
"fedun2016","10","10","20"
"Felix_Felicis_7","9","11","20"
"Ferhatgurdal","10","10","20"
"fernwright","9","11","20"
"FJBA1","10","10","20"
"flame94","10","10","20"
"fmayer290","10","10","20"
"Fouinyx","9","11","20"
"Frankie50","10","10","20"
"Frxddy23","10","10","20"
"fugukgsmukfufjm","9","11","20"
"funwell_db","11","9","20"
"fyitsmeeno","9","11","20"
"gabrielmonchimanchas","8","12","20"
"galelobrnardsho","7","13","20"
"GAMARRA01","10","10","20"
"gchmea","8","12","20"
"Georgy_Grigorjev","9","11","20"
"geosahar","10","10","20"
"ghaslow","10","10","20"
"gift1991","10","10","20"
"giro1942","10","10","20"
"godd238","11","9","20"
"GonzaElcuerdo","9","11","20"
"gunesus","10","10","20"
"HaBe2402","14","6","20"
"haghighi1339hassan","10","10","20"
"hamedmohammadiyar","9","11","20"
"HangAllMyPieces","11","9","20"
"HansworschdX1000","10","10","20"
"HaryanaChess","10","10","20"
"Hayath-Basha","9","11","20"
"hectorLMYTxX","10","10","20"
"helicopter666228","10","10","20"
"hikoseiyuro","10","10","20"
"Hinso5","10","10","20"
"Hoo7236","9","11","20"
"horacio4822","10","10","20"
"Horstele","8","12","20"
"hottmmann","9","11","20"
"hphp1750","15","5","20"
"hq50","10","10","20"
"hugojgrueninger","8","12","20"
"HunerKurd","12","8","20"
"I_NDIA","10","10","20"
"ibooo","8","12","20"
"idriz11","9","11","20"
"ilyesrolle","11","9","20"
"IMAN1205","10","10","20"
"Imanool98","11","9","20"
"Informapitecus","9","11","20"
"Ingoglas2","10","10","20"
"InkComyet","11","9","20"
"Innobte","9","11","20"
"InsertNameHereXD","11","9","20"
"Inthuun","10","10","20"
"Isuckatchesssorryno","11","9","20"
"ITACHI0314","11","9","20"
"itsimortals","10","10","20"
"Ivan19865","10","10","20"
"ivanpaiu","10","10","20"
"JacKFallen","10","10","20"
"jacktheripper08","10","10","20"
"Jake_the_dog360","10","10","20"
"Jalich","12","8","20"
"jeancras","10","10","20"
"Jero2760","10","10","20"
"JFenix","8","12","20"
"jFufi","10","10","20"
"jil09jogo","10","10","20"
"Jisoopig","10","10","20"
"Jkjkjp","8","12","20"
"Joedoeloverboy","11","9","20"
"john_999","11","9","20"
"JohnnyS69","11","9","20"
"johnol","11","9","20"
"jorsangar","10","10","20"
"joshua_W","11","9","20"
"JosielGava","10","10","20"
"josuemdg","11","9","20"
"juliojo","11","9","20"
"JulsMeiMimi","10","10","20"
"JustB_93","11","9","20"
"k1ngpin83","9","11","20"
"Kaesar11","10","10","20"
"kalpeshmuranjan","11","9","20"
"Kambaryanvitaliy","10","10","20"
"Kandanuvisa","9","11","20"
"Karanja","11","9","20"
"kenrover","10","10","20"
"Khaled0301","10","10","20"
"Khaled60","11","9","20"
"Khaled651","9","11","20"
"khanrafat","10","10","20"
"khurshed0204","12","8","20"
"khvace","10","10","20"
"KingWallace14","9","11","20"
"Kkante","8","12","20"
"klein245","10","10","20"
"Kongr","9","11","20"
"Konstantin1967","12","8","20"
"KonstantinSarM","10","10","20"
"Kornelia-68","10","10","20"
"KotesWar","10","10","20"
"krc20","10","10","20"
"Kryxz95","10","10","20"
"KSR80","9","11","20"
"kuruppuspmc","10","10","20"
"Ladej17","11","9","20"
"lakasmotalaga","12","8","20"
"LaSloov","10","10","20"
"LastPlaceRookie","9","11","20"
"lechem7","10","10","20"
"legolasssalogel","9","11","20"
"letheriver","10","10","20"
"LiebeDDR","10","10","20"
"LittleRaccoon","10","10","20"
"lm123","10","10","20"
"lmrodrigues02","7","13","20"
"Luizma","10","10","20"
"lukinhaz313","11","9","20"
"lumoshrs","11","9","20"
"LuxuryNoob","11","9","20"
"lvan_korzhov","9","11","20"
"m_hatta","10","10","20"
"M116","9","11","20"
"M6zio","10","10","20"
"maaiatitte","10","10","20"
"MadeleineBa","11","9","20"
"maghsud","11","9","20"
"makamba69","9","11","20"
"malvital","9","11","20"
"manix92","11","9","20"
"marcoarmonica","11","9","20"
"MargeChess43","9","11","20"
"Mauricio_8","9","11","20"
"max19811","11","9","20"
"Mazeda","11","9","20"
"meanknight","10","10","20"
"meham","11","9","20"
"mehranfazeli","9","11","20"
"memoryan35","9","11","20"
"MHSedky","10","10","20"
"Mi_Russkie_snami_Bog","10","10","20"
"micmacadam","9","11","20"
"mishraraj24","10","10","20"
"mister_bro1","10","10","20"
"Mitch2550","11","9","20"
"mjbabri","9","11","20"
"MJLando","11","9","20"
"mmoya66","13","7","20"
"mmx255","9","11","20"
"mobabei2023","9","11","20"
"MocoJ","11","9","20"
"mohamad133","10","10","20"
"mohamdsideddra","10","10","20"
"mohamed_715","10","10","20"
"MohamedAssem22","10","10","20"
"mohammed_samir","10","10","20"
"mohit_0909","9","11","20"
"Mohsha22","10","10","20"
"momafiaa","10","10","20"
"MonchoBrandan","10","10","20"
"moxirxon","11","9","20"
"Mpk2004","10","10","20"
"Mrkacem","10","10","20"
"mrmont","12","8","20"
"MRNMRN","10","10","20"
"MSRAJAN2K","9","11","20"
"muchachess","11","9","20"
"muhtesemkadir","9","11","20"
"mukeshkootal","11","9","20"
"murufu","8","12","20"
"muskankabra1","10","10","20"
"mzyolcu","10","10","20"
"NAB12","11","9","20"
"NabinPlaysChess","11","9","20"
"nagaman5","7","13","20"
"Nana50","13","7","20"
"NAPOIV","11","9","20"
"Natan078muradV","10","10","20"
"NaveenReddy9","9","11","20"
"NazriiSaleh","10","10","20"
"ncolasantacruz","10","10","20"
"Nedel_espacio64","10","10","20"
"nelch","10","10","20"
"nestor54","11","9","20"
"newhoka","9","11","20"
"ngoc2015","10","10","20"
"Ngofa_Tidore","11","9","20"
"ngyshs","10","10","20"
"nick1958","11","9","20"
"nicomimobro","10","10","20"
"Nikolai_91","9","11","20"
"nilanerda","10","10","20"
"Nilawar0","10","10","20"
"ninka0245","11","9","20"
"ninojincharadze","9","11","20"
"noory1342","10","10","20"
"november001","9","11","20"
"NoviceHacker","9","11","20"
"NurislamZak","11","9","20"
"o_8_o","9","11","20"
"ocorvo2","9","11","20"
"Odey0512","11","9","20"
"oi57_4","11","9","20"
"Okeke22","10","10","20"
"Okko-MrBlunder","9","11","20"
"Okval","10","10","20"
"Oleg19581","9","11","20"
"Olivierfrance","10","10","20"
"omid1382","11","9","20"
"Omkarchamp","10","10","20"
"ON65","11","9","20"
"ONE_UNIVERSE","9","11","20"
"OnlineA","10","10","20"
"onyekanwuba","9","11","20"
"OPC_ibra10","10","10","20"
"ops540","9","11","20"
"orakgacor","9","11","20"
"osama53","10","10","20"
"oSantan_Dave","9","11","20"
"Oscarchesss","9","11","20"
"oyegenit","11","9","20"
"Ozodbek83","10","10","20"
"P3Partner","10","10","20"
"pachd34","10","10","20"
"packo169","10","10","20"
"Paco_Rosa","10","10","20"
"pacoparis","8","12","20"
"PasHteT_1sT","11","9","20"
"Patoche271","8","12","20"
"patzerjoe","8","12","20"
"pawnsquat","9","11","20"
"Percival3M","10","10","20"
"perrym60","11","9","20"
"petr197421","9","11","20"
"phaattiee","10","10","20"
"phil37310","11","9","20"
"Philip-der-Erste","11","9","20"
"PierreFilatre","9","11","20"
"Pikriansah","11","9","20"
"pit-1959","10","10","20"
"player1nknown","11","9","20"
"PlotnikowAlex","11","9","20"
"PokProfi","9","11","20"
"polchkov","10","10","20"
"Poolinho","11","9","20"
"potze_sd","9","11","20"
"PrawnJuanDemarco","10","10","20"
"professor1963","18","2","20"
"prometeo432","9","11","20"
"Przemek1909","10","10","20"
"Pubudu84","11","9","20"
"Qai86","11","9","20"
"qitruq","10","10","20"
"Qqqqqqqqqqqqop","10","10","20"
"quantumchesse","10","10","20"
"Queencard1","9","11","20"
"quique005","9","11","20"
"qwpoqw","11","9","20"
"Raffaelesibilia","10","10","20"
"rahmatsafari1381","11","9","20"
"Rajesh9963","10","10","20"
"ramesh008","10","10","20"
"RamosJus50","11","9","20"
"randyblanco","9","11","20"
"Ranga_prasad_perera","9","11","20"
"raniarosnaidi","10","10","20"
"rapstu","10","10","20"
"Ravnos1982","9","11","20"
"Rda1223rda50","10","10","20"
"Redluca","9","11","20"
"Repeat28","9","11","20"
"ReubenLitherland","9","11","20"
"REVOLVER10","11","9","20"
"rindu338","10","10","20"
"RobertoAvancini","9","11","20"
"Roland4_7-587","11","9","20"
"Rolcavalcante","11","9","20"
"Roman860","11","9","20"
"romanek1987","9","11","20"
"romanovsky11","9","11","20"
"rominajakelyne","10","10","20"
"roy430","11","9","20"
"rudewaltz","7","13","20"
"SafetyX","10","10","20"
"sahmurat58","10","10","20"
"SaidChess85","10","10","20"
"Sajibeat","11","9","20"
"Sajjadhhhhossseini","9","11","20"
"Saman9191","11","9","20"
"sambono","11","9","20"
"SanchoPansa1984","9","11","20"
"Sandi_an","10","10","20"
"satheesh2337","9","11","20"
"Schachzabel","10","10","20"
"Sciddler","11","9","20"
"scorefrog","10","10","20"
"scotches24","11","9","20"
"scube10","11","9","20"
"Sediqi55","11","9","20"
"SEg_HIsHam","7","13","20"
"Semenoff_Sasha","10","10","20"
"seniorako","11","9","20"
"Serafimi123","11","9","20"
"serpentcorail","8","12","20"
"shafeiao","10","10","20"
"Shakh_Padishakh","11","9","20"
"shakouri0065","10","10","20"
"Shemizz","9","11","20"
"Shepelev1948","10","10","20"
"ShevRom","10","10","20"
"Shinee1122","10","10","20"
"Sireesh45","9","11","20"
"SlametS123","10","10","20"
"snedker","11","9","20"
"somthingdark","10","10","20"
"somu0692","10","10","20"
"soualhia05","10","10","20"
"Soul_Ami","10","10","20"
"spaceman44","11","9","20"
"Sparkplug63","10","10","20"
"spartacus-23","11","9","20"
"Spb-on-Don","11","9","20"
"SPIROS2008k","9","11","20"
"spvamv_chess","9","11","20"
"stallone_italiano","10","10","20"
"Stanislav1205","11","9","20"
"Starwars3D2","9","11","20"
"Stehel","9","11","20"
"sting53","10","10","20"
"stone2","10","10","20"
"StrongB","10","10","20"
"Stucastu","10","10","20"
"Subcasino","10","10","20"
"sugi_blitar","11","9","20"
"SUNILD","10","10","20"
"sunnytatla","9","11","20"
"superii","11","9","20"
"surajutc","10","10","20"
"Sushil_mishra","10","10","20"
"swamptramp","9","11","20"
"Sylar1926","11","9","20"
"TatapiH","10","10","20"
"tema11111","9","11","20"
"TexasTaxman","10","10","20"
"Tharamohan11","9","11","20"
"TheblackLion1405","10","10","20"
"THEDEEPAK","10","10","20"
"TimIs25","9","11","20"
"Toadzilla","10","10","20"
"Tolya-123","12","8","20"
"tom_hammad","10","10","20"
"tomiliboy","10","10","20"
"Toshenko","10","10","20"
"tour_test","10","10","20"
"Tropicalzeus","9","11","20"
"Tugsuu1208","9","11","20"
"UncleL","11","9","20"
"UrielJoabe18","9","11","20"
"vahid394","9","11","20"
"Valerii55","11","9","20"
"Valok1312","9","11","20"
"vanilivy","10","10","20"
"Vasyl999","10","10","20"
"veivexi","10","10","20"
"Veniamin18","9","11","20"
"Vicar777","10","10","20"
"Vihaanchavan","9","11","20"
"Vijayrana","10","10","20"
"viktor6464","10","10","20"
"vishalnaakar","11","9","20"
"Vladimir111111111111","2","18","20"
"VladislavPohily","9","11","20"
"voidkiller123","11","9","20"
"volehmann","11","9","20"
"Volkanyorkan","9","11","20"
"WahajZero","11","9","20"
"Walwad70","10","10","20"
"weber09","11","9","20"
"Weedmaster99","10","10","20"
"wellking","10","10","20"
"weyr2372","10","10","20"
"WIDROOW","10","10","20"
"wilemar_araujo","9","11","20"
"wilfredodiaz4","10","10","20"
"willywillo84","10","10","20"
"wnnaicecrm","10","10","20"
"WonderGalaxy6","15","5","20"
"wuyndisifjr","10","10","20"
"Yachtcaptain","11","9","20"
"yarahmadikhodadad","10","10","20"
"yASH_201123","10","10","20"
"yashashvisahu25","11","9","20"
"Yatingopinath23297","8","12","20"
"ybenkli","11","9","20"
"yey21","11","9","20"
"YorkshireTbag","10","10","20"
"YoungBoy17","10","10","20"
"Yuksel_Oya","11","9","20"
"yun_arman","11","9","20"
"Yunior33","10","10","20"
"YusufShihar","10","10","20"
"Zahid61","10","10","20"
"zalosh","10","10","20"
"zaxxxxxxar","11","9","20"
"ZdravkoPetarda","11","9","20"
"zhandos12","9","11","20"
"ZigoZago17","11","9","20"
"zijo123","10","10","20"
"zip07","10","10","20"
"Zoolzi","10","10","20"
"2700172","9","10","19"
"AAIsaiev","10","9","19"
"Aannddrruu","9","10","19"
"abaci07","11","8","19"
"abas123990","10","9","19"
"abdalhade121","8","11","19"
"Abdallh973s","9","10","19"
"Abdenour09","9","10","19"
"AbdullahTayinmak21","9","10","19"
"AbelErnest","9","10","19"
"abhi_chess1234","9","10","19"
"abokhaledbaranbo","9","10","19"
"abolfazltatal86","10","9","19"
"Abuscheitan","9","10","19"
"achelkash","11","8","19"
"AD_MAIORA","10","9","19"
"Addonn","9","10","19"
"ADevansh123","9","10","19"
"admin11982","10","9","19"
"aedna2007","10","9","19"
"afifudinGC","10","9","19"
"Afshingoftari","8","11","19"
"Agim12345","8","11","19"
"Aglaophotis","9","10","19"
"ahad2700","9","10","19"
"ahim6591","8","11","19"
"ahmadfahmiidris","9","10","19"
"AHMED666HAMDY","9","10","19"
"ahmedhano123","9","10","19"
"AhmetD34","9","10","19"
"airdean23","11","8","19"
"akcoru","10","9","19"
"alaadinn","9","10","19"
"Alaga","11","8","19"
"AleksandrAfonin","14","5","19"
"aleksandrtishina","9","10","19"
"alekse767","11","8","19"
"Aleksey-88","11","8","19"
"Alen001","8","11","19"
"Alesha32","9","10","19"
"Alex-V1987","9","10","19"
"Alex241224","10","9","19"
"AlexRoss101","9","10","19"
"alexwalker0398","8","11","19"
"ali-1016","8","11","19"
"ali1917","11","8","19"
"ali886531","10","9","19"
"alkostach","9","10","19"
"ALop74","9","10","19"
"AltmanVlad","9","10","19"
"alyurm","10","9","19"
"amimainak","8","11","19"
"aminsamavati","10","9","19"
"amirreza_mos92","10","9","19"
"Anbuonchess","9","10","19"
"andari_061221","9","10","19"
"ander16","8","11","19"
"Andr888","9","10","19"
"andrei1341","10","9","19"
"Andrenki","10","9","19"
"Andrey73","9","10","19"
"andreyshchegolev","7","12","19"
"Angelo1966","9","10","19"
"AnhHQ","9","10","19"
"AnicI","7","12","19"
"anton36ve","9","10","19"
"antonioajedreces","9","10","19"
"Antoniocc","10","9","19"
"AntonovDeniss1","11","8","19"
"AntonSannikov1993","9","10","19"
"arciz76","10","9","19"
"aris_cisagabanjar","9","10","19"
"armandho7","8","11","19"
"Arshad1952","8","11","19"
"art272727","9","10","19"
"ArtemKChess","9","10","19"
"ASD1958","11","8","19"
"asifmulani","10","9","19"
"asket38","10","9","19"
"ASra5620","10","9","19"
"AugedesBetrachters","8","11","19"
"Augusto56","9","10","19"
"augustus_65375","10","9","19"
"AwesomeChess123","9","10","19"
"aymangt","10","9","19"
"Azazel_1991","10","9","19"
"B0ringExcitment","10","9","19"
"BabyBarista","8","11","19"
"BadiGGH","10","9","19"
"Bandie","9","10","19"
"bandungcincau","10","9","19"
"baqueroman","9","10","19"
"Bauertubaice","9","10","19"
"Bayanaa2020","10","9","19"
"baydaa","10","9","19"
"Bbbbb114","10","9","19"
"bbkinga","9","10","19"
"belacobol","9","10","19"
"Belal_cr7","9","10","19"
"BeneSantos","8","11","19"
"benztoyzII","10","9","19"
"Berrak_D","9","10","19"
"Bhuvankarthikeya07","10","9","19"
"bigkamion","10","9","19"
"bijangholipoor","10","9","19"
"Biondo65","9","10","19"
"Bkchess21","10","9","19"
"BlackShark2024","10","9","19"
"Blinchevsky","10","9","19"
"Blunder_Gamb1t","9","10","19"
"boat12","9","10","19"
"Bob90","10","9","19"
"bobymek606","9","10","19"
"boga7","10","9","19"
"bogwogs","8","11","19"
"Borgdof","8","11","19"
"borik46","9","10","19"
"bosmith","8","11","19"
"Brumn","3","16","19"
"brzdy7","10","9","19"
"bsk444","10","9","19"
"Cacac","7","12","19"
"Canons","9","10","19"
"captainalfa","9","10","19"
"Carlos_Giomar","10","9","19"
"Carlos198282","10","9","19"
"carlos98hl","9","10","19"
"carlwisheshewasME","10","9","19"
"Cezigue","9","10","19"
"chaseb42","9","10","19"
"ChebotarskyAnatoliy","9","10","19"
"checkhaa","9","10","19"
"chess_nihal033","9","10","19"
"Chess_o_penguin","10","9","19"
"chessbande","9","10","19"
"chessForTheSoul","10","9","19"
"chessRek3","10","9","19"
"ChrisIphofen","10","9","19"
"Christos789","10","9","19"
"Chubakkaa","9","10","19"
"chuguev_vv","9","10","19"
"cihtogredasurc","8","11","19"
"Civis","9","10","19"
"clarckgasy","9","10","19"
"Clotilde78891","11","8","19"
"cloudchess1234","10","9","19"
"cMoXIV","10","9","19"
"CN999","10","9","19"
"Cocochapon","8","11","19"
"Cocodrolo","9","10","19"
"congreso007","9","10","19"
"coolerluca","9","10","19"
"Corvetti","9","10","19"
"COUPDEMISTRAL","9","10","19"
"Courage84","8","11","19"
"crac-boum-hue","9","10","19"
"Crazy4you","8","11","19"
"Crisguille","9","10","19"
"CrispyDuck57","9","10","19"
"cristianlag","10","9","19"
"cubeKTB","9","10","19"
"CyrilloK","10","9","19"
"d_r_e_w","11","8","19"
"DabGet","10","9","19"
"dadice","8","11","19"
"Dager2006","10","9","19"
"Dakar33","9","10","19"
"Dama-Shadow","9","10","19"
"Darknet-089_4411","10","9","19"
"datokuchavaaaaa","8","11","19"
"dayetyler","9","10","19"
"Ded-Karasuk1950","10","9","19"
"Dekwirawan","9","10","19"
"DenverDix","10","9","19"
"DEOSDRIZZLE","10","9","19"
"devangshah","10","9","19"
"DezyD","9","10","19"
"dhiabenjemaa","9","10","19"
"DIMA_DIEZ","10","9","19"
"dimaus1970","9","10","19"
"Dkpadhy","9","10","19"
"dkudrjavtsev","10","9","19"
"DLIRIUM","11","8","19"
"Dondorward","10","9","19"
"doraemon-28","8","11","19"
"Doriss56","10","9","19"
"Dovletsakirzanov","9","10","19"
"Dr_Dieter_Koch1941","11","8","19"
"dr_zizo","10","9","19"
"DR0P-PICTURE","8","11","19"
"draconicsg","9","10","19"
"dreyblue2002","9","10","19"
"Drylight","10","9","19"
"duwah","9","10","19"
"dvik85","10","9","19"
"Dwijakangka","9","10","19"
"DziadekAntek123","10","9","19"
"E2830694481","8","11","19"
"Echikeus","11","8","19"
"Edanshei","11","8","19"
"edielfp","11","8","19"
"Edvard7171","8","11","19"
"EiMen","8","11","19"
"elbencino","9","10","19"
"Elkateep147853","9","10","19"
"elkok_egypt","11","8","19"
"emad-hozayen","9","10","19"
"Emad678","10","9","19"
"Eremey19","8","11","19"
"erimon","9","10","19"
"Ernest_M","10","9","19"
"EskoCantMate","10","9","19"
"ety666","10","9","19"
"Evpator23","10","9","19"
"Eyad-gamal_e4","10","9","19"
"Fahem7","8","11","19"
"fara2022","10","9","19"
"fathy_allam","10","9","19"
"Favourfavour","9","10","19"
"FedorAxe_11","10","9","19"
"Fefo1","10","9","19"
"fegk22","9","10","19"
"feitan26","8","11","19"
"FerArgentona","10","9","19"
"Ferdoslav","10","9","19"
"FernandoPastor","10","9","19"
"FGILJAEN","10","9","19"
"fidemaster2023","10","9","19"
"Filip70","10","9","19"
"filipkoprivica","9","10","19"
"FiloDevil03","9","10","19"
"FPereira10","10","9","19"
"Francobishop","10","9","19"
"freak369","8","11","19"
"Fredebrett","9","10","19"
"G123FF","9","10","19"
"GabicaD7","10","9","19"
"Gambit_des_Etoiles","9","10","19"
"gambit1393","10","9","19"
"GANODEORTO","10","9","19"
"GBARCELONA","9","10","19"
"GerrVersh","9","10","19"
"gf32","9","10","19"
"giawww","11","8","19"
"gildardon","10","9","19"
"giommy","10","9","19"
"Gnae","9","10","19"
"Gokulselvamani","10","9","19"
"GolnazGolestani","9","10","19"
"good_water","9","10","19"
"Goodguy1179","10","9","19"
"Gozoba","10","9","19"
"grandaddypurp","8","11","19"
"Grandfather1975","10","9","19"
"gudiech","10","9","19"
"GuiLnn","10","9","19"
"Gumar5","9","10","19"
"hadi_iraq","10","9","19"
"HaendelNico","9","10","19"
"haitham_eyad","9","10","19"
"halcon777","10","9","19"
"Halilgeyik","8","11","19"
"hamidtp7000","8","11","19"
"hasanos","11","8","19"
"hasnis","8","11","19"
"Hatem131996","9","10","19"
"herculino","9","10","19"
"hildkue43","10","9","19"
"HoomanFa1993","11","8","19"
"hoshang_imani","9","10","19"
"Hulk1711","10","9","19"
"HurricaneAngel70","10","9","19"
"HZ1359","10","9","19"
"i1958-19-10","10","9","19"
"Iamxpat","9","10","19"
"Ibrahim2611","10","9","19"
"IerdnaBec","9","10","19"
"igorfima","9","10","19"
"ikerlich","10","9","19"
"Imanprodhan","9","10","19"
"imateforlife","10","9","19"
"Ioancr","9","10","19"
"ioptimum69","9","10","19"
"Iparraguirre","7","12","19"
"irakli93","9","10","19"
"iSaadIqbal","8","11","19"
"isaias13_cardozo","7","12","19"
"Ishmaz","8","11","19"
"isolatedproton","8","11","19"
"isunori_inari","9","10","19"
"ITHBAN","9","10","19"
"itsspider","9","10","19"
"IVAN64TIM","11","8","19"
"Jacobjacobsen","9","10","19"
"jankobradvica1","9","10","19"
"Janos1973","11","8","19"
"jav11","9","10","19"
"javadmashhad","10","9","19"
"Javilon6351xd","9","10","19"
"JaW_7","9","10","19"
"jchen1808","9","10","19"
"Jefferrsson","9","10","19"
"Jesielone1","11","8","19"
"jgarvik","10","9","19"
"jimbob52","11","8","19"
"Joachoy","10","9","19"
"jochenderknochen","9","10","19"
"Joe-Nash","10","9","19"
"John_the_fisherman","10","9","19"
"John-A","8","11","19"
"JohnnyHeizer","10","9","19"
"johnred123","9","10","19"
"jorge9302","12","7","19"
"JoydebChaudhry","11","8","19"
"jpmig","10","9","19"
"Jpolean","10","9","19"
"JPTomas","9","10","19"
"jr1025","10","9","19"
"JSMdad","10","9","19"
"JTamparong97","8","11","19"
"Juamso","12","7","19"
"juanfran97","9","10","19"
"juanheredia15","9","10","19"
"Jubair_332","10","9","19"
"Jul7","10","9","19"
"juliusccesar","11","8","19"
"juminuted","7","12","19"
"Jupiter1998","10","9","19"
"Justaminuteplease","9","10","19"
"Kabu94","9","10","19"
"kalher","10","9","19"
"kaltakmilo","10","9","19"
"kam-osl","9","10","19"
"kamilen777","10","9","19"
"Kapitan_Ulitka","10","9","19"
"kartalgolgolgolgol","10","9","19"
"kassa06","9","10","19"
"Katalonien","9","10","19"
"kdq395","9","10","19"
"Kerfeuntun","10","9","19"
"kevfr91","10","9","19"
"Kgaoza12","8","11","19"
"khadijeh63","9","10","19"
"Khaked1212","10","9","19"
"Khanistas","9","10","19"
"kholdi","11","8","19"
"kibskian","10","9","19"
"Kirklim","9","10","19"
"Kisas57","10","9","19"
"Kishorek7c","9","10","19"
"kl7aq7800","9","10","19"
"kokagor2001","8","11","19"
"kokondao","11","8","19"
"Kokosnusskamerad","10","9","19"
"Konrad070313","10","9","19"
"kopernicustech","10","9","19"
"korayzara","9","10","19"
"Korvin1709","9","10","19"
"kowsarp024","10","9","19"
"Krimskiy1","10","9","19"
"krnov","9","10","19"
"KSKKARTHAN","9","10","19"
"kuba_2","9","10","19"
"KUKLA1949","8","11","19"
"kusing","10","9","19"
"KUTPENG","9","10","19"
"kvuick","8","11","19"
"kyylee","10","9","19"
"lafawnduh71","9","10","19"
"lampu","10","9","19"
"LarryCodes","12","7","19"
"Lars152","8","11","19"
"lateral_G","6","13","19"
"LauriAnttila","9","10","19"
"lauwarmes","10","9","19"
"lazaroj90","9","10","19"
"Legatos","9","10","19"
"lekopeti","8","11","19"
"leo1953","8","11","19"
"Leo1955","10","9","19"
"Leovac","9","10","19"
"leuziho","12","7","19"
"levikontas","11","8","19"
"likelylad4","11","8","19"
"LimbergPJ","10","9","19"
"LIMPIADOR-100789","10","9","19"
"lineage2wrath","9","10","19"
"Listen2Silence","11","8","19"
"Loaykheder1985","9","10","19"
"LoginLogin","10","9","19"
"Lua_na_Lua","9","10","19"
"lucpvp","11","8","19"
"Lukacs26","9","10","19"
"Mae77","9","10","19"
"Mahdi0211","10","9","19"
"maheshchandranr51","9","10","19"
"majid_s","10","9","19"
"Malakany","9","10","19"
"Malshuwaiter","11","8","19"
"Mamba810","10","9","19"
"MaMyT_PaXaL","10","9","19"
"manublack","10","9","19"
"marcinxx","10","9","19"
"MarcRPetersen","10","9","19"
"Maricusa","10","9","19"
"Marihot_Galung","8","11","19"
"mario1970","9","10","19"
"marsig","10","9","19"
"mARTINANGARONI1962","9","10","19"
"matiasbarber06","10","9","19"
"maverick9un","10","9","19"
"maxicuro","8","11","19"
"Maxroxy","8","11","19"
"Mazeeennnn","10","9","19"
"Mdmrkl","10","9","19"
"Mebali","10","9","19"
"merrin09","10","9","19"
"messiasitaq","10","9","19"
"Meubagius","10","9","19"
"MGustaveH","9","10","19"
"MHAMDAL","11","8","19"
"MickFox","11","8","19"
"miguelangel22","10","9","19"
"miguelgn44","10","9","19"
"MihaBarmalei","9","10","19"
"mihailrybak","10","9","19"
"mikechesschess","10","9","19"
"Mikhail_tal_0077","9","10","19"
"MikoWhy","10","9","19"
"mimjin919","10","9","19"
"minbebebebeb","10","9","19"
"minhkhang080212","10","9","19"
"minimouf","9","10","19"
"Mino7285","15","4","19"
"Mirracle88","9","10","19"
"mivyun","9","10","19"
"mjgb2004","11","8","19"
"mo774","8","11","19"
"Moabxadrez","10","9","19"
"MohamedNasreldin","8","11","19"
"MONKEY_D_LOOFFY","10","9","19"
"morteza_esz","9","10","19"
"mortezazanganeh","10","9","19"
"Moustafa19910315","9","10","19"
"moustafaharoun","15","4","19"
"Mr_Hussein","9","10","19"
"mrapa","9","10","19"
"mrc982","10","9","19"
"MrKorsok","10","9","19"
"mrvsokolsky","9","10","19"
"MsA71","8","11","19"
"msohsen","11","8","19"
"Msukool","11","8","19"
"MSV116","9","10","19"
"Muewolf51","9","10","19"
"munthyer","8","11","19"
"Murheg9999","10","9","19"
"musti4242","10","9","19"
"muterotak","10","9","19"
"n0bodyyy","9","10","19"
"Nando0","10","9","19"
"Narin14","9","10","19"
"Nazeer3019","12","7","19"
"NDU-VUMINHTHAI2009","10","9","19"
"neanbey","9","10","19"
"nestor_55","9","10","19"
"neulabchess","8","11","19"
"nfleitas","9","10","19"
"nguyenduckhanh1309","10","9","19"
"nicobaraka3","8","11","19"
"nihalsan","9","10","19"
"Nikita_Silantev","9","10","19"
"Nilantgarg","10","9","19"
"Nof4p","10","9","19"
"Noko1456","9","10","19"
"NoNameXW","10","9","19"
"nonnatata","10","9","19"
"Norm53","9","10","19"
"nostalgicsnowfall","10","9","19"
"NotSmartt","10","9","19"
"nozari","10","9","19"
"nurdin1982","10","9","19"
"offffffffff","9","10","19"
"oguz66","15","4","19"
"Oihanburu","10","9","19"
"OleeH","10","9","19"
"Olga2209","9","10","19"
"olo66","10","9","19"
"omar123y","10","9","19"
"onlyfirstchessgame","10","9","19"
"oovolovik","9","10","19"
"opick_aj_7","8","11","19"
"Oratilwe_Mokoena_Dr","10","9","19"
"Otwarcie","9","10","19"
"oweeg","10","9","19"
"PAILORENZOSS","18","1","19"
"pantzer1980","8","11","19"
"Papapotsdj","9","10","19"
"Papy-grenouille","10","9","19"
"partisans99","10","9","19"
"Partyraiser","11","8","19"
"Pasibuse","10","9","19"
"patrisha","10","9","19"
"paulocesardelvalle","9","10","19"
"paulywallydo","9","10","19"
"Pavel_1986","10","9","19"
"Pawel1958","10","9","19"
"PawnStorm96","10","9","19"
"pcencini","4","15","19"
"pedramchegini","9","10","19"
"Pelado14","9","10","19"
"pendejo78","9","10","19"
"Penelope0815","8","11","19"
"Pengvirg11","9","10","19"
"Pensativoz","9","10","19"
"PepperWasp","9","10","19"
"Pepss27","10","9","19"
"pequecalle","9","10","19"
"Petro2560","9","10","19"
"philiii","8","11","19"
"PhilippeJC","8","11","19"
"phuturbor","7","12","19"
"pieroilgrande","9","10","19"
"PK2311","10","9","19"
"plovak13","11","8","19"
"pminsider","9","10","19"
"POOYADIA","8","11","19"
"popup441","10","9","19"
"Pranav_sharma_1215","10","9","19"
"PrathamSharma12","10","9","19"
"prayer99","10","9","19"
"Prenses15_ayse","10","9","19"
"prince_patatras","10","9","19"
"Psalmolaiwola","11","8","19"
"ptolmis","9","10","19"
"Puzzle_king","10","9","19"
"qanhhhh","10","9","19"
"qu55yde5tr0yer","10","9","19"
"QueenGambitIssick22","10","9","19"
"QuickGame001","9","10","19"
"Qurban1905","10","9","19"
"qwert112","10","9","19"
"RachidKasdi","10","9","19"
"Rafis7uu","9","10","19"
"RAJDEVNAYAK","10","9","19"
"Ram19591","9","10","19"
"rashb4u","10","9","19"
"rashid2212","10","9","19"
"Ravenevar","8","11","19"
"RD-ALB","9","10","19"
"Redd64","9","10","19"
"redmonke","9","10","19"
"reidelpeon","6","13","19"
"remainunfazed","9","10","19"
"rengosha","10","9","19"
"rezapilvare","7","12","19"
"Rinat_Aslyamov","8","11","19"
"rockstyle","10","9","19"
"rohithgowda96","9","10","19"
"Roman15zh","9","10","19"
"Rome11","10","9","19"
"Ronnie_Pickering","10","9","19"
"rosene23","9","10","19"
"Rtmabam243","10","9","19"
"RuKiddingMee","6","13","19"
"rumba101","10","9","19"
"saadeddine_1995","9","10","19"
"Sachinbm","10","9","19"
"Sagid_H","11","8","19"
"Sajjad_Ali6","9","10","19"
"Samabote2","9","10","19"
"Samancengisa","9","10","19"
"Sameernnair","11","8","19"
"Sandro1111","10","9","19"
"Sanuk2706","10","9","19"
"sapfo127","9","10","19"
"Satheesh_T","9","10","19"
"Sathiyaraj5","10","9","19"
"satishshaha","9","10","19"
"Satya12736","10","9","19"
"scheissSCF","8","11","19"
"schlabi97","10","9","19"
"schwarzeannakonda","10","9","19"
"schwarzedame58","9","10","19"
"Sefashehu","9","10","19"
"sekar2405","11","8","19"
"semen963","10","9","19"
"semenfirst","10","9","19"
"Semmivoin","9","10","19"
"Senad_Bsn","8","11","19"
"senan2121","10","9","19"
"Senkau","9","10","19"
"sensavenir","7","12","19"
"septicdank","9","10","19"
"serg_48","11","8","19"
"SergPoplavkov","10","9","19"
"SerttasOsm","9","10","19"
"sezar11","10","9","19"
"shahrrorr","10","9","19"
"shashkaBudennogo","11","8","19"
"Shashwat_King","10","9","19"
"ShiljoSanthosh","9","10","19"
"shiper0chek","11","8","19"
"sie38","8","11","19"
"sifatullahkhwaja","8","11","19"
"sigma-mi","10","9","19"
"Skvorcov","10","9","19"
"sl11235","10","9","19"
"sofiane_elhamza","9","10","19"
"sogeking100","9","10","19"
"Sololobazo","10","9","19"
"sootrn","9","10","19"
"spel567","8","11","19"
"SRac78","10","9","19"
"srgptrv","9","10","19"
"ssplays","9","10","19"
"starvader218","10","9","19"
"SteelierPie","8","11","19"
"stefangutnickallen","10","9","19"
"Steffen87","8","11","19"
"Stepan1946","9","10","19"
"Stralis","8","11","19"
"StrategosAutokrator","9","10","19"
"straussleo","9","10","19"
"Strekoza44","9","10","19"
"Strong_Italy","8","11","19"
"subhash4113","10","9","19"
"Suckroza","9","10","19"
"SuhiSule","10","9","19"
"sukruthasarma","8","11","19"
"SuperRizz090","10","9","19"
"suwarno_ganteng","9","10","19"
"svetolik","9","10","19"
"taharahbar","6","13","19"
"talk2myhands","10","9","19"
"Tamerlan0409","10","9","19"
"tefomania","10","9","19"
"teleportboy","10","9","19"
"TH-Tegshjargal10","8","11","19"
"Thailady58","10","9","19"
"TheWolf2019","10","9","19"
"ThiagoBarreto","10","9","19"
"Thug_zilla","11","8","19"
"Tigrik","10","9","19"
"Tiumba","11","8","19"
"tokatfo","8","11","19"
"tollefan","10","9","19"
"tomek1957","10","9","19"
"toniozu","11","8","19"
"Tono_07","10","9","19"
"tonymac","8","11","19"
"topi-nalle","10","9","19"
"TraderRebate","8","11","19"
"treboeira","10","9","19"
"tsjdh","10","9","19"
"tuhamaalazzeh","11","8","19"
"TurmBrandt","9","10","19"
"tymtachinski","8","11","19"
"uglerod78","11","8","19"
"Ugur1712","11","8","19"
"Ulises-malbec","10","9","19"
"Ultimogirooo","10","9","19"
"Ultradonk420","9","10","19"
"Underoosh1","8","11","19"
"UZIELGAL","9","10","19"
"UzoranaNjiva","10","9","19"
"VADIMALTAI1","8","11","19"
"Valboom","9","10","19"
"ValentinaMede384","9","10","19"
"Valer-4","9","10","19"
"Valoche_2249","11","8","19"
"varvar12c","10","9","19"
"Vasiliy2112","9","10","19"
"VertigoV8","9","10","19"
"VIBadger","8","11","19"
"vikas_dubey","10","9","19"
"vikings67","10","9","19"
"vikt1978","11","8","19"
"Vinay_Astikar","10","9","19"
"Vitalii73","9","10","19"
"vitorAMJorge00","10","9","19"
"vk060956","10","9","19"
"Vkg","10","9","19"
"vlad981111","8","11","19"
"Vladimir_dodukh","11","8","19"
"VladimirKyncevo","8","11","19"
"Vlado53","10","9","19"
"Volodka22","9","10","19"
"VolodymyrNemertsalov","16","3","19"
"Voltaire1945","9","10","19"
"wanyumbu","11","8","19"
"Watzmann2714","10","9","19"
"wb4711","10","9","19"
"Weepy","10","9","19"
"WernerMue","11","8","19"
"withnoluck","10","9","19"
"Wkwklander008","9","10","19"
"wylyes","10","9","19"
"xac78","8","11","19"
"Xalid2525","10","9","19"
"Xfactored","8","11","19"
"xhyrianne","10","9","19"
"Xiltolueno","9","10","19"
"Xsanderr","9","10","19"
"xthianmanuel77","8","11","19"
"yash_plays","9","10","19"
"YasserSobhy","9","10","19"
"Yonni_master","9","10","19"
"youssifmahran1","9","10","19"
"YruyZeiski","8","11","19"
"yucel09","11","8","19"
"yuliardi1979","10","9","19"
"yumerov","9","10","19"
"yuniejesnartinlamot","10","9","19"
"Yuugen_96","12","7","19"
"zafernergiz","10","9","19"
"ZaggyRoo","9","10","19"
"zdavid68","9","10","19"
"zedzel1","8","11","19"
"zemurphyx","9","10","19"
"Zhyzhalex","10","9","19"
"zits1984","10","9","19"
"Zivlik","10","9","19"
"znarf7","9","10","19"
"zogotas","10","9","19"
"zoho","9","10","19"
"zp89","9","10","19"
"ZugzwangBot","11","8","19"
"aagraw","9","9","18"
"AAK1972","10","8","18"
"aashraf88878888","9","9","18"
"AB0MOTA","8","10","18"
"ababol40","10","8","18"
"abbasmis","9","9","18"
"abd-allah","8","10","18"
"Abdelrhman_222","8","10","18"
"abdelrhman_deyab","9","9","18"
"Abdullahjr","8","10","18"
"abhi2012","10","8","18"
"Abood961","9","9","18"
"aboraed","9","9","18"
"aconito","10","8","18"
"Acox","9","9","18"
"Adamr1998","8","10","18"
"adder53","10","8","18"
"ade1101","9","9","18"
"Adilbek05","10","8","18"
"AdyTheStrategist07","9","9","18"
"Afin1058","10","8","18"
"Aggarrx","9","9","18"
"AGM555","7","11","18"
"ahmadnavarbaf","8","10","18"
"ahmed13gamal","11","7","18"
"ahmedh123","10","8","18"
"ahmedhmor","10","8","18"
"ahmedmaklad","8","10","18"
"ahmedsc","8","10","18"
"ahmmadbilal08","9","9","18"
"Akonam","10","8","18"
"AlanDV","8","10","18"
"Albertphan2012","10","8","18"
"Aleksei471966","11","7","18"
"AleKTN","9","9","18"
"Alex1122889900","9","9","18"
"AlexAD72","9","9","18"
"alexira","8","10","18"
"alexkoen","10","8","18"
"AlexOrlow","9","9","18"
"Alfoh","8","10","18"
"Algfrancaise","8","10","18"
"ali2761","9","9","18"
"alimonfared","9","9","18"
"Alisher_MONSTER","10","8","18"
"Aliyu_ia","9","9","18"
"AllDicepticon","8","10","18"
"alvarezrey369","9","9","18"
"amirhoseinisamtime","10","8","18"
"ampadiemsites","9","9","18"
"AnAMeeN1","9","9","18"
"Anastasia_2014_Nek","9","9","18"
"andrej1406","9","9","18"
"Andrey-64a","9","9","18"
"Andreyn911","10","8","18"
"andy051","9","9","18"
"angelo69","9","9","18"
"angieesoss","10","8","18"
"antdoro","9","9","18"
"Anton_22","8","10","18"
"aparacha","8","10","18"
"ArielZamora2","9","9","18"
"arkeologksk","10","8","18"
"artin2761","8","10","18"
"Artur5522","10","8","18"
"Artyom41","8","10","18"
"ArunasP","9","9","18"
"arvinali1","10","8","18"
"ARZU8","9","9","18"
"asdf1911","9","9","18"
"ashishkishor","8","10","18"
"ashwa3","9","9","18"
"ASIFINFO","9","9","18"
"asyf-1","7","11","18"
"autogiro001","7","11","18"
"avvesh","8","10","18"
"Awsedrft555","8","10","18"
"AY12345678","8","10","18"
"Aybek_AHISKALI","5","13","18"
"babbage35","9","9","18"
"babol538","9","9","18"
"bagabulgan","11","7","18"
"bajean47","9","9","18"
"Bakay1957","9","9","18"
"Bala07","10","8","18"
"Balaf","10","8","18"
"Bambang_heaaa123","7","11","18"
"Bamlopes","8","10","18"
"Bandoneon","10","8","18"
"baranyiistvan68","9","9","18"
"Barcotek_1984","9","9","18"
"barti13","8","10","18"
"Barves1","9","9","18"
"Basajaun68","9","9","18"
"Bashar_Iraq123","8","10","18"
"Bashir_202","9","9","18"
"basvel","8","10","18"
"baumash","9","9","18"
"bbeltkyle89","9","9","18"
"BChess777","10","8","18"
"bdbahman","9","9","18"
"bekir_efe_olca","9","9","18"
"Bellray","8","10","18"
"Ben1ch0n","10","8","18"
"BENITOYS","7","11","18"
"berkane49","9","9","18"
"BigJob28","8","10","18"
"Birzi","9","9","18"
"BK100REAL","8","10","18"
"boccuto","8","10","18"
"bogolia","8","10","18"
"borischess12","8","10","18"
"BorisKesaev","10","8","18"
"BP-999","9","9","18"
"Brandon_CIT","9","9","18"
"brave53","8","10","18"
"Brettmitte","9","9","18"
"brintik","10","8","18"
"BrownElephant","9","9","18"
"BRUCE-GH","11","7","18"
"BugaJakab","9","9","18"
"buldik11","9","9","18"
"BunkMorechess","9","9","18"
"BZNAVEEN","8","10","18"
"C3PolO","9","9","18"
"calamity_cheese","8","10","18"
"CaptainFabulous","10","8","18"
"Carlos0575","10","8","18"
"carlosvinolas","8","10","18"
"CARLSEN00000","9","9","18"
"Ceedos","9","9","18"
"cerodemirovski","7","11","18"
"cesartB32","8","10","18"
"ceschess","8","10","18"
"chad_1","10","8","18"
"chakibkov1960","9","9","18"
"chandiev","9","9","18"
"Charlie57","11","7","18"
"chess108108","8","10","18"
"ChessNinja85","9","9","18"
"chetanator","9","9","18"
"chezuiz","9","9","18"
"ChiefChah","11","7","18"
"CHIEFCHENGAOSE","9","9","18"
"Chillettslife","9","9","18"
"Chinhao1311","10","8","18"
"Chizzy2019","8","10","18"
"Chokri1963","8","10","18"
"christanovs","8","10","18"
"christomax","9","9","18"
"Cigorin68","9","9","18"
"Cippi2020","9","9","18"
"CJMPoter","9","9","18"
"Class_Sinners","8","10","18"
"clausE4","9","9","18"
"CleLu","8","10","18"
"cmmauro","4","14","18"
"Collins2","8","10","18"
"ColonShift9","8","10","18"
"conexaochess","9","9","18"
"CreedPrakash","10","8","18"
"creekpeople","8","10","18"
"CRSO","8","10","18"
"cserjohn","10","8","18"
"cucciolottone","9","9","18"
"CutTheCheck","8","10","18"
"czis_joven13","9","9","18"
"D_A_V_E","8","10","18"
"D98518","7","11","18"
"dahlberg","9","9","18"
"dalco","8","10","18"
"DangerDanny123","8","10","18"
"Daniil_Troshkov","9","9","18"
"Daniyur_2011","7","11","18"
"dankan","8","10","18"
"Darren_277","10","8","18"
"DasIstZumHeulen","10","8","18"
"davidgaribayvargas","10","8","18"
"DaviRodriguesorei163","10","8","18"
"DeanNelson_Clara","9","9","18"
"Decinho1960","8","10","18"
"Den_3010","9","9","18"
"denka120","9","9","18"
"derthona","9","9","18"
"dewagaa","8","10","18"
"dfdez","7","11","18"
"DhanviSood","9","9","18"
"Didier24130","9","9","18"
"dima16081980","11","7","18"
"Dimchik0","9","9","18"
"dinamitz","9","9","18"
"diodor60","10","8","18"
"Diome2","10","8","18"
"dissatisfied-nerd","9","9","18"
"diverpilot","9","9","18"
"divij1234","10","8","18"
"Divyanshuvarma","9","9","18"
"DjohnBaroha","16","2","18"
"DND72","9","9","18"
"dnnysmth","9","9","18"
"doctornemo2023","10","8","18"
"drsmack","9","9","18"
"Duman_Akhmetov","10","8","18"
"dumann55","9","9","18"
"Dummuhangama","9","9","18"
"dwizha","9","9","18"
"dz8021","9","9","18"
"E_wall99","8","10","18"
"EachHit","9","9","18"
"Edmond11","10","8","18"
"efimok8","9","9","18"
"Egyptianmorvy","9","9","18"
"Eido30","9","9","18"
"Elsrogy_Badr","9","9","18"
"enoTEZcan","9","9","18"
"enri_465","10","8","18"
"Eosir","11","7","18"
"ericb1959","9","9","18"
"erichays","9","9","18"
"ermetevalisi","8","10","18"
"Eroskovick","10","8","18"
"Erpel1107","9","9","18"
"eseclaudio","8","10","18"
"esidillo_laorden","10","8","18"
"Eva500","10","8","18"
"FacuAE9","9","9","18"
"Fajar70","9","9","18"
"FanDeGanziitoo","10","8","18"
"fariborz9000","9","9","18"
"FarooqSolangi","9","9","18"
"felipegoemes01","9","9","18"
"Fernandoarc","8","10","18"
"fernansp","9","9","18"
"Ferranog","8","10","18"
"Ferrari_6666-4","8","10","18"
"fgth","9","9","18"
"Fificlou","9","9","18"
"Fima_87","10","8","18"
"Finn3044","9","9","18"
"FirstTwoWeeks","7","11","18"
"Fleischer14","11","7","18"
"FrankieData","9","9","18"
"Frazer26","9","9","18"
"frebenal","8","10","18"
"FrivoNikoma","8","10","18"
"Funtangy","9","9","18"
"gabichan","8","10","18"
"Gabri273","10","8","18"
"GaiusIsGodSchach","9","9","18"
"Galchessco","9","9","18"
"Gary25","10","8","18"
"gbiju","11","7","18"
"Gdizodijrhrjfd","7","11","18"
"geopi71","8","10","18"
"Georgebill","11","7","18"
"Ghoderao1970","9","9","18"
"giannilicitra","9","9","18"
"gindzsinn","9","9","18"
"Giocopergioco","8","10","18"
"Giogarn","7","11","18"
"Girishkonwar1","9","9","18"
"glazngbun","9","9","18"
"Glubbs","8","10","18"
"Goethe4711","8","10","18"
"GOLUBEV562670","10","8","18"
"Gontarios1974","9","9","18"
"GonzaloA0","10","8","18"
"GOSTELOM-T1000","10","8","18"
"gottfriedchess2020","10","8","18"
"Goyesi","9","9","18"
"Gradi5Munene","9","9","18"
"Grand357","8","10","18"
"grandmaster134","9","9","18"
"griffon030","9","9","18"
"Grilex","10","8","18"
"growzer_8","9","9","18"
"Gto-77","10","8","18"
"gypsyking2929","9","9","18"
"H0rnsw0ggle","8","10","18"
"Haddokk","10","8","18"
"halukniksar","9","9","18"
"hamedsahbazadeh","8","10","18"
"hanibalking79","9","9","18"
"HassanTuna","10","8","18"
"HD_Prados","9","9","18"
"hebafe","10","8","18"
"heilaoshu","9","9","18"
"Henry_Ford","10","8","18"
"Henryques","11","7","18"
"Herichess55","9","9","18"
"herkules789","9","9","18"
"Herve1999","9","9","18"
"hichamaltesse","3","15","18"
"Hippo31","9","9","18"
"Hishamek","8","10","18"
"hiviicc","10","8","18"
"HlAyisani02","8","10","18"
"Hmd79","6","12","18"
"hoangockhoi","10","8","18"
"HoneyMelon","8","10","18"
"HopewellKZN","8","10","18"
"Horosui","9","9","18"
"hosimiya","8","10","18"
"HRUBIESZOWIANIN","9","9","18"
"HS22","8","10","18"
"HUGO_R_B","9","9","18"
"Hussein0000","9","9","18"
"HwangJangLee","9","9","18"
"Ianpk","10","8","18"
"iantron","9","9","18"
"IceCreamAsteroid","9","9","18"
"IIsMimic","9","9","18"
"IkembaNnewi","8","10","18"
"ilcheetah","9","9","18"
"ilnuraziZOV111","8","10","18"
"Imad-rd","9","9","18"
"INACIORZATKI","9","9","18"
"Inalonleyplace","9","9","18"
"Indhukannan","10","8","18"
"iptist","8","10","18"
"IShouldBeStudying420","10","8","18"
"ItsJustSbstn","10","8","18"
"Ivanana","7","11","18"
"IvanG2020","9","9","18"
"Iwan1951","8","10","18"
"Iyuriy","10","8","18"
"j0ke59","10","8","18"
"J3sus-Hdz","10","8","18"
"jamie89","8","10","18"
"Japha","9","9","18"
"Jarda4","7","11","18"
"jayexpect","10","8","18"
"Jcfarias1968","7","11","18"
"JediSariel","8","10","18"
"JeffreyBertout","10","8","18"
"Jena60","10","8","18"
"jess_G","8","10","18"
"Jess_Khang","9","9","18"
"JesusLopes","10","8","18"
"Jianhaoplaychess","10","8","18"
"Jilka_9609","10","8","18"
"JK-manager","10","8","18"
"jlebon","10","8","18"
"jmanci2228","9","9","18"
"jmurphy_69","10","8","18"
"Joak75","9","9","18"
"jofoler","9","9","18"
"Jonas121","9","9","18"
"jonasse","9","9","18"
"Jorge1750","9","9","18"
"JorgeMagal","9","9","18"
"jorgesol3","10","8","18"
"Joseluis1p967","9","9","18"
"josthua","4","14","18"
"josvyt","9","9","18"
"jota1958","8","10","18"
"JuanmanuelCa","9","9","18"
"Julian_Coot","9","9","18"
"JulioAlva","9","9","18"
"Jyine","9","9","18"
"K_srinivas","8","10","18"
"Kabes","9","9","18"
"KANTOTerrorist","10","8","18"
"Karensky","10","8","18"
"KarimMIAbdelAziz","9","9","18"
"KARIMNSST2211","9","9","18"
"karl065","10","8","18"
"kasparov22222","9","9","18"
"keithchess11","9","9","18"
"Keks-android","7","11","18"
"kent-75","9","9","18"
"KevinbroH","9","9","18"
"Kiarka102","9","9","18"
"King7272","10","8","18"
"Kinggrace","9","9","18"
"kings-neverdie","10","8","18"
"kionir","10","8","18"
"Kirankcv","10","8","18"
"kirkin75","9","9","18"
"kiroasa","8","10","18"
"Klaviero","9","9","18"
"Kokhaba","7","11","18"
"Kongratbay1958","9","9","18"
"Konstantin112","7","11","18"
"kopapas","10","8","18"
"Kozhanov_Yury","8","10","18"
"kraks","9","9","18"
"KurovYuriy","9","9","18"
"Kurtlb","8","10","18"
"Ladketa","9","9","18"
"LAHAYE2022","10","8","18"
"Lambarliwa","8","10","18"
"Laquant","9","9","18"
"lazznik","8","10","18"
"le_petit_picolo","9","9","18"
"LECTORAJEDREZ","9","9","18"
"lelochamelo","8","10","18"
"Leonida_17","7","11","18"
"LEPANDAFOU","9","9","18"
"LepapaDLV","8","10","18"
"leskiv12345","7","11","18"
"Leusie","9","9","18"
"lidyan","10","8","18"
"Ligex","9","9","18"
"lionalunalo","8","10","18"
"litoferis","10","8","18"
"Liz2023","9","9","18"
"Lletsac","9","9","18"
"Lmpc2018","10","8","18"
"Loriga","8","10","18"
"louayhajmafa","9","9","18"
"Ludovic200","9","9","18"
"lugefe","11","7","18"
"LuKs_SanX","9","9","18"
"Luuks1005","8","10","18"
"Lwazi12","9","9","18"
"mackyykcammacky","9","9","18"
"madmax_intello","7","11","18"
"Maganess","10","8","18"
"Magomed_ache","9","9","18"
"Magotheus","8","10","18"
"Mahadewa_HCN","11","7","18"
"MAHDI13450526","11","7","18"
"maher2282","10","8","18"
"maia11","7","11","18"
"MainUser","10","8","18"
"Majidboolaghi","9","9","18"
"malhitai","9","9","18"
"Malufayts","9","9","18"
"mang7","10","8","18"
"Mangust_Carlesen","8","10","18"
"MANIRASHVITH617","9","9","18"
"manito75","8","10","18"
"manu-ali","10","8","18"
"maradonaegy","11","7","18"
"marco111111","8","10","18"
"marcofogliafl","9","9","18"
"Marsal-Tito","9","9","18"
"Marwan-Mokhtar","10","8","18"
"Masedko","8","10","18"
"Matias_Ahumada","9","9","18"
"Matvienko-VA-MVD","9","9","18"
"Matze9000","10","8","18"
"Mavi_Gezegen2428","9","9","18"
"mcpalillo","9","9","18"
"medinilla1973","9","9","18"
"MehdiBzm","8","10","18"
"memo75","8","10","18"
"merlin525","9","9","18"
"Meroshad","8","10","18"
"MetaLuciano777","9","9","18"
"mezo-2","8","10","18"
"mhdsuz","8","10","18"
"micheal_magic","9","9","18"
"Mick7","8","10","18"
"MihailTula","10","8","18"
"MijailBakunin85","9","9","18"
"Mikadostick","9","9","18"
"Mike_bp","8","10","18"
"mikmaster","10","8","18"
"milio123456789","8","10","18"
"minero_1954","11","7","18"
"minoel","10","8","18"
"mirac_44","8","10","18"
"miSChaXXX","10","8","18"
"mmoawad","8","10","18"
"MmotlaMotlokwa","7","11","18"
"mohamedkhaledgomaa","8","10","18"
"mohammadazadmansh","8","10","18"
"mohazi8155","8","10","18"
"mohsen_ta","8","10","18"
"Montesier","9","9","18"
"Monxdolgoon","9","9","18"
"Moon_River8954","10","8","18"
"moon999","9","9","18"
"mordeshorkhoneh","9","9","18"
"morgana234","9","9","18"
"Moscotesss","8","10","18"
"mosquito123","11","7","18"
"Motasimburri","9","9","18"
"moufasi","10","8","18"
"Mounaimdjf","9","9","18"
"Mowgli75","9","9","18"
"mpenner3","10","8","18"
"Mpmac","8","10","18"
"MrGeng","9","9","18"
"mrh10","11","7","18"
"mrkozak2","9","9","18"
"Mrlcn","9","9","18"
"Mrozek1","10","8","18"
"Munt316","10","8","18"
"Murtaza6062","10","8","18"
"musirah","8","10","18"
"mustto99","9","9","18"
"Muthu002","9","9","18"
"Muz9418","9","9","18"
"N7799","9","9","18"
"narekgegamyan2006","9","9","18"
"NatelaChikobava","8","10","18"
"Naughty_Garbage","9","9","18"
"naveedhameeddar","8","10","18"
"Nazgul_lotr","10","8","18"
"Neezo","11","7","18"
"Neil6969","9","9","18"
"nestorusac","9","9","18"
"Nevsky52","9","9","18"
"Nikolay1401","9","9","18"
"ninisubramanian","9","9","18"
"Nitsky","9","9","18"
"nnyet","9","9","18"
"Notip","8","10","18"
"novdraczrv","9","9","18"
"noyanzin_mark","10","8","18"
"NphelanMD","9","9","18"
"nsada75","9","9","18"
"Nsr68","9","9","18"
"nudelsuppe420","10","8","18"
"nuezchessco","9","9","18"
"o2310","6","12","18"
"Odin3434","9","9","18"
"old_bernoulli_defens","10","8","18"
"OldManDustin","9","9","18"
"Oleg_1975","9","9","18"
"olegstalcer","10","8","18"
"Olixxia","9","9","18"
"oMolfear","9","9","18"
"orionice","8","10","18"
"OscarPerez00","8","10","18"
"osmnakt","8","10","18"
"Othmanjami","8","10","18"
"Overtlyanonymous","9","9","18"
"ozannnnnnn","10","8","18"
"ozcan_genc","8","10","18"
"P3pp0","9","9","18"
"padmareddygayam","10","8","18"
"Panpanos","9","9","18"
"ParthTapadiya","8","10","18"
"patospatoto","10","8","18"
"PatrykR","10","8","18"
"Pavel_Blokhin","9","9","18"
"pb53dc","9","9","18"
"pedritopedro","9","9","18"
"pelpelike","10","8","18"
"pemula_puh","7","11","18"
"pentewan","9","9","18"
"pepavot","10","8","18"
"PhaseTwo","8","10","18"
"pheromana","9","9","18"
"phntm","9","9","18"
"picardj","10","8","18"
"piiwko","10","8","18"
"piska73","8","10","18"
"Pivikov---___0709","9","9","18"
"PizzaLover3000","9","9","18"
"pkaran3","8","10","18"
"player011123","8","10","18"
"Plpuras","10","8","18"
"Podelom0","10","8","18"
"Poi1201","9","9","18"
"PORIYAs","12","6","18"
"Powerfresh","8","10","18"
"PRASHANT6","9","9","18"
"presarioad","9","9","18"
"probro_vicsa","7","11","18"
"Proffan_333","9","9","18"
"profrauldasilva","9","9","18"
"prout111","9","9","18"
"psdeshpande","7","11","18"
"ptitchef","8","10","18"
"QuaceWasTaken","9","9","18"
"Qujanaq","9","9","18"
"r_jenish","9","9","18"
"Rabiev13","8","10","18"
"RadiantWolfcub","10","8","18"
"Radik_Orenburg","9","9","18"
"Radman1093","9","9","18"
"Raducubd","10","8","18"
"Rafael1223","9","9","18"
"Rahmat_CMS","8","10","18"
"raimundo567","9","9","18"
"Raisovich_13-22","9","9","18"
"raju_payyavula","9","9","18"
"ralandel","9","9","18"
"ralph50owens","9","9","18"
"RamilS","9","9","18"
"Ramiro_Rodriguez","9","9","18"
"Rasta2023","10","8","18"
"ravindramani","9","9","18"
"RedGyarados8834","8","10","18"
"Redzko_A","9","9","18"
"reIMD","9","9","18"
"Reinierg1979","8","10","18"
"Rene_Delgado","10","8","18"
"restrykt","9","9","18"
"REVM","9","9","18"
"Rex777888","10","8","18"
"Reza_alighchi","9","9","18"
"rhl-bthr","10","8","18"
"rignatov1953","9","9","18"
"RimGil","9","9","18"
"Risih","10","8","18"
"RITVIK_2012","9","9","18"
"RJR_Brevard","9","9","18"
"rkamal1898","9","9","18"
"rmater","10","8","18"
"robertozanotti","9","9","18"
"Rocketscienze","9","9","18"
"rockfaceRF","9","9","18"
"rofatore","8","10","18"
"rohit2085","10","8","18"
"rolex1985","9","9","18"
"Rolo29","8","10","18"
"Rom41k35544","10","8","18"
"romuduckback","8","10","18"
"roperedo","9","9","18"
"Roxtar_1","8","10","18"
"RQR5","8","10","18"
"Rudraateliers","9","9","18"
"Rully5_KabBogor","9","9","18"
"RumplerG","9","9","18"
"run_suin","10","8","18"
"Russe85","9","9","18"
"rwcshaka","9","9","18"
"rynnd","8","10","18"
"saadkarim","10","8","18"
"sabauioan","9","9","18"
"sac_queen","10","8","18"
"saddam48","10","8","18"
"sadeghmondaniniya","9","9","18"
"sadoh","9","9","18"
"sae13","9","9","18"
"SAGITARIO64","9","9","18"
"SAHYES-Samir","8","10","18"
"saidakusain0412","9","9","18"
"saifali2022","9","9","18"
"Sakala23","10","8","18"
"sakgan","9","9","18"
"salavat1953","9","9","18"
"salertg","8","10","18"
"Salvaje_Unitario","9","9","18"
"SamanyuSharan","10","8","18"
"samaraaara79","10","8","18"
"samelakshay","10","8","18"
"sandy2870","10","8","18"
"sanjadhi","8","10","18"
"Sanjayss609","8","10","18"
"santaclouss","9","9","18"
"Santistevan","9","9","18"
"Santos1234","7","11","18"
"saritbanerjee","8","10","18"
"sashkooo182","9","9","18"
"saturnochess","11","7","18"
"Savaink","9","9","18"
"SavinovSergey","8","10","18"
"Sawtun","9","9","18"
"scfa82","9","9","18"
"Sedatbicakci","7","11","18"
"Seenac","8","10","18"
"selfdater","9","9","18"
"sep77","9","9","18"
"sergei_glushkov_1984","10","8","18"
"Sergeytver","9","9","18"
"Sergio_Savin","8","10","18"
"SerStal1956","9","9","18"
"Seskoul","9","9","18"
"sevaster","10","8","18"
"shally123","7","11","18"
"shamsmehrsa1394","9","9","18"
"shaolinchess","9","9","18"
"Shark2526","8","10","18"
"shisundi2004","10","8","18"
"Shlyapkin777","10","8","18"
"Shoozyq","8","10","18"
"shriraj2003","8","10","18"
"Siddr1010","10","8","18"
"Simon1819","9","9","18"
"SirAvok","10","8","18"
"sirfurky","8","10","18"
"Sirius137","9","9","18"
"sjobin","11","7","18"
"Skazka_ex09","8","10","18"
"Skorobogatov_V","9","9","18"
"skubiniok","9","9","18"
"Slavik-1991","9","9","18"
"SlevinChess","11","7","18"
"Slv1981","9","9","18"
"SmilingMan","9","9","18"
"Sneike","8","10","18"
"sniff07","10","8","18"
"soheil_hamidi","10","8","18"
"SollyK","8","10","18"
"Somesh21","9","9","18"
"soniaorlasorm","8","10","18"
"SOUFYANEAIT","10","8","18"
"SparklingQ","9","9","18"
"sQuik420","7","11","18"
"sree_p","8","10","18"
"Srg-Y","9","9","18"
"ssbriandavid","8","10","18"
"sssssmall","9","9","18"
"sssvijay","8","10","18"
"Stanislav1711","9","9","18"
"stevecatbrecht","9","9","18"
"stevets","9","9","18"
"stewec","8","10","18"
"striv","10","8","18"
"SubanRZiA","8","10","18"
"Sudha1974","8","10","18"
"SUSMICHI","10","8","18"
"svpmonsieuraidezmoi","9","9","18"
"SweetMom","10","8","18"
"sydooo","7","11","18"
"szandikah","10","8","18"
"t_dnrt","9","9","18"
"Tagger27","10","8","18"
"Tahoua1234","10","8","18"
"Talal79","9","9","18"
"Talipov_Rauf1947","9","9","18"
"TapiwaJemwa","8","10","18"
"tarek_12","7","11","18"
"taskent","8","10","18"
"Terrazas1961","8","10","18"
"The_first_undertaker","9","9","18"
"the_maroy","10","8","18"
"The_Myth_of_Sisyphus","11","7","18"
"Thebrigtonguy","8","10","18"
"TheCoolestGuyOnEarth","10","8","18"
"TheRealRobrick","9","9","18"
"thestylecounciler","10","8","18"
"ThomasShelby25","8","10","18"
"thorinkingoferebor","10","8","18"
"tigerxax90222","9","9","18"
"Timido_e_Faina","9","9","18"
"tinabold","13","5","18"
"Tinchen58","9","9","18"
"Tio_aceite","7","11","18"
"tnt_1","9","9","18"
"TolotraWilde","8","10","18"
"tomatow","15","3","18"
"Tomrisim","9","9","18"
"tomsamben","9","9","18"
"TravisNikal","8","10","18"
"TsephoRyan","9","9","18"
"tsubasaozora","9","9","18"
"Twopoi","10","8","18"
"UghThisGuyAgain","10","8","18"
"UlviAlizade","9","9","18"
"umka2023","9","9","18"
"Unduhen","10","8","18"
"uniyalshekhar","9","9","18"
"Unmi","10","8","18"
"Uteh17","10","8","18"
"Uver1976militarchess","11","7","18"
"V-L-NT-N","9","9","18"
"vafin_radel2016","9","9","18"
"Valdecijr","9","9","18"
"valera162f","8","10","18"
"valerabatur","9","9","18"
"ValeryYakimov","9","9","18"
"vallepusa","9","9","18"
"Vardugin","10","8","18"
"varshf143","8","10","18"
"Vasilev07","9","9","18"
"VasilisDoulas","9","9","18"
"vefort","7","11","18"
"Venarich","9","9","18"
"Viadd_u","9","9","18"
"victormreyna","10","8","18"
"victorpadel","9","9","18"
"vignan1234","9","9","18"
"ViktorWinter","9","9","18"
"vinap54","10","8","18"
"vingary_sabana","9","9","18"
"Vitalionoff","9","9","18"
"vjaymore","10","8","18"
"Vladimirgrek123","9","9","18"
"VladSBb74","10","8","18"
"Volovik61","9","9","18"
"Vozhak1827","9","9","18"
"VSemenikhin","9","9","18"
"vshklyarevich","9","9","18"
"vugachukwu","9","9","18"
"wahyudianto","9","9","18"
"wasilowski04","10","8","18"
"Weliyev","10","8","18"
"weni703","9","9","18"
"Wer1239","10","8","18"
"Wichosu","8","10","18"
"Williams_parra","9","9","18"
"WKoch","10","8","18"
"Wladimir1952","8","10","18"
"Woodpusher26","8","10","18"
"xARNOLDx","9","9","18"
"xkltr","10","8","18"
"xMateo12x","9","9","18"
"xpuma","9","9","18"
"Xuelang000","9","9","18"
"xXEttoXx","9","9","18"
"yagneswar20231","8","10","18"
"yakr","11","7","18"
"yanuarcristie","9","9","18"
"Yanyan13","10","8","18"
"YaroslavYakovlev","10","8","18"
"Yas944","9","9","18"
"yass69","8","10","18"
"yassafarid","8","10","18"
"Yazoo61","10","8","18"
"YbouXII","9","9","18"
"yevgeniy11","10","8","18"
"YibaanEgorov","9","9","18"
"yrabalt","8","10","18"
"Yshirase","8","10","18"
"Zanzibar010101","9","9","18"
"zeb2017","9","9","18"
"zenara98","10","8","18"
"zhurablin","9","9","18"
"Ziad_s","9","9","18"
"Zkypro","9","9","18"
"Zllatanibra","9","9","18"
"zniszczsamotnie","8","10","18"
"zohre68","13","5","18"
"ZOOKD","9","9","18"
"Zoydchess","9","9","18"
"Zyk1973","9","9","18"
"A1956065","9","8","17"
"A3attack","9","8","17"
"aadyakakarla4","6","11","17"
"Abaddon_13","9","8","17"
"Abdo997","8","9","17"
"Abdulraouf2020","9","8","17"
"abernalchess","8","9","17"
"ABM1973","8","9","17"
"abohamam","8","9","17"
"Abomazenh_921","10","7","17"
"aboufazel_m1346","8","9","17"
"ABQ148369","9","8","17"
"AC8888","9","8","17"
"ActiveNight","7","10","17"
"adam7523","8","9","17"
"Aditya_N","8","9","17"
"adlerhorst","9","8","17"
"adolfo1ro","7","10","17"
"Adriano_Navarrete","9","8","17"
"afrarex","4","13","17"
"Agentepsi","10","7","17"
"aggache","8","9","17"
"agm310328329","7","10","17"
"AgustinLepre","9","8","17"
"Ahmedfekry90","9","8","17"
"ahmethakan5734","9","8","17"
"ahuja01","8","9","17"
"Aidaulet","8","9","17"
"ajivijay","8","9","17"
"ajp5307","7","10","17"
"AKazantzoglou","8","9","17"
"akbar60","11","6","17"
"Akmarjan2015","9","8","17"
"akshat987","9","8","17"
"alaattin61","8","9","17"
"Alastairey","11","6","17"
"AlejandroTiz","9","8","17"
"aleks0722","9","8","17"
"Aleksandrvai","7","10","17"
"Alex-950","8","9","17"
"Alex200751","9","8","17"
"Alexander_1_2_3","8","9","17"
"Alexander_Kh","9","8","17"
"Alexandra_Han","7","10","17"
"Alexey_lih","9","8","17"
"Alexfer06","6","11","17"
"Ali_kaka","9","8","17"
"AliiFarahbakhsh","8","9","17"
"alirezaparniaa","9","8","17"
"Allami1000","9","8","17"
"Almofaddinhas","9","8","17"
"almorshidiO","9","8","17"
"alniknov","8","9","17"
"alpayalp07","8","9","17"
"alpchessbr","9","8","17"
"alptigin311","8","9","17"
"AlTinok27","9","8","17"
"Altvater","7","10","17"
"amirabass_e","9","8","17"
"Amirhossinrahmaty","16","1","17"
"amirsootoon","8","9","17"
"Amq77","8","9","17"
"Anapest","9","8","17"
"aNasKk","8","9","17"
"AnatoliyKarpovich","7","10","17"
"AnatoliyPavlov","9","8","17"
"Andareoltre","8","9","17"
"andiirsandi","9","8","17"
"andysteps","8","9","17"
"Anfema","9","8","17"
"Anfield223","9","8","17"
"Angel_kocho","9","8","17"
"Antonio_Serrano","8","9","17"
"AnupamKumar12","9","8","17"
"aPawnReflection","9","8","17"
"arapop","9","8","17"
"Aravic99","8","9","17"
"ard683","8","9","17"
"Ariana_case","8","9","17"
"Arie_Andrian","8","9","17"
"ariyumand","8","9","17"
"arlenecutanda2000","7","10","17"
"Armatasate","9","8","17"
"armenak2003","10","7","17"
"arnechristoph","9","8","17"
"Arshak57","8","9","17"
"artur2405","6","11","17"
"arvinr","7","10","17"
"AryaTholiya","8","9","17"
"Asfandyarjadun","8","9","17"
"AshishDaz","9","8","17"
"ashraf132","8","9","17"
"asifshaikh57","8","9","17"
"Assyrianhamza","7","10","17"
"Asteria423","9","8","17"
"atanamamisvezir","8","9","17"
"atlasss","9","8","17"
"Atul456Hos","9","8","17"
"Aurora17K","9","8","17"
"avtopilot056","10","7","17"
"AylmerRook","10","7","17"
"ayoub005","8","9","17"
"Azad1990","7","10","17"
"azagarry","8","9","17"
"azaiza","10","7","17"
"Azikk8848","8","9","17"
"Babko_Nikolau1","9","8","17"
"Bachev","8","9","17"
"baharadost","9","8","17"
"Bahnschach","8","9","17"
"bakerallard","9","8","17"
"Balou1111","9","8","17"
"Baltrum","9","8","17"
"banscheeohara","8","9","17"
"Barberman1963","9","8","17"
"Baribal22_1969","7","10","17"
"basee35","8","9","17"
"bastanmarga","9","8","17"
"batagaja","9","8","17"
"BatBus","9","8","17"
"bb311","8","9","17"
"BCS2512","9","8","17"
"Beamen_george","8","9","17"
"Beelligerent","8","9","17"
"beercz","8","9","17"
"bekircelik06","9","8","17"
"bendilmi","9","8","17"
"Berkuysa123","9","8","17"
"Bernardoelzorro","9","8","17"
"BernardoSimarro","9","8","17"
"besnik57","10","7","17"
"beyondchass","8","9","17"
"Bhavdip","8","9","17"
"Biafrachessprodigy","9","8","17"
"bidhan1977","8","9","17"
"big_lih","7","10","17"
"BigG3532","7","10","17"
"BinBakr611","10","7","17"
"Blackbolt1966","9","8","17"
"BLAZZERG","9","8","17"
"BlueElvisXXII","8","9","17"
"Blunderyears","8","9","17"
"Bobby44","9","8","17"
"Bonus77rus","8","9","17"
"bort89","16","1","17"
"bossdady20","9","8","17"
"Bovt_Yura","9","8","17"
"boywenu","9","8","17"
"BR1no","9","8","17"
"bradonthecomputer","9","8","17"
"Brahem","9","8","17"
"BrazilianCapibara","8","9","17"
"brian1026","8","9","17"
"brian4488","9","8","17"
"Bruno_Boroto","10","7","17"
"Bruno_cco","9","8","17"
"brusovav1","8","9","17"
"Bud14rj0","8","9","17"
"Bullers100","7","10","17"
"bullregard","8","9","17"
"burdano","9","8","17"
"butas82","9","8","17"
"buzaed","7","10","17"
"BXLSUD","11","6","17"
"Caleb_g6rzun","9","8","17"
"caliwater","8","9","17"
"Calpinbarcal","9","8","17"
"cam2212","8","9","17"
"Camaleoncio1","8","9","17"
"Cardor","8","9","17"
"carloslacombe57","8","9","17"
"Carlus_Magnusen0","9","8","17"
"carnal_beast","7","10","17"
"Carnii19","10","7","17"
"carrozzino","9","8","17"
"Cascata","8","9","17"
"Cemal_Acun","8","9","17"
"cfcastagna","9","8","17"
"Champion7350","8","9","17"
"Chaos2495","8","9","17"
"ChegevaraChe","9","8","17"
"ChemaCuacos","9","8","17"
"chess-gamer-me","9","8","17"
"CHESSCOTEC","8","9","17"
"ChessDad26","8","9","17"
"chessdaddy7","8","9","17"
"ChessDemoness","9","8","17"
"Chessoffshchick","8","9","17"
"ChessyMcChessFace11","8","9","17"
"chinoski90","8","9","17"
"Chpuk1007","7","10","17"
"chrisfreites","8","9","17"
"Christopher129","9","8","17"
"cihangiriyidogan","9","8","17"
"cjake4185","10","7","17"
"Cksanzo21","8","9","17"
"clarkoclarko","11","6","17"
"clau9","7","10","17"
"claudio1962","8","9","17"
"Clemeight","9","8","17"
"ComsaVladimir","8","9","17"
"consuelo89","9","8","17"
"CramItUpUrCramHole","8","9","17"
"Crazy_Pawn13","9","8","17"
"Cristian_chp","9","8","17"
"CROQUETAZO","9","8","17"
"Csiga","8","9","17"
"Cthouse","9","8","17"
"Cundang","9","8","17"
"D_DAMIR_0","8","9","17"
"D-S-F","9","8","17"
"Dacz02","8","9","17"
"dalekob","10","7","17"
"daler07","9","8","17"
"dAnIEl_manaDO","8","9","17"
"Danitark","8","9","17"
"Daoudiat","8","9","17"
"DarF10","8","9","17"
"Dark_eclipse","9","8","17"
"Dark_phonix_ir","8","9","17"
"Darkdragon0101","8","9","17"
"Darkrequiem2301","9","8","17"
"David_Ente","9","8","17"
"Davor-master","8","9","17"
"davxzkie26","8","9","17"
"dbh006","8","9","17"
"deaae","9","8","17"
"deansontoast","8","9","17"
"deathbyDaVinci99","9","8","17"
"Dedmazay21","8","9","17"
"Defconstructor","10","7","17"
"Deffiman","9","8","17"
"delhyacco","10","7","17"
"Deon12","8","9","17"
"DesiredAbility999","8","9","17"
"devarshi99","9","8","17"
"dexterdrifus","8","9","17"
"DiabeticBrain","8","9","17"
"diako61","8","9","17"
"Diego_Painemil","9","8","17"
"diinekisGR","8","9","17"
"DmitriiMU","9","8","17"
"docent013","7","10","17"
"docmohassan9165","9","8","17"
"Dodsky25","8","9","17"
"Dontmind3","7","10","17"
"Douglas-Rafael","9","8","17"
"dovahqiin","8","9","17"
"dperilla","7","10","17"
"drazam","8","9","17"
"drug5555","8","9","17"
"drunnoh","8","9","17"
"Dubolom228","9","8","17"
"Ducline","8","9","17"
"Duedita","9","8","17"
"Duelsol","8","9","17"
"Dutrowsk","8","9","17"
"duysak123","8","9","17"
"dxm_94","9","8","17"
"DZMITRY_0180","7","10","17"
"EAADHAVAN2015","9","8","17"
"Ebruphiho","8","9","17"
"eddiesioson","8","9","17"
"Eduardo83","8","9","17"
"Edy_Senewe","9","8","17"
"eedsasst","9","8","17"
"EeeiMacarena","10","7","17"
"efreixar","8","9","17"
"Egor2012","9","8","17"
"Ehab_Yagan","9","8","17"
"eich","8","9","17"
"EkkerdtVA","8","9","17"
"elchichi23","9","8","17"
"eleoncino","10","7","17"
"Eljuri","8","9","17"
"ELO_1500","9","8","17"
"elonmuks","9","8","17"
"elpeople007","8","9","17"
"emdadie","8","9","17"
"Engiinee","7","10","17"
"enidde-ruon","7","10","17"
"Enriqueortega61","8","9","17"
"ericmybi11","8","9","17"
"erwin3819","8","9","17"
"erxvis","10","7","17"
"Esene1","7","10","17"
"esiLasker22","8","9","17"
"Evg_75","9","8","17"
"evg73kol","9","8","17"
"exagorazo","9","8","17"
"eylulmine","8","9","17"
"F_A_Q2010","9","8","17"
"Fadhli_Yusuf","9","8","17"
"fakechamp","8","9","17"
"Farzad_2023","10","7","17"
"faustisanmartin","11","6","17"
"fawrid","10","7","17"
"fbmorais","7","10","17"
"federicosalieri","7","10","17"
"Felixmgomez87","7","10","17"
"Fenix_PRO","8","9","17"
"ferdinando51","9","8","17"
"fernavg","8","9","17"
"ferzberymenya","7","10","17"
"fighterman25","9","8","17"
"finguh","8","9","17"
"finkm","10","7","17"
"FireFishBOT","10","7","17"
"fisiodoc","9","8","17"
"Flarnman","8","9","17"
"flashy4o4","8","9","17"
"Flodur_38","9","8","17"
"FogMoose","10","7","17"
"forkingKt","8","9","17"
"FranzXaverS","9","8","17"
"freeboot","9","8","17"
"FROMUZWITHLOVE","9","8","17"
"fulleclipse-original","8","9","17"
"Furlan1974","9","8","17"
"g-row","9","8","17"
"Gabe312","10","7","17"
"gabrieleromanoy","9","8","17"
"gadar_2","8","9","17"
"Galall15","8","9","17"
"Galanchikssss","9","8","17"
"Galerna","8","9","17"
"GAMA011","9","8","17"
"GameOver228","9","8","17"
"GaryReynolds","9","8","17"
"Gassem1234","10","7","17"
"gazzesi","9","8","17"
"gdviper","9","8","17"
"Gdvorobev","9","8","17"
"gdwojacki","9","8","17"
"Geert1985","9","8","17"
"Gennat-Schachwebde","9","8","17"
"Genyu_Odds","9","8","17"
"GeorgLB","9","8","17"
"Gernik5","8","9","17"
"GeshaPB","9","8","17"
"gheeedo","10","7","17"
"Giannaf","8","9","17"
"gidmic","9","8","17"
"Gigson","8","9","17"
"Gilev58","9","8","17"
"Ginkoma","8","9","17"
"Giresunn2861","9","8","17"
"gl_anu","9","8","17"
"gmenest","9","8","17"
"gmlev","10","7","17"
"Goatmusic","9","8","17"
"godof","5","12","17"
"GoldHam","9","8","17"
"GoniecWarszawski","8","9","17"
"gorizav","9","8","17"
"gorodskoy","8","9","17"
"GOTO_wahyono","9","8","17"
"GR77plus","10","7","17"
"GrandmasterEttoh","8","9","17"
"GreatLeaderXi","9","8","17"
"GregB65","9","8","17"
"gricky","9","8","17"
"Grimplinyi","10","7","17"
"GuShEnDrA86","8","9","17"
"Gutso","10","7","17"
"hack_saw","9","8","17"
"Hamachami","9","8","17"
"Hamedhassan777","9","8","17"
"hamza_saadaoui","9","8","17"
"haniraj","8","9","17"
"HansVanPuff","8","9","17"
"hardikbaxi","9","8","17"
"Harun557","9","8","17"
"hassan-NGR","10","7","17"
"hassan2105","7","10","17"
"Hector-Garcia","9","8","17"
"Heinse","9","8","17"
"hej7x","8","9","17"
"Hermes1972","8","9","17"
"hiei4","7","10","17"
"HighLionMedia","7","10","17"
"himu4456","9","8","17"
"HitmanAJ","7","10","17"
"Hogeye","8","9","17"
"HokasPokas","10","7","17"
"hooooosssdd","9","8","17"
"hoseinessa","8","9","17"
"hungry_utya","10","7","17"
"Hviktor1971","8","9","17"
"Hvr0542","8","9","17"
"hyderho","8","9","17"
"I3en1","10","7","17"
"iambetterthanuatches","8","9","17"
"Iamneerajpratap","8","9","17"
"Ibeabuchi","7","10","17"
"ibraheem1z","9","8","17"
"ibrahem229","8","9","17"
"icompletedit","8","9","17"
"Ika1970","10","7","17"
"imaannnn","9","8","17"
"iman112","8","9","17"
"imver","9","8","17"
"infinitegambit","8","9","17"
"Interalex","7","10","17"
"ionplamadeala","8","9","17"
"IQ02","8","9","17"
"IrimiDrn","9","8","17"
"Irina-23","9","8","17"
"Irishelly","8","9","17"
"issfreeze","8","9","17"
"itdiedonthevine","7","10","17"
"Iudicio","10","7","17"
"IvannAlex","9","8","17"
"IvanTet","8","9","17"
"IvanZimir","8","9","17"
"ivisS-25","8","9","17"
"Ixo38","9","8","17"
"JackSparrow2808","7","10","17"
"JAMELISHAKATURAY","8","9","17"
"JanBat85","8","9","17"
"jancze","9","8","17"
"jandropo","9","8","17"
"JangirJanel","8","9","17"
"Jansina777","7","10","17"
"jassar_ch","8","9","17"
"JAVAD_2072","10","7","17"
"Jayant0710","9","8","17"
"JEF3000","8","9","17"
"jerrygoel","9","8","17"
"jesustumi_33","9","8","17"
"jheitor3","8","9","17"
"jimmyshay","9","8","17"
"jinwoo0521","9","8","17"
"jis23","10","7","17"
"jj1968nn","7","10","17"
"jo125","8","9","17"
"joao333","9","8","17"
"joelaustralia","10","7","17"
"Joergri","8","9","17"
"joey53","9","8","17"
"Jogi7878","9","8","17"
"JohannWolfgang","9","8","17"
"john_gegeli","7","10","17"
"john1cendales","8","9","17"
"jojolamenassss","9","8","17"
"JokeHuys","9","8","17"
"Joker1av","8","9","17"
"Jonathlopez","8","9","17"
"jonmahendra","10","7","17"
"jonrar","8","9","17"
"jonsaritajin","10","7","17"
"JPMateo","9","8","17"
"jpvivanco","9","8","17"
"Jsumi","8","9","17"
"juan_carlos_bustos","8","9","17"
"Jumjaw","9","8","17"
"juri_iov","9","8","17"
"Jurko2000","9","8","17"
"justPaulo","8","9","17"
"K123456KrakonKas","9","8","17"
"kadi1977","9","8","17"
"kaiuloyu","9","8","17"
"Kakek_Sugi78","11","6","17"
"Kamalibekov","8","9","17"
"kamarajkpk","8","9","17"
"kanaka28","9","8","17"
"kapoorn","8","9","17"
"karan14verma","8","9","17"
"Kareemkamal","8","9","17"
"Kartikpanj","10","7","17"
"KatiePerry12","9","8","17"
"KDfromNepal","9","8","17"
"Keksmum","9","8","17"
"Kenneth_2023","8","9","17"
"Kennyjj","10","7","17"
"kesyrame","8","9","17"
"khosrofr","9","8","17"
"Kiannorouzi94","7","10","17"
"Kikaya","9","8","17"
"Killermax24799","8","9","17"
"kimazirevel","10","7","17"
"kingkrause","8","9","17"
"kingrapv","8","9","17"
"Kingsdilemna","8","9","17"
"kiopsina8","8","9","17"
"KIRILL_065","9","8","17"
"kitab123","9","8","17"
"KitTam","9","8","17"
"KKMitra","9","8","17"
"KleinmeisterM","8","9","17"
"Kling-Sor","9","8","17"
"KLuwiz","7","10","17"
"koelngacrusher","8","9","17"
"Kohai404","9","8","17"
"koksuzoglu","7","10","17"
"Kolektop","8","9","17"
"KonovalukFedor","8","9","17"
"kosmasmakis","9","8","17"
"kotov2000","7","10","17"
"koyo_cabe","9","8","17"
"kr0os","8","9","17"
"Kravtsov_Bogdan","8","9","17"
"Krishmehra","8","9","17"
"krispster","9","8","17"
"kronebull","9","8","17"
"Ksdb","8","9","17"
"Ktm690","9","8","17"
"KudaGanas1","8","9","17"
"kurninovandrei","8","9","17"
"Laercio_eq","9","8","17"
"Lam0404","7","10","17"
"Lambang1","8","9","17"
"Laplace-Lagrange","9","8","17"
"lchipl","8","9","17"
"lebesk","8","9","17"
"lee50","8","9","17"
"leonio","9","8","17"
"lesurdoue","8","9","17"
"Lev66","8","9","17"
"Leva_2014","8","9","17"
"LeysanMazhitova","9","8","17"
"LHOMMEDEMOPANGA","9","8","17"
"Linda42160","8","9","17"
"Ling7102009","8","9","17"
"Lio15","8","9","17"
"lisakpe","8","9","17"
"Little_kid_09","8","9","17"
"Llakshmi11","9","8","17"
"lmpedro","9","8","17"
"lo_andre79","9","8","17"
"Lodzik","9","8","17"
"loin2","8","9","17"
"lokopo","8","9","17"
"LoneWolverine","9","8","17"
"Lordkipe","8","9","17"
"LordPhil","8","9","17"
"Lorenzo1954","9","8","17"
"Lothar1704","8","9","17"
"Lu_Lan","3","14","17"
"LuisC200","8","9","17"
"lunakin13","9","8","17"
"lvanna","9","8","17"
"m96mhh","9","8","17"
"M993B","8","9","17"
"MACIAS1980Rute","8","9","17"
"MAG_79","9","8","17"
"Mahdi_2004","8","9","17"
"Mahinplay","8","9","17"
"mahmoud88","8","9","17"
"Mahmoudhawamdeh95","8","9","17"
"mamdooh_20","10","7","17"
"Mandruyo","8","9","17"
"mansour11","10","7","17"
"manueltecse","9","8","17"
"MANUESTRASS","9","8","17"
"Manul350","9","8","17"
"Marco1848","8","9","17"
"marcus_ulpius","10","7","17"
"MarkBelyy","9","8","17"
"MarketMike","8","9","17"
"markhelsby","8","9","17"
"marlo232723","10","7","17"
"Martin12boy","8","9","17"
"mary2346","10","7","17"
"Mastaeth","8","9","17"
"masud7133","9","8","17"
"mat_toing","7","10","17"
"Matei_007","7","10","17"
"MateoVillas","8","9","17"
"Matveikorsak2010","9","8","17"
"Mauricio1891","8","9","17"
"maurovasques75","8","9","17"
"maximusstanok","7","10","17"
"MayroBlue","8","9","17"
"Mazlum24","9","8","17"
"mbs-2017","9","8","17"
"mcovalt","9","8","17"
"mdbarcenasm","8","9","17"
"mdsjjorge-chess","7","10","17"
"MeCaniKs","9","8","17"
"Medicoajedrecista","9","8","17"
"Mehdi-Mokrani","10","7","17"
"mehta_sourav","8","9","17"
"Melafan","8","9","17"
"meliqq72","9","8","17"
"memo10","9","8","17"
"Mergesha","9","8","17"
"mestarhema7","7","10","17"
"metahrii","8","9","17"
"Mexter565","9","8","17"
"mha4442","8","9","17"
"Miazaki-san","10","7","17"
"michalkl88","9","8","17"
"miguelhermoz","9","8","17"
"mikhaiiltaal","9","8","17"
"milad_chess","9","8","17"
"mimotimo","8","9","17"
"mina1190","8","9","17"
"MironMiron2014","9","8","17"
"mister_cat_68_pablo","8","9","17"
"Mitchy_dObor","10","7","17"
"mitro_lapanjo","9","8","17"
"Mizaktin","7","10","17"
"MJM-M","8","9","17"
"Mkatakata","7","10","17"
"mlms513","8","9","17"
"mmaci","8","9","17"
"mnaagii","9","8","17"
"mohammad1468","9","8","17"
"Mohammed_6767","8","9","17"
"mohdabash64","8","9","17"
"MohHEDIBI","7","10","17"
"Molniya32","8","9","17"
"MOVAJOLI","7","10","17"
"Mr_Councelor","7","10","17"
"Mr_elesaly","7","10","17"
"mr-andr3a-99","8","9","17"
"MrBlunderful581","8","9","17"
"Mrwell","9","8","17"
"msfr118","9","8","17"
"mstew","9","8","17"
"MTHIRUPATHI","8","9","17"
"mukakawill","8","9","17"
"Muthanna9797","8","9","17"
"muthuems","8","9","17"
"N8titus","9","8","17"
"Nahubostero","8","9","17"
"Nakren","7","10","17"
"NAT210","8","9","17"
"navneet75","8","9","17"
"NegromanteO_o","8","9","17"
"neica4","8","9","17"
"Nengre","8","9","17"
"neslho","9","8","17"
"net_fire","8","9","17"
"Neysid","8","9","17"
"nf111","8","9","17"
"Nhlovo_Success","9","8","17"
"Nicky-Hayden","8","9","17"
"NiemiePiotr","8","9","17"
"Nifolater101","10","7","17"
"nl24bit3","11","6","17"
"NOHCHO6969","10","7","17"
"Nomatata","8","9","17"
"nosejugarajedreznada","8","9","17"
"NotusGladyus","8","9","17"
"numappoke","8","9","17"
"nxt123456","9","8","17"
"Nyigam_Bole","8","9","17"
"O1l1e1g","8","9","17"
"odraccir1","8","9","17"
"ogulcankanat","9","8","17"
"ol42fs34","7","10","17"
"Olga_Beju","8","9","17"
"oliver666374","8","9","17"
"omidtan","8","9","17"
"Omni_Dank","8","9","17"
"Omprakash_Sharma01","10","7","17"
"omv4006","8","9","17"
"onebudel","9","8","17"
"oratioh","9","8","17"
"Origami95","8","9","17"
"Osamahatem35","9","8","17"
"Otabek2910","9","8","17"
"otropamperito","8","9","17"
"Owensito","9","8","17"
"ozorix71","9","8","17"
"pablisimo_SSJ4","8","9","17"
"Paddy009","9","8","17"
"PanDilka","8","9","17"
"pankajjayshwal","9","8","17"
"Papa_Jabit","7","10","17"
"PAPAZIAN","9","8","17"
"papulpmsarker","9","8","17"
"parado_NO_bailao","8","9","17"
"Paramonius","7","10","17"
"parttimeglovetoucher","10","7","17"
"Pasocle","8","9","17"
"PaulShrew","8","9","17"
"pavox","9","8","17"
"Pawnedgame","8","9","17"
"pax777","8","9","17"
"Pedro267w","9","8","17"
"perusmies","7","10","17"
"Peter-Bon22","8","9","17"
"peterson131","9","8","17"
"Ph-il-in","9","8","17"
"PhilipWard","9","8","17"
"pibit","8","9","17"
"Picorelli","9","8","17"
"Pik_achoo","9","8","17"
"pinver","7","10","17"
"piyon_go","9","8","17"
"pjoling","8","9","17"
"player14392","9","8","17"
"pneumoid","10","7","17"
"pocin1","9","8","17"
"PocketJack","9","8","17"
"Poet58","13","4","17"
"polonium210_kalkut","9","8","17"
"ponposo","7","10","17"
"POPAI87","8","9","17"
"possumstirrer3","10","7","17"
"pouliasis","9","8","17"
"PrachiS12","8","9","17"
"prasad2909","8","9","17"
"Praveen_Karaikudi","10","7","17"
"PRJ1","8","9","17"
"Prof_Gumbert","9","8","17"
"ProstoAppleCH","8","9","17"
"proxym","8","9","17"
"pselvakumar","10","7","17"
"ptitecoupe","7","10","17"
"Puivertain","7","10","17"
"pumucky3","8","9","17"
"pzpio10","7","10","17"
"Qiami","8","9","17"
"Queen2706","9","8","17"
"QueenAttacc","8","9","17"
"QuotePilgrim","8","9","17"
"qwaba","9","8","17"
"R_gh_1338","8","9","17"
"Racri28","7","10","17"
"radiopoint","9","8","17"
"radwan1979","9","8","17"
"Rafou70","9","8","17"
"Raha1362000","9","8","17"
"rahulraj7952","9","8","17"
"ramaz3004","8","9","17"
"RamazanMakhmud0505","8","9","17"
"ramil62","7","10","17"
"randymcroberts32","8","9","17"
"rangi_8","10","7","17"
"Raul2506","8","9","17"
"rauzerberg","8","9","17"
"RazztheTerrible","8","9","17"
"rchoudhury","8","9","17"
"Reda46","8","9","17"
"redbulx","8","9","17"
"redomant","8","9","17"
"relos1","9","8","17"
"reporter1516","8","9","17"
"Reutter","9","8","17"
"Reza5757","7","10","17"
"rezacute","8","9","17"
"RicardoALM","9","8","17"
"RiesenS","9","8","17"
"Riknad","8","9","17"
"Riquewihr","8","9","17"
"rishh69","9","8","17"
"rityyy001","8","9","17"
"rleai","9","8","17"
"RNABAL","7","10","17"
"RocsanIsAnElf","9","8","17"
"RollanIbrayev","8","9","17"
"Romulus33260","7","10","17"
"rookie9021","7","10","17"
"Roshad123","9","8","17"
"Rouge_Knight","9","8","17"
"rovigo1958","9","8","17"
"rubenmat","9","8","17"
"Rune_Secher","8","9","17"
"RUPESH9160ACHARYA","9","8","17"
"Ruslandzhalilov84","8","9","17"
"RUT0830","8","9","17"
"Ruzil_Baiguzhin","9","8","17"
"Ryan_chawonk049","7","10","17"
"Ryuma1989","9","8","17"
"S2_LOG0","9","8","17"
"Sadegh333","12","5","17"
"saettas","8","9","17"
"sahinkaraca","9","8","17"
"sahrulerol","8","9","17"
"saidnur","9","8","17"
"salar70","9","8","17"
"salatyuk","7","10","17"
"salsa_boy","7","10","17"
"Samanjomba12","6","11","17"
"SamareBilge","9","8","17"
"sampath_pullela","9","8","17"
"Sanek34rus","9","8","17"
"SANKARCHANDRU","10","7","17"
"santi4848","9","8","17"
"sarthour","8","9","17"
"Sarwar_NITJSR","11","6","17"
"sasy200396","7","10","17"
"Saumya_1","9","8","17"
"schachmitk","8","9","17"
"SemenMatveeviche","8","9","17"
"senmiles","9","8","17"
"senosangma","8","9","17"
"Serge007","9","8","17"
"Sergey_Cheban95","9","8","17"
"SergeyKingKong","9","8","17"
"shabuvinayapalan","10","7","17"
"shaziraj","8","9","17"
"SHeriz","8","9","17"
"sherlock_puzzle","9","8","17"
"shevyakovus","9","8","17"
"shimanero","9","8","17"
"shivarathan","10","7","17"
"ShivrajNadar_17","8","9","17"
"Shkola007","7","10","17"
"shohann13","9","8","17"
"shourya202201","9","8","17"
"shsvosoughi","10","7","17"
"shto_nani","9","8","17"
"Shveeds","9","8","17"
"Siddharthnayal","9","8","17"
"silifried","8","9","17"
"simple727","8","9","17"
"SingularityISnear","8","9","17"
"Siniqt","10","7","17"
"Sinisadavid","9","8","17"
"sir_omar","9","8","17"
"sirage1997","9","8","17"
"skipka","9","8","17"
"skudurelis","8","9","17"
"Skyh_gh234u7","9","8","17"
"slamet212","10","7","17"
"Slava_white_king-12","8","9","17"
"slava55","8","9","17"
"SMARTNOSA","9","8","17"
"SneakyTurtle119","9","8","17"
"SnigirevVV","7","10","17"
"Sofia_airih","9","8","17"
"sofien-h","8","9","17"
"Soham976roy","8","9","17"
"SonechkoRa8","9","8","17"
"sowasredd","8","9","17"
"Spirson","9","8","17"
"SpyrosV","9","8","17"
"squari","9","8","17"
"SR0301","9","8","17"
"sraheenkhaled","7","10","17"
"sreeraamips","9","8","17"
"Srisharan_2","9","8","17"
"stanidavydov","9","8","17"
"Stano24","8","9","17"
"Stasi123ivanov","9","8","17"
"StephenBedford1963","9","8","17"
"stifh","9","8","17"
"stonehenge5","9","8","17"
"Stratosonic","9","8","17"
"Suatsuathenaz","9","8","17"
"suhang1993","8","9","17"
"sundar112","9","8","17"
"superhino","8","9","17"
"SuyambuGanesh","8","9","17"
"svartkatt","8","9","17"
"Svetlov_LV","7","10","17"
"SVIATLANA1992","8","9","17"
"Swapnil_m-007","9","8","17"
"Swinsonian2","9","8","17"
"Tacatun","8","9","17"
"TaeWoong","8","9","17"
"TAi07_07","9","8","17"
"TaigaTimothy","10","7","17"
"tamezi","8","9","17"
"taotalajedrez","8","9","17"
"tayo_rick","8","9","17"
"TB_Kakashi","9","8","17"
"tectonicplates1","8","9","17"
"tejpal1985","8","9","17"
"Thabo_Chele","8","9","17"
"The_Black_Dow","9","8","17"
"the81artvin","8","9","17"
"thecision","8","9","17"
"Theminato","8","9","17"
"thomas70513","8","9","17"
"tia1234","7","10","17"
"TIBU214","8","9","17"
"Tiger1023","10","7","17"
"tikitiki999","10","7","17"
"Timonrex","8","9","17"
"Timur135","10","7","17"
"Tin1234567","7","10","17"
"Tintonbonbon","7","10","17"
"Tipsyyy","8","9","17"
"tirald","7","10","17"
"Tiran5","9","8","17"
"tiwariabhishek","9","8","17"
"Tjodes","9","8","17"
"TKOGamer","9","8","17"
"toddvic","9","8","17"
"TomDubz","9","8","17"
"Tomo78","9","8","17"
"tomweh","9","8","17"
"ToniTony2","8","9","17"
"Torritos40","3","14","17"
"torypollo","10","7","17"
"Torzonborsz","8","9","17"
"TotallyMy1stAccout","8","9","17"
"Trainerbua","10","7","17"
"treb50","8","9","17"
"tries7","8","9","17"
"TrippyAstronaut","10","7","17"
"TRogersAjedrez","8","9","17"
"Troymesh","9","8","17"
"TsuchiKnowCo","8","9","17"
"tuningfork","8","9","17"
"TurboChicken1","9","8","17"
"turco19870","10","7","17"
"tushma","7","10","17"
"tvtkz1962","9","8","17"
"UDAYPOWLE","8","9","17"
"Udead666","8","9","17"
"UdyrOpposeMe","9","8","17"
"ufid","9","8","17"
"ulfheddin23","9","8","17"
"UnkindledOne","9","8","17"
"unknown_magi","7","10","17"
"uvn555","9","8","17"
"vaialy","8","9","17"
"ValdorLumiere","8","9","17"
"Valeo1986","6","11","17"
"Valerii_Bar","10","7","17"
"valery_push","8","9","17"
"Valsehcayv","9","8","17"
"ValueDon","6","11","17"
"Vasta1207","9","8","17"
"Vedanshkatikela2023","8","9","17"
"veeson1971","7","10","17"
"VGSvotin","8","9","17"
"via_prjg","8","9","17"
"vibku","10","7","17"
"Vijay009","8","9","17"
"ViktoriWin01","9","8","17"
"vinodchess24","8","9","17"
"virus_HA","7","10","17"
"vitaliiz","8","9","17"
"Vitality63","8","9","17"
"vittorio_gentile","8","9","17"
"Vjacheslav61","9","8","17"
"VladGorob","8","9","17"
"Vladimirtemir","8","9","17"
"Vm2511","10","7","17"
"Volksheld","9","8","17"
"VonLux","10","7","17"
"vova3570","7","10","17"
"VovaTheCar","10","7","17"
"Warlock99","7","10","17"
"waymez","8","9","17"
"wellduh","8","9","17"
"WendyLunata","10","7","17"
"WestportJubano","7","10","17"
"Wgss","8","9","17"
"whatareyoudoing7","9","8","17"
"whitefolks","8","9","17"
"Wienerli","8","9","17"
"winder920","8","9","17"
"WladimirYS_1951","8","9","17"
"wojciechsoltysiak","9","8","17"
"Xaver","9","8","17"
"XeMnAs187","8","9","17"
"xX_100checks_Xx","9","8","17"
"Xynax28","9","8","17"
"YAKAMOZ4","7","10","17"
"YanierCuba","6","11","17"
"yas4_b","8","9","17"
"YAVE1369","8","9","17"
"yelawolf23","8","9","17"
"Yesiamo","9","8","17"
"Yevhenco","10","7","17"
"yockfuu","9","8","17"
"yogi94","9","8","17"
"yonuah","9","8","17"
"YourFavouritePizza","9","8","17"
"yourhonour","10","7","17"
"yukogah","7","10","17"
"Yusufkenansahin","9","8","17"
"ZaGuMenKo","9","8","17"
"zakir1005","8","9","17"
"Zangar7","9","8","17"
"Zawki","7","10","17"
"zayadi","9","8","17"
"zeemanxo","8","9","17"
"Zemlyakov_Kolya","8","9","17"
"Zfrslr","9","8","17"
"Zhaklin20","8","9","17"
"zola48","8","9","17"
"A-l-i_02112007","8","8","16"
"A1957dic","8","8","16"
"A777TheKing777","8","8","16"
"aalkahtani","8","8","16"
"ab-der-fisch","9","7","16"
"Abaclabur","7","9","16"
"abdelrazekelnweshy-7","7","9","16"
"abdhaboosh55555","8","8","16"
"Abdulvahap","9","7","16"
"abduxalil1961","7","9","16"
"abhiram_pancham","8","8","16"
"aboweesam","8","8","16"
"Abudrez","8","8","16"
"AbundanceEd","8","8","16"
"acarelia","8","8","16"
"aceacebedo","7","9","16"
"Ackkkk","8","8","16"
"Adeenbeef","7","9","16"
"adegkm","7","9","16"
"adel22","8","8","16"
"adnankhalediiiii","10","6","16"
"Adolfer59","8","8","16"
"Adrian_pau","7","9","16"
"Adyorha01","8","8","16"
"Afifpro","9","7","16"
"Agarik59","8","8","16"
"AgusBigo","8","8","16"
"AhALKB","9","7","16"
"ahmed_kassab","8","8","16"
"Ahmed00200","8","8","16"
"ahmedeldeed","8","8","16"
"ahmedfekry_66","8","8","16"
"ahmedhelmyy","9","7","16"
"Ahmeteren7bjk","8","8","16"
"AidarOne","7","9","16"
"Aiura-djg","7","9","16"
"aizat124","8","8","16"
"Ajayan-Mn","8","8","16"
"AK140789","6","10","16"
"akbars555","8","8","16"
"AKgs","10","6","16"
"Akifkara80","8","8","16"
"Akshajbkarthik","8","8","16"
"AkshajMD","8","8","16"
"akshaykshetri","7","9","16"
"akshaykumar2692002","9","7","16"
"Al-Tahlawy2525","8","8","16"
"Aladushka","9","7","16"
"Alejandro_Ruiz_Perez","8","8","16"
"Aleksandr_Mironov","8","8","16"
"Aleksandr65","9","7","16"
"Aleksandr77711","8","8","16"
"alentejo49","9","7","16"
"ales1980","7","9","16"
"Alex_Shestakov","8","8","16"
"Alex11186","8","8","16"
"Alex1955","9","7","16"
"Alexander_Schwab","7","9","16"
"Alexander2120","8","8","16"
"Alexander33222","9","7","16"
"AlexanderMir","8","8","16"
"Alexeysl","8","8","16"
"AlexVsmit","7","9","16"
"alfados","7","9","16"
"alfredo2023","8","8","16"
"ali09934999","8","8","16"
"AliAbdelgaber","9","7","16"
"alietesamirad","7","9","16"
"Alina_Tsyrenova","7","9","16"
"Aliy1378","8","8","16"
"AlMassa","7","9","16"
"alozo","8","8","16"
"alpadrakhan","9","7","16"
"Alriru","8","8","16"
"alseid","7","9","16"
"alvaroramos2023","7","9","16"
"amad300","8","8","16"
"Amber011911","10","6","16"
"Amidus1983","8","8","16"
"amirrezaT92","8","8","16"
"AmShakes","7","9","16"
"ananda1212","8","8","16"
"AnangFH","9","7","16"
"anasama","7","9","16"
"Ancetre","8","8","16"
"andiel0525","9","7","16"
"Andrei_2011","7","9","16"
"Andresjauregui2023","7","9","16"
"ANDREW_GCC","10","6","16"
"andrey1_pisarev","9","7","16"
"AndreyKachur","9","7","16"
"Anikspahiu1","7","9","16"
"AnnOvchinnikova","8","8","16"
"Anobek22","8","8","16"
"Ant7777","7","9","16"
"Anton2300880","8","8","16"
"Antoniego","8","8","16"
"AntoniuxBlock","8","8","16"
"antracis","7","9","16"
"antsmi","8","8","16"
"Anuta4038","7","9","16"
"anwalt22","8","8","16"
"aPirateMan","9","7","16"
"apo-hossam","7","9","16"
"aquaworm","8","8","16"
"ar0109","9","7","16"
"Aravi02","8","8","16"
"Aravindhrk","8","8","16"
"arceniochi24","9","7","16"
"ardakuru12","9","7","16"
"areleaf102","9","7","16"
"Arian_A18","9","7","16"
"Arivunedunchezhi89","9","7","16"
"Arizona1992","7","9","16"
"armangarip","8","8","16"
"Arminboe","9","7","16"
"Arnil14","7","9","16"
"arnoldotobon","8","8","16"
"Arnoste","8","8","16"
"aror150","8","8","16"
"arquimedesr","8","8","16"
"arrocco1972","7","9","16"
"Art_of_Chess","8","8","16"
"Arutik228","9","7","16"
"ascettut77","9","7","16"
"asha2","7","9","16"
"Ashmoin","8","8","16"
"AslanKeshev","9","7","16"
"AsR_0","7","9","16"
"ASSD98","8","8","16"
"astralevsky","9","7","16"
"athlonxp2200","8","8","16"
"Attytiger","9","7","16"
"AUGUSTO1959","7","9","16"
"AVAMMH","9","7","16"
"Avernus","9","7","16"
"Axalexan","8","8","16"
"ayatnajafY","8","8","16"
"ayman2365","9","7","16"
"Azad70","8","8","16"
"azrraaaa","8","8","16"
"B_A_D_R","9","7","16"
"b8g8noob","9","7","16"
"Backalavr","9","7","16"
"Baddie97","9","7","16"
"Badgamers24","8","8","16"
"bado7","8","8","16"
"badowi","7","9","16"
"badr_ibrahim74","6","10","16"
"bahageg","8","8","16"
"bakkaley","8","8","16"
"Balaram108108","9","7","16"
"Ballinbasket","7","9","16"
"Balrof","10","6","16"
"BalticKiller","8","8","16"
"Balzhinima93015","9","7","16"
"Barakira","8","8","16"
"Barari_Hosein","9","7","16"
"Bardiaaaa1396","8","8","16"
"bawer6262","8","8","16"
"BearMoo","8","8","16"
"Beithioch_fichille","8","8","16"
"benjijneb","9","7","16"
"benmhidi","9","7","16"
"Bentot_50","9","7","16"
"Berimor0905","8","8","16"
"beroe88","9","7","16"
"bfOs","7","9","16"
"Bichitra2023","7","9","16"
"BijuAmbadi","9","7","16"
"bikoo25","8","8","16"
"Bisharp132","8","8","16"
"bitkov","9","7","16"
"bkrpatnaik","8","8","16"
"Blackjack77","8","8","16"
"BLNT77","7","9","16"
"BlunderBender69","8","8","16"
"Boates","8","8","16"
"BobaaFett","7","9","16"
"Bobby_Berg","8","8","16"
"boci89","9","7","16"
"BOIII_64","8","8","16"
"bole_piton","8","8","16"
"bord99","9","7","16"
"Boss_Nurya","10","6","16"
"Boss111111","10","6","16"
"BotvinnikVB","8","8","16"
"Boyboy050874","8","8","16"
"BrechtB","6","10","16"
"brenda214","7","9","16"
"brigou43","8","8","16"
"BristleBog","7","9","16"
"broitsjustagame","7","9","16"
"brokenpawn123","8","8","16"
"brotherkow","9","7","16"
"brtpltt","8","8","16"
"bruno_BRK","9","7","16"
"bukerchi","9","7","16"
"BulatB","8","8","16"
"Bumbarash2023","8","8","16"
"BUNDY81881","12","4","16"
"Bust-KBPL","8","8","16"
"byerleyturk","8","8","16"
"caddy","8","8","16"
"CAHA13","8","8","16"
"calhoun516","8","8","16"
"Cannabis420420","7","9","16"
"capo19","9","7","16"
"Carlos_Flores_Utec","7","9","16"
"carlosraul52","8","8","16"
"carlsenwannabe13","9","7","16"
"Carmine55-55","8","8","16"
"Caroana96","7","9","16"
"cassdragon","7","9","16"
"cecenac","7","9","16"
"ChampionMax","8","8","16"
"charlesgeduque","8","8","16"
"checotorresl","9","7","16"
"Ches828382","7","9","16"
"chesguevara","7","9","16"
"Chess_HST","9","7","16"
"Chess-learner","7","9","16"
"chess-noob-forever","7","9","16"
"chessdarme","9","7","16"
"chessgreat45","9","7","16"
"chessSucks07","7","9","16"
"chesssvirsk","8","8","16"
"chessvik19","9","7","16"
"Chetiz","7","9","16"
"chevyboo","8","8","16"
"chimali","8","8","16"
"Chimyoung2003","9","7","16"
"ChlopakZPolnocy","8","8","16"
"Chomsy","9","7","16"
"Choubiz","8","8","16"
"chris-fabian","8","8","16"
"Chury","9","7","16"
"Ciemnelio","8","8","16"
"cigi999","9","7","16"
"Clampino","8","8","16"
"ClaudeP9Rutherford","8","8","16"
"ClaudioLuis","8","8","16"
"Clifford4you","8","8","16"
"coffeehousekid","8","8","16"
"cog17","8","8","16"
"commenda4","8","8","16"
"comodin22","8","8","16"
"Coolname5823","10","6","16"
"coreajoss","8","8","16"
"cpjoseph","5","11","16"
"CrabChess","8","8","16"
"Crazy-Saibot","7","9","16"
"CrazyDolphin314","7","9","16"
"Cro_Pegula","6","10","16"
"cronos09","8","8","16"
"culkmiroslav","7","9","16"
"cymarth","8","8","16"
"czekmat","8","8","16"
"d31514114","9","7","16"
"D4PKurt","8","8","16"
"Dacian77","7","9","16"
"daffaly14","8","8","16"
"Dalt10","8","8","16"
"dama2007","7","9","16"
"dameroi","7","9","16"
"Danch999","8","8","16"
"Daniele_Grassi","8","8","16"
"DanielTheCanberran","8","8","16"
"danilasalatov","9","7","16"
"Dark_knight22","7","9","16"
"darko9963","8","8","16"
"Darsh_0910","9","7","16"
"David_0788","7","9","16"
"David_Lock","7","9","16"
"davidbozzisback","8","8","16"
"DavisRA1","7","9","16"
"Debaco1","7","9","16"
"dedrex","8","8","16"
"deer9876","7","9","16"
"defo94","9","7","16"
"Demon930321","9","7","16"
"Diana11_G","8","8","16"
"dickipedia","8","8","16"
"Didzy","7","9","16"
"Diest","9","7","16"
"Dilip_Nagaraja","8","8","16"
"DiminikMeinecke","9","7","16"
"Dinosauro01","8","8","16"
"Diouf","7","9","16"
"Diplomat1220","8","8","16"
"Diudo","8","8","16"
"dmimat","9","7","16"
"dmitryzayets","9","7","16"
"dnjrtinapw","8","8","16"
"dolap23","8","8","16"
"Don_Carlos_2004_004","8","8","16"
"Don_Jose1","9","7","16"
"DonkeeeyKong","8","8","16"
"dontknowchess2023","8","8","16"
"DoorbellDan","7","9","16"
"dot_Ash","8","8","16"
"doteoalfaiate","8","8","16"
"dr_rahul31in","9","7","16"
"Dr_Tea12","8","8","16"
"Dreams0101","9","7","16"
"DrEhabzahra","9","7","16"
"Drhamzeh","11","5","16"
"DrohnenBaueR","11","5","16"
"drums53","7","9","16"
"Duda2105dudq","8","8","16"
"duncanmlloyd","8","8","16"
"DungeonSynthArchives","7","9","16"
"Dunheath8","8","8","16"
"duparemahesh","8","8","16"
"Dusan_Dragic","8","8","16"
"dvashok","9","7","16"
"ea42","8","8","16"
"eafcio","7","9","16"
"eandgr","9","7","16"
"east12","9","7","16"
"Edelficher","8","8","16"
"EdgeB22","10","6","16"
"edmonsa","7","9","16"
"edris13","9","7","16"
"edubs8893","9","7","16"
"Edvardkgb","7","9","16"
"Edwardo1123","7","9","16"
"efegt","8","8","16"
"Ego-Roge-786","7","9","16"
"el_pibe-pvp1","8","8","16"
"ElenaKanash","8","8","16"
"elmkh","7","9","16"
"elnp","8","8","16"
"EltayebElhussien","9","7","16"
"Elvis1424","7","9","16"
"elzelote","6","10","16"
"emb75","8","8","16"
"Enes34Koca","8","8","16"
"Eoguz33","9","7","16"
"ERuchurka","8","8","16"
"Espi498","7","9","16"
"etrilloo","7","9","16"
"Eugeone","8","8","16"
"Eusekevin","8","8","16"
"eve44","9","7","16"
"evil_sia","9","7","16"
"faistongre","9","7","16"
"fallahi123","9","7","16"
"Fanilo2","8","8","16"
"Fant1c","7","9","16"
"fatehalaalden","7","9","16"
"fatsmith","7","9","16"
"fawyfawy10","8","8","16"
"fbarmar","8","8","16"
"FBNeo","9","7","16"
"Federer_eat_my_ace","8","8","16"
"fedor8626","8","8","16"
"Felipe1623","8","8","16"
"Fernando_Fu","9","7","16"
"ferraldruid","8","8","16"
"filop_nemcicky123","8","8","16"
"FIMH","7","9","16"
"fiorassiu","9","7","16"
"Firebirdy","9","7","16"
"fischeer","8","8","16"
"Flamkos","8","8","16"
"Floerkeli","6","10","16"
"fo0lhardythr3ads","8","8","16"
"Focus432","8","8","16"
"fparasrule","9","7","16"
"Fraaxl","9","7","16"
"frachri","5","11","16"
"francescock","8","8","16"
"frankignacio","8","8","16"
"franny72","8","8","16"
"Fredmasc78","10","6","16"
"FrenchPremier","7","9","16"
"Fuad1976","8","8","16"
"fuess37","7","9","16"
"Fujimen","9","7","16"
"FullPro","10","6","16"
"Fun_Zhigalko_Friends","7","9","16"
"g0mL_hew","7","9","16"
"G24_de_tour","9","7","16"
"Gaara4350","8","8","16"
"gabrielgrenoble38000","8","8","16"
"gametimer","7","9","16"
"GARIKOS","8","8","16"
"GATOCELESTE","8","8","16"
"gauku","9","7","16"
"gavrillexa","7","9","16"
"Georg67","9","7","16"
"georgeattieh","7","9","16"
"gesrbdrt","9","7","16"
"gestepohed","8","8","16"
"Geyser_kld","8","8","16"
"gfx9191","3","13","16"
"Ghaith-Hasan","8","8","16"
"ghjkk","8","8","16"
"GhostOfBlundersPast","7","9","16"
"GianPippo","10","6","16"
"Giant55","7","9","16"
"Gillulescududu","8","8","16"
"gladiator2813","9","7","16"
"gmallan","7","9","16"
"gmhomachess","8","8","16"
"gmsrihari2016","7","9","16"
"GNG747","9","7","16"
"GodefroyDeBeaumont","8","8","16"
"godraf24","8","8","16"
"GoldenRak","8","8","16"
"gordomalo","9","7","16"
"GRAMPANTONIO","7","9","16"
"grandpk","8","8","16"
"grayfox156","8","8","16"
"greco2018","7","9","16"
"GreenCoffee","9","7","16"
"Grim67spb","9","7","16"
"GRivera2023","8","8","16"
"Gudako-chan","9","7","16"
"GumerPro_773","7","9","16"
"GUSICHESS","9","7","16"
"GusMattos","8","8","16"
"gvv","9","7","16"
"GZ50","8","8","16"
"H8Ma","9","7","16"
"haider24856","5","11","16"
"hakrabo","9","7","16"
"hamidh2008","9","7","16"
"hamidsf7373","9","7","16"
"hamza121212","7","9","16"
"Hari3719","7","9","16"
"HartonoCatur","7","9","16"
"hasann1970","9","7","16"
"hay_Ero","8","8","16"
"heetpshah","8","8","16"
"hendraaji","9","7","16"
"Heroic-GPT","9","7","16"
"hgvxx7","6","10","16"
"hi1991","8","8","16"
"hibo_e4","7","9","16"
"hilltree","8","8","16"
"Hilo99","8","8","16"
"Hiroji_shibata123","7","9","16"
"holeesheet","8","8","16"
"hotti","8","8","16"
"hrac123456","9","7","16"
"Htiti","8","8","16"
"humandistruction001","8","8","16"
"Huseyn_Huseynov","9","7","16"
"Hussein0987","8","8","16"
"hussein821","7","9","16"
"huzaifaosman","9","7","16"
"I_can_stand_the_rain","7","9","16"
"IBNF","10","6","16"
"icarbama","8","8","16"
"ider9","7","9","16"
"idris5555","8","8","16"
"Ignatius-Reilly","6","10","16"
"ignit0","9","7","16"
"igorkesaev","8","8","16"
"Iish","8","8","16"
"ika60","8","8","16"
"ikandeel","8","8","16"
"iman5806","7","9","16"
"imveg","8","8","16"
"indrit9090","8","8","16"
"infinite_chess_bdl","7","9","16"
"insancita","8","8","16"
"iraultz","9","7","16"
"Irobot1234","9","7","16"
"Israil5706","7","9","16"
"its_cold_bro","9","7","16"
"Ivan0901","9","7","16"
"iVanBuuren","9","7","16"
"IvanKukanov","7","9","16"
"Izmar01","9","7","16"
"J5er","10","6","16"
"JaackCamel","7","9","16"
"jacklouis","8","8","16"
"jacky241","8","8","16"
"Jagampogols","8","8","16"
"JAIVER01","8","8","16"
"JanisKrastins","8","8","16"
"JasonBcool","8","8","16"
"Javihdz21","8","8","16"
"Jayamandi","6","10","16"
"JC_JADEJA","7","9","16"
"JeffIct","7","9","16"
"JegannathanAnbarasu","9","7","16"
"jelloman7","8","8","16"
"Jenivaldo","9","7","16"
"JenyaArhipov","8","8","16"
"jenyaturbo","8","8","16"
"Jheter","8","8","16"
"Jhknyc0425","10","6","16"
"jjjassem10","8","8","16"
"JJMM070800","8","8","16"
"Jkargari","8","8","16"
"jlema2211","8","8","16"
"joannatera","9","7","16"
"JoeDirtChess","8","8","16"
"johannohneland","9","7","16"
"John_Corleone","8","8","16"
"John_Levy","8","8","16"
"John_Shelby016","8","8","16"
"John_smith457a","8","8","16"
"JohnChess99","8","8","16"
"JohnMcClayn","7","9","16"
"Johnnypsyclo44","8","8","16"
"Jojambul","8","8","16"
"jong300","9","7","16"
"Jontira","8","8","16"
"josehaile","8","8","16"
"JOSELIN2021","8","8","16"
"Joselopeziravedra","6","10","16"
"JosePMV","8","8","16"
"Joshuafisher2022","8","8","16"
"jospino","8","8","16"
"joyo50118","8","8","16"
"Jozoe","8","8","16"
"jparrambide","7","9","16"
"JuBa03","9","7","16"
"JumboEgg","8","8","16"
"juneverse","8","8","16"
"kaan05","9","7","16"
"kaankardas","7","9","16"
"kabarda","5","11","16"
"kabja","7","9","16"
"kadutwum","8","8","16"
"Kaillepette50","8","8","16"
"kam49","7","9","16"
"Kamonita","8","8","16"
"Kannansankar","9","7","16"
"kanosummit","9","7","16"
"kapilashokyadav","8","8","16"
"KarimMirzakhanov","8","8","16"
"karnicerov","9","7","16"
"karthi1302","7","9","16"
"kashthuri_bhai","8","8","16"
"Kasperleundseppl","8","8","16"
"katerina1509","8","8","16"
"kazemmoslemi2020","7","9","16"
"Keng9190919","7","9","16"
"KentNail","8","8","16"
"kers124","7","9","16"
"khait_81","9","7","16"
"Kharzul","8","8","16"
"Kho0of2000","8","8","16"
"Khromov_Alex_2005","8","8","16"
"kickers07","8","8","16"
"Kierankevin","8","8","16"
"Kinanjd","8","8","16"
"kingkunal01","8","8","16"
"kkllljajanbbd","7","9","16"
"kleinerfun","8","8","16"
"KlWl","7","9","16"
"klz96","8","8","16"
"Knight_AKU","10","6","16"
"koenverhulst","7","9","16"
"konstantinfgk","8","8","16"
"konstantinos67","8","8","16"
"kosticzivko","10","6","16"
"KOT50RUS","7","9","16"
"Kozle","8","8","16"
"Kranivin","7","9","16"
"krishan2","15","1","16"
"krishna11_n","8","8","16"
"krystiankania","9","7","16"
"ktoto_kto","8","8","16"
"KUBLAJ","8","8","16"
"KukaIBanana","9","7","16"
"kuldeep_1977","9","7","16"
"Kunalkant","8","8","16"
"kunfi99","9","7","16"
"kuroikensh1n","9","7","16"
"kuzeybaris20","7","9","16"
"Kuznecov-1962_2022","9","7","16"
"kvothe99","8","8","16"
"kweksessa","8","8","16"
"kzbkv","8","8","16"
"L_Rahul","8","8","16"
"L1hoy","8","8","16"
"L337n3ss","9","7","16"
"la_belva_umana","9","7","16"
"la_jirafa_azul","10","6","16"
"laco_thi","7","9","16"
"LaithLaith","8","8","16"
"lakomstvoDlyaSuslika","6","10","16"
"Lalanna2002","7","9","16"
"lardello","6","10","16"
"larussa","8","8","16"
"Lastvariant","8","8","16"
"leehb","8","8","16"
"Legioner1935","7","9","16"
"lemactec1","9","7","16"
"LeoMessiJnr","9","7","16"
"Lereizan","9","7","16"
"Lesothobanipal","8","8","16"
"Levonce","7","9","16"
"levura","9","7","16"
"leyla27","7","9","16"
"LimTuaTow","8","8","16"
"Linkeloetje","8","8","16"
"lisbonsijabat","9","7","16"
"LittleAzougue","9","7","16"
"littlejohn87","7","9","16"
"littlesillyfish","9","7","16"
"Ljudi","9","7","16"
"llillo32","7","9","16"
"lmkcds","9","7","16"
"lmt","8","8","16"
"Lockwood333","7","9","16"
"lolo79","9","7","16"
"lrpa1943","7","9","16"
"LuanaMoura","8","8","16"
"lubomir_karlik","8","8","16"
"luckshay","8","8","16"
"LuckyTF","8","8","16"
"Luis_Perez-Figueroa","8","8","16"
"Luis-Callirgos","8","8","16"
"LuisSanchez15","8","8","16"
"lxg","7","9","16"
"LyonkingBoss","8","8","16"
"Macgillis","8","8","16"
"Mach1n4","8","8","16"
"Macion23","7","9","16"
"Mackenzie256","8","8","16"
"mad_cow13","9","7","16"
"MagnoDescalcem","8","8","16"
"Magnus_Beadsen","8","8","16"
"magnuskasparof","8","8","16"
"magzybogues228","10","6","16"
"maharudra","8","8","16"
"mahmodyasen","9","7","16"
"makiygd","7","9","16"
"Malay-Ruparel","8","8","16"
"Manceng_gabolan","8","8","16"
"Mandru","8","8","16"
"mangetondoigt2","7","9","16"
"mani1122","7","9","16"
"MANPU","8","8","16"
"maradonaofchess","8","8","16"
"Marco_Mei","8","8","16"
"mark-56","8","8","16"
"MarkReader","15","1","16"
"marrest","8","8","16"
"Martieasy","8","8","16"
"martin34","8","8","16"
"martinvv","9","7","16"
"MARWAN291","7","9","16"
"Marziyeh1369","8","8","16"
"masoom1212","7","9","16"
"Masoud001","9","7","16"
"Mastaki","8","8","16"
"master102","6","10","16"
"masterdegree61","8","8","16"
"MasterLith","9","7","16"
"matadozinho","8","8","16"
"matthewnyc","8","8","16"
"maxgarcia38","7","9","16"
"Maxim82","8","8","16"
"Maximys12","8","8","16"
"maxo68","8","8","16"
"Mbokharie","8","8","16"
"McGayle1130","8","8","16"
"Medo007","7","9","16"
"MEH61A","7","9","16"
"mehanicaar52","8","8","16"
"melbyrk","7","9","16"
"MentlegenTM","9","7","16"
"Mesutkirs","9","7","16"
"MetiLucky","7","9","16"
"mfbndz","10","6","16"
"mgcbrian","8","8","16"
"Mhlengi09Zwide","8","8","16"
"mich50550","8","8","16"
"micmeta","6","10","16"
"MightyMouseRu","9","7","16"
"migueloctubre","8","8","16"
"Mihail_D","8","8","16"
"Mikhail4416","9","7","16"
"Mikhail61_samara","7","9","16"
"Minhojiddin","5","11","16"
"MinOO7X","9","7","16"
"mintohadi","9","7","16"
"Mironich","6","10","16"
"mitko052011","8","8","16"
"mlg47","8","8","16"
"mlms521","9","7","16"
"mmemis","9","7","16"
"MMorton","11","5","16"
"moagr","8","8","16"
"Moath-jwaedN","8","8","16"
"Mohamediraqimokhtar","10","6","16"
"MohammadJallad","7","9","16"
"mohsen12468","8","8","16"
"molivas2","7","9","16"
"Molsky","8","8","16"
"Moncayo-Aneto","8","8","16"
"monir_abdallah","10","6","16"
"MonirHossainT","10","6","16"
"monisodiol07","8","8","16"
"monster-123","9","7","16"
"montylemon","8","8","16"
"moreelsY","8","8","16"
"Morgandad","8","8","16"
"Morkovka21","9","7","16"
"mounzz","9","7","16"
"mpaljz","8","8","16"
"Mryuosif","8","8","16"
"msmsmslmd","8","8","16"
"msrage7","9","7","16"
"mufim","7","9","16"
"mur_e4e","7","9","16"
"Murat_23","7","9","16"
"Musszerstoeren","8","8","16"
"mustafapk44","8","8","16"
"Mustapha78","7","9","16"
"Musti5549","9","7","16"
"Muxriddin_Saidov","8","8","16"
"mystika67","10","6","16"
"NadiyaIB","6","10","16"
"Nahualalo","8","8","16"
"Naico","8","8","16"
"nalanmandgar","9","7","16"
"naseer68","13","3","16"
"Nchimh","8","8","16"
"NegroJuan","9","7","16"
"Nekomode","9","7","16"
"Neo7001","8","8","16"
"neostreet","7","9","16"
"nesim11","8","8","16"
"night-mare910","9","7","16"
"nikanmohades1393","8","8","16"
"Nikitos_f","8","8","16"
"nilaline","8","8","16"
"nindzya777","8","8","16"
"Nizar64","8","8","16"
"Njotana","8","8","16"
"Noire1812","8","8","16"
"Nonnabici","9","7","16"
"Nora228","7","9","16"
"norb22","9","7","16"
"Norvbroth","9","7","16"
"NOUR9Mille","8","8","16"
"NSCNCS","8","8","16"
"Nyrbai","7","9","16"
"Nzeewin","8","8","16"
"Obeys","8","8","16"
"Oganez09","8","8","16"
"OgarMaster","8","8","16"
"ogbullz","7","9","16"
"Oleg-derkach-67","8","8","16"
"Olgaomelia","8","8","16"
"Oliska77","8","8","16"
"Olivette75","9","7","16"
"Omar-Mustafa","8","8","16"
"omidpaidar","8","8","16"
"Ongarbay00","9","7","16"
"Oportunist","9","7","16"
"orgredebakou1","9","7","16"
"orhancnn","8","8","16"
"Orko64","8","8","16"
"Ortomis68","8","8","16"
"Oscar_Chess_28","7","9","16"
"oskiprocatu","8","8","16"
"osmanalvarez","9","7","16"
"OssamaSky","9","7","16"
"otegaesi","8","8","16"
"Oyelallives","9","7","16"
"oyuncu_km","7","9","16"
"p58m","8","8","16"
"PABLO_CALVETE","8","8","16"
"PABLOTE","13","3","16"
"Pajszer","8","8","16"
"Palpalych83","8","8","16"
"PanOwca","8","8","16"
"Papauc","8","8","16"
"papuaska234","7","9","16"
"Parigger","9","7","16"
"Parth201409","9","7","16"
"Patapain","10","6","16"
"patirce","8","8","16"
"Patrick_Caldwell","8","8","16"
"Paul422","8","8","16"
"paulmax0078","9","7","16"
"paulreid68","7","9","16"
"Paulus146","9","7","16"
"Paulz007","8","8","16"
"Pavel_Levshinskiy","8","8","16"
"PavelVdovin","9","7","16"
"pawn_in_a_box","9","7","16"
"Pawn_Pusher_77","8","8","16"
"pay_check","8","8","16"
"pchtlymed","8","8","16"
"Pedant1","7","9","16"
"pedrobevilaqua","7","9","16"
"pelmen1985","8","8","16"
"PepeToad","8","8","16"
"peppe6888","8","8","16"
"Pepsi67","8","8","16"
"Peter_Tenglund","8","8","16"
"petralan","9","7","16"
"phantera77","8","8","16"
"phgervasi","8","8","16"
"PhifeDaws","9","7","16"
"PhilosophySchools","9","7","16"
"Pierantonio","9","7","16"
"pietrobrescia","8","8","16"
"Piki1503","9","7","16"
"pikxel","8","8","16"
"pinchecabron","6","10","16"
"PlayaPalma","7","9","16"
"plms","9","7","16"
"POLIN7","9","7","16"
"Polina_N_2003","8","8","16"
"polojh","8","8","16"
"potrex","8","8","16"
"PowerBoyyy","8","8","16"
"pp28","8","8","16"
"pradip333","9","7","16"
"pradomer","8","8","16"
"prajithlal","8","8","16"
"prodbyLuke","8","8","16"
"Prolijito","9","7","16"
"Protest150686","9","7","16"
"PST22","13","3","16"
"Ptimlchel","8","8","16"
"ptoulouze","9","7","16"
"pulp_Fiction","9","7","16"
"PUSCH1707","8","8","16"
"pzpz","7","9","16"
"qiov4nn1","8","8","16"
"racoren","8","8","16"
"raffffyg","9","7","16"
"Rafik330","8","8","16"
"RamiCF3","7","9","16"
"ramis-67","9","7","16"
"Ramon1101","8","8","16"
"Randomuser2023","8","8","16"
"RANTOmi_D","9","7","16"
"RasuljonAzamjonov","8","8","16"
"ravalisoalala","9","7","16"
"ray-akbar","7","9","16"
"rayATM","8","8","16"
"raychess77","8","8","16"
"raymundgerard","7","9","16"
"RbFys","9","7","16"
"Reihanjr","7","9","16"
"ReisM","7","9","16"
"Rennie2024","8","8","16"
"Reyaivap1954","8","8","16"
"reza_55","8","8","16"
"reza_amiri67","8","8","16"
"RicardoFT45","8","8","16"
"RiccardoCiccopiedi","9","7","16"
"RichardUK","7","9","16"
"richforever","7","9","16"
"richraj81","8","8","16"
"rickyy_236","8","8","16"
"Rimero","9","7","16"
"RnV4ever","8","8","16"
"RobertMusli","8","8","16"
"robertoquimpano19","7","9","16"
"robwat","8","8","16"
"RodrigodeLima","9","7","16"
"romal_01","7","9","16"
"Roman_Evdokimov","7","9","16"
"Roman_Oracion124","8","8","16"
"RonaldFrits","10","6","16"
"Ronmab","7","9","16"
"rosesntattoos","8","8","16"
"RoySorrosa","8","8","16"
"RudiY_KabCianjur","7","9","16"
"Ruslan0109","8","8","16"
"RuslanZhukov2008","8","8","16"
"Rutvi03","8","8","16"
"Rwoyland","8","8","16"
"s_barbarin","7","9","16"
"s3mml3r","8","8","16"
"Sabir1967","9","7","16"
"Sabredrei","8","8","16"
"SadatSadatSH","9","7","16"
"saeed_j","8","8","16"
"SaeedAsha","9","7","16"
"saeede_a","8","8","16"
"safi222","8","8","16"
"safran1206","8","8","16"
"SAHILGURUN","8","8","16"
"saideh13511351","13","3","16"
"Saint-Pierre97410","8","8","16"
"SalahNachi","6","10","16"
"samirvieira","8","8","16"
"Samsonite88","8","8","16"
"samuelson29","5","11","16"
"SANCHSY","8","8","16"
"Sandal1987","9","7","16"
"Sanjayshankarkurane","7","9","16"
"Santi1982","9","7","16"
"Sardazazza","7","9","16"
"sArdzin","7","9","16"
"Sarithamol","9","7","16"
"Saronus","8","8","16"
"sasa1919","7","9","16"
"sasi_Kant","8","8","16"
"Satranchesss","8","8","16"
"Sauloa67_CTBMPF","8","8","16"
"SaWaM","9","7","16"
"Scarlet_sails","9","7","16"
"Schlechterer","9","7","16"
"scorpion11147","8","8","16"
"sebdeb","8","8","16"
"secan7","5","11","16"
"seccoale","7","9","16"
"sefik33","7","9","16"
"SEGATTO80","8","8","16"
"Sekainokyuseishu","8","8","16"
"selyakoff","9","7","16"
"Semen1131","7","9","16"
"Seniorx_1983","8","8","16"
"serg13x2","8","8","16"
"Sergnik","9","7","16"
"Seth7Baxter","9","7","16"
"seyedcarpoof","7","9","16"
"SEYMONSON","7","9","16"
"Sghausi","8","8","16"
"SGM_SarrayAbdullah","9","7","16"
"shadowfax0785","9","7","16"
"shahabifarshid","8","8","16"
"shapour11223","8","8","16"
"sharansid","9","7","16"
"ShenoudaHeshmat123","9","7","16"
"Shi_5","9","7","16"
"Shivadtheshombster","8","8","16"
"shka6a","7","9","16"
"Showbobsandvagana","7","9","16"
"Shree18","8","8","16"
"Sibango","8","8","16"
"SiberianAstrA","8","8","16"
"Siegen01","8","8","16"
"silni47","9","7","16"
"simbub","7","9","16"
"siren1980","7","9","16"
"siurak3","7","9","16"
"skdbatish","8","8","16"
"skejbsjsksj","7","9","16"
"Skysons","9","7","16"
"slamasalem","8","8","16"
"Smarteska","9","7","16"
"Smoky-708","7","9","16"
"smoragu","8","8","16"
"SN213","9","7","16"
"sodiak","8","8","16"
"somegoodplayer","8","8","16"
"Sosnovsky","7","9","16"
"soso1090","7","9","16"
"Sozdanie","6","10","16"
"spider48","9","7","16"
"Spivicc","7","9","16"
"Sreeker","8","8","16"
"st_raabe82","8","8","16"
"stankog","7","9","16"
"Starlight50","8","8","16"
"staufenberger","9","7","16"
"stem81","8","8","16"
"stephdelos","7","9","16"
"Stevev56","11","5","16"
"stochasticgrad","7","9","16"
"Storm-raiser","8","8","16"
"Stove29432","7","9","16"
"StrahRem","8","8","16"
"Sukhbaatar2028","8","8","16"
"Svenjamin420","8","8","16"
"swainand","8","8","16"
"Swapnesh","10","6","16"
"sz4l0ny","7","9","16"
"T-matei","8","8","16"
"talappin","9","7","16"
"TANMAY117","8","8","16"
"tara_81","9","7","16"
"tatico1967","9","7","16"
"tauto350","7","9","16"
"tdalton","7","9","16"
"Teleras","10","6","16"
"Temur_me","6","10","16"
"Tendrinekena","7","9","16"
"Tengnagel","7","9","16"
"teory999","7","9","16"
"ThanosChess","8","8","16"
"The_Dreamer_93","8","8","16"
"TheChippedBishop","8","8","16"
"TheCriss","7","9","16"
"thegreat","7","9","16"
"TheMatt3r","10","6","16"
"ThePrimetimeBa","9","7","16"
"TheRealChessMachine","5","11","16"
"ThinaraDNL","7","9","16"
"Thomnech","5","11","16"
"ticar2003","7","9","16"
"TIMOTHYgenious1","8","8","16"
"Tk1010","8","8","16"
"tkdk66","7","9","16"
"Tmkaa1234","8","8","16"
"Tobot68","7","9","16"
"toklaww","10","6","16"
"TolegenAlmaty","9","7","16"
"Tollerray","8","8","16"
"tomerik1972","8","8","16"
"TOMYSAN21","8","8","16"
"Ton_8553","8","8","16"
"tonci1302","8","8","16"
"ToniSC","9","7","16"
"tonton_jeanno","7","9","16"
"Tonyyy64","7","9","16"
"TOPHANELI1453","8","8","16"
"TopKnot215","8","8","16"
"torpedez","8","8","16"
"tramor","9","7","16"
"Tree_of_Liberty","9","7","16"
"trin","9","7","16"
"triska15","8","8","16"
"Tryampampam","8","8","16"
"tsol60","8","8","16"
"TUCAN60","9","7","16"
"tututyalo","7","9","16"
"TylerAuff","6","10","16"
"tyxex1","8","8","16"
"Ulagan5","11","5","16"
"ULATIMER82","8","8","16"
"ultrachessmaster2021","8","8","16"
"Ulvi44","9","7","16"
"UMAR-AISY","8","8","16"
"untzue","6","10","16"
"URAGANISHE","8","8","16"
"Usirian","8","8","16"
"utku1717","8","8","16"
"Vadiiim","6","10","16"
"Vadim303","9","7","16"
"VAP13","9","7","16"
"Varga-Ferenc","8","8","16"
"varujan1","8","8","16"
"Varun2217","8","8","16"
"varunesh64","11","5","16"
"VATCHESSLEADER","7","9","16"
"VBodnarchuk","8","8","16"
"VegaGD","7","9","16"
"venkatesh-vairamani","9","7","16"
"vepira","8","8","16"
"verzini","15","1","16"
"Vic1503","8","8","16"
"vicentiuvic","7","9","16"
"Vijay0108","7","9","16"
"Vijayanmp123","7","9","16"
"vishalwani","7","9","16"
"viviero","9","7","16"
"vl62","7","9","16"
"Vladimir_Khudo","8","8","16"
"vodanh2000","8","8","16"
"volla","7","9","16"
"vonstolzing","8","8","16"
"vwleon","8","8","16"
"WadahAlmohandes","7","9","16"
"Wadiflow","8","8","16"
"wayler01","8","8","16"
"Weinbrandkirsche","9","7","16"
"whatsmoore","8","8","16"
"wiechu99","9","7","16"
"wietzebuijs","8","8","16"
"wisecalvin","9","7","16"
"WladisLDrakulya","8","8","16"
"Wojewoda_Russia","8","8","16"
"wojovit","8","8","16"
"wsgwz238264","9","7","16"
"Xaent","7","9","16"
"xformul","7","9","16"
"XGani","9","7","16"
"xlyvioss","8","8","16"
"ya33ei","7","9","16"
"Yahya1966","9","7","16"
"yahyaazimi1345","8","8","16"
"yasas","8","8","16"
"Yemii","8","8","16"
"YMAHb","8","8","16"
"YoBosc0","6","10","16"
"yogeshsingh63","8","8","16"
"Yogi567","8","8","16"
"YoManChess","8","8","16"
"yousif3689","8","8","16"
"yrgen","8","8","16"
"Yurko_56","8","8","16"
"yusufication","7","9","16"
"yxyxyx","8","8","16"
"YZey","7","9","16"
"zacian2023","7","9","16"
"zaniste","8","8","16"
"zaoooza50","7","9","16"
"zebahyder12","8","8","16"
"ZIADBARGOTE","4","12","16"
"zizo2004","8","8","16"
"zmove","8","8","16"
"Zodemus75","8","8","16"
"ZOOGOR67","8","8","16"
"Zopedago","8","8","16"
"Zwaenny","8","8","16"
"A-MED7T","8","7","15"
"A3dul-aziZ","9","6","15"
"A7MED_2022","7","8","15"
"aaronjlc","7","8","15"
"abanob105","8","7","15"
"Abanoub2nd","7","8","15"
"abbas198804","4","11","15"
"abdoking2020","7","8","15"
"AbdR75","7","8","15"
"Abdullah549098","5","10","15"
"Abdulrhman557","7","8","15"
"Abdurakhman_Kanatov","7","8","15"
"Abo3zab","7","8","15"
"Abolust","6","9","15"
"Acephusen","9","6","15"
"Achilles_Merlin","7","8","15"
"acquista","7","8","15"
"acratamedieval","8","7","15"
"AcridLeaf","8","7","15"
"adam2247","6","9","15"
"Adam9753","9","6","15"
"AdamT902","8","7","15"
"adpurnomo489","7","8","15"
"adrianofrancesco","8","7","15"
"afa18","8","7","15"
"Afro-tAylerdurden","7","8","15"
"agajanaa","8","7","15"
"agetro479","8","7","15"
"agnn75","8","7","15"
"Agus_Yasmin","7","8","15"
"AgusChess2023","7","8","15"
"Ahatov","7","8","15"
"Ahmadaljrw","7","8","15"
"Ahmed_Sayed201151","7","8","15"
"ahmed-me2018","6","9","15"
"Ahmed-Nosair","7","8","15"
"AhmedEgyption","7","8","15"
"ahmedmohamed89","8","7","15"
"Ahmocan09","9","6","15"
"Ahunbek85","8","7","15"
"AJMonty","8","7","15"
"Akan_Seiit","7","8","15"
"akft","8","7","15"
"AkiraFuriousStyles","8","7","15"
"Akmammet1963","9","6","15"
"AKS-Mantissa","6","9","15"
"al3x0805","7","8","15"
"albanianbill","8","7","15"
"Alberis","8","7","15"
"Alberto_Guerra","6","9","15"
"Albertoschoco","9","6","15"
"Aldekin","7","8","15"
"ALEGREG3","8","7","15"
"alekc0","6","9","15"
"ALEKC78","8","7","15"
"Aleksandr_Pavlov","9","6","15"
"aleksandrchek","7","8","15"
"AleksandrTk","7","8","15"
"AlekseyAbramkin","8","7","15"
"Alessandrobuonanotte","8","7","15"
"alex-crest4","8","7","15"
"Alexander_1703","8","7","15"
"Alexandr_2702","8","7","15"
"alexandros56","9","6","15"
"Alexashh","7","8","15"
"AlexeyNekhin1965","7","8","15"
"AlexL3069","7","8","15"
"Alexsandr19","8","7","15"
"alextf88","7","8","15"
"alfiere67","8","7","15"
"algeiza","7","8","15"
"alhgoli","8","7","15"
"ali_ali_rq","7","8","15"
"Ali19901990","5","10","15"
"ali494","8","7","15"
"Alicann1881","7","8","15"
"alireza-45","7","8","15"
"Alisaftly","7","8","15"
"Alpaslanbora","6","9","15"
"Alpercino87","8","7","15"
"alperturkmenoglu","9","6","15"
"als21","7","8","15"
"altair12390","8","7","15"
"Alvarinix","8","7","15"
"alyssa38","8","7","15"
"AmandeepMewar","7","8","15"
"Amarnath_Mishra","7","8","15"
"Amelia_Bedelia","7","8","15"
"amenhotep3","7","8","15"
"amir8383","7","8","15"
"AmiraliEizadi1387","8","7","15"
"amirsanatovich","7","8","15"
"Amjadchess","7","8","15"
"amnsxna","8","7","15"
"Amomahdy","7","8","15"
"anantasuri01","8","7","15"
"anatdemid","8","7","15"
"anatoliyefimov","7","8","15"
"anaznawie","8","7","15"
"and_pt_84","8","7","15"
"AndhyaSangita","8","7","15"
"Andre1972","8","7","15"
"Andrey_1711","7","8","15"
"Andrey1977Ob","9","6","15"
"Andriejus","8","7","15"
"AndrSeaSky","9","6","15"
"AndrvinM","7","8","15"
"Ange_de_l_humour","7","8","15"
"Anki0006","7","8","15"
"anme14","8","7","15"
"Annaboi","8","7","15"
"Antonim_23","7","8","15"
"antrox37","8","7","15"
"apalache","5","10","15"
"apalom1","7","8","15"
"apoyener","8","7","15"
"aquamanjudd","6","9","15"
"arashasefi1","7","8","15"
"ARCHER-XIII","7","8","15"
"Ardagzydn","8","7","15"
"ares20","9","6","15"
"Ariefdelta13","6","9","15"
"Arifdarsono1987","8","7","15"
"arjun_h","8","7","15"
"ARMAN-AB","8","7","15"
"armanygt","8","7","15"
"ArseniyDubrovin","7","8","15"
"Arsh_12","9","6","15"
"Artak_1977","6","9","15"
"Artem-markov_89","4","11","15"
"artem199912","7","8","15"
"Artemide_2","5","10","15"
"artfromtx","7","8","15"
"ArtStrong","7","8","15"
"Artyom_pozdnyakov","12","3","15"
"Artysh129","8","7","15"
"as935","9","6","15"
"asep22_wayang_cwy","7","8","15"
"Ash_Ong","8","7","15"
"ashoori","7","8","15"
"Ashraf786","8","7","15"
"Assatan","7","8","15"
"Asterix90","9","6","15"
"athinagiorgos","8","7","15"
"Augusto-ram_19","8","7","15"
"aujsyamohta","8","7","15"
"Aur_132012_Dash","7","8","15"
"Austin3559","8","7","15"
"Avaruto","8","7","15"
"avelpic","8","7","15"
"Axeaxeaxeaxell","7","8","15"
"AxelFonzy","8","7","15"
"ay4848","8","7","15"
"AYA37","7","8","15"
"ayaskant0","8","7","15"
"aydderf","6","9","15"
"aykut588","8","7","15"
"ayushagarwal4693","9","6","15"
"azirahzamri","6","9","15"
"azrie9","8","7","15"
"B0z0","8","7","15"
"b3030","8","7","15"
"baabaar","8","7","15"
"Babadur20032709","7","8","15"
"babayorgun44","7","8","15"
"Backo60","9","6","15"
"Badereddin13","6","9","15"
"Bait40","8","7","15"
"Bakirovgamir","8","7","15"
"Baklan13","6","9","15"
"bakuselcan","8","7","15"
"Bala0408","8","7","15"
"BalChess73","8","7","15"
"bambula","7","8","15"
"bamgaa","7","8","15"
"Bamidele000","7","8","15"
"Baritonas","7","8","15"
"barrypea","8","7","15"
"basheer1","7","8","15"
"Bassel84","8","7","15"
"Bassman45","13","2","15"
"batifol","8","7","15"
"batuhancum","8","7","15"
"Batyrbek64","7","8","15"
"Baung_pukun","7","8","15"
"Baygit44","8","7","15"
"bayrak51","8","7","15"
"Bazekt23","9","6","15"
"BCarlonibus","6","9","15"
"Bebar32","7","8","15"
"bedamsettuy","9","6","15"
"Bedirhsn","8","7","15"
"Beelzabud","9","6","15"
"BeerLord","7","8","15"
"Beibitjan","8","7","15"
"Beister12","8","7","15"
"Bekjann","8","7","15"
"belasko1958","8","7","15"
"BenkosPal","7","8","15"
"beret_petarda2000","7","8","15"
"Bereza_Petro","7","8","15"
"BerkBGG","8","7","15"
"Berke-Kervan","8","7","15"
"BerlinAirport","7","8","15"
"bertarafet","7","8","15"
"betachess06","8","7","15"
"Bfgry","5","10","15"
"BG4LLC","7","8","15"
"bhasi123m","8","7","15"
"bico4","5","10","15"
"bidoeiro","8","7","15"
"bienbiendenden","7","8","15"
"Bigbrobihh","6","9","15"
"BigG254","8","7","15"
"billof","7","8","15"
"binhoniichann","8","7","15"
"bknktm","7","8","15"
"bks6842yA","6","9","15"
"blackking1392","7","8","15"
"bluegreenwave","8","7","15"
"blumarski","7","8","15"
"blunder3339","7","8","15"
"Boban1971","8","7","15"
"Bogsala7","7","8","15"
"bojogalak","7","8","15"
"bojongsalem","7","8","15"
"BongClaude","8","7","15"
"bordels","8","7","15"
"borriquito","7","8","15"
"BotirBoymurodov","7","8","15"
"Bouyguos21","6","9","15"
"bouzian","9","6","15"
"bproulx","7","8","15"
"Brahim_2003","8","7","15"
"BrandedGuardian","7","8","15"
"breneandrei","7","8","15"
"Brettbrecher","8","7","15"
"BrunoRabello07","7","8","15"
"bruteforcepower","7","8","15"
"Bubai93","7","8","15"
"buf-serhio","7","8","15"
"Buxoriy","8","7","15"
"Buzzerage","8","7","15"
"bvgt8888","7","8","15"
"C2610","7","8","15"
"cagole","7","8","15"
"caissa-ai","7","8","15"
"camelgo","7","8","15"
"capablanca3421","7","8","15"
"CaptainIvan","6","9","15"
"captkirk7","8","7","15"
"Capyc","8","7","15"
"Caryung","9","6","15"
"Casamia","7","8","15"
"cazalebarbu","8","7","15"
"Ceeboey","7","8","15"
"Celfae","7","8","15"
"celo84","8","7","15"
"chanuudifna_12","7","8","15"
"Chbora","8","7","15"
"chechoooooooo","7","8","15"
"chek-one","8","7","15"
"chengsheng","8","7","15"
"cherif-dz","7","8","15"
"chess123boggle","7","8","15"
"ChessAndAnika","8","7","15"
"chessboard1099","6","9","15"
"chessdunk","7","8","15"
"chessman778","7","8","15"
"chessophrenia2","7","8","15"
"ChessPlayer_123989","7","8","15"
"chessplayerdestroyer","8","7","15"
"Chesssburashka","7","8","15"
"chilledtonic","8","7","15"
"chisa30","7","8","15"
"Chizmar_Serhii","6","9","15"
"chizzbiz","7","8","15"
"Chody369","8","7","15"
"Chouin","6","9","15"
"CHOYITO2301","7","8","15"
"Chris_HCK","7","8","15"
"chuckieborja","8","7","15"
"cilino","9","6","15"
"Ciroclik","8","7","15"
"cive51","7","8","15"
"Claudiobuko","6","9","15"
"clewei","7","8","15"
"Cobra_R","7","8","15"
"copperbar","7","8","15"
"corazondeleon99","7","8","15"
"cordiale","7","8","15"
"corsa551","8","7","15"
"corumbaense","7","8","15"
"cozygoes","8","7","15"
"CptChewbacca","8","7","15"
"crafty3210","7","8","15"
"Crankytown","8","7","15"
"crazy_4","8","7","15"
"Crimsonight","8","7","15"
"cristalHFB","7","8","15"
"cristinavuelve","9","6","15"
"croco1","7","8","15"
"crucil","7","8","15"
"CryptoStar","8","7","15"
"CyclicRevolution","7","8","15"
"dadangh","7","8","15"
"Dakoleya","7","8","15"
"Damascuss","8","7","15"
"Dan2016","8","7","15"
"danbar001","7","8","15"
"danberx","7","8","15"
"Danil_pugachov","9","6","15"
"danyokglogang","8","7","15"
"Dargis","8","7","15"
"Dario8999","9","6","15"
"Darren833","8","7","15"
"DasCapaTal","7","8","15"
"DavidArg72","8","7","15"
"davidgha","8","7","15"
"Davjii","7","8","15"
"dbonilla0","9","6","15"
"De_La_Cruz_MM","8","7","15"
"deanluigi","7","8","15"
"DedoBH","9","6","15"
"Deep47","7","8","15"
"deepaks22","8","7","15"
"DenisJD","7","8","15"
"Depp23","6","9","15"
"DerThorminator","7","8","15"
"DESSERTFOX72","7","8","15"
"desteroma","6","9","15"
"DestroyerLman","8","7","15"
"dettorej","8","7","15"
"Devanshi_Mehta","8","7","15"
"Deymilad","7","8","15"
"dh4nsh1305","7","8","15"
"didexxxx","7","8","15"
"Diego1028","8","7","15"
"Dieren","7","8","15"
"DieselRUS","8","7","15"
"Dietmar2000","7","8","15"
"DimaPolar","7","8","15"
"Dimomail1","8","7","15"
"Dinfarskak","8","7","15"
"dio_gr8","6","9","15"
"diomisero","8","7","15"
"Diotimas","7","8","15"
"DiptaRising","8","7","15"
"DISANAT","7","8","15"
"Djared1916","7","8","15"
"Dkcek567","7","8","15"
"DlinnovSergei","9","6","15"
"dmiclass777","9","6","15"
"Dmitrii1966","8","7","15"
"DmitriyCS","7","8","15"
"do123","9","6","15"
"Donaldtrampa","9","6","15"
"Dr_Saktipada_Barai","7","8","15"
"dr_xinx","8","7","15"
"Dr-Alaakour","8","7","15"
"Draconite","7","8","15"
"Drad8743","6","9","15"
"Dragon_Leo","8","7","15"
"Dremac21","7","8","15"
"Drhamodykamal2","7","8","15"
"Drozd1535","7","8","15"
"Duvinage","6","9","15"
"dw333","7","8","15"
"dzenyyy1308","9","6","15"
"eastern_sheriff","9","6","15"
"eddielaurent","8","7","15"
"Eduardo1717","7","8","15"
"Eduardo1987","7","8","15"
"Edvard3252","8","7","15"
"edwinedu","8","7","15"
"EdwinLatt","6","9","15"
"edycacoal","7","8","15"
"Egbon","7","8","15"
"Ehgay","6","9","15"
"ehsan098","8","7","15"
"el_carmona","6","9","15"
"El_Magnifique123","7","8","15"
"EladAdler1w","7","8","15"
"elcobra10","7","8","15"
"Eldar08","7","8","15"
"Electric2024","6","9","15"
"Elena47","8","7","15"
"eleoeleoele","8","7","15"
"ElephantBalthazar","7","8","15"
"Elephanti","7","8","15"
"elias_x","6","9","15"
"Elihud","7","8","15"
"Elisabeth45","10","5","15"
"elmart","7","8","15"
"Elpaps","8","7","15"
"Elpendejon","8","7","15"
"Elsabahy","7","8","15"
"Elvis1974","7","8","15"
"Engrtoscana","9","6","15"
"EpicDonkey48","7","8","15"
"Eric_Hadjigeorgiou","7","8","15"
"ERICB59","9","6","15"
"EricRobin77","7","8","15"
"erkin-darbaev","8","7","15"
"Erlan_Musatai","9","6","15"
"ermes66","7","8","15"
"ESava","7","8","15"
"esmaiel1358","9","6","15"
"Estrella45","8","7","15"
"esukhdev","8","7","15"
"ethansiva","6","9","15"
"euzkachess","7","8","15"
"EvgeniiValerevich","6","9","15"
"excalibur1957","7","8","15"
"exneighbour","8","7","15"
"Ezemoves","6","9","15"
"ezmo1","8","7","15"
"fabianjorge","6","9","15"
"fabiozuluaga","7","8","15"
"fajrichay","7","8","15"
"fanejoe","8","7","15"
"FAQIHBCA","8","7","15"
"fares-guer","7","8","15"
"Farhoud2022","7","8","15"
"farmarRA","7","8","15"
"faroghghaderi","7","8","15"
"Farzam72","6","9","15"
"fekete_molnar","8","7","15"
"felix_spb","7","8","15"
"Fenbilimhasan","8","7","15"
"ferjoco","7","8","15"
"fernando_ima_102","9","6","15"
"FGpaxpYxis","8","7","15"
"Flugerniy","8","7","15"
"Fodza","8","7","15"
"foldsville","7","8","15"
"Foskya","7","8","15"
"foxta0725","9","6","15"
"FrancisTaco","7","8","15"
"Franco205","7","8","15"
"FrancoPG1969","6","9","15"
"Frank_Leocadio","9","6","15"
"FredLagdao","8","7","15"
"FunnyFunderson","8","7","15"
"fz66gen","9","6","15"
"G1ovanniGiorgio","7","8","15"
"GabiB1978","7","8","15"
"GabrielTucumano","9","6","15"
"GALAXYBARCA","7","8","15"
"GALLARDOJESUS","8","7","15"
"Gamih","8","7","15"
"Gamps88","8","7","15"
"Gap_1981","9","6","15"
"gatitaluna_1902","8","7","15"
"gatokokosicre","9","6","15"
"Gaudano","8","7","15"
"Gav1980","8","7","15"
"gazz96","6","9","15"
"gchill888","10","5","15"
"GDGG","7","8","15"
"GEMINI2013","6","9","15"
"Gengue","7","8","15"
"geopa","8","7","15"
"GeorgeGrant","7","8","15"
"Georges2431","8","7","15"
"Georgie_Run","8","7","15"
"Georgiy2301","7","8","15"
"Geovannyguillen","8","7","15"
"gera118","6","9","15"
"Gera1402","8","7","15"
"Gercog689","7","8","15"
"gere83","8","7","15"
"germanchis1965","13","2","15"
"gexickt","7","8","15"
"Giaktur","8","7","15"
"gianfranxo","7","8","15"
"Gicter","12","3","15"
"gighes","7","8","15"
"GigsMercs","9","6","15"
"GILA1958","7","8","15"
"gilloux35","7","8","15"
"girdharilal","7","8","15"
"Giti1341","8","7","15"
"giulianodipardo","7","8","15"
"giulitamani","7","8","15"
"Giusel-tigris-p","8","7","15"
"glamour_11","5","10","15"
"Glov52","6","9","15"
"gogichvili","6","9","15"
"Goko93","8","7","15"
"goku-ngocthang","7","8","15"
"gosaevan","6","9","15"
"goscpiotrek","3","12","15"
"Gracinda","6","9","15"
"Gralle","7","8","15"
"GRANDMORIE","7","8","15"
"granrob","9","6","15"
"grantesla","8","7","15"
"GravitonSCRB","8","7","15"
"greggrady","7","8","15"
"gregory363","8","7","15"
"GregWolm","8","7","15"
"GreyGhost2020","8","7","15"
"Gribnik99","6","9","15"
"Grisha252014","7","8","15"
"GuessE","8","7","15"
"Guineano","8","7","15"
"guranshvirgill","8","7","15"
"Gustavorrc","7","8","15"
"gutholz1","8","7","15"
"gwcar","8","7","15"
"Gwtf65","8","7","15"
"Hadi_hussamo_24","7","8","15"
"hadi3072","7","8","15"
"HAJNC1","8","7","15"
"HakunoChan93","7","8","15"
"hamedhj74","8","7","15"
"Hans-Helmut","7","8","15"
"hansa11111","8","7","15"
"harish314","7","8","15"
"HarryNalivainen","7","8","15"
"hbb","8","7","15"
"hcesar1211","7","8","15"
"heanware","7","8","15"
"hectortyou","8","7","15"
"hega666","8","7","15"
"Heikonator","6","9","15"
"hektor70","7","8","15"
"HenteBendveen","9","6","15"
"Heri_Bird","7","8","15"
"hernandoplarubio","7","8","15"
"hesham_omran","9","6","15"
"HiiHigh","7","8","15"
"HIXOXIH","8","7","15"
"Hlios","8","7","15"
"hlx_67","7","8","15"
"Hmroov","8","7","15"
"holux77","7","8","15"
"homem_do_leme","8","7","15"
"honda598","7","8","15"
"honeybehl","7","8","15"
"Horius","7","8","15"
"hshayaa","10","5","15"
"Htunn","7","8","15"
"huseyin_akica","8","7","15"
"Hutau7-15","7","8","15"
"Hyd_Competitor","7","8","15"
"HyperbolicScepticist","7","8","15"
"I_m_mortal","7","8","15"
"i-vpe","8","7","15"
"ibutho_Lempi","6","9","15"
"Icucyou","8","7","15"
"ifGA","7","8","15"
"IG-19","8","7","15"
"IgniNine","8","7","15"
"igorgri","7","8","15"
"IidNurahman","7","8","15"
"Ilijao","8","7","15"
"illumixx","6","9","15"
"Ilyas123123123123","8","7","15"
"imghettofabulous","4","11","15"
"ImranImran12","8","7","15"
"InamzhanovEmir","7","8","15"
"indiomaria40","6","9","15"
"Insettoscoppiettante","8","7","15"
"integral_worker","7","8","15"
"isaacmc08","7","8","15"
"isal74","6","9","15"
"IsmagilovDG","8","7","15"
"Ismail_11","9","6","15"
"Ismailov_Anvar","8","7","15"
"istfleur","7","8","15"
"Itaksoidet","7","8","15"
"itsshubhamkumar842","8","7","15"
"Iurii_Gn","7","8","15"
"Ivan19551955","8","7","15"
"ivana1000","8","7","15"
"IvanBelousoff","8","7","15"
"IvanSpark","8","7","15"
"j4r5k1","7","8","15"
"jackf71","6","9","15"
"Jacknosok","5","10","15"
"Jagadwidh","8","7","15"
"Jagmann92","7","8","15"
"jaison44","7","8","15"
"Jaiswal_Aditya","7","8","15"
"jakebaur_22","7","8","15"
"Jakof54","8","7","15"
"jakov123321","8","7","15"
"jam78","9","6","15"
"jamhuri","7","8","15"
"Jastreb123","7","8","15"
"Javacnu","7","8","15"
"Javed360","6","9","15"
"javierponce","8","7","15"
"jayjayjay","7","8","15"
"jbrilzia","9","6","15"
"jckus","8","7","15"
"jcwagener","7","8","15"
"JDOlsson","7","8","15"
"jeeplolos","7","8","15"
"jehanara666","8","7","15"
"Jemwil41","9","6","15"
"JendralLawe","7","8","15"
"JeneaCat","8","7","15"
"jenggo90","6","9","15"
"Jesus_Morales50","7","8","15"
"jesusjesus1955","7","8","15"
"jfrigid","7","8","15"
"Jihadgergess","7","8","15"
"Jimmartins","9","6","15"
"jlvdca","8","7","15"
"Jm-aboshahat","8","7","15"
"JMelchor","8","7","15"
"Jmpaul87","7","8","15"
"JoanJL","8","7","15"
"joelpogingpogi","7","8","15"
"joespirit","6","9","15"
"john-wickkk","9","6","15"
"johndewin","7","8","15"
"jojab77","7","8","15"
"Joldas56","8","7","15"
"jonesmare","7","8","15"
"joooph","6","9","15"
"Jose_Divino","7","8","15"
"josetarsan","7","8","15"
"Joshcash","8","7","15"
"josorianosos","8","7","15"
"Jotaerre2021","6","9","15"
"jrobles-io","7","8","15"
"Juani9_naschel","8","7","15"
"Juanortman","8","7","15"
"JuanVillarreal","7","8","15"
"Jucacasti","8","7","15"
"Judo-C","9","6","15"
"Juergenr","9","6","15"
"Juglar_94","8","7","15"
"julesdecesson","7","8","15"
"julian_1974","7","8","15"
"julioje","7","8","15"
"JungleDifference","7","8","15"
"JuPoLuBa","8","7","15"
"Jurdano","8","7","15"
"Just_Blunder_Please","7","8","15"
"Just4fun59","7","8","15"
"justlik3that","7","8","15"
"Jusuf_ba","7","8","15"
"K_M_Marinov","7","8","15"
"Kaavin_tekwani20","7","8","15"
"Kadirdoyok","7","8","15"
"kafwayakasonde","6","9","15"
"kaiontour","7","8","15"
"kaitlynshubby","7","8","15"
"Kar-los","7","8","15"
"Karapuz1203","7","8","15"
"Karatekid85","8","7","15"
"Karimmostafa","8","7","15"
"karl07st","9","6","15"
"Karletze","14","1","15"
"Karloxkachalote","7","8","15"
"Karlson_Magnusson","7","8","15"
"karlza","8","7","15"
"karthikreddy666","8","7","15"
"katakan_cinta","8","7","15"
"katerin-24333","7","8","15"
"katslev43","7","8","15"
"kblanco24","8","7","15"
"kcartemkc","8","7","15"
"Keldrick","8","7","15"
"kerens1111","6","9","15"
"Kerolos_Raouf","8","7","15"
"ketch1986","8","7","15"
"KFN_VII","7","8","15"
"khalaj421","8","7","15"
"khalidElsaid","8","7","15"
"khalled_mohamed","8","7","15"
"khtorvi","6","9","15"
"Kimutai_Jr","8","7","15"
"kindruk","5","10","15"
"Kindz_Marauli","7","8","15"
"Kingboong","8","7","15"
"kingjus1115","8","7","15"
"KingLiamC","8","7","15"
"KingOfWakhanda22","8","7","15"
"kizbilomour","7","8","15"
"klenin","9","6","15"
"Klimenko-74mail","8","7","15"
"knight2728","7","8","15"
"konter2022","6","9","15"
"koraytopal","8","7","15"
"Korti1583","8","7","15"
"KosheyB","8","7","15"
"koshsn","7","8","15"
"kraken1985","8","7","15"
"krashdevachk","7","8","15"
"Krecetas","8","7","15"
"Kriptobotanik","7","8","15"
"krishanu777","8","7","15"
"krishdesai7","7","8","15"
"Krot61","7","8","15"
"ktimash","8","7","15"
"Kudjaev","8","7","15"
"KuJu06","8","7","15"
"Kumuruzvalt","9","6","15"
"KunChess466","7","8","15"
"Kundrfalec","7","8","15"
"KurnikowyCziter","6","9","15"
"kuznetsov_vg_47","8","7","15"
"kwtBangelina","8","7","15"
"Kxandrx","8","7","15"
"kylesr","7","8","15"
"l3mb","8","7","15"
"Laarbi_20","8","7","15"
"labib99","8","7","15"
"laksan1","8","7","15"
"Lakshmana-97","7","8","15"
"LaMonda7777","4","11","15"
"LamsBye","7","8","15"
"lamsiharmanik","7","8","15"
"Larifariferrari","7","8","15"
"lasNuecesSr","8","7","15"
"LastCanadian","8","7","15"
"lasticot07","7","8","15"
"laxs19","8","7","15"
"Laza_Babic","8","7","15"
"Le_Pion","8","7","15"
"Leahpar12","7","8","15"
"Lebadowski","9","6","15"
"LeeJames1","8","7","15"
"lehuitieme","8","7","15"
"lelles","8","7","15"
"Lennsonskennson","7","8","15"
"Lenny311202","7","8","15"
"LENOCKA1_-5","7","8","15"
"LeonidR239","8","7","15"
"LesnoiSasha","8","7","15"
"Letsdothisfriends2","6","9","15"
"Letzigraben","8","7","15"
"LevelEnding","6","9","15"
"LevonMargaryan","9","6","15"
"leynard","8","7","15"
"lfochoa","8","7","15"
"LHibiscus2","6","9","15"
"libre23","7","8","15"
"lifeisastruggle64","9","6","15"
"limadabirciftci","7","8","15"
"Lingoo","8","7","15"
"linoziolino","7","8","15"
"lionvipqatar11111","7","8","15"
"LisSergVol","6","9","15"
"LittlePawnFriends","8","7","15"
"LmaFF200","9","6","15"
"lonaiis","7","8","15"
"lonely_forever","9","6","15"
"Looser1965","8","7","15"
"LorenzoVinco","9","6","15"
"Loserman123","8","7","15"
"Ludo2001","8","7","15"
"Luis_007","6","9","15"
"lukepipa","8","7","15"
"Lunatic-shaman","7","8","15"
"LyncChess18","7","8","15"
"LyricalDesert","8","7","15"
"M_Manire_Laguna","7","8","15"
"m_ragab333","8","7","15"
"MA051","7","8","15"
"Macca00","8","7","15"
"MAD69","9","6","15"
"Madih55","7","8","15"
"Madom","8","7","15"
"madrid1368","8","7","15"
"Maestro076","7","8","15"
"Magno723","7","8","15"
"magzihp","9","6","15"
"Mahmod-Mashlah","7","8","15"
"Mahu1963","7","8","15"
"majestyc","8","7","15"
"Makap_85","8","7","15"
"Makaveli2Pac","8","7","15"
"Make_1976","8","7","15"
"maklis","8","7","15"
"Maliby1976","12","3","15"
"malinger12","9","6","15"
"MaNeR232","7","8","15"
"Maniem150","7","8","15"
"manjusarpangala","7","8","15"
"Manomac21","8","7","15"
"Maphunye_Sphola","8","7","15"
"Marc_B","7","8","15"
"Marcelo1980","8","7","15"
"MarceloTeotonio","8","7","15"
"marcotapia5","8","7","15"
"marcymarc919","8","7","15"
"margaf","7","8","15"
"marialao","8","7","15"
"marina-morozova7","8","7","15"
"Mariusz_72","8","7","15"
"mark_creekwater","9","6","15"
"Mark_vid16","8","7","15"
"Marlain","9","6","15"
"Marsel6","8","7","15"
"MartaCarbonara","8","7","15"
"marth5555","7","8","15"
"mastaaofdisastaa","5","10","15"
"master_X3","8","7","15"
"MasterofMayhem007","7","8","15"
"masteryoda777","8","7","15"
"MATEI_4","8","7","15"
"Mathur123","7","8","15"
"Matiel666","9","6","15"
"mattball","7","8","15"
"mattf1n","7","8","15"
"MAX-20-07","8","7","15"
"max0487","8","7","15"
"maxbasu","7","8","15"
"maxgr","7","8","15"
"maxime40e","7","8","15"
"maxmaxman","8","7","15"
"Maxzimsimus","9","6","15"
"Mayur6565","7","8","15"
"mbmlubos","9","6","15"
"mcolombo","7","8","15"
"mdrabbu","8","7","15"
"Mederebi999","8","7","15"
"medeys","8","7","15"
"MeganMarple","10","5","15"
"mehranb","8","7","15"
"Mehrdad_asbeatash","6","9","15"
"meirjan092010","7","8","15"
"meisam1993","8","7","15"
"menba73","7","8","15"
"Menroco","8","7","15"
"MetinYilmaz","6","9","15"
"Michelmicha","8","7","15"
"Mido84","8","7","15"
"mikenberg","8","7","15"
"mikhail1952","8","7","15"
"mikron312","8","7","15"
"mila5320","7","8","15"
"Miladframarziiii","5","10","15"
"MilanLukic","7","8","15"
"milov","10","5","15"
"mirceah","7","8","15"
"mirko6","8","7","15"
"mirokaka","7","8","15"
"Misfit254","7","8","15"
"Misha18122021","8","7","15"
"missPeul","8","7","15"
"MisterPiggie","8","7","15"
"MisterY","8","7","15"
"mkltprk","7","8","15"
"mks1111111","7","8","15"
"mle-queau","8","7","15"
"MNL1415","8","7","15"
"mo35","8","7","15"
"moamed37","8","7","15"
"Mode-Bored","6","9","15"
"modonnel23","8","7","15"
"Mohamed00Nasr","7","8","15"
"mohammad_shamabadi","8","7","15"
"Mohammad0571","8","7","15"
"mohammadkhaghani","8","7","15"
"mohammadkhyrw","8","7","15"
"mohammadmaarefi","7","8","15"
"mohdnoor","7","8","15"
"mohlamenace","9","6","15"
"mohsenpirkheybari","7","8","15"
"Mojtaba1352","6","9","15"
"moko124","6","9","15"
"Mollyfine","8","7","15"
"mondi14","8","7","15"
"MoneyGamie","8","7","15"
"monsa99","8","7","15"
"montroc_am","8","7","15"
"moribundus","5","10","15"
"MoRitzNoFun","11","4","15"
"MossLoss","8","7","15"
"Mossman44","7","8","15"
"MOSTAFA_ASHRAF-11","7","8","15"
"MOURA0104","7","8","15"
"Mouseblip22","8","7","15"
"mr_f1rst","7","8","15"
"MRDJA-JOVICA","8","7","15"
"MRLidzebe","8","7","15"
"MrStalwart","8","7","15"
"MSMDOIPE","8","7","15"
"Mukataev1954","8","7","15"
"Mukund_Dave","6","9","15"
"munvimunavir","8","7","15"
"MuraliVarma","9","6","15"
"murha","8","7","15"
"MurotSuper","7","8","15"
"mustafa5814","7","8","15"
"mygmarsuren25","6","9","15"
"myles56789","7","8","15"
"nademm1972","7","8","15"
"Nadia75","7","8","15"
"naelzidan","7","8","15"
"nafpaktos123","8","7","15"
"nagovsl","8","7","15"
"Narduccio","7","8","15"
"Narottama","6","9","15"
"Naser93","7","8","15"
"NATO2010","8","7","15"
"Navio10","8","7","15"
"nazarovdmitrii","7","8","15"
"ndaona","8","7","15"
"ndriacambria","7","8","15"
"neeebbbbbb","7","8","15"
"Nefes0130","7","8","15"
"NEigrokZ","7","8","15"
"nekit_top2011","8","7","15"
"nekto47","6","9","15"
"neltz","8","7","15"
"Nemeth_Otto","7","8","15"
"NEO1400","7","8","15"
"NEsh4Xmatist","8","7","15"
"Never_sure","7","8","15"
"newcomer12","8","7","15"
"newishchess1891","8","7","15"
"nextswedishgm","8","7","15"
"nexymaestrong","7","8","15"
"nfgii","9","6","15"
"Nico23M","7","8","15"
"NiffyBr","7","8","15"
"nik138","7","8","15"
"nikki_st","7","8","15"
"Nikolai_97","8","7","15"
"Nikolai_Hatenovich","8","7","15"
"Nikolay_Lobanov","8","7","15"
"nikolay636363","7","8","15"
"Nikoross","7","8","15"
"nillien","8","7","15"
"nimasarmasti2426","8","7","15"
"nimorin","8","7","15"
"nino19591","6","9","15"
"nluk1","7","8","15"
"Nobano","7","8","15"
"NoeRiveraSalazar2","9","6","15"
"nogalitos49","7","8","15"
"Norbert-James","6","9","15"
"normandyman","6","9","15"
"novator56","8","7","15"
"NPokhol","6","9","15"
"numbsche","8","7","15"
"Numsgil","9","6","15"
"O0O0O0OO0O0O0O","7","8","15"
"oboi1983","7","8","15"
"ODINAKA","7","8","15"
"Ogude","7","8","15"
"okrunner54","8","7","15"
"old_hORROR","8","7","15"
"oldshatterhand2","8","7","15"
"Oleg-Bakirov","7","8","15"
"Olegoo7","7","8","15"
"olgas12","8","7","15"
"olivier609","6","9","15"
"Omar_GoBa","7","8","15"
"One-alone","8","7","15"
"onurarkis","6","9","15"
"oralk_11457","8","7","15"
"Osama_Elmorsi","7","8","15"
"osanitas","8","7","15"
"oscardoverri","7","8","15"
"Ossama9899","8","7","15"
"oterif","6","9","15"
"Ovezov","6","9","15"
"P_032688","9","6","15"
"pagnip","6","9","15"
"Palfonso","7","8","15"
"Palluau","8","7","15"
"palshivam_18","8","7","15"
"Panavkhanal","10","5","15"
"panchulos","8","7","15"
"paneaj","7","8","15"
"panga89","7","8","15"
"pangolinmandolin","7","8","15"
"Pantocrator_M","8","7","15"
"Par29","7","8","15"
"parkuhr88","7","8","15"
"Parlingo","9","6","15"
"parmis_4","8","7","15"
"Pasha3454","7","8","15"
"pasiji","8","7","15"
"Paskuda77","8","7","15"
"Patat-Fritz","7","8","15"
"PatrickHo","7","8","15"
"Paulo234","8","7","15"
"Payam_Arshadi","7","8","15"
"pe3akboss","7","8","15"
"PEDRO1947","7","8","15"
"Pelmeshek_attaks","8","7","15"
"pepapigcachonda","9","6","15"
"periksch","7","8","15"
"PeshkaPutina","8","7","15"
"PestoPuzzleAccount","6","9","15"
"Peter_Salazar","7","8","15"
"Peter_wambui75","6","9","15"
"pharuck","7","8","15"
"pic18","7","8","15"
"pichondelechuza","8","7","15"
"pierre88","8","7","15"
"Piloto_Pirx","8","7","15"
"pkaushik","7","8","15"
"pkhandagale2","8","7","15"
"pkz978","7","8","15"
"pobiedas","7","8","15"
"Podgrush220256","7","8","15"
"podzemgaz","8","7","15"
"poiuyt5","7","8","15"
"Polkabeziers2022","8","7","15"
"Polski_Hetman","8","7","15"
"pooya1989","7","8","15"
"poppindancechess","7","8","15"
"porpoko","7","8","15"
"Positionalplayer4","8","7","15"
"Possa","8","7","15"
"PotatoOnAStick","7","8","15"
"PPhi","7","8","15"
"PPPRAN","8","7","15"
"Pradeepkr3","6","9","15"
"PradeepKrGhuriani","8","7","15"
"prados","8","7","15"
"PrometheumCT","5","10","15"
"pryhinau","7","8","15"
"psycoarma","7","8","15"
"ptkhnt","7","8","15"
"PucciMaster","8","7","15"
"q888","8","7","15"
"Ra_dik","8","7","15"
"rabesantradana","7","8","15"
"rac122","7","8","15"
"Rachid-Lour","7","8","15"
"rafaelguarin","9","6","15"
"RageAFFECTED","8","7","15"
"Rahatbmc","7","8","15"
"Rais57","7","8","15"
"Rajat_ganvir10","7","8","15"
"rajeshmishra","8","7","15"
"Ramdiv55","8","7","15"
"Ramon_by2","7","8","15"
"RamRamSa","7","8","15"
"ramy123123","6","9","15"
"ramzi005","7","8","15"
"RanaSingh","8","7","15"
"randHomme","7","8","15"
"RanjitP","8","7","15"
"Ravian25","7","8","15"
"RBnapada","7","8","15"
"re2dington","7","8","15"
"REALMAN0000007","8","7","15"
"REALTTOM","7","8","15"
"Refael1965","8","7","15"
"Refnardeyy","7","8","15"
"Regicide123","7","8","15"
"registerya","8","7","15"
"reinevincent","7","8","15"
"Renpa77","8","7","15"
"renz1958","8","7","15"
"restek89","8","7","15"
"Reta2323","7","8","15"
"Reyanshhhh","7","8","15"
"reyarturo1958","8","7","15"
"rezabakhshi1","7","8","15"
"Rezchick","8","7","15"
"RF_Soares","5","10","15"
"Rfgtd","7","8","15"
"rh0bot","7","8","15"
"RicardoM_03","6","9","15"
"ricki872","7","8","15"
"Riedenbrg","7","8","15"
"Riketto","6","9","15"
"RilesP","8","7","15"
"rishaj08","8","7","15"
"RivalRF","9","6","15"
"Rivyaan","8","7","15"
"riya7600","7","8","15"
"RkLark_5","8","7","15"
"RKumarArora","8","7","15"
"Roadman1","5","10","15"
"RoBeRt204","8","7","15"
"Robertmau","8","7","15"
"Robertus-Hibiskus","8","7","15"
"robieck","7","8","15"
"Robotin","7","8","15"
"RockChess101","8","7","15"
"RodenJoneT","6","9","15"
"RodmirDebinski","8","7","15"
"rodo2120","7","8","15"
"rolandoayala3","9","6","15"
"RolandT","9","6","15"
"Roman12041996","9","6","15"
"Ronald18","8","7","15"
"RonanRathoe","9","6","15"
"Rosasbox","8","7","15"
"Roter_Elch","8","7","15"
"Rozhanhl1392","8","7","15"
"rreigosa","8","7","15"
"rumeljay","8","7","15"
"rustiaden","8","7","15"
"rva5319","7","8","15"
"S_L_A_V_A","6","9","15"
"S_Sandyra","7","8","15"
"S4M1N","6","9","15"
"saamson","8","7","15"
"Saavansaji","8","7","15"
"saba22222","6","9","15"
"Sabry2023","7","8","15"
"SachyanA","7","8","15"
"SacTHEBISHOPPPPPPPP","9","6","15"
"sadhero","8","7","15"
"sadist1981","7","8","15"
"saeedseven","8","7","15"
"saer1900","7","8","15"
"Safrosoft","13","2","15"
"sahistamater","7","8","15"
"said2022agad","8","7","15"
"Saif_5625","9","6","15"
"Saint-Joseph","7","8","15"
"SaintGuy","10","5","15"
"SakiDenZ","7","8","15"
"salbaneo","8","7","15"
"salinassandoval48","7","8","15"
"saloglock87","8","7","15"
"SalterinHx","7","8","15"
"Salvador_va_dinci","7","8","15"
"SalvoTanco","7","8","15"
"sam_da_pawn_taker","9","6","15"
"samanmoha","7","8","15"
"Samcho07","8","7","15"
"samechapravin","8","7","15"
"samed225","7","8","15"
"Samer_1968","9","6","15"
"SamirHaikal","14","1","15"
"Samuel_Xadrez_2010","9","6","15"
"samuil1","6","9","15"
"Samzola","8","7","15"
"sandeep251174","7","8","15"
"sandy0726","6","9","15"
"Sanghapal_Kamble","7","8","15"
"sangled","9","6","15"
"sankisjepara","7","8","15"
"sasha_fantazer","8","7","15"
"Saucedo20","8","7","15"
"SawSamuelSanHnit","6","9","15"
"Saxshiminda","8","7","15"
"SBR_kuda-hitam","8","7","15"
"Scarpini","8","7","15"
"schachfigter","7","8","15"
"Schachkandidat","5","10","15"
"schachspiel45","8","7","15"
"Schismatica","7","8","15"
"scholesky","6","9","15"
"scifi_6590","7","8","15"
"Scorpionwin","7","8","15"
"Scrapper-142","9","6","15"
"Scurbatt","8","7","15"
"Seberong","8","7","15"
"Sercan-Shatter","7","8","15"
"SeregaRus","8","7","15"
"sergei_chess68","7","8","15"
"sergej83","12","3","15"
"sergekboss","8","7","15"
"SergeMai95","7","8","15"
"Sergey_ka1","6","9","15"
"Sergey_ss","8","7","15"
"Sergey4103","6","9","15"
"sergiobelgio","6","9","15"
"SergioIV","8","7","15"
"SERIK_2023","6","9","15"
"SerTre","8","7","15"
"SetraK","7","8","15"
"sette","8","7","15"
"SG1511","9","6","15"
"sgerry79","8","7","15"
"Sgt_Biermann","7","8","15"
"ShahMatch","8","7","15"
"Shairyar","8","7","15"
"shankar_05","8","7","15"
"shatranjpappu","8","7","15"
"shaunakjoshi","6","9","15"
"Shbarri","7","8","15"
"Sherali_1994","9","6","15"
"SherifEzzat1","7","8","15"
"shhonarmandi","8","7","15"
"shiivom_shah1513","6","9","15"
"shivank0807","7","8","15"
"shixoo","7","8","15"
"SHKamble","8","7","15"
"shredtech","6","9","15"
"shubham007007","8","7","15"
"Shuhmo","9","6","15"
"siavash01","7","8","15"
"Siegfriedk","7","8","15"
"sikier","6","9","15"
"sikorka25","6","9","15"
"Simon2035","7","8","15"
"SimplyObchessed","8","7","15"
"Sinem2149","7","8","15"
"singharbind","6","9","15"
"Siphesihle_Komane","8","7","15"
"SirJD","8","7","15"
"siroza09","8","7","15"
"sirus1990","8","7","15"
"sitaraman","7","8","15"
"skipper933","7","8","15"
"skomon","7","8","15"
"snackrider","7","8","15"
"SnapBlast","8","7","15"
"snytko","7","8","15"
"soba5","4","11","15"
"SOCCERR","8","7","15"
"Soham_Noob12","8","7","15"
"SolarOsQuiere","8","7","15"
"solution-it","7","8","15"
"SONHADOR13","7","8","15"
"Soubac_Hernan","8","7","15"
"SoulDigger","8","7","15"
"sourabhmathe009","7","8","15"
"SPAM66","7","8","15"
"Spamo12","8","7","15"
"Spellth1ef","7","8","15"
"spiden","7","8","15"
"spider008","7","8","15"
"spiritolevantino","9","6","15"
"Springer115","9","6","15"
"srikanthreddy888","8","7","15"
"srithan123","8","7","15"
"Stanislaw1231","7","8","15"
"StanleyWithABigGrass","7","8","15"
"ste-77","7","8","15"
"stockfish1o1","7","8","15"
"StockHolderrr","7","8","15"
"StorchakovAN","8","7","15"
"StoryOfVictory","6","9","15"
"Street_Brazilian","7","8","15"
"sukhoi786","8","7","15"
"Sukonta2520","7","8","15"
"Sultonboy","8","7","15"
"sumitkumarshahu","8","7","15"
"Sungchiencheng","7","8","15"
"superdolus","7","8","15"
"SuperFigther1254","7","8","15"
"supergm1985","7","8","15"
"Surajkumal","8","7","15"
"sureshkudecha1966","7","8","15"
"swasi","7","8","15"
"switch922","8","7","15"
"synisvyni","7","8","15"
"szigau1","8","7","15"
"taahina17","5","10","15"
"tafamd","9","6","15"
"tafedorov","6","9","15"
"TagaVizcayaAk","8","7","15"
"TakisobieJanek","9","6","15"
"TANAKA1111","8","7","15"
"tapstaganrog","7","8","15"
"tarekyahia369","7","8","15"
"Taurosbull","8","7","15"
"tazomilan","8","7","15"
"TBattleCraftT","8","7","15"
"tchaconas","8","7","15"
"Te_mur-008","8","7","15"
"TeddyBigBear","6","9","15"
"tee1z","7","8","15"
"TELEEMAN","8","7","15"
"Telos2184","8","7","15"
"tenaciouschessplayer","6","9","15"
"Terminator037","7","8","15"
"TERMINATOR2500","7","8","15"
"terxan123","7","8","15"
"tgzyad","7","8","15"
"The_pumpkin","8","7","15"
"Thealmight","8","7","15"
"TheChessDragon5","7","8","15"
"THEEHouse","5","10","15"
"TheMagnificentM","7","8","15"
"thepublicguy","5","10","15"
"Thor31","8","7","15"
"TibetKaanYanc","8","7","15"
"Ticco","7","8","15"
"tichgundani","6","9","15"
"Tico48","8","7","15"
"timeless42","8","7","15"
"TimofeiSur","9","6","15"
"TimofeyChernenko","7","8","15"
"TinyCheetah","8","7","15"
"TismaVelemajstor","6","9","15"
"Tiyko1","7","8","15"
"TNC_Dangduong2015","8","7","15"
"TOAN-2023","5","10","15"
"togui31","9","6","15"
"toja57","7","8","15"
"TomasRapide1983","8","7","15"
"TomazP","10","5","15"
"Tomke22","7","8","15"
"tomshko","8","7","15"
"Tongs","8","7","15"
"toninha2022","7","8","15"
"Tonivincent","7","8","15"
"Topflowerv2","8","7","15"
"ToromBot","8","7","15"
"toshey","7","8","15"
"trallala123","7","8","15"
"Transfer62","7","8","15"
"Trikulitsch","10","5","15"
"Tu_viejo123","8","7","15"
"Tuquigl","3","12","15"
"tusa444","7","8","15"
"tutemoques","8","7","15"
"tutkulu25","8","7","15"
"Tykiss","6","9","15"
"TypeOfNewbies","10","5","15"
"Tyraelll","6","9","15"
"U-lys","7","8","15"
"Uadik","8","7","15"
"ugopompeo","7","8","15"
"ulfhednar666","7","8","15"
"unbeknownst","7","8","15"
"urijmakas","6","9","15"
"ute-enzo","8","7","15"
"Uuntoldstory","8","7","15"
"v423","8","7","15"
"vahiiiiid58","14","1","15"
"Valdomiro","7","8","15"
"ValentinoSim","6","9","15"
"VALERIY2022","8","7","15"
"ValeriyG55","7","8","15"
"Valery37","7","8","15"
"VALLE252","8","7","15"
"Vaniusaa","7","8","15"
"VARIANT30","7","8","15"
"varunmohan","8","7","15"
"Vasa_Petrov","8","7","15"
"Vasa7777777","8","7","15"
"vb13","8","7","15"
"vcheslav","6","9","15"
"velaphi","8","7","15"
"velocista123","7","8","15"
"VerdugoVergudo","8","7","15"
"VeretaRA","8","7","15"
"verway","5","10","15"
"Vesnuha","8","7","15"
"vicen40","8","7","15"
"Victor_Klymenko","7","8","15"
"victor01844","8","7","15"
"victor163","7","8","15"
"victorlazlo","8","7","15"
"Victormao03","7","8","15"
"ViejoDinosaur","8","7","15"
"Vigneshkp","6","9","15"
"VikeT","7","8","15"
"Viktor-178","9","6","15"
"vinzmars","7","8","15"
"virenjagdev","6","9","15"
"visheshm300","7","8","15"
"Vitgor","7","8","15"
"vivoangelo","9","6","15"
"Vk18_06","7","8","15"
"vlad_52-god","7","8","15"
"Vladimir_1949","7","8","15"
"Vladimirandgievskpgo","8","7","15"
"Volf792","7","8","15"
"Vovan08-01","9","6","15"
"vovan666","7","8","15"
"VovanVN","8","7","15"
"Vsmparmar","8","7","15"
"vuyovalashiya82","7","8","15"
"w0lf_wolf","8","7","15"
"walid200080","8","7","15"
"warabathiato","8","7","15"
"wasausky98","8","7","15"
"watermelon1seedless","7","8","15"
"welcern","8","7","15"
"Wezly94","8","7","15"
"Wilhelm1944","6","9","15"
"WillDavies","8","7","15"
"williamchess_14","7","8","15"
"WilsonTJ4L","6","9","15"
"Wimmer23","7","8","15"
"Winchestah","8","7","15"
"wiolettaba","8","7","15"
"Witchking77","8","7","15"
"wittneyjr1","8","7","15"
"Wizard_wizard","8","7","15"
"wk2407","7","8","15"
"wolfi1993","8","7","15"
"WonderRo","8","7","15"
"Worzelgummage","8","7","15"
"XadrezMesquita","7","8","15"
"xavifran","7","8","15"
"xprmt","8","7","15"
"xxakbrxx","8","7","15"
"xZdunekx","7","8","15"
"yamooo","8","7","15"
"Yaroslavka","7","8","15"
"YashwinderMinhas","9","6","15"
"yavanfadime","7","8","15"
"ybor61","6","9","15"
"yennura","7","8","15"
"yitarima","7","8","15"
"YO1822","7","8","15"
"Yohita","8","7","15"
"Yomeo","8","7","15"
"youbert","7","8","15"
"Yriy_t","6","9","15"
"ysfozgur16","8","7","15"
"Yukiiiiiiiiiiii","7","8","15"
"YuriyLyakhov","8","7","15"
"yurl1","8","7","15"
"yvers12","7","8","15"
"Z_Azamat","8","7","15"
"ZakariaAlshek30","9","6","15"
"Zarak87","7","8","15"
"ZASKY1422","7","8","15"
"zaur2014chetyz","7","8","15"
"zbyszekpietras","8","7","15"
"ZeeshankhanZK","7","8","15"
"Zeitnot23","9","6","15"
"ZequiLuMar","7","8","15"
"Zest17","7","8","15"
"zheka1984","7","8","15"
"zigizaga","8","7","15"
"Zikatela","7","8","15"
"Zoki1950","6","9","15"
"zouave971","7","8","15"
"zurik25","8","7","15"
"Zvoosh","7","8","15"
"A_silvestre","8","6","14"
"a_stepn2137","6","8","14"
"A01000001","7","7","14"
"aa12bb34cc56","7","7","14"
"aa1425","7","7","14"
"AAN_61","6","8","14"
"abasralsa1","6","8","14"
"Abbos_k","3","11","14"
"abbott2022","7","7","14"
"Abdalazez_ebrahim","7","7","14"
"Abdelmassihayad","7","7","14"
"abdoBoyka","7","7","14"
"Abdullah_Haris_Pasha","8","6","14"
"Abdullah1978","6","8","14"
"abhi1213","6","8","14"
"Abombinabull","8","6","14"
"abosaeed55","6","8","14"
"aboyosf112","7","7","14"
"acd108","7","7","14"
"Achim57","8","6","14"
"acomarkovic","7","7","14"
"Ada000","8","6","14"
"Adacatu","6","8","14"
"Adhiraj_Gokhale-2010","8","6","14"
"AdilH","7","7","14"
"Adonai_tg","6","8","14"
"Adrian_CC","8","6","14"
"afrika1987","7","7","14"
"agance1","8","6","14"
"AGENTEMARO","6","8","14"
"aglg","7","7","14"
"Agustin3097","7","7","14"
"Ah0001967","8","6","14"
"Ahmad_042089166","8","6","14"
"ahmad5276","6","8","14"
"ahmad79allito","8","6","14"
"Ahmed_helmy19","8","6","14"
"Ahmed_player","8","6","14"
"Ahmed743","7","7","14"
"ahmedatef114","7","7","14"
"AhmedFromIraq","8","6","14"
"AiceCream1122","7","7","14"
"AIF444","9","5","14"
"Ajaychinna","7","7","14"
"ajeer_m","7","7","14"
"Ajun_pdg","7","7","14"
"ajuzah","6","8","14"
"akabanga","6","8","14"
"Akam_1235","8","6","14"
"AkhilRoy","6","8","14"
"Albetik","8","6","14"
"aldebaran2018","6","8","14"
"Ale_85","7","7","14"
"aleksander_sipilov","7","7","14"
"Aleksandr_123456","7","7","14"
"Alex195112","7","7","14"
"alex8182","7","7","14"
"AlexAlk","7","7","14"
"alexand1996","7","7","14"
"Alexander_1950","7","7","14"
"Alexandr260762","7","7","14"
"alexcho","7","7","14"
"AlexGoz","7","7","14"
"Alexis985","7","7","14"
"alexkochev","7","7","14"
"alexmartinez","7","7","14"
"alf987654","7","7","14"
"ali_hajinejad","7","7","14"
"Aliabdollahi1382","7","7","14"
"Alianc777","7","7","14"
"AliMahmoudAliii","8","6","14"
"Alimaleki313","6","8","14"
"alirezahabibimath","8","6","14"
"AliSalyk","6","8","14"
"Almfuerst","6","8","14"
"Almogdad_hajaj","7","7","14"
"Alonka","7","7","14"
"AlouTun","8","6","14"
"Amablenegrelle","8","6","14"
"Ameise01","7","7","14"
"amer1968","7","7","14"
"Amer9291","8","6","14"
"amir221122","7","7","14"
"Amirramzi","6","8","14"
"amitraundal","6","8","14"
"ANASBARAKA1","6","8","14"
"andreikuzminmassage","6","8","14"
"Andrej_314","7","7","14"
"Andrew_0608","7","7","14"
"Andrey5878","7","7","14"
"AndriyLD","7","7","14"
"Andy-checkmate","7","7","14"
"Andy13","7","7","14"
"angel1951","8","6","14"
"Angeldelacal","7","7","14"
"angerdanger","7","7","14"
"AngryAlex123","8","6","14"
"anlensp65","7","7","14"
"anna1221","7","7","14"
"AnShi1","8","6","14"
"anthau","7","7","14"
"antkioup","6","8","14"
"Anton072010555","7","7","14"
"antonio-irondog","7","7","14"
"Antonio19570","7","7","14"
"Anyesko","6","8","14"
"aoric","7","7","14"
"apingaru","8","6","14"
"ar322","7","7","14"
"ARANDU2023","8","6","14"
"Arceus2017","7","7","14"
"Arctic2909","6","8","14"
"Ardaferiz","9","5","14"
"Ardilenx","8","6","14"
"arekos0x0","8","6","14"
"arhode","7","7","14"
"Arich24","7","7","14"
"arka_biswas","8","6","14"
"Arlote","8","6","14"
"arnhem1953","7","7","14"
"Arnold55","7","7","14"
"ARocco","6","8","14"
"Arrow1512","7","7","14"
"Arsentich63","7","7","14"
"ArsTour_777","6","8","14"
"Artem1202","8","6","14"
"Arturoteitor4000","7","7","14"
"artush4545","7","7","14"
"Artyr_Chim2014","7","7","14"
"arun5566","7","7","14"
"ASALA_35_16","8","6","14"
"asdallah","8","6","14"
"asdmtt_3706","7","7","14"
"asdupont","6","8","14"
"aseratis","8","6","14"
"ash_azad","7","7","14"
"Ashu7065","6","8","14"
"ashwinishukla","6","8","14"
"asieljerez","7","7","14"
"aslaniaslani3","7","7","14"
"AST_BaHTyC","7","7","14"
"asterixx04","5","9","14"
"Asura849","6","8","14"
"Atlas67","7","7","14"
"aulavirtual","7","7","14"
"avinashpathak88","8","6","14"
"Aviokkk","7","7","14"
"aymanezz","6","8","14"
"ayok1","8","6","14"
"ayparmar","7","7","14"
"ayuobrigi","7","7","14"
"Aziz_Alhammouri1","8","6","14"
"b-masoudinia","7","7","14"
"B1ackManFo2Pound","7","7","14"
"babai1953","8","6","14"
"babax64","7","7","14"
"Babbabasti","7","7","14"
"babista","7","7","14"
"Baehsaar","6","8","14"
"bagijokiller","7","7","14"
"Bagirraa","6","8","14"
"Bakhto","6","8","14"
"BAMark268","7","7","14"
"bamirceka","9","5","14"
"baranbowz","8","6","14"
"barbosa77","7","7","14"
"barkolious","7","7","14"
"bartolj","5","9","14"
"Baslespats","7","7","14"
"Bat_Sam","6","8","14"
"BatGeorge1985","8","6","14"
"Bb_Lelouch_Bb","7","7","14"
"beersnpies","8","6","14"
"BeggarsBanquet","7","7","14"
"Behnam1575","7","7","14"
"Bek1986Bek1986","6","8","14"
"bekjonbek","6","8","14"
"BEMAkely","7","7","14"
"bender3333","7","7","14"
"benhuttes","8","6","14"
"Benjamin-player","6","8","14"
"Bentonia","7","7","14"
"BenzBro123","8","6","14"
"Berdshaker","7","7","14"
"Bergmaedchen","7","7","14"
"BerkovichGambit","7","7","14"
"Bernhard1234","7","7","14"
"Berniko","8","6","14"
"betibi","7","7","14"
"bhenk21","7","7","14"
"bibob_bo","6","8","14"
"biclatan","6","8","14"
"Bigbobmango2","8","6","14"
"BigTomatoO","6","8","14"
"Bilgee1978","7","7","14"
"BirkoffVk","6","8","14"
"Bismuth_Bi","6","8","14"
"Bit1024","7","7","14"
"BIVOLEANU","7","7","14"
"BJaunius","7","7","14"
"Bjj_brian","7","7","14"
"Blackmaggot","8","6","14"
"BlackZorbar","7","7","14"
"Blo0OD","7","7","14"
"blunderbala","7","7","14"
"boatcap","7","7","14"
"bodiart","6","8","14"
"bodrumsemiz","7","7","14"
"Bodya123mashina","8","6","14"
"Boeing2021","6","8","14"
"bolik12","6","8","14"
"bomardan","6","8","14"
"Bongsky1971","7","7","14"
"boots9999","8","6","14"
"borhan1400","7","7","14"
"borisgavrielov","7","7","14"
"Borneo16","7","7","14"
"bortenry","8","6","14"
"botfli9a_9","7","7","14"
"Bouletnul","7","7","14"
"Bousri","8","6","14"
"BOUTABIA_AMINE","7","7","14"
"bozukovv","7","7","14"
"brahimbaamer","8","6","14"
"bratislavslavobratov","8","6","14"
"Breezio","8","6","14"
"Brendothers","8","6","14"
"bringatte","7","7","14"
"Brisesisbio8","5","9","14"
"bro55ther","6","8","14"
"BrunoCoco66","7","7","14"
"bs4129","6","8","14"
"BTTero59","6","8","14"
"BulletBeni123","7","7","14"
"BunkerBenno","7","7","14"
"Buran2011","8","6","14"
"Bushendich","8","6","14"
"Byousef","6","8","14"
"byrdmass","7","7","14"
"cacodemon13","7","7","14"
"CaffeVodka","6","8","14"
"caganegers","5","9","14"
"CajunChessPlaya","6","8","14"
"calacimbre","7","7","14"
"Caleb_gana","7","7","14"
"callmecaesar","6","8","14"
"camiloquino","8","6","14"
"camparisi","8","6","14"
"canocano","6","8","14"
"caohuuquan1234","7","7","14"
"Capa_Negra","8","6","14"
"capitantrueno","7","7","14"
"Capyking2011","7","7","14"
"Caribia","7","7","14"
"Carlo46gio","6","8","14"
"cartoon_addict","8","6","14"
"Castaldo088","7","7","14"
"Catdroid1","8","6","14"
"Cavalheiro_Sete","7","7","14"
"Cavalry07","7","7","14"
"CB_Mihit","8","6","14"
"ceregapet","6","8","14"
"Ceycey71","6","8","14"
"Chad628","7","7","14"
"chalenadien","6","8","14"
"CharlieStarlebigleu","6","8","14"
"cheleken86","7","7","14"
"chess_champ05","7","7","14"
"Chess_Doktor","7","7","14"
"chess5955","8","6","14"
"Chessfodder","7","7","14"
"Chessmagegon","7","7","14"
"chessnedicin","7","7","14"
"chessnuts100","7","7","14"
"ChessterKnows","7","7","14"
"Chesswalker0","6","8","14"
"ChessWorld_YT","7","7","14"
"chiemmy","8","6","14"
"Chnunaluvhehe","7","7","14"
"ChoicePPN","7","7","14"
"chukkamak","8","6","14"
"churin2007","7","7","14"
"Cincykid57","7","7","14"
"circleyy","8","6","14"
"CiroConto28","7","7","14"
"CirtaSam","6","8","14"
"ciuho","8","6","14"
"Clinton_066","7","7","14"
"Cmmadhu","7","7","14"
"Cobosca","6","8","14"
"Cockofthewalk1","7","7","14"
"coloclom","7","7","14"
"CondoMcGregor","8","6","14"
"congbadaosdbg","7","7","14"
"ConradKingAbalos","7","7","14"
"coopatroopa325","6","8","14"
"Coquam","7","7","14"
"cris4mate","7","7","14"
"Croquodyl_FT","6","8","14"
"crowhunters","6","8","14"
"Cucito","7","7","14"
"Curtis57","7","7","14"
"CuTeDeBBie","6","8","14"
"cyclemutton","6","8","14"
"Czarek77","9","5","14"
"czu26x","7","7","14"
"D_7777","7","7","14"
"dagfink","7","7","14"
"dahamsathsara","8","6","14"
"Daldiri","7","7","14"
"dalekdank","8","6","14"
"Daliborrr","7","7","14"
"damal","7","7","14"
"damian8712","7","7","14"
"damiancho","7","7","14"
"DANESL","8","6","14"
"danielward27","7","7","14"
"danilovleo7","5","9","14"
"danyketawa_LCKB","5","9","14"
"dareckipl","8","6","14"
"dark_squirrel","8","6","14"
"dasi_merah","7","7","14"
"DaveDavide","8","6","14"
"david_jarrin-62","9","5","14"
"daviddel","7","7","14"
"davide78","6","8","14"
"davidkhan_1986","6","8","14"
"DavlatovMO","7","7","14"
"DChester2000","7","7","14"
"Ddertgh","7","7","14"
"De_BrainShaker","8","6","14"
"deadpool1994","7","7","14"
"Debprasad277","7","7","14"
"dedipriyono60","7","7","14"
"deepak_satish","6","8","14"
"DeepofUnknown","7","7","14"
"deeyaaomare","6","8","14"
"Deeykiller","8","6","14"
"delil123","7","7","14"
"Demolito_L5","7","7","14"
"DenisKov101","8","6","14"
"Deniss174","6","8","14"
"Der_Zerstorer","8","6","14"
"DEVILISHUMAN","7","7","14"
"Dex15","6","8","14"
"dfc-146","6","8","14"
"dhpjr1949","7","7","14"
"Dhyan_Pujara11","7","7","14"
"Diabnaf31","7","7","14"
"DID0055","8","6","14"
"DiegoSC1986","7","7","14"
"difficult1987","7","7","14"
"Dila25","6","8","14"
"Dimarius_1","6","8","14"
"DimasBill","13","1","14"
"dimisio","6","8","14"
"DippamityMP4","7","7","14"
"Discake","7","7","14"
"Django1998","7","7","14"
"dk28005658","6","8","14"
"dmach","7","7","14"
"dmva","6","8","14"
"DoctoreSalvatore","6","8","14"
"Dominiose","6","8","14"
"Don_Quichotte42000","7","7","14"
"Don-Kixot","6","8","14"
"dondiegoandres","6","8","14"
"DonVicent","7","7","14"
"dope_s44","7","7","14"
"DopeNinja06","7","7","14"
"Dorjo08888","7","7","14"
"DOUBLEDECKER","6","8","14"
"Dramatic_Dolphin","8","6","14"
"Drentorn","7","7","14"
"DrHenk","7","7","14"
"DrKhan99","8","6","14"
"Dronning24","6","8","14"
"Droval","6","8","14"
"drr_strange","8","6","14"
"Drudangerous","6","8","14"
"dselva","7","7","14"
"dstewart00","7","7","14"
"ductrinh0901","7","7","14"
"dul26","7","7","14"
"dulesrbbeograd","7","7","14"
"duvancic","8","6","14"
"dwivedi_amananant09","7","7","14"
"DzLitvin","6","8","14"
"e4e5testnew","7","7","14"
"E7E70118","8","6","14"
"Ecastillol","6","8","14"
"eckeagle","8","6","14"
"Eduardo63","7","7","14"
"Eemiroglu","7","7","14"
"egliwegli2","8","6","14"
"Ehsan_Hz","8","6","14"
"Einhorn65","7","7","14"
"ekrause","7","7","14"
"El_ariete","6","8","14"
"Elf-n","7","7","14"
"eliasd105","6","8","14"
"eliasmusiy","7","7","14"
"Elijah_2016","6","8","14"
"eliseo507","7","7","14"
"ElishaLui","5","9","14"
"Elizan1962","6","8","14"
"Elkishky","7","7","14"
"elmanesgerman","7","7","14"
"elmario12","8","6","14"
"Elsaidi_811","6","8","14"
"Elsayedhegazy2020","7","7","14"
"Emadbakry1980","7","7","14"
"Emansuherman","6","8","14"
"emghee","6","8","14"
"Emilchik","8","6","14"
"emin1959","8","6","14"
"EmyrMR","7","7","14"
"endersteez","6","8","14"
"enigma_suka","7","7","14"
"ENIGMA1986","11","3","14"
"Enkheee","7","7","14"
"enriiquin","8","6","14"
"equinelatto","7","7","14"
"eralperikci657","8","6","14"
"ERAP-1972","7","7","14"
"Erectus_Rex","7","7","14"
"erhan153","7","7","14"
"erhill9401","7","7","14"
"Eric_1974","8","6","14"
"Ericbbc07","8","6","14"
"erikd","7","7","14"
"Eris_Ado","7","7","14"
"erityanmomo","7","7","14"
"ermoshin","5","9","14"
"Esi192","7","7","14"
"estebanllm","7","7","14"
"EthanD740","7","7","14"
"everso","6","8","14"
"EvgenyBai","8","6","14"
"EvgenyOkhrimenko","8","6","14"
"f7er6h","6","8","14"
"Faceless18","9","5","14"
"FailingZugzwang","8","6","14"
"FallenTheOne","7","7","14"
"farg111","7","7","14"
"fariborz-shokrian","8","6","14"
"farizzzuu","7","7","14"
"Fatih1453ist","8","6","14"
"fatsole","6","8","14"
"Fayzulloooo","6","8","14"
"Fazlinovic123","7","7","14"
"FC-ETSH-NICK","6","8","14"
"fdj2001","8","6","14"
"Felinferno7","7","7","14"
"FelipeFerreira","7","7","14"
"Fercho10","8","6","14"
"Ferreno","7","7","14"
"festool67","8","6","14"
"Feyzo88","6","8","14"
"FieldMarshalDragon","8","6","14"
"fildisikuleler","7","7","14"
"filem0n74","8","6","14"
"flepFabrice","7","7","14"
"FlGlH","7","7","14"
"Flix4eVer","8","6","14"
"flow10000","8","6","14"
"Flowersgolfer","8","6","14"
"FoxSpitzer","6","8","14"
"fpcgitw","7","7","14"
"Francisco_Tlayacapan","6","8","14"
"Franklinds","7","7","14"
"franz-dmitri","6","8","14"
"Fredlasanha1978","7","7","14"
"freshmind1997","7","7","14"
"Fridouls","6","8","14"
"fritz37","7","7","14"
"FSSnigdho","8","6","14"
"ftsioros","6","8","14"
"Fuirio","8","6","14"
"FumeiZ","7","7","14"
"FunkyTowanda","6","8","14"
"fusionnator","6","8","14"
"G_whiz","7","7","14"
"gabgabma","7","7","14"
"Gabriel0298","6","8","14"
"gabriellissimo","6","8","14"
"GadjoLemon","7","7","14"
"gajamu","8","6","14"
"Galfer19","7","7","14"
"Gali2019","8","6","14"
"Galyathebee","7","7","14"
"gameoftage","7","7","14"
"Gamius00","8","6","14"
"gargargar","6","8","14"
"Garibraj","7","7","14"
"Garkalof","6","8","14"
"gcapellari","7","7","14"
"Gedo25","6","8","14"
"Gennadiy1958","7","7","14"
"georgebest13","6","8","14"
"geraldjimeyara","6","8","14"
"gervatius","7","7","14"
"getulioxadrez","8","6","14"
"ghodom","7","7","14"
"Gibiers","8","6","14"
"GILIANGGG","7","7","14"
"gjsbe","7","7","14"
"Glaube7","7","7","14"
"GLOWATSKY","6","8","14"
"GMALVA","8","6","14"
"gnarnarg","7","7","14"
"go_sha","8","6","14"
"gobon_jinten","7","7","14"
"Goby7","7","7","14"
"gokic","6","8","14"
"gold1961","8","6","14"
"goldenfox1961","7","7","14"
"Gollioo","7","7","14"
"Goodluckchessacademy","7","7","14"
"Gopikathampi","7","7","14"
"Gordon_Rus_1999","7","7","14"
"GordoOlmedo","7","7","14"
"gr3y_hat","7","7","14"
"greatiraq","7","7","14"
"GreatScottPaloAlto","8","6","14"
"greypj","7","7","14"
"grga-brate","7","7","14"
"GrigoriyOvakimian","6","8","14"
"grovercabrera","7","7","14"
"gspas","6","8","14"
"Guaishushu_2023","8","6","14"
"GUERRA-LEONARDO","8","6","14"
"guillaume_duge","7","7","14"
"Gutsi","7","7","14"
"habibnyan","7","7","14"
"halk8787","6","8","14"
"hamada_20","6","8","14"
"HamadaIbrahimGad","6","8","14"
"hamed3652","7","7","14"
"hamedmspr7","8","6","14"
"HanShotFoist","7","7","14"
"hardman00","7","7","14"
"Harry1149","7","7","14"
"harryhansi","7","7","14"
"Harshil_2432","8","6","14"
"hashmeit","7","7","14"
"Hasinachristian","7","7","14"
"Hassan93","7","7","14"
"Hassanalm","9","5","14"
"Hasssd_142536897","7","7","14"
"hazemkhadam","7","7","14"
"Headland","8","6","14"
"heavymetalT1000","8","6","14"
"heidvalder","6","8","14"
"Hen2","7","7","14"
"heracrossz","6","8","14"
"Hew2Majestic","6","8","14"
"Hexogen92","7","7","14"
"HighlanderEndgame","7","7","14"
"higueis","7","7","14"
"HINAOUI","7","7","14"
"HKHB","8","6","14"
"hola_x3","7","7","14"
"holderdowner5000","7","7","14"
"hopedieslast","8","6","14"
"hoska1","6","8","14"
"hossein1346","8","6","14"
"housegrover","6","8","14"
"hsnhsn9999","7","7","14"
"Hungrytooth","6","8","14"
"HvorostenkoVlad","7","7","14"
"hydeo_0","7","7","14"
"hypermod","6","8","14"
"i_L_L_u_m_i","6","8","14"
"ibozhinov","6","8","14"
"IBSPURS68","7","7","14"
"idan066","7","7","14"
"Idk00_25","6","8","14"
"igor_1963","5","9","14"
"Igor2306","7","7","14"
"Igoris1111","7","7","14"
"igorkhill","7","7","14"
"iherrera2020","6","8","14"
"ihimanshusinha","8","6","14"
"IIEulerII","7","7","14"
"Ikerix","7","7","14"
"Ilgiz261","4","10","14"
"ilkerrgull","7","7","14"
"Ilko_vanev","7","7","14"
"imansarbandi","6","8","14"
"imjiis","7","7","14"
"immortel04","6","8","14"
"Imran_Imanov","7","7","14"
"Indra7528","7","7","14"
"Intriching","7","7","14"
"iobates","8","6","14"
"iplay82","7","7","14"
"Ips12","7","7","14"
"ipul156","7","7","14"
"Irisha_guseva","7","7","14"
"Isaiaferdinand","9","5","14"
"Islam_Walid","7","7","14"
"itzmeswty","6","8","14"
"IVAN21-chess","7","7","14"
"Ivancalsh","7","7","14"
"IVDARKAN","8","6","14"
"Iza_ary_Oh","9","5","14"
"izzati331","6","8","14"
"J_M0usavi","6","8","14"
"j2m","8","6","14"
"jafarsaleh","7","7","14"
"Jagdishp","7","7","14"
"Jahid_12","8","6","14"
"jaialac","7","7","14"
"JaimeGlezArias","7","7","14"
"JamesWilson-UVA","8","6","14"
"Jamf2021","6","8","14"
"jamshidipour1368","6","8","14"
"JannisBK","6","8","14"
"jaqeka","7","7","14"
"Jasonosaurus","7","7","14"
"Jastforfan","8","6","14"
"javadizanjan","4","10","14"
"jayagiribali","7","7","14"
"Jayatlas","7","7","14"
"Jbdyverdon","7","7","14"
"jbento82","7","7","14"
"JeejaMenon","6","8","14"
"Jeezy2020","7","7","14"
"jefferson1987","8","6","14"
"jesus-T","6","8","14"
"Jetofilis","7","7","14"
"JEZIEEEE","6","8","14"
"jf60","7","7","14"
"JFaborada_41_Mnla","8","6","14"
"JGPinheiro","7","7","14"
"jhinny","8","6","14"
"jimcat8350","8","6","14"
"jjimenez1","5","9","14"
"JKB01","7","7","14"
"jkg20","7","7","14"
"Jkioh28","8","6","14"
"Jlfraz","7","7","14"
"jlmeca","7","7","14"
"jmdacosta","7","7","14"
"JNor","8","6","14"
"joaoalves74","6","8","14"
"joci1234","6","8","14"
"JoeTecee","7","7","14"
"John207","8","6","14"
"johnbjack","7","7","14"
"Jokerabs","7","7","14"
"Joni_Oncom","7","7","14"
"Joost99","7","7","14"
"Jordi1961","6","8","14"
"JORGE1949_CORONEL","7","7","14"
"jorgeab77","7","7","14"
"JorgeLuisGranados","7","7","14"
"joseespa6","6","8","14"
"josemedina","7","7","14"
"JOSEMILLO","7","7","14"
"Josemon1111","7","7","14"
"joshils","7","7","14"
"joshuaguillermo2021","7","7","14"
"jostago","8","6","14"
"jpchess83","6","8","14"
"Jps-Jps","6","8","14"
"JRB_04022013_MRB","6","8","14"
"Jthelittleman","8","6","14"
"juancrucity","5","9","14"
"JuanjoPE","7","7","14"
"juanlopez9900","7","7","14"
"Juanma74","7","7","14"
"juanmaaaa1234","8","6","14"
"juanredoan","7","7","14"
"Juergen181069","8","6","14"
"juliav23","7","7","14"
"Juliocmc","5","9","14"
"juniorb","6","8","14"
"Junkmen_Blox","5","9","14"
"JustHereToBerserk","8","6","14"
"justin_jo","8","6","14"
"justinzhengbc","8","6","14"
"justnikolaio","6","8","14"
"jyvi","8","6","14"
"K4733","13","1","14"
"K4iruku","7","7","14"
"kaciski03","6","8","14"
"KADHAFREEDOM","8","6","14"
"Kaelatra","4","10","14"
"kaiserfiume","7","7","14"
"kalabcha","7","7","14"
"Kaloda1kaladlad","7","7","14"
"KamoStepanovich","8","6","14"
"Kapyak","9","5","14"
"Karim777-737","7","7","14"
"karkusho","7","7","14"
"Karmaaz","8","6","14"
"Karmela12","6","8","14"
"Karomatulloh","6","8","14"
"Karpeta","7","7","14"
"karvan1966","7","7","14"
"Kasiktim","5","9","14"
"Kayo-E","8","6","14"
"KBjayam65","9","5","14"
"kdubold","6","8","14"
"kelevra1311","7","7","14"
"KENKO34","6","8","14"
"KentLawrence","8","6","14"
"keremkocak35_5","6","8","14"
"KerryHeffernan","7","7","14"
"khoanguyen2708","7","7","14"
"kick_kick","7","7","14"
"Kido2701","8","6","14"
"Kimbowajamesiology","8","6","14"
"Kinderblitz","6","8","14"
"King_Baby_Jesus","8","6","14"
"Kingfischeov","6","8","14"
"Kingkintey","9","5","14"
"kingsaver01","4","10","14"
"Kingtobe","7","7","14"
"Kinshuk_IN","7","7","14"
"KirillPonomarev","9","5","14"
"Kiryambus","8","6","14"
"kitDeConstruccion","7","7","14"
"kkkasparovv","7","7","14"
"Klaraxon","5","9","14"
"KlausMikaelson2002","8","6","14"
"kliO12345","9","5","14"
"Klk_123_fokus","9","5","14"
"Klyuzman","7","7","14"
"KMaksim","8","6","14"
"kmtomek","7","7","14"
"Knight_ACE1","7","7","14"
"Knight78","6","8","14"
"Kolesie","7","7","14"
"KomarovStanislaV","7","7","14"
"komutankubar3834","7","7","14"
"KostyaBodnaruk","7","7","14"
"KOTAVINAY24","7","7","14"
"Kpabusufiyan","7","7","14"
"krabpalka","7","7","14"
"Kraken2007_93","6","8","14"
"KralkinG-8","7","7","14"
"Kravets_Bohdan_1974","8","6","14"
"krishmar2016","7","7","14"
"krishnansv","7","7","14"
"Krislea88888","6","8","14"
"KristapsV","9","5","14"
"Kristoff-Cold","8","6","14"
"Kritz25","7","7","14"
"Krixhna","8","6","14"
"krobbi","6","8","14"
"krokoj","6","8","14"
"krysstallx","8","6","14"
"ksaggggg","6","8","14"
"KUANYSH14KZ","7","7","14"
"Kuchip","6","8","14"
"Kud47umping","6","8","14"
"kudube","7","7","14"
"kurruf","7","7","14"
"KuzinS","8","6","14"
"Kvurt_87","7","7","14"
"L_357_W","6","8","14"
"l1amcrichton","8","6","14"
"LagoGrey","6","8","14"
"Lalith16","7","7","14"
"Lambab","7","7","14"
"lapu21","6","8","14"
"larskill","5","9","14"
"LastAndFurious","7","7","14"
"Latebloomer07","7","7","14"
"lauritH1","6","8","14"
"Lavoisier2","8","6","14"
"Lazurok","7","7","14"
"lazyhak","7","7","14"
"LeeLeeEastCoast","7","7","14"
"lefossile","6","8","14"
"legalize_caruana24","7","7","14"
"legendar1","7","7","14"
"Lena_1397","7","7","14"
"leosolfa1","7","7","14"
"lestterrrr","7","7","14"
"letschessMrWhite","7","7","14"
"Letun110980","7","7","14"
"Leuvis71","6","8","14"
"Lhendler","8","6","14"
"liapop","7","7","14"
"Libertude","7","7","14"
"Life9009","8","6","14"
"Lilian24","8","6","14"
"lillino888","7","7","14"
"lisular","8","6","14"
"lito_gallor","8","6","14"
"livio69","6","8","14"
"lnianalodz","7","7","14"
"loamor","7","7","14"
"logolego","7","7","14"
"lolpopzz","8","6","14"
"lonely-chess33","6","8","14"
"lord_chess15","8","6","14"
"Los_Angeles_cafornia","7","7","14"
"LotharLudwig1","7","7","14"
"LouisKachel","7","7","14"
"Loumita","8","6","14"
"LovePoison23443","7","7","14"
"LovePump1000","7","7","14"
"loverboytokelechi","7","7","14"
"lpivi","7","7","14"
"LTfat","7","7","14"
"lubik89","7","7","14"
"Lucax05lp","8","6","14"
"lucifer_mandengu-1","6","8","14"
"Lucifer9718","7","7","14"
"luck_sphere","7","7","14"
"LuckySlavchik","7","7","14"
"Luiso3791","6","8","14"
"LukaszBa","6","8","14"
"lunablues","6","8","14"
"Lupo-56","7","7","14"
"lxytren","6","8","14"
"m_r_dehghani65","7","7","14"
"ma3yxa","8","6","14"
"maaadeleinemar","8","6","14"
"mabundr","7","7","14"
"Macpillo","9","5","14"
"MADOMED4444","7","7","14"
"mag1205","7","7","14"
"magadan64","6","8","14"
"MagusCan","7","7","14"
"mahboula","8","6","14"
"mahdich1313","6","8","14"
"mahj12368","8","6","14"
"MaitreDodu","7","7","14"
"majdkawas","9","5","14"
"majid13636","6","8","14"
"Maks08032013","7","7","14"
"MALIK_61tm","7","7","14"
"Maninblack49","8","6","14"
"Manish908","8","6","14"
"Mannerzs","8","6","14"
"mannylenio1971","8","6","14"
"Manstark","7","7","14"
"manu_betz","7","7","14"
"Manuelzxx","7","7","14"
"ManvelVardanyan2017","8","6","14"
"manze23","8","6","14"
"marceloaleluia","7","7","14"
"Marchelwagiu","7","7","14"
"Marfisa","7","7","14"
"MariaVasilievna","7","7","14"
"marinojosue93","9","5","14"
"Mariomagd1","7","7","14"
"marissa09","6","8","14"
"marklauren","7","7","14"
"markov8111","6","8","14"
"Marmarina","7","7","14"
"marmutop","7","7","14"
"marsplanet","5","9","14"
"mart_001","8","6","14"
"Mart1234","6","8","14"
"martin1505","8","6","14"
"Masoud_1342","8","6","14"
"masoud198","8","6","14"
"Master_Ya","8","6","14"
"MasterFord","6","8","14"
"masuib","7","7","14"
"mathieuhub","8","6","14"
"matin0100","7","7","14"
"matmoment","6","8","14"
"matsumi","6","8","14"
"MattTheWildMan","7","7","14"
"MatUrs","8","6","14"
"MATVEIlevshin","7","7","14"
"Maxim2013Ogr","7","7","14"
"maxondy","7","7","14"
"mazanbaku","7","7","14"
"Mbuletpol","7","7","14"
"MedinoBrdo","7","7","14"
"mega_mind7","7","7","14"
"MegaDock","7","7","14"
"mehdiseraj","8","6","14"
"mehmtkapusuz","7","7","14"
"Meikowave","7","7","14"
"meirppp","7","7","14"
"mereke","7","7","14"
"merelooo","7","7","14"
"Merenc","7","7","14"
"MerihAsaf2018","7","7","14"
"Merry-go-round_777","7","7","14"
"messigool","8","6","14"
"mesut49","6","8","14"
"metkram","7","7","14"
"Metodija13","6","8","14"
"mfabio","8","6","14"
"Mfattah6198","7","7","14"
"mhasangor","7","7","14"
"MichaelP1958","7","7","14"
"MichaelSom","7","7","14"
"Michel-z57","7","7","14"
"Michel02","6","8","14"
"MigueCV","6","8","14"
"MikleRChess","7","7","14"
"miltonsand","8","6","14"
"mimarilhangunes","6","8","14"
"MintHealer","4","10","14"
"Mirnev","8","6","14"
"Mishakow777","7","7","14"
"Misthy679","7","7","14"
"miteos","8","6","14"
"MJC061601","8","6","14"
"mkfanas","8","6","14"
"Mkkkna","8","6","14"
"mlms504","7","7","14"
"mlms522","8","6","14"
"mlms545","7","7","14"
"mm5380","8","6","14"
"mmihai","7","7","14"
"Mnich60","7","7","14"
"moama887788","7","7","14"
"mobachat","8","6","14"
"modis1985","7","7","14"
"ModrecInVrag","7","7","14"
"Mohab555","8","6","14"
"mohamad1998","7","7","14"
"MohamadMahdiFallah","6","8","14"
"mohammadmiri","6","8","14"
"Mohammedsruor333","7","7","14"
"Mohsenyosefi58","6","8","14"
"Moisha33333","7","7","14"
"mojahedabdo","8","6","14"
"momo_duke2","8","6","14"
"monkigu","8","6","14"
"Montymonty1","7","7","14"
"moonstripe","7","7","14"
"moreka60","7","7","14"
"Moriarty70","7","7","14"
"MoriartySadness","8","6","14"
"moriscarriero","7","7","14"
"Mortezadaneshesh","8","6","14"
"mose200","8","6","14"
"Mostafa707","7","7","14"
"Motiee1400","6","8","14"
"Moua","7","7","14"
"MPetrovuch","7","7","14"
"mrajabioun","7","7","14"
"Mrdaddycrab","7","7","14"
"MrKolombo","6","8","14"
"mrp7375","6","8","14"
"mrpete11","6","8","14"
"mrR0djer","6","8","14"
"msba91","9","5","14"
"msm2030","6","8","14"
"mstfsfr","7","7","14"
"Mu25st1afa88","4","10","14"
"Mug65","5","9","14"
"muhammad1375","6","8","14"
"mupupu","8","6","14"
"Mushkuda70","6","8","14"
"Mutemadiyen1","7","7","14"
"MVYN","7","7","14"
"Mwaosh","7","7","14"
"myparadox","7","7","14"
"myssar","6","8","14"
"mzamanloo58","6","8","14"
"nadershaban","6","8","14"
"NadezhdaNastl","7","7","14"
"najichul_muzakki","7","7","14"
"nalzam","7","7","14"
"nameless4321","8","6","14"
"Nan530202","4","10","14"
"Nanzat2015","7","7","14"
"Narvachess","7","7","14"
"Nata_80","7","7","14"
"Natali-1975","6","8","14"
"NatnicP","7","7","14"
"nav91","7","7","14"
"navidzolfghari","7","7","14"
"ncallona","7","7","14"
"ncontreras","6","8","14"
"NehemiahKa","7","7","14"
"nem_de_mi","8","6","14"
"Nemozgite","6","8","14"
"Nerisvic","6","8","14"
"NeSteria","7","7","14"
"nickqwertye4","7","7","14"
"Nicola57","7","7","14"
"nicotani","7","7","14"
"Niels1996","7","7","14"
"Nihat_06","7","7","14"
"nikavsit","7","7","14"
"NIKOLA1232021","5","9","14"
"nikola22051937","9","5","14"
"Nikos146","6","8","14"
"NikoTheKing","6","8","14"
"nikron55","6","8","14"
"nilesh6","8","6","14"
"ninammarandi","8","6","14"
"Nishant_1976","7","7","14"
"Nivethaasree","7","7","14"
"njnoarena","7","7","14"
"nmto","7","7","14"
"Nodahttahp","6","8","14"
"noname9876","7","7","14"
"NONAMEANYWAY","7","7","14"
"nonok08","7","7","14"
"NosokShkaf","6","8","14"
"nostallok","7","7","14"
"Nostradamus18","7","7","14"
"notropis","7","7","14"
"Nouff","6","8","14"
"NSR_Muhammed","8","6","14"
"Ntchwaidumela","7","7","14"
"nuikak","7","7","14"
"nur-ali_b","7","7","14"
"nvidia1","6","8","14"
"o_absolute_o","11","3","14"
"O_M_A_N","4","10","14"
"Obada_73","7","7","14"
"ObMohamed","7","7","14"
"OErpel","7","7","14"
"ofir321","7","7","14"
"ofmetal","8","6","14"
"OGguy","8","6","14"
"oguzhancebi","6","8","14"
"OkkotsuYuta","7","7","14"
"Okonoo","7","7","14"
"Oleggio_Ragazzi","6","8","14"
"Oleksander_Liubchenk","6","8","14"
"Oles7","7","7","14"
"OLGA_AST","7","7","14"
"Olki-L","7","7","14"
"olmazzz","6","8","14"
"omara33718","7","7","14"
"omarabdelkarem","8","6","14"
"OmarAlzoubi","7","7","14"
"omchess127","8","6","14"
"on_hors_105","7","7","14"
"onepercentkitanu","7","7","14"
"oneromsolrac","7","7","14"
"onkelbonus","7","7","14"
"OnlyAGame100","7","7","14"
"OpaOtto","7","7","14"
"orang13","7","7","14"
"OrionNebula1976","7","7","14"
"OrlanDiz","6","8","14"
"ormed1122","8","6","14"
"OsamaGameel","6","8","14"
"OsanduT2013","7","7","14"
"Osm111","8","6","14"
"osmanagar","7","7","14"
"osridaogi","6","8","14"
"ostadfidehyousefi","9","5","14"
"otakoo","7","7","14"
"Otesh","8","6","14"
"oubeyd","6","8","14"
"OUnik","5","9","14"
"OwenLee0001","7","7","14"
"Oxiterro","7","7","14"
"P_McGee","7","7","14"
"P121021","4","10","14"
"PagocTb","7","7","14"
"palacio","7","7","14"
"Palexandre","7","7","14"
"palvik","8","6","14"
"Pandora06","7","7","14"
"panidom65","8","6","14"
"panuchita","8","6","14"
"Paquiderme","6","8","14"
"Parisa2023","7","7","14"
"parsa88o","6","8","14"
"Parth_Useless","7","7","14"
"Parthax","8","6","14"
"partiallyundead","7","7","14"
"Passport_1","6","8","14"
"PauloPrado","6","8","14"
"Pb808","7","7","14"
"pbratoev","7","7","14"
"Pectin","6","8","14"
"Pedrodent","6","8","14"
"pehd","7","7","14"
"Peloturbo","7","7","14"
"penneoderfusilli","6","8","14"
"pensioner7","7","7","14"
"PeonMata86","7","7","14"
"peperoni111","7","7","14"
"perili","7","7","14"
"perplejo_123","7","7","14"
"PersianGulf1361","7","7","14"
"Petekje","8","6","14"
"petrokarpo1974","7","7","14"
"Pfruitcake","7","7","14"
"pgea","7","7","14"
"PH8AL","6","8","14"
"PhilippSF","6","8","14"
"Philmumbi","7","7","14"
"Philroche","6","8","14"
"pier0022","7","7","14"
"pinakakodanda","6","8","14"
"Pion_Cogreg","8","6","14"
"Pitu1146","7","7","14"
"piyush13900","7","7","14"
"piyushm31","7","7","14"
"pjPawn","7","7","14"
"pkdey","8","6","14"
"Placido65","7","7","14"
"PlayboiRen7","8","6","14"
"Ploxaya_Devo4ka","7","7","14"
"po002","6","8","14"
"Pocahontas1993","8","6","14"
"PolUkraine_07","4","10","14"
"POPSTHEWIT","6","8","14"
"pq75","6","8","14"
"Praveenpb","7","7","14"
"Pravinm16","7","7","14"
"Preparer_71","7","7","14"
"prharsh","7","7","14"
"pripoc","7","7","14"
"prithiv5345","7","7","14"
"ProperDelsa","6","8","14"
"ProrokPiwnicy","7","7","14"
"PrudNikova","8","6","14"
"pruthbruz_876","7","7","14"
"ptybyf","6","8","14"
"pul8","8","6","14"
"puryasova","6","8","14"
"pvcanto","6","8","14"
"qaireennas","7","7","14"
"qbitoq","8","6","14"
"Quimm","7","7","14"
"quitoli","7","7","14"
"qwertyisking","6","8","14"
"qwertymalina","6","8","14"
"r_pareddy","6","8","14"
"raasha","6","8","14"
"Radinjamali","8","6","14"
"radoleg","7","7","14"
"Rael123","12","2","14"
"raffaelli","8","6","14"
"rafi69xx","6","8","14"
"RafSpal","7","7","14"
"Ragna1970","7","7","14"
"Ragnarok112","7","7","14"
"rahulpandeymc","7","7","14"
"rajagupta","7","7","14"
"ramesh_chess","7","7","14"
"rami1949","7","7","14"
"ramiro72","7","7","14"
"rana90","7","7","14"
"RapidInsteadOfBlitz","7","7","14"
"Rasheedoov","7","7","14"
"raskal44","7","7","14"
"rateill","8","6","14"
"Raublaus","7","7","14"
"Raul248","7","7","14"
"raviamat","7","7","14"
"RavingGopnik","8","6","14"
"Razamasood","8","6","14"
"Razmataz95","7","7","14"
"rbraga18","9","5","14"
"RDRDR","7","7","14"
"Rebr0","8","6","14"
"reda1212","7","7","14"
"Redarsen","6","8","14"
"Redmitra","7","7","14"
"Reehorse","5","9","14"
"reflexion-777","4","10","14"
"RegalSin","6","8","14"
"Regina2023","8","6","14"
"ReinerKlein","6","8","14"
"Reivax973","6","8","14"
"ReMatto","7","7","14"
"renemu17","7","7","14"
"reshart4","7","7","14"
"Reuligi","8","6","14"
"revaldoEd","6","8","14"
"Reymorkh","7","7","14"
"Rezvan_Mates","7","7","14"
"rgp0","6","8","14"
"Rian_fadil","8","6","14"
"ricardoalvesdasilva","6","8","14"
"richard31","7","7","14"
"RicoNL","7","7","14"
"rictic","7","7","14"
"RidhaMohammed1","7","7","14"
"rmccarth","8","6","14"
"rml26","7","7","14"
"rnicsamaniego","7","7","14"
"ROBERTOHIDALG0","7","7","14"
"Roblor75","6","8","14"
"Rockafellaa","6","8","14"
"rockerboy441","7","7","14"
"RockyJaque1982","7","7","14"
"rodsxxi","8","6","14"
"roflan4ik","7","7","14"
"rogrtheshubber","7","7","14"
"RomainK89","6","8","14"
"romanallakh","7","7","14"
"romannnnnnnnn","8","6","14"
"RompicheMaster","7","7","14"
"Rook135","6","8","14"
"RookingTheGuests","7","7","14"
"Roosaa","7","7","14"
"Rosenapfel","6","8","14"
"Rossthe","9","5","14"
"Rost_16","7","7","14"
"Royal_blood_venom","7","7","14"
"Rucasptzero","6","8","14"
"Russian-Lives-Matter","7","7","14"
"RusskyCockney","6","8","14"
"RViz9","7","7","14"
"rxmedina","7","7","14"
"RyanJayRoque","7","7","14"
"S_diba611","8","6","14"
"S-Potato","7","7","14"
"sa95sha","7","7","14"
"sahismail44","8","6","14"
"Saiha","8","6","14"
"saimorn2","8","6","14"
"saint_chessilia","6","8","14"
"sal59","7","7","14"
"salasa2","9","5","14"
"salepale1971","7","7","14"
"Salmanemaazouzi","7","7","14"
"Saltogineta","8","6","14"
"salvatore3","8","6","14"
"sam3332","7","7","14"
"sambaru","7","7","14"
"sammy53","6","8","14"
"SANAD11","5","9","14"
"sancar07","5","9","14"
"sanllanes","7","7","14"
"SanMao","8","6","14"
"Sanskargoyal172002","6","8","14"
"SARWAR_FIscher1","7","7","14"
"Saul_1207","7","7","14"
"SawahSawah","8","6","14"
"say-no-more","9","5","14"
"Schachtel316","5","9","14"
"scratcher0","6","8","14"
"sdp_123","7","7","14"
"SebastianHae","7","7","14"
"Selim1976","8","6","14"
"sem_str","7","7","14"
"SemomnesS","7","7","14"
"sensated","7","7","14"
"Ser_P","6","8","14"
"Serg5467","6","8","14"
"serg552","7","7","14"
"serg76","7","7","14"
"sergei-1368_n","7","7","14"
"sergeXxx","8","6","14"
"Sergey-1993","7","7","14"
"SergeyKoro","7","7","14"
"SergeyRaschinsky","7","7","14"
"SergikN","7","7","14"
"sergor","8","6","14"
"serozlu","7","7","14"
"seymour_visions","7","7","14"
"Sgt_Anatoliy","8","6","14"
"sgtlol","8","6","14"
"shaileshKV","7","7","14"
"Shakespearessister","7","7","14"
"sharadshah","8","6","14"
"Sharmavm","6","8","14"
"SharpWr","6","8","14"
"shax2312","7","7","14"
"shen0056","6","8","14"
"sherphie1","7","7","14"
"shihab1107","5","9","14"
"shimmeringTiger007","7","7","14"
"shreynair","6","8","14"
"siberiawhite","7","7","14"
"Sica47","7","7","14"
"Silent_brain","6","8","14"
"Simashov_Damir","5","9","14"
"sir2yan","7","7","14"
"sirnoface","8","6","14"
"Sitraka10954","7","7","14"
"sivaseedan","7","7","14"
"siya012","7","7","14"
"Sizhuo","7","7","14"
"sk4646","8","6","14"
"Skokaz","7","7","14"
"skyfeeq","8","6","14"
"Slavaa","5","9","14"
"slotick","7","7","14"
"Slovanin","6","8","14"
"smershzero","7","7","14"
"smorodina777","7","7","14"
"so_rakhman","7","7","14"
"sodiv17000","7","7","14"
"Solcosmico13","8","6","14"
"Solgicisco","6","8","14"
"Solveigh2","8","6","14"
"Sonawane12","8","6","14"
"Sorenatap","7","7","14"
"sparsa2013","6","8","14"
"Spartan9508","7","7","14"
"Spitogatos2016","9","5","14"
"spltsch","8","6","14"
"Spm1962","7","7","14"
"srajay","7","7","14"
"ssyo","7","7","14"
"Stanislauski","7","7","14"
"stanlee88","8","6","14"
"stanlytejasukmana456","7","7","14"
"Starmass","6","8","14"
"Stefannnnnnn","7","7","14"
"Stemthorn","6","8","14"
"Steo88","7","7","14"
"Steveth","7","7","14"
"stevinho","7","7","14"
"strike3yrout","7","7","14"
"Stuart_Beard","6","8","14"
"sturjman91","8","6","14"
"stylo-mayno","6","8","14"
"sudani1","8","6","14"
"sudhhajanair","8","6","14"
"suigeneris190741","7","7","14"
"Sujeeth","8","6","14"
"SULO5353","6","8","14"
"Suma96","7","7","14"
"SUNdRAMM","7","7","14"
"suneetkumarsonkar","6","8","14"
"sunitjoshi","9","5","14"
"suo1001","7","7","14"
"Supremenothing","9","5","14"
"suryasurya23","7","7","14"
"susiedent","7","7","14"
"svenkata","8","6","14"
"svi1803","7","7","14"
"SvistaContinua","7","7","14"
"svmsharma20","7","7","14"
"swaammp","6","8","14"
"SylviListhaug","7","7","14"
"szibcent","8","6","14"
"taha2333","7","7","14"
"taj1945","7","7","14"
"Taksar","8","6","14"
"tantibuseius","7","7","14"
"Tanvi_802","7","7","14"
"Tapanroy2022","7","7","14"
"TAVARATRA","8","6","14"
"Tbegors","6","8","14"
"Tbp26","7","7","14"
"tda78","8","6","14"
"teaman789","7","7","14"
"tembrujo","8","6","14"
"teno","7","7","14"
"Terence2020","7","7","14"
"TGIfervy","7","7","14"
"Tha_Kingdom","6","8","14"
"Thakorn","7","7","14"
"thalythal","7","7","14"
"The-Urge","4","10","14"
"Theara99","7","7","14"
"Thearjan","8","6","14"
"thebigeasy","7","7","14"
"Theclerik","7","7","14"
"TheDudeBehindYou","6","8","14"
"TheoIaco","7","7","14"
"thepawntakes","8","6","14"
"Therapistsarehelpful","7","7","14"
"TheSealer2000","6","8","14"
"thessalonika","8","6","14"
"THESUPERKING","7","7","14"
"TheWhiteDeath01","7","7","14"
"thiago_yuji06","7","7","14"
"thiagoamaral10","6","8","14"
"ThiagoLorenzoCelizGe","5","9","14"
"thisisdi96","7","7","14"
"Thorian","7","7","14"
"ThreeSixNine","7","7","14"
"TibbsW","7","7","14"
"Tibobis","7","7","14"
"Tiger201862","7","7","14"
"timbilt","6","8","14"
"TimeMachineNick","6","8","14"
"Timon-Oloo","9","5","14"
"TioRou","8","6","14"
"Tirllitom","7","7","14"
"Tivie1307","7","7","14"
"Tiya2000","7","7","14"
"Tkb7079","7","7","14"
"TM75","7","7","14"
"tnhn43","7","7","14"
"Todor_Aleksandrov1","5","9","14"
"Tollo","7","7","14"
"tomito83","8","6","14"
"TomSauerle","7","7","14"
"tonodull1984","6","8","14"
"toorteeb","7","7","14"
"TOPT","8","6","14"
"tornado1410","7","7","14"
"Torop88","8","6","14"
"ToToluca","7","7","14"
"towak","5","9","14"
"tragediyavseyzhizni","6","8","14"
"Training2BeatMagnus","7","7","14"
"transcendentPenguin","7","7","14"
"treze_13","6","8","14"
"TridentChessClub","6","8","14"
"trippertje","6","8","14"
"Trommel72","7","7","14"
"troyzabadani","7","7","14"
"try_to_improve","6","8","14"
"TS501832","5","9","14"
"TSG-Bernsdorf-AR","7","7","14"
"tsonjogasyy","7","7","14"
"TSU-52","7","7","14"
"Tsukuru","7","7","14"
"tutoka_0","8","6","14"
"tuxpita","6","8","14"
"TVI92","5","9","14"
"twoPlus2","6","8","14"
"Tyson08m","6","8","14"
"TyurikovAB","7","7","14"
"Uara","6","8","14"
"udayraj_123","6","8","14"
"Uguzzone","8","6","14"
"UherTereg","9","5","14"
"ujguc","7","7","14"
"Ulya_15","6","8","14"
"ulysiv","5","9","14"
"una_qualunque","8","6","14"
"Uncompromising_Ded","6","8","14"
"urugvaec","7","7","14"
"usefM","8","6","14"
"uyarsu","6","8","14"
"Uzeta","7","7","14"
"Uzhegov","8","6","14"
"V7V7N","5","9","14"
"vabbeh","6","8","14"
"vahlakov","7","7","14"
"vaibhavtiwari_002","7","7","14"
"Valentin140293","6","8","14"
"Valentina_Salenko_01","7","7","14"
"valera-19_59k","7","7","14"
"valet47","7","7","14"
"Vanget","7","7","14"
"varnamkhasti","7","7","14"
"Vasilisa51213","8","6","14"
"VasiliyPolovnikov","7","7","14"
"VasilyAbramov0305199","6","8","14"
"vaso55","8","6","14"
"Ventu10","6","8","14"
"Vetarin","7","7","14"
"vg249","7","7","14"
"Vhakuli","7","7","14"
"vicenta_R","7","7","14"
"ViCkI_0901","8","6","14"
"victor11111119","8","6","14"
"vidraZ","6","8","14"
"VIECCO","8","6","14"
"vielzuschnell","7","7","14"
"Vigvam2","8","6","14"
"viii-x","7","7","14"
"viktor1576","7","7","14"
"viktoriv","7","7","14"
"Vilsor","7","7","14"
"virajparekh","10","4","14"
"vischner","8","6","14"
"vitleykand","6","8","14"
"VittorioR","6","8","14"
"Vivektamilan","7","7","14"
"vivekvvk","7","7","14"
"vkorchaginp27","7","7","14"
"Vladimir-93","6","8","14"
"Vladislav_Burmistrov","8","6","14"
"Vladkosov","8","6","14"
"Vlandr987","7","7","14"
"vlc_2017","8","6","14"
"voittu","7","7","14"
"VolodyMelnikovskyi","7","7","14"
"VonD66","7","7","14"
"votsor","8","6","14"
"VovaDzikevic","8","6","14"
"vrej1969","7","7","14"
"Wahyu226","7","7","14"
"wakijose243","6","8","14"
"Walsi","7","7","14"
"waxmatii","8","6","14"
"Wayneywoo","7","7","14"
"Wedaradevaaronfarhat","6","8","14"
"weldben19","6","8","14"
"welle23","7","7","14"
"werner-erftstadt","7","7","14"
"wiktormeteor","7","7","14"
"williampearson","8","6","14"
"wilsonpavao","7","7","14"
"witek66665","7","7","14"
"WO4220","7","7","14"
"wolf20-22gang","9","5","14"
"wplychess105","8","6","14"
"wybie9920","9","5","14"
"x1994ahmed","7","7","14"
"x420player","7","7","14"
"xake22","7","7","14"
"XIrohPaiShoX","7","7","14"
"Xudoyorxon","6","8","14"
"xursanali5","7","7","14"
"yair1177","7","7","14"
"Yana_prosovskaya","8","6","14"
"yanobebo","6","8","14"
"yAss0o","7","7","14"
"yassin_fateh_77","7","7","14"
"Yelroh","7","7","14"
"Yeti7","7","7","14"
"Yhoel2015","7","7","14"
"yogesh1906","8","6","14"
"yogeshkalra_89","8","6","14"
"yoOns174174","9","5","14"
"YorvingC","7","7","14"
"yospikydog","6","8","14"
"Yossermessi2110","5","9","14"
"yossunantara","7","7","14"
"YouAreKiddingRight","7","7","14"
"yourman1966","7","7","14"
"Yournothatbadok","7","7","14"
"YousefAbaas","8","6","14"
"Youssef12341111","7","7","14"
"YSenpai","7","7","14"
"YSHAHA","7","7","14"
"YSokollist","7","7","14"
"Yuehdddhjcjddp","7","7","14"
"yuo_mohsen_123","6","8","14"
"YURA63","8","6","14"
"Yuriy_rus","8","6","14"
"yushkovsi","7","7","14"
"Yusif_69","8","6","14"
"zaid-mahdi","8","6","14"
"zaimeman","8","6","14"
"Zal08","7","7","14"
"Zaur-09","8","6","14"
"Zaur-11","6","8","14"
"zayed_khalifa","7","7","14"
"ZB_UKRAINA2000","6","8","14"
"Zbigniewzgolfa","6","8","14"
"zegroid","8","6","14"
"zenchesspan","7","7","14"
"Zero_law","6","8","14"
"ZeynepMiray2014","7","7","14"
"zeynones","7","7","14"
"Ziad88","6","8","14"
"Zoher1973","7","7","14"
"zolev","9","5","14"
"zoom0","8","6","14"
"zorant","4","10","14"
"zottmonte","7","7","14"
"ZozoHamwi","7","7","14"
"ZUGZWANGMAT","7","7","14"
"071jn","7","6","13"
"A_Hari_Swaminathan","7","6","13"
"A_Kabakebji","6","7","13"
"a-naderi","7","6","13"
"a123456789100000","6","7","13"
"AalAngler","6","7","13"
"aarivseth","6","7","13"
"aaronux","6","7","13"
"abanmohammed","7","6","13"
"Abbatrusso","7","6","13"
"abdo_elshmoty","7","6","13"
"abdo20222022","7","6","13"
"abdoalaa22","6","7","13"
"AbdoAmin63","6","7","13"
"Abdoukoujo","6","7","13"
"Abdullaziz203","8","5","13"
"abhinavb14","6","7","13"
"abikoaz","5","8","13"
"Abj28","8","5","13"
"ablul","6","7","13"
"Abo_Amar72","8","5","13"
"Abo_ward","6","7","13"
"Aboalbra","5","8","13"
"Abofouad00","7","6","13"
"Abor23","7","6","13"
"aboranse","6","7","13"
"Abrandaop","6","7","13"
"ABthebest","6","7","13"
"Abu_3mti","6","7","13"
"abualaa1","6","7","13"
"Aburahma1979","7","6","13"
"ac80","7","6","13"
"aces2023","6","7","13"
"acostaelias","7","6","13"
"adar5h","6","7","13"
"Adilet2017erbol","7","6","13"
"adjox","6","7","13"
"AdmireVega","6","7","13"
"advogadochess","6","7","13"
"Adwaith_Roopesh","4","9","13"
"AEB95","6","7","13"
"aeein","6","7","13"
"af1962","7","6","13"
"afl78345","7","6","13"
"Afonso_Oliveira_2015","5","8","13"
"aggelosioannides","7","6","13"
"agildo1000","8","5","13"
"agumarco05","6","7","13"
"agunghendrata","6","7","13"
"Agupe27","6","7","13"
"Agus_OC","8","5","13"
"Ahiqat","6","7","13"
"Ahmad23220","7","6","13"
"Ahmed_Dweesh","7","6","13"
"Ahmed_h_ahmed","7","6","13"
"ahmedabadi","7","6","13"
"ahmedabed32","7","6","13"
"AhmedEmary","5","8","13"
"AhmedKhairalla01","6","7","13"
"ahmedm257090","6","7","13"
"Ahmedsamirrrr","6","7","13"
"AHY91","7","6","13"
"ajay_tambile45","7","6","13"
"ajaydefgn","7","6","13"
"ajayjhally81","8","5","13"
"ajishari","6","7","13"
"Ajmal85","7","6","13"
"Ajroe","7","6","13"
"aka-Tobi","6","7","13"
"Akasha_sam","6","7","13"
"akashsky2501","5","8","13"
"AKBAR_nahangi1319","6","7","13"
"akcayergn","6","7","13"
"akef1975","7","6","13"
"akhor","5","8","13"
"akiuntino","7","6","13"
"akl204060","6","7","13"
"Akrammm","7","6","13"
"akshaygupta","7","6","13"
"akudasov","5","8","13"
"alaaabdl1","6","7","13"
"Alan-One","5","8","13"
"AlbertKozlov_2012","8","5","13"
"albertogh","6","7","13"
"albutcher12","6","7","13"
"alchiz","7","6","13"
"ale-pi","7","6","13"
"aleco71","7","6","13"
"Aleglobo86","4","9","13"
"alejan25","7","6","13"
"Alek_QQ","6","7","13"
"AlekhineAlexander88","8","5","13"
"AleksaM","7","6","13"
"AleksandarBiberdzic9","7","6","13"
"Aleksander1961","7","6","13"
"AleksandrKharlan","6","7","13"
"AleksAntoni","6","7","13"
"ALEKsej_07","6","7","13"
"aleksov98","7","6","13"
"alesvondra","7","6","13"
"alewy","6","7","13"
"Alex_Gaziev","6","7","13"
"Alex_gol_83","5","8","13"
"Alex_Romanov1","6","7","13"
"Alex-2009_K","6","7","13"
"Alex55222","4","9","13"
"alex9926","6","7","13"
"Alexander_Schreiber","6","7","13"
"Alexander01041986","7","6","13"
"Alexander0108","6","7","13"
"AlexanderMazur116","6","7","13"
"AlexanderPS","7","6","13"
"AlexandrK_79","7","6","13"
"alexant1928","6","7","13"
"alexeiv351","5","8","13"
"AlexeyIvanovitch","6","7","13"
"AlexGr82","7","6","13"
"Alexkalen","7","6","13"
"Alexsandr-POLYANA","6","7","13"
"AlexWlad","7","6","13"
"alexx2018","4","9","13"
"Alfa68","6","7","13"
"AlfazeroDz","8","5","13"
"alfredochess2023","5","8","13"
"algor109","6","7","13"
"ali_aref","7","6","13"
"Ali_Yasser29","7","6","13"
"aliakyu","6","7","13"
"AliAljubouri","7","6","13"
"AliAsadi94","6","7","13"
"alieno1","6","7","13"
"aliiii_110","6","7","13"
"Alik19852","7","6","13"
"alimehrjo","7","6","13"
"aliorabi9","5","8","13"
"aliposhideh","6","7","13"
"Alirexa7","6","7","13"
"alirezajml_634","7","6","13"
"AlixM","6","7","13"
"aljohnny33","7","6","13"
"ALkady_Ahmed","8","5","13"
"alknightrider","6","7","13"
"Allezlelosc75","7","6","13"
"alliwantisd4","7","6","13"
"Allxadrez","7","6","13"
"Alman7os","4","9","13"
"almerindo","7","6","13"
"Alokmajed1967","7","6","13"
"alphaLee7","7","6","13"
"AlphonsaBen","6","7","13"
"Altbenoni","7","6","13"
"amaembo","7","6","13"
"ameli55","7","6","13"
"Amin_Totti","7","6","13"
"Amir_75","7","6","13"
"amir382","6","7","13"
"amirhosynrahpyma","7","6","13"
"amirsalim","5","8","13"
"Amit_laddha2781","6","7","13"
"AMLCHESS","7","6","13"
"AmrAshraf04","8","5","13"
"an-b","7","6","13"
"Anand_79","6","7","13"
"Anandamjoseph","4","9","13"
"Anatolich86","6","7","13"
"anatoliy_saraev","7","6","13"
"Andreas2022","6","7","13"
"Andreibodro","7","6","13"
"ANDREY_ANOKHIN","6","7","13"
"AndreyAlexandrovich","7","6","13"
"Andrii_Laznyk","6","7","13"
"AndTheDutch","7","6","13"
"Aneeshaditya4","6","7","13"
"Angel0957","6","7","13"
"Angeldrez23","6","7","13"
"Angelo84","7","6","13"
"Angelolarenas22","7","6","13"
"Angelul","8","5","13"
"anirudhkande","6","7","13"
"AniX_202","7","6","13"
"AnnishP","5","8","13"
"anpamor","6","7","13"
"AnTaKSaF","5","8","13"
"anthisnois","7","6","13"
"anthonygnah97","5","8","13"
"Anton8784","6","7","13"
"anyfun","7","6","13"
"aqdash69","7","6","13"
"aqsalar","6","7","13"
"aquamiracle","8","5","13"
"Aquante","7","6","13"
"Aquelarre01","7","6","13"
"aravindpattar","8","5","13"
"ardefred","6","7","13"
"Argel12","6","7","13"
"ArisKariuki","6","7","13"
"arman1113","7","6","13"
"Arrowswest-1","7","6","13"
"arsdiscovery","7","6","13"
"Art-Vega","6","7","13"
"Artem55557","6","7","13"
"Artemii2015","7","6","13"
"artemss12","6","7","13"
"artgrey","6","7","13"
"arun_v_a","6","7","13"
"Arunvijay_7","6","7","13"
"Aryan_88","6","7","13"
"as-maloy13","4","9","13"
"as12andrei12","5","8","13"
"asap_swiper","7","6","13"
"asburunov","6","7","13"
"Aseel95","7","6","13"
"asghar-f","5","8","13"
"ashadbubt","7","6","13"
"ASHE029","7","6","13"
"AshkanFadaei2004","7","6","13"
"ashok_sai","3","10","13"
"AshRuss13","6","7","13"
"Ashw007","6","7","13"
"Ashwath_Ram","7","6","13"
"AsticotToto","8","5","13"
"astro_cactus","7","6","13"
"astrv","6","7","13"
"At_Giza","7","6","13"
"Athanzkie75","5","8","13"
"Atheera0108","5","8","13"
"AtlasBerberler","8","5","13"
"Attila8","6","7","13"
"Auchich","5","8","13"
"Augma258","6","7","13"
"Auxidane9","5","8","13"
"Aviral_Kumar_Gupta","8","5","13"
"avivharim","6","7","13"
"AVM68","7","6","13"
"Avm82","6","7","13"
"AyBeRkacKgZ","7","6","13"
"Aydin_kamran","7","6","13"
"aynenjonvaynen","7","6","13"
"Ayyappan_Sambantham","6","7","13"
"AzadGuseynov","6","7","13"
"AzatB13","6","7","13"
"Azazello1985","7","6","13"
"AzizShabanov","6","7","13"
"Azura74","7","6","13"
"b0da725","7","6","13"
"B3ll","6","7","13"
"B787-9","6","7","13"
"Babatunde_1","7","6","13"
"BabilKrali41","7","6","13"
"bader-ade","6","7","13"
"badry55","6","7","13"
"baghersayeriii76","7","6","13"
"balajibaskar","8","5","13"
"Baly03","6","7","13"
"bams","6","7","13"
"barney513","12","1","13"
"Barshach","6","7","13"
"barzlexb","6","7","13"
"bass76","6","7","13"
"Bater228","7","6","13"
"Baturro","6","7","13"
"Bazookocircus","6","7","13"
"bb2010bb","6","7","13"
"bchat","6","7","13"
"beastlyslinky","7","6","13"
"beatmyson","6","7","13"
"Beenhouwer77","7","6","13"
"behradraeisi","7","6","13"
"Beiruty1969","5","8","13"
"Belunojonasdz","6","7","13"
"Bemouss","6","7","13"
"BennyTheCow","8","5","13"
"benoni61","5","8","13"
"beratbaran","4","9","13"
"Beria1917","5","8","13"
"Bernardo_r10","6","7","13"
"BerSergiusz","6","7","13"
"bertan007","7","6","13"
"Bethmello","7","6","13"
"Bewear88","7","6","13"
"Beyimpex","6","7","13"
"Bhaiyaji2005","6","7","13"
"Bhaskar-001","6","7","13"
"bhatt33","6","7","13"
"bhaumik17bareja","6","7","13"
"bibob","6","7","13"
"Bielhera","7","6","13"
"BigBadAli","8","5","13"
"Bigmeysam","7","6","13"
"bigtittymoth","7","6","13"
"BigWhitePawn","7","6","13"
"bilaltassadaq","6","7","13"
"bilcos2020","7","6","13"
"billbrent","7","6","13"
"billyonnnnnnnn","6","7","13"
"bimbimarwangi","8","5","13"
"biniubiniu","5","8","13"
"birdfromsky","7","6","13"
"biRyUkovSi_sibur","7","6","13"
"Bkool-2","6","7","13"
"blablablubb","5","8","13"
"blackcat13131313","5","8","13"
"BlackPawnVictory","6","7","13"
"block4","7","6","13"
"blolaka","6","7","13"
"BlunderOnMove12","6","7","13"
"Blunderstorm_1a","5","8","13"
"Bojack_approves","6","7","13"
"bolsax123","6","7","13"
"bombereid","6","7","13"
"bon_boa","7","6","13"
"Bonaparte_1805","6","7","13"
"bonars","6","7","13"
"bongcloudconneisseur","6","7","13"
"bonzamish","8","5","13"
"borismaskin673451","6","7","13"
"BorisStranov777","7","6","13"
"Bosinen","7","6","13"
"Bot_Carlos","6","7","13"
"bounyhh","6","7","13"
"Boxman911","7","6","13"
"BoxSevenOne","7","6","13"
"Bozo33","6","7","13"
"bpennaBR","7","6","13"
"BPLANER69","6","7","13"
"BR_journalist1987","6","7","13"
"bramikjemya","5","8","13"
"Brianisai","7","6","13"
"brianOchupeh","6","7","13"
"brianorwhatever","7","6","13"
"BruceChessWeirdo","6","7","13"
"Bruceleechessx","7","6","13"
"brunoalves8","6","7","13"
"Bshanbedi","6","7","13"
"Bshazam","6","7","13"
"Buffalo_Cop","6","7","13"
"bugraZ4","7","6","13"
"Bukrak","7","6","13"
"burakt85","6","7","13"
"BurePavel","6","7","13"
"BushatZuka","7","6","13"
"ButItDo","5","8","13"
"BYLDRN","6","7","13"
"C0093r","6","7","13"
"Cacabelos","7","6","13"
"Cadbur","6","7","13"
"Cahit90","6","7","13"
"Calirvoyant","3","10","13"
"calsta","6","7","13"
"caminante","6","7","13"
"Camomillaparty","8","5","13"
"CanCrane","6","7","13"
"capslok","7","6","13"
"Captain177","6","7","13"
"carbone34","7","6","13"
"Carlemood","6","7","13"
"CarloCalavari","6","7","13"
"carlosdias","7","6","13"
"CarlosMiyagi","7","6","13"
"Cartajima77","6","7","13"
"casa47","5","8","13"
"casianograno","6","7","13"
"CaturFun","6","7","13"
"Caxamblues","6","7","13"
"cayicelimmi","7","6","13"
"CDiegelmann","7","6","13"
"Cenjor","5","8","13"
"CesarAntunes","7","6","13"
"cescfg","6","7","13"
"ceycey031371","3","10","13"
"CGTY4537","6","7","13"
"Chaitanya_2021033","5","8","13"
"chalwe19","7","6","13"
"Champarapaul","6","7","13"
"chandikori","5","8","13"
"chatmimi22","6","7","13"
"chauredb","6","7","13"
"checkmateacademy7","8","5","13"
"chellomi","7","6","13"
"ChemistryScientist","6","7","13"
"chemj","6","7","13"
"Cherovv","7","6","13"
"Chesscommandos85","7","6","13"
"chesslh","12","1","13"
"chessnayak","7","6","13"
"chessph40","7","6","13"
"Chesspirate_Channel","7","6","13"
"ChessPlayer4013","6","7","13"
"chessstoned","7","6","13"
"ChessUfo0205","6","7","13"
"Chico36","7","6","13"
"Chikixz1","6","7","13"
"ChubbChessClubBoard1","7","6","13"
"Chunguc","6","7","13"
"Chuy07","7","6","13"
"Chybike","8","5","13"
"cimollllll","6","7","13"
"CINCIKID","6","7","13"
"ciro11","3","10","13"
"CityGuySailing","6","7","13"
"cj873","5","8","13"
"Cjfizz76","7","6","13"
"Claude16","7","6","13"
"Clave7","6","7","13"
"Clemenceau","5","8","13"
"Clogro","6","7","13"
"CoachRicky_27","6","7","13"
"cocoasophiaaa","8","5","13"
"Cologwang","6","7","13"
"comodinho","7","6","13"
"conan30","6","7","13"
"CONGO360","6","7","13"
"CorentinBa","7","6","13"
"Corprewg","5","8","13"
"cote1999","6","7","13"
"Crazy_Tactician","6","7","13"
"crazymaster33","6","7","13"
"createa","6","7","13"
"cricri57000","6","7","13"
"CrisChessITA","6","7","13"
"crispybot","6","7","13"
"crisvasi","7","6","13"
"CRMchess091220","7","6","13"
"Crow5","7","6","13"
"crzx","6","7","13"
"cuakg","6","7","13"
"Curt95","6","7","13"
"cvz50","7","6","13"
"cylobi","6","7","13"
"d0lbe","6","7","13"
"d11021985","6","7","13"
"daddythori","8","5","13"
"Daieon97","6","7","13"
"DajeDajeDaje","6","7","13"
"dakis19","6","7","13"
"daksha2025","7","6","13"
"damka7x","8","5","13"
"damtifore","6","7","13"
"damydamy10","6","7","13"
"dan207","6","7","13"
"dandy-cortex","6","7","13"
"Danger_228","5","8","13"
"Daniel_Ramires","7","6","13"
"Daniel1856","6","7","13"
"Danielbusero","7","6","13"
"DankHankPropane","7","6","13"
"Darek14","6","7","13"
"darik2013","7","6","13"
"Darina_i_Tikhon","7","6","13"
"darken","7","6","13"
"DarkO123456","6","7","13"
"darshanbps98","8","5","13"
"DarshanYatra2007","7","6","13"
"Dartagnan2021","8","5","13"
"Dartagnans","6","7","13"
"Darwineer","6","7","13"
"Dashi_1287","5","8","13"
"DautovFara","7","6","13"
"Davage30","6","7","13"
"davakumaran-237","6","7","13"
"DaVambit","6","7","13"
"Davemills","6","7","13"
"DavidGachanja","6","7","13"
"davidhalperin","7","6","13"
"davidmh00","6","7","13"
"Davodka5108","7","6","13"
"Davorsson7","7","6","13"
"Dawood10","7","6","13"
"Dayanandahkori","7","6","13"
"DE-TOCQUEVILLE","5","8","13"
"dead123king","6","7","13"
"Deadlybadboy","6","7","13"
"Deanchessmachine69","6","7","13"
"DediMulyadi","7","6","13"
"dedix","6","7","13"
"deejii","7","6","13"
"deepvenky","6","7","13"
"Delcious3","7","6","13"
"delittleshark","6","7","13"
"delpi4a","6","7","13"
"Demolito_L6","7","6","13"
"denisb38","7","6","13"
"DennisKibuuka","6","7","13"
"derayme","5","8","13"
"DEREVASKA777","7","6","13"
"Dessipticon","6","7","13"
"DetectiveR7","6","7","13"
"devi_isriah","5","8","13"
"Dewja23","7","6","13"
"dfkthbq11","7","6","13"
"dfs_48","7","6","13"
"DIARGON73","7","6","13"
"diegarosane","6","7","13"
"diegol_87","6","7","13"
"Dijanche","6","7","13"
"dilip99","7","6","13"
"Dima1986","7","6","13"
"DimaK2008","7","6","13"
"Dimitris34","6","7","13"
"dinkin13","8","5","13"
"Dionis83","6","7","13"
"dismember","5","8","13"
"DistinguishedReg","7","6","13"
"Disturbed_22","7","6","13"
"Diwa1960","6","7","13"
"diyela_shi7","7","6","13"
"DJ-Chessto","6","7","13"
"Djadjakolja","6","7","13"
"DJJTT","5","8","13"
"DM7878","7","6","13"
"Dmitrii68","6","7","13"
"Dmitrii731","7","6","13"
"Dmitrii989","6","7","13"
"DmitriyGG","8","5","13"
"DMITRY19841984","7","6","13"
"dmsea","7","6","13"
"dnklheit","7","6","13"
"dnkolarevic","6","7","13"
"Doctor75","7","6","13"
"doctorsabroso","6","7","13"
"dodol17","7","6","13"
"dodolemos","6","7","13"
"domi1979","6","7","13"
"domiflo","6","7","13"
"Domination040","7","6","13"
"Don_Santiago","6","7","13"
"Don-Jele","7","6","13"
"donking133","5","8","13"
"DonnieEnPassant","7","6","13"
"Dossantos","6","7","13"
"DovahkiinS","8","5","13"
"dr_duremar","4","9","13"
"Dr2009M","6","7","13"
"DrAglan","6","7","13"
"Drali7743","5","8","13"
"DRAX04","7","6","13"
"Drdrunkensteinwin","7","6","13"
"drdudelsack","7","6","13"
"dreamerhasan","7","6","13"
"DrHishaam","6","7","13"
"drinza","7","6","13"
"DrMenghy","5","8","13"
"Dronacharya87","7","6","13"
"Druacs","6","7","13"
"DS94","7","6","13"
"DSI78","7","6","13"
"ducuu","5","8","13"
"dude_bw","7","6","13"
"dudeiwantmyqueenback","8","5","13"
"dugave","6","7","13"
"dularsidar0107","7","6","13"
"DumbChezzGuy","6","7","13"
"DUMORRO","7","6","13"
"Duny74","7","6","13"
"dupax1962","6","7","13"
"Dustyred238","8","5","13"
"dvacian1","7","6","13"
"dwnt_online","7","6","13"
"E1995eeeerfan","6","7","13"
"eagle86","7","6","13"
"ealterani","6","7","13"
"EbisuYoshi","7","6","13"
"eblis2022","7","6","13"
"ebra999","7","6","13"
"Echecs_58","5","8","13"
"ed1964gar","6","7","13"
"Edgarfab7","6","7","13"
"edgewater99","7","6","13"
"editarwoto","6","7","13"
"edjust","7","6","13"
"EdNackers","7","6","13"
"edozooka","7","6","13"
"Edsonp48","7","6","13"
"educuadro","6","7","13"
"egemen_11","7","6","13"
"egoval","7","6","13"
"Egrancha","6","7","13"
"ehsan14j","7","6","13"
"Eiche2610","7","6","13"
"Eidospektor","7","6","13"
"eisaraefkia","7","6","13"
"eivihe","6","7","13"
"ekurt52tr","5","8","13"
"El_Fenomen0","6","7","13"
"El_Jujutos","6","7","13"
"EL-FR4NCIS","7","6","13"
"elaa3833","6","7","13"
"ElChiChi","6","7","13"
"eldelmoral","8","5","13"
"Elder_David","6","7","13"
"electrifyings","6","7","13"
"Elena_sohci85","6","7","13"
"Elie13700","7","6","13"
"elio_r","7","6","13"
"ELITEDUD","6","7","13"
"Elmouhib","6","7","13"
"eloev1984","6","7","13"
"elPinta","7","6","13"
"ElPipikos","7","6","13"
"elvencedor777","6","7","13"
"elvinjamali","7","6","13"
"ElvinPh","6","7","13"
"Emanuel2505","7","6","13"
"emms00","6","7","13"
"Empenyent","8","5","13"
"emr189810","5","8","13"
"EN1209","8","5","13"
"enal2260","7","6","13"
"Endofmaster","5","8","13"
"EngHaitham22","5","8","13"
"engibaL","6","7","13"
"Engr_Jovito","5","8","13"
"Enserious","7","6","13"
"Entoncescual","7","6","13"
"Epstein64","7","6","13"
"epudz1","6","7","13"
"eraserXD","8","5","13"
"eren910","6","7","13"
"Erik010115","6","7","13"
"erikkeeee","7","6","13"
"Ermis97","6","7","13"
"ernur0405","6","7","13"
"Eross1453","7","6","13"
"Eryk17","7","6","13"
"es1974","5","8","13"
"esesli666","7","6","13"
"esmaei_kafaei","7","6","13"
"Esmaeilz1356","7","6","13"
"espartano199","6","7","13"
"Estanislao37","7","6","13"
"eugene74","6","7","13"
"Eugenui","6","7","13"
"evdeoyna","7","6","13"
"Evgen345","6","7","13"
"Evol5","8","5","13"
"evren41","6","7","13"
"Excla","7","6","13"
"Fab1m84","6","7","13"
"FabioCaverna","6","7","13"
"FabriSomm","7","6","13"
"Fado_62","10","3","13"
"fahrurr","7","6","13"
"Faldeno","8","5","13"
"Fanevanomena","6","7","13"
"FantomSlobode86","6","7","13"
"fares123456","7","6","13"
"Faris74","7","6","13"
"FARUK_ULUSS","4","9","13"
"FatDogSlim66","7","6","13"
"fatoni5050","7","6","13"
"Fatorres","5","8","13"
"Felipeamorim","6","7","13"
"FENIKS4145","7","6","13"
"fenrix66","9","4","13"
"Ferda2","7","6","13"
"Ferdinandmalocaj","6","7","13"
"FERNANDO1510","6","7","13"
"fetxeironyons","5","8","13"
"FFE231082","7","6","13"
"fiah1951","6","7","13"
"fierAlbania","6","7","13"
"fiki17","8","5","13"
"FilipJevremovic","5","8","13"
"finconsultant","6","7","13"
"Fine21","6","7","13"
"Firstnaijagm","6","7","13"
"fitow","6","7","13"
"Flaco_Chess","6","7","13"
"flarge","6","7","13"
"Flavio_Gil","6","7","13"
"Flavio1985","6","7","13"
"FloperTino","7","6","13"
"floryapari23","7","6","13"
"fmoarefi03","7","6","13"
"FnxOdisseu","5","8","13"
"Fopptastic","7","6","13"
"FoxStrike","6","7","13"
"FrancisBanville","6","7","13"
"Franzubatac","5","8","13"
"Freakenroute","6","7","13"
"fritz1962","6","7","13"
"frodo12","6","7","13"
"FrySimpson","7","6","13"
"Fugu_Blowfish","7","6","13"
"FullbackM","6","7","13"
"fulluk","7","6","13"
"G12112312","7","6","13"
"GAbel_01","6","7","13"
"gaboceballos","7","6","13"
"gaborhoga","6","7","13"
"Gaetoon","6","7","13"
"Gagan_Rana","6","7","13"
"Gaibol27","6","7","13"
"gamerfenix5","7","6","13"
"Gammazero2","7","6","13"
"gang56","6","7","13"
"gary9965","6","7","13"
"GauravNainwal","6","7","13"
"Gaweinmx","6","7","13"
"Geert_Wille","7","6","13"
"gelitochess","7","6","13"
"gels_taliwang","6","7","13"
"geluadi","6","7","13"
"George_Abram","7","6","13"
"GeorgeMatveev","7","6","13"
"GeorgyRomanov","8","5","13"
"gerdi54","7","6","13"
"Get_buckets","7","6","13"
"ggoyal75","6","7","13"
"GhassenAyari","7","6","13"
"Ghost-Madara-U","9","4","13"
"Ghostmeet","7","6","13"
"Gigagig","6","7","13"
"Gilefontes","7","6","13"
"gilzzza","7","6","13"
"Ginot8","7","6","13"
"Giofarinellanebbia","5","8","13"
"GioGio86","7","6","13"
"gita19","6","7","13"
"Giuseppe_Arcimboldo","6","7","13"
"gjroberts33","8","5","13"
"gleb-28","6","7","13"
"gmjaredcudal","7","6","13"
"gmvijay","8","5","13"
"GodMode69","7","6","13"
"GOLD_FLAME-012","7","6","13"
"Golden_Lego007","7","6","13"
"Goodgame2020","7","6","13"
"goodnightz","7","6","13"
"GORDEY_23","8","5","13"
"Gorich2020","7","6","13"
"gotovtsev_ak","6","7","13"
"GQJ29","6","7","13"
"Grandstream","6","7","13"
"GravyXavi","6","7","13"
"GrayNormalClam","5","8","13"
"gregor-akar","7","6","13"
"Gregory1423","6","7","13"
"Grindheim","5","8","13"
"GrossmeisterMisha","6","7","13"
"GSP-Girija","6","7","13"
"gsridhar0507","7","6","13"
"gsshameem","7","6","13"
"gssiva14","6","7","13"
"GTOnizuka1","7","6","13"
"gtruman2424","6","7","13"
"Guenter200","9","4","13"
"Gustav-Baecker","7","6","13"
"gyanand","7","6","13"
"gyton","7","6","13"
"h-1987","7","6","13"
"H-ZABE","7","6","13"
"H012147Mat","6","7","13"
"Habaduken123","6","7","13"
"habtom","6","7","13"
"Hadi11111111","7","6","13"
"hadiKhoy","7","6","13"
"Haikuuuu","6","7","13"
"Haizer8","7","6","13"
"HAKOAGO","7","6","13"
"HAKUT","6","7","13"
"hamah99","7","6","13"
"hamid_amiri","6","7","13"
"hamster_Little_72","6","7","13"
"HaninHala1212","6","7","13"
"Hannut","6","7","13"
"HanyMohamedHM","8","5","13"
"haresh_777","7","6","13"
"Harry140218","6","7","13"
"Harvey-SH","6","7","13"
"hasanadali","8","5","13"
"Hasimaus","7","6","13"
"hassan31070","8","5","13"
"Hatem_d","5","8","13"
"Haudrauf123","6","7","13"
"havesomekebab2","7","6","13"
"HawksandGuitars","6","7","13"
"HB1959","8","5","13"
"hbyani","7","6","13"
"hcelikel","7","6","13"
"Hecklerka","6","7","13"
"helloamlol","5","8","13"
"HelloThe","7","6","13"
"Henry940622","8","5","13"
"Herbymanolito","6","7","13"
"hermano1976","6","7","13"
"Hero0402","6","7","13"
"HexenSetra","5","8","13"
"hgcbnn","7","6","13"
"hgt123456","5","8","13"
"Hijkl_froost","6","7","13"
"hilmar86a","5","8","13"
"Hiradyazdanjou","7","6","13"
"Hlubii","6","7","13"
"hmd1348","6","7","13"
"hmt_1","7","6","13"
"hnirjhar","7","6","13"
"hobimirindra2023","5","8","13"
"holbi51","7","6","13"
"HollowFortress","7","6","13"
"Homer1969","7","6","13"
"Hopertz","8","5","13"
"hosseib777","7","6","13"
"Hoves","6","7","13"
"Hrast1","7","6","13"
"hrishikesh1221","7","6","13"
"HTPCMsefwee","7","6","13"
"hu2u","6","7","13"
"hubislav","6","7","13"
"Hunar_OBEROI","7","6","13"
"hussamtoma","7","6","13"
"HVLuong2010THCSDT","6","7","13"
"hvoins","7","6","13"
"Hybrisius","6","7","13"
"i_newone_0","8","5","13"
"i20eo","7","6","13"
"Iambanksy90","7","6","13"
"IamInChess2510","6","7","13"
"iamkeshavthakur","8","5","13"
"Ian-543","7","6","13"
"ibrahim7219","7","6","13"
"ibrahimhailat","7","6","13"
"Icafo","5","8","13"
"Ice_spiceyyy","7","6","13"
"Ice6erg","7","6","13"
"ideur","7","6","13"
"Idnof","7","6","13"
"IGetMyKingOutFirst","9","4","13"
"Ignatiusko","7","6","13"
"ignvcioh","7","6","13"
"igorspasovski","6","7","13"
"Igrok1122","5","8","13"
"Ihavenewaccount","6","7","13"
"ihlas32","7","6","13"
"IIETPOBU4","5","8","13"
"ikapembwa","7","6","13"
"ilai63","7","6","13"
"ili1lli11","7","6","13"
"Ilnar_Gafiyatov","5","8","13"
"ilya190101","6","7","13"
"ilyara","7","6","13"
"imjill","6","7","13"
"imsobadatchess69","6","7","13"
"imuskelayan123","7","6","13"
"Indian_tank","7","6","13"
"infinitysuccess","6","7","13"
"insorte","5","8","13"
"InteLec","8","5","13"
"Interestedinmoney","6","7","13"
"Internetkrigeren","6","7","13"
"IorioC","5","8","13"
"Iqbal_H","6","7","13"
"iqmamedi","7","6","13"
"IQooo","8","5","13"
"irajrahimi29","6","7","13"
"IRFANHARITHROSLI","7","6","13"
"irmairias","4","9","13"
"IS1fa32","6","7","13"
"Isabella0802","6","7","13"
"isaevvn","7","6","13"
"isin1966","7","6","13"
"Ismellworsethanyou","5","8","13"
"issaoui_79","7","6","13"
"ISubhani","5","8","13"
"ITAGilgamesh","6","7","13"
"Ivan-osmin","7","6","13"
"IvanTerentev","6","7","13"
"ja_mei","5","8","13"
"jabarnamiq","7","6","13"
"jacek737","8","5","13"
"Jack-0_0-Sparrow","7","6","13"
"Jack6040","8","5","13"
"JackCicc","6","7","13"
"jackma_junior","5","8","13"
"jahuba1","6","7","13"
"Jaifor","6","7","13"
"jaikalai3931","7","6","13"
"JaitenAck","6","7","13"
"Jaivecay","6","7","13"
"Jalf","6","7","13"
"Jamalhamasneh66","6","7","13"
"jamesmcging","7","6","13"
"janaramamoorthy","8","5","13"
"Janbaasjeindeton","7","6","13"
"Jansjo1","7","6","13"
"Japhadels","6","7","13"
"jarryJasparov808","7","6","13"
"jav14","7","6","13"
"JavierSazatornil","7","6","13"
"Jay_mark111","5","8","13"
"jayantt","7","6","13"
"jayesh2006","7","6","13"
"jaysonherreria19","8","5","13"
"JBourne2025","6","7","13"
"JCA1966","6","7","13"
"jciml","7","6","13"
"jcrioux17","7","6","13"
"jdcd333","6","7","13"
"Jean_Carlo1","8","5","13"
"Jean-eudes31","7","6","13"
"JebatMerah","7","6","13"
"jeeshachess","6","7","13"
"Jeet_1010","7","6","13"
"jelzap","7","6","13"
"jeremias818","6","7","13"
"Jerry_18","6","7","13"
"jesrom1","7","6","13"
"jessica_surana01","7","6","13"
"Jgor","6","7","13"
"jianei","7","6","13"
"jipavl","6","7","13"
"jipindaniel","7","6","13"
"jjensen","6","7","13"
"jjhon","5","8","13"
"JJPol","6","7","13"
"jkap007","6","7","13"
"jlr38","7","6","13"
"jo198809","7","6","13"
"joca2000","6","7","13"
"joe0055","7","6","13"
"joeytat2","7","6","13"
"JoheSalas2023","6","7","13"
"John_sons","7","6","13"
"johnhohn","7","6","13"
"JohnIRoa","7","6","13"
"jojo_rz","7","6","13"
"jolilapinoufrileux","6","7","13"
"jollypaul23","7","6","13"
"jonnie_187","7","6","13"
"jophnik","5","8","13"
"jordansmith002","7","6","13"
"JordiPay","6","7","13"
"Jorge_0719","7","6","13"
"Jorge_JAC","6","7","13"
"Josephtafadzwa","8","5","13"
"JoseTrix","7","6","13"
"Josh_484","6","7","13"
"Joshi34","7","6","13"
"Jostrus","7","6","13"
"jozefk3012","7","6","13"
"JRKASPA","6","7","13"
"Jssilva","7","6","13"
"jstn172005","7","6","13"
"jt1082","6","7","13"
"JT1407","7","6","13"
"ju4nc4rl0s","7","6","13"
"Juancar666","7","6","13"
"juanjuan44324","6","7","13"
"JuanM77","6","7","13"
"juanmarialamata","5","8","13"
"juannavarro1","7","6","13"
"JuleSiggi","8","5","13"
"Juliette_Abigail","7","6","13"
"Jun_Tian","8","5","13"
"Juris-Juris","7","6","13"
"Justin0945","6","7","13"
"justklort","6","7","13"
"JVass87","7","6","13"
"jvbia","6","7","13"
"Jximw","6","7","13"
"jykke-pappa","6","7","13"
"Ka4kaaa","7","6","13"
"kaaybola","6","7","13"
"kaikuseyuro","6","7","13"
"Kail1410","7","6","13"
"KalieahhC","8","5","13"
"KallandriLL","6","7","13"
"Kamalferdosipoor","6","7","13"
"Kamoliddin98","6","7","13"
"kanakiou","6","7","13"
"kannanru","7","6","13"
"KanzakiH","8","5","13"
"kar11","6","7","13"
"kardiakafti1980","7","6","13"
"Kareemizo","6","7","13"
"Karl_die_Muecke","7","6","13"
"kataev_chess","5","8","13"
"Kathi_4-1","8","5","13"
"Katkaraskatka","8","5","13"
"kawakawecki","7","6","13"
"kazika","5","8","13"
"Kazim71","6","7","13"
"KB151248","6","7","13"
"kcgan","7","6","13"
"Kdl-knl","7","6","13"
"kds13","6","7","13"
"KDTfandi","6","7","13"
"Kebabvin","6","7","13"
"Keivanking","7","6","13"
"kelvinemina2","6","7","13"
"KenzieMay72","7","6","13"
"Kepano-75","7","6","13"
"KFFCH","6","7","13"
"khachmouch","4","9","13"
"Khael_NL","7","6","13"
"Khaledchess60","7","6","13"
"khaleelking","6","7","13"
"khalidhossainagplus","7","6","13"
"KhatkevichSlava","6","7","13"
"Khenarth","6","7","13"
"khozesta","8","5","13"
"kiaraianapetek38","7","6","13"
"kinfe","7","6","13"
"kingbzh","6","7","13"
"KingJohnny99","7","6","13"
"kingrkh","6","7","13"
"Kira_Death","6","7","13"
"Kiran_badavath","6","7","13"
"kirbitci","7","6","13"
"KirillKamChess","7","6","13"
"kirillster","6","7","13"
"Kirk2020","8","5","13"
"Kitavviv","8","5","13"
"kittw","6","7","13"
"KK1998","6","7","13"
"kmax9","8","5","13"
"kncrd","6","7","13"
"kngpn","7","6","13"
"Knight_in_disgrace","7","6","13"
"knightrajuking","8","5","13"
"Knugman","5","8","13"
"Kolaa2010","7","6","13"
"Kolyan228666","8","5","13"
"konapawsforever","6","7","13"
"KONDAK_VALERA_2014","6","7","13"
"konigsseer","8","5","13"
"KonstantinMoskovko","7","6","13"
"Konsti3108","6","7","13"
"kosalar","7","6","13"
"KOTNIGHT_27","6","7","13"
"kourjaja","6","7","13"
"Kraspol","6","7","13"
"krhoopes","7","6","13"
"Krippie87","7","6","13"
"Kris1304","7","6","13"
"Krishh1116","6","7","13"
"krishnabhu","6","7","13"
"Krotkov_81","7","6","13"
"Krzys2323","6","7","13"
"ksb_robot","6","7","13"
"kuchi78","7","6","13"
"Kumar_Asia","7","6","13"
"kurt_kaspar","8","5","13"
"KuzminDV","6","7","13"
"kwaku_j_h","6","7","13"
"kxnnx","6","7","13"
"KyneAng","8","5","13"
"l259807","7","6","13"
"la9","5","8","13"
"lacavaliera","6","7","13"
"LagartoInteligente","8","5","13"
"Lagos16","6","7","13"
"LaiiiL90","6","7","13"
"lailabanu","6","7","13"
"Lajos80","6","7","13"
"lamadechec","6","7","13"
"lamine_1978","6","7","13"
"LanderPrez","5","8","13"
"Language-Game","4","9","13"
"Lara200","7","6","13"
"LauraMG","7","6","13"
"lawragga","6","7","13"
"layonking","6","7","13"
"LBroe","7","6","13"
"LBSNAA01","6","7","13"
"LegijaKoja96","7","6","13"
"legpa","7","6","13"
"LehlohonoloMphi","8","5","13"
"Lempong","7","6","13"
"leo1117","6","7","13"
"leon2912","8","5","13"
"leonard7771","7","6","13"
"LeoneFors","6","7","13"
"LeonidLiubimov","6","7","13"
"Lera1983","5","8","13"
"Leroiistme","6","7","13"
"LeSoNoJu","6","7","13"
"Lespaw","7","6","13"
"lespetitspions","7","6","13"
"Letang84","7","6","13"
"lexrp","6","7","13"
"LeydigHucresi","7","6","13"
"Lezov","7","6","13"
"libertat66","8","5","13"
"Liboson2017","6","7","13"
"Licv1","7","6","13"
"Lightcoda1","7","6","13"
"Linda1000","11","2","13"
"LittleGreenManBot","5","8","13"
"Liukvuitton","5","8","13"
"lkhagvadorj66","6","7","13"
"Lobezno23","10","3","13"
"lobo1983","7","6","13"
"loguyon34","6","7","13"
"lokamax","6","7","13"
"lokesh4444","7","6","13"
"LOKHM_1","8","5","13"
"LokiBrot","8","5","13"
"Lotfi_021","7","6","13"
"LouisBT","6","7","13"
"loveta_nathania","6","7","13"
"lucacaligo","7","6","13"
"LuchettoDiTestaccio","7","6","13"
"Luchom11","7","6","13"
"lucidoro","7","6","13"
"Lucy75","7","6","13"
"ludamarillo","7","6","13"
"Luis_Leite","7","6","13"
"luis_michea","6","7","13"
"lukabrazy","6","7","13"
"LukhanyoDaCorazon","6","7","13"
"Lunaramkumawat","6","7","13"
"luque-100","7","6","13"
"Lurkss","6","7","13"
"Lutty_Lima","5","8","13"
"luzsanjuan","6","7","13"
"Lyudmila_52","6","7","13"
"lyuter1177","7","6","13"
"m_damarchi2771","6","7","13"
"m_kacmazz","7","6","13"
"M_M_FUAD","6","7","13"
"m-ra-rahbar","6","7","13"
"M58B","7","6","13"
"maariajoaoalves","5","8","13"
"Maas80","6","7","13"
"Maccan","6","7","13"
"Madevva","6","7","13"
"Madhurbit","6","7","13"
"magnetron23","7","6","13"
"mahdi552","6","7","13"
"mahdikashi","7","6","13"
"mahditop","8","5","13"
"MaitreAlfred","7","6","13"
"Makali72","5","8","13"
"Makovlev_Roma","7","6","13"
"malaga123","7","6","13"
"mamulka55","7","6","13"
"manasalunkhe","5","8","13"
"mangartha","8","5","13"
"Mangyan1957","7","6","13"
"manny2562","7","6","13"
"mannynnelson","8","5","13"
"Manolo-604","5","8","13"
"Mansking","8","5","13"
"Mansy1985","7","6","13"
"Manu12100","7","6","13"
"manu2013ss","6","7","13"
"manu52","7","6","13"
"manUTD_23","8","5","13"
"mar_ko-1a","7","6","13"
"marcechi","6","7","13"
"marcelogimenez3","7","6","13"
"MarcMunta","7","6","13"
"marco_89flores","6","7","13"
"Marcraft666","7","6","13"
"Mareaazul","6","7","13"
"Maria9191","7","6","13"
"Marinaajedrez","7","6","13"
"mariyapalm","7","6","13"
"Mark568798","7","6","13"
"markchinedum","5","8","13"
"MarkGlen","7","6","13"
"markkuraitanen","6","7","13"
"MarkSamo","6","7","13"
"markusgenesis","7","6","13"
"marsupilami_1992","7","6","13"
"MarvinS23","8","5","13"
"Masakra321","6","7","13"
"Masoud-mobini","8","5","13"
"Master_AnantSharma","5","8","13"
"masudrana1","6","7","13"
"Mate_Real","7","6","13"
"MateoDundic","6","7","13"
"matethemate","5","8","13"
"MatPat08","6","7","13"
"mattaacchinoe","7","6","13"
"matvey20111000","5","8","13"
"MatyPirola","7","6","13"
"MauValad","8","5","13"
"maximocosetti77","6","7","13"
"MaxStranger7","7","6","13"
"MaxtheDog","8","5","13"
"mayankPaul26","8","5","13"
"mayar009","6","7","13"
"mayma_bhz","6","7","13"
"mbrunoi","7","6","13"
"mcandy","7","6","13"
"mcjay","8","5","13"
"mdbe_l","7","6","13"
"megalodon_kpcc","7","6","13"
"mehdi81q","5","8","13"
"mehmet4282","6","7","13"
"mehran_abd","5","8","13"
"mehrdad36790","7","6","13"
"mehull","8","5","13"
"meliorator85","6","7","13"
"melomanishee","8","5","13"
"Mental_Breeze","6","7","13"
"Menu72","6","7","13"
"MetalKings","5","8","13"
"metodist23","7","6","13"
"meuzov","8","5","13"
"mhabay","7","6","13"
"mhmt7212","6","7","13"
"mhtsm","7","6","13"
"MiAtAroll","7","6","13"
"michaelj1234","8","5","13"
"michamicha","8","5","13"
"MichelSchaak","3","10","13"
"microsatoshi","7","6","13"
"migoleg","7","6","13"
"miguegero","6","7","13"
"Miguel_1111","7","6","13"
"miguel790","7","6","13"
"migueledwin","6","7","13"
"Miguelito83","5","8","13"
"MihMihB","6","7","13"
"Mike984","7","6","13"
"MikeRIder","6","7","13"
"milad3411","8","5","13"
"milkyway01","6","7","13"
"Mimaas001","5","8","13"
"Mimilus","7","6","13"
"Min02","7","6","13"
"mindsetplayer254","7","6","13"
"minjexx","7","6","13"
"mio_ussum","5","8","13"
"mirbir","10","3","13"
"Miro1981","8","5","13"
"Misha-Fediaev","7","6","13"
"misosah","6","7","13"
"Mizoudj25","8","5","13"
"mjtjhjzb97896360","6","7","13"
"mkpathak","8","5","13"
"MLMS484","6","7","13"
"MLO64","7","6","13"
"MMauricio","6","7","13"
"mmmaximilien","6","7","13"
"mmnegreira","8","5","13"
"MMX0101","6","7","13"
"mndtrrs","7","6","13"
"mnoyanx","5","8","13"
"mo_DO7A_MOHAMED","7","6","13"
"mogtabanaseriarch","7","6","13"
"Moh_Ashraf","7","6","13"
"Moh1984ss","6","7","13"
"moha2018","8","5","13"
"mohamedeidant","6","7","13"
"mohamedoumohamedou3","6","7","13"
"mohammadazizi_iran","6","7","13"
"Mohammadmehri","8","5","13"
"mohammdrezaMR","7","6","13"
"mohsen1385ranjbar","7","6","13"
"Mokdad651","7","6","13"
"moker13","6","7","13"
"Momaurice","6","7","13"
"Mona03","5","8","13"
"MonsieurJF2","7","6","13"
"Monster_007","6","7","13"
"mor4482","5","8","13"
"morfin220","6","7","13"
"Morik00","6","7","13"
"Moroz56","6","7","13"
"morozov-daniil","5","8","13"
"Mors08","5","8","13"
"MossVei","7","6","13"
"mostafa_kazemi","7","6","13"
"MotmorDrunbra","6","7","13"
"mpstyles54","6","7","13"
"Mr_003","6","7","13"
"Mr_Nic3","7","6","13"
"mr-bur","7","6","13"
"MrCOMTSS","7","6","13"
"Mrnameguy1234","4","9","13"
"mrtaloo","4","9","13"
"MrToadt","7","6","13"
"MRumanovic","6","7","13"
"mrxjo","6","7","13"
"MSBurdov","6","7","13"
"msuior","6","7","13"
"MT_chess","7","6","13"
"Mtbr37","7","6","13"
"Muhammad_Thaqif35","5","8","13"
"muhammed_byz55","6","7","13"
"MuhendisBey2008","6","7","13"
"Muldan78","6","7","13"
"mulilompundu","6","7","13"
"MUN6U1A","6","7","13"
"muppet33r","7","6","13"
"Murat-besir","7","6","13"
"MuthuSivaram","5","8","13"
"Muzalevskiy","6","7","13"
"muzemmil","6","7","13"
"muzyczny-kwadrat1987","6","7","13"
"Myahar","7","6","13"
"Mykola_Bilyk","4","9","13"
"mysunylove","6","7","13"
"MyWayToGm","7","6","13"
"mzksr","5","8","13"
"nachiketha075","7","6","13"
"Nadezhda_Rubtsova","7","6","13"
"nadione","7","6","13"
"nadysev78","6","7","13"
"naej999","6","7","13"
"Naga05","6","7","13"
"naleee3","7","6","13"
"namitgoel","5","8","13"
"NandoManoverde","6","7","13"
"Narayan_Kumar","6","7","13"
"Nardy1961","6","7","13"
"Narendra_kishore-73","6","7","13"
"narock252","7","6","13"
"naser-mussa","6","7","13"
"nath5","7","6","13"
"Navkallem","6","7","13"
"NazarK7333","5","8","13"
"NB_LIMOV","6","7","13"
"neaud","6","7","13"
"Necosle","6","7","13"
"Negritojl25","5","8","13"
"Nekita104ayepyc","6","7","13"
"nerhim41","7","6","13"
"neto13","6","7","13"
"new_to_chess_9","8","5","13"
"ng_qcuong","7","6","13"
"Ngar","7","6","13"
"NhlakaThusiN","6","7","13"
"Nicolas_Zehntner","7","6","13"
"nicolas1981","7","6","13"
"nicolaslessa","6","7","13"
"nightfoufou","6","7","13"
"Niimos","7","6","13"
"nikhil_kumar","6","7","13"
"Nikitahohlach","7","6","13"
"Nikolajlk","7","6","13"
"Nil_Sator","6","7","13"
"Nilaso","6","7","13"
"Nilkolai","7","6","13"
"Nilored","6","7","13"
"nimaferghe","7","6","13"
"Ninuliya","7","6","13"
"niraj_yadav69","7","6","13"
"nirensharma","7","6","13"
"Nirodil","6","7","13"
"Nirvanai","4","9","13"
"nitin_dhiman03","7","6","13"
"Nitin_Jaiswal","7","6","13"
"nivsram21","6","7","13"
"NKrupskaya","8","5","13"
"noelgonzaga24","6","7","13"
"Nog_1","6","7","13"
"Noge","4","9","13"
"nononeto","5","8","13"
"nonpatient","7","6","13"
"NonsoDan","6","7","13"
"noobplayerbeaware","6","7","13"
"noobstag","7","6","13"
"Nosimelyano","6","7","13"
"Notme12","6","7","13"
"Noviceatbest","5","8","13"
"NowelaN","7","6","13"
"NSoto-CPA","7","6","13"
"Nuans2023","7","6","13"
"NUNU_MAN","5","8","13"
"nurs_98","6","7","13"
"nurtac85","7","6","13"
"Nuvini","7","6","13"
"nuvphi001","7","6","13"
"nydapo","6","7","13"
"nzat21","7","6","13"
"O_MY_GOD","6","7","13"
"O999omar","7","6","13"
"obanz","6","7","13"
"ochoxocho64","7","6","13"
"Odin_0","8","5","13"
"odnail84","7","6","13"
"odyadel","7","6","13"
"OGUZ0101","5","8","13"
"Okazola","5","8","13"
"Okie_89","7","6","13"
"olawaleo","7","6","13"
"OlegLOM","7","6","13"
"Olejio","6","7","13"
"Oleksiuk","6","7","13"
"oliva0409","6","7","13"
"oliveira86","6","7","13"
"olivierpb","6","7","13"
"olorin3027","6","7","13"
"Olzhas1992","7","6","13"
"OMAR_DLT7","7","6","13"
"Omar_GHALAMOUN","7","6","13"
"Omargold1","6","7","13"
"Omiram","6","7","13"
"omkarjuna","7","6","13"
"onceandforall123","7","6","13"
"onetakeback","7","6","13"
"op_Honey_1111","6","7","13"
"Opachess","7","6","13"
"OrchiD_11","7","6","13"
"Os0ba","7","6","13"
"oscarospi","7","6","13"
"otzazuluta","7","6","13"
"OuldHbib","9","4","13"
"Ovyscott","7","6","13"
"Ozymedius98","7","6","13"
"pablo-paul","5","8","13"
"Pablosioso","7","6","13"
"Pacho63","5","8","13"
"pacoalmagro1965","7","6","13"
"pacopacopac","7","6","13"
"Padli_88","6","7","13"
"PadsMA","7","6","13"
"pajouhande","6","7","13"
"pakitovg","6","7","13"
"PampersBR","6","7","13"
"PanceZahariev","6","7","13"
"pancho1929","6","7","13"
"Paolome82","6","7","13"
"pap01","6","7","13"
"papavas","7","6","13"
"Paraprosdokian","6","7","13"
"Parcel54","8","5","13"
"Parfour","7","6","13"
"parsahkan","6","7","13"
"Parshant9","6","7","13"
"Parthtawde","6","7","13"
"PasGomes","6","7","13"
"Pastorpatzer","6","7","13"
"Patatemoisie","7","6","13"
"patricknap","6","7","13"
"patrikolov","6","7","13"
"Paullin34","6","7","13"
"PauloUG","7","6","13"
"paulus_wenur","7","6","13"
"Pavel_Petin","8","5","13"
"Pavel-14","6","7","13"
"PAvelnew1970","7","6","13"
"pawnpincher","7","6","13"
"pawnshahmat","7","6","13"
"pdnchess","9","4","13"
"peanut88","9","4","13"
"pedro1967","6","7","13"
"peertje75","6","7","13"
"peha1","6","7","13"
"PEHUABEN","7","6","13"
"Pennine-walker","7","6","13"
"PepeGuindalera","6","7","13"
"pepepinto","8","5","13"
"petergof5","7","6","13"
"Petr22222","7","6","13"
"Petro_Kychma","7","6","13"
"petrsi","7","6","13"
"peugeot505","12","1","13"
"Peval66","7","6","13"
"Pferdeschubser","7","6","13"
"phanisekharb4u","6","7","13"
"Phogole","6","7","13"
"phunkz29","6","7","13"
"Pichupid0","6","7","13"
"pierodefalco","11","2","13"
"PIETFOREVER","7","6","13"
"pineappleandpinetree","9","4","13"
"Pinio1958","5","8","13"
"pinky_rajeshwari","6","7","13"
"pinter31","7","6","13"
"Pion_blanc67","6","7","13"
"Piotr395","7","6","13"
"pipelon875","6","7","13"
"PIPENAL89","6","7","13"
"pisculichi15","7","6","13"
"PITER40","6","7","13"
"piter53","6","7","13"
"Pitovi","6","7","13"
"pjgbat","6","7","13"
"PL-HO","6","7","13"
"platoon222","5","8","13"
"PLAYMA","8","5","13"
"Pnnas","8","5","13"
"pobedavsude","7","6","13"
"Pocopic","7","6","13"
"pojieruat","7","6","13"
"policar-karel","7","6","13"
"Polina00","4","9","13"
"PolishPowerTB","7","6","13"
"Polo_Tantu2","6","7","13"
"pop8133","7","6","13"
"poperpoperpoper","7","6","13"
"PoreddyDinesh","7","6","13"
"pornichet","6","7","13"
"potep","7","6","13"
"Powerloc","6","7","13"
"Pradeep1976","6","7","13"
"prajxwal03","7","6","13"
"PramodNadkarni21","6","7","13"
"PranavMadkar","6","7","13"
"prashantroyghatak","6","7","13"
"Praveen1601","9","4","13"
"praveenadon","6","7","13"
"Pro_digital23","8","5","13"
"procko","7","6","13"
"prohodnapeschka","6","7","13"
"ProtselykA1","6","7","13"
"prpatriota","6","7","13"
"ps0112","6","7","13"
"pssgng","7","6","13"
"ptnugraha","6","7","13"
"Puma938","6","7","13"
"PycTaM79","6","7","13"
"pythagoras_hellas","6","7","13"
"Qa_an53","8","5","13"
"Qlakov","6","7","13"
"quinjotta","6","7","13"
"QwS4","8","5","13"
"r_malix","8","5","13"
"raadm","7","6","13"
"racazabrryan","6","7","13"
"Rachel_Hernandez","6","7","13"
"Rachit_25","7","6","13"
"rafael3070","6","7","13"
"rahim1989","6","7","13"
"Rahmon12345","6","7","13"
"Raisons","7","6","13"
"rajesh_rajam","5","8","13"
"rajmili_rk","7","6","13"
"raju55555","6","7","13"
"RAK97","6","7","13"
"ram45","7","6","13"
"Rambo_Rajeev","5","8","13"
"ramido_777","7","6","13"
"Raminveqar","7","6","13"
"Ramthulla","7","6","13"
"Ramy1977","6","7","13"
"Ranchik","6","7","13"
"raoofali5","6","7","13"
"Ratansaha","7","6","13"
"rathodnepalsingh","7","6","13"
"RaV23","6","7","13"
"Ravi_kalabandi2022","7","6","13"
"rayyell","6","7","13"
"Rdflhj_898","7","6","13"
"rdmares","5","8","13"
"read123jaber_1","8","5","13"
"realbadchessplayer67","7","6","13"
"realbirdkiller","7","6","13"
"Rebelking","6","7","13"
"RedArmy1958","7","6","13"
"redbardy","6","7","13"
"Reddypavanagraharam","6","7","13"
"reed1888","6","7","13"
"reenavipul","6","7","13"
"Refalin","6","7","13"
"refik962","8","5","13"
"Refresco007","7","6","13"
"regcanuck","8","5","13"
"reidid-florent","7","6","13"
"RENDOE","5","8","13"
"Renik567","6","7","13"
"retributional","7","6","13"
"rey_jesus","6","7","13"
"Rezaesfahan","7","6","13"
"rezaH1236","6","7","13"
"rgm48","7","6","13"
"RI_11","4","9","13"
"ricardodosanjos","7","6","13"
"Richardchristian29","5","8","13"
"RickCane","6","7","13"
"ricky_white","6","7","13"
"RikhilEmmanuel2019","1","12","13"
"Rilikva","6","7","13"
"Rionetto","7","6","13"
"Rishaank2023","7","6","13"
"rishi3333","6","7","13"
"rishiprakash1234","5","8","13"
"Ritoms","1","12","13"
"RiverMonsterCurt","8","5","13"
"rivo93","6","7","13"
"Riza1958","7","6","13"
"rizkiwicak","6","7","13"
"Rkboss","6","7","13"
"rmarabini","8","5","13"
"Rmr2021","6","7","13"
"ro74cky","10","3","13"
"Robert00077","8","5","13"
"Roberto1150","7","6","13"
"Robinn60","6","7","13"
"robke","8","5","13"
"RobyRM","7","6","13"
"RocketRayme","8","5","13"
"RodriYako","7","6","13"
"Rodrrigo","7","6","13"
"Roferdia","6","7","13"
"rog_basicchess","7","6","13"
"RogerioBAF","7","6","13"
"RogerTunnicliffe","7","6","13"
"Rogithk","6","7","13"
"Rohan_bhau","7","6","13"
"rohmad2","6","7","13"
"roku_shou","6","7","13"
"roky2023","6","7","13"
"rolo1967","8","5","13"
"roman-019","7","6","13"
"RomanDemidoff","5","8","13"
"Romania45","6","7","13"
"romanjke","6","7","13"
"RomanNovikov","8","5","13"
"romansabrek","6","7","13"
"Rominaxia_M2012","7","6","13"
"ronald2_o","6","7","13"
"ronaldino_wmr","5","8","13"
"RonaldPlayChess","7","6","13"
"RoninBgd","6","7","13"
"RonMexico07","6","7","13"
"roscheu","6","7","13"
"Rost42rus","7","6","13"
"rowsennuryyew","6","7","13"
"rsteinfe","7","6","13"
"Rudyacun","8","5","13"
"RufusR1995","7","6","13"
"Runciter79","7","6","13"
"Rupanjali","5","8","13"
"rustam7965","6","7","13"
"Rustem131","6","7","13"
"rvierge69","6","7","13"
"Rvinking","6","7","13"
"RyanGosling14387","7","6","13"
"rychostar21","6","7","13"
"Ryuk44","5","8","13"
"S_e_e_d_m_i_g_a","7","6","13"
"s_imash63","7","6","13"
"sachin_pk","6","7","13"
"sachypalka","7","6","13"
"SACRIFICE123","7","6","13"
"saeedpasargad","7","6","13"
"safi6900","6","7","13"
"sahbala_1951","8","5","13"
"SAHYLilianaT","7","6","13"
"saidacar4949","6","7","13"
"saidaljahmy","6","7","13"
"saiddafar4","6","7","13"
"saifAhmed13","12","1","13"
"saimadhug","7","6","13"
"sakr2000","6","7","13"
"saksham_bhatt50","8","5","13"
"Salem24","6","7","13"
"salimedz","7","6","13"
"Samaresh_007","7","6","13"
"samburadul","7","6","13"
"sameransari","7","6","13"
"samir36","6","7","13"
"SamMov56","5","8","13"
"samoilenko135","6","7","13"
"sampilbeamo","7","6","13"
"samprit_30_11","7","6","13"
"samuelspiderman","7","6","13"
"Samyarattari94","5","8","13"
"Sandhei1949","7","6","13"
"sangamithra2010","6","7","13"
"SanjaySam","6","7","13"
"Sanmora86","6","7","13"
"sanquinejohn","7","6","13"
"Santhosh-ck","6","7","13"
"sarankunnath","3","10","13"
"sarsen8282","6","7","13"
"sasanshokri","5","8","13"
"Sascha0412","6","7","13"
"SAselen200","7","6","13"
"Sasha-omon3214","4","9","13"
"sayedmaher","6","7","13"
"SCBN-Uli","6","7","13"
"Schandrashekar123","6","7","13"
"Schlages1","7","6","13"
"schueers","6","7","13"
"Scobiwan","5","8","13"
"Scoobie88","7","6","13"
"scramblee","7","6","13"
"scrub_patrol","7","6","13"
"SDavila","6","7","13"
"seanwu6666666666","5","8","13"
"Seddeeg6012","8","5","13"
"sejad_63","6","7","13"
"selman41","7","6","13"
"SenaVoraz","7","6","13"
"Seneca76","9","4","13"
"seralanc","7","6","13"
"serdarov47","5","8","13"
"Serega_53","7","6","13"
"Serega518","7","6","13"
"serg_visotskii","6","7","13"
"SergeGridchiN77","6","7","13"
"sergei0606","7","6","13"
"Sergej-66","6","7","13"
"SergejsPavloovics","7","6","13"
"Sergekdo","7","6","13"
"Sergey_Stepanov","6","7","13"
"SergeyVladimirovich1","7","6","13"
"sergiodone","6","7","13"
"Sergioop","8","5","13"
"Seric1503","6","7","13"
"Seriyvolk1","6","7","13"
"Serkanvrgl1","7","6","13"
"Setekcheo","6","7","13"
"Sever1990","7","6","13"
"severus20","7","6","13"
"sevseal","6","7","13"
"shadow10101","5","8","13"
"Shadow1414","6","7","13"
"shadyattia","7","6","13"
"shahzad_786","7","6","13"
"shamally","5","8","13"
"shamir2021","8","5","13"
"Shanibraaz","7","6","13"
"shaponspn3","7","6","13"
"sharif1395","6","7","13"
"Shasheen98","6","7","13"
"ShashwatShekhar","6","7","13"
"sheagrotke","8","5","13"
"shelby_kin","5","8","13"
"Sheldon85","6","7","13"
"Shelvingknee","7","6","13"
"shen0067","6","7","13"
"shen0072","6","7","13"
"shen0074","7","6","13"
"shen0084","5","8","13"
"Shenn_M","6","7","13"
"ShenonDeMarco","5","8","13"
"Shenu","7","6","13"
"sherlock_holmes77","6","7","13"
"shiko10messi","6","7","13"
"shimonzil123","6","7","13"
"shin92475","6","7","13"
"Shirviyeh","7","6","13"
"shivachaithanya","6","7","13"
"Shivam_Zaveri_Shivu","7","6","13"
"shooggun","7","6","13"
"shrivis52","6","7","13"
"shubhamshivamm","6","7","13"
"Shubini52","6","7","13"
"Shyamal_M","7","6","13"
"Siam7xus","7","6","13"
"SiberiaRFplus","6","7","13"
"SicilianReptile2","7","6","13"
"sick69boy","8","5","13"
"SidiAbdallahi","8","5","13"
"Signum1992","5","8","13"
"Sijevabila","5","8","13"
"SilasCorei7","6","7","13"
"Silver_Viper","6","7","13"
"silvergrey06","6","7","13"
"silviohelder","7","6","13"
"simay8","6","7","13"
"simgri","6","7","13"
"simhues","6","7","13"
"sinahhh","6","7","13"
"sindaRED","5","8","13"
"sindjelic","7","6","13"
"sinister_A","7","6","13"
"sisifo84","8","5","13"
"Sitieneikorir","8","5","13"
"Sjwsidar","8","5","13"
"skarpov64","5","8","13"
"skiran25","6","7","13"
"Skolfild","7","6","13"
"SkyMaker03yt","6","7","13"
"SlappyRick","7","6","13"
"sloth-guy","8","5","13"
"smile_amf","6","7","13"
"SmitRuparel","7","6","13"
"smurfinn23","7","6","13"
"Snegovik17","7","6","13"
"SNizami","6","7","13"
"SoBad1975","7","6","13"
"Sof911","6","7","13"
"sofiaioan","6","7","13"
"Sofiane92D","7","6","13"
"Sofos_1","7","6","13"
"Sofri","7","6","13"
"Sohaib_saif","6","7","13"
"soheil_jafari","5","8","13"
"Sokho","7","6","13"
"SOMESH1999","6","7","13"
"somvid","7","6","13"
"sonuray","6","7","13"
"SOPHIAANTIPOLIS","7","6","13"
"Sorre91","5","8","13"
"soy_un_martillo","6","7","13"
"SoyDaddy","7","6","13"
"spacedust_cigada","7","6","13"
"Spartac_11","6","7","13"
"spartacouille","7","6","13"
"Speedymove","6","7","13"
"SPI-Sergey","7","6","13"
"spi1234","7","6","13"
"spirit_1988","6","7","13"
"spsilvio","6","7","13"
"srivi_25","6","7","13"
"srki1","6","7","13"
"SSJAMERIII","6","7","13"
"stankov51","6","7","13"
"StanPalees","8","5","13"
"StanStro81","6","7","13"
"ste8686","7","6","13"
"stealth8","7","6","13"
"Stefanoela","6","7","13"
"Stefking","7","6","13"
"stefrelax","7","6","13"
"stelaz99","6","7","13"
"stevemcg1967","6","7","13"
"stifo11","7","6","13"
"stivwa","6","7","13"
"su51t0","7","6","13"
"SukaPunch","6","7","13"
"SungJiWoo","6","7","13"
"sunil-sharma","7","6","13"
"Sunrise71","7","6","13"
"Super_Bizon","6","7","13"
"SuperCoco78","7","6","13"
"SuperFish22","7","6","13"
"Suresh000","7","6","13"
"Suri2015","6","7","13"
"sus_guy_W","6","7","13"
"suzuner","6","7","13"
"Svet_17","6","7","13"
"svilenivanov","7","6","13"
"svyatoslav-murashkin","6","7","13"
"swara_new","7","6","13"
"swarms_of_lizards","7","6","13"
"Swarz1","7","6","13"
"swayze008","6","7","13"
"Sybotes","6","7","13"
"tablier64","5","8","13"
"Tackleberry","7","6","13"
"TAETAE_11","6","7","13"
"TAGwei","6","7","13"
"taher1977","7","6","13"
"Taicosta","7","6","13"
"tandem100","6","7","13"
"Tanghuizhi","6","7","13"
"tano_chess1","6","7","13"
"TanveerBahl_1o8","7","6","13"
"Tarckhan","6","7","13"
"Tati64","6","7","13"
"Tayfun67","6","7","13"
"Tedil","7","6","13"
"teix11","7","6","13"
"Tejasssui7","7","6","13"
"TeJot_51","6","7","13"
"tengis9999","5","8","13"
"Tensei07","7","6","13"
"termenvox","6","7","13"
"Teszeo","7","6","13"
"Teun24","5","8","13"
"Thanasis004","6","7","13"
"thapelo03","7","6","13"
"thebest7","8","5","13"
"TheBigJalacktus","6","7","13"
"thebossKINGofchess","6","7","13"
"THECARELESSBISHOP66","8","5","13"
"theginger33","7","6","13"
"TheHarlequin","6","7","13"
"thenggo24","6","7","13"
"theobarous","6","7","13"
"theOneAmongOnes","6","7","13"
"TheRaphael0000","8","5","13"
"thesercetplayer","7","6","13"
"TheycallmeRick","7","6","13"
"thittaithiruma","8","5","13"
"thulan","7","6","13"
"thulasiraja","7","6","13"
"thumbeza_namwaves","7","6","13"
"thuoson12","7","6","13"
"Tienduy2019","7","6","13"
"TieRCHecK","7","6","13"
"tiger2505","6","7","13"
"tigergoose","6","7","13"
"TimFrolSerg","6","7","13"
"timur_out1823","5","8","13"
"Timur88","7","6","13"
"titalasordita","7","6","13"
"Tk12Schaken","8","5","13"
"TKS-NASH-CoachJack","5","8","13"
"tna3","7","6","13"
"TNC_phubao217","7","6","13"
"Tobyasha","5","8","13"
"TokBali","7","6","13"
"toli24","7","6","13"
"Tomasescauriza","6","7","13"
"Tombi_123","8","5","13"
"tommihietanen","6","7","13"
"tommwell","6","7","13"
"TomWessels","6","7","13"
"tomysuko","8","5","13"
"ToniDog","6","7","13"
"Tormoz63","6","7","13"
"Tornssen","7","6","13"
"Torshilove","8","5","13"
"toto1987","8","5","13"
"Trauriger_Panda","6","7","13"
"trebescaques","6","7","13"
"treywait","6","7","13"
"tricampeon43","8","5","13"
"Trini27","5","8","13"
"TripleTarantula","5","8","13"
"Trix316","8","5","13"
"Trofa68","6","7","13"
"Trumpum65","7","6","13"
"truth-hurts","5","8","13"
"trygambit","5","8","13"
"Tulko","6","7","13"
"Tumuti","5","8","13"
"tunakonuk20","6","7","13"
"tur2117","7","6","13"
"turkjs","7","6","13"
"Turmreiter","7","6","13"
"Tutapchoiii","5","8","13"
"Tyson1952","6","7","13"
"Tzap90","7","6","13"
"UliashkaM","7","6","13"
"umitc","6","7","13"
"unclJ","6","7","13"
"Unknown_Realms","7","6","13"
"Urbani77","7","6","13"
"usrp1973","7","6","13"
"uzbeka","6","7","13"
"V_i_l_i_k","7","6","13"
"v_naresh","7","6","13"
"v123cro","7","6","13"
"Vadim10_10","7","6","13"
"vaell","7","6","13"
"VAKarpov","6","7","13"
"Valer53","7","6","13"
"ValeraKTR","8","5","13"
"ValeryVK","6","7","13"
"Vanbit63","7","6","13"
"VasilyPurtov","7","6","13"
"vasquezaa01","6","7","13"
"Vedanshbhatt","6","7","13"
"Veggan","6","7","13"
"VEN_OM","4","9","13"
"veniamin_miass","7","6","13"
"Vennky","6","7","13"
"Venom49","6","7","13"
"verenaki","5","8","13"
"Verjovina100cc","6","7","13"
"versales2","7","6","13"
"veryclevertactic","6","7","13"
"vetalshap123","3","10","13"
"vethum17","7","6","13"
"veverko7000","8","5","13"
"VexelD","6","7","13"
"VFN","7","6","13"
"VictorL40000","5","8","13"
"victoryvinay","8","5","13"
"VIDITSHETTY","6","7","13"
"vijay57","6","7","13"
"Viji22","7","6","13"
"Viktor610124","6","7","13"
"Vincent_1106","6","7","13"
"VincenzoP88","8","5","13"
"vinseiroja2","7","6","13"
"viriviri","6","7","13"
"Visithorr","5","8","13"
"VitalyPolykov","6","7","13"
"VittorioZac","9","4","13"
"Vivek_sharma_m11","6","7","13"
"vlad48ps","7","6","13"
"vladimirkovalenko","10","3","13"
"vladimiropt","6","7","13"
"VladimirStarostin","7","6","13"
"VojkoVeder","6","7","13"
"VoLaND23","6","7","13"
"Volkano_Chess","6","7","13"
"volpe_artica","7","6","13"
"Voronasmz","5","8","13"
"vouzas87","6","7","13"
"vovan-1960","7","6","13"
"voykoff_n","6","7","13"
"VrushankMasurkar","6","7","13"
"vsetin","6","7","13"
"VVS77","6","7","13"
"vvvvpro6","6","7","13"
"vyacheslav07","6","7","13"
"waelll1986","6","7","13"
"waelshehawy","7","6","13"
"wahrdigar","6","7","13"
"wanaaaa","6","7","13"
"WasfiVK","7","6","13"
"Wass1m","6","7","13"
"watashiwayogisan","6","7","13"
"Weedii","7","6","13"
"wertepk","7","6","13"
"whataboutn0","6","7","13"
"WhiteCrest","5","8","13"
"whitewalker9976","7","6","13"
"WhyNotZoidbergGeeM","6","7","13"
"wildprimat","7","6","13"
"WilfriedBurundi","7","6","13"
"wiliii","7","6","13"
"wilkens48","8","5","13"
"willtaylorchess","6","7","13"
"Wisamhwyjeh","7","6","13"
"WonHitBlunder","5","8","13"
"WORLDndsHERO","7","6","13"
"wormsfire","7","6","13"
"wukasap","6","7","13"
"Wutendes_Heer","6","7","13"
"Wyzarb","6","7","13"
"X_Rambo_X","6","7","13"
"xadrezlusitano","7","6","13"
"Xaginaldo","6","7","13"
"xDeSx777","6","7","13"
"xdragonx21","7","6","13"
"Xeknar","6","7","13"
"XingPilingAmial","7","6","13"
"xM4xGrimmx","5","8","13"
"XonkiZ","7","6","13"
"xowareta","6","7","13"
"xpro9000ajedrez","6","7","13"
"xristososfp7","7","6","13"
"XuanhaiGD","7","6","13"
"xXFaLcOhXx","6","7","13"
"yaduguru","6","7","13"
"YAHIA_41","7","6","13"
"YakushenkoDenis","6","7","13"
"YaMoguch","6","7","13"
"yaniboy26","7","6","13"
"Yarchina890","5","8","13"
"yasg","7","6","13"
"Yashraj-Krishna","7","6","13"
"Yasin277","5","8","13"
"Yasvien","7","6","13"
"yobmijonalom","7","6","13"
"Yonitlevi","7","6","13"
"yonko-joy","7","6","13"
"youceff","7","6","13"
"Yousef08","6","7","13"
"yoyo7979","6","7","13"
"YSFGNDS","7","6","13"
"ysfok","6","7","13"
"Yungles","9","4","13"
"yunusemrebrbr","7","6","13"
"YuraKostyaRudolf","7","6","13"
"yurob2018","6","7","13"
"YusufCaglayan62","6","7","13"
"yuvi9","7","6","13"
"Yveu_68380","8","5","13"
"Z_Denny","7","6","13"
"Zafar1Ali-Khan2","7","6","13"
"zakitou96","5","8","13"
"Zazo0321","6","7","13"
"zdravkooreski1","6","7","13"
"zemazema","9","4","13"
"Zeriale","6","7","13"
"zetetic2","7","6","13"
"Zeus_Sarao","7","6","13"
"Zevaka59","7","6","13"
"zeyad86","7","6","13"
"Ziiiizuu","7","6","13"
"ZloyDenis","6","7","13"
"zmey12","7","6","13"
"zoomzoom31","5","8","13"
"Zsakk19","7","6","13"
"zubenkofinesse","6","7","13"
"zul_95","7","6","13"
"zumberel","6","7","13"
"Zusakhe9","5","8","13"
"ZwazO","6","7","13"
"ZYPHYRINIUM","4","9","13"
"zzzoro1","6","7","13"
"a_denisov1","6","6","12"
"a_klv8977","6","6","12"
"A_magdy17","6","6","12"
"A_oubenadou","6","6","12"
"A_Typing_Dog","6","6","12"
"A041708ANHAO","5","7","12"
"A29121950","4","8","12"
"A74sifat","6","6","12"
"aaalcain","6","6","12"
"aamerr4u","8","4","12"
"aarushibrahma","6","6","12"
"Aazimbek","6","6","12"
"ABakaR2022","6","6","12"
"Abakumov_Nikita3","6","6","12"
"Abasimmimbok","6","6","12"
"abasKakavand","7","5","12"
"abbas33","6","6","12"
"abbas7213","6","6","12"
"Abbas7890","7","5","12"
"abbedreza","7","5","12"
"Abdorrazagh","7","5","12"
"abedulla","7","5","12"
"abelgallegos","6","6","12"
"ABhiLash-2013","6","6","12"
"Abhipalake","5","7","12"
"Abhivek","7","5","12"
"Abies21","6","6","12"
"abishot","5","7","12"
"abo_Noah","6","6","12"
"aboalnon86","7","5","12"
"abofaris1400","7","5","12"
"Abozed","5","7","12"
"Abu_noon2003","10","2","12"
"Abubakr1999","6","6","12"
"Acibi","6","6","12"
"Acid_Hash","5","7","12"
"ackonikolcevic","6","6","12"
"Adamec621","5","7","12"
"adangertomyself","5","7","12"
"AdeebShelfoot","4","8","12"
"adhitya_reddy11","5","7","12"
"AdisPadalarang","5","7","12"
"AdleyGamil","6","6","12"
"Adonis_ez800","6","6","12"
"ADRIAN0963","7","5","12"
"AdrianT92","6","6","12"
"adsydm","7","5","12"
"advisor2024","6","6","12"
"aegis82","6","6","12"
"Afrique71","7","5","12"
"aftrm","6","6","12"
"agentxyz","6","6","12"
"agrosias96","7","5","12"
"AGUINALDO79","5","7","12"
"Agus_Petir","7","5","12"
"agushsurf","6","6","12"
"agusnoopy","6","6","12"
"ahmadbahry","6","6","12"
"Ahmadreda","5","7","12"
"Ahme2020d","4","8","12"
"Ahmed_Abd_alaate","5","7","12"
"ahmed2106","6","6","12"
"Ahmedaminelabidi","5","7","12"
"aiseitan","5","7","12"
"Ajbest1","6","6","12"
"AJGamerz","4","8","12"
"ajismart","6","6","12"
"ak24abhishek","5","7","12"
"akagamenoshanks","7","5","12"
"akbary","5","7","12"
"Akhil_anand","5","7","12"
"akiferdem72","6","6","12"
"AkleShan","6","6","12"
"Ako_2002","6","6","12"
"Akshaj_Tiwari10","6","6","12"
"Akshu-Rishu","5","7","12"
"Aktilek_11","6","6","12"
"akum42","6","6","12"
"akyl-624157","6","6","12"
"aladum","8","4","12"
"alain-94510","6","6","12"
"alain06","6","6","12"
"Alashne21","6","6","12"
"albernis","6","6","12"
"alcohol-chess-master","6","6","12"
"Aldo3112","6","6","12"
"AldrKh","7","5","12"
"alejoalexnebres","7","5","12"
"Aleks3j","5","7","12"
"Aleksandr-11_11","6","6","12"
"Aleksandr1411","6","6","12"
"Aleksandr2345","5","7","12"
"Aleksei2105","6","6","12"
"Aleksej12345","6","6","12"
"aleksusik","6","6","12"
"Aleslori","6","6","12"
"Alex_3681","7","5","12"
"Alex_Punisher","6","6","12"
"Alex-elsh2103","6","6","12"
"Alex260180","7","5","12"
"Alex7777Alex","7","5","12"
"Alex85kov","6","6","12"
"Alexander_Shirayev","7","5","12"
"Alexander52NN","7","5","12"
"Alexander830309","6","6","12"
"Alexanderlein","6","6","12"
"AlexAndreev","5","7","12"
"Alexanow","6","6","12"
"AlexBur78","6","6","12"
"alexcoma","6","6","12"
"alexey2484","5","7","12"
"Alexeydom","6","6","12"
"AlexI1961","7","5","12"
"alexluna558","7","5","12"
"AlexNauts_33","6","6","12"
"Alexorio","8","4","12"
"alexsnrmo","6","6","12"
"alexStamKz","8","4","12"
"alfnanalsury","7","5","12"
"Ali_sh_513","7","5","12"
"ali106","7","5","12"
"Ali19840","7","5","12"
"ali9146323","5","7","12"
"aliakbar296","6","6","12"
"aliasghar12","6","6","12"
"aliibra","7","5","12"
"AliKhdayari","5","7","12"
"alinaboby88","5","7","12"
"alish66","6","6","12"
"aljorany","7","5","12"
"alkhalif","6","6","12"
"alla_ukr","7","5","12"
"Allaam4321","6","6","12"
"Altan-74","7","5","12"
"Alucard_9","7","5","12"
"Alvarieta","5","7","12"
"AlvaroEmilio","7","5","12"
"alvedo11","8","4","12"
"Amadeus27","5","7","12"
"amalavia","6","6","12"
"AmaliaRC","6","6","12"
"AmazingAdvay","6","6","12"
"Amdad","6","6","12"
"Amdid2-d4","6","6","12"
"ameziane","6","6","12"
"aminebessaad","6","6","12"
"AmineTag","6","6","12"
"amir0123456789","6","6","12"
"amir8282828282","5","7","12"
"amirfarnood","6","6","12"
"amirhossein90mm","6","6","12"
"amirreza1393G","5","7","12"
"amirtjkc","6","6","12"
"AmmarHisham1993","6","6","12"
"amrabulfatth","6","6","12"
"An_eeger","5","7","12"
"AnamesX","6","6","12"
"anas02618","6","6","12"
"AnatolyKarpark","6","6","12"
"AndersonBalieiro","6","6","12"
"andima1971","5","7","12"
"AnDRaGoRaSsS","6","6","12"
"Andreaa85","6","6","12"
"AndreaGlorioso","6","6","12"
"andreaschris","5","7","12"
"andreasdoppler","8","4","12"
"AndreasTelkin","6","6","12"
"andres3174","6","6","12"
"andrey_76","6","6","12"
"Angie86","6","6","12"
"angrytongan","5","7","12"
"AngryWildabeast","4","8","12"
"anhkhoai","7","5","12"
"aniket9465","6","6","12"
"AnilBasar","6","6","12"
"anilone","7","5","12"
"AnkurDutta","6","6","12"
"Anne_xion","7","5","12"
"anohinvs","6","6","12"
"Anpasanovic","6","6","12"
"Anshulthemegamind","5","7","12"
"antdimezza","6","6","12"
"Antoine_Cortes19","5","7","12"
"Antonio_de_Bashirio","6","6","12"
"antonioachasaenz666","6","6","12"
"antoniocass","7","5","12"
"Antonius855","7","5","12"
"AntonM5","5","7","12"
"anujsp","8","4","12"
"anuklownvoice","7","5","12"
"anyelo2023","6","6","12"
"apeltberlin","7","5","12"
"Arafa79","6","6","12"
"AramM75","7","5","12"
"araz122","7","5","12"
"archer711","6","6","12"
"Arda_Turan-2010","5","7","12"
"AREF1209","5","7","12"
"Arfshn","6","6","12"
"argasara","6","6","12"
"ariarayan","6","6","12"
"Arif313","6","6","12"
"Arindam7408","7","5","12"
"Ariobaldo","6","6","12"
"ARIS-KUSDWIAN01","6","6","12"
"arjunahluwalia","6","6","12"
"Arkadiy1987","5","7","12"
"Arkady-1965","6","6","12"
"arlosmar","7","5","12"
"Arman_Mostafa","5","7","12"
"Armen750","7","5","12"
"armia4678","7","5","12"
"ArnoJunior","7","5","12"
"arnoldAK","6","6","12"
"Arny73","6","6","12"
"arobledo2188","4","8","12"
"ARPITSAXENA10","6","6","12"
"ArpitSurin25","5","7","12"
"ArteVas","6","6","12"
"Arthur6554","6","6","12"
"arthurviking","6","6","12"
"Artmaks","6","6","12"
"Arya_Pring","6","6","12"
"Asa200","7","5","12"
"ASalamox","7","5","12"
"Asalzkr","5","7","12"
"Asd1965","6","6","12"
"asdfggfdsa564","6","6","12"
"ASeriousManu","5","7","12"
"asfdgs","7","5","12"
"ASG59","5","7","12"
"ashim_timsina","8","4","12"
"Ashketcher1234","7","5","12"
"ashok2404","6","6","12"
"asif_udn","7","5","12"
"ASKiselev","5","7","12"
"Aslan_Aras","6","6","12"
"asleonov","6","6","12"
"assinonia","6","6","12"
"AssisBrasil","7","5","12"
"ataquines","7","5","12"
"atg2292","6","6","12"
"Athos1968","7","5","12"
"ATRAYAA","7","5","12"
"aturan34","6","6","12"
"Aurocastro","6","6","12"
"aussetzer","5","7","12"
"average_d4_enjoyer","5","7","12"
"AVG77","5","7","12"
"ayda1388","5","7","12"
"Aykut-NL","5","7","12"
"Ayush1king7","6","6","12"
"Ayy_Caramba","7","5","12"
"Aza94","4","8","12"
"azizelmasry","5","7","12"
"azizipour","8","4","12"
"b-b-91","7","5","12"
"b0tt0m_0ne","6","6","12"
"B33333","7","5","12"
"b619","8","4","12"
"babalik63","6","6","12"
"Babi_genit","5","7","12"
"Babola73","6","6","12"
"backinvanguard","6","6","12"
"BADromantic","7","5","12"
"BAG4Ever","6","6","12"
"bahadiralp","7","5","12"
"bahram_keshvari","6","6","12"
"BahramAlizadeh","6","6","12"
"bahraouimed","6","6","12"
"bakoly","6","6","12"
"BamVam","5","7","12"
"BandM101","7","5","12"
"BanquosGhosts","7","5","12"
"bapin","5","7","12"
"Baronlex","5","7","12"
"Bart40","6","6","12"
"basemelahwal","7","5","12"
"Basharmax1984","5","7","12"
"basketballsreenika","4","8","12"
"basya77","6","6","12"
"batman2045","6","6","12"
"bazilews2022","4","8","12"
"bderlibya","5","7","12"
"Beber108119","5","7","12"
"bebeyoshi","6","6","12"
"Becken","6","6","12"
"Beforeigner","6","6","12"
"begona42","6","6","12"
"Behnamnoshadi","8","4","12"
"bekair","6","6","12"
"Belavez","6","6","12"
"BenDoreau2","6","6","12"
"BenefitOfMisterKite","6","6","12"
"Benn9","7","5","12"
"benniblanco99","6","6","12"
"BERAT2A","5","7","12"
"Bernardo_PLima","5","7","12"
"bernicusmi23","6","6","12"
"besogambit","5","7","12"
"betbest","6","6","12"
"betinhoo","6","6","12"
"Bezubi","5","7","12"
"bhanavss","6","6","12"
"Bhentz08","5","7","12"
"bhootakrit","7","5","12"
"Bigblast","5","7","12"
"BigHalbo","7","5","12"
"BigHamburger","7","5","12"
"Bigreddog22","2","10","12"
"Bile3","4","8","12"
"BJxZ","6","6","12"
"BlackLatino","6","6","12"
"BlackLeopard1","7","5","12"
"blauerdiskus","6","6","12"
"Blazingwheels","6","6","12"
"Blister007","6","6","12"
"BLS_555","8","4","12"
"bludvl","5","7","12"
"blunderyan","5","7","12"
"BLUQuyenAn2013","7","5","12"
"Bmjm","6","6","12"
"bobi43","6","6","12"
"bobyjo","6","6","12"
"bodgar","6","6","12"
"Bogdanov-68","6","6","12"
"BoLdpiLot01","4","8","12"
"bolek1981","6","6","12"
"BoonezGG","5","7","12"
"BorisP1","7","5","12"
"boristrump","6","6","12"
"BornedHope","5","7","12"
"Borrrico97","6","6","12"
"Borycki","7","5","12"
"BoyIv38","6","6","12"
"bp001","7","5","12"
"bramoh2023","3","9","12"
"brentkosta","6","6","12"
"BrightMoonLotusCave","7","5","12"
"Brisa_R","7","5","12"
"brm54","5","7","12"
"brodyagasdaga","6","6","12"
"Bromi1","6","6","12"
"brunobu","5","7","12"
"brunothetzu","5","7","12"
"Bubaleh99","5","7","12"
"BubbeSS","7","5","12"
"BubblesOrange","6","6","12"
"Bubblysigna","6","6","12"
"Budkin-Sasha-2008","6","6","12"
"budokan1111","5","7","12"
"bugas","6","6","12"
"burakaev64","5","7","12"
"buraksevli","6","6","12"
"burcumevapolat","7","5","12"
"burgi_real","5","7","12"
"ButterJoshua","6","6","12"
"Bvg57","5","7","12"
"BW00","6","6","12"
"bxjejdjd","6","6","12"
"byerley","7","5","12"
"bystriedengi","6","6","12"
"c0nviva","7","5","12"
"CaballeroTemplario","6","6","12"
"Caballoasesino15","6","6","12"
"CaballoKH7","6","6","12"
"callokey","4","8","12"
"canary1375","6","6","12"
"Capivara2019","6","6","12"
"Capivareiro","5","7","12"
"Capogi777_123","6","6","12"
"Carabistouille14","6","6","12"
"carcmg","5","7","12"
"Carlos2677","7","5","12"
"CarlosBOliveira","6","6","12"
"carmid223","7","5","12"
"Carovilla","7","5","12"
"cascarrabias","7","5","12"
"casuarius","6","6","12"
"CatalinBo","6","6","12"
"catar2","5","7","12"
"catarino","6","6","12"
"caucho8","5","7","12"
"cavalomaleado","7","5","12"
"cavansir17","6","6","12"
"CB_Vijay","6","6","12"
"Cboy3000","6","6","12"
"ceddigenderfeddigen","6","6","12"
"celebrate99","6","6","12"
"CellosCh","6","6","12"
"Centro23","6","6","12"
"Cesar_Forero","5","7","12"
"Cesardel","6","6","12"
"CG86","5","7","12"
"Cgitari","5","7","12"
"Chakilicious","7","5","12"
"chalich","5","7","12"
"Chamunorwa","6","6","12"
"Chandra410","7","5","12"
"chard634","5","7","12"
"CharesG","6","6","12"
"Charliedietz007","5","7","12"
"charliemwangelwa","6","6","12"
"Charrusco","9","3","12"
"ChaturangiUno","7","5","12"
"chechelo","7","5","12"
"Chees_Cake","5","7","12"
"CHELERO","7","5","12"
"chems","6","6","12"
"Cheops60","7","5","12"
"Chess-1979","6","6","12"
"chess4relieve","6","6","12"
"Chess8841","6","6","12"
"chessaddict_new","6","6","12"
"ChessAmateur2022","6","6","12"
"chessgenio","6","6","12"
"ChessGPT-8","5","7","12"
"chesshardhelp","5","7","12"
"ChessLearnerBoy","6","6","12"
"chessmaster179","7","5","12"
"chessnotcheckers100","5","7","12"
"chessplayerhans","7","5","12"
"chessrgood","6","6","12"
"chessrook23","6","6","12"
"ChessStar128","6","6","12"
"ChesStef72","6","6","12"
"Chesstop10","5","7","12"
"chessvicing","7","5","12"
"ChessWhizAbhi","6","6","12"
"ChessyNW","6","6","12"
"chetanreddy9","6","6","12"
"CHEVOLUS","6","6","12"
"chinez_7","6","6","12"
"Chirag037","6","6","12"
"chk_L","7","5","12"
"Chris_Dinesh","6","6","12"
"ChrisBuck","5","7","12"
"chrisbuda76","6","6","12"
"ChrisPhil1100","6","6","12"
"ChristoffelvonG","5","7","12"
"Christoph0ros","6","6","12"
"Chrobry1","6","6","12"
"chtimou","6","6","12"
"Chuck1946","7","5","12"
"chuk-cha","5","7","12"
"chuprik","6","6","12"
"cierco","6","6","12"
"cim-cima","7","5","12"
"CIMBRO56","7","5","12"
"citygirl","7","5","12"
"Claudio1984","7","5","12"
"Clermosanchez","6","6","12"
"Clive96","6","6","12"
"clubhouse","6","6","12"
"CmdteAG","6","6","12"
"Coldpan","4","8","12"
"Colombiamate","6","6","12"
"Colonro","6","6","12"
"ConcreteCubes","5","7","12"
"ConstantlyMorphyng","6","6","12"
"ConsumerDoc","6","6","12"
"Copywrite789","6","6","12"
"cornbread123","6","6","12"
"cosack","6","6","12"
"COSTA-SPU","6","6","12"
"Countchescula","6","6","12"
"cp22333","5","7","12"
"CPatrik","6","6","12"
"Cps_mihikasontakke","6","6","12"
"cpthareja","6","6","12"
"Craigalex","7","5","12"
"crcaballero","6","6","12"
"Crevlyn","6","6","12"
"CrimsonTide1","5","7","12"
"Crisantisimo","6","6","12"
"CRNI75","6","6","12"
"Crozic","5","7","12"
"cstr1","7","5","12"
"ctp2727","6","6","12"
"Cube1985","6","6","12"
"CubicKnightInSpace","6","6","12"
"cudikentli","7","5","12"
"CuidadoMiRey","6","6","12"
"cuk1987","7","5","12"
"D_Co","7","5","12"
"D0X-07","7","5","12"
"D0X-O7","5","7","12"
"D4P4z","6","6","12"
"Dacaru","7","5","12"
"Daddyfoxme","6","6","12"
"DaddyPredator","6","6","12"
"dadyar","6","6","12"
"daintygoose","6","6","12"
"DakshBawari","6","6","12"
"DaMiR1609","7","5","12"
"DangQuan-2015","5","7","12"
"Daniel8956","6","6","12"
"DanielMuilwijk1997","6","6","12"
"Daniil_ka354","5","7","12"
"DanilKhalmuratov","5","7","12"
"Daniyar2177","5","7","12"
"Dantropov","6","6","12"
"danubrata","6","6","12"
"DaPawn50","6","6","12"
"Dark_Paladin","6","6","12"
"darkknight21813","6","6","12"
"DarkorAAH","6","6","12"
"DarkrayFab","4","8","12"
"Darovskih","7","5","12"
"darshanmandrekar","7","5","12"
"DARUM1","6","6","12"
"darwesh3030","6","6","12"
"darwin-br","7","5","12"
"dasauto11","6","6","12"
"Dascha_2012","6","6","12"
"dasher88","7","5","12"
"dashze38","7","5","12"
"dauren1985","7","5","12"
"DaviChaves7","6","6","12"
"David_Ph","5","7","12"
"David-Arias","6","6","12"
"Davidozni","6","6","12"
"davidtonon","7","5","12"
"davtyanrafik","5","7","12"
"Dawidkaan07","7","5","12"
"Dawntracker","6","6","12"
"ddoddokim15","6","6","12"
"DeamonTT","7","5","12"
"Deboris_Crackenbush","5","7","12"
"dedretr","7","5","12"
"DedVovka43","6","6","12"
"DeejaySaras","7","5","12"
"DeepBlueDaniel","5","7","12"
"Deeskaten","7","5","12"
"dehakaana01","7","5","12"
"DejanCamagic","5","7","12"
"deli_balta","6","6","12"
"DeLugnt","6","6","12"
"demon-hunter23","6","6","12"
"Den1329","6","6","12"
"Denis-190","6","6","12"
"deniztheviking","6","6","12"
"der100xp","5","7","12"
"dertach","6","6","12"
"Desfinara","7","5","12"
"DeswaL_04","7","5","12"
"devanshk10","5","7","12"
"Devarajkaranam","5","7","12"
"dexmorgan","6","6","12"
"Deyanmulya","6","6","12"
"dhairya297","7","5","12"
"dialde","7","5","12"
"Diana_1418","6","6","12"
"Diana_panChen","6","6","12"
"Dianaa_98","7","5","12"
"diego29932","8","4","12"
"DiegoFelipe","5","7","12"
"dikarev","7","5","12"
"Dilip1407","5","7","12"
"Dim_Mid","6","6","12"
"dima1509","6","6","12"
"dimas334","6","6","12"
"DimaZaika755","6","6","12"
"dimkaaaa743","6","6","12"
"DinhoAFM","7","5","12"
"dinusara28","6","6","12"
"DirtyHarry1900","7","5","12"
"DiscipleOfJesus","6","6","12"
"Distroyer049","7","5","12"
"distroyer2145","7","5","12"
"Ditiatev","6","6","12"
"Dittu84","6","6","12"
"DivadLank","7","5","12"
"DjMarszal","6","6","12"
"DJohnson-MNW","6","6","12"
"DmitriyMi","5","7","12"
"Dmitry_Galev","6","6","12"
"DmVader","7","5","12"
"dnadk1","6","6","12"
"dnirban_14","6","6","12"
"DO1086","7","5","12"
"DobriDiv","5","7","12"
"dobro455-saha","6","6","12"
"DocAru","6","6","12"
"Docfire2","7","5","12"
"Domdossantos","6","6","12"
"domgab","5","7","12"
"dominic1972","6","6","12"
"Domsooce","5","7","12"
"donaldblubberlutsch","6","6","12"
"Donatdoni","7","5","12"
"Doniyor2209","6","6","12"
"doniyor3999","7","5","12"
"doris66","6","6","12"
"doutorferro","5","7","12"
"dows3590","6","6","12"
"DoxxRust","6","6","12"
"dpd73","6","6","12"
"DPprajapati","6","6","12"
"Dr_R_tagoo-ru","6","6","12"
"Dr_Z0idberg","6","6","12"
"Dr-Herb","6","6","12"
"drachlin","5","7","12"
"drajwer46","6","6","12"
"draradam","7","5","12"
"DrBritoJr","7","5","12"
"Dreamer_90","6","6","12"
"Drex78","5","7","12"
"Driesmat","7","5","12"
"Driskoser97","6","6","12"
"Droidfish76","6","6","12"
"drwho1974","7","5","12"
"dsgerbert","5","7","12"
"DTH_nguyenvanduchieu","5","7","12"
"Duck_hunt","6","6","12"
"dumbass7777","5","7","12"
"dung168","6","6","12"
"dunkler_laeufer","6","6","12"
"DurbanKnight","7","5","12"
"Durian2020","6","6","12"
"dusavecundcommedus","7","5","12"
"dvp57","7","5","12"
"Dyzio51","6","6","12"
"Dzam6","7","5","12"
"E1981","6","6","12"
"EA_SD","6","6","12"
"EAChess131","6","6","12"
"EAGLE_RED","5","7","12"
"Early1981","6","6","12"
"ebrahem7046","7","5","12"
"Ebrahim199a","5","7","12"
"ebzaspektrum","6","6","12"
"Ecless3355","7","5","12"
"edbore52","6","6","12"
"EdgarCorrea33","7","5","12"
"edlirKurthysa","6","6","12"
"edo_satriany","5","7","12"
"edzvarsity","6","6","12"
"eeucomisso","7","5","12"
"efe4248","6","6","12"
"efim264","6","6","12"
"eggtarts","6","6","12"
"eghosaigunma","6","6","12"
"Egor_Vasil","6","6","12"
"EgorBR","8","4","12"
"Egyeki","6","6","12"
"EinenBestie","6","6","12"
"ekweitsu","7","5","12"
"El_sayed25","6","6","12"
"EL-Magneto","6","6","12"
"Ela161616","6","6","12"
"elbierhoff09","6","6","12"
"Eldukeduran","6","6","12"
"elgred","5","7","12"
"ElguerrerodeDios","5","7","12"
"Elian93","5","7","12"
"elip4r","7","5","12"
"ELIy77","6","6","12"
"Elmlegyart","6","6","12"
"Elolimy","6","6","12"
"ElRaaaaaaaahul","6","6","12"
"Elviscarp","6","6","12"
"EMAGargouri","5","7","12"
"embargo228","7","5","12"
"Emily1998","6","6","12"
"emmavalentinav613","6","6","12"
"Emrullahh047","7","5","12"
"emuss_kaa","6","6","12"
"endless0","7","5","12"
"enes_erdgn","6","6","12"
"Enhsvld","4","8","12"
"enoxis","5","7","12"
"Enrique1959","7","5","12"
"Enroquefort","5","7","12"
"enzo_01","6","6","12"
"Eqquussaan","6","6","12"
"ercole","6","6","12"
"erennozdennn","6","6","12"
"Erfan_GH1","7","5","12"
"Eric77","6","6","12"
"Erik3936","7","5","12"
"ERIX-chessboy","6","6","12"
"Erne95","6","6","12"
"ernyp","6","6","12"
"erroos","5","7","12"
"erroryou","6","6","12"
"ertyuc","6","6","12"
"Esau6","7","5","12"
"ESembawy","7","5","12"
"EseNakodelViolin","7","5","12"
"eslam4444","6","6","12"
"Espiguita","5","7","12"
"estref01","7","5","12"
"Eudaimoni1","5","7","12"
"EV-2","6","6","12"
"evavereta","6","6","12"
"EvgeniusPrime","5","7","12"
"evgeniyes","5","7","12"
"Ewgeniy2010","8","4","12"
"exodia1i","6","6","12"
"extrangero","6","6","12"
"EY_D","7","5","12"
"ezioarsh","5","7","12"
"F_1e4c5","7","5","12"
"Faber1061","6","6","12"
"Fabricedo","6","6","12"
"fadgar","6","6","12"
"FahadChess123","6","6","12"
"Faisal_wky","5","7","12"
"fap1955","6","6","12"
"far0000","6","6","12"
"Farajchess","6","6","12"
"fathy0","5","7","12"
"FedorS1950","6","6","12"
"felino111","7","5","12"
"Fenster228","11","1","12"
"Feraomeravigliao","6","6","12"
"fergzz","6","6","12"
"Feritos","6","6","12"
"fernandochess1948","7","5","12"
"FernandoGCSilva","6","6","12"
"fersouza13","6","6","12"
"FERWARONE","6","6","12"
"ferydola","6","6","12"
"feta57","7","5","12"
"feuch78","5","7","12"
"Feydrauter","5","7","12"
"fh_hdz","7","5","12"
"fiddd","8","4","12"
"Filou2007","6","6","12"
"Final_comeback","6","6","12"
"firas_21","7","5","12"
"fizz997","5","7","12"
"flacchini","6","6","12"
"Floga29","6","6","12"
"Floreas","5","7","12"
"FlotsamSombreros","5","7","12"
"floydep","6","6","12"
"Fluction","6","6","12"
"fogof","4","8","12"
"Fontana1974","6","6","12"
"Foofight","6","6","12"
"fooserodah","6","6","12"
"fornax-engine","4","8","12"
"ForrestGump86","6","6","12"
"Fourires","7","5","12"
"fracas2022","5","7","12"
"Fran7butra","6","6","12"
"francastellano","6","6","12"
"FranckieGoesToUK","6","6","12"
"Franco1903","6","6","12"
"Francoilmagnifico","6","6","12"
"franjoS","6","6","12"
"FrankieThompson","5","7","12"
"Fredje1","7","5","12"
"frsdionne","7","5","12"
"Frumpy_Pignut","6","6","12"
"frycu80","5","7","12"
"fugga","5","7","12"
"funbar","6","6","12"
"funkybro6","7","5","12"
"FusionGod","6","6","12"
"fzcringe","6","6","12"
"fzrezaee","8","4","12"
"g_123abc","5","7","12"
"G-Ember","6","6","12"
"Gabriel_Castro123","6","6","12"
"Gabu1110","5","7","12"
"gabyhr9","7","5","12"
"gaius26","8","4","12"
"GalikhanMR","6","6","12"
"GamalEmara","5","7","12"
"GambitZimbabwe","7","5","12"
"gamesmaster1","6","6","12"
"Gasusote","7","5","12"
"GaurangGS","8","4","12"
"gb_0402","5","7","12"
"gd88888","6","6","12"
"GedWallace","7","5","12"
"Geessa","6","6","12"
"Geka4","8","4","12"
"gekkammi","6","6","12"
"gekolagarto","6","6","12"
"gelon5","6","6","12"
"Gemco2","6","6","12"
"Genarito","4","8","12"
"gendelf1","5","7","12"
"Gennadij_1951","6","6","12"
"GentlemanBoris","6","6","12"
"george7031","7","5","12"
"GeorgesYeates","5","7","12"
"geotall","6","6","12"
"Geraldalbert","6","6","12"
"gerasimeni","6","6","12"
"Gerdauen_52VEB","6","6","12"
"GERVAS13","7","5","12"
"gglzzz","6","6","12"
"ghadirkh1328","6","6","12"
"Ghches","6","6","12"
"Ghis2-0","7","5","12"
"gibbone","6","6","12"
"Gigs","6","6","12"
"GILLESLAMBERT","7","5","12"
"giomar660","5","7","12"
"GiorgiGuria13","5","7","12"
"giupi1955","7","5","12"
"givi_na_touarege","6","6","12"
"gjgjgjgjgj","7","5","12"
"GJkdsg56hf","6","6","12"
"gk9848","7","5","12"
"GL580","6","6","12"
"glauch","6","6","12"
"GoatHernando","5","7","12"
"GODFATHER96","5","7","12"
"Godfirstborn","7","5","12"
"Goesebrecht","5","7","12"
"Gokul_7","6","6","12"
"golddani","5","7","12"
"Gopala90","5","7","12"
"GORBATENKO_N_K","7","5","12"
"GOTFATHER90","5","7","12"
"gramoz","5","7","12"
"Grand99","6","6","12"
"Grau_Min","6","6","12"
"Greeven","6","6","12"
"Grey-Knight","6","6","12"
"Grey721","7","5","12"
"Gridell","5","7","12"
"grospierr","6","6","12"
"Grosse_Tartine","5","7","12"
"Groz26","6","6","12"
"Groza38","5","7","12"
"grumorf","7","5","12"
"grumpyscot","7","5","12"
"GrushetskiyMark","6","6","12"
"guennib","6","6","12"
"GuillermoVallejo","7","5","12"
"Guillo1105","6","6","12"
"GULUS_1956","6","6","12"
"gumiafc","7","5","12"
"Gun777888","6","6","12"
"Gungorbengusu12","5","7","12"
"gustavo5480","6","6","12"
"GuthamCity","6","6","12"
"gutinhochess","6","6","12"
"gvozdeva_sonya","7","5","12"
"GWCIV","6","6","12"
"Habeeb4057","7","5","12"
"Hadbrad31","6","6","12"
"HADbrc","6","6","12"
"Hadikaaarimmm","6","6","12"
"Hafthorbjorn","2","10","12"
"HaiDang_2611","7","5","12"
"Haihan","6","6","12"
"hamayal","5","7","12"
"Hamid074ev","5","7","12"
"hamidanisi","7","5","12"
"hamidds","6","6","12"
"Hamyltonbpa","6","6","12"
"hamzajuha","4","8","12"
"Hanamichi_Sakuragi","6","6","12"
"HannaEl","6","6","12"
"hansp3","6","6","12"
"Happyrocker","6","6","12"
"Hardcop","6","6","12"
"Haris_uddin","5","7","12"
"Harlem73","6","6","12"
"harris1981","5","7","12"
"harunyorulmaz","6","6","12"
"hasan7467","6","6","12"
"hasanovcingiz","7","5","12"
"haskut","6","6","12"
"hassan7867","5","7","12"
"Hasta-la-vista-baby","6","6","12"
"HastyMover","7","5","12"
"hatemeldeeb","8","4","12"
"Hdavachi","7","5","12"
"HDN-1990-1981","5","7","12"
"hearthamu","5","7","12"
"Heidegeist","5","7","12"
"Heimwerker45","5","7","12"
"HELAL1","6","6","12"
"helloWorld312","6","6","12"
"HelpMeIRL","9","3","12"
"Henpu","6","6","12"
"henszulc","7","5","12"
"Hepexta","5","7","12"
"Heping","6","6","12"
"Heptepenus","6","6","12"
"Herbert-Konstanz","6","6","12"
"HERI_CCN","5","7","12"
"hermeneutic","6","6","12"
"Hesam38","5","7","12"
"Hezriel","6","6","12"
"Hilda-Ryck","6","6","12"
"hilluo","6","6","12"
"Himario","7","5","12"
"HimekHD","6","6","12"
"HIP-R-CRIT","6","6","12"
"hishamalafif","6","6","12"
"historialtec","6","6","12"
"HiveGame","7","5","12"
"hiwasri","7","5","12"
"hjkveklndvkmbuidhml","6","6","12"
"hmnunes","5","7","12"
"hna-0901","6","6","12"
"HogRare","6","6","12"
"hojaenblanco","6","6","12"
"holbi2","6","6","12"
"homoErectusYiss","6","6","12"
"honeygirl2021","5","7","12"
"hosein_sol_chess","6","6","12"
"hosein76","7","5","12"
"hoseincatalan","5","7","12"
"Hossam-hb","7","5","12"
"hossamking28","5","7","12"
"hossein_amiri1345","8","4","12"
"hossein_raha","6","6","12"
"Hosseinamin","6","6","12"
"HotDog45","6","6","12"
"houadria41","6","6","12"
"hp1949","5","7","12"
"HthLyy","6","6","12"
"Huananay","7","5","12"
"humid","6","6","12"
"HungAnh2814","7","5","12"
"huseyin48","6","6","12"
"husna_chess","5","7","12"
"HuubLi","7","5","12"
"hwwedjay1","6","6","12"
"hypezxcry","5","7","12"
"I-1-once","6","6","12"
"I-am-basil","6","6","12"
"iam_joeself","7","5","12"
"iamkdraj","7","5","12"
"iammrmadolka","7","5","12"
"iamnobody99","5","7","12"
"ian_garcia99","6","6","12"
"ibeme20","7","5","12"
"IBSINGH09","7","5","12"
"Ice_Pig","6","6","12"
"ichbindascha","5","7","12"
"ICHESS73","5","7","12"
"Idislikeboardgames","6","6","12"
"idoshelah","6","6","12"
"iezhad","6","6","12"
"Iggyziggy","5","7","12"
"Igor38","6","6","12"
"Igorbaev1974","5","7","12"
"igortefunde","5","7","12"
"iii85","6","6","12"
"ikartik","5","7","12"
"IkechukwuE","6","6","12"
"ildechess2023","5","7","12"
"ilias1161","6","6","12"
"Ilya_645","6","6","12"
"Ilyabukinist","7","5","12"
"ilyily","6","6","12"
"ImagineLosing142","7","5","12"
"immortalidea66","6","6","12"
"inceenes10","5","7","12"
"ingerenato","6","6","12"
"inimino","6","6","12"
"Injohn81","6","6","12"
"inkflute","6","6","12"
"inusasukana","6","6","12"
"ir-bis_org","6","6","12"
"iraj63","5","7","12"
"irina_gromyko","6","6","12"
"iron2issa","7","5","12"
"IronMels","5","7","12"
"IsakovSA7d","7","5","12"
"ishanmukherjee16","6","6","12"
"ismailtugra","6","6","12"
"isnardfr","5","7","12"
"its_arian","5","7","12"
"itsthefinalcountdown","6","6","12"
"Ivan-3000","5","7","12"
"ivanoVVasya","10","2","12"
"IvanSimonovic","5","7","12"
"Izoschach","5","7","12"
"IZURTZU","6","6","12"
"Jacek51","7","5","12"
"jacklimani","6","6","12"
"JackResmi727","5","7","12"
"jacobi10","7","5","12"
"Jacques_Chibrax","4","8","12"
"Jacques421","6","6","12"
"Jaeu","6","6","12"
"JahMla","7","5","12"
"JAIngvaldsen","6","6","12"
"jaisonJ","5","7","12"
"JakobMauritius","5","7","12"
"jangv","6","6","12"
"jannati_esmaeil","6","6","12"
"jannispaule","6","6","12"
"JanSD1971","5","7","12"
"Jaraiz","5","7","12"
"jarkul","6","6","12"
"jaschnei","6","6","12"
"Jason_Shady","7","5","12"
"JasonRojo27","6","6","12"
"Jay_Juda","7","5","12"
"Jayanth11111","6","6","12"
"Jayzino","5","7","12"
"jazzve","7","5","12"
"jc33cj","6","6","12"
"jcboss","7","5","12"
"jcurr4","6","6","12"
"Jdignos","7","5","12"
"Jefecito","7","5","12"
"jens181","7","5","12"
"jepoy123","5","7","12"
"jeric_DeLosReyes","8","4","12"
"jeroen256","4","8","12"
"JerOhm","7","5","12"
"JerryNaui","6","6","12"
"jfzery","6","6","12"
"jgdrcaro","6","6","12"
"jhehrun","6","6","12"
"jhitarg","7","5","12"
"jijiboi","7","5","12"
"jikaell","5","7","12"
"jilmerrivero_69","6","6","12"
"Jimboone007","5","7","12"
"jimmyboy21","6","6","12"
"jimmythecamel","6","6","12"
"jituvyas","5","7","12"
"jjmmali","5","7","12"
"jkborders","6","6","12"
"jkmuf48","6","6","12"
"jmarti82","6","6","12"
"jmurph_1","6","6","12"
"jo0940","6","6","12"
"joatn","6","6","12"
"Jody20","5","7","12"
"Joerg1860","4","8","12"
"johnny2","7","5","12"
"JohnSMiller","6","6","12"
"JokoP63","7","5","12"
"jonasjeud1896","4","8","12"
"jonasta1999","6","6","12"
"Jontrivolta","6","6","12"
"Jordan1968","6","6","12"
"Jordil","6","6","12"
"Jordon1337","7","5","12"
"jorgehalvarez","6","6","12"
"josehern","7","5","12"
"joselito22","5","7","12"
"Josep1946","6","6","12"
"Josue080820","7","5","12"
"josuepillajo76","6","6","12"
"Jotransporter","6","6","12"
"joyyiee","8","4","12"
"jp48","6","6","12"
"JPCHECA","7","5","12"
"jpeck06","6","6","12"
"jpengmafia","6","6","12"
"jphb","7","5","12"
"jproblesrr","6","6","12"
"Jpwane","4","8","12"
"jr8000","6","6","12"
"Jrskult","7","5","12"
"jsbscsyy","6","6","12"
"Juanbernardino","7","5","12"
"JuanCastro2016","6","6","12"
"Juanito304","6","6","12"
"Julienhinard","6","6","12"
"julius74","7","5","12"
"junara","6","6","12"
"jura1709","7","5","12"
"just_unnamed","6","6","12"
"JustChessPlay","6","6","12"
"justmusic","5","7","12"
"JUZAVE","4","8","12"
"jvidaic32","6","6","12"
"JZVRN","5","7","12"
"k782juan","6","6","12"
"Kabilass","7","5","12"
"Kackilacki","6","6","12"
"kado1555","7","5","12"
"Kaffeetasse","6","6","12"
"kaha_ololo","5","7","12"
"Kaiser_CY","6","6","12"
"KaitoKid1412","6","6","12"
"kaizen21","5","7","12"
"kakuki","7","5","12"
"KalenO21","6","6","12"
"kambiz1354","6","6","12"
"KamehamehaPotato","7","5","12"
"KandHa1","6","6","12"
"kanvamuni","6","6","12"
"kar4o","7","5","12"
"karim2023","4","8","12"
"kariyanahalli","6","6","12"
"karkas1950","6","6","12"
"karlgustav","6","6","12"
"KarloKuna","6","6","12"
"karlskrecek1960","5","7","12"
"karovik-90","6","6","12"
"karphub","7","5","12"
"kartoshka0202","6","6","12"
"kasparov_1037","7","5","12"
"kasper22","6","6","12"
"kassiuslord","5","7","12"
"KateDennee","7","5","12"
"Katgeo_1","6","6","12"
"Katja_10","6","6","12"
"KatlegoWKhumalo","5","7","12"
"katribodkit","6","6","12"
"Katushenkooleg","5","7","12"
"Kaunietisss","7","5","12"
"Kavyakrishna0026","7","5","12"
"KavyVhairevH","6","6","12"
"KeepIT_Simple","6","6","12"
"keesie666","5","7","12"
"keinPrinz","7","5","12"
"kelfoh","5","7","12"
"kemalcakmak","7","5","12"
"kemlayan","6","6","12"
"ken0009","6","6","12"
"keo_q","5","7","12"
"KeremSenel","5","7","12"
"KerisNagaEmas","6","6","12"
"keromo54","6","6","12"
"kevincw","6","6","12"
"Kevolino","5","7","12"
"keylargo","6","6","12"
"khalednafea","7","5","12"
"Khaleel-syria","7","5","12"
"Khalidalbaeaty","6","6","12"
"khalil864","5","7","12"
"Khalily","6","6","12"
"Khdkazemi","7","5","12"
"kiarko","7","5","12"
"KidLightning","6","6","12"
"kidusyared","6","6","12"
"killcredit","4","8","12"
"King_Sbu","7","5","12"
"KingBala01","6","6","12"
"kingishahshd","6","6","12"
"Kirabosi","5","7","12"
"kirstein10","6","6","12"
"kiterlover5","5","7","12"
"KkC321","5","7","12"
"Klegmeister1822","5","7","12"
"Klein-Meister","5","7","12"
"Klensi","6","6","12"
"klepilini","7","5","12"
"Klesi","6","6","12"
"KlintonBarboza","5","7","12"
"kndrn00","6","6","12"
"Knee-marrow61","6","6","12"
"Knight_for_Jesus","6","6","12"
"KNIGHTTONIGHT","6","6","12"
"knorz","4","8","12"
"kollona352","6","6","12"
"Koltycourt3","6","6","12"
"komarac12345","5","7","12"
"komoy_moy","7","5","12"
"konishhev","7","5","12"
"KOoftaky","6","6","12"
"korner","6","6","12"
"Kosternou1939","7","5","12"
"kosych74","6","6","12"
"Kovida","6","6","12"
"Kowarik","6","6","12"
"KrachkovNV","6","6","12"
"kratykodo","6","6","12"
"krazikriz","7","5","12"
"kreisermj","5","7","12"
"krikish","6","6","12"
"krish884854","6","6","12"
"krishan_paterson","6","6","12"
"krishang_6","6","6","12"
"Krishankumarsoni","6","6","12"
"Krishna0412","7","5","12"
"KrishnakumarAK","6","6","12"
"Krizzos","7","5","12"
"krondor","7","5","12"
"KSAChessMaster","6","6","12"
"ktolbskk","6","6","12"
"kuleshov","7","5","12"
"kush1606","7","5","12"
"kvv77708","5","7","12"
"kwsn_dno","6","6","12"
"Kwurhdu","7","5","12"
"KybikVkybe","6","6","12"
"labestia338","6","6","12"
"labi05","7","5","12"
"lalalu33","8","4","12"
"lalatax","7","5","12"
"lapce","6","6","12"
"last_leaf","6","6","12"
"Lavendel18","5","7","12"
"Lawrence01","5","7","12"
"Lawrenco","6","6","12"
"lbl8878","7","5","12"
"ldlkid","6","6","12"
"Leaderofchess2022","6","6","12"
"leadstar","5","7","12"
"lebba","5","7","12"
"LEG_X","6","6","12"
"Legion65","6","6","12"
"legolas47","5","7","12"
"legromfil","6","6","12"
"Leith2895","6","6","12"
"LeMessi2479","6","6","12"
"Leo_moshe","6","6","12"
"leobomber","7","5","12"
"Leon_hr","6","6","12"
"Leonid_Pecherskikh","7","5","12"
"Leonid34","6","6","12"
"LeonidWas","5","7","12"
"LeonidZaraisk","6","6","12"
"leoxx16","5","7","12"
"LeOyansa","6","6","12"
"Lerling","6","6","12"
"LeRoiEchec","6","6","12"
"Lesha_Karpov","6","6","12"
"LEV-ANAT","6","6","12"
"LevTolstoy1828-1910","6","6","12"
"Lewaltan","6","6","12"
"lfdemoraes","5","7","12"
"lglepedi","6","6","12"
"Libiamo","5","7","12"
"Libor333","6","6","12"
"lihilihi","6","6","12"
"lilburnhj","6","6","12"
"liloune83","6","6","12"
"limrenmuh","6","6","12"
"lincolnp","5","7","12"
"Linkster789","5","7","12"
"Lirika2510","7","5","12"
"LittleAjen","6","6","12"
"LittleFingero","6","6","12"
"Ljenkins0331","8","4","12"
"Llangosto","7","5","12"
"Llano1","7","5","12"
"lnteger","6","6","12"
"loboestepario31","6","6","12"
"Lollone97","5","7","12"
"lomalakamera","5","7","12"
"lord-1985","6","6","12"
"LOREN21111976","7","5","12"
"Loriano","7","5","12"
"Lors_12345","5","7","12"
"lovi52525","10","2","12"
"LPCDMP3","6","6","12"
"lucaasrmendonca","6","6","12"
"LucasChess2150","6","6","12"
"LucasoLuk","5","7","12"
"LucaT88","6","6","12"
"LucianoCelestino","6","6","12"
"LuckerNr10","6","6","12"
"luisavanna","7","5","12"
"luistardajos","7","5","12"
"luithuls","6","6","12"
"luizyto","7","5","12"
"Lupez1","5","7","12"
"LuQianxi","8","4","12"
"Lutschy_v_etom_mire","6","6","12"
"luukhouterrrr","6","6","12"
"Luvlydanzy","7","5","12"
"LVJJVL","4","8","12"
"Lyakhov06","6","6","12"
"LydiavanDyke","11","1","12"
"M_Bortsov","6","6","12"
"m_reza3588","6","6","12"
"m1deep","5","7","12"
"M43342844","5","7","12"
"M4korus","6","6","12"
"m7m112","6","6","12"
"Maahir123456789","6","6","12"
"maalathi001","5","7","12"
"mac62","6","6","12"
"MacazOne","5","7","12"
"Macdman","5","7","12"
"mackenzi","7","5","12"
"macrigato2","6","6","12"
"macsaintblack","6","6","12"
"Made-in-Rio","5","7","12"
"madjules","4","8","12"
"maestrohistoria","7","5","12"
"magicCarp8712","5","7","12"
"MagnusJunior2","6","6","12"
"magrao2021","6","6","12"
"Mahmo2612","7","5","12"
"majdiattouchi02","5","7","12"
"MajebeM","5","7","12"
"Majidjun","4","8","12"
"majidkord1980","6","6","12"
"MajorG158","5","7","12"
"MakeThatMove","6","6","12"
"makss2","7","5","12"
"Malatyali_442876","6","6","12"
"MalBa123","7","5","12"
"mamoste123","6","6","12"
"manakchandsoni","6","6","12"
"mandarrr","7","5","12"
"Mandela2003","4","8","12"
"Mandia98","6","6","12"
"Manejador","7","5","12"
"mangosta_1962","6","6","12"
"manig31286","5","7","12"
"manish620","5","7","12"
"Mansour54","6","6","12"
"ManueldeReyes","5","7","12"
"manuelio","6","6","12"
"MaoTzeDung","7","5","12"
"maratovvc","6","6","12"
"Marc7704","4","8","12"
"marcal61","6","6","12"
"marcbouhana58","6","6","12"
"MarcSchroeder","6","6","12"
"mariku92","7","5","12"
"mario-panagiotis","7","5","12"
"mario1806","7","5","12"
"mariocarlsen01","6","6","12"
"MariuszKro","6","6","12"
"MarkPsychedelic","7","5","12"
"Marlonjulian","6","6","12"
"marremdayiii","6","6","12"
"Marsel102","6","6","12"
"Marslo","6","6","12"
"martiany","5","7","12"
"martinko1254","6","6","12"
"MartinZigZag","5","7","12"
"Marwan_25","8","4","12"
"Mary_Pantera","6","6","12"
"masdache1955","6","6","12"
"mash-hara","6","6","12"
"Master-sporta333","6","6","12"
"masterof521","5","7","12"
"Masud007","4","8","12"
"masudtava","5","7","12"
"mat-2023","5","7","12"
"matachanfainas2200","6","6","12"
"matalab","5","7","12"
"matange_Zach","5","7","12"
"matanyo","4","8","12"
"matej104","7","5","12"
"mathewjohn1965","5","7","12"
"Mathis32","6","6","12"
"Matiperez0816","6","6","12"
"matrizartecultura","7","5","12"
"Matvey123_4","5","7","12"
"MatviyKuz","6","6","12"
"MAXARENGH","6","6","12"
"maxim_j22","6","6","12"
"Maximich2","6","6","12"
"MaximMadasov","6","6","12"
"Maximus_1993","6","6","12"
"Maxx7878","5","7","12"
"mayocn","6","6","12"
"mazorra","5","7","12"
"Mazzaro","5","7","12"
"mbeer","5","7","12"
"mbh6","6","6","12"
"MBLENS","6","6","12"
"mblom7614","6","6","12"
"mcgoooo","6","6","12"
"md5alx","6","6","12"
"mdsayemprodhan","6","6","12"
"medhat1993","5","7","12"
"mefi23","7","5","12"
"MehdiDabouz2005","7","5","12"
"mehmets_19","6","6","12"
"Mehraban1334","6","6","12"
"mehtaffiq20","6","6","12"
"melly83","5","7","12"
"Men2034","6","6","12"
"meteo021","5","7","12"
"MetinGunes34","5","7","12"
"Metzerium","6","6","12"
"Mg54","7","5","12"
"mga9","5","7","12"
"mhabibi1346","6","6","12"
"MHMTKRDG","7","5","12"
"miapr_3","5","7","12"
"michaeluiuiu","6","6","12"
"MICHELECUSIMANO","7","5","12"
"Michelle-T","6","6","12"
"Middleman33","6","6","12"
"Mifa16","6","6","12"
"Mift70","6","6","12"
"miguehs","6","6","12"
"miguel1948","7","5","12"
"miguelangel55","6","6","12"
"Mihail_Mishin","6","6","12"
"Mihailfs","7","5","12"
"mihindee2013","5","7","12"
"MikeHan8080","7","5","12"
"Mikhail_Markeloff","7","5","12"
"Mikhail_Mityanin","7","5","12"
"MikhailShapiro","6","6","12"
"Miladgh1992","6","6","12"
"milebaja","9","3","12"
"miljodarwin","5","7","12"
"MINHQUAN-TB","6","6","12"
"mintonsousa","6","6","12"
"Minzi61","7","5","12"
"mira55-55","7","5","12"
"MirceaMD","8","4","12"
"MirG0812","6","6","12"
"miri0410041","6","6","12"
"MiroRx","7","5","12"
"mirrorballgirl","7","5","12"
"Mishany555","5","7","12"
"misileboy","6","6","12"
"Miskenya","7","5","12"
"MisterMaahir","7","5","12"
"Mitali2411","7","5","12"
"Mitka09","7","5","12"
"mixnazon","6","6","12"
"Mjavad67","6","6","12"
"mjl1999","7","5","12"
"MK1503","4","8","12"
"ml1234567890","3","9","12"
"mlms509","6","6","12"
"Mmagdy_400","5","7","12"
"Mmaximiliano_Rojasva","6","6","12"
"mmvhd","6","6","12"
"Mnasilva","5","7","12"
"Mnsour2022","8","4","12"
"Moeppi114","5","7","12"
"mohadesekafiloy","6","6","12"
"moham77","5","7","12"
"mohamed-hussein","6","6","12"
"mohameddra","6","6","12"
"MohamedIKamel","6","6","12"
"MohammadAlharbi1","6","6","12"
"mohammedsaeed221","7","5","12"
"mohannaith","6","6","12"
"Mohasin1987","6","6","12"
"Mohmed889","7","5","12"
"mokhesiwe","5","7","12"
"Mokhtar_zgh","5","7","12"
"Momenag","6","6","12"
"Moniesh29","6","6","12"
"Monir99","6","6","12"
"monnttes","7","5","12"
"monojeetdebnath","7","5","12"
"MonteDeFerro","6","6","12"
"Moorgreendude","6","6","12"
"moradayoub1573","7","5","12"
"moralelastix","6","6","12"
"MOremi","5","7","12"
"moresfabulam","8","4","12"
"morind","6","6","12"
"Mortyshlyuska","6","6","12"
"Mosavi_fateme","7","5","12"
"Mosi4830","5","7","12"
"moskwich","6","6","12"
"mostabell","7","5","12"
"mostafa-3ed","7","5","12"
"mostafa1997ms","5","7","12"
"mostafaparker","5","7","12"
"mostlyHamless","5","7","12"
"MostWanted1993","6","6","12"
"Motlhabane","6","6","12"
"Moultona","6","6","12"
"mozi1956","6","6","12"
"mportobello","7","5","12"
"Mr_Gray_Nsk","6","6","12"
"MrBosho","6","6","12"
"mrgh1386","5","7","12"
"mrt-r","6","6","12"
"MrTemmington","6","6","12"
"Mrucz3k","7","5","12"
"msazegar","7","5","12"
"mstf1903","5","7","12"
"MstrC","5","7","12"
"MUCIUSSCAEVOLA","5","7","12"
"MudhuwaraDhammearatc","6","6","12"
"Muedir","6","6","12"
"MUHTEYIT","6","6","12"
"mui_Aarav","5","7","12"
"mukhamor_79","5","7","12"
"mulber","6","6","12"
"mumtaz4455","7","5","12"
"Muratakcan","5","7","12"
"MURooney","6","6","12"
"MusicGambit","6","6","12"
"Mustafass93","7","5","12"
"mustfahusua","6","6","12"
"musti1907","5","7","12"
"mutumakan","6","6","12"
"Mwiz","5","7","12"
"Mwnza","6","6","12"
"Mysoullake","5","7","12"
"mysteriousgoose","6","6","12"
"Mythander","6","6","12"
"Myzug","6","6","12"
"na_kone","5","7","12"
"NaborH81","6","6","12"
"nacho9797","5","7","12"
"Nagacbe","6","6","12"
"Nagibator333","7","5","12"
"nagibatorsanya","6","6","12"
"nahas89","7","5","12"
"Nahidsalah","7","5","12"
"Nahum111259","6","6","12"
"Naidu64","5","7","12"
"Naitishgarg_2011","6","6","12"
"najdorf56","6","6","12"
"najly","6","6","12"
"Namish_AP","7","5","12"
"NamPhongJack","7","5","12"
"nando1011","6","6","12"
"nangil","7","5","12"
"nanijose","6","6","12"
"Narendra56","5","7","12"
"NaRtEzAs","5","7","12"
"NatalkaKH","5","7","12"
"natalya17","7","5","12"
"Nathanvs","6","6","12"
"NATIVITAN","4","8","12"
"naveilan_kethurajah","6","6","12"
"Nawar95","6","6","12"
"NAYIB391774","5","7","12"
"Ne-master","6","6","12"
"Neftelion","6","6","12"
"negativenine","6","6","12"
"negrokane","6","6","12"
"Neha-D","7","5","12"
"NemirovIgor","5","7","12"
"NemRou","7","5","12"
"nenadbach","6","6","12"
"nend","5","7","12"
"nestorbacaron","6","6","12"
"netwojapechal","6","6","12"
"Nevaan_9990","6","6","12"
"newb1rn","5","7","12"
"newplayer13","5","7","12"
"newstyler","7","5","12"
"nguyen2107","4","8","12"
"nguyencaptures","6","6","12"
"Nheem_Sha","7","5","12"
"NicholasDWolfwood","6","6","12"
"NicholasJosephides","6","6","12"
"NicolasSouzaAnibal","7","5","12"
"Nidomuddin","6","6","12"
"Niharika25Tiwari","9","3","12"
"Nijat404","1","11","12"
"NikasGiorgos","7","5","12"
"nikhilisdead","7","5","12"
"Nikita_izyumov","7","5","12"
"Nikitadskiew","5","7","12"
"Niko_k18","6","6","12"
"nikolakaraklajic","7","5","12"
"nikolayslb1302","5","7","12"
"Nikosha18","6","6","12"
"nirvana_1993","5","7","12"
"nitama","5","7","12"
"Nk-Real-1","6","6","12"
"NKiss","5","7","12"
"NmenNmen","5","7","12"
"nmpro","6","6","12"
"nn11n","6","6","12"
"nnikolay","6","6","12"
"NoDigit","7","5","12"
"Noel_22","7","5","12"
"NojlaMik666LsoN","5","7","12"
"Nokman082447","7","5","12"
"nomore12345","6","6","12"
"NoNiceNickname","5","7","12"
"Nonkosi","7","5","12"
"Noot-Nooot","6","6","12"
"norepsa","6","6","12"
"Nov0chrono","6","6","12"
"novaimsh","7","5","12"
"nrgoud146","7","5","12"
"Ntungwa","6","6","12"
"Numnah","7","5","12"
"Nyobist","5","7","12"
"nzrbrnc","5","7","12"
"obikrypt","6","6","12"
"oeildesechecs","6","6","12"
"ofi6","6","6","12"
"OhNoMyPrawn","5","7","12"
"Oigen1983","6","6","12"
"OincrivelSuassuna","6","6","12"
"OJOKIROJO","6","6","12"
"Oktavian45","7","5","12"
"Oleg0208","7","5","12"
"Olegg21","6","6","12"
"OlegShubert93","6","6","12"
"omar_tarek0","6","6","12"
"Omar-essam-elsayed","7","5","12"
"omario47","6","6","12"
"OmarLomba","6","6","12"
"Omarngmaldeen","6","6","12"
"Omercan0732","5","7","12"
"OmerTalha2014","6","6","12"
"onequietgamer","5","7","12"
"Oneuronei","6","6","12"
"onikur","5","7","12"
"onurbasarantr","6","6","12"
"Opinator","7","5","12"
"orangegrundo","5","7","12"
"Orso79","8","4","12"
"Orson-W","6","6","12"
"osama_maihob","5","7","12"
"Osamamansour","5","7","12"
"osberto","6","6","12"
"Oscar1899","6","6","12"
"OstenbakenKolya","6","6","12"
"otgonnyam1120","7","5","12"
"otirotitan","6","6","12"
"ouistitiboy","5","7","12"
"Oural_1er","6","6","12"
"ouyuu23","7","5","12"
"OverSteaK","6","6","12"
"OYING1983","5","7","12"
"ozharkov","7","5","12"
"Pa_Ko","7","5","12"
"PabloMiragaya","5","7","12"
"PabloVerasay","7","5","12"
"Pachoos","6","6","12"
"Pacopy","7","5","12"
"padayonbogo","5","7","12"
"padel111","7","5","12"
"pai1960","7","5","12"
"Paidd","6","6","12"
"PaillerKing","6","6","12"
"paligor","7","5","12"
"Pamdora8","4","8","12"
"panegersie","6","6","12"
"panesitokira","5","7","12"
"PantuhovPI","6","6","12"
"Paradigma1013","6","6","12"
"parveshgarg","6","6","12"
"ParyginIrk","7","5","12"
"pasha3383","6","6","12"
"Passepartout67","6","6","12"
"patoaltaco","6","6","12"
"Patosy86","7","5","12"
"Patrick1940","6","6","12"
"patrie","7","5","12"
"Paul-93","5","7","12"
"Paul141494","7","5","12"
"Paul76","6","6","12"
"PaulBataille","6","6","12"
"Paulo_PA","6","6","12"
"Paupaupium","6","6","12"
"Pavel678","6","6","12"
"Pavelantsov","6","6","12"
"pawnstormiq","7","5","12"
"peace902","5","7","12"
"Pedaaaa","5","7","12"
"PedroTome5","6","6","12"
"peelu_7888","7","5","12"
"pehooooo","6","6","12"
"pekmezodsipka","7","5","12"
"PensoPositivo","6","6","12"
"Peoncete","6","6","12"
"peondelmedio","6","6","12"
"pepon1000","7","5","12"
"PES61","6","6","12"
"Peter1Doebbeler","6","6","12"
"peterpensi","5","7","12"
"petrmalkovich","6","6","12"
"Pevmel","6","6","12"
"pezzodimelis","6","6","12"
"pgomezg45","5","7","12"
"Phantom-chess-player","6","6","12"
"philidor1978","6","6","12"
"philipposchris","6","6","12"
"PhilMexico","5","7","12"
"phoking_gambit","5","7","12"
"pianoAndChessLover","7","5","12"
"Piatti","6","6","12"
"piet_nicl","6","6","12"
"Pigargue","7","5","12"
"pilotosdelcaos","5","7","12"
"PIN0KI0","6","6","12"
"Pinbback","4","8","12"
"pintarse","6","6","12"
"Piotryxa","5","7","12"
"Pirre37","7","5","12"
"pixie_paris","5","7","12"
"Piyear","6","6","12"
"pjo_sifu","6","6","12"
"pjotri69","6","6","12"
"PJRS_MIGUEL_HUMBERTO","6","6","12"
"Plaab501","6","6","12"
"play_84","6","6","12"
"playerchess007","7","5","12"
"Playing_to_win2","6","6","12"
"Plemstvo","5","7","12"
"PlopTheChessOwl","6","6","12"
"pmo25","7","5","12"
"PMolfi001","5","7","12"
"poirot0987","5","7","12"
"POLYDOR_KOOL","7","5","12"
"POMSKIv","5","7","12"
"Pondo_2021","7","5","12"
"poniemirsky","7","5","12"
"Ponsini56","6","6","12"
"Ponti17","7","5","12"
"poseidon2756","6","6","12"
"pourya9494","5","7","12"
"pragmatic_human","6","6","12"
"prakash739","6","6","12"
"pranayagrawal2401","7","5","12"
"pranayraifalwar","5","7","12"
"Pranto1700","5","7","12"
"Prast_arema","6","6","12"
"Prestoricman","8","4","12"
"prima-lux","6","6","12"
"Prob3d","5","7","12"
"Prof_Ferri","6","6","12"
"ProfissionaldeXadrez","5","7","12"
"Psicologa","7","5","12"
"pted8865","7","5","12"
"ptrkn1","5","7","12"
"puturrudefoi","5","7","12"
"PV76","5","7","12"
"Pyoernrachzarck","7","5","12"
"Pzu","7","5","12"
"Qimet22","6","6","12"
"QKnight01","5","7","12"
"Qualle11","5","7","12"
"QueenSacrifise","5","7","12"
"quickmafs420","6","6","12"
"Quique08","6","6","12"
"Quite_mad1","6","6","12"
"qutp","7","5","12"
"R_Georgievskii","8","4","12"
"R12Coloca","7","5","12"
"R1shat","5","7","12"
"r9361809","6","6","12"
"Rabe54","6","6","12"
"Rach235","7","5","12"
"RadhaKrishnan123","6","6","12"
"radjaboovs","6","6","12"
"Rafacharles","5","7","12"
"rafecas","7","5","12"
"rafitama","6","6","12"
"Ragee2017","6","6","12"
"RaghavDidwania","6","6","12"
"Rahuln19","5","7","12"
"rajak996","5","7","12"
"RajB19","7","5","12"
"rajeshpakhale","11","1","12"
"rajivs","6","6","12"
"Rajparikh","7","5","12"
"ram_k1ng","6","6","12"
"Ramah119","6","6","12"
"Ramil609","7","5","12"
"RamJamFan","7","5","12"
"Ramm777","6","6","12"
"ramrumrim","6","6","12"
"rangana_shamil","5","7","12"
"RANGERZ125","5","7","12"
"Ranjosh","7","5","12"
"raphalOne","6","6","12"
"RaptorXgamer","7","5","12"
"rasleculdeperdre","6","6","12"
"rasputtin","8","4","12"
"rath09","6","6","12"
"ratukalah","6","6","12"
"Ravp","5","7","12"
"Rayaraga","6","6","12"
"rayotuctokelin2","6","6","12"
"RAZINE88","7","5","12"
"Rb66","7","5","12"
"Rb827","6","6","12"
"rbsreddy","6","6","12"
"Real_Tendy","5","7","12"
"Real77Madrid","6","6","12"
"Rebecca81","6","6","12"
"Regisys","7","5","12"
"Rehansayhi","6","6","12"
"Reimago","6","6","12"
"remplom","7","5","12"
"remzixacus","5","7","12"
"renecontreras","6","6","12"
"reuel2016","5","7","12"
"Rexonline","6","6","12"
"rezadehghanirenani","5","7","12"
"rezakermani","6","6","12"
"Rezashomal","6","6","12"
"Rezec82","6","6","12"
"rgchess85","6","6","12"
"ri0t801","6","6","12"
"RIADHNA","5","7","12"
"RichRich840","7","5","12"
"RickyPaulDerrick","5","7","12"
"rideonawhitehorse","7","5","12"
"Rider_Da","6","6","12"
"ridha112","5","7","12"
"rifat-33","7","5","12"
"Rigotinto","6","6","12"
"RikisSmitRSA123","6","6","12"
"RinatB","6","6","12"
"RISHABHMALIK","5","7","12"
"Rishi_Chokshi","6","6","12"
"RiskForReece","6","6","12"
"Rivoaltus","5","7","12"
"RJF2","7","5","12"
"rmuguruza","6","6","12"
"Robert_Comarmond","6","6","12"
"Robert19631109","5","7","12"
"Robertbaxter","6","6","12"
"robertovale62","6","6","12"
"Robgud","6","6","12"
"robhobgob","6","6","12"
"robin81000","5","7","12"
"RobotMan27","6","6","12"
"Rock7404","6","6","12"
"Rocogino","7","5","12"
"rodeck","6","6","12"
"rokolavv","6","6","12"
"ROLAND_LUGTU","6","6","12"
"ROLINDABREWER","5","7","12"
"rom_aks","5","7","12"
"Roman_gord_2013","6","6","12"
"romashka007","5","7","12"
"rompogts","6","6","12"
"ronacin59","6","6","12"
"Ronaldooooooo","5","7","12"
"RonnieBajar21","7","5","12"
"ronshatchet","5","7","12"
"roross42","5","7","12"
"RosaYakupova","5","7","12"
"Roshdy_sayed751991","7","5","12"
"ross_ros","6","6","12"
"Rossman0726","6","6","12"
"rostombo","5","7","12"
"rostov161","6","6","12"
"RostykMykytiuk","6","6","12"
"rperedo","6","6","12"
"Rpsingh1993","6","6","12"
"rr43","7","5","12"
"Rubenstein1","7","5","12"
"Ruharo","6","6","12"
"Rulozky","7","5","12"
"RunningNoob","6","6","12"
"Rusberg","7","5","12"
"russiankasparov","7","5","12"
"RustC","6","6","12"
"Rutam01","5","7","12"
"Ruzil1612","6","6","12"
"Rxh8","6","6","12"
"rybicki1994mateusz","6","6","12"
"Ryson-skeps9","6","6","12"
"ryuwooo","7","5","12"
"RyuzzGambit","7","5","12"
"Sabbriall","8","4","12"
"Sacraficetwice","6","6","12"
"SacrificeYourRook","6","6","12"
"sadawy12","6","6","12"
"Sadik1234","6","6","12"
"sadmuttley","6","6","12"
"sadulla123","6","6","12"
"SahebElkahf22","7","5","12"
"sahinmert","5","7","12"
"sahmat1987","7","5","12"
"Sailajag996","6","6","12"
"saima_shila","6","6","12"
"sairam_1","6","6","12"
"Saitamakza","8","4","12"
"sakkommakkom","6","6","12"
"sakura_donkey","6","6","12"
"saleh0007","7","5","12"
"salgadoalejo","6","6","12"
"Salmi85","6","6","12"
"salo6008","5","7","12"
"sam123fish","5","7","12"
"Saman1393","6","6","12"
"Samat1988","6","6","12"
"samba09","7","5","12"
"Samikahan","6","6","12"
"samorai","5","7","12"
"Sampath_N","5","7","12"
"Samson256andeeba","7","5","12"
"SandorRobert","7","5","12"
"SaNjItHs","5","7","12"
"sankha77","6","6","12"
"Santiagolas","6","6","12"
"SarahBaby123","6","6","12"
"sardynki","6","6","12"
"sassa-roli","6","6","12"
"satheeshkothabat1983","5","7","12"
"satrancforever","5","7","12"
"Satyananda","6","6","12"
"saurabhkol1308","6","6","12"
"sauvik90","6","6","12"
"Sawdhruv97","6","6","12"
"SbhGHr","6","6","12"
"Scacchivita","5","7","12"
"schell1","5","7","12"
"Schischatabak","8","4","12"
"scooter_max","7","5","12"
"scorpio_ru","7","5","12"
"scunny","4","8","12"
"se_voskanyan","7","5","12"
"Sean0906","6","6","12"
"Sebastian_Guadamuz_M","6","6","12"
"Sebavitale","7","5","12"
"Sebouh2023","6","6","12"
"Sedoy1970","6","6","12"
"sefira123","4","8","12"
"seidelkurt","6","6","12"
"Seif_Salah_Eldeen","6","6","12"
"selezas","7","5","12"
"self44","6","6","12"
"seniorveteran65","5","7","12"
"seno63","6","6","12"
"serbaevilnur","6","6","12"
"Serg7799","5","7","12"
"sergei2003","7","5","12"
"SergeiKartuzovs","6","6","12"
"Sergey_Ukolov","6","6","12"
"Sergey0812","6","6","12"
"SergeyGylyaev","6","6","12"
"SergeyPZU","6","6","12"
"sergio_ma","6","6","12"
"sergio282","7","5","12"
"sergokaxa","7","5","12"
"SerikSmag","7","5","12"
"SEROMAT","5","7","12"
"seyed1356","9","3","12"
"shabi851","6","6","12"
"Shadowraze_777","8","4","12"
"ShadowWarriorPro","5","7","12"
"ShahriarSuborno","7","5","12"
"Shakermohammed","5","7","12"
"shakirkn","5","7","12"
"shamess1","7","5","12"
"shamsbassem","6","6","12"
"Shanay-sopan","7","5","12"
"Shankarvijay123","6","6","12"
"Shatilov","6","6","12"
"Shaxpeshkata","6","6","12"
"shen064","10","2","12"
"sherifSharawy20","6","6","12"
"Sherifzahran","6","6","12"
"Sherlock-Holmes-2004","6","6","12"
"SHERSON123","7","5","12"
"ShinMalfur","6","6","12"
"shinynewbicycle","5","7","12"
"shirkavand","6","6","12"
"shivam_r","7","5","12"
"shivankar11","5","7","12"
"Shkat39","7","5","12"
"sholafab","5","7","12"
"Shoto17","6","6","12"
"shoyo_hinata_06","6","6","12"
"SHREESH190412","7","5","12"
"shtonoza","6","6","12"
"ShubhamJagtap","5","7","12"
"shubhsnsg","6","6","12"
"shuco","6","6","12"
"Shyamjagrut","6","6","12"
"sidd2702","9","3","12"
"siddhiraj004","6","6","12"
"Simo_mirata76","6","6","12"
"simok0","6","6","12"
"simpfor2d","6","6","12"
"simplementmoi","6","6","12"
"SinbadE4","5","7","12"
"SinelizwiNongcaula","6","6","12"
"singhviaj","6","6","12"
"SingonBolivar","5","7","12"
"Sinisa66","6","6","12"
"sinyen","6","6","12"
"Sisengaliev","6","6","12"
"sizgin62","6","6","12"
"SJessin","6","6","12"
"sk223311","6","6","12"
"skakis85","6","6","12"
"skinhead2","8","4","12"
"skinnyp321","6","6","12"
"skk1238","7","5","12"
"Skrobl","7","5","12"
"Skromnik","5","7","12"
"Slam_wal2013","6","6","12"
"slavaN1","5","7","12"
"smoaks","7","5","12"
"smokedatweed25","7","5","12"
"SmokeOut","6","6","12"
"smokrabarbar","7","5","12"
"smrq2020","6","6","12"
"Smvein","6","6","12"
"smVR","7","5","12"
"SN-K","6","6","12"
"snzhuravlev","6","6","12"
"sococa11","7","5","12"
"SofiaPopeta","6","6","12"
"Sohrabtoronto","5","7","12"
"sokolokolya","6","6","12"
"solovieff","4","8","12"
"Som1z","6","6","12"
"SOM666","5","7","12"
"SombreAmber","5","7","12"
"SonDah","6","6","12"
"soosee","5","7","12"
"sopisti","6","6","12"
"SortofRad","5","7","12"
"southernknight","6","6","12"
"sp_lin_ter","6","6","12"
"sp87fr","7","5","12"
"Spaceman1791","5","7","12"
"spacerunner23","6","6","12"
"Spack01","6","6","12"
"specialforce15","6","6","12"
"Sperminator007","5","7","12"
"SPIKER21","7","5","12"
"spirothedragon88","5","7","12"
"Spjencerinperu","6","6","12"
"Sponce","6","6","12"
"SpookyHands","5","7","12"
"sprogitis","5","7","12"
"SpunkyMonkey77","6","6","12"
"Squirtus","7","5","12"
"sridsp","8","4","12"
"srock510","6","6","12"
"srom","7","5","12"
"Ssara333","5","7","12"
"SShMK","6","6","12"
"SSO-EAZ-3","5","7","12"
"ssolomatin2","6","6","12"
"SSS_21","5","7","12"
"st3ng","6","6","12"
"stanca","7","5","12"
"stancillousray","5","7","12"
"steffen01","7","5","12"
"stellarossa33","7","5","12"
"StepanKrot","5","7","12"
"Stephanelecadre","6","6","12"
"Stevenee97","5","7","12"
"stewartninja","7","5","12"
"StipanJelic2","6","6","12"
"StipeRi","6","6","12"
"StiveAlberione","11","1","12"
"stogsena","4","8","12"
"Stoloi","5","7","12"
"Straindaspuds","6","6","12"
"strapparadicchio","8","4","12"
"striketup","5","7","12"
"strompur","6","6","12"
"StuartGoodman","5","7","12"
"stufflikethatthere","6","6","12"
"Stylishchris","7","5","12"
"Styrast","8","4","12"
"sudokulator","5","7","12"
"Sule1man_Bahadur","6","6","12"
"SultanTuna","7","5","12"
"sundber","7","5","12"
"SunteevShon","5","7","12"
"Super_Gamer_1122","5","7","12"
"superocha","6","6","12"
"Surinam59","6","6","12"
"SuryaKanthaRao","7","5","12"
"Sushant151290","6","6","12"
"SUTSIGEMSIRTSEMREH","6","6","12"
"svdwall","6","6","12"
"svenbaum","6","6","12"
"swagcash","7","5","12"
"swaggy1523","6","6","12"
"Swap7","5","7","12"
"swemark","6","6","12"
"sydchris","6","6","12"
"szachistanajlepszy","6","6","12"
"T-Rex96","6","6","12"
"Tacirupeca","5","7","12"
"Takazumba72","7","5","12"
"TakuyaY","5","7","12"
"talii23","6","6","12"
"Tamara_D","6","6","12"
"TanyaBo","7","5","12"
"Taotao20","7","5","12"
"Tarak999","6","6","12"
"tbpharm","7","5","12"
"Team_asere","7","5","12"
"tecob","5","7","12"
"Tedloubhoy","6","6","12"
"TeemuHappanen","6","6","12"
"Tejomoy","6","6","12"
"teli555557","6","6","12"
"temchessorg","7","5","12"
"TEMPLAR1972","5","7","12"
"TENDERHORSE","6","6","12"
"TenervpaDavid","6","6","12"
"TenMoreira","5","7","12"
"TeoBP","6","6","12"
"Teontre","7","5","12"
"tewarishash_12","6","6","12"
"thallaharish","6","6","12"
"Thanier","7","5","12"
"The_Computer1","6","6","12"
"The_Marcus","6","6","12"
"The_Prashant","6","6","12"
"theAnsh","5","7","12"
"theboule","6","6","12"
"Thee_ghettoboy","6","6","12"
"TheFriendlyPhiloso","6","6","12"
"Thenarasu","6","6","12"
"thenickels","7","5","12"
"Theo230111","6","6","12"
"theotax","6","6","12"
"thetacticalmadness","6","6","12"
"thijswijnia","7","5","12"
"thithikshagowri","5","7","12"
"Thomas_9","6","6","12"
"ThomasBristowe","7","5","12"
"ThomasSchach","6","6","12"
"ThreeRivers","7","5","12"
"throwbiwan","8","4","12"
"Tibo17","6","6","12"
"Timamin60","6","6","12"
"Timbuktu","6","6","12"
"Timmo1967","6","6","12"
"Timur1705","6","6","12"
"Timyrik","7","5","12"
"TiyamikeM","6","6","12"
"tmpjr70","6","6","12"
"Tobendax","7","5","12"
"Todoran","6","6","12"
"todpepe","5","7","12"
"Togusiagian","7","5","12"
"tohari","6","6","12"
"toiux","6","6","12"
"Tolik11111","5","7","12"
"tomi_cool","6","6","12"
"Tommy56","7","5","12"
"Tonicostabrava1","6","6","12"
"Tonybuddy03","6","6","12"
"TONYERER","6","6","12"
"topi5250","5","7","12"
"totorov","7","5","12"
"Toyl","6","6","12"
"tpixner","6","6","12"
"tram","5","7","12"
"Tratatroco","6","6","12"
"traxtraxtop","6","6","12"
"tre_colli","5","7","12"
"Trevizer","6","6","12"
"Tripadi","6","6","12"
"Trixdrr","6","6","12"
"TRKY1923","6","6","12"
"true_assassin","5","7","12"
"tsgf","6","6","12"
"tugodumv","7","5","12"
"TUGOOB","6","6","12"
"Tulga_99","6","6","12"
"turack","5","7","12"
"turbo31","5","7","12"
"TurkBayboraX","7","5","12"
"Tush0707","6","6","12"
"tweetybird42","6","6","12"
"UA_StiLiaN","6","6","12"
"UdoWausM","6","6","12"
"ulysse95","7","5","12"
"Umittrl88","5","7","12"
"umutk-kurt","6","6","12"
"uncle_Harden","6","6","12"
"Under_if_do_if_doif","6","6","12"
"unoentre100millones","6","6","12"
"UoS","6","6","12"
"Upholsterer","6","6","12"
"Urbaumam","7","5","12"
"Urcera","6","6","12"
"Urjit17","6","6","12"
"Urukov","6","6","12"
"usebio","5","7","12"
"ustazaymoon","6","6","12"
"V20142015v","6","6","12"
"Vacouver","7","5","12"
"vaksa_79","7","5","12"
"ValentinoaRf_06","4","8","12"
"valera-k","6","6","12"
"valerioneto","7","5","12"
"valery2102","7","5","12"
"Valiyon93","5","7","12"
"vanchek25","6","6","12"
"Vangill","6","6","12"
"varundk03","6","6","12"
"vasbous","6","6","12"
"Vassilliy","5","7","12"
"vdprince","5","7","12"
"VedantAS-28","5","7","12"
"veereshai","5","7","12"
"Vell22","6","6","12"
"venjorn","6","6","12"
"Vernich","6","6","12"
"vgrac","7","5","12"
"VhDabir","6","6","12"
"vic_mar","6","6","12"
"vic2122","7","5","12"
"vichochess2023","6","6","12"
"VictorCastroCHESS","6","6","12"
"VictorHuenchul1","7","5","12"
"vierwin","6","6","12"
"vijay200425","6","6","12"
"vikrs","6","6","12"
"Viktor-Ivanovich","6","6","12"
"Viktorlv","6","6","12"
"viktoruss","6","6","12"
"Vikyaath_thallapally","6","6","12"
"Vileblood_D","6","6","12"
"Vince_ace15","6","6","12"
"vincenzo_cozzitorto","6","6","12"
"violet44","6","6","12"
"violetgil","7","5","12"
"Viral228","7","5","12"
"visakhi","6","6","12"
"visasivakumar","6","6","12"
"vit_us","6","6","12"
"VitLiss1986","6","6","12"
"vivecster","7","5","12"
"VivekSilori","6","6","12"
"vj_rook","5","7","12"
"VK1981","6","6","12"
"Vlad_lor","6","6","12"
"Vladimir-Eliseicev11","6","6","12"
"vladimirlozkin","5","7","12"
"Vladimirs-Offering","6","6","12"
"VladimirThor","6","6","12"
"Vladis_1980","6","6","12"
"VladRadchenko","6","6","12"
"VNSAntos","5","7","12"
"VO2","6","6","12"
"Voblaa22","7","5","12"
"volatilehammy","6","6","12"
"Volk112673","5","7","12"
"Volur71","5","7","12"
"vormed","5","7","12"
"VortexDXXL","6","6","12"
"vosarat58","6","6","12"
"vovaanik","5","7","12"
"VovaN171","6","6","12"
"Vovt","6","6","12"
"VsssSvvv","6","6","12"
"vtecrigsy","6","6","12"
"Wahab9","7","5","12"
"waitforhim","7","5","12"
"WakaShoom","6","6","12"
"WAKLE","6","6","12"
"WannabeGMtoo","6","6","12"
"WarningDarbe","6","6","12"
"Watertrubel","6","6","12"
"wavo2761","7","5","12"
"WavyDude","7","5","12"
"wbch","6","6","12"
"wdaltayeb3000","6","6","12"
"webmoneyalex","7","5","12"
"Wesleigh","5","7","12"
"WhiteRevelation","5","7","12"
"Who-Shahzad","6","6","12"
"whocaresgg","5","7","12"
"WhyAmISoAlerted","6","6","12"
"Wierabiej","6","6","12"
"WikiPC","7","5","12"
"willemskes","6","6","12"
"WILLIAMBURGER","7","5","12"
"williamhenryharrison","5","7","12"
"WindSailor","4","8","12"
"winner1993","5","7","12"
"witala28101977","7","5","12"
"wlsntyt","6","6","12"
"Wolf50505","6","6","12"
"wolfball","6","6","12"
"wonderwaffe","6","6","12"
"wowan82","7","5","12"
"wuisl","6","6","12"
"wutzero","7","5","12"
"wXavier91","6","6","12"
"Xadrezcarioca","7","5","12"
"xagent4444","6","6","12"
"xavierfran","7","5","12"
"xbdhd69","6","6","12"
"XCrispyCheeseX","5","7","12"
"xeksv","6","6","12"
"Xenatonn","7","5","12"
"XenonBD","7","5","12"
"xern0st","5","7","12"
"Xin_Shin_Huang","6","6","12"
"xiner","6","6","12"
"xirbe","6","6","12"
"XPAC85","5","7","12"
"Xrimp","7","5","12"
"xromxp","5","7","12"
"XXXRickTrick","5","7","12"
"Xyeglot","6","6","12"
"yagyeshukla01","6","6","12"
"Yankee66","5","7","12"
"yapan12","6","6","12"
"yapaydin","6","6","12"
"YARGITAY543","6","6","12"
"YaroslawUkraine","6","6","12"
"YaSavva","6","6","12"
"yasin_amiriiiii","6","6","12"
"yaskawa999","7","5","12"
"Yassin60","8","4","12"
"YassinOnTwitch","5","7","12"
"Yax1999","6","6","12"
"yekta199955","6","6","12"
"Yencemseni","6","6","12"
"Yenilmeyehazirmisin","6","6","12"
"yes_baana","6","6","12"
"YessoAmir","7","5","12"
"yeu_victor","6","6","12"
"yevintathsilu","7","5","12"
"YGL63","5","7","12"
"ygtrecee","6","6","12"
"Yigitkb1905","6","6","12"
"Yizhe0109","6","6","12"
"yoannie","6","6","12"
"yodamelton","6","6","12"
"Yoel1289","5","7","12"
"Yoniff","5","7","12"
"yosefmohammad","6","6","12"
"Yoseminol","9","3","12"
"Yoshikage_Kira","6","6","12"
"yotamhmoshe","5","7","12"
"youriy1960","7","5","12"
"Youssef2016","6","6","12"
"ypap77","6","6","12"
"yssf","6","6","12"
"yu777","6","6","12"
"Yuksi","6","6","12"
"yultash","7","5","12"
"Yunus462","4","8","12"
"yura_1234f","5","7","12"
"YuriyFox","7","5","12"
"yusifayman","6","6","12"
"Yusmelis01","5","7","12"
"YusufBugraCitir","6","6","12"
"Yusufkral42","5","7","12"
"zac1234","8","4","12"
"Zaczena_01","6","6","12"
"Zadgai","6","6","12"
"Zahzi","4","8","12"
"Zaino1970","6","6","12"
"zapato12","7","5","12"
"zarix908","6","6","12"
"ZB-ErcanUildiz","6","6","12"
"zdzislaw-lucjan","6","6","12"
"zeineldein","4","8","12"
"Zen82","6","6","12"
"Zeneli95","4","8","12"
"ZenMakkaroni","6","6","12"
"zennbay","7","5","12"
"zenonp","6","6","12"
"zentelechia","6","6","12"
"zepulga","6","6","12"
"Zerimka","5","7","12"
"zhangmeng2023","6","6","12"
"ZhnKz","6","6","12"
"zhukovviktor","5","7","12"
"ziadkh9","5","7","12"
"Ziarno32","6","6","12"
"Ziiyenn","6","6","12"
"ZILAA","7","5","12"
"zimchess_zw","6","6","12"
"zindedemokrat","6","6","12"
"ziodorry","5","7","12"
"ZioFini","6","6","12"
"Ziparrak","6","6","12"
"zoloo_1024","6","6","12"
"zonis20","7","5","12"
"Zonkzeripper92","6","6","12"
"Zophie44","7","5","12"
"ZORAN55","6","6","12"
"zouariE4","6","6","12"
"zoyzoy","6","6","12"
"zpeterz","6","6","12"
"ZRislam","6","6","12"
"zubenko_snezhana","7","5","12"
"Zubyk","6","6","12"
"Zugwang","6","6","12"
"Zulkifli19","5","7","12"
"Zupnu","7","5","12"
"Zurrrrr","7","5","12"
"Zvezdogled","7","5","12"
"Zvonch","6","6","12"
"zxcvb777","5","7","12"
"ZZSS33","6","6","12"
"A_Lebe","6","5","11"
"a2403389863","5","6","11"
"A40n","5","6","11"
"A61935088GUSTAVO","5","6","11"
"A7mad767","6","5","11"
"A7mddz","6","5","11"
"Aabrikosik","4","7","11"
"AadinathANair","5","6","11"
"AADITYA_275","4","7","11"
"Aadya123al","6","5","11"
"aalbino2","6","5","11"
"AarP14","6","5","11"
"Aarush_Singla115719","7","4","11"
"AAziz1","5","6","11"
"AbaJr","6","5","11"
"AbanobAdel1","5","6","11"
"abarinov_sasha_1","6","5","11"
"Abbas125","6","5","11"
"abchavz","6","5","11"
"Abdalhmeed1974","6","5","11"
"Abdallahalhasan","5","6","11"
"Abdallahradwan","5","6","11"
"abdealle","4","7","11"
"abdelkreem","5","6","11"
"abdoalaok","6","5","11"
"Abdulaleem_520","6","5","11"
"AbdulKarimSyed","6","5","11"
"abedou33","7","4","11"
"ABento","7","4","11"
"AbhayTheKing","6","5","11"
"Abhi18195","5","6","11"
"abhijitgore","5","6","11"
"Abhinavvats1903","6","5","11"
"abjr142","6","5","11"
"abkd1353","6","5","11"
"Abmaes","6","5","11"
"aboadnan55","5","6","11"
"abobus1324","6","5","11"
"abohosen890","4","7","11"
"Abolfazl_S","5","6","11"
"ABOLFAZL7799","7","4","11"
"AboRafa","4","7","11"
"Abosamir200061","6","5","11"
"abraahaam","5","6","11"
"abrokle","5","6","11"
"Abu-suhan","6","5","11"
"abualhen","5","6","11"
"ac31","6","5","11"
"acampos1","5","6","11"
"AchimNord","6","5","11"
"Achref666","5","6","11"
"ACIReal","6","5","11"
"Acusha","3","8","11"
"AdamAnjoG","5","6","11"
"adekvatus","4","7","11"
"adel_emam","5","6","11"
"Adheesh111","5","6","11"
"adi182001","6","5","11"
"adil-mj","6","5","11"
"Adiolldashi","6","5","11"
"Aditya4501","7","4","11"
"ADM9999","6","5","11"
"admete_bot","4","7","11"
"admohamed24","6","5","11"
"Adonista22","5","6","11"
"Adrianito15","7","4","11"
"Adrianoveterano","5","6","11"
"adrivalla","6","5","11"
"adryako","6","5","11"
"ADT123","6","5","11"
"Advo7","7","4","11"
"AeroMechie","6","5","11"
"Aezcil","6","5","11"
"AfroP","6","5","11"
"AFsantamaria","5","6","11"
"agah0707","5","6","11"
"Agnibha07","5","6","11"
"Agosti23","6","5","11"
"AGR_FMM","4","7","11"
"ah_jafari","7","4","11"
"Ahedfoze","5","6","11"
"ahmad_gaber","5","6","11"
"Ahmad-Hany","6","5","11"
"Ahmad19791979","6","5","11"
"ahmaddd1","5","6","11"
"Ahmed_Ragab_97","5","6","11"
"ahmed-ramzy78","5","6","11"
"ahmedelsanhory105","6","5","11"
"AhmedHelmy99","6","5","11"
"ahmedsalah40","8","3","11"
"ahmetoda","6","5","11"
"AhmxdZayir","5","6","11"
"ahokokok","7","4","11"
"ahsantariq","6","5","11"
"aIIen","5","6","11"
"aimekh99","5","6","11"
"aimlys","7","4","11"
"Aischgruender","5","6","11"
"Aisha_Yessengali","5","6","11"
"Aishanyad","6","5","11"
"aizatraihan","5","6","11"
"ajay303","6","5","11"
"ajedrecistarojo","5","6","11"
"ajedrezdhaniel","6","5","11"
"Ajitdanjziba","4","7","11"
"AjMoneyy","5","6","11"
"akadir0303","7","4","11"
"AkhenatenAmenhotep4","5","6","11"
"Akongasimark","6","5","11"
"akshat8863","5","6","11"
"al-kabir","7","4","11"
"alaaalmsri1234","5","6","11"
"alaamamao2","7","4","11"
"alainj","6","5","11"
"alan1952","5","6","11"
"alaoui123","5","6","11"
"Alarm181","5","6","11"
"alatrshbdallh369","5","6","11"
"AlbeitarD","6","5","11"
"alber62","5","6","11"
"Alberto_Rocamora","6","5","11"
"Albmar58","7","4","11"
"AlCam813","5","6","11"
"Aldo53","6","5","11"
"Ale_Bia_94","6","5","11"
"Alebecker","5","6","11"
"aleblu","6","5","11"
"Aleck_S69","6","5","11"
"Alecsandr_89","6","5","11"
"Aledra","4","7","11"
"aledui82","5","6","11"
"Aleister_CR0WLEY","5","6","11"
"alekc001","6","5","11"
"ALEKSANDR_1955","5","6","11"
"ALEKSANDRnik86","3","8","11"
"Aleksei77777","5","6","11"
"ALEKSEY123456","6","5","11"
"AleProChess","5","6","11"
"AlessandroCassa","5","6","11"
"Alex_MI","5","6","11"
"alex_nv86","5","6","11"
"Alex021tehran","5","6","11"
"Alexander_Seleznev","5","6","11"
"Alexanderlord","5","6","11"
"Alexandr_Irk","5","6","11"
"Alexandrbig1","5","6","11"
"alexbes26","7","4","11"
"AlexDFF","6","5","11"
"alexei76","6","5","11"
"Alexey20061982","5","6","11"
"ALEXOSPIN999","3","8","11"
"Alexxmeyou","6","5","11"
"Alfa_48","6","5","11"
"alfreod","6","5","11"
"Alguhan","5","6","11"
"ali_the_real","5","6","11"
"ali_zolfigol","6","5","11"
"ali-tabyldy","5","6","11"
"AliAmiri123","5","6","11"
"alihan33","5","6","11"
"Aliiii53","6","5","11"
"Alik1111","5","6","11"
"AliKeramatipour","6","5","11"
"alikonich1","5","6","11"
"alim2023","6","5","11"
"alimac61","7","4","11"
"Alirezap79","5","6","11"
"Alisher17","5","6","11"
"AliTabatabaie","6","5","11"
"Alkis1986","4","7","11"
"Alleks1000","5","6","11"
"Alofeng","6","5","11"
"Alpha955","7","4","11"
"alphahit1990","6","5","11"
"alramrod9009","6","5","11"
"Alrizh","7","4","11"
"Alshnawany","6","5","11"
"Altaye","5","6","11"
"alyethomes","7","4","11"
"Aman2010Joshi","6","5","11"
"amanjoshi0910","7","4","11"
"amateur1312","5","6","11"
"Ambiguoman","6","5","11"
"AmericanPharoah","6","5","11"
"Ameroy","6","5","11"
"amin2811","4","7","11"
"aminshariat","5","6","11"
"Amir_M_Amini1","5","6","11"
"amirali13866","6","5","11"
"Amirhoseinznl","6","5","11"
"AmirIronman","5","6","11"
"AmirMohammadGolestan","6","5","11"
"Amitikuda","5","6","11"
"Amjn","6","5","11"
"AMOGHTOR2005","5","6","11"
"amoshatrang","6","5","11"
"anantdeoghar","6","5","11"
"Ananthavel","5","6","11"
"anarci","5","6","11"
"anatol56","6","5","11"
"AndikZh7","6","5","11"
"andnad2023","6","5","11"
"Andrea-2012","4","7","11"
"andreii966","6","5","11"
"andrew71422","5","6","11"
"Andrey64529","5","6","11"
"Andrzej8282","6","5","11"
"aneralonso3","5","6","11"
"ang_Salz","6","5","11"
"Angaez","6","5","11"
"Angel15v","6","5","11"
"AngelCr_2","6","5","11"
"angelicai81","5","6","11"
"Angelina103","6","5","11"
"Angelpeter","6","5","11"
"anibalkl","5","6","11"
"Anipsitakis","6","5","11"
"anirbanpatra764","5","6","11"
"anonim12","5","6","11"
"anshmalviya01","6","5","11"
"anterios","5","6","11"
"anthony129921","6","5","11"
"antimeran","5","6","11"
"antognoni","5","6","11"
"Anton_the_winNer","6","5","11"
"antonio120","6","5","11"
"ANTONIODEKAROSAO","5","6","11"
"AntonioTestini","5","6","11"
"Antoshk4","5","6","11"
"Anubis_1988","4","7","11"
"AnuragAjayakumar","6","5","11"
"ap87","6","5","11"
"apande06","6","5","11"
"aparnachess","6","5","11"
"apeiro_timoros","5","6","11"
"Aptypix","7","4","11"
"arafrox","5","6","11"
"arashkamizi1390","6","5","11"
"Arasukannan","4","7","11"
"arayonurgumus","5","6","11"
"Arcadeon","6","5","11"
"archibala1001","5","6","11"
"Archivaldo","4","7","11"
"ardimas","5","6","11"
"Areen52","5","6","11"
"ARFC1972","5","6","11"
"arfilop","6","5","11"
"Argonaut36","5","6","11"
"arhimed84_chag","5","6","11"
"AriannaCR","6","5","11"
"arisaljabrik3","5","6","11"
"AriSoooy","6","5","11"
"Arman4V","6","5","11"
"Armandco","6","5","11"
"armin_the","5","6","11"
"arn31072","6","5","11"
"Arnav_Rout_2010","5","6","11"
"ArnavNS","5","6","11"
"Arol77","6","5","11"
"Arseniy-25","6","5","11"
"ArtemFormanyuk","6","5","11"
"ArtemLikhoy","7","4","11"
"artground","6","5","11"
"ARTHUR51OU","6","5","11"
"Artiom21","5","6","11"
"Artjom2023","6","5","11"
"Artur1968","7","4","11"
"Artur2302","7","4","11"
"Artyflex","5","6","11"
"Arun2800","5","6","11"
"arvinkh1383","5","6","11"
"aryol64","6","5","11"
"asamgod","6","5","11"
"asdfasdfeeee","6","5","11"
"Asesinodeasesinos","5","6","11"
"ashis_chk","6","5","11"
"Ashish_hii","7","4","11"
"Ashk9","4","7","11"
"asholu","5","6","11"
"ashort","5","6","11"
"ASHOTIRON","5","6","11"
"ashutosh_purohit","5","6","11"
"Askar_Grossmeister86","5","6","11"
"AskarGuru","5","6","11"
"aslanomer35","6","5","11"
"ASM21","6","5","11"
"Aspirant71","6","5","11"
"asteriks111","6","5","11"
"Atata-Solhef-1","5","6","11"
"Atlant1977","6","5","11"
"atwong","7","4","11"
"August59","7","4","11"
"Aurora_serg","6","5","11"
"austria59","6","5","11"
"avalza","5","6","11"
"Avec_Lestat","6","5","11"
"awnykh","5","6","11"
"Axelrod75","6","5","11"
"Axelzara","5","6","11"
"axil_drive","5","6","11"
"Ayansh003","6","5","11"
"AyberkCavitAKDERE","6","5","11"
"AydinOglu09","5","6","11"
"ayman_alhelo","5","6","11"
"Ayoub_Salah","5","6","11"
"azadii33","5","6","11"
"AZChessLover","6","5","11"
"azkh1999","4","7","11"
"Azra6134","6","5","11"
"azulino_13","4","7","11"
"baarrss","5","6","11"
"babel_ag","4","7","11"
"bacime","5","6","11"
"Badabing0412","6","5","11"
"badarchbishop","4","7","11"
"Badsonami","5","6","11"
"bagrru","6","5","11"
"baird17","6","5","11"
"Baktipasaribu","4","7","11"
"Balu190868","6","5","11"
"Bambangsuseno","6","5","11"
"banarinjo","5","6","11"
"Bandera-Ukraine","6","5","11"
"Bandi23","6","5","11"
"banihc","6","5","11"
"baobabOn","6","5","11"
"Bar-na-bar","5","6","11"
"BARASo","6","5","11"
"barath7","5","6","11"
"baret1234","6","5","11"
"Barlow1971","5","6","11"
"barokoo","5","6","11"
"Bars_19","5","6","11"
"bartalis54","6","5","11"
"bartm94","4","7","11"
"basavarajwodeyar","6","5","11"
"BASHKIRUS","6","5","11"
"Bassety","7","4","11"
"BastaPappi","6","5","11"
"Bastian_Bux","6","5","11"
"bat0rka","5","6","11"
"Bativko01","6","5","11"
"Battlebratwurst","6","5","11"
"Batuhan_Brzn","6","5","11"
"BATUKANI","6","5","11"
"Bauernopfer88","7","4","11"
"baylarzsandro","6","5","11"
"bclark4","5","6","11"
"BDFardoin","3","8","11"
"Beatenberg","5","6","11"
"Behdadbayat","6","5","11"
"behrad_1349","6","5","11"
"behrooz6135","5","6","11"
"behrooz64","7","4","11"
"beki1994","5","6","11"
"bel--l","5","6","11"
"belicakamil11","4","7","11"
"Below_Average_Chess","5","6","11"
"Ben-Caz","5","6","11"
"BenDlc6","6","5","11"
"Benhurahmet","6","5","11"
"benhuranater","6","5","11"
"BenjaHenriquez","5","6","11"
"Benko1914","6","5","11"
"benusaur_05","6","5","11"
"Benwin_22","5","6","11"
"Benzua","6","5","11"
"Bepmacht","6","5","11"
"bernard99999","6","5","11"
"bernie905","6","5","11"
"Berto1976","5","6","11"
"BETER_B_TPYCAX","5","6","11"
"BettyGrable","6","5","11"
"bevinanto","5","6","11"
"bglvyy","5","6","11"
"Bhaargavraj","5","6","11"
"bhalchandrac","6","5","11"
"bibi-ppc","7","4","11"
"big_EOL","6","5","11"
"big-randy","6","5","11"
"bigalmerrill","5","6","11"
"bigbalba","5","6","11"
"BigbossCRIST","5","6","11"
"Bigsm84","6","5","11"
"bigtree7071","6","5","11"
"bikkel21","5","6","11"
"bilbobaggins985","5","6","11"
"bimbo1987martin","6","5","11"
"BirdPerson_C_137","5","6","11"
"birolsezgin","6","5","11"
"Bishop0072","5","6","11"
"bitter_n_chess","6","5","11"
"BjornMikkel","5","6","11"
"Black_Knight_Raises","6","5","11"
"Blackhawkwill","6","5","11"
"Blackpelikan","4","7","11"
"BlessingMaz","6","5","11"
"BlindfoldWI2","7","4","11"
"Blitzer14","6","5","11"
"Bloodyicecream","5","6","11"
"Blorik","6","5","11"
"Blue_Prog","5","6","11"
"Blue3000","6","5","11"
"BlueZoro","5","6","11"
"Blundersplenty","5","6","11"
"blurph","6","5","11"
"Bm-aboshahat","5","6","11"
"BMupondi","6","5","11"
"bobbypoplarsky","6","5","11"
"bobthebuilder854","5","6","11"
"bodjmaasport","6","5","11"
"Bog_hs","7","4","11"
"Boisemykle","5","6","11"
"Boki_Balboa","6","5","11"
"Bonifacije","6","5","11"
"Bordenjames","5","6","11"
"Bored10","6","5","11"
"Bornatnight","5","6","11"
"BORORO11","4","7","11"
"borrcam","6","5","11"
"BorzenkovVlas","5","6","11"
"Bougiebube","5","6","11"
"boumaze","5","6","11"
"BoymuratovP","5","6","11"
"BRABANT","7","4","11"
"BrandenKenn","6","5","11"
"BrandNewMalatya","4","7","11"
"bratishko_grygoriy","5","6","11"
"Brauliet","5","6","11"
"brenttandi","6","5","11"
"Brightka","5","6","11"
"brock7711","5","6","11"
"bruno_84","6","5","11"
"brunojfra","5","6","11"
"bschab","6","5","11"
"bshargorodskiy","6","5","11"
"bublic_85","5","6","11"
"bubu57","5","6","11"
"buethsson","6","5","11"
"buglesrs","6","5","11"
"Bugra2017","5","6","11"
"bugz","4","7","11"
"buiminhhieu0909","5","6","11"
"buldozer27","6","5","11"
"bulut10","5","6","11"
"bumst3r","5","6","11"
"Bunchyahh","6","5","11"
"BungAri","5","6","11"
"BurberryBoyega","5","6","11"
"Butsniv","5","6","11"
"Buttje58","5","6","11"
"buubuu91","7","4","11"
"buva","6","5","11"
"buyukusta2334","5","6","11"
"Bycikov","6","5","11"
"c1256_3","6","5","11"
"Cabrone","6","5","11"
"cafechess20","6","5","11"
"CaissaXXI","5","6","11"
"Caitazzz","5","6","11"
"calamaridarling","5","6","11"
"callme00","7","4","11"
"cally22","5","6","11"
"caludeva","6","5","11"
"CaM64","5","6","11"
"Camellx17","4","7","11"
"CamilaC_221","5","6","11"
"Camilo_MC","5","6","11"
"candanfaruk","4","7","11"
"cansinirmak00","5","6","11"
"CapaNimzo1974","5","6","11"
"CapivaradaBrasileira","5","6","11"
"Captain_Adam","6","5","11"
"CaptainLevi0906","6","5","11"
"caramag53","5","6","11"
"Carco_bernini","5","6","11"
"carlosalbertolopez","5","6","11"
"CarlosHenrique99","5","6","11"
"CARLOSMORENO1956","6","5","11"
"Carlotta1955","6","5","11"
"Carpo30","6","5","11"
"Cars-12","5","6","11"
"carta58","5","6","11"
"casbar","5","6","11"
"Caslu72","6","5","11"
"caspian2080","5","6","11"
"CASTRO5022","5","6","11"
"Catholicity","6","5","11"
"Cavallogaloppa","4","7","11"
"Cayenn","6","5","11"
"ccrriissttiiaann","4","7","11"
"ceamoreira","6","5","11"
"cece1616","6","5","11"
"cedemirci","6","5","11"
"celalll","5","6","11"
"ceochess02","6","5","11"
"cesar133","5","6","11"
"Cha4a4a","6","5","11"
"ChallengingMyself","5","6","11"
"champlintune","4","7","11"
"chanakyaaaaa","7","4","11"
"charguiri","6","5","11"
"charlie11235","6","5","11"
"Charly12","7","4","11"
"Charming_one111","5","6","11"
"Chathu12","7","4","11"
"chatogar1","5","6","11"
"chaxx21","6","5","11"
"che_rish","7","4","11"
"Checkmated2002","5","6","11"
"Cheeko_da_Savage","6","5","11"
"chel28_2","5","6","11"
"chemai","6","5","11"
"chergui-Salah","6","5","11"
"cherna51_51","5","6","11"
"Chess-Checker","7","4","11"
"chess0614","6","5","11"
"Chess4FuN0815","6","5","11"
"Chessbachiller","6","5","11"
"Chessbeginner003","5","6","11"
"Chessbeginner32019","5","6","11"
"ChessFav0605","6","5","11"
"chessg26","6","5","11"
"ChessGamer87","6","5","11"
"ChessGodE2E4","6","5","11"
"chesshamadani","5","6","11"
"chessideasadmin","5","6","11"
"chessislifes","5","6","11"
"chessmasternumber57","5","6","11"
"Chessminator_PH","8","3","11"
"Chessmonk91","5","6","11"
"ChessNut0520","5","6","11"
"chessonthetoilet","6","5","11"
"ChessplayerArt","6","5","11"
"Chessplic","3","8","11"
"chessqat","3","8","11"
"ChessterCheetoe69","7","4","11"
"Chessterfiled","5","6","11"
"chesstpump","6","5","11"
"ChessUnmei","6","5","11"
"Chestob","6","5","11"
"ChetramEkka","6","5","11"
"chicken_1","5","6","11"
"chickenugget","6","5","11"
"Chikondi_Chimbatata","5","6","11"
"chiladrgon1","6","5","11"
"ChillChillier","6","5","11"
"Chirayus04","6","5","11"
"Chlorateam","5","6","11"
"Chneppo","4","7","11"
"chocomate","6","5","11"
"CholSSik","6","5","11"
"chris13_f","5","6","11"
"chris1405","5","6","11"
"ChrisHo","5","6","11"
"chrisleochess","5","6","11"
"Christi4n44","4","7","11"
"ChristianSBA","5","6","11"
"ChtiDuss","6","5","11"
"Chump83","5","6","11"
"Cipoz","7","4","11"
"ciufy24","5","6","11"
"cj_saro","5","6","11"
"cktnsmrd38","5","6","11"
"clarkjoseph67","5","6","11"
"claudiobianchi","6","5","11"
"CLEMOATENG","6","5","11"
"clr1960","6","5","11"
"Cobramai","4","7","11"
"Collins1996","7","4","11"
"compactreply","7","4","11"
"conghuy09","4","7","11"
"continu0us","5","6","11"
"Coolstory","4","7","11"
"CORBAN_DALLAS161","5","6","11"
"correcaminos504","6","5","11"
"corsaru20","6","5","11"
"cortexshark","6","5","11"
"cossy20","6","5","11"
"Costa-kos","5","6","11"
"CountFlatula","6","5","11"
"Crazy_Cris","10","1","11"
"CRCG","6","5","11"
"creepzed","5","6","11"
"crendo13","6","5","11"
"cricxsus","5","6","11"
"CRIMINAL2001mr","5","6","11"
"crll1968","6","5","11"
"crm666es","6","5","11"
"Crociato1984","6","5","11"
"crouchrd","5","6","11"
"croutonton","6","5","11"
"crroissant","6","5","11"
"crush_her","6","5","11"
"CuarentaYocho","5","6","11"
"cudu8sw8wd","5","6","11"
"cueman87","4","7","11"
"culturespect","6","5","11"
"cumavan","6","5","11"
"cumhurozdemir","6","5","11"
"cz1946","5","6","11"
"CzakEr","6","5","11"
"D_Lek","6","5","11"
"d-ud_u","5","6","11"
"dad23","5","6","11"
"DaddyJonzo","6","5","11"
"Daddyray","5","6","11"
"dadsad00","6","5","11"
"dafgarciafi","5","6","11"
"DaGreatJoeyboy","6","5","11"
"dances_with_pawns","7","4","11"
"Danichivas","6","5","11"
"Daniel_Klecany","6","5","11"
"danielfop","5","6","11"
"Daniil1984Kuzbass","6","5","11"
"Danik210","5","6","11"
"DanilBogomolov","5","6","11"
"danplus","5","6","11"
"Danstarr","5","6","11"
"Dante08","6","5","11"
"Danut26","6","5","11"
"Danweshs","5","6","11"
"Danya2014","5","6","11"
"danyfredy","5","6","11"
"daoineil","5","6","11"
"daralahun","5","6","11"
"darekzie","5","6","11"
"DariaRoyal","6","5","11"
"Darius1510","5","6","11"
"Dark_Aves","6","5","11"
"Dark_Prince2121","6","5","11"
"Dark_Sky005","6","5","11"
"dark7n7","5","6","11"
"Darx1Fighter","5","6","11"
"Dathet","5","6","11"
"DATTATREYA_CHATTERJE","6","5","11"
"Datucii","5","6","11"
"dauylbekdjau","5","6","11"
"dave8inch","4","7","11"
"DaveBlutix","6","5","11"
"davi021","5","6","11"
"David_K7","5","6","11"
"David_Novak","5","6","11"
"David_PL","5","6","11"
"davidgolding","6","5","11"
"DAVMUTH9779","5","6","11"
"davorg957","7","4","11"
"davorvulin","5","6","11"
"Davosil","6","5","11"
"DBentong","4","7","11"
"ddclark","5","6","11"
"ddiako","5","6","11"
"DEBBYQUICK","6","5","11"
"Deben","6","5","11"
"debosso","6","5","11"
"DedBober","5","6","11"
"dedovskaja","5","6","11"
"Deeibid","5","6","11"
"DeenoF","5","6","11"
"deep124","6","5","11"
"Deepak153","6","5","11"
"Deepakchawla","4","7","11"
"deepakjswl20","6","5","11"
"DeepDead","6","5","11"
"deepster","5","6","11"
"DefencePete","3","8","11"
"defez","6","5","11"
"deinegri74","5","6","11"
"Dejeshwinianandhan","7","4","11"
"Delamere1","5","6","11"
"deltaecho","6","5","11"
"demedallo","5","6","11"
"demikian","4","7","11"
"Den_Gar","7","4","11"
"den_snu","4","7","11"
"Den11s","5","6","11"
"Dendrimer","5","6","11"
"DenisSambo","5","6","11"
"Denisz16","6","5","11"
"denizbelgin","7","4","11"
"Dennis1982","7","4","11"
"denspam","5","6","11"
"DenVB","6","5","11"
"Denzel8108","5","6","11"
"Depth25","5","6","11"
"Derbitov_G","6","5","11"
"Derek_Ra","5","6","11"
"derekb1874","6","5","11"
"Derevinth","6","5","11"
"DerKochvonHeckler","6","5","11"
"DeRonyBKD","6","5","11"
"DerrickNy823","4","7","11"
"DerwahreTal","4","7","11"
"DESTROYER_1612","4","7","11"
"destroyerg0k","5","6","11"
"Deulefeu","6","5","11"
"dezane2222","5","6","11"
"dguttdvhg","6","5","11"
"dhruv5572","6","5","11"
"diabolos1","4","7","11"
"Diatome1","6","5","11"
"dibhor","5","6","11"
"dicksy155","3","8","11"
"Didar88","6","5","11"
"Didier22","6","5","11"
"didspkillerr","6","5","11"
"Diego16488","5","6","11"
"DiegoFanzago","4","7","11"
"digitalatom6","6","5","11"
"Dilali","6","5","11"
"dim-sin","5","6","11"
"Dima_S_61","6","5","11"
"dima1799","5","6","11"
"DimaLe","6","5","11"
"Dimitri_82","6","5","11"
"din1232","6","5","11"
"Dinomalaj12345","5","6","11"
"Dirtydogs","7","4","11"
"ditr2691","5","6","11"
"Diustyle","6","5","11"
"divils","5","6","11"
"Divon58","5","6","11"
"Djimzovich","6","5","11"
"Djovani","6","5","11"
"DJSLIZZARD","5","6","11"
"dksaxena","5","6","11"
"dmikhv","5","6","11"
"DMITIIRUD","6","5","11"
"DmiVas","5","6","11"
"dmonryder","6","5","11"
"dobbytheelf","6","5","11"
"Dobrinf","6","5","11"
"doctor_istrange","5","6","11"
"dolzigor","5","6","11"
"Dom-12-Eli","5","6","11"
"Domingos94","5","6","11"
"domino64","6","5","11"
"don_pedro_Reyes","4","7","11"
"don570","7","4","11"
"donald89","5","6","11"
"donetsky62","7","4","11"
"Donflexy","5","6","11"
"Donlaurens","6","5","11"
"donnorberto","5","6","11"
"Doraemon0403","6","5","11"
"Dosmanola","6","5","11"
"Dr_ballo","5","6","11"
"Dr_Ravs","5","6","11"
"dr-noel","6","5","11"
"Dr-Zo","6","5","11"
"DRAGO0","5","6","11"
"Dragone1955","6","5","11"
"dragonqueen77","5","6","11"
"DrahelAs89","4","7","11"
"DrAliessafy","7","4","11"
"drandie","6","5","11"
"draquimica","6","5","11"
"drashokrg","6","5","11"
"DrazenK","6","5","11"
"DreamOfQueens","3","8","11"
"Drew1234567890","5","6","11"
"DrGrynberg","4","7","11"
"Drinkwoter","6","5","11"
"drliches","6","5","11"
"DrMuhamet","5","6","11"
"DRNMaster","6","5","11"
"drydry33","6","5","11"
"dudoy","5","6","11"
"DuPart67","6","5","11"
"durpiano","5","6","11"
"Dushanth","6","5","11"
"dustinface","5","6","11"
"duvaio2020","5","6","11"
"dvd2050","5","6","11"
"DynamiteTonite","6","5","11"
"Dzuba16","7","4","11"
"E090589","6","5","11"
"e7M7e","5","6","11"
"easy_GoingGuy","6","5","11"
"EazyAl","5","6","11"
"Edegor","4","7","11"
"Edgar023","6","5","11"
"edibranarso","6","5","11"
"edmcdr","6","5","11"
"EduardoOK","6","5","11"
"EdVaLor","6","5","11"
"EdwinTenas","5","6","11"
"edxadrez","6","5","11"
"Ef4a5","4","7","11"
"efc1985","6","5","11"
"Efimmafim","6","5","11"
"efimovartem","4","7","11"
"Egor_Q5","7","4","11"
"egormcgregor","5","6","11"
"eheheherehe","7","4","11"
"EHK45","7","4","11"
"ehsan960","4","7","11"
"ehv_mc2","5","6","11"
"EJF-1956","6","5","11"
"ekces","6","5","11"
"Ekipoekmomninfo","5","6","11"
"Elay_Minexanova","6","5","11"
"ElBateristaChess","5","6","11"
"electronicsguy","4","7","11"
"Elems01","5","6","11"
"ELGoharyy","7","4","11"
"Elias1810Juan","5","6","11"
"ellokitozai12","6","5","11"
"Elmar_Fudd09","5","6","11"
"elmatematico81","6","5","11"
"elmenshawym512","6","5","11"
"elrode","5","6","11"
"eluosiren","6","5","11"
"Elyas2013","6","5","11"
"emartin1000","5","6","11"
"Emilio05","5","6","11"
"EmmaChess_E4","5","6","11"
"Emmanuel_CS_McGill","6","5","11"
"Emmanuel-bg008","2","9","11"
"EmperorMiles","5","6","11"
"emre1940","5","6","11"
"emre3713","5","6","11"
"emreboyaci","4","7","11"
"enaddhhh","7","4","11"
"enchochoyt","6","5","11"
"Endan_23","7","4","11"
"Endgame35","5","6","11"
"enigma355","6","5","11"
"enmacm","5","6","11"
"Enthusiast_PP","7","4","11"
"Enzy1234","5","6","11"
"epx038f","5","6","11"
"eqiniox","5","6","11"
"Erathorn55","6","5","11"
"Erdalerdal","5","6","11"
"ErFenomeno","6","5","11"
"ericponscouzon","6","5","11"
"Erik1610","6","5","11"
"Erjanchik","5","6","11"
"ermo","6","5","11"
"ernestico","4","7","11"
"Ernur077","5","6","11"
"Ersen-56","5","6","11"
"ERU1905","5","6","11"
"Escaque-Blanco","6","5","11"
"Escision84","5","6","11"
"Ethere87","3","8","11"
"EugeneVoynov","5","6","11"
"Evaristo2014","5","6","11"
"Evgenii1953","5","6","11"
"EvgeniyKol","6","5","11"
"evgenyi","6","5","11"
"Evgeska","6","5","11"
"Ewsei","6","5","11"
"ezoalfar","5","6","11"
"F_Sambo","5","6","11"
"f-22ua","6","5","11"
"Fa_05","5","6","11"
"Fablux","4","7","11"
"FACUNDO_NOAH","7","4","11"
"Faded012","3","8","11"
"Fahim_58","6","5","11"
"Fahr_100212","5","6","11"
"fajanrondo","5","6","11"
"FALINCITO","10","1","11"
"Fantazyor","6","5","11"
"Fares-Alamr","5","6","11"
"Fares1933","6","5","11"
"Farhaidda","6","5","11"
"farid-5","5","6","11"
"fastpoker01","5","6","11"
"Faszer","4","7","11"
"Fatemeh1990","5","6","11"
"FatherOfChess256","6","5","11"
"fatihby93","5","6","11"
"fazelsi","4","7","11"
"FBones23","3","8","11"
"fcortes70","6","5","11"
"feda89","5","6","11"
"fednik1812","5","6","11"
"Feidl","5","6","11"
"felixhermosoavila","5","6","11"
"fenomamy","3","8","11"
"Feridbaba","5","6","11"
"feridun65","5","6","11"
"fernandorg3","6","5","11"
"FerniRojas","5","6","11"
"FesenkoSerg84","6","5","11"
"FessChess","6","5","11"
"Feudalone","5","6","11"
"fg91","5","6","11"
"FH1344","5","6","11"
"Fhlor","5","6","11"
"FI123581321","6","5","11"
"Fidustus","6","5","11"
"Fili_PIN","6","5","11"
"FilippoTr94Arezzo","6","5","11"
"FilsLambert","5","6","11"
"FinishLine985","6","5","11"
"FinLit18","5","6","11"
"Finniscool69","5","6","11"
"Firdos5662","7","4","11"
"fireaandice","6","5","11"
"Firepower11","5","6","11"
"firewalldefence","6","5","11"
"firozsaiftaal","5","6","11"
"fischpeter62","6","5","11"
"FitSnake","5","6","11"
"Fizun0514","6","5","11"
"FLASH_CW_2024","7","4","11"
"fldppff","5","6","11"
"Flo30","5","6","11"
"Florin1001","6","5","11"
"flyingbrick","6","5","11"
"flyordie01","5","6","11"
"fmpe","5","6","11"
"foolishness","5","6","11"
"Fortniteplayer94","5","6","11"
"FouRCashe","5","6","11"
"FourRinngs","6","5","11"
"Fozzworth","5","6","11"
"FRACU","5","6","11"
"FranciscoAvilaLeon","6","5","11"
"FranciscoRomano2408","6","5","11"
"francoCJS25","7","4","11"
"FrancoGranado","6","5","11"
"FrancoooGonzalezzz","5","6","11"
"FrankEinstein1965","6","5","11"
"frankmelilla","6","5","11"
"freddyb22","4","7","11"
"frederiquechec","6","5","11"
"free_palestine123456","5","6","11"
"freexpalastin","7","4","11"
"Fridolinotto","5","6","11"
"frobby93","5","6","11"
"Frol3102","5","6","11"
"Frostywind","5","6","11"
"frv","5","6","11"
"frzam1348000","5","6","11"
"Fuin_Anor","5","6","11"
"g1966976","5","6","11"
"Gabdub","6","5","11"
"GaboNapo","6","5","11"
"GabrieL3081","5","6","11"
"Gabrielle-Angel","5","6","11"
"Gaerner79","6","5","11"
"Gaetanino42","6","5","11"
"gaieikm","6","5","11"
"galiyan","6","5","11"
"Galjik","5","6","11"
"galvinma","6","5","11"
"Gambetto3","4","7","11"
"Game_Unikorn","6","5","11"
"gameofallgames","6","5","11"
"GanapathiBhat","6","5","11"
"ganesh7337","8","3","11"
"gangaykar","6","5","11"
"Garottan","4","7","11"
"Garysol","6","5","11"
"gasesha","5","6","11"
"gaupa01","5","6","11"
"gautampenumalli","6","5","11"
"GayMasterPro","6","5","11"
"GC9405","5","6","11"
"gdidlc2","3","8","11"
"gefre","6","5","11"
"Gemelo777","5","6","11"
"GemodeS","5","6","11"
"Gena20cm","6","5","11"
"general2134","5","6","11"
"GennadiyIv","6","5","11"
"Gennassy","6","5","11"
"Georgas","5","6","11"
"George0509","7","4","11"
"George58","6","5","11"
"gerarcarlos21","5","6","11"
"Gerguer57","5","6","11"
"Germano-wm","5","6","11"
"germen41","5","6","11"
"GerryScot","6","5","11"
"Gfranco2222","5","6","11"
"ghitics","6","5","11"
"GhostsAndGoblins","5","6","11"
"ghouse_Gorillas","5","6","11"
"Giancarlo35","5","6","11"
"giant3333","5","6","11"
"GibsteAuf","4","7","11"
"Giga_007","5","6","11"
"gileabay","6","5","11"
"GiorgosPhilippou","6","5","11"
"Gippocrat","4","7","11"
"Gitan14400","5","6","11"
"giuliocardilli","6","5","11"
"givensichi","7","4","11"
"gjasiel984","5","6","11"
"GKJCH","7","4","11"
"Gleb_Prival","6","5","11"
"Glorben","5","6","11"
"gmamana","6","5","11"
"Gman12357","5","6","11"
"gmdss","5","6","11"
"Gmosaedjneed33","5","6","11"
"GnedovAlex","6","5","11"
"gneuf","5","6","11"
"goatyyyy","6","5","11"
"Goatzy","6","5","11"
"godcor","5","6","11"
"Gokhantirpan","5","6","11"
"gokmenoglum","5","6","11"
"golubev999","5","6","11"
"GontyX","3","8","11"
"gonzalomamani","5","6","11"
"GonzoFESA","6","5","11"
"GoodRobin","6","5","11"
"gooofyahtactics","5","6","11"
"Gorbunov_Danil_2008","5","6","11"
"Gosha2013","6","5","11"
"gosth197449","6","5","11"
"govinds","6","5","11"
"gp_adriano44","4","7","11"
"gpkTS","6","5","11"
"Gr4fZer0","6","5","11"
"GrandLache","6","5","11"
"Grandmaester10","4","7","11"
"Grandmaster_Cat","6","5","11"
"grbarcsay","5","6","11"
"Great_Egypt","6","5","11"
"GreatKenyan","5","6","11"
"greendregga","6","5","11"
"greenninja001","6","5","11"
"greff233","6","5","11"
"grigala9","7","4","11"
"GRINGRI","5","6","11"
"grishaevalexandr","5","6","11"
"grkrama","6","5","11"
"GROENINGIRVIN","6","5","11"
"Grossier_Merle","5","6","11"
"GRUJOsah","6","5","11"
"grumpymystery","6","5","11"
"Grumsi","6","5","11"
"Gruna","5","6","11"
"GShaker23","6","5","11"
"Gspyros21","5","6","11"
"GTrevize7","7","4","11"
"Guanachapin","6","5","11"
"guerbadz","6","5","11"
"GuiberAmo","4","7","11"
"Guido1940","6","5","11"
"guille_beiro","6","5","11"
"Guiller1010","4","7","11"
"GunX4","5","6","11"
"guvanch77","5","6","11"
"H_b_m","5","6","11"
"Habby","4","7","11"
"Habib_Rahaman","6","5","11"
"HACRER-0000","6","5","11"
"hadenyale","5","6","11"
"HakanAdana01","6","5","11"
"halfmanhalfknight","6","5","11"
"Halilsezer8080","5","6","11"
"Halvdanblack","7","4","11"
"Hamid_Youssef_2020","5","6","11"
"hamid24284505","5","6","11"
"Hamidchessco","6","5","11"
"hamraz401","6","5","11"
"hanaka2516","4","7","11"
"hancerfurkan","6","5","11"
"Handmaiden","4","7","11"
"haniyassien","5","6","11"
"Hannock_Hendreson","5","6","11"
"hansip","5","6","11"
"HansLange","6","5","11"
"Happychel","6","5","11"
"hardonchess","5","6","11"
"Harishsai","4","7","11"
"Harmes2023","6","5","11"
"HarmonG","5","6","11"
"Harriney-1D","6","5","11"
"harunarrashid","9","2","11"
"harvz13","5","6","11"
"HasanAlmasri","4","7","11"
"hasmetliumut","6","5","11"
"hasrac","6","5","11"
"hassan1958","5","6","11"
"HassenChess02","7","4","11"
"Havannez","6","5","11"
"haydari217","6","5","11"
"HCFC","6","5","11"
"HeartFelt_LoveBird","5","6","11"
"Hectic234","6","5","11"
"HEDHOUD","8","3","11"
"Heisenberg101010","5","6","11"
"Helene-Elisabeth","6","5","11"
"hellerpetryxa","5","6","11"
"HelloChessFriend","5","6","11"
"HelloMyName7s","6","5","11"
"HelloThereRV","6","5","11"
"heminoer","5","6","11"
"henr1quep","5","6","11"
"henrybahus","4","7","11"
"Hercules-Felix","6","5","11"
"hero_pl","7","4","11"
"Heshamabs","5","6","11"
"hetman666","6","5","11"
"Heyder002","6","5","11"
"hichambelarbi1998","5","6","11"
"HiGroundEnemy","7","4","11"
"hilaryian","7","4","11"
"himanshu70","7","4","11"
"hkrcm43","6","5","11"
"hmety","5","6","11"
"hmzyktdege","5","6","11"
"Hoangtung79","6","5","11"
"Hobby2222","7","4","11"
"Hobbygamer","5","6","11"
"Hobo947","5","6","11"
"hochupianino","6","5","11"
"Hoii_Rikka","5","6","11"
"hojat-eb","9","2","11"
"HojatHGY","5","6","11"
"Holasubi","6","5","11"
"HolleringHorsies","7","4","11"
"HONORE160165","6","5","11"
"hooverlegros","6","5","11"
"horacio1950","6","5","11"
"HORNKIGHT","6","5","11"
"HorseyTightlips","5","6","11"
"Hosh1machiSuisei","4","7","11"
"Hossam65","5","6","11"
"hossein_2424","5","6","11"
"Houker","7","4","11"
"hraac","4","7","11"
"htijseling","5","6","11"
"hulian","6","5","11"
"HumbleHardMan","5","6","11"
"hunterlyfe","5","6","11"
"huntingPawn","4","7","11"
"hussam7777","5","6","11"
"hwmmmwww","5","6","11"
"hwwesthoff07","4","7","11"
"hz3lkawy","4","7","11"
"I_dont_see_move","7","4","11"
"i_m_g_m","6","5","11"
"IAMATENNISRACKET","7","4","11"
"iamRkC","5","6","11"
"iat","5","6","11"
"Ibonyosi_12","5","6","11"
"Ibrahim33199","5","6","11"
"Iceman_4","5","6","11"
"icespike7","6","5","11"
"icka123","6","5","11"
"Idelbrano","6","5","11"
"idkwbidc","4","7","11"
"IdriskaIriska","4","7","11"
"igmo1910","5","6","11"
"Igor_1953-chess_king","6","5","11"
"Igorevich82","7","4","11"
"IgorGri1980","5","6","11"
"igorZap","5","6","11"
"igryk86","6","5","11"
"IHR06","5","6","11"
"ihsnsn","6","5","11"
"ihteandr1","5","6","11"
"Iikka93999","5","6","11"
"IIpotato","6","5","11"
"iirasulov","6","5","11"
"iJustinMars","6","5","11"
"ilaymate","6","5","11"
"IlemkovAlexandr2","5","6","11"
"Ilias6","5","6","11"
"iliotropion","6","5","11"
"Ilqar_1994","6","5","11"
"ilya_sson","5","6","11"
"ilyas317","7","4","11"
"Imdachamp","5","6","11"
"Impala1897","6","5","11"
"Imperator_zeref","6","5","11"
"imranahmed0835","6","5","11"
"incognito0520","6","5","11"
"indrasir","6","5","11"
"Indresh611","5","6","11"
"Infinityesence","6","5","11"
"ingbud","4","7","11"
"inieyan","6","5","11"
"insanityrains","5","6","11"
"insta_emres0_0","6","5","11"
"interceptor76","5","6","11"
"InventByDesign","6","5","11"
"invernomuto78","6","5","11"
"ionut02","4","7","11"
"iPomidor","6","5","11"
"iQ400","5","6","11"
"Iramatio","5","6","11"
"iranian_alireza","6","5","11"
"irekaykupov247","4","7","11"
"irwingiyml","5","6","11"
"Isabeaumac","6","5","11"
"isamadeus","6","5","11"
"isaro2008","5","6","11"
"isbas1953","6","5","11"
"iscbemthor","5","6","11"
"isikaltay","5","6","11"
"Itamar6423","6","5","11"
"itspradeepsaini","5","6","11"
"Ivan_Tor_1981","5","6","11"
"ivanisaac","6","5","11"
"ivanjankovic","6","5","11"
"ivanSL2007","6","5","11"
"IvarsStuders","3","8","11"
"Ivovf2","6","5","11"
"izwannasir","4","7","11"
"J_adancho","5","6","11"
"jacks13230","6","5","11"
"jacn8","6","5","11"
"JacobOri","5","6","11"
"JacoNell","6","5","11"
"jader-padilla","6","5","11"
"jafar1212","6","5","11"
"jagg2017","6","5","11"
"Jaimepapeleria","6","5","11"
"jair_19","5","6","11"
"Jakko65","5","6","11"
"Jalilitov","5","6","11"
"jalpeto","4","7","11"
"JamaroRojo","6","5","11"
"Jamin02","6","5","11"
"jamshidshamsi","6","5","11"
"Jankwi_Orly","6","5","11"
"JanLouwrensYanya","6","5","11"
"JanPaquin","7","4","11"
"Jaran_oleng","5","6","11"
"jararaca88","6","5","11"
"Jarosheesh","5","6","11"
"JasimQamar12","5","6","11"
"Jassaksham","6","5","11"
"javiher20","5","6","11"
"javismiles","5","6","11"
"jawalon","4","7","11"
"jawish93","5","6","11"
"jay_11","6","5","11"
"Jayveer610","6","5","11"
"jcarbone","5","6","11"
"jcheesman95","5","6","11"
"Jcherrera-Torremar","6","5","11"
"JeanMarcG","5","6","11"
"jeetdesai56","7","4","11"
"jeisson2023","5","6","11"
"jelena1974","7","4","11"
"jens72fighter","5","6","11"
"Jepi25","5","6","11"
"JeremiahLuk2020","4","7","11"
"JeremieZ","6","5","11"
"JERIS33","6","5","11"
"jervin13","6","5","11"
"Jesus-Keko","5","6","11"
"jesusesfiel777","6","5","11"
"jesusluna","5","6","11"
"jesusmalpicalopez","5","6","11"
"JHFOX96","6","5","11"
"JHOEL1264","5","6","11"
"Jhonu","6","5","11"
"jhosue202310","5","6","11"
"jib_ontuca28","5","6","11"
"jickyasu","5","6","11"
"jigarrana123","5","6","11"
"Jim_Bryan","6","5","11"
"JimRoberts","5","6","11"
"JIuJIuYaH","7","4","11"
"jjjjj08","6","5","11"
"Jk2022","5","6","11"
"jmjxj","6","5","11"
"JMROOK","6","5","11"
"jNPgAWDj","5","6","11"
"JoaquinCatUSC","6","5","11"
"JoelCozzi","6","5","11"
"joeldt2004","5","6","11"
"joelson2049","5","6","11"
"joenspischer","5","6","11"
"JoeyCaunsag11ptolemy","6","5","11"
"jofranklin2391","5","6","11"
"johanknijff","6","5","11"
"JohnInwood","6","5","11"
"Johnwick1983","4","7","11"
"JOHR23","7","4","11"
"jojijohn","6","5","11"
"jojo28","5","6","11"
"jokeyb","3","8","11"
"Joluji","5","6","11"
"Jon_Smith","5","6","11"
"Jonant73","5","6","11"
"jonasbraga123","5","6","11"
"jonathanh12","5","6","11"
"jones77radom","5","6","11"
"Jonesy0223","5","6","11"
"jopra1001","4","7","11"
"Jorge1955","8","3","11"
"jorgejc","7","4","11"
"Jorgelopez1978","4","7","11"
"Joserra1960","5","6","11"
"JoseviChess","5","6","11"
"joshi12","6","5","11"
"joshiy","5","6","11"
"Josim03","5","6","11"
"jossbh","6","5","11"
"Josy123","5","6","11"
"jpchesser","6","5","11"
"Jpsyduck","5","6","11"
"Jrawww","7","4","11"
"jshadle83","7","4","11"
"JTiz","5","6","11"
"juan_con_numero","5","6","11"
"Juan-ma_18","5","6","11"
"Juan96062606","7","4","11"
"juanfran24","6","5","11"
"juanfranweb","5","6","11"
"juanjopiol10","4","7","11"
"juanjulianh","6","5","11"
"juanmaglez","6","5","11"
"jubin0911","5","6","11"
"jublabo","4","7","11"
"jucequi","5","6","11"
"juicedark","5","6","11"
"Juju165","5","6","11"
"juleleck","6","5","11"
"Julespin","5","6","11"
"Juliosorias","4","7","11"
"Julisando","6","5","11"
"JuMarshals","5","6","11"
"Junc","6","5","11"
"jushaso","7","4","11"
"justAdah","7","4","11"
"JUSTIN-Z","8","3","11"
"JUSTIN1234567","7","4","11"
"Justoeliasloo","4","7","11"
"JustOneBeer","6","5","11"
"JustTeasingU","6","5","11"
"jusuf5","5","6","11"
"JuvanAbel","6","5","11"
"juzzino","5","6","11"
"jvg1997","5","6","11"
"kabutokante","5","6","11"
"kabyo_roy","6","5","11"
"Kabzy","5","6","11"
"KaDe790","5","6","11"
"Kadet-32","5","6","11"
"kadir1564","5","6","11"
"kadvan","5","6","11"
"kalikino","6","5","11"
"Kalle321","6","5","11"
"Kaloidinikolaig","6","5","11"
"KamalEddarraji","4","7","11"
"kamennyikukol","6","5","11"
"kamilaga","5","6","11"
"KamilAmmary","5","6","11"
"Kamsochim","7","4","11"
"Kannjanix","5","6","11"
"karenann","6","5","11"
"Karina_svetkova","5","6","11"
"Karlach_Simp","6","5","11"
"Karnemelk","6","5","11"
"karolina88","7","4","11"
"Kartik_sambhu","6","5","11"
"kasra-heidari","5","6","11"
"Katzenkreis","6","5","11"
"kauanchess256","5","6","11"
"kaupa","5","6","11"
"KaushikR25","6","5","11"
"Kavineiish","6","5","11"
"KAYCEEyt","5","6","11"
"Kayl79","6","5","11"
"KayxCR","6","5","11"
"kazemmazemi","5","6","11"
"kdddddledari","5","6","11"
"Keilerr_99","4","7","11"
"keithhhhh","7","4","11"
"KELDIH","6","5","11"
"Kem0n","5","6","11"
"keshav12343","6","5","11"
"Keteliny","5","6","11"
"KevinCorner","6","5","11"
"kevinddv","7","4","11"
"Kezoffice","6","5","11"
"KGMamikonyan","4","7","11"
"Kgothatsomasilela","5","6","11"
"kh_led2801","6","5","11"
"Khaled_151515","6","5","11"
"khaledrashwan","5","6","11"
"Khalilhijir","5","6","11"
"Khan270","5","6","11"
"KHANHTRAN2K5","6","5","11"
"khorosh","5","6","11"
"khushal14941","5","6","11"
"Kiarad","5","6","11"
"kidding123","5","6","11"
"KIDS_Moscow","7","4","11"
"kike454","5","6","11"
"KillaBeezChess","6","5","11"
"killingmenoob","4","7","11"
"kimanilucas","6","5","11"
"kimchi_stew","6","5","11"
"king_cyruss","6","5","11"
"King_khalifu","6","5","11"
"King_Munish_XIII","4","7","11"
"King-Dumb","5","6","11"
"KingCanary","6","5","11"
"Kingibo","6","5","11"
"kingofpersia1234","6","5","11"
"Kingslayer1963","4","7","11"
"kiranmahamuni","6","5","11"
"kirikanan","6","5","11"
"kirill228999","4","7","11"
"kirithalani","5","6","11"
"Kito_Goeritz","5","6","11"
"Kitten1387","6","5","11"
"Kittyfromalley","6","5","11"
"kkris21sagala","5","6","11"
"Klaxxon10","5","6","11"
"KlimovSA1985","6","5","11"
"kmdoraiswamy","5","6","11"
"KmNassimOmarMohamed","5","6","11"
"knarf33","6","5","11"
"Knautschkopf","5","6","11"
"kniaz69","6","5","11"
"KnightRiderchess28","5","6","11"
"knights_are_horses","6","5","11"
"Koga7","5","6","11"
"Kokoette_Itim","6","5","11"
"komen7321","5","6","11"
"KomodoLetal","6","5","11"
"konapravallika","5","6","11"
"KondziozPolski","5","6","11"
"konnner","6","5","11"
"Konstantinv63","6","5","11"
"koorosh_68_d","4","7","11"
"kordis10","6","5","11"
"kosmos314","3","8","11"
"Kostrofff","4","7","11"
"KostyaU2017","5","6","11"
"kovskichess","7","4","11"
"Kow444","6","5","11"
"kowabounga","6","5","11"
"kp108","6","5","11"
"kpsanjeet","5","6","11"
"kral_ejderha","6","5","11"
"Kreem52","5","6","11"
"Kreschimir","6","5","11"
"Kretkopalino","5","6","11"
"kricky","5","6","11"
"KRISH11211","7","4","11"
"krlmhb7","6","5","11"
"krunch6","5","6","11"
"krutenks","6","5","11"
"KTotoka","5","6","11"
"Kubakos73","6","5","11"
"kubanyrys","4","7","11"
"Kuch1975","6","5","11"
"kuldeep_kushwah","5","6","11"
"Kunal_bisht","7","4","11"
"kuniyoshimegane","5","6","11"
"Kur1234","5","6","11"
"KVB_KVB","4","7","11"
"Ky_Ne","5","6","11"
"lablia","5","6","11"
"laderuxo","6","5","11"
"ladybell64","6","5","11"
"laeufer26","5","6","11"
"LaMaEv_1977","6","5","11"
"lamou-original","5","6","11"
"landerib","4","7","11"
"Laozarus","6","5","11"
"LaSalita","6","5","11"
"Latifa07","6","5","11"
"Latifov_Elgun","4","7","11"
"Latona","6","5","11"
"laugui029","5","6","11"
"laulit","5","6","11"
"Lawliet_11","6","5","11"
"Lawrence_of_Arabians","5","6","11"
"leadhead","5","6","11"
"leandrodmartins","5","6","11"
"learningchessbrazil","6","5","11"
"lebedinskkyy","6","5","11"
"lechessnovice","5","6","11"
"LeDixiemeHomme","6","5","11"
"lee_chess_pb","6","5","11"
"Leesuu","4","7","11"
"LeeTommy","5","6","11"
"LeFodon","6","5","11"
"LegendArjun","4","7","11"
"leica9981","6","5","11"
"Lemefra_chess","6","5","11"
"Lenw1","6","5","11"
"leobenitez","6","5","11"
"leomariani","5","6","11"
"Leonardo_Giglioli","5","6","11"
"Leonid13rus","4","7","11"
"Leonidasaki","6","5","11"
"Leonov99","6","5","11"
"Lepovl","6","5","11"
"leprosy2","6","5","11"
"Lesa75","7","4","11"
"lesopilka74","6","5","11"
"Letranite","6","5","11"
"LetUsPlay64","6","5","11"
"Lev_Kuchinski","7","4","11"
"LEWIS111","6","5","11"
"Li-Fu","6","5","11"
"liberti-1308","7","4","11"
"librebrahim","5","6","11"
"licbuster","5","6","11"
"lichithk09","7","4","11"
"Light1809","5","6","11"
"lighterdark","5","6","11"
"likechessplay","5","6","11"
"LilianaGora","5","6","11"
"linel043","5","6","11"
"linxpr0g","6","5","11"
"liQuAil","4","7","11"
"Little_Smelly_Boy","6","5","11"
"LittleBaboo","4","7","11"
"littleOinker","7","4","11"
"littleSvg","6","5","11"
"livelife5","5","6","11"
"Livesey1720","5","6","11"
"Lizardiroldanchess","5","6","11"
"llewrentious","5","6","11"
"Lobisontes","5","6","11"
"Loceryl","6","5","11"
"logancito","5","6","11"
"loir","5","6","11"
"lolo-67220","5","6","11"
"loman-ibrahim","5","6","11"
"London_fog","6","5","11"
"Lord_Of_Cinder","4","7","11"
"lordofdwarfs","6","5","11"
"lordoflose666","6","5","11"
"Loreneve","5","6","11"
"Lorry145","5","6","11"
"LosTiranos666","6","5","11"
"LotfiBouchareb","6","5","11"
"lowprofile28","5","6","11"
"LozaAG91","5","6","11"
"LTSR","6","5","11"
"Lubov73","6","5","11"
"Lucapala","5","6","11"
"Lucas0196","5","6","11"
"lucasflox","6","5","11"
"luchasco","4","7","11"
"LuckyGlitzern1","6","5","11"
"luckylise","6","5","11"
"Luigi-Sardinien","5","6","11"
"Luis0404","6","5","11"
"LUIS27031972","5","6","11"
"Luischeylan21","7","4","11"
"Luismeta","5","6","11"
"Luka577","5","6","11"
"LukaMal","5","6","11"
"lukare","5","6","11"
"Lupi_Luyten","6","5","11"
"lux5","5","6","11"
"lv_kkk","6","5","11"
"lvanOTerrivel","5","6","11"
"lyaven","5","6","11"
"M_Ali85","4","7","11"
"m-z1234","6","5","11"
"M0rfei","6","5","11"
"M13600","4","7","11"
"m7marina7","6","5","11"
"ma-te24","6","5","11"
"maarten89","6","5","11"
"Macang_Lada","6","5","11"
"MacChessNU","7","4","11"
"madAbel","6","5","11"
"MadeIn1804","5","6","11"
"mag1cian","6","5","11"
"magdic","5","6","11"
"Magesh_R1969","6","5","11"
"magicapresencia","5","6","11"
"MagnificCreature","4","7","11"
"MagnosAtef","6","5","11"
"magnuscalsenmusonge","7","4","11"
"Mahathirone1","5","6","11"
"Mahatsaraclub","4","7","11"
"MAHDIyar4015801","6","5","11"
"Mahdiyasukand","6","5","11"
"mahmoud_atef31","5","6","11"
"maikeldd","5","6","11"
"Majedba76","5","6","11"
"majidGHP79","6","5","11"
"majstor123456","6","5","11"
"Makanich","6","5","11"
"makar_evgen_2012","5","6","11"
"makdoh","6","5","11"
"maked1sky","6","5","11"
"MAKSIM_2001","5","6","11"
"malcolm-16","5","6","11"
"maldnus-blundersen","6","5","11"
"MaldororRebelle","7","4","11"
"maliuyar","6","5","11"
"malux72","5","6","11"
"Malva_alcea","4","7","11"
"Malyshev_Ilya","4","7","11"
"Mamalaura","6","5","11"
"Mamertojunior","7","4","11"
"MAMMEDLIMURAD","6","5","11"
"MamyHasinony","5","6","11"
"Manculicany","5","6","11"
"MandarChess","4","7","11"
"mannny123581321","6","5","11"
"manojprabakar","6","5","11"
"manolin11","6","5","11"
"ManoltheStylish","5","6","11"
"Manos57","5","6","11"
"manpafa","6","5","11"
"Mansuraj","6","5","11"
"mantorognoso","4","7","11"
"ManuCA6191","5","6","11"
"MANUCORINNE","5","6","11"
"manuel1962","6","5","11"
"ManuelRD","8","3","11"
"maplewind","6","5","11"
"MaplyHyre","5","6","11"
"Maqsss","5","6","11"
"maquinavaja","6","5","11"
"maragnorenato","6","5","11"
"maras111","5","6","11"
"Maratemirlan2","5","6","11"
"Marc2023","4","7","11"
"marcelodelucas","6","5","11"
"MarcelSP","4","7","11"
"marcusyeo","6","5","11"
"marenok","6","5","11"
"MariaD1","6","5","11"
"MarinaArruda","6","5","11"
"marineone","6","5","11"
"Mario_Levine77","5","6","11"
"mario17176452","6","5","11"
"Marios3","5","6","11"
"marioSepulvedaA","5","6","11"
"maripla","5","6","11"
"mariposyuwu","4","7","11"
"mark110794","6","5","11"
"markalanhohepa","4","7","11"
"Markchella","5","6","11"
"markiza1","4","7","11"
"marko170","6","5","11"
"Marko1777","5","6","11"
"Markus_Fauler","4","7","11"
"Markus_Scheuermann","6","5","11"
"marmo44","4","7","11"
"MarryKat","5","6","11"
"MartiIV","5","6","11"
"martinezbarbera","6","5","11"
"Martinnng","4","7","11"
"MarySarah","6","5","11"
"Maska46","5","6","11"
"masmote","5","6","11"
"masood7180","8","3","11"
"Massimo64","5","6","11"
"Mat-a-mat","5","6","11"
"mataxxs","5","6","11"
"Mate73","5","6","11"
"mateoramoscruz","6","5","11"
"materialdelbueno","4","7","11"
"mateusz231","6","5","11"
"mateymate123","5","6","11"
"Matfiej","7","4","11"
"matopat2","6","5","11"
"Matrudi","6","5","11"
"matthes1991","5","6","11"
"MatthewGannaban","5","6","11"
"MatthieuG","6","5","11"
"Matvey24Ulya08","5","6","11"
"matwendu","5","6","11"
"Maurizio82Inc","5","6","11"
"mauroob1993","5","6","11"
"MauroSavast4no","5","6","11"
"Maxanduezaj","6","5","11"
"maxcap65","6","5","11"
"maxiargentino","5","6","11"
"MaxiIgor77","5","6","11"
"MaxiMexi","6","5","11"
"Maximosoto","5","6","11"
"maximostark","5","6","11"
"Maximov33","6","5","11"
"Maxmotivation2009","5","6","11"
"mayuri0","6","5","11"
"mazen3400","5","6","11"
"MazibukoMidrand","5","6","11"
"Mb_six","6","5","11"
"mbong","5","6","11"
"mc_anwar","6","5","11"
"MC_OMLET","7","4","11"
"Mcdbrd","6","5","11"
"mcgregorsgambit","4","7","11"
"MCHESS6262","6","5","11"
"mcmacbook","5","6","11"
"MCPadilla","6","5","11"
"mcslurry","5","6","11"
"mcspeeruk","5","6","11"
"MD5799672127","5","6","11"
"mea48","6","5","11"
"Medi85085","5","6","11"
"medjekal","7","4","11"
"medo_10803","6","5","11"
"MEGA_PLAYER","5","6","11"
"megaman7de","5","6","11"
"Mehdi7272","4","7","11"
"Mehmet3456","4","7","11"
"Mehmet454545","9","2","11"
"Mehrana402","5","6","11"
"mehrdad_unchained","2","9","11"
"mekhakiller","5","6","11"
"Melegim92","8","3","11"
"mellissaandpearse","5","6","11"
"Mellogreen","5","6","11"
"meltemnys","7","4","11"
"menateanying","6","5","11"
"meniga","3","8","11"
"mersana94722","6","5","11"
"Mersedes555","5","6","11"
"meskudi","5","6","11"
"mesziti","5","6","11"
"mexican13","5","6","11"
"MEyaqin","7","4","11"
"MeyouIly","6","5","11"
"mhassanudin","5","6","11"
"Mhosseiniht","4","7","11"
"miaan12","5","6","11"
"Micacdn","7","4","11"
"michaeld","6","5","11"
"microSD","6","5","11"
"midooooooooo","6","5","11"
"Midoriya1234567","6","5","11"
"mightyblaze","6","5","11"
"miguel4101","6","5","11"
"miha0202","5","6","11"
"Mihail063","6","5","11"
"MikaelBedoff","5","6","11"
"Mikalai_R","6","5","11"
"Mike_FD","5","6","11"
"MikeNagornyi","6","5","11"
"Miki1999","6","5","11"
"MikiMiki2013","4","7","11"
"Miklas","5","6","11"
"Mikleino","6","5","11"
"Mikuli","5","6","11"
"milind023","5","6","11"
"milkywaycc","4","7","11"
"MiniCarlos","7","4","11"
"MinimumAsset","5","6","11"
"MinnesotaScott","5","6","11"
"minuspawn","4","7","11"
"miq121","6","5","11"
"Miraga777","3","8","11"
"mirjan91","5","6","11"
"miro21","5","6","11"
"MironGrigoriev","6","5","11"
"mis2211","6","5","11"
"MissArianna","5","6","11"
"MisterAC","6","5","11"
"MisterG10","6","5","11"
"MisterJP59","5","6","11"
"mitDativ","5","6","11"
"Mitsiaspao","6","5","11"
"mkmatarelli","5","6","11"
"MLj80","4","7","11"
"MLManuel105","6","5","11"
"mlms481","6","5","11"
"mlms507","6","5","11"
"mlms518","6","5","11"
"mlms544","6","5","11"
"mmesha","5","6","11"
"Mmgrn","5","6","11"
"mmironi","5","6","11"
"MMMTA","7","4","11"
"mms047","6","5","11"
"mmsss","6","5","11"
"Mnerva","5","6","11"
"moatazganem","5","6","11"
"moatef1998","3","8","11"
"Moha535917253","6","5","11"
"Mohamad_saremiii","4","7","11"
"Mohamed10sec","7","4","11"
"MohamedElMezain","5","6","11"
"Mohamedelsherif","5","6","11"
"mohamedgalalelmorsy","5","6","11"
"mohamedjaber938","6","5","11"
"mohamedmashhour624","6","5","11"
"mohamednabillllll","5","6","11"
"mohammad_hossein7656","6","5","11"
"Mohammadjabraeeli","5","6","11"
"Mohammadkassom","5","6","11"
"mohammadm83","4","7","11"
"mohammed_258","8","3","11"
"mohammedAliAtta","6","5","11"
"Mok43","6","5","11"
"molly123july","6","5","11"
"momentum72","5","6","11"
"mond24","6","5","11"
"Monesh0910","5","6","11"
"Monno_30","7","4","11"
"montajab19899","5","6","11"
"Moonbloom1","7","4","11"
"Mooravei","6","5","11"
"Moosalina51","5","6","11"
"MOOVVI","5","6","11"
"moralera","6","5","11"
"more_hawk","5","6","11"
"Morgan7718","5","6","11"
"morpehr","6","5","11"
"Mortuz","4","7","11"
"mosafer6063","4","7","11"
"mostafa___okasha","5","6","11"
"MostafaAWM1","5","6","11"
"MosterofChess","6","5","11"
"motaboy","6","5","11"
"mourouzis","9","2","11"
"Moustafamorra","7","4","11"
"Mozaffarj","5","6","11"
"Mpobole06","6","5","11"
"MPVinotinto","6","5","11"
"Mr_Majestic-16","7","4","11"
"mraselbbc","7","4","11"
"MRCOC","5","6","11"
"MrHarrier","6","5","11"
"Mridu2323","5","6","11"
"MrMcGiggles","6","5","11"
"mrvamsi","5","6","11"
"MSamirM","6","5","11"
"Msayed0","6","5","11"
"MSBXSTAN","6","5","11"
"msdvijay","5","6","11"
"MSLK1112","6","5","11"
"Msm55555555555","6","5","11"
"MTHendrix","6","5","11"
"mti11","6","5","11"
"mubangaalfredo","6","5","11"
"Muflik","6","5","11"
"Mugerz","6","5","11"
"Muhamedadel","6","5","11"
"MuhammedOsama98","5","6","11"
"Muhammetali19","7","4","11"
"MuhaQddi","6","5","11"
"Mukhamed22","5","6","11"
"mulaay","5","6","11"
"Mundin_Arnil09","6","5","11"
"Munku","4","7","11"
"murkblat","6","5","11"
"murpa","5","6","11"
"mustafa198111","4","7","11"
"Mustafa2810","6","5","11"
"mustelier1111","5","6","11"
"Musthafa123","5","6","11"
"mustymuus","5","6","11"
"MVNewman","4","7","11"
"Mvyele-Wa-Vayolense","7","4","11"
"Mwalimu1501","4","7","11"
"mypoint","6","5","11"
"myratnoca","5","6","11"
"mysteriouz_guy","6","5","11"
"mysweetlife","5","6","11"
"N-u-r-i-k","5","6","11"
"n1h3","5","6","11"
"N1KyXQ","5","6","11"
"n495t4r","6","5","11"
"n877591","6","5","11"
"na3r","5","6","11"
"NachoHV","6","5","11"
"nad88had","6","5","11"
"naftali001","6","5","11"
"Nagoga_Vitalij_2324","5","6","11"
"NagornykhArtem","5","6","11"
"Nagyc42","3","8","11"
"Nalagu","6","5","11"
"namphong1410","6","5","11"
"nanda6","5","6","11"
"NandoEpitome","5","6","11"
"Nantenaina401","6","5","11"
"NarekGagiki1974","6","5","11"
"narinlast","4","7","11"
"Nas_Sirius","2","9","11"
"NaserEkramy","5","6","11"
"nasser_gedo","5","6","11"
"Nasty_Tal_Sas","6","5","11"
"Nastya343","5","6","11"
"NAT_2022","5","6","11"
"NatalyaShames","4","7","11"
"Nategotkeys","5","6","11"
"Nathan079","5","6","11"
"Natthakit","6","5","11"
"naturalchessboss","5","6","11"
"Nawizo","5","6","11"
"naxdorf","7","4","11"
"Nayr1888","6","5","11"
"Nayt97","5","6","11"
"Nb1-z2","5","6","11"
"necdeath","5","6","11"
"necwork","5","6","11"
"Nedeljkoserdar","5","6","11"
"NedirBay","6","5","11"
"NeedyouShah","6","5","11"
"neemakumarmanish","3","8","11"
"neerajana","5","6","11"
"NegrMMM","4","7","11"
"nekit13220","5","6","11"
"nelsonbasa","8","3","11"
"Nelsonloaiza","5","6","11"
"Nemalili_SR","7","4","11"
"Neneto","6","5","11"
"Nepochu","6","5","11"
"Nepston","6","5","11"
"Neron291","5","6","11"
"net9lev","5","6","11"
"nevsyeah","5","6","11"
"new_player_123","5","6","11"
"newblank","6","5","11"
"newtochess69","5","6","11"
"NGOCNAM2013-TBQD","5","6","11"
"NGUYENNHATHUY-TB","6","5","11"
"nguyenviethaidang","5","6","11"
"Nhlaka0785246040","6","5","11"
"Nick_E","6","5","11"
"NickDZB_2011","5","6","11"
"Nicki2","5","6","11"
"NickyKlautDeineDame","5","6","11"
"Nico34380","5","6","11"
"nicokaid","4","7","11"
"nicole201109","6","5","11"
"Niculae888","6","5","11"
"NIFTYNIFTY","6","5","11"
"nightfury62","6","5","11"
"nihathami2017","6","5","11"
"NikephorosKomenus","4","7","11"
"nikhil4443","5","6","11"
"Niki_de_Beleriou","6","5","11"
"nikita_atamanchuk","5","6","11"
"nikitkal0l","5","6","11"
"nikola_26_04","6","5","11"
"NikolayShchekin","6","5","11"
"NikolayVas","10","1","11"
"niks2106","6","5","11"
"nilsroine51","5","6","11"
"ninthknight","6","5","11"
"nJARRA","5","6","11"
"njazz","6","5","11"
"nkosev","5","6","11"
"nkt88","5","6","11"
"nmk12","5","6","11"
"NNMoura","4","7","11"
"nobody01123","5","6","11"
"Nofel_xelilov","6","5","11"
"nolko","5","6","11"
"NoLogicOne","6","5","11"
"nolove2bfound","5","6","11"
"noonewhodis","5","6","11"
"Noor_tamer47","5","6","11"
"norbert76","5","6","11"
"Norsetro","6","5","11"
"NotAus","7","4","11"
"NoTimeForDoubt","4","7","11"
"Notorius_M","6","5","11"
"Notpx","6","5","11"
"NotYourDoctor","6","5","11"
"Nour689529381","5","6","11"
"NP1992","6","5","11"
"npulyani","6","5","11"
"numakrejic","7","4","11"
"Nurbek75","6","5","11"
"nurdaulet-O5","4","7","11"
"Nusret49","8","3","11"
"Nxh6","5","6","11"
"NXT93","7","4","11"
"Nyomastarto1","6","5","11"
"obaidahjazy94","7","4","11"
"ocaradoxadrez","5","6","11"
"ocelaris2001","6","5","11"
"Oditsap","6","5","11"
"odko2022","6","5","11"
"Oguz_Aksoy","6","5","11"
"oioioioioio","6","5","11"
"okibaba","5","6","11"
"okjoeMe","5","6","11"
"OldDeu5","5","6","11"
"olden_BS","6","5","11"
"oldman4","5","6","11"
"Oleg_Romanych-1989","6","5","11"
"oleg0581","6","5","11"
"olege7","7","4","11"
"olegShelefontiuk","6","5","11"
"oleoresin47","6","5","11"
"OleSchwerin","6","5","11"
"Olexandr-Fedoryshyn","6","5","11"
"olin30","7","4","11"
"oliveros9","5","6","11"
"omar_alaa_mansour","4","7","11"
"omar_khalid_1","6","5","11"
"omar-94","5","6","11"
"Omar-Alzain","5","6","11"
"Omardebra","5","6","11"
"omarkhatab91","5","6","11"
"omarsolimanz1","6","5","11"
"Omerbaris55","4","7","11"
"Onegin_13","7","4","11"
"onurhanuyar","4","7","11"
"oolloov","6","5","11"
"Orange75","6","5","11"
"orangearmor","7","4","11"
"Orangedrop","5","6","11"
"Orazbek1943","6","5","11"
"orfe20","7","4","11"
"Orfeasmkladeftiras","6","5","11"
"originalism","6","5","11"
"orwald07","5","6","11"
"osama-elsabaa","6","5","11"
"osama01150515141","10","1","11"
"Oscar_Borromelli","5","6","11"
"oscarg055","5","6","11"
"OsCel","5","6","11"
"Oshucream","6","5","11"
"OsxOsx","5","6","11"
"ot24vs35","6","5","11"
"OtownPops","5","6","11"
"OugkProv","5","6","11"
"overtime4u","6","5","11"
"ovkulaev","7","4","11"
"oyrmbs","5","6","11"
"ozanboztekin","6","5","11"
"ozcan541","6","5","11"
"OzkanTUNCER","6","5","11"
"ozramov","5","6","11"
"P_rotuberance","6","5","11"
"p1aragraph","6","5","11"
"p3rp","6","5","11"
"P911RS83","5","6","11"
"Paandian","5","6","11"
"pablonoailles","5","6","11"
"pabmal","5","6","11"
"pacaho","5","6","11"
"Paco1942","5","6","11"
"pacoben5","6","5","11"
"Pacosss","5","6","11"
"Pacoxesco69","5","6","11"
"Padawan2015","6","5","11"
"PaddyPat","5","6","11"
"padrechrisfischer7","6","5","11"
"PAJEE","6","5","11"
"paki74","6","5","11"
"Pako_Sandoval","5","6","11"
"pakomartinez","7","4","11"
"Palamas","6","5","11"
"Palitel","6","5","11"
"pancher_q","7","4","11"
"Pansini","5","6","11"
"panwar_ishan","6","5","11"
"paolo_vigoni","6","5","11"
"Papa_1","6","5","11"
"papa_kostik","5","6","11"
"PapeFrog","6","5","11"
"Papimillonario","4","7","11"
"Pappypedro04","5","6","11"
"ParamarthaDebnath97","6","5","11"
"ParanormalParanoyak","5","6","11"
"pardonthepawn","6","5","11"
"Pareen27Shah","5","6","11"
"parham_0110","5","6","11"
"ParidhiJainOstwal","6","5","11"
"Parlindungan16","7","4","11"
"Parmuart254","6","5","11"
"Parobrodar","6","5","11"
"Parsa-ar","4","7","11"
"Paruchurilb","6","5","11"
"Pasha-pasha72","6","5","11"
"PashaKILLER","5","6","11"
"paskalpaskal","5","6","11"
"pasochnikovvg","6","5","11"
"Passos_RJ","5","6","11"
"pat-henri","5","6","11"
"PaterRalf","5","6","11"
"patlasha","5","6","11"
"Patli67","4","7","11"
"PATM_STORE","6","5","11"
"patmon7","6","5","11"
"patopatrik","6","5","11"
"Patricek18","5","6","11"
"pavan181","6","5","11"
"pavan9009","6","5","11"
"Pavel66","6","5","11"
"pavlo_2014","5","6","11"
"Pavlodar222","5","6","11"
"Pawiscorpio","6","5","11"
"Pawn_Grab","6","5","11"
"pawnsbroker","7","4","11"
"pawnToL8","6","5","11"
"PawnXStar","5","6","11"
"pbtmvp","6","5","11"
"pdeligiannis","5","6","11"
"peacefulpassion","4","7","11"
"PeaceMatAtTea","5","6","11"
"Peacenkosi","6","5","11"
"Peasant214","5","6","11"
"pechauri","6","5","11"
"pecoschaak","5","6","11"
"Peder64","5","6","11"
"Pedroconcon","6","5","11"
"Pegasus1010","6","5","11"
"pellz1569","6","5","11"
"Penelope23","5","6","11"
"pennycarreg","6","5","11"
"PePaSasha228","6","5","11"
"Pepectmr","5","6","11"
"PepeMaster","4","7","11"
"Peppigios","5","6","11"
"PequenoDragao","6","5","11"
"Periparus_ater","5","6","11"
"Pershing6","4","7","11"
"pescador1931","6","5","11"
"Petabite","5","6","11"
"PeterH70","6","5","11"
"Peterivan","6","5","11"
"PetiaPatsuk","5","6","11"
"PetitPanda","5","6","11"
"Petromojo01","6","5","11"
"PeymanAzarifam","6","5","11"
"Philanimthembu","5","6","11"
"philip_2","7","4","11"
"PhilipDidenkov","4","7","11"
"phoenix13c","6","5","11"
"pibeas","5","6","11"
"PieHole1628","6","5","11"
"pieroldo1","6","5","11"
"Pilipaka_Valera","5","6","11"
"pime25","5","6","11"
"pindolfo","5","6","11"
"pingonov","6","5","11"
"Pinhasz","6","5","11"
"pInk-Lynx","6","5","11"
"Piroaadmi","6","5","11"
"piroozian","6","5","11"
"Pistike16","5","6","11"
"Pivanov","5","6","11"
"piyonist2","5","6","11"
"PJHB","6","5","11"
"pk237","6","5","11"
"pkd12345","6","5","11"
"Plagiarism","5","6","11"
"PlamenNikolov","7","4","11"
"PlanetMacro","5","6","11"
"Platon12042015","6","5","11"
"Player-9537","6","5","11"
"player0-7","5","6","11"
"playmam","5","6","11"
"Plummoh","5","6","11"
"pnaveenkumarch","6","5","11"
"Pnekkala","6","5","11"
"Pokkemon","4","7","11"
"Pokocedarcreek","4","7","11"
"polahany","5","6","11"
"POLSmit","7","4","11"
"Polyris","6","5","11"
"pomerio","6","5","11"
"Pondaa12","5","6","11"
"popa1404","6","5","11"
"popmark","5","6","11"
"popovicR","3","8","11"
"PorfiZelaya","4","7","11"
"Porpamos2","5","6","11"
"PortosHook","4","7","11"
"pouyaheydari","9","2","11"
"powerchesstr","6","5","11"
"powerpoop","5","6","11"
"pr0h","6","5","11"
"Prakritsure","6","5","11"
"prasadraokowluri","5","6","11"
"Praveen336699","5","6","11"
"prefecto","6","5","11"
"Preferokpetrovich","3","8","11"
"Premos","6","5","11"
"Presiden","5","6","11"
"Prevail_Imonisan","5","6","11"
"prey09","6","5","11"
"preydiet","5","6","11"
"Pritam04012007","5","6","11"
"Procofan","6","5","11"
"professor6","4","7","11"
"prometheus2121","6","5","11"
"prorab1963","5","6","11"
"ProsperoK","5","6","11"
"protarass","5","6","11"
"pstmn","5","6","11"
"PStylianos","5","6","11"
"PsychoNinja","5","6","11"
"psyduck123","6","5","11"
"pUbLiC_eNeMy88","5","6","11"
"Puneet_Dudeja","6","5","11"
"purushk78","4","7","11"
"Putnik777","6","5","11"
"PYL2077","7","4","11"
"QarWill","7","4","11"
"Quackingbird","6","5","11"
"QueenKingPawn","6","5","11"
"QuieroLimones","5","6","11"
"QuintBot","3","8","11"
"Quynhnhu9B_THCSHT","6","5","11"
"r2perezvilla","5","6","11"
"raazmo","5","6","11"
"Rabbi5","6","5","11"
"rabemg","5","6","11"
"rabevazaha","4","7","11"
"RadaDuh","5","6","11"
"Radamir_Zayats","6","5","11"
"Radjab1976","5","6","11"
"Rafa_zi","6","5","11"
"rafaelft56","5","6","11"
"raga_mufn","6","5","11"
"RagnaRock_IN","5","6","11"
"rago85","6","5","11"
"rahulbadgujar","5","6","11"
"Rain_z","5","6","11"
"Rajat_2011","4","7","11"
"rajat_sri1967","5","6","11"
"Rajat1202","6","5","11"
"rajb1508","6","5","11"
"Rajdiva3","5","6","11"
"rajeevmrr","5","6","11"
"Rajeshsingh96","5","6","11"
"Rajivs07","5","6","11"
"ram451992","6","5","11"
"ramisaleh550","6","5","11"
"ramones93","5","6","11"
"RamonRevolledo","5","6","11"
"rana_7","5","6","11"
"Ranci14","5","6","11"
"Raouf_1","5","6","11"
"raoufsport","5","6","11"
"Raphael_ibf","5","6","11"
"RaptoR854","5","6","11"
"rapustan","6","5","11"
"Rashedchess123","5","6","11"
"rashuaq","5","6","11"
"ravi1726","5","6","11"
"RavikumarM","5","6","11"
"RAYGUEV4","6","5","11"
"rayvl6002","7","4","11"
"RayzN8","6","5","11"
"Razib1008","4","7","11"
"Razmik1956","4","7","11"
"RBG8","2","9","11"
"rbsajedrez","6","5","11"
"Rea9200","5","6","11"
"Real_Messerschmitt","6","5","11"
"reallakru","4","7","11"
"reaterjr","6","5","11"
"Red_Horse1","5","6","11"
"redchess23","4","7","11"
"Reddevilz","5","6","11"
"RedDragon55581","6","5","11"
"RedFoxLondon","6","5","11"
"REDJOHHNNNN","5","6","11"
"redytar","6","5","11"
"Redzeder","5","6","11"
"regarboys","6","5","11"
"RegenwaldPorn","6","5","11"
"reignman8065","5","6","11"
"Reine_Angleterre","5","6","11"
"Relaax1","4","7","11"
"renttu","5","6","11"
"Reydama200IQ","7","4","11"
"reymon00","6","5","11"
"ReYnaldoO","5","6","11"
"Reytan67","5","6","11"
"reza4bet","5","6","11"
"RFFRS07","5","6","11"
"rgr2611","5","6","11"
"RH2020","5","6","11"
"RHISHABHJAJU123","5","6","11"
"rhistory50","5","6","11"
"Riandi_1","5","6","11"
"Ricocha","6","5","11"
"RiDdLa","6","5","11"
"Ridede","6","5","11"
"Riezjen","5","6","11"
"RingOO18","6","5","11"
"riyasp","6","5","11"
"Riyonwelgama","6","5","11"
"Rizun","6","5","11"
"RjLis","5","6","11"
"Rjosheghani","6","5","11"
"rjz12","6","5","11"
"rlrecalde","6","5","11"
"robbexxx","6","5","11"
"RobertN1979","6","5","11"
"robin_albrecht07","6","5","11"
"robratlos","6","5","11"
"Roby_Greco_82","6","5","11"
"robypat","6","5","11"
"roc2410","6","5","11"
"Rodalcas","4","7","11"
"Rodrigo_Arturo_A","6","5","11"
"rodrigofortes","6","5","11"
"Rofler55","5","6","11"
"rolliepjimenez76","6","5","11"
"Romanak","5","6","11"
"RomanFro","5","6","11"
"romanikoteen","4","7","11"
"RomanRozman123","5","6","11"
"RonnyRieken","6","5","11"
"RookChampKing","7","4","11"
"Royaldo","4","7","11"
"Royella","7","4","11"
"roz_ta3iarxos","6","5","11"
"RRobs01","6","5","11"
"Rtawilah","6","5","11"
"ruben125666","6","5","11"
"ruben71-71","6","5","11"
"Rubenmachado","6","5","11"
"RubenMiranda","7","4","11"
"Rubensen","5","6","11"
"RubenShapiro","5","6","11"
"RuelaSousa","6","5","11"
"rumblefishhh","6","5","11"
"rungekuttaj","5","6","11"
"Rushan_SH","6","5","11"
"Rushi2436","5","6","11"
"ruslan-69","6","5","11"
"RuslanNabokov_1","6","5","11"
"Ruslasha","5","6","11"
"Russell_B","6","5","11"
"RUSSTIK","6","5","11"
"rustam_137","6","5","11"
"rustyspurs","6","5","11"
"ruzeebaba","5","6","11"
"rw2212chess","6","5","11"
"RyanAC","6","5","11"
"ryvyr","6","5","11"
"Sa5hak","6","5","11"
"saahell","6","5","11"
"sabarinathb","6","5","11"
"Sacrifice3","5","6","11"
"sadday346434","6","5","11"
"Sah_Satranc","5","6","11"
"Sahmatov357","6","5","11"
"Saiaastha_07","6","5","11"
"saidkhaled","5","6","11"
"saidpm_13","5","6","11"
"Saidrizoshka","5","6","11"
"saiviraj","6","5","11"
"sakar","5","6","11"
"Sakhalin22","5","6","11"
"SalamaT99","6","5","11"
"salaop","5","6","11"
"SaldyNoel","6","5","11"
"SalehUbidCP3","5","6","11"
"sallar91619","6","5","11"
"saloumacharouka","5","6","11"
"salty_dog_61","4","7","11"
"salvopy","5","6","11"
"Salzderhelden","6","5","11"
"samad002","5","6","11"
"SamanHussein","6","5","11"
"Samarriad55","6","5","11"
"samecloud","5","6","11"
"samiam943","6","5","11"
"SamiNabil","5","6","11"
"samson90012","5","6","11"
"Samuelbraz","5","6","11"
"Samuele_221998","3","8","11"
"Samueltapes","3","8","11"
"samvass1","6","5","11"
"samwize","6","5","11"
"San_jila","5","6","11"
"sanagurcia","8","3","11"
"SANAOLWEYZ","5","6","11"
"Sanchitsingh89","5","6","11"
"SANDEEPPU","6","5","11"
"Sandoval4ever","5","6","11"
"Sandovi","6","5","11"
"sangram2093","6","5","11"
"Sanguinius_IX","6","5","11"
"Sangvinijus","6","5","11"
"sanjyotmore","5","6","11"
"sankendan","6","5","11"
"santana1977","5","6","11"
"Santanu1974","6","5","11"
"SantiagoDombek","5","6","11"
"Santila1","6","5","11"
"SanviChanila","6","5","11"
"sapdfsh","5","6","11"
"Sapienintellect","10","1","11"
"saplayanoglu31","6","5","11"
"sara6666","5","6","11"
"sardonix","6","5","11"
"Sari7","6","5","11"
"saribwuwu","5","6","11"
"Sasha-king","6","5","11"
"sathuhebbar","5","6","11"
"Satianadewa","6","5","11"
"satish9","6","5","11"
"Saulfc","5","6","11"
"Saulobomconselho","6","5","11"
"sava042","5","6","11"
"savas10","5","6","11"
"SAYAN_GANGOPADHYAY99","6","5","11"
"scarletstone","4","7","11"
"Schackknugern","6","5","11"
"Schakalaka132","6","5","11"
"SChess_M","5","6","11"
"SchmittiKippi","5","6","11"
"Schoenredner","5","6","11"
"Science_37","5","6","11"
"Scorp33","6","5","11"
"scottmaurer","4","7","11"
"scpchess123","5","6","11"
"screamskec","6","5","11"
"Scroll32","5","6","11"
"SCUB666","5","6","11"
"Seagull79","4","7","11"
"seb1291bes","5","6","11"
"sebastian_kowalski","6","5","11"
"SebFr","7","4","11"
"SecondChessPlayer","6","5","11"
"secus","5","6","11"
"semihhalbay","5","6","11"
"semo2000","5","6","11"
"Sempreavanti61","5","6","11"
"Senatorius","5","6","11"
"senio28","5","6","11"
"Sepehrmehdi","5","6","11"
"serdarbigbadboss","5","6","11"
"serega1907","5","6","11"
"serge31931","6","5","11"
"sergei20202020","6","5","11"
"Sergey-Maksimchuk","6","5","11"
"SergeyPluzh","6","5","11"
"sergio_88","6","5","11"
"Sergio_Igual","6","5","11"
"SergLeon44_44","7","4","11"
"SeryoginLeo","6","5","11"
"SF068","6","5","11"
"SG22020","6","5","11"
"SGB_1989","5","6","11"
"sgrnt","5","6","11"
"sgucsav2","6","5","11"
"Shadickswiss0909","6","5","11"
"Shadow-of_Chess","6","5","11"
"Shady008","4","7","11"
"Shah_morad","6","5","11"
"shah-mat-sila","7","4","11"
"shahab29","7","4","11"
"shahab755","4","7","11"
"shahram007","4","7","11"
"shahram5511","6","5","11"
"shahzad_hussain01","5","6","11"
"Shakibulssss","6","5","11"
"SHANKAR_2020","4","7","11"
"ShanLG","5","6","11"
"ShareefSalih_G10Zara","5","6","11"
"Shari5","6","5","11"
"Sharkteeth123","5","6","11"
"Shay_09876","6","5","11"
"ShBajrami","5","6","11"
"shelbysoheil","6","5","11"
"shen0063","6","5","11"
"shen101","5","6","11"
"sherriffflood","5","6","11"
"shfmetn","5","6","11"
"Shibunsaffer","6","5","11"
"Shinigami_4","5","6","11"
"shirzad42","6","5","11"
"shiva_rulds","4","7","11"
"shivamjiiiiiiiiiiiii","5","6","11"
"ShkunovNikolay","5","6","11"
"Shlokagoli","5","6","11"
"Shmittim","3","8","11"
"ShogunSevko","4","7","11"
"shooterdf","7","4","11"
"ShortArse","5","6","11"
"Shosha1962","6","5","11"
"Shrek4711","5","6","11"
"ShriRaajkhaanth","6","5","11"
"ShriSpark","6","5","11"
"Shurik-1","5","6","11"
"Shurrrik","5","6","11"
"SHWL","5","6","11"
"Shyamsunderbhargava","5","6","11"
"si_mendon_ti","6","5","11"
"siddu1234567890","5","6","11"
"sidinn","5","6","11"
"Sigma_9","5","6","11"
"sigmane","5","6","11"
"siiiiiiiiiiiii","6","5","11"
"sikituri","6","5","11"
"Sikoska","5","6","11"
"silicatov","5","6","11"
"SilverMonk","6","5","11"
"silvestr18by","6","5","11"
"Simakasan","6","5","11"
"simka99","4","7","11"
"simplexwork","4","7","11"
"Sinahi86","6","5","11"
"singhrk55","6","5","11"
"sipkin19","5","6","11"
"Sir_Rook_III","5","6","11"
"SirGumapac","5","6","11"
"Sirgusha","4","7","11"
"Siri1985","5","6","11"
"sixshine","7","4","11"
"SJ12_SangamFest2023","4","7","11"
"sjakal1","5","6","11"
"sk1926","4","7","11"
"skate56","6","5","11"
"skava1008","6","5","11"
"SkavaradaXD","6","5","11"
"skif_2020","4","7","11"
"SKIF8686","5","6","11"
"skipatrol","4","7","11"
"Skipperblue","6","5","11"
"Skoti88","6","5","11"
"Skovhest","6","5","11"
"skryly","4","7","11"
"skumar312","5","6","11"
"skusnir004","6","5","11"
"skykhan79","6","5","11"
"Skywalkerpro8","6","5","11"
"Slava_Z","6","5","11"
"SLAYER2031","5","6","11"
"SLEFLEUR","7","4","11"
"slickspider","5","6","11"
"Sliqueeeee","6","5","11"
"SLSchu","5","6","11"
"SmahtPahk","6","5","11"
"Smashing1881","6","5","11"
"SMil1234567890","5","6","11"
"Smirnovmn","8","3","11"
"smithkb","6","5","11"
"smjc1020","5","6","11"
"smokyphi","6","5","11"
"smotamarry","5","6","11"
"SMSKING","6","5","11"
"snameeee","5","6","11"
"socrates88","5","6","11"
"Soejarwo82","5","6","11"
"soheil_ad","6","5","11"
"soheiruwa","6","5","11"
"sokaos","6","5","11"
"SokolovDamian","5","6","11"
"Sokrates1","5","6","11"
"Solarship","5","6","11"
"soldeoro","5","6","11"
"SOLOVEY_RAZBOYNIC","6","5","11"
"sonoma1972","5","6","11"
"sooooolnze","4","7","11"
"Sorbon123","6","5","11"
"Sorin_37","6","5","11"
"soukaina_01","6","5","11"
"SpankyJohnson","5","6","11"
"Speranza","5","6","11"
"SPN10","6","5","11"
"spongebob68","6","5","11"
"sponkiesbaba","5","6","11"
"sporttrops","6","5","11"
"Sprad","5","6","11"
"SpriteSX","6","5","11"
"squarecansuckit69","6","5","11"
"SR_BISPETO","5","6","11"
"SrBerinbau2","4","7","11"
"srhndnz","5","6","11"
"srinivas-upadhya","6","5","11"
"Sriram_2310","6","5","11"
"Sronger","6","5","11"
"srv250s","4","7","11"
"sstockist","4","7","11"
"Star-cochon","6","5","11"
"StariyTim","7","4","11"
"starsaroundme","5","6","11"
"Stasisn","5","6","11"
"stavros0996","4","7","11"
"Steadadelica","5","6","11"
"stefjon1981","4","7","11"
"sTeItOn","5","6","11"
"stellarossa91","5","6","11"
"stephian2001","5","6","11"
"stepsis3000","5","6","11"
"Sterey2000","6","5","11"
"stflami","6","5","11"
"Stfnkrae","5","6","11"
"stickygooose","6","5","11"
"StjerneSkudd777","6","5","11"
"stockholm03","5","6","11"
"Stoffini","6","5","11"
"stormblazer","5","6","11"
"STORMDUTCHMAN","6","5","11"
"Strangeguy9","6","5","11"
"StrawberrYDRAG","5","6","11"
"stringerbee","5","6","11"
"STUMAR","5","6","11"
"STUMFy","4","7","11"
"Stussel","6","5","11"
"stych","5","6","11"
"Styrx","6","5","11"
"su_iti","5","6","11"
"subbag","5","6","11"
"Subhaskhjangir","6","5","11"
"Subrlj1","5","6","11"
"sugandeseprince","7","4","11"
"SukrantPerla","4","7","11"
"Sulie77","3","8","11"
"sunil07092000","7","4","11"
"sunnybite","6","5","11"
"supiansy","6","5","11"
"Surendra-saini","4","7","11"
"surfing_mantis","5","6","11"
"surjeet4077","5","6","11"
"susmitdr","5","6","11"
"SussyAmogusDrip","5","6","11"
"suvarn","6","5","11"
"svp1965","5","6","11"
"SVZchess","6","5","11"
"swatkali","5","6","11"
"SY1453","5","6","11"
"Syedyahya","5","6","11"
"szachistaWS","6","5","11"
"SZAMANII","5","6","11"
"T357-thien_2010","6","5","11"
"tahaaboda","6","5","11"
"talal000001","5","6","11"
"tamarizchess","6","5","11"
"TAMCA","5","6","11"
"tamrini","4","7","11"
"Tanuwijaya","6","5","11"
"taparillo","6","5","11"
"taran_gracious","5","6","11"
"Tarek133","5","6","11"
"tarik1198","6","5","11"
"taro2a1205","6","5","11"
"Tarunthunder","6","5","11"
"Tatamatik","4","7","11"
"tatortcleaner","5","6","11"
"TATXI","5","6","11"
"Taxono","6","5","11"
"tayber60","6","5","11"
"Team1967","5","6","11"
"TejasMittal23","6","5","11"
"telhat","6","5","11"
"Telmanovic1993","5","6","11"
"Temeshova","6","5","11"
"TEMPORALGAMER","6","5","11"
"Tenisha2012","6","5","11"
"tenochi","7","4","11"
"Tetan_8-80-08","5","6","11"
"TGW96","6","5","11"
"Th3_chessprof","6","5","11"
"thaison_cucchangda","5","6","11"
"Thakur0025","6","5","11"
"thamaraikani","6","5","11"
"thanvanthi","6","5","11"
"Tharadanu123","6","5","11"
"Tharwat24-1","6","5","11"
"The_Biologist","5","6","11"
"the_hardy_king","6","5","11"
"The_Mohit7","6","5","11"
"the_rookiest","5","6","11"
"The-Mad-Ratter","5","6","11"
"TheArtisticGambit","4","7","11"
"Thee_Jobe","4","7","11"
"TheGloriousLeader","6","5","11"
"THEHUNG31102015-TB","5","6","11"
"thejamster","5","6","11"
"theKrakenn","7","4","11"
"theNabh","5","6","11"
"Theodoros_60","6","5","11"
"theolk","6","5","11"
"theosAG27","6","5","11"
"thereddestgenesect","6","5","11"
"TheRiddler2696","5","6","11"
"thesamu3414","6","5","11"
"thetyper","6","5","11"
"TheXEffect","5","6","11"
"This-is-Maverick","5","6","11"
"ThisisHomicide","6","5","11"
"thiyagarajanv","5","6","11"
"thoklog","7","4","11"
"Thomas0616","5","6","11"
"thomas0shagab","7","4","11"
"ThoraipakkamTiger","6","5","11"
"thuNDER6","6","5","11"
"Thunderluck","6","5","11"
"Tiagz202","5","6","11"
"Tico_JK","5","6","11"
"tiger707","5","6","11"
"TigerDSN","6","5","11"
"Tihuachess","6","5","11"
"Tim_76","7","4","11"
"TimkivMax","7","4","11"
"timu1981","7","4","11"
"Timur3333","5","6","11"
"Tinooos","5","6","11"
"TitaniumPlayer492003","6","5","11"
"tkd31","6","5","11"
"tobeepezda","6","5","11"
"tolgavrn","4","7","11"
"TolikV3","5","6","11"
"tomatillo97","4","7","11"
"Tomodaty","6","5","11"
"TompeaceKlw","5","6","11"
"TomPhilidor","5","6","11"
"tomtomzi","7","4","11"
"toninono","5","6","11"
"Tooguttmann","6","5","11"
"topamplemousse","6","5","11"
"torre_na_setima","6","5","11"
"Tortoise7729","6","5","11"
"toto625","6","5","11"
"tractor2011","6","5","11"
"Training361","5","6","11"
"Tranhaibinh2016","5","6","11"
"tree-11","2","9","11"
"Trekaaaa","6","5","11"
"trenbolon_acetate","5","6","11"
"TRENHARDANAVARGIVEUP","1","10","11"
"TrentBoyet","5","6","11"
"trespatitos","6","5","11"
"tretu","5","6","11"
"trevenc","5","6","11"
"triplesite","6","5","11"
"troya44","4","7","11"
"TrungTo","4","7","11"
"try_going_outside","6","5","11"
"tryskali","6","5","11"
"TsilavoPilou","6","5","11"
"tulioc0","7","4","11"
"Tulo","4","7","11"
"Tungbi2d","6","5","11"
"tupoy_degenerat","6","5","11"
"Turan_Sardari","5","6","11"
"Turkey125","6","5","11"
"TurkeyPlayer","4","7","11"
"Twalcott","5","6","11"
"tyrex4366","6","5","11"
"u202","6","5","11"
"uhohstinke","4","7","11"
"Ujjal0011","5","6","11"
"Umbra_Phile","5","6","11"
"umit53400","7","4","11"
"umitnavruz1978","6","5","11"
"umutkrk","6","5","11"
"uncertaintanty101xx","5","6","11"
"Uncle_Alex","5","6","11"
"UNW153","6","5","11"
"uoegeyildiz","5","6","11"
"urbater","5","6","11"
"Urlick","4","7","11"
"Urumarcos","6","5","11"
"usany","5","6","11"
"usgreeneagle","6","5","11"
"uvaprel","6","5","11"
"V_V_P","6","5","11"
"V1ctaa","6","5","11"
"v294801","4","7","11"
"VA10","6","5","11"
"Vadim61","4","7","11"
"Vadym_Gr","6","5","11"
"vagia","5","6","11"
"vagid39","7","4","11"
"vahedenorouzi99","5","6","11"
"Vainamoinem","6","5","11"
"vajzovicg13","6","5","11"
"Vale48","4","7","11"
"ValentinRomero","5","6","11"
"Valera19_51","5","6","11"
"Valeriy_Timofeev","5","6","11"
"Valerka16","6","5","11"
"Valerka7","5","6","11"
"valiumstan","6","5","11"
"Vallabhj","5","6","11"
"vami23","6","5","11"
"vampberryTpot","6","5","11"
"Vanbasten1988","5","6","11"
"vanet","5","6","11"
"vanguardio","5","6","11"
"Varvara_Karpenko","6","5","11"
"Varya_17","5","6","11"
"Vavakaaa","6","5","11"
"vcisp","5","6","11"
"vd2016","5","6","11"
"vecino1979","6","5","11"
"Vectorel18","4","7","11"
"VeerendraG","5","6","11"
"Velaca","5","6","11"
"VenkateshChessLearn","6","5","11"
"ventose","6","5","11"
"verbal71","5","6","11"
"VerFr28","5","6","11"
"Vers_la_flamme","5","6","11"
"vetersever","6","5","11"
"vev","5","6","11"
"viana23","5","6","11"
"vicentesanmart","5","6","11"
"victor3618","5","6","11"
"VictorNguyen","6","5","11"
"Victorsoluk","7","4","11"
"VictoryLustig","6","5","11"
"victoznet","4","7","11"
"Vidaurr","6","5","11"
"vidyuthhere2021","6","5","11"
"viejitoconvelocidad","5","6","11"
"vietchau","6","5","11"
"Vigneshmiaa","6","5","11"
"vijay553","6","5","11"
"vijwal_27","4","7","11"
"vikasgupta001","6","5","11"
"viki_1992","4","7","11"
"Viktor_R1959","6","5","11"
"ViktorAn58","5","6","11"
"vilka2021","6","5","11"
"vim47","6","5","11"
"Vinceozn1978","6","5","11"
"virgo11111","4","7","11"
"Virtua1","7","4","11"
"virtualgeorgi","3","8","11"
"vish756","5","6","11"
"Vishal1211","6","5","11"
"VishwaAnand","5","6","11"
"vishwas45","5","6","11"
"Vishweshbalasaheb","5","6","11"
"Vissad","6","5","11"
"Vitali22","5","6","11"
"VitaliySochi","6","5","11"
"Vitaly124567","7","4","11"
"Vitor_soares","4","7","11"
"viturarara","5","6","11"
"VivaanBhagat","6","5","11"
"Vivas50","6","5","11"
"vivazapata","6","5","11"
"vivsyanka","5","6","11"
"Vixifility","5","6","11"
"VK1710","5","6","11"
"vlad_clumsy_fox","6","5","11"
"vladbazarnoob","5","6","11"
"Vladeasy","6","5","11"
"Vladimir174174","5","6","11"
"Vladly","6","5","11"
"VladOS101","6","5","11"
"Vlro_88","5","6","11"
"voidseption","6","5","11"
"volennikov7","5","6","11"
"voodoosam","5","6","11"
"vovanovich2000","5","6","11"
"Vshivkov_Dima","4","7","11"
"vt-oliver","6","5","11"
"Vurkle","5","6","11"
"vvarius","5","6","11"
"VVinstonVVolfe","5","6","11"
"walidho","4","7","11"
"Wangay","5","6","11"
"Wannk","5","6","11"
"WaqassAlii","5","6","11"
"wardaddy02","6","5","11"
"Warz0","6","5","11"
"WaterFountainCup","4","7","11"
"wblbmpf","7","4","11"
"wbruce18","5","6","11"
"wearebub","7","4","11"
"wednesday22","5","6","11"
"Welat11","5","6","11"
"wellesonpereira","6","5","11"
"Wendudeler","5","6","11"
"westerlywolf","4","7","11"
"Wexfort","5","6","11"
"wheeler5","6","5","11"
"WhiteBearK","6","5","11"
"whiteblood5","4","7","11"
"whiteCAT07","5","6","11"
"whitedead","5","6","11"
"whitehat0131","6","5","11"
"whito19","6","5","11"
"whoisjerm","6","5","11"
"Wi11iamL","5","6","11"
"WieeLedo","7","4","11"
"wildboria","6","5","11"
"wildfran","4","7","11"
"Willi_1SGH","5","6","11"
"WilliWilli","6","5","11"
"WindDancer","6","5","11"
"WINDERY124095","6","5","11"
"Wintemare","6","5","11"
"wisdom888","4","7","11"
"Wishmaster69","7","4","11"
"wizardrunner","6","5","11"
"woda93","6","5","11"
"wolf_ram","7","4","11"
"Woodwar97","5","6","11"
"WordsmithHolySword","5","6","11"
"wozzaaa","5","6","11"
"wutreenito","5","6","11"
"WWWalter2020","5","6","11"
"WX73","7","4","11"
"Wyatian","6","5","11"
"X_tolmach_X","5","6","11"
"Xange4","6","5","11"
"xhancinho","6","5","11"
"XJLe6yLLIek","5","6","11"
"xsnow_wolf","5","6","11"
"xTenik","6","5","11"
"xTuuMuuS","6","5","11"
"xxleet","5","6","11"
"xxxmaneraxxx","5","6","11"
"xyz2006","6","5","11"
"Yagizz367","7","4","11"
"Yairo","5","6","11"
"yamensaleh1998","5","6","11"
"YannikChesss","6","5","11"
"Yansha17","4","7","11"
"YarrMeCheckMatey","5","6","11"
"yaser_fash","5","6","11"
"Yatishp13","6","5","11"
"yawnas","5","6","11"
"yazdan63","5","6","11"
"Yehman","6","5","11"
"yekoo1","6","5","11"
"Yetaquie","6","5","11"
"YevaFokina","5","6","11"
"yfIRE","5","6","11"
"Ygor3G","6","5","11"
"yilmaztemiz2","6","5","11"
"YKP1925","5","6","11"
"ynosov","6","5","11"
"Yokip","6","5","11"
"yola73","5","6","11"
"yoneld","5","6","11"
"YoNoSoyElTopo","5","6","11"
"Yopiee","6","5","11"
"yosh2702","3","8","11"
"youaintacowboy","6","5","11"
"youalex","5","6","11"
"younes1717","7","4","11"
"Yousef2214","6","5","11"
"youssefalaa9","6","5","11"
"yousseifd4","6","5","11"
"yoyiparra","6","5","11"
"YoyleChess","6","5","11"
"Yurik_1","5","6","11"
"yuritmb","4","7","11"
"Yury948","6","5","11"
"yus19f","5","6","11"
"YuviPalma","5","6","11"
"Yvonne68","6","5","11"
"z28989","6","5","11"
"zadgora","4","7","11"
"zafran2014","4","7","11"
"zahedian4687","6","5","11"
"zain123456","6","5","11"
"ZaJaqV","4","7","11"
"Zaknight8302","5","6","11"
"zakuanabdullah","5","6","11"
"ZamanSaaz","6","5","11"
"zarakimadara","6","5","11"
"zast_m","7","4","11"
"ZayedKhan7","6","5","11"
"ZB-AhmetCanSenol","6","5","11"
"zdenek1","4","7","11"
"Zeblon_Vilakazi","5","6","11"
"zegzi","5","6","11"
"Zentrix","5","6","11"
"Zephyrin","6","5","11"
"Zerkalo2000","5","6","11"
"zerophone","5","6","11"
"Zeta2022","5","6","11"
"Zhazhie","4","7","11"
"Zherya","4","7","11"
"ZHIAN2012","6","5","11"
"Zhigan81","5","6","11"
"Zidai","6","5","11"
"ziedjem","5","6","11"
"Zigzog","5","6","11"
"zines128","5","6","11"
"Zinou11","10","1","11"
"ziObill","2","9","11"
"ZK-DenizhanKaraduman","6","5","11"
"Zois777","6","5","11"
"Zoltan83","6","5","11"
"zoranveseli","6","5","11"
"ZoV_777","5","6","11"
"Zugzwang1964","6","5","11"
"zulchess","5","6","11"
"zValechka77z","5","6","11"
"zvizdelcin","6","5","11"
"Zygoberto","5","6","11"
"ZZCrewe","5","6","11"
"zzz77zz","5","6","11"
"zzzzvvvvooo","5","6","11"
"1001Moves","4","6","10"
"A_Krkitch","4","6","10"
"a-stetzenko-1947","4","6","10"
"A135Loca","4","6","10"
"a1a2a10","6","4","10"
"a1holt","5","5","10"
"a2803","6","4","10"
"A4_Paper","5","5","10"
"A67321","5","5","10"
"a777kk77","6","4","10"
"A7D24","4","6","10"
"AAA_1990","4","6","10"
"Aahma77","7","3","10"
"aaok","4","6","10"
"Aayushman2014","3","7","10"
"abank71","5","5","10"
"abbasali12","5","5","10"
"abbasgooliy","6","4","10"
"abbashosein1354","5","5","10"
"Abc789xyz","4","6","10"
"abdel3535","7","3","10"
"Abdelhameid","8","2","10"
"Abdelrhmanmohamed211","5","5","10"
"abderaoufDABOU","5","5","10"
"abdouabde","5","5","10"
"Abdulkadir4690","6","4","10"
"Abdulkarim_Arab","6","4","10"
"Abdullabuelyyan","5","5","10"
"Abdullah_sebai","5","5","10"
"Abdurakhim_10","5","5","10"
"Abel691","5","5","10"
"Abhay_86","5","5","10"
"Abhi-Mishra","4","6","10"
"abhimanyu4970","4","6","10"
"abhinav_10","4","6","10"
"abidarma","5","5","10"
"abilashhh","6","4","10"
"ABNYAHYAKBB","5","5","10"
"abolfazlgaeeni","4","6","10"
"AboMohamadd","5","5","10"
"abondoe","5","5","10"
"abostaefmrcb","9","1","10"
"abrahamap39","5","5","10"
"Abu_sc_bahadur","5","5","10"
"Abuelgasim","5","5","10"
"abulfaz_1960","3","7","10"
"abuzar_m69","4","6","10"
"abwallwz55","4","6","10"
"acer33","6","4","10"
"achinara","4","6","10"
"AchMeinsDeins","5","5","10"
"acrobat2747","4","6","10"
"Adam-I","6","4","10"
"AdamJoffer","5","5","10"
"adamox","6","4","10"
"adarshjoseph0386","4","6","10"
"Adelmoreis614","5","5","10"
"adhmSwie","5","5","10"
"Adhonay","6","4","10"
"adi3000","5","5","10"
"adiadi82","6","4","10"
"Adigamer591","5","5","10"
"adiletaban","3","7","10"
"Adion737","6","4","10"
"adiya_11","5","5","10"
"adjuster","6","4","10"
"Admiral9630402","6","4","10"
"adobungbitis","5","5","10"
"AdrianoGilardos","5","5","10"
"Advitiya259","5","5","10"
"Advsra1620","6","4","10"
"adzhimukha","6","4","10"
"AECBA019","5","5","10"
"aecenter","5","5","10"
"aeg038","4","6","10"
"Aeiiou","5","5","10"
"AEvangelista","6","4","10"
"Afayad95","5","5","10"
"afsaneh1961","7","3","10"
"afshinkhiyavi","5","5","10"
"agan1111","4","6","10"
"agarc30","5","5","10"
"agarwalrahul","6","4","10"
"AGM23032011","6","4","10"
"Agnes2021","5","5","10"
"agosto39","5","5","10"
"agshar1357","7","3","10"
"agsingh145","5","5","10"
"ahaanrattan","5","5","10"
"ahilanCarpenter","6","4","10"
"ahmadasyhary_hsb","5","5","10"
"AhmadGhazala1981","5","5","10"
"ahmadiyan4990","4","6","10"
"ahmads1973","6","4","10"
"Ahmadullah-Ahmadi_R","4","6","10"
"ahmed_algwil7","6","4","10"
"Ahmed_Elbanna45","6","4","10"
"Ahmed_Labib","6","4","10"
"Ahmed_Noureldin","5","5","10"
"Ahmed_Talaat99","5","5","10"
"ahmed-mohamed-hassan","6","4","10"
"Ahmed1005882","6","4","10"
"Ahmed911abdo","5","5","10"
"AhmedAbdelhamid75","4","6","10"
"ahmedali88888","5","5","10"
"ahmedalzain","6","4","10"
"Ahmedbakr1907","3","7","10"
"Ahmedelsafty78","5","5","10"
"ahmetozumut27","4","6","10"
"ahmetsem","5","5","10"
"Aidamir2000","5","5","10"
"Aidos_Dosmakhan","4","6","10"
"AikerGwapo88","6","4","10"
"Ailana15","6","4","10"
"air_18","4","6","10"
"airat3278","4","6","10"
"Airatkam","6","4","10"
"Aitkazi","6","4","10"
"ajaykarmarkar","5","5","10"
"ajaykr","5","5","10"
"ajedrez086","6","4","10"
"ajis_rumpin2020","6","4","10"
"Akakanya","5","5","10"
"akhilsai13","4","6","10"
"akshayburjwal","6","4","10"
"akstej","4","6","10"
"Al_Kadasi006","6","4","10"
"AlaaMousa","5","5","10"
"alackthelord","3","7","10"
"Alain30061954","5","5","10"
"ALALLOUSH","1","9","10"
"alanjaya6","5","5","10"
"Albana111","5","5","10"
"Albeitar","4","6","10"
"AlbertAmaiakian","4","6","10"
"AlbertCares","5","5","10"
"AlbertoBalsam1994","5","5","10"
"AlberToRaM","4","6","10"
"albob2000","5","5","10"
"alecsalecs","5","5","10"
"alejandroid12","4","6","10"
"alejandroigual8888","6","4","10"
"aleksandr-70","5","5","10"
"Aleksey_1985","6","4","10"
"Aleksey-Yurchenko","5","5","10"
"Aleksey2208","5","5","10"
"aleksirrr","4","6","10"
"alen2801","4","6","10"
"Alepoudon3","6","4","10"
"Alex_Kud","5","5","10"
"alex_oohh","5","5","10"
"Alex_pod-27","5","5","10"
"alex28111974","2","8","10"
"alex6666alex","6","4","10"
"alex78372","6","4","10"
"alexander1425","6","4","10"
"alexandr_markov","4","6","10"
"alexandr_sitnikov","5","5","10"
"Alexandr164065","5","5","10"
"Alexandr210413","6","4","10"
"AlexandrIvanbl4","5","5","10"
"ALEXANDRO24","5","5","10"
"AlexDmit22","6","4","10"
"alexisSchach","4","6","10"
"alexkrd23","5","5","10"
"alexmir13","4","6","10"
"AlexNikol","5","5","10"
"Alexomran8","5","5","10"
"alexpodoli","3","7","10"
"AlexRainchildThunder","5","5","10"
"AlexTsyvian","4","6","10"
"alexurrego","5","5","10"
"Alfa_58","6","4","10"
"alfa57","4","6","10"
"alfonso-01","5","5","10"
"Alfred-5","4","6","10"
"Ali_albahri","5","5","10"
"ali_darwish99","5","5","10"
"ali_yadpr","5","5","10"
"Ali-A-Ali-El-zedy","6","4","10"
"Ali-swe-sar","5","5","10"
"ali1349188","5","5","10"
"ali2525","8","2","10"
"ali851","5","5","10"
"aliasboink","4","6","10"
"aliasghar93","4","6","10"
"Alibek_80","4","6","10"
"Alif2019","5","5","10"
"Alighadimi13611361","5","5","10"
"alijafari3668","6","4","10"
"alik-geriev","5","5","10"
"alim123volodya","5","5","10"
"alima55","4","6","10"
"AlipashaliFateh","5","5","10"
"alireza_ghasemichess","4","6","10"
"Alireza1412","5","5","10"
"alirezachemist110","6","4","10"
"Aliriovidalno","6","4","10"
"alisa987","6","4","10"
"alixalilov","5","5","10"
"alizare12888","4","6","10"
"alizeynalli","5","5","10"
"alkafory90","5","5","10"
"Alkarbadi","6","4","10"
"Alkmeonid","6","4","10"
"Alkun57","5","5","10"
"AlmalNitin","5","5","10"
"Almaz_1111","5","5","10"
"AlmoTheStoic","3","7","10"
"Alooooooo","6","4","10"
"AlpakaChile","5","5","10"
"alphazeromodel3_3","6","4","10"
"alphie319","5","5","10"
"als1s","5","5","10"
"alsam1992","6","4","10"
"alt_org","5","5","10"
"Alta_Oculus","4","6","10"
"altfkkk","4","6","10"
"AltunNurettin","4","6","10"
"alvarez1200","4","6","10"
"Alyachess","5","5","10"
"Alzaind","4","6","10"
"amaraas","6","4","10"
"Amaury170","4","6","10"
"AMaxim","5","5","10"
"Amdel","4","6","10"
"Ameern","6","4","10"
"Amenfloch","5","5","10"
"amid_cr7","5","5","10"
"Amidaos","5","5","10"
"Amidene101","5","5","10"
"amir_gafarov","6","4","10"
"amir_sheikh","5","5","10"
"amir1358306","5","5","10"
"amirko","5","5","10"
"amirmohamadjabari","6","4","10"
"amirparsaasgarii","5","5","10"
"Amirror","4","6","10"
"amirzare79","4","6","10"
"Amoako99","4","6","10"
"AMOROSO888","7","3","10"
"amortize","5","5","10"
"amos_orlando12","4","6","10"
"Amparopreston","6","4","10"
"Amrabat31","6","4","10"
"amroo1jusif","5","5","10"
"Amsterdam10","5","5","10"
"Amur_05","5","5","10"
"amx1","6","4","10"
"AmXchesx","5","5","10"
"anametar3metarsham","4","6","10"
"Anand_Kaplingat","4","6","10"
"Anarki_MA","4","6","10"
"Anastas2505","5","5","10"
"Anatoliy174xxx","4","6","10"
"Anatoliy1939","5","5","10"
"Anatoliy25_13","6","4","10"
"And-Tym","5","5","10"
"Anderson2236","4","6","10"
"ANDOBAKUNGTBB","4","6","10"
"Andr1985","5","5","10"
"AndreaAmodeo","6","4","10"
"AndreDam","5","5","10"
"andrei37","5","5","10"
"AndreiZChess","5","5","10"
"andrelslima","4","6","10"
"andrerodrigue5","5","5","10"
"Andres_DiazS","4","6","10"
"andresaftari","4","6","10"
"Andreus14","5","5","10"
"AndrewNamChess","6","4","10"
"AndrewWatters","5","5","10"
"andrey_khaldeyev","5","5","10"
"Andrey_Sergeev14","4","6","10"
"AndreyG-60","4","6","10"
"andreymirz","5","5","10"
"AndriuChees","6","4","10"
"Andriy_Teutu","5","5","10"
"androidec888","6","4","10"
"Andronik1975","6","4","10"
"Andronov_Alexandr","4","6","10"
"Andryz0505","5","5","10"
"ANDY-ANDY-1","5","5","10"
"Andybar","6","4","10"
"AndyLatte","4","6","10"
"andym888","4","6","10"
"Andynobrendy","5","5","10"
"Angad211207","5","5","10"
"Angelbent","4","6","10"
"angelo76","5","5","10"
"angeluz2021","6","4","10"
"angelveluz","5","5","10"
"AnggaAnd1k4","4","6","10"
"AnikaAgarwal2014","5","5","10"
"Anilkumar_TVM","4","6","10"
"AnirudhMurali","5","5","10"
"anirudhsuswaram","5","5","10"
"Annapopil","5","5","10"
"annibale12","4","6","10"
"Ano_emotto","5","5","10"
"anod51","6","4","10"
"Anolyia","5","5","10"
"anraos","4","6","10"
"AnthonyIndelacato","5","5","10"
"ANTONELLA62","5","5","10"
"antoniadisd","5","5","10"
"AntonMakaveew","6","4","10"
"Antony6831","4","6","10"
"Antropomorfos","6","4","10"
"Anubhav20100","5","5","10"
"ANUJKAMRA","5","5","10"
"Anuragsreerevathy","6","4","10"
"anyelideyanira","5","5","10"
"aocho","6","4","10"
"Apograf","7","3","10"
"Appleflow","5","5","10"
"APRENDIZLOCO","5","5","10"
"apsla","5","5","10"
"APU23","6","4","10"
"AQUIETAMIENTO","6","4","10"
"AR1990","5","5","10"
"aradarad2022","6","4","10"
"Arafei","4","6","10"
"aranhaBR","5","5","10"
"arbez","4","6","10"
"Archer55","5","5","10"
"arcos_arcos","4","6","10"
"Argape","6","4","10"
"Arielsandoval_1974","4","6","10"
"Ariete_it","5","5","10"
"arjun12","5","5","10"
"ArjunaCool11","5","5","10"
"Arjunthirumal","6","4","10"
"Arleycas","5","5","10"
"Armandobronca","5","5","10"
"Arohan4Chess","5","5","10"
"arpisakk","4","6","10"
"Arquimedes69","5","5","10"
"arsalanbamari","6","4","10"
"arshpahwa49","5","5","10"
"Arslan2404","4","6","10"
"arslan477","6","4","10"
"ArtemD2012","5","5","10"
"Artemis1111","5","5","10"
"Artemissy","5","5","10"
"ArtemMosin","4","6","10"
"Artes1000","5","5","10"
"arthur1021","4","6","10"
"Artista86","5","5","10"
"ArturBondarenko-1984","5","5","10"
"Arturo-Alarcon","4","6","10"
"artventure","4","6","10"
"ArtVillanueva_FEDU","5","5","10"
"artyn","6","4","10"
"arunkpk","4","6","10"
"arya7054","5","5","10"
"Aryaman47","5","5","10"
"Asadrus","5","5","10"
"asferiyanta","6","4","10"
"asgrd21","5","5","10"
"ashishg1","5","5","10"
"AshrafFathy151","5","5","10"
"Asia1951","4","6","10"
"Asilbek07","5","5","10"
"aska_eg","5","5","10"
"Askar_2014","5","5","10"
"Aslan_Ibrahim","5","5","10"
"aslangurdas","4","6","10"
"Assdhani","4","6","10"
"Assemoth","5","5","10"
"astronautkozmonaut","3","7","10"
"atefsayed64","5","5","10"
"Atekhine","5","5","10"
"atlant888","4","6","10"
"atropos99","6","4","10"
"AttackOfTheQueen","5","5","10"
"AugustoEGutierrez","5","5","10"
"Aurel_Sal","6","4","10"
"ausuhov","4","6","10"
"avagkhanedanyan","5","5","10"
"avantas","2","8","10"
"avegs","3","7","10"
"Avigoorn","5","5","10"
"avishan76","5","5","10"
"Awangkas_3552","5","5","10"
"AwnygE","6","4","10"
"axelkhaled","5","5","10"
"Axtrial","5","5","10"
"ayaan604","7","3","10"
"Ayanokoji_001","4","6","10"
"ayelenrizzo","5","5","10"
"ayhanbykl","5","5","10"
"ayla","5","5","10"
"Aymanwleed","8","2","10"
"Ayushmanx2004","5","5","10"
"azata1907","5","5","10"
"Azeebi","5","5","10"
"Azenwiese5","6","4","10"
"aziribric","5","5","10"
"b4bishop","4","6","10"
"b4smanovae","5","5","10"
"b9reas","4","6","10"
"Ba_Benni","5","5","10"
"Ba16","4","6","10"
"BabayanKaro","4","6","10"
"babayarro48","5","5","10"
"baburina","5","5","10"
"bachche","6","4","10"
"Backstick2","5","5","10"
"backupaluck","5","5","10"
"BADBUNNY-PRO","4","6","10"
"badjes","5","5","10"
"Baga05052012","6","4","10"
"bakero58","5","5","10"
"BakoroTabum","5","5","10"
"bakugan-2021","9","1","10"
"bali2020","5","5","10"
"BaLtOs","5","5","10"
"bamaqb8","4","6","10"
"Bambolinii","6","4","10"
"bananas007","7","3","10"
"Banda-Oriental","5","5","10"
"bangl","5","5","10"
"barabaci35","6","4","10"
"baranovichy1983","5","5","10"
"barnuell","5","5","10"
"Bartekk1988","5","5","10"
"Bartiben","6","4","10"
"bartongeorge1","6","4","10"
"bashirdhubaiby","4","6","10"
"BasiaTheDog","4","6","10"
"baskireddy123","5","5","10"
"Bastill3","4","6","10"
"Bata762","5","5","10"
"batconjurer","5","5","10"
"Batman_03","5","5","10"
"BAUYRZHANGIBADULLIN","6","4","10"
"Bayethe","6","4","10"
"BAZENGA_D","5","5","10"
"bbatarilo","6","4","10"
"bdemirkol","4","6","10"
"Beageltje","5","5","10"
"Bedec","8","2","10"
"beegoAlt","6","4","10"
"BEGONTE","4","6","10"
"behroozadilipoor","7","3","10"
"bek13","5","5","10"
"Bekkazy77777","4","6","10"
"BekturMomunkulov","5","5","10"
"BelaFontaine","5","5","10"
"BelarusGrodno","3","7","10"
"bellofigochess","5","5","10"
"belowpar","5","5","10"
"beltlie","5","5","10"
"ben_90","5","5","10"
"Bencaos-23","5","5","10"
"Bengkel_ctg","5","5","10"
"benissaw","5","5","10"
"benjaminbatman22","5","5","10"
"Benoit1337","4","6","10"
"bernaoliveira","5","5","10"
"Bernd42","5","5","10"
"besho123","6","4","10"
"Beyzaa58","4","6","10"
"bga113355","5","5","10"
"Bhaiya01","5","5","10"
"Bhautik45","5","5","10"
"bhaveshchuturi","6","4","10"
"Bhavik_Patel","6","4","10"
"Bhbyf2020","5","5","10"
"bhokal","5","5","10"
"Bidonych","6","4","10"
"Biggudo33","5","5","10"
"BigMoose1717","5","5","10"
"bigsby77","4","6","10"
"biker66","5","5","10"
"Bilal-727","5","5","10"
"biliminsani7","5","5","10"
"BillyCox","5","5","10"
"Bilma","4","6","10"
"bingqiIin","5","5","10"
"birgaripadam","5","5","10"
"BishopAngel","6","4","10"
"bishops2k","5","5","10"
"bishopsmoveright","4","6","10"
"black_bishops","5","5","10"
"blackberry323","5","5","10"
"blackhorse","5","5","10"
"BlackNewZ","4","6","10"
"Blacknight153","5","5","10"
"Blackscarf","6","4","10"
"BlakAlex","6","4","10"
"blarr","5","5","10"
"blibo1952","5","5","10"
"blindpauper","4","6","10"
"blojab","4","6","10"
"Blond_King","5","5","10"
"blt70","5","5","10"
"bluchess","4","6","10"
"Bluejasmen","5","5","10"
"blunder_king_23","5","5","10"
"Blunder-Storm","4","6","10"
"BlunderCity","6","4","10"
"Blunderkoning","6","4","10"
"BlunderPressure","6","4","10"
"bmeza","6","4","10"
"bnuzig","5","5","10"
"bo_or","5","5","10"
"bobandsilentjay","6","4","10"
"BobbyFischer9929","6","4","10"
"BobbyMusil","5","5","10"
"bobbyROWER","5","5","10"
"bobo_Ri7","6","4","10"
"Bobo2030","5","5","10"
"Bobsmol","5","5","10"
"bodzio529","5","5","10"
"Bogdan1878","5","5","10"
"bogomilpernat","4","6","10"
"Boguslawela","6","4","10"
"boi125","5","5","10"
"Bolat_24242424","6","4","10"
"Bolat130160_z","4","6","10"
"boloho","3","7","10"
"bolokelly","6","4","10"
"bolor777","4","6","10"
"bolzano_weierstrass","3","7","10"
"bondk_bash","6","4","10"
"Boris_Faynberg","5","5","10"
"Boris32","5","5","10"
"borisow1970","5","5","10"
"Bormatyxa","5","5","10"
"BORT0","4","6","10"
"Boumou_Najib","4","6","10"
"BOUSCASSE","5","5","10"
"boxocheese","4","6","10"
"boys12","4","6","10"
"Boyseaman","5","5","10"
"bozo232323","6","4","10"
"br111ant","4","6","10"
"BRACQ-1","5","5","10"
"Brahms1viola","5","5","10"
"Brainy7","5","5","10"
"brajeshjha","6","4","10"
"bramzan","3","7","10"
"branluna","4","6","10"
"BreezyDan","6","4","10"
"brendanB_2021","6","4","10"
"BreznevLI","5","5","10"
"Brhlik","5","5","10"
"Brian_BA","5","5","10"
"bribri59","6","4","10"
"Bridget_Perez","6","4","10"
"britishpawnstar1","6","4","10"
"BrofessorPatty","9","1","10"
"brokenaudi","5","5","10"
"brsbyd6368","4","6","10"
"BruceEnock","1","9","10"
"Bruno_Cururu","5","5","10"
"BrunoVennic","5","5","10"
"bsbprakash","5","5","10"
"bscrlta","5","5","10"
"bspsp","4","6","10"
"btem","5","5","10"
"bttantononio","5","5","10"
"bubachess","5","5","10"
"bubee49","5","5","10"
"Bubnjd","5","5","10"
"Bubulca","6","4","10"
"buchi68","6","4","10"
"bugraerdogan","6","4","10"
"bugsbugsbugs","5","5","10"
"Bukal23","5","5","10"
"buldozer888","5","5","10"
"bulletbattle99","5","5","10"
"BuraktTo","6","4","10"
"Burhan_Samim","6","4","10"
"Buxa1970","5","5","10"
"bybyka","6","4","10"
"byrongo","6","4","10"
"BZB27","5","5","10"
"C_Spaceman","5","5","10"
"C4LLiamE","5","5","10"
"C70Dragon","5","5","10"
"cachicamobpd","4","6","10"
"Caflux","5","5","10"
"Cagataycag","5","5","10"
"CaGeALe","3","7","10"
"CageTheMonkey","5","5","10"
"Caigua","5","5","10"
"callithea","4","6","10"
"calzator","4","6","10"
"Camille32","5","5","10"
"canadianexpress","5","5","10"
"Candyman611","6","4","10"
"Caner65","4","6","10"
"cannon55","4","6","10"
"cant-playU","5","5","10"
"canto54","4","6","10"
"canucks1970","5","5","10"
"Capadocil","5","5","10"
"Capita1","4","6","10"
"Capitannem","6","4","10"
"CaptainGilles971","5","5","10"
"CarlillosLR","6","4","10"
"Carlomazzari","4","6","10"
"Carlos_de_Adrogue","9","1","10"
"Carloshdez","5","5","10"
"CarlosSch","5","5","10"
"Cartius","5","5","10"
"casioclei","5","5","10"
"CassomaD4","6","4","10"
"cataklysm","7","3","10"
"CATATUS","5","5","10"
"catgirl15","4","6","10"
"Catojo_Present","6","4","10"
"catriever","3","7","10"
"cavalga2003","5","5","10"
"Cavalier_Pieuvre","6","4","10"
"cavalloPezzato","5","5","10"
"CBujdei","4","6","10"
"celiofortaleza","5","5","10"
"Ceng_iz","5","5","10"
"cepdit","4","6","10"
"cepelin","5","5","10"
"Cerathe","8","2","10"
"Cergey793","5","5","10"
"Cesami","6","4","10"
"CesarAugusto1993","5","5","10"
"CESARE54","3","7","10"
"Ceytam","5","5","10"
"Cflat","6","4","10"
"CGabrielJaque","6","4","10"
"chachmatt","5","5","10"
"chairobot","5","5","10"
"challengerpasha","5","5","10"
"chaloufelkech","4","6","10"
"chanakap","5","5","10"
"chandakays","5","5","10"
"Chandan_mc","5","5","10"
"chandbasha8978","5","5","10"
"Charlie1818","5","5","10"
"Charlie81","5","5","10"
"charliealex1","5","5","10"
"chassol","5","5","10"
"Chat7","5","5","10"
"chatrinji","5","5","10"
"chavaluco","4","6","10"
"Chax0","5","5","10"
"checkmatemasterrr3","5","5","10"
"Cheess-MarcoAurelio","5","5","10"
"chefjowy","4","6","10"
"chenzhongkai007","5","5","10"
"cheren","6","4","10"
"Cherfi1958","5","5","10"
"cherishan","4","6","10"
"Chess_brain21","5","5","10"
"Chess_is_poetry","5","5","10"
"chess_warlock","4","6","10"
"chess-sainfo2023","5","5","10"
"Chessboxingkings","4","6","10"
"chesschampionarmaan","4","6","10"
"ChessCherkez","6","4","10"
"ChessFanSA123","6","4","10"
"CHESSFRIEND2021","5","5","10"
"ChessMaster_7891","5","5","10"
"ChessMasterDesaster","6","4","10"
"chessmasterfr","5","5","10"
"chessnoob1368","4","6","10"
"chessnycpiankhiw","3","7","10"
"ChessParesh","6","4","10"
"Chessplayer20202","4","6","10"
"Chessplayer730","5","5","10"
"chessplayersahovski","5","5","10"
"ChessPlayerZero","4","6","10"
"ChessVonDoom","6","4","10"
"ChessyMcChessface","6","4","10"
"Chesterchess2212","4","6","10"
"Chibemba","5","5","10"
"chicksaw","5","5","10"
"chiderapela","5","5","10"
"chigorin94","5","5","10"
"Chilaxxx42","5","5","10"
"chinotapia","4","6","10"
"Chiquitaia","4","6","10"
"chirukina_am","5","5","10"
"ChitoMato","4","6","10"
"Chm123","6","4","10"
"chocori","4","6","10"
"ChongMaye","5","5","10"
"CHRISCRIMINAL","5","5","10"
"chrislevhit","6","4","10"
"chrkl","4","6","10"
"Chumak13","6","4","10"
"chuso69","5","5","10"
"ClaudiaNEA2023","5","5","10"
"CLAUDINEIaia","5","5","10"
"Claudiodemarcospaz","5","5","10"
"ClementeVV","5","5","10"
"clemo55","5","5","10"
"Clintdeguzman1985","5","5","10"
"clopes2020","3","7","10"
"cloudymountainpeak","4","6","10"
"cns18","7","3","10"
"coachdsanchez2","5","5","10"
"Cobra12r","4","6","10"
"cocotier-un-peu-fou","6","4","10"
"Cocoy_Basas_Alforque","5","5","10"
"cokaastronom","5","5","10"
"colindomo","4","6","10"
"collin64","6","4","10"
"colonial61","6","4","10"
"colsvinyl","5","5","10"
"CompaySegundo8","4","6","10"
"Conti_Raffaele","5","5","10"
"Cooper1212","6","4","10"
"COR48","4","6","10"
"cordobes68","4","6","10"
"CornelCornelius","6","4","10"
"corsarul","4","6","10"
"cory109","4","6","10"
"Corz_Knowz_Chess","5","5","10"
"cprenji","6","4","10"
"CraFTeR96","4","6","10"
"Crazy_BMG","6","4","10"
"CreativyNam3","5","5","10"
"cris090","5","5","10"
"crisghs","6","4","10"
"cristianc24","4","6","10"
"cristodulos","4","6","10"
"Cruz800","5","5","10"
"cryitout","5","5","10"
"CTH234","5","5","10"
"cuader","5","5","10"
"curcodomo","4","6","10"
"CuteSatan","5","5","10"
"CV_Koenig","5","5","10"
"cve160900","5","5","10"
"cykpstryk","4","6","10"
"cylone4","5","5","10"
"cypriAAn","6","4","10"
"cZero_11","5","5","10"
"czwan","6","4","10"
"D_RUMKOREM","3","7","10"
"d_wampus","5","5","10"
"D1noFuzi","4","6","10"
"d3b0emma","5","5","10"
"d7hfc","5","5","10"
"Daarkfury","4","6","10"
"dabu2882","6","4","10"
"daddyBee","6","4","10"
"DadzSpaner","5","5","10"
"Daebeom-piano","5","5","10"
"DaemoN_sid","4","6","10"
"Dailrgartyi","5","5","10"
"Dalarna59","5","5","10"
"dambiban","3","7","10"
"Damiavegas","5","5","10"
"DamienE14","6","4","10"
"Damirach","5","5","10"
"Dan800300","5","5","10"
"dancingmouse","5","5","10"
"daniel_djungelskog","5","5","10"
"Daniel_Isaias","5","5","10"
"danielkop","4","6","10"
"DaniilMatygin","6","4","10"
"Dank76","5","5","10"
"danousd","5","5","10"
"danta0742","6","4","10"
"Dantika","4","6","10"
"Danyacomp","4","6","10"
"Danzig1788","5","5","10"
"Darac23","6","4","10"
"DaraHofman","5","5","10"
"Dardiry","5","5","10"
"DaRealDixon","4","6","10"
"dariev","6","4","10"
"darioanni63","5","5","10"
"DarioR0","3","7","10"
"Dariusz_Gasiniak","6","4","10"
"Darkknight20201","4","6","10"
"DarkKnightSigma","6","4","10"
"daroend","4","6","10"
"darshanbhelke","5","5","10"
"Darya_Galanowsky","6","4","10"
"Daryak3108","5","5","10"
"Dasha_5-0","5","5","10"
"Datvantran","6","4","10"
"Daudnono","5","5","10"
"Davetheox","5","5","10"
"davicastro","5","5","10"
"DavidDazka99","5","5","10"
"DavidJan","5","5","10"
"Davidmr74","5","5","10"
"davidsharat","6","4","10"
"davyd-stepanov","4","6","10"
"DBCHETTRI","5","5","10"
"DBM_23","5","5","10"
"Dbtonye","4","6","10"
"deadfire521","6","4","10"
"DEADINSAIDEzxc","6","4","10"
"Dean179","5","5","10"
"deb9851","4","6","10"
"ded2203","5","5","10"
"DedMikola","6","4","10"
"dedster","5","5","10"
"deep_8","5","5","10"
"DeepCreek","5","5","10"
"deepdiver64","6","4","10"
"Deeperunderthesink","4","6","10"
"deepfear09","5","5","10"
"dejavumaster","6","4","10"
"Deka_Taxis","5","5","10"
"delabou","5","5","10"
"Delija_82","5","5","10"
"delshad33","7","3","10"
"delusional_guy","6","4","10"
"demenchuk","5","5","10"
"demir-21","5","5","10"
"Demmitrio","4","6","10"
"dempp","5","5","10"
"demureidc","5","5","10"
"Denis_717","5","5","10"
"DenisD1450","5","5","10"
"Deniska000","5","5","10"
"DenisLiniger","5","5","10"
"Denistop","4","6","10"
"Dennl3","4","6","10"
"Depth4","4","6","10"
"derecc","5","5","10"
"Derogosu","5","5","10"
"derty_216","4","6","10"
"Deru60","6","4","10"
"desluce2","5","5","10"
"desmondinho07","4","6","10"
"dev_nit","4","6","10"
"Devananda68","5","5","10"
"devanshi_03","4","6","10"
"Devilgamer333","6","4","10"
"dewaakik","5","5","10"
"DG_MKENYA","6","4","10"
"DHC","6","4","10"
"dheekshva","5","5","10"
"dhruv_bhatt","4","6","10"
"Diadia_Vasia","7","3","10"
"DiAn078","5","5","10"
"dibidos","4","6","10"
"DiegoDiVito","5","5","10"
"DiegoJoseBruno","5","5","10"
"diegop11","5","5","10"
"diegoSP80","5","5","10"
"dila10","5","5","10"
"Dilfas_Fazlyev1955","6","4","10"
"DimaAleksandrov","5","5","10"
"Dimas82","5","5","10"
"dimbysh","4","6","10"
"Dinie1211","6","4","10"
"dinotuna","6","4","10"
"dinpasw62","5","5","10"
"Diptam2011","6","4","10"
"Dire-Raven","6","4","10"
"dirner","3","7","10"
"DISCOTEKA","6","4","10"
"DissolvedOxygen","6","4","10"
"Divakar_kumar94","6","4","10"
"DividedAttention","6","4","10"
"DivjiCesen2004","6","4","10"
"divyansh2015","5","5","10"
"djavu_mbln","4","6","10"
"DJMakahawk","6","4","10"
"DJOUDA","5","5","10"
"Djrash9","3","7","10"
"djulja","6","4","10"
"dk03","5","5","10"
"DK1982","5","5","10"
"dkurtchess","5","5","10"
"DLEKSET","5","5","10"
"Dmgless","5","5","10"
"Dmitr48","5","5","10"
"DmitriyDirkozub","6","4","10"
"dmitriysurprise","5","5","10"
"Dmitryalp","5","5","10"
"Dmytro3","5","5","10"
"dna91","5","5","10"
"dnzozb","5","5","10"
"DobroAOA","5","5","10"
"dobrosovetov","4","6","10"
"DocteurBauer","5","5","10"
"doctr-m","5","5","10"
"Dodo998","5","5","10"
"dofs197","5","5","10"
"DogusDeniz","4","6","10"
"Doltan","5","5","10"
"domdom19","5","5","10"
"DonRaul","5","5","10"
"doppelschlag","4","6","10"
"Dorsum_nasi","5","5","10"
"DouglasRoots","6","4","10"
"dovi96VAITA","5","5","10"
"Doyoudryeggs","5","5","10"
"Dproff63","3","7","10"
"dr_dalgati","3","7","10"
"Dr_Wise","5","5","10"
"Dr-Mtz","5","5","10"
"Dragonflame00","5","5","10"
"Drakodigimon","5","5","10"
"Drangkenstein","4","6","10"
"draskom","4","6","10"
"DrBogdan","5","5","10"
"drbones07","6","4","10"
"dream_of_light","4","6","10"
"drjaz","6","4","10"
"drmido1230","5","5","10"
"dromina","4","6","10"
"drppds","7","3","10"
"drs4life","5","5","10"
"Drspass","4","6","10"
"drunk_KIRA","5","5","10"
"dsa531661172","4","6","10"
"dsbb","5","5","10"
"DTH_ductue","5","5","10"
"Dtronn","5","5","10"
"dub72","6","4","10"
"DUCMINHBT","5","5","10"
"dudchenko","6","4","10"
"dukifanto","5","5","10"
"Duman_48","5","5","10"
"DUMBA_007","5","5","10"
"Duplicate_1","5","5","10"
"Duremar72","5","5","10"
"Duvies","4","6","10"
"dwgsports","5","5","10"
"DxtrJJ","4","6","10"
"Dyeuz","4","6","10"
"dylanepsz","5","5","10"
"dyrgendrasingh","6","4","10"
"Dzikodol","5","5","10"
"E1joseph","6","4","10"
"eagle14","5","5","10"
"earlipseyes","5","5","10"
"ebmagz52","6","4","10"
"Ebu38","5","5","10"
"Eclectiq","4","6","10"
"Eddiesucksatchess","5","5","10"
"Eddydg18","5","5","10"
"edmuch21","5","5","10"
"edmundo4","5","5","10"
"edouardbriand","5","5","10"
"edrys1977","3","7","10"
"Edu1960","5","5","10"
"Eduard_04","5","5","10"
"eduardoperron1","5","5","10"
"Educai","4","6","10"
"efrem14","6","4","10"
"eghbal400","6","4","10"
"egor_kalmykov","6","4","10"
"Egor17051999","2","8","10"
"Eiad12345","6","4","10"
"EintrachtFrankfurt1","5","5","10"
"EjupZani","4","6","10"
"Ekin47","5","5","10"
"Ektatiger","4","6","10"
"El_nuevo_yonko","6","4","10"
"elaprendizdeljaque","5","5","10"
"eLenaMed","5","5","10"
"elephantofdoom8","6","4","10"
"Eletor_T","4","6","10"
"Elfricer08","4","6","10"
"elhadad","5","5","10"
"elham_amani1368","5","5","10"
"ElinaKER","6","4","10"
"elkhamis","5","5","10"
"elmkv","6","4","10"
"elnhaloo7","5","5","10"
"elshab","5","5","10"
"eltayeb8","5","5","10"
"elwazeer71","5","5","10"
"EM-FRENEMY","4","6","10"
"emadp4094","6","4","10"
"emcconnell","6","4","10"
"emdashcomma","5","5","10"
"Emerrapa","5","5","10"
"emfs","5","5","10"
"EmilGabdrafikov","5","5","10"
"Emiliia_Nevzorova15","4","6","10"
"Emilio_Mtz","5","5","10"
"emilioliolio","6","4","10"
"Emjay01","4","6","10"
"EmpireOfEvil","5","5","10"
"Emrullah89","7","3","10"
"En19_73b","6","4","10"
"enchantedWizzard","4","6","10"
"eneene","6","4","10"
"enektama","4","6","10"
"eng2007","5","5","10"
"engr_emortal","4","6","10"
"Enigma0816","5","5","10"
"Enjolras_Stud","6","4","10"
"eoj7689","5","5","10"
"Eonora1","4","6","10"
"epic28","5","5","10"
"epsilon1957switch","5","5","10"
"er1952win","5","5","10"
"Erensaricay","5","5","10"
"erfan5608","5","5","10"
"Eric909","5","5","10"
"Erikthedog","5","5","10"
"Ernest-555","7","3","10"
"Erni1963","5","5","10"
"erpiba","5","5","10"
"Erwan777","5","5","10"
"Esacwollip","5","5","10"
"Escacs245","5","5","10"
"EslamkhalidEbra2000","5","5","10"
"essamshaltout","5","5","10"
"estergon05","5","5","10"
"Eth4n8a","5","5","10"
"Ethanbishop","5","5","10"
"EthanEv0214","4","6","10"
"eto_strang1e","5","5","10"
"etsgoum","5","5","10"
"Ettt","7","3","10"
"Eugohke","6","4","10"
"Evachesslover","5","5","10"
"evenarlock","5","5","10"
"evgen_rus36","5","5","10"
"Evgeni_67","5","5","10"
"evgeniide_boer","6","4","10"
"Evgeniy_Chernyakov","4","6","10"
"Evgeniy-486747","5","5","10"
"EVGUENI","5","5","10"
"evil_empire","6","4","10"
"evoye","4","6","10"
"eXistenZ-13","4","6","10"
"exloca","6","4","10"
"explosion01_21","4","6","10"
"eyadmfayyumi","5","5","10"
"eytsch35","4","6","10"
"eyupsen","5","5","10"
"eznor","5","5","10"
"Ezzat2022","6","4","10"
"f_karimi64","5","5","10"
"FabiaN4","4","6","10"
"Fabian784","4","6","10"
"Fabitobb","5","5","10"
"fadagenio","5","5","10"
"Failmen","5","5","10"
"faizzain03","5","5","10"
"Falgar","5","5","10"
"FalseConsciousness","5","5","10"
"faltunam","6","4","10"
"Fanel_10","5","5","10"
"Fantastic7217","5","5","10"
"Fantom31","4","6","10"
"Faraday_M","5","5","10"
"farhadpharxin","5","5","10"
"Farkhad68","6","4","10"
"farokhleghaparto","4","6","10"
"FarshadA","4","6","10"
"farzadghanbri38","4","6","10"
"fasilck1987","6","4","10"
"Fatih-Ozturk","6","4","10"
"Fatih1919","5","5","10"
"FatsoPopcorn","4","6","10"
"faycal72","3","7","10"
"FAZAR2001","5","5","10"
"FaZe_Fishking","6","4","10"
"Fdsfdsatranc2","6","4","10"
"Fedya_57","5","5","10"
"fedynets","5","5","10"
"fehmi19033","3","7","10"
"Feilobello","5","5","10"
"feldsteinii","5","5","10"
"Felg22","5","5","10"
"Felico","6","4","10"
"FelixLecourtois","5","5","10"
"Femi69ine","4","6","10"
"Feqan2023","6","4","10"
"fer76chess","5","5","10"
"FerAntunez","8","2","10"
"FERRZz","4","6","10"
"Festmacher","5","5","10"
"fffelix","5","5","10"
"fgaguilar","6","4","10"
"fi1333","5","5","10"
"Fialed","5","5","10"
"fifiawesome","4","6","10"
"FifkaOlga","5","5","10"
"Fil68","6","4","10"
"filip_kirkorov1967","5","5","10"
"FilipHuba","6","4","10"
"filipp1980","5","5","10"
"FILIPPOV1958","6","4","10"
"filyjhota","6","4","10"
"finishfighter","5","5","10"
"Fips1234","5","5","10"
"FirstLiner","4","6","10"
"Fitz9191","6","4","10"
"Flandoch","5","5","10"
"Fledermaus12","4","6","10"
"Flowers7455","5","5","10"
"Floyzfam","5","5","10"
"Fluxytosen","6","4","10"
"fmdp93","5","5","10"
"foomani","5","5","10"
"forensicss","5","5","10"
"Forthus1","5","5","10"
"Fou_du_Roi","5","5","10"
"Foxzera24","4","6","10"
"fpardo","6","4","10"
"Fpaul","5","5","10"
"FRAKS2008","5","5","10"
"francisco_tn87","5","5","10"
"FrancoVoxFalange","5","5","10"
"frangin2","5","5","10"
"Frank70","4","6","10"
"FrankGoatP","4","6","10"
"FrankHelwig","5","5","10"
"franoween","4","6","10"
"fraroi","4","6","10"
"freakenbeastslayer","5","5","10"
"Fred7497","4","6","10"
"freddyzarate65","4","6","10"
"Fredrich","5","5","10"
"Fredyjuan","5","5","10"
"Freezecorleone1","6","4","10"
"frelow","4","6","10"
"FrenchRory37","5","5","10"
"friend-Elio","5","5","10"
"Fronteraveza","6","4","10"
"frozen_souljah","4","6","10"
"frsrv","4","6","10"
"ftpvo2max","4","6","10"
"Fu3er","6","4","10"
"Fugaku_Hozumi","5","5","10"
"funmak","5","5","10"
"furkan1897","5","5","10"
"furqon99","1","9","10"
"FusionWalk","6","4","10"
"FVEAGLES","5","5","10"
"fwc36","6","4","10"
"G0-BEL","5","5","10"
"g4raii","5","5","10"
"Ga-FEEE","5","5","10"
"Gaboche","5","5","10"
"Gaetano_Badalamenti","5","5","10"
"Gaffelfan","5","5","10"
"Gagamon","4","6","10"
"galata22","5","5","10"
"Galliboli","4","6","10"
"GamaJr","5","5","10"
"Gamar69","5","5","10"
"gambito365","5","5","10"
"GameOver_NN_52RUS","7","3","10"
"Gamerrrrrrrrrrrrrrr","5","5","10"
"GaneshSingh11","5","5","10"
"Gangadharom","4","6","10"
"gangow","5","5","10"
"GAPON13","5","5","10"
"Garrus_Vakaryan","5","5","10"
"Gaspuel","5","5","10"
"Gatto_nel_blu","3","7","10"
"Gboyzkie123x","5","5","10"
"GEberhard","5","5","10"
"gebrew","5","5","10"
"Gelix2305","4","6","10"
"geminizer","5","5","10"
"Gen_Tre","5","5","10"
"GeneralAgent999","3","7","10"
"generall_01","6","4","10"
"GeneralOfCombat","6","4","10"
"Geordiepatta","3","7","10"
"Georgeclater","5","5","10"
"GeorgeKaplan87","4","6","10"
"geotropa","5","5","10"
"Gepo1403","6","4","10"
"Geraldalbert49","4","6","10"
"Gerardo45","5","5","10"
"German_amy","5","5","10"
"ggg1234567","6","4","10"
"ghazaleslami","6","4","10"
"GhostGHOSTT","4","6","10"
"GianWilson89","6","4","10"
"GibaGS1968","4","6","10"
"GibbyGibsonG","6","4","10"
"gicgic","6","4","10"
"GiGgs-060123","4","6","10"
"Giliard_Moura","4","6","10"
"ginersa","6","4","10"
"Ginsantv","4","6","10"
"GiocatoreOccasionale","4","6","10"
"giogio_009","7","3","10"
"giorgifighter","6","4","10"
"giove31","5","5","10"
"Gk69","5","5","10"
"gl1","5","5","10"
"Gladiatter","5","5","10"
"GLion","5","5","10"
"gmanden","4","6","10"
"gmmono","4","6","10"
"gmsoliman1","5","5","10"
"Godoy_antonio","4","6","10"
"gojo4536","6","4","10"
"GokulaKannanK","5","5","10"
"gokulsonecha","5","5","10"
"Golden1983","6","4","10"
"goldpacifier","4","6","10"
"gomez75835","5","5","10"
"gonzobonzo","5","5","10"
"gopi2502","7","3","10"
"GorginT1976","6","4","10"
"Gorks","4","6","10"
"goussy","4","6","10"
"GOVARDHANAN301","5","5","10"
"Gr33nR10t","6","4","10"
"Gragored","5","5","10"
"Grand_Dada","6","4","10"
"grasian","6","4","10"
"graslan","6","4","10"
"Gratou","4","6","10"
"GrayKnight1984","4","6","10"
"GreatParth1508","5","5","10"
"grgurdulic","4","6","10"
"Gring88","4","6","10"
"GrinningInTheirFace","5","5","10"
"Grisha42","5","5","10"
"GromAlabay","5","5","10"
"Groove_Sixty","4","6","10"
"grotom","5","5","10"
"gu1729","5","5","10"
"GuevarraYael","6","4","10"
"Gui2A","6","4","10"
"Guidexxxx","4","6","10"
"guillermocubillas40","5","5","10"
"guitama","5","5","10"
"Guizmo93","4","6","10"
"gun44","4","6","10"
"guna406","5","5","10"
"Gupriandi85","4","6","10"
"gustavo85","6","4","10"
"gustavohonorio1","6","4","10"
"GustavoSFA","5","5","10"
"guvenunel","5","5","10"
"guzik94","5","5","10"
"Guzman70","4","6","10"
"Gvaeron","5","5","10"
"gvrmanu00","6","4","10"
"gwarron","4","6","10"
"gzedan58","4","6","10"
"h0LDEN2","4","6","10"
"h6nri","5","5","10"
"HA030779","5","5","10"
"hadassa1987","5","5","10"
"hadipaziresh","6","4","10"
"Hafner-TT","5","5","10"
"hagelsturm","5","5","10"
"HAHAR1","7","3","10"
"Halyna777","3","7","10"
"HamCityBiscuits","4","6","10"
"hamid_essi","5","5","10"
"Hamida","5","5","10"
"Hammurapi65","5","5","10"
"Hamod92Ma","4","6","10"
"hana_86","6","4","10"
"hanam1004","5","5","10"
"HAndrey","5","5","10"
"hanertlyr","4","6","10"
"Hani1963","4","6","10"
"Hankars","5","5","10"
"Hans-Peter","5","5","10"
"hanuagarwal","5","5","10"
"HardlyTryingMate","5","5","10"
"HardyRodriguez","3","7","10"
"HareshThacker2019","4","6","10"
"hariyonob","5","5","10"
"Harsh_g","4","6","10"
"Harsh6782763","5","5","10"
"harshvardhan2023","4","6","10"
"Harvey_Specter1","5","5","10"
"hasan_1975","4","6","10"
"hasanalmasi","4","6","10"
"hasaness","5","5","10"
"hasehas","4","6","10"
"hashim1973","6","4","10"
"HassanNazLGSJT","5","5","10"
"Hawk0625","6","4","10"
"hbarake","4","6","10"
"hdb211-0018-2020","6","4","10"
"He4mz","5","5","10"
"Headshot4687","4","6","10"
"HeinzDovi","5","5","10"
"hellochessking","5","5","10"
"henco_8","5","5","10"
"hendawy1","5","5","10"
"henry_2023","4","6","10"
"Henry_Rearden","5","5","10"
"hermine09","5","5","10"
"HerrRaffael","5","5","10"
"Hertz_Donut","5","5","10"
"HerwinHuang","5","5","10"
"hesham6666","6","4","10"
"Heshammawis","6","4","10"
"HeyyJoee","5","5","10"
"Hezar","5","5","10"
"hfyizuu","4","6","10"
"Hi_J4Ck","5","5","10"
"hidra10","5","5","10"
"Hidrate-se","4","6","10"
"HIEUNGHIA2015TA2-TB","5","5","10"
"highstones","4","6","10"
"hilman_lpkamabulian","5","5","10"
"him9494","5","5","10"
"himmanaci","5","5","10"
"Hindawii","5","5","10"
"hingwoo","5","5","10"
"HisJazziness","4","6","10"
"Hitman_stayalert","5","5","10"
"hmotahed","5","5","10"
"HoangAnh_2015","5","5","10"
"hoanggiahuyTHCSCG6g","5","5","10"
"hoho131","6","4","10"
"Holopherne","6","4","10"
"homanrahimi","5","5","10"
"Homequevola","6","4","10"
"hootan13","6","4","10"
"Horsechess_1","5","5","10"
"Horsrider","5","5","10"
"hose1021","5","5","10"
"hoseinmardi","4","6","10"
"hosineslami123456784","3","7","10"
"hossainii56","5","5","10"
"HOSSAM7LDEN","6","4","10"
"HossamHassan137","4","6","10"
"Hosseini12122","4","6","10"
"HosseinMirzazadeh","5","5","10"
"houseleenee","5","5","10"
"Hridaansh0912","5","5","10"
"hugomartin11","5","5","10"
"HugoRey","6","4","10"
"hugovilarinomaseda","6","4","10"
"huila1","5","5","10"
"HumbleDoer","4","6","10"
"HumusAlFacker","6","4","10"
"HungAnh_2814","5","5","10"
"hungry-panda","5","5","10"
"Husainkader","4","6","10"
"HUSNA8","5","5","10"
"HussainAli1","5","5","10"
"hustlerchance","5","5","10"
"Huybui2911","7","3","10"
"Hydromega","4","6","10"
"Hyperkk","5","5","10"
"iab0001","5","5","10"
"iamupandadam","4","6","10"
"iamwin030309","5","5","10"
"ibisi","5","5","10"
"Iblunderalot2","5","5","10"
"ibra2002","5","5","10"
"ibrahim514","5","5","10"
"Ibrahim707","5","5","10"
"icebergglaciers","5","5","10"
"iceman11235","5","5","10"
"iceman17","6","4","10"
"ichika_exe0","4","6","10"
"icisterna96","6","4","10"
"idanhirt","5","5","10"
"IDR1961","5","5","10"
"IgnatzVconvert","5","5","10"
"igor0330","5","5","10"
"IgorBezrukavy","5","5","10"
"IgorKhaid","6","4","10"
"Igrok_1981","6","4","10"
"IIAtra","5","5","10"
"IJ045","5","5","10"
"ikorotko","5","5","10"
"IKV2025","5","5","10"
"ilex","4","6","10"
"iliagogoladze","4","6","10"
"iliak4","5","5","10"
"illbilly","5","5","10"
"ilusch","3","7","10"
"Ilya_124","4","6","10"
"Ilya_Ageenko","5","5","10"
"Ilya050483","6","4","10"
"Ilyasamoulin","5","5","10"
"ImaNew","6","4","10"
"imaniche","5","5","10"
"imaroyaldude","4","6","10"
"imraanvanwyk","5","5","10"
"imurex","5","5","10"
"Inasairentoway","5","5","10"
"indi123","5","5","10"
"Indra_Jaya_Dawam","5","5","10"
"infoinvitro","5","5","10"
"IngenieroInf","5","5","10"
"IngFedericoRuiz","6","4","10"
"IngoMania","6","4","10"
"InTerVenTioNz-84","6","4","10"
"invincible18","5","5","10"
"Iori_Yagami1","6","4","10"
"Iraci","5","5","10"
"Iraj-mah","5","5","10"
"iranmahsa1401","5","5","10"
"Iron_Doc","4","6","10"
"irrumabo","6","4","10"
"is0o","5","5","10"
"Isa280173","5","5","10"
"isaiasguel","5","5","10"
"Isaicopito45","6","4","10"
"ischadamen2","4","6","10"
"Iseng_Iseng","2","8","10"
"Iskfael","5","5","10"
"Islam_Kaziev_2013","4","6","10"
"islup","5","5","10"
"ismailbulut01","5","5","10"
"isnardo50","4","6","10"
"isrealite","5","5","10"
"Issamoof","4","6","10"
"isuckassreallybad","5","5","10"
"ittoo","5","5","10"
"Itzylz1407","6","4","10"
"ivan_ruedas","5","5","10"
"Ivan-6rovkin","6","4","10"
"Ivan2391","5","5","10"
"ivan86","5","5","10"
"ivanbujagic","5","5","10"
"IvanDolhii_69","4","6","10"
"IvanG88","6","4","10"
"ivangoodman","4","6","10"
"ivanica_7","6","4","10"
"IvanSalnikof","5","5","10"
"Ivanshahmat14","6","4","10"
"IvarThePawnLess","6","4","10"
"Ivashka83big","6","4","10"
"IWillSurvive44","5","5","10"
"iwyn","5","5","10"
"J4ames","6","4","10"
"jabbar33_33","5","5","10"
"jacekgk","5","5","10"
"Jackg237","5","5","10"
"jackisbacktoattack","5","5","10"
"Jackq_wahome","4","6","10"
"Jagjunk","6","4","10"
"JagodaniVelikiiii","6","4","10"
"Jahaziel_Huaman","4","6","10"
"jaimemat","5","5","10"
"jaimesantiago0820","5","5","10"
"jajja1111","5","5","10"
"jakers_01","4","6","10"
"jalal1","4","6","10"
"jalilet","5","5","10"
"Jalisc","6","4","10"
"Jamal2023AS","4","6","10"
"jamasp","5","5","10"
"jamayc","4","6","10"
"James_at_the_beach","6","4","10"
"Jancker7","6","4","10"
"janek_szybkapartia","5","5","10"
"jaouedolo","5","5","10"
"japg2005","5","5","10"
"jardelclt","6","4","10"
"Jarecki","5","5","10"
"JARTJ2010","3","7","10"
"jasnob","5","5","10"
"jasonrobert123","7","3","10"
"Jatinderkatoch1","6","4","10"
"JavierChauras","3","7","10"
"JavierChaverriross","6","4","10"
"JAVIEROSI","5","5","10"
"Jayanthak","4","6","10"
"JaydenA","5","5","10"
"JayLyst","5","5","10"
"jazzmanblues","5","5","10"
"jbetanco1","5","5","10"
"jbtito1892","4","6","10"
"JBuevia","6","4","10"
"jccp6910","4","6","10"
"jcencaladae","5","5","10"
"JCSEANNJUSTIN","4","6","10"
"jcss64","4","6","10"
"JDB_121808","4","6","10"
"jeebers","5","5","10"
"Jef_Wuyts","6","4","10"
"jef778","4","6","10"
"Jefferson1976","4","6","10"
"Jehan9000","6","4","10"
"jelson_26","4","6","10"
"JeremyBlacio","5","5","10"
"JeremyNoel","5","5","10"
"jerrous9","6","4","10"
"jerrysupremo","5","5","10"
"jesse_codes","5","5","10"
"Jesseolofu","4","6","10"
"Jessy88","6","4","10"
"jesuine_pm","5","5","10"
"jhonsteven","5","5","10"
"jhunnd","5","5","10"
"jichesss","5","5","10"
"jid012","5","5","10"
"jigarnagda","4","6","10"
"Jimbolism5","5","5","10"
"jimmy20141126","5","5","10"
"jinesh_51","5","5","10"
"Jishnu540","5","5","10"
"jj10juanjo","5","5","10"
"JJEsq","5","5","10"
"JKCPPR","5","5","10"
"jklmsdhd","6","4","10"
"joaodeneco","4","6","10"
"JoaoGriloDeTaperoa","5","5","10"
"JoaoRafaelG","5","5","10"
"jocsata","5","5","10"
"JoDaRe","5","5","10"
"Joe1414","4","6","10"
"Joeleo47","5","5","10"
"Joelong","3","7","10"
"JoeyDavis94","6","4","10"
"Joganes","5","5","10"
"John_Snow007","6","4","10"
"JohnWesley45","5","5","10"
"Jojo1947","5","5","10"
"jojokushal123","4","6","10"
"jokerzolka","4","6","10"
"Jola23","6","4","10"
"jonajog","4","6","10"
"jonallenart","6","4","10"
"JonasGedeminas","5","5","10"
"jonasvvr","4","6","10"
"Jonathan_Tabar","5","5","10"
"JONE-ANGEL","5","5","10"
"Jonogatau","4","6","10"
"Jopat13","4","6","10"
"jopergar","5","5","10"
"jordan_here","5","5","10"
"Jorgeareia","6","4","10"
"JorgeArtaviaCR","5","5","10"
"jorgeluiv","6","4","10"
"Jose2013b","4","6","10"
"josefern","4","6","10"
"josefjoseguiseppejoe","5","5","10"
"josehombre66","4","6","10"
"JOSEILTON","6","4","10"
"Jossef_k03","5","5","10"
"jpat55","5","5","10"
"Jplobiano","6","4","10"
"jRamp","6","4","10"
"JRDERF","5","5","10"
"JRoos","4","6","10"
"JstnErtz","6","4","10"
"juanbonelli","5","5","10"
"JuanCarlos1retraso","5","5","10"
"juanchi_24","4","6","10"
"Juangabriel1961","4","6","10"
"JuanPisos","5","5","10"
"jufriayubi","6","4","10"
"jugadamess","4","6","10"
"Juggernaut661","4","6","10"
"Juju-74","4","6","10"
"Jules2012","6","4","10"
"julghe","5","5","10"
"JULIO_CESAR171","5","5","10"
"julioroca62","5","5","10"
"Julrick","4","6","10"
"jumari","9","1","10"
"junmopark","5","5","10"
"Just21","5","5","10"
"JustKev","4","6","10"
"JustRomeo","5","5","10"
"k_ritvik","4","6","10"
"k21405","5","5","10"
"Ka_tedy","6","4","10"
"KabyoChess","4","6","10"
"kachnoveduard","4","6","10"
"Kacperl1006","5","5","10"
"kadamkot","5","5","10"
"Kahary","5","5","10"
"Kaigorodov","5","5","10"
"Kakabos","4","6","10"
"Kalachinsk","5","5","10"
"Kalapacs81","4","6","10"
"kaligeek","3","7","10"
"Kalpana","5","5","10"
"KAMAMI","4","6","10"
"KAMedvedev","3","7","10"
"Kamel111222","5","5","10"
"Kamika7e","4","6","10"
"Kamikaze-XD","5","5","10"
"Kamil-2016","5","5","10"
"kamilcelen","6","4","10"
"kamozi","4","6","10"
"kamranakhzari","4","6","10"
"Kanhaiya_Manda","5","5","10"
"Kanolit","6","4","10"
"kaplanhalil","8","2","10"
"Kappablanket","5","5","10"
"KappaKiwi","5","5","10"
"Karahalilov","4","6","10"
"karan750","4","6","10"
"karb2106_elite","6","4","10"
"KAREN-66","5","5","10"
"karimemad12","6","4","10"
"karino4ka","5","5","10"
"KarlheinzGrabowski","6","4","10"
"Karlomero","5","5","10"
"karnail_js","6","4","10"
"karolon","5","5","10"
"karpovairina04062010","4","6","10"
"karthik1122","5","5","10"
"kartrite","2","8","10"
"kasbarof_ye","5","5","10"
"Kat12377","6","4","10"
"KateVSH","6","4","10"
"kati780","4","6","10"
"kavishmohanty","6","4","10"
"kavishsaxena2016","3","7","10"
"Kayrob","6","4","10"
"Kayson11","5","5","10"
"kazak-1310","5","5","10"
"kazem45","5","5","10"
"Kbrodsky999","5","5","10"
"kcb123","5","5","10"
"kelaparan","5","5","10"
"kemkemi","5","5","10"
"Kennal3","6","4","10"
"kenny1990","4","6","10"
"Kennys10","5","5","10"
"kent29","4","6","10"
"Kentoy119","6","4","10"
"Kerem_celik0","6","4","10"
"Kerim_K","4","6","10"
"Kerolos_mina","6","4","10"
"Kesha_777","8","2","10"
"Kethaintbored69","4","6","10"
"KevinKorani","5","5","10"
"kewapoo","5","5","10"
"KGSHel","5","5","10"
"khaled-rezk","6","4","10"
"Khaled6","5","5","10"
"Khaled77nalut","4","6","10"
"khalid_254","6","4","10"
"khchenuka","5","5","10"
"KhlebGleb","4","6","10"
"Kholil","6","4","10"
"khorgos_panda","6","4","10"
"Khshanovskyi","5","5","10"
"kia4","1","9","10"
"kielgaralde","5","5","10"
"KieranB82824","4","6","10"
"kikan007","6","4","10"
"KikiChess78","5","5","10"
"Killer_Insting1","6","4","10"
"killer898","5","5","10"
"Killerknight9319","4","6","10"
"Killswitch416","5","5","10"
"kilnart","6","4","10"
"kilofoxtrotseven","5","5","10"
"kim256","5","5","10"
"kingofchess0090","4","6","10"
"KingofChichester","5","5","10"
"kingraymond","5","5","10"
"kingrxd","4","6","10"
"kingstephenoflex","5","5","10"
"Kinig","6","4","10"
"Kipchak76","5","5","10"
"KiranV","4","6","10"
"Kirilloio","5","5","10"
"Kiu009","5","5","10"
"KiwiDoFbi","5","5","10"
"KK_77","5","5","10"
"kkmw0328","6","4","10"
"klaudiom7","5","5","10"
"klb14","5","5","10"
"klemi","4","6","10"
"Kleopatra2019","5","5","10"
"klim1997511","4","6","10"
"Klimonov_Viktor_S","3","7","10"
"klockblok","5","5","10"
"KmIbrahimYounoussa","5","5","10"
"knigh_trider","6","4","10"
"Knight_of_night_32","4","6","10"
"knight_rider10","5","5","10"
"knightm0ves","5","5","10"
"Knowingeverything","5","5","10"
"koalalala","6","4","10"
"kobie75","6","4","10"
"Kobrynskyj","6","4","10"
"KoCandy","4","6","10"
"Kokapraveen","4","6","10"
"KokiIett","4","6","10"
"Koky7","4","6","10"
"kolbasatopot","6","4","10"
"KomilKhamidov99","5","5","10"
"Kondor123","5","5","10"
"konrad-kinowski","5","5","10"
"Konstantin321","4","6","10"
"konstantiner","5","5","10"
"kontringas","5","5","10"
"konty1","5","5","10"
"Koooontin","5","5","10"
"kop4enoe_calo","6","4","10"
"Kopolotop","5","5","10"
"KOREA_GENESIS","5","5","10"
"KorGm","6","4","10"
"Korni32","5","5","10"
"KorradoKattani","5","5","10"
"koseyigithan","5","5","10"
"Kosmo2009","5","5","10"
"kossyo","6","4","10"
"Kostja2605","4","6","10"
"Kotachess21","6","4","10"
"Kouga16","6","4","10"
"KOUSHALCHESS","5","5","10"
"kovalsky84","5","5","10"
"koysur-bjksatranc","5","5","10"
"krajkovic","6","4","10"
"Kreivarankis","5","5","10"
"krestopher","6","4","10"
"krishnachess1","6","4","10"
"kronski72","4","6","10"
"Krs2021","5","5","10"
"krsnamitra","5","5","10"
"kruasanN","4","6","10"
"KrunchyBread","5","5","10"
"krupeshdhruv","4","6","10"
"krylova-1","5","5","10"
"Kspismailisikli","5","5","10"
"KuanDo","2","8","10"
"kubanowy88","6","4","10"
"KUDAMUNEMO","5","5","10"
"Kudesnik1972","5","5","10"
"kudrapet","5","5","10"
"Kumanda01","6","4","10"
"kuppusamy-M","4","6","10"
"Kurchon","5","5","10"
"kurt_the_kid","5","5","10"
"Kurt-Istanbul","4","6","10"
"Kurznoppe","4","6","10"
"kuween","5","5","10"
"kvc","4","6","10"
"Kwaaa","5","5","10"
"KwameTech","5","5","10"
"Kwemyatlayshi","6","4","10"
"kxpax","5","5","10"
"Kyalopetro","4","6","10"
"kyky22","4","6","10"
"Kyne01","6","4","10"
"kyriakos49","4","6","10"
"kzibari","5","5","10"
"l_i_n_t_e_k","6","4","10"
"LaariqbatAbdo","5","5","10"
"LACCOSTE","5","5","10"
"lacondesa","4","6","10"
"Lada22","4","6","10"
"LaDeutscheVita","4","6","10"
"Laith147","6","4","10"
"Laki60","5","5","10"
"Lakshya7sachdev","6","4","10"
"LaLeyenda013","5","5","10"
"lalitakhade","6","4","10"
"Lamartine_73","5","5","10"
"Lamayog","5","5","10"
"LaMouleCosmique","5","5","10"
"Landler","4","6","10"
"larso02","6","4","10"
"LaSpiaRussa","5","5","10"
"Last-Mutare","6","4","10"
"LastGladiator_95","6","4","10"
"Laura1012","4","6","10"
"laurentcachan","5","5","10"
"LaurentJouandeau","5","5","10"
"Lawrenceduke","4","6","10"
"LazamKadri","6","4","10"
"Lazarus828","5","5","10"
"LazloDoulak","5","5","10"
"Leanard","6","4","10"
"LeandroNovellano","4","6","10"
"LeeGJ","5","5","10"
"Leelamohan_Ardhamala","4","6","10"
"Leha0876","7","3","10"
"leila1361","5","5","10"
"Lellla","4","6","10"
"LenarGo","5","5","10"
"lenny990","4","6","10"
"Leola10","5","5","10"
"LeonardJordan_5_2","4","6","10"
"leonid1974mg","5","5","10"
"LeRoumain","3","7","10"
"LeslieChessPlayer","5","5","10"
"LevEgorushkin","5","5","10"
"LewisCarroll","6","4","10"
"lg691","3","7","10"
"Lia_ereena","3","7","10"
"libardoarr","6","4","10"
"liborkozak","5","5","10"
"Licaon67","5","5","10"
"Lichesercom","5","5","10"
"ligma4","4","6","10"
"Lii-more","6","4","10"
"Likonima00","5","5","10"
"lil-tez763","4","6","10"
"Limbo_O","5","5","10"
"lime8888","5","5","10"
"LiOleg","5","5","10"
"LionMalik","5","5","10"
"LIOPARAG","6","4","10"
"Lishas","5","5","10"
"Livaja_10","5","5","10"
"LivhuM","4","6","10"
"liwenz","5","5","10"
"liwerson","4","6","10"
"LNTduy8B","5","5","10"
"loazar","5","5","10"
"Locust667","5","5","10"
"lodeb1","5","5","10"
"loic1982","4","6","10"
"Loke2009","5","5","10"
"lolavi","5","5","10"
"Loltournament","4","6","10"
"lolypramzan202_0305","5","5","10"
"Lone-Wolf","4","6","10"
"longball15","5","5","10"
"longsmoke7","5","5","10"
"Lood92","5","5","10"
"LooiZhiMing_Chess","5","5","10"
"Lord41","5","5","10"
"Loreniac","4","6","10"
"LORENZOTN1","7","3","10"
"lory2020","9","1","10"
"lostrevinio","4","6","10"
"lotfi_saidane2000","4","6","10"
"LotharOpa","6","4","10"
"louescobar","3","7","10"
"lovechess28364","5","5","10"
"loviu","5","5","10"
"LPGupta","5","5","10"
"Luca-a","4","6","10"
"lucaddi","6","4","10"
"LucarioEsferaAural","4","6","10"
"Lucas1969","6","4","10"
"Lucas64","6","4","10"
"lucas8989","5","5","10"
"Luciddreamss","4","6","10"
"lucky1984","5","5","10"
"lucky80390","4","6","10"
"ludo65","5","5","10"
"lufersa","5","5","10"
"Lugalgal","4","6","10"
"Luis_AC_DC","6","4","10"
"luizsena26","6","4","10"
"lukas04bo","5","5","10"
"lunachessgood","5","5","10"
"Luv2hateme","5","5","10"
"luzzar69","5","5","10"
"lyohin92","5","5","10"
"Lytsar8x8","5","5","10"
"LZ86","4","6","10"
"m_babichev","3","7","10"
"m_hassan54","6","4","10"
"m_paterswa","5","5","10"
"M_taher_poushideh","5","5","10"
"M-Alexmb","5","5","10"
"m-mik","6","4","10"
"m2biradar","4","6","10"
"M4rc4a","5","5","10"
"maanikrathi","6","4","10"
"Macio24h","6","4","10"
"macpac","6","4","10"
"madar13","6","4","10"
"MadBrain93","5","5","10"
"MAdeebFA","5","5","10"
"MADI-BATYR","5","5","10"
"MadikM","6","4","10"
"madshi","4","6","10"
"madvoice","6","4","10"
"MAEHamid","4","6","10"
"Maenca40","7","3","10"
"maestro1972","6","4","10"
"maestrobecker","5","5","10"
"Mafusail202","3","7","10"
"mageto","5","5","10"
"Mahammad_A","5","5","10"
"Mahdi_Sayed","5","5","10"
"Mahdii_aziizii","5","5","10"
"mahesh230","4","6","10"
"mahithi2015","5","5","10"
"mahm734","5","5","10"
"Mahmood_PC","4","6","10"
"Mahmoud_elsamman","5","5","10"
"mahmoud_sayd","5","5","10"
"Mahmoud9999","5","5","10"
"Mahmoudaly","6","4","10"
"MahmoudHewehy","5","5","10"
"mahmud390","5","5","10"
"majd04na","6","4","10"
"major101781","4","6","10"
"majstor2012","6","4","10"
"Makaveli23","5","5","10"
"maki1234","6","4","10"
"Makkkena","6","4","10"
"maks1m_ko","6","4","10"
"Maksferstop","5","5","10"
"Maksim1111111111","5","5","10"
"maksimavdoshin","5","5","10"
"MaksimGrigoriev","5","5","10"
"makut88","7","3","10"
"Malholev","5","5","10"
"maliosman02","6","4","10"
"maluslacerta","4","6","10"
"Mamatali","5","5","10"
"Mambazk","4","6","10"
"mamikr","5","5","10"
"MamounChiha","5","5","10"
"Man-Murdurer","5","5","10"
"Mand_036","6","4","10"
"MANGALASSERYHOLIDAYS","6","4","10"
"MangeshB","4","6","10"
"Mani66","5","5","10"
"Manishmaheshwari","5","5","10"
"manojkamkar16","5","5","10"
"manu_kumr","6","4","10"
"Manuel_Morales","5","5","10"
"manuel-9","6","4","10"
"Manuel-Pedro","4","6","10"
"manuuux","5","5","10"
"manyaoberoi14","5","5","10"
"MapatKad","5","5","10"
"mapholoba","5","5","10"
"maqki","6","4","10"
"maqui44","5","5","10"
"marcandrews","5","5","10"
"Marcelino1808","6","4","10"
"MarceloAssumpcao","5","5","10"
"marchello45","5","5","10"
"marcinx02","5","5","10"
"MarcioSoares","5","5","10"
"marcoliano","5","5","10"
"marconico01","6","4","10"
"MarcoxSG","6","4","10"
"MarcusNg","6","4","10"
"marek55","5","5","10"
"Maria47","6","4","10"
"MariaLopatina","5","5","10"
"MarioPetru","3","7","10"
"MariusWIL","5","5","10"
"Mark_Nevzorov","6","4","10"
"mark8887","6","4","10"
"markasz90","5","5","10"
"marketman","5","5","10"
"markinaa","4","6","10"
"Marko009","5","5","10"
"MarkTven","3","7","10"
"MarkWR1","6","4","10"
"markyyyshells","5","5","10"
"Marsel1977","5","5","10"
"Martin1405","5","5","10"
"martin3k","5","5","10"
"Martinko1981","6","4","10"
"MartinMarinov","5","5","10"
"martinzamu","7","3","10"
"Marty_the_Weasel","5","5","10"
"MarueMurau777","6","4","10"
"MaryChessK","2","8","10"
"Maselric","4","6","10"
"masonparks","5","5","10"
"Master_Baku_2","5","5","10"
"Master-Mirror","5","5","10"
"Masterbeth","5","5","10"
"Masterclass86","6","4","10"
"Masterfu_2000","4","6","10"
"Masterluchin","3","7","10"
"masterpiece1r","5","5","10"
"Masv1dal","4","6","10"
"MasyeRHarveY","5","5","10"
"mateitscheckmate","5","5","10"
"MateMyMan","5","5","10"
"mater1965","5","5","10"
"mateuszm123","6","4","10"
"matevscs","5","5","10"
"MatheMachiato","5","5","10"
"mathewosos","6","4","10"
"matierno","4","6","10"
"Matigoetz","5","5","10"
"matisko","6","4","10"
"Matkoand","5","5","10"
"MattBOchess","4","6","10"
"MatthewGillies","5","5","10"
"mattotkapsz16","5","5","10"
"mattwhy","5","5","10"
"matwoo","5","5","10"
"maurotrevi","5","5","10"
"MaverickIceman14","5","5","10"
"Mawiamawia","4","6","10"
"Max_Nika","5","5","10"
"Max50M","4","6","10"
"Max8201","5","5","10"
"MaxBulkin","5","5","10"
"MAXIM_NN","5","5","10"
"Maxouping","6","4","10"
"Maysam_56","5","5","10"
"MayTheForkBeWithU","5","5","10"
"Mazharansari","6","4","10"
"mazrul_ramzi","5","5","10"
"mazzmazz","5","5","10"
"mb820","5","5","10"
"Mbezee","5","5","10"
"mc_mc_G","6","4","10"
"Mcbahaz","4","6","10"
"mchepuri","5","5","10"
"mdes22","5","5","10"
"mdr_lubis","6","4","10"
"Mdrom","4","6","10"
"Mdsmate","5","5","10"
"mdSunny","5","5","10"
"meathead2000","6","4","10"
"Mechanik_145","5","5","10"
"Medoxi29","5","5","10"
"medved25","5","5","10"
"Meelad_rd2","5","5","10"
"meganeo","6","4","10"
"megasupergut","4","6","10"
"megatyp","4","6","10"
"mehemkah","4","6","10"
"Meherrem_95","5","5","10"
"Mehmed07","5","5","10"
"melibea1964","5","5","10"
"melnicov","6","4","10"
"Meloune","5","5","10"
"melracelis","5","5","10"
"memshik","5","5","10"
"Mengerian","5","5","10"
"meninas","6","4","10"
"MenudaEstel","4","6","10"
"Menyo002","4","6","10"
"Merchant94","4","6","10"
"meripes","5","5","10"
"Mertoce","5","5","10"
"merzbau","5","5","10"
"meta_level","5","5","10"
"metallicaa","5","5","10"
"MethmalChamindu","5","5","10"
"metin1986","5","5","10"
"metooo86","6","4","10"
"mexica52","6","4","10"
"mezcalito15","4","6","10"
"mezir","6","4","10"
"mfd0707","5","5","10"
"Mftah_Anaeri","4","6","10"
"mgmod","6","4","10"
"mgt233","5","5","10"
"mgtastan","5","5","10"
"mh38","6","4","10"
"MHille","4","6","10"
"mhmdgg","6","4","10"
"mhndnmtlghmhnd","5","5","10"
"Michael_Chess_Player","4","6","10"
"Michael-jan","5","5","10"
"michaelcabildo1981","4","6","10"
"mickmagick","5","5","10"
"MICO05","3","7","10"
"Midorima_2","4","6","10"
"MiecleMazany962","5","5","10"
"Miguelno111","5","5","10"
"Miha1959","6","4","10"
"Mike-Wouzauski","5","5","10"
"mikearya","4","6","10"
"milanbjegovic54","4","6","10"
"milann96","4","6","10"
"milejamb","5","5","10"
"milelogara","6","4","10"
"miliardaria","5","5","10"
"MiljakR","4","6","10"
"milpe20","5","5","10"
"milpop","5","5","10"
"Mimahmet","5","5","10"
"Mimo-chess","5","5","10"
"Min_amin","4","6","10"
"Mingus5","6","4","10"
"minibadger","5","5","10"
"minisekk","6","4","10"
"mirbart","4","6","10"
"MiriamZiony","4","6","10"
"mirko_space","5","5","10"
"mirobriga","5","5","10"
"mironizic","5","5","10"
"Mironkin","5","5","10"
"MisaelBMurillo9","5","5","10"
"misha21russ","4","6","10"
"MishA8585","5","5","10"
"Mishlen2016","5","5","10"
"Miss_Marple","4","6","10"
"miteshgoswami","5","5","10"
"mitjatripkovic","5","5","10"
"MixeryMan","5","5","10"
"mixopa","6","4","10"
"mkrchessplayer","5","5","10"
"mksheoran9","5","5","10"
"mlms437","5","5","10"
"mlms480","5","5","10"
"mlms506","5","5","10"
"mlms516","5","5","10"
"mlms517","6","4","10"
"mlms523","4","6","10"
"mlms532","4","6","10"
"mlms543","5","5","10"
"MLMS600","5","5","10"
"mlukmann","5","5","10"
"MMKANK","5","5","10"
"mmm9262","5","5","10"
"MMP66","6","4","10"
"Mnino","4","6","10"
"Mo_Benzo","6","4","10"
"mobiledog1","5","5","10"
"mobiledose","6","4","10"
"Mobina_Jahangir1860","5","5","10"
"moby2046","7","3","10"
"mobyll","4","6","10"
"moh5555555555","2","8","10"
"mohamad_gh_m","6","4","10"
"Mohamad_reza123","6","4","10"
"Mohamad-khan-1400","5","5","10"
"mohamad202020","5","5","10"
"Mohamadrezasharifi","5","5","10"
"Mohamed_abdo_222","5","5","10"
"mohamed_elsharawy","4","6","10"
"Mohamed_saleh22","6","4","10"
"Mohamedahmed010","5","5","10"
"Mohameeds1","5","5","10"
"Mohammad_Umar","3","7","10"
"MohammadAli_04","4","6","10"
"Mohammed_Gamal","5","5","10"
"Mohlala_George","5","5","10"
"mohmadsh059","7","3","10"
"Mohmedyaser","5","5","10"
"mohrt","5","5","10"
"mohsen_kosari_1983","4","6","10"
"mohsen_movahed","5","5","10"
"Mohsen66Master","5","5","10"
"mohsenakb","6","4","10"
"mohsenhj","6","4","10"
"Moisei_00","5","5","10"
"Moksha2013","4","6","10"
"MOLINAPICOT","5","5","10"
"Mollenkijker","6","4","10"
"mondogros","5","5","10"
"Mones999","5","5","10"
"MonkeyDrum","6","4","10"
"Monometre","4","6","10"
"Monteros_Jesus","5","5","10"
"montsegur64","4","6","10"
"MoraStars21","5","5","10"
"Morozz1","5","5","10"
"morpheuss9","4","6","10"
"mortal-engine_24","4","6","10"
"mortezasalimzadeh013","5","5","10"
"mos120","5","5","10"
"mosbah11","6","4","10"
"moscou-x","5","5","10"
"moses_ydn","5","5","10"
"Mosquito_Gambit","5","5","10"
"Mostaf_12","5","5","10"
"mostafa-desha","5","5","10"
"Mostafahamdy","5","5","10"
"MotalexV","6","4","10"
"Motembo","4","6","10"
"Motobirillo","5","5","10"
"mouadddd","6","4","10"
"mounikavasu","5","5","10"
"MoWooly","6","4","10"
"Mpam94-26","5","5","10"
"mr_anasse","6","4","10"
"mr_bolz","4","6","10"
"Mr_Stevo","5","5","10"
"Mr-Crowley","5","5","10"
"MrCaligula","5","5","10"
"Mrchessmaster68","5","5","10"
"mrg68","6","4","10"
"MrinmoyMaity","4","6","10"
"MrIq_2020","5","5","10"
"mrmansh27","5","5","10"
"MrPepitos","5","5","10"
"mrproper335","4","6","10"
"mrseverett","5","5","10"
"MSar12","5","5","10"
"MsoLaf","6","4","10"
"Msp041177","6","4","10"
"msslax","9","1","10"
"MSUIIT_Rey","5","5","10"
"MUCHICHOARNO","5","5","10"
"Muck-Off-23","5","5","10"
"muehre","4","6","10"
"muhammad9999999","8","2","10"
"Muhammed013","6","4","10"
"muhito","5","5","10"
"mujib123","5","5","10"
"mukubhagat","3","7","10"
"Mulreaux","5","5","10"
"MULTIPOWER_WOMAN","4","6","10"
"Mumsik","5","5","10"
"Munhjargal8g","4","6","10"
"MuravievApostol","4","6","10"
"MurdysMan","6","4","10"
"Musab06","5","5","10"
"musaev_islam","5","5","10"
"Musasaygn","4","6","10"
"Muslim120508","6","4","10"
"Mustafa_Remzi1054","5","5","10"
"Muzab","4","6","10"
"Mv8486","5","5","10"
"mvarestelo","5","5","10"
"mwrimuru","5","5","10"
"MxB1","4","6","10"
"My_fav_account","6","4","10"
"myDogsNameChopa","5","5","10"
"Myk15","5","5","10"
"mylene_hlnths","5","5","10"
"Mysha_live","6","4","10"
"myst--19","4","6","10"
"MySummerCar","5","5","10"
"Mzmazen","5","5","10"
"N8DGR8WON","6","4","10"
"nachio","6","4","10"
"Nader2005","5","5","10"
"naeem508","3","7","10"
"NagibatelIgnataManan","6","4","10"
"naingnine","5","5","10"
"Najibmal_786","6","4","10"
"Nakirare","6","4","10"
"NANDIC","4","6","10"
"nandouner","5","5","10"
"nano1990","5","5","10"
"Napets7_7","6","4","10"
"Nargessedghamiz","5","5","10"
"Narwhal23","5","5","10"
"Nasarpaloor123","5","5","10"
"naser1917","5","5","10"
"NaserHo","6","4","10"
"natalbintang","5","5","10"
"Natalia_08","5","5","10"
"Natedawg1217","4","6","10"
"Natemate12","6","4","10"
"Natfarm","4","6","10"
"NathanNorman","5","5","10"
"NAV62843","5","5","10"
"Navarrowa","3","7","10"
"Navidkalanat","4","6","10"
"navidrab","5","5","10"
"nawafibrahim666","5","5","10"
"nduharmonics","6","4","10"
"nebojsa75","7","3","10"
"necip-pacollari","5","5","10"
"NEG0DNIK","4","6","10"
"nekollaps","6","4","10"
"Neles0s","6","4","10"
"Nema03","7","3","10"
"Neneska183","4","6","10"
"neo_333","6","4","10"
"neodarwinista","5","5","10"
"neoman_ville","6","4","10"
"NeonGreat","5","5","10"
"neorek","5","5","10"
"Nepman2022","6","4","10"
"nerijus37","5","5","10"
"nesys1064","5","5","10"
"netslayer98","4","6","10"
"netzocker","5","5","10"
"Neur0w","5","5","10"
"new50KR","5","5","10"
"Newflambi","3","7","10"
"NewMoon58","5","5","10"
"NewtOrange","4","6","10"
"neX1ko","5","5","10"
"next6120","6","4","10"
"neznaiko2","4","6","10"
"Neztes","4","6","10"
"ngongole","6","4","10"
"NgoQuangTung16-TB","6","4","10"
"Nguyenducthang2013","5","5","10"
"nhete_25","4","6","10"
"nhhaidang2014LNH","6","4","10"
"nicaso","4","6","10"
"nico27","6","4","10"
"nicoiano56","6","4","10"
"NicolasD97","5","5","10"
"nicolatesla2004","6","4","10"
"nicrophorus","5","5","10"
"nidhi9656","5","5","10"
"Nidish96","5","5","10"
"Nidxegg","4","6","10"
"nievaso","4","6","10"
"nihadbesic","6","4","10"
"Nihar_Raju_23","5","5","10"
"Nihara246","5","5","10"
"NIHKUB1955","4","6","10"
"nik_zen","4","6","10"
"Nika2015Ogren","5","5","10"
"nikhil_gupta612","5","5","10"
"Nikita_Shishkin","5","5","10"
"Nikitakorol","2","8","10"
"nikitoszuzev","5","5","10"
"NikoCherednik","5","5","10"
"Nikodem-szachista","5","5","10"
"Nikolai_2015","3","7","10"
"NikolaModesto","4","6","10"
"Nikolascha","5","5","10"
"Nikolay_Go","5","5","10"
"NikolayBond","5","5","10"
"NikolayGross","5","5","10"
"NikolayNidvoray","5","5","10"
"nikson777000","4","6","10"
"Nilbe","5","5","10"
"nilesh9890_007","6","4","10"
"nils_g00","5","5","10"
"nimaturk","6","4","10"
"nimavafaeeh","6","4","10"
"NininMojito","5","5","10"
"ninuk_cantiq321","5","5","10"
"niria17","5","5","10"
"nirmalsjs","5","5","10"
"nishantmaske79","4","6","10"
"nismorap","6","4","10"
"Nitin917","5","5","10"
"Nitinkinshu","4","6","10"
"Njnambi","3","7","10"
"Nmunemo","6","4","10"
"NN11x","6","4","10"
"NO7Y","5","5","10"
"NoahDion9393","5","5","10"
"NOBLECHIMASHA","5","5","10"
"Noblesse123","4","6","10"
"nobzaibot","5","5","10"
"nocheinetaktik","4","6","10"
"nofe007","5","5","10"
"nomad26","5","5","10"
"nonemenon","4","6","10"
"nonowin","5","5","10"
"NonoyJive","5","5","10"
"Nonvitum","6","4","10"
"Noobak2","3","7","10"
"NoobNuclearLauncth","5","5","10"
"Noor150","5","5","10"
"Norge75","4","6","10"
"norty2games","5","5","10"
"notakebackismyname","5","5","10"
"notturneo","6","4","10"
"nounou60","6","4","10"
"Novator82","5","5","10"
"NOVIA","4","6","10"
"novice2602","4","6","10"
"NovKepon","5","5","10"
"NP_73100","6","4","10"
"NQT-789","5","5","10"
"nsBrian","6","4","10"
"nsr2023","5","5","10"
"Nssibdalma99","5","5","10"
"NStiffy","6","4","10"
"ntlahlajayeee","6","4","10"
"ntn_ss","6","4","10"
"Nub-asik","5","5","10"
"Nufirdy","5","5","10"
"Nur_Sarajevo","5","5","10"
"Nuric2","9","1","10"
"nurik2008","5","5","10"
"Nyakallo","4","6","10"
"nytrik","6","4","10"
"O_Omutante","6","4","10"
"O_OUbilinegraO_O","5","5","10"
"obicniigrac","6","4","10"
"obsessedwithcriselle","4","6","10"
"OBY01","4","6","10"
"oClubber_Lango","4","6","10"
"OhadE","4","6","10"
"Ohns","5","5","10"
"ok8028370","5","5","10"
"Okan-Elif","5","5","10"
"ol-bock","5","5","10"
"OlegFo","4","6","10"
"olegmk77","5","5","10"
"OlegNM","6","4","10"
"OleksandrSavin","5","5","10"
"Olga-Ponomareva","5","5","10"
"olga8636","4","6","10"
"olgaastafjeva","5","5","10"
"Oligera65","5","5","10"
"Olimp16","5","5","10"
"Olivieri123","4","6","10"
"olkhovskiy54","5","5","10"
"Ollenips","4","6","10"
"olvap","4","6","10"
"Om_raj","5","5","10"
"omareldash","4","6","10"
"Omaxzi92","7","3","10"
"omerinbiri","5","5","10"
"omhari118","4","6","10"
"Omidjan_123","4","6","10"
"omsyou","5","5","10"
"Omval145","6","4","10"
"Omvr_mo","5","5","10"
"OnceKnightly","5","5","10"
"Ookido","4","6","10"
"opelonomi","5","5","10"
"oppa_chess","5","5","10"
"oppa_uzi","6","4","10"
"orangehaze9","6","4","10"
"Orhanekmkc","5","5","10"
"OrhangaziTemiz","5","5","10"
"Orlov031","5","5","10"
"orricafort","6","4","10"
"osama_naeim","5","5","10"
"OscarChavez","5","5","10"
"oscarglyn","5","5","10"
"oscarmaller","5","5","10"
"OSCAROSMAR2023","5","5","10"
"oscoritopley","4","6","10"
"oskie19","6","4","10"
"Oso_Judio","4","6","10"
"OSS117","5","5","10"
"OstojaVucic0202","6","4","10"
"otisgrand","5","5","10"
"otistik31","6","4","10"
"oujda48","7","3","10"
"oussamabena","4","6","10"
"OutterKlan","5","5","10"
"ovaglenadel","5","5","10"
"OxfordUnitedBeano","6","4","10"
"Oyakatata","4","6","10"
"ozankantarci","4","6","10"
"OzGabay11","5","5","10"
"ozkanarabaci1","5","5","10"
"Ozziejoe","5","5","10"
"P_Thaviru","4","6","10"
"p10praveenm","6","4","10"
"p2378","4","6","10"
"p2petr","5","5","10"
"P565578644","4","6","10"
"Pablomarco3","6","4","10"
"PabloMate","7","3","10"
"paco01","4","6","10"
"paddymayne","5","5","10"
"Padilha20","5","5","10"
"Padmarajan","5","5","10"
"pagnolore","5","5","10"
"PAINACAB","5","5","10"
"pakhiem1712","5","5","10"
"Pala2b","5","5","10"
"PalkoNy","7","3","10"
"palmeiraracoes","5","5","10"
"Paltovic","5","5","10"
"pamasj","5","5","10"
"Pambo3","5","5","10"
"pampastic","4","6","10"
"papa10","4","6","10"
"papachri","6","4","10"
"Paparim99","4","6","10"
"papella999","4","6","10"
"Papo_tito","5","5","10"
"Paposte70","5","5","10"
"pappupager","6","4","10"
"parimangio","6","4","10"
"parisa1402","4","6","10"
"parisnewyork","5","5","10"
"Parminder911","5","5","10"
"ParsaHosseini94","4","6","10"
"PARSANASERI2000","6","4","10"
"Parth_kIs_99","5","5","10"
"Pashtetti","5","5","10"
"pask21","5","5","10"
"pasqualemolinaro1","6","4","10"
"pathfinder01","5","5","10"
"Pati56","3","7","10"
"patm00","5","5","10"
"patrick_91","6","4","10"
"PatrickH91700","6","4","10"
"patty95_a","5","5","10"
"pattymac","5","5","10"
"patx","5","5","10"
"Patzerking2","5","5","10"
"paulokarokann","5","5","10"
"Pavel_Aex","6","4","10"
"Pavel-X","4","6","10"
"Pavel199214","5","5","10"
"pavelkoba","4","6","10"
"pavithrakomira","5","5","10"
"Pavlee21","5","5","10"
"pawarganesh","5","5","10"
"PawnPusher929","4","6","10"
"pawnsmallking","6","4","10"
"Pawntual","5","5","10"
"PaZeru","4","6","10"
"PDmutro5","5","5","10"
"Pechkun","4","6","10"
"PedroCortez","6","4","10"
"PedroPablo1708","5","5","10"
"pedrosin5","5","5","10"
"PelukaChapita","5","5","10"
"Penboy_143","5","5","10"
"Peon2027","4","6","10"
"pepecvok88","5","5","10"
"pepper_squid","4","6","10"
"peppow","5","5","10"
"Perezosa","6","4","10"
"Perien","5","5","10"
"Pero56","5","5","10"
"PeroBil","6","4","10"
"perseverence","6","4","10"
"PersianGulf_4_ever","5","5","10"
"persimmonchik","6","4","10"
"personjos","5","5","10"
"Pertil","5","5","10"
"peter-br","5","5","10"
"PeterHausE","5","5","10"
"peterLIKEblack","3","7","10"
"petermwangi","5","5","10"
"petrit26","5","5","10"
"petro2022","4","6","10"
"petrovich1947","5","5","10"
"petrovoleg4","5","5","10"
"peymankhodaiy","4","6","10"
"pfiffikusn","5","5","10"
"phantomsw","3","7","10"
"PhilipEV","6","4","10"
"Philipp87","5","5","10"
"philipsademola","5","5","10"
"Philolologist","5","5","10"
"Philthy42","4","6","10"
"Phucwins","4","6","10"
"pieguy207","5","5","10"
"Pimarius","6","4","10"
"Pine124","6","4","10"
"pinkD567","5","5","10"
"pinnawala","5","5","10"
"Pinoow","6","4","10"
"pinoyAKO321","5","5","10"
"pionlemah","5","5","10"
"Pipilotta","5","5","10"
"pipperoni1","5","5","10"
"piterkolins63","6","4","10"
"Pitowilychess","6","4","10"
"Pittywende","4","6","10"
"PiusXV","5","5","10"
"Piyush1002","5","5","10"
"pk11429","4","6","10"
"Pkrathod","5","5","10"
"plAG56","6","4","10"
"player240423","4","6","10"
"PlaysForDays","7","3","10"
"plizarraga","5","5","10"
"Pllq1","6","4","10"
"Plomion","5","5","10"
"pm1958","6","4","10"
"PMCCanito","5","5","10"
"pnyambayar","6","4","10"
"pobler","5","5","10"
"Pocoynicay","5","5","10"
"poiiuhhhhh","6","4","10"
"Point_Blank7","5","5","10"
"Pointage","6","4","10"
"Polina_Mart","5","5","10"
"polskagurom1","6","4","10"
"pooroldaussie","5","5","10"
"popov95","4","6","10"
"Pornocu34","5","5","10"
"potatop","5","5","10"
"powosol","6","4","10"
"Ppaloni","4","6","10"
"PPBOYZ","5","5","10"
"PR_For_LawyersRu","6","4","10"
"prabhakar_78","5","5","10"
"prabhakarpandit","7","3","10"
"PracticeTrainingAcc1","4","6","10"
"Pradyot2016","5","5","10"
"Praesidium","4","6","10"
"Prakash6","5","5","10"
"Prashant-123123","5","5","10"
"prateek091012","6","4","10"
"predator7604","5","5","10"
"premdumka","4","6","10"
"Prime_bandit","5","5","10"
"PRINCE19921008","6","4","10"
"PrinceKaelthas","5","5","10"
"Princekaro12","5","5","10"
"princesselise","4","6","10"
"PrinceXyril","5","5","10"
"prinsvvogelvrij","6","4","10"
"Priscila543","5","5","10"
"Prisoner42","5","5","10"
"pristay95","6","4","10"
"procopioataul","5","5","10"
"Prodesmotes","5","5","10"
"prodromou87","5","5","10"
"profcarlosales","7","3","10"
"PROGRESSUS-CHESS","5","5","10"
"promocioncomplejo","4","6","10"
"Proto13","4","6","10"
"prpNino","5","5","10"
"Prudnikovy","5","5","10"
"PSGparish","6","4","10"
"psicofanta","5","5","10"
"pskbecks","6","4","10"
"puiulica","5","5","10"
"Pujik","6","4","10"
"Punjab_Chess_kid","5","5","10"
"Punk73","5","5","10"
"Pupsik_zhechka","3","7","10"
"purpledonkey2","5","5","10"
"pushpatg","4","6","10"
"qaflan","5","5","10"
"qde314","5","5","10"
"Qheera07","4","6","10"
"qon1978","4","6","10"
"quasdew","5","5","10"
"QueenForAPawn","4","6","10"
"quellilo","6","4","10"
"quills","4","6","10"
"quinterow","6","4","10"
"Quocanhdeli","5","5","10"
"qwer651651","4","6","10"
"Qwerty_werty","4","6","10"
"Qzious","5","5","10"
"raasalghoul","5","5","10"
"Rabitiato","4","6","10"
"rade712","4","6","10"
"radmehrjavidi","6","4","10"
"RadomirVasic","4","6","10"
"Radu_Arnautu123321","5","5","10"
"raduotsosi","5","5","10"
"rael7","6","4","10"
"RafaBaron","6","4","10"
"rafael874","5","5","10"
"Rafffffi","6","4","10"
"RafikA3med-677830","5","5","10"
"Raggedyman420","5","5","10"
"RAGHAVI_RP2012","6","4","10"
"Ragner7","4","6","10"
"Rahim_davaji","4","6","10"
"Rahul005","6","4","10"
"Raikkles","5","5","10"
"Rainer2142","6","4","10"
"rairishi","5","5","10"
"rajachess1","4","6","10"
"rajaiah154","5","5","10"
"Rajat_Sharma0_0","5","5","10"
"Rajeshkatta","5","5","10"
"RajjSinghh","6","4","10"
"rak_tsiry","5","5","10"
"Rakesh_rt","5","5","10"
"RakibKhan","4","6","10"
"RakithaBandara","5","5","10"
"Rakotolan7","6","4","10"
"Rakwan","5","5","10"
"ralphus","4","6","10"
"Rametulla-rf84","4","6","10"
"Raminmokhtarynia1","6","4","10"
"RAMRUDRANSH","5","5","10"
"ramyalhoot007","6","4","10"
"Randizkie","4","6","10"
"raneiros","6","4","10"
"Raniyer","6","4","10"
"raphaelbirg-2015","5","5","10"
"RaphealCJ","6","4","10"
"rapineda","5","5","10"
"rassem","5","5","10"
"Rassllaan","5","5","10"
"ratarded","6","4","10"
"ratsstuben","4","6","10"
"Raudhra","6","4","10"
"Raul_Cohen","3","7","10"
"Rauldavid","6","4","10"
"Rav_Baskar","6","4","10"
"Ravallon","6","4","10"
"ravenclawra","5","5","10"
"ravi2809","6","4","10"
"ravipanchal","3","7","10"
"Rawy66","5","5","10"
"Ray_charles_Robinson","5","5","10"
"rayahmohammed","6","4","10"
"Rayaklur","4","6","10"
"Raybrisbane888","6","4","10"
"Rayed991","5","5","10"
"RaziaHashim","5","5","10"
"Razzabuya_2020","5","5","10"
"RDM1968","6","4","10"
"Reagens","6","4","10"
"Reaper7379","4","6","10"
"reBOUNder","6","4","10"
"rechlitsky_v","4","6","10"
"red3u","4","6","10"
"REDD_1000","3","7","10"
"RedFolFi","4","6","10"
"redkin99","4","6","10"
"RefAranda23","5","5","10"
"regorsetlab","5","5","10"
"Rekker08","5","5","10"
"ReleaseTheHounds","4","6","10"
"remedy_ten_only","4","6","10"
"Remedy2000","6","4","10"
"Renato_xp","6","4","10"
"reni141","4","6","10"
"repsol415","5","5","10"
"Reuben8888","4","6","10"
"revh","5","5","10"
"Rexanita","6","4","10"
"Reymax","4","6","10"
"Reza_shariati","4","6","10"
"reza100reza100c13","6","4","10"
"reza424","5","5","10"
"Rezamoradi7","5","5","10"
"RF84","9","1","10"
"RfDagher","5","5","10"
"Riaan_IQplay","6","4","10"
"Riannanolasco28","4","6","10"
"Ribalsa","5","5","10"
"Riccardop47","6","4","10"
"Rich2010","5","5","10"
"RichardKicura","3","7","10"
"richess46n2","3","7","10"
"rickybonini","6","4","10"
"Riignse01","4","6","10"
"Rile10","3","7","10"
"RimanMC","4","6","10"
"ringoashari","6","4","10"
"Ripostfire","6","4","10"
"riquelme8080","6","4","10"
"rishaanchandane","5","5","10"
"Rishanth2606","6","4","10"
"risky22334405","5","5","10"
"risolehumano","5","5","10"
"Riswandi","5","5","10"
"Rizk999","5","5","10"
"RKaran19878","5","5","10"
"RLK_1500","5","5","10"
"RNLE280718","7","3","10"
"RobbiRash","6","4","10"
"ROBERT_LOPEZ","6","4","10"
"RobertKM1","5","5","10"
"Roberto-2419","6","4","10"
"Robi_Berg","5","5","10"
"Robocon9001","4","6","10"
"robyud","5","5","10"
"Roca172","3","7","10"
"roccarey","4","6","10"
"RododendronSzlachetn","5","5","10"
"RodrigoEduardo89","5","5","10"
"rofiksuhadi","5","5","10"
"Rogebayang","6","4","10"
"RogerWatte","5","5","10"
"Rogue1380","5","5","10"
"rohi40311","5","5","10"
"rohitnoida2002mail","5","5","10"
"rohjinwook","5","5","10"
"rohstar_2508","6","4","10"
"Roisimois","5","5","10"
"RojasPequeno","6","4","10"
"Roma_888","4","6","10"
"Romadans","6","4","10"
"roman_voronin2023","4","6","10"
"Roman21b","5","5","10"
"romanista85","5","5","10"
"RomanKF","6","4","10"
"Romanoffskiy","5","5","10"
"rookcrash","5","5","10"
"rorobert","5","5","10"
"rorowawa","3","7","10"
"rosmel125","6","4","10"
"Ross_187","6","4","10"
"ROTAC","4","6","10"
"RoundM","4","6","10"
"rousselotetienne","4","6","10"
"Roy4l","5","5","10"
"royalnaveen","4","6","10"
"Rrachi","6","4","10"
"rs2781t7","4","6","10"
"RShar001","5","5","10"
"RSharpe","7","3","10"
"rtbaki","5","5","10"
"RTX666","6","4","10"
"Ruben_Avagyan","5","5","10"
"RubenSalas","5","5","10"
"Rud1987","5","5","10"
"rudy8k","5","5","10"
"Rulo_1987","5","5","10"
"Rumain_UCSC","4","6","10"
"rupinbhatia","4","6","10"
"Rushikk1986","6","4","10"
"Ruslan1106","5","5","10"
"RuslanMay","6","4","10"
"Rustam_2504","3","7","10"
"rustam333333","4","6","10"
"Ruzh_5689","5","5","10"
"Ryel045","5","5","10"
"rymo92","5","5","10"
"Ryucap","4","6","10"
"RYzEN9","5","5","10"
"RZimba","5","5","10"
"Rzo14","5","5","10"
"s_khodadadi79","5","5","10"
"S_suman","5","5","10"
"S0327","6","4","10"
"S1191","5","5","10"
"S3n68","6","4","10"
"s88888888","5","5","10"
"SaadAsmar","5","5","10"
"sabab_kabir","4","6","10"
"Sabri9119","4","6","10"
"sabukella","4","6","10"
"sachasin","5","5","10"
"SadHumble","6","4","10"
"Sadko33","6","4","10"
"saeed13650","6","4","10"
"Saeedhm2551","5","5","10"
"saeid135","6","4","10"
"SafroXter","5","5","10"
"SAGAMO","6","4","10"
"Sagar0000001","4","6","10"
"saharo4ek4ek","4","6","10"
"sahil212","6","4","10"
"Sahilluhana","5","5","10"
"sahin07-9_k","7","3","10"
"sai5112","5","5","10"
"Saiful90","6","4","10"
"saikrishna002","4","6","10"
"Saint_Alma_Maplewood","7","3","10"
"Sairaagav","2","8","10"
"sajad_hasani24","6","4","10"
"sajad13701","9","1","10"
"sajith_sukumaran","4","6","10"
"sajnsk","5","5","10"
"saleebsameh23","4","6","10"
"saleh3","6","4","10"
"Salemsalem010","6","4","10"
"Salih1kulaksiz","4","6","10"
"salmonete55","5","5","10"
"Salvapan","5","5","10"
"Salvinia","5","5","10"
"samaan_hana","5","5","10"
"Samar2389","5","5","10"
"samaranthamarai","6","4","10"
"SamarthBuchade","4","6","10"
"samet_bal","6","4","10"
"Sameu","6","4","10"
"SamihDiDi","4","6","10"
"samilhuseynli","5","5","10"
"Samolet2024","5","5","10"
"Samorais","6","4","10"
"samratghale","4","6","10"
"Samrudsimha456","4","6","10"
"Samushok","5","5","10"
"Samvel67","4","6","10"
"samvetticad","5","5","10"
"Samwana_Marvo","5","5","10"
"san_sheng","3","7","10"
"sandhya_danger","5","5","10"
"Sandokan1975","5","5","10"
"sanjeevkumar2k14","6","4","10"
"Sanjitthakuri17","5","5","10"
"sansey5121","5","5","10"
"Santhiago_Fallas_CR","6","4","10"
"santiagodasilvacanto","5","5","10"
"SantoGral","5","5","10"
"Santos1397","5","5","10"
"Sanzhar2013chess","5","5","10"
"Sarav109","5","5","10"
"saravsaro","6","4","10"
"Sarika1234567890","5","5","10"
"sarvazyan","6","4","10"
"Sasha_Steniakin","5","5","10"
"sathiyan","5","5","10"
"Satish59","5","5","10"
"satoru_gojo_one","6","4","10"
"satranccibey01","4","6","10"
"saturnoftl","5","5","10"
"saturss","4","6","10"
"Satvikchauhan22","5","5","10"
"satya_raj","5","5","10"
"SATYAMKESHARI","6","4","10"
"SAU80","5","5","10"
"saudalsaeed","4","6","10"
"Saul_T_Chessnutz","5","5","10"
"SAV_73","5","5","10"
"savi4","5","5","10"
"Say_Onee","5","5","10"
"SayOne9","5","5","10"
"SBHX","5","5","10"
"scaden74","6","4","10"
"schachfreundsteve","3","7","10"
"Schachmattovic","4","6","10"
"Schagie","5","5","10"
"SChess_64","4","6","10"
"Schmetfad","5","5","10"
"schwarzemamba","5","5","10"
"Schwarzweiss88","5","5","10"
"scibior_90","5","5","10"
"ScientificSulli","4","6","10"
"Scourge0","5","5","10"
"sd-sarinsr","4","6","10"
"sealyham","4","6","10"
"Sean_Gallagher","5","5","10"
"searsino","4","6","10"
"seba900","6","4","10"
"SeBaStIaN21111978","5","5","10"
"sebhm2","6","4","10"
"Sebi1998","5","5","10"
"Sebiren","5","5","10"
"sebiszzz","5","5","10"
"SedutoSulChess","5","5","10"
"seed312","4","6","10"
"segodeya","4","6","10"
"sehnecat","5","5","10"
"selimtonya","5","5","10"
"selsayed03","4","6","10"
"SemanticsAntics","4","6","10"
"SemaSolo","6","4","10"
"sembodo100","5","5","10"
"Sentelemon","6","4","10"
"Sentybr","5","5","10"
"ser2022","5","5","10"
"Serebrin_16","4","6","10"
"serefbilir","6","4","10"
"serega_rf_75","5","5","10"
"sereGGa82","5","5","10"
"SergeiPronenko007","4","6","10"
"Sergej_Kornilov899","5","5","10"
"Sergey123456666","5","5","10"
"Sergey207","6","4","10"
"sergey89_zzz","5","5","10"
"SergeySur","5","5","10"
"sergiokalf","5","5","10"
"Sergiosantiago","4","6","10"
"SergMessi77","5","5","10"
"Sergon4ig","5","5","10"
"Serious_AL","5","5","10"
"seriousDuck","5","5","10"
"Serkan-D","5","5","10"
"sersadeh","6","4","10"
"Servev","5","5","10"
"setht","7","3","10"
"sethturnercatchall","5","5","10"
"SETHU013","6","4","10"
"SEVDOVSKI","4","6","10"
"Sevensummiteer","5","5","10"
"sevvyginanonganon","5","5","10"
"Sewec","5","5","10"
"sfmousavi","4","6","10"
"SGMAnon1018","5","5","10"
"SGMerin","5","5","10"
"SGSST","5","5","10"
"sgtonys","4","6","10"
"sh9tshow","6","4","10"
"Shaaziq20120623","7","3","10"
"Shahnawaj1","5","5","10"
"shahrukh_007","4","6","10"
"Shakes24k","5","5","10"
"shaksmat","6","4","10"
"Shaktiman_2020","5","5","10"
"shamveel","6","4","10"
"ShaneCW","1","9","10"
"ShanmukhP","5","5","10"
"Shapie77","5","5","10"
"shapv23","5","5","10"
"sharjeelailia","3","7","10"
"shatchakrag","5","5","10"
"shatranji14315","5","5","10"
"shayan7773","5","5","10"
"shayancychess","5","5","10"
"SHEKHAR_1267","4","6","10"
"shen0201","5","5","10"
"sherifgamal","4","6","10"
"Sheva1991","5","5","10"
"shibjoe","5","5","10"
"shikantaza","5","5","10"
"shimmy28","5","5","10"
"shimonmuraly","5","5","10"
"ShinobMc","5","5","10"
"SHKIPER050","5","5","10"
"shobhit7_77","5","5","10"
"shourya_agrawal13","5","5","10"
"shovelslayer4271","4","6","10"
"shreyas2016","5","5","10"
"Shreyashhalder","4","6","10"
"ShShahin","6","4","10"
"Shtaller","4","6","10"
"Shtoof1411","5","5","10"
"Shtoz","5","5","10"
"shuntyara","6","4","10"
"ShutovKirillM","5","5","10"
"siapaikam","5","5","10"
"sibir123","6","4","10"
"sibiscuit68","5","5","10"
"Siddhant14122013","5","5","10"
"Sigmon01","5","5","10"
"SilBur","4","6","10"
"Silent_Piano","5","5","10"
"Silentunion","4","6","10"
"Silva61","5","5","10"
"silverioalves","5","5","10"
"simbaves","6","4","10"
"Simon6231","6","4","10"
"Simonerea","5","5","10"
"Simplesmente","5","5","10"
"SinaAI","5","5","10"
"sinannnnnnnnnnn","4","6","10"
"sinay","6","4","10"
"SirenkoMihail","6","4","10"
"sirius111","4","6","10"
"Sirkocarlsen","5","5","10"
"sirsaxalot","5","5","10"
"SirScarecrow","5","5","10"
"sitronco","6","4","10"
"Sivakumar_1979","6","4","10"
"SivaniL","5","5","10"
"SIZ_AST","6","4","10"
"sjakkspilleren1234","5","5","10"
"Sjakkvennsor","5","5","10"
"sjhartmann01","5","5","10"
"ska120","6","4","10"
"Skakka","5","5","10"
"skanirudh","4","6","10"
"Skantha","5","5","10"
"SkidB","5","5","10"
"skismail","6","4","10"
"skitzmixv9","6","4","10"
"skp9474skp","4","6","10"
"SlappyLove","5","5","10"
"slava87","5","5","10"
"slaylike","5","5","10"
"Sleezycheese","5","5","10"
"slek07","5","5","10"
"slicknessthicknesss","6","4","10"
"slider808","6","4","10"
"Sloba1305","5","5","10"
"SLONKONb","6","4","10"
"Smartmax100","5","5","10"
"Smb69","5","5","10"
"smith1568","6","4","10"
"smmarin30","5","5","10"
"smoking321","5","5","10"
"Smyger","4","6","10"
"sn2023","5","5","10"
"Snn_74","3","7","10"
"sobhan_naseri1394","5","5","10"
"Socksman0","4","6","10"
"Socrates2021","5","5","10"
"Sofia_14062010","6","4","10"
"SokakPiyonu","5","5","10"
"solidol3000","5","5","10"
"solisitor68","5","5","10"
"SolitoConGafas","5","5","10"
"solov-08_05","4","6","10"
"somassuda","8","2","10"
"SomeDrunkGuy","6","4","10"
"SomosLuz","5","5","10"
"Sonlis","4","6","10"
"SonofSunderedStars","5","5","10"
"SonSoz","5","5","10"
"soorxj","5","5","10"
"sora4am","6","4","10"
"SorPerdida","5","5","10"
"sotnikovmaxim","5","5","10"
"soufron","6","4","10"
"SoumilMajumdar1a2s","6","4","10"
"sparklinjake","6","4","10"
"Spartak7237","4","6","10"
"spec7","5","5","10"
"special_rog","6","4","10"
"SPECIMEN15","5","5","10"
"spellbright","5","5","10"
"spicythunder","5","5","10"
"Sponkie","5","5","10"
"sposatosistemato","5","5","10"
"springhilljack","5","5","10"
"Squidw56","7","3","10"
"squikki","7","3","10"
"sqwerty29","5","5","10"
"SreekanthR","5","5","10"
"sreeneshs","5","5","10"
"Srent","5","5","10"
"sri_117","6","4","10"
"sribalajirao","3","7","10"
"sskawinski","5","5","10"
"stacyloggins","5","5","10"
"Stainiz","6","4","10"
"Stalingrad1969","5","5","10"
"stankot3","5","5","10"
"Starfruit19","5","5","10"
"StarkerFFW","5","5","10"
"staruha","6","4","10"
"Statikc","4","6","10"
"statistician11","5","5","10"
"stea_17","5","5","10"
"Steel_king","5","5","10"
"Stefan2912","4","6","10"
"Stefankandic","5","5","10"
"steve-sawyer1947","5","5","10"
"stevehar","6","4","10"
"STEVEVAI","3","7","10"
"stevinsme","5","5","10"
"Stockfish_0000001","5","5","10"
"Stoned_Again","5","5","10"
"Storlof","5","5","10"
"stormMahler","4","6","10"
"Stornefis210","5","5","10"
"strannik79","5","5","10"
"Strikenator","5","5","10"
"styfen","5","5","10"
"Subham_Mahana_Chess","5","5","10"
"SubhashTheKing","4","6","10"
"Sudung","5","5","10"
"Suhbatilla","4","6","10"
"SuItVeIL","5","5","10"
"Sujeeth_Selvam","5","5","10"
"suleymano","4","6","10"
"SulkyLucifer","6","4","10"
"Sultan-23","6","4","10"
"sumbad","4","6","10"
"Sumon21","8","2","10"
"sun_bird","8","2","10"
"SunCARR","6","4","10"
"Sunildevansh","5","5","10"
"superEmily","3","7","10"
"SuperKal_TBE","4","6","10"
"SuperSpartanMan","6","4","10"
"SuperTemik","5","5","10"
"SUR26","5","5","10"
"surajpaudel","5","5","10"
"Suresh46620788","4","6","10"
"sureshcons","4","6","10"
"Surikaata","6","4","10"
"surtandoom","4","6","10"
"suryanshm","4","6","10"
"sushant_verma","6","4","10"
"Sushant79","4","6","10"
"Sushma_1911","5","5","10"
"susih2209","6","4","10"
"susocorunna","5","5","10"
"sviatogor2","6","4","10"
"SvS3","5","5","10"
"SwapnilDark","4","6","10"
"syedahammed00133","5","5","10"
"SzachySpoko","4","6","10"
"T_Jung","6","4","10"
"t_r_a_m_p","6","4","10"
"T5575","5","5","10"
"taci17","6","4","10"
"tako43seno","5","5","10"
"tAL-kERES","7","3","10"
"tal198","5","5","10"
"Talibissa983","6","4","10"
"Talker13","5","5","10"
"talmonmatias95","5","5","10"
"taloha39","5","5","10"
"TanGa-Nica","6","4","10"
"tanvik017","6","4","10"
"TargetM","6","4","10"
"tarikhermano","5","5","10"
"tasebaio","6","4","10"
"TashilLankapura","5","5","10"
"taskmaster7","4","6","10"
"tatayedwin","6","4","10"
"Tatgan","5","5","10"
"tatoghidini","6","4","10"
"Tauz_valjevo","6","4","10"
"Tavakolian3003","5","5","10"
"Tavarine","5","5","10"
"tavarone","6","4","10"
"taylorjones","3","7","10"
"Tbessa1212","5","5","10"
"Tejas_MCS","5","5","10"
"Tenebris_Somnia","5","5","10"
"teoclark123","6","4","10"
"TEqpPA","5","5","10"
"TERRYOBRIEN02","5","5","10"
"teslaTurco","5","5","10"
"Tetarov","4","6","10"
"tetle","4","6","10"
"tetsuyatak","5","5","10"
"Teydin","4","6","10"
"tgs21","5","5","10"
"Thanajun","5","5","10"
"Thane_of_Muhu","5","5","10"
"Thangaraj10","4","6","10"
"ThanishKaru","3","7","10"
"thatkingslayerguy","5","5","10"
"the_beasts","4","6","10"
"the_legend_killer07","7","3","10"
"The_warrior7","5","5","10"
"theblackeagl","5","5","10"
"thechesschamp","5","5","10"
"TheFordlandia","5","5","10"
"thejimmer19","6","4","10"
"thekingpawn","4","6","10"
"theLaw117","5","5","10"
"Themasterblastertan","5","5","10"
"TheNigerian007","6","4","10"
"ThenujaSarathchandra","5","5","10"
"TheOneLikeMedit","5","5","10"
"thespokanekid","4","6","10"
"TheTormentx","4","6","10"
"ThisIsKitsch","4","6","10"
"Thivyasiny20","5","5","10"
"thoeng","4","6","10"
"Thomas-c","5","5","10"
"THOTHDAATLANTIAN","5","5","10"
"ti4n","5","5","10"
"Tiger_on_chessboard","9","1","10"
"TIger35ark","4","6","10"
"tigerstoo","4","6","10"
"tiGran2017","6","4","10"
"Tihomir1990ki","2","8","10"
"Tim131313","5","5","10"
"TimKostyria","5","5","10"
"Timo_touch","6","4","10"
"TimofeyMen_1","6","4","10"
"TimoLun","5","5","10"
"Timur_Classmates","5","5","10"
"timww2911","5","5","10"
"Timyr07","7","3","10"
"Tiomel","5","5","10"
"tirdad_1968","4","6","10"
"Tito068","5","5","10"
"TiWi93","5","5","10"
"tjeduardo","4","6","10"
"Tleccy123","6","4","10"
"TM1105","5","5","10"
"Tnarwold","4","6","10"
"Toanja3","5","5","10"
"toftof29","4","6","10"
"tokito_sns1010","5","5","10"
"ToktamysDias","6","4","10"
"Tolkachev_Mikhail","5","5","10"
"tolyara","5","5","10"
"toma112","6","4","10"
"tomazimatheus","5","5","10"
"tomcuka","5","5","10"
"tomko0105","4","6","10"
"tommasta","5","5","10"
"TommySlav","4","6","10"
"TomTache","2","8","10"
"Tomthomas02","4","6","10"
"Tongo0512","6","4","10"
"toni_s","6","4","10"
"Toniblaze","6","4","10"
"toniosollfly","4","6","10"
"Tonny73","5","5","10"
"Tonto91","4","6","10"
"TonyElAlfil","6","4","10"
"tonyfarraieychess98","5","5","10"
"tonyhalik1974","4","6","10"
"toolman78","5","5","10"
"Top1348","5","5","10"
"tophunterr","5","5","10"
"torque23","5","5","10"
"torrestomas1976","7","3","10"
"TorreZumbadora","4","6","10"
"Toshikpro","5","5","10"
"Totis_michi","6","4","10"
"Totoro000","4","6","10"
"toughshadow","5","5","10"
"Touisse","6","4","10"
"Toujeo","6","4","10"
"touraj_radman","6","4","10"
"tovuz60","6","4","10"
"tpadhee","5","5","10"
"tramputin","6","4","10"
"Trapperdapper","6","4","10"
"Traveller11","6","4","10"
"trendyalcin","5","5","10"
"TrespoP","5","5","10"
"Trieka","5","5","10"
"TrinityHigh","5","5","10"
"triod","5","5","10"
"tripletta","5","5","10"
"Troand","5","5","10"
"Trossy","6","4","10"
"Troya710","5","5","10"
"Trupinho","6","4","10"
"trushant","5","5","10"
"trusty69","4","6","10"
"truten","5","5","10"
"Tshirundu","6","4","10"
"Tsoy777","5","5","10"
"tthebestversion","5","5","10"
"tu_negro","6","4","10"
"TuesdayQueen","5","5","10"
"Tugrul_01","5","5","10"
"tuitt","6","4","10"
"Tukhbatullin_Ravil","5","5","10"
"Tuncay_karaalp","5","5","10"
"TUPAPO","4","6","10"
"turalito49","5","5","10"
"turgaycen","5","5","10"
"turgaykoc","4","6","10"
"Turi3101","5","5","10"
"Tutnaot","4","6","10"
"TuXxXy","5","5","10"
"TvanderBackUp","4","6","10"
"TwentyDecoy","5","5","10"
"TXT_4a6_ngochithanh","4","6","10"
"Tybalbulba","4","6","10"
"Tylekdestroysyou","4","6","10"
"Tyler_Tyson","4","6","10"
"TyrionDinklage","5","5","10"
"Ucaklarinefendisi","4","6","10"
"Udayn","6","4","10"
"uder63","5","5","10"
"ugan43","6","4","10"
"uihidyun","6","4","10"
"Uijwal","4","6","10"
"uini","5","5","10"
"Uje71","6","4","10"
"UKR555","4","6","10"
"Ular_BHBCC","4","6","10"
"uller100","6","4","10"
"ultime33","5","5","10"
"umbeebmu","6","4","10"
"UmtGlr","6","4","10"
"umutcebiroglu1","5","5","10"
"Umutnadir76","5","5","10"
"Unbound19","5","5","10"
"undeepblue","5","5","10"
"Unitedsnake","6","4","10"
"Upriamo","5","5","10"
"Urtomator","4","6","10"
"Usak64","5","5","10"
"User300","5","5","10"
"UVK","6","4","10"
"uxiamosqueracandal","4","6","10"
"V_Igor","4","6","10"
"vadim196793","5","5","10"
"vadimalekperov","6","4","10"
"vadysik","5","5","10"
"Vahid_131313","6","4","10"
"vahidkhak","4","6","10"
"vahidmpf","4","6","10"
"vahuja21","4","6","10"
"valdclecio","5","5","10"
"valdimvic","5","5","10"
"Valer77","6","4","10"
"Valikperchik","4","6","10"
"vallejo_hn","6","4","10"
"valmore77","5","5","10"
"Valnaya","5","5","10"
"Valz44","6","4","10"
"VanDuk","6","4","10"
"Vap54","5","5","10"
"varcoapritienergia","5","5","10"
"vardan22122","4","6","10"
"varun_ch","6","4","10"
"varun009","6","4","10"
"Vaste_RedBunny","6","4","10"
"VasyaPupkin666","5","5","10"
"vavansidorovich","5","5","10"
"Vazgen9207","5","5","10"
"Vdrivvnv","7","3","10"
"vedat_baykara","6","4","10"
"VEER101010","4","6","10"
"veeru81","5","5","10"
"Veesu","6","4","10"
"VEffects","5","5","10"
"Velloso","5","5","10"
"Veneben1011","5","5","10"
"venkatkupraj","5","5","10"
"Vera62","4","6","10"
"Vespista89","5","5","10"
"Veteranchik","6","4","10"
"Vetrichenko_Sergiy","4","6","10"
"vevarde","6","4","10"
"VF0304","5","5","10"
"Vfrcbv1982","4","6","10"
"vhdeva","5","5","10"
"vhoang5","4","6","10"
"vhs15","5","5","10"
"vibeman13","4","6","10"
"vicente1051","6","4","10"
"vicenteccv","6","4","10"
"victor666999","6","4","10"
"VictorRUS","5","5","10"
"victortrillo","5","5","10"
"vidyanshdaily","5","5","10"
"vigneshraju","5","5","10"
"VikramRathod1999","5","5","10"
"vikremneva","5","5","10"
"Viktor_Alekseevich","5","5","10"
"Viktor_with_Ukraine","4","6","10"
"villasant6","5","5","10"
"vilxovatka","5","5","10"
"VIN_HuaNamPhong2013","5","5","10"
"Vinay4uk_1","4","6","10"
"vinay593","6","4","10"
"vinayakgoel","6","4","10"
"vinesworth","5","5","10"
"vinit-m","5","5","10"
"Vinlatac","4","6","10"
"Vinudi12345","4","6","10"
"viogar","5","5","10"
"Vishn00gupta","7","3","10"
"vishnusundar","5","5","10"
"vitaboban","5","5","10"
"VitiaSubik","5","5","10"
"vito_uljarevic","6","4","10"
"VitoShum","5","5","10"
"vittorioeltalar","4","6","10"
"Vittoriof","4","6","10"
"viyas19","4","6","10"
"VizpanzAle","5","5","10"
"Vlad_1311","5","5","10"
"vladavlada1970","5","5","10"
"Vladimir_2992","4","6","10"
"Vladimir_Barinov","5","5","10"
"vladimir_chess_king","5","5","10"
"Vladimir_Murashko","5","5","10"
"VladimirCh-50","5","5","10"
"Vladislav_Matyushko","4","6","10"
"VladMon","5","5","10"
"vladsegal41","6","4","10"
"vladshch","4","6","10"
"VladZhukov","5","5","10"
"Volnogorsk","6","4","10"
"volovcica","5","5","10"
"Volvo55555555","5","5","10"
"vosvkp","6","4","10"
"Vovocka","5","5","10"
"Vox2","5","5","10"
"vox4fox","5","5","10"
"VPG_Thanhcong","4","6","10"
"Vrijbuiter","5","5","10"
"w0rldbreaker","6","4","10"
"W1234Neela","6","4","10"
"w123ayneo","5","5","10"
"w20939","5","5","10"
"waelgaber","2","8","10"
"wamizo","4","6","10"
"wanderly","5","5","10"
"warrior_spb","6","4","10"
"WasimHamad777","4","6","10"
"wattadamz","4","6","10"
"wawawawaa","5","5","10"
"wax_poetic","5","5","10"
"Wayan_Sabar","4","6","10"
"wbjb","5","5","10"
"WD007","5","5","10"
"well-fed_horse","5","5","10"
"wettlettuce","6","4","10"
"whitehabits","7","3","10"
"WidgetDinner","6","4","10"
"Wiesbadener1957","4","6","10"
"Wigwam58","5","5","10"
"WilliamNaylamp8","8","2","10"
"williansdavid","5","5","10"
"Wizard_of_OB","4","6","10"
"Wolitz","4","6","10"
"WolvesUnderdog","5","5","10"
"WTV667","5","5","10"
"wxcnbv2002","6","4","10"
"X1SQL","5","5","10"
"x2pawnder","6","4","10"
"XAIMEBA","5","5","10"
"xaquax","5","5","10"
"Xatman","6","4","10"
"XdaKing","5","5","10"
"xEVER_MOREx","6","4","10"
"Xide","2","8","10"
"xkzdch","3","7","10"
"xOleg02","5","5","10"
"XPEHOBblE_CHbl","5","5","10"
"XSY2030","4","6","10"
"xxxManuxxx","5","5","10"
"xxxPSYHOSxxx","4","6","10"
"xy10as","5","5","10"
"y45007","4","6","10"
"Y4EH1K","6","4","10"
"Yabadabadoo82","5","5","10"
"yabu8394Mahmoudh","5","5","10"
"yamaha49","6","4","10"
"yannn911","5","5","10"
"Yaretzi05VargasCabre","4","6","10"
"Yaroslav_Yeremin8","5","5","10"
"yas95","3","7","10"
"yasona962020","5","5","10"
"YCbhardwaj","5","5","10"
"YeDarkFaery","5","5","10"
"yedi7yedi","5","5","10"
"YeiTony","6","4","10"
"yemi2321","4","6","10"
"YeOldTrickster","6","4","10"
"YernazarABD","5","5","10"
"YevchenkoY","5","5","10"
"Yevgen4eg","4","6","10"
"Yiska07","6","4","10"
"ykaser","5","5","10"
"YLMZPLT","5","5","10"
"yogeshkumarbhandari","5","5","10"
"Yogeshpandeys","5","5","10"
"Yogt","6","4","10"
"yosefkanani","6","4","10"
"Yossef_Moftah","6","4","10"
"youcefdiffallah2004","6","4","10"
"youlose10","5","5","10"
"yourscooldinesh","5","5","10"
"Yousef_Yousefipanah","6","4","10"
"ys213","5","5","10"
"ytre443","5","5","10"
"YuHaoNg","6","4","10"
"Yumek0Jabami","5","5","10"
"Yurani2600","4","6","10"
"YuriMkr","5","5","10"
"Yurvas","4","6","10"
"YusfChess","6","4","10"
"yusnedi","5","5","10"
"yusnielalvarez1234","4","6","10"
"Yuziek","4","6","10"
"ywb2","6","4","10"
"yyermak63","6","4","10"
"YYoshigue","5","5","10"
"Z3cua","5","5","10"
"z52","4","6","10"
"Zacar","4","6","10"
"zackamata13","4","6","10"
"Zahra_Hasani","5","5","10"
"Zainab8168","7","3","10"
"Zak-pro28","4","6","10"
"Zakarialazrak","4","6","10"
"Zakudryavogo","6","4","10"
"zalefiore","5","5","10"
"zamelzamel","5","5","10"
"zangelov","5","5","10"
"ZapatoVeloz","5","5","10"
"Zaya20","5","5","10"
"Zebeba","5","5","10"
"Zef99","5","5","10"
"Zerg72","5","5","10"
"zeroceta","5","5","10"
"ZEZO1993MH","5","5","10"
"ZhePTBA_Mo3r0B","5","5","10"
"zhiska","4","6","10"
"zhiyar1402","4","6","10"
"Zhorben","5","5","10"
"Ziggy1959","6","4","10"
"zijad000","4","6","10"
"ZimBobbyFitscher","6","4","10"
"ZIMORODOK1","4","6","10"
"zine1971","5","5","10"
"zizzzzou","6","4","10"
"ZK-CagriArslan","4","6","10"
"zkel29","6","4","10"
"ZNYUCEL","4","6","10"
"zobomania27","5","5","10"
"zubiiiin","6","4","10"
"Zugzwangapocalypse","5","5","10"
"zuhir","5","5","10"
"Zuliashvili23","5","5","10"
"zuluagasanti99","4","6","10"
"Zummy","5","5","10"
"zunabo","5","5","10"
"ZvezdaBG","5","5","10"
"ZVIAD64","5","5","10"
"zxc_zenos","5","5","10"
"a_splendidwinner","4","5","9"
"A-Ghorbanikabodan48","5","4","9"
"a-nastasia666","3","6","9"
"A-RADi","4","5","9"
"A-saberi","4","5","9"
"A1415142413","4","5","9"
"a158087","5","4","9"
"A1887","4","5","9"
"A21thg7","6","3","9"
"a254","5","4","9"
"a596","5","4","9"
"a5a4i","5","4","9"
"A62549759LUCERO","5","4","9"
"a7mdelgaly90","4","5","9"
"AAArtem2008","6","3","9"
"aarav2203","5","4","9"
"AArcenio","5","4","9"
"Aariz2011","3","6","9"
"aaryav2013","5","4","9"
"AaryushKING","4","5","9"
"aasch100","4","5","9"
"aasjsicich","5","4","9"
"Aasy","4","5","9"
"ab_chess_minsk","4","5","9"
"abasalama","6","3","9"
"Abatjom","5","4","9"
"AbbotCordial","4","5","9"
"ABCTRAL","4","5","9"
"ABDabd49","4","5","9"
"Abdalla123","4","5","9"
"Abderrahim88aouij","5","4","9"
"abdo_emad","4","5","9"
"Abdoe4e5","4","5","9"
"ABDOKING0082","3","6","9"
"abdoqasant","4","5","9"
"abdovesh","5","4","9"
"abduhamid_2008","4","5","9"
"Abdul2009","5","4","9"
"abe47","4","5","9"
"AbedAL_jaleel123","3","6","9"
"Aberforth69","5","4","9"
"abhi12341","5","4","9"
"ABNDARK","5","4","9"
"ABO_KAMAL","4","5","9"
"abo_mousa_1","8","1","9"
"abo666mjd","5","4","9"
"aboalgog","6","3","9"
"ABOBKOR1234","4","5","9"
"AbogadoAjedrez","4","5","9"
"ABOLFAZLPOYANASA1389","6","3","9"
"Aboloji","4","5","9"
"abonoreen","4","5","9"
"aboodmohamed","5","4","9"
"abosaied68","4","5","9"
"Abou_Ibrahim","5","4","9"
"aboukaisar","4","5","9"
"abozkwan","5","4","9"
"abracadabra70","4","5","9"
"abrahan1","5","4","9"
"abrahem87","3","6","9"
"Abraxas76","5","4","9"
"Abu19-18hfx","5","4","9"
"abubakirov_t","6","3","9"
"AbuBakrSiddiq","6","3","9"
"abumazin28","6","3","9"
"abzal1990","6","3","9"
"ac3tylene","4","5","9"
"AC5VB","4","5","9"
"ACanonEvent","5","4","9"
"AccountingEtcetera","4","5","9"
"Acidebola","3","6","9"
"acioluk","3","6","9"
"activePUNIT","3","6","9"
"activorecords","5","4","9"
"ADAIR22","4","5","9"
"Adam-777","6","3","9"
"Adamkoperniak1","3","6","9"
"AdamSende","4","5","9"
"adamsmatthew2426","4","5","9"
"adas153","5","4","9"
"adatat","4","5","9"
"AddisAshuh2012","2","7","9"
"Adeilson_Ferreira","5","4","9"
"ademz","4","5","9"
"adistacatur","5","4","9"
"adityachaturvedi_24","4","5","9"
"adnihumaira","4","5","9"
"Adofresnof","5","4","9"
"Adoreyouso","4","5","9"
"adriansr333","6","3","9"
"Adrianwastaken","5","4","9"
"adriarena","4","5","9"
"Adriel_2503","4","5","9"
"Adrien666888","5","4","9"
"advikkansal","4","5","9"
"aelbery","4","5","9"
"Aelonangelo","5","4","9"
"aerosol2505","4","5","9"
"Aert_h","4","5","9"
"Aethiss","6","3","9"
"Aeyd911","4","5","9"
"afarhad","4","5","9"
"Afarhang1400","5","4","9"
"afshinghorbani","4","5","9"
"AgentNana","5","4","9"
"aghasepehr","6","3","9"
"AgioNap","3","6","9"
"agmiranda","4","5","9"
"Agusmantara","5","4","9"
"ahl84","3","6","9"
"ahmadagha","4","5","9"
"Ahmadaliali_88","3","6","9"
"ahmadamrw","4","5","9"
"Ahmadovt","4","5","9"
"Ahmed_2079","4","5","9"
"ahmed_alaa_20","4","5","9"
"Ahmed_Khater99","4","5","9"
"Ahmed_sami1156","5","4","9"
"ahmedcr98","5","4","9"
"ahmedelshamy123500","4","5","9"
"Ahmedgalalgoo","3","6","9"
"Ahmedhykal3","5","4","9"
"AhmedMahrous","3","6","9"
"ahmedsy","6","3","9"
"AhmedTanger","5","4","9"
"ahmetsaidasaf","3","6","9"
"Ahnungsloser2","5","4","9"
"ahzr","5","4","9"
"aibdima","5","4","9"
"AidahJafar","4","5","9"
"Aina94","5","4","9"
"Airbender77","4","5","9"
"Aitikh","5","4","9"
"aiyican","4","5","9"
"ajcguv","5","4","9"
"AJCnrx","4","5","9"
"ajedrezmonda","5","4","9"
"AJJ31","6","3","9"
"Ajjahir786","4","5","9"
"ajjukaiwar","4","5","9"
"Ajkfbakjfb6","5","4","9"
"AJU1990","4","5","9"
"ajvihljamr","4","5","9"
"ak2327","4","5","9"
"AK78_02","5","4","9"
"AkashPatil07","4","5","9"
"akbarrefahi","4","5","9"
"Akblnr777","5","4","9"
"aker_13","6","3","9"
"AKHILKUMAR1865","5","4","9"
"akhlaghi","5","4","9"
"Akhmed_13","5","4","9"
"akhthe2nd","5","4","9"
"AKleber","6","3","9"
"akphalswal123","6","3","9"
"akramyehia","4","5","9"
"Akumarsharma","4","5","9"
"akv17793","4","5","9"
"Akylbekkk","4","5","9"
"Alaa_adry","6","3","9"
"Alaa2000111","5","4","9"
"alaamagdii","4","5","9"
"alaamaster-12","5","4","9"
"Aladinxxx888","5","4","9"
"AlanGdz","5","4","9"
"alanmaizon","6","3","9"
"Alastor86","6","3","9"
"Alb4038","5","4","9"
"alba228","4","5","9"
"Albert_93","5","4","9"
"Albert-aboha12","4","5","9"
"AlbertFlori","4","5","9"
"albertmorse62","5","4","9"
"alberto499","4","5","9"
"albertoelfloro","4","5","9"
"albertosarate88","5","4","9"
"AlbertoZ","5","4","9"
"Alcarohtar","4","5","9"
"Alconperegrino","5","4","9"
"aldemari","4","5","9"
"Aldenix","4","5","9"
"aldopinto","4","5","9"
"aleanderpriggas","4","5","9"
"Aleedaander","5","4","9"
"alejogc","4","5","9"
"Aleks84","3","6","9"
"ALEKSANDR-AN","4","5","9"
"Aleksei_Sutormin","5","4","9"
"AleksTsvetok","4","5","9"
"Alena_Estrina","5","4","9"
"Alenushka1976","5","4","9"
"Alescas","4","5","9"
"Alesha19","4","5","9"
"alesonteruji","4","5","9"
"Alessar123","4","5","9"
"Alex_Rafferty","5","4","9"
"Alex081713","4","5","9"
"alex236","6","3","9"
"alex2909","4","5","9"
"alex2ml","5","4","9"
"Alexander_Tver","4","5","9"
"alexander-015","5","4","9"
"Alexander8_2","4","5","9"
"Alexandernzrv","4","5","9"
"AlexanderS666","4","5","9"
"Alexandr_52_09_11","4","5","9"
"alexandr68","4","5","9"
"Alexandr987f","5","4","9"
"Alexandre-vitia","5","4","9"
"AlexandroLos","4","5","9"
"Alexcheel","4","5","9"
"Alexey_Ch_1984","5","4","9"
"Alexey963","4","5","9"
"Alexfromspb","6","3","9"
"alexgg791","5","4","9"
"alexkbona","4","5","9"
"alexram23","4","5","9"
"AlexRodin","5","4","9"
"alexsandrparf2010","5","4","9"
"Alextigrutul","5","4","9"
"AlexV24","5","4","9"
"AlexZavgorodnyaya","5","4","9"
"alfilooooo","5","4","9"
"AlfredGjoncari","6","3","9"
"algaedak","6","3","9"
"Algerino31","4","5","9"
"Algo7","5","4","9"
"ali_anwar1904","5","4","9"
"Ali_IRAN-110","4","5","9"
"ali-0947","5","4","9"
"Ali-Fischer","5","4","9"
"ali195305","4","5","9"
"AliBala","4","5","9"
"alibeheshti39","6","3","9"
"ALICATUR1983","5","4","9"
"Alicks13","4","5","9"
"alico80","5","4","9"
"AliHam91","3","6","9"
"AliHosein-Goodarzi","4","5","9"
"AliorUnity","6","3","9"
"Alireza-a","4","5","9"
"alisaid1966alisaid","5","4","9"
"alisodagar93","4","5","9"
"Alius777","5","4","9"
"alizeO3","4","5","9"
"AlmaluU","5","4","9"
"Alman87","5","4","9"
"ALMARR_HA","5","4","9"
"AlmirV","5","4","9"
"almor76","4","5","9"
"Almubarok","6","3","9"
"alnasr","5","4","9"
"AlohaCockbar","4","5","9"
"alonch93","4","5","9"
"Alop89","4","5","9"
"Alopezal","3","6","9"
"Alp8669454512","5","4","9"
"Alpesh2051","4","5","9"
"Alphha","2","7","9"
"Alpirsbacherle","5","4","9"
"Alquimista69","4","5","9"
"alreal","3","6","9"
"Alrsheid777","3","6","9"
"alsagheer55","4","5","9"
"alsing","4","5","9"
"Altai_kg","5","4","9"
"Alterutrum91","5","4","9"
"Alvaro_MF","5","4","9"
"Alvdalskongen","4","5","9"
"Alwaffiy","4","5","9"
"alwarditube","4","5","9"
"Am3r1c4n4","4","5","9"
"Amanda41","4","5","9"
"amandaamani","5","4","9"
"Amannibas","5","4","9"
"Amantea","5","4","9"
"AmbitiousChess1","4","5","9"
"AmeliaK23","4","5","9"
"Amerf","5","4","9"
"AmiIrish","5","4","9"
"amikow_001","4","5","9"
"AmileV","5","4","9"
"Amina151113","4","5","9"
"Amir_78_toghraeegshs","5","4","9"
"Amir_Napoleon","4","5","9"
"amir_yankee","4","5","9"
"AmirAliHajizadeh1400","4","5","9"
"amirbameri","4","5","9"
"amirhoseinrozati","4","5","9"
"amirmohamadsafari","4","5","9"
"AmirSedaght","5","4","9"
"Amirvaleev","4","5","9"
"Amk81","3","6","9"
"Ammar_Halloum","5","4","9"
"ammo87","4","5","9"
"amocc","5","4","9"
"Amon715","4","5","9"
"Amorcita1985","5","4","9"
"Amoya25","4","5","9"
"amr11nahas","3","6","9"
"Amrnaser","5","4","9"
"AMRO444","3","6","9"
"Amrxx","4","5","9"
"AMSASM","4","5","9"
"amylamy","6","3","9"
"an53vs","4","5","9"
"ANA_SFA7121","2","7","9"
"ana2017","5","4","9"
"anakbudo","4","5","9"
"Anar_Hesenov","5","4","9"
"Anatolii_1994","4","5","9"
"Anatragrassa","4","5","9"
"Anderson101010","4","5","9"
"andersonjoe","4","5","9"
"AnderYarel","4","5","9"
"andper","4","5","9"
"andre8305","5","4","9"
"andrearranas","5","4","9"
"andrei12312","6","3","9"
"AndreiYukha","4","5","9"
"Andrewman7","5","4","9"
"Andrewshes","5","4","9"
"Andrey_Belk","4","5","9"
"Andrey-Ivanov","5","4","9"
"Andrey120582","4","5","9"
"andreyka1","5","4","9"
"Andreykit2","6","3","9"
"AndriyYroslavovuhc","5","4","9"
"AndrUA","5","4","9"
"Andrusha2017","4","5","9"
"ANDWERj","4","5","9"
"Andy2929","4","5","9"
"AndyQ12","4","5","9"
"aneluscoturati","4","5","9"
"Ange_dechut_N1","5","4","9"
"AngelC06","5","4","9"
"angeldavi","4","5","9"
"Angelobata","4","5","9"
"anikfonseka","4","5","9"
"Anilcan52","4","5","9"
"animoo","5","4","9"
"anishroyal14","5","4","9"
"Anjanaparu","5","4","9"
"Ankrus54","5","4","9"
"Ankur_HM","5","4","9"
"AnMfdsgm8190","5","4","9"
"ANONIMUSWL","5","4","9"
"AnotherJumper","5","4","9"
"Ansvotin","4","5","9"
"ANT201","4","5","9"
"AnteLoncar","5","4","9"
"antihype124","3","6","9"
"Anto117","5","4","9"
"antoniiiiio","6","3","9"
"AntonioV","6","3","9"
"Anwrwajdi20","4","5","9"
"aou1000","4","5","9"
"AP24_Chess","5","4","9"
"ApisMontana","4","5","9"
"Appelwoi","5","4","9"
"ApratimHaldar","6","3","9"
"ar_ah","5","4","9"
"Arab_Eng_Translator","4","5","9"
"arash727","4","5","9"
"Archimed88","4","5","9"
"ArdaBiliciChess","3","6","9"
"Ardachess345","4","5","9"
"ardalantofighi","5","4","9"
"Aretes","4","5","9"
"Argrond","4","5","9"
"ariedinger","5","4","9"
"arijimmy","4","5","9"
"Ariv08","5","4","9"
"Arjun_roy","4","5","9"
"arjunmaestro27","4","5","9"
"Ark55","5","4","9"
"Armagedon228","5","4","9"
"armandosanchez","5","4","9"
"Armin900","4","5","9"
"arno-b","4","5","9"
"ArnoGS","5","4","9"
"arnolvt","3","6","9"
"Arpankini","5","4","9"
"arreparre02","4","5","9"
"arsalan1365","4","5","9"
"Arsen_Arakelian","5","4","9"
"arsimed46","5","4","9"
"arsniper","5","4","9"
"Artako","6","3","9"
"Artem_Savchuk","5","4","9"
"Artem2002agarev","4","5","9"
"ArtemisKD","4","5","9"
"ArthBhardwaj2910","4","5","9"
"artpouyan","5","4","9"
"artsammatov","4","5","9"
"Artur_Rom","5","4","9"
"artur77777","4","5","9"
"Arun-CP","4","5","9"
"ARVel3","5","4","9"
"Arvinator","3","6","9"
"arya_owis","5","4","9"
"Aryanpashte","4","5","9"
"aryavudali","3","6","9"
"As15-f","6","3","9"
"asaad0722","5","4","9"
"ASAD69","5","4","9"
"asadalah","5","4","9"
"asalasal","5","4","9"
"ASbero","5","4","9"
"ASD154XC","5","4","9"
"asefi005","4","5","9"
"asger_stock","6","3","9"
"asghar1355","3","6","9"
"AshDCool13","4","5","9"
"ashkan_rezaee","4","5","9"
"Ashoksinh_230","4","5","9"
"ASHRAF86","4","5","9"
"Ashvini_Rajakaruna","4","5","9"
"Aslan_Hamidoff67","4","5","9"
"asley0017","5","4","9"
"Asmalper","5","4","9"
"Aspernstange","4","5","9"
"ASSAISION","4","5","9"
"asterij","4","5","9"
"asterix123","5","4","9"
"astii","5","4","9"
"astorrulz","5","4","9"
"astralGuide","4","5","9"
"atamagdy","5","4","9"
"atamari312819","5","4","9"
"Atarawy","4","5","9"
"atcheck","5","4","9"
"AteneaPerez","4","5","9"
"atheer86","5","4","9"
"Atieib","6","3","9"
"Atilaa","4","5","9"
"AtlasTurner","5","4","9"
"Atsgonieros69","4","5","9"
"ATTEMORT","4","5","9"
"attilav","4","5","9"
"audioidiom","3","6","9"
"aumutg","4","5","9"
"AvazbekErkabaev","5","4","9"
"Average_Northerner","4","5","9"
"Aveyr1224","2","7","9"
"Aviraaa","5","4","9"
"AVL2005","4","5","9"
"AvtandilIzabaev","5","4","9"
"avyelcohen","4","5","9"
"Avyukth007","4","5","9"
"awadh_hassan","4","5","9"
"AXEL1235","3","6","9"
"Ayeni401","4","5","9"
"Ayman_nabil","4","5","9"
"aymannnnn21","4","5","9"
"Ayush_Mishra_01","4","5","9"
"az-63-Kazah","6","3","9"
"azamxxx","5","4","9"
"azdy_nuzam","5","4","9"
"AzfarIkhwan223386","4","5","9"
"aziz_1364","5","4","9"
"Aziz_chess_king","4","5","9"
"azlansulaiman09","3","6","9"
"azmehroof2003","4","5","9"
"Azufel18","4","5","9"
"B4IS2LAT3","3","6","9"
"babaria","4","5","9"
"babastos78","5","4","9"
"babathakur","4","5","9"
"babay93","5","4","9"
"BabichDani","3","6","9"
"babljak01","4","5","9"
"bachar62","6","3","9"
"backupmike2000","5","4","9"
"Bad_Karl","5","4","9"
"BadAstroBee","4","5","9"
"badotexas","4","5","9"
"Badralpop","4","5","9"
"Badrov80","5","4","9"
"baggio1994","4","5","9"
"baipi","4","5","9"
"baked_bean","5","4","9"
"Bakhoum_Emad","5","4","9"
"Bakhyt_Miras","5","4","9"
"Bakhyt_Mustafa","5","4","9"
"Baksergval","4","5","9"
"balabanyan","4","5","9"
"Balanchine","5","4","9"
"baldemah","5","4","9"
"BalikoevSD","4","5","9"
"baltaZarZapobedu","3","6","9"
"bambinor12","5","4","9"
"Bambolbe","4","5","9"
"Bambosz42","6","3","9"
"banaaljordy","5","4","9"
"banannapishi","4","5","9"
"Bandg60","4","5","9"
"bandy2018","6","3","9"
"Bangihangi","5","4","9"
"banjazz","5","4","9"
"Barabas63","6","3","9"
"Barallete","4","5","9"
"baran_43","5","4","9"
"barani87","5","4","9"
"baranyahidveg","4","5","9"
"bardiasepehr","4","5","9"
"Barek78","5","4","9"
"BarisOzmen-1H-970","4","5","9"
"barisrdm","4","5","9"
"barmental75","4","5","9"
"Baroskiwok","5","4","9"
"bart123","5","4","9"
"Bartenev13","5","4","9"
"Bashardeeb0","4","5","9"
"BatuEl","5","4","9"
"batuhansahin681","4","5","9"
"baumi0605","5","4","9"
"bayekislove","4","5","9"
"BazBiton","4","5","9"
"BazzRok","5","4","9"
"bbbb47","5","4","9"
"BbEeSsOo","4","5","9"
"bbjjj","4","5","9"
"bbunburyzzz","5","4","9"
"bc_2001","5","4","9"
"Bchina","5","4","9"
"be22","4","5","9"
"Beankov","4","5","9"
"bebebelol","5","4","9"
"Bebimbop","4","5","9"
"bedirdemir","5","4","9"
"Bedrettinspartacus","6","3","9"
"Befor3_Sunset","6","3","9"
"beginerAniket","4","5","9"
"BehnamTashakor987","5","4","9"
"BehzadBozorg","4","5","9"
"belgranocba","4","5","9"
"Belyi_chess","5","4","9"
"Benfica_57","5","4","9"
"beniguil","5","4","9"
"Benita_mehou","6","3","9"
"BENJA_ARCE","5","4","9"
"Benjamin_Benoni","3","6","9"
"benjter","4","5","9"
"benroa","4","5","9"
"benyamiin1395","5","4","9"
"benyamin1401","5","4","9"
"ber-resnikUN21","5","4","9"
"Bergschackman","5","4","9"
"Berlioz23","3","6","9"
"Bernd100","5","4","9"
"bero","5","4","9"
"berrol32","5","4","9"
"BestEva","4","5","9"
"BetancurDavid","4","5","9"
"beyhanozgur","5","4","9"
"BeyzadeTR","4","5","9"
"bgrammes25","5","4","9"
"bharat_adsul","4","5","9"
"bharathikr","5","4","9"
"bhill28","5","4","9"
"BIANCHI33","5","4","9"
"biawakdonk","6","3","9"
"Bieitom","4","5","9"
"Bien_71","5","4","9"
"bigbiy198","4","5","9"
"bigtimeheater","5","4","9"
"Bijaya_90","5","4","9"
"bijukochu","4","5","9"
"billy1boy","6","3","9"
"Billyd123","4","5","9"
"Billyfreeman1","4","5","9"
"bimbiefara","5","4","9"
"Bimby","4","5","9"
"bimer_ok","4","5","9"
"Binhminh9","3","6","9"
"Bintang_Pamungkas","5","4","9"
"Biomb","5","4","9"
"bipolob","5","4","9"
"Biquette7445","5","4","9"
"bira91260","5","4","9"
"Birendra","4","5","9"
"Bireyki112","6","3","9"
"Bisebay_1962","5","4","9"
"Bisendra","3","6","9"
"Bishwaranjan","5","4","9"
"BismarM","5","4","9"
"Bisteca","4","5","9"
"Bixente29","4","5","9"
"Bizlington","5","4","9"
"bjjchess05","4","5","9"
"Bjsantos","4","5","9"
"Black_Bishop_01","5","4","9"
"Black_Horse9","5","4","9"
"black_leons","5","4","9"
"BLACK1244","5","4","9"
"BlackKnightChess","5","4","9"
"BlatnoyDed","7","2","9"
"BlazeGambit","5","4","9"
"BlendziorToCieCzeka","5","4","9"
"BLESSWIN","5","4","9"
"blindbeth","5","4","9"
"Blitoneitor_26","2","7","9"
"BlitzKrieg0","6","3","9"
"Blizzard1820","6","3","9"
"blnvdanil","5","4","9"
"blochkov","4","5","9"
"Blokkeraar","5","4","9"
"Blood_drinker","4","5","9"
"BloodMistDemon","3","6","9"
"Bloodsport55","5","4","9"
"blotnitsky","4","5","9"
"blubberle","5","4","9"
"BlueDiamondXpress","1","8","9"
"bluedragonpt","5","4","9"
"bluenose44","4","5","9"
"bluesy29","5","4","9"
"blunderlikeGdid","4","5","9"
"BlunderMaster44","4","5","9"
"Blunders_King2","4","5","9"
"bluzhdayushchiy","5","4","9"
"bmaxxx","5","4","9"
"Boardjj","4","5","9"
"BOB1971","3","6","9"
"Bob1983","6","3","9"
"bobbyAus","5","4","9"
"BoBeeer1","6","3","9"
"Bobeto666","4","5","9"
"bobi_fiher","5","4","9"
"Bobt000","4","5","9"
"Bodii10","5","4","9"
"Bodoo","3","6","9"
"Bodrillardo","4","5","9"
"Boeing777FTW","5","4","9"
"Bogdan_chemp","4","5","9"
"boldandconfident","6","3","9"
"bolessafwat","5","4","9"
"BoloMaster","4","5","9"
"bolomor","4","5","9"
"Bonhomme_ODD","6","3","9"
"Boniface_80","4","5","9"
"Bonnyb","4","5","9"
"BooksMakeYouHappy","5","4","9"
"boonwiroon","4","5","9"
"bora5533","4","5","9"
"Borik70","4","5","9"
"Boris-Trapsky","2","7","9"
"Boris26RUS","4","5","9"
"Borischm","4","5","9"
"borja012","5","4","9"
"BORRASCA1914","4","5","9"
"borsakaplani888","5","4","9"
"bosna_brdovita1","5","4","9"
"Bossdon007","4","5","9"
"BotUser","4","5","9"
"bougoudu94","4","5","9"
"BoviTo122","4","5","9"
"Bow2yournewking","5","4","9"
"bowita","4","5","9"
"Boyuksolak","5","4","9"
"bozyon","5","4","9"
"Brahlsen","4","5","9"
"Brain_Slayer99","5","4","9"
"BrainSmash","4","5","9"
"brandogrands","6","3","9"
"Brandon-Sa","4","5","9"
"brazenest","4","5","9"
"brcarp","6","3","9"
"brdl54","4","5","9"
"Brehima5","4","5","9"
"BrettsBrother","5","4","9"
"britosmanel","6","3","9"
"brovdiserega","6","3","9"
"brsnvr","4","5","9"
"Brujah1984","3","6","9"
"BrunoCarvalhoBrazil","5","4","9"
"BryceRyanWachira","4","5","9"
"brynz111","5","4","9"
"Buba334","5","4","9"
"buco1001","4","5","9"
"budbeu","5","4","9"
"Buddhasjakk","5","4","9"
"BUG3721","3","6","9"
"BuHatem","3","6","9"
"buhomex","5","4","9"
"bukefalos16","5","4","9"
"Bukr01","4","5","9"
"BULBULBULBUL","4","5","9"
"buldozerul_vietnamez","5","4","9"
"BullishNormal78","5","4","9"
"Bumat1956","4","5","9"
"Buoyhunter","5","4","9"
"burdenofhope","5","4","9"
"burockx","4","5","9"
"Burritochico","5","4","9"
"buscapolos","5","4","9"
"butheyab","5","4","9"
"by2002","4","5","9"
"bytesiz3d","4","5","9"
"byumazai","4","5","9"
"C7B2001","5","4","9"
"caen14","6","3","9"
"caesar141","5","4","9"
"CagnusMarlsen_88","3","6","9"
"Cai_Chess","6","3","9"
"calddyoti","4","5","9"
"CalebChess11","4","5","9"
"Callcadet","5","4","9"
"CallmeDarlingBaby","4","5","9"
"Caltit","5","4","9"
"camarareis","5","4","9"
"cambocharli","3","6","9"
"canalprawn","5","4","9"
"Cancxr_Tiger_17","5","4","9"
"Canon65","4","5","9"
"Canserbbbero","5","4","9"
"caofengming","6","3","9"
"Captain-Nabil","5","4","9"
"CaptainLeo14","4","5","9"
"CaptanH","4","5","9"
"CarlitoBaong","4","5","9"
"carln","5","4","9"
"Carlo68","5","4","9"
"carlos5410","3","6","9"
"Carlos5flauta","5","4","9"
"carlosserna","6","3","9"
"CarlosSierra","5","4","9"
"carlsen_pro","5","4","9"
"Carmadon","5","4","9"
"Carmen54","4","5","9"
"Carnegie84","3","6","9"
"Carolinaaaaaaaaaaa","4","5","9"
"carpidiem12","5","4","9"
"carstenrockt","3","6","9"
"casapolaca1","4","5","9"
"cascavelkid","6","3","9"
"casipierdo","4","5","9"
"castell66","6","3","9"
"Castling-short","5","4","9"
"CatalinBct","5","4","9"
"Catalog_Mandela","4","5","9"
"Catch22Sqd","5","4","9"
"Cauragi","5","4","9"
"CavitH","4","5","9"
"CayoJulioCesar93","6","3","9"
"cazta30-76","4","5","9"
"CB_VIHOL","5","4","9"
"Cber","3","6","9"
"ceccoangiolieri","5","4","9"
"ceizen","5","4","9"
"celobiosa","5","4","9"
"cemil13_13","5","4","9"
"cemo08","4","5","9"
"CentauroRex","4","5","9"
"cerebrumlisys","5","4","9"
"Cesarcondoriquispe","4","5","9"
"cesargaribello","5","4","9"
"cesarm222","4","5","9"
"CesarPires","4","5","9"
"cesssaaa","4","5","9"
"cg1975","5","4","9"
"Chachismo","4","5","9"
"chaitanya1008","4","5","9"
"chamakuvangu_Mutapa","4","5","9"
"chamant","4","5","9"
"ChanCeC29","4","5","9"
"ChandrakantGudnavar","4","5","9"
"Chandrashekarm_66","4","5","9"
"chaoticrebelbluebird","4","5","9"
"chapadaniel","5","4","9"
"chapatiger","3","6","9"
"charanknight","5","4","9"
"charley-z","4","5","9"
"charliebrown_86","3","6","9"
"Chaton_31","5","4","9"
"chaumont","4","5","9"
"ChaunceyArroyo2009","4","5","9"
"chchcheessssss","4","5","9"
"Cheddarbouy","5","4","9"
"Chef_vortivask1","5","4","9"
"chefivan71","4","5","9"
"Chehante","5","4","9"
"Chekan5464","5","4","9"
"Chekrezhov_Ivan_2009","8","1","9"
"chess_dance15","4","5","9"
"Chess_noob27","4","5","9"
"chess_teaser","4","5","9"
"Chess_Yakuza","4","5","9"
"chess611429","4","5","9"
"chess7779","3","6","9"
"chessartist54","4","5","9"
"ChessAZ841","4","5","9"
"ChessBox1","4","5","9"
"chesscom123111","4","5","9"
"ChessEducations","5","4","9"
"chesser_nitesh","4","5","9"
"chessexpress123","5","4","9"
"chessfreakgerman","4","5","9"
"Chessi-Grobi","5","4","9"
"Chesskingyou7653","4","5","9"
"chessmagnett","5","4","9"
"Chessmaster3274","5","4","9"
"ChessPattawan","5","4","9"
"Chesspuzzlemaker88","5","4","9"
"Chessteta23","5","4","9"
"chesswithcass","5","4","9"
"chessx01","4","5","9"
"Chessy24","4","5","9"
"ChessyMateCH","5","4","9"
"Cheston679","4","5","9"
"CheWinston","6","3","9"
"Chia-malo","4","5","9"
"ChiefPaduke","5","4","9"
"chikho32","6","3","9"
"chilli7","3","6","9"
"Chimwaya","4","5","9"
"ChinDaCosta","4","5","9"
"chiorbIV","5","4","9"
"chipon","5","4","9"
"CHIQUIRRIQUI","4","5","9"
"ChirkovAlex77","5","4","9"
"Chirvit","3","6","9"
"chisulob","4","5","9"
"chovin","5","4","9"
"ChrisDuisburg","4","5","9"
"chrishan1122","4","5","9"
"Chrisjohn1","6","3","9"
"Chrissl94","6","3","9"
"ChristianArevir","4","5","9"
"Christianavs","4","5","9"
"ChristianKiilerich","7","2","9"
"chromesearcher","5","4","9"
"Chronokamura","4","5","9"
"Chuba82","4","5","9"
"Chukiss","5","4","9"
"Chupacabra2023","4","5","9"
"chusgijon","4","5","9"
"chylock11","5","4","9"
"Chyzh101","5","4","9"
"CiaoKak4o","4","5","9"
"ciclistajr","5","4","9"
"ciemorowka","5","4","9"
"cimi19891","5","4","9"
"Cink34","4","5","9"
"CIRVAL8086","5","4","9"
"CJ44","4","5","9"
"cjay7","4","5","9"
"CjhayNakada","5","4","9"
"CJlOHOKOHb","4","5","9"
"cklidy","4","5","9"
"claudio1958","4","5","9"
"clembus","5","4","9"
"Cleosanto42","4","5","9"
"Clinjo","6","3","9"
"clovisbnh","5","4","9"
"clown_6","4","5","9"
"clozer24","5","4","9"
"cma7865","5","4","9"
"cmksva","5","4","9"
"cmoneysizzle","4","5","9"
"CoachRoland","6","3","9"
"COBRANAJA","5","4","9"
"Coco36","5","4","9"
"CoelnerR","4","5","9"
"CoillteMearcair","4","5","9"
"Colaptes","3","6","9"
"collinss","5","4","9"
"colonelaz","5","4","9"
"CommeradMaozetong","5","4","9"
"Commievn","6","3","9"
"condorencobo","4","5","9"
"conguero","5","4","9"
"conrgill","5","4","9"
"contrarian15","5","4","9"
"conyxxs","5","4","9"
"Coolerstats","4","5","9"
"Cooper37","4","5","9"
"copa214","5","4","9"
"Cor-123-rapid","4","5","9"
"cosniere","4","5","9"
"Cousine","4","5","9"
"cozy_chess","3","6","9"
"Cpt_Yossarian","4","5","9"
"CR16","5","4","9"
"cr4zy_482","4","5","9"
"crazy-abreg_257","4","5","9"
"creatywny","4","5","9"
"cretcret","5","4","9"
"cricri44","5","4","9"
"cristiannitt","5","4","9"
"CRISTO91","4","5","9"
"crysbrucee","4","5","9"
"cryteks","4","5","9"
"cth103","5","4","9"
"cubataman","4","5","9"
"Cuervin1169","5","4","9"
"CuervoN","5","4","9"
"Cumbicus","4","5","9"
"curtis56","6","3","9"
"cutyuki69","3","6","9"
"Cuvalda73","4","5","9"
"Cvqtko","4","5","9"
"Cwbsong","5","4","9"
"CyberElf","4","5","9"
"Cyborg009","5","4","9"
"Cypleks","4","5","9"
"Cyril0077","4","5","9"
"czarraj","5","4","9"
"Czechmate83","4","5","9"
"d_ilich","4","5","9"
"D_k_P123","5","4","9"
"D_P_Ivanov","3","6","9"
"d023bot","4","5","9"
"d4-Nf6-c4-e6-Nf3-b6","5","4","9"
"d4wasbest","5","4","9"
"d631","6","3","9"
"dacrofeu","5","4","9"
"DaddyAnkii","5","4","9"
"DaddyYumYumz","5","4","9"
"dafgaf","4","5","9"
"Dag-Arve","5","4","9"
"dagah","5","4","9"
"Dahoss3","4","5","9"
"dalmoreboy","5","4","9"
"Damian1917","5","4","9"
"Damsithuw","5","4","9"
"Dan_A9","4","5","9"
"dan13","3","6","9"
"DanB14040","4","5","9"
"dancristo","4","5","9"
"DandellionPuffball","4","5","9"
"daniel_jacobs","4","5","9"
"daniel-marcos1","3","6","9"
"Daniel-Nguyen","4","5","9"
"Danielamontoya1956","4","5","9"
"danielitofvh","5","4","9"
"Daniil_9","4","5","9"
"DaniilHebenton","5","4","9"
"DanikAntoniv","5","4","9"
"danil_ragulin2000","4","5","9"
"Danil_Shamkaev","4","5","9"
"Danilo49","4","5","9"
"danilov1984","4","5","9"
"Daniyar_Salyahov2012","4","5","9"
"Dannymehra1977","5","4","9"
"Danyil2509","5","4","9"
"DanyloPavluk","4","5","9"
"DaraKing","5","4","9"
"Daria_abramova","4","5","9"
"Dariel1989","5","4","9"
"Darik888","4","5","9"
"Darikuzmin","6","3","9"
"Dark_erfan","5","4","9"
"DarkC","4","5","9"
"DarkDjin","4","5","9"
"DarkGhost_OG","4","5","9"
"DarkSideMaster","5","4","9"
"Darsonq","5","4","9"
"dashypup","5","4","9"
"Davaahuu","4","5","9"
"davdevos","4","5","9"
"daveshev","5","4","9"
"davicias","4","5","9"
"David_Ersh","5","4","9"
"David177","4","5","9"
"DavidGunner2000","5","4","9"
"DavidHarutyunyan","4","5","9"
"davidnfisher","4","5","9"
"Davidus_ua2","4","5","9"
"DavidZusman","6","3","9"
"davie05","3","6","9"
"davies_t_davies","5","4","9"
"Davit68","5","4","9"
"Davman08","3","6","9"
"dawilkamejia","5","4","9"
"Dawit-123","4","5","9"
"DayronT84","4","5","9"
"Ddmauff","4","5","9"
"DEADWOLF_1982","6","3","9"
"dearmrkim","6","3","9"
"DEATH109","5","4","9"
"decksbg","4","5","9"
"declandeclan","6","3","9"
"dedamedvedev1976","5","4","9"
"dedi_sumarli","4","5","9"
"deeependu","7","2","9"
"Defense960","4","5","9"
"dehak_jalali","5","4","9"
"Dejongbold","5","4","9"
"Delamar1","4","5","9"
"delaorden1968","5","4","9"
"delphine04190","5","4","9"
"Delphinidae","5","4","9"
"DEM163","5","4","9"
"demcekendemkes","4","5","9"
"Demolix","5","4","9"
"Demyan0201","3","6","9"
"Dencisasli","4","5","9"
"dendab","5","4","9"
"Dendada","5","4","9"
"denhayvril","5","4","9"
"DenisAkimov","4","5","9"
"denisemuelbulan","5","4","9"
"denislawman","2","7","9"
"Denizibrahim1907","5","4","9"
"denizminji","6","3","9"
"Denndennie","5","4","9"
"Densus88","5","4","9"
"Dentist10","4","5","9"
"Denzel527","4","5","9"
"DePaz_Deorico","5","4","9"
"Der_echte321","5","4","9"
"der_robinator","5","4","9"
"Der-Wir-Ing","5","4","9"
"Derrick","5","4","9"
"Dersky243","5","4","9"
"DerTerrorist","5","4","9"
"Dervin1888","4","5","9"
"DES756","6","3","9"
"Desmond258","4","5","9"
"desperado2222","4","5","9"
"DeTimer","4","5","9"
"DeutschVolkswagen","4","5","9"
"Devardoge","6","3","9"
"devenderbindal","5","4","9"
"devitodbug","5","4","9"
"Deyplay","4","5","9"
"dezigrand","5","4","9"
"Dezzk","5","4","9"
"Dgr8mperoR","4","5","9"
"dh12345","4","5","9"
"dhamemat","4","5","9"
"dhdds","4","5","9"
"Dhika_Depok","4","5","9"
"Dholurz","4","5","9"
"Diablo444","4","5","9"
"Diagores","4","5","9"
"Diamondthoughts","6","3","9"
"diddlerdan","5","4","9"
"Didier-B","5","4","9"
"diegomicha","4","5","9"
"Difine","4","5","9"
"dig11may","5","4","9"
"Digorec_osetin","5","4","9"
"diksha","5","4","9"
"DILSHOD01","3","6","9"
"Dima32156y","4","5","9"
"diman94zi","4","5","9"
"Dimasik2021","5","4","9"
"Dimaster1","5","4","9"
"Dimedrolchik","5","4","9"
"Dimi-tri-78_29","5","4","9"
"Dimitris39","5","4","9"
"dimoalam","4","5","9"
"Dimon_27","4","5","9"
"Dineshsen","5","4","9"
"diniz95","5","4","9"
"dinoalex2805","5","4","9"
"DiogoLacerda","4","5","9"
"Dionysius81","4","5","9"
"dirccules","5","4","9"
"Dirlan13","4","5","9"
"discovery58","5","4","9"
"DishroomDoyle","5","4","9"
"distroyer17","5","4","9"
"Divyanshgm","4","5","9"
"Djoul76","6","3","9"
"djpk_4_setyo","5","4","9"
"DKMarshall","4","5","9"
"dkunicki","5","4","9"
"DlABL0","4","5","9"
"Dlevine239","4","5","9"
"DLS2","4","5","9"
"dlux","5","4","9"
"DmitriiSev19","5","4","9"
"DMITRIJ83","5","4","9"
"Dmitrijkalinin","4","5","9"
"Dmitriy_Medvedev","4","5","9"
"Dmitriyja","5","4","9"
"DmitryChita","4","5","9"
"Dmt_sergeev_ob","5","4","9"
"Dnzmsm55p17h501i","5","4","9"
"dobongsantiger","5","4","9"
"dobrogov","4","5","9"
"docongkha2014","5","4","9"
"doge314","5","4","9"
"doktorstarinken","4","5","9"
"Dolat13500","4","5","9"
"Don_Bulyon","4","5","9"
"Don_in_the_Cape","3","6","9"
"Donal1608","6","3","9"
"dong0819","3","6","9"
"donmega760","3","6","9"
"DonMugg","5","4","9"
"donnerknall77","5","4","9"
"dopestone","4","5","9"
"DorbaneLebon","5","4","9"
"DorianR","5","4","9"
"dorjdagva3","5","4","9"
"dos2009","5","4","9"
"Doskh","5","4","9"
"Dotking212","4","5","9"
"doubletrouble88","6","3","9"
"dovshap","4","5","9"
"Dozika","4","5","9"
"dpchess411","6","3","9"
"dpepdpechupoporvisa","5","4","9"
"DPWalden","5","4","9"
"Dr_peech","4","5","9"
"Dr_Salman_Rashid1010","5","4","9"
"Dr_Vic420","4","5","9"
"Dr-Perfect","6","3","9"
"dr303","4","5","9"
"dragoneta","6","3","9"
"Dragonkeepr","5","4","9"
"DragonsRage","4","5","9"
"DRAGUMAS","5","4","9"
"drahmedZidane","5","4","9"
"Drakoshkin","4","5","9"
"Drakula1987","5","4","9"
"Drapsag13","5","4","9"
"Dreadnought168","4","5","9"
"dreamingbeard","4","5","9"
"Dreayou","5","4","9"
"DrewNH","4","5","9"
"DreyFiasco","5","4","9"
"DrFrankenstein_10","5","4","9"
"DrHayrapetyan","5","4","9"
"drhicks1","4","5","9"
"DrHighEnergy","4","5","9"
"Drinves","4","5","9"
"drmikki","5","4","9"
"drmtpotatoes","5","4","9"
"DrOphtha30","4","5","9"
"DrownedJugemu","5","4","9"
"DrRobertTharwat","5","4","9"
"Drsumandev","5","4","9"
"DrunkSandra","3","6","9"
"dtr9","5","4","9"
"dubosa1","5","4","9"
"dubravastreet","4","5","9"
"ducanhcva1234","5","4","9"
"DucMai","5","4","9"
"duke_1203","6","3","9"
"DukenukemDDD","4","5","9"
"Dunkellord-IV","5","4","9"
"DuoCocos","4","5","9"
"Duong_Trinh","4","5","9"
"duruk40","4","5","9"
"Dusko59","5","4","9"
"DuvanArwenLazar","5","4","9"
"Duy1anhboy","4","5","9"
"Dvidal","5","4","9"
"dyaaalahmad","5","4","9"
"Dylan6669","4","5","9"
"DynamicMk2","4","5","9"
"Dypa40k","4","5","9"
"dywane09","4","5","9"
"DZahran","6","3","9"
"dzhuss","6","3","9"
"dziadzko","5","4","9"
"E_R_I_C_A","4","5","9"
"E197390","5","4","9"
"E44_22DD51K","5","4","9"
"E4r0n","4","5","9"
"EAK1949","5","4","9"
"East_Borland","5","4","9"
"EBDVB","5","4","9"
"EBQB1957","4","5","9"
"ECheGuevara","4","5","9"
"eckert","5","4","9"
"Ecolivet","5","4","9"
"Ed1996h","5","4","9"
"edenkevin","4","5","9"
"EdEnoch5","4","5","9"
"EderPawn","3","6","9"
"edgar-t","6","3","9"
"Edgaroso123","6","3","9"
"EdGioGarciaGarcia","4","5","9"
"edi40798","5","4","9"
"EdiDiamond21","4","5","9"
"Edik1964","4","5","9"
"EDinallo","4","5","9"
"Edmasmaniga","4","5","9"
"Edmundi4","5","4","9"
"Edox50","5","4","9"
"Eduardo8101","4","5","9"
"Eduleon1","5","4","9"
"Edwin2000","5","4","9"
"Edypriyantono","4","5","9"
"efdi24","5","4","9"
"egge3232","5","4","9"
"eggsie","5","4","9"
"EgorKotlyarov_NSKkkk","5","4","9"
"einfachbesserwieduhs","4","5","9"
"einik","5","4","9"
"eJDR23","4","5","9"
"ejknight","4","5","9"
"ekajwxm","4","5","9"
"Ekarth2016","5","4","9"
"EKYS16","6","3","9"
"El_2002","5","4","9"
"el_chapo_5","4","5","9"
"EL-KHOURDIFI","5","4","9"
"eladr7","4","5","9"
"ELAlcomato","5","4","9"
"elbaye","5","4","9"
"Elbistan","5","4","9"
"eleddinhumbetov","4","5","9"
"Elehan","6","3","9"
"Elf117","5","4","9"
"Elfahim100","5","4","9"
"ElFenomeno9","6","3","9"
"elfinfyz6161","3","6","9"
"elfuelle69","1","8","9"
"EliasNeto17","5","4","9"
"eliasrod","4","5","9"
"ELIOTT60","4","5","9"
"eljefegrand96","5","4","9"
"Elloul55","5","4","9"
"elmerleon","4","5","9"
"ELO33800","4","5","9"
"elowenschuss","5","4","9"
"Elpalton","4","5","9"
"elrazo","5","4","9"
"elsayedhegazy2021","4","5","9"
"elsensei6","4","5","9"
"ELshahid","5","4","9"
"Elvedin76","4","5","9"
"ElvisEstaba","5","4","9"
"Elwaro815","4","5","9"
"Elza17","5","4","9"
"elzy99","5","4","9"
"emadrezaaa","4","5","9"
"EMavrychev","6","3","9"
"Emerald76","4","5","9"
"Emil861","4","5","9"
"emilbochev","1","8","9"
"emirfryze","5","4","9"
"Emisss","5","4","9"
"EmmaLichau","4","5","9"
"EmmanuelPrince10","6","3","9"
"EmmanuelQTRNorth","4","5","9"
"EmmetConefery","4","5","9"
"emrahsahin23","4","5","9"
"emrecemturker","5","4","9"
"enduljans","5","4","9"
"Enes176","4","5","9"
"eng-ahmed-hamdy","4","5","9"
"engreda","4","5","9"
"engrtaps","5","4","9"
"EngTefaa","3","6","9"
"enrique_salas","4","5","9"
"Enrique190658","4","5","9"
"EnverOzturk","4","5","9"
"enyiomax","4","5","9"
"EnzoPina","4","5","9"
"equrbanov","4","5","9"
"erbas_emin","5","4","9"
"ErdalTurkey","5","4","9"
"erdemg2022","5","4","9"
"Erdemhasa","4","5","9"
"ErdisBR","5","4","9"
"erdmal","4","5","9"
"erdobaz","4","5","9"
"Ereke29","4","5","9"
"eric_jan","4","5","9"
"Erlan_Taraz","4","5","9"
"ernest_mallari","4","5","9"
"ErnestoRondon1","5","4","9"
"Erol86","4","5","9"
"ErosGi","4","5","9"
"Ertrand","3","6","9"
"Eruditeness","3","6","9"
"Erweshed-isadeg_01","5","4","9"
"Erzk","4","5","9"
"escalo","5","4","9"
"escapade_dummy","4","5","9"
"EscargotdeBourgogne","5","4","9"
"escimo","5","4","9"
"Eshwara","4","5","9"
"eslam_hassan","4","5","9"
"Eslem58","5","4","9"
"Esmaeilllll","5","4","9"
"esmail6060","4","5","9"
"esn08","5","4","9"
"Esodis","6","3","9"
"EsraelAfrica","4","5","9"
"EstacaodoXadrez","6","3","9"
"Estebanover","4","5","9"
"ethanthesuperpro","5","4","9"
"eurasiano","4","5","9"
"eurosaldi","4","5","9"
"evdron","5","4","9"
"EvelioFloresRomero","4","5","9"
"Evenal97","4","5","9"
"everbula2","3","6","9"
"evertonraf","4","5","9"
"EVGEN_VADIMOVICH","5","4","9"
"evgenoz","5","4","9"
"evgeny012","4","5","9"
"evil_start","5","4","9"
"excelsior8377","5","4","9"
"Excess2","4","5","9"
"EXP88","4","5","9"
"expectblunders","5","4","9"
"ExperienceOnly","6","3","9"
"EXPERTMOUSSER","2","7","9"
"ExtybrHebr","4","5","9"
"Exwizard","4","5","9"
"Eyara","5","4","9"
"ezgi_tmsz","5","4","9"
"f101","5","4","9"
"F1all0","5","4","9"
"f1ec090863f7","4","5","9"
"F1oyd","5","4","9"
"F2iLq0_YEoA-IX7q_jTj","5","4","9"
"faaaddy","5","4","9"
"fabienpetitditdariel","4","5","9"
"fabiofiuza","5","4","9"
"Fabiosilver14","4","5","9"
"Fabre38","4","5","9"
"FacihMostafa","4","5","9"
"fad4gsm","5","4","9"
"fadi_7","5","4","9"
"faezeh_nosratabadi","6","3","9"
"FaisalFaisu","5","4","9"
"FaizSter","4","5","9"
"Falcon-am","4","5","9"
"Falcon076","5","4","9"
"Famantha","4","5","9"
"Fan_of_Otis","5","4","9"
"Fantomas60","5","4","9"
"Far5had","4","5","9"
"faradaii","4","5","9"
"Fareisnadi","5","4","9"
"Farham95","5","4","9"
"Faridismail_80","5","4","9"
"Farmacias","3","6","9"
"Farzin386","4","5","9"
"Fatih101014","5","4","9"
"Fatiha25","4","5","9"
"Fatty_Morphy","5","4","9"
"Favs","4","5","9"
"fazexander","5","4","9"
"FCD2018","4","5","9"
"FD0816","5","4","9"
"Febbraio","4","5","9"
"fedelmon","4","5","9"
"FEECE","5","4","9"
"Fego14","5","4","9"
"Feldsucher","4","5","9"
"Felikss1979","4","5","9"
"Felipe_Ferrer","3","6","9"
"Felipe84","5","4","9"
"Felix6666","5","4","9"
"felixjavier","7","2","9"
"felixkalengu","4","5","9"
"FELIXRAMON","4","5","9"
"ferezoso","5","4","9"
"fergousen20","5","4","9"
"fernan42","5","4","9"
"Fernando098","5","4","9"
"ferpaz","5","4","9"
"Ferrnando","3","6","9"
"feufollet","4","5","9"
"feuhausus","4","5","9"
"fg_darkpawn","5","4","9"
"FGBUFMBANMICO_214","4","5","9"
"FGMMarin","5","4","9"
"Fherjaq","5","4","9"
"ficho89","5","4","9"
"FIksChess1988_p","4","5","9"
"Fil69","5","4","9"
"Filantrop888","4","5","9"
"filipenko","5","4","9"
"Filomen_sea","4","5","9"
"finalize90","3","6","9"
"Findgrey","5","4","9"
"findingsouth","5","4","9"
"Finistcokol","4","5","9"
"fiora2121","3","6","9"
"fiorem","4","5","9"
"FiranBuba","6","3","9"
"Firdovsi2021","5","4","9"
"Fire_Dragon300","7","2","9"
"First1to1","3","6","9"
"FischerReborn2010","3","6","9"
"fishermen1","4","5","9"
"Fishingoutgreatlines","5","4","9"
"fitilastrus","4","5","9"
"fitri83","4","5","9"
"fiv5sev7n","5","4","9"
"fjosse58","5","4","9"
"fktal","5","4","9"
"Flashyoun","4","5","9"
"flesym","4","5","9"
"Fligeros","5","4","9"
"floating_horse","5","4","9"
"Floki26","5","4","9"
"FluffyDegenerate","4","5","9"
"FlyingBrabo","5","4","9"
"Fmohamadi","3","6","9"
"foldedsquares","6","3","9"
"fonekx","5","4","9"
"foobarbazmeow","4","5","9"
"FootShah","5","4","9"
"Forcelessness","5","4","9"
"foreveraloner","4","5","9"
"forsa701","5","4","9"
"Forsaje","4","5","9"
"forvard57","4","5","9"
"Fouad_Fouad","4","5","9"
"FQzR9IWe_TKQ","5","4","9"
"FR61","5","4","9"
"fracastoro","5","4","9"
"Franciscano","5","4","9"
"Francisco-Gomes","5","4","9"
"Francisco-Manuel","5","4","9"
"Frangiosa_Malo","5","4","9"
"Frank-1967","5","4","9"
"Frankenholz","4","5","9"
"franquito1","6","3","9"
"Fred_G89100","4","5","9"
"fredo34700","5","4","9"
"Freeman01rus","4","5","9"
"frrmann","4","5","9"
"FSXL","3","6","9"
"ftenhaaf","5","4","9"
"fth-bsky","5","4","9"
"fuihfuefuiewn","4","5","9"
"Fung0918","7","2","9"
"Fungi","5","4","9"
"FUTURE47","5","4","9"
"Fvidal26829","4","5","9"
"fxwidyana","5","4","9"
"Fynjy7","4","5","9"
"fyzhanq","5","4","9"
"g1122","5","4","9"
"G305","5","4","9"
"ga1974","5","4","9"
"gabazo55","5","4","9"
"Gabdullin","4","5","9"
"gabibullaeva_888","4","5","9"
"Gabriel_espi","4","5","9"
"Gabriel_Sobral","5","4","9"
"Gabrielvnzla","5","4","9"
"Gaby2014","4","5","9"
"gaddour13","4","5","9"
"gadzhik","5","4","9"
"gael93","4","5","9"
"Gaiett","4","5","9"
"gajduk","6","3","9"
"gala31","4","5","9"
"Gallahead","5","4","9"
"Gamal_ashraf","5","4","9"
"Gamer_bukajr","4","5","9"
"GAMTEDO","5","4","9"
"gamzat2001","3","6","9"
"ganeevkarim","5","4","9"
"Ganeshkrishnanko","4","5","9"
"gangadharshelke","5","4","9"
"ganhuyag79","4","5","9"
"gantesque","4","5","9"
"Gaprevin","5","4","9"
"garethb230","5","4","9"
"Garghi555","4","5","9"
"garichtidze123","3","6","9"
"GarvArora","3","6","9"
"gastrecnemlus","4","5","9"
"gauthamhn","4","5","9"
"gauthamnischal","5","4","9"
"Gavelin","4","5","9"
"Gbosegbose","4","5","9"
"gegenzug","4","5","9"
"Geiger74","5","4","9"
"GEKKOREALESTATE","4","5","9"
"Gellivar","3","6","9"
"gen007","4","5","9"
"genady555","5","4","9"
"Gennadii31","5","4","9"
"Genrih14","4","5","9"
"GeoAPD","5","4","9"
"geopi35","4","5","9"
"Georgi_Margaritov","5","4","9"
"Georgyf3h3V","3","6","9"
"geosinklinal","4","5","9"
"geralbcol","5","4","9"
"Gergonor","4","5","9"
"german78","4","5","9"
"Germanceballos57","4","5","9"
"Germanwin","5","4","9"
"gertb","4","5","9"
"gesupeperone","5","4","9"
"getrych","5","4","9"
"GG1959","4","5","9"
"ggomez09","5","4","9"
"ggorila","4","5","9"
"Gha1th44","5","4","9"
"Ghafarian","5","4","9"
"ghaith99","6","3","9"
"ghazi111974","4","5","9"
"ghblindb1","4","5","9"
"Gherold","4","5","9"
"gholamimr","4","5","9"
"ghosalari11","5","4","9"
"Ghost305","5","4","9"
"ghost345","5","4","9"
"GiaBao6A01","4","5","9"
"giagulordava","5","4","9"
"Gian2090","3","6","9"
"Giannisp99","5","4","9"
"Giga_chatter","4","5","9"
"gigachad_based","4","5","9"
"GigaChad174","4","5","9"
"gigisonekey","5","4","9"
"gilad221","4","5","9"
"Gilroab","5","4","9"
"gilsonjinkings","5","4","9"
"gincasar","5","4","9"
"giovaclap97","6","3","9"
"Giovanni_Garegnani","4","5","9"
"giublack","4","5","9"
"giucass","6","3","9"
"giveitatry","4","5","9"
"givemeverything","4","5","9"
"GladiatorXXIILXXI","4","5","9"
"Glazoly","5","4","9"
"Glennal","4","5","9"
"glipol","5","4","9"
"gmgauan","4","5","9"
"gmmido2","4","5","9"
"gmnelsondc","5","4","9"
"GNfurkan","4","5","9"
"Goac","4","5","9"
"GobindaGhosh","6","3","9"
"GOBLIN111111","5","4","9"
"GodAhmed","3","6","9"
"Godspower681","5","4","9"
"Gogi68","5","4","9"
"goku80","5","4","9"
"golfgaudiorsch","4","5","9"
"golfjr","8","1","9"
"goloa","5","4","9"
"Golovah","5","4","9"
"GolovaS","5","4","9"
"GOLOVASTAT","4","5","9"
"goni177777","4","5","9"
"Goobey","5","4","9"
"Goodenoughig","6","3","9"
"Goodluck60","5","4","9"
"goofyygooberr1","5","4","9"
"Goreev_Maxim","3","6","9"
"Gorgonzola256","4","5","9"
"Gorm54","5","4","9"
"GOT_Onion_Knight","4","5","9"
"GottlobHD","5","4","9"
"govind1994ivffubdd","4","5","9"
"GowthamanT","4","5","9"
"Gp_thapa","5","4","9"
"Grabtox","5","4","9"
"Graf-Lemberg","3","6","9"
"GrafAlex","5","4","9"
"GrampaMoses","4","5","9"
"GranMarreco","5","4","9"
"Grasjito","5","4","9"
"Grboy91","4","5","9"
"greeg90","5","4","9"
"Greegra24","5","4","9"
"GregVav","4","5","9"
"Greyheld","5","4","9"
"grigoriy-gurkov","4","5","9"
"Grindo-hardo","5","4","9"
"Grisalho","5","4","9"
"Grisha_vezynchik","5","4","9"
"Grisha123456789","4","5","9"
"grugger55","4","5","9"
"gsri2020","5","4","9"
"GTHG","4","5","9"
"Guaridze","5","4","9"
"guatrache","3","6","9"
"Gucio1954","5","4","9"
"GudniThor","5","4","9"
"GuentaGarcia","5","4","9"
"guerrma","4","5","9"
"Guga_lins","4","5","9"
"Guillaume3011","4","5","9"
"Guillebrp","4","5","9"
"GULA_Igr228","5","4","9"
"guliyev92","4","5","9"
"Gulliz00","4","5","9"
"gumak319","5","4","9"
"Gungaajav","4","5","9"
"Gunslinger42","5","4","9"
"gupta123123","5","4","9"
"guru7729","5","4","9"
"Gus7avosan7ana","4","5","9"
"GUSSIA69","3","6","9"
"gustapojuststopo","4","5","9"
"Gvladimir1945","5","4","9"
"Gwynne","5","4","9"
"GYXN","4","5","9"
"HA-sh-akram","4","5","9"
"haamiiidrezaaaa","4","5","9"
"Habibj2","4","5","9"
"habibshafiei","5","4","9"
"Hackerofgame231","4","5","9"
"hacmac","5","4","9"
"haddok63000","5","4","9"
"hadrienchicault","5","4","9"
"Haerkin01","5","4","9"
"hahabotchi","5","4","9"
"Hahaw8","4","5","9"
"HAI52","5","4","9"
"HAJAR_GH","4","5","9"
"hajh","5","4","9"
"HAK_SOH_SAW","5","4","9"
"hakanyyy","5","4","9"
"HAL9000IBM","4","5","9"
"hallakattack","4","5","9"
"Hamadeen","5","4","9"
"Hamcraft","4","5","9"
"hamlet1946","5","4","9"
"hammerkulit","5","4","9"
"Hamza_alshmary95","4","5","9"
"hanitam","5","4","9"
"hanns1","5","4","9"
"hansen_mc","5","4","9"
"HaonNamth","5","4","9"
"Hardik_babu","5","4","9"
"Harekas_L4","5","4","9"
"Harjith_Rajbharath","5","4","9"
"HarryYi","4","5","9"
"Harshvardhan_2023","5","4","9"
"hart27","5","4","9"
"HaSaN_h7","4","5","9"
"Hasanalahmad4321","4","5","9"
"hash11011","4","5","9"
"Hashir5646x","4","5","9"
"Hashomer","4","5","9"
"Hassan244","6","3","9"
"Havan","4","5","9"
"Hawaiianpickles","4","5","9"
"HazarD80","5","4","9"
"hbits","4","5","9"
"Hcmny11","3","6","9"
"HDUphamnamtrung2016","5","4","9"
"He-Who-Remains1","5","4","9"
"heav87","4","5","9"
"Hecim47","5","4","9"
"Hector1966","6","3","9"
"Hectortito","4","5","9"
"hehddhe","4","5","9"
"heidarkhalifeh","4","5","9"
"HeikoHerborn","4","5","9"
"Helalco","4","5","9"
"helmikhemir","5","4","9"
"hemant43","4","5","9"
"hentony2234","4","5","9"
"hentyparka","4","5","9"
"heravi78","4","5","9"
"Herb70","4","5","9"
"Herman_124","4","5","9"
"hermetikkgata","4","5","9"
"Hernan929","4","5","9"
"HernanOrdonezVillota","5","4","9"
"HerrFuchs17","5","4","9"
"HerrHardtholz","5","4","9"
"Hetman11","4","5","9"
"heuersv","4","5","9"
"hhhhh7777","5","4","9"
"hi7t","4","5","9"
"hichamamana","4","5","9"
"hidoguro","4","5","9"
"HIGHJUMPER65","5","4","9"
"higiniohuerta06","6","3","9"
"Hikalo1","4","5","9"
"HimaSaber","3","6","9"
"HimboMofo","5","4","9"
"Hippie83","5","4","9"
"hiro-0629","4","5","9"
"hirwan","4","5","9"
"hishammoussa7","4","5","9"
"HK_13","4","5","9"
"hlopchik777","2","7","9"
"hoangducanh8bcg","4","5","9"
"HoangMinh2012-TB2","4","5","9"
"hobokocher","4","5","9"
"Hoji70","2","7","9"
"hoklim","4","5","9"
"hombre203333","5","4","9"
"Homedrina","5","4","9"
"Hompadoodle","4","5","9"
"HONORED_1","5","4","9"
"Hoopma","4","5","9"
"Horduraben","3","6","9"
"horzie2","4","5","9"
"hossain1950","5","4","9"
"hossein95t","5","4","9"
"HOT_TAFANO","5","4","9"
"Houseoftucci","5","4","9"
"HovardaBaz","4","5","9"
"Hozan000","5","4","9"
"hpri","5","4","9"
"hpy123","5","4","9"
"hristo_lov","6","3","9"
"hrmchess","4","5","9"
"hrosik","4","5","9"
"hrrrufrr","4","5","9"
"hruaia","6","3","9"
"Hrushikesh3112","4","5","9"
"Htsiahaan","5","4","9"
"HubertPlummfuss","4","5","9"
"hubschf","5","4","9"
"Hugolaruta","5","4","9"
"HuitanoTonatiuH","5","4","9"
"Hujnik333","3","6","9"
"hulya42","4","5","9"
"HumanCannibal","5","4","9"
"Hummelpummel","4","5","9"
"hung03022003","4","5","9"
"Hunter2847474","5","4","9"
"Hunter31531X","5","4","9"
"Hurtfuljoy","4","5","9"
"Hutch1977","5","4","9"
"HvHd","5","4","9"
"hydrogen1345","5","4","9"
"i1918","5","4","9"
"IA59","5","4","9"
"IakovSulimenko","4","5","9"
"Iam13yoUkrainian","5","4","9"
"IamApocalypse","4","5","9"
"IAmNumber04","5","4","9"
"iamsaubhagya","5","4","9"
"IanLeeman","6","3","9"
"iansof","5","4","9"
"IAROSLAV80","4","5","9"
"iazriel","5","4","9"
"ibetancourt","3","6","9"
"Ibrahim_kasse11","4","5","9"
"ibrahimcaca","4","5","9"
"IbrahimOre12_STJ","3","6","9"
"iChessimo","5","4","9"
"Ico211","4","5","9"
"ico65","5","4","9"
"IDB87","5","4","9"
"IdentityLock","4","5","9"
"idils12","5","4","9"
"IdlePlayer","5","4","9"
"iese027","4","5","9"
"IgnatR","5","4","9"
"igor-2023","4","5","9"
"Igor-Shklyarenko","5","4","9"
"Igorborisov1983","5","4","9"
"IgorG1972","6","3","9"
"IgorLone","5","4","9"
"Igory_Tolkachev","3","6","9"
"igrey_tash","2","7","9"
"ihsan_gkts","6","3","9"
"ihsan-kodan","5","4","9"
"IHTV","6","3","9"
"ii_r_ii_n_a","4","5","9"
"iitmrahuls","4","5","9"
"ik15-lll","4","5","9"
"ikizler-rd","6","3","9"
"iliastankov","3","6","9"
"ILICH71","5","4","9"
"iliko9","5","4","9"
"iliyaes","4","5","9"
"IliyaZelenskiy","5","4","9"
"iluxa_miluxa","4","5","9"
"Ilya_Kamentsev_1978","5","4","9"
"ilya994","5","4","9"
"imabbas","4","5","9"
"imad12ez","5","4","9"
"imatintal","4","5","9"
"imed_eddine_kenef","4","5","9"
"Immahdisadeghi","4","5","9"
"Impala36","3","6","9"
"Imray","5","4","9"
"ImustLose10000Games","5","4","9"
"Indeeshwar_Sankar","4","5","9"
"indickahra","4","5","9"
"IndiodeKai","4","5","9"
"indraIKD","4","5","9"
"ingegnerP","4","5","9"
"Inigma51","5","4","9"
"Inios","5","4","9"
"Inspektor_85","4","5","9"
"Inter55","4","5","9"
"Intisol_8","5","4","9"
"intringulis","4","5","9"
"invisiblewoman","4","5","9"
"ioana20","5","4","9"
"Ioann05","5","4","9"
"Irakli_11","5","4","9"
"iran-chesss","5","4","9"
"iranpars20","4","5","9"
"irbrito","4","5","9"
"irfanR","5","4","9"
"Irisieda","4","5","9"
"Irodio","5","4","9"
"isaac_bf","5","4","9"
"IsaacChen","4","5","9"
"Isak_sant","5","4","9"
"ishaan-goel","3","6","9"
"Ishank2016","5","4","9"
"ismaiili","4","5","9"
"ismaill","5","4","9"
"IsmailMz","4","5","9"
"ismailson","3","6","9"
"IsolatedSoul","4","5","9"
"issam007","6","3","9"
"IstvanTsi","6","3","9"
"Isuliman11","5","4","9"
"Isusin","4","5","9"
"itzmntzr","5","4","9"
"ItzRealSam234","4","5","9"
"Ivan13062012","4","5","9"
"Ivan999999","1","8","9"
"Ivanov_Dmitry","6","3","9"
"ivanpavlov1123","6","3","9"
"ivanpotapov2","4","5","9"
"IvKin","4","5","9"
"iVojtech","6","3","9"
"iygjbhfmpopoit","5","4","9"
"Izukanji16","4","5","9"
"izzeww","5","4","9"
"J1B","5","4","9"
"j98h","4","5","9"
"Jabalaltariq","4","5","9"
"jabasauri","5","4","9"
"Jack_C_Robinson","4","5","9"
"JackAweesome","6","3","9"
"JackHinzen","5","4","9"
"jaelitonjas","3","6","9"
"Jafani","4","5","9"
"Jafarz","5","4","9"
"Jager17","4","5","9"
"Jaggerjuice","5","4","9"
"JAI_ALIZOR","4","5","9"
"Jaime_Chile","4","5","9"
"Jaime_Zam_Ch","6","3","9"
"Jaime41","5","4","9"
"Jakalif24","4","5","9"
"jake8907","4","5","9"
"jalalsarame","5","4","9"
"Jalexs_MS","4","5","9"
"Jamal1959","5","4","9"
"jamalhitari","4","5","9"
"Jameelkhan909","4","5","9"
"James_PINK","5","4","9"
"james_reza","5","4","9"
"james863","5","4","9"
"JamesTiberiusStone","6","3","9"
"jamestravis","5","4","9"
"jamshid1340","4","5","9"
"Jan_inij","4","5","9"
"JanChrz123","5","4","9"
"jansiebold","4","5","9"
"JAOAJAOS8010","6","3","9"
"japo89","4","5","9"
"jarjanecky","4","5","9"
"JaronBritt","4","5","9"
"jasemjasemjasem","4","5","9"
"Jasinska","4","5","9"
"Jaswanth_2011","4","5","9"
"Javi-Jr","6","3","9"
"Javiackerman96","4","5","9"
"Javialacarga","4","5","9"
"javier35","4","5","9"
"javikanobi","5","4","9"
"jaxer13","4","5","9"
"Jaxxor","4","5","9"
"Jay002","5","4","9"
"jayarcamitanjr","5","4","9"
"Jayarudran","4","5","9"
"jayjay1698","4","5","9"
"Jaywith30","6","3","9"
"Jbs_72","5","4","9"
"jcfolega","4","5","9"
"Jdavidpalillo","4","5","9"
"jdbusta94","4","5","9"
"jdfitz","4","5","9"
"JDIFKRKEKEJ","5","4","9"
"jeanluc","7","2","9"
"jeaQueen","4","5","9"
"jebcrum","5","4","9"
"jeeej","5","4","9"
"jeetvivek","5","4","9"
"jepg","5","4","9"
"jeph12","5","4","9"
"JeremyMNunez","3","6","9"
"jerolor","4","5","9"
"jerome_92","4","5","9"
"jerry0402","5","4","9"
"Jersmi","4","5","9"
"JeSuS_2_Le_Retour","4","5","9"
"JeyDRAW","4","5","9"
"jeypey","5","4","9"
"jgalvao","4","5","9"
"jgpicatoste","4","5","9"
"jhoarleal","5","4","9"
"Jhotti","5","4","9"
"jhuddle","5","4","9"
"JidduKrishnaji","3","6","9"
"Jihed_petit-Tal","6","3","9"
"jirica","4","5","9"
"Jirrka","5","4","9"
"JisooNevewww","5","4","9"
"jj12022","5","4","9"
"jjk333","3","6","9"
"JJLLHH","4","5","9"
"JJLPTT","4","5","9"
"jjroman18201","4","5","9"
"JJULIO-19","4","5","9"
"jjvc221","5","4","9"
"jjzbb","4","5","9"
"jksnh","4","5","9"
"jlgam","3","6","9"
"jlmr","4","5","9"
"jmarcanillas","5","4","9"
"jmguardiola","5","4","9"
"Jmsn676","5","4","9"
"jmuller21","4","5","9"
"joae13","4","5","9"
"JoanP64","4","5","9"
"JOAOAGOSTINHO","4","5","9"
"Joaquin200421","3","6","9"
"Joaquinmarc1902","5","4","9"
"jochoArg","4","5","9"
"Jockester88","3","6","9"
"jodooo","5","4","9"
"Joeckjo","4","5","9"
"JoeMo3","4","5","9"
"JoergSchi","4","5","9"
"JOERU17","4","5","9"
"joey68","5","4","9"
"Jogy75","5","4","9"
"johannbluten","5","4","9"
"john_now","5","4","9"
"John_wick-009","5","4","9"
"John29blue","4","5","9"
"Johnidze","5","4","9"
"Johnny1408","5","4","9"
"JohnnyWblue","4","5","9"
"Johnson_2019","5","4","9"
"johnson665","4","5","9"
"JojoPongkelPoyo","5","4","9"
"jojosavoy","4","5","9"
"jokeruu","4","5","9"
"jomammaugly","5","4","9"
"JoMaShakki","3","6","9"
"jombito","4","5","9"
"jonas381","5","4","9"
"jonathan_pozo","3","6","9"
"jonisilalahi","5","4","9"
"Jonkor17","5","4","9"
"Jorge_UA","5","4","9"
"Jorge_Ulloa","5","4","9"
"Jorgeeduardo234","4","5","9"
"jorgesg1975","4","5","9"
"Jorkkis","4","5","9"
"Jorques55","4","5","9"
"jose_Sa2","4","5","9"
"jose201angel","4","5","9"
"joseagf","5","4","9"
"josealan2008","5","4","9"
"josechess40","4","5","9"
"josef111","5","4","9"
"josefrancisco09","5","4","9"
"Joseju234","5","4","9"
"josetomasyorke","4","5","9"
"joseunique","5","4","9"
"josevitor987","4","5","9"
"joshyneyyanjohn","4","5","9"
"Josibozi","3","6","9"
"josipderek","5","4","9"
"JosipL","5","4","9"
"Josma1313","4","5","9"
"josue1221","3","6","9"
"Joszen11","4","5","9"
"Jota334","3","6","9"
"joto4","4","5","9"
"JoToFi","4","5","9"
"Jovishanarayanan17","4","5","9"
"joybrato1112","5","4","9"
"Jpforero76","4","5","9"
"Jr-brainin64","4","5","9"
"JREstevez","4","5","9"
"jrice189","4","5","9"
"jsksksj","5","4","9"
"juampiiii","4","5","9"
"juan47","5","4","9"
"JuanCaceresCastilla","4","5","9"
"Juancbr651107","4","5","9"
"juanito1973","4","5","9"
"JuanMartinez2170","6","3","9"
"JuanValEsco","4","5","9"
"juhan65","5","4","9"
"juiblex13","3","6","9"
"Juissi1","3","6","9"
"Julian256263","6","3","9"
"juliardi","5","4","9"
"Julibes80","5","4","9"
"Juliecf","5","4","9"
"julita59","4","5","9"
"Jumakip","7","2","9"
"Jumbert","5","4","9"
"juprevjejo123","4","5","9"
"Jurasik777","5","4","9"
"just_a_beginner_90","4","5","9"
"Just_here_for_chess","4","5","9"
"justme2000","5","4","9"
"K0154430196","4","5","9"
"K1_K","5","4","9"
"k2141b","6","3","9"
"K4teR","4","5","9"
"kabrapraveen","4","5","9"
"kaderuof","5","4","9"
"Kadirhan06100","3","6","9"
"kadirkvl","3","6","9"
"Kaemper-Kneipp","4","5","9"
"kafeene","4","5","9"
"kafli","5","4","9"
"kairaaghili","5","4","9"
"kaizanix","5","4","9"
"kaizen93","5","4","9"
"kajangmari2","4","5","9"
"Kalabera","4","5","9"
"kalan61","5","4","9"
"kalash220","4","5","9"
"kalashnkov","3","6","9"
"Kalo140","5","4","9"
"Kalsla","5","4","9"
"Kalutara1","5","4","9"
"Kamil63","5","4","9"
"KananeloS","4","5","9"
"Kandarp_Jani","4","5","9"
"kangwa257","5","4","9"
"Kanovarr","5","4","9"
"Kaputttt","5","4","9"
"karainfaz54","3","6","9"
"Karar96","4","5","9"
"Karekiet","5","4","9"
"karimesmaeilpour2","4","5","9"
"karliderfl","4","5","9"
"Karlmanu","5","4","9"
"karlmarks912","4","5","9"
"Karna31","4","5","9"
"KarthikaSaravanan","4","5","9"
"KaseyFenner","4","5","9"
"kashif747","5","4","9"
"Kasoi","4","5","9"
"kaspaxu","4","5","9"
"Kastanian","4","5","9"
"Kat_Mbedzi","5","4","9"
"katastrofikos","4","5","9"
"Kate221984","5","4","9"
"Kateker","4","5","9"
"Katio_Emece","5","4","9"
"katlehomoeletsi","3","6","9"
"kauan_BR","5","4","9"
"Kaushalzz","4","5","9"
"Kawi4900","5","4","9"
"Kazeki21","5","4","9"
"kd1991","5","4","9"
"kdt34wqx","5","4","9"
"keaidemaodou","5","4","9"
"Kedar10","4","5","9"
"Kelishan","5","4","9"
"Kelleci19","3","6","9"
"KelvinDe","3","6","9"
"Kengu07","5","4","9"
"kenkunjal6390","4","5","9"
"kerem59_mustafa81","4","5","9"
"keremayse1","4","5","9"
"kesfakintih2","4","5","9"
"kev90","4","5","9"
"kgkg6","4","5","9"
"khabib-05","5","4","9"
"Khabil404","5","4","9"
"khalilmk","5","4","9"
"Khan05178","4","5","9"
"khishigt","5","4","9"
"kiba2015","4","5","9"
"kifoooo","5","4","9"
"kiki99Perez","5","4","9"
"kikito7890","5","4","9"
"kilingmachine","5","4","9"
"killerhunter34","5","4","9"
"KILLERKING12345","4","5","9"
"kimisa","4","5","9"
"Kindonus","5","4","9"
"King_Kukushkin","4","5","9"
"King_Takes_E4","5","4","9"
"kingbeak89","5","4","9"
"kingca24","5","4","9"
"Kingcj236259","5","4","9"
"kingdaum","5","4","9"
"KingOliS","4","5","9"
"KingSlayer1609","4","5","9"
"Kinguuz","5","4","9"
"kingvpawn","4","5","9"
"KiplingMauglyRikii","5","4","9"
"Kirill1201","4","5","9"
"KirillDavidov","5","4","9"
"kiseku","4","5","9"
"kishan_2008","5","4","9"
"kishore-1_123","4","5","9"
"Kishorpilla","4","5","9"
"Kiyouv","5","4","9"
"Kizera","4","5","9"
"Kk51098","4","5","9"
"kkasche54","5","4","9"
"kkomrados","4","5","9"
"Klaraaaa","5","4","9"
"kleberdemoledor","5","4","9"
"kligmor64","5","4","9"
"KMarkS2023","4","5","9"
"Knight463","4","5","9"
"KnightBirdy","5","4","9"
"Knightfightz","5","4","9"
"KnightInTinfoilHat","3","6","9"
"knightmatequeen","5","4","9"
"Knightmoves59","5","4","9"
"Knuud3","5","4","9"
"knyazkratok","5","4","9"
"Kobelix11","3","6","9"
"KobiWanKenobi","5","4","9"
"kobra1244","5","4","9"
"kolaric","4","5","9"
"KoltunovAV","5","4","9"
"kombinator2022","4","5","9"
"komlevalexey2008","3","6","9"
"kon-nos55","4","5","9"
"Kondetisuryanarayana","5","4","9"
"Konst_Chas","6","3","9"
"Konstanta12","5","4","9"
"KonstCHESS","4","5","9"
"koschda345677","4","5","9"
"kosovananton","4","5","9"
"Kot1904","4","5","9"
"Kote40_21","5","4","9"
"kotelvero","4","5","9"
"koyaanasqatsi","4","5","9"
"kozizsozso","4","5","9"
"Koznik","4","5","9"
"KPATOC_XXL","4","5","9"
"Kragenbaer","5","4","9"
"Krakovakski","5","4","9"
"kristophtg","5","4","9"
"krithajna","6","3","9"
"Krithika358","5","4","9"
"Kronsbein_Jonas","4","5","9"
"Kseniya_chess","5","4","9"
"ksft37","4","5","9"
"KsW_23","5","4","9"
"Kuchar67","5","4","9"
"Kuda-Binal","3","6","9"
"KudZ","5","4","9"
"Kukhta_Mykhailo","4","5","9"
"Kukulouri","4","5","9"
"kulicuu","5","4","9"
"Kulli25","5","4","9"
"kulliseisoo","4","5","9"
"kumarkhg4","6","3","9"
"Kumkani012","4","5","9"
"kun_sadeq23","4","5","9"
"kundera61","5","4","9"
"Kurt1960","5","4","9"
"Kurul","4","5","9"
"KUSHAL091106","3","6","9"
"kussainogi","3","6","9"
"kutsalbilgikaynagi","4","5","9"
"kuzeyli1979","4","5","9"
"KV467","3","6","9"
"kwaku_Riley","4","5","9"
"kwame_Yeboah","4","5","9"
"kYaguchi","5","4","9"
"kyc0324","5","4","9"
"kyershov","4","5","9"
"Kyhemanth","4","5","9"
"Kyliandl","4","5","9"
"KyrillosAshraf","2","7","9"
"Kyubi90","4","5","9"
"l4t3b0","6","3","9"
"La-Bibe","4","5","9"
"LA55EN","5","4","9"
"Laatklep","4","5","9"
"labaisgars","5","4","9"
"laburle","5","4","9"
"lads1992","5","4","9"
"Laeaks","4","5","9"
"laker7","6","3","9"
"laklem","7","2","9"
"lakshya_422","4","5","9"
"lalit489","5","4","9"
"LalKrishnaS06","6","3","9"
"LambShift","5","4","9"
"Lancelot54","4","5","9"
"lancev","4","5","9"
"landestoy07","4","5","9"
"landuchiantiguo","5","4","9"
"Lanfeust-V2","3","6","9"
"Lapo91","4","5","9"
"lapulgaqk","5","4","9"
"Laskerin","4","5","9"
"Last22","5","4","9"
"latunov","4","5","9"
"lauramoraytim","5","4","9"
"LaVakaMaloza","5","4","9"
"Lavinia1305","4","5","9"
"LAVLAVLAV","6","3","9"
"Lavor_S2","5","4","9"
"Lawyerpino","4","5","9"
"laz999","5","4","9"
"lcbos","5","4","9"
"Leamasst","3","6","9"
"lebebe","4","5","9"
"lechuda23","4","5","9"
"leck_1","4","5","9"
"led_zeppelin7","4","5","9"
"Lederhosenbauer","4","5","9"
"LeDieuAnh88","5","4","9"
"Leew","4","5","9"
"Legend_Viper","5","4","9"
"legend69fj","4","5","9"
"Legendarymarvin","5","4","9"
"legit_chek","6","3","9"
"Legna01","5","4","9"
"legoechec","5","4","9"
"Lehinwer","5","4","9"
"Lelko04","3","6","9"
"lena_rudjj","4","5","9"
"LEO12345CHESS","6","3","9"
"LeoBgt","5","4","9"
"Leoferdz28","5","4","9"
"LEON147","4","5","9"
"LeonardoCR","4","5","9"
"leonel_he_16","3","6","9"
"LeoZai","5","4","9"
"lepilule","6","3","9"
"LesterWilliamPolfuss","5","4","9"
"LeszekM","5","4","9"
"letoatreides","5","4","9"
"Lets52","4","5","9"
"letting","4","5","9"
"Lev052","6","3","9"
"levonthegreat","4","5","9"
"levron38","5","4","9"
"Levsev","4","5","9"
"Lexluthor2019now","5","4","9"
"LexorLive","2","7","9"
"lexter87","4","5","9"
"Lexx-donbass","5","4","9"
"li1nas3","3","6","9"
"Liam2024","6","3","9"
"liang23","4","5","9"
"libran01","6","3","9"
"lichsk","1","8","9"
"limitlessstudy","3","6","9"
"Linares27","5","4","9"
"lincepurple","4","5","9"
"Lincolk","4","5","9"
"lindenwoods","4","5","9"
"linksspringer61","4","5","9"
"Lion1337","5","4","9"
"lionzindahai007","5","4","9"
"lishu926","4","5","9"
"littlechicku","4","5","9"
"littlestarlucky","5","4","9"
"ljubo87","5","4","9"
"Ljupco_Iliev","5","4","9"
"Llmohamedd9","5","4","9"
"LLpip","4","5","9"
"llwandll","3","6","9"
"Lodobrini7","4","5","9"
"Log111","3","6","9"
"LoGaso","4","5","9"
"Loggiblack","4","5","9"
"lomig51","6","3","9"
"lonely72","4","5","9"
"longobardi","5","4","9"
"Loodacriss","5","4","9"
"LOOKMAN15","5","4","9"
"LordDragon6666","3","6","9"
"lordpeon","5","4","9"
"LordR13","5","4","9"
"Lorencito","5","4","9"
"lorountu","4","5","9"
"Lost_Dead","4","5","9"
"Louis_A","5","4","9"
"louis275","5","4","9"
"louise_004","4","5","9"
"loureda2","4","5","9"
"lovefinisch","4","5","9"
"Loves2m8te","3","6","9"
"Lowly_Chess_Player","4","5","9"
"lox228mol","4","5","9"
"LPNmgm95","4","5","9"
"LSVAlex","4","5","9"
"LuanaFarmacia30","4","5","9"
"luanmtrs","4","5","9"
"lucasjpayne","4","5","9"
"LucasRes","4","5","9"
"Lucertolo","7","2","9"
"Lucho174","5","4","9"
"luciadelgaudio","5","4","9"
"Luciferaman","5","4","9"
"LucikPort","5","4","9"
"Lucky_G_Luka","5","4","9"
"lucymoohan","5","4","9"
"Ludwich777","5","4","9"
"LuegfixSeher","5","4","9"
"Luei","4","5","9"
"Luetornado","5","4","9"
"luigi4","5","4","9"
"Luis1111aa","5","4","9"
"Luis13212428","4","5","9"
"luisnavarrete","5","4","9"
"Luisuarez","4","5","9"
"LukasglpTV","4","5","9"
"LukasMasterCR7","3","6","9"
"Luke-Solo2","5","4","9"
"lukinouu","5","4","9"
"Lukman_123","6","3","9"
"lulubite","4","5","9"
"luposki","5","4","9"
"lupox82","4","5","9"
"Lutskin","4","5","9"
"luuranko","4","5","9"
"LUZZIA","4","5","9"
"LwizuS","5","4","9"
"lynn83","3","6","9"
"Lysasim","5","4","9"
"lyubaca","4","5","9"
"lzfree","5","4","9"
"M_Barbanel","4","5","9"
"m_i_am_noob_m","4","5","9"
"m_nemr7","4","5","9"
"M_o_H_a_X","5","4","9"
"M-Paulaner","3","6","9"
"M0hammaD_23","5","4","9"
"m1q2w3e4r5t","5","4","9"
"M4ma1","5","4","9"
"M8A-Y","5","4","9"
"maarlebo","5","4","9"
"maaster5","5","4","9"
"mac_single","4","5","9"
"MacBane","5","4","9"
"Mada0202","5","4","9"
"Madapmn","5","4","9"
"madeinturkey","6","3","9"
"Madejarz","5","4","9"
"madhav1142","4","5","9"
"madhu215","5","4","9"
"Madhusudan_Alfa","5","4","9"
"Madiar_Www82","5","4","9"
"MadMaliflow","3","6","9"
"MaDMaxGR","4","5","9"
"maestrocafetero","5","4","9"
"Maghenb","4","5","9"
"MagicUrmel3001","3","6","9"
"magnus_1718","5","4","9"
"magnusjuggler","4","5","9"
"Mago_de_Oz","5","4","9"
"Mahanaim","4","5","9"
"Mahdigh63","5","4","9"
"mahgou","4","5","9"
"mahmod_doozande","5","4","9"
"Mahmoud_ghanim99","5","4","9"
"Mahmoud_Timoumi","4","5","9"
"Mahmoud01280","5","4","9"
"MahmoudRashwan007","5","4","9"
"MahmoudSamir74","5","4","9"
"MahmoudSSamir","5","4","9"
"mahsen66","3","6","9"
"Mahzvar","4","5","9"
"Mainhert","3","6","9"
"Mainita","5","4","9"
"Maisonrouge","4","5","9"
"majeurdohm","4","5","9"
"majid6908","4","5","9"
"Majidghaziani","5","4","9"
"Make-Donskiy1980","5","4","9"
"Makhzoumm","4","5","9"
"Maki39","3","6","9"
"makonza","5","4","9"
"Maksimka2015","4","5","9"
"malbec1999","5","4","9"
"MalDestroh","4","5","9"
"malvina_top","4","5","9"
"Mamsybillionz","4","5","9"
"MamurAkh","5","4","9"
"Manambitana","5","4","9"
"mandarkirkire","4","5","9"
"ManelBM","5","4","9"
"mani_heidarpour","5","4","9"
"Mani_smarty","5","4","9"
"mani2222","4","5","9"
"manishjain0541","5","4","9"
"MANJUNATHbandlu","4","5","9"
"manlio","4","5","9"
"Manoj_kumar_22","4","5","9"
"manojmadhav","4","5","9"
"manoleti","4","5","9"
"manolochess001","4","5","9"
"manosjedi","5","4","9"
"Mansurjon_01","5","4","9"
"Manuchao999","4","5","9"
"ManuelR64","4","5","9"
"Manukkk","5","4","9"
"manyi123","3","6","9"
"Maoo-Hoor","4","5","9"
"mapaia","5","4","9"
"MAPekala","5","4","9"
"Mapheeo","3","6","9"
"maprau","2","7","9"
"mar-ble","4","5","9"
"maradona007","5","4","9"
"MaratKamar","5","4","9"
"marc_tenga","4","5","9"
"marcel_liviu","3","6","9"
"Marcel1955","4","5","9"
"Marcel1969A","4","5","9"
"Marcelino87","4","5","9"
"marcelomantuano","5","4","9"
"Marciliomargarida","5","4","9"
"MarcoDeBiasio","5","4","9"
"MarcoGagn","5","4","9"
"MarcoMD33","6","3","9"
"marcomerens","5","4","9"
"Mardani2010","4","5","9"
"mariano7788","6","3","9"
"Mariia_Omelchenko","5","4","9"
"marikasakk","5","4","9"
"Marina005","5","4","9"
"Marina77chess","5","4","9"
"mario7626","5","4","9"
"mario84es","5","4","9"
"MarioJacome","5","4","9"
"mariollapushi","3","6","9"
"Marisree","4","5","9"
"mark_blaif","4","5","9"
"Mark_Weissen","4","5","9"
"mark-movzon","6","3","9"
"Mark998","5","4","9"
"markan456","4","5","9"
"markonforehead","5","4","9"
"Markozarko","4","5","9"
"markronson","1","8","9"
"markstevenson15","5","4","9"
"MarMaharail_12Md","5","4","9"
"Mart1999","4","5","9"
"Mart3x","4","5","9"
"martin_sv10","4","5","9"
"Martin10169","5","4","9"
"martin115115","5","4","9"
"MartinDK","8","1","9"
"martinhristov","4","5","9"
"marvicval","4","5","9"
"marwan-alaswad0","5","4","9"
"MarwanSF27","5","4","9"
"marxx98","3","6","9"
"marz45","4","5","9"
"masbem","5","4","9"
"mascarpov","5","4","9"
"MasterBaiter01","3","6","9"
"MasterSRV","4","5","9"
"Mat-Ador","4","5","9"
"matematec","3","6","9"
"Matgadang","6","3","9"
"mathi2803","4","5","9"
"mathias_florin","5","4","9"
"mathman32","3","6","9"
"Mati_90","5","4","9"
"Matija766","6","3","9"
"Matingh","6","3","9"
"matmat95320","4","5","9"
"matraca20","6","3","9"
"matthew4488","3","6","9"
"matti9954","5","4","9"
"matvilla","5","4","9"
"Matyo_97","5","4","9"
"Mauo12","3","6","9"
"mauri_58","6","3","9"
"Maverick_evolvr","4","5","9"
"maviss2460","4","5","9"
"maviyunus","5","4","9"
"mawas","6","3","9"
"Max_116","3","6","9"
"maxell34","4","5","9"
"maxfade","5","4","9"
"Maxim-tut","4","5","9"
"Maximka528","4","5","9"
"Maximus8972","5","4","9"
"maxsukhanov777","4","5","9"
"MaxX1969","5","4","9"
"maya5783","4","5","9"
"MayFlour83","4","5","9"
"Mayur24","4","5","9"
"mazafshari1990","5","4","9"
"MAZINGERZZZ","5","4","9"
"mb-mb","4","5","9"
"MBA22093_Abhishek","4","5","9"
"mbaba5","5","4","9"
"MBHZDY","4","5","9"
"mcdingo3","4","5","9"
"mckady","4","5","9"
"md1361","4","5","9"
"MDKN","4","5","9"
"MDroguettSantander","5","4","9"
"Mdtk","4","5","9"
"Me1358","2","7","9"
"mechchess","5","4","9"
"MED23","5","4","9"
"Medardorojas","4","5","9"
"medhaaaaat","4","5","9"
"Medtaiebi","5","4","9"
"Megaliomac","5","4","9"
"Megalodonchik","6","3","9"
"Mehdirezaeiii","4","5","9"
"MehitOstwal","6","3","9"
"mehrowl","4","5","9"
"Meirlan_2013nur","4","5","9"
"Mejirim175","4","5","9"
"Mek_jo","4","5","9"
"melibrere","3","6","9"
"Melih222","4","5","9"
"melila59","6","3","9"
"MelvinPerez","5","4","9"
"mena_fawzy_10","5","4","9"
"mendover","4","5","9"
"Mentkle","5","4","9"
"merakimonk","5","4","9"
"mercaptan7","4","5","9"
"meritavo","5","4","9"
"mertyigitturk","5","4","9"
"merve1nehir","4","5","9"
"mesbahkhajavi","6","3","9"
"MeSoNoobie","5","4","9"
"MeszENDi","4","5","9"
"meszooge","4","5","9"
"MetalArrow","3","6","9"
"method648","5","4","9"
"Mezamat","6","3","9"
"mf_13","6","3","9"
"MFD00MM","4","5","9"
"MFent0n","4","5","9"
"mfy157","7","2","9"
"mg20006","5","4","9"
"MG61","5","4","9"
"MGA48","5","4","9"
"mgnl2020","4","5","9"
"mh1347","4","5","9"
"MH400m","5","4","9"
"mhmdEl-Bakr","5","4","9"
"Mhmod1","4","5","9"
"micdp","4","5","9"
"Michael1lotfy","4","5","9"
"MichaelMerilahti","5","4","9"
"MichaelSoergel","4","5","9"
"Michail1960","5","4","9"
"Michajow","4","5","9"
"michalespi","6","3","9"
"Michele83","5","4","9"
"Mickeez","4","5","9"
"Mido_UWK","4","5","9"
"MightyCarlsen","5","4","9"
"Miguel_SotoM","4","5","9"
"miguelonchas","5","4","9"
"Mihail_Shebalino","5","4","9"
"Mihail2020","4","5","9"
"MihailKotov","5","4","9"
"mihaley2013","5","4","9"
"Mihas2015","4","5","9"
"Mikael148","5","4","9"
"mikaelqu","4","5","9"
"mike1950","5","4","9"
"Mike7310","2","7","9"
"Mikega","4","5","9"
"mikelaa","5","4","9"
"Mikhail4242","5","4","9"
"MikhaShavlak","5","4","9"
"mikist","5","4","9"
"MikolajSchubert","4","5","9"
"MikVeeZeelst","5","4","9"
"Mikysik","5","4","9"
"MilenaLander2009","4","5","9"
"milinche","6","3","9"
"Milinko_Pantic","5","4","9"
"miljan33","4","5","9"
"milun54","5","4","9"
"mimi-siku","4","5","9"
"minelman","5","4","9"
"Minhvuelo2900","5","4","9"
"minionyt","4","5","9"
"mircea1966","4","5","9"
"miron1972","3","6","9"
"MironTravnikov","5","4","9"
"Misha07062016","5","4","9"
"misiek1986","4","5","9"
"Misikov","5","4","9"
"Misiu65","4","5","9"
"Miss_Blunder","4","5","9"
"Mista_Minista","5","4","9"
"Mister0M","4","5","9"
"misterdenso","4","5","9"
"mit1156","4","5","9"
"mitchshem","6","3","9"
"mithun","4","5","9"
"mitja1977","4","5","9"
"Mitrich89","4","5","9"
"Mivika","5","4","9"
"Mixich","5","4","9"
"Mk1234567890","4","5","9"
"MK2023","4","5","9"
"MKINYUA","4","5","9"
"MLamp","6","3","9"
"MLMS002","5","4","9"
"MLMS019","4","5","9"
"MLMS158","4","5","9"
"MLMS445","4","5","9"
"mlms511","5","4","9"
"mlms538","4","5","9"
"mlms539","4","5","9"
"mlms540","5","4","9"
"MMajd","5","4","9"
"mmdrzaaa12","6","3","9"
"mmolaii","1","8","9"
"mnhll","5","4","9"
"mnssinku","6","3","9"
"Mo_carlsen3030","3","6","9"
"Mo_Elfeky","4","5","9"
"mo-khaled","4","5","9"
"Mo7amedA7med","5","4","9"
"moaddin","4","5","9"
"moazkinz","5","4","9"
"Mochber3875","4","5","9"
"Modest_47","4","5","9"
"Mofares111993","3","6","9"
"mohamad73","4","5","9"
"Mohamed_Zaid1976","5","4","9"
"mohamed190727","6","3","9"
"Mohamed2005_ashraf","4","5","9"
"mohamed7shad","5","4","9"
"MohamedAbdelhaq","4","5","9"
"MohamedGHERABLI123","3","6","9"
"Mohamedkamal1126","3","6","9"
"Mohamedsaher2008","5","4","9"
"Mohammad_9112","5","4","9"
"MohammadQasem9","5","4","9"
"Mohammadshabani081","4","5","9"
"mohammedfawaz44","5","4","9"
"Mohd20","5","4","9"
"Mohithmv","3","6","9"
"mohmamd","5","4","9"
"mohmedabdelmohsn1w","5","4","9"
"moingsen","4","5","9"
"MoIzaldein","5","4","9"
"MojAhid","4","5","9"
"MojsterAndrii","4","5","9"
"mojtaba_lar","3","6","9"
"MolapoJ","5","4","9"
"monoban_13","5","4","9"
"Monomax1113","3","6","9"
"Montemega","5","4","9"
"montri_khaisi","4","5","9"
"Monzirmhmd","5","4","9"
"moon_Creed","4","5","9"
"moonhead1","3","6","9"
"moorthy1962","5","4","9"
"mopf4444","3","6","9"
"MORDER000","4","5","9"
"Morekadom","3","6","9"
"morganprathi","4","5","9"
"Morteza00881","4","5","9"
"mortmann","4","5","9"
"Mostafa-taha99","5","4","9"
"Mostafaaoikjj","5","4","9"
"mostafaelsayed123451","5","4","9"
"Mostafamaloomi","5","4","9"
"Motaa4","5","4","9"
"motamime","5","4","9"
"motasem-gh","4","5","9"
"MouadRafik","4","5","9"
"mousaJalali","4","5","9"
"mousouf","4","5","9"
"Moz1120","4","5","9"
"Mpiki","4","5","9"
"mportnoy","7","2","9"
"MQGARCIA","5","4","9"
"MR_AB007","6","3","9"
"Mr_tiny86","4","5","9"
"mr_wizard25","5","4","9"
"Mr-Mike_3","4","5","9"
"Mr-Teeee","4","5","9"
"mrali63","4","5","9"
"MrCrypt","5","4","9"
"MrFelipepe","4","5","9"
"MrJoelCollins","4","5","9"
"mrm81321","5","4","9"
"MrMazzer","4","5","9"
"mrmeganight2u","4","5","9"
"MrMessyMinded","4","5","9"
"MrMikleNash","6","3","9"
"Mrozowski-Sower","5","4","9"
"MrPinkHorse","5","4","9"
"mrpistach","5","4","9"
"MrShooko","4","5","9"
"mrt_mt_1905","5","4","9"
"mrtkmz","3","6","9"
"mrwillys","4","5","9"
"MS_PRO","6","3","9"
"msm7","5","4","9"
"msmdt","5","4","9"
"mta63","3","6","9"
"mu_abdo22","4","5","9"
"muchobad","5","4","9"
"MuenchnerKindl","5","4","9"
"MuhameedHassan","4","5","9"
"muhammad_agalarov","5","4","9"
"muhammad_eltholth","4","5","9"
"Muhammed-3135","4","5","9"
"mujiiiiiiiii","3","6","9"
"Mukesh2205","5","4","9"
"MUKUL_KUMAR_SINGH","5","4","9"
"Muller9","4","5","9"
"MultiverseCup","3","6","9"
"munibhassan","3","6","9"
"murattosun34","4","5","9"
"murcikarpov","5","4","9"
"Muriuki001","4","5","9"
"murphy233","3","6","9"
"murzyn59","5","4","9"
"musikueberschach","4","5","9"
"muskokadave","6","3","9"
"mustfakirkil","5","4","9"
"mustikolatte","4","5","9"
"muthukumarasamy","5","4","9"
"mutton12342","4","5","9"
"muzoilhan","4","5","9"
"mvmddb","5","4","9"
"Mvv77","3","6","9"
"MW2907","5","4","9"
"MwitiKen","4","5","9"
"mybelovedff","4","5","9"
"MyDrunkSmurf","5","4","9"
"Myofh","4","5","9"
"myoldsport","4","5","9"
"myouou","5","4","9"
"Myskostroj","4","5","9"
"MyVindication","3","6","9"
"Mz_GODEG","3","6","9"
"mzetmth","4","5","9"
"mzjx","4","5","9"
"MZN64","4","5","9"
"N_A_1","4","5","9"
"N_c_r","4","5","9"
"n354","4","5","9"
"N4T3417","5","4","9"
"NabiHazara","4","5","9"
"nabilmhmd","4","5","9"
"nachalnikPTS","5","4","9"
"NACHO1960","5","4","9"
"NachoBCrb","4","5","9"
"NachoLovi","5","4","9"
"nadddok","6","3","9"
"Nadingchokar90","3","6","9"
"Nadyrmag","4","5","9"
"Nafaz-Mhd","5","4","9"
"Nafiskin","4","5","9"
"NAGDAT1963","6","3","9"
"nagrajbabu009","5","4","9"
"nahuexz","4","5","9"
"NAKANO_YENULI2011","5","4","9"
"namhong3112","3","6","9"
"namkhanhsk1","5","4","9"
"Namtvist","5","4","9"
"nanarose","3","6","9"
"Nandha24","5","4","9"
"Nanosim","5","4","9"
"NAR897","6","3","9"
"nareshbitla822","4","5","9"
"nareshpendikatla1987","5","4","9"
"Nariscene","4","5","9"
"Narutaky","4","5","9"
"naseemali","4","5","9"
"Naseemotpm","4","5","9"
"Nasher11","4","5","9"
"Nasko24","5","4","9"
"Nasson","3","6","9"
"NateDogg024","4","5","9"
"natriy11","4","5","9"
"NatsumeSabri","4","5","9"
"Navi0602","4","5","9"
"navya_sree_reddy","5","4","9"
"nawrasco","5","4","9"
"NayDuXX","5","4","9"
"Nazarchek","5","4","9"
"Nazarus21","5","4","9"
"NCB_1982","5","4","9"
"ne0bi0","4","5","9"
"NedelBescht","4","5","9"
"Neil_vasa","4","5","9"
"nelluzzo","4","5","9"
"nemcsenyim2","4","5","9"
"Neojose7","5","4","9"
"NERMAG","5","4","9"
"Nesytov","5","4","9"
"Net_Curtain","6","3","9"
"nevajno12","5","4","9"
"nevolin_danil1","4","5","9"
"newcoffee250","6","3","9"
"next42","5","4","9"
"nghiepnguyen","5","4","9"
"NHMinhkhang-ken","5","4","9"
"niceguy333","5","4","9"
"nickbttm","4","5","9"
"nickdmb","6","3","9"
"Nickennedy","5","4","9"
"nickirbit","4","5","9"
"NicolasABC2","4","5","9"
"nicu54","4","5","9"
"nicusorflorinel01","4","5","9"
"Nidal4","4","5","9"
"nidzaMrak","5","4","9"
"niewiederschule","4","5","9"
"NightRider0919","7","2","9"
"Nihad2490","5","4","9"
"nihilist-lute","4","5","9"
"Nikakidze","4","5","9"
"Nikaru_Hakamura123","4","5","9"
"NIKHIL70","6","3","9"
"Niki1","4","5","9"
"nikita999kopi","5","4","9"
"NikitaNoskov221012","4","5","9"
"nikitasuncov6","5","4","9"
"nikolai_ershov","4","5","9"
"Nikolai-Ignatev","4","5","9"
"Nikolai69","4","5","9"
"nikolajkos","4","5","9"
"nikolakis29","4","5","9"
"nikolass777","5","4","9"
"Nikolaus1968","5","4","9"
"nikolay1973rc","4","5","9"
"NikoLee88","4","5","9"
"Nikoly49","4","5","9"
"nikopeter","5","4","9"
"Nilumbo","5","4","9"
"nimomigo","5","4","9"
"NinaNina88","4","5","9"
"nindroid20","4","5","9"
"ninek26","5","4","9"
"NinjutsuChess","4","5","9"
"NINRP_L_Broemmelsiek","4","5","9"
"niravnikhilp","4","5","9"
"nirita123xxx","4","5","9"
"nirmklein","5","4","9"
"NirsH1","5","4","9"
"nishant_deo08","4","5","9"
"NishikaSaravanan","4","5","9"
"Nishoo_0","5","4","9"
"nissan881","4","5","9"
"NivedhyaPradeep","5","4","9"
"nivleniar14","5","4","9"
"Nizamaddin","5","4","9"
"nkarulin","5","4","9"
"nl494","5","4","9"
"NNN5","5","4","9"
"NNTA123","5","4","9"
"No_soy_yo","5","4","9"
"no-cannon-no-cry","4","5","9"
"NobJay","4","5","9"
"Noble76","5","4","9"
"Nodek7","6","3","9"
"Nodik15","4","5","9"
"Noelprasad","5","4","9"
"nofear422","4","5","9"
"nogamenolife96","5","4","9"
"Noidor2014","5","4","9"
"nokland","4","5","9"
"nokza","5","4","9"
"NoLimitBanger","5","4","9"
"nonnobello1","6","3","9"
"noobie2301","3","6","9"
"NoobNinja_69","5","4","9"
"NopeasotilasC4","4","5","9"
"nopepito","4","5","9"
"noplacetohide","4","5","9"
"NorgeBeyefendisi","4","5","9"
"Norli270306","4","5","9"
"nostalgiax","5","4","9"
"not_now_mom","5","4","9"
"NotAClue123","6","3","9"
"NothinghamLace","4","5","9"
"novaromatias","4","5","9"
"NOVICE351","5","4","9"
"nshoc","5","4","9"
"NSS115","5","4","9"
"ntshuxeko","3","6","9"
"Nufreort","4","5","9"
"nurai0409","4","5","9"
"NURDOS2013","4","5","9"
"Nurgisa_Erkinbek","4","5","9"
"nvjfnvfnvj","5","4","9"
"nwasouth20","4","5","9"
"NWMa","5","4","9"
"Nyazbahir","4","5","9"
"nykomo","4","5","9"
"nynth","4","5","9"
"Obadii","3","6","9"
"Objectif99pourcent","5","4","9"
"Obugooo","4","5","9"
"ocr96","3","6","9"
"octatonic","3","6","9"
"Odintsov_91","5","4","9"
"ogamiasouarixkaitoum","3","6","9"
"Oglesby","4","5","9"
"ogurets54","4","5","9"
"Oguzachessplayer","4","5","9"
"Oguzhanbey07","4","5","9"
"ojopiojo","4","5","9"
"OkanGULSECKiN","4","5","9"
"Okikiw1ns","5","4","9"
"OkiLeTurc","5","4","9"
"okkchess","4","5","9"
"oksya","4","5","9"
"oktava","4","5","9"
"oldmouse","5","4","9"
"oleg257","5","4","9"
"oleg77153","5","4","9"
"olegvesna","4","5","9"
"OliverLewis42","5","4","9"
"Oljabeg","6","3","9"
"Oljan54","6","3","9"
"Olokum","3","6","9"
"OMARALAMEER","4","5","9"
"omarbmwj","5","4","9"
"Omarmohosny","5","4","9"
"omegamania","4","5","9"
"omerc9","4","5","9"
"OmerKaanGunay","5","4","9"
"omid-omid1981","3","6","9"
"omidtaghavi1365","5","4","9"
"OneDayNotBaby","6","3","9"
"oneouter","5","4","9"
"OneRage","3","6","9"
"onetruemaddy","4","5","9"
"Onleee","5","4","9"
"only1God","6","3","9"
"ookbeginner","4","5","9"
"oops2023","5","4","9"
"OpacoSinuoso","4","5","9"
"OpLapos","5","4","9"
"Optemm","4","5","9"
"oragonfive","4","5","9"
"orangenaranjo","5","4","9"
"Orca55Maks","4","5","9"
"Oreint","4","5","9"
"Oren1","5","4","9"
"orhan1520","6","3","9"
"orhism","5","4","9"
"Orislav1974","4","5","9"
"orjaykay","5","4","9"
"Orkhanh00","5","4","9"
"Orlov_Ura_1972","5","4","9"
"Ortiz_Jose_UPA","5","4","9"
"Osamaruzzi","4","5","9"
"Oshousha","5","4","9"
"osi_35","4","5","9"
"osman_mamun","5","4","9"
"OsmanYasin","5","4","9"
"osmaren","4","5","9"
"Ostovar1335","5","4","9"
"othman_dwby","4","5","9"
"othmanhabib","5","4","9"
"othmen","5","4","9"
"OtoPatama","4","5","9"
"otopings","6","3","9"
"OTSCHdaBigBaus","4","5","9"
"otto_von_b","4","5","9"
"OVE_BOT","5","4","9"
"ozgurssssahin","5","4","9"
"Ozzkannn","5","4","9"
"P_E_R_S_O_N","4","5","9"
"p_gheorghe","4","5","9"
"p_q4er","5","4","9"
"p1tty","5","4","9"
"Paavkaa","5","4","9"
"pablitoleonaulla","5","4","9"
"PabloRamirezUrzua","5","4","9"
"Paco_Mael","5","4","9"
"pacopp","3","6","9"
"PacoSP","4","5","9"
"paijosumeh","5","4","9"
"Paksanif","5","4","9"
"Palanx33","4","5","9"
"PalcekSmuk2023","5","4","9"
"PalhacoAristocrata","5","4","9"
"palhari007","4","5","9"
"palikes3","5","4","9"
"Pamudu2014","5","4","9"
"Pankratov_Roman","4","5","9"
"panpap4","4","5","9"
"panto2","4","5","9"
"PAPAMATTHEW","5","4","9"
"Paqqz","5","4","9"
"Paradiseeee","4","5","9"
"Parag24","5","4","9"
"Parag48","4","5","9"
"Paranoiko","5","4","9"
"paresh29","5","4","9"
"parkermon","5","4","9"
"Parsday","5","4","9"
"parth444g","4","5","9"
"parvanehpour","3","6","9"
"ParvShah5554","4","5","9"
"Pas48","4","5","9"
"pascal85150","5","4","9"
"pasha_gems","4","5","9"
"pasiOD","4","5","9"
"pasta504","5","4","9"
"PaterRalf26","4","5","9"
"PATRIOTE300","5","4","9"
"Patron222","1","8","9"
"Patryk-9264","5","4","9"
"patson_15","4","5","9"
"Pattoe","5","4","9"
"PatxiLopez","5","4","9"
"Paul1643","4","5","9"
"paulinesss","6","3","9"
"paulogrupp","4","5","9"
"pavdu69","4","5","9"
"Pavel_Damian_7","5","4","9"
"pavelchich","6","3","9"
"Pavelllrita","5","4","9"
"pavledragisic968","4","5","9"
"Pavlin_Zlatev","4","5","9"
"pawank","6","3","9"
"payamyousefi","4","5","9"
"pbabu","5","4","9"
"PBCrackers","5","4","9"
"Pc2006","4","5","9"
"pdeck12","4","5","9"
"Pdsigmund","4","5","9"
"pedramnouri","4","5","9"
"pedri72","5","4","9"
"pedro29865","5","4","9"
"pedroaldama","6","3","9"
"PedroHugo524","4","5","9"
"pedroonofre","4","5","9"
"Pedrto03","5","4","9"
"peges","4","5","9"
"Pelerins","5","4","9"
"pellesvall","5","4","9"
"PelvicGirdle","5","4","9"
"Peonez","5","4","9"
"Pepe1795","4","5","9"
"Peptoni","7","2","9"
"perdeuja1201","4","5","9"
"perduntik","4","5","9"
"Peregrinus8","5","4","9"
"Perhat_82","5","4","9"
"Perikarthik11","5","4","9"
"PerryKoopmans","3","6","9"
"Persian_Masters","4","5","9"
"Pesidy","4","5","9"
"peter270344","4","5","9"
"PeterFarmer","3","6","9"
"PeterPatza","4","5","9"
"peterschaak2020","4","5","9"
"PetriHeil","5","4","9"
"Petros_Vourlis","4","5","9"
"petrovich32","3","6","9"
"petrovmakedonija","4","5","9"
"pez84","4","5","9"
"Pfalzstrike","4","5","9"
"Pflugi18","5","4","9"
"phantansy","5","4","9"
"Pharmazeut","4","5","9"
"phatpat909","6","3","9"
"PHDMathematics7","4","5","9"
"Philidorable","4","5","9"
"Philidorus","5","4","9"
"Philipap","5","4","9"
"PhilippNiNo","5","4","9"
"Philrey55","5","4","9"
"phlegm","4","5","9"
"phoaming","4","5","9"
"Phoenixchess00","5","4","9"
"Pholper","4","5","9"
"phootoo","4","5","9"
"phpcosta","5","4","9"
"pierre_pokemon","4","5","9"
"piet5555","5","4","9"
"Piiiiiiii","5","4","9"
"pillahari","5","4","9"
"PININOSKY41","5","4","9"
"pinoetpino","5","4","9"
"Pion8","3","6","9"
"Pipin71","4","5","9"
"pirvas_sanjay","4","5","9"
"pishro13","5","4","9"
"PIYUSH112415","5","4","9"
"pjesmica","4","5","9"
"plan9front","4","5","9"
"playboymacc","6","3","9"
"playwithheart","5","4","9"
"plyshatranj44","5","4","9"
"PobedaBudet","5","4","9"
"PoderosoCrisman","5","4","9"
"pog7","4","5","9"
"pokerchess000","4","5","9"
"Polar58","3","6","9"
"Polinesso","4","5","9"
"poljohns","4","5","9"
"Poltava74","4","5","9"
"Popira","5","4","9"
"postmanslouch","4","5","9"
"pouria2023_pn","6","3","9"
"Pousseurdebois30","5","4","9"
"PovorovA","6","3","9"
"PowdeRy","4","5","9"
"poz4478","5","4","9"
"ppad","4","5","9"
"PPPlayer000","4","5","9"
"Pradeep18","5","4","9"
"praju_gowda","5","4","9"
"prajwal_30","4","5","9"
"Prakhe","5","4","9"
"PranavBhosle421","6","3","9"
"pras1","5","4","9"
"PrashChess535","4","5","9"
"Predator_300","6","3","9"
"prem1921","5","4","9"
"preshadomate","4","5","9"
"Preslav_Bratuhchev","4","5","9"
"PrettyHotTea","5","4","9"
"PrinsleyChong","3","6","9"
"pristay","5","4","9"
"prito","5","4","9"
"Priyamber","4","5","9"
"prizgar0508","5","4","9"
"Prle99","5","4","9"
"Prof-Fren","4","5","9"
"ProfessorDomicio","7","2","9"
"propro1977","5","4","9"
"Protsenko_Artem","4","5","9"
"Prowler85","4","5","9"
"Pruliers","4","5","9"
"psalon1","5","4","9"
"PShenai","5","4","9"
"psicotigostoso","5","4","9"
"PtA84","5","4","9"
"ptrkn","4","5","9"
"PumaAndreas","4","5","9"
"PumaSalliquelo","5","4","9"
"punchyy","4","5","9"
"PunishedBernie","4","5","9"
"purple_lamp","4","5","9"
"Pushpak_15","4","5","9"
"puslepro146","4","5","9"
"pusypyssy","4","5","9"
"PuteriNurshafiyyah","4","5","9"
"PVdA","5","4","9"
"QGD314","4","5","9"
"QNI_NguyenPhong2016","5","4","9"
"qpqzz","5","4","9"
"Qsilver","4","5","9"
"qtnur","5","4","9"
"quaintrelle2021","5","4","9"
"Queen_Assazzin","5","4","9"
"Queen8911","4","5","9"
"quirit","4","5","9"
"quirkles","6","3","9"
"QusayZalloum7","5","4","9"
"Quyut","5","4","9"
"QWERTY_2023","4","5","9"
"Qwfwq123","4","5","9"
"R_Cortes","4","5","9"
"R03L4N8","4","5","9"
"r0n","5","4","9"
"R4GE22","5","4","9"
"r70582","4","5","9"
"Racar828","5","4","9"
"radja55","3","6","9"
"Rafa2018","5","4","9"
"rafaellufy","4","5","9"
"Rafat982","5","4","9"
"rafayam","5","4","9"
"raffax","5","4","9"
"raguco","4","5","9"
"RaguramIP","4","5","9"
"Rahul1998Roy","4","5","9"
"Rahulcommercial","5","4","9"
"Rai_Ichikawa","4","5","9"
"rainstar2229","4","5","9"
"raisedknight12","5","4","9"
"Rajat_Grover","3","6","9"
"rajatul53","4","5","9"
"RajeEV1972","4","5","9"
"rajelmn","3","6","9"
"Rajendrakumar9169","4","5","9"
"rajendravivekkkk","5","4","9"
"Rajgopal80","4","5","9"
"rajuILS0299","4","5","9"
"rajveer_rajveer","4","5","9"
"Rakesh_iocl1234","5","4","9"
"RAKESHTHAMPII","4","5","9"
"Ramadhan089","4","5","9"
"Ramana14","4","5","9"
"Ramanych96","5","4","9"
"RamGa","6","3","9"
"Ramingo7V","5","4","9"
"Ramiro9313","5","4","9"
"Ramoven","4","5","9"
"ramsk96","5","4","9"
"Ramthara742","4","5","9"
"Ramy_Ramadan","8","1","9"
"raoCs_194","5","4","9"
"raoul_duke69","5","4","9"
"Raphaelralte","5","4","9"
"rapozeirocampinense","4","5","9"
"Rapport99","5","4","9"
"raptu","5","4","9"
"Ras_Rash","4","5","9"
"Rash2019","5","4","9"
"Rasil1","4","5","9"
"Rasim01","4","5","9"
"Rasool1348","4","5","9"
"RastaAlbino","4","5","9"
"Rastaropsha","4","5","9"
"rasti1122","3","6","9"
"ratata96","3","6","9"
"Ratmir_Chess","4","5","9"
"ratonroy070707","5","4","9"
"ravichoudhary","4","5","9"
"ravig9935","5","4","9"
"ravjanisz","4","5","9"
"rayan90700","5","4","9"
"Rayrayrayrayray11","4","5","9"
"Raz_29","4","5","9"
"Razermataosant","3","6","9"
"Razky","4","5","9"
"rbceylann","5","4","9"
"rdddfccc","5","4","9"
"Re5466","4","5","9"
"Reacted123","4","5","9"
"ReaderMind111","4","5","9"
"realdrh","5","4","9"
"Recai054","5","4","9"
"recognitas","5","4","9"
"Red_Beaver","5","4","9"
"red_endspiel","4","5","9"
"red_sparrow30","4","5","9"
"redabagdadi","5","4","9"
"RedGust","3","6","9"
"Redrise","4","5","9"
"reefhoney","4","5","9"
"Regiey","4","5","9"
"reginaldo1972","4","5","9"
"Rehmat","4","5","9"
"ReideCopas","5","4","9"
"ReiPantaneiro","5","4","9"
"Relaxing_Vibe","5","4","9"
"Relu117","5","4","9"
"Renardsubtil","4","5","9"
"RenorTzy","4","5","9"
"RENRED24","5","4","9"
"ReRoiatti","5","4","9"
"Rescardo","4","5","9"
"retroLluis","4","5","9"
"returnsmash","4","5","9"
"Reuskang","5","4","9"
"rex2011","5","4","9"
"Rey_MK","5","4","9"
"reyrada","5","4","9"
"reza345","5","4","9"
"rezabeyhaghi","5","4","9"
"RezaFarshchian","5","4","9"
"rezah2590","5","4","9"
"REZARERA","5","4","9"
"RGE4","5","4","9"
"Rhaider2","4","5","9"
"ricardobel1956","5","4","9"
"Ricemeister","5","4","9"
"Rich1981","5","4","9"
"Richard_the_mad","5","4","9"
"Richardboyac","4","5","9"
"RichilliX","5","4","9"
"Rick_Sanche3","4","5","9"
"ridango","5","4","9"
"Rigoldo","5","4","9"
"Rigor4","4","5","9"
"RinazRnz","4","5","9"
"Ringo_Ska","5","4","9"
"rinkiyakechacha","4","5","9"
"rintluanga22255","4","5","9"
"Rippergrave","5","4","9"
"rishaq","5","4","9"
"risingpawns","4","5","9"
"ritikchauhan10620","4","5","9"
"RitwikAgrawal","5","4","9"
"ritzabethmosqueda","5","4","9"
"RIVALITY76","4","5","9"
"Rivojoseph2","5","4","9"
"riyan_2503","4","5","9"
"Rizamat","4","5","9"
"rjain13","4","5","9"
"rk_93","5","4","9"
"rledor","5","4","9"
"rmdfra","5","4","9"
"rmlpz","5","4","9"
"RNEVA11","4","5","9"
"roadking1995","4","5","9"
"RoadToCM123","5","4","9"
"Robak56","5","4","9"
"robbydrive","5","4","9"
"Rober_seg","4","5","9"
"Robero1950","4","5","9"
"robertljj","5","4","9"
"RobertMarczok","4","5","9"
"ROBERTROWAN","5","4","9"
"Robertuuu","6","3","9"
"robetorobatox186","4","5","9"
"robi_handoko","4","5","9"
"robidracorosa","3","6","9"
"ROBNE","5","4","9"
"robotpadonok","5","4","9"
"rochakrai","4","5","9"
"rocinante21","4","5","9"
"Rockieboi007","5","4","9"
"Rodea","5","4","9"
"Rodri202","4","5","9"
"rodrigo_548","5","4","9"
"RodrigoAlexandros","5","4","9"
"Rodrigoardon","5","4","9"
"Rodrigospine","4","5","9"
"Rodrigue_25","4","5","9"
"roehbellz53","5","4","9"
"Roidoudou","3","6","9"
"Rokiim-chess","4","5","9"
"RolandLodge","5","4","9"
"Rolart","4","5","9"
"Roller1357","4","5","9"
"rolleter","4","5","9"
"ROM0505","5","4","9"
"Roma_Grom","5","4","9"
"Roma300914","4","5","9"
"RomanBevzenko","5","4","9"
"romanotr","6","3","9"
"ROMAXA3","4","5","9"
"romchic69","5","4","9"
"Romtnr","4","5","9"
"Romultr","6","3","9"
"ronjeremy1","4","5","9"
"Ronn1234","4","5","9"
"RookinAroundTheClock","5","4","9"
"rookraider2023","4","5","9"
"RookyKing40","5","4","9"
"Roover","4","5","9"
"Roshan883","5","4","9"
"roshanaquinas","4","5","9"
"Roteiro2","5","4","9"
"Rotete","5","4","9"
"Rouviii","4","5","9"
"Rowlet_Supreme","5","4","9"
"rozen_SHINKU_Crimso5","5","4","9"
"rrupy","4","5","9"
"rslan1","5","4","9"
"RubinsteinsMonster","5","4","9"
"RudeRook","6","3","9"
"Rudjdj","6","3","9"
"rudy4real92","4","5","9"
"Ruffedge","3","6","9"
"ruhaankapoor03","5","4","9"
"Ruhgech","5","4","9"
"RuiDestro","4","5","9"
"Rulonista","5","4","9"
"rumahhijaukuning","5","4","9"
"rumatamipt","4","5","9"
"rumra","5","4","9"
"rusmanizza","5","4","9"
"ruthmongina123","4","5","9"
"ruzgarbaskiran01","4","5","9"
"Rvl_0907","5","4","9"
"rx_dexter","6","3","9"
"rydertheherothestar","5","4","9"
"Rydinskij","5","4","9"
"Rydlandf","4","5","9"
"ryujinjakkaa","5","4","9"
"s_bigini","6","3","9"
"s_tamang","5","4","9"
"s05s05s05","4","5","9"
"S2323","5","4","9"
"s89515090608s","4","5","9"
"SaadAskari","3","6","9"
"saadlotfy","6","3","9"
"saberrahimnia","4","5","9"
"sabili","6","3","9"
"Sabinbasumatary","4","5","9"
"sabirnovruzov2","3","6","9"
"Sabmayahai","4","5","9"
"Sacha-B87","4","5","9"
"Saco10M","5","4","9"
"Sadam","4","5","9"
"SADAM123KHED","4","5","9"
"sadigabd-23","4","5","9"
"sadulla7636","4","5","9"
"Saedaldgheim","5","4","9"
"saeed95","4","5","9"
"saeedkaram144","5","4","9"
"saeiidrajabi","4","5","9"
"saffadave","3","6","9"
"saffar_peshian","5","4","9"
"Sagynbek5","5","4","9"
"sahed009","5","4","9"
"SAHIL137","4","5","9"
"sahilgoswami","5","4","9"
"sahilsahilbhatia","5","4","9"
"Sahir-1972","3","6","9"
"Sahir34","4","5","9"
"sahtugra","4","5","9"
"Sai0001","4","5","9"
"sAiJaYaNtHaLlA","4","5","9"
"SaintBigBoy","4","5","9"
"Sakthivel_20777","6","3","9"
"Sakur2206","4","5","9"
"saladedeprepuce","4","5","9"
"salaltoosy","6","3","9"
"Salamiii","4","5","9"
"Salat48","4","5","9"
"Salehi1234000","5","4","9"
"salempc","4","5","9"
"salemss","4","5","9"
"Salihkollaruthodi","4","5","9"
"salimreza77","4","5","9"
"salinchrist","4","5","9"
"SALINSASIDHARAN","6","3","9"
"Salivalis","4","5","9"
"salman3578","5","4","9"
"SalmonFede","5","4","9"
"Salvo_chess_2","4","5","9"
"Samdie","3","6","9"
"Sameeeee","6","3","9"
"samer_moh","4","5","9"
"samersyria","5","4","9"
"samertaher","4","5","9"
"SAMHTSAAA","4","5","9"
"samilayadi","7","2","9"
"samimi1598","4","5","9"
"SamirAdam","5","4","9"
"samisch1234","4","5","9"
"samovar71","6","3","9"
"sampaved19","5","4","9"
"samsaaa_a","6","3","9"
"Samson101","5","4","9"
"Samuel_Kl","5","4","9"
"Samyken9315","4","5","9"
"sanakhajavi","5","4","9"
"SanAntonioSpurs","6","3","9"
"sanarcando","3","6","9"
"Sanctioned_Chess","5","4","9"
"Sandeeppoddar83","4","5","9"
"SanDiegoNorman","6","3","9"
"Sanitar079","4","5","9"
"Sankar369","4","5","9"
"Santana-JC","4","5","9"
"Santianes","5","4","9"
"santimiguel17","3","6","9"
"santoshome","5","4","9"
"Sanya52","5","4","9"
"sanyi73","5","4","9"
"Sanyi80","5","4","9"
"saraanaa","3","6","9"
"SARATPM4949","4","5","9"
"sarimcharania","3","6","9"
"Saripp96","5","4","9"
"sarperbatu","5","4","9"
"Sarthik27","5","4","9"
"sarweshlatha","4","5","9"
"Sasha0000","5","4","9"
"Satish2021","6","3","9"
"Satyajitks21","4","5","9"
"Sauravkandpal45","5","4","9"
"Savely_Kuklis","6","3","9"
"saviruperera2014","5","4","9"
"saxaulino","4","5","9"
"SayanSarkar1","4","5","9"
"SayatAbu","5","4","9"
"schabadou","6","3","9"
"schachcc","8","1","9"
"SchachGezocke","5","4","9"
"Schachloewe001","4","5","9"
"Schachmeister66","5","4","9"
"schachris","3","6","9"
"Schaerry","5","4","9"
"schakengpingpeng","6","3","9"
"Scheurer1500","4","5","9"
"Schluba","5","4","9"
"schpounzhi","4","5","9"
"schullihallo","3","6","9"
"schultze","5","4","9"
"Schwachmath","4","5","9"
"SchwarzerKater","4","5","9"
"scouta","4","5","9"
"Scrollz96","4","5","9"
"scsn13","4","5","9"
"SD-feras34-sy-de89","4","5","9"
"sdi2100193","5","4","9"
"Seagull2021","5","4","9"
"Seal_111","5","4","9"
"seba-alsina","5","4","9"
"sebaselpez","4","5","9"
"Sebastian10000","4","5","9"
"Sebastos33","5","4","9"
"sechsund40","4","5","9"
"seen_btw","4","5","9"
"sefaa55-55","5","4","9"
"Seiranians","5","4","9"
"Selliet","6","3","9"
"Seloq11","3","6","9"
"Semenich59","3","6","9"
"Senadddd","5","4","9"
"Senbond","4","5","9"
"Senja_Biru","5","4","9"
"seno_jp","4","5","9"
"SenTimo","5","4","9"
"seralvame","6","3","9"
"Serdem11","5","4","9"
"serejik1988","4","5","9"
"SergeChe","4","5","9"
"SergeiChamp","4","5","9"
"Sergey-Cergey","5","4","9"
"sergey70883","4","5","9"
"sergeyog","5","4","9"
"Sergiki","4","5","9"
"Sergilru","5","4","9"
"Sergio-Barrientos","5","4","9"
"sergiojamison","5","4","9"
"serhang","5","4","9"
"Serpuhov_rom","4","5","9"
"SerSB","5","4","9"
"Sertcem","3","6","9"
"Servantes148","3","6","9"
"Server73","4","5","9"
"Serzhnovichok","5","4","9"
"seter700","5","4","9"
"sethos","4","5","9"
"seulgibear","6","3","9"
"SevaCSKA","5","4","9"
"Sevak112","5","4","9"
"seven_01","5","4","9"
"Sevenappop_8888","4","5","9"
"sewcha","4","5","9"
"seyedmostafa69","4","5","9"
"sh-4b","4","5","9"
"sh3nawy2","5","4","9"
"shaboumed","5","4","9"
"Shadow_Hokage106","4","5","9"
"shafaamani","4","5","9"
"shaghaghi","4","5","9"
"shah677","5","4","9"
"SHAHIN3030","4","5","9"
"shahjigar81","4","5","9"
"SHAHKIAAN2812","6","3","9"
"shailik95","4","5","9"
"shakib0080","4","5","9"
"shakibam57","4","5","9"
"shakur18","5","4","9"
"shalmalijoshi5","5","4","9"
"Shalommm","3","6","9"
"ShamanKing2016","5","4","9"
"shapoorhamid","5","4","9"
"Sharkboy08","5","4","9"
"sharma1610","4","5","9"
"Sharmil","5","4","9"
"Sharpion","4","5","9"
"Shashi1-1","3","6","9"
"Shaska88","4","5","9"
"shauryagunnala","4","5","9"
"Shch13","5","4","9"
"shdhsxxy","4","5","9"
"sheepfortrees","3","6","9"
"shekhar1981","4","5","9"
"shekharfromcal","5","4","9"
"shen0081","4","5","9"
"shen0500","6","3","9"
"shen091","4","5","9"
"sherifnassar36","5","4","9"
"Shipajar","5","4","9"
"Shiv_Vick","4","5","9"
"shlimehoodrich","6","3","9"
"shnuk007","5","4","9"
"shodak","4","5","9"
"SholbyS","5","4","9"
"shonnudike","5","4","9"
"shravan74","5","4","9"
"Shriyans2020","5","4","9"
"shubha9829310699","3","6","9"
"ShulimovT","5","4","9"
"ShuTak9","5","4","9"
"shygane8","5","4","9"
"Siam","4","5","9"
"Sicaru13","4","5","9"
"Sichov","5","4","9"
"sideon","4","5","9"
"sidpmna","4","5","9"
"siegfritz","4","5","9"
"sierpinski68","4","5","9"
"signofwastedlife","4","5","9"
"SimonBucci","3","6","9"
"SimonMazag","5","4","9"
"sin1111","4","5","9"
"Sinamohamadi999","4","5","9"
"Sinclair31","4","5","9"
"Sindaengine","4","5","9"
"Sinha1234","4","5","9"
"Sinica-129","3","6","9"
"SIPARRIMAS","5","4","9"
"SiriuSamy","5","4","9"
"SISIFUS123456","5","4","9"
"Sitraka-25","4","5","9"
"Sivaguru0312","4","5","9"
"sjakkdilla","4","5","9"
"sjdir9rirnrjr9fjbf","4","5","9"
"Skakimat","4","5","9"
"Skebotetro","4","5","9"
"skeletonknight0","3","6","9"
"skeletonkopy","4","5","9"
"ski99nova","4","5","9"
"sklayou","4","5","9"
"Skonari58","4","5","9"
"Skos4n4","6","3","9"
"SkovorodinSA","5","4","9"
"sksanjeevn","5","4","9"
"skuzik","4","5","9"
"skyforest12","4","5","9"
"Skyforger","5","4","9"
"SkyMoment","5","4","9"
"SKYWHYLAIT","4","5","9"
"Sleepy-Zzzz","4","5","9"
"slimanis","4","5","9"
"slimoriginalmixer","4","5","9"
"slimshady124","5","4","9"
"Slon74","5","4","9"
"slonik0950","5","4","9"
"slowvibesx","3","6","9"
"SlrMunCrystla","4","5","9"
"slymn2","6","3","9"
"sm_1982","4","5","9"
"sm_2124","4","5","9"
"SMahich","4","5","9"
"small_999","4","5","9"
"smi_smi2002","4","5","9"
"Smokapota","5","4","9"
"snandar","5","4","9"
"SNcode","4","5","9"
"soc-aqui","5","4","9"
"Sofia-A-H","5","4","9"
"Sofiane-djemal","4","5","9"
"sofochka505","5","4","9"
"SogLt","4","5","9"
"Sohamk23","4","5","9"
"SoHumJim","4","5","9"
"Sokenbi","4","5","9"
"Sokhatyi","5","4","9"
"Sokobanja1988","5","4","9"
"soldiertodd","5","4","9"
"Solimanal3bdali1985","5","4","9"
"Solombala2016","4","5","9"
"somniad","5","4","9"
"SoniaNani","5","4","9"
"sonofthemorning666","5","4","9"
"sophgui","5","4","9"
"sophiarota2","4","5","9"
"SossaMossa","4","5","9"
"soumyaKD","3","6","9"
"soyelena123","5","4","9"
"sozoni","5","4","9"
"sp0500","4","5","9"
"sp1971","4","5","9"
"spacemanza","5","4","9"
"spaet_dran","4","5","9"
"spb_kda","5","4","9"
"spinaltap211","4","5","9"
"spinandturn","4","5","9"
"spiralgr0wth","4","5","9"
"Splashthesiren","5","4","9"
"Spon777","5","4","9"
"sPPainistan","2","7","9"
"Squalina","6","3","9"
"SQUAZZ","5","4","9"
"SquillyTheBlue","4","5","9"
"Squngus","5","4","9"
"sramsubra","4","5","9"
"src203","5","4","9"
"Sribalajiprasath","4","5","9"
"srinikaalla","4","5","9"
"ss_akbar","5","4","9"
"sskksskkss","4","5","9"
"ssskr8","5","4","9"
"ssund","4","5","9"
"ST1313","4","5","9"
"stabledifussion","5","4","9"
"stabo1","4","5","9"
"Stamkosss91","4","5","9"
"Starchik","5","4","9"
"starcruzer","4","5","9"
"Starlie","5","4","9"
"StarOl977","3","6","9"
"Stas1274","3","6","9"
"Stavrogin42","6","3","9"
"STAVROSNTARIDES","6","3","9"
"SteelPirZag019","5","4","9"
"StefanBothmann","4","5","9"
"stefanpjesivac","5","4","9"
"Steffenante","4","5","9"
"steinart5ce","5","4","9"
"stepan82","6","3","9"
"stepanovamaria","4","5","9"
"Stephan_9","2","7","9"
"StephanN87","4","5","9"
"stepsbysteps","5","4","9"
"stevemilkshakebear","4","5","9"
"Steven7913","3","6","9"
"Stevob85","5","4","9"
"stika","4","5","9"
"sto_206","4","5","9"
"stockerlutz","5","4","9"
"Stockfish_level10","4","5","9"
"stocki221","5","4","9"
"stodd1","4","5","9"
"stonemonkey222","4","5","9"
"stopapypa_228229","5","4","9"
"stroboskop","5","4","9"
"strydq","5","4","9"
"StudentNumber8633846","4","5","9"
"Stuvis","5","4","9"
"SuadSlijepcevic","4","5","9"
"subash_07","5","4","9"
"SuchAFuriousDeath","4","5","9"
"sud9999","4","5","9"
"sudahbosanmenang","5","4","9"
"SuffyanB","6","3","9"
"sukrud","4","5","9"
"Sultan567","4","5","9"
"SultanSuleyman1566","5","4","9"
"Suman7","4","5","9"
"Sumch","4","5","9"
"sumer777","4","5","9"
"sunaren23","5","4","9"
"Super-Chess-Ninja","6","3","9"
"SUPER-PAINTER","4","5","9"
"superkrieger","5","4","9"
"Superplume","5","4","9"
"supersabioo","4","5","9"
"supersaen","5","4","9"
"supershot","4","5","9"
"supertomato667","5","4","9"
"Surama_win","5","4","9"
"sure1379ali","5","4","9"
"SureshBabuji007","4","5","9"
"Surgele","4","5","9"
"suroto","4","5","9"
"Suryadeeprana2017","5","4","9"
"Suryansh09","5","4","9"
"Sushi-Master","4","5","9"
"Sushki","4","5","9"
"Sussa","5","4","9"
"SuTvi","4","5","9"
"Suvayanpal","5","4","9"
"suvor_off","4","5","9"
"Svancy","4","5","9"
"svetlanasm","5","4","9"
"Svkhbaatar","5","4","9"
"Svyatoslava_V","5","4","9"
"SwahiliX","4","5","9"
"SweetDreams0877654","5","4","9"
"SweetPotato17","6","3","9"
"SWIFTDISCOUNTSTORE","5","4","9"
"SWQADESW","4","5","9"
"syahmiHz","4","5","9"
"Sylmajaba","5","4","9"
"Szwagier_66","5","4","9"
"T_V_Vamsidhar","4","5","9"
"T34-85","6","3","9"
"Taaoo","5","4","9"
"tabataba","5","4","9"
"Tad11","4","5","9"
"Tadija1","5","4","9"
"tadziolul","4","5","9"
"TAHA_NS92","4","5","9"
"tahasadra","6","3","9"
"tahina_RAK","4","5","9"
"TAHIR_KORAY","5","4","9"
"tainasvp","4","5","9"
"tal999hala","5","4","9"
"Talab2019","5","4","9"
"Tale00710","3","6","9"
"Taleh77777","5","4","9"
"TalKiAatma","4","5","9"
"Tamizhventhan","5","4","9"
"Tangosbaliuag44","5","4","9"
"Tankist1985","3","6","9"
"TanyaSC","4","5","9"
"tao7","4","5","9"
"Taofiq","3","6","9"
"Tapanroy","5","4","9"
"TapasArka","4","5","9"
"tapaschess","5","4","9"
"Tarak95","4","5","9"
"Tararam75","3","6","9"
"tarekghazal","6","3","9"
"Tarplah","5","4","9"
"Tashvivartak","4","5","9"
"tathom01","5","4","9"
"TDK1402","5","4","9"
"Teachercoachbatil","4","5","9"
"TearOf-Sephira","5","4","9"
"Tedben800","5","4","9"
"Temikbro222","4","5","9"
"Templar1977","7","2","9"
"tendryniaina","5","4","9"
"Tenga232","5","4","9"
"TenTen101010","4","5","9"
"tesbihK","5","4","9"
"TessyO","6","3","9"
"tewur2023","4","5","9"
"teymorvali3566","5","4","9"
"tgpls","6","3","9"
"TH_POPE","4","5","9"
"Thayaparan","5","4","9"
"The_AK_47","5","4","9"
"The_Margaux","4","5","9"
"The-Chessguy","5","4","9"
"Thebenefitofthedoubt","3","6","9"
"THEBLACKBISHOPmx","3","6","9"
"theblueghost444","4","5","9"
"TheBoyBlundr","5","4","9"
"THECRoZ","5","4","9"
"Thedonut89","3","6","9"
"THEDUY08042013-TB","4","5","9"
"TheInfamousMacoy","5","4","9"
"thekinaesthetic","5","4","9"
"TheKonstantin2023","4","5","9"
"ThePrancingHorsie","4","5","9"
"There_will_be_game","4","5","9"
"TheRealLou","4","5","9"
"therealsigma69","6","3","9"
"thereisamaninthe","6","3","9"
"theskyisnotthelimit","6","3","9"
"TheSolist","4","5","9"
"TheStokedBloke","6","3","9"
"Theump03","5","4","9"
"Thisisnabi","4","5","9"
"thomas148","5","4","9"
"thomisto","5","4","9"
"thorfin6","4","5","9"
"thorium24","6","3","9"
"thrivikram3007","4","5","9"
"thtt3","4","5","9"
"thuc1168","4","5","9"
"Thunderbeast145","3","6","9"
"Thutos","3","6","9"
"tiaghu30","5","4","9"
"Tiaraju2023","5","4","9"
"Tibia1988","5","4","9"
"Tiestodw","4","5","9"
"TiiPERZ","5","4","9"
"tikenA","4","5","9"
"tikituki","5","4","9"
"Tillimanjaro","4","5","9"
"Tima_Chess2012","4","5","9"
"Tima_Mykhaylov2800","6","3","9"
"timayare08","4","5","9"
"TimKoike","5","4","9"
"TimLager","4","5","9"
"TimpaTal","5","4","9"
"Timur_Nasybullin","5","4","9"
"timurkhaan","4","5","9"
"TimurStoicev","5","4","9"
"tingk9609","5","4","9"
"Tinkiltin","3","6","9"
"Tinvir","2","7","9"
"tipangame","5","4","9"
"TishkaGG","5","4","9"
"Titan00","5","4","9"
"Tituselias","3","6","9"
"tj2loiselle","5","4","9"
"TLKRAO","5","4","9"
"tmkszch","5","4","9"
"Tnhinane29","6","3","9"
"tnsxlekt","5","4","9"
"Tobi0729","5","4","9"
"tobiasbawue","4","5","9"
"tobiasfitzke01","4","5","9"
"TokagerohGnorc","5","4","9"
"Tokhtar","3","6","9"
"Toktobek1954","5","4","9"
"TOLOROSS","4","5","9"
"TolstyiMax","5","4","9"
"Tom2288","5","4","9"
"tomasgalli","5","4","9"
"TomaszMa","5","4","9"
"tomat720","4","5","9"
"TomatosJ","3","6","9"
"tomcoul","4","5","9"
"tomjwild","4","5","9"
"Tommele","4","5","9"
"Tommyteee","6","3","9"
"tomrock","4","5","9"
"tomtat","5","4","9"
"tomzefidetapia","4","5","9"
"toni4ever","5","4","9"
"Toninux","4","5","9"
"toniors","5","4","9"
"TopG_68","4","5","9"
"TOPMARRAKECH","4","5","9"
"ToqueChess","6","3","9"
"Tora77","4","5","9"
"TORANAGAs","5","4","9"
"Torgov","5","4","9"
"Torns","5","4","9"
"totiguido","4","5","9"
"TotoTruc13","4","5","9"
"towermetals","5","4","9"
"toxa84","5","4","9"
"toyfer","7","2","9"
"TPathum412","4","5","9"
"TQZap","5","4","9"
"TrackerCoder","6","3","9"
"trajko84","4","5","9"
"trakatika","4","5","9"
"Trbngr","5","4","9"
"treinogua","5","4","9"
"Treserker","5","4","9"
"trickocreepo","3","6","9"
"Trigonometikus","4","5","9"
"trinhkhanh","5","4","9"
"Tripel1943","5","4","9"
"tron_apis","5","4","9"
"Troya_01","6","3","9"
"TsarPetro","4","5","9"
"tsog1099","4","5","9"
"TSOUDEROS","3","6","9"
"tugboatkingcrisp","4","5","9"
"Tukrrella","6","3","9"
"Tungli01","5","4","9"
"tushar1411","4","5","9"
"tutordetodo","4","5","9"
"Txemade","4","5","9"
"txoj","6","3","9"
"TyAndy","4","5","9"
"Tyberius76","4","5","9"
"UaintNoDaisy","3","6","9"
"UalihanChess","5","4","9"
"UbaldoT","3","6","9"
"uberswank","3","6","9"
"ucan12","5","4","9"
"UEFComDrop","5","4","9"
"ugrofin","5","4","9"
"UgurDikal","5","4","9"
"UGUxzaki","5","4","9"
"Ukedad","7","2","9"
"ultraslan44E","4","5","9"
"Umar_hessain","5","4","9"
"UmaraliAM","4","5","9"
"UmFerrinha","5","4","9"
"Umiyakimtp","4","5","9"
"unbillon","5","4","9"
"uncle-mattie","5","4","9"
"uncleshnuk","3","6","9"
"UnderCookedSock","5","4","9"
"Underwaterwalter","4","5","9"
"Uniden2830","4","5","9"
"unknownfrankiestein","5","4","9"
"unnamed-guy","4","5","9"
"unrevealed_source","6","3","9"
"untmdn","4","5","9"
"upcoming_gm","5","4","9"
"UPMIJim","4","5","9"
"Urban-24","4","5","9"
"Urdadlasbiann","4","5","9"
"user1231238","3","6","9"
"username2727","4","5","9"
"usrhfwo024u298","6","3","9"
"USTAD777","3","6","9"
"Utkarsh34789","4","5","9"
"Uwe1964","4","5","9"
"Uwon","4","5","9"
"Uzara-Tour","5","4","9"
"V_K_Sharma","5","4","9"
"V-E-BER","5","4","9"
"V-mon","4","5","9"
"vaaasiliy","5","4","9"
"Vaddimm","4","5","9"
"vadim_shadrin","5","4","9"
"vagelis_k81","5","4","9"
"Vahan030557","5","4","9"
"vahan1964","5","4","9"
"vahid1000","5","4","9"
"vaibhavkamthan","6","3","9"
"VAISHAK2013","5","4","9"
"valasepehr","4","5","9"
"Valentina75","3","6","9"
"ValentinKchachatur","5","4","9"
"Valentinnnl","5","4","9"
"Valera19_53","4","5","9"
"Valera339","5","4","9"
"ValeraYagafov2010","4","5","9"
"Valeriy767","4","5","9"
"valery1976","4","5","9"
"vali1234","5","4","9"
"Valiallah780","4","5","9"
"validkhalafy625","4","5","9"
"valkiran40","4","5","9"
"vanadiy20111027","5","4","9"
"vanamsharvill","4","5","9"
"VanyRabchekov2009","5","4","9"
"varenik88","4","5","9"
"VarenyaC","5","4","9"
"Varsml","6","3","9"
"vas1a","5","4","9"
"vasa7","4","5","9"
"vasilchikov1","4","5","9"
"Vasiliy1993","1","8","9"
"VasilSlavov","4","5","9"
"vasm","6","3","9"
"Vassallo8","5","4","9"
"Vasu2803k","5","4","9"
"Vasya_Bravo","4","5","9"
"vasylG25","4","5","9"
"VBoden","4","5","9"
"vecala","4","5","9"
"Vedanth_Agarwal","5","4","9"
"vedbvo","4","5","9"
"vektor007","5","4","9"
"Velfox88","4","5","9"
"veli-matti","4","5","9"
"Venca26091966","4","5","9"
"VENKATESANVENKAT","4","5","9"
"vennela10","5","4","9"
"VENOMBOOST","5","4","9"
"venug80","5","4","9"
"VeraSmi","4","5","9"
"verus313","5","4","9"
"Veteranvoloda","5","4","9"
"vetser88","4","5","9"
"Vezzolky","6","3","9"
"VGatell","5","4","9"
"VGorin","3","6","9"
"vickystar974","5","4","9"
"VICOLANIAL","4","5","9"
"victordik","5","4","9"
"vihaan31","5","4","9"
"vijaypoddar007","5","4","9"
"vijayvihi","6","3","9"
"vijish77","4","5","9"
"vikingtheone","5","4","9"
"Viktor_Dedushka","4","5","9"
"Viktor_p1","4","5","9"
"Viktor-47","4","5","9"
"viktorluizxadrezcv","6","3","9"
"viktormoller","5","4","9"
"ViljemP","5","4","9"
"Vilk68","4","5","9"
"Vinay13580","5","4","9"
"vinaykchatla","5","4","9"
"vineethar","5","4","9"
"Vinicius9419","4","5","9"
"Vinnie566","4","5","9"
"viper-pandora","5","4","9"
"Virgitoto","5","4","9"
"Vishalranglani0023","4","5","9"
"VISHNUGADE","4","5","9"
"vishwesh07","4","5","9"
"Visite_jworg","5","4","9"
"vit332299","4","5","9"
"VitalyIvanovich","4","5","9"
"VITE123","4","5","9"
"VIThomas","5","4","9"
"Vitsar","4","5","9"
"vivekjadhavv","4","5","9"
"vivektewari","4","5","9"
"Vividus","4","5","9"
"vivinator1","4","5","9"
"vizgl","5","4","9"
"vkazanee","5","4","9"
"vktnd","4","5","9"
"Vl4dislav","5","4","9"
"Vlad_c5","5","4","9"
"vlad1982","5","4","9"
"vladhil19","6","3","9"
"Vladimir-151515","5","4","9"
"VladimirPovol","4","5","9"
"vladislav02101985","5","4","9"
"Vladivor","4","5","9"
"vodet","4","5","9"
"vog3000","5","4","9"
"Vogtlaender43","4","5","9"
"Voha1979","4","5","9"
"vojtafuka10","4","5","9"
"Vok-555","4","5","9"
"Volodem","5","4","9"
"Volodimir45","4","5","9"
"volokhonsky","4","5","9"
"voloshchuk10","5","4","9"
"Volpee","4","5","9"
"vooszy","4","5","9"
"VOOVA","3","6","9"
"vova351","4","5","9"
"vovk2023","4","5","9"
"Voyager2007","6","3","9"
"VRNT","5","4","9"
"vs22113","3","6","9"
"vsenthilkumary2k","4","5","9"
"vstnita","5","4","9"
"Vukhuongduy2017","4","5","9"
"vula93","4","5","9"
"Vusale_Hesenova","3","6","9"
"VVVRA","5","4","9"
"vXAmeer","5","4","9"
"VxxTN","4","5","9"
"Vz789","4","5","9"
"w1nsw0lf","4","5","9"
"W8Whaa","5","4","9"
"Wabby","5","4","9"
"Wad-promes","4","5","9"
"waddle57","5","4","9"
"WahedCalgary","4","5","9"
"Wahiiid111","5","4","9"
"Waiim","4","5","9"
"waleed720","4","5","9"
"walidaboura","5","4","9"
"walidelatchani","6","3","9"
"walidsaude","4","5","9"
"walkerera","4","5","9"
"walleter","4","5","9"
"walter1566","5","4","9"
"wamaewairimu","4","5","9"
"wanderean","5","4","9"
"wangaiying","5","4","9"
"wangradja1","5","4","9"
"warian","5","4","9"
"Warrior_08","5","4","9"
"Wassal","4","5","9"
"Wassim_LR","4","5","9"
"wawitayluisangel","5","4","9"
"Wayme555","5","4","9"
"wecsog","5","4","9"
"wedy","5","4","9"
"weedram","4","5","9"
"weedzdon","5","4","9"
"weekshome","4","5","9"
"weelze","4","5","9"
"Weidenfaust","4","5","9"
"welcome_5","4","5","9"
"Wellgunde","5","4","9"
"werganist","4","5","9"
"wernerklueber","5","4","9"
"werwiewas42","4","5","9"
"wFlightverde","6","3","9"
"WhiteAldr","5","4","9"
"WhiteElef","4","5","9"
"whyyzzzer","5","4","9"
"WideGirth","5","4","9"
"widuque","5","4","9"
"Wilberwar","5","4","9"
"WileEthelbert","6","3","9"
"Will_Terner1608","4","5","9"
"willblakey","8","1","9"
"WillyWobbler","2","7","9"
"Winner09","4","5","9"
"WinnerionTor","3","6","9"
"winterfreshcatnip","3","6","9"
"Wirtines","5","4","9"
"witt0","5","4","9"
"wizardquothe","4","5","9"
"Wmhuggin","5","4","9"
"Woelfi","4","5","9"
"wonderingbread","5","4","9"
"Woudreus","5","4","9"
"wowo86","5","4","9"
"wtfzahraa","5","4","9"
"xacatur","5","4","9"
"Xacmoul3","4","5","9"
"xAlphaKedy2","4","5","9"
"xassannn","4","5","9"
"xchesspredatorx","6","3","9"
"xequemate12","4","5","9"
"Xeyal_dream","5","4","9"
"xhaferberisha","4","5","9"
"Xinghe","3","6","9"
"xitsaitsai-129","4","5","9"
"Xman1256","5","4","9"
"xmasunicorn","4","5","9"
"xorics","5","4","9"
"XOSERRA","3","6","9"
"xrizzke","4","5","9"
"Xrystel","5","4","9"
"Xtheduke","4","5","9"
"XuezhouZhao","5","4","9"
"XVK_00","5","4","9"
"Xxx77777","4","5","9"
"xyz11111","3","6","9"
"y13k11","5","4","9"
"ya2021","5","4","9"
"yaalda","3","6","9"
"yacinebakhti1","5","4","9"
"yacob1991","6","3","9"
"Yadef27","4","5","9"
"Yamandes","4","5","9"
"YaMaSiDa","8","1","9"
"Yankov_Sergei","4","5","9"
"Yaroslav111113","4","5","9"
"YaroslavGrigorev","3","6","9"
"YaroslavKozyk","4","5","9"
"YaroslavShenyaev","4","5","9"
"yasermohamad91","3","6","9"
"yashsarkale","6","3","9"
"yashvin2012","4","5","9"
"yassin_mrc","4","5","9"
"YBecomesAGM","3","6","9"
"yeetboi17","5","4","9"
"yerdnavesarak","6","3","9"
"Yfyf69","5","4","9"
"yg_1983","4","5","9"
"yGennadiya","5","4","9"
"YHunter1","4","5","9"
"Yikers69420","5","4","9"
"yizhenglin","4","5","9"
"YLCpr","5","4","9"
"ynnos81","4","5","9"
"yogi8355","5","4","9"
"yolok1255","4","5","9"
"yongzhengwang","5","4","9"
"yonvolu","5","4","9"
"YosvanyFerreiro","5","4","9"
"you_move_next","4","5","9"
"YounesAli","5","4","9"
"YOUNGCRISTZ","4","5","9"
"yousefashrf","5","4","9"
"yousufmamun","4","5","9"
"Yozurax","3","6","9"
"YRIU_85","5","4","9"
"ys08399","5","4","9"
"ysharma24","5","4","9"
"yuangejia","5","4","9"
"Yudi2023","6","3","9"
"Yugioh666","5","4","9"
"yunikster","4","5","9"
"yunlun","4","5","9"
"yunwei","5","4","9"
"Yura_09_Galyanin","4","5","9"
"yurchak34","4","5","9"
"YurgenH","5","4","9"
"yuri_cherlanov","5","4","9"
"Yuri_Dubinin15000021","4","5","9"
"Yurii_307","4","5","9"
"Yurij111","4","5","9"
"Yuriy2","4","5","9"
"YuriyPekshev","3","6","9"
"yusufunkelpoposu","5","4","9"
"YuvalMilner","5","4","9"
"Yuvenj","5","4","9"
"yvan64","4","5","9"
"YVESG54","5","4","9"
"yyildir2","5","4","9"
"yykhalid59sy","3","6","9"
"Yzeren77","4","5","9"
"yzmy9496","4","5","9"
"yzn37854","5","4","9"
"Z_AINAB35","5","4","9"
"ZackBusner","5","4","9"
"zadu","4","5","9"
"Zaga49","4","5","9"
"ZamyatinND","5","4","9"
"Zanma","5","4","9"
"Zapzerohero","5","4","9"
"Zaroual","3","6","9"
"Zasri","4","5","9"
"ZB-KOKSALYAZCI3","5","4","9"
"zbolbolcu","4","5","9"
"zechariah_2007-lotfy","5","4","9"
"zedd13f","4","5","9"
"Zeitis","5","4","9"
"zekibg","5","4","9"
"zenedi","4","5","9"
"zepherxis","3","6","9"
"Zeromania","5","4","9"
"Zgr13","4","5","9"
"Zhendosik","4","5","9"
"Zhilenkov","5","4","9"
"zhuravlegan24","4","5","9"
"ZiadChamai","4","5","9"
"Zidar95","6","3","9"
"Zideha","3","6","9"
"ziggyzee","5","4","9"
"Zihaochua","4","5","9"
"Zisrf","4","5","9"
"zivaziva1","4","5","9"
"zizoooo_z","4","5","9"
"znaa","4","5","9"
"znaking","4","5","9"
"Zniter","5","4","9"
"ZniwiarzJul","4","5","9"
"zohirch","5","4","9"
"zojgame","5","4","9"
"zolotoy_blender","3","6","9"
"zorkunlu","5","4","9"
"Zou_Winchester","5","4","9"
"zouhair87","4","5","9"
"zoz7","4","5","9"
"ZSN32","4","5","9"
"Zuriel10","5","4","9"
"ZUZONIA","5","4","9"
"Zxxt677xczxx","5","4","9"
"zybir","4","5","9"
"Zyga195407","5","4","9"
"Zyind","5","4","9"
"zzrdr","4","5","9"
"zzuhxl","4","5","9"
"a_elbaz6695","4","4","8"
"A_K_2002","5","3","8"
"A_n_a_k_i_n","4","4","8"
"A_Sergey","3","5","8"
"A_Vildan","3","5","8"
"A1234AbdoO01234","4","4","8"
"A17101992","4","4","8"
"A19811981","5","3","8"
"A20blazer420","4","4","8"
"a2254918","4","4","8"
"A23fhvj","3","5","8"
"A2B5","3","5","8"
"A62053939JOSEMIR","4","4","8"
"a69125","4","4","8"
"aa_juan","4","4","8"
"aaandrei80","3","5","8"
"aaasssraf123","4","4","8"
"Aadlaan","4","4","8"
"Aagney_OFS","4","4","8"
"aahanif","4","4","8"
"Aahvaan","4","4","8"
"aakanksha17","4","4","8"
"aakash_patil14","4","4","8"
"aam55","2","6","8"
"aanon","4","4","8"
"Aaos87","4","4","8"
"Aarav-Sharma-2016","5","3","8"
"aaravfalcon123","4","4","8"
"Aarit_OP","4","4","8"
"Aaron751","4","4","8"
"Aaruhi-Raj","4","4","8"
"aarweeshrivastava","3","5","8"
"aayalac","3","5","8"
"abandonedd","4","4","8"
"ABatrasov","4","4","8"
"abaziono","4","4","8"
"abbaseskandari2","3","5","8"
"abbaskamaee","5","3","8"
"abd_omidi","4","4","8"
"Abd0oo0gamal","4","4","8"
"abdelatif-37","4","4","8"
"ABDELRAHMAN_x_o","4","4","8"
"Abder1","4","4","8"
"Abdukarim1957","3","5","8"
"Abdul_karkn","3","5","8"
"ABDUL_RAZAK7","3","5","8"
"abdulbouhlel","4","4","8"
"abdullah1kormosh","4","4","8"
"abdulvahid","5","3","8"
"Abdurakhman08","4","4","8"
"AbdurrahmanHoca09801","3","5","8"
"abemarcus","4","4","8"
"AbhiBhosale23","3","5","8"
"Abhijeet_2021","4","4","8"
"Abhomaee","4","4","8"
"abi31","4","4","8"
"abimarazu","4","4","8"
"Abineshg21","5","3","8"
"Abkrinooh","4","4","8"
"Abo_Sari67","4","4","8"
"Abo_Yasir96","3","5","8"
"aboahmed5","4","4","8"
"abofaris313","4","4","8"
"abohamdi","5","3","8"
"abolghasem7","3","5","8"
"abomamn","4","4","8"
"ABOVE_YOU","3","5","8"
"Abu-Bkr","5","3","8"
"Abuaziz","4","4","8"
"abunailah","4","4","8"
"ABunchOfLetters","3","5","8"
"Acamas1","4","4","8"
"acapone777","5","3","8"
"Ace1020302","4","4","8"
"acerdywo","4","4","8"
"Aces-15","4","4","8"
"Acherme","5","3","8"
"achris09","3","5","8"
"Achyl_1954","5","3","8"
"ACM_BioDedrajo","4","4","8"
"acrobin","4","4","8"
"adaghlavi37","4","4","8"
"adak18a","4","4","8"
"adam_gavrilov","5","3","8"
"Adamastos","5","3","8"
"adams712","4","4","8"
"adamsmithh","3","5","8"
"adaroz21","4","4","8"
"addisinia","4","4","8"
"adeabris","6","2","8"
"Adelmahmoud","4","4","8"
"adfleming","5","3","8"
"Adgarchik","4","4","8"
"adil_nafii","4","4","8"
"Adil-bulbul","4","4","8"
"adilbahi","4","4","8"
"Adimaiko","5","3","8"
"Aditribaisya","4","4","8"
"Adityapawar00","4","4","8"
"Adlet25","3","5","8"
"adm2708","5","3","8"
"Admiral_610","4","4","8"
"Admm9908","5","3","8"
"adnan181","4","4","8"
"adonim","4","4","8"
"Adonis_creed","4","4","8"
"Adrhman","4","4","8"
"AdrianaHC","4","4","8"
"AdrianDeArmas","4","4","8"
"adrianom1985","4","4","8"
"Adrianorly","4","4","8"
"adribure","3","5","8"
"AdrienMB","5","3","8"
"Adrienne99","2","6","8"
"AeliusMaxxx53","3","5","8"
"Aerocot2","4","4","8"
"aerweisibaxi","4","4","8"
"afghanistann","3","5","8"
"Aga_Champion","3","5","8"
"agagagarqr1","4","4","8"
"agalarov4747","4","4","8"
"Agauptpd","4","4","8"
"agelehkhavari","4","4","8"
"agent_Alice","5","3","8"
"AgentPizza123","5","3","8"
"Aggarwal_12","3","5","8"
"AGKKGA","2","6","8"
"agl_chess","4","4","8"
"aGnese_straf","3","5","8"
"agnick15","4","4","8"
"Agnitus","5","3","8"
"Agroub89","3","5","8"
"Agrubet","2","6","8"
"Agualongo","5","3","8"
"Aguan839","4","4","8"
"Agus14","4","4","8"
"AgusRiswandy","5","3","8"
"Agustin_LA","3","5","8"
"Agustin0007","4","4","8"
"agustinusyulianto23","4","4","8"
"AHfouad","4","4","8"
"Ahhmad_albderat0797","5","3","8"
"Ahmad4464","4","4","8"
"ahmad975","4","4","8"
"ahmad99hjjara","4","4","8"
"ahmadbaz10","4","4","8"
"ahmadmehr2022","3","5","8"
"ahmadreza1380","4","4","8"
"Ahmadsham","3","5","8"
"Ahmdjoker","3","5","8"
"Ahmed_nour71","4","4","8"
"Ahmed_Ref3at_7","3","5","8"
"Ahmed-H-A","3","5","8"
"Ahmed-mo12345","5","3","8"
"Ahmed1324577","4","4","8"
"ahmed1923","4","4","8"
"Ahmed566ty","4","4","8"
"ahmed570","5","3","8"
"Ahmed8900","3","5","8"
"AhmedAbdEl-Samee","4","4","8"
"Ahmedabidhm1989","4","4","8"
"ahmedabuelmagd","4","4","8"
"ahmedaminrashad","3","5","8"
"Ahmeddema","4","4","8"
"AhmedElhelali","6","2","8"
"Ahmedjdj","3","5","8"
"ahmedmahgoob55555","4","4","8"
"AhmedRady011","6","2","8"
"ahmedrefaat223","4","4","8"
"AhmedSabry2003","4","4","8"
"Ahmedsalah1528","4","4","8"
"AhmedSaleh4386","4","4","8"
"ahmedtahiri11","4","4","8"
"ahmedtkr","3","5","8"
"ahmethakan57","4","4","8"
"Ahmettrex","4","4","8"
"ahoora_02","4","4","8"
"ahoorarastravan","4","4","8"
"ahuwra","5","3","8"
"aiadlll","4","4","8"
"AIBCS777","3","5","8"
"aidar4098","5","3","8"
"Aiko_Yel","4","4","8"
"aimara","5","3","8"
"aimless1","4","4","8"
"aiupreygfrees","5","3","8"
"Aizarna","4","4","8"
"Aizen-Shibigami","4","4","8"
"aj_diaz817","4","4","8"
"ajedrez1000","4","4","8"
"Ajedrezess2023","3","5","8"
"ajedruben","3","5","8"
"ajoao","5","3","8"
"ajoke123","3","5","8"
"ajvj123","4","4","8"
"aka_t","5","3","8"
"akakakakakkaads4","4","4","8"
"AkashDixit","5","3","8"
"AKbarkhoSHHAL","4","4","8"
"Akhmetov_Sergey","3","5","8"
"akiebot","4","4","8"
"AkiraIrino","4","4","8"
"akis1977","5","3","8"
"aklarli","4","4","8"
"AKMHaque","2","6","8"
"AkmunRa","3","5","8"
"akodaciev1234","4","4","8"
"akramdiamond2000","3","5","8"
"Akramnnn","4","4","8"
"aksel93","5","3","8"
"Akskot15","4","4","8"
"Akuramei","3","5","8"
"akyolcular12345","4","4","8"
"Al_iEN55","4","4","8"
"al50","4","4","8"
"Alaa1549","6","2","8"
"Alaa8Osama","4","4","8"
"alaadar89","4","4","8"
"alan600","4","4","8"
"Alarich1","4","4","8"
"Alasadi","4","4","8"
"ALB26","4","4","8"
"AlberClaus","4","4","8"
"Albert63","4","4","8"
"Albert8206","4","4","8"
"AlbertC2011","4","4","8"
"Albierzo","4","4","8"
"AlcibiadesL","6","2","8"
"alcn12r","5","3","8"
"Aldeagarci","4","4","8"
"ale8927","3","5","8"
"Alecprime","4","4","8"
"aledjo","4","4","8"
"AlejandroMR06","4","4","8"
"AlekDegtew","4","4","8"
"Aleks945","4","4","8"
"Aleksandr_080565","6","2","8"
"Aleksandr_2","3","5","8"
"Aleksandr_Smirnov_84","3","5","8"
"Aleksandr-46","4","4","8"
"AleksandrAL88","4","4","8"
"AleksandrFrankevich","3","5","8"
"AleksandrMedvedev","4","4","8"
"Aleksei_Vladimiro-ch","3","5","8"
"Alen1982","3","5","8"
"Alenaapt","3","5","8"
"ales62","5","3","8"
"Alex_Overman","3","5","8"
"ALEX_PATSKO","3","5","8"
"alex_smite","3","5","8"
"Alex1881","4","4","8"
"alex2001bobyr","4","4","8"
"Alexahar","3","5","8"
"Alexander_Sirotin","5","3","8"
"Alexander6974","4","4","8"
"Alexander705","4","4","8"
"AlexanderMoranCR","4","4","8"
"AlexanderRomanoff","4","4","8"
"AlexanderSanti","3","5","8"
"AlexanderxPaul","4","4","8"
"Alexandr3291","4","4","8"
"AlexBjorn2000","4","4","8"
"AlexChessJourney","4","4","8"
"AlexDSKA","5","3","8"
"Alexek2011","4","4","8"
"Alexey_Gerasimov","4","4","8"
"Alexey_Odintsov","5","3","8"
"AlexeyPan","5","3","8"
"ALEXHAT","4","4","8"
"AlexiosK","4","4","8"
"alexkuh","5","3","8"
"AlexSenra","3","5","8"
"alexsilva95","5","3","8"
"AlexUpIn","3","5","8"
"AlexYakov4149","5","3","8"
"alf40001","4","4","8"
"alfalfa_thackett","4","4","8"
"alfalfaZEROfish","4","4","8"
"alfatup","4","4","8"
"Alfharov","4","4","8"
"alfil_desquisiado","3","5","8"
"Alfin25","4","4","8"
"AlfonsoRabadan","4","4","8"
"Alfonsosanti","4","4","8"
"Alheph123","5","3","8"
"Ali_allafi56","4","4","8"
"Ali_Tahini709","4","4","8"
"ali0059","4","4","8"
"Ali007iq","3","5","8"
"Ali0lev","4","4","8"
"Ali122333444","6","2","8"
"Ali1516","5","3","8"
"Ali16ZD","4","4","8"
"AliAloosh7","4","4","8"
"Aliber07","4","4","8"
"alibonaparte1","4","4","8"
"alielgohary123","3","5","8"
"AliElnady777","4","4","8"
"alierdas","4","4","8"
"Alih8888","4","4","8"
"alikarimii1405","4","4","8"
"AliKeremOlcer","4","4","8"
"Alikhanski","5","3","8"
"Alimaki","5","3","8"
"Alintret","4","4","8"
"aliozler","4","4","8"
"alipzv","4","4","8"
"Alireza_Nourizad","3","5","8"
"Alireza3709","4","4","8"
"alireza662424","4","4","8"
"alirezadibaj","3","5","8"
"alirezaGm1020","4","4","8"
"aliser21","4","4","8"
"Alisher2111","4","4","8"
"alisolymani","4","4","8"
"alitoq","5","3","8"
"Alixan_Raim","2","6","8"
"Alizarei55","3","5","8"
"Aljeda1511","4","4","8"
"AlJEsca","5","3","8"
"allan38","6","2","8"
"Allawi1993","3","5","8"
"allcandonga","5","3","8"
"Allecio","4","4","8"
"alleiuoL","4","4","8"
"alleniverson99","3","5","8"
"allian05","5","3","8"
"Almat27","5","3","8"
"alpurs","4","4","8"
"Alquerias","3","5","8"
"ALSALCEDO_23","4","4","8"
"AlterEgoC","4","4","8"
"Altoids701","4","4","8"
"altunbay","4","4","8"
"AlvaroMs","4","4","8"
"Alveus","2","6","8"
"Alvin91","4","4","8"
"alvkanap","4","4","8"
"alwaysConfused","4","4","8"
"AlwaysDizzy","3","5","8"
"alymbekovzhyldyzbek","4","4","8"
"Aman09M","3","5","8"
"amandlaawethu","4","4","8"
"amansauraya","4","4","8"
"Amanzhol-aga","4","4","8"
"Amar_india","4","4","8"
"amarben","3","5","8"
"AMATAR2019","4","4","8"
"ameerhamdan111","3","5","8"
"Amer777111","5","3","8"
"Ameyakadkade","3","5","8"
"amiiirzzz1555","4","4","8"
"Amin31","3","5","8"
"Amina_09_05","4","4","8"
"amine-51","5","3","8"
"Aminul_Islam_Khan","4","4","8"
"amir_bagheri137821","3","5","8"
"Amir_hoosein1387","4","4","8"
"amirabdollahi123","4","4","8"
"Amirali-hojjatian","4","4","8"
"Amiralieimani","4","4","8"
"Amirram","4","4","8"
"amirreza-2014","3","5","8"
"amirreza135792468","5","3","8"
"Amirxway","4","4","8"
"Ammar180","4","4","8"
"amoore19","4","4","8"
"AmoreGJ","5","3","8"
"Amr_Amro","5","3","8"
"Amrfdal","5","3","8"
"amrmaher43","3","5","8"
"AmrMoussa","5","3","8"
"Amrzzo","4","4","8"
"amt116","4","4","8"
"anar402","4","4","8"
"Anarat55","4","4","8"
"Anas551","4","4","8"
"AnasMogahed89","5","3","8"
"anasse2869","4","4","8"
"Anasstassiaa","4","4","8"
"Anatolij_Andreev","4","4","8"
"Anatoliy12","4","4","8"
"anchitranjan45","4","4","8"
"AndereyazadaUG","4","4","8"
"AndiChessMaster","4","4","8"
"andrea-vergnano","5","3","8"
"Andrea68GE","3","5","8"
"Andreaspap6","4","4","8"
"Andreich98","4","4","8"
"AndreiKh","4","4","8"
"andreinsano","4","4","8"
"Andrenessias","5","3","8"
"andres_castro_15","4","4","8"
"Andres_Gandara","5","3","8"
"andresantu","4","4","8"
"andresargentina222","1","7","8"
"AndresasCep","4","4","8"
"AndresB3310","4","4","8"
"andresoe","5","3","8"
"Andrewttng","4","4","8"
"Andrey_nkl","4","4","8"
"Andrey55555","4","4","8"
"AndreyKom","2","6","8"
"AndreyMkrtchyan12","4","4","8"
"andreypopp","4","4","8"
"AndreyS888","3","5","8"
"Andriy62","5","3","8"
"AndRUxa1974","4","4","8"
"Andry07","4","4","8"
"andy0806","3","5","8"
"Angel_1474737","4","4","8"
"AngelGamer13","4","4","8"
"AngelHDax","4","4","8"
"Angelina_0911","4","4","8"
"AngelinaSh","4","4","8"
"angelovillanueva","5","3","8"
"angelzz_12","3","5","8"
"angfnt","3","5","8"
"angry_andy","3","5","8"
"angshu10us_kopt","3","5","8"
"anguebus","5","3","8"
"anhkhoi1","4","4","8"
"anianianianiania","4","4","8"
"AniCher","2","6","8"
"aniket_2775","4","4","8"
"aniketpancharia","3","5","8"
"AnIllegitimateChild","4","4","8"
"animesh1k","5","3","8"
"Animorphax","4","4","8"
"Anjali2019","3","5","8"
"anjaliqatar","5","3","8"
"anjmal","3","5","8"
"ankhangc","4","4","8"
"AnkushBain","4","4","8"
"ann40","5","3","8"
"Anna_Drakina","4","4","8"
"annanaoke","4","4","8"
"Annarapugk","5","3","8"
"annasnai","3","5","8"
"anneidys","5","3","8"
"annnnn5647_6_5-54","3","5","8"
"anony_achi_mous","4","4","8"
"Anonymouse3","4","4","8"
"anoopvijayan","4","4","8"
"AnoRak999","3","5","8"
"AnOsY1989","4","4","8"
"Ansee","6","2","8"
"anshuman7163","4","4","8"
"Anstija","5","3","8"
"ant_w","4","4","8"
"antanja2791","3","5","8"
"antershaker","1","7","8"
"Antikaziyn3","4","4","8"
"antiochia2","5","3","8"
"antique_1965","4","4","8"
"AntisMatterMovement","4","4","8"
"antivirus67","5","3","8"
"Anto_domi2013","4","4","8"
"anto_samlin","4","4","8"
"antomacotonygarmac","3","5","8"
"anton4866","5","3","8"
"AntonAntonAntonAnton","3","5","8"
"AntonBessarabov","4","4","8"
"Antoniojaume","4","4","8"
"antonog85","4","4","8"
"antonrenju","4","4","8"
"Antony314","4","4","8"
"antystas","2","6","8"
"anubhav_gope","4","4","8"
"aoi851","4","4","8"
"APEnglish010","4","4","8"
"Apexima","3","5","8"
"aplayr","6","2","8"
"apolayon","3","5","8"
"appleJuice30","4","4","8"
"april1969","4","4","8"
"aputipu","4","4","8"
"aqil93","3","5","8"
"aquilesl","4","4","8"
"araberingin","4","4","8"
"arakel11","3","5","8"
"aramali52","3","5","8"
"aramhosseini123","5","3","8"
"aranzanasilvia","4","4","8"
"arcane31","5","3","8"
"Arch_villain","4","4","8"
"Archi_1975","4","4","8"
"Archishmandas","4","4","8"
"ArdA10fb","4","4","8"
"ArdaMertA11","4","4","8"
"Arek999mak","4","4","8"
"Ares-Mars33","3","5","8"
"Argonothe","3","5","8"
"ArielAderet5","4","4","8"
"Arina2015","3","5","8"
"ArinPal","4","4","8"
"aristoux","4","4","8"
"Aritra_2009_Tunga","4","4","8"
"aritzlapa","4","4","8"
"ariyan1395-1395","5","3","8"
"Arjan911","4","4","8"
"arjit_2207","4","4","8"
"Arjvul","4","4","8"
"ArkadyYT","4","4","8"
"ArlesBey","2","6","8"
"Arman_Bai","3","5","8"
"arman7hs","4","4","8"
"Armanabg","4","4","8"
"Armyanm","4","4","8"
"Arn0","5","3","8"
"Arne27","4","4","8"
"ARO944","3","5","8"
"Arpit39","4","4","8"
"ArpixTalker","3","5","8"
"Arrow_24","4","4","8"
"Ars15","4","4","8"
"arsalan660728","4","4","8"
"Arsen_07","5","3","8"
"Arsen_Otar4iev","4","4","8"
"Arseny2014","4","4","8"
"ARSIMNES","4","4","8"
"ArtBuyan","4","4","8"
"Artem9301","4","4","8"
"Artemfedor","5","3","8"
"ArtemNora","4","4","8"
"Artemq99","4","4","8"
"ArtemTursanov","2","6","8"
"Arthur_Devienne","3","5","8"
"arthurje","3","5","8"
"Artlife-master","4","4","8"
"ArtNev","3","5","8"
"artur_sorokin","4","4","8"
"Arturioprimorye","5","3","8"
"Arturito22822","5","3","8"
"artykov_a","4","4","8"
"arugon95","4","4","8"
"arunnallapoolu","5","3","8"
"arush123","4","4","8"
"Arventy","4","4","8"
"arvheckjays","4","4","8"
"arvinbadion","4","4","8"
"arya24m","4","4","8"
"ARYAMAAN060312","4","4","8"
"ARYAN_SHETTY_72","5","3","8"
"aryanasadi","5","3","8"
"asdavud","4","4","8"
"asdfghjkl2789","4","4","8"
"Asdfju88","5","3","8"
"AselOZ","3","5","8"
"asent79","4","4","8"
"ASEPSLOTMCS","4","4","8"
"asgirish","3","5","8"
"ASHRAFAYAD","5","3","8"
"Askarchess","4","4","8"
"AskarJuvandykov","3","5","8"
"AskarUrinov1975","4","4","8"
"Aslan6697","4","4","8"
"AsleyPC","4","4","8"
"Asthemaniac","4","4","8"
"Ata1959","5","3","8"
"atanas_mlad","4","4","8"
"Ataur1","4","4","8"
"Atilaelazote","3","5","8"
"atilla01","2","6","8"
"atlas36","5","3","8"
"Atotolin","4","4","8"
"Atrin_tavanai","4","4","8"
"attonyjong","3","5","8"
"attorneywoo","5","3","8"
"ATySE","5","3","8"
"AudioMan89","4","4","8"
"Auf-Hause","4","4","8"
"Auftraggeber","4","4","8"
"augustoso777","5","3","8"
"aureliano182","4","4","8"
"aurelwu","4","4","8"
"AutisticYY7","4","4","8"
"avanunts","4","4","8"
"Avatrmax","4","4","8"
"Avbusterplayer","4","4","8"
"AVDAXQVE","3","5","8"
"Avi07DB","4","4","8"
"avik3008","5","3","8"
"Avkor54","5","3","8"
"avram1954","4","4","8"
"Avus_N","4","4","8"
"Awut","5","3","8"
"Axbake","3","5","8"
"axelgottschalkaxel","4","4","8"
"axobie","4","4","8"
"Ayaanbansal123","4","4","8"
"AYAZ_ANSARI","4","4","8"
"aymenD","4","4","8"
"ayoakum_50","4","4","8"
"Aytemur23","4","4","8"
"AzaKham","4","4","8"
"AzerSeferov","4","4","8"
"azimmehvari","4","4","8"
"azmussen","4","4","8"
"Azoz9","3","5","8"
"Azpiterio","4","4","8"
"b1nibal","3","5","8"
"b7p4","4","4","8"
"Ba1sHaR","3","5","8"
"babagucu","3","5","8"
"BabaMartinez","4","4","8"
"Babanton","4","4","8"
"bacarat66","4","4","8"
"BaCaReal","4","4","8"
"Backstabber-Vahshi","3","5","8"
"baconrobin143","3","5","8"
"badalzadeh60","4","4","8"
"Badhawk","3","5","8"
"badmoe","4","4","8"
"BadPryanik","4","4","8"
"BadPushok","4","4","8"
"Badralmusic","4","4","8"
"badrinathsai","3","5","8"
"badrlamal","4","4","8"
"Baghawat","3","5","8"
"baha_salka","3","5","8"
"BAHRAMIAMIR","6","2","8"
"baime11","5","3","8"
"bair1337","4","4","8"
"bajwa01","5","3","8"
"bakalin","1","7","8"
"bakbergent","3","5","8"
"Bakhyt_Magjan","4","4","8"
"Baki1967","4","4","8"
"bakkerfather","4","4","8"
"bakulkecambah","4","4","8"
"bakunin1533","3","5","8"
"Baladhya","4","4","8"
"Balahybrid","4","4","8"
"balatero","3","5","8"
"baliyavuz","4","4","8"
"BalkanBashavel","5","3","8"
"ballz2thawallz760","3","5","8"
"Balovzky","6","2","8"
"baltahotel","3","5","8"
"Baltazar2021","5","3","8"
"Bamakot","3","5","8"
"Bambam5","4","4","8"
"BambyDPT","4","4","8"
"bamel","3","5","8"
"banan67","3","5","8"
"Bandari","4","4","8"
"bandipboro","4","4","8"
"banman0","3","5","8"
"bansaldips","4","4","8"
"BARANS07","4","4","8"
"barcakvanto","5","3","8"
"Bardiafarrokhi","6","2","8"
"BardiyaKRG","5","3","8"
"baren44","4","4","8"
"BarisAralBalya20171i","4","4","8"
"bariss_1699","4","4","8"
"Barlagar","4","4","8"
"Baron747","4","4","8"
"BaronDls","4","4","8"
"BarrosoLuis","5","3","8"
"BarryBuster","4","4","8"
"Barsaentes","3","5","8"
"bartheyrman","5","3","8"
"baru_leviatan2006","5","3","8"
"Baselin12","5","3","8"
"basheertm","4","4","8"
"Basparof","5","3","8"
"Basrahvat69","3","5","8"
"Bat_04","3","5","8"
"Batag","4","4","8"
"Batalias","4","4","8"
"Batata_Presley","3","5","8"
"Batman_Emir_Abi","3","5","8"
"Batmanli","4","4","8"
"batmanzar","4","4","8"
"Bauz11","2","6","8"
"Baz_on_track","4","4","8"
"BazingaArma","4","4","8"
"BBboris123","4","4","8"
"bbmoro","3","5","8"
"bbryant54","5","3","8"
"bcmzz","5","3","8"
"bdimitrov48","4","4","8"
"bearhotch","4","4","8"
"beast2024","4","4","8"
"Beastorov","2","6","8"
"bechirelghazali","5","3","8"
"Becki50","4","4","8"
"Bedeebedee","3","5","8"
"Beduin1961","5","3","8"
"beerandbear","4","4","8"
"Begon71","4","4","8"
"behnamnafei","5","3","8"
"bekuzarro","4","4","8"
"belborg","4","4","8"
"belladorje","3","5","8"
"bellaschi","4","4","8"
"Bellataminal","4","4","8"
"belovedcomedian","4","4","8"
"Ben_254-muema","4","4","8"
"benibiz","5","3","8"
"Benjacook","5","3","8"
"benjames18","5","3","8"
"BenjaminFranklin76","4","4","8"
"BENJAPRO1000","4","4","8"
"benonij","4","4","8"
"Benonipuder","4","4","8"
"Benshalom","5","3","8"
"Benzi12321","4","4","8"
"Beomeansbee","4","4","8"
"Beppi","5","3","8"
"berdi01","3","5","8"
"berkay333","3","5","8"
"Berlusc","4","4","8"
"Bernard-SJKCKHAICHEE","4","4","8"
"Bernhas","5","3","8"
"Berny27","4","4","8"
"BES49","3","5","8"
"besanajoseph","5","3","8"
"Besposhadniy","3","5","8"
"besshansov00","4","4","8"
"bethharmonseinvater","4","4","8"
"bettsergey","3","5","8"
"Bezshansov01","4","4","8"
"Bgguli","4","4","8"
"Bhaikan123","4","4","8"
"bhanuteja1245097","4","4","8"
"BhargavR","4","4","8"
"BHAVANI0429","4","4","8"
"Bhavesh_Kumar","4","4","8"
"Bi2nodDas","3","5","8"
"bi7","5","3","8"
"biala","4","4","8"
"Biancav","4","4","8"
"Bibinur_Andreevna","3","5","8"
"Bifiel","4","4","8"
"big_knowles","4","4","8"
"BigBeefTacosupreme","5","3","8"
"BigBoss54","3","5","8"
"bigdata01","5","3","8"
"bige1969","4","4","8"
"bigeer88","5","3","8"
"BigJ3ngine","5","3","8"
"biglooooser","4","4","8"
"bigrtyn","4","4","8"
"bigsky2995","4","4","8"
"BigTom78","4","4","8"
"bigubro","5","3","8"
"Bijay0201","4","4","8"
"BilalSammie","4","4","8"
"bilgihankaya","3","5","8"
"Bilguun_976","3","5","8"
"billbring","4","4","8"
"billohassan229","4","4","8"
"billy-g","4","4","8"
"billy02","5","3","8"
"bingo1296","5","3","8"
"biojazz18","3","5","8"
"Bionaire","4","4","8"
"bipomo49","5","3","8"
"biquick","4","4","8"
"bitolski","4","4","8"
"Bix73","4","4","8"
"Bizon100","4","4","8"
"Bjkquaresma1903","4","4","8"
"Bjorn2022","4","4","8"
"BKC_LaiQuocDat","3","5","8"
"bl-alshakh","3","5","8"
"Black_knigjt","4","4","8"
"blackav","3","5","8"
"blackbelt46","5","3","8"
"BlackConnections","3","5","8"
"BlackDereker","5","3","8"
"Blackdge","3","5","8"
"BlackEye2006","4","4","8"
"Blackhackzz","4","4","8"
"Blackknight51","5","3","8"
"blackmaster19","4","4","8"
"blackout00","3","5","8"
"Blackqueen2399","5","3","8"
"BlackSlon","4","4","8"
"blackwinger","4","4","8"
"Blak34n","4","4","8"
"blankka","4","4","8"
"blartvarsenwald","4","4","8"
"Blascogod","3","5","8"
"Blaster82","4","4","8"
"Blaustar333","4","4","8"
"Blazhevich","4","4","8"
"BlckDg","5","3","8"
"bleiser28","4","4","8"
"blessedw","3","5","8"
"blist63","4","4","8"
"bLksauron","5","3","8"
"Blobthebuilders012","5","3","8"
"bluebetterdesert","4","4","8"
"BluePlayer67","4","4","8"
"bluepupa","4","4","8"
"BluntThenBlunder","4","4","8"
"Bobava","4","4","8"
"Bobby_Fischer16","5","3","8"
"Bobby_is_back1234","4","4","8"
"bobbymote","3","5","8"
"bobertomer","3","5","8"
"bobur_92","3","5","8"
"Boerte","4","4","8"
"Bogomir20","4","4","8"
"bojc","5","3","8"
"Bojen24","3","5","8"
"bokku1202","4","4","8"
"bomba11116-bomba","5","3","8"
"bombochess","5","3","8"
"Bommu2020","3","5","8"
"bonader2600","3","5","8"
"Bongkie","3","5","8"
"bonnynemia","6","2","8"
"Boobabay","4","4","8"
"BOodM","3","5","8"
"Boogierocker","4","4","8"
"boonssech","3","5","8"
"Borilog","4","4","8"
"Boris123456UD","7","1","8"
"BORNO","5","3","8"
"bornodo","5","3","8"
"Borsch1337","3","5","8"
"BorysS17","4","4","8"
"Bosha96","4","4","8"
"bosmacci","3","5","8"
"boules","4","4","8"
"Boutros_Ghaith_94","4","4","8"
"bozho123","5","3","8"
"brahimkhattara","5","3","8"
"brahmakeswaran","4","4","8"
"brakbrat","4","4","8"
"BramaBr","4","4","8"
"Branko91","4","4","8"
"BraydenP","4","4","8"
"Breezeblock84","3","5","8"
"breskinator","4","4","8"
"Brianmcs","4","4","8"
"briasky","4","4","8"
"Brococa","3","5","8"
"bronkentchanko","4","4","8"
"brookhy","5","3","8"
"Brownay","4","4","8"
"brownbean","4","4","8"
"Bruce-78","4","4","8"
"bruln","3","5","8"
"Bryanjkqwop","4","4","8"
"BRYZZZ","3","5","8"
"bse55t","4","4","8"
"BSMsidmed13","4","4","8"
"BSNSTSTS","3","5","8"
"bSpring","4","4","8"
"btamasya","3","5","8"
"bub35","4","4","8"
"BuckDial","4","4","8"
"BudhaP","3","5","8"
"BuDim13","3","5","8"
"budsleyy","4","4","8"
"Bugenmode","4","4","8"
"Bugger1940","5","3","8"
"bumalakubi","4","4","8"
"bungeegum123","3","5","8"
"bungrayana","5","3","8"
"Bunin22","5","3","8"
"bunniessw","4","4","8"
"Bunyod78","4","4","8"
"buoypawn","4","4","8"
"buragiyenen","5","3","8"
"burbulasbody","5","3","8"
"burhanfatihmermer","4","4","8"
"Buriynich","4","4","8"
"burrainzz","4","4","8"
"bustun","3","5","8"
"Butnyakov","4","4","8"
"bvv54","4","4","8"
"Byxarik","4","4","8"
"Bzzk29","4","4","8"
"C_h_e_s_s_g_i_r_l","4","4","8"
"c789012345","2","6","8"
"caballo570702","6","2","8"
"cabernet14","3","5","8"
"CabezadePomo","4","4","8"
"cabud99","3","5","8"
"cacahotier","2","6","8"
"caco30","4","4","8"
"Cadusha","4","4","8"
"CagdasDanaci","4","4","8"
"Caglar67Kandilli","3","5","8"
"caio1981","4","4","8"
"Caique97","5","3","8"
"Caldina2405","3","5","8"
"Calipoo279","4","4","8"
"caliremo99","2","6","8"
"calkar","4","4","8"
"calpeagua","4","4","8"
"Calvo-Aprendiz","4","4","8"
"Camdean52","4","4","8"
"cameleon93","5","3","8"
"camilaaaaaaaaaavvvv","5","3","8"
"camoes","4","4","8"
"campi314","4","4","8"
"campoelectrico","3","5","8"
"CanBarut","5","3","8"
"CanDenizKorzay","5","3","8"
"CandyPower95","4","4","8"
"Cangre62","3","5","8"
"Capablancaa1212","3","5","8"
"capi52","4","4","8"
"Capolavoro","5","3","8"
"CaptainInd","4","4","8"
"CaptainKenway","4","4","8"
"CaptHowdy","4","4","8"
"CaptSuperSkunk","5","3","8"
"captulker","5","3","8"
"caracle","3","5","8"
"carioca-1983","5","3","8"
"carlos_ic36","3","5","8"
"CARLOS-60800358","3","5","8"
"Carlos27Xadrez","4","4","8"
"CarlosDuqueUQ","4","4","8"
"carlosmarcel","3","5","8"
"carlosmisio","4","4","8"
"carlossinos","4","4","8"
"Carlus2023","6","2","8"
"carmeloa26","4","4","8"
"carnatzu","5","3","8"
"Caro-lina","3","5","8"
"Carp-77","3","5","8"
"carp2022","3","5","8"
"carriere007","4","4","8"
"carvsan","4","4","8"
"casclay","3","5","8"
"cashlover","4","4","8"
"Caslavcg","4","4","8"
"cassasorusrexx","4","4","8"
"cassini78","4","4","8"
"catdiop","3","5","8"
"CatmanScrothers","4","4","8"
"Cauzer","4","4","8"
"cavallostrapazzo","3","5","8"
"ccwaugh","4","4","8"
"cdzDavid","2","6","8"
"ceduro70","4","4","8"
"Cergei1976","4","4","8"
"cfc_kenny","3","5","8"
"Cg1","4","4","8"
"cgoodwin","4","4","8"
"Ch-013","4","4","8"
"CH84","4","4","8"
"chachi","4","4","8"
"Chadilac90","2","6","8"
"chah1","3","5","8"
"chahe","3","5","8"
"ChaikaAA","4","4","8"
"chaivaze","4","4","8"
"challenger_sam","4","4","8"
"chamiera","4","4","8"
"Champ_Arivu","5","3","8"
"champ43","3","5","8"
"champ6","4","4","8"
"champion666","4","4","8"
"champions2007","4","4","8"
"Chan0817","4","4","8"
"chand_dru","4","4","8"
"Chand90","4","4","8"
"chandra_suharja","4","4","8"
"CHAPARRAU","4","4","8"
"Chapu8306","4","4","8"
"charanjitkhurana","3","5","8"
"Charlottine","5","3","8"
"CharlyRodas","4","4","8"
"CHARON11","4","4","8"
"ChavdaArvind","4","4","8"
"Chaz95","5","3","8"
"CHCC","4","4","8"
"Check179","4","4","8"
"checkmatedestiny","3","5","8"
"Checkowner","5","3","8"
"Checkurself","4","4","8"
"Checo75","4","4","8"
"Checushkaboga","4","4","8"
"Cheepuwin","5","3","8"
"cheesmaster6161","4","4","8"
"chelofurtado799002","4","4","8"
"Chelsea1313","5","3","8"
"chemical_mk","4","4","8"
"ChenPlayChess","4","4","8"
"Cheri38","6","2","8"
"chernetskyy1","4","4","8"
"Ches_PACHMIN","2","6","8"
"chess_2882","4","4","8"
"chess_bd","3","5","8"
"Chess_GrandMaster_20","4","4","8"
"Chess_Master_Davit","3","5","8"
"Chess4Children","4","4","8"
"chess4heroes","5","3","8"
"Chess557","4","4","8"
"chessapeek","3","5","8"
"ChessAstur","4","4","8"
"Chessbook94","3","5","8"
"chesschamp1234567","4","4","8"
"Chesschifu0","4","4","8"
"ChessClay","4","4","8"
"chesscracker","3","5","8"
"chessdeku96","5","3","8"
"ChessDiscipline_14","4","4","8"
"chessekol","4","4","8"
"Chessfabian_73","5","3","8"
"chessforlife0105","4","4","8"
"ChessforW","4","4","8"
"ChessGalIGuess","4","4","8"
"chessigback","4","4","8"
"chessirl","5","3","8"
"chesskinganirban","3","5","8"
"chesskingfisher","4","4","8"
"chesskingLou","3","5","8"
"ChessKrisz","4","4","8"
"chessl854","5","3","8"
"Chessmat2030","4","4","8"
"chessnh","4","4","8"
"chessowitchiskaya","5","3","8"
"chessplay35","4","4","8"
"ChessPlayer_012345","3","5","8"
"ChessPlayer4545","5","3","8"
"chessposs","4","4","8"
"ChessProf777","4","4","8"
"CHESSQUEST_77","4","4","8"
"chesss43","6","2","8"
"ChessTobzz","4","4","8"
"chesstraining2021","3","5","8"
"chessvi_12","5","3","8"
"Chessvivalist","3","5","8"
"chesteroot","4","4","8"
"CheviOk","3","5","8"
"chiaraarci","4","4","8"
"chica230","4","4","8"
"Chillzzzz","4","4","8"
"chingis_2011-3105","4","4","8"
"chinitomandarin","4","4","8"
"chinnu1234","5","3","8"
"Chinois20","4","4","8"
"chinom2011","4","4","8"
"chip_on_my_shoulder","5","3","8"
"chipura","3","5","8"
"chiquiajedrez","4","4","8"
"ChJesus","4","4","8"
"Choc196303","5","3","8"
"CHONGHIN","4","4","8"
"choukri33","2","6","8"
"chovisra","4","4","8"
"Chri-20190","5","3","8"
"ChristianDk13","4","4","8"
"christosarab","4","4","8"
"chriszum","4","4","8"
"Chronos_7","4","4","8"
"Chuayif","4","4","8"
"Chud_Hoofington_III","2","6","8"
"chugunok","5","3","8"
"Chuiko1_Vlad","4","4","8"
"Chuksnero","3","5","8"
"Chungyee","3","5","8"
"Chybaka123","4","4","8"
"Cico23","4","4","8"
"cihanagce","5","3","8"
"cihavci","3","5","8"
"ciombi43genova","4","4","8"
"circle_of_fifths","4","4","8"
"cisco44ug","3","5","8"
"cjb0796","4","4","8"
"Ckadi","3","5","8"
"Clara1974","4","4","8"
"clared82","4","4","8"
"Clarklagang","3","5","8"
"Claudio5555","5","3","8"
"cle2ath","4","4","8"
"Clivekatukula","3","5","8"
"cmdoss","4","4","8"
"Coa345","4","4","8"
"coachkad","4","4","8"
"coaresde","3","5","8"
"cobaito","5","3","8"
"Cococuervo_SAS","3","5","8"
"Codeey04","5","3","8"
"codemerah20","5","3","8"
"COKPOBUHKA","4","4","8"
"cold-cuts","4","4","8"
"colleville","3","5","8"
"columna","4","4","8"
"ComeNGetRektM8","5","3","8"
"comoqjoga","4","4","8"
"CONDEEURO","5","3","8"
"ConnecticutJosh","5","3","8"
"Constantin05","5","3","8"
"Coo6ff9e1","5","3","8"
"CoolDoc27","5","3","8"
"coolerinc","3","5","8"
"cordilleradelosandes","5","3","8"
"CorvoBianco3","3","5","8"
"Cosmic_Q","4","4","8"
"Costa_p","4","4","8"
"Cot18","4","4","8"
"Cotopus","3","5","8"
"Covalski66","4","4","8"
"CPMISHRA78","4","4","8"
"CptDaxter","5","3","8"
"CPTge","4","4","8"
"cradula","5","3","8"
"Crap2022","3","5","8"
"Crazy_abiniz","4","4","8"
"cris102","4","4","8"
"crisfvr","4","4","8"
"cristao","4","4","8"
"Crittyfoo","5","3","8"
"CSSMokhles","4","4","8"
"ctgboynaf","5","3","8"
"CtrlPlayer","5","3","8"
"Cucumber23","4","4","8"
"Cuervo_666","4","4","8"
"Cummie64","5","3","8"
"curious56","2","6","8"
"Curryinahurry1234","4","4","8"
"Cushneville","4","4","8"
"CuteSungIn12","5","3","8"
"Cuti2307","4","4","8"
"cuttings","3","5","8"
"Cuvie_97","3","5","8"
"Cuwilsonty","4","4","8"
"cvrleoscvrle","4","4","8"
"cW0n","4","4","8"
"cyconetrillion","5","3","8"
"cyllene_8380","4","4","8"
"cyrios","4","4","8"
"CyrusLau","4","4","8"
"CzandroNavida","3","5","8"
"czbgsrb","5","3","8"
"D_a_ll_a_s","4","4","8"
"D-Gremmer","4","4","8"
"D0nDiabl0","4","4","8"
"D1976","5","3","8"
"D1sant","5","3","8"
"d2-d4_c7-c6","4","4","8"
"d6543","5","3","8"
"Da-nu-da-nu","3","5","8"
"DA125490","4","4","8"
"daci270165","4","4","8"
"dadaev_maks","3","5","8"
"dadapluto0707","5","3","8"
"DadFedorgiy","4","4","8"
"dagestanchik-84","4","4","8"
"DagiTwfod","3","5","8"
"daihua","4","4","8"
"dakter2002","4","4","8"
"dalalipop","5","3","8"
"dalimbe","5","3","8"
"DamaGI","4","4","8"
"Damy21","4","4","8"
"Dan_Shilov","2","6","8"
"Dan-le-blair","4","4","8"
"danfan666","4","4","8"
"Dangar124","5","3","8"
"Daniel1918","4","4","8"
"Daniel34269258","4","4","8"
"DanielD22","4","4","8"
"Danielkog","4","4","8"
"Daniil_Khmelev","5","3","8"
"DaniilMatveevich","4","4","8"
"danil68","3","5","8"
"DanilaChernousov","3","5","8"
"Danish175","3","5","8"
"Daniyssimo","4","4","8"
"dannyboiboi","3","5","8"
"DanSan1983","4","4","8"
"danutu77","5","3","8"
"Darian123iii","4","4","8"
"DARIRU","4","4","8"
"Dariush1355","3","5","8"
"Dark_Matter_001","3","5","8"
"Dark-23","4","4","8"
"Darkcheng","5","3","8"
"Darkchess_98","3","5","8"
"Darken229","4","4","8"
"DarKGlALiE","4","4","8"
"DarkKnight_7","4","4","8"
"darko_cancar","4","4","8"
"Darkv16","4","4","8"
"darshandevshot","4","4","8"
"DarthPsyonic","4","4","8"
"darvin1980","4","4","8"
"darwantea","4","4","8"
"daryna_1356","4","4","8"
"Dashutzu","4","4","8"
"Dasqin","4","4","8"
"DastPak-NWfM3001","5","3","8"
"DasVornehmeKaninchen","4","4","8"
"Dataeye22","4","4","8"
"DaveOmas","5","3","8"
"DaveS77","4","4","8"
"DavidBrit","4","4","8"
"DavidDeMaeyer","3","5","8"
"Davidemari","5","3","8"
"davideoks","4","4","8"
"Davidepit","4","4","8"
"Davidhoem1984","5","3","8"
"davidm3","5","3","8"
"DavidSchach54","5","3","8"
"davmuth97799","4","4","8"
"Davod_molaei","4","4","8"
"Daymar3","3","5","8"
"Dcdomi","4","4","8"
"dcercas","5","3","8"
"DcMahmoud","5","3","8"
"dcondor79","4","4","8"
"DDaredevil","3","5","8"
"ddtuco","4","4","8"
"de_Castellac","4","4","8"
"Dead_Max","4","4","8"
"Dean_Griffiths","4","4","8"
"death2zerofill","4","4","8"
"debby12345","4","4","8"
"Debi209","4","4","8"
"DeborahBithiah","4","4","8"
"debut12","3","5","8"
"DeceeRao","4","4","8"
"Dechebal","4","4","8"
"Dechoir","3","5","8"
"declanswafford","3","5","8"
"Ded_Serg","4","4","8"
"dedmoroz24","3","5","8"
"DedRoman","3","5","8"
"dedyka1337","4","4","8"
"Deep_101","4","4","8"
"DeepakNeo","3","5","8"
"deepblue2xy","4","4","8"
"DeepNew","4","4","8"
"DeepOneTwo","1","7","8"
"Deeppooo","3","5","8"
"deeproots","4","4","8"
"DeepthiPV","5","3","8"
"DeepthiV","4","4","8"
"DeeradaRison","5","3","8"
"Defeated_soul","3","5","8"
"Defne_Zorlu","4","4","8"
"DeHavin","3","5","8"
"deiwuxas","4","4","8"
"Dek85","4","4","8"
"DeKoyot","4","4","8"
"delara1989","4","4","8"
"Delfinsaga","4","4","8"
"delgado6969","3","5","8"
"deltoides2","4","4","8"
"demrhank","3","5","8"
"Den47","4","4","8"
"DenaKrasniqi","4","4","8"
"DeniMadagov","4","4","8"
"Denis_sti","4","4","8"
"Denis198403","5","3","8"
"DenisMoor","4","4","8"
"DenisShep","4","4","8"
"Dentdelion","4","4","8"
"Denzhi82","3","5","8"
"Depredadorxxx","4","4","8"
"Derek-Cole","4","4","8"
"Derek1677","5","3","8"
"DERSVADA98","4","4","8"
"DERViS2020","4","4","8"
"Deshaa","4","4","8"
"deshetty","4","4","8"
"Destroyer6565","3","5","8"
"deswky","5","3","8"
"Detayda","4","4","8"
"deusdeusdeus1","4","4","8"
"devasurya1233","4","4","8"
"Devavrat_Bheeshma","4","4","8"
"Devil_Code","4","4","8"
"DevJethwa7","5","3","8"
"devloren","3","5","8"
"dewamac","4","4","8"
"Dexpo11","5","3","8"
"dfhsgb","4","4","8"
"dgavidia1","4","4","8"
"dgdgdgamer","6","2","8"
"dgramoso","3","5","8"
"DGriffin","4","4","8"
"dhadzov","3","5","8"
"Dhairya0814","4","4","8"
"dhani3","5","3","8"
"DHArunKAnNaN","5","3","8"
"Dhiyap2017","4","4","8"
"dhmo1","4","4","8"
"dhritisaanvi","5","3","8"
"Dhruv_0510","4","4","8"
"Di_Oliveira","5","3","8"
"di1983","4","4","8"
"Di3goNi3to","5","3","8"
"diago48","5","3","8"
"Die2023","4","4","8"
"Diego_Carhuancho1502","3","5","8"
"Diego091827","3","5","8"
"diegoangel99","4","4","8"
"diegohwms","4","4","8"
"Diezz","4","4","8"
"digitaurus","4","4","8"
"digophb","4","4","8"
"DiKorsch","4","4","8"
"Dilm","4","4","8"
"Dim-1981","5","3","8"
"Dima_73","4","4","8"
"Dima-fuldisamdred","3","5","8"
"Dima33333","3","5","8"
"Dima8908","4","4","8"
"Dimasdi72","4","4","8"
"Dimassssss","3","5","8"
"DimDak","4","4","8"
"dimitris94","4","4","8"
"DimonPut","4","4","8"
"Dimoon47","4","4","8"
"Dimos0505","3","5","8"
"Dimulenchik","4","4","8"
"Dinamitarookie","5","3","8"
"Dinareys","4","4","8"
"ding12321","3","5","8"
"Diniyargallamov897","5","3","8"
"dino_feros30","4","4","8"
"Dinomos","4","4","8"
"dio4444","4","4","8"
"dirkbeemster","3","5","8"
"Dirki130370","3","5","8"
"dirkschach","5","3","8"
"Disithaminthaka2015","4","4","8"
"diskursiv","4","4","8"
"Divyanshu1611","5","3","8"
"DiZzEpticon","4","4","8"
"dj1234567","4","4","8"
"djblacklavender","3","5","8"
"Djordje04","5","3","8"
"djorec51","5","3","8"
"djsingh3131","3","5","8"
"Djurafigura","4","4","8"
"dk22","5","3","8"
"dkm_001","4","4","8"
"DM27DM","4","4","8"
"Dmalenky","4","4","8"
"Dmarchenkot","5","3","8"
"DMB76","4","4","8"
"DMdrivelmaster","4","4","8"
"Dmitrirabutki","4","4","8"
"Dmitriy_NB","4","4","8"
"Dmitriy89","3","5","8"
"Dmitriycvu","3","5","8"
"DmitriyGayda","6","2","8"
"DmitriyGorshenin","7","1","8"
"dmitry_sautin","4","4","8"
"DmitryAnisimov","4","4","8"
"DmitryTLT","3","5","8"
"dmohammadi487","3","5","8"
"DmrB","5","3","8"
"DmytroYerko","4","4","8"
"DmZhl","3","5","8"
"dnltjd50906","5","3","8"
"dobrodetel007","3","5","8"
"Doc_Si","4","4","8"
"Doc2807","3","5","8"
"DoctorGuyton","5","3","8"
"DOKA2014","2","6","8"
"DolaTello","4","4","8"
"DOLBO08","4","4","8"
"dolgosraks","4","4","8"
"dollarbill9876","4","4","8"
"Dom4","4","4","8"
"domer_bel","4","4","8"
"Domigor","3","5","8"
"Dominacja","4","4","8"
"Don_Gallo","5","3","8"
"don_jorgito","3","5","8"
"donatello9","4","4","8"
"DonCastelGandolfo","4","4","8"
"DonTemir","3","5","8"
"DONTOM76","4","4","8"
"donutcircles87","4","4","8"
"donutorium","4","4","8"
"DonVeridicoUy","5","3","8"
"donya1402","4","4","8"
"DooDooPatrol","4","4","8"
"dooterdoot","4","4","8"
"Doppy","4","4","8"
"Doriamon","4","4","8"
"dorlov88","4","4","8"
"dormidon06","4","4","8"
"Dorukco","5","3","8"
"dossig","3","5","8"
"Dosvac","5","3","8"
"dotexe1","4","4","8"
"Doughtyy","4","4","8"
"DouglasCiriaco","4","4","8"
"Dovenetel69","3","5","8"
"downbutnotout","4","4","8"
"Dr_Chess31","3","5","8"
"dr_djon","3","5","8"
"dr_Maverick","4","4","8"
"DR_ORTHO18","3","5","8"
"dr-dp2020","4","4","8"
"dr7t7our","4","4","8"
"drabchuk","6","2","8"
"drachenreiter2014","3","5","8"
"drafra","4","4","8"
"dragansrbija","6","2","8"
"DraganTos","3","5","8"
"dragi-59","4","4","8"
"dragon69420","4","4","8"
"Dragosilic","4","4","8"
"draiined","4","4","8"
"DrakeMallard","5","3","8"
"Dranooo","5","3","8"
"DrBobr","5","3","8"
"Drex014","4","4","8"
"Drifter800","4","4","8"
"driponyou","4","4","8"
"DrJacek","5","3","8"
"Drmina1988","4","4","8"
"DrMoepi","4","4","8"
"DrOz","4","4","8"
"DrSheldonCooper","3","5","8"
"DrStrange_77","3","5","8"
"DrTsitsi","4","4","8"
"drugo89","3","5","8"
"drummy72","5","3","8"
"druva87","4","4","8"
"dstar55","3","5","8"
"DSukhbaatar_55","5","3","8"
"DTorollo","3","5","8"
"dudu2023","3","5","8"
"DuduNatal","4","4","8"
"dugj","5","3","8"
"DukeChess","3","5","8"
"Dulmina2008","4","4","8"
"dum_b","5","3","8"
"dumblizard69","3","5","8"
"durakovandrey","3","5","8"
"Durgeshu","4","4","8"
"durzhiev","3","5","8"
"Dusharussia","4","4","8"
"Duvang009","5","3","8"
"Dwarslooper","4","4","8"
"dwcrules","3","5","8"
"DY2","4","4","8"
"Dzeki_05","3","5","8"
"dzlieri","4","4","8"
"DzmitryT","4","4","8"
"Dzoono","3","5","8"
"E_Soares","4","4","8"
"e2lee","4","4","8"
"e4e5Ke2Ke7Ke1Ke8Ke2","4","4","8"
"eaglesI","4","4","8"
"earthfirestorm","4","4","8"
"eazyeeee","4","4","8"
"ebikhoy","4","4","8"
"Ebops","4","4","8"
"EBRAHIM_ALMARZOOQI","3","5","8"
"Ecelinko","4","4","8"
"ECG06","3","5","8"
"echerullih","5","3","8"
"echojulu","6","2","8"
"Eclesiast","4","4","8"
"eclipseshz","4","4","8"
"Ecurb604","4","4","8"
"Ed_Fayzulin","5","3","8"
"ed01106","5","3","8"
"edem11111","4","4","8"
"ederbl","4","4","8"
"edgardogho","4","4","8"
"Edge_pawn","3","5","8"
"edherca66","5","3","8"
"Edison19SZG","4","4","8"
"edjoe7","5","3","8"
"EdmaisDrones","4","4","8"
"Edmond-2016","3","5","8"
"Ednadhiambo","5","3","8"
"EdNeu","4","4","8"
"edoardo_pagliai","4","4","8"
"edoardogiovanni","3","5","8"
"Eduardo-08","4","4","8"
"Eduardo1951","4","4","8"
"Edwinrod","3","5","8"
"Edword23","4","4","8"
"Edzee","4","4","8"
"Effizzy","4","4","8"
"Efim_21","5","3","8"
"efirnaya_valeriana","4","4","8"
"eftal2010","3","5","8"
"Efto_Nezapirliv","5","3","8"
"EgeOzcelik1A","4","4","8"
"egor806","4","4","8"
"Egwen83","4","4","8"
"egymohamed","5","3","8"
"Ehabelsherbeny91","4","4","8"
"EHABHussein","3","5","8"
"Ehor_Deibuk","3","5","8"
"ehsan_kan","3","5","8"
"ehsant1991","4","4","8"
"ehsanyosefi2017","3","5","8"
"ehzan","4","4","8"
"eiterstar","4","4","8"
"EJBarlow","4","4","8"
"Ejpimo_66666","5","3","8"
"Ekaterina_27052012","4","4","8"
"Ekuzprozion","3","5","8"
"El_Gallo_Mas_Gallo","3","5","8"
"El_Lacho","4","4","8"
"el_perro","4","4","8"
"El_roto","4","4","8"
"El_violador666","4","4","8"
"Eldar_1984","5","3","8"
"ElderlyCent","4","4","8"
"eldorurinov","4","4","8"
"elektron01","4","4","8"
"EletricSheep","4","4","8"
"Eli32234","3","5","8"
"eliascasper","4","4","8"
"eliasdum","3","5","8"
"Elina88","4","4","8"
"elinia","3","5","8"
"Eliv31","4","4","8"
"elizabethkts","4","4","8"
"eljama1991","3","5","8"
"elkabten51","5","3","8"
"ellateama300","3","5","8"
"ElmerQuispeHuamani","5","3","8"
"Elnego","3","5","8"
"elpasha1980","4","4","8"
"Elpulaster","4","4","8"
"elroy","4","4","8"
"else_muehle","4","4","8"
"ElsenC","3","5","8"
"Elves12","5","3","8"
"Elvinmammadzada","4","4","8"
"Elyarakbarzadeh","3","5","8"
"elyssa130313","3","5","8"
"Em252","4","4","8"
"Emadfathy","4","4","8"
"Ember_Waltz","6","2","8"
"Embo_sw","4","4","8"
"Emelia1944","4","4","8"
"emeraldrook","4","4","8"
"emile06m","3","5","8"
"Emilio3","5","3","8"
"Emilzawada","5","3","8"
"emin0111","4","4","8"
"eminusa","4","4","8"
"emrerzurum","5","3","8"
"emymuchacho","3","5","8"
"en_barracuda","5","3","8"
"enava1","4","4","8"
"Encoremat","4","4","8"
"Enerlen16","4","4","8"
"Enessabba","5","3","8"
"eng_adel88","4","4","8"
"engmatz","4","4","8"
"EngNajibullah","5","3","8"
"eni_who","5","3","8"
"enigmatic1","3","5","8"
"Enricolana","3","5","8"
"Enrique100","4","4","8"
"enrival","4","4","8"
"enstoshesu","5","3","8"
"EnzoDonarii3","4","4","8"
"Eoban13","4","4","8"
"Eowyn_1973","3","5","8"
"epic124","5","3","8"
"EQUALIZER_SGS","5","3","8"
"erctal","4","4","8"
"erdi_11","4","4","8"
"erdil-27","4","4","8"
"erdoV","4","4","8"
"eren00133","4","4","8"
"erensak","4","4","8"
"erfan_fattahi","3","5","8"
"ergebe","4","4","8"
"Eric22snipes","4","4","8"
"ericblues","5","3","8"
"ericjbostwick","3","5","8"
"ErickFalen","4","4","8"
"EricR95","4","4","8"
"erik0reis","4","4","8"
"ErikLucio","5","3","8"
"Erixcs","4","4","8"
"Ermac03","4","4","8"
"ermincito","3","5","8"
"ErnarKydyrbekov","5","3","8"
"Ernesto_Alonso","4","4","8"
"ErnestoAtilano","5","3","8"
"erobi","4","4","8"
"Ertgft","5","3","8"
"erwan_ler","4","4","8"
"Escalaberoncho","3","5","8"
"eschersCat","4","4","8"
"Eselzug","4","4","8"
"esironaldo7","5","3","8"
"eslam1984","3","5","8"
"eslambeygzadeh","5","3","8"
"Eslamgh1970","5","3","8"
"eslokhay","3","5","8"
"esmaeil6262","3","5","8"
"esnow","3","5","8"
"Esquilachess","4","4","8"
"ESTEBANI","4","4","8"
"estradasilaen15","3","5","8"
"ethaddeus","4","4","8"
"ethanhadmoves","4","4","8"
"ethanrawl","3","5","8"
"eThr33","5","3","8"
"Etoumi911","5","3","8"
"Etsu-Ndagi","4","4","8"
"Ettekierungsgesetz","3","5","8"
"Ettoreanto15","4","4","8"
"EUimmigrant","3","5","8"
"Evcronos","4","4","8"
"EvenEavesJ","4","4","8"
"everaldo48","4","4","8"
"evergoe","5","3","8"
"everytie","3","5","8"
"evgen18","4","4","8"
"evgenij_8881","4","4","8"
"EvgeniNikulin","4","4","8"
"Evgeniu08","4","4","8"
"EvgeniZachary13","5","3","8"
"evgeny_m69","4","4","8"
"Evgeny773","4","4","8"
"EVGRAF1963","4","4","8"
"EvilMerideck","3","5","8"
"Evkuprianov","5","3","8"
"evstigneev","4","4","8"
"ewa67","3","5","8"
"eWolVes","5","3","8"
"Excalimaz","5","3","8"
"Express74","3","5","8"
"exuberante","5","3","8"
"exxtractor","4","4","8"
"Eyesearsmouthnose02","5","3","8"
"eylull011","4","4","8"
"EymenEr16","5","3","8"
"Ezdamo","4","4","8"
"ezequielth","5","3","8"
"ezgik1","4","4","8"
"ezzyChess","4","4","8"
"F_Zim","3","5","8"
"F-Lew","5","3","8"
"F1l1pp0Ast0l1","5","3","8"
"F1NK1955","5","3","8"
"f277283","5","3","8"
"F3D3WEIS","5","3","8"
"FacuProPlayer","3","5","8"
"Fadhil_Chess_2021","4","4","8"
"fadlysafaa","4","4","8"
"Fado_k","4","4","8"
"fady0800","4","4","8"
"fadyabelmalak17","5","3","8"
"FaIcon","3","5","8"
"False57","3","5","8"
"fanelder","5","3","8"
"Fantomics6996","4","4","8"
"Faraiah","4","4","8"
"farhadiran","5","3","8"
"farid_barnou","4","4","8"
"FARINACCIO","4","4","8"
"farnam91","4","4","8"
"FAROUK1994","4","4","8"
"Farshad-Hektor","4","4","8"
"FarukMulla","3","5","8"
"farzinbazrmanesh","5","3","8"
"FASHLAW","4","4","8"
"fastlifebaby","3","5","8"
"FatChinaski","3","5","8"
"FATEEVA","4","4","8"
"fatmirahmeti10","4","4","8"
"FatoniD","4","4","8"
"Fatos1000","4","4","8"
"Fatta-den1","5","3","8"
"fauxpaux","3","5","8"
"favelandia","4","4","8"
"FC1922","3","5","8"
"fca_venkatesh","4","4","8"
"fcc2009","4","4","8"
"fckng_banks","4","4","8"
"Fe_nice","5","3","8"
"Feanor11","4","4","8"
"FedericoBiasion","4","4","8"
"federio9","4","4","8"
"Fedor_Kachenyuk","4","4","8"
"fedorich1956","4","4","8"
"Fekry2311","4","4","8"
"felhoni","5","3","8"
"felhunty","4","4","8"
"felicesgorlon","3","5","8"
"Felichi66","4","4","8"
"feliksk","4","4","8"
"Felixxx1","3","5","8"
"fell228","4","4","8"
"FencerDevLog","3","5","8"
"feneos","3","5","8"
"Ferdaper","4","4","8"
"ferdicn","4","4","8"
"ferenk4200","4","4","8"
"fericarlsen","4","4","8"
"Fernando_Goecks","4","4","8"
"Fernando696","3","5","8"
"ferranllopiscalvo41","5","3","8"
"FerumForce","4","4","8"
"fesk","4","4","8"
"feutelino","3","5","8"
"FgbuC14664","4","4","8"
"fghjdjfgjnfgjmn","3","5","8"
"FGMPracticeAccount","3","5","8"
"FHMST","5","3","8"
"fianchetto77","3","5","8"
"Fiberform","4","4","8"
"Fibra77","4","4","8"
"ficetyeis","4","4","8"
"Fiideel","4","4","8"
"Fikrettamer","4","4","8"
"Filip-Andrei","4","4","8"
"FilippoBattaglia","6","2","8"
"Fillmorais","3","5","8"
"FilusMagnus","4","4","8"
"Finalcut8","4","4","8"
"finndelmundo","5","3","8"
"Fionnbarra","5","3","8"
"Firekiller9030","4","4","8"
"Fisherman1973","4","4","8"
"Fishingman123","3","5","8"
"Fisser123","4","4","8"
"Fitriyan_Hariyadi","4","4","8"
"fituchino","4","4","8"
"Fiyad","4","4","8"
"fjedb","5","3","8"
"FJMataG77","4","4","8"
"fkaragul","4","4","8"
"fkrusenstern","4","4","8"
"Fl4m44","5","3","8"
"Flarm75","4","4","8"
"flash69100","5","3","8"
"flash99","5","3","8"
"flavio_73","4","4","8"
"FlavioWilson","4","4","8"
"flomasito_80","5","3","8"
"florcitaholly","4","4","8"
"florinarnautu","4","4","8"
"Floris-Gio41","3","5","8"
"floro2000","5","3","8"
"flypep67","4","4","8"
"Fohlenpower","5","3","8"
"Fokken_Ossom","4","4","8"
"folmerev","4","4","8"
"folo69","4","4","8"
"Fora70","4","4","8"
"Formulajedan","3","5","8"
"foxman201","3","5","8"
"Foysal","5","3","8"
"fpodoo","5","3","8"
"fpp","4","4","8"
"fran_curry","3","5","8"
"francekonjar","4","4","8"
"Francha41","3","5","8"
"franciscoluisbet","4","4","8"
"Franciscontes","4","4","8"
"Francisobiokala","4","4","8"
"francomkandawire","4","4","8"
"FRANK_84","4","4","8"
"FrankieTheGent","5","3","8"
"Franqk","3","5","8"
"frantic00","5","3","8"
"Franzz23","3","5","8"
"Frdotis","4","4","8"
"freak254","4","4","8"
"Freakgen","5","3","8"
"Fredde-olsson","4","4","8"
"freddylucena","4","4","8"
"frederibre","4","4","8"
"Free_and_nobofy","4","4","8"
"Frehley","4","4","8"
"fresh1523","5","3","8"
"Friborgv8v","4","4","8"
"Friedrich04","3","5","8"
"Friend18","3","5","8"
"frimuradu","4","4","8"
"friolano","3","5","8"
"frkn525","4","4","8"
"Frolov_Vitaliy","5","3","8"
"from_DOTA","4","4","8"
"fromage2077","5","3","8"
"fromCrimea","4","4","8"
"frost-bite","2","6","8"
"Frugulho","4","4","8"
"fsdfgbsfbss","4","4","8"
"fthkan53","4","4","8"
"fufi99","4","4","8"
"FugBackMcFug","4","4","8"
"Fuhlawless","4","4","8"
"Funmi7","4","4","8"
"FunnyPanda","2","6","8"
"fushinori","3","5","8"
"Fvbjjvcxx","4","4","8"
"Fzbx","3","5","8"
"g_asensio","4","4","8"
"G_Lew93","4","4","8"
"g_s_c_h_e_s_s","3","5","8"
"g-godd","4","4","8"
"g01em","4","4","8"
"g1ul1an","4","4","8"
"G2-G4","3","5","8"
"ga-rav09_123","3","5","8"
"Gaansie76","4","4","8"
"gab46100","4","4","8"
"Gabiel","3","5","8"
"GaboAze","4","4","8"
"gabrielc400","4","4","8"
"gabrielefici","3","5","8"
"GabyI","4","4","8"
"Gadylbek","4","4","8"
"gadzhi09","3","5","8"
"Galicia85","3","5","8"
"Galina74","3","5","8"
"galtan","5","3","8"
"gamal_serag","5","3","8"
"GamalAlbaqwrey","4","4","8"
"Gambit0047","4","4","8"
"GambitTop","4","4","8"
"gamzov","4","4","8"
"Ganbar","4","4","8"
"Gandalf-Gray","3","5","8"
"gandalfontheblock","4","4","8"
"Ganna2022","5","3","8"
"gaperok","5","3","8"
"GarboBot","4","4","8"
"garby61","5","3","8"
"gardagin","4","4","8"
"gareev_marat_2014","3","5","8"
"Gareg1","5","3","8"
"garijs","4","4","8"
"Garlik1024","3","5","8"
"garramoncitos","5","3","8"
"garson_de_Soleil","3","5","8"
"Garthy59","5","3","8"
"garuita","5","3","8"
"gataulla","3","5","8"
"gatsbyjames","4","4","8"
"gatsche","5","3","8"
"Gaubert","4","4","8"
"Gaurang1234","3","5","8"
"GauravAhire","3","5","8"
"Gauravarma","3","5","8"
"Gauravk1212","5","3","8"
"gauravmalik","4","4","8"
"gauravsomani","5","3","8"
"GautierMgz","4","4","8"
"gazi81","3","5","8"
"Gazquez","4","4","8"
"GBhicmanebimusoptime","4","4","8"
"gdde","3","5","8"
"gdornala","5","3","8"
"geek4556","4","4","8"
"GeekedAndBlessed","4","4","8"
"GelDeMos","4","4","8"
"GELOTXO","4","4","8"
"gena-s","4","4","8"
"Gencho1","3","5","8"
"GeneralMotors","4","4","8"
"genesis784","4","4","8"
"geniorgy","5","3","8"
"Geogrgiy96","4","4","8"
"George101010","4","4","8"
"georgehaleem","5","3","8"
"GeorgeSHR","4","4","8"
"Geraldine2920","4","4","8"
"GerardPE","4","4","8"
"Gercarde","4","4","8"
"german_engineer_1","3","5","8"
"Germany9786","4","4","8"
"Getforked2000","3","5","8"
"GetMarket","5","3","8"
"ggar","4","4","8"
"GGomez2308","4","4","8"
"ggop123","4","4","8"
"gh275","3","5","8"
"ghasm","4","4","8"
"ghazali80","4","4","8"
"GheorgheO","4","4","8"
"ghjkfdsa","4","4","8"
"ghoshmanik","4","4","8"
"ghvaizade","4","4","8"
"giacomonieddu","4","4","8"
"Giampo","4","4","8"
"Giancifer","4","4","8"
"GibsonLesPaul","5","3","8"
"giddy254","6","2","8"
"gigelpintea","4","4","8"
"gigiodonna1","2","6","8"
"Gik-Tally","5","3","8"
"Gilbert_777","3","5","8"
"gilence","5","3","8"
"Gilgamesch111","5","3","8"
"gilmourpage28","4","4","8"
"gimo10","4","4","8"
"Ginger-Killer","4","4","8"
"giogio99xy","5","3","8"
"giorgiomazza92","4","4","8"
"giorgions","5","3","8"
"giorno_one","3","5","8"
"Giovani0410","6","2","8"
"girica","4","4","8"
"GiulioB11","5","3","8"
"Giuseppe124","4","4","8"
"GiuseppeGraccione","3","5","8"
"giweng","3","5","8"
"Gjian_Dempsey","4","4","8"
"gjunior","3","5","8"
"Gkhn5","4","4","8"
"gkumar1994","5","3","8"
"Gladkov_Andrey","4","4","8"
"Glassperl","4","4","8"
"glavnayaep","4","4","8"
"Glazed-Ham","4","4","8"
"Glebarius","3","5","8"
"Glebradionov","3","5","8"
"GlenfFlavour","4","4","8"
"Glicherk","3","5","8"
"Gmaster9","5","3","8"
"Gmsg12","5","3","8"
"Gnabry66","4","4","8"
"Gnesss","3","5","8"
"GntaRI","4","4","8"
"Goansboy","4","4","8"
"goashim","4","4","8"
"Gobi100","4","4","8"
"Goblincan","4","4","8"
"God_save_the_King","4","4","8"
"godofchess_1","4","4","8"
"Godunova367","4","4","8"
"gogo_73","4","4","8"
"gokturkata15","5","3","8"
"Goldie_Mae","5","3","8"
"Goldiy","4","4","8"
"gomaq","4","4","8"
"gonzalezme","3","5","8"
"gonzoz_82","4","4","8"
"Good_Blad","4","4","8"
"Goodapple974","4","4","8"
"goodboy2012","4","4","8"
"Goodyou-Arroyo","4","4","8"
"googee","3","5","8"
"goosebay","4","4","8"
"Gordoneverton","5","3","8"
"gorkem-uras","3","5","8"
"GornP","1","7","8"
"Gort_Bot","6","2","8"
"GotbitSlayer","4","4","8"
"gouloum","4","4","8"
"gowrishk","3","5","8"
"Gozilaelfuertisimo","5","3","8"
"gpt58","3","5","8"
"gpwmy","3","5","8"
"Grace778","5","3","8"
"GrandmasterFlash17","3","5","8"
"Great_party","5","3","8"
"GreatisGreat","5","3","8"
"grechkaxnx","4","4","8"
"Green_Frog96","4","4","8"
"gregoired","4","4","8"
"Gregorio77","4","4","8"
"Gregory_Denisov","4","4","8"
"gregoryse","4","4","8"
"Grenoble280","4","4","8"
"griffdono","4","4","8"
"grignov","4","4","8"
"Grisha-o8910","4","4","8"
"GRM4","3","5","8"
"GROBELZ","4","4","8"
"Grooversnore","3","5","8"
"groundsailor","3","5","8"
"GRozda","4","4","8"
"grtIIan_64","4","4","8"
"gruenteefan","4","4","8"
"Gruzman","5","3","8"
"grzesiek0","5","3","8"
"gs162016","4","4","8"
"gsantasar","4","4","8"
"gsotnikov","5","3","8"
"GTS_DTS","3","5","8"
"gubaalexey","4","4","8"
"Guelder_rose","3","5","8"
"guicon","4","4","8"
"Guidodelqueso","4","4","8"
"guilef","4","4","8"
"guille2846","4","4","8"
"GuirsVitali","4","4","8"
"Gukas377","5","3","8"
"Guneyk3534","5","3","8"
"Gunss74","4","4","8"
"Gunterfranz","4","4","8"
"Gunther_Prien_1978","4","4","8"
"gunwoo519","4","4","8"
"guran60","4","4","8"
"gurgle","4","4","8"
"Gus991","3","5","8"
"GusCaffaro","3","5","8"
"gustavo1980","4","4","8"
"GUSTAVOPERU","4","4","8"
"Gutierritoz","4","4","8"
"gvg61gvg","4","4","8"
"gwynbalcu","4","4","8"
"Gyooo5","4","4","8"
"gyorgy74","4","4","8"
"gyuri314","4","4","8"
"H-KIANI","5","3","8"
"h0z41n","4","4","8"
"h4ks3lr1","4","4","8"
"Hab1tus","4","4","8"
"habib11571","5","3","8"
"Hadimohseni","4","4","8"
"hafiddib","4","4","8"
"HaGiBATor","3","5","8"
"haidarsadekjoud","3","5","8"
"hairuladli","3","5","8"
"hajar_ranreng","4","4","8"
"halasoguk","4","4","8"
"halfon74","3","5","8"
"Halil3A","4","4","8"
"hambaby","4","4","8"
"hamdid04","4","4","8"
"hamed00","4","4","8"
"hamed1874","4","4","8"
"hamid_1358","4","4","8"
"hamiddd11","4","4","8"
"hamidkho","4","4","8"
"hamidsahari","4","4","8"
"HAMIMOPP","5","3","8"
"hammurabiii","4","4","8"
"hamster119","3","5","8"
"hamza2006","4","4","8"
"Hamzaas","3","5","8"
"hamzawiiii","3","5","8"
"Hamzzza-Nailkin","4","4","8"
"Hanadoww","4","4","8"
"Hannz42","4","4","8"
"HansBruckmann95","4","4","8"
"hansibanansi","5","3","8"
"Hantoulim","4","4","8"
"Hanyfarouk","4","4","8"
"happiee13","4","4","8"
"happymom","5","3","8"
"HappyPawn_Ice","4","4","8"
"hardcore11","4","4","8"
"Hardie1991","4","4","8"
"Haridevarajan","4","4","8"
"harlekin65","3","5","8"
"Harran46","4","4","8"
"harri72","5","3","8"
"harryh48","5","3","8"
"harshaunu","4","4","8"
"harshavardanpr","3","5","8"
"harshmahesheka","3","5","8"
"Hartatahtanggakpunya","5","3","8"
"harveywallbanger408","4","4","8"
"Has5saN","4","4","8"
"Hasan77893","4","4","8"
"hasanhena","5","3","8"
"hasanhuseyin07","4","4","8"
"hasansherwani","5","3","8"
"Hassan_said","4","4","8"
"hatschler","3","5","8"
"hawkey98","3","5","8"
"haymmor","3","5","8"
"Haythameissa","3","5","8"
"Hazarskiy","5","3","8"
"hazem189","3","5","8"
"healmaster","3","5","8"
"HealsGambit","4","4","8"
"hebbar7","4","4","8"
"HECTOR10499","4","4","8"
"heimdallcastro","4","4","8"
"hejjasm","3","5","8"
"Hello3355","5","3","8"
"Hellochees","5","3","8"
"hellomychess-123","5","3","8"
"Helyum2","4","4","8"
"Hemantsohar","5","3","8"
"Hemeralopia07","4","4","8"
"hemin30","5","3","8"
"hendi905","4","4","8"
"hendriikhsan","4","4","8"
"Henfi1234","5","3","8"
"HenryNico","5","3","8"
"Herbi1970","4","4","8"
"HerBruddaMan679","4","4","8"
"HereNowandBeyond","5","3","8"
"Hernan_Paz","3","5","8"
"herope1234","4","4","8"
"Heshammo314","3","5","8"
"hetal_03","3","5","8"
"HeuryRecoba","4","4","8"
"HewertonTurambar","4","4","8"
"Hexlinee_ch","3","5","8"
"Heydar_10_poryan","4","4","8"
"HghwytoHell","4","4","8"
"hhh1965","4","4","8"
"Hhhjjjiii","4","4","8"
"hi_nishant","3","5","8"
"Hi_Skywalker","4","4","8"
"Hiatus27","4","4","8"
"hichesster1","4","4","8"
"hidayetce","5","3","8"
"HidenSi","3","5","8"
"HIEEEN","5","3","8"
"HikiCharoo","5","3","8"
"Hikkaya","3","5","8"
"hines528","4","4","8"
"hip_hop_99","4","4","8"
"Hiradjr","5","3","8"
"Hirnat","4","4","8"
"Hirou91","3","5","8"
"Histamin2","4","4","8"
"Hjortefot","4","4","8"
"hkati","5","3","8"
"hknpkmz7","4","4","8"
"hkurt51","4","4","8"
"hlong11","5","3","8"
"Hlu_Vas","4","4","8"
"hmo5ta","5","3","8"
"Hmpatel","3","5","8"
"Hmseek","4","4","8"
"HOANGAN-TB","4","4","8"
"Hoca54","5","3","8"
"Hogongo","4","4","8"
"Hogsade","5","3","8"
"hohieust","5","3","8"
"HoldTheTrigger","5","3","8"
"Holler-123","3","5","8"
"Holzfigur1","4","4","8"
"HomelessKnight","4","4","8"
"Honduran","4","4","8"
"Hootanoov","5","3","8"
"hope777th","2","6","8"
"horsegallop","5","3","8"
"horuscope","5","3","8"
"hosain1349","3","5","8"
"hosein_poorniazi","4","4","8"
"hoseinrazavi","4","4","8"
"Hoseinyu1392","4","4","8"
"Hossam_Hussein_Attia","4","4","8"
"hossam220","4","4","8"
"Hossamfc9","4","4","8"
"Hossammousa262","5","3","8"
"hossein_ahmadi_afz","5","3","8"
"hossein011","4","4","8"
"Hossein0949","3","5","8"
"Hosseinizad","5","3","8"
"hossin3333","3","5","8"
"hotdogwater694206","5","3","8"
"hotsauceboss6","5","3","8"
"houfmann","4","4","8"
"hovhannes_2021","4","4","8"
"Hozaifa_alahmad","4","4","8"
"hozaifae5","3","5","8"
"Hrachik2010","4","4","8"
"hrco_cro","3","5","8"
"Hridaan_11","4","4","8"
"hrongen","5","3","8"
"HruaiaPautu","4","4","8"
"HTS61","2","6","8"
"huangfeihong","4","4","8"
"Hubich","4","4","8"
"Hubser","4","4","8"
"hugh9288","5","3","8"
"hugodominguez1","3","5","8"
"HugoSaAv","4","4","8"
"Huicano","4","4","8"
"Hulk_15","3","5","8"
"hunhun07","3","5","8"
"Huschinsbett","3","5","8"
"Huseeink1377","4","4","8"
"Hussam_Magdy","4","4","8"
"hussein100","3","5","8"
"husseinsaad1500","5","3","8"
"Huyll","2","6","8"
"Hwoarang_90","4","4","8"
"hy23","4","4","8"
"hyeob","4","4","8"
"hzeg","4","4","8"
"i_am_mostalone","5","3","8"
"I2200orDeath","3","5","8"
"I6opoDa4_san","4","4","8"
"Iakov2016","4","4","8"
"IakovosDK","4","4","8"
"ialeksandrov646","4","4","8"
"iam_zeeus","3","5","8"
"Iamcrazyforchess","4","4","8"
"iamlisu","5","3","8"
"ian1972","3","5","8"
"ianfb96","4","4","8"
"ianpizarro","4","4","8"
"ibeatyou123","4","4","8"
"ibjub","4","4","8"
"ibohan94","4","4","8"
"IbrahimMohmad","5","3","8"
"ibrahimv2","5","3","8"
"ibrason","4","4","8"
"ichor0416","4","4","8"
"iCooLER","4","4","8"
"idemonakavu","4","4","8"
"IdentidadeZero","4","4","8"
"idrisooo","4","4","8"
"ifanmich","3","5","8"
"Ifesticks","5","3","8"
"iggonor","3","5","8"
"IGiveMemes","4","4","8"
"Igloole9315","5","3","8"
"IgnaceD","6","2","8"
"Ignacek","3","5","8"
"ignaciosuarez","5","3","8"
"ignorantplayer","5","3","8"
"igor00244","4","4","8"
"igor1984","4","4","8"
"igor47671","4","4","8"
"IgorBaw","4","4","8"
"IgorCruchinin","3","5","8"
"IgorCuiaba","4","4","8"
"igorr46","4","4","8"
"igorurich","6","2","8"
"IgorVed","4","4","8"
"igv","3","5","8"
"ihsangs48","5","3","8"
"Iiamgsk","3","5","8"
"iiras","4","4","8"
"IKE2021","3","5","8"
"ikramoff","4","4","8"
"Iletrado","3","5","8"
"ilia_77","5","3","8"
"IliaSim","3","5","8"
"iliketobebetter","5","3","8"
"ilirbeqa","4","4","8"
"Ill-Defined","4","4","8"
"Illescas71","4","4","8"
"IlliaK","5","3","8"
"IllIlIlIlIIlIlIl","4","4","8"
"Ilnur42","4","4","8"
"ILovePootin","4","4","8"
"ilyabakshinskiy","3","5","8"
"ilyabdmv","4","4","8"
"IlyaIlyih","4","4","8"
"Ilyanch","4","4","8"
"Ilyas-Cabbarov","4","4","8"
"ILYAS9135","5","3","8"
"image_n_likeness","5","3","8"
"imesipov","4","4","8"
"imgonnalosethis1","5","3","8"
"immahmoudahmed","4","4","8"
"Impossible55","4","4","8"
"ImprovementKaizen","4","4","8"
"Improvingflow","3","5","8"
"Imraghul","3","5","8"
"imre1380","5","3","8"
"imzx8","5","3","8"
"Indefatigueable","4","4","8"
"indisquares","3","5","8"
"indomingrex","4","4","8"
"IngeLic1958","5","3","8"
"IngenieroGabriel","4","4","8"
"inglezoid","3","5","8"
"IngolfKvamme","4","4","8"
"InigoAlable","4","4","8"
"inkas59","4","4","8"
"inoel","4","4","8"
"Insidious93","3","5","8"
"InuraDNL","4","4","8"
"ioagg","3","5","8"
"IoannisMoschopoulos","4","4","8"
"Ioiru","4","4","8"
"iOmba","5","3","8"
"IoMe1715","3","5","8"
"ion_gambit39","4","4","8"
"iononcisto","5","3","8"
"IOpuu70","4","4","8"
"iotaylan","4","4","8"
"iovlo","4","4","8"
"iPhone8Plus","6","2","8"
"IR5HAD","5","3","8"
"irfancobain","4","4","8"
"iRoopz","5","3","8"
"IrosLove","4","4","8"
"Irungu","4","4","8"
"irwinrios","4","4","8"
"iSa_XaViEr","3","5","8"
"IsaacAW","5","3","8"
"isaacyauri","4","4","8"
"isaakparas","4","4","8"
"Isabella-R-OHES","3","5","8"
"Isai_NaRaIn","5","3","8"
"iscouribe","4","4","8"
"Isegrim80","4","4","8"
"Ishaantiwari","4","4","8"
"ismaix","3","5","8"
"Ismayilovimran2014","3","5","8"
"Ismelon23","4","4","8"
"italdino113","4","4","8"
"ITESM108","4","4","8"
"itis0k","5","3","8"
"itshertz","3","5","8"
"itslikecheckers","5","3","8"
"ITSRC","4","4","8"
"Itz_Eren","4","4","8"
"itzos","4","4","8"
"Itzzshadow","4","4","8"
"iusinmihail7","4","4","8"
"Iva010","4","4","8"
"ivan-go","5","3","8"
"ivan-sevastianenko","4","4","8"
"ivan-timofeevich","4","4","8"
"ivan20151","3","5","8"
"Ivanbotan","4","4","8"
"Ivanchu26","4","4","8"
"ivangrad","4","4","8"
"ivanhoe262","4","4","8"
"ivanleonardorojas","4","4","8"
"IvanMatulji","4","4","8"
"IvanovMK","4","4","8"
"IVardan","4","4","8"
"ive65","3","5","8"
"ivi12081961","4","4","8"
"IvoryHalo","4","4","8"
"Ixer83","4","4","8"
"iyadothman","4","4","8"
"IzakIlijaDrobina","3","5","8"
"izetamater","4","4","8"
"izgib35","3","5","8"
"J0hnyRing0","4","4","8"
"j7s7l7","4","4","8"
"jabamaral","4","4","8"
"Jabberwocky58","4","4","8"
"JACGclemente","4","4","8"
"Jack4ep","4","4","8"
"Jacobkry","4","4","8"
"Jade-of-Destiny","4","4","8"
"jafarbalood","4","4","8"
"JagannadhV","4","4","8"
"Jaguado","4","4","8"
"JAHNS","4","4","8"
"jai9600","3","5","8"
"jaimesagt","6","2","8"
"JaJaSi","3","5","8"
"Jak1994","4","4","8"
"jakebarnes17","5","3","8"
"Jakijak","5","3","8"
"jakisavo-1389","5","3","8"
"Jamaco75","4","4","8"
"jamal_jones","4","4","8"
"Jamal1348","4","4","8"
"Jamehenry1","3","5","8"
"JamesJB2017","4","4","8"
"jancokkCarlsen","4","4","8"
"Janhalls25","5","3","8"
"janijaggu","4","4","8"
"janiopaz43","4","4","8"
"Janis406","3","5","8"
"JanLp07","3","5","8"
"JanRobi","4","4","8"
"Janysh-Sopokov","5","3","8"
"JAOKPASST","4","4","8"
"jaraisysaeed","4","4","8"
"Jared1612009","4","4","8"
"Jarekzygarek","3","5","8"
"jarjura","4","4","8"
"jasiuczerni","5","3","8"
"jasonmedia","3","5","8"
"jass_007","4","4","8"
"Jatindersaini","5","3","8"
"javad_yusefi_asl","4","4","8"
"javdani1366","4","4","8"
"Javiersantomera","4","4","8"
"javinigue","3","5","8"
"Javito0","4","4","8"
"jay199427","4","4","8"
"jayabejero","4","4","8"
"Jayago65","4","4","8"
"jayson1987","4","4","8"
"jaystar1","4","4","8"
"Jazzwhisky","5","3","8"
"Jcarlosbilbo","4","4","8"
"jcarsot","5","3","8"
"jcastillo0508","3","5","8"
"JCMFQba","4","4","8"
"JDARKO17","3","5","8"
"jdweston","4","4","8"
"JeanBombeurdu72","4","4","8"
"jeandoalest","4","4","8"
"jeangarcia10","3","5","8"
"Jeffglenn","5","3","8"
"JeffreyBontes55","4","4","8"
"jegovic","4","4","8"
"Jeka_M","5","3","8"
"Jeminshtavica1","4","4","8"
"Jenil1007","4","4","8"
"jennyboy","4","4","8"
"jennyloveu","3","5","8"
"Jens_Friedrich","4","4","8"
"JensBr1978","3","5","8"
"Jepurovic","5","3","8"
"jeraleegisele","5","3","8"
"jeriel_christian","4","4","8"
"JeromeAlize","5","3","8"
"JeromeBamaiyi","3","5","8"
"Jerrygreat1","4","4","8"
"JESSEjasmine800","3","5","8"
"JesusMaria_7","4","4","8"
"jesusph","5","3","8"
"JesusPozmol","4","4","8"
"Jezyk1952","4","4","8"
"Jflandes","4","4","8"
"jhackie_chan","3","5","8"
"JhonCcoa94","4","4","8"
"JIBuneev","4","4","8"
"jifo84","4","4","8"
"jigar_938","4","4","8"
"JimBob89","5","3","8"
"jimderfel","5","3","8"
"Jimmy-254","4","4","8"
"jinesh90242","5","3","8"
"jiunit20","4","4","8"
"JJ_N13","4","4","8"
"jjerez","3","5","8"
"jjhj0408","4","4","8"
"JJMoraes","4","4","8"
"jkubena","4","4","8"
"jl91600","4","4","8"
"JLSharwood","4","4","8"
"jlsteb","4","4","8"
"Jlx0813","4","4","8"
"jmgit66","4","4","8"
"joaoandarai","3","5","8"
"joaodeIta","4","4","8"
"joaoedu88","4","4","8"
"jobal_1229","5","3","8"
"jocalux","5","3","8"
"joe357","3","5","8"
"Joejobha","5","3","8"
"joelcarrera","5","3","8"
"joelvis2000","4","4","8"
"jogue03","6","2","8"
"Joh316","5","3","8"
"Johaan2013","3","5","8"
"johann1949","3","5","8"
"johansingapore","4","4","8"
"John_Chima","5","3","8"
"John_Cho","4","4","8"
"johnkiller314","4","4","8"
"johnmagdy","3","5","8"
"johnmc76","4","4","8"
"JohnnyIpcom","3","5","8"
"Johnrose22","3","5","8"
"johnwickpewpew","4","4","8"
"Johny99","5","3","8"
"johnypi","3","5","8"
"joigito","4","4","8"
"jojee","4","4","8"
"Jojo2020","4","4","8"
"jojodu34","4","4","8"
"jokamto_dedi","3","5","8"
"Joker_6236","3","5","8"
"JOMERANGELOMERCAD","3","5","8"
"jonatan1984","4","4","8"
"jongliraja","4","4","8"
"Jongno3ga","5","3","8"
"JoniDer","2","6","8"
"jonnyburger","4","4","8"
"jonnytrip","4","4","8"
"jOq3R","4","4","8"
"jords75","5","3","8"
"Jorge_Caraballo","4","4","8"
"jorgecanario","4","4","8"
"Jorgeguillen","4","4","8"
"JorSanchezest","4","4","8"
"JoschaW","4","4","8"
"Joseag","5","3","8"
"JoseAlejandro07","5","3","8"
"JoseAntonioJamito","4","4","8"
"josecruz2007","4","4","8"
"josefbrd","4","4","8"
"joseff56","3","5","8"
"JoseIvan_AR3","3","5","8"
"josel786","4","4","8"
"Joseleitee","4","4","8"
"Joselito_83","4","4","8"
"joseluisfraga","4","4","8"
"Josemachess","4","4","8"
"joses1","4","4","8"
"Joshua_Lagatta","4","4","8"
"JOSHUA_MAGNUS","4","4","8"
"jossiiii","3","5","8"
"Jota_spa","5","3","8"
"jotanig","3","5","8"
"joxema","4","4","8"
"Joza1212","4","4","8"
"Jozef1946","2","6","8"
"JPHudoi","5","3","8"
"jpmartdelc","5","3","8"
"jppower","4","4","8"
"JRCB","4","4","8"
"JRNEVES","5","3","8"
"JRowney","4","4","8"
"Jrss","4","4","8"
"JTagayona","5","3","8"
"jtkrugiii","4","4","8"
"Jtmessina","5","3","8"
"JUAMXTIZ","3","5","8"
"JUAN_VARGAS_1705","4","4","8"
"juancaonce","4","4","8"
"juancruzcili","5","3","8"
"JuanDavidHernandezPo","5","3","8"
"Juande1","3","5","8"
"juanfelipen22","4","4","8"
"JuanMS-1","4","4","8"
"juanramv","4","4","8"
"Jucarb","3","5","8"
"JUCEAROS","4","4","8"
"juditpolgar1978","4","4","8"
"Jug86","5","3","8"
"juk_dilli","5","3","8"
"JukovR","4","4","8"
"Jules_04","4","4","8"
"Julesbrochet","4","4","8"
"julespayot","5","3","8"
"Julian-rvl","4","4","8"
"julianchoper321","4","4","8"
"Julienicd","5","3","8"
"Julio_Aguilar_O","4","4","8"
"julitox","3","5","8"
"Jumarica","4","4","8"
"jumiduss","4","4","8"
"June2023","3","5","8"
"Juris_Leena_Basil","3","5","8"
"justbuzz","4","4","8"
"justin0511","3","5","8"
"justinthomas00","4","4","8"
"justme73","3","5","8"
"juul4life20","4","4","8"
"JUVEPERSEMPRE","4","4","8"
"Jvanha","4","4","8"
"jvaviktor","4","4","8"
"JYasaswini","3","5","8"
"jyyftf7onnb9","4","4","8"
"k0x177","5","3","8"
"k3lsier","4","4","8"
"K5ii","3","5","8"
"K9oo8","4","4","8"
"Ka8x8","4","4","8"
"KaanUludas","4","4","8"
"kaballo-Loco","3","5","8"
"kabanpmp","4","4","8"
"kabbadi4024","3","5","8"
"Kadach23","4","4","8"
"kadir2147","4","4","8"
"kadiryigitleo","4","4","8"
"Kadyr1012","3","5","8"
"Kafka0051","3","5","8"
"Kafka16","2","6","8"
"kagandeniz1291","4","4","8"
"KainDart","3","5","8"
"Kakado45","4","4","8"
"kaladdin","4","4","8"
"kalender_ali","4","4","8"
"kalifah77","4","4","8"
"Kalmar793","4","4","8"
"Kalstals","4","4","8"
"kalv1n","4","4","8"
"Kami0u0","5","3","8"
"kammmmmm","4","4","8"
"kamohelomokhethi","4","4","8"
"kandeev1306","3","5","8"
"kanesc2","3","5","8"
"kanetkar20","4","4","8"
"KANGAUZ","4","4","8"
"kanhai25","4","4","8"
"kanikschaken","3","5","8"
"Kano74","5","3","8"
"KansuNadir","4","4","8"
"kantarkatax","3","5","8"
"KAPI999","4","4","8"
"Kappy2020","4","4","8"
"karabova","3","5","8"
"karapasha123","4","4","8"
"kareem_11","4","4","8"
"kareem_kem","4","4","8"
"KarenGeravand","5","3","8"
"karimkhaled10","4","4","8"
"Karin1976","3","5","8"
"karlfromcham","4","4","8"
"karlha","4","4","8"
"Karlheinz61","3","5","8"
"Karlito06150","5","3","8"
"Karlito63","4","4","8"
"KarlozMalachi696","4","4","8"
"KaroKoch","4","4","8"
"karolyb","7","1","8"
"Karoozella","4","4","8"
"karpov139","4","4","8"
"Karpovs_housecat","2","6","8"
"kartezik","3","5","8"
"Karthik1112","6","2","8"
"Karthik1705","5","3","8"
"karthikkm1987","4","4","8"
"karthiksk","4","4","8"
"Kartik8699","3","5","8"
"KAS-sultan","4","4","8"
"kasta1","4","4","8"
"kaswqad","1","7","8"
"katana_kawasaki","4","4","8"
"KaterWilson","4","4","8"
"Katiuha96","3","5","8"
"kaveh001","4","4","8"
"Kaveriurkalan","4","4","8"
"kavos","1","7","8"
"kayahantr","5","3","8"
"kbloop","5","3","8"
"KDis","4","4","8"
"Ke2","4","4","8"
"Kebo3","4","4","8"
"kedarnadh_reni","5","3","8"
"Keerthana_kadiyam","4","4","8"
"Kejsai","3","5","8"
"keler_sufja","5","3","8"
"kellog77","5","3","8"
"kemalyilmaz447","4","4","8"
"Kenes_1949","4","4","8"
"kenG2","4","4","8"
"Kenhardy","3","5","8"
"kenighty","3","5","8"
"keno3","4","4","8"
"kentangq","4","4","8"
"kentt","2","6","8"
"Kergin","4","4","8"
"kerh","4","4","8"
"kerkarmounir","4","4","8"
"kesani13","5","3","8"
"Keshavyashwantchamp","4","4","8"
"KetamineInjector69","5","3","8"
"ketchup012","6","2","8"
"kettlobrano","5","3","8"
"keuta","4","4","8"
"kewalsinha","4","4","8"
"keybh","4","4","8"
"kgrol","4","4","8"
"khadija_talbi","4","4","8"
"khakssaa","4","4","8"
"khaled164","4","4","8"
"khaledelswirky","4","4","8"
"Khalfoun","5","3","8"
"Khanada","4","4","8"
"khayri","4","4","8"
"Khienp","4","4","8"
"khlyss","4","4","8"
"Khubaib188","4","4","8"
"KhuseynovaKarina","5","3","8"
"khy2015","4","4","8"
"kia1956","3","5","8"
"Kiara_Tapia","3","5","8"
"KIDlover_boom","4","4","8"
"kievchess30","5","3","8"
"kigjimeKali","4","4","8"
"Kiieer123","5","3","8"
"kiingaawyy","4","4","8"
"killerchoi","4","4","8"
"Killerqueen1945","4","4","8"
"Killiliar","5","3","8"
"King-6","4","4","8"
"king1264","3","5","8"
"KingArthur99","5","3","8"
"Kingmade","4","4","8"
"KingPatzen","3","5","8"
"kingpd","3","5","8"
"Kingpole","4","4","8"
"kingprawn1","5","3","8"
"kingRahul77","3","5","8"
"KingUrban","4","4","8"
"Kingxm4n","3","5","8"
"kingzork","3","5","8"
"kinkinkinchan","4","4","8"
"KIr-asa_12","4","4","8"
"Kira234","5","3","8"
"kiran1605","5","3","8"
"kiran348","4","4","8"
"kirazos","5","3","8"
"KiRemChess","4","4","8"
"kirikiri68","4","4","8"
"Kirill7778","5","3","8"
"KiritoJR","4","4","8"
"kirk_tiberius","5","3","8"
"kirklandd","4","4","8"
"kirshmo","5","3","8"
"Kirtish2013","4","4","8"
"Kiruthik_M","4","4","8"
"kisbgabi99","4","4","8"
"kismatch","3","5","8"
"kissnele","4","4","8"
"Kiyarad2021","4","4","8"
"kiyoone","3","5","8"
"kiyoshii","4","4","8"
"kjerstisolen","4","4","8"
"kjo20","4","4","8"
"KKKevin","5","3","8"
"KLade_35275","4","4","8"
"klevtsov-ds","4","4","8"
"klinge40","3","5","8"
"KMG06","3","5","8"
"kmiron","5","3","8"
"kmmmmm595959","3","5","8"
"Kmrany4me","4","4","8"
"kmukhtar","4","4","8"
"kndrn","5","3","8"
"Knight_94","4","4","8"
"Knightowl777","4","4","8"
"knightsky9","4","4","8"
"knightsnotgolden","4","4","8"
"knopik887","5","3","8"
"Ko_mugi","4","4","8"
"koby24","3","5","8"
"Kocherginbobrik1972","3","5","8"
"koctik2000","2","6","8"
"Koko204","4","4","8"
"kokodziro","3","5","8"
"kokossss456","4","4","8"
"KoksimussPrime","4","4","8"
"Kolia1234","4","4","8"
"kolj","4","4","8"
"KolMat21","4","4","8"
"Kolonist515","3","5","8"
"kolos67-67","5","3","8"
"kolyvan78","4","4","8"
"konnikon","6","2","8"
"Konst_331","4","4","8"
"konstantin_ch2","5","3","8"
"Konstantin1108","4","4","8"
"Konstatin_Bondarenko","5","3","8"
"konykonyi","4","4","8"
"KoolRanchDressing","4","4","8"
"KopetanKorzhik","4","4","8"
"KopysovV","4","4","8"
"Korbier","5","3","8"
"Korean_1","4","4","8"
"Korrekt72","4","4","8"
"korshun","3","5","8"
"kosarr_6666","5","3","8"
"kosheyar","4","4","8"
"kosrr_138","4","4","8"
"kostaazul","5","3","8"
"kostas_megg","4","4","8"
"kostasstath98","3","5","8"
"KostiaSolodar","5","3","8"
"Kostyru1980","5","3","8"
"kot_74","4","4","8"
"KOT_HA_MOPE","4","4","8"
"kotare","4","4","8"
"kotobkaa","4","4","8"
"Kotoku","5","3","8"
"kotuk_26rus","4","4","8"
"kovochka","4","4","8"
"kpalfa","4","4","8"
"KPECTXXI","4","4","8"
"Krackin77","4","4","8"
"krafton","4","4","8"
"kras2332","4","4","8"
"KrasivyyeShakhmaty","4","4","8"
"kratoast","3","5","8"
"kraymal","4","4","8"
"krazee87","4","4","8"
"Kreciik547","3","5","8"
"Krembrule","2","6","8"
"Kris-Mur","5","3","8"
"krisblitz64","3","5","8"
"krishna_art132","4","4","8"
"krishupro","3","5","8"
"krishvvin_ss","3","5","8"
"KrisLee456","5","3","8"
"Krisna10","5","3","8"
"Krisninka-Ukrainka","4","4","8"
"Krocke","4","4","8"
"Kroni123","4","4","8"
"KROSS246","5","3","8"
"kryker02","4","4","8"
"krystian1986","4","4","8"
"krzychu01","4","4","8"
"Krzysztof1001","5","3","8"
"Ksahapthan","4","4","8"
"kschmit90","3","5","8"
"kseniyachess15","4","4","8"
"kszmar","4","4","8"
"Ktjyblxtvgbjy","4","4","8"
"ktob7tf","4","4","8"
"ktux647","4","4","8"
"Kuby2095","4","4","8"
"kudakepang22","4","4","8"
"kudibiSFG","4","4","8"
"kudom","3","5","8"
"Kuf3","4","4","8"
"Kukkfive","5","3","8"
"kukuruzkin","3","5","8"
"Kulabhi","4","4","8"
"Kuller_333","4","4","8"
"kumarchik","3","5","8"
"kurblontije","3","5","8"
"kure18","4","4","8"
"Kurimu21","4","4","8"
"Kurn","4","4","8"
"Kushnarev_Mikhail","5","3","8"
"kusmak","4","4","8"
"kuzego","3","5","8"
"Kuzey-7","3","5","8"
"kuzi76","4","4","8"
"Kuzima","1","7","8"
"kvaisr","4","4","8"
"kviiitlynn","5","3","8"
"kwardyzenek","4","4","8"
"kwizltell","3","5","8"
"KYaroslav2016","4","4","8"
"L_2021_G","4","4","8"
"L109109","4","4","8"
"l1p2o","5","3","8"
"La7mize2700","5","3","8"
"lacaradelyowi","4","4","8"
"Lacriferno","2","6","8"
"ladi007","4","4","8"
"Ladiagforever","3","5","8"
"LadkoL","5","3","8"
"LadySnow","4","4","8"
"lafu90","4","4","8"
"Laiopereira","3","5","8"
"Lakestan25","3","5","8"
"Laking28","4","4","8"
"LaMina2020","4","4","8"
"Lampa7","5","3","8"
"Lance_gh","4","4","8"
"Lance-Angelo","3","5","8"
"LanceCaubang30","4","4","8"
"Landoloko","6","2","8"
"langm","3","5","8"
"LanQou","5","3","8"
"LaraMyro","4","4","8"
"lards02","5","3","8"
"larek69","3","5","8"
"Larry_Anariba","5","3","8"
"LARSENCARSON","3","5","8"
"lastm","4","4","8"
"LastManStand07","3","5","8"
"LaSuzu","5","3","8"
"Latar555","4","4","8"
"laucriss","4","4","8"
"laurentvertou","4","4","8"
"lauzeniro","4","4","8"
"laxmiVaidya","3","5","8"
"Lay_1289","3","5","8"
"Laymatrix","3","5","8"
"LazyBotJr","4","4","8"
"Lbikash","3","5","8"
"lcduke","4","4","8"
"ldj001011","5","3","8"
"Le_Grand_Jeu","4","4","8"
"Leanid0407","3","5","8"
"learner_chess123","4","4","8"
"learner50","5","3","8"
"learnfrommistakes764","4","4","8"
"LearningFriend","4","4","8"
"leb140","4","4","8"
"Lebron_G9Archimedes","4","4","8"
"LeBrudaal","4","4","8"
"Lechessante","3","5","8"
"LedaUA","6","2","8"
"leeblei","4","4","8"
"lefondeur35","4","4","8"
"leg90","4","4","8"
"Legarruiz","4","4","8"
"legendabove","3","5","8"
"legendstar09","4","4","8"
"LegonkihKostya","4","4","8"
"LeGrandVerDeTerre","4","4","8"
"Lehlohonol","3","5","8"
"lehlohonolo1","3","5","8"
"LeisesGebruell","3","5","8"
"leledellasforza","4","4","8"
"lelouch_3946","3","5","8"
"lem_omar","4","4","8"
"lemaraudeur054","4","4","8"
"LeMilch","4","4","8"
"lemonch0ly","3","5","8"
"Leonardo73","3","5","8"
"leonardocarme","4","4","8"
"leonardojorgecimino1","6","2","8"
"Leonel_escamilla","4","4","8"
"leonelluyo","5","3","8"
"leonir90","4","4","8"
"leonkrause","3","5","8"
"LEOTOR","4","4","8"
"leovm_1957","3","5","8"
"LePring","4","4","8"
"LeraBazhenova_2015","4","4","8"
"Lerchik2013","4","4","8"
"Lesley-Joy","4","4","8"
"Lestnub","3","5","8"
"LeSuppleant3","4","4","8"
"Lev0204","4","4","8"
"Levan2002","4","4","8"
"LevLuk34","4","4","8"
"Lexany","5","3","8"
"LEYKIR07","4","4","8"
"Lez1995","4","4","8"
"Liad-SHUKRUN123","3","5","8"
"liamcouldbeatyou","3","5","8"
"LiamWhit3","4","4","8"
"libo_ntsh_123","4","4","8"
"Lich17","5","3","8"
"LickTheStamp","4","4","8"
"liffen","3","5","8"
"likedaur","3","5","8"
"LikhnenkoYehor","4","4","8"
"lilgarymc","4","4","8"
"LILVENGR","4","4","8"
"Lily_Macias","4","4","8"
"LimaxFlavus","4","4","8"
"Lindener_Butjer79","4","4","8"
"Linvar89","3","5","8"
"Lisa123B","4","4","8"
"Lisbonstar","4","4","8"
"Lissettliz","4","4","8"
"LithiumReacts","4","4","8"
"live4golf","4","4","8"
"Lixbb","4","4","8"
"liyangHappyGoLucky","4","4","8"
"Liza_Tomniuk","4","4","8"
"lizok345","5","3","8"
"lizzy_carlsen8","3","5","8"
"ljw2019","4","4","8"
"LLITOAN196","4","4","8"
"LLlkunep","3","5","8"
"lnirosha","4","4","8"
"lo1xa2ro3","3","5","8"
"LOBO10","4","4","8"
"Loboda_kostik","5","3","8"
"Logan1410","4","4","8"
"Logos_Tech","3","5","8"
"Lokimandias","4","4","8"
"Lola605","4","4","8"
"lollix01","4","4","8"
"lolochesseur","2","6","8"
"lolojoler","3","5","8"
"lomelilopez","3","5","8"
"lonbari","4","4","8"
"Londheavisir","5","3","8"
"Longlostnavigator","4","4","8"
"longphung1307","4","4","8"
"lookmak","5","3","8"
"LordDi0","4","4","8"
"LordImperi","4","4","8"
"Lorenzorun","4","4","8"
"Losbastar","4","4","8"
"louis_gou","4","4","8"
"love4sweetkuds","3","5","8"
"lovenape","5","3","8"
"lovk13","5","3","8"
"low_day_ka_ball","4","4","8"
"lowaduxodi","5","3","8"
"lowelochessengine","4","4","8"
"lowestkeyloki","4","4","8"
"Lras","4","4","8"
"lrdkelvin","4","4","8"
"LScottF","4","4","8"
"lsloik","4","4","8"
"lsoria","4","4","8"
"LTP1571","4","4","8"
"Luca-Patti","4","4","8"
"luca22x","4","4","8"
"lucaduval","4","4","8"
"lucapess","4","4","8"
"Lucas_Ingram","4","4","8"
"LucasChessScotland","4","4","8"
"lucasdomingo2007","4","4","8"
"LucasPonzio2000","6","2","8"
"LucasW335","4","4","8"
"luccha1234","4","4","8"
"luchik-7","5","3","8"
"LuchoTorre","3","5","8"
"Lucianodp","4","4","8"
"Lucifer_33","4","4","8"
"Lucifer-Fish","4","4","8"
"Lucifer07-pro","4","4","8"
"luckyluc74","5","3","8"
"LuckyLukacs","4","4","8"
"Ludmila2052","3","5","8"
"LudwigVanCheck","5","3","8"
"Lugirich","3","5","8"
"luigilongo","4","4","8"
"LuisAM1978","4","4","8"
"Luiscano","5","3","8"
"Luiscarlosorjuela","5","3","8"
"Luiselvis1","5","3","8"
"Luisiyo1","3","5","8"
"LuisParedes116","4","4","8"
"LukaNejc","4","4","8"
"lukeshwarm","4","4","8"
"Lukyman_kra","4","4","8"
"LukyPlayer","5","3","8"
"Luminescence0","4","4","8"
"lunaboba","4","4","8"
"Lunardu","4","4","8"
"LutenitsaChess","5","3","8"
"Luxlite","4","4","8"
"LuxLucisjr","4","4","8"
"luxtomcat","3","5","8"
"LVKNIGHTS","4","4","8"
"lvn2k","3","5","8"
"ly_092","3","5","8"
"lykas_07","3","5","8"
"Lyonragingbull","3","5","8"
"lyuboslav99chess","3","5","8"
"M_Abdelbadie","4","4","8"
"M_AbGlil","3","5","8"
"M_Bayoumi","4","4","8"
"M_Lahr_78","4","4","8"
"m_leali","3","5","8"
"M_PALACES_8","3","5","8"
"M-Duro","4","4","8"
"M-she7ata","6","2","8"
"M07591714","4","4","8"
"m09386706341","5","3","8"
"m0bi","4","4","8"
"m2-valentin","3","5","8"
"M20N05","4","4","8"
"M2EN1","4","4","8"
"M54DAZIO","5","3","8"
"Ma_33P2","4","4","8"
"ma03kh03","4","4","8"
"Ma7en","3","5","8"
"Maahtyz","4","4","8"
"MachistaOpresor","5","3","8"
"machwatt","4","4","8"
"Machy52","3","5","8"
"mackyd1","4","4","8"
"MacTinCito","4","4","8"
"Mad-Horse79","3","5","8"
"madanmaddi21","4","4","8"
"madarababu","3","5","8"
"MadeinUSSR1984","5","3","8"
"madhanbhavani","4","4","8"
"Madmendd","4","4","8"
"mads201c","3","5","8"
"MadushanLak","3","5","8"
"maduzinhaa_1702","4","4","8"
"madvet","5","3","8"
"MAG-NUS_CARLSEN","4","4","8"
"Magdyfc","7","1","8"
"MagicFnTurtle","3","5","8"
"magnusvladio","4","4","8"
"MagodizerO","3","5","8"
"mahameehoooo","3","5","8"
"Mahanhirad8895","5","3","8"
"MahbubAli","4","4","8"
"Maher-schalal","4","4","8"
"mahinn_upstep","4","4","8"
"mahlilaceh","4","4","8"
"mahmoud_ahmed_777","5","3","8"
"Mahmoud_Assal","4","4","8"
"mahmoudalok","3","5","8"
"Mahmoudkiing","3","5","8"
"mahmoudsirour81","4","4","8"
"Mahmoudstiti","4","4","8"
"mahmudul159","4","4","8"
"Maicolteibol","6","2","8"
"MaikaTiSheIba","4","4","8"
"Maikei","5","3","8"
"maikolrc1","5","3","8"
"main04","3","5","8"
"Majadebij","4","4","8"
"majdchess","4","4","8"
"Majedd1414","6","2","8"
"MajedGeorge","4","4","8"
"majid_abdooolahi890","4","4","8"
"major15","3","5","8"
"Major346","5","3","8"
"mak36","4","4","8"
"makavakh","4","4","8"
"Makcim_Sergienko","5","3","8"
"Makelaris","5","3","8"
"makerich","4","4","8"
"Makramal","5","3","8"
"MaksDeep","5","3","8"
"maksi_22","4","4","8"
"Maksim_Mochalov","5","3","8"
"Maksim_Valov","4","4","8"
"Maksis20","4","4","8"
"Maksoni","5","3","8"
"maksvv100","4","4","8"
"malabananv","4","4","8"
"Malakh666","3","5","8"
"Malice101","4","4","8"
"malkal67","3","5","8"
"Mallaug","4","4","8"
"Malloryfoucart000","4","4","8"
"mamadok","4","4","8"
"MamalaLozere","5","3","8"
"mamamia10","4","4","8"
"mamapili","5","3","8"
"Mamun8181","3","5","8"
"mamyvale","4","4","8"
"mana64","4","4","8"
"manaenkov4","4","4","8"
"Manas51113","5","3","8"
"Manav16","4","4","8"
"Manderer","3","5","8"
"Mando_19","4","4","8"
"maneee26","2","6","8"
"MangoCoralson","4","4","8"
"manhoe","4","4","8"
"Mani_Hamidinejad","4","4","8"
"Manish150489","4","4","8"
"Manmac","4","4","8"
"Mannix12","4","4","8"
"MansoR4410","4","4","8"
"Manu_68","4","4","8"
"Mapos","4","4","8"
"Mar996007034","4","4","8"
"marahkesajar","3","5","8"
"Marat65","4","4","8"
"Marc-Amiral","4","4","8"
"MarcelaDurr01","4","4","8"
"MarceloDoco","5","3","8"
"Marcelogarrido","5","3","8"
"MARCHEUR","3","5","8"
"Marcos_Galeano","4","4","8"
"marcos43996220214","4","4","8"
"MarcosPerroni","1","7","8"
"Marcus767","4","4","8"
"marcuscalero","3","5","8"
"marcusfranc","4","4","8"
"marekderengowski","4","4","8"
"maricarmen5123","5","3","8"
"MarieCh256","4","4","8"
"MariePaugam","3","5","8"
"MARIK-1914","4","4","8"
"Marina1-1_1","3","5","8"
"Marius60","4","4","8"
"MarjanaTemir","4","4","8"
"mark-seliverstov2014","4","4","8"
"MarkEmad-2008","4","4","8"
"Markimoo_Of_Chess","4","4","8"
"MARKMARINA","4","4","8"
"MarkoKraljevic123","4","4","8"
"Markuz23","5","3","8"
"marmat2","5","3","8"
"marmazon","4","4","8"
"mars23","3","5","8"
"MarsBeibars","4","4","8"
"Marta70","3","5","8"
"martele","4","4","8"
"martin_edenn1","3","5","8"
"MartinFloiranM","5","3","8"
"Martinls","4","4","8"
"MartinMaly","3","5","8"
"martinrothar","4","4","8"
"martinwilkinson","4","4","8"
"MaruFlor","4","4","8"
"maruthu723","4","4","8"
"Marvel45723","4","4","8"
"Marvi_Marcelo","4","4","8"
"MarvinOG","5","3","8"
"Maryam750","4","4","8"
"masehy","5","3","8"
"Masha2","4","4","8"
"Masiha2003","4","4","8"
"maskatasaki","4","4","8"
"Masoud911011","5","3","8"
"Masry00","3","5","8"
"Massi1410","4","4","8"
"Massi7684","4","4","8"
"massimoprisco","3","5","8"
"massimovaggi","5","3","8"
"MasSSA","4","4","8"
"MasterAlex1975","5","3","8"
"Masterdihein","4","4","8"
"Mastergamer7","3","5","8"
"MasterOfOrion1","4","4","8"
"MasterTshepoHob","4","4","8"
"mastias-boud","3","5","8"
"Matdrunk","4","4","8"
"MateiGoja","4","4","8"
"mateipruna","4","4","8"
"mateusz166","5","3","8"
"MateuszW1987","4","4","8"
"matey75","5","3","8"
"matgever","5","3","8"
"Matheusvrt","1","7","8"
"Mathirajan","5","3","8"
"matina53","7","1","8"
"matiuh","4","4","8"
"MatSalleh73","3","5","8"
"matt120","4","4","8"
"Matteosecco","4","4","8"
"MatvKuz6576","4","4","8"
"MaulAF","4","4","8"
"maumau99","5","3","8"
"mauriyoga1","4","4","8"
"maurosat","5","3","8"
"mausantos11","5","3","8"
"maverick_dg","4","4","8"
"mavmusto","4","4","8"
"mavusom","4","4","8"
"max1997","4","4","8"
"max52","4","4","8"
"maxf2023","4","4","8"
"Maxgpt","5","3","8"
"Maxik-126","3","5","8"
"Maxim_1978","4","4","8"
"Maxim-konovalov","4","4","8"
"Maxim1991_007","4","4","8"
"maximaxmoo","4","4","8"
"MaximGlazkov","4","4","8"
"maximka2015","3","5","8"
"MAXIMOmarcus","4","4","8"
"MaximParfyonov","4","4","8"
"MaximTet","3","5","8"
"maxipupsi","4","4","8"
"MaxMart13","4","4","8"
"Maxrusspb","5","3","8"
"Maxxes","4","4","8"
"maydog6125","4","4","8"
"maydotes","3","5","8"
"Mazgik","4","4","8"
"mb1168","4","4","8"
"mbapedd1389","4","4","8"
"mbappe9999","4","4","8"
"Mbess23","4","4","8"
"mbfitnesspur","4","4","8"
"MBieniek27","3","5","8"
"Mblunders","3","5","8"
"mcaleap","3","5","8"
"mcc0051ch","4","4","8"
"mch8","3","5","8"
"MChesslemon","5","3","8"
"MCsignory95","3","5","8"
"mdimran522","4","4","8"
"Me254","5","3","8"
"MeaSonus","3","5","8"
"mecanoissam","4","4","8"
"mechkov76","3","5","8"
"medixcrity","5","3","8"
"Medmourad","4","4","8"
"Medosgm","4","4","8"
"Meet_Gilda","3","5","8"
"meetkachhela","4","4","8"
"megaitaliano","4","4","8"
"mego100100","4","4","8"
"Mehdi399","4","4","8"
"mehdi6jaa","5","3","8"
"mehmetemir2014","4","4","8"
"MehrdadBaghi","5","3","8"
"Mehrsadeghi","4","4","8"
"meischdereder","3","5","8"
"meityler","4","4","8"
"Mekdadma8","3","5","8"
"melasium","5","3","8"
"melda67","4","4","8"
"melihbozcu","4","4","8"
"Meljin","4","4","8"
"MELS1948","4","4","8"
"Meltt001","4","4","8"
"MELVIN12345KING","4","4","8"
"memiex97","3","5","8"
"memo1295036","4","4","8"
"MenelaosTR02017","4","4","8"
"Menelay","5","3","8"
"mengas","4","4","8"
"merlae","5","3","8"
"merooalaa","4","4","8"
"Mertali0606","4","4","8"
"MertArdicoglu2","5","3","8"
"Mertbuyukalp","4","4","8"
"mertfaik00","4","4","8"
"MertGuzel2","4","4","8"
"MescherinEgor","4","4","8"
"mesut72ir","3","5","8"
"metallica0079","4","4","8"
"meti21","5","3","8"
"metic3000","4","4","8"
"Metin3280","4","4","8"
"meysam11","4","4","8"
"Mezzaacal","4","4","8"
"mf_bongcloud","5","3","8"
"MFR0535","5","3","8"
"Mfr2","3","5","8"
"mfss82","3","5","8"
"mgm2412","5","3","8"
"Mh1350","4","4","8"
"mhmd98omary","5","3","8"
"miancar","4","4","8"
"michael_anane","3","5","8"
"michael1302","3","5","8"
"Michaelangelooh","4","4","8"
"MichaelS4","3","5","8"
"michnis1","4","4","8"
"Micolegold","5","3","8"
"MicroDaug","4","4","8"
"Midooooooo333","4","4","8"
"midyeoglan","3","5","8"
"Mightymouse52","5","3","8"
"Migrator_Bird","4","4","8"
"MIGUEL_30MAAC","3","5","8"
"MIHA1963","4","4","8"
"mihail_f1812","5","3","8"
"Mihailgmg","4","4","8"
"Mihaly_Cziboly","4","4","8"
"mihirbajpai56","5","3","8"
"MIKAAA69696969","2","6","8"
"MikaOm","3","5","8"
"Mikcheng","4","4","8"
"mike_Sigala","4","4","8"
"mike197","4","4","8"
"MikeAngelo1","4","4","8"
"mikep1623","4","4","8"
"mikerein","4","4","8"
"MikeW32","4","4","8"
"MikhailR2003","5","3","8"
"mikolo77","3","5","8"
"Milan_Chess_9000","5","3","8"
"Milan_chess64","4","4","8"
"milanstol","4","4","8"
"MiliYeasmeen","4","4","8"
"MIMDU","6","2","8"
"minabd2000","4","4","8"
"minaraafat2770","5","3","8"
"minecraft1234567","5","3","8"
"MinthakaPD","3","5","8"
"Mirafghanmehrzad","3","5","8"
"Mirakolo","4","4","8"
"Miramar_beach","3","5","8"
"MiraPedja","3","5","8"
"mirmidonas","4","4","8"
"Mirox99","4","4","8"
"Mis23","3","5","8"
"misagh3001","5","3","8"
"misha_2021","5","3","8"
"Misha-she","4","4","8"
"mishalarkin23","5","3","8"
"mishrOG","5","3","8"
"misiong","4","4","8"
"Miskhako","4","4","8"
"Miss_Dynamo710","5","3","8"
"Mister_Swing","4","4","8"
"misterx47","4","4","8"
"MitchPowers","4","4","8"
"mitev","4","4","8"
"Mitricica","3","5","8"
"mix232","4","4","8"
"mixter2","2","6","8"
"MixterEdwin","4","4","8"
"mizraimm","4","4","8"
"mizzau","4","4","8"
"Mjbfauzi","4","4","8"
"MJO-Du_gehst_K_O","5","3","8"
"mjrfckp","4","4","8"
"mjv233","5","3","8"
"mk256","4","4","8"
"mkayra","5","3","8"
"MkayWam","5","3","8"
"Mkmt2025","5","3","8"
"mknight_11","4","4","8"
"ML1717","4","4","8"
"MLMS090","4","4","8"
"MLMS133","4","4","8"
"MLMS142","4","4","8"
"mlms464","4","4","8"
"mlms466","4","4","8"
"mlms467","4","4","8"
"mlms468","3","5","8"
"mlms478","3","5","8"
"mlms492","4","4","8"
"mlms508","4","4","8"
"mlms510","4","4","8"
"mlms512","4","4","8"
"mlms514","4","4","8"
"mlms526","4","4","8"
"mlms534","4","4","8"
"mlms542","4","4","8"
"Mmahdi60","5","3","8"
"mmdi8121","4","4","8"
"MMerezhana","4","4","8"
"MMmabi","4","4","8"
"MMnemonic","5","3","8"
"MMNNM","4","4","8"
"mmoaaz","3","5","8"
"mmohame2","5","3","8"
"Mmoose005","4","4","8"
"mmpouya","3","5","8"
"mmrr112233","5","3","8"
"mms1657","4","4","8"
"mnjit007","4","4","8"
"mnvillanueva76","4","4","8"
"Mo-As3ad","5","3","8"
"mo0nQQ","5","3","8"
"Moamen_s","4","4","8"
"Moasal","3","5","8"
"MOATASEM_MOURAD","4","4","8"
"modacioglu","3","5","8"
"Modern1976","4","4","8"
"Modus_pwnage","4","4","8"
"moech2675","5","3","8"
"mohamad_123456789","4","4","8"
"Mohamad7575","5","3","8"
"Mohamed_mostafa1","5","3","8"
"Mohamed-Amr","5","3","8"
"mohamed81amin","3","5","8"
"mohamed9hamada","4","4","8"
"Mohamedabdo04","3","5","8"
"mohamedelsalawy","3","5","8"
"Mohamedhendawy","4","4","8"
"MohamedZakaria26","4","4","8"
"mohammad_azimi7","4","4","8"
"Mohammadali1996","5","3","8"
"mohammadhdn","4","4","8"
"mohammadheydari2500","6","2","8"
"Mohammadhoseinamir","3","5","8"
"mohammadmehrvan","4","4","8"
"MohammadYaghi","4","4","8"
"Mohanadmsster","5","3","8"
"mohannad23","4","4","8"
"moheb12345","5","3","8"
"MohieddinAOO","5","3","8"
"mohith_gereketi15","4","4","8"
"MOHMED1977","5","3","8"
"Mohsen_Rajabi","4","4","8"
"Mohsen26","3","5","8"
"Moilund","4","4","8"
"moisesrcm","3","5","8"
"mojo_19","3","5","8"
"Momcilo959","4","4","8"
"momo44","4","4","8"
"momrnt","4","4","8"
"mona_40800","4","4","8"
"mona4444","3","5","8"
"Mond_Guanez15","4","4","8"
"moneycollector007","4","4","8"
"Monish2233","4","4","8"
"MonNos","5","3","8"
"monodeepdhar","4","4","8"
"montain_blackbird","3","5","8"
"montanari","4","4","8"
"montaser-777","4","4","8"
"MonterosDario","2","6","8"
"Mooko","4","4","8"
"moonshiner0516","4","4","8"
"MOP3020","4","4","8"
"Morani28","4","4","8"
"morgan111111","5","3","8"
"morleyey","4","4","8"
"Morsli","4","4","8"
"Morteza2007","4","4","8"
"mortezapourhosseini","4","4","8"
"Morti29","4","4","8"
"mortuissss","5","3","8"
"mosaad12341234","4","4","8"
"moskito-dp","4","4","8"
"moskovskiller","3","5","8"
"Mostafa_Mohamed10111","4","4","8"
"Mostafa1973","5","3","8"
"Motacilla","3","5","8"
"mouadhannaoui","3","5","8"
"Moutazz","4","4","8"
"mozdejestemozdenije","4","4","8"
"Mozharov_84","4","4","8"
"Mozhi1368","3","5","8"
"mp3_111okoladka","4","4","8"
"mplus","4","4","8"
"mqwaider","3","5","8"
"MR_KnightMarE19","3","5","8"
"Mr_Perk","4","4","8"
"MRA27","4","4","8"
"MrAK43","5","3","8"
"mrarad92","5","3","8"
"Mrbachkien","3","5","8"
"MrChop","4","4","8"
"MrChurches","3","5","8"
"mrdaskot","4","4","8"
"MrDoubleB","3","5","8"
"MrErmy","4","4","8"
"MReski","5","3","8"
"mrinnevuori","4","4","8"
"MrJRC","4","4","8"
"Mrkhoros","5","3","8"
"mrlebleu","3","5","8"
"MRM_81","5","3","8"
"mrmrchess","3","5","8"
"mrocznyszampon","4","4","8"
"MrReg52","4","4","8"
"MrSandman77","5","3","8"
"mrsecret369","5","3","8"
"mrturin","4","4","8"
"Mrtzgn34","5","3","8"
"MrUhl","4","4","8"
"mrvllch","4","4","8"
"MrWrongturn","3","5","8"
"msdtaha","5","3","8"
"msmathewms","2","6","8"
"mss659","4","4","8"
"Mstflkn","3","5","8"
"Mstislav1706","4","4","8"
"mtnrkl","5","3","8"
"mtolbafc","5","3","8"
"Mtpr30hz","4","4","8"
"MuaathBad","4","4","8"
"muanhaulai","4","4","8"
"Muath-12","5","3","8"
"muhamad_syed","4","4","8"
"muhammad11111","5","3","8"
"MuhammedHassann","4","4","8"
"MuhGamz05","5","3","8"
"muizenpoep","4","4","8"
"mukish","4","4","8"
"mukul_omanan","3","5","8"
"mulanga11","4","4","8"
"munrobagger","4","4","8"
"muratakca55","5","3","8"
"muraterdogan","3","5","8"
"MURUGESAN7","4","4","8"
"musclemother","1","7","8"
"Musipierre","4","4","8"
"musis1985","6","2","8"
"MuslimKarlsen","2","6","8"
"Musounek","5","3","8"
"mustafa0610","3","5","8"
"Mustafa365","4","4","8"
"mustafaacavuss","5","3","8"
"mustafacanerdem","4","4","8"
"Mustafavural","4","4","8"
"mutfig","3","5","8"
"muzlera","5","3","8"
"Muzz9","4","4","8"
"muzzio","3","5","8"
"mvp1132002","4","4","8"
"mvson33","5","3","8"
"mx175","3","5","8"
"My_asiwaju","5","3","8"
"my_mam","5","3","8"
"myagk1y","4","4","8"
"myhomeismyrook","4","4","8"
"MYLENIUM","2","6","8"
"myron1950","6","2","8"
"MZapataCu","4","4","8"
"n_baa3","4","4","8"
"n_danilichev","5","3","8"
"N_Janibek2013","4","4","8"
"N_kathrecha","4","4","8"
"N00BIE007","4","4","8"
"N13279035915","4","4","8"
"N1K1TABESS0N0V","3","5","8"
"n8hossein","4","4","8"
"NADJAR","3","5","8"
"nadss","5","3","8"
"Naemnik88","4","4","8"
"Nagibator_228_1337","4","4","8"
"nahi1011","5","3","8"
"NaishaGoyal28413","4","4","8"
"najcik86","3","5","8"
"Najmeddinpirveisi","4","4","8"
"nakonako","5","3","8"
"naldex","4","4","8"
"nalim54","2","6","8"
"nam237","4","4","8"
"Nambimani","5","3","8"
"nanimononimonarenaid","3","5","8"
"NANTHAKUMARSOMA","4","4","8"
"napander","4","4","8"
"narasr","5","3","8"
"nargess-m1390","5","3","8"
"Naribekov_Magzhan_1","4","4","8"
"Nasa2","4","4","8"
"Nasar123","4","4","8"
"nashed0","3","5","8"
"nasir88","4","4","8"
"nasrzedan","3","5","8"
"Natalia_Garkusha","4","4","8"
"NataliaStanila","5","3","8"
"Nataly_Chaves_C","4","4","8"
"Nathk-360","4","4","8"
"Nathsparow","5","3","8"
"naumoff-174","4","4","8"
"Naunhof","4","4","8"
"naveenpras","5","3","8"
"navibaba","3","5","8"
"navmann","3","5","8"
"NAWAR-MAYYA","4","4","8"
"Nawazki","3","5","8"
"NAZAR-15","3","5","8"
"nbras77","3","5","8"
"Ndjen","5","3","8"
"ne14jimmy","4","4","8"
"Nebotvinnik2","4","4","8"
"Nechaev118","5","3","8"
"nectarin777","4","4","8"
"Ned-Rise","5","3","8"
"neerook","4","4","8"
"NeilChessNinja","5","3","8"
"Nel3000","5","3","8"
"Neleska","3","5","8"
"nemesiz1ares","4","4","8"
"nemoYEAH","2","6","8"
"Neolien","3","5","8"
"Nethumdezoysa","4","4","8"
"NetoMSacad","4","4","8"
"netwerk","4","4","8"
"Neueinsteigerin","5","3","8"
"neutrinochess62","5","3","8"
"Nevaba","5","3","8"
"NEW_DIAMOND77","4","4","8"
"NewAcc14","5","3","8"
"newcomer73","5","3","8"
"newmai","4","4","8"
"NeyV","5","3","8"
"Nezaralhrfwsh","3","5","8"
"nguyenngocgialinh","5","3","8"
"nguyensontra-2A_1","4","4","8"
"niccofranchi","4","4","8"
"nice_95","3","5","8"
"Nicholas04","5","3","8"
"nicholas256","3","5","8"
"NicholasGatsby","4","4","8"
"Nick3552","5","3","8"
"nicobzh","4","4","8"
"NicoleMedina24","3","5","8"
"nicos41","3","5","8"
"NicuBoldijar","4","4","8"
"NieWiemJakSieGra","4","4","8"
"NightMoonRain","5","3","8"
"nigohmedia","4","4","8"
"nihe000","4","4","8"
"nij8","5","3","8"
"Nik314","4","4","8"
"Nik61","5","3","8"
"Nik7090","6","2","8"
"Niki0921","5","3","8"
"Nikita_Karpunkin","4","4","8"
"NikitaBykov2014","4","4","8"
"NikitaKurilin2014","5","3","8"
"Nikitamin","5","3","8"
"NikitaStrelov","4","4","8"
"Nikitka_i_Odarka","4","4","8"
"nikito1115975","4","4","8"
"niko-schach","3","5","8"
"Nikolacha","5","3","8"
"nikolaikolesnikov","3","5","8"
"nikolay_18","5","3","8"
"NikoNikolaevich","4","4","8"
"nikonor100","4","4","8"
"Nil_Horse_Run","4","4","8"
"Nileshkashyapchess01","3","5","8"
"nilslorand","4","4","8"
"NilsPeters","4","4","8"
"Nino32","3","5","8"
"ninoynoysumobay","4","4","8"
"Nishant_The_G","4","4","8"
"nishanthikadk","4","4","8"
"nitharwal","4","4","8"
"Nitts","4","4","8"
"nivedvd","4","4","8"
"nivm2833","5","3","8"
"Nkanyi_26","4","4","8"
"Nkkkkk254100","5","3","8"
"nksamy1954","5","3","8"
"NN17","4","4","8"
"nnnaaate","3","5","8"
"No_Mercy87","5","3","8"
"Noa74","3","5","8"
"noahaariz","4","4","8"
"NoahN9","4","4","8"
"nobelisaac","5","3","8"
"nobody1947","4","4","8"
"noJack","5","3","8"
"nokia6","5","3","8"
"nokraken","5","3","8"
"Nomade8","5","3","8"
"NoName2by","4","4","8"
"NoneTooSmart","3","5","8"
"Nonny2k20","4","4","8"
"NonTacticalPlayer","4","4","8"
"Nontle","5","3","8"
"noraden","4","4","8"
"NordVladimir","4","4","8"
"norfing39","5","3","8"
"norka137","3","5","8"
"northern_wolf13","3","5","8"
"Norvy","4","4","8"
"NotChloeUwU","2","6","8"
"Nothung_in_Truemmern","5","3","8"
"notmybestday","4","4","8"
"Noureldeen92","3","5","8"
"nourzad","5","3","8"
"Nparker4764","4","4","8"
"NpmAct","5","3","8"
"NPXZ","4","4","8"
"Nr_Ramkumar_96","3","5","8"
"Nrin","5","3","8"
"nsor4222","3","5","8"
"nsures","4","4","8"
"NTTHDKA","4","4","8"
"Nuada95","4","4","8"
"nub1977","4","4","8"
"nur_nss","4","4","8"
"Nuraybulut","3","5","8"
"Nurdle","4","4","8"
"Nurhzan","4","4","8"
"Nuriyanto","3","5","8"
"Nurmuhammad_23","4","4","8"
"nurullahdag","4","4","8"
"Nuuyami","4","4","8"
"Nuwan35","4","4","8"
"Nuwanworandi","4","4","8"
"Nuwindu","5","3","8"
"Nvyrugby8","4","4","8"
"nwtgbln","3","5","8"
"NxNegative","4","4","8"
"NY-manhatan","5","3","8"
"NyugatraKellMenni","5","3","8"
"O-boula-O","4","4","8"
"o1371","3","5","8"
"obakrana","4","4","8"
"ObitoandRin","5","3","8"
"objking","5","3","8"
"Obscured_Paladin","4","4","8"
"Obscurial9","4","4","8"
"ocivodol","4","4","8"
"Ocotlan","5","3","8"
"odardon","3","5","8"
"odenis","4","4","8"
"odna_Izvilina","3","5","8"
"oee","3","5","8"
"office2003","5","3","8"
"ofmasit","4","4","8"
"ogi31","3","5","8"
"OhMyByul","3","5","8"
"oioi666","4","4","8"
"OjasFuloriya5914","4","4","8"
"ojitosdemiel","3","5","8"
"OKBueno","5","3","8"
"OKdemir","5","3","8"
"okeogh","4","4","8"
"okilon","3","5","8"
"Okitay1980","5","3","8"
"oktay1964","3","5","8"
"oktaycin","4","4","8"
"OkThx","4","4","8"
"Olaketal98","3","5","8"
"Olav68","3","5","8"
"oLaww","4","4","8"
"Olcha","3","5","8"
"OldTimes22","5","3","8"
"Olechristensen","4","4","8"
"Oledza","4","4","8"
"Oleg_Kolesnikov","3","5","8"
"oleg1969oleg","4","4","8"
"Oleg50","3","5","8"
"Olegfrend","3","5","8"
"OlegProkaza","5","3","8"
"Olga31","4","4","8"
"olimoli6","4","4","8"
"Oliuradnan","3","5","8"
"Oliver-Twist","4","4","8"
"Oluseye_01","4","4","8"
"Olzhas_Yerseit","3","5","8"
"Omar_1000n","5","3","8"
"Omar2006Omar0","3","5","8"
"Omar3006","4","4","8"
"Omar9899","4","4","8"
"OmarbinAhmed","4","4","8"
"omarlamn005","4","4","8"
"omarsham","3","5","8"
"omegaile","4","4","8"
"Omen4554","3","5","8"
"Omer_616","4","4","8"
"Omer19811981","4","4","8"
"OmerHoca","4","4","8"
"onelm","4","4","8"
"Onerd","5","3","8"
"OniPaponi","4","4","8"
"Onlybillythekid","4","4","8"
"onlyoneday","5","3","8"
"oOAhmadOo","4","4","8"
"oolobo","5","3","8"
"OpeningsBot","4","4","8"
"oplehac","4","4","8"
"opus-sulca","4","4","8"
"orecoo","5","3","8"
"orgogrimm","5","3","8"
"Orient5uy","4","4","8"
"Origin_OG","5","3","8"
"orlanatlas","4","4","8"
"Osama2023","5","3","8"
"osamaelnozahy","4","4","8"
"OSCARPAGZ","5","3","8"
"Osito2021","4","4","8"
"Osojnik","4","4","8"
"ossccar2021","4","4","8"
"ossi777","4","4","8"
"Ostapowicz","3","5","8"
"Ottogeorg","4","4","8"
"Ottorino58","4","4","8"
"Ottty","3","5","8"
"Ouroboros85","2","6","8"
"OutsiderH","4","4","8"
"ov_satellite","4","4","8"
"overalsalt931","4","4","8"
"ovi1983","3","5","8"
"Ovoshevod_v13","4","4","8"
"owod","5","3","8"
"Oybrandsoy86","3","5","8"
"Oyier","4","4","8"
"ozdeveci","4","4","8"
"ozdgn","5","3","8"
"ozz3","4","4","8"
"P_r_O_v_I_z_O_r","4","4","8"
"p0p1c","2","6","8"
"P19","5","3","8"
"P7890","4","4","8"
"pa1138","4","4","8"
"Paardhiv_2012","3","5","8"
"PabloMarquez1963","4","4","8"
"pablomayoral","4","4","8"
"pablopirata","4","4","8"
"Pablouned","4","4","8"
"Pabunrul","3","5","8"
"paca83","4","4","8"
"PacoGonzalez","3","5","8"
"pacoss","3","5","8"
"padar","4","4","8"
"padrinho1985","4","4","8"
"paglumotan","5","3","8"
"Pak_Oleg22","4","4","8"
"Pakmonir_123456","4","4","8"
"palash_sao","4","4","8"
"PaleoPexti","3","5","8"
"palsmith1","4","4","8"
"PAMAMIfanS","4","4","8"
"panah1351","4","4","8"
"Panasewicz","3","5","8"
"Pandanoos","3","5","8"
"paoloponneso","2","6","8"
"Papa_Heat","3","5","8"
"PapaReis","4","4","8"
"papidaniel","5","3","8"
"par0z","3","5","8"
"paradise105","5","3","8"
"paradox-123","4","4","8"
"ParadoxicalPlay","4","4","8"
"ParasiteEve0","4","4","8"
"Parasmgandhi","5","3","8"
"Paraster83","5","3","8"
"ParraCarlo","4","4","8"
"Parrao","4","4","8"
"Parsa200000","5","3","8"
"parsahashemi90","6","2","8"
"parsi1370","5","3","8"
"parst2","5","3","8"
"parthasarathipk1980","3","5","8"
"parvizelyasi","3","5","8"
"pasa_veliki","3","5","8"
"pasoo1976","3","5","8"
"paspao","3","5","8"
"pasqualeg92","5","3","8"
"passim","3","5","8"
"PassThrough","4","4","8"
"Pataf","4","4","8"
"Path_of_Light","5","3","8"
"patlove","4","4","8"
"patnuri1","4","4","8"
"Patrick115","3","5","8"
"patrulsadik","4","4","8"
"patruq","5","3","8"
"patu27","5","3","8"
"Pauk_Alexandrovich","4","4","8"
"paulchesshustle","3","5","8"
"paulster1","4","4","8"
"pavandhongadiyahoo","4","4","8"
"Pavel_Evgrafovich","3","5","8"
"Pavel_G_R","4","4","8"
"pavel_gulyaev_95","4","4","8"
"Pavel-Russia","5","3","8"
"Pavel0078","4","4","8"
"PavelStruk82","3","5","8"
"pavlik_z","4","4","8"
"Pawcio302","4","4","8"
"pawlo763","4","4","8"
"Pawlomurz","3","5","8"
"Pawnomania","2","6","8"
"PawnRisotto","4","4","8"
"Pawnseo","3","5","8"
"PawnService","4","4","8"
"Pawnshouse","4","4","8"
"Pawnsmen","5","3","8"
"Pawnstardog","3","5","8"
"pbbff","3","5","8"
"pbeardsell","3","5","8"
"pbolshanin","5","3","8"
"pbwalljr1","4","4","8"
"pdapkus-123","3","5","8"
"PearlieJenkins","3","5","8"
"peaszus","3","5","8"
"pedrinchi28","4","4","8"
"pedrinho_br","3","5","8"
"Pedritogambito","3","5","8"
"pedro2744","4","4","8"
"PedroBer","5","3","8"
"peeterpaarkerr","4","4","8"
"Pehong","5","3","8"
"pejo002","4","4","8"
"Pelagia181","4","4","8"
"Pelceavalentin2014","4","4","8"
"Pelegro","3","5","8"
"penno21","3","5","8"
"Pentaton","5","3","8"
"peongigante","4","4","8"
"pepepancho","4","4","8"
"percheno","4","4","8"
"pereirafarm","4","4","8"
"PermanenterHirnfrost","3","5","8"
"Peshka_Korola_228","5","3","8"
"peter01o","4","4","8"
"Peter742","3","5","8"
"PetersRet","3","5","8"
"Peti1981","3","5","8"
"petitlunadal","5","3","8"
"PetrEPL","6","2","8"
"Petric_horus","4","4","8"
"PetrO_PetrO","3","5","8"
"petropidl33","4","4","8"
"petrovich142","5","3","8"
"petur6","4","4","8"
"pfErdnuss","5","3","8"
"PHAMNAMCUONG","1","7","8"
"phganso","4","4","8"
"phil761","4","4","8"
"Philans","4","4","8"
"PhilipCephas","4","4","8"
"philipounette","4","4","8"
"Philippe9512","4","4","8"
"Phillkim","4","4","8"
"PhilTM","5","3","8"
"phirik01","3","5","8"
"phoenix-thunder","3","5","8"
"phoulis","3","5","8"
"phuongtra_280415","4","4","8"
"phyl83","3","5","8"
"pibetigre","6","2","8"
"Picas01","5","3","8"
"pichinzenayt","3","5","8"
"PiciuGG","4","4","8"
"picklebalboy","4","4","8"
"pierre-dufresne","4","4","8"
"Piffelchen","4","4","8"
"Pigov","4","4","8"
"Pigshmasher","4","4","8"
"Pilluster","4","4","8"
"pim999","3","5","8"
"PingPong340","4","4","8"
"pingpongmate","4","4","8"
"pino_DZ","3","5","8"
"Pinuque","5","3","8"
"pionnenvreter","3","5","8"
"PiotrekIS","4","4","8"
"Pipeloi","3","5","8"
"Pipito0","4","4","8"
"Pipogazela","6","2","8"
"pippone123","3","5","8"
"pireco71","4","4","8"
"piresica","4","4","8"
"Pishta_Angelina2014","4","4","8"
"pisipisikedi","4","4","8"
"PistachioBoy","4","4","8"
"Pistil69","4","4","8"
"PiwiAB","2","6","8"
"Piyush-Singh06","4","4","8"
"pkond","4","4","8"
"plast1ck","5","3","8"
"Plastichorse","4","4","8"
"Platinum-piece","3","5","8"
"Platinumphenom","3","5","8"
"Platorian","5","3","8"
"Player496","4","4","8"
"Pleshivchik","4","4","8"
"pliskavica","5","3","8"
"Plizz66","5","3","8"
"ploploplo","4","4","8"
"plushscumichael","5","3","8"
"Pmlon","5","3","8"
"PNesh","3","5","8"
"pnjobvu","4","4","8"
"pnk62","3","5","8"
"po-11","5","3","8"
"pober86","4","4","8"
"poczatkujacygrajek","4","4","8"
"Poderosoatlanta","4","4","8"
"poekhavshiy","5","3","8"
"poess33","4","4","8"
"PogiKnight","4","4","8"
"pokerking69","4","4","8"
"polad_huseynov2023","5","3","8"
"Polly117","3","5","8"
"Poloc","3","5","8"
"Pompinchu1","2","6","8"
"ponpon58","4","4","8"
"poohyhy","5","3","8"
"PopoCZ","3","5","8"
"popov13a","5","3","8"
"poppinfresh","4","4","8"
"poppyandco","5","3","8"
"Posol-super","4","4","8"
"Potver58","3","5","8"
"pourlagloirederome","3","5","8"
"pourmohammadi","4","4","8"
"ppajorr","4","4","8"
"Prabishep","4","4","8"
"Prabuddhini","5","3","8"
"Prachtstrasse","5","3","8"
"prakas7032","3","5","8"
"Prakash7890","5","3","8"
"Pratikdubey7735","3","5","8"
"pravin01","4","4","8"
"pravprab","4","4","8"
"predator30","3","5","8"
"PredatorTz","4","4","8"
"Pressing","3","5","8"
"preston5","3","5","8"
"Presy24","4","4","8"
"PRHMV","4","4","8"
"PriaOptimis","4","4","8"
"prince_lulu","3","5","8"
"Prince1910","4","4","8"
"Priyanshu_10","4","4","8"
"prkharshift1","4","4","8"
"ProbableLoser","4","4","8"
"Problem_Child1","4","4","8"
"prochessgamee","5","3","8"
"Prof_RodrigoAmaral","4","4","8"
"Profesorirracional","3","5","8"
"Progamer172","4","4","8"
"ProGenRH","5","3","8"
"prokopyevgore","4","4","8"
"prokriti","4","4","8"
"Prometheus957","3","5","8"
"Proud_bee","3","5","8"
"psacuhlerer","4","4","8"
"psemmanuel","4","4","8"
"PT_109","4","4","8"
"PTLOKESHKUMAR","4","4","8"
"ptraining","4","4","8"
"pugb","3","5","8"
"Pul3Hou_MoHcTp","2","6","8"
"punnal","4","4","8"
"Punzchess","5","3","8"
"Purplegoose","5","3","8"
"push-cyber","4","4","8"
"Pustek888","4","4","8"
"Pustota12","3","5","8"
"pvriend12","4","4","8"
"Pwwo","4","4","8"
"pykesel","3","5","8"
"Q0987","4","4","8"
"q2003god","3","5","8"
"qamsari","4","4","8"
"Qayssar54321","5","3","8"
"Qianmehr","5","3","8"
"QjrmaQjrma","4","4","8"
"QNSL129","5","3","8"
"Qodeshim","3","5","8"
"QUANGLOC2013TA2-TB","4","4","8"
"Quantum_multiverse","4","4","8"
"Qudnim","4","4","8"
"Queen1965","4","4","8"
"queenchess111","4","4","8"
"QueenOnKnight","3","5","8"
"QueenxD2","3","5","8"
"Quemedehes","4","4","8"
"quendo12","4","4","8"
"qvplite","4","4","8"
"qwert141015","3","5","8"
"qwertz165","5","3","8"
"Qwyvin","4","4","8"
"R_F_R","4","4","8"
"R_R11","3","5","8"
"R_zaker","5","3","8"
"R1CC1","4","4","8"
"R2-D2-01","4","4","8"
"R314159265359","5","3","8"
"RaajKumarr","4","4","8"
"rabuizraybah","3","5","8"
"raccoonoo","4","4","8"
"racer171","3","5","8"
"radenorge","4","4","8"
"radico20","4","4","8"
"RadikZiyangirov","4","4","8"
"Radser1977","4","4","8"
"Raedyousef","4","4","8"
"Raeyra","5","3","8"
"rafaalrod","4","4","8"
"rafadelgado","3","5","8"
"Rafaellho","4","4","8"
"rafaluque","3","5","8"
"raff13","3","5","8"
"ragecpp","5","3","8"
"raghav_rajpoot","3","5","8"
"raghav498","4","4","8"
"raghup1980","3","5","8"
"Ragnvaldr","5","3","8"
"RAGOSIN","5","3","8"
"Rahini9","5","3","8"
"rahul1234456","3","5","8"
"rahul9131","5","3","8"
"rahul92","4","4","8"
"rahuldotverma","4","4","8"
"RahulHingane","5","3","8"
"Rais0","4","4","8"
"Raitower5","4","4","8"
"rajako","3","5","8"
"Rajanbabu123","3","5","8"
"rajaraga","5","3","8"
"rajbhaswatan","4","4","8"
"RAJEEV2007","4","4","8"
"rajesh7624","4","4","8"
"RajivLOL","3","5","8"
"Rajna2011","3","5","8"
"raju_upadhdhyay","4","4","8"
"Rakesh_Drall","4","4","8"
"Rakso08","4","4","8"
"Rale0010","3","5","8"
"ram_1208","4","4","8"
"Ram66666","5","3","8"
"Ramadurai","4","4","8"
"ramandeep83","3","5","8"
"Ramazanablro","4","4","8"
"ramiboumaaraf","4","4","8"
"rammari","4","4","8"
"ramon_cabral","4","4","8"
"ramon-cruz","3","5","8"
"ramzi33","5","3","8"
"ranav","4","4","8"
"RandaleRonny","4","4","8"
"RandBoChess","4","4","8"
"Randoopa-2012","4","4","8"
"Randy1971","5","3","8"
"Ranger6545","3","5","8"
"Ranjit166","4","4","8"
"Ranmaru1902","4","4","8"
"raoufjv","4","4","8"
"Raphael_Espinoza","3","5","8"
"rapwat","3","5","8"
"rares_dumitrescu1","3","5","8"
"rasf_franca2020","3","5","8"
"Rasim001","3","5","8"
"raskar_capac","3","5","8"
"Rasmanov","4","4","8"
"rasool32","5","3","8"
"RassohinAlex","2","6","8"
"Rasul2013","5","3","8"
"RathiRohit","4","4","8"
"ratkofroberf","3","5","8"
"ratnakar_hiremath","5","3","8"
"Ratrat66","5","3","8"
"Raul_Caetano","4","4","8"
"raulcarmovieira","3","5","8"
"RaulCipriano","3","5","8"
"Rav1kSal3m","4","4","8"
"ravctv","3","5","8"
"RavenousWrath","4","4","8"
"ravijayagopal","5","3","8"
"RaVIOLy","4","4","8"
"rayman171","5","3","8"
"raymond2002","4","4","8"
"raynasaini","4","4","8"
"RaynierTzyP74","5","3","8"
"raypanka","4","4","8"
"raz-dva-s","4","4","8"
"RazdolPrivolin1980","4","4","8"
"RAZIEL_77","5","3","8"
"Razorfane","5","3","8"
"RazuvaevOA","4","4","8"
"razzzumov","4","4","8"
"RC0530","4","4","8"
"RCAssisi2090","3","5","8"
"Rccc9","6","2","8"
"rdb54b","4","4","8"
"RDC49","4","4","8"
"rdceron","3","5","8"
"RealBizzy","4","4","8"
"realprincehamza","4","4","8"
"RealQueen","3","5","8"
"RealTsunami","4","4","8"
"recc4","3","5","8"
"recep16","3","5","8"
"reckless_rory","3","5","8"
"Red_Devil0007","3","5","8"
"Red_Spassky","5","3","8"
"redblackbluegreen","3","5","8"
"Reddragon77","4","4","8"
"redm11","4","4","8"
"Redox2796","4","4","8"
"redpawn53","4","4","8"
"redrum431","2","6","8"
"redwhite81","3","5","8"
"RedyRayan","4","4","8"
"RedzVanz","4","4","8"
"Refovavim","3","5","8"
"regormossan","3","5","8"
"reilritz","3","5","8"
"Reimujk","3","5","8"
"ReinickeFuchs","4","4","8"
"REIS60","3","5","8"
"relax001","3","5","8"
"ReminisceWithRishabh","3","5","8"
"remispatt","4","4","8"
"renatherock","5","3","8"
"RenatIL","4","4","8"
"RenatoHenn","4","4","8"
"Rence08","4","4","8"
"Rendy_Willy","4","4","8"
"renechilote2","5","3","8"
"ReneRivera92","4","4","8"
"renjith_varma","4","4","8"
"Republican1","4","4","8"
"Requiem2k","4","4","8"
"RequiemScream","3","5","8"
"Revanshsai","4","4","8"
"Rever87","3","5","8"
"Revestant","3","5","8"
"Revod","5","3","8"
"revtyler","4","4","8"
"Rex_Sap","4","4","8"
"RexGildo100","4","4","8"
"rexhepgovori","4","4","8"
"Reyhanehforoughi","3","5","8"
"reza_jeddie","4","4","8"
"Reza_SheikhAkbar","4","4","8"
"Reza2986","2","6","8"
"RezaBadi","4","4","8"
"rezara","4","4","8"
"rezarmpp","4","4","8"
"rezoleg","4","4","8"
"rfmg","4","4","8"
"Rhajan","4","4","8"
"Rheachad","4","4","8"
"Rhui_1","4","4","8"
"RianaAbdullina","4","4","8"
"riasx","4","4","8"
"Riau_HCN","4","4","8"
"Ricardo-sierra1124","3","5","8"
"riccardopoltronieri","4","4","8"
"ricedumping","4","4","8"
"RichardTheMastermind","3","5","8"
"Rick_Almozov2511","4","4","8"
"Rick_Kasparov","3","5","8"
"ricosimicic","4","4","8"
"ridvanakbulak","3","5","8"
"Rijulkolleri","3","5","8"
"riki407","3","5","8"
"RikiPD","5","3","8"
"Rima-2021","4","4","8"
"Rinat357","2","6","8"
"Rinvoq","3","5","8"
"Rio310897","3","5","8"
"rip4real","3","5","8"
"RippchenmitKraut","4","4","8"
"RiteshKumar_20_2006","2","6","8"
"rizal_ashari","3","5","8"
"rizga1984","4","4","8"
"rlatmdals2690","4","4","8"
"RLEGER","3","5","8"
"rm-22","4","4","8"
"RMcMurphy","3","5","8"
"RMJ55","4","4","8"
"RoadtoSGM","5","3","8"
"Robert_jani","3","5","8"
"robert987","4","4","8"
"RobertAronov","3","5","8"
"RobertHarstad","4","4","8"
"Roberto_Comadreja","3","5","8"
"robika9292","4","4","8"
"robinskp48","4","4","8"
"Robitoo","3","5","8"
"roccotx","4","4","8"
"Rodce","3","5","8"
"Rodi39","3","5","8"
"Rodinich","4","4","8"
"rodri1895","5","3","8"
"Rodrigo_sfa","4","4","8"
"Rodrigosaxo","5","3","8"
"roeemash","4","4","8"
"Rohitakshay","3","5","8"
"Roksana15","5","3","8"
"Rolf_Scamander","4","4","8"
"romaba","4","4","8"
"Roman_2015_Kozyk","5","3","8"
"Roman_Leo","4","4","8"
"RomanShustov38","4","4","8"
"romedi","4","4","8"
"Romek123","4","4","8"
"romeo_cathy-2023","4","4","8"
"RomesLaurencin","3","5","8"
"Romnz","4","4","8"
"Romo53cop","4","4","8"
"ronaldobaba34","4","4","8"
"Rooking4Love","4","4","8"
"Rosencrantz00000","4","4","8"
"RossaCute","4","4","8"
"Roswitha2","3","5","8"
"roszi","5","3","8"
"RoulettePur","4","4","8"
"Rowdy333333","4","4","8"
"RoyaAmini","4","4","8"
"Royal_Resurrection","3","5","8"
"Rozanj","5","3","8"
"rozum-1","4","4","8"
"RR3000","3","5","8"
"rrenac","3","5","8"
"rrogg","4","4","8"
"rrrr656895400","6","2","8"
"rsawkar","4","4","8"
"rslan2020","4","4","8"
"Ru-shane","5","3","8"
"RUAIRI12","5","3","8"
"ruben_carrion","4","4","8"
"ruben870512","4","4","8"
"rubendaluz","3","5","8"
"rucvet","4","4","8"
"Rudolf-Bektau_5558","3","5","8"
"Rudska","3","5","8"
"RudyTchiva","4","4","8"
"rugat","4","4","8"
"Ruiisu","4","4","8"
"rumalena29","4","4","8"
"rumcajs45","3","5","8"
"rumpeldipumpi","4","4","8"
"Rune-God","4","4","8"
"Runner01","4","4","8"
"RunningIsolani","4","4","8"
"Rupesh_Patil","4","4","8"
"RusChesser","3","5","8"
"Rusdrum","3","5","8"
"Rusik996","4","4","8"
"rustam1","4","4","8"
"RustamRA","4","4","8"
"RustyTactics","4","4","8"
"rutac44","4","4","8"
"RV81","4","4","8"
"RVB2K","4","4","8"
"rvnge","4","4","8"
"Rwan_guri10","3","5","8"
"rxtk","4","4","8"
"RyanBenkeser","4","4","8"
"ryangrant","4","4","8"
"RylovDmitry","4","4","8"
"rys3000","7","1","8"
"RyuHayabusa1988","3","5","8"
"RZCandelaria","3","5","8"
"S_Arnav","4","4","8"
"S123456","4","4","8"
"s22322-7","3","5","8"
"S4NGOKU","4","4","8"
"sa_zaki","4","4","8"
"saadne75","4","4","8"
"Saau_thilh207","4","4","8"
"sabinesebastian","5","3","8"
"sabrinalala","4","4","8"
"Sachin_sabale","4","4","8"
"sacomilano","4","4","8"
"sadansalim17","3","5","8"
"saeed_7amoda","4","4","8"
"saeedeslami","4","4","8"
"Saeem72","4","4","8"
"saeid-M-M","5","3","8"
"sagarkhatri","4","4","8"
"SagarNikam","5","3","8"
"sagrawal1004","4","4","8"
"SahelDarya","5","3","8"
"Sahmat65","4","4","8"
"Said_1950","4","4","8"
"saidadilrawi","3","5","8"
"saidai22","4","4","8"
"saifouninho1992","4","4","8"
"saihanaa01","3","5","8"
"sainanuj","5","3","8"
"saiofa_88","5","3","8"
"Sairam34","3","5","8"
"Saisho_193","4","4","8"
"SaitamaRD","4","4","8"
"sajadgolshani","4","4","8"
"sajitk","3","5","8"
"Sajjad_shahedi","3","5","8"
"Sajjad90","5","3","8"
"SakaBeast","4","4","8"
"sakklovag062","4","4","8"
"Sakrish31","4","4","8"
"SAKURA1953","4","4","8"
"salah_fnz21","4","4","8"
"Salah588","4","4","8"
"SalahaddinEyyubi","2","6","8"
"SALAVAT-90","4","4","8"
"Saleh_Adel2001","5","3","8"
"Salehin92","4","4","8"
"Salewarchess","4","4","8"
"Salikala_Kasnea","4","4","8"
"salim51","4","4","8"
"salisbury12","5","3","8"
"salki7863","3","5","8"
"SaltFoamfollower","3","5","8"
"salvoso98","5","3","8"
"Sam11011982","4","4","8"
"Sama4080","5","3","8"
"Sambabak","4","4","8"
"sambam7777","4","4","8"
"sambath0003","4","4","8"
"SamChess16","4","4","8"
"sameralraqee2","4","4","8"
"sami119944","5","3","8"
"samixhimo","4","4","8"
"Samkit_Cnova","5","3","8"
"SaMoLgA","4","4","8"
"samorukoved","4","4","8"
"Samu937","4","4","8"
"samuel_andres99","4","4","8"
"Samuel682015","5","3","8"
"SamuraiCoachGuj","4","4","8"
"Samy22222","5","3","8"
"sancho7","6","2","8"
"sandro1975","4","4","8"
"SandyShom0777","4","4","8"
"sanek12rus","4","4","8"
"Sangoma1967","3","5","8"
"Sanguinet","5","3","8"
"Sanjaykumar3630","5","3","8"
"sanketparekh","5","3","8"
"SannurSakenov","4","4","8"
"Sannybigbaws","5","3","8"
"sans123_w","5","3","8"
"Santimayes","3","5","8"
"santosmarco","3","5","8"
"SANTOWSPR","7","1","8"
"sara_sajadi73","5","3","8"
"Sarameko","4","4","8"
"sarang_nastya","4","4","8"
"Sarckeyx2","5","3","8"
"sargam_0111","4","4","8"
"sargos","4","4","8"
"Sarhan83","4","4","8"
"sarissa00","4","4","8"
"Sarkham","5","3","8"
"sarlinger61","5","3","8"
"sarpingon","3","5","8"
"sarroahmed","4","4","8"
"sasha-v3","4","4","8"
"Sasha00700","4","4","8"
"sashbashalive","4","4","8"
"sasirhasarinda","4","4","8"
"sasm","4","4","8"
"sasoriririi","5","3","8"
"SathwikReddy533","5","3","8"
"Satiramoyantalokana","6","2","8"
"SatishBilgi","4","4","8"
"Satya_1978","4","4","8"
"saucespeciale","3","5","8"
"SaulZ","5","3","8"
"sautu","4","4","8"
"saviorespinoza","4","4","8"
"saxonkd","3","5","8"
"Saya_1010","6","2","8"
"Sayad44444","4","4","8"
"Sayfull0","3","5","8"
"sazugu","4","4","8"
"SBRAIZ","5","3","8"
"sburman81","3","5","8"
"ScaccoDan","3","5","8"
"scapafloe","4","4","8"
"Scarakazu","3","5","8"
"scarcee","5","3","8"
"Scarso1","4","4","8"
"Sch3wpid","4","4","8"
"Schachgebot","4","4","8"
"Schachtherapeut","4","4","8"
"schnellfisch","5","3","8"
"schrodingersfoxy","4","4","8"
"sciau","3","5","8"
"ScIVAN","3","5","8"
"scjimmy","4","4","8"
"scorpio18","4","4","8"
"Scorpioshka","3","5","8"
"ScottJoel","3","5","8"
"SD1122","4","4","8"
"sdschess7","3","5","8"
"Sdubanah","5","3","8"
"seadjukic1","4","4","8"
"seanyseand","4","4","8"
"searayder","3","5","8"
"seba123","5","3","8"
"Sebas97","4","4","8"
"SEBASTIAN1529","3","5","8"
"Sebastiani-2013","4","4","8"
"sebastienfoveau","7","1","8"
"SebFli","4","4","8"
"SEBIALPHONSE","4","4","8"
"seddak","3","5","8"
"Seek-and-Destroy","5","3","8"
"seekerx","4","4","8"
"Seit1965","4","4","8"
"sejas1976","5","3","8"
"sekerali","4","4","8"
"Sela74","5","3","8"
"Selimemre123","4","4","8"
"Selimzade_07","5","3","8"
"selva92","5","3","8"
"sem665","4","4","8"
"Sema200","3","5","8"
"Semiserio","3","5","8"
"SemWel1712","4","4","8"
"Seneca74","5","3","8"
"Sense18","4","4","8"
"Senyk19","2","6","8"
"seour","2","6","8"
"Serafim1956","4","4","8"
"Serega-74","4","4","8"
"serega1234","4","4","8"
"serega1412","5","3","8"
"Seretucastigo","4","4","8"
"Sergei_Volkov","6","2","8"
"SergeiPatrin","4","4","8"
"Sergekk","5","3","8"
"Sergey_74Tula","4","4","8"
"Sergey198015","4","4","8"
"sergey2710","3","5","8"
"SergeyChalov","4","4","8"
"SergeyV34","2","6","8"
"Sergio_2776","1","7","8"
"Sergio-1975","3","5","8"
"sergioigres","4","4","8"
"sergioport","3","5","8"
"SergIss_11","4","4","8"
"Sergpq","4","4","8"
"SergUSSR","4","4","8"
"Sergyuppies","3","5","8"
"Serik878","4","4","8"
"seriozha","3","5","8"
"Seroparthis","3","5","8"
"Serpe666","3","5","8"
"SERZH636","3","5","8"
"SestricQA","4","4","8"
"setora88","4","4","8"
"Sev1k2","4","4","8"
"Sev7npro","4","4","8"
"SeveleV","5","3","8"
"Seven4-70","5","3","8"
"Sevenfootjew","4","4","8"
"SeViCi","4","4","8"
"sevo54","5","3","8"
"sexbombo4ka","5","3","8"
"sexlessmale","5","3","8"
"SF_123","3","5","8"
"Sfide_Mentali","4","4","8"
"SGGERRARD","4","4","8"
"shadi37117","3","5","8"
"shadly","4","4","8"
"shadow201","3","5","8"
"Shadowmonk3y93","4","4","8"
"Shady_igbaria","4","4","8"
"shafisdc77","4","4","8"
"Shahana_2012","6","2","8"
"shahmatniyebir","4","4","8"
"shahpal3968","3","5","8"
"Shahram9053","3","5","8"
"shahrokh_1347","4","4","8"
"shailendra001","4","4","8"
"Shaker19830707","4","4","8"
"Shakhmatist1","5","3","8"
"ShaliovArtsiom","4","4","8"
"shalva88","4","4","8"
"shamseldin","4","4","8"
"Shanksponey","4","4","8"
"Shanky_Sxr","4","4","8"
"ShanthiThereseS","5","3","8"
"shaolin42","1","7","8"
"shaolin63","4","4","8"
"shaon94","4","4","8"
"Shapashnik","4","4","8"
"sharasi65","5","3","8"
"sharavana","5","3","8"
"Sharazan21","3","5","8"
"shared_ptr","4","4","8"
"sharilka","5","3","8"
"Sharkweek52709","3","5","8"
"sharma2011","5","3","8"
"Shata777","4","4","8"
"Shaunak99","4","4","8"
"ShauryaIQT","4","4","8"
"ShavkatSubanov","4","4","8"
"Shayansivosh","4","4","8"
"Shebitah","4","4","8"
"sheikh22","4","4","8"
"Sheluntsov","4","4","8"
"shen0061","4","4","8"
"shen0086","6","2","8"
"shen104","4","4","8"
"ShenLim","5","3","8"
"sheraz00","3","5","8"
"sherifan","4","4","8"
"Sherlockk99","4","4","8"
"Sherollari_Semion","4","4","8"
"Sherston","5","3","8"
"Shezafayaz333","4","4","8"
"Shhunya","3","5","8"
"shifer58","5","3","8"
"ShilpaRajuP","4","4","8"
"shimc","5","3","8"
"Shivam815","4","4","8"
"Shivamch27","4","4","8"
"shivseshadri","4","4","8"
"shnmgd","4","4","8"
"Shootermen","4","4","8"
"shoumikchow","4","4","8"
"shourya_chess","4","4","8"
"showman007","4","4","8"
"Shrikant_09","4","4","8"
"shsh74","4","4","8"
"Shturmovic","4","4","8"
"Shu555","4","4","8"
"ShuAla","5","3","8"
"Shubham-patil","4","4","8"
"Shudinanto","4","4","8"
"ShuruPoVert","3","5","8"
"ShvetsaG","5","3","8"
"Siam_aditoure","3","5","8"
"siddhesh55","4","4","8"
"SignorNemo","4","4","8"
"silfgenson","4","4","8"
"silviaflores","4","4","8"
"simackovaew","4","4","8"
"simandicandapaij","4","4","8"
"simonvj","5","3","8"
"Simsilu","3","5","8"
"sinagafernan17","3","5","8"
"Sinclair51","3","5","8"
"sine30","3","5","8"
"Singh851052","4","4","8"
"Sipy","4","4","8"
"Sircheb123","3","5","8"
"sirehman","5","3","8"
"sirfrogsalot","4","4","8"
"Sirio22","4","4","8"
"SirJellington","4","4","8"
"SirLancelot59","4","4","8"
"SirMooook","3","5","8"
"Sirser01","4","4","8"
"sitden","3","5","8"
"sithumya02","4","4","8"
"SIVAKARTHIKEYA","4","4","8"
"sivasmausa1","4","4","8"
"siyamak182","2","6","8"
"sjad44","3","5","8"
"sk0ontz","3","5","8"
"Skandar_kis","4","4","8"
"skate_chess","4","4","8"
"skddh-azri","4","4","8"
"skeelove","5","3","8"
"SKID_MARK_PANTIES","3","5","8"
"Skivsky","4","4","8"
"skloepfer","4","4","8"
"SKMAURYA","3","5","8"
"skonarfaoui","3","5","8"
"Skoobjak","5","3","8"
"Sky_Night","3","5","8"
"SkyLarker7","4","4","8"
"slachas","4","4","8"
"slafi","5","3","8"
"SlagEater","4","4","8"
"slartibartfast_420","4","4","8"
"slavadzhan","4","4","8"
"slavafree","3","5","8"
"slavislavkolotov","4","4","8"
"slawil","3","5","8"
"Slawisch","4","4","8"
"Sleviin","4","4","8"
"slidexpert321","5","3","8"
"slipsure","4","4","8"
"slkymth","3","5","8"
"slon_k","3","5","8"
"sloneczko2911","4","4","8"
"SloNickk","5","3","8"
"slumurai","4","4","8"
"SlyOldFoxyStoat","3","5","8"
"Smakey","4","4","8"
"SmallBoxOfSpiders","5","3","8"
"smart2778","4","4","8"
"smartbeen","4","4","8"
"smcgratt","3","5","8"
"smeirat86","4","4","8"
"SmileySeal","5","3","8"
"Smmaksat","3","5","8"
"smoma","4","4","8"
"smrl","4","4","8"
"Smur-smur","3","5","8"
"snagu","4","4","8"
"snapplefacts","3","5","8"
"SneeW","5","3","8"
"Snrsz","3","5","8"
"sobecama","3","5","8"
"SOBERMAGNUS","4","4","8"
"sobhankhan","4","4","8"
"SOBHANMORADDAR1389","4","4","8"
"Soc1opath","4","4","8"
"Socratesmethod","4","4","8"
"Sofia_64","4","4","8"
"sofijaliepina","4","4","8"
"Soft4ndWet","3","5","8"
"SoheilIbrahimiZare","4","4","8"
"soheylasolhjoo","4","4","8"
"soilm","4","4","8"
"Soixanteneuf","4","4","8"
"Solamente-Luis","4","4","8"
"SolarDemon","3","5","8"
"soltanamir2006","3","5","8"
"Sommerblume","5","3","8"
"sonderman","4","4","8"
"sonev","3","5","8"
"sonf","4","4","8"
"Soniaxiong","4","4","8"
"Sonja_Rempfer","4","4","8"
"soonsy","6","2","8"
"sophiaal2","3","5","8"
"Sorcerer007","4","4","8"
"sorcermon","4","4","8"
"soren2500","7","1","8"
"Soslan278","4","4","8"
"soso1984","4","4","8"
"soumithr","5","3","8"
"soumitra7745155","4","4","8"
"SOUMYADIP7","5","3","8"
"southscythe","2","6","8"
"SouUmBot","4","4","8"
"SoyQuemero1972","3","5","8"
"Sp1kZetts","5","3","8"
"SpaceBeth","3","5","8"
"spacelordmarcus","3","5","8"
"Sparkl3s","5","3","8"
"sparkychess94","4","4","8"
"sparta_52","4","4","8"
"Spartakus1985","4","4","8"
"SpartanBotany","4","4","8"
"Spartano","4","4","8"
"spchakraborty","5","3","8"
"SpeakerKumar2011","3","5","8"
"specialbrew","3","5","8"
"Spectr017","4","4","8"
"Speed_Demon1960","3","5","8"
"speedy49211932","4","4","8"
"Sperrow","3","5","8"
"Spicy_L","4","4","8"
"spindriftt","5","3","8"
"spinoza43","3","5","8"
"SpinozaNietzche","1","7","8"
"spivak_sas","3","5","8"
"Spriet33","4","4","8"
"Sprowna265","3","5","8"
"Sputnik10","5","3","8"
"SPY17","4","4","8"
"squidos","4","4","8"
"Sravan_Kumar_Podili","4","4","8"
"srdrktp","3","5","8"
"sreeharivallu","4","4","8"
"SS20170126","4","4","8"
"Ssauzz","4","4","8"
"SSP72","4","4","8"
"ssreddy","2","6","8"
"ssstaceywolf29","4","4","8"
"SSSUB-0","4","4","8"
"Staccatokvk","4","4","8"
"Staksa","4","4","8"
"Stalus76","3","5","8"
"stanchess007","4","4","8"
"Stanislav_rr","4","4","8"
"stanisthemoose","4","4","8"
"stanleyG139","4","4","8"
"stanleyjac","5","3","8"
"star_new","4","4","8"
"starco1385","3","5","8"
"starstar29","4","4","8"
"startrek1","4","4","8"
"stasszachista","4","4","8"
"Stay138","4","4","8"
"Stefan0770","4","4","8"
"StefanGaudernak","4","4","8"
"stegu","5","3","8"
"stekoljsik","5","3","8"
"stepacross","2","6","8"
"stepan0011","3","5","8"
"StepaVoronkov-2016","5","3","8"
"steph1971","4","4","8"
"Stephmarmotte","5","3","8"
"steveharmon","3","5","8"
"stfu-bidlo","4","4","8"
"stgallen","4","4","8"
"StockyNurseFrog","4","4","8"
"Stoickfish","4","4","8"
"stonedWazeer","4","4","8"
"stoyanp","4","4","8"
"strangemood","3","5","8"
"StrannikVK","5","3","8"
"Strategist247","4","4","8"
"stratelen","4","4","8"
"stratus77","5","3","8"
"StrilaxLeRetour","4","4","8"
"Struve_Mike","3","5","8"
"suarezrazo","5","3","8"
"Subas_Roy","3","5","8"
"Subbukatkere","3","5","8"
"subham780","4","4","8"
"suckkatchess","3","5","8"
"sudemirhan","2","6","8"
"Sudipta999","4","4","8"
"SuhailShah","3","5","8"
"suhasksalvi19","4","4","8"
"suhassankaramaddi","4","4","8"
"suj1th","5","3","8"
"suka43","4","4","8"
"sukanth23","5","3","8"
"Sukhumii","4","4","8"
"SukrDaddy","4","4","8"
"Sukur2000","4","4","8"
"sulejmanvelicanstven","3","5","8"
"Sulfikker","4","4","8"
"Suljo55","3","5","8"
"Sultan17A","5","3","8"
"sumitC007","3","5","8"
"summerC137","3","5","8"
"sundarram620","4","4","8"
"Sung1609","3","5","8"
"SUNILGALVE","3","5","8"
"sunitasachdev","4","4","8"
"sunjee","3","5","8"
"Sunny11111","5","3","8"
"SunnyBoy123","4","4","8"
"sunnytekken","5","3","8"
"SunSep17","4","4","8"
"super_turbo_76","3","5","8"
"Super-Dragao","4","4","8"
"SuperFilibert","5","3","8"
"supergamsiz","5","3","8"
"SupermassiveBlunders","3","5","8"
"SuperNikita","5","3","8"
"superspudclabscacchi","4","4","8"
"SUPERTREBOL","5","3","8"
"SuperTripon","4","4","8"
"suprirajabasa","5","3","8"
"suratram","3","5","8"
"SurenAdunc","3","5","8"
"surfbot","4","4","8"
"suriya287","3","5","8"
"Surya-26","3","5","8"
"SussyBakka_69","4","4","8"
"Sutillopez","4","4","8"
"Svalentine","3","5","8"
"svensilver","5","3","8"
"Sviatoslav1456","4","4","8"
"Svjetlan","4","4","8"
"Swarnasreenu72","4","4","8"
"SweetBoom888","3","5","8"
"SWFC","4","4","8"
"SwIX199","3","5","8"
"SWoodruff13601","4","4","8"
"syesildag","5","3","8"
"syl1899","4","4","8"
"Sylar1988","4","4","8"
"SymphonyOfSapphires","3","5","8"
"Syuria_Niha","5","3","8"
"SZARINKA","3","5","8"
"t6h6_lkm","4","4","8"
"ta50mer","3","5","8"
"Taaaaahaaaaaa","4","4","8"
"tagfrancis","3","5","8"
"TagirSharafutdinov","4","4","8"
"Tahnee","3","5","8"
"Taj11","4","4","8"
"Tal1789","4","4","8"
"Tal2ant","3","5","8"
"Taldd","4","4","8"
"Tallman169","4","4","8"
"talpa76","4","4","8"
"tameryoville","4","4","8"
"Tamil_KinginNORTH","4","4","8"
"tandy76","4","4","8"
"Tanmoy369","4","4","8"
"tannakr","4","4","8"
"Tante_girang","5","3","8"
"Tanu2012","5","3","8"
"taoa2kat","4","4","8"
"taoufiq63","4","4","8"
"Tarasme89","4","4","8"
"tarasowAA","4","4","8"
"Tarek_25","4","4","8"
"Tarek-Shaban","5","3","8"
"Tarek1Falcon","4","4","8"
"Tarek909","4","4","8"
"Tarlau87","3","5","8"
"TARUNARUMUGAM","4","4","8"
"tashirevd","3","5","8"
"TaTa45","4","4","8"
"Tati-Franco","3","5","8"
"Tatiana_N","4","4","8"
"TaTiLo321","3","5","8"
"tatjana_t","4","4","8"
"Taukonjo_JRC","3","5","8"
"Taverw","5","3","8"
"tawade-anil","4","4","8"
"tazzo","5","3","8"
"tbaird79","4","4","8"
"Tboda78","4","4","8"
"tcarevic","4","4","8"
"tduramendiz","4","4","8"
"Tea-1000","4","4","8"
"TECHNOGENNY","3","5","8"
"Techywiki","3","5","8"
"Teddy_sacco","3","5","8"
"Tedi25","5","3","8"
"tEdIhArD","5","3","8"
"Teekkk","5","3","8"
"tegaeth","4","4","8"
"TEGRIG","4","4","8"
"Teia_neural","4","4","8"
"Tejasrebel","3","5","8"
"tejaswibiduru22","4","4","8"
"TeleRadio5","4","4","8"
"TelparyGleb","4","4","8"
"Temon_13","4","4","8"
"tenderstem","3","5","8"
"Tengiz1206","5","3","8"
"teolop72","5","3","8"
"TeoRondel","4","4","8"
"TerraMarie","4","4","8"
"terrence_jones","4","4","8"
"Tessaroli","3","5","8"
"Tfking13","4","4","8"
"Thabo-tbo-touch","3","5","8"
"thaichiler","3","5","8"
"Thalys17","3","5","8"
"Thanh2017","4","4","8"
"Thaniel","5","3","8"
"tharun678","5","3","8"
"The_Dark_kni9ht","3","5","8"
"The_Game_Changer_23","4","4","8"
"the_real_jonnox","4","4","8"
"The_Rising_Night","3","5","8"
"the_rudy5","4","4","8"
"The-killer0071","3","5","8"
"theawagle","5","3","8"
"Thebkr","4","4","8"
"thebonapartist","5","3","8"
"TheBubbles","3","5","8"
"thebugubugu","3","5","8"
"TheCheesemate","2","6","8"
"thechessgod22","4","4","8"
"TheCoiled1","4","4","8"
"TheConstabulary","4","4","8"
"TheCubester08","4","4","8"
"TheeBeardedLadyy","5","3","8"
"TheFrankou","4","4","8"
"TheGreatOne1115","4","4","8"
"thegreenbean","4","4","8"
"thekhanparvez","4","4","8"
"TheKnightManager","4","4","8"
"ThelittleRock","3","5","8"
"Theloadeddeck","4","4","8"
"thembusombambo","4","4","8"
"TheMindstein","3","5","8"
"THEMIZ1993","4","4","8"
"thenessiiz","4","4","8"
"TheRegista","3","5","8"
"Thestupid1","4","4","8"
"TheThinRedLine","5","3","8"
"TheTiryaki","3","5","8"
"thevsrivee","4","4","8"
"thezingman","4","4","8"
"Tho-m","4","4","8"
"Thomas_desu","3","5","8"
"ThomasHaatem","6","2","8"
"ThomasLove","4","4","8"
"Thomasshammas","4","4","8"
"thomsethomse","3","5","8"
"Thoranaga","4","4","8"
"thorderrobna2891","5","3","8"
"Thoum2019","4","4","8"
"Thuri","4","4","8"
"Thx_for_ss","4","4","8"
"Tiagodelucia","3","5","8"
"Tibor1111","4","4","8"
"tibosan1978","4","4","8"
"TienThanh2021","5","3","8"
"tierre","3","5","8"
"Tigr_King","4","4","8"
"tile66666","4","4","8"
"tim_sta","5","3","8"
"timao15","3","5","8"
"TimDante","4","4","8"
"Timlin","3","5","8"
"Timur_7575","4","4","8"
"Timur-097","4","4","8"
"timurvktrv","4","4","8"
"TIP2018","4","4","8"
"Tisa672267","3","5","8"
"tisniks","4","4","8"
"tisoy_boi","3","5","8"
"TITANM2512","3","5","8"
"titor13","3","5","8"
"Titou1964","5","3","8"
"Tiziano13","3","5","8"
"Tj060108","5","3","8"
"Tjompa85","5","3","8"
"tjplayer5202","5","3","8"
"tjspinks","5","3","8"
"tk_1203","3","5","8"
"tk2405","4","4","8"
"tkn474","3","5","8"
"TKS-PHLS-AmareC","4","4","8"
"tlh1","4","4","8"
"tmp_acnt","3","5","8"
"to979","4","4","8"
"toellis","4","4","8"
"tohabanderas","4","4","8"
"tohid98","4","4","8"
"Tojun-theking","5","3","8"
"tokyointhedrift","4","4","8"
"tolga1979","3","5","8"
"tolgablack","4","4","8"
"Tomas4278x","5","3","8"
"Tomasdeaquino2020","3","5","8"
"Tomatnuylimonad","4","4","8"
"tomdoddv","3","5","8"
"TomEdge","5","3","8"
"Tomeng","4","4","8"
"tommy_shelby22","5","3","8"
"tomskowl","4","4","8"
"Ton1k","4","4","8"
"Tonare","3","5","8"
"Toniko27","4","4","8"
"ToniNioLeTemeraire","4","4","8"
"Tony19","4","4","8"
"tony5476","3","5","8"
"TonyNorriss","5","3","8"
"tonyxztk","4","4","8"
"ToOfAnMaLoO","3","5","8"
"Torcheb","4","4","8"
"tordillo100","4","4","8"
"tornadomella","4","4","8"
"TorontoCows","3","5","8"
"Torte_009","3","5","8"
"Toscani","3","5","8"
"toshiro64","3","5","8"
"Tosin_Dandy","5","3","8"
"Toslt","3","5","8"
"tourbillon28","5","3","8"
"TOVEIR","3","5","8"
"Tparto","4","4","8"
"TR_Ayush","4","4","8"
"TrahakTemu","4","4","8"
"Traitauxblancs","3","5","8"
"TraktoDen","4","4","8"
"Tranbaonguyen123","3","5","8"
"Trancsend","4","4","8"
"tranquilllle","4","4","8"
"tranquipiola","4","4","8"
"trapmate","4","4","8"
"Trastoi","5","3","8"
"Travolta10","3","5","8"
"Trek4300","4","4","8"
"TREmre2362","4","4","8"
"trenchwarden","4","4","8"
"Trener46","4","4","8"
"Trentycent","5","3","8"
"Trik20","3","5","8"
"trikeman","4","4","8"
"trippster","4","4","8"
"trodet6","5","3","8"
"TROJANLION","5","3","8"
"trolword","4","4","8"
"Tropper74","4","4","8"
"TroyGriff","4","4","8"
"truckwaffles","4","4","8"
"truetempo","5","3","8"
"truliph","4","4","8"
"Trynchuk","4","4","8"
"Tschelu","4","4","8"
"TschessieJames","3","5","8"
"Tserendendew","4","4","8"
"Tsoyar_1608","3","5","8"
"tsumigan","5","3","8"
"ttamim01","3","5","8"
"tttg3n1us","1","7","8"
"tuanaelmas","4","4","8"
"tucco_1967","5","3","8"
"Tugomir","4","4","8"
"Tunahan_bey","3","5","8"
"tunca_cafe","4","4","8"
"tuntger","5","3","8"
"tunu16","5","3","8"
"Turbinchen","4","4","8"
"Turboemu","4","4","8"
"TuReyMoon","3","5","8"
"turnip_soup","4","4","8"
"Tursymurat1983","4","4","8"
"Tusharsingh_26","4","4","8"
"tuxybuzz13","6","2","8"
"Tvacy12","4","4","8"
"tweeglitch","4","4","8"
"twiceknightly2","4","4","8"
"txbrizi","6","2","8"
"TXTcustoms","4","4","8"
"txusym","5","3","8"
"TyberZann5419","5","3","8"
"tyfs82","3","5","8"
"Tymeczekszachista","4","4","8"
"tyranidsnack","5","3","8"
"TyrinAlexey","3","5","8"
"tyuktyuktyyuk","5","3","8"
"uatacazzua","4","4","8"
"Uber2","4","4","8"
"uberdenker","4","4","8"
"ucsai","4","4","8"
"uct2","4","4","8"
"ue_xm3891","4","4","8"
"UG2010","4","4","8"
"ugrde","5","3","8"
"UK7777","4","4","8"
"UKELANGO","5","3","8"
"ukraine43","4","4","8"
"Ulan666","3","5","8"
"UlDol","4","4","8"
"ulfe20","4","4","8"
"Uliana_an91","4","4","8"
"UliIris","5","3","8"
"uliromli","5","3","8"
"ultracoost","3","5","8"
"Ulukbek_t","3","5","8"
"UlyanaSosh","4","4","8"
"Umashankar12","4","4","8"
"umorator","3","5","8"
"UmpaLumpa3","4","4","8"
"Umutcan_kutlu","4","4","8"
"UmutGzel","5","3","8"
"Undeflned","4","4","8"
"uNGam3R","4","4","8"
"unknown6966","4","4","8"
"unremi","4","4","8"
"unusmundus","3","5","8"
"unxchotozhatelpisxk","4","4","8"
"Up7","3","5","8"
"Urahara909","4","4","8"
"UralToxicTony","4","4","8"
"urgent2k","4","4","8"
"UrijB","3","5","8"
"uriva","4","4","8"
"Usachev120789","4","4","8"
"usart","6","2","8"
"Usenko","3","5","8"
"user_19","3","5","8"
"user-user-user-user","3","5","8"
"UthkarshK","4","4","8"
"UwUw","3","5","8"
"uygarstar","4","4","8"
"UZAIR2016","4","4","8"
"V_V0","5","3","8"
"V7_62mm","4","4","8"
"V89134474990","3","5","8"
"VADERFIGHT","4","4","8"
"Vadim152rus","4","4","8"
"Vadimfish","4","4","8"
"vagaal","5","3","8"
"vahdetklc","4","4","8"
"VAIBHAV86","4","4","8"
"vaidlin","4","4","8"
"Vainbender2","5","3","8"
"vaishnav0721","5","3","8"
"vaishnavisai964","4","4","8"
"val1970","3","5","8"
"valentin-2711","4","4","8"
"Valentincc05","4","4","8"
"valer0n","5","3","8"
"valera1155pro","5","3","8"
"valerapterodaktel","4","4","8"
"Valerix75","4","4","8"
"Valeriy23081978","3","5","8"
"valeriybaldin","3","5","8"
"valeriyvantey","4","4","8"
"vamosgloria-14637637","3","5","8"
"Vampier09","4","4","8"
"vamshi_08","4","4","8"
"Vanhurt","4","4","8"
"VANS02","5","3","8"
"VANSHNOOBKA","4","4","8"
"Vaquangnam47","3","5","8"
"varnika_m-13","4","4","8"
"varun3008","4","4","8"
"vasiliilifenko","4","4","8"
"vasiliy15","3","5","8"
"vasiliyilchenko","5","3","8"
"vasivan22","3","5","8"
"VaskoZaba","5","3","8"
"Vasseu","3","5","8"
"Vassvik","5","3","8"
"Vasyl1973","4","4","8"
"Vatsuu49","3","5","8"
"vazire_tufani","5","3","8"
"VBrasil","4","4","8"
"VCG16","3","5","8"
"VD7_99","4","4","8"
"vdba2","3","5","8"
"Vector1923","5","3","8"
"Vedantvrvc8","4","4","8"
"veezar","5","3","8"
"VeezyMane","4","4","8"
"Vegapunk01","3","5","8"
"Vegeta704","4","4","8"
"Velardz","4","4","8"
"Venky475","4","4","8"
"Vera_kuz_Non","4","4","8"
"VerbrechenundStrafe","4","4","8"
"verdederoff","4","4","8"
"vernalscone","5","3","8"
"VerteiDigga","4","4","8"
"VeselinVelikov","4","4","8"
"VHVG","4","4","8"
"Vickionic","4","4","8"
"vict1m","3","5","8"
"Victorcharlesemek001","4","4","8"
"Victorfrum","3","5","8"
"VictorMega","4","4","8"
"victornapoli","3","5","8"
"vigen68","5","3","8"
"vijaymalkoti","4","4","8"
"vik__tur","3","5","8"
"vikingsnoob15","4","4","8"
"Vikram619","3","5","8"
"vikraman","4","4","8"
"Viktor_Alex","4","4","8"
"Viktor_Ghost","5","3","8"
"Viktor_Osipov","4","4","8"
"ViktorBuryak","3","5","8"
"ViktorKabanov","3","5","8"
"ViktorMois","5","3","8"
"viktorsmelko_jr","3","5","8"
"Vikum2013","5","3","8"
"VildanKim","3","5","8"
"villaincharles","5","3","8"
"villette","4","4","8"
"vilssi","3","5","8"
"vimax","5","3","8"
"vinagg999","4","4","8"
"Vince263","4","4","8"
"vincent1956","4","4","8"
"VincentderFalke","4","4","8"
"vindys","5","3","8"
"viniciusmss","5","3","8"
"vinocurov","3","5","8"
"vinogenes1","4","4","8"
"vintage101","3","5","8"
"viratian100","3","5","8"
"virus20203","4","4","8"
"Vishal604","4","4","8"
"vishnu_charan_2014","4","4","8"
"Vishnukrishna","5","3","8"
"vishnuksd","4","4","8"
"vishy1010","5","3","8"
"vital256","4","4","8"
"Vital707","4","4","8"
"VITALIK_24","3","5","8"
"vitalikgurtovoy","3","5","8"
"VitalJam","4","4","8"
"VitriaS","5","3","8"
"Vittorio59","4","4","8"
"Vivek_gaur007","4","4","8"
"VizBie","4","4","8"
"vizita","5","3","8"
"Vkn1235","3","5","8"
"vkrivka","3","5","8"
"VL_NN","4","4","8"
"Vlad6019","4","4","8"
"Vladi_slav","5","3","8"
"vladik2016","4","4","8"
"Vladim54","2","6","8"
"Vladimir01300","4","4","8"
"VladimirCvet","4","4","8"
"vladimirdmit","4","4","8"
"vlados_razebos","4","4","8"
"vlaradrad","4","4","8"
"Vm_77","5","3","8"
"vmchura","3","5","8"
"vnkor","4","4","8"
"vnlimited2007","3","5","8"
"Vnogaga","3","5","8"
"voditel","5","3","8"
"vodoley27011976","4","4","8"
"volkan66","2","6","8"
"volodi","4","4","8"
"vonblaise","4","4","8"
"VoRaV","4","4","8"
"vorpalbny","4","4","8"
"vova_chukhin","4","4","8"
"vozhdx","5","3","8"
"vrdhn","4","4","8"
"vrella","3","5","8"
"vruk59","4","4","8"
"vsamarthd","4","4","8"
"Vsevolod14","5","3","8"
"vshash","5","3","8"
"VTAMMU","3","5","8"
"vtnl","4","4","8"
"vu2mwf","4","4","8"
"VV_KushiDahamsa_2015","5","3","8"
"VYCHEK","3","5","8"
"vyshnu","3","5","8"
"W_Andre","5","3","8"
"W4ch1tUrr0ofisial","5","3","8"
"wadalghali","4","4","8"
"wafflewizard","3","5","8"
"wakalao5","4","4","8"
"WalidSS","4","4","8"
"WalkingTarget1000","4","4","8"
"Walmar007","4","4","8"
"Walter_White_Goat","3","5","8"
"Wandebit","5","3","8"
"WangLing","4","4","8"
"warcock","6","2","8"
"Wardance","4","4","8"
"Warde","4","4","8"
"wari05","4","4","8"
"waromann107","4","4","8"
"waterbasketweaver","4","4","8"
"waterbooooom12345","3","5","8"
"wawelfafi","4","4","8"
"WBeynio","4","4","8"
"WeepingSomnambulist","5","3","8"
"weiker","4","4","8"
"weissspitzhai","4","4","8"
"WendGall","4","4","8"
"weNeedMoreVespeneGas","4","4","8"
"WEPSIF","3","5","8"
"wer_nice","4","4","8"
"wes85","4","4","8"
"wesleysun","4","4","8"
"westdale","4","4","8"
"Wexstasy","4","4","8"
"Wg123jj","4","4","8"
"WHENUIC","3","5","8"
"Whiskey_jar","4","4","8"
"Whitedevillll","4","4","8"
"WhiteRecycling","4","4","8"
"whitewind1967","4","4","8"
"WhopTang","3","5","8"
"whynotmate","3","5","8"
"wihbo","3","5","8"
"Wijdie","4","4","8"
"Wildes","4","4","8"
"wilfredo75","4","4","8"
"Wilkes-Barre","4","4","8"
"Willeey","3","5","8"
"WilliamRudd60","3","5","8"
"WillRavn","4","4","8"
"winnipeg156","5","3","8"
"wirghach","5","3","8"
"wiska23","4","4","8"
"Withal","5","3","8"
"witnwishdom","3","5","8"
"wjshin","4","4","8"
"WlaczMyslenie2020","4","4","8"
"Wladmiir","4","4","8"
"Wliy_vactum","4","4","8"
"WmG-brown","4","4","8"
"Wnk63","4","4","8"
"wod2","4","4","8"
"wojmon","3","5","8"
"WonderfullMind","4","4","8"
"wonkpikko","4","4","8"
"worldchampion2B","4","4","8"
"Worldmukka","4","4","8"
"woshinidie","4","4","8"
"wqf","4","4","8"
"Wraith134","3","5","8"
"WTF_chizcake","4","4","8"
"WujekPiotrek","4","4","8"
"WullWin","3","5","8"
"wwzgp99","4","4","8"
"wyatscheslaw","3","5","8"
"wzzzzz","4","4","8"
"xablen","4","4","8"
"xadves","3","5","8"
"Xajibay","3","5","8"
"xalberte","3","5","8"
"XandySchiefer","4","4","8"
"xaverax","5","3","8"
"xavisin","4","4","8"
"xcd24fgb","3","5","8"
"xCHSOx","2","6","8"
"xDrgh","4","4","8"
"xebixes","4","4","8"
"xerWud","4","4","8"
"XianRx","3","5","8"
"xid199950","3","5","8"
"xitrum10042014","4","4","8"
"Xjavior","3","5","8"
"xJordanDarst","4","4","8"
"xl1513202139","5","3","8"
"XLeatherfaceX","4","4","8"
"xlma","3","5","8"
"Xmen_29","3","5","8"
"xoxo02","3","5","8"
"xrhifnext3","4","4","8"
"XsidtunesX","5","3","8"
"xtiv87","5","3","8"
"XTOF59229","5","3","8"
"Xupito","5","3","8"
"Xwre","2","6","8"
"xxx_chertila_xxx","5","3","8"
"XXXh0lic","4","4","8"
"xyz26","4","4","8"
"Y11ADerek","5","3","8"
"y362826274627gsgsjsg","5","3","8"
"yaaeen98","4","4","8"
"Yadryara","6","2","8"
"Yaga97","4","4","8"
"Yah_dah","4","4","8"
"yahyasiraj","4","4","8"
"Yaj7","4","4","8"
"yakovlevnikita","4","4","8"
"yakupkoc22","4","4","8"
"yamen32323232","5","3","8"
"yami1_MPASO","3","5","8"
"yan2003","3","5","8"
"Yano4ka22","4","4","8"
"Yapete","4","4","8"
"Yaremchuk38","5","3","8"
"Yarii01","4","4","8"
"yasharHK","3","5","8"
"yasin138888","4","4","8"
"Yastreb85","4","4","8"
"yasz_1","3","5","8"
"yavor24","4","4","8"
"yavuz1","4","4","8"
"yayafrench","4","4","8"
"Yeku","4","4","8"
"yelly29","5","3","8"
"Yenszid_C","4","4","8"
"yesiamapersonplease","5","3","8"
"ygrok2","4","4","8"
"yigitaksoy34","4","4","8"
"yilmaztas","4","4","8"
"yimbounderscore","5","3","8"
"Yin-yang_T","5","3","8"
"YINREA","4","4","8"
"yirmilerimdeyim","1","7","8"
"YIsmael","3","5","8"
"YoavRabinowitz","4","4","8"
"Yodharth_Narule123","4","4","8"
"Yogesh289","4","4","8"
"yogeshahuja377","5","3","8"
"yohan2601","4","4","8"
"yolesoce","4","4","8"
"You-re_ez_for_me","4","4","8"
"you31","3","5","8"
"youcefregda","3","5","8"
"youdes","4","4","8"
"Youneke","4","4","8"
"YOUR_BANNY_WROTE","4","4","8"
"yourBaap","4","4","8"
"yourimagic","4","4","8"
"youssef804","4","4","8"
"yousseflord","3","5","8"
"Youssefraed2007","3","5","8"
"yoyora","5","3","8"
"yqsf","4","4","8"
"YRahmanov","4","4","8"
"yrathor","6","2","8"
"ysf5555","4","4","8"
"YSrikanth1297","5","3","8"
"yt_hebabeats","5","3","8"
"Yu_57Pan","4","4","8"
"yuhi1219","4","4","8"
"yulmerelder_2705","4","4","8"
"yunesyunes","4","4","8"
"yurasupr","5","3","8"
"yuri_y2021","4","4","8"
"yurii_nikitchyn15","5","3","8"
"Yurii0719","4","4","8"
"yurimailyanchess","5","3","8"
"YuriY85Yurevych","4","4","8"
"Yurvac","4","4","8"
"yusifmusa78","4","4","8"
"yusufenesada","4","4","8"
"yusuff_seker","4","4","8"
"yvan1250","3","5","8"
"Yvgeni","5","3","8"
"yyaannnn","3","5","8"
"yyassa","5","3","8"
"yyuphoria","3","5","8"
"yyyyyy","4","4","8"
"Z-gharibjar","4","4","8"
"za3etouche","3","5","8"
"zable812","5","3","8"
"Zacarias_Grynberg","4","4","8"
"zacharius_zipfelmann","4","4","8"
"zachnation12","4","4","8"
"zack9","4","4","8"
"zadziorro","5","3","8"
"Zahi88","4","4","8"
"zahir1","5","3","8"
"zaid551","3","5","8"
"ZaiTchichess","5","3","8"
"Zakary2014","4","4","8"
"zakeriakbar1352","4","4","8"
"Zakham","4","4","8"
"Zakhar_Khramtzou","5","3","8"
"Zaki306","5","3","8"
"zakkhhar","4","4","8"
"Zangar77777","5","3","8"
"Zaraco2","5","3","8"
"Zasdcx","5","3","8"
"zauberpilz","3","5","8"
"zaunfink","4","4","8"
"Zaychik13","4","4","8"
"zaydi_mohamed","3","5","8"
"Zazz_Blammy_Matazz","3","5","8"
"zbigu63","5","3","8"
"ZE_ROOK","3","5","8"
"zedly","4","4","8"
"zeev_bm","4","4","8"
"Zehraaa2016","4","4","8"
"Zek10","4","4","8"
"Zeldalem","4","4","8"
"zeleta","5","3","8"
"Zemdoran","4","4","8"
"zenonwaw","4","4","8"
"Zero-Sum-Game","3","5","8"
"ZEROunderWeAR","5","3","8"
"zerwal","5","3","8"
"zesar73","3","5","8"
"Zevs0209","4","4","8"
"zey89","4","4","8"
"Zeyn_Ali","4","4","8"
"ZeynepK-9","4","4","8"
"zhanatiskakov","5","3","8"
"zhanksalam","4","4","8"
"Zhasulan23","5","3","8"
"ZhukovArtem99","4","4","8"
"zhuzider2023","5","3","8"
"ZibbsTheGreat","4","4","8"
"zickland","4","4","8"
"zik23","4","4","8"
"Zildjian21","5","3","8"
"ZioGigi","3","5","8"
"zirbenfisch","4","4","8"
"ziyaretci64","3","5","8"
"zizou2020","3","5","8"
"Zkryaa4","3","5","8"
"Zlatko22","3","5","8"
"zolineth","4","4","8"
"zorroz5","4","4","8"
"Zovio_24","5","3","8"
"zozorush","4","4","8"
"zteam","4","4","8"
"zubroslaw","4","4","8"
"Zugzwang442","4","4","8"
"Zulkarnainmuhammad","4","4","8"
"Zvone14","3","5","8"
"zx777xz","3","5","8"
"a_burenin","3","4","7"
"A_dity_a_s_on_i","4","3","7"
"A_Fraile","3","4","7"
"a_moltres","5","2","7"
"A_P","3","4","7"
"a-f-f","3","4","7"
"A-SETA_Sertorius","4","3","7"
"A-X-L","3","4","7"
"a0800a","5","2","7"
"A14tercios88","3","4","7"
"A168","3","4","7"
"A1King","4","3","7"
"A24081988","3","4","7"
"A3781195","3","4","7"
"A62444232JOSE","4","3","7"
"a7meed","4","3","7"
"aabudi1","3","4","7"
"Aahan_P_Godbole2","4","3","7"
"Aai15","3","4","7"
"aakash2121995","4","3","7"
"aakashc999","5","2","7"
"Aamshuman","4","3","7"
"aaravm2015","4","3","7"
"aarjuntomar","3","4","7"
"AAsilva","3","4","7"
"aaxyonova","4","3","7"
"aayaantaj","4","3","7"
"AayushIsImproving","4","3","7"
"Ab2108","4","3","7"
"abaly2006","3","4","7"
"abawad1185","5","2","7"
"AbbaDanbala","1","6","7"
"Abbie-Mackellister","3","4","7"
"abbyandi","2","5","7"
"AbcAbhi9227","2","5","7"
"abcdefg1234590","3","4","7"
"abd_alstar","3","4","7"
"abd95azhar","4","3","7"
"Abdalhady10","3","4","7"
"abdelilah_dk","3","4","7"
"Abdellattif05","4","3","7"
"abdelra7man10","4","3","7"
"abdelrahaman7777","4","3","7"
"Abdelrahman_M_Ali","5","2","7"
"abdelrahman699","3","4","7"
"Abdo-diab127","4","3","7"
"abdo1122","3","4","7"
"abdo2727","3","4","7"
"abdodarag93","3","4","7"
"ABDOO_11","2","5","7"
"abdoo_chess","4","3","7"
"AbdosBros","3","4","7"
"Abdou_kral","4","3","7"
"Abdou080","4","3","7"
"Abdou1428","4","3","7"
"abduissalam10","3","4","7"
"Abduldali12","4","3","7"
"abdulkerim1958","3","4","7"
"Abdullahhagrass","4","3","7"
"abdullahhesham29793","3","4","7"
"Abdulmageed","3","4","7"
"AbdulMajeedkmWyd","4","3","7"
"abdulmanem","5","2","7"
"abdumazhid0204","4","3","7"
"abe_yadv","3","4","7"
"Abed_almonem","3","4","7"
"Abhardwaj232","4","3","7"
"Abhi-ch","4","3","7"
"AbhijeetNehra1","3","4","7"
"Abhinav_sub08","3","4","7"
"abhinav279","3","4","7"
"ABhis0423","4","3","7"
"abhishekm01","2","5","7"
"abiliomourao","3","4","7"
"Abiram26","4","3","7"
"Abo_Anmar114","3","4","7"
"Abo_karem0","3","4","7"
"aboabdalrhmah67","4","3","7"
"aboalhmza","5","2","7"
"aboalmonzer0","3","4","7"
"abohamdoo","3","4","7"
"abohashhhutffem","4","3","7"
"ABolkisev","4","3","7"
"Aboyousef22","3","4","7"
"abrahamarkt","4","3","7"
"abram11111111","4","3","7"
"AbrO_O","3","4","7"
"ABSO2","5","2","7"
"absolute_ezzz","5","2","7"
"abtin1395","3","4","7"
"abu_abdullah121","4","3","7"
"abu-al-hussaini","4","3","7"
"AbuAmra","4","3","7"
"abugayov","3","4","7"
"abyrvalg","3","4","7"
"Aca_Moravac","4","3","7"
"Acacia_101","3","4","7"
"acalmac","4","3","7"
"acasado81","3","4","7"
"ACAYMO","3","4","7"
"acekic","3","4","7"
"ACEmplle","3","4","7"
"Acephale93","4","3","7"
"achangyin","4","3","7"
"achezzmist123","4","3","7"
"Achiccooo","4","3","7"
"achimdorian","2","5","7"
"AchkanovArman","3","4","7"
"Acivi1","3","4","7"
"AD1EM","4","3","7"
"ada2021","4","3","7"
"ada368","3","4","7"
"Adajw89","3","4","7"
"Adam_MS","3","4","7"
"adam2707","3","4","7"
"adamimorris","2","5","7"
"Adanz","3","4","7"
"AdarshD2108","4","3","7"
"AdarshModanwal710","3","4","7"
"AdAstra_99","5","2","7"
"Adavudi","4","3","7"
"adelabdol","3","4","7"
"Adele2018","4","3","7"
"adelfosebastian","3","4","7"
"adem3456","4","3","7"
"aderekowa","4","3","7"
"adewahyu27","3","4","7"
"adhyaksa_club","3","4","7"
"Adi_chessunpam","4","3","7"
"Adian99","3","4","7"
"adidas17","4","3","7"
"adikk","5","2","7"
"Adilson22","4","3","7"
"adilsonconciani","4","3","7"
"adimkv","4","3","7"
"AdityaChowdhury","4","3","7"
"Adityamanjhi123","4","3","7"
"adityapro123","3","4","7"
"AdLeAd","3","4","7"
"adlet69","4","3","7"
"adm-1537","2","5","7"
"Admee","4","3","7"
"adnan1aldahir","4","3","7"
"Adnant","4","3","7"
"Adresslife","3","4","7"
"Adrian_DelaCruz","2","5","7"
"Adrianmata777","2","5","7"
"adriano1989","4","3","7"
"AdrianSalter","4","3","7"
"Adriaxandro","3","4","7"
"adrigody","3","4","7"
"adrithvihan","3","4","7"
"aduujhukk","5","2","7"
"AdvaitJagdale","3","4","7"
"advanced_to_chess","3","4","7"
"AdvayRishi","4","3","7"
"Adzoner","3","4","7"
"AEIMelaka","3","4","7"
"aekirathore1","3","4","7"
"Aelserhood","4","3","7"
"aepwd","3","4","7"
"aerolla","4","3","7"
"afattahi","3","4","7"
"AfriadiPiaman","3","4","7"
"agedrez12345","4","3","7"
"agendum","3","4","7"
"agentcr7","3","4","7"
"AgentHabubi","4","3","7"
"Agento47","3","4","7"
"agentpot","3","4","7"
"Agestam","3","4","7"
"aggarwalaman37","3","4","7"
"Aggiraam","3","4","7"
"agibrat","3","4","7"
"agnusosilva","3","4","7"
"AGonsalveschess722","5","2","7"
"AGOSTINOBOVE","4","3","7"
"agoyal2015","4","3","7"
"Agrafa","4","3","7"
"agrorol14","4","3","7"
"AGT0001","3","4","7"
"AgusNewwinner01","2","5","7"
"AgusTano","4","3","7"
"Agustin3345","3","4","7"
"aguy6969","4","3","7"
"Ahaanjoyraj","3","4","7"
"Ahisma","4","3","7"
"Ahmad_Alsayid_Husain","4","3","7"
"ahmadmatar","3","4","7"
"AHMADREZA_BEST","3","4","7"
"ahmadrezabakhtiyari","4","3","7"
"Ahmadyadgari","3","4","7"
"ahmd708AN","3","4","7"
"Ahme99Gamal","4","3","7"
"Ahmed_742","4","3","7"
"ahmed_husein","3","4","7"
"Ahmed_M07","3","4","7"
"Ahmed18186","4","3","7"
"Ahmed36736","3","4","7"
"Ahmed581","3","4","7"
"Ahmedabdelhamed","4","3","7"
"ahmedb200","4","3","7"
"ahmedfetoh","3","4","7"
"Ahmedghalllp","3","4","7"
"ahmedh00c","3","4","7"
"ahmediscoolasf","4","3","7"
"ahmedmhmed1","2","5","7"
"ahmedmk","3","4","7"
"ahmedmokhtar_11","3","4","7"
"Ahmedmorsy19","3","4","7"
"Ahmedtalal123","4","3","7"
"ahmet_ozen2017","4","3","7"
"AhmetshinTimur-2013","5","2","7"
"ahmmzayed","3","4","7"
"ahodej","2","5","7"
"ahounkeng","4","3","7"
"Ahpk243","3","4","7"
"Ahuacatl","3","4","7"
"Ai-Apaec","3","4","7"
"Aibek-1992","3","4","7"
"aidin_farjam","4","3","7"
"Aidin1700","3","4","7"
"Aiilwsa","4","3","7"
"aila","3","4","7"
"ailtonsantos123","3","4","7"
"Aimka","4","3","7"
"Airat20150","3","4","7"
"AirAz","3","4","7"
"Ais1402","3","4","7"
"AiserBeza","3","4","7"
"Aishwarya_Chess123","3","4","7"
"aissaAH","2","5","7"
"Aizzarsf","4","3","7"
"Aj-baba","4","3","7"
"Ajanbethoven","4","3","7"
"ajay1234rawat","4","3","7"
"ajedrez12345678","3","4","7"
"ajedrezcesar100","4","3","7"
"ajedrezvenezuela","4","3","7"
"ajir_aceh","4","3","7"
"ajitjaiswal","3","4","7"
"Ajunco507","4","3","7"
"Ak0706","1","6","7"
"AK232003","4","3","7"
"ak971112","3","4","7"
"AkaraOgun","2","5","7"
"Akarapong_THAI","2","5","7"
"Akash_2309","3","4","7"
"akbal786","5","2","7"
"Akbar223","4","3","7"
"akbarbakhshi57","4","3","7"
"akdenizli","3","4","7"
"AkdiM03","4","3","7"
"Akeikha","3","4","7"
"akhiba","4","3","7"
"Akhilnaik3010","3","4","7"
"akhilraj3200","4","3","7"
"Aki1150","4","3","7"
"akikapoor04","3","4","7"
"akilyou1234","4","3","7"
"akin01","2","5","7"
"akinnear","4","3","7"
"AkinToprak","4","3","7"
"akos1234321","4","3","7"
"AKR009","3","4","7"
"akram2500LL","4","3","7"
"Akramfathie","4","3","7"
"aks2021","4","3","7"
"Akshathk","3","4","7"
"Akshatthapa007","4","3","7"
"akshaykaranth","3","4","7"
"akshu0806","4","3","7"
"Akts_Melih","3","4","7"
"AkxyEe","4","3","7"
"akyn","3","4","7"
"AL_Reims_Stewart","4","3","7"
"al719","5","2","7"
"ala5din","4","3","7"
"Alaa_m0barak","3","4","7"
"alaa_mahmoud","4","3","7"
"alaa00370","4","3","7"
"Alajdel","1","6","7"
"Alamin2576","4","3","7"
"Alance0","3","4","7"
"alano1","4","3","7"
"alattar29","4","3","7"
"Albannach83","4","3","7"
"albastonks","3","4","7"
"Albatros1974","3","4","7"
"Albert8333","4","3","7"
"albertano1234","5","2","7"
"Alberto_C_Seis","3","4","7"
"albertobasca","3","4","7"
"Albo0","3","4","7"
"AlbusX","2","5","7"
"Albychessita","3","4","7"
"AlceNero","4","3","7"
"Alchemist1618","4","3","7"
"AldiarNurlanuly","3","4","7"
"aldifatlolon","4","3","7"
"aldo001","4","3","7"
"AldoCayata","3","4","7"
"aldoQm","3","4","7"
"ale9149","3","4","7"
"aleechi","3","4","7"
"Alekhine111","2","5","7"
"alekingqueen","3","4","7"
"AlekMark98","3","4","7"
"alekosh65","4","3","7"
"aleksalligator","4","3","7"
"AleksandarAljehin80","3","4","7"
"Aleksander80","4","3","7"
"Aleksandr_1954","3","4","7"
"ALEKSANDR_NUr","3","4","7"
"Aleksandr-1977","4","3","7"
"aleksandr373","4","3","7"
"Aleksandra_001","5","2","7"
"AleksandrATO","4","3","7"
"AleksandrIRC103","3","4","7"
"aleksei_d","4","3","7"
"Aleksei0406","4","3","7"
"Aleksei89025887254","4","3","7"
"Aleksey_163tumkino","4","3","7"
"Aleksey_kh04p5","3","4","7"
"Aleksey_lomonosov_85","4","3","7"
"AlekseyKornilov","3","4","7"
"AlekseyTatarnikov83","3","4","7"
"AleksFin60","3","4","7"
"aleksije73","4","3","7"
"aleratc3","4","3","7"
"Alessandropac","3","4","7"
"AlessandroTronca","4","3","7"
"Alex_Breaker","3","4","7"
"Alex-CCCP","3","4","7"
"alex-os","3","4","7"
"Alex160503","4","3","7"
"Alex5388","3","4","7"
"Alex5510","3","4","7"
"Alex70956","4","3","7"
"Alexandars","4","3","7"
"AlexandeR1994","3","4","7"
"alexanderpidyak","4","3","7"
"AlexanderTB","3","4","7"
"Alexandr_1961","4","3","7"
"Alexandr_Leontev","3","4","7"
"Alexandr-20_23","3","4","7"
"alexandre3469","4","3","7"
"AlexandrNevski1952","4","3","7"
"Alexandro1902","3","4","7"
"alexbeez","4","3","7"
"Alexeefff","4","3","7"
"alexeisorokin03gmai","4","3","7"
"Alexej_Falatiuk","3","4","7"
"Alexey214","3","4","7"
"AlexeyMulgunov","3","4","7"
"AlexGatorLarson","3","4","7"
"ALEXGUI","3","4","7"
"AlexH16","4","3","7"
"AlexiaKir","4","3","7"
"alexisperez1984","3","4","7"
"AlexKolesnikov1973","3","4","7"
"alexkyr21","4","3","7"
"Alexmath98","4","3","7"
"Alexmoreiraalmeida","4","3","7"
"alexracu","4","3","7"
"AlexSaf28","3","4","7"
"AlexSM58","3","4","7"
"AlexxFaraon","4","3","7"
"ALexxxey89","4","3","7"
"AlexZEL2001","3","4","7"
"AlexZhd","3","4","7"
"alfaphil","4","3","7"
"alfedval","4","3","7"
"Alfio_Bete","3","4","7"
"AlfoTal","3","4","7"
"algertgj","2","5","7"
"Algimantas2","3","4","7"
"Ali_Ablstaar","4","3","7"
"ali_nabih_74","4","3","7"
"ali1705","3","4","7"
"ali528","3","4","7"
"Ali709","3","4","7"
"ali82alamara","4","3","7"
"Alialagab","2","5","7"
"Alibaba111","5","2","7"
"Alibaradari","4","3","7"
"Alibutto70","4","3","7"
"alicafar1961","4","3","7"
"alifouladi","4","3","7"
"Aligarh_0","3","4","7"
"Aligatorjefe","3","4","7"
"Alighanemy","3","4","7"
"aliiiiiii124578","4","3","7"
"AliiSyria98","3","4","7"
"alijooyandeh65","4","3","7"
"Alik_Klim","4","3","7"
"AliKarimlarOnari7","3","4","7"
"Alikhan271214","4","3","7"
"alikheirandish0","5","2","7"
"alim97488","3","4","7"
"Alimov_Stepan","4","3","7"
"alimuha","3","4","7"
"Alina_SH_2014","4","3","7"
"alinalovee","4","3","7"
"Aliniesta","4","3","7"
"alinur1707","4","3","7"
"Alireza33j","3","4","7"
"Alirezabiglar","4","3","7"
"alisa1365","3","4","7"
"alisaber-1991","4","3","7"
"alisan_nobari","3","4","7"
"AliShokoie","3","4","7"
"Aljabal08","3","4","7"
"allafleche","4","3","7"
"Allatakany","4","3","7"
"AllyaVa","3","4","7"
"almadinamita","4","3","7"
"almarsafee","3","4","7"
"almat62","4","3","7"
"almighty7382","4","3","7"
"Almogaver72","3","4","7"
"alonSheader","4","3","7"
"Alonsis","4","3","7"
"aloosh84","3","4","7"
"alosmanTZ","3","4","7"
"Alp_Y","3","4","7"
"Alp999","4","3","7"
"Alpha_Trion-A3","3","4","7"
"Alphabeta91","3","4","7"
"Alphazero_Sistem","3","4","7"
"Alpyy1","4","3","7"
"alrivz01","4","3","7"
"Alsaad","1","6","7"
"Alsoltan1982","4","3","7"
"Alsoptasy","4","3","7"
"altair2585","4","3","7"
"AltairFernando","4","3","7"
"AltinkumEfe","5","2","7"
"altmayne","3","4","7"
"altug83","4","3","7"
"Alucard_BLN_7","4","3","7"
"Alvaroargolo","3","4","7"
"AlvaroNicolasq","4","3","7"
"alverStar","3","4","7"
"alwaysezwin","3","4","7"
"AlxandrigoH7","3","4","7"
"AlyaChay","4","3","7"
"Alzbeta","4","3","7"
"am9x","3","4","7"
"Ama_12","4","3","7"
"Aman2015G","4","3","7"
"Amar_Kumar_Ram","3","4","7"
"amateur9869","4","3","7"
"amayadvayofs","4","3","7"
"AmbrosiAndrea","3","4","7"
"AMChesandu","4","3","7"
"AmelieWi","4","3","7"
"America_sv","4","3","7"
"Americavillareal1","3","4","7"
"AMIER_NOOB","5","2","7"
"Amigo1324","4","3","7"
"amijana","4","3","7"
"amin137111","3","4","7"
"Amin5140","3","4","7"
"amina_chess_2023","3","4","7"
"amini2261","2","5","7"
"Aminino","3","4","7"
"aminnoorbakhsh","2","5","7"
"amir_201392","4","3","7"
"amir_ooooppppmmm","3","4","7"
"amir135113","4","3","7"
"Amir73388292929","4","3","7"
"amiralibz","3","4","7"
"amiraliHN","4","3","7"
"Amiralijohari123","4","3","7"
"amiratou210913","4","3","7"
"amireza1900","4","3","7"
"amirmnikoo","3","4","7"
"Amirrezap8090","3","4","7"
"amirsam00","4","3","7"
"AmirViscount","4","3","7"
"Amiryekkeh","5","2","7"
"amit1212121212","3","4","7"
"amitkhanna4723361","3","4","7"
"Amitsj","4","3","7"
"Amjedffd","3","4","7"
"amk107s","3","4","7"
"amomidama","3","4","7"
"amorz","2","5","7"
"Amozey101","4","3","7"
"Amper1","5","2","7"
"amrasd123","3","4","7"
"amreosman19","3","4","7"
"Amvrosiy","4","3","7"
"amyes2600","3","4","7"
"an-atom","3","4","7"
"anadekan70","5","2","7"
"anas0carlos","4","3","7"
"anaselsebaey","3","4","7"
"anashassan","4","3","7"
"AnaSofia0907","4","3","7"
"AnastasiaGklava","3","4","7"
"Anatere","3","4","7"
"AnatoliGoryaev","4","3","7"
"Anatolii2508","3","4","7"
"anatoliy59","4","3","7"
"AnatoliyRakitin","3","4","7"
"anayaggarwal1108","2","5","7"
"Anchar121VA","4","3","7"
"ancora","2","5","7"
"Andbreaa","5","2","7"
"Andeez5","4","3","7"
"anders0113","4","3","7"
"Andgeoby","5","2","7"
"andr_85","4","3","7"
"andr311","3","4","7"
"ANDRE101010","5","2","7"
"Andrea_Dem","5","2","7"
"andrea7777","4","3","7"
"Andrea804","3","4","7"
"andreaberghem","4","3","7"
"Andreas-Hoppe","5","2","7"
"Andrei2016","4","3","7"
"andreihax","4","3","7"
"Andreja_Milinovik","4","3","7"
"Andresdavid1986","4","3","7"
"andresemenow","2","5","7"
"Andresymateo","3","4","7"
"Andrew169","4","3","7"
"Andrew775","3","4","7"
"Andrewchokwe","4","3","7"
"AndrewMok","3","4","7"
"andreworel","4","3","7"
"AndrewWinAtChess","4","3","7"
"ANDREY_K84","3","4","7"
"Andrey_LK","3","4","7"
"Andrey_VB","3","4","7"
"Andrey9124","4","3","7"
"AndreyBuyakov","5","2","7"
"AndreyDerevtsov","3","4","7"
"AndreyGorshkov1974","4","3","7"
"AndrianBoo","4","3","7"
"andrin0208","3","4","7"
"AndriyRak","4","3","7"
"andro_chess","3","4","7"
"Andronibal","3","4","7"
"andshap1","4","3","7"
"anferre","4","3","7"
"Angad_Patil","3","4","7"
"Angelexterminador","3","4","7"
"AngelFD","3","4","7"
"angelgambit","1","6","7"
"angelin1005","3","4","7"
"angelin37","4","3","7"
"angelojc00","4","3","7"
"ANGELONTXU","3","4","7"
"AngelSilverwings","3","4","7"
"angeltoken333","3","4","7"
"Angely10","4","3","7"
"AnhQuoc_6G_THCSCG","4","3","7"
"Ani_Star","4","3","7"
"Anikinartem","4","3","7"
"anilbly","2","5","7"
"Animalworld","3","4","7"
"AnimeshKING","3","4","7"
"AnIranianMan","2","5","7"
"aniretakaniretak1","5","2","7"
"Anjaaaal","3","4","7"
"ank661","5","2","7"
"anker1972","3","4","7"
"AnkithaSudarshan","3","4","7"
"anna_kop_fox","3","4","7"
"Anna_vi","4","3","7"
"AnnLap","3","4","7"
"anonim17","3","4","7"
"anonssehc","5","2","7"
"anonymousmobster","4","3","7"
"Ansaraf36","3","4","7"
"ansh_67","4","3","7"
"anshul819","3","4","7"
"Anshuman_Maurya","4","3","7"
"anshuu25","4","3","7"
"ant-1008","4","3","7"
"antanantan","2","5","7"
"antarktikit","3","4","7"
"Antaxagor","4","3","7"
"Anthony_80808","4","3","7"
"Anti-Pro","3","4","7"
"antimos123","4","3","7"
"Antipode13","3","4","7"
"Anton_Bernat","2","5","7"
"antonchich1972","2","5","7"
"AntoniGaudi","3","4","7"
"Antonio_Perote","3","4","7"
"Antoniodedios9","3","4","7"
"antoniolourenco53","4","3","7"
"Antoniopaytubi","4","3","7"
"Antoniosouza","4","3","7"
"antonlt3","3","4","7"
"antonmarcus","3","4","7"
"AntonyLeto","3","4","7"
"Antuan_Leman","3","4","7"
"Anubrat_Chatterjee","4","3","7"
"anumaster","4","3","7"
"anwita07","4","3","7"
"anwr_49","3","4","7"
"anyusernam","5","2","7"
"aohsfad2104","4","3","7"
"aokiblitz","5","2","7"
"Aparatur-wakanda","3","4","7"
"APavlove","4","3","7"
"apispn","4","3","7"
"ApitORama","3","4","7"
"APO_4_Abatov","4","3","7"
"apo_elmesk","4","3","7"
"APOCALYPSEK","5","2","7"
"appa-ate-momo","4","3","7"
"aptekarz","4","3","7"
"Aqeelbutt","3","4","7"
"aquafish81","3","4","7"
"Aquiles_2022","4","3","7"
"araddsh","3","4","7"
"araee","3","4","7"
"Aragorne","3","4","7"
"AramOrdoyan","3","4","7"
"ArasPasha","4","3","7"
"Arcane_Gambit","3","4","7"
"Archduke_Axl_Singer","4","3","7"
"Archibag","4","3","7"
"ArcticMonkey751","3","4","7"
"Ardaddilek01","5","2","7"
"Ardagulerfb","4","3","7"
"ardana_88","3","4","7"
"ardi42","3","4","7"
"Ardiansyah86","3","4","7"
"arditoli","4","3","7"
"Aredes_64","3","4","7"
"Arel1420","4","3","7"
"ARG86","4","3","7"
"Arhangel28","3","4","7"
"Arichuck","2","5","7"
"arielescala","2","5","7"
"Ariella16","4","3","7"
"AriesSP","4","3","7"
"AristarqueA","4","3","7"
"AristoVoltaire23","4","3","7"
"Arjun_17","3","4","7"
"arjunpun275","3","4","7"
"arjuns2009","4","3","7"
"Arkhus0","4","3","7"
"arman_ig","2","5","7"
"Armando_De_Nigris","2","5","7"
"Armandth10","4","3","7"
"ArmanSardaryan","3","4","7"
"ARMENGOD","4","3","7"
"Arminkeshavarz94","4","3","7"
"Arminniknam","3","4","7"
"armintango","3","4","7"
"Armour_V","4","3","7"
"Arne882","3","4","7"
"Arno1505","3","4","7"
"arnxer","5","2","7"
"aronkz","3","4","7"
"Aronyane4321","3","4","7"
"Arout16","3","4","7"
"arsdmitriev10_g","4","3","7"
"arsen_turatbekoww","3","4","7"
"Arseny_i","4","3","7"
"arsha1391","3","4","7"
"Arstshis07","4","3","7"
"ArsYuriy","3","4","7"
"ARTEM_Ast_1901","3","4","7"
"artem_chess_child","3","4","7"
"Artem06082013","3","4","7"
"Artem66x","4","3","7"
"artemnemly","4","3","7"
"ArtemVietrov","3","4","7"
"artiliu","3","4","7"
"artin_88","4","3","7"
"ARTMADREGALEJO","4","3","7"
"artof86","2","5","7"
"Artur_0662","2","5","7"
"Arturo1974","3","4","7"
"Arturtutucv1","4","3","7"
"ArtuurdeBakker","4","3","7"
"Artyr05","2","5","7"
"ArtZak","3","4","7"
"aruncmc","4","3","7"
"Arunesh_2020","3","4","7"
"arunkamaraj","3","4","7"
"arunpatil","5","2","7"
"Arunysdj","3","4","7"
"Arushi_Bindal","3","4","7"
"Arut94","2","5","7"
"Arvidedvard","3","4","7"
"arvinshirazizadeh","1","6","7"
"arvnd","4","3","7"
"Arwywra","4","3","7"
"AryaMaharaj","3","4","7"
"As143","4","3","7"
"Asadali2324","3","4","7"
"asadi-a","4","3","7"
"asadrezaei","4","3","7"
"asahinn","3","4","7"
"AsankaJayarathna","3","4","7"
"ascona12345","3","4","7"
"ASD-015","4","3","7"
"asguitaor69","3","4","7"
"Ashanti-Master","4","3","7"
"Ashbaba","4","3","7"
"ASHE020","4","3","7"
"ashermadar","5","2","7"
"Ashot987654321","5","2","7"
"ashrafk","4","3","7"
"Ashutosh-Purohit","2","5","7"
"AshwinKumar18","3","4","7"
"Ashwinsethuraman","4","3","7"
"asilsamir6","3","4","7"
"Ask3lad","2","5","7"
"asker_shuvaliev","3","4","7"
"Askhat1407","4","3","7"
"Aslan_999","4","3","7"
"AslanBabadok","3","4","7"
"aslanmanga","3","4","7"
"asmith65","4","3","7"
"ASNaidu","4","3","7"
"AspiranteEnigma","2","5","7"
"Assassin_92","4","3","7"
"Assassin_hari","4","3","7"
"Asserkazem","5","2","7"
"Astronomerduke","3","4","7"
"Astz","4","3","7"
"ASWIN_5555","5","2","7"
"aszecowka","4","3","7"
"ataa204","3","4","7"
"AtahanCheess60","4","3","7"
"AtakanOmerAy","4","3","7"
"AteszDude","3","4","7"
"AthallahRaf1","5","2","7"
"atharrosyad","4","3","7"
"atharvchougule","4","3","7"
"Atif2014","4","3","7"
"Atiking96","4","3","7"
"Atlant0103","3","4","7"
"atonran","3","4","7"
"AttilasGR","4","3","7"
"Attitudeadjustment2","4","3","7"
"ATY_PKT","4","3","7"
"au20gus08t59","4","3","7"
"Aumauma","3","4","7"
"AurelFifi","4","3","7"
"aureliamarzipan","3","4","7"
"AureumAutarch","3","4","7"
"auromagnan","4","3","7"
"Aurthex","3","4","7"
"austro","3","4","7"
"AV240682","3","4","7"
"AVaishnav","3","4","7"
"Avcu-hamza","4","3","7"
"avdo88","4","3","7"
"Avi7972","4","3","7"
"Aviralsaxena","3","4","7"
"avtogurgenidze","4","3","7"
"AwareTenacious","3","4","7"
"awenis","4","3","7"
"AwesomeField","3","4","7"
"Awoowawa","3","4","7"
"Awsfton","4","3","7"
"AxA09region","3","4","7"
"AxelHilmar","5","2","7"
"axelross23","3","4","7"
"axeluser1988","3","4","7"
"AyanAzber3483582","4","3","7"
"ayarifaouzi","5","2","7"
"Aydin1963","4","3","7"
"aydin20045","2","5","7"
"aydinpayoun","4","3","7"
"aydogan_batin_efe","4","3","7"
"Aykutbalaban","3","4","7"
"Ayman_A_Hafeez","4","3","7"
"Ayman_Sobhy","4","3","7"
"AymanAlshref7","4","3","7"
"AYMEN_BNHA","3","4","7"
"ayoostrich","4","3","7"
"Ayoubkafawi","3","4","7"
"Ayseemin0909","3","4","7"
"Aytekin84","3","4","7"
"AyuFathiaFA","4","3","7"
"ayush2397","3","4","7"
"Ayushi678","3","4","7"
"Ayushkumar20122015","4","3","7"
"AZ4159ZA","3","4","7"
"Azamat_Bagatov13","4","3","7"
"Azamat14321","4","3","7"
"azer0s","3","4","7"
"AZernyshkow","5","2","7"
"Aziza-lensk","4","3","7"
"azo9dsac","3","4","7"
"AZOli","4","3","7"
"azsz3210","4","3","7"
"b_maheshwar4622","3","4","7"
"B4dBish0p","5","2","7"
"baaskaa2005","3","4","7"
"bab112400","4","3","7"
"babak6314","3","4","7"
"BabanLahane","3","4","7"
"Babaputto","3","4","7"
"babayego_16","4","3","7"
"babichevgeniy","4","3","7"
"babrinka123","4","3","7"
"babuni03","3","4","7"
"Babychess73","3","4","7"
"babyhen","4","3","7"
"backenkKid","3","4","7"
"Backi69","4","3","7"
"bad_player_3005","3","4","7"
"Badma07","2","5","7"
"badr_ellouly","2","5","7"
"Badreddine38","3","4","7"
"baevalex","4","3","7"
"bagsday","5","2","7"
"bahramfarahi","3","4","7"
"Bahruz90_Aga","4","3","7"
"bahusus","4","3","7"
"bajrangbalihanuman","4","3","7"
"Bak19","3","4","7"
"Bakhytkul67","4","3","7"
"BakrMahfouz67","4","3","7"
"BalajiNK","4","3","7"
"balakang","4","3","7"
"Balasch","3","4","7"
"BalaurBondoc","4","3","7"
"Baldry41","4","3","7"
"Baldugon","4","3","7"
"balefire","3","4","7"
"BALK222","4","3","7"
"BALKANY","4","3","7"
"BaloghImre","3","4","7"
"bamboz7219","3","4","7"
"bandido101067","3","4","7"
"banha001","4","3","7"
"banjoman22","6","1","7"
"Banyaga_pag1aaral","4","3","7"
"banzalas","3","4","7"
"BANZEEN","4","3","7"
"BaobaBuska","4","3","7"
"Bapiraju","3","4","7"
"Baptist1","4","3","7"
"baraka0087","4","3","7"
"Barbomb","4","3","7"
"barelychess1973","3","4","7"
"bareq77","4","3","7"
"Bari_157","4","3","7"
"Baris_Kayalar_YKB","4","3","7"
"BarisIsTaken","4","3","7"
"barklann","3","4","7"
"Barko54","4","3","7"
"barley5","3","4","7"
"baron_rojo100","4","3","7"
"BARON68","3","4","7"
"Barotbek77","4","3","7"
"BarryWar","5","2","7"
"bars-474","4","3","7"
"Bars10","3","4","7"
"barsforce","3","4","7"
"BarthelemyJuhel","4","3","7"
"bartlocky","4","3","7"
"bartonfik","4","3","7"
"bartreitz","3","4","7"
"basarte","4","3","7"
"basement87","5","2","7"
"Basit23","3","4","7"
"Baskunch","3","4","7"
"Bassam_Nazzal","4","3","7"
"basti2205","4","3","7"
"basti353","3","4","7"
"Batbayar456","3","4","7"
"Batdelger","3","4","7"
"batutist","4","3","7"
"Batyatvoj1","3","4","7"
"BautinS","4","3","7"
"bavariablu","3","4","7"
"Baxruz83","4","3","7"
"Baxshilloevich","3","4","7"
"Bayanguzhin","4","3","7"
"bayaw","4","3","7"
"Bayde14","4","3","7"
"baykar93","3","4","7"
"bblight","4","3","7"
"Bdimig","3","4","7"
"Beads_Vibrating","4","3","7"
"beargreasy","4","3","7"
"bearland","4","3","7"
"bearmedved","3","4","7"
"bearspray","4","3","7"
"Bebe_chaton","4","3","7"
"bebo84","3","4","7"
"bedair30","3","4","7"
"Bedda7","5","2","7"
"Bedienomat","4","3","7"
"Bedmet","5","2","7"
"bedooou","3","4","7"
"beenay","4","3","7"
"BeerIsMyYoga","3","4","7"
"begginer1706","3","4","7"
"begunner","2","5","7"
"behemothXVIII","5","2","7"
"Behnam1986","3","4","7"
"behnammoaf5555","3","4","7"
"behnamnasri","5","2","7"
"Behnudsoltani","5","2","7"
"behzad68","3","4","7"
"Beiru","3","4","7"
"bekeyoko","4","3","7"
"Beko187","4","3","7"
"beksunkar0608","3","4","7"
"Bellisaurus","4","3","7"
"Bellzz","3","4","7"
"Belqasem","1","6","7"
"Bena20","4","3","7"
"Bene2000","3","4","7"
"benereith","3","4","7"
"BenitoShuavez","4","3","7"
"benjodz","6","1","7"
"benparry92","4","3","7"
"bensaber1","5","2","7"
"Benwaa","3","4","7"
"benyaminp","4","3","7"
"bepofan11","3","4","7"
"Berat_2525","3","4","7"
"BeriK_AbduLLAH","3","4","7"
"berke132","3","4","7"
"Berkler_0","3","4","7"
"BeRnArDogiL","3","4","7"
"Bernardus","2","5","7"
"Berserkerkraken","4","3","7"
"Bert-One","4","3","7"
"bescherevnykhna","3","4","7"
"BeshoyYacoub","3","4","7"
"Besim60","4","3","7"
"Beso1972","3","4","7"
"Best-SmiLey","3","4","7"
"bestpuncher","4","3","7"
"Bethzabe2013bethzabe","3","4","7"
"Betterdaily","3","4","7"
"BewilderedBot","5","2","7"
"BeyazAtli","4","3","7"
"beyrem_agrebi","5","2","7"
"Bezlim","3","4","7"
"Bezzeg1","3","4","7"
"bf0b","3","4","7"
"bgdnico","4","3","7"
"bgoebel","3","4","7"
"bhadrinathn","4","3","7"
"bhaska","3","4","7"
"Bhaskar_Ghosh","3","4","7"
"Bhristmas","3","4","7"
"bhuban141","4","3","7"
"BialyRycerz","3","4","7"
"Bibip47","3","4","7"
"bibismith","4","3","7"
"bibliot","6","1","7"
"bid19","2","5","7"
"biff65","4","3","7"
"bigamingamers","3","4","7"
"Bigandbig","3","4","7"
"BIGEARD","4","3","7"
"BIGPheno","3","4","7"
"bigworld","3","4","7"
"bijaypt","3","4","7"
"BIJEESHKUMARMLIVE","4","3","7"
"Bijinapally","2","5","7"
"bikramjeet9","4","3","7"
"Biktorp","3","4","7"
"Bilaltuma","4","3","7"
"Bilioa","3","4","7"
"Bill19","3","4","7"
"billiary","3","4","7"
"BillSabab","4","3","7"
"Billvcali","4","3","7"
"billyblackmagic","3","4","7"
"Bilmd68","4","3","7"
"Bilungazza","4","3","7"
"BingoKnight","4","3","7"
"Binod00","3","4","7"
"Bioman2147483647","3","4","7"
"Bis0p","5","2","7"
"biseysormayin","4","3","7"
"bishop03","3","4","7"
"Bishopwastakenlol","4","3","7"
"bismarkhood","4","3","7"
"bismellahfaizi2","4","3","7"
"Biswajit07","3","4","7"
"bitwslp","5","2","7"
"bixiguinha","3","4","7"
"bjacobd","2","5","7"
"Bjoern-HL","3","4","7"
"bjorn_038","2","5","7"
"bjusifov","3","4","7"
"BKEinstein","4","3","7"
"Blach_Vladimir","3","4","7"
"BlackCath5","3","4","7"
"BlackChrissi","4","3","7"
"BlackCrow01","5","2","7"
"BlackFraiserCrane","3","4","7"
"blackfyre_77","5","2","7"
"BlackShelter","3","4","7"
"BlackSpin","3","4","7"
"BlackWhipper420","4","3","7"
"Blaclos","4","3","7"
"blademon","3","4","7"
"blancdauphin","4","3","7"
"BLANK_BOT","5","2","7"
"Blasinggame42","4","3","7"
"blckdi","4","3","7"
"bleque21","3","4","7"
"Blhull","4","3","7"
"blorpo","3","4","7"
"blueberrybandit","4","3","7"
"Blueesteghlal","4","3","7"
"bluegreenstickman","3","4","7"
"blundermasterextreme","4","3","7"
"Bluurra","4","3","7"
"BLUvuducduong2008","4","3","7"
"bmurlidhar","3","4","7"
"BneXxX","3","4","7"
"bo_alneef","4","3","7"
"Bob_Fish","2","5","7"
"Bob1978","3","4","7"
"BobbiShark","4","3","7"
"Bobby936","3","4","7"
"bobbyFischer_2011","3","4","7"
"bobbymcleone","5","2","7"
"bobi1953","3","4","7"
"Bobobo1","3","4","7"
"bobrock7","4","3","7"
"Boburbek_2002","3","4","7"
"bobypresly","4","3","7"
"boda20202050","1","6","7"
"BoDazifa","4","3","7"
"bodymaher11","4","3","7"
"Boga43","4","3","7"
"Bogdana_Zolotuhina","4","3","7"
"Bohungus","3","4","7"
"boinosares","4","3","7"
"bojan253","4","3","7"
"bokser-nokauter","1","6","7"
"Bollionaireman0088","4","3","7"
"bolus133","3","4","7"
"bomb-proof","5","2","7"
"Bombers69","3","4","7"
"bon_dar","3","4","7"
"bone12212","3","4","7"
"boness206","4","3","7"
"Bonhomme717","4","3","7"
"Bonzo_de_Aap","3","4","7"
"Bonzo57","4","3","7"
"Boribar","3","4","7"
"borisborya","4","3","7"
"borisca89","4","3","7"
"Borodakonya","3","4","7"
"BoRoNoK233","4","3","7"
"borysek777","3","4","7"
"Bosarosa22","4","3","7"
"BoscoVIX","2","5","7"
"Bosport","2","5","7"
"Boss48","4","3","7"
"BOSSNIP37","3","4","7"
"bot_adario","2","5","7"
"bovoskd34","3","4","7"
"BOYPOWER27","3","4","7"
"Bozzlevel","3","4","7"
"BPMSK","2","5","7"
"Br_silva","4","3","7"
"BracaS","3","4","7"
"bradjel","4","3","7"
"braez","4","3","7"
"braga21","4","3","7"
"bragentino","3","4","7"
"Braichess","4","3","7"
"Bran-Ruz","4","3","7"
"brandin","4","3","7"
"Brat_060","3","4","7"
"BraveBartosz","4","3","7"
"BRDM-2","3","4","7"
"breixo79","3","4","7"
"BrenoHawk","4","3","7"
"Bressana68","4","3","7"
"Brian-Ambiyo","3","4","7"
"BrianBlanco","3","4","7"
"BrianPowell","3","4","7"
"BRIGHTONUg","3","4","7"
"brijesh0818","3","4","7"
"brijesh777","4","3","7"
"Britney-Spears","3","4","7"
"brkaydin","3","4","7"
"BrnyGrc","3","4","7"
"brockychan","3","4","7"
"BrokeFix","4","3","7"
"bromanceur","4","3","7"
"bronk07","3","4","7"
"Brot19","3","4","7"
"Brother01","4","3","7"
"broy","4","3","7"
"Brozie","5","2","7"
"brturbo","5","2","7"
"Brucehm","4","3","7"
"brucesteinfeld","2","5","7"
"BruceWayne18","3","4","7"
"Bruiser4","3","4","7"
"brunolift","3","4","7"
"Bryant90","4","3","7"
"brysch88","2","5","7"
"BSA2023","3","4","7"
"bsher7377","3","4","7"
"bshrasaleh","3","4","7"
"bshumi","4","3","7"
"BsilOpo","3","4","7"
"btoni","3","4","7"
"BTW01","3","4","7"
"Btz","3","4","7"
"Bublgum_888","4","3","7"
"budipur99","4","3","7"
"Buek77","2","5","7"
"BUGATTI5000","3","4","7"
"buidiephoainam","3","4","7"
"bukas007","1","6","7"
"Bukfast1","3","4","7"
"buku8","2","5","7"
"Bulfrog","3","4","7"
"bulgakov131","4","3","7"
"bunny78","3","4","7"
"buonarroti17","3","4","7"
"burdajan","3","4","7"
"BurlevFilipI","3","4","7"
"burnaboy_Nija","6","1","7"
"BurnashevA2021","4","3","7"
"bUrnwhy","4","3","7"
"BurushkoKosmatenkii","4","3","7"
"burzum4ever","3","4","7"
"Buslars","5","2","7"
"butt_chin","3","4","7"
"bututi","3","4","7"
"BVA6702","3","4","7"
"bvk-udupa","4","3","7"
"BWV245","2","5","7"
"Byambadorj-bu1978","4","3","7"
"byldozerist","4","3","7"
"bylyoha","2","5","7"
"Bystrykh131","4","3","7"
"BZ560209","4","3","7"
"C4LRithvikS","3","4","7"
"Cabai-Rawit","4","3","7"
"caballo7","4","3","7"
"cacopreviero","3","4","7"
"caesar112","3","4","7"
"caglar2118","4","3","7"
"Cagty093","4","3","7"
"CaiusDebus","4","3","7"
"Cajky","3","4","7"
"Cal_9","4","3","7"
"Calel30257","4","3","7"
"calender55","4","3","7"
"CALHP","3","4","7"
"Caligo33","4","3","7"
"Callme_Dex","4","3","7"
"camapari","4","3","7"
"CamargoS","4","3","7"
"cambaluc","4","3","7"
"cambollacc","3","4","7"
"camelion64","4","3","7"
"camillamanda","4","3","7"
"camilonuevo","4","3","7"
"CAMOBAP2","4","3","7"
"camomile_dzi","4","3","7"
"Campione51","4","3","7"
"canavar123","4","3","7"
"candia888","3","4","7"
"Candy55","4","3","7"
"cankaragulmz","3","4","7"
"cantillon","2","5","7"
"caolgh","3","4","7"
"capriscacchi","3","4","7"
"CaptainXenon","4","3","7"
"CarbonHydrogen1","3","4","7"
"Carh-2028","3","4","7"
"carl1984ram","4","3","7"
"carlos3408","3","4","7"
"carlosalbertocandia","4","3","7"
"CarlosInnova","3","4","7"
"carlosjavid471","3","4","7"
"CarlosMagsen224","4","3","7"
"CarlosMateosiu","3","4","7"
"CarlosSpiceyweiner","3","4","7"
"CARLOSTSAN85","5","2","7"
"CarlRom","3","4","7"
"carracelas_21","5","2","7"
"CarteBlanche99","1","6","7"
"carvajal_arturo","4","3","7"
"CastanedaEdi2023","2","5","7"
"cat73","5","2","7"
"Catchessmax","4","3","7"
"catdaddy48","4","3","7"
"cattaneopaolo67","3","4","7"
"CauaElric","4","3","7"
"cavajos","4","3","7"
"Cavalier-c7","4","3","7"
"cavalote","4","3","7"
"cavaludo","3","4","7"
"Cavid393","3","4","7"
"cavid96","4","3","7"
"cawacawa","4","3","7"
"CblPHUK","3","4","7"
"CBRDM","3","4","7"
"cbvcNapoleon","4","3","7"
"cckm","2","5","7"
"Ccsabi","3","4","7"
"ccvictorjara","4","3","7"
"cedric94100","3","4","7"
"CEHATOP_D","3","4","7"
"cekonecektwo","4","3","7"
"Celestin2014","3","4","7"
"celicni","3","4","7"
"Celkiller","2","5","7"
"cemateo","3","4","7"
"CeoOfIndia123","3","4","7"
"Cesar_Vzqz","3","4","7"
"cesar244","5","2","7"
"cesare60","4","3","7"
"CesarGarcia999","4","3","7"
"Cesarim","3","4","7"
"cescito","3","4","7"
"Cess68","3","4","7"
"cestbach","4","3","7"
"CETCHESS","3","4","7"
"Ceyhun706","3","4","7"
"Cfatr7","3","4","7"
"CG4258","2","5","7"
"cggchess","3","4","7"
"Cgraveley14","3","4","7"
"CGSome","4","3","7"
"Ch0pSuey","4","3","7"
"Chaban2022","3","4","7"
"ChaCha3517","3","4","7"
"chachach","5","2","7"
"chachu","5","2","7"
"chado83","4","3","7"
"chaitri_roy","3","4","7"
"ChamiMad","3","4","7"
"chammakhi","3","4","7"
"chammonne","4","3","7"
"Chanaur","5","2","7"
"Chand001","3","4","7"
"chang16","3","4","7"
"Charanga","4","3","7"
"charas81","4","3","7"
"CharlesBukowski1981","4","3","7"
"charlie_py","2","5","7"
"Charmed_Wings_OG","6","1","7"
"Chazzington","4","3","7"
"Chazzman4th","4","3","7"
"chebotar","3","4","7"
"CheckMagnet67","4","3","7"
"cheesedewlay","3","4","7"
"cheezeit-chess","3","4","7"
"cheezzyches","4","3","7"
"cheIove4ek","4","3","7"
"chenawin","3","4","7"
"chenny","4","3","7"
"cheogarcia","4","3","7"
"Chess_Burguer2023","3","4","7"
"CHESS_JR64","3","4","7"
"chess_kd_7","3","4","7"
"Chess1000OP","4","3","7"
"Chess1689","3","4","7"
"Chess20_22","4","3","7"
"Chess4fun99","3","4","7"
"chesscabron","4","3","7"
"chesscco","3","4","7"
"chesscomis-better1","3","4","7"
"chessd0minator","4","3","7"
"chesseci","4","3","7"
"chesser4u","4","3","7"
"ChessFay","4","3","7"
"chessgowtham","5","2","7"
"chesshooter","3","4","7"
"Chessinger_2000","3","4","7"
"Chessington89","3","4","7"
"Chessiseasy537","3","4","7"
"chesskid_0703","3","4","7"
"ChessLee69","4","3","7"
"chessman12567","4","3","7"
"Chessman1734","3","4","7"
"ChessMonster111","2","5","7"
"Chessnut4life","3","4","7"
"Chesspassenger12","3","4","7"
"chesspawn256","3","4","7"
"ChessPrime4","4","3","7"
"chessseriousfm","2","5","7"
"chesssplayer1","4","3","7"
"ChessSzy","3","4","7"
"chesstkc","4","3","7"
"chessTraining2023","4","3","7"
"ChessTroopers13","3","4","7"
"chessvci","3","4","7"
"Chessygirl00","4","3","7"
"chester_e5","3","4","7"
"chibu1","3","4","7"
"chicot303","4","3","7"
"ChiefChem","4","3","7"
"chiennedevie59","3","4","7"
"chigu345834","4","3","7"
"Chigung","3","4","7"
"ChillBoi666","5","2","7"
"chilliflakes1234","3","4","7"
"chimpawnzeeLo","5","2","7"
"chingizhan53","3","4","7"
"chinigammi","4","3","7"
"Chinolo_valera","4","3","7"
"CHIRIMUNGA","3","4","7"
"Chisanga024","3","4","7"
"ChispAAjedrez","4","3","7"
"Chivas78","3","4","7"
"chiweezy","4","3","7"
"chj27","3","4","7"
"chmaneeshb4u","3","4","7"
"ChocoBunny","3","4","7"
"ChoiceShark","6","1","7"
"chonsi55","3","4","7"
"chopss","3","4","7"
"ChrBro","4","3","7"
"chris_RAW","3","4","7"
"chris19","3","4","7"
"Chrisopa","3","4","7"
"christanthony","4","3","7"
"christianizabayo","2","5","7"
"ChristianMunioz_UNAP","4","3","7"
"Christoph_18","4","3","7"
"ChronoChess-dude","4","3","7"
"chu_the-dan9ccg","3","4","7"
"chubaroleg","4","3","7"
"ChuckFain","4","3","7"
"Chulbul272011","3","4","7"
"chumara","4","3","7"
"chunt110","5","2","7"
"chupokabra","2","5","7"
"Churnside","4","3","7"
"ci_zuu","3","4","7"
"ciaba1963","2","5","7"
"ciaran2227","3","4","7"
"ciccillofra","4","3","7"
"citamessi","3","4","7"
"CitoPay","3","4","7"
"CJ58","3","4","7"
"Ckiyaan","4","3","7"
"Claudio_marked_as_re","2","5","7"
"Clavada","3","4","7"
"Clayboard","3","4","7"
"ClearTheMind","4","3","7"
"close_jar","3","4","7"
"clupus","3","4","7"
"Cmhendz","4","3","7"
"cmuysal","4","3","7"
"cnhfyysqybr","4","3","7"
"cnikas","3","4","7"
"Coach7","3","4","7"
"cobaltps","3","4","7"
"CobsonGemson","3","4","7"
"Cocone22","2","5","7"
"cocostarc","2","5","7"
"Cocowawa","3","4","7"
"Codycutter","3","4","7"
"cohor","3","4","7"
"Coliseu7","4","3","7"
"Collo_bk","3","4","7"
"Colonnacesari","4","3","7"
"Colorado14","4","3","7"
"colpax","3","4","7"
"colt45one","4","3","7"
"comida","2","5","7"
"Complete_Focus","4","3","7"
"complexzeta","3","4","7"
"ConalLikesToBlunder","3","4","7"
"condoryto","3","4","7"
"Conejilla","2","5","7"
"conker827","3","4","7"
"connorquistador","4","3","7"
"Constant59","4","3","7"
"content_creator_jroa","4","3","7"
"contradictionA","3","4","7"
"Conyyxs","3","4","7"
"Cookiethief07","4","3","7"
"coolbrain","4","3","7"
"coolUser7","3","4","7"
"Copernicusaidos","3","4","7"
"Corberas","3","4","7"
"Corodarele","5","2","7"
"corric","3","4","7"
"Corrida-Do","2","5","7"
"CORVETE","3","4","7"
"Coshqun313","3","4","7"
"Cosmocat95370","4","3","7"
"Cotorreoh1","3","4","7"
"Coucou0310","3","4","7"
"Coudron71","3","4","7"
"CountZero1981","4","3","7"
"cr_Nk","4","3","7"
"crackers32","3","4","7"
"cragsify","3","4","7"
"crazyrizeboy53","3","4","7"
"Criceto99","3","4","7"
"CrimeCatcher","3","4","7"
"crisilv","4","3","7"
"CristianAleman","3","4","7"
"cristianolpc","3","4","7"
"Cristianoman","3","4","7"
"cristianSIUU","3","4","7"
"Cristina336","4","3","7"
"CristinaRojas","4","3","7"
"criticize","3","4","7"
"crmessi","3","4","7"
"Crocs21","4","3","7"
"Cronidas","4","3","7"
"CruelAttack","3","4","7"
"CrutzBoy","5","2","7"
"cryptoff74","3","4","7"
"cryveld","4","3","7"
"CuauhNajera","4","3","7"
"cuazinho1954","3","4","7"
"CubaAficionado","3","4","7"
"CubaC","4","3","7"
"Cuewalda","4","3","7"
"Culishiii","5","2","7"
"Cupara16","2","5","7"
"curki","4","3","7"
"cvandewe","4","3","7"
"Cvatt","4","3","7"
"cvomake","3","4","7"
"cweqry","3","4","7"
"CwKoNe","3","4","7"
"cwr4356","4","3","7"
"CZARCHESSRWR","4","3","7"
"CzitosPL","4","3","7"
"D_hybride","4","3","7"
"d-izzi-b","3","4","7"
"D0tun","5","2","7"
"D1R7Y","4","3","7"
"d1ude","5","2","7"
"d4vvy","3","4","7"
"d56g","4","3","7"
"Da-JiZz","3","4","7"
"DAAAAH9I","3","4","7"
"Daagii89","4","3","7"
"Dac1957","2","5","7"
"Daderish","3","4","7"
"DaFunk2k","3","4","7"
"DaGediegen","3","4","7"
"DaiaanaSl","3","4","7"
"Daiz_1337","4","3","7"
"dalapairajon","3","4","7"
"Dalelcbr","3","4","7"
"Dalibor47","3","4","7"
"dalila87","3","4","7"
"daljitsahota12","4","3","7"
"Dallus","3","4","7"
"Dam_Satt","4","3","7"
"Damacolgada","4","3","7"
"damatoShift","2","5","7"
"damei","4","3","7"
"damien09","4","3","7"
"damo9cn","4","3","7"
"damohamed","3","4","7"
"DaMysteryOChessboxin","4","3","7"
"Dan_Band","4","3","7"
"danakes","2","5","7"
"danang055","4","3","7"
"Danchess8","2","5","7"
"Danco29087279399","3","4","7"
"Dandanakan73","4","3","7"
"Dane-gerous","2","5","7"
"DanFriedmanF","4","3","7"
"danial844321","3","4","7"
"daniarov11092009","3","4","7"
"danich0","4","3","7"
"Danie1992","3","4","7"
"daniel_coronel_F","5","2","7"
"Daniel_vanegas127","4","3","7"
"Daniel01454w","4","3","7"
"Daniel3000444","3","4","7"
"Daniel9203","4","3","7"
"Daniela_Golub","4","3","7"
"Danielh27","4","3","7"
"Danielik23","5","2","7"
"danieljay1226","3","4","7"
"danielllos123","3","4","7"
"DanielMoralescriado","4","3","7"
"Danielsden16","4","3","7"
"danielsenaalmeida","3","4","7"
"Danielsuazo","3","4","7"
"DaniilElistratov9","3","4","7"
"DaniilKolesnikov","3","4","7"
"DanilaZhabin","4","3","7"
"Danildanilov","3","4","7"
"Danilka_0","4","3","7"
"danillojou","5","2","7"
"danilofoia","4","3","7"
"DanishJoseph","3","4","7"
"Daniyar_0000","4","3","7"
"danjouchant","4","3","7"
"dannydomina","4","3","7"
"danool","4","3","7"
"dansedenmaymun","3","4","7"
"Dante092092","3","4","7"
"danujadamsilu","3","4","7"
"DAR1107","2","5","7"
"Dariusz1006","3","4","7"
"Dark_Loon","5","2","7"
"Darkic","4","3","7"
"DarkKnight1293","3","4","7"
"darkknight81","5","2","7"
"DarkMetrics","4","3","7"
"Darkshadow618","2","5","7"
"Darlene1702","3","4","7"
"DarSbitar","3","4","7"
"Darsh5623","4","3","7"
"DarxGaming","4","3","7"
"Dash19","4","3","7"
"Dash4cash","3","4","7"
"DASH60","3","4","7"
"Dasha_Mishina","4","3","7"
"Datle_2015","3","4","7"
"dattasai_b","4","3","7"
"daugavin","3","4","7"
"davchuk","4","3","7"
"Daverov","3","4","7"
"David_Beltran","4","3","7"
"david2013champion","4","3","7"
"David220993","4","3","7"
"David2356789","3","4","7"
"david3234","3","4","7"
"david862007","3","4","7"
"Davidak","5","2","7"
"davidart95","4","3","7"
"davidbonillas","4","3","7"
"davidcantillor","3","4","7"
"DAVIDCHANCOS-2011","2","5","7"
"davided","3","4","7"
"DavidNoriaki","3","4","7"
"DavidPanizza","4","3","7"
"davidpelaez","2","5","7"
"Davidplaza54","3","4","7"
"DavidRoaAlarcon64","3","4","7"
"Davidsongsilva","3","4","7"
"Davit5","3","4","7"
"Davitote","3","4","7"
"Davor57","3","4","7"
"Davron90","4","3","7"
"Dawda","4","3","7"
"DaxAngel","4","3","7"
"Dayaram_mehra","4","3","7"
"dbjd","3","4","7"
"dboubou","4","3","7"
"dbtjdwo","3","4","7"
"Dcourtemanche","3","4","7"
"dcvgi","5","2","7"
"DDEEVVINN","4","3","7"
"ddkuzmin","4","3","7"
"Ddou2","4","3","7"
"de_la_Fene","4","3","7"
"deadushka","5","2","7"
"DeAkbaba","4","3","7"
"dealma87","4","3","7"
"dearobiwankenobi","3","4","7"
"DeAshiBarai","3","4","7"
"deathlaser25","4","3","7"
"deBeerPC","4","3","7"
"Ded2033","4","3","7"
"DedaDima","2","5","7"
"Dedi-Majalengka","4","3","7"
"DedStepan","3","4","7"
"deeds121212","3","4","7"
"Deep_Jorin","4","3","7"
"deepamh","3","4","7"
"DeepRed00","4","3","7"
"dejan023","3","4","7"
"Dejf22","3","4","7"
"Delacre13","4","3","7"
"delparque84","4","3","7"
"Demichess90","4","3","7"
"Demiguizel","4","3","7"
"Demin-1980","4","3","7"
"Demir83","3","4","7"
"demisoupape","4","3","7"
"Demo_o1","4","3","7"
"democratia1776","3","4","7"
"demonnera","5","2","7"
"DemSketchy1","4","3","7"
"den_shastin","4","3","7"
"Den03","3","4","7"
"Den1z_Alan","4","3","7"
"Denchik008","4","3","7"
"DENIANKASPAROV12","3","4","7"
"Denied_Existence","3","4","7"
"Denis_I1981","3","4","7"
"Denis123457896","4","3","7"
"Denis1957","3","4","7"
"denis20182018","3","4","7"
"Denis77777777","3","4","7"
"DenisAlekseevichKosh","3","4","7"
"DenisCrimea","3","4","7"
"Deniss555","3","4","7"
"denizhanekmekci","3","4","7"
"Denkong","3","4","7"
"DennisMagan","4","3","7"
"Dentus1969","4","3","7"
"Denys_EamCOMMERCE","3","4","7"
"deokarashwini","4","3","7"
"depdepli","4","3","7"
"deptak96","4","3","7"
"der2-086bersUHDBv","5","2","7"
"DeRosa","3","4","7"
"dersimli62sino","4","3","7"
"Derwyd","3","4","7"
"deryckbernard","3","4","7"
"derytm","2","5","7"
"destroyer2382","3","4","7"
"Dev2711","3","4","7"
"devakeerthi","3","4","7"
"devavrath","3","4","7"
"develicious","4","3","7"
"DevguruAnanth","3","4","7"
"deviroz","4","3","7"
"DevisITA","3","4","7"
"devMuhammed","3","4","7"
"devrimq","3","4","7"
"devyani123","4","3","7"
"dg4N","5","2","7"
"dgarzonc","4","3","7"
"dgdms","3","4","7"
"dgjndca","3","4","7"
"dgknatr","4","3","7"
"dh2718","4","3","7"
"dhamer","3","4","7"
"Dhananjy","4","3","7"
"Dhanvinyella","3","4","7"
"Dharmved","4","3","7"
"dheerajk77","5","2","7"
"DHRUVMAROL1","3","4","7"
"dhtjdk","4","3","7"
"Diar015","4","3","7"
"diar1982","3","4","7"
"diazmontalvo","3","4","7"
"diCdutz","3","4","7"
"Dick6905","4","3","7"
"Dida-2020","4","3","7"
"didi28000","3","4","7"
"Didris","4","3","7"
"Die989","2","5","7"
"Diego-09","3","4","7"
"diegocastro","4","3","7"
"diegogspr","3","4","7"
"diegoqueiroz","3","4","7"
"diegozuda","4","3","7"
"DieinJHU","3","4","7"
"DieKralle","2","5","7"
"Dierendonck","4","3","7"
"Differenttt","3","4","7"
"digcocknozdrin","3","4","7"
"Dima_Vrb","3","4","7"
"dima-231986","4","3","7"
"DimaEnergyCenter","3","4","7"
"DimaHawkD","4","3","7"
"dimaklimov77","4","3","7"
"dimanos13","4","3","7"
"Dimash131","4","3","7"
"Dimasspb1984","3","4","7"
"DimaStup","3","4","7"
"dimbol13","4","3","7"
"dimer771","3","4","7"
"dimi0711","4","3","7"
"dimitar_popov","2","5","7"
"Dimitris_900","4","3","7"
"dimitrisart","3","4","7"
"Dimon130","3","4","7"
"Dimonvekesi","3","4","7"
"dina_rastin_99","3","4","7"
"Dina0","6","1","7"
"Dinamoboy999","4","3","7"
"dinar_usmanoff","3","4","7"
"dinazorus_17","4","3","7"
"dineshkrajaram","4","3","7"
"DineshSharanathan","3","4","7"
"dinhtruclam","3","4","7"
"DINHVIETNHAN_TB","4","3","7"
"Diomi","3","4","7"
"dioubiban","5","2","7"
"dirtybarry1","5","2","7"
"DirtySanchez361","3","4","7"
"discostudent","4","3","7"
"Disengaged","3","4","7"
"distanxe","4","3","7"
"DithinRaj","3","4","7"
"Dithmal2206","3","4","7"
"Divakar001","3","4","7"
"DiveInSpace","4","3","7"
"Divyansh_24","3","4","7"
"DivyanshiRikhari12","3","4","7"
"DixieNormous14","3","4","7"
"DiyanovIvan","4","3","7"
"dj2812","5","2","7"
"djakeg","4","3","7"
"Django_ZZ","3","4","7"
"Djofellah","4","3","7"
"djoker_123","4","3","7"
"Dkaylal","3","4","7"
"dlonurass","3","4","7"
"dmetalpunk","3","4","7"
"DMFF","3","4","7"
"dmitrievfilipp","4","3","7"
"DmitriiPrevozniuk","3","4","7"
"Dmitriy_Novichok","4","3","7"
"Dmitriy_Sizov","3","4","7"
"Dmitriy-52","3","4","7"
"dmitriy1974","4","3","7"
"dmitriys555","4","3","7"
"Dmitry_04","3","4","7"
"dmitry_24k","4","3","7"
"Dmitry812","3","4","7"
"DmitryKabanich","4","3","7"
"DmitryQwerty98","5","2","7"
"dmvkab","4","3","7"
"DN124224","4","3","7"
"doanducminhbd","4","3","7"
"Doanduyhung2014TD","4","3","7"
"Doankhanhphuong2015","4","3","7"
"Dobrivoje","4","3","7"
"DocJohn","3","4","7"
"docob","3","4","7"
"Doctor_nick","4","3","7"
"Doctor_Octo","3","4","7"
"Doctorwhothedoctor","3","4","7"
"Dodi_Lubis","4","3","7"
"dodokally","4","3","7"
"dogapizza","3","4","7"
"dogus159","4","3","7"
"dogwood","4","3","7"
"DoJoe2110","4","3","7"
"dok1977","3","4","7"
"DOKTORHANT","3","4","7"
"Doku4ever","3","4","7"
"Dollarbepr","3","4","7"
"domingopappa","4","3","7"
"Dominik-2717","3","4","7"
"domino123987","3","4","7"
"domyaty1953","5","2","7"
"DonCojon","3","4","7"
"DonFlorione","2","5","7"
"Dong_Aven","4","3","7"
"DONKSonlyplaywhite","3","4","7"
"donkykong2","4","3","7"
"donleoleao","3","4","7"
"DONNERMANN","4","3","7"
"donOTP","3","4","7"
"donpapa50","3","4","7"
"donquijones","4","3","7"
"donrenan","4","3","7"
"Donutissogood","3","4","7"
"DoomsDave64","3","4","7"
"DoriaNNN","3","4","7"
"Dospi98","2","5","7"
"Doug1976","4","3","7"
"DougJR60","4","3","7"
"dozerkov","5","2","7"
"DP0529","3","4","7"
"dpaaavas","4","3","7"
"dpasuri","4","3","7"
"DPetr1960","3","4","7"
"dpnw","5","2","7"
"dquipen","5","2","7"
"Dr____Frankenstein","3","4","7"
"Dr_Bataraum","2","5","7"
"Dr_Wong","4","3","7"
"DR-3bdlr7man3la2","3","4","7"
"dr8585","3","4","7"
"drackey","3","4","7"
"draganbadic73","4","3","7"
"Dragon_Son","4","3","7"
"DragonJun","4","3","7"
"DragonSK","3","4","7"
"Drakolichen2002","3","4","7"
"DrAlp","3","4","7"
"drazenvk","3","4","7"
"drcheng","3","4","7"
"drChessJEE","3","4","7"
"DrDin","3","4","7"
"Dreamoffid","3","4","7"
"Dreams_ZOOOOM","5","2","7"
"DRED16","4","3","7"
"dreikommanull","3","4","7"
"dresx61","4","3","7"
"drezellou","3","4","7"
"DrFeral","3","4","7"
"DrHmmmmM","4","3","7"
"DrJealousAhoIK","3","4","7"
"DRK1410","3","4","7"
"drkingschultzzz","4","3","7"
"DrKutass","3","4","7"
"drmagdy","4","3","7"
"DrMohamedElnekheily","3","4","7"
"DrNiierustein","4","3","7"
"DrNykterstein-Jr","4","3","7"
"dron63893","2","5","7"
"dropwea","3","4","7"
"drpanoo","4","3","7"
"DrStephenStrangeLin","3","4","7"
"drunkchess69420","4","3","7"
"Drunknight02","3","4","7"
"Drv152","4","3","7"
"DS_Mikky","3","4","7"
"Dsantos21","4","3","7"
"dshadri","4","3","7"
"DSigman","4","3","7"
"DSP1976","3","4","7"
"Dsuzena","4","3","7"
"DTH_anhthu","3","4","7"
"Dtru87","3","4","7"
"DTXR250","3","4","7"
"DuarteSilva","4","3","7"
"ducanh0707","4","3","7"
"duchess-23","4","3","7"
"DuChess76","2","5","7"
"dudufranca42","3","4","7"
"dukestories_germain","4","3","7"
"dukkookim1","3","4","7"
"dular1611","5","2","7"
"dulp","3","4","7"
"Dulwahid","4","3","7"
"Dumont","3","4","7"
"dungeon-scrawl","3","4","7"
"dunnycan","4","3","7"
"dupuy","3","4","7"
"durosturum","3","4","7"
"Dusktilldawn911","3","4","7"
"dux66","3","4","7"
"dvaise_leva","4","3","7"
"Dvniel7","4","3","7"
"dwhitney20","4","3","7"
"Dylan_Blake","3","4","7"
"DylanAnthony2015","3","4","7"
"dylaned","4","3","7"
"Dyxa01","2","5","7"
"Dz29","3","4","7"
"dzanko95","3","4","7"
"Dzhango","4","3","7"
"Dziadcu","3","4","7"
"e286903","5","2","7"
"eastlancashire","4","3","7"
"easy20mm","2","5","7"
"EauBlanche","2","5","7"
"EAyd","3","4","7"
"ebi1355","4","3","7"
"EBK_14","4","3","7"
"ebonybrooks","3","4","7"
"ebrahim8n","3","4","7"
"ebudimusilno","3","4","7"
"Ecaros","5","2","7"
"echecovic","3","4","7"
"Ecmenik","3","4","7"
"Eddie1925","4","3","7"
"eddiec86","3","4","7"
"Eddiethechessplayer","4","3","7"
"edgarbacq","3","4","7"
"edgard1302","4","3","7"
"EdgarS95","4","3","7"
"Edgeworth77","4","3","7"
"EdhanSameer","3","4","7"
"edicat","5","2","7"
"edilbertohernandez","4","3","7"
"Ediz_Derler","5","2","7"
"EdsonChipala","3","4","7"
"edu_aurelio","3","4","7"
"Eduard2","3","4","7"
"Eduard78gip","4","3","7"
"eduardozagato","4","3","7"
"EDUCARCAS","4","3","7"
"Edvarard","3","4","7"
"edwardross81","3","4","7"
"edwingeorge","4","3","7"
"edyts","3","4","7"
"eeec0","3","4","7"
"efdiego69","4","3","7"
"efedwkde","4","3","7"
"efekubur","4","3","7"
"Efichan","4","3","7"
"egaadam123","3","4","7"
"EGichek","3","4","7"
"EGORMZR2015","3","4","7"
"EgorSomorov","3","4","7"
"EgregiousCoconut","4","3","7"
"Ehab_Awwad","4","3","7"
"Ehsanbaradari1390","4","3","7"
"EJ_Evangelista","4","3","7"
"Ejoyi","3","4","7"
"Ekaterina3282","3","4","7"
"ekinoks","4","3","7"
"Eknoor12","3","4","7"
"Eko37515","3","4","7"
"ekodor74","4","3","7"
"Ekvv","3","4","7"
"El_Ari_El","4","3","7"
"El_Gran_Mataburros","3","4","7"
"El_indio79","4","3","7"
"El_Tigre84","2","5","7"
"El-Berro","4","3","7"
"ela9","4","3","7"
"ElangBiru_HCF","2","5","7"
"elbagoury99","3","4","7"
"elbana11","3","4","7"
"elcaballodezweig","3","4","7"
"Elcano22","3","4","7"
"Elcapho","3","4","7"
"Elcotua","3","4","7"
"eldelatristefigura","2","5","7"
"eldemorella","3","4","7"
"EldengawY66","4","3","7"
"EldurRelic","3","4","7"
"Electrozhiraf","3","4","7"
"Elegido1","3","4","7"
"ElenaBaurecht","4","3","7"
"ELEOAL","4","3","7"
"eleonid","4","3","7"
"elequipito","4","3","7"
"Eleuterio51","4","3","7"
"elevatordriver","4","3","7"
"Eleven64","4","3","7"
"elfantasma64","2","5","7"
"elfarilimon","4","3","7"
"Elfiras13","3","4","7"
"ELFUGI","4","3","7"
"ElGranFisher","3","4","7"
"elgray","4","3","7"
"Elgun123","3","4","7"
"Elhan-2015","3","4","7"
"elias_26","2","5","7"
"Elias-H","3","4","7"
"elias2222el","5","2","7"
"elias3010","4","3","7"
"eliasleon","3","4","7"
"elichatte","4","3","7"
"ELIDD","1","6","7"
"Elieudemoura","3","4","7"
"Eliezer-Quiroz","3","4","7"
"elif_defne","4","3","7"
"elilinch","4","3","7"
"ElizavetaCh","4","3","7"
"ElizavetaPetrova","4","3","7"
"eljaquemates","4","3","7"
"elkanderi89","4","3","7"
"ElKevin8","4","3","7"
"elkhatib","4","3","7"
"EllenaR","3","4","7"
"Ellerenrique","4","3","7"
"ellfest666","3","4","7"
"Elm4z","3","4","7"
"ELM67","4","3","7"
"Elman_sattarzadeh","3","4","7"
"ElMateArgentino","4","3","7"
"Elnidodelcuco","3","4","7"
"ElNovato1981","4","3","7"
"ElodinTheGreat","3","4","7"
"eloiw","4","3","7"
"elokasiyorum123","5","2","7"
"elpavolongo","4","3","7"
"elpoli","3","4","7"
"elresbalon","4","3","7"
"elroyde","1","6","7"
"elsmarty","4","3","7"
"elsolitario742","4","3","7"
"Eltoros33","3","4","7"
"elturcoo55","4","3","7"
"elvessteel","4","3","7"
"Elvis_Cocho","4","3","7"
"emad-dibbini","3","4","7"
"emanuelhenrique","3","4","7"
"embrun76","3","4","7"
"EmilAbasov","4","3","7"
"Emiliien","3","4","7"
"EmilRoy","3","4","7"
"Emily52","2","5","7"
"EmineSu2014","4","3","7"
"EmirovB","4","3","7"
"Emisarmiento","3","4","7"
"Emlik","4","3","7"
"EmmanueL_Lasker86","4","3","7"
"Emmanuel_Musni","4","3","7"
"EMMI4646","3","4","7"
"emmitbrown2","4","3","7"
"emo1626","3","4","7"
"empee_a","2","5","7"
"EmperorL","3","4","7"
"Empire_Of_WolF","3","4","7"
"emre-26","3","4","7"
"En-passant-mate","5","2","7"
"encina1963","3","4","7"
"Encrux","4","3","7"
"ENCULMAN","3","4","7"
"endlessness","3","4","7"
"enemiesVS","4","3","7"
"enesimm","3","4","7"
"Enfariches","4","3","7"
"eng-nn","3","4","7"
"English_roG","4","3","7"
"Enjoyer_101","4","3","7"
"Enkhee9999","3","4","7"
"Enkoboy83","4","3","7"
"Enoch1985","4","3","7"
"enochthejeweler","4","3","7"
"EnPassant_checkmate","4","3","7"
"Enric49","3","4","7"
"enrico1964","3","4","7"
"Enricoilgrande","3","4","7"
"Enrique005","2","5","7"
"enryuu0","3","4","7"
"EntanglementERP","3","4","7"
"envercana","5","2","7"
"enxadristavictor","2","5","7"
"enzolol","4","3","7"
"EONLEGACY","2","5","7"
"eoruch","3","4","7"
"EphraimWinslow","4","3","7"
"EpicCheetah","3","4","7"
"EPJ2014","4","3","7"
"Er_cavalierenero","3","4","7"
"erdiegales","4","3","7"
"Eren_yeagar_25","3","4","7"
"eren4624","3","4","7"
"erfandaneshvar112","3","4","7"
"Ergash_bobo","4","3","7"
"erhana","3","4","7"
"Ericsen00","4","3","7"
"Erik-Zin","3","4","7"
"Erkowa","4","3","7"
"erlemlv","4","3","7"
"Ermek_2017","4","3","7"
"Ernstl22","3","4","7"
"ErosTh","4","3","7"
"ERROW2008","5","2","7"
"erwan2","3","4","7"
"Erwan31","3","4","7"
"escanorsi","4","3","7"
"EscaqueNoir","4","3","7"
"escerc","5","2","7"
"ESHReis","3","4","7"
"Eslam_Mohey2000","3","4","7"
"eslamyousif","2","5","7"
"Esmvelase","3","4","7"
"esraa46755","3","4","7"
"essa77","2","5","7"
"essamessoss","3","4","7"
"esteban645","3","4","7"
"EstebanChaparroUP01","3","4","7"
"esteebannnnnnn","3","4","7"
"estriwiti","3","4","7"
"Esyjoon","3","4","7"
"Ethan_Silveira","3","4","7"
"Ethanhu06","4","3","7"
"ethereal_josh","3","4","7"
"EtK5","4","3","7"
"Etsilva","3","4","7"
"Eukenia","5","2","7"
"EvaEnotov","3","4","7"
"EvaMarina777","3","4","7"
"evamelina","3","4","7"
"EvansEssense","3","4","7"
"evapanettiere","4","3","7"
"evdias","3","4","7"
"evenp043","3","4","7"
"evercito","3","4","7"
"EvertD","4","3","7"
"everybef","2","5","7"
"EveryDayWin","4","3","7"
"EVG3CHESS","3","4","7"
"Evgeni08021979","4","3","7"
"Evgeniy1702","2","5","7"
"Evitaeterna","3","4","7"
"Ewgen1","3","4","7"
"Ewock06","4","3","7"
"Ex148963","4","3","7"
"ExcelsiorDior","2","5","7"
"executioner0","4","3","7"
"exegesis1","4","3","7"
"Exequiel051814","4","3","7"
"exhaution","5","2","7"
"Exlaider","3","4","7"
"Experiment123","4","3","7"
"Experimentopolgar","2","5","7"
"ExtrKetchup","2","5","7"
"Eyad-Bari","4","3","7"
"eyadsamra1","4","3","7"
"eylulbenzerr","4","3","7"
"Eyuber2","4","3","7"
"Ezikel","3","4","7"
"Ezio545","3","4","7"
"F0rtisFortunaAdiuvat","4","3","7"
"F22-A","4","3","7"
"F2805","5","2","7"
"FabianKaestner","3","4","7"
"fabiano10I","3","4","7"
"FabioLimia","2","5","7"
"FabrizioCardenas","3","4","7"
"Facucarol","4","3","7"
"Fadeldodi","2","5","7"
"FaDom1","5","2","7"
"fafi11","4","3","7"
"faij","3","4","7"
"faizovrf","2","5","7"
"FakaOrtiz2021","3","4","7"
"fake_marydane","4","3","7"
"fakenham62","4","3","7"
"Fakhri21349","3","4","7"
"Falco1968","3","4","7"
"Falcon2022","3","4","7"
"falconics","3","4","7"
"falgocharm","4","3","7"
"FanerosPhronesis7","4","3","7"
"Fannyyys","4","3","7"
"fanofPaulKeres","4","3","7"
"FantacticEman","2","5","7"
"Fantastic_Ishrit_012","3","4","7"
"fantom834","3","4","7"
"FaozyREBORN","3","4","7"
"Farhan121","3","4","7"
"farid7434kz","4","3","7"
"faridatulhasanah","3","4","7"
"FaridMagic","3","4","7"
"Faridzh","4","3","7"
"fariskv058","3","4","7"
"Farkhad_28","3","4","7"
"Farrukh_Ozgur","4","3","7"
"FarshadNaseri","4","3","7"
"Farzin21","3","4","7"
"FASCHING","4","3","7"
"FataliiBot","5","2","7"
"fatih2009011","3","4","7"
"fatihachess26","4","3","7"
"fatma0d","3","4","7"
"Faurk","3","4","7"
"fayachinizar47","3","4","7"
"faysal56","3","4","7"
"FCBayernAndre","5","2","7"
"fckquattermain","3","4","7"
"Federico_Jun","2","5","7"
"federicofoglio","2","5","7"
"FedexPros","4","3","7"
"Fedor-B-gross","2","5","7"
"FedorChess2328","4","3","7"
"fedorchukra","4","3","7"
"FedorSulin","4","3","7"
"feeble13","4","3","7"
"Fefeh_doyuri","3","4","7"
"fehsand","4","3","7"
"felipe2911","4","3","7"
"felipedoidao","3","4","7"
"Felix0407","4","3","7"
"Felixdamian1976","4","3","7"
"felogna","1","6","7"
"FemboyDark","4","3","7"
"femilesi","4","3","7"
"Feoweyn","2","5","7"
"Fer_vic","3","4","7"
"fer3d","4","3","7"
"feramanbira","4","3","7"
"ferdinandbj","3","4","7"
"ferid54800","3","4","7"
"Fermakes","3","4","7"
"Fernanda81","4","3","7"
"fernandoestevao","4","3","7"
"FERTLAY","3","4","7"
"Ferudlap","3","4","7"
"Ferzen55","3","4","7"
"fescas1","4","3","7"
"FFDH1","2","5","7"
"ffivanovski","4","3","7"
"FFoxrg","3","4","7"
"Fhuhu4","4","3","7"
"fichas17","3","4","7"
"Ficheall_Lag","2","5","7"
"Fifi1953","2","5","7"
"fifi2022","3","4","7"
"figen42","4","3","7"
"Fighter-Ussama","5","2","7"
"fil38markman","3","4","7"
"filachess1122","3","4","7"
"Filibustier3","4","3","7"
"FilimonMihai","3","4","7"
"FilipJansson","3","4","7"
"FilippoSalustri2016","4","3","7"
"filotur","3","4","7"
"FiM-ayuki","3","4","7"
"FimoScorp","3","4","7"
"FinDog33","3","4","7"
"FINKA_NKVD","4","3","7"
"finngolfin","4","3","7"
"Fireback","4","3","7"
"firexfarwesh","4","3","7"
"firoj26","3","4","7"
"FirstElephant","3","4","7"
"firstjavidshah","5","2","7"
"firulais1","4","3","7"
"Fischer44344","4","3","7"
"Fischerking10","4","3","7"
"fishh1","4","3","7"
"fishstone","3","4","7"
"fiyinpraze","3","4","7"
"fk_abs","3","4","7"
"fl00ki","2","5","7"
"FlairV1","3","4","7"
"FLAMEOUT","3","4","7"
"Flamgio","4","3","7"
"Flat_Eric","3","4","7"
"flaxerr","4","3","7"
"Flipp3rS","4","3","7"
"FloLeCore","3","4","7"
"FloraYam","3","4","7"
"florenn","3","4","7"
"Flufenhoink","3","4","7"
"Fmms","3","4","7"
"Fondon","2","5","7"
"foobar262","2","5","7"
"forchosez","3","4","7"
"Forever_A1one","5","2","7"
"Forgetpls","4","3","7"
"fotis566","3","4","7"
"fotism","4","3","7"
"fouad95","3","4","7"
"FourCrowns","4","3","7"
"fourkings","3","4","7"
"Fox113","2","5","7"
"fox11wolf","3","4","7"
"FoxValleyReindeer","4","3","7"
"Frace26","3","4","7"
"fran-adc","3","4","7"
"Fran234","3","4","7"
"Franaluminium","4","3","7"
"Francesca0591","3","4","7"
"francesco48","3","4","7"
"Francione","4","3","7"
"francis455","4","3","7"
"franco84","3","4","7"
"francoa","4","3","7"
"franiu20302030","4","3","7"
"FrankKarpovA","3","4","7"
"FrankStevens","3","4","7"
"Fransman1","4","3","7"
"Frantz5","3","4","7"
"franztac","4","3","7"
"freakbagZ","3","4","7"
"freddy12a","4","3","7"
"FredSeyi","4","3","7"
"FredTheDorfDorfman","3","4","7"
"free9","3","4","7"
"frenchi27gt","3","4","7"
"Frivcadi240893","3","4","7"
"Frizzy1000","4","3","7"
"FrolstDemon","3","4","7"
"from_alabama","3","4","7"
"fsh1389","3","4","7"
"FTakata","4","3","7"
"ftasan","3","4","7"
"ftbhhjhjkk","4","3","7"
"fud1kL","4","3","7"
"Fudgijojo","4","3","7"
"Fuhur12","4","3","7"
"FullGrimm","3","4","7"
"funkelnd-cola","3","4","7"
"FunSlimySpider","3","4","7"
"Furbi-Furbi","4","3","7"
"Furesalim22","3","4","7"
"furiousmonk","3","4","7"
"furkan9126","3","4","7"
"furkanalpak","3","4","7"
"furuno","3","4","7"
"Fute54","4","3","7"
"futuregm04","3","4","7"
"FUTYJTHBIK","4","3","7"
"fyland","5","2","7"
"FZoley","3","4","7"
"G_a_p_a_t","5","2","7"
"G_gurda","4","3","7"
"G-djogo","5","2","7"
"g4_g5_a6_b5","2","5","7"
"G65SASHA777890EGBY","4","3","7"
"g80m3","4","3","7"
"Gab1972","5","2","7"
"gab81","4","3","7"
"gaban61","3","4","7"
"gabbe069","4","3","7"
"gabgar25","3","4","7"
"gabi700","4","3","7"
"gabilebarjo","4","3","7"
"Gabriel12HP","3","4","7"
"gabriel4LAROUSSE","4","3","7"
"GabrielaIvanova","3","4","7"
"GabrielaVelikovaBG","4","3","7"
"gaflanti","4","3","7"
"Gafro1","4","3","7"
"Gagan1894","3","4","7"
"Galactico2","4","3","7"
"galagan68","4","3","7"
"Galatafisherman","3","4","7"
"gali_ahmetov","4","3","7"
"Galifax2000","3","4","7"
"GalinhaPreta","3","4","7"
"Gambitoninja","3","4","7"
"GAmbitsSharpsOther11","4","3","7"
"GamblerGambit","3","4","7"
"Game_TM","4","3","7"
"GAMESPIRIT","4","3","7"
"GANESH03","2","5","7"
"ganesh786","3","4","7"
"GanGesTa","3","4","7"
"Gangstalicous","3","4","7"
"GardFoxe","4","3","7"
"Garfieldontherun","4","3","7"
"Gargirpatil","4","3","7"
"garneT3","3","4","7"
"GarnikAmyn","4","3","7"
"Gary_V","2","5","7"
"Gary5F55","3","4","7"
"garysu","4","3","7"
"gasemalageed95","4","3","7"
"Gaspira","3","4","7"
"gastus","4","3","7"
"gattino","3","4","7"
"Gauravsingh7583Negi","4","3","7"
"GauravTangariya","3","4","7"
"Gaurya47","4","3","7"
"gautammaheshwary27","2","5","7"
"Gautham103","4","3","7"
"gauthier70","3","4","7"
"gauv20","3","4","7"
"Gavagai53","3","4","7"
"Gazi_motalib","4","3","7"
"GBakir","4","3","7"
"GDane44","3","4","7"
"ge78","3","4","7"
"Gece1566","3","4","7"
"GeetanshSingh_01","4","3","7"
"Geezer1221","3","4","7"
"Gef_the_mongoose","4","3","7"
"gefchess","4","3","7"
"GeGe1402","4","3","7"
"gehheemetille","4","3","7"
"gela1","4","3","7"
"gena1935","3","4","7"
"genavero","5","2","7"
"Genna1","4","3","7"
"geo13dal","4","3","7"
"geoegia-1990","3","4","7"
"GEORGE-X","3","4","7"
"Georgiy2000Power","4","3","7"
"Georgiy45","4","3","7"
"Gepard64","4","3","7"
"geppino1943","3","4","7"
"geraxion","3","4","7"
"GermanGsca","3","4","7"
"GernotHaar5","4","3","7"
"GertTW","3","4","7"
"Gesityan","3","4","7"
"GetDownMakeLove","3","4","7"
"Gevorg20149","2","5","7"
"GGNORE0629","4","3","7"
"ggop246","4","3","7"
"ggoranso","4","3","7"
"Ggorchakov","3","4","7"
"ggplus","4","3","7"
"GH59","3","4","7"
"ghandibeast","4","3","7"
"ghjambattista2b","4","3","7"
"ghobad32","3","4","7"
"ghost9411","3","4","7"
"ghroby","3","4","7"
"Giancarlo66","4","3","7"
"Gianflap","4","3","7"
"Gianfry","4","3","7"
"Giftebube","3","4","7"
"gigabyte89","4","3","7"
"gigihnk","4","3","7"
"gigione_71","4","3","7"
"Gil_Lores","4","3","7"
"gilbertomenegatti","3","4","7"
"gilgamesh8313","5","2","7"
"gilou50","3","4","7"
"gimb007","4","3","7"
"Gimlad","3","4","7"
"gineeshsys","3","4","7"
"Ginkgo478","3","4","7"
"Gino3","4","3","7"
"giovannimoreno","3","4","7"
"GiovanniXYZ","4","3","7"
"GIRBEAU","3","4","7"
"gireep","3","4","7"
"Girish_Iyer","2","5","7"
"Girish-2788","4","3","7"
"Gitlerozigote","4","3","7"
"gitxxxler","2","5","7"
"Gizemli_Deha","3","4","7"
"gkbanay","5","2","7"
"gkv_gaurav","4","3","7"
"gl0rfindel","4","3","7"
"glafbux","2","5","7"
"Glen_G","3","4","7"
"globante","3","4","7"
"Glock18kulawleb","2","5","7"
"GlomyWhisper","4","3","7"
"GloveDog123","4","3","7"
"Glowyfish","4","3","7"
"Gluhonemoi","4","3","7"
"gluprostak","4","3","7"
"Gmculture","3","4","7"
"Gnaddelwarz","3","4","7"
"Gnafroninho","5","2","7"
"gnezd777","4","3","7"
"gnylibrahim","4","3","7"
"gobikrishnan","3","4","7"
"GODFREYKE","4","3","7"
"Goga0705","3","4","7"
"gogh-k","3","4","7"
"GogolevMax11","4","3","7"
"GoingGreatGuns","3","4","7"
"gokhannn41","3","4","7"
"gokmopBamcoH","3","4","7"
"gokul_krishna_007","3","4","7"
"gol1513","3","4","7"
"goldman008","3","4","7"
"GolemHax","3","4","7"
"Golismeando-manchego","3","4","7"
"golumal","4","3","7"
"Gomarchingin","4","3","7"
"gomelboy","3","4","7"
"gonkarin","4","3","7"
"Gonza_ar","4","3","7"
"GonzalesGoisima","4","3","7"
"goodboynta","3","4","7"
"goodfather2019","4","3","7"
"goodnewsman","5","2","7"
"GoodProf","4","3","7"
"goodsadhu","4","3","7"
"Goofy40","4","3","7"
"Gopal211260","4","3","7"
"gopi075","3","4","7"
"Gor1572","4","3","7"
"gorbunovk","3","4","7"
"Gordei_Hamidulin2012","5","2","7"
"Gordias","3","4","7"
"GoreevaRima","3","4","7"
"gorgija","4","3","7"
"gorrizdaniel","3","4","7"
"Gottenflame","3","4","7"
"GOZ190381","3","4","7"
"gpwmyl","4","3","7"
"gQmeR","4","3","7"
"grades","4","3","7"
"GradientDescent89","4","3","7"
"Graf_Ivan","3","4","7"
"granatagammaray","4","3","7"
"Grandmaster_Igor","4","3","7"
"Granit1790","4","3","7"
"grault","3","4","7"
"gravermark1950","2","5","7"
"Graycat9","3","4","7"
"GrayTeacher","3","4","7"
"GreaseGuzzler","3","4","7"
"GreatHEISENBERG142","4","3","7"
"Green_T-rex69","3","4","7"
"greenmar","3","4","7"
"Greg1988","3","4","7"
"gregoria","3","4","7"
"GregoryChamfort","3","4","7"
"gregroth12","3","4","7"
"GreGuz","4","3","7"
"GremioImortal","4","3","7"
"grenuo1","3","4","7"
"Gretenberg","4","3","7"
"grews19","4","3","7"
"GRGRGRGRGRGR","5","2","7"
"Grigory_Ok","4","3","7"
"GrimmXs","4","3","7"
"Grimvolid","4","3","7"
"grizzlycanuck","4","3","7"
"GROSCHEFBANDIT","3","4","7"
"Groslier","3","4","7"
"grumpyking","3","4","7"
"Gs430","4","3","7"
"gsanmartinsilva","2","5","7"
"gshaantak","3","4","7"
"gssansao","3","4","7"
"gtjabi74","3","4","7"
"gtrev","4","3","7"
"gtufan","5","2","7"
"guanaco_ajedrez","3","4","7"
"Gubrii","4","3","7"
"gudrungrawunder","3","4","7"
"guessingtrue","5","2","7"
"guetteba","4","3","7"
"Guidoarturo","3","4","7"
"guigui198324","4","3","7"
"GuilhermeSantos0210","4","3","7"
"GuillaumeCavalier","4","3","7"
"guille3783","3","4","7"
"Guillecot","3","4","7"
"Gulhanutku","3","4","7"
"Gulomov","4","3","7"
"gumball86","3","4","7"
"GumbercuIes","4","3","7"
"gunnargregory","3","4","7"
"Guram11","3","4","7"
"gustavo_ajala","4","3","7"
"gutin82","3","4","7"
"gvs2000","4","3","7"
"Gwiazda2013","5","2","7"
"gygy1111","3","4","7"
"Gyorfia","4","3","7"
"H-Shekufe","3","4","7"
"H3ssam","3","4","7"
"h4ckpat","4","3","7"
"h9s9","3","4","7"
"HAbelkacem19","3","4","7"
"Habes_maymunu","4","3","7"
"Habibi_DSN_Joker","4","3","7"
"Habiboff96","4","3","7"
"hackpat01","4","3","7"
"hadimmm","4","3","7"
"Hadizare65H","5","2","7"
"hadja","3","4","7"
"HadrianChess","2","5","7"
"Hadronic","3","4","7"
"hadyatef80","5","2","7"
"hagedrez87","3","4","7"
"Haikal_Sabri","3","4","7"
"haimergm","4","3","7"
"haithamalabdalla","3","4","7"
"Hajzer","4","3","7"
"Hakalima","4","3","7"
"hakan_52","3","4","7"
"Hakki20","3","4","7"
"Hako0708","4","3","7"
"halban","3","4","7"
"Halcontiger","5","2","7"
"HalfKingdom4pawn","4","3","7"
"halihor","4","3","7"
"hallal","3","4","7"
"Hallen7u7","3","4","7"
"Hamdan_PercasiCMS","4","3","7"
"hamedabosalem","5","2","7"
"HamedBadwy","4","3","7"
"hamedmarasem","4","3","7"
"hamid135","3","4","7"
"hamid2220","4","3","7"
"hamid5929","3","4","7"
"Hamidacm","2","5","7"
"hamidheydaralizadeh","5","2","7"
"Hamidkeshtkar","3","4","7"
"hamidreza2535","4","3","7"
"Hamza_2023","4","3","7"
"hamzaeqd","4","3","7"
"hamzalazreg411","4","3","7"
"Hanamia","3","4","7"
"hanconsol","3","4","7"
"HaniifHamid","4","3","7"
"hanneskannes97","4","3","7"
"Hans_C17","4","3","7"
"Hans1935","4","3","7"
"hanslexdekker1960","3","4","7"
"hanyabuzeid49","4","3","7"
"happycricket","3","4","7"
"happyliltrees","4","3","7"
"happymmeduri","3","4","7"
"harcmesterapa","4","3","7"
"Hardik031212","5","2","7"
"Hardy26","5","2","7"
"hares110","3","4","7"
"harg3758","3","4","7"
"harigupthan","3","4","7"
"HariharanHk","4","3","7"
"HariharanSudhaSekar","4","3","7"
"Harish_Chezy","3","4","7"
"Harish239","3","4","7"
"Harishsensug","3","4","7"
"Harold_Delacruz30","3","4","7"
"haroldchoi0504","5","2","7"
"HaroonHamid","4","3","7"
"Harry459","3","4","7"
"HarryPe","3","4","7"
"Harsh_ff11","2","5","7"
"harsha423","4","3","7"
"Harth77","3","4","7"
"Hartmann1969","4","3","7"
"harvester76","3","4","7"
"Hasan0746","4","3","7"
"hasanalaini","2","5","7"
"hasanbey4747","4","3","7"
"hasanjaafar","2","5","7"
"Hasankhan1","4","3","7"
"Hashem789","2","5","7"
"haslenappenzell","2","5","7"
"hassanmaloom","5","2","7"
"Hassenajam","4","3","7"
"hastilyenclose","3","4","7"
"hatami7hamid","3","4","7"
"HaveSomeLogic","3","4","7"
"havig98","3","4","7"
"Hawary8","3","4","7"
"hayk314","3","4","7"
"haylolo","3","4","7"
"hayta4848","4","3","7"
"Haytham1978","3","4","7"
"hazardagli","3","4","7"
"Hazem_Abdelsattar","4","3","7"
"HazemHouse","4","3","7"
"Hazza123","4","3","7"
"HB_Student","4","3","7"
"Hbri","3","4","7"
"hcguler","3","4","7"
"HdiNik70","3","4","7"
"HDzKiritoVi","4","3","7"
"heads5150","4","3","7"
"Heat1971","3","4","7"
"heavenly91","4","3","7"
"hechizero","4","3","7"
"HeckerIGH","3","4","7"
"Hector_HG15","2","5","7"
"Hector403","3","4","7"
"hedidididi","3","4","7"
"heibati","2","5","7"
"Hekalgame","3","4","7"
"hekimm","3","4","7"
"Helenved","3","4","7"
"HelgaSchneider1940","4","3","7"
"helgezabka","4","3","7"
"helimoji","4","3","7"
"Hellmanpardo","5","2","7"
"HelloOshay","4","3","7"
"Helmi747","3","4","7"
"HelmutLindner","4","3","7"
"Hemant25dash","4","3","7"
"HEMO0c00","6","1","7"
"hendrase","3","4","7"
"hendri_beji","4","3","7"
"henri192045","3","4","7"
"henry_kim","4","3","7"
"henry1954","4","3","7"
"henryGray","5","2","7"
"herbazgen","5","2","7"
"herbertseabra","4","3","7"
"hercule-poivrot","2","5","7"
"hercules1977","4","3","7"
"heri060500","4","3","7"
"Hermanny","3","4","7"
"hernanlionel","3","4","7"
"Hero_yakuza77","4","3","7"
"HeroesMind","4","3","7"
"herrejime","3","4","7"
"Hershkoa","4","3","7"
"Hesham_R","3","4","7"
"Heshamabdelaziz2022","5","2","7"
"heshambasha","3","4","7"
"het007","3","4","7"
"HEXAQTL47","3","4","7"
"Heyhoihello","3","4","7"
"hfk160","3","4","7"
"hgcztmh","4","3","7"
"HGolder","3","4","7"
"HHHSICRIFICE","3","4","7"
"hhmz","4","3","7"
"HiddenPawn","4","3","7"
"higalko_Sergei54","4","3","7"
"higanhana","4","3","7"
"highgravitydaze","3","4","7"
"HighlyCruciferous","5","2","7"
"Him-again","3","4","7"
"Himalaji","4","3","7"
"HimanshRathod","4","3","7"
"himynameismichi","3","4","7"
"hip_hip","3","4","7"
"Hiraari","3","4","7"
"HirakuKanamura","4","3","7"
"Hirakunamuraka","4","3","7"
"Hiram01","3","4","7"
"hiranyasemindee","3","4","7"
"Hirndurchfall","3","4","7"
"Hirsch377","3","4","7"
"hiryrg","4","3","7"
"hispano1969","1","6","7"
"Hissaria15","3","4","7"
"Hjklmnop","1","6","7"
"HKRuwan","4","3","7"
"Hlebo","3","4","7"
"hleeqawi","4","3","7"
"hlm32","3","4","7"
"Hlop-stop","3","4","7"
"hls1983","3","4","7"
"HLuot","3","4","7"
"hniksima","3","4","7"
"Hoang_Jr-2k8","3","4","7"
"HoangDieuAnh","3","4","7"
"hobbit6600","5","2","7"
"HOHAG45","4","3","7"
"hojjat4borj","3","4","7"
"hokkaci82","3","4","7"
"HollywoodKnights","5","2","7"
"HOMAYUN14","4","3","7"
"HoneyBBadger","4","3","7"
"Hoodoh","4","3","7"
"hopskipnfall","3","4","7"
"HoracioLuis","3","4","7"
"hordiiodessa","4","3","7"
"hornypoppy","4","3","7"
"hosain8826","4","3","7"
"HoseinBarikani1986","3","4","7"
"Hosman7","4","3","7"
"Hossam_MU","3","4","7"
"Hossammansy","3","4","7"
"hossein13566","4","3","7"
"Hossein7777777","4","3","7"
"hosseinabbasi48","4","3","7"
"hosseinzadehahmad77","3","4","7"
"hostilicwheel07","3","4","7"
"Hou_yi_juan","3","4","7"
"Hourhouba","3","4","7"
"hovanminh05","3","4","7"
"hovarkhilan","4","3","7"
"how_do_i_win","4","3","7"
"HowardCooper3","3","4","7"
"Howtoplaychess12345","4","3","7"
"hpoli2000","3","4","7"
"Hqrun","3","4","7"
"Hrach1949","4","3","7"
"Hrnayak03","3","4","7"
"hrnrdmr35","3","4","7"
"htoutounchian","4","3","7"
"huarbis","3","4","7"
"HuFlungPoo","3","4","7"
"Hugo_der_Graue","3","4","7"
"hugo_mardukis","4","3","7"
"HugoCat","4","3","7"
"hugopot","4","3","7"
"HugoVex","3","4","7"
"huibersjc","3","4","7"
"hulk_Rosa","4","3","7"
"humblericci76","3","4","7"
"Hunter1298","4","3","7"
"Hunterxyz7","4","3","7"
"Hur14","5","2","7"
"Huseyingazi5858","3","4","7"
"Huseyn0211","4","3","7"
"Huseyn1412","3","4","7"
"HuskerPower","2","5","7"
"HusseinHasan","5","2","7"
"huxi","3","4","7"
"huynhle","4","3","7"
"HValoisv","3","4","7"
"Hy321","5","2","7"
"hydra1988","3","4","7"
"HyperbolicTimeChambr","4","3","7"
"hyshys","4","3","7"
"i_am_feh","4","3","7"
"I_Eat_Chess","3","4","7"
"i_Hate_Win","4","3","7"
"I_human_I","3","4","7"
"I_listen_to_music","4","3","7"
"i_love_big_chessts","4","3","7"
"I_Love_Despair","3","4","7"
"I-AM-CHINA-PERSON","4","3","7"
"i97glassesnorwegian","4","3","7"
"iamdogatchess","4","3","7"
"Iamtoogud","4","3","7"
"Iamvenkatesh","3","4","7"
"IBEATLEWIS","3","4","7"
"ibileclout","4","3","7"
"ibraheem99","3","4","7"
"ibrahim_mo","3","4","7"
"ibrahim14","4","3","7"
"Ibraimo","4","3","7"
"ibraqin","4","3","7"
"ibrayks","3","4","7"
"Ibsaleh","3","4","7"
"icalcay","3","4","7"
"Icardi-bjksatranc","3","4","7"
"icecoob","4","3","7"
"Iceman_1522","4","3","7"
"IceTong","4","3","7"
"ichbincans","3","4","7"
"IchSpieleMit_68717","3","4","7"
"Idicarju","4","3","7"
"idoma","3","4","7"
"idsev2ied","2","5","7"
"IECNHBR","4","3","7"
"ifirst","3","4","7"
"ifty005","3","4","7"
"IfYouSayS0","3","4","7"
"igbil","4","3","7"
"Igi_K","4","3","7"
"igik-777","3","4","7"
"IGomez9994","3","4","7"
"Igor_Tal","4","3","7"
"igor-iii","4","3","7"
"igor1970","4","3","7"
"Igor270372","3","4","7"
"igor302012","3","4","7"
"igor4chess","3","4","7"
"igor5918","3","4","7"
"IgorD_2014","3","4","7"
"igorrr63","4","3","7"
"Igorrrrr123456789000","3","4","7"
"igubochkin","3","4","7"
"igvasilev","4","3","7"
"Ihabgad85","3","4","7"
"ihamidali","3","4","7"
"ihsns201","3","4","7"
"iic04940","2","5","7"
"III_ARES_III","4","3","7"
"iiNgm7","3","4","7"
"Ikhona","3","4","7"
"Ikocmuk","4","3","7"
"iktitaf","3","4","7"
"il_MA3STRO","3","4","7"
"Ila11-124","3","4","7"
"ilansegal","3","4","7"
"Ildar_Kasimov","4","3","7"
"Ilia-seven-years","3","4","7"
"iliaabasii","4","3","7"
"iliya_vakili92","3","4","7"
"Ille78","4","3","7"
"IllyMuromez","3","4","7"
"ILMudalige","4","3","7"
"ilovetheblacksea","5","2","7"
"Ilya20202","3","4","7"
"ilyaabashkin","2","5","7"
"IlyaAbaza","3","4","7"
"ilyario","4","3","7"
"IlyaSamsonov","5","2","7"
"imade_6ft4","4","3","7"
"Imagodlmao","4","3","7"
"Imahorribleplayer","4","3","7"
"iman2025","3","4","7"
"imanelrs","3","4","7"
"iMar11","3","4","7"
"imatge7","2","5","7"
"imhere4chess20","3","4","7"
"Immiladj","3","4","7"
"Implayerjustfor2000e","3","4","7"
"Imposter4022","5","2","7"
"imran2200","3","4","7"
"Imrus","3","4","7"
"IndAsh","3","4","7"
"Indi241","3","4","7"
"Indianchess01","3","4","7"
"IndiGo_T","4","3","7"
"indirakumar25799","3","4","7"
"Indole1","3","4","7"
"ines-apa","6","1","7"
"infirit","4","3","7"
"ingrd","4","3","7"
"Iniemaboy","3","4","7"
"INK-CREDIBLE","4","3","7"
"innerpeace451","3","4","7"
"innokentij","3","4","7"
"Innuqueen","4","3","7"
"inot","5","2","7"
"inspecgadg7","5","2","7"
"InTeXa321","3","4","7"
"inthesomeday","4","3","7"
"Invincible_Queen","3","4","7"
"Invisible_Eye","4","3","7"
"io11","3","4","7"
"ionel2608","3","4","7"
"iourique","4","3","7"
"iphanni","4","3","7"
"ipol97","4","3","7"
"iranramos","3","4","7"
"irazich","4","3","7"
"IRFANUNCLE","4","3","7"
"iridescent_VN","3","4","7"
"Irina_sok","2","5","7"
"IrinaFrol","3","4","7"
"Irituiatan","4","3","7"
"irkcilikyapmayinolm","4","3","7"
"iRocke","5","2","7"
"IroncladUnicorn","4","3","7"
"Ironman740","4","3","7"
"ironmaster9","4","3","7"
"irpan22","4","3","7"
"irushyou974","3","4","7"
"isa63isa","4","3","7"
"Isaac_Bejarano_Villa","3","4","7"
"Isaac_IMZ","3","4","7"
"Isaac2016","6","1","7"
"isaaceinstien","4","3","7"
"Isaacov","3","4","7"
"IsaakO","3","4","7"
"IsaGOR","4","3","7"
"isaiah-999RUS","3","4","7"
"isaidyow","3","4","7"
"isdenderli","4","3","7"
"Ishak_2015","3","4","7"
"Isidore506","4","3","7"
"isiskov1943","4","3","7"
"Iskander4ik","4","3","7"
"iskender-xvyz","3","4","7"
"Islam88888","3","4","7"
"Islom-Yahyoev","3","4","7"
"ismaelal","3","4","7"
"Ismaelloayza","4","3","7"
"Ismail_higazi","4","3","7"
"Ismail942","2","5","7"
"ISMI7093","4","3","7"
"issam-mecano","4","3","7"
"itsinenko","4","3","7"
"itsmesunj","3","4","7"
"itsnotm3","4","3","7"
"itsYoungWerther","4","3","7"
"Itworksinmymachine","4","3","7"
"IvahnenkoVladimir","5","2","7"
"Ivan_Savchuk-99","3","4","7"
"Ivan_zakryt228pro","3","4","7"
"Ivan20102010","4","3","7"
"Ivan265","2","5","7"
"Ivan2887","3","4","7"
"IvanBi","4","3","7"
"IvanGennadich","4","3","7"
"IvanGR_2012","3","4","7"
"ivanjambor","4","3","7"
"IvanMihailov","4","3","7"
"ivanovildm","3","4","7"
"IvanSamofalov","4","3","7"
"Ivantar1917","2","5","7"
"Ivanyshka02","3","4","7"
"Ivashka_81","3","4","7"
"iviam","2","5","7"
"ivkoni19","3","4","7"
"ivohristov","3","4","7"
"Iwilldestroypaul","4","3","7"
"Iwillnotreplyonchat","4","3","7"
"iyaptamil","5","2","7"
"izie26","4","3","7"
"Izuminha","3","4","7"
"j-oules","4","3","7"
"J0M0N3Y","4","3","7"
"j157","4","3","7"
"Jaanet","3","4","7"
"jabaj69","4","3","7"
"jacektop","4","3","7"
"Jack7777","3","4","7"
"jackattack75","5","2","7"
"jackbumgunn","4","3","7"
"jackiemoon_74","3","4","7"
"Jackkob","5","2","7"
"JackRoacher","3","4","7"
"jackson471","4","3","7"
"Jacob_Rees_Mogg","4","3","7"
"Jacosan9","3","4","7"
"jaderalves","3","4","7"
"JAF57","3","4","7"
"jafar5050","4","3","7"
"jahanPantin","4","3","7"
"JahnnyMania","4","3","7"
"Jahquibe","3","4","7"
"jaime2525","3","4","7"
"JaiOruganti","4","3","7"
"jaja11079","3","4","7"
"Jake1782","2","5","7"
"jakernfoiwvnfdk","1","6","7"
"jakey_001","3","4","7"
"jakobfroemberg","3","4","7"
"JAKOPTINA","4","3","7"
"jalal_m1212","3","4","7"
"jalal1350","3","4","7"
"jalilivash1990","3","4","7"
"jalsh","4","3","7"
"Jamal-Malik","4","3","7"
"jamches","3","4","7"
"james_mpondo","3","4","7"
"Jamespaull1993","4","3","7"
"jamlo64","3","4","7"
"jamous_yazan","2","5","7"
"jamshidabdollapour","4","3","7"
"janavi2010","4","3","7"
"janderclandr","4","3","7"
"janekh","4","3","7"
"janganpernahmenyerah","4","3","7"
"janjusevic32","3","4","7"
"Jano0262","4","3","7"
"JanTimman1234","3","4","7"
"JanTimmman","4","3","7"
"JapaPironi","3","4","7"
"japazny","4","3","7"
"jaquechessy","4","3","7"
"jarekgruba","3","4","7"
"jargalsaikhan8660","2","5","7"
"jarmil","4","3","7"
"Jason_Argo","2","5","7"
"Jatimrabei","5","2","7"
"javi_navarro94","3","4","7"
"Javier_VS","4","3","7"
"Javifigueroa","3","4","7"
"javpalmur","4","3","7"
"Jawadobaidi","3","4","7"
"Jawarnehgaming","4","3","7"
"Jay_Jay_10","4","3","7"
"jay_lukas","3","4","7"
"Jay1951","4","3","7"
"JaydenMikhail","3","4","7"
"JAYFAKER","4","3","7"
"jayjay001","4","3","7"
"Jazupa","4","3","7"
"jb90chess","3","4","7"
"jbe34","2","5","7"
"JBfanclub","3","4","7"
"Jbuenafe24","4","3","7"
"Jccalvert7","2","5","7"
"jcferragem","3","4","7"
"jclive3","4","3","7"
"Jcr46","3","4","7"
"Jcrachess200","4","3","7"
"jcvm","3","4","7"
"Jd1955","3","4","7"
"jdog6453","3","4","7"
"jdom78","4","3","7"
"Jean-sans-peur","4","3","7"
"Jean0001","4","3","7"
"jeanpaulatorre","4","3","7"
"JeBadura","3","4","7"
"jebski","4","3","7"
"Jeco317","3","4","7"
"JeisonAlves","3","4","7"
"jekob","4","3","7"
"Jekson2015","3","4","7"
"jelaZG","3","4","7"
"jelena_shine","4","3","7"
"Jemvoyager","4","3","7"
"jenab838","3","4","7"
"Jenda1505","3","4","7"
"jenisbek1","3","4","7"
"jenjulan","4","3","7"
"JensenSystems23","4","3","7"
"JeremieMugar","4","3","7"
"Jeremyht","4","3","7"
"jeremyjimmy","4","3","7"
"jermynKnight","3","4","7"
"Jerobi","2","5","7"
"Jerotijevic","2","5","7"
"Jesber","2","5","7"
"jesferTH","3","4","7"
"jessejonathan133","3","4","7"
"JesseNunesStoll","4","3","7"
"Jessmerio_24","4","3","7"
"jesus_adrian","3","4","7"
"jesusmz3","4","3","7"
"jesusrogelioporto_1","3","4","7"
"Jetsenau","3","4","7"
"jewel51","4","3","7"
"jfavita","3","4","7"
"jfett","3","4","7"
"jfmarques","3","4","7"
"jgiulianetti","3","4","7"
"jgjpm","4","3","7"
"jhadalase","3","4","7"
"jhasan","2","5","7"
"jhasparr","3","4","7"
"Jheriks","4","3","7"
"Jhonfredyhnd856","4","3","7"
"Jhonn_Mh","4","3","7"
"Jhpach","3","4","7"
"jhuncabs1230","4","3","7"
"jhy0105","3","4","7"
"jiahao666","4","3","7"
"JiaJun-lee","4","3","7"
"Jiaspi","3","4","7"
"jij1970","3","4","7"
"jijiij87","2","5","7"
"jijogayathry","3","4","7"
"Jim_Clock","4","3","7"
"jimfrost2000","4","3","7"
"JiMiASjUnIoR","5","2","7"
"jiminycricket111","3","4","7"
"jimmy_garcia","4","3","7"
"jindraalex10","3","4","7"
"Jinisha2014","3","4","7"
"jipsi400","3","4","7"
"JIRKA7","4","3","7"
"jirkageorg","4","3","7"
"Jitsu1535","4","3","7"
"jiya_2031","4","3","7"
"jiya13722196055","4","3","7"
"Jizzzi","4","3","7"
"JJBaker","3","4","7"
"jjdtheking","4","3","7"
"JJFLASH101","5","2","7"
"jjj-69","3","4","7"
"jjr48","5","2","7"
"jkdhoo","3","4","7"
"jlba","1","6","7"
"JLEnamorado","2","5","7"
"Jlexa_Fil","3","4","7"
"JLF19RI","4","3","7"
"Jma21","4","3","7"
"JMBA","3","4","7"
"jmf85","3","4","7"
"Jmmorac153","3","4","7"
"JmTwins","3","4","7"
"JmWamba","5","2","7"
"Jo-Mitch","3","4","7"
"joao35","3","4","7"
"joaonetinhou","3","4","7"
"joaoting","3","4","7"
"JoaquinTebar","3","4","7"
"jocampz","4","3","7"
"joe_blaek","4","3","7"
"joe52","4","3","7"
"JoeBigg","2","5","7"
"JoeIceberg","4","3","7"
"Joel_hongo_Alcarde","4","3","7"
"joelmatthews4","4","3","7"
"Joenado","4","3","7"
"joesbest","2","5","7"
"jogananda","4","3","7"
"Johanna-s-checkmate","4","3","7"
"Johannes0510","3","4","7"
"johawking","3","4","7"
"johna101","3","4","7"
"JohnAnthonySolisa_05","3","4","7"
"JohnBagalawis","3","4","7"
"JohnGnom","4","3","7"
"JOHNMAHWAI","3","4","7"
"johnnajpacifico","3","4","7"
"Johnny_Guitar","3","4","7"
"JohnnyHammers","3","4","7"
"johnnypman341","3","4","7"
"Johnpaulbenedickatim","3","4","7"
"Johnsinclair","3","4","7"
"johnthunder","4","3","7"
"Joikarl","3","4","7"
"jokerast","5","2","7"
"JoKKeR","3","4","7"
"jokoltempur87","4","3","7"
"jon1969","2","5","7"
"jonathan_ae","3","4","7"
"Jonathan_Gough","2","5","7"
"JonathanGuerrero","4","3","7"
"JonathanRMendes","3","4","7"
"JonferGG","4","3","7"
"jonium","4","3","7"
"jonny_die_biene","4","3","7"
"jonsals","3","4","7"
"jonypagaza2023","5","2","7"
"Joopiter","3","4","7"
"jorgelromero","3","4","7"
"jorgerarraiz","3","4","7"
"JorgitoCuba","4","3","7"
"JORIEL501","4","3","7"
"Joro83","4","3","7"
"jorskiy","3","4","7"
"joruscz","4","3","7"
"JorW123","5","2","7"
"Jose_Ayala_13","4","3","7"
"Jose20120097","3","4","7"
"joseaguicoca","3","4","7"
"josecafe","4","3","7"
"Josecarperez08","4","3","7"
"JosELO99","3","4","7"
"josemedina3189","3","4","7"
"josemhp92","4","3","7"
"josetta","4","3","7"
"joshiedgar","3","4","7"
"Joshua_R_Justiniano","4","3","7"
"Joshuaoveth","3","4","7"
"Josip60","5","2","7"
"Josito332","4","3","7"
"Jossdiego16","4","3","7"
"josue2525","4","3","7"
"Jotake","5","2","7"
"jowellGonzales","3","4","7"
"jpchel","4","3","7"
"JPENAS","4","3","7"
"JpMariscal","5","2","7"
"jra55","5","2","7"
"JReis6","4","3","7"
"jrnt95660","4","3","7"
"Jroz","3","4","7"
"jrso61","5","2","7"
"jrsweet","3","4","7"
"JRVillines","3","4","7"
"jselcano","4","3","7"
"jstoltz","5","2","7"
"Jtagj","3","4","7"
"Ju11y0","4","3","7"
"Juan_Carlos_03","3","4","7"
"Juan_hood234","3","4","7"
"Juancon","4","3","7"
"Juanfebles","4","3","7"
"JuanMiron","4","3","7"
"jubomfim","4","3","7"
"JUDD4RNAUT","4","3","7"
"judoka22","4","3","7"
"juegoajederez","4","3","7"
"JuergenMilski","4","3","7"
"JugadorXX","4","3","7"
"jukamsn","4","3","7"
"julesvandendriessche","3","4","7"
"julien11","2","5","7"
"JulioCod","5","2","7"
"juliomej13","4","3","7"
"julius1704","4","3","7"
"juliusBr","4","3","7"
"JuliusCesar123","3","4","7"
"juliusfusinato","3","4","7"
"Junior-de","3","4","7"
"Jurasssik","4","3","7"
"jurinjak","3","4","7"
"JUSEME","3","4","7"
"juspher","3","4","7"
"just_maksim","4","3","7"
"jutocsa","5","2","7"
"JuVaBien","3","4","7"
"Juwwi","3","4","7"
"Juzwa","3","4","7"
"jVersace","3","4","7"
"JVLU","3","4","7"
"K1NRICH","4","3","7"
"k4rl1k","3","4","7"
"ka_lito","3","4","7"
"kaankb","3","4","7"
"KaanToprak2e","2","5","7"
"kabanoid","4","3","7"
"kacper8124","4","3","7"
"KadirHanKarakasoglu","4","3","7"
"kaganbuldan1","4","3","7"
"kagiiso1","4","3","7"
"Kai_Vier_plus_Eins","3","4","7"
"kaidi","3","4","7"
"Kaifi","3","4","7"
"kaila470","4","3","7"
"Kailashqw","4","3","7"
"KAIPIRA","3","4","7"
"Kaizanoluna","3","4","7"
"KaiZen_uy","4","3","7"
"kaj21","4","3","7"
"kalati2022","4","3","7"
"Kalistrat58","3","4","7"
"Kalpesh_Jornang","3","4","7"
"kalshisback","3","4","7"
"KamaLegend","5","2","7"
"kamalendu4444","3","4","7"
"Kambar070","3","4","7"
"KAMCHA_10","4","3","7"
"KamilJamil","3","4","7"
"KamilStrzyzewski","3","4","7"
"Kammikazee","4","3","7"
"kamransm617","4","3","7"
"Kamron3007","3","4","7"
"kandarpsitwala","4","3","7"
"Kantorikpavel","3","4","7"
"Kanykei","3","4","7"
"kaone88","3","4","7"
"Kaosj112","3","4","7"
"kapi-kapi","4","3","7"
"KARADEDE10","3","4","7"
"karakale443","4","3","7"
"karan_bisht_1","3","4","7"
"karanluniya","5","2","7"
"karavidas","4","3","7"
"Kareem126","4","3","7"
"Kargo008","3","4","7"
"karimelshimii","4","3","7"
"karitasi","4","3","7"
"Karl-B_1987","3","4","7"
"Karlchess2007","3","4","7"
"karlheinzjupp","3","4","7"
"karlknepp","5","2","7"
"Karlos_aam","3","4","7"
"KarlosUfa","3","4","7"
"KarlukHan1283","4","3","7"
"KarmaGyurme","3","4","7"
"karokan4ik","5","2","7"
"karoten","3","4","7"
"Karpiky","3","4","7"
"karthikM94","3","4","7"
"Karunaka","4","3","7"
"KarurosuM","3","4","7"
"Karva","4","3","7"
"karwacki69","4","3","7"
"karzay","4","3","7"
"kasa4ok86","3","4","7"
"Kasem777","3","4","7"
"Kasimiro45","4","3","7"
"kasparjan","3","4","7"
"kaspel","3","4","7"
"Kataanya","3","4","7"
"katatue","3","4","7"
"katbal","3","4","7"
"Kathmanduuu","4","3","7"
"KATRINA4ka","3","4","7"
"katsefronima","5","2","7"
"katuba","4","3","7"
"Kaus073","4","3","7"
"KavehSasani","4","3","7"
"Kaviota","3","4","7"
"Kawaii_08011993","4","3","7"
"kawshikass","3","4","7"
"kayaburak1453","4","3","7"
"KayArton","3","4","7"
"kayfaTobeaAcademy","4","3","7"
"kazekgp","3","4","7"
"Kazikos","2","5","7"
"Kb70","4","3","7"
"kbisson","4","3","7"
"kblaauw","4","3","7"
"kbp789","4","3","7"
"Kbuck28","4","3","7"
"kburzh","4","3","7"
"kdocanto","3","4","7"
"kdv2379","3","4","7"
"Kebabas2006","2","5","7"
"keBrM","3","4","7"
"keed31","3","4","7"
"Keerthi_2","4","3","7"
"keke59229","4","3","7"
"kelz3177","4","3","7"
"kenanmamed1974","4","3","7"
"kengji45","3","4","7"
"Kennethzy","3","4","7"
"kennyharuka","4","3","7"
"Kenpatchii","4","3","7"
"kenworth900","3","4","7"
"KENZHEBEK","4","3","7"
"Kenzohaniel","3","4","7"
"kepazachess","4","3","7"
"keramikatiles","3","4","7"
"kerespaul","3","4","7"
"kerration","3","4","7"
"keshoo225","3","4","7"
"kev_lev","4","3","7"
"KevinWeinberg","4","3","7"
"kevork","3","4","7"
"KevorkNersessian","4","3","7"
"Keytlyn","3","4","7"
"KG_Nurbek","4","3","7"
"Kh-47M2","3","4","7"
"Khabaro","3","4","7"
"khaberdey","3","4","7"
"KhachikGrigoryan","3","4","7"
"khakan","3","4","7"
"khaled176","2","5","7"
"khalil131","3","4","7"
"Kharkowskiy","3","4","7"
"khashayar_shn","3","4","7"
"Khazem22","3","4","7"
"Khmer804","4","3","7"
"khoosyhwa","3","4","7"
"khrymaa","4","3","7"
"KhusainovID","3","4","7"
"Ki212","3","4","7"
"kian148","2","5","7"
"Kiangkia","4","3","7"
"Kichess_sa","4","3","7"
"Kidscoach","4","3","7"
"KielHyreD","5","2","7"
"KieronDotson","3","4","7"
"kietqs2013","1","6","7"
"Kikillu03","3","4","7"
"kikohinojosa63","4","3","7"
"Kikuchio","4","3","7"
"kilroy_washere","4","3","7"
"Kim_Ndiema","4","3","7"
"kimaya780","3","4","7"
"kimdongmin","2","5","7"
"kimi19","4","3","7"
"kimo_2008","3","4","7"
"kin_ru","4","3","7"
"KingChasa","5","2","7"
"KingCoffee777","4","3","7"
"Kingdom0o0","5","2","7"
"KingDreC","4","3","7"
"KingHunterXHunter","4","3","7"
"Kingjackw","4","3","7"
"Kingknight100","3","4","7"
"kinglerth65","3","4","7"
"KingNick4704","4","3","7"
"Kingoffhead","4","3","7"
"KingPinDavie","4","3","7"
"kingpinz","3","4","7"
"KingRichardSwinger","3","4","7"
"kings_banter","4","3","7"
"kings-Gaambit","3","4","7"
"Kingsea","4","3","7"
"kingshuksanyal","4","3","7"
"kingslayer93","3","4","7"
"kingsto","3","4","7"
"KINGXLW","3","4","7"
"KIPERTOU21","4","3","7"
"KIR_82","3","4","7"
"kire1234","4","3","7"
"Kirill_Makeev","4","3","7"
"Kirill_T","4","3","7"
"Kirillsanovich","4","3","7"
"KirillVolkanov","3","4","7"
"KIRITO_15","3","4","7"
"KiryBa","4","3","7"
"Kishothan16","4","3","7"
"kisikvani","4","3","7"
"kitf","2","5","7"
"KittenJoy","4","3","7"
"kittora","3","4","7"
"kittypurry","4","3","7"
"kiuBicho","3","4","7"
"kivooo","3","4","7"
"Kizaru7","4","3","7"
"kjkai","3","4","7"
"KKC_Arly115","4","3","7"
"KKrishnanunni","3","4","7"
"Kkyalo001","5","2","7"
"klamenkoff","3","4","7"
"klasparovmango","4","3","7"
"Klaymond001","4","3","7"
"kleberAzevedo","3","4","7"
"kleeburger","4","3","7"
"Kleedzuha","3","4","7"
"klio13","4","3","7"
"Kljuse1989","3","4","7"
"klohay","4","3","7"
"KlopotovskyiKostya","4","3","7"
"KMSchlacky","3","4","7"
"Kmv48770","5","2","7"
"Knight_frost","3","4","7"
"knight1427","4","3","7"
"Knightfearing","3","4","7"
"Knightsaredangerous","3","4","7"
"Knightstalker67","2","5","7"
"KnightTsr","3","4","7"
"knkkbyenildin","3","4","7"
"knowerr","2","5","7"
"Knukem","4","3","7"
"kobon","3","4","7"
"kocavezir","3","4","7"
"koceto_nesebar","4","3","7"
"Koctr666","4","3","7"
"KoelnerJAlex","4","3","7"
"koerner16","4","3","7"
"KojicBojan","4","3","7"
"KokotLokot","3","4","7"
"KolSil21","3","4","7"
"Koltypin","3","4","7"
"komeilghorbani93","4","3","7"
"kominet","2","5","7"
"Kompotzhoven","4","3","7"
"KoNayThu","2","5","7"
"Kong_Oscar_2005","4","3","7"
"KonstantinPeters","3","4","7"
"kontix90","3","4","7"
"kooov","3","4","7"
"koppala","4","3","7"
"korapica6677","3","4","7"
"Korombo01","3","4","7"
"Korotron","3","4","7"
"koryun2020","3","4","7"
"kosta_nutx","3","4","7"
"Kosta-lap","3","4","7"
"Kostas_Paps","4","3","7"
"kostinki","4","3","7"
"kot_sosiska","2","5","7"
"koti_10","3","4","7"
"Kotslava","4","3","7"
"Kovaszi","3","4","7"
"kovic99","3","4","7"
"Kozerog15","3","4","7"
"Kozgan","4","3","7"
"koziolek321","3","4","7"
"KpemOTBcero163","4","3","7"
"kraatti","3","4","7"
"KrajnIsh","3","4","7"
"kral-sah","4","3","7"
"kram2017","3","4","7"
"kranthikumar1505","4","3","7"
"krausehias","4","3","7"
"kreulpion","3","4","7"
"krish292015","3","4","7"
"krishna2255","3","4","7"
"krishnahot","3","4","7"
"krishwins","4","3","7"
"KristinaS2013","4","3","7"
"Krixxx111","3","4","7"
"Kroko_Man","3","4","7"
"krokodil20-02","3","4","7"
"Krubble","4","3","7"
"kruglovboris","3","4","7"
"KRUNAL_RATHOD","4","3","7"
"KrunoZGB","3","4","7"
"krupy","3","4","7"
"krychu8525","3","4","7"
"Krzys766","3","4","7"
"kschessfbook","3","4","7"
"ksiendzu77","4","3","7"
"ksn00020","4","3","7"
"ksr_345","4","3","7"
"Ksuj_25CM","3","4","7"
"ksyusha90","3","4","7"
"Kubiiccek","3","4","7"
"kucerenkoroman","3","4","7"
"KUKENA","3","4","7"
"Kuma_03","3","4","7"
"kuna_b","3","4","7"
"kunalkumar1","3","4","7"
"KunfuPanda12345","3","4","7"
"kunshmaster","3","4","7"
"Kupsbharathi","4","3","7"
"Kurasov87","4","3","7"
"Kurdokonig","4","3","7"
"kurkarte","4","3","7"
"kurtulus14","3","4","7"
"kuryCachimuel","4","3","7"
"kusemat","3","4","7"
"kush518","3","4","7"
"kusik28","3","4","7"
"Kussko1999","3","4","7"
"kutay355","3","4","7"
"kutaybay","3","4","7"
"kutrang15554","3","4","7"
"kuxkulin","3","4","7"
"KUZgun46","3","4","7"
"kuzmin_victor","4","3","7"
"kv1q","3","4","7"
"kvartagent","3","4","7"
"Kvosough","4","3","7"
"kvv_1978","4","3","7"
"KVV55","3","4","7"
"kwib","4","3","7"
"kylepensa","4","3","7"
"KYOUGENMAWASHI","4","3","7"
"kyvinh","4","3","7"
"KZAKNES","3","4","7"
"kzmasterfoo","3","4","7"
"l_Ameliorate_l","4","3","7"
"L_o_s_s","2","5","7"
"l3ruj0","3","4","7"
"L4r4crof7","5","2","7"
"La_Mantin","4","3","7"
"la4","4","3","7"
"Labibe","4","3","7"
"labradorbadi","3","4","7"
"Lacastl","4","3","7"
"lady-rottweiler","3","4","7"
"lahcene","2","5","7"
"LaidbackStrat","3","4","7"
"Lain1980","3","4","7"
"Laithwared","4","3","7"
"Lakshay_Beri","4","3","7"
"lala2023","3","4","7"
"LALAJIABHISHEK","3","4","7"
"laleh2022","3","4","7"
"lalomoralesb","3","4","7"
"lama_maksim","2","5","7"
"lamagouille-1953","4","3","7"
"Lambada_joker","5","2","7"
"lamragi","3","4","7"
"lancelot_of","4","3","7"
"laolmboleolmaz","3","4","7"
"Lappi4711","4","3","7"
"laraibraza","4","3","7"
"larinik","2","5","7"
"larissajeniffer2657","3","4","7"
"larrydalebill","4","3","7"
"Larrythecabledude","3","4","7"
"Lars100","4","3","7"
"laru876543","3","4","7"
"lasheen63","4","3","7"
"lasker201910","4","3","7"
"laskermigel","3","4","7"
"LASVEGOS1977","3","4","7"
"latif-n","2","5","7"
"Latiniculus","4","3","7"
"latourdegarde","3","4","7"
"Latvian1968","3","4","7"
"Lauci","3","4","7"
"Laura-Sharon123","3","4","7"
"LavishKarnwal08","3","4","7"
"lawriec1","4","3","7"
"lawyerkoo","4","3","7"
"Layne04","2","5","7"
"LazutinMax","4","3","7"
"lbrahim85","4","3","7"
"LCWhiteArch","4","3","7"
"Lds2605","5","2","7"
"Leardo_Ruggenenti","3","4","7"
"lebonobo","4","3","7"
"lecorridor19","3","4","7"
"Ledermr","3","4","7"
"LediSakura","3","4","7"
"lediscret","3","4","7"
"LedMonitor","4","3","7"
"Lee123456789","4","3","7"
"LeElena","2","5","7"
"Left","3","4","7"
"leftchess","3","4","7"
"LegadoDeFischer","3","4","7"
"legalmat","3","4","7"
"legendarymemer01","3","4","7"
"LEGO2012","4","3","7"
"legrand01","4","3","7"
"Leila442553","3","4","7"
"Leirix","4","3","7"
"Leiz1032","3","4","7"
"Lekavicius91","4","3","7"
"Lele2022","3","4","7"
"lelouch_m","3","4","7"
"lemagesensei","3","4","7"
"Lemonlama1","4","3","7"
"lena1221","3","4","7"
"lenchy","3","4","7"
"LennartGam","4","3","7"
"lennon79","3","4","7"
"lenprobert","3","4","7"
"LenyaGradus","4","3","7"
"Leo11Pard","4","3","7"
"leo1997","3","4","7"
"Leo5995km7","3","4","7"
"LeoDaVinci44","4","3","7"
"Leolayon","3","4","7"
"leomarce","5","2","7"
"Leon_Ahmarov14","3","4","7"
"leonabo","4","3","7"
"leondereforma","5","2","7"
"LeonelLegends","3","4","7"
"LeonGreco","3","4","7"
"Leonid_Kn","3","4","7"
"leonid_pro777","4","3","7"
"Leonid79","4","3","7"
"Leonidas33333","3","4","7"
"LeonLeo","4","3","7"
"leonluis9","3","4","7"
"leopold4","2","5","7"
"LEOVIXILGO","4","3","7"
"lepay24","3","4","7"
"leroquentin","4","3","7"
"Leroy_778","3","4","7"
"LesaSahista","3","4","7"
"lesnouelles","3","4","7"
"lestersmith77","3","4","7"
"lesytuanhai2012VTS","4","3","7"
"letmepicyou","3","4","7"
"Lev_Polyakov","4","3","7"
"Levent69","4","3","7"
"Levente_TPV","3","4","7"
"LeventNamdar1435","3","4","7"
"Levi_19","4","3","7"
"Leviackreman","3","4","7"
"levip1990","3","4","7"
"LeviSpyMega","3","4","7"
"levonhovhannisyan","4","3","7"
"lex71","3","4","7"
"Lexaone","4","3","7"
"Lexiusrien","3","4","7"
"Lexpert","4","3","7"
"LEZAC","4","3","7"
"LF-FFB","5","2","7"
"lfkabfodicbwf","2","5","7"
"liam235","4","3","7"
"LIAMKAIT","4","3","7"
"Liath1612","4","3","7"
"Libellule_Mdg","4","3","7"
"Lider100","3","4","7"
"lierse","2","5","7"
"liesajiii","3","4","7"
"Liet39","3","4","7"
"LIFABY","3","4","7"
"ligurematto","3","4","7"
"LiIlya_1","3","4","7"
"lilith98","4","3","7"
"LilRaZzleDazZle27","3","4","7"
"lilsus722","4","3","7"
"Limanda","4","3","7"
"Limo5","4","3","7"
"Limondead666","4","3","7"
"LincolnWhite","4","3","7"
"Linson_K_P-2020","4","3","7"
"linusfberg","4","3","7"
"Linxroux","5","2","7"
"lion_sta","3","4","7"
"Lion67","3","4","7"
"lionixsoftware","4","3","7"
"LionStrike","4","3","7"
"LIPKER","4","3","7"
"LITANMALAKERNELOY","4","3","7"
"Lithuania2","4","3","7"
"littleboy07","3","4","7"
"littlechamp123","4","3","7"
"LittleCharlotte44","3","4","7"
"Littlesuldier","3","4","7"
"Lituva","4","3","7"
"Livaus2015","3","4","7"
"liveandletmate","2","5","7"
"Livejo","3","4","7"
"lizaserbak15","3","4","7"
"Ljurin","3","4","7"
"ll_OMI_ll","3","4","7"
"llo6eDa56","4","3","7"
"lmpvaila","2","5","7"
"LocatelliMichele","4","3","7"
"Lock-in","3","4","7"
"lodon75","4","3","7"
"Lodyga13","3","4","7"
"lodza","4","3","7"
"logarithmic_raid","2","5","7"
"Logic362","3","4","7"
"LogicalRomantic","4","3","7"
"logikusak","2","5","7"
"LogPun","4","3","7"
"Lohozavrik","2","5","7"
"LokisCharredFace","4","3","7"
"Loko1977","4","3","7"
"lolimdii","4","3","7"
"Loloba","2","5","7"
"lolomue","5","2","7"
"loloruci","4","3","7"
"LoloTZ06700","4","3","7"
"lom11-50","4","3","7"
"Londeka_Anitta","3","4","7"
"Lone_Wolf_01","3","4","7"
"Loori95","4","3","7"
"Lopeorsanchez","4","3","7"
"lopy2508","3","4","7"
"Lord_Phil5","3","4","7"
"Lord-J_01","4","3","7"
"LordOfTeeth","4","3","7"
"lordviktor911","4","3","7"
"lorent_gonzalesse","4","3","7"
"lorienh","4","3","7"
"lorrylorry","3","4","7"
"LosPersos","3","4","7"
"LostMoudii","3","4","7"
"Lotyshev1973","4","3","7"
"LoucoFinlanddeiso","3","4","7"
"Loulougarou","3","4","7"
"Lovebreaker","2","5","7"
"LoveNormanTernborg","3","4","7"
"LromArtes","4","3","7"
"LSA5A3-AMARO-MIA","3","4","7"
"luan_pm","4","3","7"
"Luancaushaj","4","3","7"
"lub_ver163","4","3","7"
"Luba25","3","4","7"
"lucalava","3","4","7"
"Lucas_1702","3","4","7"
"luceimp","3","4","7"
"Luciana_Macias_123","3","4","7"
"LuckyCent","3","4","7"
"luckykwwwwwwww","4","3","7"
"luckyshan","3","4","7"
"LuckyTal","5","2","7"
"Ludwig24","3","4","7"
"LudwigZhi","3","4","7"
"luh3417","3","4","7"
"Luis-Monaco-01","3","4","7"
"Luisanlostalas","5","2","7"
"Luisaru","2","5","7"
"LuisCadena789","3","4","7"
"luisj305","3","4","7"
"Luisoide80","2","5","7"
"Luissonson","3","4","7"
"LuisXIII79","4","3","7"
"luiyi07","4","3","7"
"Luiz113009","3","4","7"
"Luk999","3","4","7"
"lukass23","3","4","7"
"LukeYuLiu_2023","3","4","7"
"Lukoyanov_Vitaliy","4","3","7"
"Lukullus_6","4","3","7"
"lululamatraque","4","3","7"
"LuluTi","4","3","7"
"Lumpov","2","5","7"
"luoMajian","3","4","7"
"lupiana","4","3","7"
"LutfiBiyik","4","3","7"
"luzmar7","4","3","7"
"LuzziB83","4","3","7"
"LVIndia","4","3","7"
"LyandsonL","4","3","7"
"lyban416","4","3","7"
"Lyc00","4","3","7"
"lychaunguyenphuong","3","4","7"
"m_a_swify","4","3","7"
"M_AbdelAziz","3","4","7"
"M_Broomhilda","3","4","7"
"M_Elborollosy","4","3","7"
"M_eren_cerci","3","4","7"
"M_Essmat","3","4","7"
"m_heidarpour","3","4","7"
"M_Higa","4","3","7"
"m_ka","4","3","7"
"M_NSerg","3","4","7"
"m_uppet","3","4","7"
"M-borrr","4","3","7"
"M-r-sepehr","4","3","7"
"M0101010101","3","4","7"
"m09189852841","2","5","7"
"M0nseir","3","4","7"
"m0tley","3","4","7"
"m26gouda","4","3","7"
"M4dsk1lz","2","5","7"
"M77227755","4","3","7"
"MA7M00","4","3","7"
"maajius","3","4","7"
"MAAriKK","3","4","7"
"mab2525","3","4","7"
"Macedonio","4","3","7"
"MadanGodara","4","3","7"
"maddheshiya","3","4","7"
"maddy101","4","3","7"
"madhav_ccs","3","4","7"
"MadhavKumar11","4","3","7"
"madhavp_m","4","3","7"
"madhavpathak","5","2","7"
"madhini","4","3","7"
"Madisabyrzhan_12","3","4","7"
"madlymadhu","4","3","7"
"Madods","5","2","7"
"Madriid","3","4","7"
"maduckie","5","2","7"
"Mafias97","4","3","7"
"Magalon_2","4","3","7"
"magelan6060","4","3","7"
"Magenta86","4","3","7"
"maggus156","4","3","7"
"MagicAmy","4","3","7"
"magmag4me","4","3","7"
"magnato_chess","4","3","7"
"Magnificent_Creator","3","4","7"
"Magno-2","3","4","7"
"magnum_magnus_1234","3","4","7"
"Magnus_Carlsen193","4","3","7"
"Magnusficant","3","4","7"
"MagnutT_T","3","4","7"
"magojp","3","4","7"
"magomedkuli05","3","4","7"
"magotago","4","3","7"
"magut15","3","4","7"
"Mahadev15Vinayac","4","3","7"
"Mahamatjon","3","4","7"
"mahamed_mursal","4","3","7"
"Mahanbarzegar77","3","4","7"
"maharei12","4","3","7"
"mahdi_aban","4","3","7"
"mahdi1362nayebagha","4","3","7"
"Mahdimo111111","4","3","7"
"mahdir0080","4","3","7"
"mahensharma","4","3","7"
"maher2021","3","4","7"
"maheshkaranjkar","5","2","7"
"mahi_mate","2","5","7"
"Mahi_ve","3","4","7"
"mahir0841","4","3","7"
"mahmad281","3","4","7"
"mahmoodms","5","2","7"
"Mahmoud_abdallah_697","3","4","7"
"Mahmoudelhalaby","4","3","7"
"mahmoudiqraa2020","3","4","7"
"Mahmoudnassif989","3","4","7"
"mahmud1969","4","3","7"
"mahor121","5","2","7"
"MAHOZ","4","3","7"
"mahyar80","5","2","7"
"mahyarfakhim","3","4","7"
"Maiadaliali","3","4","7"
"Maiar1996","3","4","7"
"Maigert","4","3","7"
"MaiXuanQuang6GCG","3","4","7"
"majastentrup","3","4","7"
"Majdooo","4","3","7"
"majed_omarain","3","4","7"
"majid1403","4","3","7"
"Majid940","4","3","7"
"majidR","3","4","7"
"majids66","3","4","7"
"majidsoltani","3","4","7"
"majkl221","3","4","7"
"Makeev1992","4","3","7"
"MakhmudovaNastya2012","4","3","7"
"Makinist19569","4","3","7"
"Makiwot","4","3","7"
"Makonde","4","3","7"
"Maks21xx","3","4","7"
"Maks26","4","3","7"
"Maks27092015","4","3","7"
"maks4567891","3","4","7"
"Maksim_Tkachuk","2","5","7"
"MaksimDunaevV","3","4","7"
"Maksimka_s","3","4","7"
"Maksimus124","3","4","7"
"MaksimVX","3","4","7"
"makskorp","3","4","7"
"MaksMBW221","4","3","7"
"malavika_r","3","4","7"
"Malditopadre","4","3","7"
"malek4663","4","3","7"
"maleksaberi","4","3","7"
"Malen-Kihren","3","4","7"
"Malgara","4","3","7"
"Malhi2524","3","4","7"
"Malignance","3","4","7"
"Malik1955","3","4","7"
"Malik78","4","3","7"
"malikjajang","3","4","7"
"malikrimzan123","2","5","7"
"Malla_Monish_Naidu","3","4","7"
"malluchesslover","4","3","7"
"malte1337","3","4","7"
"maltebricht","3","4","7"
"malyschew","4","3","7"
"mam1madova","4","3","7"
"Mamajs","4","3","7"
"Mamikon56","2","5","7"
"mamont69","4","3","7"
"man53","3","4","7"
"manas1575","4","3","7"
"ManasAdhiya","4","3","7"
"ManbahMan","4","3","7"
"Mancino","4","3","7"
"MandalortheGreat","3","4","7"
"Mandavela_Denilson","3","4","7"
"MANDERIIN","4","3","7"
"manguruyu","3","4","7"
"mani099","3","4","7"
"manidakshu","4","3","7"
"manifoldestiny","3","4","7"
"Manigapple11","3","4","7"
"maniii_zero","4","3","7"
"maniobrass","3","4","7"
"manjunathaKR","3","4","7"
"mankandetmanvil","4","3","7"
"ManojSingh","4","3","7"
"manouchehrkhatami","3","4","7"
"manson4","3","4","7"
"MANt89","4","3","7"
"mantza","4","3","7"
"Manu_Lax","4","3","7"
"Manu_Neiva","4","3","7"
"manucorde","4","3","7"
"Manueledlinger7","3","4","7"
"Manueljimenz","4","3","7"
"ManuelPedroSanchez","4","3","7"
"manuelrojas18","3","4","7"
"Manuk37","3","4","7"
"manukushwahh","5","2","7"
"manupammar","3","4","7"
"manvi910","3","4","7"
"Mapsvv","4","3","7"
"mapuchepablo","4","3","7"
"maquis1214","4","3","7"
"MaratMalish","3","4","7"
"marayarjn","4","3","7"
"MarcDeNiort","4","3","7"
"Marcell23","3","4","7"
"marcelllust","4","3","7"
"marcellonano","3","4","7"
"Marcellus_von_hawk","3","4","7"
"marcelo_leith100","3","4","7"
"Marcelo68","4","3","7"
"MarceloVasquez","3","4","7"
"MarcFortuno","3","4","7"
"Marchoulmann","4","3","7"
"Marco_2023","4","3","7"
"marco1986","4","3","7"
"Marcob1402","2","5","7"
"marcodltt","4","3","7"
"marcofaro74","3","4","7"
"Marcos1131","5","2","7"
"MarcoSwiss","4","3","7"
"marcusha76","3","4","7"
"Mardem-Pereira","3","4","7"
"marefi","4","3","7"
"MargadMN","4","3","7"
"margarita_2023","4","3","7"
"Margiris_Zmuida","4","3","7"
"mariafilippovykh","3","4","7"
"MariaK1713","3","4","7"
"MariaMina","4","3","7"
"Mariia_T_1","3","4","7"
"mariiafrolkova09","4","3","7"
"Mariktob","2","5","7"
"marimkj","3","4","7"
"Marinashsh","3","4","7"
"marinko1234","3","4","7"
"mariolanza2","3","4","7"
"mariolpbraga","4","3","7"
"mariosbrother","3","4","7"
"MariusVolante14","4","3","7"
"Mariya-Bobrova1","3","4","7"
"Marjan41","3","4","7"
"mark_sinkov135","4","3","7"
"Mark5T","4","3","7"
"Mark7528","4","3","7"
"markojanko","4","3","7"
"markop4","3","4","7"
"Markos824","3","4","7"
"Markus112233","4","3","7"
"markxschach","2","5","7"
"marlle0131","4","3","7"
"Maro222","3","4","7"
"Maroun12345","4","3","7"
"Marsallll","3","4","7"
"martillion","3","4","7"
"Martin06862","4","3","7"
"MartinAlonso7","3","4","7"
"MartinezInsfran","5","2","7"
"martinmabonga","4","3","7"
"Martinxp","3","4","7"
"martyny","3","4","7"
"Marusia224","4","3","7"
"marvelman2564","4","3","7"
"marvinlebug","4","3","7"
"marwan0009","3","4","7"
"marwanmohd","4","3","7"
"Masgut7","3","4","7"
"Masikskai","3","4","7"
"masnowar","3","4","7"
"Masoud25","3","4","7"
"Mass2030","3","4","7"
"mastadoctar","4","3","7"
"Mastak-68","4","3","7"
"Master_Comodo_Pro","4","3","7"
"Master_Ligi","3","4","7"
"master1946","5","2","7"
"MasterMind07","3","4","7"
"mastermister001","2","5","7"
"masterwizard13","3","4","7"
"MASUDBLONGKOD","3","4","7"
"Masychev_Artem","3","4","7"
"masyitah297","4","3","7"
"matanyi","3","4","7"
"matbandit","4","3","7"
"mateddanish","4","3","7"
"Mateo_TopGg","4","3","7"
"mateo_waza123","3","4","7"
"MATERCEAAQ","3","4","7"
"matersafaf","4","3","7"
"math4559","4","3","7"
"mathangasinghe","4","3","7"
"Matheo170309","4","3","7"
"MathGodd","3","4","7"
"mathieug","3","4","7"
"matiaslgs","4","3","7"
"MatiasRodriguezZu","3","4","7"
"MatIliZassal","3","4","7"
"matkap53","3","4","7"
"MatPovin","3","4","7"
"matricata","2","5","7"
"Matsiro111","3","4","7"
"matteov","3","4","7"
"matthewncl","4","3","7"
"matthieu32","3","4","7"
"Mattnificent555","3","4","7"
"mattrs99","3","4","7"
"Matvst","3","4","7"
"Matyracha","3","4","7"
"matzalionut78","3","4","7"
"Maugli095","3","4","7"
"mauleshkonar","4","3","7"
"maulik2016","3","4","7"
"Maulika","3","4","7"
"Mauricio-Dx","3","4","7"
"mauricio-jimenez-c","4","3","7"
"Mauricio1_1","3","4","7"
"mauriciocabral","3","4","7"
"mauro1970","4","3","7"
"mauro3085","3","4","7"
"Mauro75","5","2","7"
"MauroRenzi","4","3","7"
"maurosaitam81","4","3","7"
"Mausalve","3","4","7"
"max_power323","5","2","7"
"max_sankov","4","3","7"
"Max_Smith25","3","4","7"
"Max123B","3","4","7"
"Max475656","4","3","7"
"Max52bis","3","4","7"
"maxenasie","4","3","7"
"MaxFactor666","4","3","7"
"Maxim_Mosqueen","4","3","7"
"Maxim_Uchuskin","4","3","7"
"Maximgehler","3","4","7"
"Maximgromov","3","4","7"
"maxmiliano157","2","5","7"
"maxtee","3","4","7"
"MaxTeplov-2012","3","4","7"
"MAXXXXIE","4","3","7"
"MaXyM_TaRaN9","3","4","7"
"Mayama","4","3","7"
"mayamansor","4","3","7"
"Mayank_42","3","4","7"
"MayarK94","5","2","7"
"MayarT911","3","4","7"
"mayooghAN","4","3","7"
"Mazen_Alaa0","3","4","7"
"mazen740","3","4","7"
"MazenAhmed_c3","3","4","7"
"MazenFire","2","5","7"
"Mbapee","4","3","7"
"mbechecs","2","5","7"
"mbmadruga","5","2","7"
"mbr127","3","4","7"
"Mbrems","3","4","7"
"mbtopstar","3","4","7"
"Mcesar1","3","4","7"
"MCH210355","3","4","7"
"mchoice","3","4","7"
"Mcora","4","3","7"
"mctimodizzle","4","3","7"
"Mcvicar","3","4","7"
"Mdavis5786","3","4","7"
"mdlucc","4","3","7"
"MdMuzahid100m","4","3","7"
"mec1987","3","4","7"
"MED22","3","4","7"
"Meda78","4","3","7"
"Medzid1965","4","3","7"
"Meer12","4","3","7"
"Meetgrinder69C","3","4","7"
"Mefisto2106123","3","4","7"
"Megafighter1","3","4","7"
"megnyilnak","3","4","7"
"meh4i","3","4","7"
"mehdi-20115","4","3","7"
"mehdi3225","3","4","7"
"mehdipourtak44","3","4","7"
"Mehman88","5","2","7"
"mehmealit45","4","3","7"
"mehmetalieskioglu","3","4","7"
"Mehmetalkac23","3","4","7"
"mehmetpoyrazcirak","3","4","7"
"Mehmetsefa05","3","4","7"
"MehmetSimsek42","4","3","7"
"Meholav1111","2","5","7"
"mehrabi_mehrad","4","3","7"
"Mehran5931","5","2","7"
"mehrdad5179","4","3","7"
"mehrdadjamali123","4","3","7"
"meikiu","4","3","7"
"Meirambek2009","3","4","7"
"Meisam59","3","4","7"
"MeisterFritsch","2","5","7"
"mekabs","3","4","7"
"Mel900","3","4","7"
"MeldeonDultra","4","3","7"
"Meleoackerman","3","4","7"
"melito","3","4","7"
"Melliuw","1","6","7"
"mellouli64","3","4","7"
"melnax","3","4","7"
"Melvin68","4","3","7"
"melyu","4","3","7"
"memirsahin","4","3","7"
"menash11","4","3","7"
"Menho21","4","3","7"
"menohomework","4","3","7"
"menzur","4","3","7"
"Menzzs","4","3","7"
"meowhul","3","4","7"
"mercearizti","4","3","7"
"Merlost94","2","5","7"
"Mermate","3","4","7"
"MertdaGoat","4","3","7"
"mertozlp","4","3","7"
"merttheblack","3","4","7"
"mesiassn","4","3","7"
"Mesimov_O999","3","4","7"
"MessiDaOnly","4","3","7"
"METHEDRIN","4","3","7"
"metr10","3","4","7"
"Metti_67","4","3","7"
"mettthiu","4","3","7"
"Mevlakulu","3","4","7"
"mexanic2007","2","5","7"
"mf2410","3","4","7"
"mfarook","3","4","7"
"Mfundi","3","4","7"
"MG_Eren_Yeager","3","4","7"
"MgDel","3","4","7"
"mgllpcast","4","3","7"
"mguluzada17","4","3","7"
"MH52023","4","3","7"
"mhadavana6098","4","3","7"
"mhamadfaeel87","3","4","7"
"mhaydar000","4","3","7"
"Mhd_fa","4","3","7"
"mhmdghsn10","3","4","7"
"mhmkopru","3","4","7"
"mi5alshaba7","4","3","7"
"miaha","2","5","7"
"mianda","4","3","7"
"mibeanhe","5","2","7"
"mich1984","4","3","7"
"Michael_05","3","4","7"
"Michael_Los","3","4","7"
"Michael2851","4","3","7"
"Michail_Kit","4","3","7"
"michail1974","3","4","7"
"michaIya232","3","4","7"
"Michal_Szmagier","4","3","7"
"michal-cze","2","5","7"
"michaldecsi","4","3","7"
"MichaTerekhov","4","3","7"
"MicheleRossi","4","3","7"
"michl_1990","3","4","7"
"Mido65","3","4","7"
"Miemie2o6","4","3","7"
"Mieses1970","4","3","7"
"MiggyChessMaster","1","6","7"
"Mighty_eagle","3","4","7"
"mighty_fishy","3","4","7"
"Mighty_Pawn27","4","3","7"
"migichess","5","2","7"
"Migometr12","3","4","7"
"miguel_ro","3","4","7"
"miguelcostaballena","4","3","7"
"MihaiMicu","4","3","7"
"mihalicek","4","3","7"
"MIHARSANGMA","3","4","7"
"mihssk","4","3","7"
"Mikal68","4","3","7"
"mikatimru","3","4","7"
"Mike_Beam","3","4","7"
"mike_gh","3","4","7"
"MikeAcosta","4","3","7"
"mikechamp9","3","4","7"
"mikedon","2","5","7"
"mikerazz","3","4","7"
"Mikerus3d","4","3","7"
"mikevela","4","3","7"
"mikew33","3","4","7"
"MikeWilliams123","4","3","7"
"Mikhail_Talbos","4","3","7"
"MikhailAliev","4","3","7"
"mikhi","3","4","7"
"Mikle1947","3","4","7"
"Miklukha","4","3","7"
"Mila053","4","3","7"
"Milan-rugani","4","3","7"
"Milchreis","2","5","7"
"milchvo","3","4","7"
"Miljanic","2","5","7"
"millgram11","3","4","7"
"MillicentAwuor","5","2","7"
"MiloMoritz","3","4","7"
"Milus1","3","4","7"
"mimjimmimjim","4","3","7"
"minaakhzari","3","4","7"
"minahany23","3","4","7"
"Minahouet","3","4","7"
"Minasalah8","3","4","7"
"Minatelli","4","3","7"
"mingui58","3","4","7"
"minhhoang2015","4","3","7"
"minhnhat2711","4","3","7"
"minikhayallerr","3","4","7"
"minnie_nouser","4","3","7"
"Minosanty","3","4","7"
"miqueasE64","3","4","7"
"mirjavad","4","3","7"
"Mirlanov_Rinat","3","4","7"
"MiroslavMiki","3","4","7"
"Miruk1961","4","3","7"
"Mis-Kate","4","3","7"
"misha_bulochka","3","4","7"
"Misha_Moshkov","2","5","7"
"Mishamisha161","4","3","7"
"Misi1970","3","4","7"
"mismat","4","3","7"
"missagh17","5","2","7"
"mississippi_john","3","4","7"
"Mist0f","3","4","7"
"misteredmond","4","3","7"
"Mistin","3","4","7"
"mistral75","4","3","7"
"mitigeur","3","4","7"
"Mito888","4","3","7"
"MITSARASTHAI","3","4","7"
"mitteldeich","3","4","7"
"mixa20082021","3","4","7"
"miysudan","3","4","7"
"Mizo1290","4","3","7"
"MJASSER2030","3","4","7"
"MJM013_B15L_Nirish","3","4","7"
"mk1989","3","4","7"
"mkabd","3","4","7"
"MKHABA","3","4","7"
"mkinitumia","3","4","7"
"mleanza","3","4","7"
"mleckman","3","4","7"
"mlee4730","4","3","7"
"mlm479","3","4","7"
"MLMS117","4","3","7"
"MLMS193","4","3","7"
"mlms474","4","3","7"
"mlms483","3","4","7"
"mlms485","4","3","7"
"mlms498","4","3","7"
"mlms500","3","4","7"
"mlms519","4","3","7"
"mlms525","3","4","7"
"mlms533","4","3","7"
"mlms601","3","4","7"
"mlodociany_calkowicz","4","3","7"
"mlukee98","4","3","7"
"mmahir","6","1","7"
"mmariodaniel","4","3","7"
"mmaverick","4","3","7"
"mmc1","4","3","7"
"mmcar","3","4","7"
"mmhg6119","3","4","7"
"Mn_David","3","4","7"
"mnmk12344321","4","3","7"
"mo_shehata","2","5","7"
"Mo7and","4","3","7"
"MobinaHeydari-1","3","4","7"
"mobisa","4","3","7"
"mobisan","3","4","7"
"Mochess0","4","3","7"
"Moctopuxx","3","4","7"
"modhejie","4","3","7"
"modotti","4","3","7"
"MoeMiami","5","2","7"
"moeshihab","4","3","7"
"MoggelJoke","3","4","7"
"Mogikan69","3","4","7"
"Moha1999mmad","3","4","7"
"mohamadsuii","4","3","7"
"Mohamed_0545","4","3","7"
"Mohamed_Osama74","3","4","7"
"Mohamedabdelwahab40","3","4","7"
"MohamedAli9994","2","5","7"
"MohamedElattar96","4","3","7"
"Mohamedelmansy18","3","4","7"
"mohamedfaramawy","2","5","7"
"mohamedmansourdr","4","3","7"
"mohamedmed01345","4","3","7"
"mohamedragabbbb","2","5","7"
"mohammad_amin21","4","3","7"
"Mohammad2019","3","4","7"
"mohammad21211","4","3","7"
"mohammad3473","3","4","7"
"mohammadhasan1360","3","4","7"
"MohammadHoseinNazari","3","4","7"
"mohammadjolayi","4","3","7"
"MohammadMahdavian94","3","4","7"
"Mohammadmahdi1401","3","4","7"
"mohammed1109","4","3","7"
"Mohammed237050","4","3","7"
"mohammedayad","4","3","7"
"mohanak","3","4","7"
"mohanrc47","4","3","7"
"Mohd_Raza_Ali","3","4","7"
"mohebi007","4","3","7"
"Mohnsemmel","3","4","7"
"mohsen6002","4","3","7"
"mohsen6561","3","4","7"
"mohsenhsn5959","2","5","7"
"mohsenmarie","4","3","7"
"moigonbar","2","5","7"
"Mojo88fthefakes","4","3","7"
"mokaram555","3","4","7"
"mokriza1","3","4","7"
"Molcos","5","2","7"
"MolliGs16","3","4","7"
"molloyandsword","3","4","7"
"momia77","3","4","7"
"momilimiko","3","4","7"
"momoalaya77","4","3","7"
"momoaux","3","4","7"
"moncuco","5","2","7"
"monskeez","3","4","7"
"monsterpferd","4","3","7"
"mooooo6","3","4","7"
"moradelarif","5","2","7"
"Moratian","2","5","7"
"MorenoLucas","3","4","7"
"morestapha","3","4","7"
"MorganGR","4","3","7"
"morosha88","4","3","7"
"morozov_mu21","3","4","7"
"Morozovpeter","3","4","7"
"MorphyTal2023_CSI","3","4","7"
"Mortada_1","4","3","7"
"mortazabakhtiari","3","4","7"
"moses91","3","4","7"
"Mosharraf2023","4","3","7"
"Mostafa-Ghorab","4","3","7"
"Mostafa013","4","3","7"
"Mostafarifaee","3","4","7"
"Motsi2000","3","4","7"
"Motty12","4","3","7"
"Moulinux","2","5","7"
"moulo7","4","3","7"
"mouniR66","3","4","7"
"mourya2003","3","4","7"
"mousavitabar","3","4","7"
"MoXXVI","4","3","7"
"Moyou86","3","4","7"
"Moyug","3","4","7"
"mpmiko","4","3","7"
"mprice1026","3","4","7"
"mprieto73","3","4","7"
"Mproffessor","4","3","7"
"MqRmI","4","3","7"
"MR_FABFABULOUS","4","3","7"
"mr_issa","4","3","7"
"Mr_pharaoh","4","3","7"
"Mr_Pigeon","3","4","7"
"Mr_Snooker147","2","5","7"
"mr_som14","4","3","7"
"Mr-LoBasso","4","3","7"
"MR-ZORPO","3","4","7"
"mrb-sp","4","3","7"
"Mrdatpmp","4","3","7"
"MrHitz","5","2","7"
"MRichy","3","4","7"
"mrkerem2009","4","3","7"
"mrkstjnvc","4","3","7"
"mrmaschicken","3","4","7"
"Mrmax2013","4","3","7"
"MRNABASH","4","3","7"
"mrnsns","4","3","7"
"MrPadu99","3","4","7"
"mrravindra","4","3","7"
"MrRochi","3","4","7"
"Mrsoudbakhsh","3","4","7"
"MRSOUTHEASTTEXAS","4","3","7"
"mrtoker21","3","4","7"
"mschach","4","3","7"
"MShabazz","4","3","7"
"msiraj780","3","4","7"
"Msitua","3","4","7"
"mStIrLiNg","4","3","7"
"msudhirrao","4","3","7"
"MSV_1103","3","4","7"
"mu06","3","4","7"
"Mu7ammedashrf","3","4","7"
"Muath1427","4","3","7"
"mubtaab","3","4","7"
"Mucahid25","4","3","7"
"muendo","3","4","7"
"muha1000","4","3","7"
"Muhallit91","2","5","7"
"Muhammedzahid","4","3","7"
"Muhanned5858","4","3","7"
"muhidin123","4","3","7"
"MuhRai","3","4","7"
"Muhryundel","3","4","7"
"muhtar78","4","3","7"
"mujahidzaman","3","4","7"
"Mukesh0444","4","3","7"
"mukh_ahmed","4","3","7"
"MUKHERJEE667","4","3","7"
"MuktownMark","3","4","7"
"Mulan_GT","3","4","7"
"MulattoMan","4","3","7"
"MullinFF","4","3","7"
"multami","4","3","7"
"Munch26oo","3","4","7"
"Mur4uk","3","4","7"
"muradahmed42","4","3","7"
"muradovasirin","4","3","7"
"Murat3791","3","4","7"
"Muravei74","3","4","7"
"Murtuz64","4","3","7"
"Murzaga06","5","2","7"
"Musajan11","4","3","7"
"Muse13","3","4","7"
"musker","4","3","7"
"muslum0101","5","2","7"
"musrapha2021","4","3","7"
"mustafa_alkhatab","4","3","7"
"Mustafaahmed124","4","3","7"
"mustafaozcan80","3","4","7"
"Mutawalli16","4","3","7"
"muthiya87","3","4","7"
"muthurajaambalakar","2","5","7"
"muzyka_bigbit","4","3","7"
"mvgaurishankar12","4","3","7"
"mvil777","2","5","7"
"mvm55","4","3","7"
"my_opponent","4","3","7"
"myb02","3","4","7"
"mybadmove","4","3","7"
"MyK_00L","4","3","7"
"Mykola_Pleshakov","4","3","7"
"mylittlepawny3000","4","3","7"
"MyLoNiTe","4","3","7"
"myopic-bot","4","3","7"
"MYS2030","4","3","7"
"myselfthess","2","5","7"
"mysker","3","4","7"
"Mysterious94","4","3","7"
"MysteriousAyaan","4","3","7"
"Mystique_3","2","5","7"
"mythrutz","3","4","7"
"MZulfu","4","3","7"
"MZULKARNAIN_D65122","3","4","7"
"N00b_Ch3ss_Player","3","4","7"
"n0isy_b0y","3","4","7"
"N0rdF0x","4","3","7"
"N1co211","3","4","7"
"naacho29","3","4","7"
"nabeelnabeel","3","4","7"
"Nabi84","3","4","7"
"Nabil-07","4","3","7"
"nabitsultan007","3","4","7"
"nabucodonosorcito","3","4","7"
"nachbar","4","3","7"
"NachoPozohondo","4","3","7"
"Nadaf","3","4","7"
"Nadchirfk","4","3","7"
"Nadeejda","3","4","7"
"NADERMOUAWAD","4","3","7"
"Naderoscar","3","4","7"
"Nadia1962","3","4","7"
"Nadiia22","3","4","7"
"Nadim1986","3","4","7"
"NAG_parent","4","3","7"
"nagibator335","4","3","7"
"NAGIBATOR366","2","5","7"
"Nagmabano","4","3","7"
"nahwaa","4","3","7"
"nakazatelniqkodeks","4","3","7"
"NakkSA","3","4","7"
"nalapeca","4","3","7"
"Nalbom","4","3","7"
"nambaa609","3","4","7"
"Nana_Amoako_1","3","4","7"
"Nandar25","3","4","7"
"Nando10130","4","3","7"
"nanita50","5","2","7"
"Napalmi-Pedro","4","3","7"
"napoli67","3","4","7"
"narcopolo933","4","3","7"
"Narender21","4","3","7"
"narendrabehe","4","3","7"
"Narenthangaraju","3","4","7"
"nargiz6789","4","3","7"
"Narkozi","4","3","7"
"narmathaa93","3","4","7"
"nartdictat2000","4","3","7"
"naser34","3","4","7"
"naserghasemi","4","3","7"
"nash115","4","3","7"
"NASPascua2017Cagayan","3","4","7"
"nasriin","4","3","7"
"nasryak47","4","3","7"
"Natakapa","3","4","7"
"NatarajanK","4","3","7"
"Nathalie_Juno","4","3","7"
"Nathan_Jon","2","5","7"
"NATHANREID","3","4","7"
"NatsanX","3","4","7"
"Natyanu","3","4","7"
"Nauti-1944","4","3","7"
"Nav68","4","3","7"
"Naval0406","4","3","7"
"naveen_0899","4","3","7"
"Navid1324","3","4","7"
"Navidia23","4","3","7"
"navy688","3","4","7"
"Nawangonchung","4","3","7"
"Nawid-Adel","3","4","7"
"nawigator333","4","3","7"
"Naya0202","3","4","7"
"nazarian33","4","3","7"
"Nazarov_Konstantin","3","4","7"
"nazmidinimeri","2","5","7"
"Nbch1701","3","4","7"
"nbilhuoo","3","4","7"
"nc14pasan","3","4","7"
"NckZdorovitskiy","3","4","7"
"NE_CHESS_2023","4","3","7"
"nealo100","4","3","7"
"nebojsa1234","5","2","7"
"NEDOTER","4","3","7"
"needuo","4","3","7"
"neelshah15","4","3","7"
"neeraj5757","4","3","7"
"neerajsahu199","2","5","7"
"Negar68khodayari","3","4","7"
"neginb","2","5","7"
"Nejaw","5","2","7"
"Nekit-vbg","3","4","7"
"nelo_chess","3","4","7"
"NELSO15-QUIN","3","4","7"
"nematnaseh","3","4","7"
"Nemesis1970","4","3","7"
"NemesJV","5","2","7"
"Nemiroff80","3","4","7"
"Nemo_aninom","2","5","7"
"neno77","5","2","7"
"Neo5","4","3","7"
"neParadox","4","3","7"
"nerowolf63","3","4","7"
"NerwoZ","3","4","7"
"neshvtk","4","3","7"
"nesssoo","4","3","7"
"NestorsF","3","4","7"
"NestorXXL","3","4","7"
"Neunyvalov","3","4","7"
"neurofunk1","3","4","7"
"Neve22","4","3","7"
"NeverGive-up","4","3","7"
"Neverlowcrow","4","3","7"
"Nevermind437","3","4","7"
"neverplayf6againstus","3","4","7"
"NewAlehin","2","5","7"
"Newfi1","2","5","7"
"NewGuyintheoldTown7","3","4","7"
"nextiwin","3","4","7"
"ngoc_khanh1410","4","3","7"
"ngomes","3","4","7"
"Ngothanhphong2013","4","3","7"
"ngsgupta","3","4","7"
"nguyendai","4","3","7"
"nguyenhdang9gcg","4","3","7"
"NGYMN","3","4","7"
"Nhatminh4a1","3","4","7"
"nhjoc6","3","4","7"
"NHUTLAT","3","4","7"
"niainaraz","4","3","7"
"niaki13","3","4","7"
"Nialz001","4","3","7"
"nic_cop","4","3","7"
"Nic_Nic_Z","3","4","7"
"Nicecigar","3","4","7"
"nick195003","4","3","7"
"Nick9003","3","4","7"
"nickdozie","4","3","7"
"nicktma","4","3","7"
"Nico2406-sf_G","3","4","7"
"nicoasanchez","4","3","7"
"Nicogol","3","4","7"
"Nicolagazzola03","4","3","7"
"Nie_mam_nicku","4","3","7"
"niedjm07","4","3","7"
"NietzscheGuevara","3","4","7"
"nigczemnik","4","3","7"
"NigelNagelBoy","4","3","7"
"nightcat314","4","3","7"
"Nightferal","4","3","7"
"Nightking02","4","3","7"
"Nightradio","4","3","7"
"NightRide19","4","3","7"
"NihatOnalMedya","5","2","7"
"NIK04071948","3","4","7"
"nik0med","3","4","7"
"Nik1937","3","4","7"
"nikadenus","2","5","7"
"nikandish3","3","4","7"
"nikchess111","3","4","7"
"Nikfc30","4","3","7"
"nikhilks29","4","3","7"
"nikhilkvora","4","3","7"
"Nikita_R16","3","4","7"
"Nikita_Sakov40","3","4","7"
"nikitagrand","3","4","7"
"Nikitakl","5","2","7"
"NikitaP1337","2","5","7"
"NikitaVolkov","3","4","7"
"Nikitawinn","4","3","7"
"nikitos1307","4","3","7"
"niko891","5","2","7"
"nikoalexx","3","4","7"
"NikolaiTichonov60","3","4","7"
"Nikolan13","3","4","7"
"Nikolas_master","4","3","7"
"Nikolaya2260","3","4","7"
"Nikoleytor","5","2","7"
"Nikolya28","2","5","7"
"Nikomatik","4","3","7"
"Nikonatoor","2","5","7"
"nikonor","4","3","7"
"nikos84","3","4","7"
"nikpapg","4","3","7"
"NiksThimbers","5","2","7"
"Nilesh05","3","4","7"
"Nilonajasmine","3","4","7"
"nilsonbaez","4","3","7"
"Nima_1352","3","4","7"
"nima49","4","3","7"
"NimalanMaximus","3","4","7"
"nimar7","4","3","7"
"nimavi","4","3","7"
"Nimrod3080","2","5","7"
"Nina_Ukraine_Odesa","4","3","7"
"Nina_Yarovaya","3","4","7"
"Ninjalamster","2","5","7"
"Niranjanasajeev","3","4","7"
"Nirion","4","3","7"
"nisen1923","3","4","7"
"nishantmahajan098","4","3","7"
"nitaygm","3","4","7"
"nitothepawn","3","4","7"
"nitro2244","3","4","7"
"Nitrox97","4","3","7"
"Nits_Goswami","4","3","7"
"Nivanvighnaav","5","2","7"
"njemschy","3","4","7"
"njeriiii","3","4","7"
"Njisonator1","2","5","7"
"Njkacher","4","3","7"
"NK_Hack","5","2","7"
"nkchess99","4","3","7"
"Nkosana725","5","2","7"
"nkremser","4","3","7"
"nls123456","4","3","7"
"no-se-jugar_Yque","4","3","7"
"no2711981720041","3","4","7"
"Noahlarde","4","3","7"
"noblecaballo","2","5","7"
"Nobmax14","3","4","7"
"Nobru25","3","4","7"
"Nobu0526","4","3","7"
"nockmar","3","4","7"
"nohandlebars","4","3","7"
"nohsam121761129","3","4","7"
"nokcha75","2","5","7"
"Nolers","3","4","7"
"Nomarvil13","4","3","7"
"nomistake-bjksatranc","3","4","7"
"NON_NON_1111","3","4","7"
"Nonaahmed2005","3","4","7"
"Nonny91","4","3","7"
"Nontion","4","3","7"
"noob_chesserman","4","3","7"
"noob_isfer","3","4","7"
"noob_playerrrrr","5","2","7"
"Noob123456780","3","4","7"
"NOOBPnk","4","3","7"
"norab","3","4","7"
"nord70","3","4","7"
"Norfolkman","4","3","7"
"norik24","3","4","7"
"NorikSchneider","4","3","7"
"nosetradamus","4","3","7"
"Not_Perfect2007","5","2","7"
"nothingelseforme","4","3","7"
"NotMagnuzz","3","4","7"
"notnix","4","3","7"
"nottambulo25","3","4","7"
"NotWorthyOfAnything","4","3","7"
"nour2012","3","4","7"
"NourKhaled","3","4","7"
"nousernamew","4","3","7"
"nov1c","3","4","7"
"novakram","3","4","7"
"noverasnada","4","3","7"
"nowuncle","4","3","7"
"npukojluct","3","4","7"
"Nstrom","3","4","7"
"nt5o6he","4","3","7"
"nuboy1","5","2","7"
"Nuhi108","3","4","7"
"Nunxioreal7","4","3","7"
"nupurv","3","4","7"
"Nur-Jan777","4","3","7"
"NURAQIRASYAQILA","4","3","7"
"Nurhadi08","4","3","7"
"nurhan_ss","4","3","7"
"nuri_tan","5","2","7"
"Nurlan_Anaroglu","3","4","7"
"NurlanMedeuov","3","4","7"
"Nurmuhammad0705","5","2","7"
"Nusky","4","3","7"
"NVanChess","4","3","7"
"NWHS_JDrucker","4","3","7"
"NX_DABAP","3","4","7"
"Nzaji_Lukengu","3","4","7"
"O_Zarnik","3","4","7"
"O2heroOO","4","3","7"
"oafysgbk","3","4","7"
"OAkimy","2","5","7"
"Oberhase75","4","3","7"
"obi_one_kenobi89","4","3","7"
"ObispoAC","3","4","7"
"ObiTo_319","4","3","7"
"Oblomov97","4","3","7"
"obmanytuy","3","4","7"
"Ochoa8910","4","3","7"
"ocubuklu","4","3","7"
"Odaixx17","3","4","7"
"odaycr7","5","2","7"
"Odhiambo2023","4","3","7"
"odirep","5","2","7"
"oeloen","3","4","7"
"oErki","3","4","7"
"Oetam_23","5","2","7"
"oewi001","3","4","7"
"OfficialEgor","4","3","7"
"Ogmhuseyintutu01","4","3","7"
"OGOGOG","4","3","7"
"Ogorodbest","3","4","7"
"ogyka","4","3","7"
"ohhh_myy_queennnn_69","4","3","7"
"ohthesunn","3","4","7"
"ojkaelo","3","4","7"
"OK_4","4","3","7"
"okibb","5","2","7"
"Okil7777","3","4","7"
"okinayo","3","4","7"
"okki_goldensanches","3","4","7"
"Okoh_christian14","4","3","7"
"okokhickeyokok","5","2","7"
"olcha12","4","3","7"
"oldmanmozz","3","4","7"
"Ole_kobra","4","3","7"
"olebon","3","4","7"
"Oleg0311","3","4","7"
"Oleg1516","3","4","7"
"OLEG1965119","3","4","7"
"Oleggood","3","4","7"
"olegJafarova","4","3","7"
"OlegKsnchk","4","3","7"
"Olegoleg873","4","3","7"
"OlegShevchenko0310","4","3","7"
"Oleh_Voitiuk21","4","3","7"
"oletskiy","4","3","7"
"Olezhich","3","4","7"
"olf77","3","4","7"
"OlgaShevchenko","4","3","7"
"Olirum33","4","3","7"
"olishejani","4","3","7"
"OliVegan89","3","4","7"
"Oliver1-F","2","5","7"
"OlIvEr1991","4","3","7"
"oliverleonel","3","4","7"
"oljalyn","4","3","7"
"Ollie863","5","2","7"
"olmerjose","4","3","7"
"Olubukunmi","3","4","7"
"olwanfaisal","3","4","7"
"Olyalyly","4","3","7"
"omait20","2","5","7"
"omar_pp","2","5","7"
"Omar_slimaoui123","3","4","7"
"omar200719","3","4","7"
"omargaloc","3","4","7"
"OmarMeleha100","3","4","7"
"OmarovMS","4","3","7"
"omarvin","2","5","7"
"OMARX14X","3","4","7"
"Omdhandar","3","4","7"
"omerakgun5657","4","3","7"
"omererdem54","3","4","7"
"OmerGokakin","2","5","7"
"Omid5678","3","4","7"
"Omid7","3","4","7"
"Omidpoum","4","3","7"
"omrhksvn","4","3","7"
"oMrIbanezo","3","4","7"
"OmskKrepih","4","3","7"
"Omtoki","3","4","7"
"onelo","4","3","7"
"OnkarJadhav9","4","3","7"
"onlarchmtn","4","3","7"
"online_a","3","4","7"
"OnlineWickedChess","3","4","7"
"OnlyKingsUnderstand","2","5","7"
"onlyrapid0000","3","4","7"
"Onur1441","4","3","7"
"Ood11","3","4","7"
"ooyagod","3","4","7"
"oozcan_ASLAN","4","3","7"
"opahenkie","3","4","7"
"Ope111ek","3","4","7"
"Operaio_Elettrofuso","3","4","7"
"opipali","4","3","7"
"OptimusPrime54","3","4","7"
"Or64toglio","3","4","7"
"OreNoChikara","3","4","7"
"Orest200505","3","4","7"
"Orex_777","4","3","7"
"Organo","3","4","7"
"oribubu","4","3","7"
"Origo35","5","2","7"
"Orionfire","3","4","7"
"OrkunGumba","4","3","7"
"orkunr","3","4","7"
"oroboss","4","3","7"
"orsoo","4","3","7"
"OrthoCat","4","3","7"
"Orweezy","5","2","7"
"oryzs","4","3","7"
"os-f","4","3","7"
"osama4t","5","2","7"
"osama7gazah","3","4","7"
"OsamaELsaadany","4","3","7"
"osamh11","4","3","7"
"osboo","3","4","7"
"Oscarbl","3","4","7"
"oscarklee","4","3","7"
"oshkin","4","3","7"
"Osiel_ofc","3","4","7"
"Osipoff47","4","3","7"
"Oskar-SWE2018","4","3","7"
"OskarekPilka","4","3","7"
"ossisam","4","3","7"
"Ostap_Radchenko","4","3","7"
"ostionahi","3","4","7"
"ostooreh2020","4","3","7"
"Osvalmanu","2","5","7"
"Otaxonov","5","2","7"
"OTONO95","4","3","7"
"otvertka345","4","3","7"
"otzek","4","3","7"
"OUSAMA-QASHASH970","2","5","7"
"Oussamanasrii","4","3","7"
"outminded34","3","4","7"
"over_whelming","3","4","7"
"Owel03","3","4","7"
"owletus","4","3","7"
"oxik00","2","5","7"
"OYalda","4","3","7"
"OyeMishra","5","2","7"
"ozgurmurat26","5","2","7"
"ozlemkaya74","4","3","7"
"ozy_o","4","3","7"
"P4bl0_Esspressobar","5","2","7"
"P4rsefal","2","5","7"
"Pa_wi01","5","2","7"
"Pabitosx","3","4","7"
"Pablo_9415","4","3","7"
"Pablogdelcorral","3","4","7"
"Pablopanadero","3","4","7"
"Pacciulito","4","3","7"
"pacoarroyoluque","3","4","7"
"Paczkowski","3","4","7"
"paddel2204","4","3","7"
"paintdudeluke","2","5","7"
"Pakitoeltronco","3","4","7"
"Pakrovejas69","4","3","7"
"Pala04","4","3","7"
"Palaceastur","3","4","7"
"Paladinny","3","4","7"
"Palimpzeste","3","4","7"
"Palmarito","4","3","7"
"paloca123","3","4","7"
"palval66","4","3","7"
"panalukam","3","4","7"
"Pancher-1970","3","4","7"
"pandaontheair","2","5","7"
"Pangpuielhtliaka","4","3","7"
"panikoskonstantinou","4","3","7"
"Pankaj_121289","4","3","7"
"PankajChoudhary","3","4","7"
"panman6145","4","3","7"
"pantelicpanto","3","4","7"
"PAOK4Giannis","4","3","7"
"PaoloManc","3","4","7"
"PAPA_GARIKA","3","4","7"
"PapaCrawford71","3","4","7"
"papagert77","3","4","7"
"PapaKostroma","3","4","7"
"papaMax1976","3","4","7"
"Papichichi","4","3","7"
"papisalva333","2","5","7"
"paragpatil","4","3","7"
"PARANALOMA","3","4","7"
"paranoya1999","3","4","7"
"Parbulele1","4","3","7"
"pardhasaradhi","3","4","7"
"Pardiez81","4","3","7"
"parenthi","3","4","7"
"Paresh63","3","4","7"
"parhamp388","4","3","7"
"ParkChess2021","4","3","7"
"Parnia_2004_iran","3","4","7"
"parryHotterisdead","5","2","7"
"parsa_hasanzadh","4","3","7"
"parsa_vaziery","4","3","7"
"Parsa1030808","3","4","7"
"Parsaghavi1392","3","4","7"
"parsamalek57","3","4","7"
"parsasalamat","2","5","7"
"Partcustom3","4","3","7"
"Parth_JS","2","5","7"
"parthasarathys","4","3","7"
"parthgupta2011OP","3","4","7"
"Parvathy2203","4","3","7"
"Parvezimt","3","4","7"
"Parviztahmasebi","3","4","7"
"Paryqin","4","3","7"
"pasciu","3","4","7"
"pasha121","3","4","7"
"PasirMuntilan","4","3","7"
"pasni","4","3","7"
"passenger7","4","3","7"
"pastek34","2","5","7"
"Pastushkou-Nikita","4","3","7"
"Pasupathan","3","4","7"
"PatataMaxtex","3","4","7"
"patatechoucroute","4","3","7"
"patientless","5","2","7"
"PatilAaryan29","4","3","7"
"patoche92","3","4","7"
"PatOrMat","2","5","7"
"Patri1920","3","4","7"
"pats28jk","4","3","7"
"Patzer_Shole","3","4","7"
"Paul_Ka92","4","3","7"
"Paul2876","4","3","7"
"paulatreides","4","3","7"
"PaulitoLin","4","3","7"
"paulkk018","4","3","7"
"paulocesarllano","4","3","7"
"Pavel-shevi","3","4","7"
"Pavel0808","2","5","7"
"Pavel269","4","3","7"
"PavelNepomnyaschy","2","5","7"
"pavelrusakov1951","3","4","7"
"Pavlo1973","3","4","7"
"PavloDonets","3","4","7"
"PavloFedorov","4","3","7"
"pawanrajs","4","3","7"
"pawnkinging","4","3","7"
"Pawnstar63","4","3","7"
"pax011","5","2","7"
"pazzl","3","4","7"
"pbr62","4","3","7"
"pcube","3","4","7"
"peacemaker0128","4","3","7"
"pedram1366","4","3","7"
"pedroc5","4","3","7"
"pedrocam_11","4","3","7"
"pedrocatena","4","3","7"
"Pedrojoa","4","3","7"
"pekoto","3","4","7"
"Pelembabbemessi","2","5","7"
"Pelogeyaa","4","3","7"
"pepeleone","4","3","7"
"Pepelu777","3","4","7"
"Pepesvk","4","3","7"
"peppeaimar","3","4","7"
"Peppinopettinamitu","3","4","7"
"peramina","4","3","7"
"perep22","2","5","7"
"perfect_disaster","3","4","7"
"Perimeter_124511","4","3","7"
"PeriodicQSX","4","3","7"
"permata_indah","2","5","7"
"perminov","4","3","7"
"perokvrzica","5","2","7"
"Peron2_4_4","4","3","7"
"Perov_Viktor","3","4","7"
"Perrill","4","3","7"
"PERRUNCHO","3","4","7"
"perugi","3","4","7"
"perux","4","3","7"
"Perviz2727","3","4","7"
"perzankowsky","4","3","7"
"Petarung503","4","3","7"
"PeterDL","4","3","7"
"PeterHasson","2","5","7"
"PeterSas","2","5","7"
"Petrow_6J","4","3","7"
"Pettik","4","3","7"
"PEZ1977","3","4","7"
"PfanoM","3","4","7"
"Pferdlegewinnt","3","4","7"
"PfftToEz","4","3","7"
"pflyer5","3","4","7"
"PGONO","3","4","7"
"phayrons","3","4","7"
"Phenix27","4","3","7"
"PhenomeNadal","3","4","7"
"PhilippeVI","3","4","7"
"philoudu15","4","3","7"
"PhilSV","3","4","7"
"Phirop","3","4","7"
"PHUCHUNG-TB","3","4","7"
"PHUCNGUYEN2016-TB","4","3","7"
"phuonglinhsua","3","4","7"
"Pi_Delta","3","4","7"
"Pic_Asso","3","4","7"
"picanha51","3","4","7"
"PICARDML","4","3","7"
"pidit14","4","3","7"
"Piduwin","3","4","7"
"Pieces__16","3","4","7"
"pieoneer","4","3","7"
"pierhus","4","3","7"
"pierre5","3","4","7"
"Piiier","3","4","7"
"Pilgrim2007","4","3","7"
"pilim","3","4","7"
"PillyHors","4","3","7"
"pink0q","3","4","7"
"Pinkijo","4","3","7"
"PinkoNiko","3","4","7"
"Pino47","5","2","7"
"Pinyigirona","4","3","7"
"pionetfinale","4","3","7"
"pionsuci","2","5","7"
"piotr1967","3","4","7"
"pipilotta007","4","3","7"
"pippogaudo76","4","3","7"
"pippoluna","4","3","7"
"pishang01","3","4","7"
"piterpato","4","3","7"
"Pitisuix","4","3","7"
"Pixel100","4","3","7"
"Pjotr1","3","4","7"
"Pjotrd","3","4","7"
"pkerere","3","4","7"
"pksukumarantcr","3","4","7"
"Plasma10-dragon","4","3","7"
"Platonbilyak","4","3","7"
"Player021203","3","4","7"
"player1284746282919","4","3","7"
"Plinio46","3","4","7"
"plman","4","3","7"
"Plutographic","3","4","7"
"pmarjanovic","4","3","7"
"pmc1967","4","3","7"
"PMSechaba","3","4","7"
"Podiceps","3","4","7"
"Pokhodiev_Platon","4","3","7"
"polar000","3","4","7"
"poligpol","3","4","7"
"Polina_bryzg","4","3","7"
"polinezz19","4","3","7"
"Polka678","2","5","7"
"polmaeco","5","2","7"
"pop1k3","4","3","7"
"PoPanda1611","4","3","7"
"popo2005","2","5","7"
"poprobui_prochti","4","3","7"
"pornobelka","4","3","7"
"Portgas_D_4CE","2","5","7"
"Portosouza","3","4","7"
"Porust23","3","4","7"
"Poshel","3","4","7"
"pottettto","4","3","7"
"pouryamass","4","3","7"
"powerdan77777","4","3","7"
"POWERNITRO","4","3","7"
"PoyrzCakl","5","2","7"
"Poziomski","4","3","7"
"PPK1980","3","4","7"
"ppyp","3","4","7"
"Prabhuchinnappa","3","4","7"
"Practicedude","3","4","7"
"Pradyumna_27","4","3","7"
"praet1123","4","3","7"
"praganpg","4","3","7"
"prajwaltallam","4","3","7"
"prakhar_Pure","3","4","7"
"PRAMO_RCK","4","3","7"
"pranav00_22","3","4","7"
"Praneet12345","5","2","7"
"Pranjal10","3","4","7"
"prasantapo","3","4","7"
"prasetyawenda","3","4","7"
"prateek_prakash","4","3","7"
"Pratello","4","3","7"
"pratham_jagdale88898","3","4","7"
"pratik_009","4","3","7"
"pre81","3","4","7"
"precel13","4","3","7"
"PRESHAL","3","4","7"
"preston1018","4","3","7"
"pretor88","3","4","7"
"Primaszach","4","3","7"
"prince_LOKI","3","4","7"
"PrinceOfNight","4","3","7"
"PrinzAli","4","3","7"
"priskon","3","4","7"
"PRITHWISHGHOSH","4","3","7"
"Pro_97","2","5","7"
"probability123","3","4","7"
"Proburay01","4","3","7"
"prodavec","3","4","7"
"professor2202","3","4","7"
"profvictor254","2","5","7"
"Prokopenko_Sasha","3","4","7"
"promotionchessacadem","4","3","7"
"ProSep","3","4","7"
"ProstoShahist","4","3","7"
"protetive","4","3","7"
"Protheist","4","3","7"
"protivkarantina2020","1","6","7"
"ProtivNIK10rus","5","2","7"
"ProudPheonix","3","4","7"
"Prowade","3","4","7"
"pru_max","3","4","7"
"PrWolkonsky","3","4","7"
"PrzemekOko","4","3","7"
"pseudais12","4","3","7"
"PSuPreme","4","3","7"
"PSV_059","4","3","7"
"psy4nurse","4","3","7"
"Psychotito","4","3","7"
"psychoZAWR","3","4","7"
"Psytrance2","4","3","7"
"ptango","3","4","7"
"pthom","4","3","7"
"ptokar123","3","4","7"
"Publius_Scipio","4","3","7"
"puiu-nebunu","4","3","7"
"Puni978","4","3","7"
"puozixcv","4","3","7"
"pupper1994","4","3","7"
"purasyerbasxx","3","4","7"
"pure_chess_game","4","3","7"
"PureBadger0916","3","4","7"
"PureFGTV","5","2","7"
"Pustovoit","4","3","7"
"PVSTEJA_3","4","3","7"
"pwrong","3","4","7"
"Pyboyhamburg","4","3","7"
"Pylts","4","3","7"
"Pyotr-Tchaikovsky","4","3","7"
"Q_Vinh","4","3","7"
"Q-503","4","3","7"
"qBeee","4","3","7"
"qewartyjrhegrwf","4","3","7"
"qhx286","4","3","7"
"qila07","4","3","7"
"QNI-ThienanhCP2016","4","3","7"
"qonon","4","3","7"
"qooop","3","4","7"
"QTDOY","3","4","7"
"qtP1ayz","5","2","7"
"Quacki","4","3","7"
"quad88","3","4","7"
"Quang_2016","3","4","7"
"quangminh10012017","3","4","7"
"quangnhat6dcute","3","4","7"
"quatronostro","3","4","7"
"QueenKO","3","4","7"
"queensthings","4","3","7"
"QueenWalker2023","3","4","7"
"QUIQUEROV","4","3","7"
"qunzhen_kk2","3","4","7"
"quocvietTHCSCG6g","3","4","7"
"Quyngoc3008","4","3","7"
"Qw1z","4","3","7"
"Qwertl1","4","3","7"
"Qworly","4","3","7"
"Qxf3","2","5","7"
"R_Meeb","4","3","7"
"r_tsarukyan","4","3","7"
"r-m","4","3","7"
"R-V-07","2","5","7"
"R0mm0n","3","4","7"
"r2023valentin","3","4","7"
"r2d2weiss","3","4","7"
"r4mirez_27","3","4","7"
"R60099","3","4","7"
"Raash_Kashmiri","3","4","7"
"Rabe19","3","4","7"
"rabindrapanigrahi","3","4","7"
"RachithaR","4","3","7"
"racim1542","4","3","7"
"rada367","3","4","7"
"radheyshyam","4","3","7"
"radiohead_78","4","3","7"
"radmar2","3","4","7"
"Radmehrmozafari","3","4","7"
"Radu_S_Panaite","3","4","7"
"raf1997","4","3","7"
"Rafael3001","3","4","7"
"RafaelL70","4","3","7"
"rafaelrosca","4","3","7"
"rafalmeida2","3","4","7"
"rafamedina13","3","4","7"
"rafapalaciosg","4","3","7"
"RafaPapa1705","3","4","7"
"Rafatzakioqaily8484","4","3","7"
"rafeekh786","3","4","7"
"RAFTAK","3","4","7"
"raghavp","3","4","7"
"Ragnar_Lodbrok1979","5","2","7"
"ragnardz937","3","4","7"
"ragnksaefh","4","3","7"
"ragnorlothbrok","4","3","7"
"rahulaj","6","1","7"
"rahulChk","3","4","7"
"rahulkumar28","3","4","7"
"Rai7527","3","4","7"
"Railos","3","4","7"
"raimundo-freire","3","4","7"
"RaineT","4","3","7"
"Rainstone","4","3","7"
"RajahBruh","4","3","7"
"Rajajano","4","3","7"
"rajesh09","3","4","7"
"Rajiv223","3","4","7"
"Rajumon","4","3","7"
"Raka17","4","3","7"
"rakesh_kumaran","4","3","7"
"Rakib-Ahamad","3","4","7"
"RalfGue","3","4","7"
"Ralph_McNaughton","3","4","7"
"ram31h","4","3","7"
"rama1572","4","3","7"
"RamadanHasani","4","3","7"
"rameen47","3","4","7"
"rameshgkaria","3","4","7"
"rameshnagar46","4","3","7"
"RamilaHerath","3","4","7"
"ramiroski","3","4","7"
"ramn1607","4","3","7"
"Ramon1965","3","4","7"
"ramonsanchezh","4","3","7"
"ramvonemes","4","3","7"
"ramy_2006","3","4","7"
"Ramy2000","4","3","7"
"Rana101","3","4","7"
"Randhir-kumar","4","3","7"
"randhirsachan","4","3","7"
"Randomfischer21","3","4","7"
"randoom001","3","4","7"
"RandyBaruky1","5","2","7"
"Ranga0510","4","3","7"
"Ranjith05","4","3","7"
"RanjitSinghKush","4","3","7"
"RantasaJ","4","3","7"
"Ranul","3","4","7"
"Ranveerraj1009","3","4","7"
"Raoudh","3","4","7"
"rapaoly105","2","5","7"
"Rapheal_Ade","2","5","7"
"Raphix3","4","3","7"
"Rapier5000","4","3","7"
"rappster","5","2","7"
"rarjoon","4","3","7"
"rasadnuwan","3","4","7"
"Rasapodi","3","4","7"
"rasha_56","3","4","7"
"Rashford1","5","2","7"
"Rasim10031971","5","2","7"
"rasoulkashi","3","4","7"
"Raswin_Tanael","3","4","7"
"ratattan","4","3","7"
"RATPaws","4","3","7"
"Rattemann","4","3","7"
"ratzfatz33","3","4","7"
"rauan78","4","3","7"
"rauf_m1","3","4","7"
"rauilitin","3","4","7"
"rauke","3","4","7"
"raumlich","4","3","7"
"Ravi_maverick","4","3","7"
"ravi7282","4","3","7"
"Ravijaya","3","4","7"
"ravirak","4","3","7"
"rawbeeee","4","3","7"
"Rayan_87","3","4","7"
"RayyanAdam14","3","4","7"
"rbrotigan","4","3","7"
"RC1973","4","3","7"
"RCroy","4","3","7"
"rcstinson","2","5","7"
"rdegala","3","4","7"
"rdex13","3","4","7"
"Rea_Mex","3","4","7"
"ReadChomsky","5","2","7"
"reaffogato","4","3","7"
"real_cool_club","3","4","7"
"realdostt","1","6","7"
"realitysmex","3","4","7"
"Reallukas","4","3","7"
"RealTimApple","4","3","7"
"REBELOVISKI","3","4","7"
"reborn62","3","4","7"
"RecepD1949","5","2","7"
"Red_Wings_15","4","3","7"
"redhood1905","4","3","7"
"Redlow","3","4","7"
"RedWingsFF","3","4","7"
"reece1233","4","3","7"
"Regalwitch","4","3","7"
"RegiQueen","3","4","7"
"regis1234321","4","3","7"
"regularsizedhammer","4","3","7"
"Reiak","3","4","7"
"ReigningKing313","3","4","7"
"rejhio","3","4","7"
"Releyshik","3","4","7"
"remi-t","4","3","7"
"Renalvis","4","3","7"
"Renat2014Hannyk","3","4","7"
"RenatoGenerale83","4","3","7"
"RenatoMensch","3","4","7"
"renatopzt","5","2","7"
"Renaud32","3","4","7"
"Rene-Riffo","3","4","7"
"Rene011982","4","3","7"
"renselmatthew","4","3","7"
"Renzo89","4","3","7"
"Resok227","1","6","7"
"respectloureed","4","3","7"
"Rest-in-Pieces1","4","3","7"
"resulx03","3","4","7"
"Return_of_theking","3","4","7"
"revuelto","4","3","7"
"reyansh4u","3","4","7"
"reydedama","2","5","7"
"reydereyesss","3","4","7"
"reza138907","2","5","7"
"reza3032","3","4","7"
"rezaeiy","4","3","7"
"Rezanepo","4","3","7"
"Rezapal59","3","4","7"
"rezarezaei","4","3","7"
"rezarizorezo","2","5","7"
"rezasoltani","3","4","7"
"rfobel","4","3","7"
"Rfp007","3","4","7"
"rg_xpert","4","3","7"
"RH1893","2","5","7"
"Rhayanne","4","3","7"
"Rhoam_Bosphoramus_8","4","3","7"
"RicardoAguiar","3","4","7"
"RicardoVagner","4","3","7"
"RiCavaliere","4","3","7"
"richardkawan06","3","4","7"
"rickchefe4321","3","4","7"
"rickytickytavy","4","3","7"
"ricopernes","3","4","7"
"rida123566","4","3","7"
"ridhaangoel","3","4","7"
"RidhamGrace","3","4","7"
"Rifatbibi","3","4","7"
"Rife","3","4","7"
"Rigason","3","4","7"
"Rigbidhan1205","3","4","7"
"rijakwely","4","3","7"
"Rijo20","4","3","7"
"Rik70","4","3","7"
"RimarKamaran8","4","3","7"
"rinar1","4","3","7"
"ring1234","3","4","7"
"Rio-Jonathan","2","5","7"
"Rioja68","3","4","7"
"RioLaMascotte","3","4","7"
"riosathish","3","4","7"
"ripampa","1","6","7"
"Rishat1949gr","3","4","7"
"Rishi_0124","4","3","7"
"Rishik_123456","3","4","7"
"rJravaan","3","4","7"
"rkbhattar","3","4","7"
"rkh71","3","4","7"
"RKRamayya","4","3","7"
"Rlzn","4","3","7"
"RM1970","3","4","7"
"rmkslm","3","4","7"
"RMoroyoqui","4","3","7"
"roar_arn_1","4","3","7"
"Robasop41","4","3","7"
"Robelle","4","3","7"
"RoberCitroen","4","3","7"
"Robert_Mugabased","4","3","7"
"Robert-1_a","3","4","7"
"robertino27","3","4","7"
"robertkarl","4","3","7"
"robertmalone","3","4","7"
"roberto_55","4","3","7"
"Robin_16","3","4","7"
"robin7522","2","5","7"
"robis13","4","3","7"
"Robkay","3","4","7"
"RobRoy23","3","4","7"
"RobTheTrawlerman","5","2","7"
"RockM4n","4","3","7"
"rocknemesis","4","3","7"
"rockpower56","2","5","7"
"Rodion_2000","4","3","7"
"rodolph44","3","4","7"
"rodri_ajedrez","4","3","7"
"Rodrigo_Leal","4","3","7"
"Rodriguez0331","3","4","7"
"rodryarq","4","3","7"
"rogelio94558","4","3","7"
"Rogell","3","4","7"
"RogUE_op","4","3","7"
"rohancooray","3","4","7"
"Roka47","4","3","7"
"rokitabd","4","3","7"
"Roland_Alquimista","2","5","7"
"Rolandas_J","2","5","7"
"RolandSchmidt","4","3","7"
"RolBorch","3","4","7"
"rollercoasteradam","4","3","7"
"roma_temyak","4","3","7"
"Roma123B","4","3","7"
"Roma753ac","3","4","7"
"Roman07_Drapak","4","3","7"
"Roman2811","2","5","7"
"Romanoso","2","5","7"
"Romco77","2","5","7"
"romeli1","4","3","7"
"Romerroces","4","3","7"
"RomulusAugustul","3","4","7"
"ronaldkho123","3","4","7"
"ronaldojeet","3","4","7"
"Rong101","3","4","7"
"ronnieluvzweiner","3","4","7"
"RonnyFelix","4","3","7"
"ronsuanettie","4","3","7"
"rooholla5141","5","2","7"
"rook_lee29","3","4","7"
"Rook_Less","4","3","7"
"rookiechessplayer2","3","4","7"
"rookityrook","4","3","7"
"Rookloving-Rookie","3","4","7"
"Rooks2power","4","3","7"
"rootforch","4","3","7"
"rorohit","3","4","7"
"roronoa2022","4","3","7"
"Rosa_Silvio","4","3","7"
"Roshaun07","4","3","7"
"RosLuck","3","4","7"
"rossmen","3","4","7"
"RostikLipin","4","3","7"
"Rostyk_Ukraine_Kyiv","3","4","7"
"Rostyslav_Yakhno","2","5","7"
"Roter_Baron08","4","3","7"
"Rotterkappe","4","3","7"
"Rotu1","3","4","7"
"roua","4","3","7"
"Roverto8a","3","4","7"
"Roxe8","3","4","7"
"roy13880","3","4","7"
"ROYAARYAN","4","3","7"
"royaurko","2","5","7"
"roydinchess","4","3","7"
"Rsahosanhabib","4","3","7"
"rscarpa","3","4","7"
"rtakeall","3","4","7"
"rtid","2","5","7"
"rtnb","3","4","7"
"rtrathi","4","3","7"
"Rtvthjdj","3","4","7"
"ruan12","4","3","7"
"Ruben197","3","4","7"
"rudikmaz1952","3","4","7"
"rudikos","5","2","7"
"rudy1988","4","3","7"
"ruhudirector","6","1","7"
"RumaKing","4","3","7"
"rumi230843","3","4","7"
"Rumie12","4","3","7"
"RUNART","3","4","7"
"Rup_knight","3","4","7"
"RupertPupkin1010","4","3","7"
"rushabh_space","4","3","7"
"RushanRussia","3","4","7"
"ruskiq85","4","3","7"
"RusKrab","4","3","7"
"Ruslan4747","3","4","7"
"rusmonster","4","3","7"
"russian_kantian","3","4","7"
"RussianTennisPro","3","4","7"
"rustam_vagizov16","3","4","7"
"rustamjon1954","3","4","7"
"Rustinpiece","3","4","7"
"RutgerHesse","4","3","7"
"RuvaLiya","2","5","7"
"ruzgarsafak24","4","3","7"
"RyadY","3","4","7"
"ryankg","4","3","7"
"RyanMusquim","3","4","7"
"S_Orlov","4","3","7"
"S_V_Rachmaninoff","4","3","7"
"S-1330_cherkaev","3","4","7"
"S-Egor_168168","4","3","7"
"s0tanax","4","3","7"
"S1R_Y0G","3","4","7"
"s3elonka","3","4","7"
"s4c3","3","4","7"
"S4NGOTEN","3","4","7"
"S7SNQ","4","3","7"
"saam2016","3","4","7"
"sabosaboseb123","4","3","7"
"Sabrina69","3","4","7"
"Sabukanov","3","4","7"
"Sachin2012","5","2","7"
"Sada20","3","4","7"
"Sadalinimesha","3","4","7"
"Sadeghbasiry74","3","4","7"
"saed69","3","4","7"
"saeedjalilvand","1","6","7"
"saeedo","4","3","7"
"SaeedSE","4","3","7"
"saeedshokrzadeh92","4","3","7"
"safaluna12","4","3","7"
"Safinchess","4","3","7"
"Saftorik_333","3","4","7"
"sagenwald","2","5","7"
"SageRoche","4","3","7"
"Sagita12","3","4","7"
"Sagitarius03","3","4","7"
"sah09","2","5","7"
"sahalibaba","2","5","7"
"sahaljethra","3","4","7"
"sahasra21016","3","4","7"
"Sahilproop","2","5","7"
"Sahir2011","4","3","7"
"sahisafavi","4","3","7"
"Sahishhnu","3","4","7"
"SAID_OSVALDO-OJED4","3","4","7"
"SaidAzari","3","4","7"
"saidchess","4","3","7"
"saidsamadov","3","4","7"
"Saigid","3","4","7"
"saikat78","3","4","7"
"sairdoui15","2","5","7"
"saityigitd","3","4","7"
"Sajan_Issac","3","4","7"
"Sajensen","3","4","7"
"SakabaevNurlan","4","3","7"
"SakshamSR","3","4","7"
"Saksonets","4","3","7"
"Saladin54","4","3","7"
"salah1525","3","4","7"
"Salehbilal","4","3","7"
"salih6931","3","4","7"
"Salingart","3","4","7"
"salnikovkk","3","4","7"
"Salohiddin61","3","4","7"
"salvador2210","4","3","7"
"salvadorkahatt","3","4","7"
"Sam_Kupriyanov","5","2","7"
"SamadovSirojiddin","4","3","7"
"samavat_la","2","5","7"
"samay_the1","4","3","7"
"sameer124","4","3","7"
"Sameralnjm","3","4","7"
"Samila23","3","4","7"
"samilibo","5","2","7"
"SAMIRAFIODDIN","4","3","7"
"SamiraSha","4","3","7"
"samirbavishi1","4","3","7"
"sampath06","4","3","7"
"Sampey","4","3","7"
"Sampiyon_Mehmet_Abi","3","4","7"
"SamsiSam","4","3","7"
"Samson77","4","3","7"
"samsonprochli","4","3","7"
"SamuelBaskar","5","2","7"
"samuelito81","4","3","7"
"SamuMurzia","4","3","7"
"Samuraicriollo13","4","3","7"
"san27joy27","3","4","7"
"Sandanu-AC","3","4","7"
"Sandeep6877","3","4","7"
"sandip20212","3","4","7"
"sandman20isbeast","3","4","7"
"Sandre33","3","4","7"
"Sandrinhow","4","3","7"
"Sandro27660","4","3","7"
"Sandrosolution","3","4","7"
"Sandyy2907","4","3","7"
"Sanguico","3","4","7"
"Sanj8eev","4","3","7"
"sanjay_the_biggener","2","5","7"
"sanjay83","3","4","7"
"Sanjayparmar","3","4","7"
"Sanjeet_V","3","4","7"
"Sanjeevps123","3","4","7"
"sanjev_1234","4","3","7"
"Sanjib_Chatterjee","2","5","7"
"sanjiva666","4","3","7"
"sanjivkumar1085","4","3","7"
"sanjuyrain","4","3","7"
"sankar94","4","3","7"
"sanket_chess_profile","1","6","7"
"SankyJoshi","3","4","7"
"SANrasta","4","3","7"
"sanrich","4","3","7"
"sansanych92","4","3","7"
"Santa_alex","4","3","7"
"santanuA","3","4","7"
"santitititu777","2","5","7"
"SANTOS_CHUQUIZUTA","3","4","7"
"SantoshParamshetti","3","4","7"
"sanvel1","3","4","7"
"Sanyalolik","3","4","7"
"Sapartolman","4","3","7"
"SapogXIX","3","4","7"
"Saraa20252000","4","3","7"
"Sarabande","3","4","7"
"Saraela123","4","3","7"
"SaraK_OFS","4","3","7"
"saravananm","4","3","7"
"Sarcal","3","4","7"
"sarea_252907","3","4","7"
"sarman_70","4","3","7"
"sarthak_kakkad-2003","3","4","7"
"sarthak770","4","3","7"
"sarthakaggarwal","4","3","7"
"Sarthjain2015","4","3","7"
"Sarveshvarren","4","3","7"
"sas44210","4","3","7"
"Sasha_1111","4","3","7"
"Sasha_61","3","4","7"
"Sasha_kutkofff","3","4","7"
"Sasha1972_s","3","4","7"
"sashkashah","5","2","7"
"Sasistatistician","4","3","7"
"sasmin1","4","3","7"
"Sasuuuuke","3","4","7"
"sat8321","4","3","7"
"sathishkumart","4","3","7"
"sathishsuriya","4","3","7"
"satoshinakamoto2008","6","1","7"
"Satvati_S54","4","3","7"
"satvik_Aggarwal","2","5","7"
"Saul_Tigh","3","4","7"
"SavchenkoG","3","4","7"
"saverix","3","4","7"
"SavinV2457","4","3","7"
"SAvril17","4","3","7"
"Savushkin_Mikhail","3","4","7"
"sayapantera","3","4","7"
"Sayhan1","3","4","7"
"SAYONARABOY666","3","4","7"
"sazz_chaini","4","3","7"
"SB1975","3","4","7"
"sbu11","4","3","7"
"Sc4RleT","4","3","7"
"Scaccolapo1978","3","4","7"
"Scalareal","5","2","7"
"scardanelli7","2","5","7"
"scbaom","4","3","7"
"scg2023","4","3","7"
"SCHACH-1954","5","2","7"
"SchachbrettZauberer","3","4","7"
"schachistschoen987","6","1","7"
"schachoetinghausen","4","3","7"
"Schachpille","5","2","7"
"Schachteufel","4","3","7"
"Schachzach","4","3","7"
"Scharrelaar","3","4","7"
"schlieri","3","4","7"
"Schmittie","3","4","7"
"Schnadder","5","2","7"
"schnecken_bot","4","3","7"
"Schoolastic93","5","2","7"
"schrankovic","3","4","7"
"schrauti","4","3","7"
"scjun","3","4","7"
"sco0113","2","5","7"
"scorpion2222","3","4","7"
"scorpionfanger","4","3","7"
"scottdavis2011","4","3","7"
"scptw","4","3","7"
"Scrive","4","3","7"
"Scullblast","4","3","7"
"sd321982","3","4","7"
"sealbreaker123","4","3","7"
"Sean_111","4","3","7"
"seanyy18","3","4","7"
"searussianfederation","4","3","7"
"seasonalfriend","4","3","7"
"Sebas_Lorenzana_CR","5","2","7"
"Seblucz","4","3","7"
"sedoff","4","3","7"
"sedziadredo","4","3","7"
"see1face","4","3","7"
"sefakkk","4","3","7"
"seferotrock","4","3","7"
"Segala","4","3","7"
"segonca","4","3","7"
"seifmohy","3","4","7"
"SeifRmady_1","3","4","7"
"seihann","3","4","7"
"sejeremane","2","5","7"
"seledtsov","4","3","7"
"selim59","4","3","7"
"selimip","3","4","7"
"selucidantiochus","3","4","7"
"Sem_Legenda","3","4","7"
"sembranitroya","3","4","7"
"Semenovshef","3","4","7"
"Semihdg21","3","4","7"
"semleroy","3","4","7"
"Sen_Kitaro","3","4","7"
"senidi05","3","4","7"
"SenjuHashirama","4","3","7"
"Senku3000","3","4","7"
"SentossX","4","3","7"
"seo0305","3","4","7"
"sepinoud92","4","3","7"
"Ser_Bul","4","3","7"
"Serafim0","4","3","7"
"seragei","4","3","7"
"Seregin75","3","4","7"
"serenitynow1","4","3","7"
"Serey-S-S","4","3","7"
"Serg1607","4","3","7"
"sergeanteremin","3","4","7"
"Sergei_gaz","4","3","7"
"Sergei202323","4","3","7"
"sergeigenkin","3","4","7"
"SergeiSergei","4","3","7"
"Sergej15","3","4","7"
"sergejzjuganovaleks","4","3","7"
"Sergey_Dyabkin","2","5","7"
"SERGEY_KUZNESOV","3","4","7"
"Sergey_Zelenyak","3","4","7"
"Sergey087","4","3","7"
"Sergey1005","3","4","7"
"SergeyTsykura","4","3","7"
"SergijM123","3","4","7"
"SergioGreen","4","3","7"
"serhinator","4","3","7"
"Serhioxxx","4","3","7"
"SeriousBou","4","3","7"
"SerjTapout","3","4","7"
"SeroketWBA","4","3","7"
"serraoj","4","3","7"
"Sersch3","3","4","7"
"servodelsignore","3","4","7"
"Severyn_P","3","4","7"
"sevim_32","2","5","7"
"Sexeniuss","3","4","7"
"SeyedJaber","2","5","7"
"seylili","3","4","7"
"Sezar86","3","4","7"
"sgarin","4","3","7"
"sgrrajan62","4","3","7"
"sha_rath_m_gowda","4","3","7"
"Shaan2","1","6","7"
"shackil32","3","4","7"
"shadmehr800","3","4","7"
"ShadowPro94","3","4","7"
"shadrach1","4","3","7"
"shadrachmwaba","4","3","7"
"SHADRICK89","3","4","7"
"shady_zeko007","2","5","7"
"Shah_Mostafa","4","3","7"
"shahramkaramzadeh53","3","4","7"
"shahyaser","4","3","7"
"shaidarov","3","4","7"
"shailesh777","4","3","7"
"shailin1401","3","4","7"
"Shakinsyb","5","2","7"
"Shalagoc","4","3","7"
"ShalomBoy","3","4","7"
"Shanavas78","4","3","7"
"shantsef","5","2","7"
"ShaposhnikovNikita","4","3","7"
"sharad_76","3","4","7"
"sharif2020","4","3","7"
"Sharifulislam1982","3","4","7"
"Sharinganboi01","4","3","7"
"Shark_Dodson","3","4","7"
"SHARWISH25","3","4","7"
"shashankchessb","4","3","7"
"shashkichapaev","5","2","7"
"ShashwatSrivastava10","4","3","7"
"Shatturanga","3","4","7"
"shaver22","3","4","7"
"ShaymardanovAlbert","4","3","7"
"SheldonTheory","4","3","7"
"shen0052","4","3","7"
"shen0057","1","6","7"
"shen0065","3","4","7"
"Sherstikov","3","4","7"
"shesmaria","3","4","7"
"SHESS5678","3","4","7"
"Shetside","3","4","7"
"shettymahes","3","4","7"
"Shevchenko_Anatoly","4","3","7"
"Shevchenko_Kostia","4","3","7"
"shherahmet","3","4","7"
"shide","3","4","7"
"Shikari_11","3","4","7"
"Shikw","3","4","7"
"Shin_dg","2","5","7"
"Shishirmukkala","4","3","7"
"shiva2848","4","3","7"
"shivanshuraushan","3","4","7"
"Shivesh18oct","4","3","7"
"Shkolnik2016","4","3","7"
"Shnakes","4","3","7"
"Shobha_Shivamogga_09","4","3","7"
"shobhanaaP13_S1","4","3","7"
"Shotaro27","3","4","7"
"ShoukoKomi","3","4","7"
"shourya2711","4","3","7"
"Shrakuyadav","4","3","7"
"ShreyanMookerjee","3","4","7"
"shreyaskingdom981175","3","4","7"
"ShridotG","3","4","7"
"Shriram2356","4","3","7"
"ShriSashreek","4","3","7"
"Shubh_SInGh","3","4","7"
"Shubham_Das77","3","4","7"
"shubham2412","3","4","7"
"Shubham7355","3","4","7"
"shubhamsol","2","5","7"
"ShukhratUS","4","3","7"
"shukla19","4","3","7"
"Shura_Piton","3","4","7"
"shuzslaw","2","5","7"
"SI-RUP","4","3","7"
"Siamak1339","4","3","7"
"SiavaMan","3","4","7"
"sibolis","3","4","7"
"Sibseratyragur","3","4","7"
"SibuDuttaSahoo","4","3","7"
"SiChess111","3","4","7"
"SicillianDefense101","4","3","7"
"Sidchess9","3","4","7"
"SiddharthPandey4","4","3","7"
"Siddhu09","3","4","7"
"sidfloyd","3","4","7"
"sidh_bizzare88","4","3","7"
"Sidhanshshah","4","3","7"
"sidhu2030","3","4","7"
"sidoree","3","4","7"
"SidorkinSaveliiD","4","3","7"
"sieg2023","3","4","7"
"siger222","3","4","7"
"Sigmard","4","3","7"
"sikka007","3","4","7"
"silasjayden","4","3","7"
"silker06","4","3","7"
"SilvanaSuarez","4","3","7"
"SilverIsInChess","3","4","7"
"Silvidos","4","3","7"
"Sim1607","3","4","7"
"Simbamkali","3","4","7"
"simbasamba","4","3","7"
"Simjoc","4","3","7"
"Simka51","3","4","7"
"simme","4","3","7"
"SimmLa","3","4","7"
"SimmyMA","2","5","7"
"Simon-Skypala51_2013","4","3","7"
"Simon0976706733","4","3","7"
"SimonBLG","4","3","7"
"Simone144","3","4","7"
"SimpleChessEngine","2","5","7"
"simpleEval","3","4","7"
"Sina1677","6","1","7"
"sinabarani94","4","3","7"
"SinadhiWijesinghe","3","4","7"
"sinan2001","3","4","7"
"sinaralam","4","3","7"
"sindab","3","4","7"
"sineD2013","4","3","7"
"Sinemb","4","3","7"
"Singh10Ishan","3","4","7"
"Sinischa22","2","5","7"
"SinisterMagnus301","3","4","7"
"Siphagle","3","4","7"
"sipion-91","3","4","7"
"sipkiper","4","3","7"
"Sir_Nicolas_Muller","5","2","7"
"sirius495","3","4","7"
"siross","4","3","7"
"SirotkinSN","3","4","7"
"SirTobi02","4","3","7"
"siryeti","4","3","7"
"sis2015","3","4","7"
"sisyphe1957","4","3","7"
"SitOnMyBishop","3","4","7"
"siva5761","4","3","7"
"sixsixxsixxx","3","4","7"
"sjetley","3","4","7"
"sk1030","4","3","7"
"SkaakMal","3","4","7"
"Skaylub","2","5","7"
"SKdish","4","3","7"
"SkinVenom6","4","3","7"
"skmay06","3","4","7"
"skoczekf3","4","3","7"
"Skogstrollet","3","4","7"
"Skorpioss","4","3","7"
"Skp_71","4","3","7"
"skregik2","4","3","7"
"skrogger69","3","4","7"
"slaba-tabaka","4","3","7"
"Slava_Botnaru72","3","4","7"
"slavejko35","4","3","7"
"slavisa122","3","4","7"
"sleeksilver","4","3","7"
"sleepymido","3","4","7"
"Slezavka","3","4","7"
"Slonik2023","5","2","7"
"slouma32","5","2","7"
"sltana","4","3","7"
"slubintherabbit","4","3","7"
"slushbag","4","3","7"
"slynme","5","2","7"
"smallZe13","4","3","7"
"smarchenko","3","4","7"
"SmartChessPlayer123","3","4","7"
"Smb1991","2","5","7"
"smiderle_iq","4","3","7"
"Smirnov1994","3","4","7"
"smittal08","4","3","7"
"SmoothSilk","4","3","7"
"smthanki","3","4","7"
"smyslov72","4","3","7"
"snejsn","4","3","7"
"Snellis","3","4","7"
"snipperoo7","3","4","7"
"snoberius","5","2","7"
"Snoopius","4","3","7"
"snorlex3","2","5","7"
"Snowfall5","3","4","7"
"SO71","4","3","7"
"sobaka_alex","3","4","7"
"soberboeing","4","3","7"
"Sodko1226","5","2","7"
"sofia_mazur","4","3","7"
"Sofiolivos0912","3","4","7"
"Software9","4","3","7"
"SohailSudozai","4","3","7"
"SOKACU","4","3","7"
"SOLA_World","3","4","7"
"solakoms","4","3","7"
"Solidvic","4","3","7"
"solo_tres_juegos","3","4","7"
"Solober","3","4","7"
"SoloWolf8","4","3","7"
"Soltis235","3","4","7"
"SOMA1947","3","4","7"
"Son-Of-Grace","4","3","7"
"SonnyL","4","3","7"
"SonyaShest","2","5","7"
"SOOG","3","4","7"
"SophiaHart2006","4","3","7"
"sorel8","4","3","7"
"soslan_soslan","3","4","7"
"soumyasaswatrath","4","3","7"
"soupkitchen","3","4","7"
"Sourav199","4","3","7"
"souravkunal","3","4","7"
"Sourjyadeepdas2","2","5","7"
"sous-fifre","4","3","7"
"SouthSeaPilgrim","4","3","7"
"souzvv2000","3","4","7"
"Sowjan","2","5","7"
"soycarlos1953","3","4","7"
"soyerse","4","3","7"
"soyperrito","3","4","7"
"Sozman","3","4","7"
"spacecoy0te","4","3","7"
"spaguetidelrock","5","2","7"
"spaki_sah","4","3","7"
"Spaldingballs","4","3","7"
"Sparkle_16","2","5","7"
"spartacusmills","4","3","7"
"Spartaschaak","4","3","7"
"sparviero","4","3","7"
"spcoventry","4","3","7"
"spectator3","5","2","7"
"SpeyerEthans","3","4","7"
"spicechateau","4","3","7"
"spinogryz18","3","4","7"
"spirosdimos","5","2","7"
"splendidturkey","3","4","7"
"SporiM","3","4","7"
"Spottswood3","4","3","7"
"springer8","3","4","7"
"SpringMan45","4","3","7"
"spritewithays","4","3","7"
"Sproutvo","3","4","7"
"Spurgeon003","3","4","7"
"sputnik2k","4","3","7"
"spvmohammadspv","3","4","7"
"sqerl","4","3","7"
"SQFFO0912","4","3","7"
"Squaredup","4","3","7"
"sr7m007","3","4","7"
"sree4288319h","4","3","7"
"Sreejith_Kurup","4","3","7"
"sreejithozone","3","4","7"
"Sreenath_Cr","4","3","7"
"SREEPRAV","3","4","7"
"sreeshairam","3","4","7"
"SRESS","3","4","7"
"sreza64","4","3","7"
"srianshs","4","3","7"
"SRIKANTH_SPM","2","5","7"
"SrikanthRam29","4","3","7"
"Srikar-123","3","4","7"
"Srinithi2009","4","3","7"
"Srivatsa-23","3","4","7"
"srivatsasomanchi","5","2","7"
"SrMagdalena","2","5","7"
"SrOnofri","4","3","7"
"SrScholze","4","3","7"
"ss_elhan","3","4","7"
"SS-Steve","5","2","7"
"sskhiro","4","3","7"
"sskim0126","3","4","7"
"ssmmr7","4","3","7"
"SSO-KB-4","3","4","7"
"sspiderman","4","3","7"
"Sss383315","4","3","7"
"St0ss","3","4","7"
"StaLine_12","3","4","7"
"staman777","2","5","7"
"Stanislaw123","4","3","7"
"Starfal1","4","3","7"
"Stargate88","4","3","7"
"STEFAN-B","3","4","7"
"stefano_serafin","3","4","7"
"StefanoDV","4","3","7"
"stefen23","5","2","7"
"Stenzel69","5","2","7"
"stepa_stammer","4","3","7"
"Stepan1337","4","3","7"
"StepanNesterov","4","3","7"
"StepanVasilev","3","4","7"
"Stepanyan_1952","4","3","7"
"STEPHANGERZADOWICZ","3","4","7"
"Stepka_Termenator","5","2","7"
"steq","4","3","7"
"stetho","3","4","7"
"steve-ivanov_1961","3","4","7"
"Stevey111","4","3","7"
"Steviejayb8","3","4","7"
"stevo9-venomTM","4","3","7"
"sthebest99","3","4","7"
"stillrob","3","4","7"
"StipePoljak5","4","3","7"
"stocksy1966","2","5","7"
"Stofer","4","3","7"
"stoky17","3","4","7"
"stolisnik","2","5","7"
"stonefrog","4","3","7"
"storm-chess123","5","2","7"
"Stracle","3","4","7"
"Strange0413","3","4","7"
"Strategovisk","4","3","7"
"stur10","3","4","7"
"sturgii","3","4","7"
"Suarteks","3","4","7"
"subhan_69","3","4","7"
"subhash_9708","4","3","7"
"subinibus","3","4","7"
"subith","3","4","7"
"subodh83","4","3","7"
"SudhanvaSK","4","3","7"
"sueleyman","4","3","7"
"suely_campos","4","3","7"
"SugarAce","4","3","7"
"Sugaryyy","4","3","7"
"sugata7","4","3","7"
"Sugianto-Tjhin","4","3","7"
"SuGroB_na_meste","4","3","7"
"suisf","4","3","7"
"Suji369","3","4","7"
"sukdeb-majumdar75","4","3","7"
"SuleimanAhmad9","3","4","7"
"sulfhi","2","5","7"
"SulisAE_AE","3","4","7"
"Sumit1504","3","4","7"
"Sumitbanerjee","3","4","7"
"Sunch","3","4","7"
"SundarTaker","3","4","7"
"SUPAYPAPUCA","4","3","7"
"super-mik","3","4","7"
"super5nik","4","3","7"
"SuperAlex73","3","4","7"
"superboberr","4","3","7"
"superior77","4","3","7"
"superluminalphoton","4","3","7"
"SUPERMIKE2020","3","4","7"
"Supersavanna","4","3","7"
"supertrebol1000","4","3","7"
"SUPERustam","3","4","7"
"suprateem","3","4","7"
"Supreme_x","4","3","7"
"Suprovo_Mandal","3","4","7"
"SurajSinghShahi008","4","3","7"
"Suronoydas","4","3","7"
"survivalstrokel","3","4","7"
"susiraffaella","4","3","7"
"Sussies_Orkester","3","4","7"
"suyash_x","4","3","7"
"Sv1nqvai","4","3","7"
"sveinavis","3","4","7"
"sven77777777","4","3","7"
"Svensterbrett","3","4","7"
"SvetlanaGord","3","4","7"
"svetush","6","1","7"
"SVK2020","4","3","7"
"svolochuga","3","4","7"
"svrdlo","3","4","7"
"SVSDUBAI","4","3","7"
"swapnilrajbhar99","3","4","7"
"swarangi0508","5","2","7"
"Swat11","3","4","7"
"Swift54","3","4","7"
"SYAFIQqsss","4","3","7"
"Sydera","3","4","7"
"syedaarif123","2","5","7"
"Syilvia","3","4","7"
"Syivan","3","4","7"
"Syndukov-Petr12","4","3","7"
"Syno12","3","4","7"
"syzran7","4","3","7"
"sz8184","4","3","7"
"Szachusmoku","4","3","7"
"Szymon_Min","3","4","7"
"Szymon7","3","4","7"
"t_32","4","3","7"
"t_m_azimov","4","3","7"
"T-2-0-0-0","4","3","7"
"T-Swifty","4","3","7"
"T-vibe","4","3","7"
"t15155","4","3","7"
"T1m0f31","4","3","7"
"T1ssOFF","4","3","7"
"Tababak","4","3","7"
"Tablebender","3","4","7"
"Tacolila1","3","4","7"
"tacticaly79","3","4","7"
"tacticgod","4","3","7"
"Tactleneck","3","4","7"
"Tafik22","4","3","7"
"Tagah","3","4","7"
"Taha40","3","4","7"
"TahaTetouan","4","3","7"
"taifun6767","2","5","7"
"Taitaiosk","4","3","7"
"Tajoronda","3","4","7"
"Takeda1561","3","4","7"
"TakeIt_1","3","4","7"
"takinado","5","2","7"
"tal_mupinduTM","3","4","7"
"talBW","3","4","7"
"TaldoCrioulo","3","4","7"
"tamaz2","3","4","7"
"tamberena","2","5","7"
"Tamburavadak","2","5","7"
"TameemKharrat","4","3","7"
"Tamerlan_Kh","5","2","7"
"TamikPLay261","3","4","7"
"TanchikS","4","3","7"
"tanerygt","4","3","7"
"Tani_chess","4","3","7"
"Tanisha_OFS","3","4","7"
"Tank_1234","2","5","7"
"Tant_pis","4","3","7"
"Tantaineverloss148","3","4","7"
"tap1234","4","3","7"
"tapollon","6","1","7"
"Tarek-565","4","3","7"
"TarekElgendy","4","3","7"
"tarektito87","3","4","7"
"tarigt","3","4","7"
"tarikain","3","4","7"
"tartieret","4","3","7"
"tarunga","3","4","7"
"tasimi65","3","4","7"
"tatagaru0987654","4","3","7"
"TataMalahova","4","3","7"
"tatavrn","2","5","7"
"Tathagata_Chess8810","3","4","7"
"tatiana-26","3","4","7"
"TaticNutrition","3","4","7"
"Tatik2020","3","4","7"
"tatikiztetri","4","3","7"
"tato555","3","4","7"
"TatooineMouret","4","3","7"
"tattan8","4","3","7"
"Tatterhood","4","3","7"
"Tatyana6636-rt_543","4","3","7"
"taxidriver2023","3","4","7"
"taxipeter","4","3","7"
"tayfun-1993","3","4","7"
"TaylerLayne","3","4","7"
"Tayyab_Farooqi","3","4","7"
"Tazo2402","3","4","7"
"TBC_Rama100","3","4","7"
"Tc111","2","5","7"
"tdouglashall","3","4","7"
"tducanh2014thmc","3","4","7"
"te_123","1","6","7"
"Teafour","3","4","7"
"tearuanewone","3","4","7"
"Teboris","6","1","7"
"technomafly","4","3","7"
"TED1251980","3","4","7"
"tedyPaulanto_12345","3","4","7"
"Teimuraz2000","4","3","7"
"TEJASRAJURS","3","4","7"
"telepod","3","4","7"
"telsa","4","3","7"
"Temitope45","4","3","7"
"Tenchan","4","3","7"
"tengpeng1977","3","4","7"
"tenshi_shi","5","2","7"
"Teo_Cesar","4","3","7"
"TEOANDREI","4","3","7"
"TeodoraG","3","4","7"
"TeoMazzarella","4","3","7"
"teoricodelgioco","2","5","7"
"TER52","3","4","7"
"terafliu","4","3","7"
"Ternavsky","3","4","7"
"TERNOPIL","3","4","7"
"Terra849","4","3","7"
"TerraNova_8U","4","3","7"
"TerribleScandinnave","4","3","7"
"TerrilPrince","4","3","7"
"tese1969","5","2","7"
"TeslaV100","3","4","7"
"teso72","4","3","7"
"Tesseracti","4","3","7"
"tew1s","3","4","7"
"Tewk","3","4","7"
"tex_1","4","3","7"
"thabomosenthal","3","4","7"
"thajaenker","4","3","7"
"thanasis46","3","4","7"
"thangyt01","4","3","7"
"ThanhAnPCT","4","3","7"
"thanos66","5","2","7"
"THAONHI2016TA2-TB","4","3","7"
"Tharman18","4","3","7"
"That_Underdog","4","3","7"
"ThatNikqa","3","4","7"
"THD_NPDangKhoa2014","4","3","7"
"The_Alchemist_69","4","3","7"
"the_gory","4","3","7"
"the_huge_freak","2","5","7"
"the_Knight_Templar","4","3","7"
"the_LowDown","4","3","7"
"The_Sleepy_Guy","4","3","7"
"the_zohan","4","3","7"
"The-mediator","3","4","7"
"The1Joker","3","4","7"
"thebestchessplayer20","2","5","7"
"TheBuckThunder","3","4","7"
"thedemondrum","4","3","7"
"thedestroyer24","3","4","7"
"TheGodmakerY","3","4","7"
"TheJawsOf","4","3","7"
"theLordSkeezus","4","3","7"
"themyth31","4","3","7"
"Thenapster123","2","5","7"
"TheNN1122","4","3","7"
"theoabe","3","4","7"
"Theobel","4","3","7"
"ThePagan","4","3","7"
"theplaguedoc14","2","5","7"
"thepuninsher1","3","4","7"
"TheRedAndBlueChess","4","3","7"
"TheRoyalPlayer","4","3","7"
"TheTheos","3","4","7"
"thiago06","5","2","7"
"ThiagoCastelo","4","3","7"
"thiagochizz","3","4","7"
"Thiagopsy","4","3","7"
"Thibaud5692","3","4","7"
"THIENNHAN2016-TB","4","3","7"
"thijs1111","4","3","7"
"Thinhvip92","3","4","7"
"thirddash","3","4","7"
"ThisTroy","4","3","7"
"Thiyagi2u","4","3","7"
"Thmyris","2","5","7"
"Thoughtful_Hooshang","3","4","7"
"ThrilledCrab","4","3","7"
"throughadoor","3","4","7"
"THTA1977","4","3","7"
"Thulana","3","4","7"
"Thumtact","4","3","7"
"Tiaac","3","4","7"
"Tiago_jaque","4","3","7"
"tiagoborcath","4","3","7"
"Tiama_H","3","4","7"
"tibi23","4","3","7"
"ticchi","4","3","7"
"ticl","4","3","7"
"Ticulica","3","4","7"
"Tido3","3","4","7"
"TidySingingGoggles","3","4","7"
"Tiedcapybara62","4","3","7"
"tiendung7b","3","4","7"
"Tigerspots","4","3","7"
"Tightknit2damax","3","4","7"
"tigreduzoo","3","4","7"
"tim_stffn","3","4","7"
"Tim1009","4","3","7"
"Tim55555","2","5","7"
"Tima-2312","3","4","7"
"timafeyka","4","3","7"
"timbooo121","4","3","7"
"timeisgoing","4","3","7"
"timfaketon","3","4","7"
"timka_1306","3","4","7"
"Timothysarmiento","5","2","7"
"Timur_69","3","4","7"
"Timur_Akhmetov","4","3","7"
"timur7777","4","3","7"
"TimurIvanov","4","3","7"
"Timurmurs","4","3","7"
"TINOVANFLEET","5","2","7"
"tinuswolf","4","3","7"
"tiokekanha","4","3","7"
"tirreno","4","3","7"
"Tiss29","3","4","7"
"Titan_Tanos","4","3","7"
"Titancamaraman_2014","3","4","7"
"TitanChess-2022","3","4","7"
"titifun","3","4","7"
"tito48","4","3","7"
"tiz69","2","5","7"
"tjigorin","3","4","7"
"Tjokke67","3","4","7"
"TK1984","4","3","7"
"Tkiss0","3","4","7"
"TKS-JAX-ColtonC1","4","3","7"
"tlO_u_Olp","4","3","7"
"TMK_vk","4","3","7"
"tmodel66","5","2","7"
"tneznajko7","4","3","7"
"Tntleok","3","4","7"
"To4ilka","3","4","7"
"Toad5T","4","3","7"
"TobiasOvermark","3","4","7"
"Tobynate","3","4","7"
"Tobzn4","3","4","7"
"ToddLiFondler","3","4","7"
"togaaiiaa","3","4","7"
"Tojasoslecso","3","4","7"
"Tolebi","3","4","7"
"tolomika","3","4","7"
"tom47ato","3","4","7"
"Tom865","3","4","7"
"tomas_75-2014","3","4","7"
"tomas2017","3","4","7"
"tomassherriff","4","3","7"
"tomatesicoactivo","4","3","7"
"tomcat73","5","2","7"
"tomcio850524","5","2","7"
"tomdrex","4","3","7"
"TomilolaXTHV","4","3","7"
"Tommius","5","2","7"
"tommytommy43","5","2","7"
"tompaszabi","3","4","7"
"TomTom86","3","4","7"
"tonchik36","4","3","7"
"Toni-M","3","4","7"
"Tonidamigo","3","4","7"
"Tonikosova","4","3","7"
"tonimontana11","3","4","7"
"Tonney25","4","3","7"
"tonweliton","5","2","7"
"Tony1005","3","4","7"
"TonyZZ","3","4","7"
"too_boo_ku","3","4","7"
"toolarge4life","3","4","7"
"topas","2","5","7"
"TOPDOG10","4","3","7"
"topwobble","2","5","7"
"TorbakOmur","3","4","7"
"torigomoku","5","2","7"
"toronegro69","3","4","7"
"TORREPI","4","3","7"
"toseman","3","4","7"
"Toshinetatean","3","4","7"
"Toska-1661","3","4","7"
"Toto-shrek","3","4","7"
"toto639","3","4","7"
"toto95","2","5","7"
"ToxicPunk","4","3","7"
"tpmasamba","3","4","7"
"traffic_sign_br","5","2","7"
"trajce99","3","4","7"
"tramloy","3","4","7"
"trankhanhtoan","4","3","7"
"Transmissiya","3","4","7"
"Transparentnoir","4","3","7"
"Trantheninh1987","3","4","7"
"Treeon","3","4","7"
"Tref13","2","5","7"
"Trepezdon","4","3","7"
"Triodo955","4","3","7"
"Trisis","3","4","7"
"triskac","3","4","7"
"tristan_rc","2","5","7"
"TRITON_79","3","4","7"
"tritri25","4","3","7"
"Triumph30fdn","2","5","7"
"triumphant_underdog","4","3","7"
"trivillimsii","2","5","7"
"Trkaya7","2","5","7"
"trlislm","4","3","7"
"tropikO_O","3","4","7"
"trosieja","4","3","7"
"TrottyM","4","3","7"
"trubadur-manul25","4","3","7"
"trunghieuhxh6a","3","4","7"
"Truongdaiduong170812","4","3","7"
"Tsep007","4","3","7"
"tsetsegmaa","4","3","7"
"TshosaneKB4","4","3","7"
"Tsmuji","4","3","7"
"Tsogoo71","3","4","7"
"tsukasa2","4","3","7"
"ttm8888","3","4","7"
"ttplayer82","4","3","7"
"Tuankiet151015-TB","4","3","7"
"Tuba-12","3","4","7"
"TUBENTNCM","4","3","7"
"tuggi567","3","4","7"
"TuksuBot","3","4","7"
"tuku_tenya","4","3","7"
"Tumar-2016god","3","4","7"
"Tumii9","4","3","7"
"Tunahan41","2","5","7"
"Tuncay_75","4","3","7"
"TungstenCeWiu","3","4","7"
"tupacschachuhr9262","3","4","7"
"tupt","3","4","7"
"turbohenk3000","4","3","7"
"Turbonox","4","3","7"
"Turist_1966_n","3","4","7"
"turkuazcom","4","3","7"
"TurkWorldBest","4","3","7"
"turochamp-1ply","3","4","7"
"tusharmehta","3","4","7"
"tuttulit","3","4","7"
"TVARDHAN2011","4","3","7"
"Twister1979","3","4","7"
"TwisterVIP","3","4","7"
"ty1980","3","4","7"
"TYH_chooky","4","3","7"
"TylerTheCollec2","3","4","7"
"Tymekznajdzie0","4","3","7"
"Tyranno","4","3","7"
"TYTienThanh2010","4","3","7"
"TyTohaMonchik","3","4","7"
"Tzadik1","3","4","7"
"Ubaldoray","3","4","7"
"UCANEGNOR","3","4","7"
"uchiha-22","4","3","7"
"Udgin","3","4","7"
"udheera","3","4","7"
"uesedebe","4","3","7"
"uga40","4","3","7"
"ugm1987","3","4","7"
"Ujaaa","4","3","7"
"ujcnm","4","3","7"
"ukazioa","3","4","7"
"ukdeepakraj","3","4","7"
"ulasamadeniz","4","3","7"
"ullalalasuper1979","3","4","7"
"ulma02","3","4","7"
"Ulpins_Holger","4","3","7"
"ultradanav69","3","4","7"
"Ultrahealth","4","3","7"
"ultratoxo","3","4","7"
"ULUDAGR","4","3","7"
"UmarWaqar09","4","3","7"
"umixxx","4","3","7"
"UN3415","4","3","7"
"Unal1978","3","4","7"
"unicornian234","3","4","7"
"unicornn56","3","4","7"
"unthinker","4","3","7"
"UntiringHorse","5","2","7"
"Unumunkh2015","3","4","7"
"unvisibleumpire","4","3","7"
"uoyra","4","3","7"
"URA2021","2","5","7"
"UraArs","2","5","7"
"URIY1970","3","4","7"
"Uriziel79","4","3","7"
"Uruihan","4","3","7"
"User2021AII","3","4","7"
"usernameislooser","4","3","7"
"UserPatrick","4","3","7"
"USSR_S11399","2","5","7"
"UtahUtes","4","3","7"
"Utep23","4","3","7"
"UtheG","4","3","7"
"uthmeene","4","3","7"
"utkudgn","3","4","7"
"utyf_fi","4","3","7"
"uuganaa7","4","3","7"
"uuu2","3","4","7"
"uvwvs","3","4","7"
"Uxchet","4","3","7"
"uyrigrek","3","4","7"
"uzeebnuuduuhuu","3","4","7"
"Uzi2023","4","3","7"
"v_a_v_7","2","5","7"
"V_I_N_C_E","4","3","7"
"V_mhiden_souet_V","4","3","7"
"v-i-s-h-a-l","2","5","7"
"V-wolf17","4","3","7"
"vab1988","3","4","7"
"VaccaroUK","4","3","7"
"Vadim707","4","3","7"
"Vadimintelectyal","4","3","7"
"VadimKlein","2","5","7"
"VadymK2007","5","2","7"
"Vaggelis_oud","4","3","7"
"vahid_shahbazi","3","4","7"
"VahidMoumeni","3","4","7"
"Vaibhavdugar25","3","4","7"
"Valeee2277","3","4","7"
"Valeriiy_61","3","4","7"
"Valerio74","4","3","7"
"valeriy8208","4","3","7"
"VaLeRka228","4","3","7"
"Valeron1232","3","4","7"
"Valery1949","4","3","7"
"Valet13","3","4","7"
"ValkaQQ7","3","4","7"
"valkyrie83","3","4","7"
"Vallare","3","4","7"
"valois16730","3","4","7"
"Valter1952","4","3","7"
"Valtri","3","4","7"
"Valya2012","4","3","7"
"Valydpk","3","4","7"
"Vamosprariba","4","3","7"
"vamsivaila","2","5","7"
"vand3ff","3","4","7"
"Vanela999rus","2","5","7"
"Vanischess","2","5","7"
"Vanka18","4","3","7"
"vaqifqu","4","3","7"
"vaquinha57","4","3","7"
"varma27","3","4","7"
"Varshan2013B","3","4","7"
"Varvara206","5","2","7"
"Vasco_NRZC","4","3","7"
"Vasco222","3","4","7"
"vasicakobasica","3","4","7"
"VasilievKD","4","3","7"
"VasiliyM8","4","3","7"
"VasiljDavidovic","3","4","7"
"Vasqueire","4","3","7"
"vatsal23695","3","4","7"
"vazoncris","3","4","7"
"Vbain009","3","4","7"
"vbif1972","4","3","7"
"VC-TranDuyAnh","3","4","7"
"vchopade","4","3","7"
"vcZEZO","3","4","7"
"VE000","4","3","7"
"veagirliyukondul34","4","3","7"
"Vectorman","4","3","7"
"vedant8top","3","4","7"
"veejay2021","4","3","7"
"Veera7789","3","4","7"
"veetos","4","3","7"
"Venance","4","3","7"
"vencor_09","3","4","7"
"VengeanceThrill","4","3","7"
"Verito29","3","4","7"
"Verlo","3","4","7"
"Vernik60","4","3","7"
"Vernonimous","4","3","7"
"vertebrado","3","4","7"
"VeselinVelinov","2","5","7"
"Vesko_Delic","4","3","7"
"Vesn4","4","3","7"
"Vesna_sluzba","3","4","7"
"vetal68","4","3","7"
"vetsaiz","3","4","7"
"vexplorer","3","4","7"
"Viacheslav999","4","3","7"
"vick2018","4","3","7"
"Vicovicovico","4","3","7"
"victor1941","4","3","7"
"Victoria_Isabel","3","4","7"
"VictorMMCoelho","3","4","7"
"VICTORY_MAKER","3","4","7"
"victory_msa238","4","3","7"
"Vidamino","3","4","7"
"Vienna1234","3","4","7"
"vientodelsur10","3","4","7"
"Viezeferdy","5","2","7"
"vigilante","4","3","7"
"vigneshemk","3","4","7"
"vigvam","3","4","7"
"vihaan-thakur1","4","3","7"
"Vijayan58","3","4","7"
"Vikky6971","4","3","7"
"Viktor-17","3","4","7"
"viktor-1987","3","4","7"
"viktor1959","4","3","7"
"ViktorKemper","3","4","7"
"ViktorKul","3","4","7"
"vilhenamuriae1","4","3","7"
"vinaydinakar","4","3","7"
"vincentchess2020","3","4","7"
"Vincenzo1","3","4","7"
"vindism","4","3","7"
"vinertkvert","5","2","7"
"violentmouse","3","4","7"
"ViolentPawn","4","3","7"
"VioletteLeduc","3","4","7"
"viorel_semeniuc","4","3","7"
"virogens","4","3","7"
"virsescudragos","3","4","7"
"VishalCP","4","3","7"
"Vishnu1981","3","4","7"
"Vishnudeo","4","3","7"
"VishwasOjha","4","3","7"
"Vissarion_1989","4","3","7"
"Vit_26rus","3","4","7"
"Vit0-Br","3","4","7"
"Vit700007","4","3","7"
"Vitalii14","5","2","7"
"Vitalotti","3","4","7"
"Vitaly_23","3","4","7"
"Vitaly797","5","2","7"
"vitochezzz","4","3","7"
"Vitor_R","3","4","7"
"vitruviouz","3","4","7"
"vityaz999","4","3","7"
"Vivaan9090","3","4","7"
"vivaldinath","5","2","7"
"VIVEKKUMARKHURANA","4","3","7"
"Vivekthengde","4","3","7"
"Vivi92","3","4","7"
"VivianDylan","3","4","7"
"vkrritin","4","3","7"
"VlAd_2014_08_08","3","4","7"
"vladiksuper","3","4","7"
"Vladimir_1945","5","2","7"
"Vladimir_Paz","5","2","7"
"Vladimir-80","4","3","7"
"vladimir2708","3","4","7"
"Vladimir2883","3","4","7"
"vladimir58d","3","4","7"
"vladimir61hvn","4","3","7"
"VladimirF068","4","3","7"
"VladimirHarkonnen1","3","4","7"
"Vladimirkudepsta","3","4","7"
"VladimirM24","3","4","7"
"Vladimirr_55","4","3","7"
"vladimirrvassis","4","3","7"
"VladimirVK","3","4","7"
"vladimirZot","3","4","7"
"Vladisc","3","4","7"
"Vladislav_Astana","4","3","7"
"vladislav10010","4","3","7"
"VladKostiuk","4","3","7"
"VladOrlov","3","4","7"
"vladviklis91","4","3","7"
"Vleugels_Vicente","3","4","7"
"vnburaz","4","3","7"
"vnd","4","3","7"
"vnezhdan","3","4","7"
"Vogelslang","4","3","7"
"VojtaHastrman","4","3","7"
"Volchem1s","5","2","7"
"Volefim","4","3","7"
"VolkovaTaty","4","3","7"
"VOLKOVSS","2","5","7"
"volodya6789","4","3","7"
"volodyakindra","4","3","7"
"VologdinD","3","4","7"
"vonugred","3","4","7"
"Voron_Dolo","3","4","7"
"vova1986","4","3","7"
"VovaGavr","4","3","7"
"VovaMS","4","3","7"
"Vovan85","4","3","7"
"VP_Rebkovets_1934","3","4","7"
"vrmx_15","4","3","7"
"Vrsar","3","4","7"
"VShidov","4","3","7"
"VSZ3","4","3","7"
"vuelofinal","3","4","7"
"vulion","2","5","7"
"vurdugololdu","3","4","7"
"vvchess30","3","4","7"
"vwbora83","3","4","7"
"vwtiguan","4","3","7"
"VY7BY7BU","4","3","7"
"Vyksa_152","3","4","7"
"Vzol","3","4","7"
"waalelmasry","4","3","7"
"waaza","4","3","7"
"Wadkadom","3","4","7"
"wael89wl","4","3","7"
"wafizilo","3","4","7"
"Wagiz","3","4","7"
"wah12345","2","5","7"
"Wahyu_utomo","2","5","7"
"wahyuboscu","3","4","7"
"wajiz14","3","4","7"
"Waleed_el_zoughby","3","4","7"
"waleed5656","4","3","7"
"Walhram","3","4","7"
"Walidbah","4","3","7"
"Wallace79LI","3","4","7"
"Walmarie","3","4","7"
"waloux06","3","4","7"
"WaltherMax","4","3","7"
"WaMu","4","3","7"
"wandering_monk","3","4","7"
"wanghan20150321","3","4","7"
"Wangui","4","3","7"
"WarPig92","2","5","7"
"watchingwest","3","4","7"
"waten_1","4","3","7"
"Waveng","3","4","7"
"Wayne312010","4","3","7"
"Wealth_and_Taste","3","4","7"
"WebbyFlatlandria","3","4","7"
"weedthorn","4","3","7"
"weeshio","3","4","7"
"Weezy3u1","4","3","7"
"weghjbawegbw","4","3","7"
"wellington_rodrigues","5","2","7"
"wenceslas12","3","4","7"
"wepedersen","4","3","7"
"wesamgara","4","3","7"
"weshgro","4","3","7"
"wesley10","4","3","7"
"wesleyA","4","3","7"
"West061126","3","4","7"
"wezzzza","4","3","7"
"whdima","4","3","7"
"whiszeigeist1","3","4","7"
"Whiteking01","4","3","7"
"WhiteMan941","3","4","7"
"whtzdiscorda","4","3","7"
"Whynot3","5","2","7"
"whynot55","4","3","7"
"wifestealer1","3","4","7"
"WikiaColors","4","3","7"
"wild_rebal_vivek","3","4","7"
"Wildhouse83","4","3","7"
"Will-Ayala1979","3","4","7"
"william_b1ake","3","4","7"
"William_Bill","3","4","7"
"williammrty","4","3","7"
"WilliamWestrupp","4","3","7"
"willowa27","3","4","7"
"WilNoVald","4","3","7"
"Winavesh","3","4","7"
"Winner_Vsex","3","4","7"
"winsecret17","3","4","7"
"Winter_Crown","4","3","7"
"Winterlinde","4","3","7"
"winxp1234","5","2","7"
"Wish1820","4","3","7"
"wishmerhill75","3","4","7"
"Wizzy33","4","3","7"
"wkdof","3","4","7"
"WKenn0605","4","3","7"
"wlngolan1967","2","5","7"
"WM1977","3","4","7"
"wojtek3dan","5","2","7"
"wojzem","4","3","7"
"Woldemar_XL","4","3","7"
"WolfditleLoup","4","3","7"
"WolfInSheepsClothing","3","4","7"
"WolfuhfuhBot","3","4","7"
"wolfy08","3","4","7"
"Wookiefiddler","4","3","7"
"Wooyoungwoo","4","3","7"
"Woozy7777777","4","3","7"
"WorstAttacker","2","5","7"
"wotwilbeyurbest","4","3","7"
"WoutvHarten","3","4","7"
"wrty000","3","4","7"
"ws0001","3","4","7"
"wshami","4","3","7"
"wtbtbs","3","4","7"
"wtf_07","3","4","7"
"Wujek40","4","3","7"
"Wverbhalz","3","4","7"
"wwwasia","4","3","7"
"xabarin1960","3","4","7"
"XaeX69","3","4","7"
"Xagl","3","4","7"
"xakerrus","4","3","7"
"xalidali","2","5","7"
"Xardrig","4","3","7"
"Xberto4469","5","2","7"
"xCarThElx","3","4","7"
"xeatos","3","4","7"
"xfijuarez","3","4","7"
"xGhita","3","4","7"
"xhaneyn7","4","3","7"
"xhevatzhuniqi","4","3","7"
"xhubiwanx","3","4","7"
"xid1","3","4","7"
"XimenaGLA","3","4","7"
"Xinuix","3","4","7"
"XiscoA","4","3","7"
"xm2","4","3","7"
"xmamawdx","4","3","7"
"Xolansky","3","4","7"
"xolod7","4","3","7"
"XORIN7","4","3","7"
"Xoxo6791","5","2","7"
"XTC1","2","5","7"
"XvdGrind","4","3","7"
"XVRampaz","2","5","7"
"xXx_4AUHik_xXx","4","3","7"
"y-mn","3","4","7"
"y-n-w-a","4","3","7"
"Y0usif333","4","3","7"
"Y3ssCh3ss","4","3","7"
"Y6-dsm","3","4","7"
"yabier75","3","4","7"
"yacinembn","4","3","7"
"yadavaditi14gmail","3","4","7"
"YagizAtalar","4","3","7"
"Yahia_38","3","4","7"
"yakinthosag","4","3","7"
"Yakout93","2","5","7"
"yakovaleks","4","3","7"
"Yakubjubril86","3","4","7"
"yamat124","4","3","7"
"yamen1313","3","4","7"
"yamit0510","4","3","7"
"yanal-17","5","2","7"
"yang0518","3","4","7"
"yankinsp","4","3","7"
"Yapayapayu","4","3","7"
"yarik1234_1","3","4","7"
"Yaroslav_1","4","3","7"
"Yaroslav_777","3","4","7"
"Yaroslav_bereg","4","3","7"
"Yaroslav_Tv2409","4","3","7"
"yaroslavkrylov","4","3","7"
"Yaseminynknc27","3","4","7"
"Yashhavi","4","3","7"
"yasin_ve","5","2","7"
"yassinmostafa74","3","4","7"
"yassserha","3","4","7"
"Yassssine31","4","3","7"
"yavdoshenko","4","3","7"
"YaYaroslaw","4","3","7"
"yean_go","3","4","7"
"Yeatmann","5","2","7"
"yeba228","4","3","7"
"Yegor12345","4","3","7"
"Yegor2904_2","3","4","7"
"YehudaItkin","3","4","7"
"yellowmouze","3","4","7"
"yemunee","4","3","7"
"yeoldwiz","4","3","7"
"YevheniiAndrus","3","4","7"
"ygf1977","3","4","7"
"yilu","2","5","7"
"ykhapkin","4","3","7"
"ykr0p","2","5","7"
"YKSL59","4","3","7"
"ynikitin","3","4","7"
"YnnaM","2","5","7"
"ynotifyes","5","2","7"
"ynwathekop","3","4","7"
"yo_sid","4","3","7"
"yobiebs","4","3","7"
"yodasse","3","4","7"
"yoganand_b","3","4","7"
"Yoginashi","4","3","7"
"YogoSwaggins","3","4","7"
"yograjshinde","3","4","7"
"YoHaN-PC","4","3","7"
"yoko56","2","5","7"
"Yokyo","4","3","7"
"Yonoh","4","3","7"
"yonsaurio13","4","3","7"
"yopauloricardo","4","3","7"
"yoshiroqqe","3","4","7"
"yostoopkid","3","4","7"
"youcefkk","4","3","7"
"youmd2019","2","5","7"
"YoungSpiiike","3","4","7"
"your_punishment","4","3","7"
"yousefkazemi976","4","3","7"
"Yousif321321","3","4","7"
"Youssef_Nitro","4","3","7"
"Yousuf15","5","2","7"
"yousuffiina","4","3","7"
"yu-ra85","4","3","7"
"YUGbardiya","2","5","7"
"yukyuk","3","4","7"
"YuliaChu","4","3","7"
"YuminCFG","2","5","7"
"YungLEJ","3","4","7"
"yuri-gogol","3","4","7"
"yurialbino","3","4","7"
"yurihenrique002","3","4","7"
"YuriVM","4","3","7"
"Yuriy1973","2","5","7"
"YuriyDanylenko","4","3","7"
"yurykomisarov81","4","3","7"
"yusefmuhamad","5","2","7"
"YusethMDiaz","4","3","7"
"Yusuf_Atmaca2016","4","3","7"
"YUSUFmetetalha","3","4","7"
"YuzbYabgu","4","3","7"
"yyttaa","4","3","7"
"ZackySM","3","4","7"
"Zadarmo_Dal","4","3","7"
"zagloul","4","3","7"
"Zahar_Go","3","4","7"
"zahar211","4","3","7"
"Zaicev","3","4","7"
"zaidkhanmd","3","4","7"
"Zain-ul-haseeb","4","3","7"
"ZAINIDAN","4","3","7"
"Zakaria_72","3","4","7"
"zakhalaia","4","3","7"
"ZAKIRAJAB","3","4","7"
"ZakkLaroya","3","4","7"
"Zakuriv","4","3","7"
"zakymhmmd","3","4","7"
"Zamorin","4","3","7"
"Zandata","4","3","7"
"zaolivas","2","5","7"
"zaourveyron","4","3","7"
"ZAR07","3","4","7"
"Zatrix777","3","4","7"
"Zavarka","4","3","7"
"zazwooooo","3","4","7"
"zbeav","3","4","7"
"zcc_0709","4","3","7"
"ZcTeh96","3","4","7"
"ZdenekFerda","4","3","7"
"ZDPaloma","6","1","7"
"zdrav4o55","4","3","7"
"ZdravkoMamic1","4","3","7"
"Zeberka","4","3","7"
"zecriquet","3","4","7"
"ZefPereira","3","4","7"
"Zeimen2210","4","3","7"
"zemleroika","3","4","7"
"zEndoxz","3","4","7"
"zenman33","3","4","7"
"Zenonas-S","4","3","7"
"Zenonasp2000","4","3","7"
"ZeroAPM","3","4","7"
"zeromix","3","4","7"
"Zerstorer410","2","5","7"
"Zeta_iV","4","3","7"
"Zeus_1982","3","4","7"
"zevach","3","4","7"
"Zevar","4","3","7"
"Zexagedones","5","2","7"
"zeyadzz","3","4","7"
"zfrance","3","4","7"
"Zhabrail","3","4","7"
"Zhalaliddin2015","4","3","7"
"Zhanbatyr_0rt","5","2","7"
"Zhangerey_Zinelov571","2","5","7"
"ZhannaTr","4","3","7"
"ZhitlukhinaPolina","4","3","7"
"Zholaman_Sayasat","3","4","7"
"zhomartakmatov","4","3","7"
"ZibiUtracjusz","4","3","7"
"ziembak10","3","4","7"
"ZiggyStardust82","3","4","7"
"ZikZak228822","3","4","7"
"Zimboy","3","4","7"
"Ziwago","2","5","7"
"ziyad2015","3","4","7"
"zizo070","5","2","7"
"Zizoeid","4","3","7"
"ZKarajaZ","3","4","7"
"ZlajaMc","4","3","7"
"zlatanovic","4","3","7"
"Zlavik","2","5","7"
"Zodiak20000","4","3","7"
"zoha6","4","3","7"
"Zombie6613","3","4","7"
"zoranmiletic","4","3","7"
"zord5","5","2","7"
"zorglub007","3","4","7"
"zorik40","4","3","7"
"Zorro_DZV","4","3","7"
"zorti5","4","3","7"
"ZSG111","3","4","7"
"ztoma","4","3","7"
"zubairali","4","3","7"
"zulKifLi_adHa","4","3","7"
"zuti102","4","3","7"
"zvanna","4","3","7"
"zyarslnn","3","4","7"
"Zyoptix","3","4","7"
"A_1819","3","3","6"
"A_Beks","2","4","6"
"a_giz","2","4","6"
"A_Kirshin1","3","3","6"
"a_m_i_r_a_l_i","3","3","6"
"A_PANOV","3","3","6"
"a_shenasi","3","3","6"
"a_w2007","4","2","6"
"a_ya_1987","4","2","6"
"A-Hanoura","3","3","6"
"a-nobody_i","4","2","6"
"a1d10319","3","3","6"
"A1ien1","3","3","6"
"A2_CA_Shaimulikov","1","5","6"
"a2023aa","4","2","6"
"A234jim","3","3","6"
"A3ba7r","3","3","6"
"A62729349JESUS","2","4","6"
"A73724330ANGELO","3","3","6"
"A7MED_22","2","4","6"
"a7med210019","2","4","6"
"AA2316","3","3","6"
"aa5833311ahmed","3","3","6"
"AAA13665","3","3","6"
"aaa96","4","2","6"
"aaaalter","3","3","6"
"Aaalibaba","2","4","6"
"Aachi","4","2","6"
"aachirkov","1","5","6"
"Aadem99","3","3","6"
"AADITH_KRS","3","3","6"
"AAfolabi","2","4","6"
"aakalantari","3","3","6"
"Aakersha_123-456","5","1","6"
"aalg84","3","3","6"
"aalili","3","3","6"
"Aarav_Kaushal106","2","4","6"
"Aarav1mayGupta","4","2","6"
"Aaravtulsyan2023","4","2","6"
"aarna000","3","3","6"
"AARtin","3","3","6"
"aarunsun","3","3","6"
"Aarush-Gupta-9A","3","3","6"
"AARYA143","3","3","6"
"Aastha2007","3","3","6"
"aazzouz91","2","4","6"
"Ab_e44","3","3","6"
"Ab1402","5","1","6"
"abaddon2912","4","2","6"
"Abah_merapi","3","3","6"
"Abai-86","2","4","6"
"Abas_jam","4","2","6"
"abba66","2","4","6"
"abbas122","3","3","6"
"AbbasDom","2","4","6"
"Abboba","2","4","6"
"abbotsuger","4","2","6"
"abcd3421","4","2","6"
"Abd_771","3","3","6"
"Abd_alrhman","2","4","6"
"Abd0u","3","3","6"
"Abd1996","3","3","6"
"AbdallahPaolo","3","3","6"
"abdallh110","3","3","6"
"AbdelhE","2","4","6"
"Abdelilah55","3","3","6"
"abdelrahaman777","4","2","6"
"Abdelrahman_Refai","5","1","6"
"abdelrahman1427goga","3","3","6"
"abdi_chia","3","3","6"
"Abdi012","4","2","6"
"Abdo1342","4","2","6"
"abdo1578","2","4","6"
"AbDo229","4","2","6"
"AbdoaboAsi","2","4","6"
"Abdosaed22","2","4","6"
"abdoubruh","4","2","6"
"abduakhatov","3","3","6"
"ABDUL_MAJEED","3","3","6"
"abdulaga-lek","4","2","6"
"AbdulAkra","4","2","6"
"abdulaziz1968","4","2","6"
"Abdulelah138","3","3","6"
"Abdulhakeemkilo1","2","4","6"
"Abdulhakimal03","3","3","6"
"Abdullah_Mo7amed","3","3","6"
"abdullah200211","3","3","6"
"AbdullahAlim","2","4","6"
"AbdullahIbrahem","3","3","6"
"Abdulmalik2000","4","2","6"
"Abdulmojeed1","3","3","6"
"Abdulrahman_sadeed","2","4","6"
"Abdulrehmansaeed","2","4","6"
"Abdur-Rohim","4","2","6"
"Abdusselam25","3","3","6"
"Abedzobleh","2","4","6"
"AbejaLady","3","3","6"
"Abhay_KS","4","2","6"
"Abhi_1_2_3","2","4","6"
"Abhijit7891","4","2","6"
"abhinav_sp_15","3","3","6"
"Abhishanalabolu","3","3","6"
"abhisharma890","2","4","6"
"Abhishek-kadyan","3","3","6"
"abhishektripathix","2","4","6"
"abi4212","3","3","6"
"Abijeeth","2","4","6"
"abindia","4","2","6"
"abinenowshahr","3","3","6"
"AblahadDawood","4","2","6"
"ABM555","2","4","6"
"Abn3ssam","3","3","6"
"abo_gooda","2","4","6"
"abo3le","3","3","6"
"aboadhaam88","3","3","6"
"aboalfadel","2","4","6"
"aboallaaq","2","4","6"
"aboead","1","5","6"
"abogouda8","3","3","6"
"Abolfazl0786","2","4","6"
"abolfazl900","4","2","6"
"abomanhal3","2","4","6"
"ABOMOHAND","2","4","6"
"Aboshampoo-10","3","3","6"
"Aboualae","4","2","6"
"abrody1","2","4","6"
"ABROR_MASSTER","3","3","6"
"Abu_king","2","4","6"
"abush-1-luck","3","3","6"
"abzoo1","3","3","6"
"acamedes21","4","2","6"
"AceBoogie13","4","2","6"
"Acf11","2","4","6"
"acgraphiste19","2","4","6"
"Achariya","3","3","6"
"achintya2904","3","3","6"
"AchintyahBhat","2","4","6"
"acrilyk","5","1","6"
"acsili","4","2","6"
"ActuallyPoppy","4","2","6"
"ActuallySleepy","3","3","6"
"adam72019","3","3","6"
"adammo","3","3","6"
"AdamQ123","4","2","6"
"adash3000","2","4","6"
"Adassa_israel","3","3","6"
"AdasV13","2","4","6"
"Addrianfloresreguera","3","3","6"
"adel_beyragi_1354","3","3","6"
"adel1000","3","3","6"
"adelseifi","3","3","6"
"Adenbenze21","3","3","6"
"adgrad1951","4","2","6"
"adhamSaDeQ1","3","3","6"
"Adhavan56","2","4","6"
"Adhee_01","2","4","6"
"adhegde","2","4","6"
"AdhritDasP","2","4","6"
"Adi8","3","3","6"
"ADILET_AKIMZHAN","3","3","6"
"Adilhan2016","3","3","6"
"adilsongomes75","3","3","6"
"Adimothebiingo","3","3","6"
"Adinathrnair","2","4","6"
"Adishenoy11-04-2013","1","5","6"
"Aditya0701","2","4","6"
"adityapaswan","4","2","6"
"Adityasingh7888","3","3","6"
"AdityaVartak","3","3","6"
"Admiral19901130","2","4","6"
"AdmiralAverage","4","2","6"
"admizou","3","3","6"
"adnanmm","2","4","6"
"ADNmonster","3","3","6"
"Adoqmi","2","4","6"
"adornado","4","2","6"
"adpalmunez","3","3","6"
"Adr14nn","3","3","6"
"Adria2011","3","3","6"
"Adrian_90","4","2","6"
"Adrian198974","3","3","6"
"Adrianov89","3","3","6"
"Adrika61","4","2","6"
"Adrito-Halder","3","3","6"
"adroitguy","3","3","6"
"Advantur","3","3","6"
"adver2617","3","3","6"
"adzerake","3","3","6"
"ae458309","3","3","6"
"aen2u","4","2","6"
"AeneasChess","3","3","6"
"aero1378","4","2","6"
"Aesthetic7","3","3","6"
"afonsoF18","3","3","6"
"africanfacemask","2","4","6"
"Afsar-khan4774","3","3","6"
"afsham","4","2","6"
"afterdark_22","3","3","6"
"Agachi22","3","3","6"
"Agalexx","4","2","6"
"agama110","2","4","6"
"Agapchaga","4","2","6"
"agarwal0317","4","2","6"
"Agasthya2015","2","4","6"
"Agathiiyen","3","3","6"
"agedmoose","4","2","6"
"ageevkolia29","3","3","6"
"AgelessGus","3","3","6"
"Agent_Key","3","3","6"
"aghaShatranj","3","3","6"
"agladders","4","2","6"
"Agnb","3","3","6"
"agony_3bdalla","2","4","6"
"Agoust","3","3","6"
"agron1976","3","3","6"
"AGRVKN","4","2","6"
"AGSMaster","3","3","6"
"AGUAPARADA","4","2","6"
"agujustcodej2006","3","3","6"
"Agus_Lumajang","2","4","6"
"agussuwanto","2","4","6"
"agustindacunha","5","1","6"
"AgustinRodriguez_CR","3","3","6"
"AHA69","3","3","6"
"Ahaan96","3","3","6"
"ahab-2","4","2","6"
"aharonlandman","3","3","6"
"aharut","3","3","6"
"Ahhmadov","4","2","6"
"Ahitevoysnpedro","3","3","6"
"Ahmad-alzaidy","2","4","6"
"Ahmad-muhsen","3","3","6"
"Ahmad072","3","3","6"
"ahmadaldmad","3","3","6"
"ahmadi123456","3","3","6"
"Ahmadi58","2","4","6"
"ahmadjordan1","2","4","6"
"AhmadMalik1122","3","3","6"
"AhmadMCS","3","3","6"
"ahmadroberto65","3","3","6"
"ahmadsalehi6060-hph","3","3","6"
"ahmadwh","3","3","6"
"AhmadZakiBinAshran","4","2","6"
"Ahmd_Said","3","3","6"
"ahmd-elh-jw","3","3","6"
"AHMDYPUR","4","2","6"
"Ahmed_98R","3","3","6"
"ahmed_99_dz","3","3","6"
"Ahmed_almsry234","3","3","6"
"Ahmed_ZONE","4","2","6"
"Ahmed1_Saeed","4","2","6"
"Ahmed1292","4","2","6"
"ahmed150300","2","4","6"
"Ahmed3246","3","3","6"
"ahmedahmedb","2","4","6"
"Ahmedamara","3","3","6"
"Ahmedasd01","3","3","6"
"ahmedbozo","2","4","6"
"ahmeddawd","3","3","6"
"ahmedeid993","3","3","6"
"Ahmedeldiwany","3","3","6"
"AhmedElsagheer","4","2","6"
"ahmedezz04","3","3","6"
"ahmedglez","3","3","6"
"AhmedKhalid","3","3","6"
"ahmednasser89","3","3","6"
"Ahmedosama704","3","3","6"
"ahmedsalama33","3","3","6"
"ahmedsamir007","3","3","6"
"ahmet0061","2","4","6"
"Ahmetakin63","2","4","6"
"ahmetcan12","3","3","6"
"ahmetcay1987","3","3","6"
"ahmglr0","4","2","6"
"Ahmtylmzaydn","3","3","6"
"ahook","5","1","6"
"Ahoura_h","3","3","6"
"Aibek222","3","3","6"
"Aibekmipt","4","2","6"
"aidynnur","3","3","6"
"AigleNomade","2","4","6"
"aijazk","3","3","6"
"aikidogirl2727","3","3","6"
"Aila1212","3","3","6"
"Ainaa","3","3","6"
"air_guest","2","4","6"
"Aiufal","3","3","6"
"aiwanischev","5","1","6"
"aj_Darkhorse","3","3","6"
"Ajaime","3","3","6"
"ajayshiyam","3","3","6"
"ajaz786110","3","3","6"
"ajdin14200","4","2","6"
"ajedrecista223","4","2","6"
"ajedrecista42","4","2","6"
"AjejeBrazov73","3","3","6"
"ajent900","3","3","6"
"Ajooya","3","3","6"
"Ajpal12","3","3","6"
"ak_3999_5","3","3","6"
"AK_47_Pandey","4","2","6"
"Ak_kmu","4","2","6"
"akam24","3","3","6"
"akash0_-00","3","3","6"
"Akash123456789","3","3","6"
"Akashb688","3","3","6"
"akashkatariya552_11","3","3","6"
"akbar9981","2","4","6"
"akbari421","3","3","6"
"AKC-GIAKHIEM","2","4","6"
"akermu","3","3","6"
"Akhiellius","3","3","6"
"Akhil_123-k","3","3","6"
"Akhilanil120","3","3","6"
"Akiba-Arg","3","3","6"
"AkibaR11","3","3","6"
"akihitoyomitomi","4","2","6"
"Akiii789","3","3","6"
"Akilarul","2","4","6"
"AKL_HEA","3","3","6"
"akmmaa35","3","3","6"
"akosicheche","4","2","6"
"akra35","2","4","6"
"aks11anii","3","3","6"
"AkshayT18","3","3","6"
"Aktush_46","2","4","6"
"Akvinac","2","4","6"
"akzakoins","3","3","6"
"akzn","2","4","6"
"al_momak","2","4","6"
"Al_Sumon125","4","2","6"
"alaa-arm","3","3","6"
"AlaaAlaaa","2","4","6"
"AlaaAlsharif","3","3","6"
"AlaaElDin5","3","3","6"
"alabourari","3","3","6"
"Alachamb23","3","3","6"
"alamdar1961","3","3","6"
"Alan_Rasman","3","3","6"
"alan-aguillon2006","3","3","6"
"Alan07011","3","3","6"
"alancillo","3","3","6"
"alanjg23","3","3","6"
"Alanmi_15","2","4","6"
"alasbat","3","3","6"
"alashry53","2","4","6"
"Alasp","2","4","6"
"Alassane1-7","3","3","6"
"alavi1392","4","2","6"
"alaxoo","2","4","6"
"Alb3rt0","4","2","6"
"Albert12139","2","4","6"
"AlbertoFdz","3","3","6"
"AlBondarenko","3","3","6"
"albudan","2","4","6"
"albugisycatur","3","3","6"
"alcms","3","3","6"
"alda71","3","3","6"
"AldinDimitrov","4","2","6"
"AldinRekic","3","3","6"
"Aldiyar_9586","3","3","6"
"Aldmuo","3","3","6"
"Ale_is","3","3","6"
"Ale_Magnus","4","2","6"
"Ale1907","3","3","6"
"Aleamir","3","3","6"
"alec70","3","3","6"
"alegnz86","4","2","6"
"Alejandra_Monserrath","3","3","6"
"Alek_Sav","3","3","6"
"Aleks_Nechaev20-16","3","3","6"
"aleks1811as","3","3","6"
"Aleksanddar","4","2","6"
"Aleksander_56","4","2","6"
"Aleksander0704","3","3","6"
"ALEKSANDR-r","3","3","6"
"aleksandr2023w","2","4","6"
"Aleksandr735","3","3","6"
"AleksandrIlyin","3","3","6"
"AleksandrYY","4","2","6"
"Aleksejmikhienko873","3","3","6"
"Aleksey_78","3","3","6"
"Aleksey_Lanin","3","3","6"
"Aleksey_Novoselov_23","4","2","6"
"aleksey-k","3","3","6"
"AlekseyDolzenko","3","3","6"
"aleksis56","2","4","6"
"Alemaron","3","3","6"
"Alemia28","4","2","6"
"aleshaloginov","3","3","6"
"Aleshkin77","3","3","6"
"Aleth97","3","3","6"
"Alex_28072008","3","3","6"
"Alex_Ryezzz","4","2","6"
"Alex_Yuma_2","3","3","6"
"Alex-Luger","2","4","6"
"Alex-online","3","3","6"
"alex0901007","3","3","6"
"Alex1604Alex","3","3","6"
"Alex282832","3","3","6"
"Alex62777","3","3","6"
"Alexander_32","3","3","6"
"Alexander_ad92","2","4","6"
"Alexander1968","2","4","6"
"Alexander6996","2","4","6"
"Alexander82Rus","2","4","6"
"alexandrbnimaev07","4","2","6"
"alexandrehz","3","3","6"
"AlexandreOrnellasCar","3","3","6"
"AlexandrFBR","3","3","6"
"Alexandro_ua","2","4","6"
"AlexandrPogodin","3","3","6"
"alexbsr1","3","3","6"
"AlexeiBodrrrov1983","3","3","6"
"Alexey_prosmm","2","4","6"
"alexey1105","3","3","6"
"AlexG94","3","3","6"
"AlexGilNunez","1","5","6"
"Alexisdaruiz","3","3","6"
"Alexjuste","3","3","6"
"AlexME","4","2","6"
"alexmuley","3","3","6"
"alexmusters","3","3","6"
"AlexP2016","4","2","6"
"alexpesh","2","4","6"
"AlexPita","4","2","6"
"alexre1","2","4","6"
"alexsotnikov","3","3","6"
"AlexTab","3","3","6"
"AlexTarantsov","2","4","6"
"AlexU2016","3","3","6"
"Alexus6997","4","2","6"
"Alexvagi","3","3","6"
"Alfedrem","3","3","6"
"ALFNFN","3","3","6"
"alfomin","3","3","6"
"Alfonsodellatorres","3","3","6"
"Alfredmemus","2","4","6"
"alheinz","3","3","6"
"Ali_Assi_Levi","2","4","6"
"ali_mir","2","4","6"
"Ali_Oezcelik","3","3","6"
"ali112112","3","3","6"
"ali1626","3","3","6"
"ali32elkhateeb","3","3","6"
"Ali4901","3","3","6"
"Ali964","3","3","6"
"AliAhmad8","2","4","6"
"aliakbar7595","3","3","6"
"AliaksandrCha","1","5","6"
"aliaseldani","3","3","6"
"Aliaskerzorlusoy","2","4","6"
"Alice_Borderland","3","3","6"
"aliceteessidequeen","2","4","6"
"alidhaida","4","2","6"
"Alidouch","4","2","6"
"AliEldeli1","4","2","6"
"alien_wanderer","3","3","6"
"alienuno","2","4","6"
"Alif_BBCC","3","3","6"
"alifayez4","3","3","6"
"AliGamal1996","4","2","6"
"alihabibzade","1","5","6"
"aliji_17","4","2","6"
"Alikei","3","3","6"
"AliMaarouf","2","4","6"
"alimahmoodi80250900","4","2","6"
"Alimashhadizadeh","2","4","6"
"AlimBerezgov","3","3","6"
"alimcan23","3","3","6"
"Alimu9867","4","2","6"
"alin97","3","3","6"
"Alinaingardenland","3","3","6"
"AliotAhmed","2","4","6"
"Alirahimi1182","2","4","6"
"alireza33333","3","3","6"
"alirezaamini123","3","3","6"
"alirezagholizadeh32","4","2","6"
"Alirezamobiny","3","3","6"
"Alirezzaes","4","2","6"
"aliriovelez","2","4","6"
"alisamier82","3","3","6"
"Alisherovna","3","3","6"
"Alito_1","3","3","6"
"aliyrh","4","2","6"
"Alizafar","4","2","6"
"Aljimed","3","3","6"
"allenemres","2","4","6"
"Alloiziy","4","2","6"
"allopis","3","3","6"
"AllRino","4","2","6"
"allvaro10","4","2","6"
"Almafuerte1960","3","3","6"
"almantas89","3","3","6"
"almiric","4","2","6"
"Alone3355","3","3","6"
"aloneorange","3","3","6"
"alp20171k","3","3","6"
"alp52","3","3","6"
"alperen3507","3","3","6"
"AlperMete07","3","3","6"
"alpha_seven","3","3","6"
"Alphaman84","5","1","6"
"AlphaSan-P","2","4","6"
"alpoth","3","3","6"
"Alrez_br","3","3","6"
"Alsaid1234","2","4","6"
"alsawadi","3","3","6"
"alsen80","3","3","6"
"Alshegery","4","2","6"
"AlsoRickbe","3","3","6"
"AltairreX","2","4","6"
"Altansukh_1973","2","4","6"
"altansukh022811","3","3","6"
"altinchess","4","2","6"
"altsatranc","4","2","6"
"AlTuND","3","3","6"
"alvabel","3","3","6"
"alvaregus","3","3","6"
"Alvariacagar2","4","2","6"
"Alve","3","3","6"
"alviCastle","2","4","6"
"AlwaysPoppinSince97","2","4","6"
"Alximik0078787","2","4","6"
"Amadeo1935","4","2","6"
"Amal120","2","4","6"
"aman_pal","4","2","6"
"Aman0418","3","3","6"
"Amanbelov_Yerassyl","4","2","6"
"AmanC23","4","2","6"
"amar6","3","3","6"
"AmaralChess","4","2","6"
"AmarLee","3","3","6"
"Amartya_krishna","3","3","6"
"Amat44","3","3","6"
"Amatsuhiko","3","3","6"
"Amaurino","2","4","6"
"Ambassador87","2","4","6"
"Amberk8","3","3","6"
"Ambrotos501","4","2","6"
"amcikustasi3131","3","3","6"
"amded","2","4","6"
"amedeosc","4","2","6"
"ameer01811","3","3","6"
"AmericanSecrets","2","4","6"
"AmgadAmgad","3","3","6"
"amid-008","4","2","6"
"AMiiN68","4","2","6"
"Amin_s_m","3","3","6"
"amin400ms","3","3","6"
"amin8m","2","4","6"
"amindotcom","3","3","6"
"aminov77777","3","3","6"
"Amir_1313","3","3","6"
"Amir-53","4","2","6"
"Amirali18151815","2","4","6"
"amiralijahan95","4","2","6"
"AmirAr3alan","3","3","6"
"Amirarsalanmonadi","3","3","6"
"Amirasadi20016","3","3","6"
"Amirhossen1401","3","3","6"
"AMIRKAKA121","3","3","6"
"amirpoor1401","3","3","6"
"amirulfiqri","3","3","6"
"Amirzhan_Alnazarov","2","4","6"
"amit98786","4","2","6"
"Amith7829","2","4","6"
"amity3","3","3","6"
"Amjad_zgebh2003","4","2","6"
"AMkikiii","3","3","6"
"Ammar_Shohani","3","3","6"
"Ammo511","3","3","6"
"amoha47","2","4","6"
"amonteleo","3","3","6"
"AMOS19","3","3","6"
"Ampskabaa","4","2","6"
"Amr_Mossa","3","3","6"
"Amrani96","3","3","6"
"Amujkovic","2","4","6"
"amxd0u","2","4","6"
"An_dw","5","1","6"
"Anabilo","3","3","6"
"ANARBEK_O","2","4","6"
"Anas6","4","2","6"
"anastasia19kosareva2","4","2","6"
"Anastasiia_0204","4","2","6"
"anastasis123","4","2","6"
"Anatol2112","2","4","6"
"anatolii59","3","3","6"
"anatoliy1951","3","3","6"
"AnatolyIvanovich","3","3","6"
"anatolymalanchev","3","3","6"
"Anaxas","4","2","6"
"anay3000","3","3","6"
"AncheSSR","3","3","6"
"Ancient_Warrior","2","4","6"
"ancient888one","4","2","6"
"and192004","2","4","6"
"and1al","3","3","6"
"and6","3","3","6"
"and909","3","3","6"
"AndersonKK8","3","3","6"
"Andertxu","2","4","6"
"AndFed","3","3","6"
"Andindonesia","4","2","6"
"andinym1","2","4","6"
"andisa12","3","3","6"
"andolo","2","4","6"
"Andranip","3","3","6"
"andre2655","3","3","6"
"andrea78","2","4","6"
"AndreaAntinucci","3","3","6"
"Andreaberbe","2","4","6"
"AndreaParodi","4","2","6"
"AndreasJohannes","4","2","6"
"AndreasTor","3","3","6"
"andrei_a39","3","3","6"
"AndrejZima","2","4","6"
"Andrem1992","3","3","6"
"Andres_alarcon1","2","4","6"
"andres1971hdalgo","2","4","6"
"andresagenor_10","2","4","6"
"Andresbyng","3","3","6"
"Andresiu","3","3","6"
"AndresOsorio123","1","5","6"
"Andreu1994","2","4","6"
"andrewdeitch","2","4","6"
"Andrewdryu96","2","4","6"
"AndrewKiRiCh","3","3","6"
"AndrewKlyuev","3","3","6"
"AndrewMacIntosh","3","3","6"
"AndrewXYZ","3","3","6"
"andrexflorex","4","2","6"
"Andrey_Zaytsev","3","3","6"
"Andrey000","4","2","6"
"Andrey0203","3","3","6"
"Andrey2252","3","3","6"
"andrey373829","3","3","6"
"Andrey49","3","3","6"
"andreydenissuk","2","4","6"
"andreyDomnikov","3","3","6"
"AndreyKaramashev","3","3","6"
"AndreyM1980","4","2","6"
"AndreyMyzin","2","4","6"
"AndreySyubaev","4","2","6"
"andrisGC","3","3","6"
"ANDROBANK","1","5","6"
"andrrash","2","4","6"
"andruha69","4","2","6"
"Andry3333","3","3","6"
"andrygb18","4","2","6"
"AndTimeIsATest","3","3","6"
"Andutu_sahistul","3","3","6"
"andxxa","4","2","6"
"Andy_73","2","4","6"
"AndyBee","3","3","6"
"Andyboy227","3","3","6"
"andydefresneda","3","3","6"
"Andza72","3","3","6"
"Anele_sifile","4","2","6"
"Anemik","3","3","6"
"AnEnPassant","2","4","6"
"Angel236","2","4","6"
"Angelcarp78","3","3","6"
"Angele-3034","3","3","6"
"AngelFargo","2","4","6"
"angelfv2020","3","3","6"
"AngelMalaika09","3","3","6"
"Angelmex1000","4","2","6"
"angelnicolasgb","4","2","6"
"angelrg13","4","2","6"
"AngFer10","3","3","6"
"Ango_Metal","3","3","6"
"Angus82","3","3","6"
"Aniket527","3","3","6"
"animeartist_001","3","3","6"
"animia","3","3","6"
"aninha_carolin","2","4","6"
"anirudhso","2","4","6"
"Anis0990","3","3","6"
"anisal","3","3","6"
"anishsun","3","3","6"
"anishtw14","3","3","6"
"anivish","3","3","6"
"Anke_W","2","4","6"
"AnkiMD","2","4","6"
"ankitp1303","3","3","6"
"Ankor56","3","3","6"
"Anma0000","3","3","6"
"Anmej19","3","3","6"
"Ann_komilfo","2","4","6"
"Anna_panicking","2","4","6"
"Anni_03","3","3","6"
"Announcement","2","4","6"
"Anonimo_1910","4","2","6"
"anrin1986","3","3","6"
"anriyG","3","3","6"
"Ansar_Baizhanov","3","3","6"
"ansar72_luwu","3","3","6"
"Ansas","3","3","6"
"anscottie","4","2","6"
"antares123456789","2","4","6"
"Antarsys","3","3","6"
"ante52","3","3","6"
"Antennea","4","2","6"
"anteploon","4","2","6"
"Antharam","4","2","6"
"anthony1963","3","3","6"
"Anti-gone","4","2","6"
"AntipovMaksim","4","2","6"
"Antmen1968","3","3","6"
"anto_depa","2","4","6"
"Antoine_Regnault","3","3","6"
"Antomar","3","3","6"
"AntoMar56","2","4","6"
"Anton1898","3","3","6"
"AntonielLima","3","3","6"
"ANTONIITR","2","4","6"
"Antonio_Moratti","3","3","6"
"antonio_prieto","4","2","6"
"antonioalhaurin","3","3","6"
"Antoniogrchess","3","3","6"
"AntonioPerez08","3","3","6"
"AntonisPap","3","3","6"
"Antonius75","3","3","6"
"antonkadri","4","2","6"
"Antonypk","3","3","6"
"antoo5","3","3","6"
"antoraga","3","3","6"
"antoxa_25","3","3","6"
"ANTprostoANT","2","4","6"
"antrap2137","2","4","6"
"antroid98","3","3","6"
"ANUJ_IIITR","4","2","6"
"Anujyawale125","2","4","6"
"anukale","4","2","6"
"anup2023","4","2","6"
"anurag_21","3","3","6"
"Anuvz","3","3","6"
"AnvadicA","3","3","6"
"anwar112233","2","4","6"
"Anya_is_the_queen","3","3","6"
"AnyUnik","2","4","6"
"aocordoba","3","3","6"
"aoshuang","4","2","6"
"Aoztas","2","4","6"
"ap_0606","3","3","6"
"Apache72702","3","3","6"
"apahmed","3","3","6"
"Apelsin27","2","4","6"
"Apenas1jogador","2","4","6"
"AphiriJulius","4","2","6"
"APIDON2020","4","2","6"
"apinchofchess","3","3","6"
"apjoki","3","3","6"
"apostol163","3","3","6"
"AppleCherry","3","3","6"
"applefruitGELATO","2","4","6"
"apptpp","4","2","6"
"AprustheGranite","3","3","6"
"AQ994","2","4","6"
"AQabil","3","3","6"
"Aqstix","3","3","6"
"AquilaRomana","2","4","6"
"Arad_falahati93","2","4","6"
"Arael_at","2","4","6"
"ArakelianTihran","3","3","6"
"Araratjan","2","4","6"
"Aras-123","3","3","6"
"Arash-Hadikhani","2","4","6"
"Arash1256","5","1","6"
"arash14001400","3","3","6"
"arashXarcher","3","3","6"
"ARAUKANO","4","2","6"
"araz28","3","3","6"
"arbede","3","3","6"
"archive27","3","3","6"
"Ardadoruk83","3","3","6"
"ardas1905","4","2","6"
"arefevmaks","4","2","6"
"Arellachess","4","2","6"
"ArenSigrid","4","2","6"
"Argonauta_pf","2","4","6"
"Argooon","3","3","6"
"Arguile1234","3","3","6"
"arhant23","3","3","6"
"ArhHni","3","3","6"
"arian3557","3","3","6"
"ariannasiri1393","3","3","6"
"ariderschachboss","3","3","6"
"Arif_Aliev","1","5","6"
"arifDanish1304","2","4","6"
"Arinchev24","2","4","6"
"Arindam99","4","2","6"
"ariseales","5","1","6"
"Aristotele73","3","3","6"
"arj10187","2","4","6"
"arjh500","4","2","6"
"Arjun0205","3","3","6"
"aRJUNg2020","4","2","6"
"ArjunK_414","3","3","6"
"Arjunmalhotra","2","4","6"
"ArjunOmnath","5","1","6"
"Arkaesar_Abner","3","3","6"
"arkeolog_kenan","4","2","6"
"Arkostya","2","4","6"
"Arlenson11_11","2","4","6"
"arleqin","4","2","6"
"arm4444","2","4","6"
"Armadale-Maxwel","3","3","6"
"Arman_Matters","4","2","6"
"arman426","4","2","6"
"Armanahw","3","3","6"
"armandoo91","2","4","6"
"armenak64","3","3","6"
"Armiz71","4","2","6"
"Arnage","3","3","6"
"Arnault","4","2","6"
"arnav-sh","3","3","6"
"Arnav1305","3","3","6"
"Arnav23garg","2","4","6"
"arniches","4","2","6"
"arnold999","3","3","6"
"arnulfo2","2","4","6"
"Aromalpulimath","3","3","6"
"arpit-01","2","4","6"
"arpon-arafat","4","2","6"
"arragon32","4","2","6"
"arridstrike","3","3","6"
"arrowrroot","3","3","6"
"ArsalaLev","3","3","6"
"Arsany_ramy","2","4","6"
"Arseniy058","3","3","6"
"Arshia_Zemorshidi","3","3","6"
"arslanwaheed","3","3","6"
"artdestruct","3","3","6"
"Artejero","3","3","6"
"Artem_Atiakshev","2","4","6"
"Artem_Frolov704","2","4","6"
"Artem_Kh88","3","3","6"
"Artem1227","2","4","6"
"ArtemichUdo","3","3","6"
"ArtemiusReimerus","2","4","6"
"artemka_OPACH","3","3","6"
"Artemkhokhonin","2","4","6"
"ArthurA","3","3","6"
"Artiom2610","3","3","6"
"artiroth","3","3","6"
"artisss0","2","4","6"
"Artist2023","3","3","6"
"artrais","3","3","6"
"artshark_cc","3","3","6"
"artu_r2","3","3","6"
"Artur0013","4","2","6"
"artur1226","3","3","6"
"ArturKan","3","3","6"
"Arturo_Duro","3","3","6"
"arturogonzalezperez1","2","4","6"
"arturoperea","4","2","6"
"arturzischg","3","3","6"
"Artyom-201444444","4","2","6"
"Artyom41k","3","3","6"
"arulJose","2","4","6"
"aruminla","3","3","6"
"Arun1210","3","3","6"
"arunchess_king","3","3","6"
"Aruuke2014","3","3","6"
"aruzd","4","2","6"
"arv26","3","3","6"
"Arvind_Sh","2","4","6"
"arvindavoodi2000","3","3","6"
"AryalHeisenberg","3","3","6"
"Aryan_2015","2","4","6"
"Arylhan","3","3","6"
"arzen1","3","3","6"
"ArzhanovGlib","3","3","6"
"arzuhicran","4","2","6"
"as-hraf1970","3","3","6"
"as-marchenko","2","4","6"
"asadipishghadam","4","2","6"
"asamator89","3","3","6"
"Asami2405","4","2","6"
"Asanbai8268","3","3","6"
"Asaph7777","4","2","6"
"Asb-jangi1339","4","2","6"
"ascheuber","3","3","6"
"aschriver","3","3","6"
"asdali","3","3","6"
"asdffjzczgddhrtjfzk","3","3","6"
"AserAfsha","2","4","6"
"Asg_18","4","2","6"
"Asgharrezaei","3","3","6"
"Ashahri85","2","4","6"
"Ashanbhag","3","3","6"
"ashbashlash","3","3","6"
"AsherBoChess","3","3","6"
"AshishDahiya","2","4","6"
"Ashkannnnn94","3","3","6"
"AshokChudasama12","3","3","6"
"ashot7010","3","3","6"
"ashraf3ag","3","3","6"
"ashrafashraf","2","4","6"
"ashreddevils","3","3","6"
"AshVC2","3","3","6"
"Ashvi12345","4","2","6"
"ashwanth2012","4","2","6"
"Asif_A_S","3","3","6"
"asilolcer","3","3","6"
"Askarimojtaba","3","3","6"
"Askhat1988","2","4","6"
"Aslanbi_R","4","2","6"
"asllan_mjeshter","3","3","6"
"aso2001","3","3","6"
"aspesi","2","4","6"
"AspinRaj","2","4","6"
"asra1391moch","3","3","6"
"Asri_AmirHamzah","2","4","6"
"assaadAbiAkram","4","2","6"
"assim01","3","3","6"
"Assouda","2","4","6"
"asssquare","3","3","6"
"AST_2022","3","3","6"
"Astemir092","3","3","6"
"asvafoq","3","3","6"
"asvorg","4","2","6"
"Asystolie","3","3","6"
"at239","3","3","6"
"atabakbakhshur","3","3","6"
"Atakalp","3","3","6"
"Atanahi","3","3","6"
"Ataquejejen","2","4","6"
"Atar42","3","3","6"
"atarashii1990","3","3","6"
"atarocco","4","2","6"
"Atathehero","3","3","6"
"ataturk34","3","3","6"
"Ataxin_2","3","3","6"
"Atcebrian","4","2","6"
"atdevefil","3","3","6"
"atesmetin","3","3","6"
"atfil35","4","2","6"
"Atharv132013","3","3","6"
"athasuc","4","2","6"
"athena0605","4","2","6"
"Athharv","3","3","6"
"athmouni","2","4","6"
"Ati0ppi","4","2","6"
"atisijethro","3","3","6"
"atkyrka911","3","3","6"
"ATLAMAZ","3","3","6"
"atlas2205","2","4","6"
"Atler","2","4","6"
"Atmoshere","4","2","6"
"AtoBechayda","2","4","6"
"ATR18","2","4","6"
"atraininng","3","3","6"
"AtulPan06","3","3","6"
"AuggyFroggy","3","3","6"
"augustosantana","3","3","6"
"Augustus20","3","3","6"
"aurelio_lucas","3","3","6"
"AurelioMartinez99","4","2","6"
"AurumGR","3","3","6"
"AustinSummers","2","4","6"
"Auszha24","3","3","6"
"AuthenticM","4","2","6"
"aux1960","3","3","6"
"Auxius","3","3","6"
"avd_ara","3","3","6"
"avenger_744","3","3","6"
"avenk86","3","3","6"
"averageskill","4","2","6"
"avi1033","3","3","6"
"Aviales22","3","3","6"
"avinaashdubey","2","4","6"
"Avinash_MCS","3","3","6"
"avior888","2","4","6"
"AviPere","3","3","6"
"AVK25RU","4","2","6"
"avm1302","3","3","6"
"Avram069046272","4","2","6"
"Avram1966","2","4","6"
"avsut","4","2","6"
"Avyaktam","3","3","6"
"Awadah","3","3","6"
"Awesomesoccer","3","3","6"
"Awhey","3","3","6"
"awoj123","3","3","6"
"aws_83","3","3","6"
"Axill55","3","3","6"
"AXM5566","3","3","6"
"Axo2o2o","3","3","6"
"Axv7300","3","3","6"
"ayaanagarwal2","2","4","6"
"ayanchhabra1807","3","3","6"
"ayasrehh","4","2","6"
"Ayelin","3","3","6"
"ayev","4","2","6"
"aygird","3","3","6"
"Aygizar2014","2","4","6"
"AyigbeWarLeader","1","5","6"
"ayKanksck","4","2","6"
"aymanyasser17","3","3","6"
"ayrwreck","3","3","6"
"aysan257","3","3","6"
"Ayushi_chess_11","4","2","6"
"AyushMaheshwari","3","3","6"
"Ayvacilar","3","3","6"
"azamatchess1","3","3","6"
"azaro5555","3","3","6"
"AZAZEL171117","3","3","6"
"azbaako","3","3","6"
"azel333","3","3","6"
"azertyhg","3","3","6"
"azezodonia","3","3","6"
"AziKthebest","3","3","6"
"AzirD","4","2","6"
"Azizbek74","3","3","6"
"azoo95","3","3","6"
"Azritiri","4","2","6"
"b_bulut","3","3","6"
"B_rast12","4","2","6"
"B--5555--L","2","4","6"
"B-Tanda","4","2","6"
"b0mberman","3","3","6"
"B0ris1964","3","3","6"
"B0the","4","2","6"
"B61642029MIGUEL","3","3","6"
"BaapofCarlsen","2","4","6"
"baba03deli","3","3","6"
"BabaMHD","3","3","6"
"BabaYagaDouglas","3","3","6"
"babayev95","3","3","6"
"babecking","3","3","6"
"Babeta16","2","4","6"
"BabkinVA","3","3","6"
"BabyRaged101","2","4","6"
"Bach314","3","3","6"
"Backstager2","3","3","6"
"BAczel","3","3","6"
"bad_praxis","4","2","6"
"BadChar","3","3","6"
"Badr11766","3","3","6"
"badr138said","4","2","6"
"Badreddin-Mo","2","4","6"
"Baghdad-1","2","4","6"
"bagoong","2","4","6"
"baguvix43","2","4","6"
"Bair-0672","4","2","6"
"baisenbaev","4","2","6"
"bakhtiari-hosein","3","3","6"
"bakhyt69","3","3","6"
"bakmei","1","5","6"
"baku_94","3","3","6"
"bala_vrce","2","4","6"
"balack1","3","3","6"
"Balajisamy","3","3","6"
"balakannan","3","3","6"
"Balandin_Timofey","3","3","6"
"Balder57","4","2","6"
"ballack1300","3","3","6"
"Ballade-vers-inconnu","4","2","6"
"BalsaCK","3","3","6"
"balt_baltazar","3","3","6"
"bambuck","3","3","6"
"bameiran","3","3","6"
"bamemabo","2","4","6"
"BangDaMi","1","5","6"
"banrakas","3","3","6"
"BanuYY","4","2","6"
"BaoNhan","3","3","6"
"baotran2019","3","3","6"
"baotvhb","4","2","6"
"barabash91","4","2","6"
"baradid","3","3","6"
"Baran63416341","3","3","6"
"baranypeter","3","3","6"
"barbaroja","3","3","6"
"Barbavarian","2","4","6"
"Barbossa_7","2","4","6"
"barfyman_362","4","2","6"
"barinsmart","3","3","6"
"Barkin0","3","3","6"
"barlovento","2","4","6"
"Barney1101","4","2","6"
"barneybarnes","3","3","6"
"barquito_x1","3","3","6"
"barrasa8","4","2","6"
"barry0117b","4","2","6"
"barrybeeebenson","3","3","6"
"bartczakpiotr","2","4","6"
"bartol1900","4","2","6"
"bartolo2012","3","3","6"
"Barttino","3","3","6"
"barzca","1","5","6"
"Bas1nray","3","3","6"
"Basayev33","2","4","6"
"basedkarma","4","2","6"
"bashar-derky","3","3","6"
"basharbakaawi","4","2","6"
"Basheerpv","3","3","6"
"bashir_libya2","3","3","6"
"Basil82","4","2","6"
"bassai5000","4","2","6"
"bastibasti12","4","2","6"
"Bataton","3","3","6"
"Batch77","3","3","6"
"BatiDown","2","4","6"
"BATMANUKR37","3","3","6"
"bator61","3","3","6"
"batousai","2","4","6"
"BaTTL3Royal3","3","3","6"
"Battle_Trap_007","3","3","6"
"BattleBots18","3","3","6"
"Battupally","3","3","6"
"Baturov1A2V3","4","2","6"
"Baudouin228","2","4","6"
"Bautista_Romani","3","3","6"
"BAV1607","3","3","6"
"bawuk88","4","2","6"
"baybulent","3","3","6"
"baylygulcar13","3","3","6"
"bayram61_6","3","3","6"
"Bazile1988","2","4","6"
"bb23000","3","3","6"
"BbartekK","3","3","6"
"bbb005","4","2","6"
"bbjain","3","3","6"
"BBLewan","4","2","6"
"BDDR94","3","3","6"
"bdisci","3","3","6"
"bdllhtty","4","2","6"
"bear_himself","2","4","6"
"beastgamer","2","4","6"
"beatenthebishop","3","3","6"
"beaver2","4","2","6"
"bebbel","3","3","6"
"Bebbs-Chess","3","3","6"
"Bebertie","3","3","6"
"Bebeto1980","3","3","6"
"bebra73","3","3","6"
"becione","4","2","6"
"Beedideebi","2","4","6"
"BeegCat42","2","4","6"
"Begu_ganjang","3","3","6"
"BEINGsuraj100","3","3","6"
"BekzatM","3","3","6"
"Bekzhan_2016","3","3","6"
"Belera123","3","3","6"
"belkam30","3","3","6"
"Bellone","3","3","6"
"belmando79","4","2","6"
"beltsasar","2","4","6"
"Belzaboba","4","2","6"
"Bem07","3","3","6"
"Ben_Do3","3","3","6"
"Ben25300","3","3","6"
"BenAlcala","4","2","6"
"benbelkabrahim","3","3","6"
"bender87","3","3","6"
"bendynkdemon","3","3","6"
"benedit73","3","3","6"
"benezork","3","3","6"
"benjo1","4","2","6"
"Bennitos","4","2","6"
"bennydavid7","4","2","6"
"Bentoguterres","2","4","6"
"Ber_nardo","3","3","6"
"Berfin212121","3","3","6"
"berjon_chess","3","3","6"
"berkan_kartal","3","3","6"
"BerkayDobooglu_2003","3","3","6"
"Berkcanli07","2","4","6"
"berkgokgoz","3","3","6"
"Bernasconii","4","2","6"
"berndaddy","3","3","6"
"BerngardW","4","2","6"
"Bernhard_Roth","2","4","6"
"bernhard007","4","2","6"
"Bernuy","2","4","6"
"BertK1958","3","3","6"
"besidepoint","3","3","6"
"Besoffski2004","3","3","6"
"bespredel117","2","4","6"
"Bessoa","3","3","6"
"bestforanay","3","3","6"
"Betofabpuhl_1970","4","2","6"
"BEWARE10","3","3","6"
"BeyondMeasure","3","3","6"
"Beytman","3","3","6"
"bezdrabko","3","3","6"
"bgfan23","4","2","6"
"Bharadwajkarnati","3","3","6"
"bharathi2015","3","3","6"
"Bharathrajavel","3","3","6"
"Bhargav_1998","3","3","6"
"Bhaswin","2","4","6"
"Bhogs","3","3","6"
"bholamoira","3","3","6"
"Bhushanshamantha","2","4","6"
"Biagiet","3","3","6"
"bibi-escobar","3","3","6"
"bibilebibi","2","4","6"
"Bibngrd","3","3","6"
"bichpaket_s_glazkami","4","2","6"
"bide_x","3","3","6"
"bielinofeitoza","3","3","6"
"BigBalu","4","2","6"
"BigBanClockTower","3","3","6"
"BigBeefis","2","4","6"
"BigBlackBishop","3","3","6"
"BigBlundersOnly","3","3","6"
"bigboyKanyeEast","2","4","6"
"Bigclay2003","2","4","6"
"bigcoincoin","3","3","6"
"biger-xuiger","4","2","6"
"bigfootjumpsuit","3","3","6"
"Biggywilly","3","3","6"
"BigMike57","1","5","6"
"BigMonk697","3","3","6"
"Bigote11","3","3","6"
"bigpawn63","3","3","6"
"bigskip","4","2","6"
"Bii2020","3","3","6"
"bijaysh79","3","3","6"
"Bikkeltje183g","2","4","6"
"bilalihabes","3","3","6"
"BilatNiViceGanda","2","4","6"
"bildibil","4","2","6"
"bilgechess14","3","3","6"
"Bilinmeyenli_Denklem","3","3","6"
"bill062445","3","3","6"
"billi906","2","4","6"
"Billiom","3","3","6"
"billtin2023","3","3","6"
"bim1716","4","2","6"
"Bimbalas112","5","1","6"
"bimoomid","3","3","6"
"bin123456789","3","3","6"
"binminh01","3","3","6"
"biomehmet","2","4","6"
"BionSiviz","3","3","6"
"Birder67","2","4","6"
"BiscuitSec","4","2","6"
"BiShopSinful_a","3","3","6"
"bison1337","3","3","6"
"Bistroci","4","2","6"
"bitbum","3","3","6"
"bitcoin0","3","3","6"
"bitino","3","3","6"
"bixbix","3","3","6"
"bj56","2","4","6"
"bjenks2011","2","4","6"
"bjkkartal07","3","3","6"
"BJUNTU","4","2","6"
"bkninja1234","4","2","6"
"bkrathi1977","2","4","6"
"BKRDM","3","3","6"
"blablableh","3","3","6"
"black_mamba550","4","2","6"
"Black_September","4","2","6"
"BLACK-EAGLE35","2","4","6"
"BlackClaw","3","3","6"
"BlackLords","4","2","6"
"Blackpawn2020","3","3","6"
"blackrhino1973","2","4","6"
"BlackShrek","3","3","6"
"blackWobbler","4","2","6"
"BlackxFlag_87","3","3","6"
"BLairaut","3","3","6"
"blakehjg","4","2","6"
"blaquemarvel","3","3","6"
"blaster84","4","2","6"
"Blessing_02","2","4","6"
"blikkenick","3","3","6"
"blinito","3","3","6"
"Blitznazhu","2","4","6"
"Blue_bubblegum","2","4","6"
"BlueCeanothus","3","3","6"
"BlueStar_78","3","3","6"
"BlueTigerWill","3","3","6"
"BlunderedPeace","3","3","6"
"BlunderInducer","4","2","6"
"bmem1991","3","3","6"
"BMWGG","3","3","6"
"bnbhaskara","3","3","6"
"Boaz7","3","3","6"
"Bob_Vrungel","2","4","6"
"Boban_velemajstor","3","3","6"
"Bobby_ficher60","4","2","6"
"Bobby-Fisherman","2","4","6"
"bobby876","4","2","6"
"BobbyFischer10101010","3","3","6"
"Bobmel","3","3","6"
"boboha3000","2","4","6"
"bobojc","4","2","6"
"boboy2222","3","3","6"
"BobXi","3","3","6"
"BOBY002","3","3","6"
"Bochman","3","3","6"
"bodo10","2","4","6"
"boerrigterbo","3","3","6"
"Bogdan_18-10","3","3","6"
"bogdan_nicolae","3","3","6"
"Bogdan-van09","3","3","6"
"Bogdanchik_2012","3","3","6"
"boilix","3","3","6"
"Bojanjzaa","3","3","6"
"Bojz","3","3","6"
"Bok_pro","3","3","6"
"bokay46","2","4","6"
"Boku_no_kala","3","3","6"
"bolbolkan","4","2","6"
"BoldB5","4","2","6"
"Bolex","3","3","6"
"Bomboss25","3","3","6"
"bonaventure23","2","4","6"
"Bond555","3","3","6"
"BondFran","3","3","6"
"Bongolos","3","3","6"
"BongoNH","4","2","6"
"Bonne_Mulder","2","4","6"
"BooomSlanggg","3","3","6"
"Bopo6eu_83","3","3","6"
"BoredGame5","3","3","6"
"borhenzbidi1","2","4","6"
"Boris0212","3","3","6"
"Borisk58","3","3","6"
"Borman95","4","2","6"
"born1942","3","3","6"
"BornaR1950","4","2","6"
"borysov1","2","4","6"
"boskok","4","2","6"
"BOSSJON","3","3","6"
"Bosterito","3","3","6"
"Bostvinnick","2","4","6"
"botlhalegenes","3","3","6"
"bottabing","3","3","6"
"bottaratte","3","3","6"
"Bouanani-1969","2","4","6"
"boucard","2","4","6"
"bouchda","3","3","6"
"boudjabd","4","2","6"
"Bouwie","4","2","6"
"Bovik","3","3","6"
"bozidarglumac","3","3","6"
"Bozoo30","2","4","6"
"bpombepr","2","4","6"
"bpro777","4","2","6"
"br_Nazar","3","3","6"
"br1984","3","3","6"
"Brabo12","3","3","6"
"Brahim_Med2","4","2","6"
"braiannn","3","3","6"
"braingamesamarjeet","3","3","6"
"brainia","2","4","6"
"brainrails","4","2","6"
"braintank_189","2","4","6"
"Branko_1","2","4","6"
"branwagyts","3","3","6"
"Brasilvini","2","4","6"
"brave_bandit","3","3","6"
"bravo7","3","3","6"
"brayo_l","3","3","6"
"brebelez","4","2","6"
"BreezingLad","4","2","6"
"breizxdm_ig","3","3","6"
"Brempire","3","3","6"
"brenovieira","3","3","6"
"bretmw03","2","4","6"
"Brigantina_ki","3","3","6"
"Brightie","3","3","6"
"Brightkid","3","3","6"
"Brightlukosha","3","3","6"
"brilliantchess123","4","2","6"
"Bristlback","3","3","6"
"britant","3","3","6"
"BritonKM","2","4","6"
"brkysn","3","3","6"
"brlimbadiya","3","3","6"
"Broboganda","3","3","6"
"brodzikair","3","3","6"
"Broilers87","3","3","6"
"broly9898","4","2","6"
"brook_95","4","2","6"
"Bror1","3","3","6"
"Broussailles","3","3","6"
"BrownUrsid","3","3","6"
"Bruce_Wayne_Where","3","3","6"
"Bruno_Nascimento","2","4","6"
"brunoconde1313","2","4","6"
"Brunolallement","4","2","6"
"Brute-Force","2","4","6"
"Bryanmalone","3","3","6"
"bryann5","3","3","6"
"bryson_tiller","3","3","6"
"bryweak","4","2","6"
"Brzezinski28","4","2","6"
"bsbsanches","3","3","6"
"bsd_conqueror","3","3","6"
"bsrao64","2","4","6"
"Bssam_alsrhan","4","2","6"
"Bthw11","3","3","6"
"btr_93","2","4","6"
"BuboyLiad","3","3","6"
"buck_bw","1","5","6"
"budali","3","3","6"
"Buddenovec","4","2","6"
"BuffoAl","2","4","6"
"buffopiano","3","3","6"
"BUGIMEN_SVK","2","4","6"
"BujinHotoke","3","3","6"
"bukanhallodek","3","3","6"
"bukitsirih123","3","3","6"
"BulaMatari","3","3","6"
"BulletRavi","3","3","6"
"bulochkashkatulochka","4","2","6"
"BULZOV","4","2","6"
"BumsnudelBenjamin27","3","3","6"
"bungwung","4","2","6"
"buonafase","3","3","6"
"Burbujito23","3","3","6"
"burhaniyeli80","2","4","6"
"buried097","3","3","6"
"Burkota","3","3","6"
"Burnjamin","4","2","6"
"burrin","4","2","6"
"Burxan1","3","3","6"
"BUS59","3","3","6"
"busmuch","2","4","6"
"BUster_28","2","4","6"
"Buston_1957","2","4","6"
"Butenploener80","2","4","6"
"butter_on_the_bread","4","2","6"
"ButtercupSchachMatt","3","3","6"
"Butterfly_2010","3","3","6"
"buznik","2","4","6"
"BW101","3","3","6"
"bxncmxmnc","3","3","6"
"Bxnmwangi","4","2","6"
"bygood44","3","3","6"
"bykit123","2","4","6"
"BystrovDima","3","3","6"
"bzya1987","3","3","6"
"C0herency","3","3","6"
"c2c4","3","3","6"
"C4brit4","4","2","6"
"C4L_AnirudhV","3","3","6"
"C4NGOST4","4","2","6"
"c58chess","3","3","6"
"CAAAAAAT","3","3","6"
"Cabezahumana","3","3","6"
"cabouca","2","4","6"
"cachitoarese","2","4","6"
"Cacholo2015","4","2","6"
"CaesarSoze","3","3","6"
"cagcetin_2","2","4","6"
"caglar2121","4","2","6"
"CahetelCruz","4","2","6"
"caicaizhu","4","2","6"
"caio_borges","3","3","6"
"caiomull","3","3","6"
"cajaimon","3","3","6"
"Calabres992","3","3","6"
"calabuigsergio10","3","3","6"
"Calculoss","3","3","6"
"Caleb_6","3","3","6"
"CalebIker2","2","4","6"
"Calep","3","3","6"
"Calgavli","3","3","6"
"calicasas","3","3","6"
"CalicoBacon","3","3","6"
"calin44","2","4","6"
"callenvi123","3","3","6"
"Callimachus2000","4","2","6"
"callmesofian","3","3","6"
"calvien","3","3","6"
"camargos12","4","2","6"
"Camasmie","1","5","6"
"CamelBlack42","2","4","6"
"camelCaseJsonYaml","3","3","6"
"cameron_valerOn","2","4","6"
"CAMILA0502","2","4","6"
"camila55555555555","3","3","6"
"Can07K","3","3","6"
"canaglia757","3","3","6"
"cananyoneplaychess","3","3","6"
"candelabro23","4","2","6"
"CanDeSouza1907","3","3","6"
"CandidoBR","3","3","6"
"canicas2","3","3","6"
"canitopower","3","3","6"
"canmehmet","4","2","6"
"Cannon7160","3","3","6"
"Canopus08","3","3","6"
"cantabile19","3","3","6"
"Cantayeva2006","3","3","6"
"canthebest","3","3","6"
"cantork14","3","3","6"
"capa-pula","3","3","6"
"Capablenca","3","3","6"
"capiivarando","3","3","6"
"capitannaviero","3","3","6"
"Capitano3","4","2","6"
"capitosh89","3","3","6"
"capivarachess1967","4","2","6"
"Capivary","3","3","6"
"Capo2023","4","2","6"
"Capoeira6","2","4","6"
"Capomen","4","2","6"
"Captain_Brevans","3","3","6"
"Captain_Scod","3","3","6"
"CaptainAustein","4","2","6"
"Captaincav","2","4","6"
"captainchess2","3","3","6"
"captmj","3","3","6"
"carjo2110","4","2","6"
"Carlen97","3","3","6"
"carletto1111","3","3","6"
"CarlFirestone","3","3","6"
"CarllWilliams","3","3","6"
"carloilrac","3","3","6"
"Carlomaria","3","3","6"
"carlopauls","2","4","6"
"Carlos_M_Jr","4","2","6"
"carlos_rivera89","3","3","6"
"carlos-65","4","2","6"
"carlos1906182","2","4","6"
"CarlosBarreto","2","4","6"
"carlosemil54","2","4","6"
"Carlosender","3","3","6"
"carlosguevaraajedrez","4","2","6"
"carloslay","3","3","6"
"carlossolana","3","3","6"
"Carlosug","4","2","6"
"carlr01","4","2","6"
"Carlsenissogood","3","3","6"
"CarlsensBrother","4","2","6"
"Carmetheus","4","2","6"
"carnefice22","3","3","6"
"CarneirinhaRosaFofa","3","3","6"
"carolinatr19","3","3","6"
"caromish","3","3","6"
"CarpenterMartin","1","5","6"
"carpincho","4","2","6"
"carpot","4","2","6"
"Carseng","4","2","6"
"cartalavera","2","4","6"
"cartalekhcap85","3","3","6"
"Cartargous_dih","2","4","6"
"cartusio","3","3","6"
"cashi844","3","3","6"
"Casta07","3","3","6"
"casual8","3","3","6"
"cat_a_man","2","4","6"
"cata_ocg","2","4","6"
"Cata4792","2","4","6"
"Cate1030","3","3","6"
"catoblepaa","3","3","6"
"catrabbit5000","2","4","6"
"CAUCHY31415","2","4","6"
"Cavalir","2","4","6"
"Cawa58","2","4","6"
"Caxapenok","3","3","6"
"CB_RaynerLim","4","2","6"
"cb3474","4","2","6"
"Cbbmal","2","4","6"
"CBien","3","3","6"
"CBNHOTA_zeRR0","3","3","6"
"cchyy","3","3","6"
"cebra","3","3","6"
"CedrickLacanlale","2","4","6"
"CeejayJasper","2","4","6"
"Cefizl","2","4","6"
"cel-ivan-sicat","4","2","6"
"celentano1968","4","2","6"
"celeriter7","3","3","6"
"celisnator","1","5","6"
"cemalty","3","3","6"
"cemiltosun","4","2","6"
"Cems35","2","4","6"
"cengi1","3","3","6"
"cenkxy","1","5","6"
"Censori","2","4","6"
"cerezosoy","3","3","6"
"cerival","3","3","6"
"CertoNy","4","2","6"
"cervezarozen","3","3","6"
"Cesar_Galvis","2","4","6"
"cesarchoque","3","3","6"
"cesarmagnificent","2","4","6"
"cesarvarg","3","3","6"
"cetereSeam","3","3","6"
"cetinbasi-bjksatranc","3","3","6"
"Ceydaomac","3","3","6"
"CGHS1102","3","3","6"
"CGordonBombay","3","3","6"
"ch-4000","4","2","6"
"ch008","3","3","6"
"ch355pr1mary","3","3","6"
"chacarita1010","4","2","6"
"Chack_payalnuk","3","3","6"
"Chaduranga101","2","4","6"
"chaichen","3","3","6"
"chainsaw101","4","2","6"
"chairulllllll","3","3","6"
"Cham_Eleon","3","3","6"
"chamacoperro","2","4","6"
"champion_excellent","3","3","6"
"chanakyajss","3","3","6"
"chandan4uuuu","4","2","6"
"Chandrusj1","3","3","6"
"Chanen","4","2","6"
"changorayado","3","3","6"
"CHAoSM69","3","3","6"
"chaosorb61190","4","2","6"
"charanraj","3","3","6"
"charles_db","3","3","6"
"Charles754","3","3","6"
"CharlessLeeRayy","2","4","6"
"Charlestu","4","2","6"
"Charlie59400","2","4","6"
"charlieotto","5","1","6"
"Charlims","3","3","6"
"Charlotte43","2","4","6"
"charlyssonkasparov","3","3","6"
"charpentier_twitch","2","4","6"
"ChastanetNicolas","2","4","6"
"chatran666","4","2","6"
"ChatrangZagros","3","3","6"
"ChaturangIndia","3","3","6"
"chava19","3","3","6"
"chawki31","4","2","6"
"chchess75","3","3","6"
"chebourator","3","3","6"
"checkmateaholic","3","3","6"
"CheckMeowte","2","4","6"
"CheekyMuffin420","3","3","6"
"CheepSteep","2","4","6"
"cheesechesschris","2","4","6"
"Chef_M","2","4","6"
"chemimeruelo47","3","3","6"
"Chen7151980","3","3","6"
"Chenyan","3","3","6"
"Cherifkrachni","3","3","6"
"Chernihiv","4","2","6"
"Chernysh_Aleksandr","3","3","6"
"CherrySodaChapstick","4","2","6"
"chertyvgolove","3","3","6"
"Chervonec-chess","5","1","6"
"Ches_Guevara783","2","4","6"
"chesoboy","3","3","6"
"chess_3107","3","3","6"
"Chess_AYZ","1","5","6"
"Chess_Camel","4","2","6"
"Chess_I_Anderson","3","3","6"
"Chess_kombate","3","3","6"
"chess_mm1","3","3","6"
"Chess_weak","4","2","6"
"Chess-masterrr","3","3","6"
"Chess080856","3","3","6"
"chess1944","3","3","6"
"chess20098","4","2","6"
"Chess202308","2","4","6"
"Chess4_every_one","2","4","6"
"chess5599","2","4","6"
"Chess700800","5","1","6"
"ChessAcademy_Mehmet","4","2","6"
"CHESSADVENTURE16","2","4","6"
"Chessalbz","4","2","6"
"chessbeginner381","3","3","6"
"Chessbilal123","3","3","6"
"chessCookieDay","3","3","6"
"chessdislike","3","3","6"
"chessf4","2","4","6"
"chessfern","4","2","6"
"chessfever1987","4","2","6"
"chessflife","3","3","6"
"ChessGeekChampion","4","2","6"
"chessgolden08","3","3","6"
"ChessGPT-Boss","3","3","6"
"chesshack","3","3","6"
"Chessified","3","3","6"
"ChessJoker97","2","4","6"
"chessking0813","4","2","6"
"chessleo92","3","3","6"
"Chessmaestro_2010","4","2","6"
"Chessmagistrix","3","3","6"
"chessmaster128388","3","3","6"
"CHESSMEN27","2","4","6"
"ChessMystery789","4","2","6"
"ChessNorruck","4","2","6"
"ChessPlayer22333","2","4","6"
"ChessRepubliccc","3","3","6"
"chesstiagojosue","3","3","6"
"chesstosteron7","3","3","6"
"ChessTraffiker","3","3","6"
"Chesstwister","3","3","6"
"Chesstyo","5","1","6"
"CHessWarrior1001","2","4","6"
"chesswe","3","3","6"
"chessychesschessyes","4","2","6"
"CHESTER3v","3","3","6"
"chestmoves","3","3","6"
"ChetanChaudhary","4","2","6"
"chetna94181","3","3","6"
"ChettBaker","4","2","6"
"Chezz26","4","2","6"
"Chhota_Bhim","3","3","6"
"chhotisibu","3","3","6"
"chichelle","3","3","6"
"chichibomba","4","2","6"
"chika0207","3","3","6"
"chikilloflores","4","2","6"
"chileno252","3","3","6"
"chilkovski","3","3","6"
"chillingsworth","3","3","6"
"Chinaza33","2","4","6"
"ChineseSuit","3","3","6"
"chinh2807","2","4","6"
"Chinnu0","3","3","6"
"chinnu2011","3","3","6"
"Chintaki","3","3","6"
"ChiorbIII","3","3","6"
"chiorbVII","3","3","6"
"chippy_red","2","4","6"
"chipster1","4","2","6"
"chirag_kapri","3","3","6"
"chispitas2022","4","2","6"
"chkmat3","2","4","6"
"ChoBa","3","3","6"
"chocoleite","3","3","6"
"chomlk","3","3","6"
"Chopper_96","3","3","6"
"ChoquiMz","2","4","6"
"Chouquettemiam","3","3","6"
"Chris012021","4","2","6"
"Chris941000","4","2","6"
"ChrisAlkapawn","2","4","6"
"ChrisForChess","3","3","6"
"chrisgaynor","3","3","6"
"chrismac1","3","3","6"
"Chrispine046","2","4","6"
"chrisram123","3","3","6"
"Christdaking","2","4","6"
"Christe456","3","3","6"
"christiaan1981","4","2","6"
"Christian-31","3","3","6"
"Christian1127","3","3","6"
"ChristianMwamba","3","3","6"
"Christopher-Cortez","2","4","6"
"chrlychesschallenged","5","1","6"
"chtichess","2","4","6"
"chuckyarla","2","4","6"
"Chugunov21","4","2","6"
"Chulaimbo","3","3","6"
"chumadov","4","2","6"
"chumphon","3","3","6"
"ChurakayevArslan2288","3","3","6"
"ChuXinyi","2","4","6"
"chuzlop","3","3","6"
"ciaas","4","2","6"
"Cianlionelll","4","2","6"
"Ciano10chess","3","3","6"
"Ciba-Sebastian","3","3","6"
"cicekirem","2","4","6"
"Cicuta","3","3","6"
"ciechaner_73","2","4","6"
"cigankonokrad","3","3","6"
"cihansk","3","3","6"
"cilgisuz","3","3","6"
"ciminoleonardojorge","3","3","6"
"cinerino","3","3","6"
"Cingiz_M_017","1","5","6"
"cio35","3","3","6"
"Cipasky_21","3","3","6"
"ciquel25","3","3","6"
"cirelancelot","3","3","6"
"CIRO06","4","2","6"
"cirocarp","3","3","6"
"Cison","2","4","6"
"ciun","4","2","6"
"CIZ65","3","3","6"
"cjarbeus","2","4","6"
"CJnick","3","3","6"
"cjyzhrqft","2","4","6"
"cl0vek","3","3","6"
"cladimarce","3","3","6"
"ClaireM","1","5","6"
"ClaudiaGabriela","3","3","6"
"ClaudiaZurita","3","3","6"
"Claudine88","3","3","6"
"Claudio_F84","3","3","6"
"ClaudioCanovas","3","3","6"
"claudiu2022","2","4","6"
"Clealh10","3","3","6"
"cleanbishop12","3","3","6"
"cleaver00","3","3","6"
"CleberOliveiraDF","3","3","6"
"clein91","3","3","6"
"Cliff86","3","3","6"
"Climay","4","2","6"
"CLINTRADAR","3","3","6"
"clock_sucker","2","4","6"
"clon46","3","3","6"
"Cloverz","3","3","6"
"clubclass","3","3","6"
"clydelx","4","2","6"
"cmacoto","2","4","6"
"cmakkalra","4","2","6"
"Cmateo022","3","3","6"
"cmdavid22","3","3","6"
"Cmeeker25","3","3","6"
"CN-Thomas","3","3","6"
"cnrsrgl","4","2","6"
"Cnrtmr6161","4","2","6"
"Cnusperflakes","4","2","6"
"cobra271","2","4","6"
"cobre","3","3","6"
"cocacolapepsi","3","3","6"
"cocayo2119","3","3","6"
"cochise51200","3","3","6"
"coco20201","3","3","6"
"Coco837302739208","4","2","6"
"cocodrilomordedor","3","3","6"
"CodyDavis","4","2","6"
"codyufie","3","3","6"
"Cofein57","2","4","6"
"Colbyld","2","4","6"
"coldcoffee24","3","3","6"
"ColeCollege","3","3","6"
"COLLOW","3","3","6"
"comingandgoingaround","3","3","6"
"CommandantRoot","2","4","6"
"Compirator","3","3","6"
"Comte-G","3","3","6"
"ConcedeNothing","3","3","6"
"condor425","3","3","6"
"ConstableHabib","3","3","6"
"ConstantinosM","3","3","6"
"Conteranho","4","2","6"
"cony_99","3","3","6"
"Cookieschess_1","2","4","6"
"coquingarcon","3","3","6"
"coracitangara","3","3","6"
"coracoid","3","3","6"
"Corbacphenix","3","3","6"
"CorpsBOBO","2","4","6"
"CorrezienEnFureur","3","3","6"
"Cosmic--latte","4","2","6"
"Cosmic91","3","3","6"
"Cosmo01","3","3","6"
"cosmusi","3","3","6"
"Cosvee","4","2","6"
"cottonbotton","3","3","6"
"couk_DZ24","3","3","6"
"countryman8","3","3","6"
"covaci","3","3","6"
"covaraza","3","3","6"
"COVD2O","3","3","6"
"cpbfrancis30689","3","3","6"
"CptIcecream","3","3","6"
"CR1982","4","2","6"
"CrackbuddyMethusalem","3","3","6"
"CRANZZ","3","3","6"
"crappycreep","3","3","6"
"Crazyboy_21","2","4","6"
"crazyChechen","4","2","6"
"crazyforthechess","3","3","6"
"CRAZYGAM","2","4","6"
"CrazyJay","3","3","6"
"CrazyKinq","4","2","6"
"crazypawn02","3","3","6"
"creonte79","3","3","6"
"Crescent178","3","3","6"
"cris088","4","2","6"
"Crizzy44","3","3","6"
"CRNASIKIRA","3","3","6"
"Cro6787","3","3","6"
"croh82","3","3","6"
"CromaF","3","3","6"
"cruizer08","4","2","6"
"Cryptex","2","4","6"
"cryptox64","4","2","6"
"CS000","3","3","6"
"Csaky","3","3","6"
"csavardisamu","3","3","6"
"csc1963","2","4","6"
"cska-21031978","4","2","6"
"CSKA-SOFIA","3","3","6"
"CSMART","3","3","6"
"csoarzocataldo","3","3","6"
"cstoerkle","3","3","6"
"CT1976","4","2","6"
"CTaHicJIaB","3","3","6"
"cthtuby","3","3","6"
"cu_patkai","3","3","6"
"CubicMirage","2","4","6"
"cuculok","3","3","6"
"cugiahuy2014","3","3","6"
"culture43","1","5","6"
"curious_warrior-28","4","2","6"
"Curro_97","3","3","6"
"CuteshrinwaN","4","2","6"
"cy359","2","4","6"
"cyberchess99","3","3","6"
"CyberGraduado","4","2","6"
"cyclone1987","3","3","6"
"Cyprimeiro","2","4","6"
"cyrillios","3","3","6"
"CySto","2","4","6"
"D_Portugal","3","3","6"
"D_Proffessor","4","2","6"
"d_sanjay_preetham","3","3","6"
"D-e-n-i-s-Y","2","4","6"
"D0N1L","3","3","6"
"D3laY","4","2","6"
"d3nnyyy","2","4","6"
"d7lan","3","3","6"
"da4772","2","4","6"
"DABACH","4","2","6"
"Dacdi","3","3","6"
"dadavr","2","4","6"
"DadoPolumentaaa","3","3","6"
"Daehchess","3","3","6"
"Dafvaughan","2","4","6"
"daganok","4","2","6"
"Daggad_singh","2","4","6"
"Daherbach","2","4","6"
"Daike2","2","4","6"
"Daishi_yiran","4","2","6"
"Daivikshetty","4","2","6"
"DaJammyBoy","2","4","6"
"Dakshanachess","3","3","6"
"dakshik","3","3","6"
"Dakshunstoppable","3","3","6"
"Dalgatovmaga555","3","3","6"
"dalibor2","3","3","6"
"Daliso2183","4","2","6"
"DallasSooner","4","2","6"
"daltonicjaquememory","3","3","6"
"Damar_cisauk","3","3","6"
"Damasxadrez","3","3","6"
"Damianp2","3","3","6"
"Damir_Khas","3","3","6"
"damlaesila","3","3","6"
"Damsso","3","3","6"
"Dan_cz","3","3","6"
"Dan1515","2","4","6"
"DanB12345","4","2","6"
"danclone2020","2","4","6"
"dandonian","3","3","6"
"danDVDKT","3","3","6"
"dang6a1","3","3","6"
"dangesch1982","3","3","6"
"danhngoc8b","3","3","6"
"dani16_75","4","2","6"
"DanialAqil","3","3","6"
"Daniel-Alves","3","3","6"
"Daniel-Daimiel43","4","2","6"
"Daniel1064","2","4","6"
"daniel1979","3","3","6"
"danielcepedaa","2","4","6"
"Daniele55","3","3","6"
"danielg83","3","3","6"
"DanielMichael","3","3","6"
"DanielMurilloArias","2","4","6"
"danielskachkov","3","3","6"
"danielzGI","3","3","6"
"DaniGambi","2","4","6"
"Daniil_Polyanin","3","3","6"
"DaniilDM","3","3","6"
"danikan","3","3","6"
"danil_9","4","2","6"
"Danilbek777","3","3","6"
"DanilKhramov","3","3","6"
"danilo_cs","3","3","6"
"danilotnt","3","3","6"
"Danipatka","3","3","6"
"danito120170","3","3","6"
"danix313","3","3","6"
"dankuber","3","3","6"
"Dankypillow365","2","4","6"
"danlvv","3","3","6"
"dannyson","3","3","6"
"danpicos","2","4","6"
"dantas123","4","2","6"
"Dante_228","3","3","6"
"dantealberto","3","3","6"
"DanTebbutt","3","3","6"
"danthedestroyer317","3","3","6"
"Daood8997","2","4","6"
"darhnitee","3","3","6"
"Dario_Despotovic","3","3","6"
"dariomio","2","4","6"
"Dariulf","3","3","6"
"Darius87","3","3","6"
"Dark-Knight-2008","3","3","6"
"DarkAlexMad","4","2","6"
"DarkestMoonVoid","3","3","6"
"DarkF1re912","3","3","6"
"Darkjudge","3","3","6"
"DarkMat2White","3","3","6"
"DarkMegh","2","4","6"
"Darren_N","3","3","6"
"darshan_1","3","3","6"
"Darshan21197","3","3","6"
"daryn777","3","3","6"
"dash_mek","2","4","6"
"dashi5569","5","1","6"
"Dasmog","2","4","6"
"daso21","3","3","6"
"Dass2","2","4","6"
"Dastan_toloue","2","4","6"
"dastan90st","3","3","6"
"Dav222","4","2","6"
"daveporter93","3","3","6"
"davichu1991","3","3","6"
"DAVID_HIRU","3","3","6"
"David_Ibrahim88","4","2","6"
"David_Paludis","4","2","6"
"David_Paul_C","3","3","6"
"DAVID-GUEVARA1","2","4","6"
"david-mimi","4","2","6"
"david1976","3","3","6"
"Davidemox","3","3","6"
"DavidLit","2","4","6"
"Davidos9","2","4","6"
"davidxadrezacara","3","3","6"
"davidyoussef1234","3","3","6"
"DavidZ122","4","2","6"
"DavidZhunusov","5","1","6"
"Davigg","3","3","6"
"Davolee","3","3","6"
"Davut_Altai","3","3","6"
"davvasoftish","2","4","6"
"Dawitnezz","4","2","6"
"dawz","3","3","6"
"dayiiii","3","3","6"
"dazzuk","2","4","6"
"Dbasic123","3","3","6"
"dbelenkz","2","4","6"
"dccruz","2","4","6"
"dchikharev","3","3","6"
"Dcostantini","3","3","6"
"ddevyani","3","3","6"
"DDP3000","4","2","6"
"ddrago","3","3","6"
"dds0776","3","3","6"
"DeadlyTD2204","3","3","6"
"Deandra_Zhafira","3","3","6"
"Debagg","3","3","6"
"DECKALET","2","4","6"
"dedaKulina","2","4","6"
"Deden_Simeulue","3","3","6"
"dedeo","3","3","6"
"dedivon","3","3","6"
"dedoSVK","3","3","6"
"deduxan","2","4","6"
"deepakarora_99","3","3","6"
"deepaksinghtomar","3","3","6"
"deepayanindia","2","4","6"
"deer-Ombre","3","3","6"
"deertail","4","2","6"
"DeeTerrelle","2","4","6"
"Defaultchesplayer","3","3","6"
"DefeatedCrow7","2","4","6"
"definitelydrworm","4","2","6"
"Deflix","2","4","6"
"defrender","4","2","6"
"DeGrosser","2","4","6"
"dei12","3","3","6"
"Deimos55RUS","3","3","6"
"deitel","3","3","6"
"delano1224","2","4","6"
"Deldim","3","3","6"
"Delfita","4","2","6"
"Delgira_one_love","3","3","6"
"demeul","2","4","6"
"demirby","3","3","6"
"demirkorkmaz2013","4","2","6"
"DeMitrii","4","2","6"
"DemOleg","4","2","6"
"Demorest","4","2","6"
"Demortalis","4","2","6"
"Demyd_Havrylenko","4","2","6"
"DenAdam013","3","3","6"
"Denchik8","3","3","6"
"DenDolgov","4","2","6"
"denilson33","3","3","6"
"DenironmaN","3","3","6"
"Denis_Maksimov","2","4","6"
"DenisChed21","4","2","6"
"DenisKa123","3","3","6"
"Deniska7891","2","4","6"
"denizardadogan928","3","3","6"
"denizdekk","4","2","6"
"denka10","4","2","6"
"dennismayer","3","3","6"
"DennisRobman","3","3","6"
"DenPolkin","3","3","6"
"DenTeploff","3","3","6"
"denzcippudent","3","3","6"
"depressomartini","2","4","6"
"deptalaw","2","4","6"
"DepthsOfSpace","2","4","6"
"derakhshaneng","2","4","6"
"Derby777","2","4","6"
"derealchessmaster","3","3","6"
"derekd757","3","3","6"
"Derkessel","2","4","6"
"Derlan","3","3","6"
"Derpy_Hooves_X","4","2","6"
"derRote","3","3","6"
"Dertosa","3","3","6"
"DESF03","4","2","6"
"Deshayes","4","2","6"
"Desolato","3","3","6"
"dev_naik29","3","3","6"
"Dev-M","2","4","6"
"DevanshDoshi01","2","4","6"
"DevilStuff","2","4","6"
"devkingdevil","4","2","6"
"devmurugan","3","3","6"
"Devyatiy","3","3","6"
"dewak_UDINUS","4","2","6"
"Dexter91","4","2","6"
"dfitiskin","3","3","6"
"DG-2","3","3","6"
"Dgorg61","3","3","6"
"DHAKKU","4","2","6"
"dhalsim2","5","1","6"
"Dhanjay1","3","3","6"
"dhaval765","4","2","6"
"Dhiaa_edrees8","3","3","6"
"Dhibba2050","4","2","6"
"Dhisa1723","2","4","6"
"Dhonisuresh","4","2","6"
"Dhsjdgjd","2","4","6"
"DhyaatTrivedi","3","3","6"
"Diad75","3","3","6"
"Diakowski","2","4","6"
"Dian24","2","4","6"
"Diana_Avdeeva","4","2","6"
"Diana_Sh_wow","3","3","6"
"Diawol_Fedor","3","3","6"
"Didier-Pharmacenberg","2","4","6"
"didyouseethattactic9","4","2","6"
"Dieghe1984","3","3","6"
"Diego_escolaMQ","3","3","6"
"Diegolal24","4","2","6"
"diegolgarnica","2","4","6"
"DieGoLN","3","3","6"
"diegosf","2","4","6"
"diemitry7","3","3","6"
"dieterjazz","4","2","6"
"difano","3","3","6"
"DifferentFearr","3","3","6"
"digger_kz","4","2","6"
"Digibo","4","2","6"
"dik2020","4","2","6"
"dileep1890","3","3","6"
"dillenseger2204","3","3","6"
"dillipolice","3","3","6"
"DILMITA123","2","4","6"
"Dima_Drobenyuk","4","2","6"
"Dima_ivkin","3","3","6"
"Dima2513","2","4","6"
"Dima42","3","3","6"
"diman1985shaxmat","3","3","6"
"diman58","4","2","6"
"Dimanchessss","3","3","6"
"DIMAnovichok","3","3","6"
"Dimiprod","3","3","6"
"Dimitras","2","4","6"
"DimitrovDeyvid","3","3","6"
"Dimix_v","2","4","6"
"DiMM19","3","3","6"
"Dimon_1986","3","3","6"
"dimonchikchick100","3","3","6"
"DimonDimonich","3","3","6"
"dindrik","3","3","6"
"Dino_Calciatore_PL","2","4","6"
"diogop","3","3","6"
"Diolex","3","3","6"
"Dion_s82","3","3","6"
"Dioplo","3","3","6"
"Diosalvilaregina","3","3","6"
"Dirham_YCC","4","2","6"
"dis4ster","2","4","6"
"Discant","2","4","6"
"Discombobulatorix","3","3","6"
"discountnothing","4","2","6"
"Dishi_Cute","3","3","6"
"dislo08","3","3","6"
"Divine_reads","3","3","6"
"divine2d","3","3","6"
"divine3d","3","3","6"
"Divyaanshraman","3","3","6"
"Divyakne","2","4","6"
"Dixitvivek123","2","4","6"
"Diyorbek16","4","2","6"
"DJAKA_GLEDEK97","3","3","6"
"djdf1959","3","3","6"
"djek","2","4","6"
"djobi","3","3","6"
"djole61","2","4","6"
"dk2507","3","3","6"
"Dkokorev","5","1","6"
"DlaluMlungu27","3","3","6"
"Dloe","2","4","6"
"Dlondhe","3","3","6"
"Dlwilo","2","4","6"
"DM5371","3","3","6"
"DmacMcG","3","3","6"
"dmelloanson","3","3","6"
"Dmitri_Tyumen","3","3","6"
"Dmitrii_Kravtsov","3","3","6"
"DmitriVuh","3","3","6"
"Dmitriyhegai","2","4","6"
"DmitriyTyumen","2","4","6"
"Dmitry0506","4","2","6"
"Dmitry6132","3","3","6"
"DmitryBelkin48rus","3","3","6"
"dmitrytaranov","2","4","6"
"dmrkdr76","3","3","6"
"DmSh26","1","5","6"
"DmytroHecha","3","3","6"
"DmytroPryimachuk","3","3","6"
"dn_1986","4","2","6"
"dng_weeb","3","3","6"
"Dob131","3","3","6"
"Doch1999","4","2","6"
"dociv","4","2","6"
"Docjam","4","2","6"
"DocToni","3","3","6"
"dodbekeh10","2","4","6"
"dodongdako","3","3","6"
"dodosoares","3","3","6"
"doedoe32","4","2","6"
"Dogannnn-4646","3","3","6"
"DogtaEff","2","4","6"
"Dogukanbzn","3","3","6"
"Dojang_talento","3","3","6"
"dojun","3","3","6"
"DolarovV","4","2","6"
"dolasfatih","3","3","6"
"DolbyDigital","3","3","6"
"dolgpeter","3","3","6"
"dolyevixid237","4","2","6"
"dom_be","3","3","6"
"Domass","2","4","6"
"domenico2012","4","2","6"
"domi60","3","3","6"
"Dominguees","3","3","6"
"Dominic-john","3","3","6"
"Dominik-2015","2","4","6"
"Don-Gaston","3","3","6"
"Don-Khaled","3","3","6"
"Don2510","3","3","6"
"don9999900000","3","3","6"
"DonaldRay","3","3","6"
"donat1xgod","4","2","6"
"dongeilo","3","3","6"
"Donich_k","3","3","6"
"DonIran","3","3","6"
"Donkeyi","2","4","6"
"Donnieedarko","2","4","6"
"dontplay11","3","3","6"
"DonTyroneDelosSantos","3","3","6"
"DonutDrifter","4","2","6"
"DonXY","3","3","6"
"doradorice","3","3","6"
"dormar42","2","4","6"
"Doruk_DUR","4","2","6"
"Dory5","3","3","6"
"douevenmatebro","3","3","6"
"Dough_V2_SPAMMER","4","2","6"
"douglas221108","3","3","6"
"dovenko","3","3","6"
"DownUpLeftRight","2","4","6"
"dpsinghhhh","2","4","6"
"dr_amr_mohamed","4","2","6"
"Dr_D_uwu","3","3","6"
"Dr_Linguini","3","3","6"
"Dr_StarFantasy","3","3","6"
"dr_xeringa","3","3","6"
"Dr-Pawnpusher","4","2","6"
"dr-turchenstein","4","2","6"
"Dracarys1991","4","2","6"
"Dracu84","3","3","6"
"draganjurisic2023","4","2","6"
"draganso","3","3","6"
"dragoknight1","2","4","6"
"dragon_slayer_5000","3","3","6"
"DragonChess2007","3","3","6"
"Dragonfly73","3","3","6"
"Dragonshima","3","3","6"
"DragosTRN","3","3","6"
"Drake3210","3","3","6"
"DrakeColeman","4","2","6"
"Drakey718","3","3","6"
"dranve1","2","4","6"
"draxmapudra","4","2","6"
"DrBboyRx","4","2","6"
"DRCarpinteyro","3","3","6"
"drdileepkumar","2","4","6"
"drdis","4","2","6"
"DreadMaroon","4","2","6"
"Dreee89","3","3","6"
"drewar3","5","1","6"
"drewnifcx","4","2","6"
"drharshajoshi","3","3","6"
"dribrahim63","2","4","6"
"dribrahimerdogan","2","4","6"
"Drilo33","3","3","6"
"Drina2023","2","4","6"
"drkleist","3","3","6"
"DrKnightR","1","5","6"
"Drlacoins","3","3","6"
"DrLakatosh","2","4","6"
"DrMJAHDI","3","3","6"
"drmtu","3","3","6"
"DRNIKOSRITIS","3","3","6"
"drochila1337","1","5","6"
"drockcity","2","4","6"
"Droga_2702","4","2","6"
"dromer61","3","3","6"
"DrPizzaiscool","2","4","6"
"drrom","3","3","6"
"drsertao","3","3","6"
"drshreiber","4","2","6"
"DrSoony","3","3","6"
"drsubo","3","3","6"
"DrukNarg","2","4","6"
"Drunkengame","3","3","6"
"DrWilo","3","3","6"
"drychess","3","3","6"
"dryildirim61","2","4","6"
"dsamaraweera","2","4","6"
"DschabbadaRag","3","3","6"
"DTH_maikhanh","3","3","6"
"dtorresa1983","3","3","6"
"DTorreto","2","4","6"
"DTST","3","3","6"
"du6ttf","3","3","6"
"Dubovska","3","3","6"
"DUCK_LOVER2012","4","2","6"
"Duckieduckkk","3","3","6"
"DucNTM","3","3","6"
"DUKALIS_Tolya","4","2","6"
"DukeHenrich","2","4","6"
"dulded","4","2","6"
"dullhouse","3","3","6"
"dullovo1","4","2","6"
"dumskalle","3","3","6"
"Dungar","3","3","6"
"dungbui4961","3","3","6"
"DUNGO","3","3","6"
"dungtran08112014","1","5","6"
"dunja8","3","3","6"
"duongtuongvi2013","3","3","6"
"durino13","3","3","6"
"duschman13","3","3","6"
"duskoi7","3","3","6"
"Duzy8","3","3","6"
"dvaltenio","2","4","6"
"dvh2806","4","2","6"
"Dw4gem","3","3","6"
"DwightClark","2","4","6"
"DwolfP","2","4","6"
"DXLNT1","3","3","6"
"dyak","3","3","6"
"dylaniato","4","2","6"
"DymasARdy","3","3","6"
"dzetator","4","2","6"
"dZhirihin","3","3","6"
"Dzigibau","3","3","6"
"e_guri","4","2","6"
"E_l_vin","2","4","6"
"E-D2015","3","3","6"
"e-m-i-l-e1","4","2","6"
"E0911","3","3","6"
"e123137prea","3","3","6"
"E4Street_5959","3","3","6"
"eaglee99","3","3","6"
"eaglethor","1","5","6"
"EAR_72","2","4","6"
"easylosery","4","2","6"
"easymoney1","3","3","6"
"easyrider1960","3","3","6"
"EazyMind77","2","4","6"
"Ebett254","3","3","6"
"ebowka","3","3","6"
"ebrahd","3","3","6"
"ebrahimmazaheri","3","3","6"
"Ebrahimparvanehzad","3","3","6"
"Echoes4","4","2","6"
"ECOrtiZAS","2","4","6"
"ed_edmund","2","4","6"
"Ed0on","5","1","6"
"EddieCalvert","3","3","6"
"Eddinebach","4","2","6"
"Eddyjun","3","3","6"
"edededy","4","2","6"
"Edelinski","3","3","6"
"edervega12","2","4","6"
"Edfreund","3","3","6"
"edgardo1959","4","2","6"
"edgarrodsil","4","2","6"
"edgarve","3","3","6"
"Edge_SVC","3","3","6"
"Edi1714","2","4","6"
"EdijsJansons","4","2","6"
"Edik1909","3","3","6"
"Edna77Cabaral","4","2","6"
"Edortsac1945","4","2","6"
"Eduard0315","4","2","6"
"Eduardo2021_BR","3","3","6"
"EduardoBbarbosa38","4","2","6"
"EduardoQuinto357","3","3","6"
"Edubegginer","3","3","6"
"Edvyt24","3","3","6"
"Edward_Duan","2","4","6"
"EdwardMolina2811","2","4","6"
"eeeeko","1","5","6"
"eerisken","4","2","6"
"efecancarlsen","3","3","6"
"effectpd","2","4","6"
"efrainjose1902","4","2","6"
"eftekhar1","2","4","6"
"egalda","4","2","6"
"Ege-15","4","2","6"
"ege3114","3","3","6"
"egilo","3","3","6"
"egnatov","2","4","6"
"Egor_Vinokurov14","3","3","6"
"Egor5m","3","3","6"
"Egornola111","3","3","6"
"EgorPVK","4","2","6"
"EgorSi","3","3","6"
"EHLA","3","3","6"
"Ehma433","3","3","6"
"Ehmke","3","3","6"
"ehsa2792","3","3","6"
"Ehsan54","2","4","6"
"ehsannnca","3","3","6"
"ehssan11","4","2","6"
"eIi0","4","2","6"
"eimer2342","2","4","6"
"Einmana","4","2","6"
"Eirun","3","3","6"
"Eiszett","3","3","6"
"Ejder48","2","4","6"
"ek0808","3","3","6"
"ekju","2","4","6"
"ekmek_1988","3","3","6"
"EKO1907","2","4","6"
"Ekogid","2","4","6"
"Ekremsezai","3","3","6"
"Ekuah2000","3","3","6"
"El_lalo_rifa","3","3","6"
"el_patroni","3","3","6"
"el_psy_kongroo","4","2","6"
"El-Masry","3","3","6"
"El3mentrix","3","3","6"
"el7oos","4","2","6"
"elalfil","3","3","6"
"ElAltrox","4","2","6"
"elamenthappy","2","4","6"
"elankq5","3","3","6"
"elberriondo","3","3","6"
"elbrayan32","2","4","6"
"elcabro17","3","3","6"
"elcmello","3","3","6"
"ELDbaba","2","4","6"
"eldeb12345","2","4","6"
"eldondecuba","2","4","6"
"eldos21","3","3","6"
"ElectROcHemEstry","2","4","6"
"ElectroIndustrial","2","4","6"
"Elegant_Chess","3","3","6"
"Elegante13","1","5","6"
"elektrosazan","3","3","6"
"element1112","4","2","6"
"elementarniy","3","3","6"
"Elena_Polunina","3","3","6"
"Elenric","3","3","6"
"ELFALLASTJS","2","4","6"
"ElFantasma080","4","2","6"
"elgatotegano","4","2","6"
"elgermany","2","4","6"
"ElGranRoque","3","3","6"
"elguapitito","3","3","6"
"ElGuapo5","2","4","6"
"Elhaddy","4","2","6"
"Elham-jebelly","3","3","6"
"EliasBennani","2","4","6"
"Eliasroro","4","2","6"
"eliehawa","2","4","6"
"ElifEr16","3","3","6"
"eliseoluque","3","3","6"
"Eliyar1362","3","3","6"
"Eljacko46","2","4","6"
"Elker1jb","3","3","6"
"Elle81","2","4","6"
"Ellemir","3","3","6"
"EllenRipley_Burner","4","2","6"
"ello7","2","4","6"
"Elman_Elvin","3","3","6"
"elmatray777","3","3","6"
"Elnaggar_22","3","3","6"
"Elnes_7","5","1","6"
"elNoir37","3","3","6"
"EloDecline","4","2","6"
"elpacorepiola","5","1","6"
"elpamo99","3","3","6"
"ElPonce","3","3","6"
"ElRaiss","3","3","6"
"elrockanroll","4","2","6"
"elshadabdullayev","3","3","6"
"ElundeChesser","3","3","6"
"ElValencitaXD","4","2","6"
"Elwendo1988","4","2","6"
"ElyseeReclus","2","4","6"
"emadkareem1","2","4","6"
"Emanuel2017","2","4","6"
"emas73","2","4","6"
"emci1930","3","3","6"
"EMEX101","4","2","6"
"Emh1922","2","4","6"
"emiirr60","3","3","6"
"EmileBureau","3","3","6"
"emin75","3","3","6"
"EmineTurgut","4","2","6"
"eminzm159","3","3","6"
"Emircaj","3","3","6"
"emirislamking","3","3","6"
"Emmanuel_cr","3","3","6"
"Emmapha","3","3","6"
"emmett47","2","4","6"
"EMo06","1","5","6"
"emohanmrsn","3","3","6"
"Emptylife","3","3","6"
"EmreG1256","1","5","6"
"EmRTYURES","5","1","6"
"emt1000","3","3","6"
"En1988","2","4","6"
"En70_PCTR","3","3","6"
"Enahpets7806","3","3","6"
"Ency77","3","3","6"
"EndRussianAggression","2","4","6"
"EnergyNova","3","3","6"
"enes1s","3","3","6"
"EnessSari","4","2","6"
"ENG_AHMADALOJAIMI","4","2","6"
"eng-abdelaty","1","5","6"
"Eng-Mohamed-Top","3","3","6"
"Engin02mat","3","3","6"
"Engineer12345","3","3","6"
"enguita13","3","3","6"
"Enigma_50","4","2","6"
"Enkhbaatar1","3","3","6"
"Ennan_A","3","3","6"
"Enno-mr","4","2","6"
"Enot_chess_2023","3","3","6"
"enrique_lagunas","3","3","6"
"EnriqueNog","3","3","6"
"enyaliosate99","3","3","6"
"EnzoBone","2","4","6"
"EnzoWM","3","3","6"
"EobardThawneReal","3","3","6"
"EpameinondasK08","4","2","6"
"Epassere","3","3","6"
"epifanio62","3","3","6"
"EPodvalkov","4","2","6"
"ERABY","4","2","6"
"Erandollis","3","3","6"
"erasqq","4","2","6"
"Eraune","3","3","6"
"erayeren16","2","4","6"
"Erberti","3","3","6"
"Erbol888","2","4","6"
"ErcilioCrepaldi","3","3","6"
"Erck_Zan","3","3","6"
"erdemkutllu","2","4","6"
"erdemli1hayat","3","3","6"
"Eren_Yeager3003","3","3","6"
"erendzhen08","3","3","6"
"Erfan318","2","4","6"
"ErfanHemati2001","2","4","6"
"Erfanpurmohammadi","3","3","6"
"Erfansaadat2020","3","3","6"
"ErgoSander","3","3","6"
"erhanpekin","3","3","6"
"ErichG57","3","3","6"
"erick313","3","3","6"
"erik_ffffff","2","4","6"
"Erik0698","2","4","6"
"erika4317","3","3","6"
"ErikEB","1","5","6"
"Eritomacho","3","3","6"
"erjon","4","2","6"
"erkanerdem","3","3","6"
"Erkhan1307","3","3","6"
"ernestazowsky","3","3","6"
"Ernesto_Batapa","4","2","6"
"erniesantos","3","3","6"
"erosspadatheking1","2","4","6"
"erraticmind","3","3","6"
"Ersan_Sivtcev","2","4","6"
"Ershik","2","4","6"
"ErykS","3","3","6"
"Erzhan_S","3","3","6"
"es_diegocard","4","2","6"
"es28","3","3","6"
"esahe","1","5","6"
"ESariali","3","3","6"
"EscapeSequence","3","3","6"
"eschesy","2","4","6"
"Eseba2010","3","3","6"
"ESEFhUN773R","2","4","6"
"EsIstZumHeulen","2","4","6"
"esjoshi6","3","3","6"
"EskoKettunen","1","5","6"
"esmai_elsefy","2","4","6"
"Esme213","3","3","6"
"Espartaco_Fer","4","2","6"
"Espergenov1","2","4","6"
"esqueletolegal","2","4","6"
"estatua","2","4","6"
"ESTEBANSANTOS_S3STA","2","4","6"
"EstebanViquez_CR","3","3","6"
"estillac","4","2","6"
"EstIndiana15","3","3","6"
"estudiantess","2","4","6"
"eSubaawww","3","3","6"
"ET03012013","4","2","6"
"Ethanator10000","3","3","6"
"ethanpul","3","3","6"
"etho74","3","3","6"
"etna942","4","2","6"
"ettanlos","4","2","6"
"Ettoremanuli","3","3","6"
"Eu_geniu","2","4","6"
"Eudes26","4","2","6"
"Eugene1911","3","3","6"
"eugiant","3","3","6"
"Euro006","2","4","6"
"eusbanger","3","3","6"
"EV-NguyenE","3","3","6"
"evan_federio_TCU","2","4","6"
"evan678","4","2","6"
"EveningPress","2","4","6"
"Evgen1221","3","3","6"
"evgen777lv","2","4","6"
"EvgeniaP","5","1","6"
"Evgeniya15kur","3","3","6"
"EvgenyBet","1","5","6"
"evlpy","4","2","6"
"Evoluxyon","4","2","6"
"evona","4","2","6"
"EvonJosephSumesh","3","3","6"
"Excellent-check","4","2","6"
"Excelsior16","2","4","6"
"ExtremeD","2","4","6"
"eyadjordan","3","3","6"
"EyanVolcano","3","3","6"
"EyeThrough","3","3","6"
"Eyup_55","2","4","6"
"Eyza_Musyafa","3","3","6"
"Ez_Pz_Ez_Pz","3","3","6"
"Ezra24","1","5","6"
"F_de_Felipe","3","3","6"
"F-ra","2","4","6"
"f00fort0","3","3","6"
"F00mesidewayz","3","3","6"
"F104_starfighter","3","3","6"
"F1Champion","3","3","6"
"F4brutto","3","3","6"
"F4LCO","3","3","6"
"F4llen4ngel","3","3","6"
"f7-f8","2","4","6"
"f81562316","3","3","6"
"fa391304","4","2","6"
"faajaa","5","1","6"
"fabi226","3","3","6"
"FabianoCalla","2","4","6"
"FabianoCaruanaII","3","3","6"
"fabianovic15","3","3","6"
"fabio-ivan","3","3","6"
"fabiocani","3","3","6"
"fabioloso","4","2","6"
"fabionasc","4","2","6"
"fabios","3","3","6"
"Fable360","3","3","6"
"FabriValderrama","3","3","6"
"Fabrizio123","2","4","6"
"fabriziogs11","3","3","6"
"facuNF","2","4","6"
"Fadana_Athi","3","3","6"
"Fadihn4","2","4","6"
"fady788","2","4","6"
"Fadye","3","3","6"
"FafDanfif","3","3","6"
"Fahad256","3","3","6"
"fahd-321","4","2","6"
"Fahda","3","3","6"
"Faisal44","3","3","6"
"Faithhh0910","3","3","6"
"Fakiresh_talawar02","3","3","6"
"falcon75","3","3","6"
"FalconVaulter","3","3","6"
"FallHeadshot99","3","3","6"
"fam_jp","3","3","6"
"fanat2017","3","3","6"
"fanouhbaby","3","3","6"
"FANTA3ER","2","4","6"
"Fantom83","4","2","6"
"fapcoins","3","3","6"
"farajin","2","4","6"
"fares22220","2","4","6"
"Faresmhennaoui","2","4","6"
"Farfolla","3","3","6"
"farhad13691369","3","3","6"
"Fariborz1975","4","2","6"
"faridouvich","2","4","6"
"Faringate312","3","3","6"
"farisfatin17","3","3","6"
"Farmeco","3","3","6"
"farmer12","4","2","6"
"faruksylc","2","4","6"
"Farzadjason","3","3","6"
"fathzer-jchess","2","4","6"
"Fatih5038","2","4","6"
"Fatihhhhhhhh","3","3","6"
"fatihiim","3","3","6"
"Faucheuse81","3","3","6"
"FaustoAdrian","3","3","6"
"fawkes_19","2","4","6"
"Fayadhamid258","3","3","6"
"Faynos","3","3","6"
"fayssal47","4","2","6"
"fazel1990","2","4","6"
"FBCanDeSouza1907","3","3","6"
"FBGOKAY","3","3","6"
"fclgomes","3","3","6"
"Fdot_11","3","3","6"
"FDSMEHDI99","2","4","6"
"FDV59","3","3","6"
"Fe77gdgfhghvtbhkv","3","3","6"
"FearlessKing5","3","3","6"
"Febrian_03","2","4","6"
"fede4578222","2","4","6"
"Fede92","3","3","6"
"Fedeandres","3","3","6"
"fedeshiatsu","3","3","6"
"fedor66","2","4","6"
"fedusa","3","3","6"
"Felaran","4","2","6"
"felbel-13","3","3","6"
"Feli22leo","3","3","6"
"felinito","2","4","6"
"felipeaamelo","3","3","6"
"felipemattion","3","3","6"
"FelixSSB4","4","2","6"
"felq","4","2","6"
"felucciosky","3","3","6"
"fenrir_414","3","3","6"
"Fenty_DGR","3","3","6"
"Fer_316","4","2","6"
"Fer_Mendez-4","2","4","6"
"FerAB1912","2","4","6"
"Feras3070","2","4","6"
"Ferask","4","2","6"
"Ferdiemangalili","3","3","6"
"ferdinando-71","2","4","6"
"FerdynandMagulon","3","3","6"
"Fernando0Capablanca","2","4","6"
"FernandoGalanupc","3","3","6"
"Ferstatera","2","4","6"
"Ferxx_08","3","3","6"
"ferydoun1020","3","3","6"
"FESSrzn","3","3","6"
"fevzullahsah","2","4","6"
"ffccc","3","3","6"
"fffelesario","4","2","6"
"fffomenkomisha","3","3","6"
"FFH-KZ","4","2","6"
"FFyrd","3","3","6"
"fgarcia1961","4","2","6"
"fgorji","3","3","6"
"FHGAMBIT","4","2","6"
"ficher2016","3","3","6"
"FicoPos","4","2","6"
"FIDE6699","4","2","6"
"fidegua79","2","4","6"
"Fidelgs","3","3","6"
"FifiHolo","3","3","6"
"Fightedsssdds","1","5","6"
"Fightergtrx","4","2","6"
"figinek","3","3","6"
"Fihgter","3","3","6"
"fiiigaro","3","3","6"
"FikroBiH","3","3","6"
"FILA112","2","4","6"
"Filaret777","3","3","6"
"filibo97","3","3","6"
"Filipe_Chess","4","2","6"
"Filipp9191","3","3","6"
"filippo_pivetta","2","4","6"
"fillidog","2","4","6"
"filmende","4","2","6"
"filoe","3","3","6"
"filosse","3","3","6"
"Findmuck","4","2","6"
"Finnougr","3","3","6"
"fint9","3","3","6"
"firat_7575","2","4","6"
"FiraZulkarnain","4","2","6"
"fire_winner2014","3","3","6"
"firefighter_69","3","3","6"
"firework32705","3","3","6"
"firlit","3","3","6"
"Firoz004","3","3","6"
"FirstOrderSage","1","5","6"
"Fischer-Lives","2","4","6"
"fischerall","3","3","6"
"fischerdipper","2","4","6"
"fisher733","3","3","6"
"fivecoin","4","2","6"
"fizikci02","3","3","6"
"fjellastein","3","3","6"
"Fjodleif","3","3","6"
"FjordWard","3","3","6"
"Fjprogram28","3","3","6"
"fjttjcfnugjgrufxhy","2","4","6"
"FK31fer07","4","2","6"
"fklausner","2","4","6"
"FL10001","3","3","6"
"Flaaaaaab","3","3","6"
"Flaco90","3","3","6"
"Flamesot","3","3","6"
"flammeIA","4","2","6"
"FlammlachsImBrot","2","4","6"
"Flaym-Mihail","2","4","6"
"flebo03","4","2","6"
"flechagalo","3","3","6"
"fleksaton","4","2","6"
"Flibustiero","3","3","6"
"floflo86","2","4","6"
"FloKannNix","4","2","6"
"Florenz1701","2","4","6"
"FLORESPAVLOVICH","4","2","6"
"Florinmaestru","3","3","6"
"Floschnpfand","3","3","6"
"FloSchro","2","4","6"
"flower76","4","2","6"
"FlowMaster90","4","2","6"
"fly4u","4","2","6"
"flynnrider23","3","3","6"
"Flynot","2","4","6"
"fmarques","3","3","6"
"focacci","3","3","6"
"focasbebe","4","2","6"
"fokindanil1","3","3","6"
"Folgore77","3","3","6"
"folladoor","2","4","6"
"FoMa-PAN_64","2","4","6"
"fonik2006","2","4","6"
"fonsekchess","3","3","6"
"fonzycaras73","4","2","6"
"Forchun37","4","2","6"
"ForedeckYoda","3","3","6"
"Forestsgump","4","2","6"
"forestslump","3","3","6"
"forsubs2015","4","2","6"
"fortun1ks","3","3","6"
"ForzaOM","3","3","6"
"Fostiator_Deluxe","4","2","6"
"Fosvik","2","4","6"
"FotoChess23","3","3","6"
"Fouad11","3","3","6"
"Foufopoulos","3","3","6"
"fourier888","2","4","6"
"FourM4","4","2","6"
"FOX_THE_PLAYER","4","2","6"
"foxytiti","3","3","6"
"fpbhb","2","4","6"
"fqmakak","2","4","6"
"Fr0sT22","3","3","6"
"FR3DO","4","2","6"
"FR5374","3","3","6"
"fra_pyro96","4","2","6"
"frabonca13","4","2","6"
"fradibene","3","3","6"
"Frag2007","3","3","6"
"fragessa","3","3","6"
"fraixx","4","2","6"
"FRAJOU2022","3","3","6"
"fran10l","4","2","6"
"francarmo","4","2","6"
"FRANCHOIS9","3","3","6"
"Francis0309","4","2","6"
"francischege","3","3","6"
"Francisco100a","3","3","6"
"Franciscogrs","2","4","6"
"FranciscoSclau","3","3","6"
"Francochan","2","4","6"
"FrancoisBAR","2","4","6"
"franjofer","4","2","6"
"FranjoMar14","4","2","6"
"Frank_NBR","3","3","6"
"frank_we","2","4","6"
"Frank1Wictaker","2","4","6"
"Frank2431954","3","3","6"
"Frankbdc","3","3","6"
"frankenthal","4","2","6"
"Frankie60","3","3","6"
"FranksFamily","4","2","6"
"franzox","4","2","6"
"Freddysniper","3","3","6"
"frederic-MPL","4","2","6"
"frederickma","3","3","6"
"FredoBlanar","3","3","6"
"FredrikUtanC","3","3","6"
"FredySamir","3","3","6"
"FreeOddButton","4","2","6"
"frekio25","4","2","6"
"fremon","4","2","6"
"frichard","4","2","6"
"Friday007","4","2","6"
"frodik","4","2","6"
"froloffand","1","5","6"
"Frontrunner42","2","4","6"
"FroxyGamesYT135","4","2","6"
"Fruits_Ninja","3","3","6"
"Fruzi","3","3","6"
"FrxeZe","1","5","6"
"FS095","2","4","6"
"fsergeyal","4","2","6"
"fstrength","3","3","6"
"Fthotmsyn","3","3","6"
"fuch_y0u_b1tc4","2","4","6"
"fudgeyoucandy","3","3","6"
"Fuhrmann1957","4","2","6"
"Fukcau123","3","3","6"
"FullNarwhal","3","3","6"
"fun_ahead_gl","4","2","6"
"funazushi","3","3","6"
"FungolFox","4","2","6"
"FunLovinChesser","2","4","6"
"Funnyslash","4","2","6"
"funtwirlingsand","4","2","6"
"furacroix","3","3","6"
"furcik","4","2","6"
"Furkan-ssss","3","3","6"
"furkankec","3","3","6"
"Furthar","4","2","6"
"Furyfish","3","3","6"
"FutureFmRey","3","3","6"
"Fuxreut","2","4","6"
"fuzzjaguar","3","3","6"
"fvila2512","4","2","6"
"Fxergvs2331","4","2","6"
"fyodor_o","3","3","6"
"fznj","3","3","6"
"g_glechyan","3","3","6"
"G1M1SI","4","2","6"
"g4rr0u","3","3","6"
"ga_broderick","4","2","6"
"gabester101","2","4","6"
"GabeSusanLewis","2","4","6"
"gabibouche","3","3","6"
"Gabobobov","3","3","6"
"Gabriel_87","4","2","6"
"Gabriel_Hdz","4","2","6"
"Gabriel_Morales","3","3","6"
"gabriel21","5","1","6"
"GabrielCarpioOband","4","2","6"
"GabrielLorentz","4","2","6"
"gachiglob","3","3","6"
"Gala0915","2","4","6"
"GALAADCHESS","3","3","6"
"Galaktion_Sasha","2","4","6"
"GALALIRA","3","3","6"
"Gali_Kaspalov-1","4","2","6"
"GalinaSO","3","3","6"
"galkin-mk","4","2","6"
"GallopingHorse","3","3","6"
"GallusGrouse","4","2","6"
"Galmof","3","3","6"
"Galou05","3","3","6"
"galsandri","2","4","6"
"gambatron","3","3","6"
"gambit-man","4","2","6"
"Gambittigitt","3","3","6"
"gamboashakespear","3","3","6"
"gameel","4","2","6"
"GameLogic223","3","3","6"
"gammamamma","3","3","6"
"Ganbold10","3","3","6"
"Ganesh306","3","3","6"
"Ganeshkrishna","4","2","6"
"Gangasagar1989","4","2","6"
"ganjhas-khan","3","3","6"
"Garand","4","2","6"
"Gargamel-Azrael","3","3","6"
"Gargantua_Endurance","5","1","6"
"garida","3","3","6"
"garopa4kata","2","4","6"
"Garri017","3","3","6"
"gas_cream","3","3","6"
"gaston1981","3","3","6"
"gatarakhmanov2014","3","3","6"
"Gatsanderen","4","2","6"
"gatunet","3","3","6"
"GauisJuliusCaesar","3","3","6"
"GaurangKing","2","4","6"
"GauthamSathishkumar","4","2","6"
"GavaaL","4","2","6"
"gaver33","3","3","6"
"gavriloooo","2","4","6"
"gazaboo","3","3","6"
"gazeell","2","4","6"
"Gazet0","2","4","6"
"gazi1973","4","2","6"
"GB2036","3","3","6"
"GBGOAT","3","3","6"
"GCalero95","2","4","6"
"GCSWTS","1","5","6"
"GCunha03","3","3","6"
"GDJoel","4","2","6"
"Gecko1","3","3","6"
"Gedooo","4","2","6"
"Geeradha","3","3","6"
"geertver","4","2","6"
"Geet9215","2","4","6"
"gege78","4","2","6"
"Gena1970","3","3","6"
"GenaErmakov","4","2","6"
"General_Zerstoerer","3","3","6"
"genescott","3","3","6"
"geniee-00","3","3","6"
"GENILSON","3","3","6"
"geniyshaxmat","3","3","6"
"genoax","4","2","6"
"GentelChess","1","5","6"
"Genusz","4","2","6"
"geny_yankov","3","3","6"
"george238","3","3","6"
"GeorgeCHM","2","4","6"
"GeorgedelaRoi","3","3","6"
"GeorgeLissy","4","2","6"
"Georgi44","3","3","6"
"georginaux","3","3","6"
"Georgiy4","2","4","6"
"GerardoAC94","4","2","6"
"Geresch","2","4","6"
"gerken","3","3","6"
"Germanbrol","4","2","6"
"germugu4728","3","3","6"
"GeroBoehnke","4","2","6"
"gerritriana","4","2","6"
"Gerson21","3","3","6"
"Gersonsanti","3","3","6"
"Gerva94","2","4","6"
"gesellix","5","1","6"
"get45t45tr","2","4","6"
"getavi","4","2","6"
"Gf_Hoangminhson","3","3","6"
"gff01","3","3","6"
"gfgekjd1948","3","3","6"
"gfw48","2","4","6"
"GG8000","3","3","6"
"Ggaria2009kvmhld","2","4","6"
"GGletssee","4","2","6"
"GGLUSH","3","3","6"
"GGMU98","3","3","6"
"ggraxey","3","3","6"
"GGSchachkoenigin","3","3","6"
"Gh1s","3","3","6"
"ghasemravand","4","2","6"
"Ghazalfaridi","3","3","6"
"ghazi57","2","4","6"
"GhengisClown","4","2","6"
"Gheovgos","3","3","6"
"GHIBORT","4","2","6"
"Ghk234","1","5","6"
"Ghoshsamrat","4","2","6"
"GhostGamerOne","2","4","6"
"Ghoul_Inside","4","2","6"
"giaanhTHD","3","3","6"
"giacomololo","3","3","6"
"Giancarlo_Enver","3","3","6"
"Giancu01","4","2","6"
"GibsonF1","2","4","6"
"GidaGida","4","2","6"
"GiEffe","3","3","6"
"Gigasheit","3","3","6"
"gigasiti","4","2","6"
"gigigaga1","4","2","6"
"Gigovic","2","4","6"
"Gilbert-W","3","3","6"
"gildardoriascos","3","3","6"
"Giletka","3","3","6"
"gilro","1","5","6"
"ging4r20","3","3","6"
"Gingerts","4","2","6"
"GinnyandHarryPotters","3","3","6"
"gio1952","3","3","6"
"gio1989","4","2","6"
"Giovannello","4","2","6"
"giovanni-maddaloni","2","4","6"
"Giraff55","3","3","6"
"Girevik32","4","2","6"
"Girish75mysore","3","3","6"
"gisela11","4","2","6"
"Giupi98","3","3","6"
"Giuseppe_Z","3","3","6"
"GiuseppePagani","3","3","6"
"givemecheque","1","5","6"
"GJACQUEZ","3","3","6"
"Gjqvbyjdf-123","3","3","6"
"Gk_Dayrit","3","3","6"
"GkBl","3","3","6"
"Gkd0x","3","3","6"
"Gkturk","4","2","6"
"GLAD001","3","3","6"
"gladinOn","2","4","6"
"Glaglaglaglagla","3","3","6"
"GlamurLeonovich","3","3","6"
"glazivano","4","2","6"
"Gleb_1805","2","4","6"
"Gleb_Dvortsov","5","1","6"
"Glebasterrr","4","2","6"
"gleontas","3","3","6"
"Gligan_Misha","4","2","6"
"GLikodin","3","3","6"
"glointhadark","3","3","6"
"Gloria1959","2","4","6"
"gmahmedzahra2002","4","2","6"
"gmasterRdj","3","3","6"
"gmattia","2","4","6"
"Gmazza","3","3","6"
"Gmkrishna777","3","3","6"
"gmlaci","5","1","6"
"gmoneychessgod","3","3","6"
"gmpompieir","3","3","6"
"gmselva222","2","4","6"
"gmterlik","3","3","6"
"Gnan_The_Best","4","2","6"
"gnotulman","3","3","6"
"gocha77","2","4","6"
"Gochoo64","3","3","6"
"Godblessmohammed","3","3","6"
"Godofloosing","2","4","6"
"godzilla10","3","3","6"
"Goga413","3","3","6"
"goga473","2","4","6"
"gogashvetsov","2","4","6"
"GoGo60","3","3","6"
"gogonova","3","3","6"
"gok60hann","3","3","6"
"gokmen99","3","3","6"
"gokselbey","2","4","6"
"gokturkalitutuncu","3","3","6"
"Goku_Kakarot_UI","2","4","6"
"GoldmanNutSachs","3","3","6"
"golfpia","3","3","6"
"gollumprecious","3","3","6"
"Golodnyi","4","2","6"
"GolovachiII","3","3","6"
"gomiey","3","3","6"
"Gone7","3","3","6"
"Gonza593","4","2","6"
"Gonzaloj23","4","2","6"
"googletoday","2","4","6"
"gooofie","4","2","6"
"Gora11","3","3","6"
"GordeyBaev_2016","3","3","6"
"gordodeolinda","3","3","6"
"gordoste","4","2","6"
"GordoyViejo","4","2","6"
"gordy55","3","3","6"
"GORECMX13","4","2","6"
"Goregonzola","3","3","6"
"GorgiTheHedgehog","2","4","6"
"gorgoro","3","3","6"
"GORIKU","3","3","6"
"Gorilla_Zippo","3","3","6"
"Gorony","3","3","6"
"gosha55","4","2","6"
"goshachernyshov","3","3","6"
"gospodinsahovic","2","4","6"
"gotchin","3","3","6"
"GOTHAMCHESS99","4","2","6"
"gotlib54","3","3","6"
"gouveiovisky","3","3","6"
"goyo1953","2","4","6"
"goyzueta3","3","3","6"
"GPQ234","2","4","6"
"gr-1975","3","3","6"
"grachyavardanyan","3","3","6"
"Gracjan-9264","4","2","6"
"grad-grinder","3","3","6"
"Grafskij29","3","3","6"
"GrailFinder","3","3","6"
"grand-master176996","3","3","6"
"GrandJ22","3","3","6"
"GrandmasterDvij","3","3","6"
"GrandMonster41","3","3","6"
"GraphiteStone","3","3","6"
"grayform","4","2","6"
"grazia121","3","3","6"
"GRE1NEK","4","2","6"
"GREAT-YAHYA","4","2","6"
"GreekSoldier","3","3","6"
"greenday99","4","2","6"
"Greenhorn2022_2","4","2","6"
"greentao","4","2","6"
"gregbon","3","3","6"
"gregeon79","3","3","6"
"Gregnekrasov","4","2","6"
"GrekRus","2","4","6"
"greshnik88","2","4","6"
"Gribanovaa1970","2","4","6"
"Grimau1","3","3","6"
"GrimmlyHollow","3","3","6"
"grindingmachine","3","3","6"
"Grisch49","3","3","6"
"Grizli4","3","3","6"
"Groc0dile","3","3","6"
"groks55","3","3","6"
"groovyhassle","4","2","6"
"Groschal","4","2","6"
"Gross00","2","4","6"
"grrr_Bear","3","3","6"
"GRU04","3","3","6"
"Gruentee","3","3","6"
"Grustan","3","3","6"
"grzes1707","4","2","6"
"Grzesiio","2","4","6"
"gtgjifd","3","3","6"
"Gton7","4","2","6"
"Guacamole_Dip","3","3","6"
"guederC","2","4","6"
"GuerreroM","1","5","6"
"guest33","4","2","6"
"Gugosa","4","2","6"
"guguitaqueen","3","3","6"
"Guhan_Thirumal","3","3","6"
"Guhan44","3","3","6"
"guillaume_sg","5","1","6"
"guillaumech","3","3","6"
"GUILLERGLOR","3","3","6"
"Guily","2","4","6"
"Guinho_sp","3","3","6"
"Guinou14","3","3","6"
"guiro01","2","4","6"
"GuitarGeorge","2","4","6"
"gullo","4","2","6"
"gullyboy","2","4","6"
"Gulnar94","3","3","6"
"Gulu1998","3","3","6"
"gulyasattila1022258","3","3","6"
"Gummdg69","3","3","6"
"guntac_ak","4","2","6"
"Gunter74","3","3","6"
"guptaramendra","4","2","6"
"Gupyzer0","3","3","6"
"GurkhaCA","3","3","6"
"gursevakandgurtej","3","3","6"
"Gus_Marro","3","3","6"
"GUSILO007","3","3","6"
"gussimon","3","3","6"
"GustavoE","3","3","6"
"GustavoOC","5","1","6"
"Gustavosnb","3","3","6"
"Gutexns","2","4","6"
"gutom19","3","3","6"
"guts212","3","3","6"
"guvencchess","3","3","6"
"guytou57","3","3","6"
"Guz_e21","3","3","6"
"gvon","3","3","6"
"Gwynned","2","4","6"
"gy68","3","3","6"
"h_happy-14","3","3","6"
"h_kumar8","2","4","6"
"h0w","2","4","6"
"h3llstrid3r","2","4","6"
"H4RE_KR1SHNA","4","2","6"
"haamid123","4","2","6"
"habibsf","2","4","6"
"HaBue","3","3","6"
"hacenezy","3","3","6"
"haci23","3","3","6"
"Hadi2998","4","2","6"
"hadi4345","3","3","6"
"Hadialshabany","2","4","6"
"hadibi9007","3","3","6"
"hadj-math","4","2","6"
"Hagai888","3","3","6"
"Hajduk_st","3","3","6"
"hajdzik","2","4","6"
"hakan_by","4","2","6"
"Hakani65","3","3","6"
"Haktan02","4","2","6"
"hakuli61","3","3","6"
"hakunamatating","4","2","6"
"hakurei_reimu","2","4","6"
"Hakuryu15","4","2","6"
"Hala_000","3","3","6"
"Halbast91","3","3","6"
"halcon100","3","3","6"
"halddy","3","3","6"
"halilercan38","4","2","6"
"hamachebbi","1","5","6"
"Hamadtou","3","3","6"
"Hamdhany","3","3","6"
"hamed_sadegh","3","3","6"
"hamedaman7","2","4","6"
"hamedhst","3","3","6"
"Hamid005","3","3","6"
"hamidreza_lotfalian","3","3","6"
"Hamim123","3","3","6"
"hamza013","3","3","6"
"Hamza8890","3","3","6"
"hamzaemin07","2","4","6"
"Hamzaigraschach","2","4","6"
"Han_Sneemann","2","4","6"
"hanekek_2","3","3","6"
"HannahK0","3","3","6"
"HansHill","3","3","6"
"hansneun","3","3","6"
"hanzaelkadeem","3","3","6"
"hanzalba14","2","4","6"
"HaoDan","2","4","6"
"Happy_Madison","3","3","6"
"HaptRec","4","2","6"
"harddworking","3","3","6"
"hari-fgm","3","3","6"
"hariantofarm","2","4","6"
"hariom00","4","2","6"
"HarmlessChessNub","3","3","6"
"HarmOlde","2","4","6"
"Harnisch1003","4","2","6"
"Harp54","3","3","6"
"HarrodJID","3","3","6"
"Harroldd","3","3","6"
"harry01993","3","3","6"
"HarryMoseby","3","3","6"
"Harsha_Gowda_N","3","3","6"
"HarshiH2801","3","3","6"
"harshil158","5","1","6"
"Harshinee0912","3","3","6"
"Harut171599","3","3","6"
"HarveyRenard","3","3","6"
"Hasan_kotadepok","3","3","6"
"Hasan_Onat","3","3","6"
"Hasanain84","4","2","6"
"hasankara0126","3","3","6"
"hasantahmasbi1385588","2","4","6"
"hashbibi","3","3","6"
"Hashemyan","3","3","6"
"Hasibaga","3","3","6"
"Hasithamanikandan","3","3","6"
"HasmikAv","4","2","6"
"hasoon1","2","4","6"
"hastalavista44","3","3","6"
"hastalikBUsatranc","3","3","6"
"Hastings27","2","4","6"
"Hasux","3","3","6"
"Hatake94","3","3","6"
"Hatem_f_Shaker","4","2","6"
"hatim125","3","3","6"
"HaTTai","3","3","6"
"hatura","4","2","6"
"Hauke_jhh","3","3","6"
"Hay_why001","4","2","6"
"hayri61","3","3","6"
"Haythamkod","3","3","6"
"haythem_24","3","3","6"
"hazem342","3","3","6"
"hazemhesham73472","3","3","6"
"Hazemkraitm","2","4","6"
"hazemolabi","3","3","6"
"hbash99","3","3","6"
"hboss124","3","3","6"
"HBPrince","3","3","6"
"hdak","3","3","6"
"HeathenHeart","3","3","6"
"Heauts","3","3","6"
"Hebert1","3","3","6"
"hechaenchile","3","3","6"
"heching","3","3","6"
"hectorf","4","2","6"
"hectorfer","3","3","6"
"HectorMonk","2","4","6"
"hedin12","3","3","6"
"Heesable","3","3","6"
"Hegderajit","2","4","6"
"Heidernei","3","3","6"
"heikowtal","3","3","6"
"Helelr","4","2","6"
"Helioquax","2","4","6"
"Helloblobus","3","3","6"
"helmIIII","3","3","6"
"helmstedtman","2","4","6"
"hema-R3","3","3","6"
"hemantJathan","3","3","6"
"hendrik1989","4","2","6"
"HendyLi","5","1","6"
"henkie1959","4","2","6"
"heno007","3","3","6"
"henri59494","2","4","6"
"HenrikSAndersen","3","3","6"
"Henry0930","4","2","6"
"heocon","2","4","6"
"Heracles54","4","2","6"
"Herberto_S","2","4","6"
"herbertpj","4","2","6"
"herculesx","3","3","6"
"herlafon","2","4","6"
"Herobrine16793","4","2","6"
"heroes-azul1","2","4","6"
"herrmannelig","2","4","6"
"Hert46","3","3","6"
"herve66","3","3","6"
"Hesamdehghanian","4","2","6"
"Hesamdm","3","3","6"
"heseniko","3","3","6"
"hesham1976","2","4","6"
"heshamaldeeb","3","3","6"
"HESHAMAWIS2021","3","3","6"
"heshmatdan","3","3","6"
"Hexaldo","2","4","6"
"Heydanhonorio","3","3","6"
"HfzSrht","3","3","6"
"Hghelmuth","2","4","6"
"hgnetuno","3","3","6"
"hhdemirci","3","3","6"
"Hhthor_0899","4","2","6"
"HichamDjerrah","2","4","6"
"hichamm1","3","3","6"
"HIchess123","3","3","6"
"HidirNaz","3","3","6"
"highpowermutant","2","4","6"
"higopastro","4","2","6"
"hiiiimanshu","4","2","6"
"HikitaNesnop","3","3","6"
"hilitechess","4","2","6"
"HiLLSiZiDe","2","4","6"
"Himatheertha","3","3","6"
"himethma1","3","3","6"
"hipopotama","2","4","6"
"Hippo4467","4","2","6"
"hippopotamUst","3","3","6"
"hirbod12345","2","4","6"
"hirishabhlol","3","3","6"
"hirschi2","3","3","6"
"Hirushaomesh","3","3","6"
"Hisenberg1616","3","3","6"
"HisFairness","4","2","6"
"hitec00","2","4","6"
"hitrovan66","3","3","6"
"hivva","3","3","6"
"HjalmarEkdal","3","3","6"
"hjncjjd","3","3","6"
"hjshmkr","3","3","6"
"HMAKW","3","3","6"
"hmdan84","3","3","6"
"HMDMHRHMD","3","3","6"
"Hmza1471","2","4","6"
"hncespedes","3","3","6"
"hnes","3","3","6"
"hoangdang","3","3","6"
"Hoanghuytcv2011","4","2","6"
"hockeist67","3","3","6"
"Hoeblaah","3","3","6"
"hoisinsaus","4","2","6"
"hoksi","4","2","6"
"holofuel","4","2","6"
"Holylowy","3","3","6"
"hommels","3","3","6"
"Hond0031","3","3","6"
"honkeynkie","3","3","6"
"HonkyTonkEnPassant","3","3","6"
"hoogle","3","3","6"
"hoosen101","3","3","6"
"hop_pom","3","3","6"
"hope69","3","3","6"
"Hoptank","4","2","6"
"Hor0r0","2","4","6"
"horaciofederico","3","3","6"
"horangmalco","3","3","6"
"Horatiu_Cernatescu","2","4","6"
"Horstigrummi","3","3","6"
"Hosein_jabbari","2","4","6"
"Hossam12344","3","3","6"
"Hosseintire","3","3","6"
"hostelpunk","4","2","6"
"Hotel_Rwanda","4","2","6"
"HOTMAN_PARIZ","2","4","6"
"Housee","3","3","6"
"Howtoplaythis69","3","3","6"
"HPfanSABHTrinity","4","2","6"
"hphain","3","3","6"
"hr_kartoffel","3","3","6"
"HS69R","3","3","6"
"hsimsek","3","3","6"
"hstbabdua038","3","3","6"
"Htn125","3","3","6"
"Htrin2023","3","3","6"
"HUBHAUS","3","3","6"
"Hugo_rav","3","3","6"
"hugo2112","3","3","6"
"hugo238","3","3","6"
"hugofirst","3","3","6"
"hujnya","2","4","6"
"hujoyas","4","2","6"
"Hulohoth","3","3","6"
"Humin","3","3","6"
"HundenPonto","3","3","6"
"Huntingevil","3","3","6"
"husam12346","2","4","6"
"hussam92","2","4","6"
"HussamGhubari","3","3","6"
"hussein_0000","3","3","6"
"Husseinabdirahman79","4","2","6"
"HustlerWhitney","3","3","6"
"Hutorok","1","5","6"
"huy01052010","3","3","6"
"Hvbercik","4","2","6"
"hwarken","1","5","6"
"hxcv1679","3","3","6"
"hydar213","2","4","6"
"Hydra202","4","2","6"
"Hydramasters","3","3","6"
"Hykolnic","4","2","6"
"hyper_accelerated","3","3","6"
"Hyperboreanian","3","3","6"
"Hyperchessoeic","2","4","6"
"hyttr","3","3","6"
"hz1408","3","3","6"
"I_v_a_n-Kuvaev2014","2","4","6"
"i-gro","3","3","6"
"I99enpeufadrianoI","3","3","6"
"IAhmad990","4","2","6"
"iamanikeev","3","3","6"
"iamcarlo","4","2","6"
"iamgurinder18","4","2","6"
"iamlaura","3","3","6"
"IAMONTHEWAY","1","5","6"
"IAmPassedPawn","3","3","6"
"IamSatoshiNakamoto","3","3","6"
"Ian_was_better","4","2","6"
"IanisSau","3","3","6"
"iankigenlim0","4","2","6"
"IansLeftNut","2","4","6"
"IanVillaester","2","4","6"
"Iaroslav17","3","3","6"
"iAvadin","3","3","6"
"ibra444","3","3","6"
"Ibrahim-8785","4","2","6"
"ibrahim8787","3","3","6"
"IbraHiMMah","3","3","6"
"ibrahmpeker","2","4","6"
"IBRgim","3","3","6"
"ibrqurbanov","3","3","6"
"IcantSacrifice","3","3","6"
"icarinski","3","3","6"
"Icaro1979","4","2","6"
"Ice1ce1ce","3","3","6"
"Icemagrd","2","4","6"
"iceman1981","2","4","6"
"Icemis","2","4","6"
"idanrara","3","3","6"
"Iddoya","3","3","6"
"Idgar","3","3","6"
"idle_heroes","3","3","6"
"Idris-1974","4","2","6"
"iFeli","2","4","6"
"ifiam","3","3","6"
"iftihagesalim","3","3","6"
"igaroeschka","2","4","6"
"iggypiggy","3","3","6"
"ignatvip","3","3","6"
"Ignite-1st","3","3","6"
"igomat","3","3","6"
"Igor888888","3","3","6"
"IgorASharshov","3","3","6"
"Igorek988","3","3","6"
"IgorGl64","4","2","6"
"igorhoroshaev","3","3","6"
"Igorscunha2018","4","2","6"
"IgorYav","3","3","6"
"ihab1234","2","4","6"
"ihamoud7","2","4","6"
"Ihar_Kamarov","3","3","6"
"IHeinz","4","2","6"
"II-GEAR","2","4","6"
"iiolo","3","3","6"
"iJustZikaPr0","2","4","6"
"Ik22","4","2","6"
"Ikoe2009","3","3","6"
"ikubav1","3","3","6"
"Il_Dere","2","4","6"
"Il_Mago_di_Oz","2","4","6"
"ILCAMUNOFURIOSO","3","3","6"
"ildar1960","2","4","6"
"ildiprareturn","3","3","6"
"Ilgattomaatto","4","2","6"
"Ilham1957","4","2","6"
"ilhan_aksahin","5","1","6"
"ilia_nikulov","3","3","6"
"iliaort2","2","4","6"
"iliasariri","3","3","6"
"iliench","4","2","6"
"Ilinca1","4","2","6"
"ILIOS","2","4","6"
"Iliya-1395","4","2","6"
"ilkeribis","3","3","6"
"illini","2","4","6"
"Illlburg","4","2","6"
"IllTellYaHwat","3","3","6"
"ilmarasco","3","3","6"
"ilopez78","3","3","6"
"ilovebanana","2","4","6"
"IloveGH","4","2","6"
"ILoveMemphis","2","4","6"
"Ilovevodkasuka","3","3","6"
"ilshat_muha47","2","4","6"
"Ilustrissimuss","2","4","6"
"Ily88","4","2","6"
"Ilya_Golovushkin2","4","2","6"
"Ilya_Ronzin","3","3","6"
"Ilya-Bocharov_1989","3","3","6"
"Ilya0610","3","3","6"
"ilya408","3","3","6"
"Ilya755","3","3","6"
"ilyabsmirnov","4","2","6"
"IlyaPetchenitsin2016","3","3","6"
"IlyaShafranov","3","3","6"
"imadsaadeh","2","4","6"
"Imperator096","3","3","6"
"ImpregnableAlex","3","3","6"
"imranzahin14","3","3","6"
"imsatam","3","3","6"
"imst047","3","3","6"
"Imunelevrai","4","2","6"
"imweirdomo","3","3","6"
"inavteprov","4","2","6"
"incubare","2","4","6"
"Indah0231","3","3","6"
"inditiger","3","3","6"
"indy91","3","3","6"
"Inexist","3","3","6"
"infilka","3","3","6"
"infinityJab","2","4","6"
"InGr","3","3","6"
"Initium0","2","4","6"
"InlineTwin","3","3","6"
"Innos_Zorn","3","3","6"
"InsaneAttack","3","3","6"
"Inspire2021","3","3","6"
"IonLnc","2","4","6"
"iosifmuresan","3","3","6"
"Ipnorospo014","3","3","6"
"Ipprofe","3","3","6"
"iprahim","2","4","6"
"iqbalhaikal","3","3","6"
"irammadrout","3","3","6"
"Iran2016","2","4","6"
"Iremadze","3","3","6"
"ireneomolina034","3","3","6"
"irfan_025257","3","3","6"
"IrinaGeoscan","2","4","6"
"IRON_15RUS","3","3","6"
"IRON-HEART-FILO","4","2","6"
"IronChickenn","2","4","6"
"IronMax_22","3","3","6"
"ironsourav","4","2","6"
"irsyadihabib","3","3","6"
"Is_That_It_Bro","2","4","6"
"is1879","3","3","6"
"isa5526","2","4","6"
"isaacJAMI","3","3","6"
"isaaco100","4","2","6"
"isabd","4","2","6"
"isakosova","3","3","6"
"Isatay2007","2","4","6"
"iscsi","3","3","6"
"isergeymd","3","3","6"
"ISeth07","4","2","6"
"ishanmmm","3","3","6"
"ishanpisal1","3","3","6"
"Ishansachin","4","2","6"
"iShvedkov","4","2","6"
"Isira_05","3","3","6"
"iskander1982","4","2","6"
"Iskierdo","4","2","6"
"IslamFarid","3","3","6"
"islamqardawy111","3","3","6"
"Isma-Cruz","3","3","6"
"ismaelmalae","2","4","6"
"ismail274643","4","2","6"
"Ismail7ben","2","4","6"
"Isnogud68","2","4","6"
"Israeldominguezperez","1","5","6"
"israfil0","3","3","6"
"Issem","3","3","6"
"isuck58","3","3","6"
"Itachi1985","3","3","6"
"Itachiiiii1234","3","3","6"
"ItachiUchihaa","3","3","6"
"italomb2023","2","4","6"
"ITOSANTOSH","2","4","6"
"ItsAfiq","3","3","6"
"itsbhavishya47","3","3","6"
"itscrazybanana","3","3","6"
"ItsFckngZomboy","3","3","6"
"Itsmartyb","3","3","6"
"itsmeursault","2","4","6"
"ItsTare420","3","3","6"
"iulia2014","3","3","6"
"iurikman","4","2","6"
"iustin1503","3","3","6"
"Ivan_27_02","1","5","6"
"ivan_kurbatov","3","3","6"
"Ivan_tarsacha","3","3","6"
"Ivan1812","3","3","6"
"Ivan76654","2","4","6"
"IvanAlekseevichM","2","4","6"
"Ivanglbv","2","4","6"
"ivankaramazov2210","3","3","6"
"IvanKovyl","4","2","6"
"ivannemilostiv","4","2","6"
"Ivanov_Andrey56","3","3","6"
"IvanovanaT050558","3","3","6"
"ivanpatlusov","2","4","6"
"Ivanpost","3","3","6"
"IvanVasilev2022","3","3","6"
"ivanzait","2","4","6"
"IvanZlatanovic","3","3","6"
"IvarLodbrok","3","3","6"
"ivashkalena","3","3","6"
"Ivat","2","4","6"
"Ivazina","2","4","6"
"Ivnn","4","2","6"
"ivralamri","4","2","6"
"IvSusanin","3","3","6"
"ivurbe","3","3","6"
"Iwan19851908","4","2","6"
"IWinner01","3","3","6"
"iyiespiri","4","2","6"
"izzatvobkent","3","3","6"
"izzochess","3","3","6"
"izzypastor","3","3","6"
"J_Houser","3","3","6"
"J_Mehraban59","2","4","6"
"j-mike","4","2","6"
"j-shafati2219","3","3","6"
"J1mjhvmhgcdn-gfx_1","3","3","6"
"j4k0b","2","4","6"
"j611","3","3","6"
"JA-10","5","1","6"
"Jacek-bajka","3","3","6"
"jackalChess","4","2","6"
"jackbeauregard0","3","3","6"
"JackHarkness","2","4","6"
"jackjack2212","3","3","6"
"jacko-76","3","3","6"
"Jackpot77","3","3","6"
"JacksCarrow","3","3","6"
"JackTomato","2","4","6"
"jacky_raza","3","3","6"
"Jacob1771","4","2","6"
"jacoob-1980","3","3","6"
"Jaden_Yukii","3","3","6"
"JafisKumara","3","3","6"
"jagguch","3","3","6"
"jagnew","4","2","6"
"Jah-Far","2","4","6"
"JahSnipesz","2","4","6"
"jaifervk","3","3","6"
"JaiHind1","3","3","6"
"Jaimeospina","3","3","6"
"jain_nikunj","5","1","6"
"jain81","3","3","6"
"JaJo72","3","3","6"
"JAKE_T_TUMALIUAN","3","3","6"
"Jakub2011W","3","3","6"
"Jakupovic-Haris-2023","3","3","6"
"Jalalalbaik19","2","4","6"
"Jalel1980","2","4","6"
"Jalilahmedmughal","4","2","6"
"Jalolliddin998882952","3","3","6"
"jamb0t","4","2","6"
"james_p","3","3","6"
"James1020","3","3","6"
"jamesco","3","3","6"
"Jamestujur","3","3","6"
"jamie1111","3","3","6"
"jamiliba","2","4","6"
"Jamondepig","3","3","6"
"jan12345678Jan","4","2","6"
"jan4an","4","2","6"
"JanAgeSvalbard","2","4","6"
"janarrest_i","4","2","6"
"janbanganchan","3","3","6"
"JancenMJ","3","3","6"
"Jancikkk","3","3","6"
"jane1","2","4","6"
"Jane7372","3","3","6"
"JanekGr2015","3","3","6"
"janindu0123","3","3","6"
"Janko_1993","2","4","6"
"JannekDerGummel","4","2","6"
"jannic77","4","2","6"
"jano8","3","3","6"
"janosko","3","3","6"
"jansonbiuri_1234","3","3","6"
"Janszach","4","2","6"
"JANSZACHISTA2021","3","3","6"
"January_79","4","2","6"
"JanWitkowski","3","3","6"
"Japers","3","3","6"
"JaponyaliWins","2","4","6"
"Jaqueen3","3","3","6"
"jaramirocp","3","3","6"
"Jared_Marcelo","3","3","6"
"jaribalde","4","2","6"
"Jarno6r1i","4","2","6"
"jarofili","3","3","6"
"JaroR84","4","2","6"
"Jarota","4","2","6"
"jasapin","2","4","6"
"JashuD","3","3","6"
"jasielpkanish","3","3","6"
"jasombilon1","3","3","6"
"jasonwaterfalls96","3","3","6"
"jatindesai","3","3","6"
"JAUME1944","3","3","6"
"javadian2020","3","3","6"
"JavadSH79","2","4","6"
"Javier_Amado","2","4","6"
"Javier_C","4","2","6"
"Javierfchess","3","3","6"
"javierknees","4","2","6"
"Jaxsonb31","3","3","6"
"JAY-V","3","3","6"
"jay0512","2","4","6"
"jaykay4life","3","3","6"
"Jaykym","2","4","6"
"JayrilRamos","3","3","6"
"jaysonthing2","3","3","6"
"JayTee2004","2","4","6"
"jazmin230727","3","3","6"
"jazur13","3","3","6"
"Jazzar_George_Hayek","4","2","6"
"jazztifur","3","3","6"
"jbakshi","3","3","6"
"JBantik","3","3","6"
"jbeaudin86","3","3","6"
"jcajedrezformativo","3","3","6"
"Jcanalysis","3","3","6"
"JCapula","3","3","6"
"jcarmo","2","4","6"
"JCB0","3","3","6"
"JCilla23","2","4","6"
"jckg","3","3","6"
"jcm_maxwell","3","3","6"
"JCM319","2","4","6"
"Jcsjinfo","3","3","6"
"Jdawg23","4","2","6"
"jdiogonpn","3","3","6"
"Jdogg614","2","4","6"
"JDoggBigN","3","3","6"
"jdrt","4","2","6"
"jdsnelle","3","3","6"
"JealousJelly","3","3","6"
"jeam12567","4","2","6"
"Jean-neige","4","2","6"
"JeanFaust","3","3","6"
"jeanma88","2","4","6"
"JeanPierre0590","3","3","6"
"JeanYvesCapo","3","3","6"
"jecoy13","2","4","6"
"jecqt","3","3","6"
"Jeevith2020","4","2","6"
"JeffACake","3","3","6"
"jefflau54","3","3","6"
"JeffR94","3","3","6"
"jehielmorales","3","3","6"
"Jeka1943","2","4","6"
"jel000000","3","3","6"
"JemDantes7","4","2","6"
"jenjet","2","4","6"
"Jennieaguro26","2","4","6"
"JEOB71","3","3","6"
"jergan","3","3","6"
"jericho911111","4","2","6"
"jerlaQueen","3","3","6"
"jerry9877","4","2","6"
"jerrylorry","3","3","6"
"jerryraj","3","3","6"
"JerseyKnight68","1","5","6"
"jeryyyy","3","3","6"
"Jessesmith","3","3","6"
"jessychessie","4","2","6"
"Jesupemi","5","1","6"
"jesus1111","1","5","6"
"jesus1989","4","2","6"
"Jesus53","4","2","6"
"jesusmiguelarias","3","3","6"
"jesuspuelles","2","4","6"
"jeune-homme34","3","3","6"
"JevFungus","2","4","6"
"JeyLexx","2","4","6"
"jeyransourchi","2","4","6"
"Jezza732","3","3","6"
"jfsantos_1608","3","3","6"
"jgoff16","3","3","6"
"Jgrabielchiroque","2","4","6"
"jhamel_28","3","3","6"
"Jhemm","3","3","6"
"Jhmeyer2","3","3","6"
"jhorvin_fabian","3","3","6"
"jhosue202311","3","3","6"
"Jibinmss","3","3","6"
"Jifian","2","4","6"
"jiggasiggi","3","3","6"
"Jikop","3","3","6"
"jim_shorts","3","3","6"
"Jimenes112","3","3","6"
"jindos","3","3","6"
"Jindrich3","4","2","6"
"Jinojith","3","3","6"
"jintu2402","3","3","6"
"JituSahu","4","2","6"
"JJ_YAY57","2","4","6"
"jj-150","4","2","6"
"JJJ_5445","3","3","6"
"JJoker_1","3","3","6"
"jjong1982","4","2","6"
"JJX25","3","3","6"
"JK_CVTS","3","3","6"
"JK122120","3","3","6"
"JKyr","3","3","6"
"Jlm76","4","2","6"
"JLokk","3","3","6"
"jm01011977","2","4","6"
"jmgm","4","2","6"
"Joachim_Rahmann","4","2","6"
"joan1312","2","4","6"
"JoaoLucasPBrasil","2","4","6"
"JoaoM10","3","3","6"
"Joasy07","2","4","6"
"jobavamorozevich","3","3","6"
"jobdaman","4","2","6"
"Jodi_ijonk","3","3","6"
"jody251","3","3","6"
"Joe-Blow","3","3","6"
"joe12344300","3","3","6"
"joeboy1977","3","3","6"
"Joelito-Wils","3","3","6"
"joelmate","4","2","6"
"JoeyXang","4","2","6"
"joga68","4","2","6"
"JogadorFeliz","1","5","6"
"joguart","3","3","6"
"johanjins","4","2","6"
"johankh87","3","3","6"
"johanna999","3","3","6"
"Johannes_The_Juice","4","2","6"
"John_ches_player","3","3","6"
"john001","4","2","6"
"JohnBakuts2","3","3","6"
"johnbgud","3","3","6"
"johndelara5","3","3","6"
"Johnfer2017","3","3","6"
"JohnG84","3","3","6"
"Johniiiii","4","2","6"
"johnmotchy","3","3","6"
"JOHNNY2018","3","3","6"
"JohnnyCerquilho","4","2","6"
"JohnnyKakes","3","3","6"
"johnoughton","3","3","6"
"joint_pain","3","3","6"
"jojo_is_ok","4","2","6"
"Jojofoz","3","3","6"
"Jok3r_94","3","3","6"
"jokerface11","2","4","6"
"JokerTown","3","3","6"
"Jokeyhard","3","3","6"
"joki1960","3","3","6"
"jokosup","2","4","6"
"Jokser","3","3","6"
"jolugelo","3","3","6"
"JonasMykland","3","3","6"
"JonathanEguna","3","3","6"
"jonathangardner2","4","2","6"
"Jones0602","3","3","6"
"Jonni-1","3","3","6"
"JonnyMac149","4","2","6"
"jopag","4","2","6"
"jopahuika1","3","3","6"
"jordimataix1991","4","2","6"
"JordyOrtega","3","3","6"
"jorendumoulin","1","5","6"
"JoReut85","4","2","6"
"JORGE_90","3","3","6"
"Jorge_Diego95","4","2","6"
"JorgeAniceto","2","4","6"
"jorgeantonio","3","3","6"
"jorleimarc","4","2","6"
"jormassoud","3","3","6"
"josefg","3","3","6"
"JosefNiehe","3","3","6"
"josegill","3","3","6"
"joseiadicicco","3","3","6"
"joseluis3c","3","3","6"
"josemarcos","3","3","6"
"josemonserrat11","3","3","6"
"JosenKim","3","3","6"
"josep_llado","3","3","6"
"joseph_ubadigbo1","2","4","6"
"JosephBelleh1","3","3","6"
"Joset1906","3","3","6"
"JoshNG6","3","3","6"
"joshua_silpre","3","3","6"
"Joshycheriyan","3","3","6"
"Joshyjo","2","4","6"
"Jothiaswin","3","3","6"
"Jotinakoijam","3","3","6"
"joueurduvesinet","3","3","6"
"jovimma","4","2","6"
"Jowie54l","4","2","6"
"Joxwe","2","4","6"
"Joydey99","4","2","6"
"JP1970jp","4","2","6"
"jp347","4","2","6"
"jpanas","4","2","6"
"jpblytt","2","4","6"
"jpchess1402","2","4","6"
"JPCRUZMEX","2","4","6"
"Jpedro100","2","4","6"
"jpeliyo","2","4","6"
"jpezzini","4","2","6"
"jpkl123","3","3","6"
"jpnagdev","4","2","6"
"jrmartinezb","4","2","6"
"Jrnovalima","4","2","6"
"jrodazo118","2","4","6"
"jrzydevlxd","4","2","6"
"JSejunK","3","3","6"
"jshumaker","3","3","6"
"JSoup","2","4","6"
"Jswave08","3","3","6"
"JTourabi","3","3","6"
"juaco1791","2","4","6"
"juan_chess17","2","4","6"
"Juan-naruto-20080","4","2","6"
"juanbsac","5","1","6"
"Juanca-97","3","3","6"
"juanchester","3","3","6"
"juanchope039","3","3","6"
"Juanchouri","3","3","6"
"Juandgs2000","4","2","6"
"juanfmbrillantes12","2","4","6"
"juanito15","4","2","6"
"juankisforever","4","2","6"
"JuanManuel_Hernandez","3","3","6"
"JuanTuny","3","3","6"
"Judit_bulgar","3","3","6"
"juel1","2","4","6"
"jugapapaa","3","3","6"
"juhaszis1980","4","2","6"
"juiced4chess","2","4","6"
"JuiceKi","3","3","6"
"juicywindow","2","4","6"
"Jujujuy03","5","1","6"
"Jujusaly","3","3","6"
"jukoffbankir","3","3","6"
"juleidow","3","3","6"
"julesmak","2","4","6"
"julesvd","4","2","6"
"juliach","3","3","6"
"julians86","3","3","6"
"Juliendees","3","3","6"
"JulienMaxime","4","2","6"
"Julio_calona","3","3","6"
"Julioalr86","3","3","6"
"JulioCascavita","4","2","6"
"Juliogab1","3","3","6"
"julioguzman","4","2","6"
"Julisses","2","4","6"
"Juliyo","3","3","6"
"Jullul","3","3","6"
"julss15","2","4","6"
"jumptomyhell","4","2","6"
"Jun1507","3","3","6"
"Junais_krss","3","3","6"
"Juniorsilva08","3","3","6"
"junto1974","3","3","6"
"Jupajullukka","3","3","6"
"jurdan","3","3","6"
"jureczek316","4","2","6"
"Juriglptvbs","3","3","6"
"just_dawn","3","3","6"
"Just_Leshiy","3","3","6"
"Just_seif40","3","3","6"
"justfow","2","4","6"
"Justinas777","3","3","6"
"juup-it","2","4","6"
"Juusal","3","3","6"
"juvanneddu","3","3","6"
"Juzz82","4","2","6"
"Juzza07XIIP","4","2","6"
"Jvilla25","3","3","6"
"jvlyngdoh","3","3","6"
"jwwang","2","4","6"
"jzuken","3","3","6"
"K_A_V_A","2","4","6"
"K-N-M","3","3","6"
"k0vi0sh","3","3","6"
"K6eskap","3","3","6"
"K7148","3","3","6"
"k9thebeast","4","2","6"
"kaangln","2","4","6"
"Kaarsvlam","4","2","6"
"kaassouffle6","3","3","6"
"Kaaviyadharshini","2","4","6"
"kaavviya-kk","2","4","6"
"Kabir2009","2","4","6"
"kaburkabur57","3","3","6"
"kachelo","3","3","6"
"Kachinfya","3","3","6"
"Kacper_309","3","3","6"
"kacuper","3","3","6"
"kadarBeckham","2","4","6"
"Kadhaver16","3","3","6"
"KadirCulha290914","3","3","6"
"Kaelo15","3","3","6"
"Kafkakopp","3","3","6"
"Kaiddel-king","3","3","6"
"kaielsu","4","2","6"
"kailash9556","3","3","6"
"kaiserczar2000","2","4","6"
"KaizerSaucey","4","2","6"
"kaka-v420","3","3","6"
"kakaoporonty","3","3","6"
"Kaled","3","3","6"
"kallyany","4","2","6"
"kalyank","3","3","6"
"kamal0147","3","3","6"
"kamal72","3","3","6"
"kamalabdo1","3","3","6"
"Kamalaljondi","2","4","6"
"Kambiton","2","4","6"
"kamel230","3","3","6"
"kamelgag1","2","4","6"
"kamencic1","4","2","6"
"kamikaze2333","3","3","6"
"kamikaze5834","3","3","6"
"kamikii","2","4","6"
"kamil_budaqov","4","2","6"
"KamilaEloeva","2","4","6"
"kamiyar_76","4","2","6"
"Kamkat18","3","3","6"
"Kamobea","3","3","6"
"KamoGriadeche","2","4","6"
"Kampfh","3","3","6"
"kamran62","2","4","6"
"Kamrann16","3","3","6"
"kamtheSunil","4","2","6"
"KanaevNikita","3","3","6"
"KanatBek76","4","2","6"
"kangaslampi","3","3","6"
"kanghalil","2","4","6"
"Kanhauser","3","3","6"
"KANISHKIRAN","2","4","6"
"KANJpuus","3","3","6"
"kankle","4","2","6"
"Kanthecarowin","3","3","6"
"KaoriC10","3","3","6"
"kape21","4","2","6"
"kapibara19","3","3","6"
"kapikranyan","3","3","6"
"Kappa-72","3","3","6"
"karahan25","3","3","6"
"KaraKapaK","3","3","6"
"Karam2004SY","3","3","6"
"karamilawy","3","3","6"
"karaolos","3","3","6"
"Karath","2","4","6"
"KarBallesteros","3","3","6"
"Kardonsky_-7","3","3","6"
"kareem121312","4","2","6"
"KareemElhabbal","2","4","6"
"kareems-eleman","2","4","6"
"Karfof","4","2","6"
"KarimElhaziti06","4","2","6"
"Karimlion","3","3","6"
"Karimovic10","3","3","6"
"karisal","2","4","6"
"karjito","3","3","6"
"Karl1848","4","2","6"
"karlch3ss","3","3","6"
"Karmann58","3","3","6"
"Karmelitan","3","3","6"
"karomanlis","3","3","6"
"Kartalspormerdo","3","3","6"
"karthik_devarkonda11","2","4","6"
"karthikbi","3","3","6"
"kartickmandal","3","3","6"
"kartik_kapoor2008","3","3","6"
"kartikjainMS","3","3","6"
"kartikm","3","3","6"
"Kartoschka2610","4","2","6"
"Karvolol","3","3","6"
"Kasaso","4","2","6"
"kashibafc","4","2","6"
"Kashor","3","3","6"
"kasiagosia2000","3","3","6"
"kasir61","4","2","6"
"kaslucofus","2","4","6"
"Kasparoph222","3","3","6"
"Kasparov2013gana","2","4","6"
"Kasper_Juul","4","2","6"
"Kasper-add","4","2","6"
"Kassem420","2","4","6"
"Kasuntha","3","3","6"
"kaszbb","3","3","6"
"kasztanwszachy17","4","2","6"
"Katav1","3","3","6"
"KateKamikaze","3","3","6"
"KatherynWinnick","3","3","6"
"katjina","4","2","6"
"katokhh","3","3","6"
"katzengarde","2","4","6"
"kaudin0101195170","2","4","6"
"kauto","3","3","6"
"kavyabagdia","4","2","6"
"KawenKing","3","3","6"
"kawer","3","3","6"
"kayahanu","2","4","6"
"Kaycee1221","2","4","6"
"kayhanesad","2","4","6"
"kayque123","3","3","6"
"Kayra_514","3","3","6"
"Kayrosas","2","4","6"
"kazem1973","2","4","6"
"KAZEMNAMI_1237","2","4","6"
"kBac_chess","2","4","6"
"Kbee13","4","2","6"
"KBPA","3","3","6"
"KD_1904","3","3","6"
"kdewansi","3","3","6"
"KEC65","3","3","6"
"keenlabi","2","4","6"
"KeithLeeMH","3","3","6"
"Keitu19","3","3","6"
"Kekmeister8mil","2","4","6"
"Kelten-Uli","3","3","6"
"KemalTuran","3","3","6"
"Kenan8gamol","1","5","6"
"Kencoz20","3","3","6"
"KentHowie","3","3","6"
"Ker_ata4","4","2","6"
"Keramazotti","4","2","6"
"Kerambit6","3","3","6"
"Keran555","3","3","6"
"Kerem_Kasprov","2","4","6"
"keremyilmazz","3","3","6"
"kernevez","3","3","6"
"kerweb_apps","2","4","6"
"KerzenHzn","2","4","6"
"KET7N","3","3","6"
"kevinlegolas19","3","3","6"
"Kevyn_Valladares","2","4","6"
"keyboard1","2","4","6"
"Keypeekey","2","4","6"
"KGjaba","4","2","6"
"KGRADI22","3","3","6"
"kgy5934","3","3","6"
"khaaaal","3","3","6"
"khadeejafatima","4","2","6"
"Khald-sh","3","3","6"
"KhaledAlaghawani","4","2","6"
"Khaledelsayed93","3","3","6"
"Khaledkhalil7200","4","2","6"
"Khaledomar73","3","3","6"
"KhaleKhasee","3","3","6"
"KHALIDnerob","3","3","6"
"khalilelmasry","3","3","6"
"khalilGsm1988","3","3","6"
"khaloly","4","2","6"
"khaltyfaransa72","4","2","6"
"khamoosh7","3","3","6"
"Khanjigazly","3","3","6"
"Khanny_V","3","3","6"
"Khasbayar","3","3","6"
"Khasimov","3","3","6"
"Kheiro_eddine","3","3","6"
"kheisya","3","3","6"
"khiangte","2","4","6"
"khilari","3","3","6"
"Khinn","4","2","6"
"Khmelbest","3","3","6"
"Khoarai","3","3","6"
"Khod_Korolevi000","3","3","6"
"kholiqchess","3","3","6"
"Kholpilova","3","3","6"
"khukuri","3","3","6"
"khusal_grandmaster2","3","3","6"
"khvalibota15","2","4","6"
"khvylia","2","4","6"
"khylhj0421","4","2","6"
"kiansubash","2","4","6"
"kiarada","4","2","6"
"kiarashf1989","3","3","6"
"Kibae","4","2","6"
"kibimas","2","4","6"
"kidpoker3879","1","5","6"
"KietVV","3","3","6"
"killer_duran","2","4","6"
"killer102","3","3","6"
"killerbaff","3","3","6"
"KillerKnight1712","2","4","6"
"KillerQveen","4","2","6"
"killersaxsolo","2","4","6"
"killmonger22","2","4","6"
"Kimamse","3","3","6"
"kimondo01","3","3","6"
"Kimpie","2","4","6"
"kimson2014","3","3","6"
"Kin111","3","3","6"
"kincai","3","3","6"
"Kincso_education","3","3","6"
"kindbe","3","3","6"
"KINETIK72","3","3","6"
"king_abuser","3","3","6"
"King_bahram","3","3","6"
"king_is_smart","3","3","6"
"King8E","2","4","6"
"kingbishopcullen","2","4","6"
"KingCandy2006","2","4","6"
"KingChoala","2","4","6"
"Kinggimix","3","3","6"
"kingkiller12","3","3","6"
"KingKong263","4","2","6"
"KingofMissingU","3","3","6"
"Kingoftheoldrealms","2","4","6"
"Kingohom","3","3","6"
"KingQueenRockFun","4","2","6"
"KingSch","3","3","6"
"KingShark_911","2","4","6"
"KingsleyJunior","3","3","6"
"kingtu","2","4","6"
"Kingzyyy","4","2","6"
"kiongotheboss","3","3","6"
"Kipp127","3","3","6"
"kirandeshmukh","3","3","6"
"kirannayak","3","3","6"
"kirat78","2","4","6"
"kircabulut","4","2","6"
"KirCat777","4","2","6"
"Kiri_Eijiro","3","3","6"
"Kiri_vili","2","4","6"
"Kirill_266","5","1","6"
"kirill_artishchev","3","3","6"
"Kirill_Cmirnov","3","3","6"
"Kirill_Mongol","1","5","6"
"Kirill_vasilevish","3","3","6"
"kirill06072014","3","3","6"
"Kirill51","3","3","6"
"kirill65","2","4","6"
"Kirillf6","4","2","6"
"kirobasem12","3","3","6"
"Kirschberg","4","2","6"
"kirtishukla13","3","3","6"
"kiseleva_karina2008","3","3","6"
"Kiseleva2012","3","3","6"
"KishanNayak","3","3","6"
"Kishore777","2","4","6"
"Kitagava","3","3","6"
"KiTar","3","3","6"
"Kiti2013","3","3","6"
"kitt48","1","5","6"
"kiyan20","5","1","6"
"Kiyanzamenzade","3","3","6"
"kjabsohe","2","4","6"
"Kjellsjakk","3","3","6"
"kjh86444","2","4","6"
"kkarahan002","3","3","6"
"kkkkartikey","4","2","6"
"kkkkkamran","4","2","6"
"klafue","3","3","6"
"klaperdens","4","2","6"
"KlasKaptein","2","4","6"
"Kleinkems","3","3","6"
"kleptomanka2","3","3","6"
"klerfe","3","3","6"
"Klimkozinsky","2","4","6"
"Klimoffiy","3","3","6"
"kloth2010","3","3","6"
"KmAmbdullahAlfeneAbd","3","3","6"
"Kmilita-Becerra08","4","2","6"
"knight_vj","4","2","6"
"KnightedMinds","3","3","6"
"KnightmareTactician","3","3","6"
"KnightMoves89","4","2","6"
"KnightOfFantasy","2","4","6"
"KnightWider","4","2","6"
"knoew23","4","2","6"
"Kntr12","3","3","6"
"Knyaz_Kosarev","3","3","6"
"Knyaz_Marco_Cor","3","3","6"
"KoalaNefelibato","3","3","6"
"Kob5515","4","2","6"
"Koch1924","3","3","6"
"kokokwsuper","3","3","6"
"kokoroko23","3","3","6"
"kokov","3","3","6"
"Koksal2535","3","3","6"
"Koksal29","3","3","6"
"kokturk66tr","2","4","6"
"kol02021","3","3","6"
"Kolenteevo","2","4","6"
"kollegio","2","4","6"
"kolyasique","3","3","6"
"KolyLis","3","3","6"
"KOMANDO-SZACH","3","3","6"
"komarovva","3","3","6"
"KommandoSpringerle","3","3","6"
"komsomolskai","2","4","6"
"Komsorg","3","3","6"
"Konand-1975","3","3","6"
"kondukator0","4","2","6"
"konerding","1","5","6"
"Konfindecial","3","3","6"
"KONGARO","4","2","6"
"konimtshizana","4","2","6"
"Konstanti7","4","2","6"
"Konstantin7676","3","3","6"
"KonstantinVKVVV","4","2","6"
"kontopro","2","4","6"
"Kontora3000","3","3","6"
"kopijun","3","3","6"
"KopoIB","4","2","6"
"korotchenkolexandr","2","4","6"
"KortR","3","3","6"
"KosduModjinn","2","4","6"
"kosenko44","3","3","6"
"Kosgei1","3","3","6"
"Koshylia","3","3","6"
"kostashatz","3","3","6"
"kostyad777workout","3","3","6"
"kotticabana","3","3","6"
"kotusykmurkusyk-4","3","3","6"
"Kov862","4","2","6"
"Koval-Kristina","4","2","6"
"KovalevR0","4","2","6"
"Kozerog1981","3","3","6"
"KPACHODAP","3","3","6"
"kpio","1","5","6"
"kpo92","3","3","6"
"Kralj_Tomislav","3","3","6"
"krantzr","3","3","6"
"KratokMatok02","3","3","6"
"kratos9944","3","3","6"
"Krd23rus","3","3","6"
"Krempo","3","3","6"
"Kreutoreuk","2","4","6"
"krez77","3","3","6"
"krime","2","4","6"
"Krinjal","3","3","6"
"Kris2121","2","4","6"
"KrishivGanesh","4","2","6"
"Krishna2024","3","3","6"
"krishnamohan-1968","3","3","6"
"Krishnapiriya","3","3","6"
"krispap","3","3","6"
"Kristijan45","2","4","6"
"Kristina12Lat","3","3","6"
"Krisvanhof","3","3","6"
"kriyansh_2013","3","3","6"
"krohotysik","3","3","6"
"krompresor","2","4","6"
"kroosroads","3","3","6"
"Kros123","2","4","6"
"Kroz_sahovsku_igru","3","3","6"
"KrukovRoman","2","4","6"
"KrUmang407","4","2","6"
"krumplis123","3","3","6"
"kryazhim","3","3","6"
"kryszewski","3","3","6"
"Krzychu2I06","3","3","6"
"krzysiek_crazy","3","3","6"
"Ksav","2","4","6"
"Ksawix","3","3","6"
"KScharnagl","2","4","6"
"ksd14","2","4","6"
"ksharma20","4","2","6"
"kshirale7985","3","3","6"
"ksiaao","2","4","6"
"ksmt62","3","3","6"
"KTP87","3","3","6"
"KTTL_BaNghia2015","3","3","6"
"ktulu_988","4","2","6"
"kuanhai","3","3","6"
"Kucher86","3","3","6"
"KuhaBOSS","3","3","6"
"kuikuis","3","3","6"
"kul80","2","4","6"
"kumar8az","3","3","6"
"KumarIndian","3","3","6"
"Kumasandu13","3","3","6"
"KunalVermaChessUnit","4","2","6"
"kundan777","4","2","6"
"kunduryan","3","3","6"
"Kung_fu_kasparov","5","1","6"
"KungPalo1","2","4","6"
"Kunst_met_grote_K","2","4","6"
"kurdas1983","3","3","6"
"Kurrbistumor","4","2","6"
"Kurt_62","2","4","6"
"kushwahak","3","3","6"
"kutaykaragoz","3","3","6"
"kutmanb","3","3","6"
"KutovEgor","2","4","6"
"Kutudon","4","2","6"
"KUVA61","2","4","6"
"KUVADLO","3","3","6"
"KuzmaOstap","3","3","6"
"KV0514","4","2","6"
"kvakos","3","3","6"
"KVolodymyr","4","2","6"
"kvqtn","3","3","6"
"Kwankyung2","4","2","6"
"kwarkgambiet","2","4","6"
"Kwesa","3","3","6"
"kwicksotic","3","3","6"
"kya03","4","2","6"
"Kykamyka","3","3","6"
"KyrillosSaaid","3","3","6"
"Kyshii","4","2","6"
"kyura_me","2","4","6"
"kyzyrovbahtiar75","3","3","6"
"kzyDmrOzdn","3","3","6"
"l_am_liroi","3","3","6"
"L-lawliet0","2","4","6"
"l0l0l0l0l0","3","3","6"
"L0VEjoy","3","3","6"
"L1F-R","3","3","6"
"l1syash","4","2","6"
"L1VMAS_2022","2","4","6"
"L4ze3","2","4","6"
"L6669","3","3","6"
"labestiamemo","2","4","6"
"lacapuyol","3","3","6"
"lach_nicht","3","3","6"
"Laci957","2","4","6"
"lackyou","3","3","6"
"Lacrimxsa7","2","4","6"
"Lactohka","4","2","6"
"ladexzy","3","3","6"
"ladycoucou","4","2","6"
"LAEMD","3","3","6"
"Lagranj","1","5","6"
"lagrein","4","2","6"
"LaHhahahaha","4","2","6"
"Laid2Rest_x","3","3","6"
"Laimanai","2","4","6"
"laitranminhsang","3","3","6"
"lakshathra","2","4","6"
"Lakshya_Bhargava","3","3","6"
"lal25","3","3","6"
"lalasa2008","4","2","6"
"lalito_el_cometa","3","3","6"
"LalitTelgote","3","3","6"
"lalotaplayer","4","2","6"
"lambda_zero","4","2","6"
"Lambdinh47","2","4","6"
"LaMetamorphose","3","3","6"
"LamVV","3","3","6"
"Lanarguich","3","3","6"
"landolina","4","2","6"
"Laphar","3","3","6"
"LapitH","3","3","6"
"Lara1234","3","3","6"
"laraz56","3","3","6"
"LArchitek-08","4","2","6"
"lardo","3","3","6"
"Large_stone","2","4","6"
"larryjoelane","4","2","6"
"lasermag","3","3","6"
"Laskar_Pelangii","2","4","6"
"Lasombradelpeon-rd","2","4","6"
"laste88","4","2","6"
"LastScout","3","3","6"
"lastslave","4","2","6"
"Latigator","3","3","6"
"lauchyu","3","3","6"
"LaudemPax","3","3","6"
"laurencevic","4","2","6"
"Laurito161","3","3","6"
"LauRob74","3","3","6"
"lavender_chess","3","3","6"
"lavij","3","3","6"
"Lavisse","3","3","6"
"LavPanchal","4","2","6"
"laxadious","3","3","6"
"laylaomid","3","3","6"
"Laysiii","4","2","6"
"lazanyadeavena","4","2","6"
"Lazarinis","2","4","6"
"LAZAROFF01","3","3","6"
"lazaros58","3","3","6"
"Lazfa","3","3","6"
"lazyacres","2","4","6"
"LazyErik","3","3","6"
"lazykb","3","3","6"
"Lazza99","3","3","6"
"lbelyaeva","3","3","6"
"lburgos","4","2","6"
"Lcito","4","2","6"
"lCOSMICll","3","3","6"
"Le_Saint_Patoche2","4","2","6"
"Le-Boulet","3","3","6"
"le-formage","4","2","6"
"Le-Pirat","1","5","6"
"Le-Trois","3","3","6"
"leandro_sousa","3","3","6"
"leasaadeddine123","3","3","6"
"Leathal100","3","3","6"
"Leather-artbags","4","2","6"
"LEB2008","2","4","6"
"lechiffredelabete","2","4","6"
"Lechinchin34","3","3","6"
"Lee511","3","3","6"
"leedsunitedmakemecry","3","3","6"
"leehooni","4","2","6"
"lefandechecs","4","2","6"
"legendqueensacrifice","3","3","6"
"legendrypawn","4","2","6"
"LegilborChess","3","3","6"
"Legione","3","3","6"
"Lego_Boy","2","4","6"
"Leiserovitch","2","4","6"
"Lekoyi","3","3","6"
"lelagigolaeva","2","4","6"
"LELOUCH_66","3","3","6"
"LelouchVeBritannia","3","3","6"
"Lemon_Crazy_2021","4","2","6"
"Len_Rams","3","3","6"
"Lenaro_12","3","3","6"
"lendog19","4","2","6"
"LennartF","3","3","6"
"lennchris","2","4","6"
"Leo_D1","3","3","6"
"Leo_Messi2012","4","2","6"
"leo_nid-91","3","3","6"
"Leo1684","3","3","6"
"Leodestroyer","4","2","6"
"leolarsen","3","3","6"
"LeoMann","3","3","6"
"Leon_nik","3","3","6"
"Leonardo-sanchez","4","2","6"
"leony89","3","3","6"
"LeoSilverii17","4","2","6"
"LEOTORRES77","3","3","6"
"lepi123","2","4","6"
"Lerabel2007","3","3","6"
"leratx","4","2","6"
"lerochetton","2","4","6"
"Leroidavid1981","4","2","6"
"les3as","4","2","6"
"lesanecrooks","3","3","6"
"Leslon","3","3","6"
"lester_2201","4","2","6"
"LetMeSMACK","2","4","6"
"Lev_777_V","3","3","6"
"levent13","3","3","6"
"Leverpull","4","2","6"
"levilevi1","3","3","6"
"levin_A","3","3","6"
"levitanizak","2","4","6"
"Lex_Li_Changxing","4","2","6"
"LexFou","3","3","6"
"LeyahSun","2","4","6"
"Leyes","3","3","6"
"LH_chess","3","3","6"
"Lheraultais","3","3","6"
"lhmv2583","3","3","6"
"LiamDH","2","4","6"
"LIANIT","4","2","6"
"librodearena","2","4","6"
"lichess75011","3","3","6"
"lidergc99","2","4","6"
"lie1972","4","2","6"
"Liehstein","3","3","6"
"LIF_4i","2","4","6"
"lifecouch","3","3","6"
"lifeinpixels","2","4","6"
"lifeisfair","3","3","6"
"light-up","4","2","6"
"Lightman66","3","3","6"
"lightninggod416","4","2","6"
"likina","3","3","6"
"Lila1312","5","1","6"
"lilibethais","4","2","6"
"LilieDa98","3","3","6"
"lilmonkey","2","4","6"
"lilok_777","3","3","6"
"lilwalter","3","3","6"
"liman2022","3","3","6"
"Limbo3202","3","3","6"
"limicitti","4","2","6"
"Lin4der","3","3","6"
"Lina_angel","2","4","6"
"Lince1990","4","2","6"
"linkinaggelos","3","3","6"
"linyundi","2","4","6"
"Liolik3008","2","4","6"
"Lionel50","3","3","6"
"lionfish45","2","4","6"
"Lirion","3","3","6"
"Lisa_sea","3","3","6"
"lisaa2016","3","3","6"
"Lisandro77","3","3","6"
"Lisuarte","3","3","6"
"littlecmason","1","5","6"
"livelikearockstar","3","3","6"
"Livelovic","2","4","6"
"LiviniDNL","3","3","6"
"Lizardit","3","3","6"
"lizardsalamander","3","3","6"
"LizzyWizard","4","2","6"
"LLaurel_l","2","4","6"
"lleee","3","3","6"
"llirik8691","3","3","6"
"llnewgatell","2","4","6"
"Lloo","3","3","6"
"lmihrd1","3","3","6"
"lmontenegro11","4","2","6"
"LNG_No1","4","2","6"
"lo62","3","3","6"
"loaii","1","5","6"
"LoboR7","3","3","6"
"Lobsik","2","4","6"
"loctuandat2016thtl","2","4","6"
"Loewenjaeger-2023","2","4","6"
"LoganBalsan","3","3","6"
"Logistyc","3","3","6"
"lokendra91","4","2","6"
"Loll1962","3","3","6"
"loloaveyron","3","3","6"
"Lomovis","3","3","6"
"London59","2","4","6"
"Londontennistube1","3","3","6"
"Lonely_Imhotep","2","4","6"
"lonelyghost06","2","4","6"
"LonePenguin99","5","1","6"
"LongJohn68","2","4","6"
"Longshot270","2","4","6"
"Lonvines","2","4","6"
"LooKeeChess","2","4","6"
"LOOOOOX","3","3","6"
"lopsidedsalad","4","2","6"
"LorD1413","2","4","6"
"LordBean90","3","3","6"
"lordlaudrian","2","4","6"
"LordPistachio7606","4","2","6"
"lorenz-399","4","2","6"
"LosBarros","4","2","6"
"loserforever01","3","3","6"
"Lotfi18","4","2","6"
"lotiste","3","3","6"
"Louch514","3","3","6"
"LouieMagana03","2","4","6"
"louisseurin","4","2","6"
"loulou95x","3","3","6"
"love_u4ever","2","4","6"
"Lovekraft","3","3","6"
"low_lyfe","3","3","6"
"low-pressure","2","4","6"
"lox_zxc_bobr228","3","3","6"
"Lpardo","4","2","6"
"lpiepiora","5","1","6"
"lplplplplp715","2","4","6"
"lporcino","3","3","6"
"lpul","3","3","6"
"lubstur","4","2","6"
"lubunoleh13","3","3","6"
"lucadelgad0","3","3","6"
"LucasHurel666","3","3","6"
"lucaspickering","3","3","6"
"LucasR3C3","3","3","6"
"lucek6","3","3","6"
"luchocanaveral","3","3","6"
"Luchsilos","3","3","6"
"Luciana_Orchessi","2","4","6"
"luciano97","2","4","6"
"lucianpet","3","3","6"
"Lucifer130","3","3","6"
"Lucifer66612","4","2","6"
"Lucifer777Gg","4","2","6"
"Luckygaming_1","3","3","6"
"LUCKYHAND","3","3","6"
"LucytheCat","3","3","6"
"Ludmila42","2","4","6"
"ludo94","4","2","6"
"luigi900","4","2","6"
"luigilbb","4","2","6"
"luis_benito","4","2","6"
"Luis_Carosini","3","3","6"
"Luis-Fragoso","3","3","6"
"Luis-scf","3","3","6"
"Luisboa","3","3","6"
"luisdrey","2","4","6"
"LuisEnriMaldonator","2","4","6"
"luisroberto-2110_c","3","3","6"
"luisromero1","3","3","6"
"luizdesenaa17","3","3","6"
"luk1955","4","2","6"
"lukas20202","3","3","6"
"Lukavic","3","3","6"
"lukibuki92","3","3","6"
"lukllanes","3","3","6"
"lumen123","3","3","6"
"LunaBE","3","3","6"
"lunarsea23","4","2","6"
"LUPIAX","2","4","6"
"Lupinchess","2","4","6"
"Luqxman","3","3","6"
"lusali","2","4","6"
"LUSANDAH99","2","4","6"
"lusuen","2","4","6"
"Lutterbach68","4","2","6"
"Lutz-Dreh","3","3","6"
"luxaeternam","3","3","6"
"luyentap","3","3","6"
"LxBlUnder","4","2","6"
"lycaeiro","3","3","6"
"Lyia_Silveira","3","3","6"
"LykiaF","3","3","6"
"Lyliflo","3","3","6"
"lyobin","2","4","6"
"lyonardo","3","3","6"
"lyubov_lop","4","2","6"
"m_a_amiri","3","3","6"
"M_AdityaHanuma_2014","4","2","6"
"M_Elghannam13","3","3","6"
"m_orenburgova","2","4","6"
"M_Rizqi","3","3","6"
"m_sa3ed","3","3","6"
"M-ELBANNA","3","3","6"
"m-malekzadeh1","3","3","6"
"M-Silves","3","3","6"
"M-Tomi","3","3","6"
"m0636m","3","3","6"
"M0Mostafa","2","4","6"
"M105455393","4","2","6"
"m232km","3","3","6"
"m270mars","3","3","6"
"m31sam","4","2","6"
"m3i3i","3","3","6"
"M4ND4L0R3","3","3","6"
"m5hosein","4","2","6"
"m7md_tarek","3","3","6"
"m7meed11","3","3","6"
"ma_4321","2","4","6"
"ma8579","2","4","6"
"Maad4","2","4","6"
"maanolescu","2","4","6"
"maareque3","3","3","6"
"MAburumman","4","2","6"
"macguyver","3","3","6"
"MachacameMario","3","3","6"
"machado94","3","3","6"
"macigo","3","3","6"
"macius00","2","4","6"
"mackaaah","2","4","6"
"Macken17","3","3","6"
"maconte03","3","3","6"
"Macur26","2","4","6"
"madara882574229","4","2","6"
"Madevaeshana","4","2","6"
"madhanak","2","4","6"
"madhavdevasthali","4","2","6"
"madhavyashwant2111","4","2","6"
"Madina_2015","3","3","6"
"MADIPALLISRINIVASRAO","3","3","6"
"Madu2013","3","3","6"
"Maera","3","3","6"
"maf1970","2","4","6"
"maFDenQ","4","2","6"
"maflu","2","4","6"
"magalang8888","3","3","6"
"Magdy_Eid_e4","3","3","6"
"magdy89","4","2","6"
"Magekhero","4","2","6"
"MagGruselglatz","3","3","6"
"Magicall","2","4","6"
"Magicboy1609","3","3","6"
"MagiZterN","3","3","6"
"Magnum1975","3","3","6"
"Magnus_Carlsen107","4","2","6"
"magnus_destroyer","3","3","6"
"MagnusCalzetin","4","2","6"
"MagnusCarlos97","3","3","6"
"magonal2","2","4","6"
"MagoValdivia_10","3","3","6"
"MagQueen1","3","3","6"
"MagReuby","3","3","6"
"magurhu","4","2","6"
"Mah7moudelnagdy","4","2","6"
"maha_deva","3","3","6"
"mahanAMApor","4","2","6"
"Mahathivelayudham","3","3","6"
"mahdi_abdolkarimi","3","3","6"
"Mahdi_kokabi","2","4","6"
"mahdi1277mah","3","3","6"
"mahdi26am","2","4","6"
"mahdi5622","3","3","6"
"MahdiJT","3","3","6"
"Mahdishiraz1","3","3","6"
"maheechess09","2","4","6"
"maheshbk1982","3","3","6"
"maheshetty2707","3","3","6"
"maheshmahi84","3","3","6"
"maheshwaran2023","4","2","6"
"mahiladin","3","3","6"
"mahmod5753","3","3","6"
"Mahmod7102004","3","3","6"
"mahmodi61","3","3","6"
"mahmood_swedan89","3","3","6"
"mahmood850","3","3","6"
"mahmoud_eldeeb","3","3","6"
"Mahmoud7778","4","2","6"
"mahmoudgobara12","3","3","6"
"mahmoudziyar","4","2","6"
"mahmutberzenci","2","4","6"
"MaisterEder","3","3","6"
"MajdMD","4","2","6"
"Majedshahidi1390","2","4","6"
"MajesticMate","3","3","6"
"majidmahmoudi8","3","3","6"
"Majnovia1917","1","5","6"
"major_looser","2","4","6"
"MajtySrajtyGacieSrac","2","4","6"
"MAK04","5","1","6"
"maka8012","2","4","6"
"makal29","3","3","6"
"Makarand9","4","2","6"
"Makarov00","3","3","6"
"Makarpushkarev","2","4","6"
"makeacer","2","4","6"
"MakhmudovaSvetaa","3","3","6"
"MakhmudovRuslan","3","3","6"
"Makhnev_Vladimir","4","2","6"
"makhsus","3","3","6"
"Makina888","3","3","6"
"makis88","4","2","6"
"makrandchess","2","4","6"
"MakRoS2023","4","2","6"
"Maksim_boltynuk","3","3","6"
"maksim139472","2","4","6"
"Maksim20061990","4","2","6"
"Maksim9993","3","3","6"
"MaksimERA","2","4","6"
"Maksym_Moregun","3","3","6"
"Maksym_Pomaz","3","3","6"
"malar161982","3","3","6"
"Maleo_kbx","2","4","6"
"Malevichs","4","2","6"
"malfarabi","2","4","6"
"malgmat","3","3","6"
"malharshriramsarde15","3","3","6"
"Malibu96","3","3","6"
"Malic59140","2","4","6"
"MALIEVITCH","3","3","6"
"maljo","4","2","6"
"malkhazinadze","3","3","6"
"mallorcatom","4","2","6"
"Malodewebos","3","3","6"
"Malowdz","2","4","6"
"Maltan17","4","2","6"
"MAM2020","3","3","6"
"mamadcubers","4","2","6"
"maman2045","3","3","6"
"mamed001","4","2","6"
"mamelomabout","4","2","6"
"mamo84","3","3","6"
"Mamonjiharisoa","3","3","6"
"man_joy03","4","2","6"
"managadan","4","2","6"
"Manaline","3","3","6"
"ManasFuloria","3","3","6"
"Mandissette","3","3","6"
"manelra","4","2","6"
"ManeSadio100","2","4","6"
"Manfred1943","2","4","6"
"MangubatTeodor","5","1","6"
"mani_bpl","3","3","6"
"Manidhoni6677","3","3","6"
"manimalka","3","3","6"
"ManishKharb","3","3","6"
"Manizheh_khakpour","2","4","6"
"Manjila","3","3","6"
"ManniNr1","3","3","6"
"Manoj2609","3","3","6"
"manolitooo","4","2","6"
"Manomanno","3","3","6"
"manoskipriot","3","3","6"
"manpil","3","3","6"
"ManRudii001","2","4","6"
"MANTEB","3","3","6"
"ManuCorrea13","4","2","6"
"manudo19","2","4","6"
"Manuel3915_1","2","4","6"
"ManuelTL21","3","3","6"
"manugulman","4","2","6"
"MANX2504","5","1","6"
"manyawkal","3","3","6"
"Mar_Sko","3","3","6"
"mar1nk0","3","3","6"
"Marat_Islamov","2","4","6"
"marat-ruzalia-1965","2","4","6"
"Marathoni27","4","2","6"
"Marauvilhoso","3","3","6"
"Marc-lopez-cabrer","3","3","6"
"Marcbia","3","3","6"
"Marcearcos","4","2","6"
"MarcelourbanStival","3","3","6"
"marcelplanes","3","3","6"
"Marcin48","3","3","6"
"marco_gana","3","3","6"
"marcogondar","4","2","6"
"MarcoKrause","3","3","6"
"marcolachamps","3","3","6"
"marcopolo72","2","4","6"
"MarcSamehAzer","4","2","6"
"Marcus_QNZ","2","4","6"
"marcusvd","3","3","6"
"marcut","3","3","6"
"mardaro","3","3","6"
"Marfamic","3","3","6"
"Maria_129866","3","3","6"
"Maria_2015Novgorod","3","3","6"
"Maria_Ave","3","3","6"
"Mariamm_karam","2","4","6"
"Marian1507","2","4","6"
"marian54","3","3","6"
"mariap1412","2","4","6"
"Mariarti100-forever","3","3","6"
"Mariia2733","2","4","6"
"Marilina","4","2","6"
"MarilynRomeroCruz","3","3","6"
"Marina09-08","3","3","6"
"Marina2018","3","3","6"
"marinette11","3","3","6"
"Mariobanane","2","4","6"
"marioglitchy","3","3","6"
"marioleston","1","5","6"
"mariomarcelo33","4","2","6"
"mariuolo","2","4","6"
"Mariya72","3","3","6"
"mariyakas","4","2","6"
"MariyamAlmaty","2","4","6"
"Mark_Aliabushev","3","3","6"
"Mark_Ashraf","2","4","6"
"Mark_Danilov_10","3","3","6"
"Mark11BG","3","3","6"
"marki2022","3","3","6"
"markka60","5","1","6"
"Markochvarko","2","4","6"
"MarkoMaksa","2","4","6"
"markomilojevic240799","3","3","6"
"MarkTulenkov123","2","4","6"
"MarkusBahia","3","3","6"
"MarkusMa","3","3","6"
"MarkusMolchanov","3","3","6"
"markzuckerbrot","2","4","6"
"MarlonWNS","3","3","6"
"Marmotte_Bedonnante","4","2","6"
"marnex25","2","4","6"
"Marquisross","3","3","6"
"MarshBardger","2","4","6"
"mart_j","4","2","6"
"Martaranti","3","3","6"
"martinator00000","3","3","6"
"Martincasullo","2","4","6"
"MartinKazakov","3","3","6"
"martintravascio","4","2","6"
"Maru03","3","3","6"
"maruiwei","2","4","6"
"marwan_anan20","3","3","6"
"mary_smile77","3","3","6"
"Marymax03","4","2","6"
"marzouqchowdhury","4","2","6"
"masafajuniour","3","3","6"
"Masak","4","2","6"
"masallah_ozen","4","2","6"
"masdr1234","4","2","6"
"Masegoarona","3","3","6"
"Mashahorosha","3","3","6"
"Mashilo3","3","3","6"
"masi1350","3","3","6"
"Masihaf1365","3","3","6"
"Masis86","4","2","6"
"maski-57","3","3","6"
"MasonDoodle","2","4","6"
"masoud1365","3","3","6"
"Massploper","3","3","6"
"Master_74","3","3","6"
"Master_Jakov","3","3","6"
"masterchief96","2","4","6"
"masterengels23","3","3","6"
"MasterJ2021","3","3","6"
"masterstvonepropito","4","2","6"
"Masuro","4","2","6"
"Mat00700","4","2","6"
"mata321","2","4","6"
"Matas0208","3","3","6"
"MATECZ","3","3","6"
"matejkralik","4","2","6"
"matemedicall","3","3","6"
"mateoemir","3","3","6"
"MaterialImportance","2","4","6"
"Mateus_Luz","3","3","6"
"mathchesscallas","1","5","6"
"Matheeshabinod","2","4","6"
"MatheusIsk","3","3","6"
"mathewdow","3","3","6"
"MathiasQuiMe","3","3","6"
"mathsikdar","3","3","6"
"MaTi_03","3","3","6"
"Matiax500","3","3","6"
"Matilegionista","4","2","6"
"matin73","3","3","6"
"matin9_mehdi2_khani","3","3","6"
"matinof","2","4","6"
"MAtk97","4","2","6"
"matkomiha10","3","3","6"
"MatLoos","3","3","6"
"Matman09","3","3","6"
"matoldum","3","3","6"
"matroslo","3","3","6"
"matrux14","3","3","6"
"matsu-taku","4","2","6"
"matswilander82","3","3","6"
"Matt12","3","3","6"
"Matteobustos","2","4","6"
"mattereggia","3","3","6"
"Matth777","4","2","6"
"matthewwdodge","3","3","6"
"MattRobbo45","3","3","6"
"Mattyisabeast","2","4","6"
"MatusevichValeriy","3","3","6"
"Matush","3","3","6"
"Matveichik","4","2","6"
"MatveiKor23","3","3","6"
"matvej1310","3","3","6"
"Matvey_Gir","2","4","6"
"Matvey2828","4","2","6"
"Maupa87","3","3","6"
"Mauran2017","3","3","6"
"mauri29","4","2","6"
"mauri79","4","2","6"
"MauricioGs","2","4","6"
"Mauricioiturra","4","2","6"
"Maurilin","3","3","6"
"Maurobecerra2212","2","4","6"
"Maustroo","3","3","6"
"mavroudis","3","3","6"
"mavtax","3","3","6"
"Max_Power2013","3","3","6"
"maxi_kbg","3","3","6"
"maxig21","4","2","6"
"Maxim_1987","3","3","6"
"MaximF007","3","3","6"
"MaximKipreev","3","3","6"
"MaximusSam","3","3","6"
"MaxKozlov","3","3","6"
"maxpower666","4","2","6"
"maxstarfall","4","2","6"
"MaxxBlade","3","3","6"
"May_neym","3","3","6"
"mayaburde","3","3","6"
"mayank1988","3","3","6"
"Mayeku","3","3","6"
"MaykellRocha","3","3","6"
"MAYO_33","3","3","6"
"mayojoven","3","3","6"
"mayukh_baidya","3","3","6"
"mayur_gajjar","3","3","6"
"mayur_kansara","3","3","6"
"maz68","2","4","6"
"mazetas983","3","3","6"
"mazouz1974","3","3","6"
"MB1962","3","3","6"
"Mblaylock10","2","4","6"
"MBmich","3","3","6"
"mbrufau","4","2","6"
"mbs_egy","3","3","6"
"mc_col94","4","2","6"
"MC-toroktok","3","3","6"
"Mccabejjm","2","4","6"
"Mcgcr","3","3","6"
"mcgregore","2","4","6"
"MCH4-JCH3","3","3","6"
"mchlip","3","3","6"
"Mchr08","3","3","6"
"mcomaco10","4","2","6"
"Mcorda","2","4","6"
"mdean317","3","3","6"
"MDG83","3","3","6"
"Mdmd1383","3","3","6"
"meatball22","3","3","6"
"Mechadorada","3","3","6"
"med0s0l","2","4","6"
"med8oo","2","4","6"
"medhat000_elkhodary","3","3","6"
"MEDICINE20","3","3","6"
"Medwet","2","4","6"
"Meerh","3","3","6"
"meerkoe","4","2","6"
"mefistofel82","3","3","6"
"megacalsa","3","3","6"
"Megaheal","4","2","6"
"Megashahmatistik","2","4","6"
"Megavoln","3","3","6"
"megi21","5","1","6"
"Megu1983","3","3","6"
"Mehdi2219","3","3","6"
"mehedi725","2","4","6"
"mehmet_2201","3","3","6"
"mehmet2781","4","2","6"
"mehmetali83","4","2","6"
"Mehmetcvrn","3","3","6"
"mehmetozsoy","3","3","6"
"Mehmetsalihkrtkn","3","3","6"
"MehmetxEren28","3","3","6"
"Mehnhm","3","3","6"
"mehrdad_dehnabi","4","2","6"
"mehrdad_kav","4","2","6"
"mehrdremir","4","2","6"
"Mehul_Dumaniya","3","3","6"
"Meifo","3","3","6"
"MeiziCR","4","2","6"
"mek0302","2","4","6"
"Melekanna","4","2","6"
"MelizGah","3","3","6"
"Mellian01","3","3","6"
"melonboy7","3","3","6"
"melvin59","4","2","6"
"Mema_bh","4","2","6"
"memomem1","2","4","6"
"Memov1c","4","2","6"
"Menelor","3","3","6"
"Meow_cat_lulz","3","3","6"
"meowcat_santa","4","2","6"
"MERCEDES131","3","3","6"
"mercury177","3","3","6"
"mercuryons","4","2","6"
"Merhabalar","3","3","6"
"merlin1980","4","2","6"
"mertdulger22","3","3","6"
"merzydd","4","2","6"
"Mescalero454","3","3","6"
"Mesijims","1","5","6"
"meskott","1","5","6"
"Metalexander","2","4","6"
"METALVADER","3","3","6"
"metbarteggens","3","3","6"
"MeteSerdarOzkal","2","4","6"
"methmali","3","3","6"
"meti1332","3","3","6"
"Metleb123","3","3","6"
"MetodejHrdlicka","2","4","6"
"MetricZero","3","3","6"
"Mettashea","3","3","6"
"metztliytu","3","3","6"
"Mevlud1","2","4","6"
"Mevlut_2834","4","2","6"
"meysam3011","4","2","6"
"MeysamGh3","4","2","6"
"meysamroomdasht","3","3","6"
"Mfbozkurt1","3","3","6"
"mgh200","3","3","6"
"MGHeren","2","4","6"
"mgracie","3","3","6"
"MGShaffer","3","3","6"
"mhadelshmas","3","3","6"
"mhamadmahmod","3","3","6"
"mhdshaar","3","3","6"
"mhdyar","3","3","6"
"MHFox","3","3","6"
"mhhnejad","4","2","6"
"Mhmh1","3","3","6"
"mhmtt2","3","3","6"
"mhrdadbazgyr","4","2","6"
"mi4531lad","3","3","6"
"miahr08","3","3","6"
"miami_mohamed123","2","4","6"
"miamot0","2","4","6"
"miangalyv","3","3","6"
"miasnikov_nikita","3","3","6"
"Micathea","2","4","6"
"micawber94","2","4","6"
"mich2061","3","3","6"
"michael1953","2","4","6"
"Michael228mike","3","3","6"
"michaela_kysucka103","4","2","6"
"Michaelbaklanov","3","3","6"
"michaelcasuga09","2","4","6"
"MichaelMyers76","4","2","6"
"Michaillo","4","2","6"
"MichalS2013","3","3","6"
"michalZareba","3","3","6"
"Michel_Melnikov67","3","3","6"
"michelbruns","3","3","6"
"Michele65","3","3","6"
"michiamisuasignoria","3","3","6"
"MickieG007","2","4","6"
"micprotorama","2","4","6"
"Micwild","3","3","6"
"MidoTaher0","3","3","6"
"MIDSTREAM","2","4","6"
"mieldeboevere","3","3","6"
"MienJung","2","4","6"
"miesozaurus","3","3","6"
"Miexu","3","3","6"
"mightykong","2","4","6"
"MightyPawn88","4","2","6"
"MightyQuinn19","2","4","6"
"migi1101","3","3","6"
"MigLopPla","2","4","6"
"Migrepien","3","3","6"
"Miguel_charro","2","4","6"
"Miguel_Eduardo_2002","5","1","6"
"miguel943","3","3","6"
"MiguelAngel290411","3","3","6"
"MiguelAngelDaniel","3","3","6"
"Miguelcarter","3","3","6"
"Miguelitosuarez","3","3","6"
"Miguelittle","3","3","6"
"Miguelroman5","4","2","6"
"miguelxv","3","3","6"
"MIHIKADUTTA","2","4","6"
"Mihir05","3","3","6"
"mihirpatil2","3","3","6"
"miigaa99","3","3","6"
"mikaeel1395","3","3","6"
"Mike_5B4ES","3","3","6"
"Mike_Drotenko","2","4","6"
"mike6789","3","3","6"
"Mikecinema","3","3","6"
"Mikel_hooter","4","2","6"
"mikelpolo","3","3","6"
"mikemartyr","2","4","6"
"MikeNG_96","5","1","6"
"MikePemulis","4","2","6"
"Mikesoon7","3","3","6"
"MikeVene86","3","3","6"
"mikhael_hryhoriev","2","4","6"
"Mikhail_o_tal","3","3","6"
"MikhailAbrams","3","3","6"
"MikhailP51","4","2","6"
"MikhailTsar","2","4","6"
"Mikk1979","3","3","6"
"Mikkieee","3","3","6"
"miko2015","3","3","6"
"Mikose59","3","3","6"
"MikZar","4","2","6"
"miladhejazian","4","2","6"
"milana2011_12","3","3","6"
"milansusrb","3","3","6"
"Milantini","2","4","6"
"milorad_urs","3","3","6"
"milosdumic91","3","3","6"
"MilosTimi","3","3","6"
"Milujaat123","3","3","6"
"mimeneses","2","4","6"
"mimomamu","3","3","6"
"Mina397","3","3","6"
"minakosu","2","4","6"
"MinarDM","2","4","6"
"Mindkire","3","3","6"
"mindlos","3","3","6"
"MindOverMatter314","3","3","6"
"minh013","4","2","6"
"minhnguyen98","4","2","6"
"MinhQuan_TB2013","3","3","6"
"minhquan6gTHCScg","3","3","6"
"miniek1313","3","3","6"
"minimunieka2","4","2","6"
"minio1111111","3","3","6"
"Minixcool","5","1","6"
"minjunseon","3","3","6"
"Minnella8","3","3","6"
"minotavr81","3","3","6"
"mintarko","1","5","6"
"Minttttt","2","4","6"
"MinVel","3","3","6"
"Miorrowls","2","4","6"
"mipo1","3","3","6"
"Miracov44","3","3","6"
"Miraga85","3","3","6"
"Mirando","4","2","6"
"MirdajanCz","3","3","6"
"MirellaDP","2","4","6"
"miriam2018","2","4","6"
"mirnyi60","3","3","6"
"miro_mx","3","3","6"
"MironDefender","3","3","6"
"Miroslav_Fiala","4","2","6"
"Misagh_10","3","3","6"
"misamch","4","2","6"
"Miscalu","3","3","6"
"Misha_Dinozavrik","3","3","6"
"Misha_Plokhikh","3","3","6"
"Mishachelybinsk","3","3","6"
"MishaSachkov","4","2","6"
"Mishgan01","3","3","6"
"Misho_ristic54","3","3","6"
"MishraPK","4","2","6"
"MISILDEORO","3","3","6"
"mislav-miki","3","3","6"
"miss_nataly","2","4","6"
"misskonasya","2","4","6"
"missmorrison","3","3","6"
"Mister-Bojangles","3","3","6"
"MisterYorsh","3","3","6"
"mitham2003","3","3","6"
"Mithil_gupta","2","4","6"
"MithranS","3","3","6"
"mithunroy","3","3","6"
"mitsnilloc","3","3","6"
"mitten06","3","3","6"
"mitxelherrera","3","3","6"
"MIwain","2","4","6"
"Mixchail","4","2","6"
"miyo777","3","3","6"
"mj_mario523","3","3","6"
"mjeed_55","3","3","6"
"mjidzakaria","2","4","6"
"MJISG9","3","3","6"
"Mjoe_chess","3","3","6"
"mkas1","2","4","6"
"mkb223","3","3","6"
"mking1102","3","3","6"
"Mkolipetr","2","4","6"
"Mkrtychan_1a","3","3","6"
"MkS095","2","4","6"
"Mkuczanov","2","4","6"
"MLKA554","3","3","6"
"mlmlml1","3","3","6"
"MLMS055","3","3","6"
"MLMS103","4","2","6"
"MLMS159","3","3","6"
"MLMS245","3","3","6"
"mlms465","3","3","6"
"MLMS471","3","3","6"
"mlms473","3","3","6"
"mlms475","3","3","6"
"mlms476","2","4","6"
"mlms482","3","3","6"
"mlms493","3","3","6"
"mlms501","3","3","6"
"mlp17","2","4","6"
"Mlpj_1310","3","3","6"
"Mlusithole","4","2","6"
"MMG949","3","3","6"
"MMM1rko","3","3","6"
"mmmmmc","4","2","6"
"Mmmmmmmnt23","2","4","6"
"mmmnnn123","3","3","6"
"MmmPpp88","1","5","6"
"MMPL_FromRotonda","3","3","6"
"MN-C","2","4","6"
"mn19mn","3","3","6"
"mnalsufi","3","3","6"
"Mnangare","3","3","6"
"Mnukovic","3","3","6"
"mo3az9","3","3","6"
"Mo3taseeemmmm","2","4","6"
"mo767htv","4","2","6"
"moatasem1992","3","3","6"
"Moataz-al-Madani","3","3","6"
"moataz74","3","3","6"
"moayad_mostafa","3","3","6"
"mobinett","2","4","6"
"Mocanunicolae","3","3","6"
"Mocci","3","3","6"
"mochablack","2","4","6"
"Moclobemide","4","2","6"
"MocniFela","3","3","6"
"MOD8956","3","3","6"
"ModepalliPushkar","4","2","6"
"modernchess21","4","2","6"
"ModoZen","3","3","6"
"moeinmeykadeh","3","3","6"
"mogamboo","3","3","6"
"Moghul","3","3","6"
"moh_sa11","2","4","6"
"mohamadamin94","3","3","6"
"mohamed_fgt","3","3","6"
"Mohamed_Moataz1","2","4","6"
"mohamed_nasef1992","3","3","6"
"mohamed_zabady","3","3","6"
"mohamed0023","3","3","6"
"mohamed1266","2","4","6"
"MohamedabdElsalam1","3","3","6"
"MohamedAmineHerch","2","4","6"
"MohamedAS10693","3","3","6"
"mohamedelsir","3","3","6"
"Mohamedfidaa","2","4","6"
"mohamediss","3","3","6"
"mohamedkhalil456789","4","2","6"
"mohamedsakr29","3","3","6"
"mohamedtaha1186","4","2","6"
"Mohammad_abdalkareem","2","4","6"
"mohammad_amyn","5","1","6"
"Mohammad_Anas_Brnia","2","4","6"
"mohammad_chini1345","2","4","6"
"mohammad_javaad","3","3","6"
"Mohammad_Reyhan1392","3","3","6"
"Mohammad-9e","3","3","6"
"mohammad-forootan","3","3","6"
"mohammad29206","3","3","6"
"Mohammad4011","4","2","6"
"MohammadAbdo2134","3","3","6"
"mohammadalitavos","3","3","6"
"mohammadaminimani94","3","3","6"
"Mohammadkian92","5","1","6"
"Mohammadparsanamazi","3","3","6"
"mohammadreza021","3","3","6"
"Mohammadrezax","2","4","6"
"MohammadTahaShokri","2","4","6"
"mohammd1346","2","4","6"
"mohammed_abougalala","4","2","6"
"mohammedamr631","4","2","6"
"Mohammedkaraki","4","2","6"
"mohammedshaaban","2","4","6"
"mohan4546","3","3","6"
"mohannadeissa","3","3","6"
"mohdkhat","3","3","6"
"mohebbi1388","4","2","6"
"mohhmed10","4","2","6"
"Mohmad2","2","4","6"
"mohow13","3","3","6"
"mohsenazadi","3","3","6"
"mohsnikhalil55","3","3","6"
"Moisesfit","3","3","6"
"MOJ_12u","2","4","6"
"Mojo_4","3","3","6"
"Mojster1952","3","3","6"
"Mojtaba030","3","3","6"
"mokefen","3","3","6"
"MoKhalifa05","4","2","6"
"mokhedr_1981","4","2","6"
"moksh_saksena","3","3","6"
"moma1952","3","3","6"
"Momacilo","4","2","6"
"Momiji-Neko","4","2","6"
"MoneyDoctor","4","2","6"
"mongonhuu1964","3","3","6"
"Monier222","4","2","6"
"Monkeysweat","3","3","6"
"Monopoly_Best_Game","3","3","6"
"montassar-topalov","2","4","6"
"montendec","3","3","6"
"Moondog2030","3","3","6"
"MoonPony","3","3","6"
"moony2021","4","2","6"
"moosedagoose","5","1","6"
"Morad_go","4","2","6"
"Mordkurier","4","2","6"
"Morelle_Nicolas","2","4","6"
"morfik44","2","4","6"
"morgan8x8","4","2","6"
"Moroz17011958","4","2","6"
"morsicy","3","3","6"
"Mort4no","4","2","6"
"mortalius","3","3","6"
"MortezaShokri","4","2","6"
"mortyisbread","4","2","6"
"mosesbanda","4","2","6"
"MoskVIH","3","3","6"
"moslem_carlsen","4","2","6"
"moslem403019","2","4","6"
"mostafa_mahya","3","3","6"
"mostafa_shafaei","4","2","6"
"mostafa77211","4","2","6"
"mostafaa31009980","3","3","6"
"Mostafasaber14570","3","3","6"
"mostafawm","3","3","6"
"mosun62","4","2","6"
"MotherSuspiriorum","3","3","6"
"motka3000","4","2","6"
"MoTM","3","3","6"
"motoralmaisangre","3","3","6"
"mourad-az-21","3","3","6"
"Mourad1235788","4","2","6"
"mourius","2","4","6"
"Movchanev","3","3","6"
"moxygene","2","4","6"
"mozeez","3","3","6"
"MP99","3","3","6"
"mpampakos","3","3","6"
"mpanty","3","3","6"
"MPLAKSHARA","3","3","6"
"mptornay","3","3","6"
"mptrofimov","4","2","6"
"MQLST","3","3","6"
"Mr_5hoe","2","4","6"
"mr_banifacii","2","4","6"
"mr_blue0","3","3","6"
"Mr_Boody9","3","3","6"
"mr_el_mouden","4","2","6"
"Mr_Lucky11","3","3","6"
"MR_motaajeb","3","3","6"
"Mr_Mystic","3","3","6"
"Mr_Santos","3","3","6"
"Mr-Chessential","3","3","6"
"Mr35vn","2","4","6"
"MR7654321","3","3","6"
"mrarjmand0","2","4","6"
"mrb7u3","2","4","6"
"MrBenedictR","3","3","6"
"MrBien","3","3","6"
"mrcs77","3","3","6"
"mrderiuzz","2","4","6"
"mretgiray","3","3","6"
"mrgale","3","3","6"
"mrgkbrk","3","3","6"
"MriDUL_145","3","3","6"
"mrigakshi","4","2","6"
"mrivn1804","3","3","6"
"mrjohn271","4","2","6"
"MrKnightBBHS","3","3","6"
"mrlawrenzo","3","3","6"
"MRMANiA","3","3","6"
"MRobalez","2","4","6"
"MrOrange14","4","2","6"
"Mrpapakw02","3","3","6"
"mrproper007","3","3","6"
"mrspiraz","2","4","6"
"mrsweetcheeks","3","3","6"
"mrtp11","3","3","6"
"MrZwaggel","3","3","6"
"msma123","4","2","6"
"msonimanoj","5","1","6"
"Mssa_dah","4","2","6"
"MSTR-KRISH","3","3","6"
"mswhitecheese","3","3","6"
"mt_xeiri","3","3","6"
"mtg1401","4","2","6"
"mtgr88","3","3","6"
"MTM_chess","3","3","6"
"MTM2020","1","5","6"
"Mtombeni","4","2","6"
"Mtunduh","2","4","6"
"mtzw","2","4","6"
"Muaaz2018","3","3","6"
"MuazzamBorazan","2","4","6"
"Much_sholeh","3","3","6"
"mucomemo","4","2","6"
"mucotes","4","2","6"
"MucTep_BaHIIIoT","3","3","6"
"Mucuta","4","2","6"
"Mudrichenko","3","3","6"
"Mufti_Sahab","3","3","6"
"Mugallim","2","4","6"
"Mugamba","3","3","6"
"mugardi","2","4","6"
"MuhamadSido","3","3","6"
"Muhamaru","2","4","6"
"Muhammad1991991","3","3","6"
"muhammadihsanrmd","3","3","6"
"MuhammedAdell","4","2","6"
"muhammedali_sag","3","3","6"
"Muhammedeltuhamie","4","2","6"
"Muhammet2000","3","3","6"
"MuhannadAqeel","4","2","6"
"Mujtaba786","3","3","6"
"mukapereira00","2","4","6"
"mukeshms","2","4","6"
"Mukilan442","3","3","6"
"mukul0210","4","2","6"
"MukulBagla","3","3","6"
"mukuldubey","3","3","6"
"muldaka","2","4","6"
"mullock","3","3","6"
"multilife","3","3","6"
"munishkumar1978","2","4","6"
"Munjiza1950","3","3","6"
"Munkans","3","3","6"
"muratkzltepe","3","3","6"
"murd3rrr","3","3","6"
"murhaf-meshaalji","3","3","6"
"murkxzero","3","3","6"
"murmu2","3","3","6"
"murphisworried","4","2","6"
"mursel_16","2","4","6"
"murtazamali","3","3","6"
"Murzilker","3","3","6"
"mus_1985-alim","2","4","6"
"musaalrasta_soon","3","3","6"
"muscab1600","3","3","6"
"musdogan","4","2","6"
"musfiq6171","3","3","6"
"muslum6","3","3","6"
"Mussabxr","3","3","6"
"MUSTAFA_20","3","3","6"
"Mustafa_Bolat14","3","3","6"
"Mustafa1993IRAQ","3","3","6"
"MustafaBite","3","3","6"
"MustafaKnight123","2","4","6"
"mustafakpinar","3","3","6"
"MustafaOrgun","3","3","6"
"MustafaPeker","2","4","6"
"Mustafapuyol71","3","3","6"
"MustafaTokmak5548","3","3","6"
"Mustafkose","3","3","6"
"muthu_asokan_0601","3","3","6"
"Mutillidae","2","4","6"
"Muttaburrasaurus","3","3","6"
"Muxik","4","2","6"
"MVChowdary","3","3","6"
"MW_vet2020","3","3","6"
"mwania","5","1","6"
"mward128","3","3","6"
"Mxnnyy","4","2","6"
"Mxolisi-ka-Isaka","3","3","6"
"myastenia","5","1","6"
"MyChessPains","4","2","6"
"Mykhajlo-Kozlovski","3","3","6"
"MykolaRadinets","3","3","6"
"mylovehotel","3","3","6"
"mymommadontlikeyu","2","4","6"
"MyOldCut","2","4","6"
"myskillzareminimal","3","3","6"
"mysnyk","3","3","6"
"MystiFox","3","3","6"
"myth1990","2","4","6"
"Mythilipalani","3","3","6"
"mz7","2","4","6"
"Mzaliwa","2","4","6"
"MZamani1342","3","3","6"
"mzlkwsk","3","3","6"
"n00bpsychologist","3","3","6"
"n2048m","4","2","6"
"n3h3mi3","3","3","6"
"n3kroon","3","3","6"
"n3rvose","4","2","6"
"N4n13","3","3","6"
"Nabil1957","3","3","6"
"NabilHafiz98","2","4","6"
"Nabu7","2","4","6"
"nabuccodonosor","4","2","6"
"nacattack73","4","2","6"
"Nachoiav","3","3","6"
"NachusRoyesen","3","3","6"
"Nacpasha","4","2","6"
"Naddoul","3","3","6"
"nadeink","3","3","6"
"nadermalekpour","3","3","6"
"Nadir62332416","3","3","6"
"nadirorlz","3","3","6"
"Nadya_Abakan","3","3","6"
"Naeemansari","2","4","6"
"Nag22","3","3","6"
"nagaamulyak","3","3","6"
"Nagasainth_20","3","3","6"
"nagato_ado","3","3","6"
"NagyBo","3","3","6"
"Nahamkin","3","3","6"
"nailgaisin","3","3","6"
"nain_amaze","3","3","6"
"najeeb87","3","3","6"
"NaKoleniTvari","3","3","6"
"Nalpa","4","2","6"
"Namakan52","3","3","6"
"Namus55","2","4","6"
"nan55","4","2","6"
"nandskumar","3","3","6"
"NapGab","4","2","6"
"Napugayka","3","3","6"
"narendranp","3","3","6"
"narwhalking927","3","3","6"
"Narzullayev_Shahzod","3","3","6"
"naserkarami","3","3","6"
"Nasir79681","3","3","6"
"Nasrin_ns","3","3","6"
"Nastusha_zorina","3","3","6"
"Nasufrexhepi1","4","2","6"
"nata-64","2","4","6"
"Natali_kr","2","4","6"
"Natali-val","3","3","6"
"nathanChinaglia1239","2","4","6"
"nathanlapoukave","3","3","6"
"Nato436","3","3","6"
"Natso8","3","3","6"
"natureguardian","3","3","6"
"naufalraid787","3","3","6"
"naughtyknight007","3","3","6"
"NAUJ_R10","3","3","6"
"naumanshad1","3","3","6"
"Navarra2","3","3","6"
"naveenk23","2","4","6"
"Navegador2023","3","3","6"
"navid_besi","3","3","6"
"naweed2000","4","2","6"
"nazar_drw","3","3","6"
"nazerigh","2","4","6"
"Nazmi1971","3","3","6"
"NazmulHasan18","2","4","6"
"nbabichev","3","3","6"
"ncbaug","3","3","6"
"NCIS515","3","3","6"
"ndimane","2","4","6"
"ndo-14","3","3","6"
"ndv64ru","2","4","6"
"neaden","3","3","6"
"NealMcbeal","4","2","6"
"Neapol13","2","4","6"
"nearantruby001","3","3","6"
"nebras1","2","4","6"
"necati4141","2","4","6"
"Necatikorkmaz11","3","3","6"
"Necrozinskiy","2","4","6"
"NectarOfDeath","3","3","6"
"Neel-Kumar","3","3","6"
"Neel1627","3","3","6"
"neelanjanam","3","3","6"
"Neeltawde","3","3","6"
"neeraj_lfc","2","4","6"
"neeraj24","2","4","6"
"negritocarbon","3","3","6"
"negro1","3","3","6"
"neil1996","3","3","6"
"Nek1T","2","4","6"
"NEKit90","2","4","6"
"Nekky72","5","1","6"
"nekomaxy","3","3","6"
"Nelio78","4","2","6"
"nemixer","3","3","6"
"Nemreg40","2","4","6"
"nenro","3","3","6"
"Neolemac","3","3","6"
"NeProSkill","4","2","6"
"Nerff","2","4","6"
"nero3472","2","4","6"
"nes2k","3","3","6"
"Nesskvik","3","3","6"
"Nesterova30215","4","2","6"
"nesty7","5","1","6"
"NestyWithe","3","3","6"
"Nettho","3","3","6"
"neuF90","2","4","6"
"Neva2016","3","3","6"
"nevenadamjan","3","3","6"
"Neverhandle","3","3","6"
"NeverRon","4","2","6"
"NEVERSLEEP890","4","2","6"
"NevzatC74","2","4","6"
"Newb2020","2","4","6"
"newbie2405","3","3","6"
"newplayer666","3","3","6"
"Newtheplatu","2","4","6"
"Nexus60","4","2","6"
"NexusWarden","3","3","6"
"Nexwitt","3","3","6"
"NeymaNavarroS","4","2","6"
"Neymaruti","3","3","6"
"nfrend","3","3","6"
"NFS_COINS","3","3","6"
"nganbanghe","4","2","6"
"NGANGOU","3","3","6"
"Ngare001","2","4","6"
"Nghi123A","2","4","6"
"Ngocdiep9gcg","3","3","6"
"Ngocphatpro","2","4","6"
"NGUsahid","2","4","6"
"NguyenDaiPhu","2","4","6"
"nguyenhuong097655773","3","3","6"
"nguyenminhthong","3","3","6"
"nguyenquynhnga","3","3","6"
"NguyenTienDuy","3","3","6"
"nguyentungduong_4d","3","3","6"
"nguyenuy1409","3","3","6"
"NgZylo","2","4","6"
"nhadam99","4","2","6"
"Nhlanhlakh1909","4","2","6"
"Nhorg","3","3","6"
"nhtsng89","3","3","6"
"Ni9492","3","3","6"
"nianatazzi","3","3","6"
"nic161","3","3","6"
"Nicckcarter","3","3","6"
"Niccosan","3","3","6"
"Nicholai_tesla","4","2","6"
"nicholaipushkin","4","2","6"
"Nick_84","3","3","6"
"Nick_Sok","3","3","6"
"nickmarschal","3","3","6"
"NickSchachMatt","3","3","6"
"NickShishenin","2","4","6"
"nicob306","3","3","6"
"Nicogompi","3","3","6"
"NicolaiGoon","3","3","6"
"nicolasgork","4","2","6"
"nicolasmesones1","3","3","6"
"nicole2003","4","2","6"
"nicoleti23","2","4","6"
"Nicoletta2000","3","3","6"
"nicollas1106","3","3","6"
"nidhijoshi2015","3","3","6"
"nielslind","2","4","6"
"nietoordonez","3","3","6"
"NightC0re","4","2","6"
"Nightmaredjimy","3","3","6"
"NightRider2023","3","3","6"
"nigrezi","3","3","6"
"NIHAL3KAUSHIK","4","2","6"
"Nihil_10","2","4","6"
"Nihujanepomnjaschiy","3","3","6"
"NijeEmir","3","3","6"
"Nik1965sps","2","4","6"
"nikansedighi","2","4","6"
"NikaP29","3","3","6"
"nikdulesh","2","4","6"
"nikhchess2","3","3","6"
"Nikhil769","3","3","6"
"nikhilNLP","3","3","6"
"NIKITA0106","3","3","6"
"NikitaKriuchkov","3","3","6"
"NikitaTaganov","4","2","6"
"nikola0221","2","4","6"
"nikolaamur52","3","3","6"
"NikolaHIN","3","3","6"
"NikolaiErmolaev","2","4","6"
"Nikolaitryakin","3","3","6"
"Nikolay_1953","3","3","6"
"nikolay131","4","2","6"
"nikomihajlovic","4","2","6"
"NikTrav","3","3","6"
"Nima13ft","4","2","6"
"NimblePro","4","2","6"
"nimmy-chesslover","3","3","6"
"Nimnadi123","3","3","6"
"NinetimeX04","2","4","6"
"ninoro","3","3","6"
"nintappan","4","2","6"
"Ninten62","3","3","6"
"ninzyachess","1","5","6"
"Niolasubotica","3","3","6"
"niow","3","3","6"
"niranjan_2010_123","3","3","6"
"nisangokyurek","3","3","6"
"Nisca","3","3","6"
"nishantbattula","3","3","6"
"nishikabya05","3","3","6"
"nissimsharabi","4","2","6"
"Nitai97","3","3","6"
"Nithya_chillabanda","3","3","6"
"nitin_sadurangam","2","4","6"
"Nitink24","3","3","6"
"nitrousflare","2","4","6"
"NitroxTank","4","2","6"
"njief","3","3","6"
"nk5249","3","3","6"
"NK66","2","4","6"
"nks0000003","2","4","6"
"nmanich","3","3","6"
"nMaX_11","3","3","6"
"nmky","3","3","6"
"NNN1234","3","3","6"
"Nnnovaes","2","4","6"
"nnsaratov","4","2","6"
"NoAdmin567","2","4","6"
"Nobilior","2","4","6"
"NOBODY555444","2","4","6"
"Nobrega46","3","3","6"
"nodul","3","3","6"
"Noe80","2","4","6"
"NoelGuib","3","3","6"
"Noelle_613","2","4","6"
"NoeNoeNoe","3","3","6"
"NoFaceIV","2","4","6"
"NoFreedom1","3","3","6"
"Nojabre","3","3","6"
"Nokolai1946","3","3","6"
"nolan1077","4","2","6"
"nolasque","4","2","6"
"nomaschess","1","5","6"
"nomoreplease","3","3","6"
"Nomskyy","3","3","6"
"nonderle","4","2","6"
"nonolopeta","3","3","6"
"Nonplusultra19","3","3","6"
"NonsensePrep","3","3","6"
"nonsochenomemetteree","3","3","6"
"nonu_001","4","2","6"
"NoobQSM","3","3","6"
"NoobSacrifice","3","3","6"
"noodly1234","3","3","6"
"noor_firas_10","3","3","6"
"NoPanic1","3","3","6"
"nopeIcannot","3","3","6"
"Norbor","2","4","6"
"NordinM_16","4","2","6"
"Norman1233","3","3","6"
"NorthEastWestSouth17","3","3","6"
"norwich_terrier","3","3","6"
"Nosferatu6","3","3","6"
"nossinep","3","3","6"
"NoSukidayo08","4","2","6"
"not4nhacker","3","3","6"
"notapattern","3","3","6"
"Note10_plus","2","4","6"
"notfarhan","3","3","6"
"notgmkistya","3","3","6"
"nothing1984","3","3","6"
"notret","3","3","6"
"NotStefano","3","3","6"
"Nour32","2","4","6"
"nour69","4","2","6"
"nouri88","3","3","6"
"Noursa_1966","3","3","6"
"novice125","3","3","6"
"Novichok5710","3","3","6"
"Novosibirsk2022","3","3","6"
"NoWar79","3","3","6"
"NP2346","2","4","6"
"nrgizer","2","4","6"
"Nrgs2003","3","3","6"
"nshih422","2","4","6"
"NSK3409","5","1","6"
"NSR12","2","4","6"
"Nuel2022","3","3","6"
"nugzariubilava","4","2","6"
"Nukefish","3","3","6"
"nule","3","3","6"
"nur_Imanina07","3","3","6"
"Nurdarkhan","3","3","6"
"Nurdaulet_GGMU","3","3","6"
"NurIffahAmani","4","2","6"
"nursepotter","2","4","6"
"Nvr-Back-Dwn","3","3","6"
"NWHS_TChen","3","3","6"
"nxoo","2","4","6"
"NyakundiQuinton","3","3","6"
"nyambenyambe819","3","3","6"
"Nyamdorj_2003","3","3","6"
"Nygellowe","3","3","6"
"nyumbafinder","3","3","6"
"Oalkis","5","1","6"
"oaxaco94","4","2","6"
"Obeydi4607","3","3","6"
"obreala","2","4","6"
"OceanNakhodka","3","3","6"
"Ocek","3","3","6"
"Octavio_1955","2","4","6"
"Octem","3","3","6"
"OctoCheckmate","3","3","6"
"ocuser","3","3","6"
"odn114","3","3","6"
"odolo74","3","3","6"
"odomoro","3","3","6"
"odretour","3","3","6"
"ODUNXAAN","3","3","6"
"Odysseus76210","3","3","6"
"OfLuMesut","3","3","6"
"Ogarko","2","4","6"
"Ogi1925","4","2","6"
"Ogierenn","3","3","6"
"ogoodanotherusername","3","3","6"
"oguzhankrglu","2","4","6"
"Oguzmorali","3","3","6"
"OGV","3","3","6"
"OhMyGuruFR","3","3","6"
"OIkan","2","4","6"
"oioiqiqi","2","4","6"
"Ojaspro-007","4","2","6"
"OJIeZHka","3","3","6"
"Okafors_Gambit","3","3","6"
"okda45","2","4","6"
"okrim93","3","3","6"
"OktayBOS","3","3","6"
"Okwau","3","3","6"
"Ola_2012","4","2","6"
"olafaith","4","2","6"
"Olalekanjulius","3","3","6"
"old-men","4","2","6"
"Old-Vasuki","5","1","6"
"Oldbutfit","3","3","6"
"oldchessfox","3","3","6"
"oldjeans","3","3","6"
"oldkn1ght","2","4","6"
"oldknight4","2","4","6"
"OldManRiver","2","4","6"
"Oleg_chess_1","1","5","6"
"Oleg_Kud123321","2","4","6"
"Oleg2812","3","3","6"
"oleg702","3","3","6"
"OlegDmitriev","3","3","6"
"OlegDr","3","3","6"
"Olegg1984","4","2","6"
"OlegGator68","3","3","6"
"olegop","3","3","6"
"olegpel1970","4","2","6"
"olegsledak","3","3","6"
"OLEGZOOM","4","2","6"
"Oleh28","3","3","6"
"Oleh91","4","2","6"
"olehkundeus59","3","3","6"
"Oleksiy_Sh","4","2","6"
"oleoko","3","3","6"
"Olezhkq","4","2","6"
"OlgaCM","3","3","6"
"Olie_Molly","3","3","6"
"olin007","3","3","6"
"olito","4","2","6"
"olive13","3","3","6"
"OliverIE","3","3","6"
"oliverpango","2","4","6"
"oliverratking","4","2","6"
"oliversaite","3","3","6"
"Oliverschach1","2","4","6"
"Olkachum","2","4","6"
"Olmedo08","2","4","6"
"OlmosJT","3","3","6"
"Ololehin","3","3","6"
"Oltsche","4","2","6"
"Oludotun","3","3","6"
"oluwafemola","2","4","6"
"Om09ar_jr","3","3","6"
"OM412","3","3","6"
"Omar_Muhaidib","3","3","6"
"omar24680","2","4","6"
"Omar2615","4","2","6"
"OMAR270","3","3","6"
"omar779","2","4","6"
"omarhamed23","2","4","6"
"Omarramadan1","3","3","6"
"omarshadafny","3","3","6"
"OmarT11","3","3","6"
"omerfarux","3","3","6"
"Omerserdarakgul","3","3","6"
"omeryildiz1977","2","4","6"
"OMGOlivia3333","4","2","6"
"omidzakerii","3","3","6"
"Ommolo","3","3","6"
"omoiomere","3","3","6"
"omran77","3","3","6"
"OmurzakovSabyrbek","2","4","6"
"oncletom","3","3","6"
"onip23","3","3","6"
"ONLINE_COACH","3","3","6"
"Onlinehorst","3","3","6"
"ontheroad645","2","4","6"
"Onur_Emre-2015","3","3","6"
"onurdo","4","2","6"
"oobaa47","3","3","6"
"ooleguo","2","4","6"
"Ooozlie","3","3","6"
"Openingsslayer","2","4","6"
"OperationDoomsday","4","2","6"
"OpikSetu","5","1","6"
"opmaxsonam_1078","2","4","6"
"Opsd","3","3","6"
"optica44","3","3","6"
"orangexduck","3","3","6"
"orangutan05","3","3","6"
"oreg21","2","4","6"
"orellana97","3","3","6"
"Orestis_G","3","3","6"
"orestis3142","2","4","6"
"orevaboyzzz","3","3","6"
"Orhankarokan","2","4","6"
"orientaldust","3","3","6"
"orkunyilmaz","3","3","6"
"Orlando1979777","4","2","6"
"orlanrueda","3","3","6"
"Orochimaru2900","2","4","6"
"osama_mady","3","3","6"
"osama0088","3","3","6"
"osama823","2","4","6"
"OsamaNL","4","2","6"
"osamudadzai","4","2","6"
"OsaRassella","1","5","6"
"osbahotto","3","3","6"
"Oscar_104","4","2","6"
"oscarleonel91","3","3","6"
"Osielgar","4","2","6"
"osierpan","3","3","6"
"osigse","3","3","6"
"Oslec30","3","3","6"
"Osnobi","4","2","6"
"Osse187","3","3","6"
"ossy2020","2","4","6"
"ostapovich02","2","4","6"
"ostbahn","3","3","6"
"OstiepkyAparenice","3","3","6"
"ostingodman","2","4","6"
"otafc123","2","4","6"
"othmaneothmano46gmai","4","2","6"
"Otneimamarred","3","3","6"
"oto8","3","3","6"
"ottolilienthal","3","3","6"
"ottonello","3","3","6"
"ouaki","2","4","6"
"oualidbara","3","3","6"
"oueoue","2","4","6"
"Ougustine","4","2","6"
"oulesie","3","3","6"
"Oupslala_1971","5","1","6"
"oussab","3","3","6"
"ovec12","3","3","6"
"Owako461","3","3","6"
"Owann","3","3","6"
"Owllench","2","4","6"
"owltrainer4","3","3","6"
"OxeyMoron","2","4","6"
"oyku_bilfenisk","3","3","6"
"oyster007","3","3","6"
"oza1982","3","3","6"
"ozcosar","2","4","6"
"ozgunat1","3","3","6"
"ozgurgedik","3","3","6"
"ozgurian","3","3","6"
"ozgurko","3","3","6"
"ozi96","3","3","6"
"Ozil95","3","3","6"
"ozkalsonmez","2","4","6"
"Ozone50","3","3","6"
"P05galiaspaulgallioz","3","3","6"
"P2theO","2","4","6"
"P911","3","3","6"
"Pa_lac","3","3","6"
"PA456","2","4","6"
"paalso1974","3","3","6"
"paapchess","3","3","6"
"PABKNIGHT","3","3","6"
"Pablo1489","3","3","6"
"pabloapl","2","4","6"
"pablobs2023","3","3","6"
"pachakutek","3","3","6"
"pacificosky","2","4","6"
"PackageMan","4","2","6"
"pacocasero","2","4","6"
"Pacolak","3","3","6"
"PaderinKirill","4","2","6"
"PadreTo","3","3","6"
"padura","3","3","6"
"paganoodle","3","3","6"
"Pahanmahan","3","3","6"
"Pairian","3","3","6"
"Pajikmoshi","3","3","6"
"Paketin","3","3","6"
"pakis1960","2","4","6"
"pakuni12","3","3","6"
"pakupek","3","3","6"
"Paky449","3","3","6"
"Palacheptka666","3","3","6"
"paleninmihail","4","2","6"
"palexd","3","3","6"
"palip","4","2","6"
"pallux","3","3","6"
"PalmiroZabardua","3","3","6"
"PanchoNey","3","3","6"
"Panda_byxanda","4","2","6"
"pandammonia1","3","3","6"
"PandaWawawa","4","2","6"
"pandujaanu143","3","3","6"
"pankaj_jain","3","3","6"
"PanMech","3","3","6"
"Panrtyhose","4","2","6"
"PANSHO_DAOU","3","3","6"
"PantelimoshkaNato","3","3","6"
"Papa-Gilles","3","3","6"
"papadoc63","1","5","6"
"PapaHess63","3","3","6"
"papaloski","2","4","6"
"PapaMario416","3","3","6"
"PapaNickSergey","2","4","6"
"paprytschek","2","4","6"
"par1998","3","3","6"
"Parabellum_777","4","2","6"
"Parag14","2","4","6"
"paraji","4","2","6"
"Parandvar","3","3","6"
"parapamd","2","4","6"
"ParaStinco17","3","3","6"
"Parasyte0","3","3","6"
"parfam","4","2","6"
"ParhamRplayer","3","3","6"
"parnas","4","2","6"
"parowozzZ","4","2","6"
"parrot_909","4","2","6"
"parsa133","4","2","6"
"parthbotz","3","3","6"
"parthynia","4","2","6"
"partiboy69","3","3","6"
"parvazeh","3","3","6"
"ParvinderSingh","3","3","6"
"Pasha1975","4","2","6"
"PassengersS","3","3","6"
"Pastoor915","2","4","6"
"PastorPhloyd","3","3","6"
"pat06","3","3","6"
"Pat1986","4","2","6"
"Patch67","3","3","6"
"patelvrajn","2","4","6"
"patilg86","3","3","6"
"Patodegoma","4","2","6"
"patrick0608","3","3","6"
"Patrick555","4","2","6"
"Patrickcadeirante","2","4","6"
"patrickdeoliveira","1","5","6"
"PatrickGeovani","4","2","6"
"Patryk2016","3","3","6"
"Paul_Duke","3","3","6"
"paul_on","2","4","6"
"paul_seibert","3","3","6"
"paula_bro","3","3","6"
"PaulDaAsgardian","3","3","6"
"Paule22","4","2","6"
"Pauliord","4","2","6"
"paUlKhomEnko","3","3","6"
"pauloafro","2","4","6"
"PauloMiranda","3","3","6"
"Paulouchg","5","1","6"
"Pavel200820082008","3","3","6"
"Pavel434","3","3","6"
"pavela1991","2","4","6"
"PavelM91","3","3","6"
"pavelsibiryakov","3","3","6"
"Paves00","3","3","6"
"pavithran2013","3","3","6"
"pavlik1","2","4","6"
"Pavloivaskiv_13","3","3","6"
"pawcioandre","3","3","6"
"pawelpoli","4","2","6"
"pawn_git","2","4","6"
"pawn-otto","3","3","6"
"pawndering74","3","3","6"
"Pawnkiller1","3","3","6"
"Pawnknight223","3","3","6"
"PawnProwler","3","3","6"
"Pawnstomper","3","3","6"
"pawnwing_2024","3","3","6"
"payitahtchess1","2","4","6"
"Payo29","3","3","6"
"Pazuzu44","2","4","6"
"PDSJR","2","4","6"
"Pdtejuarez","3","3","6"
"Pea-Ridge","4","2","6"
"PeaceForeverAge","4","2","6"
"Peachiness","4","2","6"
"PecoGordemo","2","4","6"
"pedrinbarrientos1234","3","3","6"
"Pedro199","2","4","6"
"pedrohispano","2","4","6"
"peduadocuba","3","3","6"
"peeesty","3","3","6"
"peemebe","3","3","6"
"Peguerinos1954","3","3","6"
"pejman_talebi26","4","2","6"
"PekiBurak","3","3","6"
"Pelengas-1","3","3","6"
"pelikan126","3","3","6"
"pelinTonic","1","5","6"
"pelisse11","2","4","6"
"Pels10","3","3","6"
"PENICILINA73","3","3","6"
"penterakt","3","3","6"
"pepemondaini","3","3","6"
"pepini","3","3","6"
"Pepperink","3","3","6"
"PepperoniTester","4","2","6"
"peppss","3","3","6"
"Pepsiman4","3","3","6"
"pereira6","3","3","6"
"PEREVOZNIUK","3","3","6"
"perfectlylonely","3","3","6"
"Perfido","3","3","6"
"Persian-Gulf-iranian","2","4","6"
"pessu","4","2","6"
"petarbd","4","2","6"
"petem87","3","3","6"
"petenatti","3","3","6"
"peterhany10","3","3","6"
"PeterPhi","2","4","6"
"Petr77","4","2","6"
"Petre_pielo","2","4","6"
"Petrean","3","3","6"
"Petregeorge","4","2","6"
"Petrezk","3","3","6"
"Petrovich_1974","3","3","6"
"Petrovich74","4","2","6"
"Petry550","3","3","6"
"Petvin","2","4","6"
"peyman_shz","2","4","6"
"Peymankhi","3","3","6"
"PFon","3","3","6"
"pgalo8","4","2","6"
"PH0BIK","3","3","6"
"Phantom1234","4","2","6"
"PhAnToM70","4","2","6"
"Pharmdecent","3","3","6"
"Phat6d4","5","1","6"
"PHayley010211","2","4","6"
"phenixe","4","2","6"
"PhilAppleraily","3","3","6"
"philozofus","2","4","6"
"phlepont","3","3","6"
"phobialogic","3","3","6"
"PhoenixGames","4","2","6"
"phucnguyen3103_TB","3","3","6"
"phuongthao1803","3","3","6"
"Phuti_mash","3","3","6"
"pi-pir_1","2","4","6"
"PIBLO228","2","4","6"
"PicSou74","3","3","6"
"Pie917","4","2","6"
"PieroMassa","3","3","6"
"Pierre26eol","3","3","6"
"pietro873","3","3","6"
"pietrom155","3","3","6"
"Pietrosebas","3","3","6"
"pigos","3","3","6"
"pillattoo","3","3","6"
"pilz141","4","2","6"
"pinair54","3","3","6"
"Pinangsori_Chess","3","3","6"
"pinar17","2","4","6"
"pinataprende","2","4","6"
"pinath","4","2","6"
"Pincyk","3","3","6"
"pingaoonce","2","4","6"
"pingulandia","3","3","6"
"pinidhun","3","3","6"
"pinjaew","3","3","6"
"pinkcraft","2","4","6"
"pinkipawn","2","4","6"
"pinto_1999","3","3","6"
"Pintofeli","3","3","6"
"PinyaGames","3","3","6"
"PiotrekHonda","3","3","6"
"piotrp966","2","4","6"
"Pipo1942","4","2","6"
"PippoCannella","4","2","6"
"pippofalapizza2","3","3","6"
"Pippolotto","3","3","6"
"Pirmard","3","3","6"
"Pirnazar_Turkmen","3","3","6"
"pirryyy","3","3","6"
"Piscardelli","4","2","6"
"pismavi","3","3","6"
"Pistorius22","3","3","6"
"pitlit","3","3","6"
"piwenzo","3","3","6"
"pixari","3","3","6"
"Piyal45","3","3","6"
"pjbrooks13","3","3","6"
"pjotre_I","3","3","6"
"PJPeanut","2","4","6"
"pjustin2172","3","3","6"
"PKant","4","2","6"
"Pkantt","2","4","6"
"pkaren","3","3","6"
"placido_meirelles","3","3","6"
"Plalkar","4","2","6"
"planeterouge","2","4","6"
"Plankstadt","4","2","6"
"plant777","4","2","6"
"plava_zaba","3","3","6"
"PlayerFCBD99","4","2","6"
"pll2","3","3","6"
"pLoncomen12","3","3","6"
"plota","3","3","6"
"PlotTerrifiantBack","4","2","6"
"pltmrr","3","3","6"
"plunjer_123","2","4","6"
"pochoco2","2","4","6"
"pocholobici","4","2","6"
"PockerFace11","3","3","6"
"Podkidish","2","4","6"
"poegland","3","3","6"
"Poellie","3","3","6"
"pohn","3","3","6"
"pokejoca","3","3","6"
"Pokerstar1987","3","3","6"
"pokox3pro","3","3","6"
"pol115pol","4","2","6"
"poletmorella","4","2","6"
"PolgarNewFather","3","3","6"
"Polidorichess","2","4","6"
"polil13","3","3","6"
"PolinaSav","2","4","6"
"Polindra","2","4","6"
"politicar","3","3","6"
"Polo1ca","3","3","6"
"Polo4","3","3","6"
"polo9876","2","4","6"
"Polococta","3","3","6"
"polyvios","3","3","6"
"PomeGranate7","3","3","6"
"Ponigoshka228","3","3","6"
"ponyrincon","3","3","6"
"poojapooja22H","4","2","6"
"Poorianm","3","3","6"
"Poorniseshan","4","2","6"
"Poorvi_Devaiah","3","3","6"
"pooshan","3","3","6"
"poostkan","3","3","6"
"popeye15","4","2","6"
"PoPnPika","4","2","6"
"Popov_Ilya11","3","3","6"
"popovigor_13","3","3","6"
"popsidd","3","3","6"
"PorkySmorky","3","3","6"
"PORN0Traktor","4","2","6"
"PorschX","5","1","6"
"porsiemprepato","3","3","6"
"Port16","3","3","6"
"portakalsuyu0","2","4","6"
"Portorosa","4","2","6"
"PortugueseMelatonin","2","4","6"
"posledam","4","2","6"
"PostCheckClarity","2","4","6"
"postkapitalist","2","4","6"
"PostTenebrasLux","3","3","6"
"Potap_Baklaga","3","3","6"
"PotatoDiplomatic5959","3","3","6"
"Pouark","3","3","6"
"pouraghdam","3","3","6"
"Pouria1116","2","4","6"
"Pouria2023","3","3","6"
"poverocane","3","3","6"
"povp1975","4","2","6"
"PowerofYouth","3","3","6"
"powuz","3","3","6"
"Pp0oLl0o","3","3","6"
"ppalek140","3","3","6"
"Pppprateek","2","4","6"
"PrabaLive_81","3","3","6"
"practical_name","3","3","6"
"PrajjjualSaini","2","4","6"
"Pramit_04121993","4","2","6"
"pranaykt","2","4","6"
"praneethvancha","2","4","6"
"PraSanna_Ira","3","3","6"
"prasen358","2","4","6"
"Prash12345","3","3","6"
"prash2488","2","4","6"
"PrasidhBhardwajChess","3","3","6"
"prateek329","3","3","6"
"pratheeshkp","3","3","6"
"pratyushkrsahoo2009","3","3","6"
"Praveen_87","3","3","6"
"Praveenky15","3","3","6"
"pravin3","3","3","6"
"preabun","2","4","6"
"predadorcala","3","3","6"
"predmax","3","3","6"
"preller","3","3","6"
"Prematpepe","3","3","6"
"Premkoleri","3","3","6"
"premsai80","3","3","6"
"presentbeing","3","3","6"
"presgomacho","3","3","6"
"PResidential_1","3","3","6"
"PRESLAK","4","2","6"
"Presnetsov-AE","2","4","6"
"prestige_67","2","4","6"
"Prezes098","3","3","6"
"Prince313","3","3","6"
"Princess_Lampard","2","4","6"
"Priogab","3","3","6"
"PRIreland","2","4","6"
"Prisag","4","2","6"
"pritam1911","3","3","6"
"Privet_Moya_Dorogaya","3","3","6"
"PriyamG99","3","3","6"
"priyanaik","3","3","6"
"priyanshi10bisht","4","2","6"
"Prnc","3","3","6"
"pro-baba-CINAR","2","4","6"
"Pro139","3","3","6"
"PROBARIS03","3","3","6"
"prochesser321","3","3","6"
"procopio","3","3","6"
"ProcrastinatingQueen","4","2","6"
"prodeekQ","3","3","6"
"Prof_Mohamed_Hassan","2","4","6"
"profesor1346","3","3","6"
"professor_moh7","3","3","6"
"ProfessorBlockbuster","3","3","6"
"Profmsaleem786","3","3","6"
"ProfSye","4","2","6"
"Prohor11","3","3","6"
"prokopchik01","2","4","6"
"Prokosa_S","3","3","6"
"promatty","2","4","6"
"PromQuin","3","3","6"
"ProPro1000","3","3","6"
"prorokovignat","4","2","6"
"Prospero10","3","3","6"
"Proteinstandard","4","2","6"
"protofejjj","2","4","6"
"Provincial_64","3","3","6"
"prpmatelo13","2","4","6"
"przybor","4","2","6"
"Ps29v11","3","3","6"
"psadawartwale","3","3","6"
"pSaurav","4","2","6"
"pSerg69","3","3","6"
"PSGleb","4","2","6"
"PshenoGang","3","3","6"
"psiozkan","3","3","6"
"pskkollam","2","4","6"
"Psycho_id","3","3","6"
"PsychRIO","3","3","6"
"Psychward7","4","2","6"
"PTA57","1","5","6"
"Pti-pti","2","4","6"
"Ptolomaios","3","3","6"
"ptsanu","5","1","6"
"puc66","2","4","6"
"PuchkovIvan","3","3","6"
"Pudink721","3","3","6"
"Pukman","3","3","6"
"PultokSzachista85","2","4","6"
"pups1q","3","3","6"
"puri_ji","3","3","6"
"Puriyapirouzfard","2","4","6"
"purpleten123","4","2","6"
"pushkarajvs","4","2","6"
"Pushpak_Saha","3","3","6"
"puska91","3","3","6"
"putellas","3","3","6"
"puya_sepahvand","3","3","6"
"pyjoe","2","4","6"
"PYN_1959","4","2","6"
"pyogo","3","3","6"
"PYSchanen","3","3","6"
"pythonJava","3","3","6"
"pzmp","3","3","6"
"Q-6","3","3","6"
"qarisma","3","3","6"
"Qasar1234","3","3","6"
"qasimgashimov","3","3","6"
"qazwsr25","3","3","6"
"Qazys209","3","3","6"
"QedirliQedir","3","3","6"
"Qhisham","2","4","6"
"Qinoy","4","2","6"
"qiras","4","2","6"
"qoriaazisah","3","3","6"
"Quagmiregiga","3","3","6"
"QUANGANHHUY2014","3","3","6"
"Qudear","3","3","6"
"Queen20211","3","3","6"
"QueensGambit11","3","3","6"
"quejastian","3","3","6"
"quemacoco","3","3","6"
"queng","3","3","6"
"Quentin231","2","4","6"
"question1234","3","3","6"
"quickestbandana","3","3","6"
"quyen8g","3","3","6"
"qvanle","2","4","6"
"qvantvm_bh","3","3","6"
"qwerty0000","3","3","6"
"R_Lando","1","5","6"
"r_n1977","4","2","6"
"r_sriram2004","4","2","6"
"r-0105dolinin","3","3","6"
"r-chernyshev","3","3","6"
"R1done","3","3","6"
"r8s","4","2","6"
"ra6gnar","3","3","6"
"raafat860","2","4","6"
"Raanafar","4","2","6"
"Rab3oo","3","3","6"
"RabbitNo1","3","3","6"
"rabiakkc006","3","3","6"
"Racab","3","3","6"
"Racine2806","4","2","6"
"Racybil","3","3","6"
"rad47","3","3","6"
"radas68","4","2","6"
"Radashk","3","3","6"
"Rademenex","2","4","6"
"radetramor","3","3","6"
"radian","2","4","6"
"radinheydari","3","3","6"
"Radiohead83","3","3","6"
"RADOMIR_69","4","2","6"
"radovanov","3","3","6"
"radriar24","3","3","6"
"Radvin9313","3","3","6"
"raeesaq99","3","3","6"
"Raf1974","3","3","6"
"Rafa8804","3","3","6"
"Rafael_Stratulat","4","2","6"
"rafaeldelpalacio","3","3","6"
"rafanildo","4","2","6"
"RaficDimachkiee","3","3","6"
"Rafidarya","2","4","6"
"rafxadrez","2","4","6"
"Rag92","2","4","6"
"Ragebear","3","3","6"
"raged_sd","4","2","6"
"RagnaR12355","3","3","6"
"ragnarlodbrok41","3","3","6"
"rahgozr220","4","2","6"
"rahul612","3","3","6"
"raina_007","3","3","6"
"rainbowofblues","3","3","6"
"RainerLotze03","4","2","6"
"RaINMaN132","3","3","6"
"Rainyspaniel123","3","3","6"
"Rais124","3","3","6"
"raishaakmal","3","3","6"
"RaistlinMajere21","3","3","6"
"RaiTraBu","3","3","6"
"RajaMohan1155","3","3","6"
"Rajendra-Bhopale","2","4","6"
"rajesh99999","3","3","6"
"rajeshsachan","3","3","6"
"RajivCChess","3","3","6"
"RajivSamadhiya","3","3","6"
"rajmadiraju","3","3","6"
"RajuPSN","3","3","6"
"RAKESH626","2","4","6"
"rakibtomal1","3","3","6"
"Rakip","4","2","6"
"Rakipooja776","3","3","6"
"Raknos","3","3","6"
"rakotovololona","3","3","6"
"RAL1951","3","3","6"
"ralfer","3","3","6"
"RalfhAlan","3","3","6"
"ram1ck","3","3","6"
"Ramara","3","3","6"
"RamaReyes","3","3","6"
"ramazanovremzi1987","4","2","6"
"ramazanxsarisakal","3","3","6"
"Rambo842002","3","3","6"
"Ramboo9999","3","3","6"
"Ramder4u","3","3","6"
"rameshkumar75","3","3","6"
"ramezkarehh","3","3","6"
"RamilQasimov","2","4","6"
"ramin_khalili","3","3","6"
"ramonescribabordes","4","2","6"
"Rams9052","3","3","6"
"Ramyher","2","4","6"
"Ranacorn","4","2","6"
"Ranchero9","4","2","6"
"randeep_chaudhary","3","3","6"
"Random_Girl21","3","3","6"
"RandomForest1","3","3","6"
"RandomPlayer9","3","3","6"
"Ranjana22anshuman","3","3","6"
"Ranjanthivakar","3","3","6"
"ranjeetpune","3","3","6"
"Ranjit9921266426","2","4","6"
"rao_srujan","2","4","6"
"RaphiMuehlbacher","3","3","6"
"raromero","4","2","6"
"rasalghul1995","3","3","6"
"rashadtoff","3","3","6"
"Rashid1956","3","3","6"
"Rashid2014","5","1","6"
"rashy19","2","4","6"
"Rasim_Nabiev","4","2","6"
"RasmusJohansen","2","4","6"
"raso56","4","2","6"
"Rasoul1371","1","5","6"
"ratapata","3","3","6"
"Ratebjami","3","3","6"
"RatLord1766","2","4","6"
"RatmirNurullin","3","3","6"
"RaudelHdez72","4","2","6"
"RaulAlonso19","2","4","6"
"Raulcapablanca77","3","3","6"
"raushanjha","3","3","6"
"Ravikantrathor","4","2","6"
"Ravil_og","3","3","6"
"ravindra21","2","4","6"
"ravindran","3","3","6"
"RavKad","3","3","6"
"Ray_kwon","3","3","6"
"Rayankiki","4","2","6"
"rayansarfarazian","3","3","6"
"raydenmenezes2015","3","3","6"
"Raymichael143","3","3","6"
"RAYMUNDO_CORTES","3","3","6"
"Raytekin","4","2","6"
"RaytraceShane","2","4","6"
"Razmik818","3","3","6"
"Razon94","3","3","6"
"Razor_7474","2","4","6"
"Rbryndal","3","3","6"
"RBW1977","2","4","6"
"RChakkath","2","4","6"
"Recaptures","2","4","6"
"RecentGuess","3","3","6"
"Recepcakir","4","2","6"
"Recky7","4","2","6"
"Redex888","4","2","6"
"RedJohnChess","3","3","6"
"Redmashine216","2","4","6"
"REDONDA","3","3","6"
"redonn","3","3","6"
"redrum1313","3","3","6"
"redrumattack","4","2","6"
"redsniff","4","2","6"
"reedrags","3","3","6"
"reendreener254","3","3","6"
"refiappo52","3","3","6"
"reflexija","3","3","6"
"reflexiv","2","4","6"
"Regenbogen1959","3","3","6"
"Reggie01642","3","3","6"
"reiiiiiii","3","3","6"
"reimario","4","2","6"
"reinaldopereira1","3","3","6"
"ReinekeFuchs1976","2","4","6"
"reinhard_s","3","3","6"
"Rekc73","4","2","6"
"rekonek","2","4","6"
"ReksioNw","3","3","6"
"relax1210rz","3","3","6"
"RElunga","3","3","6"
"remoparis1","3","3","6"
"RemyvP","2","4","6"
"RenanBGChess","3","3","6"
"Renlucik","3","3","6"
"renodhino","3","3","6"
"repica","2","4","6"
"ReRaX","3","3","6"
"reret178","2","4","6"
"resulsahan8","3","3","6"
"ReTentenna","3","3","6"
"retheeshthalavoor","3","3","6"
"Rettich06","3","3","6"
"revanwas","3","3","6"
"Revathichess","2","4","6"
"reven_rv","2","4","6"
"Revenge604","3","3","6"
"ReversLotus","2","4","6"
"ReVy095","3","3","6"
"RexRaptor7","3","3","6"
"ReyanshJain2013","3","3","6"
"REYANSHKARAN","3","3","6"
"reynaldo2010","2","4","6"
"reypeon2020","3","3","6"
"REYsum24","3","3","6"
"Reza_sk75","3","3","6"
"Reza1968","3","3","6"
"RezaDwiH","4","2","6"
"Rezanaseri1968","3","3","6"
"rezazamani123","3","3","6"
"Reze_28","3","3","6"
"rfpfr","3","3","6"
"rgazmurif","2","4","6"
"rgeisser","4","2","6"
"RgKlhu","4","2","6"
"rgmrtn","3","3","6"
"Rhajs","3","3","6"
"Riaanvasa25","3","3","6"
"RIABINI","4","2","6"
"riaking11","4","2","6"
"ribar77","3","3","6"
"RICCIO8b","4","2","6"
"richard00001","3","3","6"
"Richardcosme1","4","2","6"
"richardholmes","3","3","6"
"RichardRapportIMCOL","4","2","6"
"richtungen","3","3","6"
"Rick_On","3","3","6"
"Ricky-Vermont","3","3","6"
"RickyCleopatra","2","4","6"
"rickyuraga","2","4","6"
"Rickywasayoungboy","3","3","6"
"rider3","4","2","6"
"RidhaanSisodiya","1","5","6"
"riego63","3","3","6"
"Rihu","3","3","6"
"rim1978","3","3","6"
"ringo9","2","4","6"
"ringosf","2","4","6"
"Rinimon","3","3","6"
"riogiabao","4","2","6"
"RIP-Mate","3","3","6"
"Rising_Predator","3","3","6"
"RisingCliff","3","3","6"
"RitaCalleja","3","3","6"
"Ritam91241","3","3","6"
"riteshsg","3","3","6"
"Ritm_Pobedi","3","3","6"
"RitvikAgarwal1","3","3","6"
"RIUsensei","4","2","6"
"riyansh202124","4","2","6"
"Riza66","2","4","6"
"RJ97","3","3","6"
"rjb246","2","4","6"
"Rjoacha","3","3","6"
"rk_09","4","2","6"
"RkhRus","2","4","6"
"Rkkkesharwani","3","3","6"
"rkrakib","4","2","6"
"rkscott","2","4","6"
"Rmb21","2","4","6"
"rmmh","3","3","6"
"rmps","3","3","6"
"rnalswo12","5","1","6"
"RNC","3","3","6"
"RnR4you","3","3","6"
"rnts5","3","3","6"
"Roar20","4","2","6"
"roastbeefachewood","2","4","6"
"Robb3nb4by","2","4","6"
"Robert112","3","3","6"
"Robert124","3","3","6"
"RobertFicher13","4","2","6"
"robertina04","4","2","6"
"Roberto7","3","3","6"
"robertorro","3","3","6"
"robinsonsson","3","3","6"
"robinvanpersie10","2","4","6"
"Roblochon","3","3","6"
"robo123456789","4","2","6"
"robotseon","3","3","6"
"RobSoN2003","4","2","6"
"RobStalker","3","3","6"
"robygrau","3","3","6"
"RoccatShark","4","2","6"
"rochaque","3","3","6"
"Rock0007","3","3","6"
"rockinjindagi","3","3","6"
"Rockitnick","3","3","6"
"RockKenji","4","2","6"
"Rocklatour","4","2","6"
"Rocksajin","2","4","6"
"ROCKY9920","3","3","6"
"rocosta","3","3","6"
"Rodderick","3","3","6"
"Rodek16","3","3","6"
"rodolfo_20","3","3","6"
"rodriand16","5","1","6"
"rodrigo_ef","4","2","6"
"rodrigotristany","3","3","6"
"Rodya_Bounty","4","2","6"
"roes69","3","3","6"
"roflcuct","3","3","6"
"ROFLMAOINMYSOUL","2","4","6"
"rogamer","3","3","6"
"RogerChaconRuiz","3","3","6"
"RogerioTavares","2","4","6"
"Rogerr2468","3","3","6"
"rogersf","2","4","6"
"Rohannn_012","3","3","6"
"ROHANSANGMA","2","4","6"
"rohitdawre","3","3","6"
"Rohitrajiv","3","3","6"
"Roi1508","3","3","6"
"Rokee1955","3","3","6"
"ROLANDINO54","3","3","6"
"rolandpa","2","4","6"
"Rom_in","4","2","6"
"roma_14_97","3","3","6"
"roma_atamanchuk","2","4","6"
"Roma_Schmid","4","2","6"
"Roma_Zakharchenko","3","3","6"
"romainv","4","2","6"
"Romakarate21","3","3","6"
"Roman_Prykhodko","3","3","6"
"roman_sibirsky","2","4","6"
"RomanBurakovsky","3","3","6"
"RomanChervak","3","3","6"
"RomaniaMiric","2","4","6"
"romantik46","5","1","6"
"romario_2011","3","3","6"
"romariocarneiro","4","2","6"
"RombachAuzonlover","2","4","6"
"Romeoeser75","4","2","6"
"romliashter","4","2","6"
"Romprim","3","3","6"
"romVsen","4","2","6"
"Ronaldmagnus","2","4","6"
"ronniak2","2","4","6"
"Ronnie99","3","3","6"
"rony2222","3","3","6"
"Rony9990","2","4","6"
"rook_the_cook","4","2","6"
"rookie10919","3","3","6"
"Rooklyn52","4","2","6"
"rooknroll08","3","3","6"
"rooknroll64","3","3","6"
"Room32r6","3","3","6"
"roomdeep","2","4","6"
"Ropro123","3","3","6"
"RosaAlejandraGuardia","2","4","6"
"Rose241156","3","3","6"
"rosherov","3","3","6"
"Roshin_Denis_72","3","3","6"
"rossanaa","4","2","6"
"rostamzz","3","3","6"
"RostislavB","3","3","6"
"roszadov","3","3","6"
"rotondo1001","3","3","6"
"RowdyHero135","3","3","6"
"rowshell","1","5","6"
"roxis755","3","3","6"
"Royal_Mat","2","4","6"
"Royceda7","3","3","6"
"royken","2","4","6"
"roystla","2","4","6"
"roystonluismyers","2","4","6"
"roza_robot","3","3","6"
"Rozafa17","3","3","6"
"RPGe","2","4","6"
"RPTRamiro","3","3","6"
"RQadafi","3","3","6"
"rrbcross","3","3","6"
"RRJD4163","3","3","6"
"RRohman","3","3","6"
"rroseselavie","3","3","6"
"rrrrrrrrrrryuhy","3","3","6"
"RRRuslan7750","4","2","6"
"RSergey","3","3","6"
"rsilvaleal","2","4","6"
"RTChan0650","3","3","6"
"Rtnbhoslepramod","1","5","6"
"rtns","2","4","6"
"rubankumar80","3","3","6"
"ruben_sol","3","3","6"
"rubin8232","3","3","6"
"RubixBeaver1","2","4","6"
"Rucrawfish","3","3","6"
"Rudijoglo","2","4","6"
"Rudik78","2","4","6"
"Rudinei04","2","4","6"
"rudolfa","3","3","6"
"Rudraksh_walekar","4","2","6"
"Rufus-Zuphall","3","3","6"
"ruggy15107","3","3","6"
"rukiyeesen","4","2","6"
"Rumple4skinne","1","5","6"
"Rumrunner","3","3","6"
"rundadar","4","2","6"
"RunfastTJZ","3","3","6"
"Runner14132","3","3","6"
"RunningVandal","3","3","6"
"Runrunofficiel91","3","3","6"
"rupalc1101","3","3","6"
"rupes3","3","3","6"
"Rus-13rus","3","3","6"
"rusich10","4","2","6"
"Ruslan_Sleptsov","3","3","6"
"ruslan8888","3","3","6"
"rusmawansaragih57","4","2","6"
"RUSNikolayRUS","3","3","6"
"RussiaZzz","3","3","6"
"russymaster","4","2","6"
"Rustam_1967","4","2","6"
"RuStAm40","3","3","6"
"Rustcohlenikov1","2","4","6"
"rusty_dust","3","3","6"
"ruzgarbaydar1H2017","3","3","6"
"ruzoba12","4","2","6"
"rvp2022","2","4","6"
"Rvs_1999","3","3","6"
"ryancapcap2016","3","3","6"
"Ryanmc1","3","3","6"
"RynnyR","4","2","6"
"rytir2001","3","3","6"
"Ryuzaakk","2","4","6"
"RZRGUY","3","3","6"
"rzsyhm23","3","3","6"
"s_komissar","4","2","6"
"s_r_player","3","3","6"
"S13ANDREYKA13","2","4","6"
"S1990Rom81","3","3","6"
"s6sector","3","3","6"
"sa-li","3","3","6"
"saaaaaaampegmn","2","4","6"
"saad-saad152","3","3","6"
"saadhero1","4","2","6"
"Saam7","3","3","6"
"saas_3","3","3","6"
"Sabdelazim","3","3","6"
"Saber-F-Golneshini","3","3","6"
"Sabirzyanov_Samat","3","3","6"
"Saboteurr","3","3","6"
"Sabrina_G","3","3","6"
"Sabrinamala","4","2","6"
"sabuj2015","2","4","6"
"Sabzah063","3","3","6"
"Sachin_Pujari01","3","3","6"
"sad893","3","3","6"
"sadanandmahajan","4","2","6"
"sadcomrade","4","2","6"
"saddamsgoldak","3","3","6"
"saddokhan","3","3","6"
"sadeghi-magid","3","3","6"
"sadok16","3","3","6"
"sadophobic","3","3","6"
"saeed1361","3","3","6"
"safet123","2","4","6"
"safexlie","3","3","6"
"safrane1","3","3","6"
"SAFWAN1900","3","3","6"
"Sagittarius_A0","4","2","6"
"sah_quel_bg","4","2","6"
"Sahad3377","4","2","6"
"sahan1102","3","3","6"
"Saharsh_Bindal","2","4","6"
"sahbaz2019","3","3","6"
"saheh2019","3","3","6"
"Sahinistan","3","3","6"
"SahMat_5","3","3","6"
"sahpasa","1","5","6"
"Sahracempion","3","3","6"
"Sahsok51","3","3","6"
"sahuri12","4","2","6"
"sahy31","3","3","6"
"sahygianlucca","4","2","6"
"SAHYTimofey","4","2","6"
"Saibun73","2","4","6"
"Said_Batyrov","2","4","6"
"saidabi","2","4","6"
"sailohithbussa","3","3","6"
"sain741","3","3","6"
"saintmarc","4","2","6"
"sajad6000","2","4","6"
"sajedesadatmousavi","4","2","6"
"sajjad_899","2","4","6"
"Sajugaya","3","3","6"
"SAJustinChen","3","3","6"
"sakibara","2","4","6"
"Sakunice","3","3","6"
"Sala68","3","3","6"
"Salahboody","4","2","6"
"salahflah","4","2","6"
"Salajet","3","3","6"
"salam_azmi","3","3","6"
"Salaoperatoria","3","3","6"
"salawda1992","3","3","6"
"salgochacko","2","4","6"
"sall063","4","2","6"
"SallehAsah","3","3","6"
"SalopianBlade43","3","3","6"
"saltogpepper","2","4","6"
"saltuk_by","3","3","6"
"Salud-70","3","3","6"
"SAM0793","3","3","6"
"sam16000","2","4","6"
"samad1616","4","2","6"
"samael18k","2","4","6"
"samaniko1971","3","3","6"
"SAMAR_BHATIA-AMITY","2","4","6"
"Samaraman","3","3","6"
"samehahmed2000","2","4","6"
"samehtawakel7","4","2","6"
"samenrique","4","2","6"
"samerhamed8","4","2","6"
"Samezero","3","3","6"
"Samgomes178","3","3","6"
"sami61","3","3","6"
"SamiChess90","3","3","6"
"samil2000-2023","2","4","6"
"samiman","5","1","6"
"samir09","3","3","6"
"Samir3jaj","3","3","6"
"SamKabri","3","3","6"
"Sammy209","3","3","6"
"SammyKING","2","4","6"
"Sammyyy66","3","3","6"
"SamSho","3","3","6"
"samubrise","3","3","6"
"Samuel_4","3","3","6"
"Samuel_Foster1","3","3","6"
"samuel_jr00","2","4","6"
"Samuel-06","3","3","6"
"samuel010mg77","3","3","6"
"Samug91","2","4","6"
"samurai61","2","4","6"
"Samurk1","3","3","6"
"samwell76","2","4","6"
"Samyan18","3","3","6"
"Sanchez300618","3","3","6"
"sandel","3","3","6"
"sandesh1975","3","3","6"
"Sandi21","3","3","6"
"Sandogambtost2137v2","2","4","6"
"sandro_1984","2","4","6"
"sandwitch23","2","4","6"
"SandyFrost","3","3","6"
"SANDZHI0356","4","2","6"
"sang-liBDH","4","2","6"
"Sangakhiangtemz","3","3","6"
"Sangar23","4","2","6"
"sangirau","4","2","6"
"sangui01","2","4","6"
"Sanidhyalohiya123","3","3","6"
"sanju_sensei","3","3","6"
"sanjyotchess","3","3","6"
"sannnek","3","3","6"
"Sano-69","3","3","6"
"sano63","3","3","6"
"sanspeurs","3","3","6"
"santasboyfriend","3","3","6"
"Santhosh_2009_2009","5","1","6"
"Santi-SSK676","3","3","6"
"SantiagoChong","3","3","6"
"Santiagoguzman132","3","3","6"
"santiari","2","4","6"
"Santivalemar","3","3","6"
"Santos148","2","4","6"
"Santos1974","3","3","6"
"Santosh_Kamble","3","3","6"
"SantoshGanga","2","4","6"
"Santtusu","3","3","6"
"SantYaga-AE","2","4","6"
"sanvika2","3","3","6"
"saod","3","3","6"
"sapaugh","4","2","6"
"Sapisodio","3","3","6"
"Sara_Vignesh","3","3","6"
"sarabun","3","3","6"
"Saradoudoune","4","2","6"
"Saraevmichail","3","3","6"
"Saran_NovakDjokovic","3","3","6"
"SaraninIvan","2","4","6"
"Saravanapriyan","2","4","6"
"Sardonation","3","3","6"
"Sardonicone","3","3","6"
"sargon-4ply","2","4","6"
"sarhan12","2","4","6"
"sasa1987","3","3","6"
"sasan_00","3","3","6"
"sasha_frolov","4","2","6"
"sasha-step","4","2","6"
"sasha1984i","4","2","6"
"sasha70","2","4","6"
"Sashatambov","3","3","6"
"SashulyaL","4","2","6"
"sasvidu09876","3","3","6"
"SathiInduwara","2","4","6"
"satoshinakamotooo","3","3","6"
"SATPAM","3","3","6"
"satranc01","2","4","6"
"SatriaPrakas","3","3","6"
"SATVIK_2016","3","3","6"
"satya9912","3","3","6"
"sav1di","4","2","6"
"sava_r","2","4","6"
"SavD-TSD","4","2","6"
"savedmessages","3","3","6"
"Saveliyfef","3","3","6"
"savirbaas","3","3","6"
"sawiko","3","3","6"
"SaxtonEngine","2","4","6"
"Sayajin-banguelo","4","2","6"
"sayannag23","2","4","6"
"SayedHaredy","4","2","6"
"sayfuone","2","4","6"
"Sayonora52","3","3","6"
"saytama-nc","3","3","6"
"sayyid-zuhair","3","3","6"
"Sazava79","3","3","6"
"SB470","3","3","6"
"Sbenckpssm","3","3","6"
"sbomher","3","3","6"
"sbrdbz","4","2","6"
"scaccolo72","3","3","6"
"scaccomatto2017","5","1","6"
"ScandinavianSage","3","3","6"
"scapullla","2","4","6"
"Scesny","3","3","6"
"sch1963","2","4","6"
"Schaakmat14","3","3","6"
"schaakpaard","2","4","6"
"Schach-7","4","2","6"
"Schachlusche","3","3","6"
"SchachMatsss","3","3","6"
"Scharsen","3","3","6"
"schavy","3","3","6"
"schess_ir","3","3","6"
"schmima","3","3","6"
"Schneewitchen","4","2","6"
"Schnu14","2","4","6"
"schorre123","3","3","6"
"schumiiii","4","2","6"
"Schutnik5","4","2","6"
"Schweppes54","3","3","6"
"sckms","3","3","6"
"sclerantus","4","2","6"
"Scorp7727","4","2","6"
"Scorpion579","3","3","6"
"ScottyVolcano","2","4","6"
"Scouser_lad","3","3","6"
"scoutant","3","3","6"
"scr2412","3","3","6"
"scrappydoo17","3","3","6"
"scrolly","3","3","6"
"sd8308","3","3","6"
"SDAD-YadielMunoz","4","2","6"
"sdey104_acbb","4","2","6"
"SDK_Chess","2","4","6"
"SDK28","2","4","6"
"sdovydo","4","2","6"
"SDSbro","3","3","6"
"SDSSACHCHITIII","1","5","6"
"se6ma","3","3","6"
"Seagull812","3","3","6"
"SeaMP","3","3","6"
"seanie83","2","4","6"
"SebachesS777","3","3","6"
"SebasCrak800","2","4","6"
"sebastianbluestar","3","3","6"
"sebbb02","3","3","6"
"sebcarlsson","3","3","6"
"SEBISEB51","3","3","6"
"SebRus","3","3","6"
"sebtaes","2","4","6"
"Secomaiden","3","3","6"
"Secondoftwo","4","2","6"
"SecondSax","4","2","6"
"secret_squirrelz","3","3","6"
"SEGEROV_INA","4","2","6"
"SEGPRO","4","2","6"
"Segundo_Antares","2","4","6"
"SegundoSan","3","3","6"
"sehAda","3","3","6"
"SEIFREID","2","4","6"
"seillier","4","2","6"
"seint","3","3","6"
"sejhaonan","3","3","6"
"sek888sek","3","3","6"
"Sektant57","3","3","6"
"selachus","3","3","6"
"SelamiUsta","4","2","6"
"seldon511","2","4","6"
"SelectiveYellow","3","3","6"
"Selim22ah","3","3","6"
"selk44","3","3","6"
"Sellihca07","2","4","6"
"Sem02032016","2","4","6"
"SemHay1","3","3","6"
"SEMIDAN","3","3","6"
"semisll","3","3","6"
"Semsy93","3","3","6"
"SemyonB","3","3","6"
"SenanZouheir","2","4","6"
"Senshi-50rus","4","2","6"
"sensitivekilla","3","3","6"
"sepehraliod","4","2","6"
"sepehrmoradisalavat","3","3","6"
"sepehrparsa76","3","3","6"
"Seppia-06","3","3","6"
"SER_KSN","3","3","6"
"SerafimSamarkin","2","4","6"
"seralv","2","4","6"
"SercanDogan19","3","3","6"
"SerDaven","3","3","6"
"Serega_27","4","2","6"
"serega-volga222","2","4","6"
"Serega63","3","3","6"
"Serg19721","3","3","6"
"serg4410","2","4","6"
"sergdima","4","2","6"
"Sergei-4","2","4","6"
"sergei47274","4","2","6"
"SergeiN25","4","2","6"
"Sergey_270183","4","2","6"
"Sergey_kolobus_1978","1","5","6"
"Sergey_Korolkoffsa","3","3","6"
"sergey_petrich","2","4","6"
"sergey050181","3","3","6"
"Sergey1810","2","4","6"
"Sergey19840606","3","3","6"
"Sergeyfichman","1","5","6"
"sergeyship","3","3","6"
"SergFok","3","3","6"
"SergheiGramovici","3","3","6"
"Sergi_Sole_04","4","2","6"
"sergikov92","3","3","6"
"Sergio-1999","4","2","6"
"sergioempa","4","2","6"
"Sergiy211982","3","3","6"
"SergoBas","2","4","6"
"SergoSnK","2","4","6"
"serhii177","4","2","6"
"SerhiiLazurko","3","3","6"
"serhio_orlando","2","4","6"
"SeRi0uS","4","2","6"
"seriousaccountzero","3","3","6"
"Serj_winner","3","3","6"
"serjlad","2","4","6"
"Seroavcii","3","3","6"
"Serog1sPerog1s","3","3","6"
"SerpentinaLopez","3","3","6"
"Serpompoy10","3","3","6"
"Serwan_10","3","3","6"
"sesahin00","3","3","6"
"SethTINS","3","3","6"
"sev-zero","2","4","6"
"sev2","3","3","6"
"seva1961","4","2","6"
"Sevandal01","3","3","6"
"SEVERIAN86","3","3","6"
"severicvakkum","3","3","6"
"sevinemor","3","3","6"
"Sevwnup04","4","2","6"
"sexinthecastle","3","3","6"
"seYden","2","4","6"
"Seyhahmedyasin","3","3","6"
"seymurhuseynli","4","2","6"
"seyranchess","3","3","6"
"seyysd","2","4","6"
"sezhiya","4","2","6"
"sford","3","3","6"
"SG9001","3","3","6"
"sgess","4","2","6"
"sgmus","2","4","6"
"sgpathak","3","3","6"
"SgtMcD","4","2","6"
"sgu-phd","2","4","6"
"shaaban11madkour","4","2","6"
"shaafka","3","3","6"
"shaantanu2410","2","4","6"
"Shabbir2700","3","3","6"
"shadad555","3","3","6"
"Shadanii","1","5","6"
"shadixxx","2","4","6"
"ShadoMun","3","3","6"
"shadowman54","3","3","6"
"Shaggy960","3","3","6"
"shaggzy","2","4","6"
"Shahodat","4","2","6"
"shaik-786","3","3","6"
"Shakhimardan","3","3","6"
"shakur4k","2","4","6"
"Shalabeiyo","4","2","6"
"shamam21","3","3","6"
"Shaman_17rus","3","3","6"
"shamlou","3","3","6"
"Shamoil_MCS","3","3","6"
"shanamoto","4","2","6"
"Shanmuksai123","3","3","6"
"Shannu9298","3","3","6"
"ShapeTheFuture","4","2","6"
"Shapiro831","2","4","6"
"SHaRaF777","2","4","6"
"Shardulendra","3","3","6"
"sharof04","3","3","6"
"SharovVladimir1961","4","2","6"
"Shashah98","3","3","6"
"Shashank1809","4","2","6"
"shashivishu","2","4","6"
"shatargat","3","3","6"
"shaterdlyk26","3","3","6"
"shatu999","3","3","6"
"ShauryaSunilTiwari","3","3","6"
"Shawiesh_fire","4","2","6"
"shaxmatist67","4","2","6"
"shaxXxmati228","5","1","6"
"Shayan_br","2","4","6"
"Shayann_k","3","3","6"
"Shaylushai","3","3","6"
"shbh54","2","4","6"
"Shchemelev","3","3","6"
"Shehab1289","3","3","6"
"sheiiiiiit","4","2","6"
"Sheky23x","2","4","6"
"ShellySholly","3","3","6"
"Shemes","2","4","6"
"shen0076","3","3","6"
"shen0088","3","3","6"
"Shen089","4","2","6"
"shenull","2","4","6"
"sherbiney","3","3","6"
"Shereef6563","3","3","6"
"Sherifov","5","1","6"
"SherkhanR","3","3","6"
"Shetu08","3","3","6"
"Sheva97","3","3","6"
"Shever","2","4","6"
"Shibobo22","4","2","6"
"shilanros2001","4","2","6"
"Shimon64","2","4","6"
"Shinojo","3","3","6"
"Shinu_0401","4","2","6"
"shisharma","4","2","6"
"shivam_1535","4","2","6"
"shivam333","4","2","6"
"shkumbin236","4","2","6"
"shloksharma21","3","3","6"
"shlosash","3","3","6"
"Shmuel1998","3","3","6"
"Shobhac","3","3","6"
"shoootin","3","3","6"
"shootnick_ops","4","2","6"
"shootyshoots","2","4","6"
"Shor123","3","3","6"
"Shoriy","3","3","6"
"shortez1","2","4","6"
"Shrekfanboy1","3","3","6"
"shresht93","3","3","6"
"ShreshtaNadakarni","2","4","6"
"Shreyansh402","2","4","6"
"Shreyas2709","3","3","6"
"ShreyuG","3","3","6"
"Shrike_Bombadil","3","3","6"
"shrtcrct","3","3","6"
"shsh2000","3","3","6"
"Shubham6716","3","3","6"
"Shunyboy","4","2","6"
"Shusty","3","3","6"
"Shx10t6","3","3","6"
"shyshkin_ievgenii","3","3","6"
"Shzzair","3","3","6"
"Siamak_1338","4","2","6"
"sianga002","4","2","6"
"siavash1390","3","3","6"
"sicetsimpliciter","4","2","6"
"Sicklebar","4","2","6"
"sidb18","3","3","6"
"Sidd0070","2","4","6"
"siddarthUS","3","3","6"
"siddharatha","2","4","6"
"siddharth8it","3","3","6"
"siddharthmarvania","2","4","6"
"SIDDU121212","3","3","6"
"sidduStriker","3","3","6"
"Sidharth017","3","3","6"
"sidharthabimanyu","3","3","6"
"Sienis","4","2","6"
"sifachogg","3","3","6"
"SIG5858","3","3","6"
"Sihrihelal","4","2","6"
"Siimz","2","4","6"
"Sikaz99","4","2","6"
"Silberio2020","3","3","6"
"SilvaSE","3","3","6"
"Silver_pegasus","3","3","6"
"simanm","3","3","6"
"simapp","3","3","6"
"Simbe1","3","3","6"
"simespana","2","4","6"
"SimG","2","4","6"
"Simmbbadd","4","2","6"
"simohamed1810","3","3","6"
"Simon_F_M","4","2","6"
"simonmazman","3","3","6"
"SimonZs","3","3","6"
"SimoPipatti","3","3","6"
"simosimosimo","3","3","6"
"SimpleLearner","3","3","6"
"simplexitor","3","3","6"
"simplicity32","4","2","6"
"sina5254","3","3","6"
"sincaoo","3","3","6"
"sincilantro","3","3","6"
"sindael","4","2","6"
"SingingM","3","3","6"
"singkaraklaweh","3","3","6"
"Sinhue","2","4","6"
"SinisterKhan","3","3","6"
"sinner86","3","3","6"
"Sir-Matesalot","3","3","6"
"Sirajku","3","3","6"
"Sirco24","3","3","6"
"sirhitman47","3","3","6"
"siripotter","4","2","6"
"Sirkahn","3","3","6"
"SirojiddinUzokov","3","3","6"
"sirokodaleko","3","3","6"
"SirOsisoftheLiver","3","3","6"
"sirsolo98","2","4","6"
"Sithal","4","2","6"
"SiuuNeoo","3","3","6"
"sivaprasad116","3","3","6"
"sivaprasath03","2","4","6"
"Siyalet","3","3","6"
"SK666","2","4","6"
"skalak","3","3","6"
"skg_1340","4","2","6"
"skhudyakov1","3","3","6"
"skipper16","3","3","6"
"SKiPSON12","2","4","6"
"skkeeper","2","4","6"
"skorogoworkin","3","3","6"
"Skrecords","2","4","6"
"Skumar69","4","2","6"
"skumarm","2","4","6"
"skuwidupapa","3","3","6"
"Skviil","3","3","6"
"SKY92","3","3","6"
"SkyCaptain123","3","3","6"
"SKYLARK_HER0","3","3","6"
"skyrase","3","3","6"
"skywalkerlardanrabia","3","3","6"
"skywawker","4","2","6"
"SlabiyTip","3","3","6"
"SLAS004","4","2","6"
"Slava37","2","4","6"
"Slavo73","4","2","6"
"slavo9","3","3","6"
"sldnk51","3","3","6"
"sledziu2","3","3","6"
"sletac","3","3","6"
"Slick226","3","3","6"
"slikar2206","3","3","6"
"slimpapi","3","3","6"
"slm35","4","2","6"
"slobodan110197","2","4","6"
"SlowCoolingOak","2","4","6"
"slownavan","2","4","6"
"SLT99","3","3","6"
"SLyLChess","3","3","6"
"slymue","3","3","6"
"Slyne","3","3","6"
"slyvos","3","3","6"
"smakhlopcheek","3","3","6"
"smallboy2","2","4","6"
"smartdhanvin","3","3","6"
"smarterthanfools","2","4","6"
"smbb7","3","3","6"
"smellville","3","3","6"
"smidtoll","3","3","6"
"smitch80","3","3","6"
"SMMsantiago","3","3","6"
"SmotheredByTheBishop","3","3","6"
"smrithi_suryaprakash","3","3","6"
"smrodek199","3","3","6"
"smt84","2","4","6"
"smurfypuer","3","3","6"
"Smyslov_citronelle","3","3","6"
"SnappDragon","3","3","6"
"sne_loser","3","3","6"
"snipermode","4","2","6"
"SNLchess","3","3","6"
"snpatel","3","3","6"
"snvpii_282","4","2","6"
"soanlolsun","2","4","6"
"sobhan8869","3","3","6"
"socamp","4","2","6"
"Socioaldeano","3","3","6"
"sofa01","3","3","6"
"Sofia_Pet","3","3","6"
"Sofiane1984","3","3","6"
"Sofiyichka","1","5","6"
"Sofyanchik","2","4","6"
"SOGEKiNG357","3","3","6"
"Sohaib-abusin","3","3","6"
"SohamheroG","3","3","6"
"sohi3654","3","3","6"
"sohrabs1402","4","2","6"
"Sok58","3","3","6"
"Solidgunn","4","2","6"
"SOLIINVICTO","2","4","6"
"soliman_attack","3","3","6"
"Solomia_8","2","4","6"
"soloRid","1","5","6"
"Sona2009","4","2","6"
"song58","2","4","6"
"sonic_kursad2014","3","3","6"
"sonic-trail","3","3","6"
"Sonjinwoo","2","4","6"
"Sonka75","4","2","6"
"sonkar195","3","3","6"
"Sonn-Don","4","2","6"
"sonson95","3","3","6"
"sood_rajan","2","4","6"
"Sooraju","4","2","6"
"SOPHQ","3","3","6"
"sorcery001","3","3","6"
"Sorci96","3","3","6"
"sori-7","3","3","6"
"sorincusmare","3","3","6"
"Sorochan","2","4","6"
"sosias","3","3","6"
"sosis_bakar","3","3","6"
"sosoboy10","3","3","6"
"sosurka","4","2","6"
"Souhardhya","3","3","6"
"SoulMundi","2","4","6"
"soumava","4","2","6"
"sounakr1099","3","3","6"
"sousarov","3","3","6"
"Souznic","4","2","6"
"SovetnikOxotnik","3","3","6"
"Soviiii","3","3","6"
"Sovixonix","3","3","6"
"SOWBARNIKASRI","2","4","6"
"SoyBalta","3","3","6"
"sozy_home","3","3","6"
"spa1ding","2","4","6"
"SpaceShield","3","3","6"
"spartakBQZ","2","4","6"
"Spartakiller1","4","2","6"
"Spasa0410","2","4","6"
"Spatinki","1","5","6"
"SPEasonfans","4","2","6"
"speedyxo","3","3","6"
"SpiceyRocket","3","3","6"
"spider_aarish111","3","3","6"
"Spiffynub","3","3","6"
"Spigel1","1","5","6"
"spikebf8","2","4","6"
"Spinoglaz","4","2","6"
"Spinoza0959","2","4","6"
"splosions117","3","3","6"
"spoilsport98","2","4","6"
"spokoystviyetikhayas","3","3","6"
"Spongebob_Klopapier","4","2","6"
"spotorosyan","3","3","6"
"Spryzen_Rey","3","3","6"
"sptellear","3","3","6"
"SptkusTheKid","3","3","6"
"Sq1vn","3","3","6"
"squadleaderced","4","2","6"
"SquatBoi","3","3","6"
"SquidBroKwo","3","3","6"
"Sr_Galahad","3","3","6"
"SrbjitSingh","2","4","6"
"sredisnjica","3","3","6"
"sree5","3","3","6"
"Sreedhar06","2","4","6"
"sreejithktchl","3","3","6"
"Sreerag007","2","4","6"
"SRetro","3","3","6"
"sridharv13","3","3","6"
"Sriharsha13","4","2","6"
"Srijayanth1212","3","3","6"
"Srishti_Dev","2","4","6"
"srtag","4","2","6"
"sruizlop","4","2","6"
"srushtianndu","4","2","6"
"SS11_me","4","2","6"
"ss7gowda","3","3","6"
"Ssamior","2","4","6"
"ssechwes","3","3","6"
"sserafino","4","2","6"
"Sshake_x","5","1","6"
"sshandilya","2","4","6"
"ssowbharniha2012","4","2","6"
"ssrazin","2","4","6"
"SSS2520","3","3","6"
"SSSchessplayer","4","2","6"
"ssspenneti","3","3","6"
"SSTFU","5","1","6"
"Sstopal","3","3","6"
"st_an_7","3","3","6"
"St1let1","3","3","6"
"St3rling","3","3","6"
"staafoo","3","3","6"
"staker0_0","3","3","6"
"stakhovsergey","2","4","6"
"STAL1N09","3","3","6"
"stanchokolichev67","3","3","6"
"stancia","4","2","6"
"stando3","3","3","6"
"stangio","3","3","6"
"stanislaf","2","4","6"
"stanleyrun","2","4","6"
"starchessss","4","2","6"
"Stardust2077","3","3","6"
"starflash369","3","3","6"
"starostaaa","3","3","6"
"Stas2207","3","3","6"
"stas25","3","3","6"
"Stasiu_pio2014","3","3","6"
"statnic","3","3","6"
"STCheckmate","3","3","6"
"steamingbrewer","3","3","6"
"steeze_vandal","4","2","6"
"Stef9998","2","4","6"
"stefandospinescu","3","3","6"
"StefanGER","3","3","6"
"Stefanjoerg","3","3","6"
"stefanSB","2","4","6"
"SteinerRuedi","4","2","6"
"Stepangri","4","2","6"
"Stephb88","4","2","6"
"Stephen_LIGHT","3","3","6"
"stephilokok","2","4","6"
"stepsister228","4","2","6"
"Steriks","4","2","6"
"Sternschnuppenschach","4","2","6"
"Stesmo97","3","3","6"
"Steve125","3","3","6"
"SteveCouture","3","3","6"
"Stevenson7821","1","5","6"
"sthex","4","2","6"
"stieng-chess","4","2","6"
"stigovia","4","2","6"
"Stimsim","3","3","6"
"STIV58","4","2","6"
"Stivenzhang","2","4","6"
"Stockfish_90","3","3","6"
"stockfish_level4","4","2","6"
"StoicWarrior93","3","3","6"
"stoikot","3","3","6"
"stoliks","2","4","6"
"Stoneham55","5","1","6"
"stonfield","3","3","6"
"stophe00","2","4","6"
"Storm2000","4","2","6"
"Storm420420","4","2","6"
"storm42geoi","5","1","6"
"stosem","3","3","6"
"Stranger_0546","3","3","6"
"Strannik_15","2","4","6"
"Strashny","3","3","6"
"strausza","3","3","6"
"Strbo","3","3","6"
"Strephil","3","3","6"
"Strewelker","2","4","6"
"Strom282","3","3","6"
"Strongboat","3","3","6"
"strongyucel","3","3","6"
"sttudent2007","3","3","6"
"Studddd","4","2","6"
"StXaos","2","4","6"
"Style1994","4","2","6"
"Subbot-a","2","4","6"
"subhashbylaiah","2","4","6"
"SubhasisSanyal021103","3","3","6"
"subos","3","3","6"
"subramaniv76","3","3","6"
"Subryan","3","3","6"
"Success4All","3","3","6"
"SucNasty","3","3","6"
"SUDABK","3","3","6"
"sudamudaipur","3","3","6"
"SUDESHNAPAL","2","4","6"
"sudhakarapai1980","3","3","6"
"sudhans189","4","2","6"
"sudhanshuhichkad","3","3","6"
"Sudhanvahv","3","3","6"
"SUDHEECHESS","3","3","6"
"SudoSudo","3","3","6"
"Sufian_11","4","2","6"
"SugarKane666","2","4","6"
"Sugggs","3","3","6"
"sugik5474","3","3","6"
"SuhaanThePrince","3","3","6"
"suheal","3","3","6"
"sukrija00","2","4","6"
"suleyman2014Svezir","3","3","6"
"suleyman929","3","3","6"
"sumamony","2","4","6"
"SUMESH321","3","3","6"
"sundarrajm","3","3","6"
"sunder2002","3","3","6"
"sundunexzy","2","4","6"
"sunflowerrrr","3","3","6"
"sunil5767","2","4","6"
"suniljose-007","2","4","6"
"Sunkiou30","4","2","6"
"sunnysoods","2","4","6"
"sunyata98","3","3","6"
"super_elihu","3","3","6"
"super_Sveta","3","3","6"
"SuperBlitZZZ","3","3","6"
"supercancel3","4","2","6"
"superchang96","2","4","6"
"superfluity","4","2","6"
"Superkelil","3","3","6"
"Superlespaupiettes","3","3","6"
"superlite17b","3","3","6"
"Supernovachess64","3","3","6"
"superrapide","3","3","6"
"SuperTolu","3","3","6"
"suphi62","3","3","6"
"SureshRaina48","3","3","6"
"surfer7","3","3","6"
"Suria_Selvarajoo","1","5","6"
"surya_2498","4","2","6"
"SuryaanshBansal","2","4","6"
"Suryanshshukla132","3","3","6"
"sushilmanwar","3","3","6"
"suszter","2","4","6"
"suv49","2","4","6"
"suvodeep123","3","3","6"
"Suyash_1_proboi","3","3","6"
"suzhiguang","2","4","6"
"svalsval","3","3","6"
"Svarrg","3","3","6"
"Svavild","3","3","6"
"svbaregar","3","3","6"
"Sven0x14","4","2","6"
"SvenFuchs","3","3","6"
"svenmvl","3","3","6"
"Sveta1998","4","2","6"
"sVinoreZ2022","4","2","6"
"svintus34","3","3","6"
"svirelsp","4","2","6"
"sw1100","2","4","6"
"Sw1ck","2","4","6"
"Sw2ms","3","3","6"
"Swaaran13","3","3","6"
"SwagMasterDoritos","3","3","6"
"swapnilpatil519","4","2","6"
"swaradanta","4","2","6"
"Swastik_Nagrikar","3","3","6"
"sweeney82","2","4","6"
"sweetpain1","3","3","6"
"Swegpants","3","3","6"
"swepenra","3","3","6"
"swiftprison","3","3","6"
"SWL81","3","3","6"
"SWmongal","5","1","6"
"SwordMasterEC","2","4","6"
"swordslayer12345","3","3","6"
"Syabonga1","3","3","6"
"SyakirZar","3","3","6"
"SydB","2","4","6"
"syed_ajwad","4","2","6"
"syedmuneer","3","3","6"
"Syfer_VL","3","3","6"
"SylerHaker","2","4","6"
"sylj","4","2","6"
"SYLV082","2","4","6"
"sylvain-fra65","3","3","6"
"sylvainp","3","3","6"
"symmet","4","2","6"
"syrian97","4","2","6"
"sysean1218","2","4","6"
"sza055","2","4","6"
"Szajmonjozska","3","3","6"
"SZAM","4","2","6"
"Szklanymat53","3","3","6"
"Szpadyzor","2","4","6"
"Szymon_w_Sieci","4","2","6"
"T_is_for_bruh","3","3","6"
"T-Gergo","3","3","6"
"T0814S","3","3","6"
"T0m_Berger","4","2","6"
"t10x","3","3","6"
"t12345678h","3","3","6"
"t1a2n3","3","3","6"
"T1LuckyRou","3","3","6"
"T2712","4","2","6"
"Tabaki2023","3","3","6"
"taboali16","2","4","6"
"tachyo9","4","2","6"
"tadalafil","2","4","6"
"tadeo114","3","3","6"
"Tadomtf","3","3","6"
"Taeban","1","5","6"
"tagboy","4","2","6"
"Tagfahrlicht","4","2","6"
"Taha_x","3","3","6"
"Taha-hoggt","4","2","6"
"Taha13920808","3","3","6"
"TahaAlasri","3","3","6"
"Taher_mohamed833","4","2","6"
"taher111111","2","4","6"
"taherasiabi","3","3","6"
"taheri555","3","3","6"
"tahmoores19","5","1","6"
"Taiako","3","3","6"
"Taiebounis","4","2","6"
"Taiyakigoodtoeat","2","4","6"
"TAJBO4","3","3","6"
"takizavaspillurblood","4","2","6"
"taksoton","2","4","6"
"Tal-1959","3","3","6"
"Tal-Rudolfo","3","3","6"
"tal1027","4","2","6"
"Talcachile","3","3","6"
"TalgatA70","3","3","6"
"Talha963","4","2","6"
"taliesin29","3","3","6"
"talleyrand01","3","3","6"
"Tallouch","2","4","6"
"tallpol","3","3","6"
"talstylechess108","3","3","6"
"tama71","4","2","6"
"tamba_limbong","4","2","6"
"Tameradham","3","3","6"
"TamerlanEG","3","3","6"
"TAMIL0809","3","3","6"
"TamilTornado","3","3","6"
"TamirErez444","3","3","6"
"Tanakala2011","4","2","6"
"tancul_financiar","3","3","6"
"tanerbey08","3","3","6"
"Tanish8813","3","3","6"
"tanquee","2","4","6"
"Tantrum3","3","3","6"
"Tanveer_Saha","3","3","6"
"tanvirmim","3","3","6"
"TapSydMasawi","2","4","6"
"Tara-ua","3","3","6"
"Tarakanbeztapka20014","4","2","6"
"Tarek198","4","2","6"
"Tarekfr","3","3","6"
"taretsuke2nd","3","3","6"
"Targino1001","4","2","6"
"tari4000","4","2","6"
"Tarkshia","4","2","6"
"Tarrouq66","2","4","6"
"Tarwanikirat","4","2","6"
"tashi-mi-yo-ni","4","2","6"
"tashrai","3","3","6"
"tasoself","4","2","6"
"Tataluk","4","2","6"
"TatevHovhannisyan","2","4","6"
"Tatyana12","4","2","6"
"taulmachof","3","3","6"
"tawfikamory","3","3","6"
"tayem2","3","3","6"
"Taylannn06","3","3","6"
"tayoh1ka","3","3","6"
"tb20221","3","3","6"
"TBA1041_aqil","2","4","6"
"Tbiliskii7","4","2","6"
"tcdnm","4","2","6"
"TdCem","3","3","6"
"Teacher_Miguel","3","3","6"
"Teacher4","1","5","6"
"teacherthetrainer","3","3","6"
"teas999","2","4","6"
"Tebibu","5","1","6"
"tebmolok","3","3","6"
"tedlassobr","3","3","6"
"Tedstep","4","2","6"
"Teija-Abigail","3","3","6"
"Tejas122","4","2","6"
"tejasmanojkalal","3","3","6"
"tejassole17","2","4","6"
"Tejassvinee","4","2","6"
"Tejdeep_Reddy","3","3","6"
"tekmissa","5","1","6"
"Teletubi13","1","5","6"
"telomoyo","4","2","6"
"telpron","2","4","6"
"Temerik88","4","2","6"
"Temmi44","4","2","6"
"Temo65","2","4","6"
"Tempomini","3","3","6"
"TEmre7","3","3","6"
"Temur1211","3","3","6"
"TennysonJ10","3","3","6"
"Tenshi_Ayaa","3","3","6"
"TEOCRIS","2","4","6"
"TerryEastTexas","3","3","6"
"teruzor","3","3","6"
"testrun","3","3","6"
"tetel","2","4","6"
"TevinYegon","4","2","6"
"TexMexx","4","2","6"
"Tey7_ao","3","3","6"
"TFCMKN","2","4","6"
"tgas","4","2","6"
"TGF_chess","5","1","6"
"tgh1025","3","3","6"
"tgte","3","3","6"
"Thaelle","3","3","6"
"ThAgamemnon","3","3","6"
"thalassery-1","3","3","6"
"tHaMiLiNbAn","4","2","6"
"thanhsky","4","2","6"
"thanos_adolfus","2","4","6"
"Thanya_koppula","3","3","6"
"ThatEpicDude","3","3","6"
"the_doomsday","3","3","6"
"The_Drunken_Bishop","3","3","6"
"The_Mehwet","3","3","6"
"The_Mob_Slayer","3","3","6"
"The_Philosopher1","4","2","6"
"The_Rickster87","3","3","6"
"the_salian","3","3","6"
"the2000mj","3","3","6"
"The4thIvan","3","3","6"
"TheBestAtChessYes","3","3","6"
"THEBESTINSOUTHWEST","3","3","6"
"thebigmarbles","3","3","6"
"thebigpawnee","3","3","6"
"thebuje","3","3","6"
"TheCode0612","2","4","6"
"TheCowboyFromSpace","2","4","6"
"THEELEGEND45","2","4","6"
"TheEngiine","4","2","6"
"TheerthaMano","3","3","6"
"thefallenkinge1","2","4","6"
"thefatherdav","3","3","6"
"TheGrandGarchomp445","4","2","6"
"theguiguitarist","3","3","6"
"TheItalianShark","3","3","6"
"TheJaySecond","3","3","6"
"TheKasra69","2","4","6"
"TheKiryl","3","3","6"
"TheLegend_27_K","2","4","6"
"thelewdpiglet","3","3","6"
"thelobbybox","2","4","6"
"thelocos","2","4","6"
"thematrixxx","3","3","6"
"thememechess1","4","2","6"
"TheMonreal","2","4","6"
"themostar","3","3","6"
"thenayancat","3","3","6"
"thenkavi2016","2","4","6"
"Thenofapper","5","1","6"
"TheNoOBboT","3","3","6"
"TheOdiss","3","3","6"
"TheodoreSeville","5","1","6"
"TheOgOgOg","4","2","6"
"TheOnePope","4","2","6"
"theonpuppeteer","3","3","6"
"ThePawnTrader","3","3","6"
"theplaymaker22","2","4","6"
"Thepoet26","3","3","6"
"TheRealDealBTCH","3","3","6"
"therealfanta","3","3","6"
"therg69","4","2","6"
"thesaint88","3","3","6"
"TheSheildHero","3","3","6"
"thesifatkhan","3","3","6"
"TheTeddi","3","3","6"
"TheTrickster42","4","2","6"
"thexyz","3","3","6"
"thiagofutdantas","4","2","6"
"thiagomerc666","4","2","6"
"thiagozerbino","3","3","6"
"ThiBH","3","3","6"
"thibmit","3","3","6"
"thirsty_scholar","3","3","6"
"this_game","2","4","6"
"Thiven-lonitha","2","4","6"
"thomajor","3","3","6"
"thomasboujat","3","3","6"
"ThomasFGER","3","3","6"
"thomaskanjickal","2","4","6"
"thomasr","3","3","6"
"thomassr81","3","3","6"
"Thomdetroy","3","3","6"
"thomet","3","3","6"
"thoniedlc","4","2","6"
"thor7um","2","4","6"
"thorfjalar","3","3","6"
"thornheart","2","4","6"
"THORPHEH","4","2","6"
"threesome3","4","2","6"
"thudnerhwak","4","2","6"
"Thugg_B","3","3","6"
"Thumbstoner22","4","2","6"
"Thuo1","4","2","6"
"tiancaixiaodai","2","4","6"
"tianping2011104","3","3","6"
"tiantongtty","2","4","6"
"TIBURONCHILENO","3","3","6"
"Ticu_Don","3","3","6"
"tigibus49","3","3","6"
"Tigrandar27","3","3","6"
"Tigreg","3","3","6"
"tikhuvajeer","2","4","6"
"TikiLounge","3","3","6"
"Tikok97427","4","2","6"
"Tikshan","1","5","6"
"tiku21","2","4","6"
"Tilal365","3","3","6"
"Timaks","3","3","6"
"TimaVdovych","3","3","6"
"timbovelander","3","3","6"
"timbundy","3","3","6"
"timchomeschev","3","3","6"
"TimHB","4","2","6"
"TimHolland","2","4","6"
"Timi_K","3","3","6"
"TimJones72","3","3","6"
"timlote","4","2","6"
"TimmyPraise","3","3","6"
"timoanviriah","2","4","6"
"Timofey_2016","3","3","6"
"Timosha22092012","3","3","6"
"Timozer","4","2","6"
"TimUKRAINE-FRANCE","3","3","6"
"timur_13","3","3","6"
"Timur-Tsugalov","1","5","6"
"Timur1994","4","2","6"
"TimurRA","3","3","6"
"Timyr1986","3","3","6"
"tincanman8","4","2","6"
"tinezyo","4","2","6"
"tinkeral","4","2","6"
"tinn","2","4","6"
"TioNacho1997","2","4","6"
"tippytapz","3","3","6"
"Tirrrr","3","3","6"
"Titano79","3","3","6"
"Titus91","4","2","6"
"tituspen","3","3","6"
"Tiwa17","3","3","6"
"tizianoperro","3","3","6"
"TIZITI","3","3","6"
"TJARENO1","3","3","6"
"tjmcaleer","3","3","6"
"TK1903","3","3","6"
"tkhands","4","2","6"
"tkisfalu","4","2","6"
"TKP13","4","2","6"
"TLDR0","3","3","6"
"tluv12","2","4","6"
"tm-b","3","3","6"
"TMapsy1245","2","4","6"
"tmi601","2","4","6"
"tmOVIO","3","3","6"
"TN2013","3","3","6"
"TNCDongQuangBinh2014","3","3","6"
"tnewt405","3","3","6"
"Toaoddg","3","3","6"
"toasty13","2","4","6"
"tobalin","3","3","6"
"Tobsta79","3","3","6"
"Tocomocho","2","4","6"
"TocTep","3","3","6"
"ToddyEdward","3","3","6"
"Toeb","2","4","6"
"Tofiq88","3","3","6"
"Togohur","3","3","6"
"tohad47","3","3","6"
"TokMaster","3","3","6"
"Tolik19391945","2","4","6"
"toly1996","4","2","6"
"Toly73_12-02Ch","4","2","6"
"Tom9999","2","4","6"
"Tomari","2","4","6"
"tomaszorondo","3","3","6"
"tomcat31","3","3","6"
"tomfer333villa","3","3","6"
"tomgru13","3","3","6"
"tomi74","3","3","6"
"Toml1009","3","3","6"
"tommayy","4","2","6"
"TommKu","4","2","6"
"Tommychess78","2","4","6"
"TommyWalker","3","3","6"
"tomniki","3","3","6"
"Tomy45675","3","3","6"
"tondadaniel","3","3","6"
"Toni_Ailton","3","3","6"
"TonieAna","4","2","6"
"tonnyfranca","3","3","6"
"Tony0704","2","4","6"
"tony2step","3","3","6"
"tony782","3","3","6"
"tonymontanajr","3","3","6"
"Tonyukk","3","3","6"
"tonyxc600","3","3","6"
"toohue4you","3","3","6"
"Topalee","3","3","6"
"toprak1212","3","3","6"
"tor007","3","3","6"
"torbela","3","3","6"
"Torensen","3","3","6"
"torkien3110","2","4","6"
"TORLOF0525","4","2","6"
"tornad0911","4","2","6"
"tornije","3","3","6"
"toro59","3","3","6"
"torreslfc","3","3","6"
"Torsida24","3","3","6"
"tortini89","3","3","6"
"Torukmakto91","3","3","6"
"ToSeeBehindWalls","3","3","6"
"toso76","3","3","6"
"tostbe","2","4","6"
"tothemoonbaby","3","3","6"
"Totopierrot","2","4","6"
"touchouss","3","3","6"
"toutoutou","3","3","6"
"ToWeRSnOw","3","3","6"
"Towshooshdee123","4","2","6"
"Tr1ni","4","2","6"
"Tr1te","4","2","6"
"TradegodZ","4","2","6"
"Traffic233","4","2","6"
"Trainer_Gsaucer","3","3","6"
"traintcket","2","4","6"
"trajan64","3","3","6"
"TraktorOk","4","2","6"
"trambambul","3","3","6"
"Transporter7506","3","3","6"
"trantrongphu","2","4","6"
"tranvesty","3","3","6"
"Traveling_Monk","3","3","6"
"TRDSG","3","3","6"
"treaway","2","4","6"
"trebors88","4","2","6"
"treecutter","3","3","6"
"TRENER_1","3","3","6"
"Trex44","4","2","6"
"Treycosan","5","1","6"
"Tribeline","3","3","6"
"trimalchione00","3","3","6"
"Tristan-Tomas","3","3","6"
"tritoniacorp","4","2","6"
"TRMartial","3","3","6"
"Trozanmahendra","3","3","6"
"TrungTiger","3","3","6"
"tRuszniak","3","3","6"
"Tryeron","3","3","6"
"tsangbadoetz","3","3","6"
"TsAr_Keep3r","2","4","6"
"tsegaethiopia","3","3","6"
"tsg777","4","2","6"
"Tshilisano5455","3","3","6"
"tsiko","3","3","6"
"tsonami11","2","4","6"
"TSvM777","2","4","6"
"TT211","3","3","6"
"ttemiresh","3","3","6"
"ttraviskanee","3","3","6"
"tturkkani","4","2","6"
"TubyMatthew","3","3","6"
"tuffasrock","3","3","6"
"Tufir","3","3","6"
"tugcanistim","4","2","6"
"Tukkad","4","2","6"
"Tumannik","3","3","6"
"TumHuk","3","3","6"
"tummle","3","3","6"
"TunderstandsT","3","3","6"
"Turbo_classic","2","4","6"
"TURBOGERMAN","3","3","6"
"turdalievmr","3","3","6"
"TuriALBANIA","3","3","6"
"turikimaru","4","2","6"
"turk_soil","3","3","6"
"turnaround","3","3","6"
"Turnvater55","2","4","6"
"turo999","3","3","6"
"Turquoise_Cove","3","3","6"
"TurtleSpecial","3","3","6"
"Tushkan1982","3","3","6"
"Tutiluren","2","4","6"
"TuttiFruityBooty","3","3","6"
"tututue","3","3","6"
"tver_zver","3","3","6"
"Tweschke1","2","4","6"
"TwilightDream","3","3","6"
"TwoInTheBush","3","3","6"
"Tx0015","3","3","6"
"Txika","3","3","6"
"Tyddy","3","3","6"
"tygs_4","4","2","6"
"tyler2020","3","3","6"
"TYmaru","2","4","6"
"tymostaal99","4","2","6"
"Tympon","3","3","6"
"tyndale","4","2","6"
"Tyobrcid93nsm","3","3","6"
"Tyrakae","4","2","6"
"tyrbodemon","2","4","6"
"tyrfing52","5","1","6"
"u10o","2","4","6"
"uasloboda","2","4","6"
"uave_11","3","3","6"
"ubiicasanzhizhapova","4","2","6"
"Ucef_loay","3","3","6"
"UchenikCharodeya","3","3","6"
"UCHIHA_SASKEH","3","3","6"
"UFOLOGIST","3","3","6"
"UglyDuckling2004","3","3","6"
"ujjwalsinggg","3","3","6"
"uktamsaparov","3","3","6"
"Uktinec","3","3","6"
"ulatbulu789","3","3","6"
"ullascs","2","4","6"
"UltaHitCombo","3","3","6"
"Ulvi_Samadzade","3","3","6"
"Ulvi8","3","3","6"
"Umar_Okhunov","2","4","6"
"UmaVijay19","4","2","6"
"umesh0001","2","4","6"
"Umudzm1","3","3","6"
"UmuntuMutwe17","3","3","6"
"UmutEgenin","3","3","6"
"UnbeBear","2","4","6"
"unchemyst","2","4","6"
"unclebreakfast","3","3","6"
"UncleRhum","2","4","6"
"Underachiever18","3","3","6"
"underdavidoff","3","3","6"
"Underminer","2","4","6"
"Undertaker2052","2","4","6"
"UNFISTING","2","4","6"
"Unle","2","4","6"
"unstableatbest","4","2","6"
"UnsUwe123","4","2","6"
"uoemirorzan","4","2","6"
"UrazAK1D","3","3","6"
"urboidesha","2","4","6"
"URecknagel","4","2","6"
"Urfin_Juse","3","3","6"
"Uros205","2","4","6"
"Ursene_lapin_1979","3","3","6"
"urule99","2","4","6"
"UsagiBlunder","3","3","6"
"Usamaashor","3","3","6"
"UsamaKinG","2","4","6"
"Usan88","2","4","6"
"useeen","4","2","6"
"usep_supiadin","2","4","6"
"User5395","2","4","6"
"username12345oi","3","3","6"
"Uslu17","4","2","6"
"Ut087","2","4","6"
"Utsamogli","4","2","6"
"uuriintsolmon07342","1","5","6"
"uvat-64","2","4","6"
"UwishUcouldBeatM3","3","3","6"
"Uyrumcarh367","3","3","6"
"UzhaninPP","4","2","6"
"uzlovaya","4","2","6"
"v_vera","3","3","6"
"V_VinnEro","3","3","6"
"V0l0S","3","3","6"
"V1123581321V_V","2","4","6"
"v1kt03","3","3","6"
"v24","4","2","6"
"VAA2030","3","3","6"
"vaclav123","3","3","6"
"Vadim_vv","4","2","6"
"Vadim2705","3","3","6"
"VadimSafonov","4","2","6"
"VadimVits","3","3","6"
"Vadym13","2","4","6"
"VadymEvgenievich","3","3","6"
"Vah_Medoh_20","2","4","6"
"Vahaj-Bin-Tariq","3","3","6"
"vahiiddd","3","3","6"
"vaht_M","2","4","6"
"Vainu21","3","3","6"
"vairuuus","4","2","6"
"VaishnaviJai","3","3","6"
"VaishnaviSoni","1","5","6"
"Vajose","2","4","6"
"VALANTHUA","2","4","6"
"valars","5","1","6"
"vale308","2","4","6"
"valenokx","3","3","6"
"Valentina_Isabel","3","3","6"
"ValentinoMerc-SC-AQP","3","3","6"
"Valentyn16397","4","2","6"
"Valera281976","3","3","6"
"valera31","2","4","6"
"valeriavaleska","2","4","6"
"Valerie20011953","3","3","6"
"Valerij_Vast","3","3","6"
"ValeriyS22","3","3","6"
"Valete-de-Copas","2","4","6"
"valficevirin","3","3","6"
"Valiamba","3","3","6"
"VALJEAN5","3","3","6"
"ValkaHas","4","2","6"
"valsheznik","3","3","6"
"Vamsi4797","3","3","6"
"vanander","3","3","6"
"Vandox","3","3","6"
"VaniLb","3","3","6"
"Vanknorring","2","4","6"
"Vanril","3","3","6"
"vanshartist4577","3","3","6"
"vanshhumain","2","4","6"
"vanya_pupkin","3","3","6"
"Vanya-91","4","2","6"
"Vardaannayyar","4","2","6"
"vardan66","2","4","6"
"varuns84","3","3","6"
"VasaRecta","2","4","6"
"Vasil-gyurdiev","3","3","6"
"vasili_snr","2","4","6"
"Vasiukov18","2","4","6"
"vassad1313","4","2","6"
"Vatzkic","3","3","6"
"vaulty","3","3","6"
"vavan04","2","4","6"
"vb_21","5","1","6"
"vcuti28","2","4","6"
"Vcvega","3","3","6"
"VDumbledore","4","2","6"
"vdyaram","3","3","6"
"Vedant11bunny","3","3","6"
"vedbyas","2","4","6"
"vegasmark28","2","4","6"
"Vejxsn","3","3","6"
"vek512","3","3","6"
"Vektoreinhorn","3","3","6"
"veljko1","3","3","6"
"Velov007","3","3","6"
"velugotiv","3","3","6"
"velvetvalent","3","3","6"
"VenariStrigas","4","2","6"
"vendelisk","3","3","6"
"Vener1937","3","3","6"
"vengeance2","3","3","6"
"ventura_nolan","2","4","6"
"Vera-26-Rogozina","3","3","6"
"Vera0202_Gus","3","3","6"
"vera1956","3","3","6"
"veritom","3","3","6"
"Veronica160516","3","3","6"
"verricu","3","3","6"
"very-seo83","2","4","6"
"veryChesS5","3","3","6"
"VeryRudePerson","3","3","6"
"vesivo","3","3","6"
"vesper32","2","4","6"
"Vetal1978","3","3","6"
"Vetbolworst","2","4","6"
"Vezer94","3","3","6"
"Vezirmove","3","3","6"
"Vfrcbvec1994","2","4","6"
"vhsbabo","3","3","6"
"Viada","4","2","6"
"Vibster73","2","4","6"
"Vicas1316","4","2","6"
"vicenchessamigov","3","3","6"
"Vick_Lover","3","3","6"
"vickiek23","4","2","6"
"Victor_Nigel","3","3","6"
"Victor137","3","3","6"
"victoriglesias15","3","3","6"
"victorsol","3","3","6"
"VictorvanderKloet","3","3","6"
"Vidhata2009","3","3","6"
"vidhyuth11","4","2","6"
"Vielinho","4","2","6"
"vifrim","3","3","6"
"Vighot","3","3","6"
"VihaanMCS","3","3","6"
"Vihanbabaei","2","4","6"
"Vijay_1985","2","4","6"
"vijayvardhan6","4","2","6"
"Vika8112012","3","3","6"
"Vikas9110","4","2","6"
"Vikhannover","2","4","6"
"VikJav","3","3","6"
"viks22","4","2","6"
"Viktor_V_10","3","3","6"
"viktor19572957","2","4","6"
"viktorkolonic","3","3","6"
"vikuniia","4","2","6"
"vilhelmfl","2","4","6"
"Vilik1960","5","1","6"
"Viliorsk","3","3","6"
"villian4real","3","3","6"
"ViNAyachandra","3","3","6"
"Vincent071420","3","3","6"
"Vincent1973","3","3","6"
"VINCENZO2000","3","3","6"
"Vincha_Flavio","2","4","6"
"vinicios_silva","3","3","6"
"Vinipaulin","4","2","6"
"Vinit-kumar2","2","4","6"
"Vinko912","4","2","6"
"vinodkbalakrishnan","1","5","6"
"Vinsoy12","3","3","6"
"Viola2112","3","3","6"
"violajoe","4","2","6"
"Viperfangs","2","4","6"
"viperro","4","2","6"
"virajc89","3","3","6"
"Virat_Yogesh","3","3","6"
"virus2495","2","4","6"
"Viruzzz77","3","3","6"
"VISAELEKTRON","3","3","6"
"Visarian_01","4","2","6"
"vishagan2010","2","4","6"
"vishnu_mv","3","3","6"
"Vit1008","3","3","6"
"Vital123_67F-8","4","2","6"
"VITALASSET","2","4","6"
"vitalijww","3","3","6"
"Vitaliy_Kazakevich","3","3","6"
"VitaliyBelikov6795","2","4","6"
"VitalT18","3","3","6"
"Vitaly_Grachev","3","3","6"
"vitdeus","2","4","6"
"VitFom","3","3","6"
"vitokoloko","3","3","6"
"Vitts","4","2","6"
"Vitya_Dyach","3","3","6"
"Vityya","2","4","6"
"viv85","3","3","6"
"vivaansikarwar","3","3","6"
"VivaanVDebnath2023","3","3","6"
"vivekjess82","4","2","6"
"viviboy","3","3","6"
"ViZarI","3","3","6"
"vkalov","3","3","6"
"VKChinnachamy","2","4","6"
"Vkomissar","4","2","6"
"VL-88","3","3","6"
"vlad1955","3","3","6"
"Vlad2902","3","3","6"
"vladchembar","3","3","6"
"VLADDDRAKULA","3","3","6"
"Vladiimir_L","2","4","6"
"VLADiMiR_02","2","4","6"
"Vladimir_GS","2","4","6"
"Vladimir-100","2","4","6"
"Vladimir-57","3","3","6"
"Vladimir-Litvinov","3","3","6"
"VLADIMIR257654578","2","4","6"
"Vladimir74_arm","2","4","6"
"Vladimir767","2","4","6"
"VladimirAplatov","3","3","6"
"vladimiron772786480","3","3","6"
"Vladimirovich03","3","3","6"
"VladiProutine","2","4","6"
"vladisaenko121","3","3","6"
"VladislavDoneckiy","3","3","6"
"vladislavzelentsov10","3","3","6"
"vladk2013","3","3","6"
"Vladko1","3","3","6"
"vladogrozni","3","3","6"
"vladpro14","3","3","6"
"vladvaitiuk","3","3","6"
"vlonec","3","3","6"
"Vmha","3","3","6"
"Vnukplotnika","3","3","6"
"Vogueeee","2","4","6"
"Voice_50","3","3","6"
"Voixdz","2","4","6"
"Volandros","2","4","6"
"Volk-Alesha","3","3","6"
"volkanruhan","3","3","6"
"volodumurK","4","2","6"
"VOLODYA_99","3","3","6"
"Volodymyr-X_vay","3","3","6"
"Vonamhar","4","2","6"
"vonat47","3","3","6"
"vonhi5","3","3","6"
"Vorobuschek","3","3","6"
"VOTE_GOP_MAGA_2020","2","4","6"
"vov4ikdent","3","3","6"
"Vova_Ptitsyn","3","3","6"
"Vovan011965","2","4","6"
"VovaNNimbeROnE","3","3","6"
"vovaorl","3","3","6"
"VRAJESHPATIL","2","4","6"
"VRTVRAI","4","2","6"
"VS1408","3","3","6"
"VS54","3","3","6"
"VsevolodSor","2","4","6"
"vshabarin","3","3","6"
"vsp2023","3","3","6"
"vtashkov","3","3","6"
"vulkan83","4","2","6"
"vva0912","3","3","6"
"VVd94vuhoxcciunvriug","3","3","6"
"VVISTVV","2","4","6"
"vvstormsvv","3","3","6"
"vwcxzsss","4","2","6"
"Vyacheslav-82","3","3","6"
"Vyacheslav1717","3","3","6"
"VyacheslavEfanov","3","3","6"
"vynni_x9","3","3","6"
"W-1212","3","3","6"
"W1NR","3","3","6"
"waelnabeel","3","3","6"
"Waffenmeister69","3","3","6"
"waffens","3","3","6"
"Waffle_Stomp","4","2","6"
"wagner12023","3","3","6"
"wahba131313","3","3","6"
"WaheedG","3","3","6"
"Wak3_up","3","3","6"
"WakuChess","3","3","6"
"WalangHair","2","4","6"
"Waldbruder","3","3","6"
"waldekm999","2","4","6"
"waleed_rf","3","3","6"
"WalidOo_kes","3","3","6"
"waliling39","3","3","6"
"waliw","2","4","6"
"Wallyhoop","3","3","6"
"Walo10","3","3","6"
"wanderer05","4","2","6"
"Wang_1","3","3","6"
"wankeith","2","4","6"
"waqader","2","4","6"
"waqarzaka","4","2","6"
"warez2806","2","4","6"
"Warsteiner94","4","2","6"
"waterjoy","3","3","6"
"watermelon2286","3","3","6"
"Waveform1","3","3","6"
"wawzx","3","3","6"
"wazirabad","3","3","6"
"wdx","3","3","6"
"weastpagal","4","2","6"
"webseher","3","3","6"
"Websmiler","3","3","6"
"Websterjeys","4","2","6"
"Webulls","3","3","6"
"Wed_med","3","3","6"
"Wefald","3","3","6"
"wendy1964","3","3","6"
"wepmouse","3","3","6"
"WER5678","4","2","6"
"werner07","4","2","6"
"WestonChimwere","4","2","6"
"wetrov30","3","3","6"
"wetywy","4","2","6"
"wghams","3","3","6"
"WhatWouldAlphaZeroDo","3","3","6"
"whillz","4","2","6"
"WhistlingBrake","3","3","6"
"white_shadow209","3","3","6"
"white_tiger786","2","4","6"
"White-Feniks","3","3","6"
"whitepage","3","3","6"
"Whitephanter1","3","3","6"
"whiterabbit66","3","3","6"
"WhitneyL","4","2","6"
"whs67","2","4","6"
"Why_Join","4","2","6"
"whynot2018","3","3","6"
"wicher3535","4","2","6"
"wichessmaster","4","2","6"
"wideaanugrah","4","2","6"
"Wieiner","2","4","6"
"Wigflipper","3","3","6"
"wikasher79","2","4","6"
"Wiktor2700","3","3","6"
"Wild_BuLL07","4","2","6"
"WildBjorn","3","3","6"
"wildedchessington","2","4","6"
"Wildwest88","1","5","6"
"wilfdc","3","3","6"
"Wilfy2020","5","1","6"
"wilgomez86","3","3","6"
"WilhelmFrieder","4","2","6"
"WilhelmRupin","2","4","6"
"will_uh","2","4","6"
"will81","3","3","6"
"William201","3","3","6"
"WilliamCarpaneda","3","3","6"
"williamdube","3","3","6"
"WilliamTomm","3","3","6"
"Willian2018","2","4","6"
"williart2000","3","3","6"
"WillieRagpicker","5","1","6"
"Wilson8733","3","3","6"
"wilvin1234","3","3","6"
"Wingast","3","3","6"
"Wingspan64","3","3","6"
"Winnerboy13","3","3","6"
"Wintertali","3","3","6"
"winzky07","3","3","6"
"Wish83","3","3","6"
"wissem91","4","2","6"
"wistitiz","4","2","6"
"WithLoveFromRussian","2","4","6"
"Witness777","2","4","6"
"Wizardo_Bizzaro","4","2","6"
"WK0256","3","3","6"
"Wladimir3","3","3","6"
"WlodzimierzMil","2","4","6"
"wlowe94","3","3","6"
"wmaamw","3","3","6"
"woawwwwwwwwww_Alamak","4","2","6"
"wojrac","3","3","6"
"Wol4apa","4","2","6"
"wolf1979","3","3","6"
"WolfMcCloud","4","2","6"
"wong77","3","3","6"
"woo0504","2","4","6"
"woopah","4","2","6"
"wq2qe33eewee","3","3","6"
"Wraith_HS","3","3","6"
"Wrazool","4","2","6"
"wtfish","3","3","6"
"wuridh","3","3","6"
"wurzelpurz","3","3","6"
"wustN","3","3","6"
"wutzi","5","1","6"
"WWW24","2","4","6"
"WWWWOLF","4","2","6"
"Wxdbss","3","3","6"
"X_N_A_V_I_X","3","3","6"
"X_Znaet","3","3","6"
"x2001kj","3","3","6"
"xabigon","3","3","6"
"xaerxess","3","3","6"
"xakezalla","3","3","6"
"xan2022","4","2","6"
"xander_01","3","3","6"
"Xaspart","3","3","6"
"xavier_lapointe","3","3","6"
"Xavini","3","3","6"
"Xaviou","1","5","6"
"xBosmanx","2","4","6"
"xchaos37","3","3","6"
"Xcitron","3","3","6"
"XDFREAKOP","4","2","6"
"xebic","2","4","6"
"XenaWarior","3","3","6"
"xezri","3","3","6"
"Xiggs","4","2","6"
"Xikca","3","3","6"
"xinyster99","3","3","6"
"xlgmk7","3","3","6"
"XMarshmalloX","3","3","6"
"Xnv2016","3","3","6"
"XPANITEL","4","2","6"
"xropi","3","3","6"
"xtremeau","3","3","6"
"Xu_Yaojia","3","3","6"
"XUSEH","4","2","6"
"xWalrus","3","3","6"
"xxxAs02xxx","2","4","6"
"xyxyxyxyxyxyxyxyxyxy","3","3","6"
"Xzaivera17","4","2","6"
"y_ghanem5","3","3","6"
"yaba","3","3","6"
"YaBoiAbhi","3","3","6"
"Yacanto","2","4","6"
"yachevskaya","3","3","6"
"yahhoe","3","3","6"
"yahia_988","2","4","6"
"Yahomyagi","2","4","6"
"yahsar","4","2","6"
"yahta123","2","4","6"
"yahya2016","2","4","6"
"Yailimafashav","1","5","6"
"YAKOBEJULIUS","2","4","6"
"Yakou_bek","5","1","6"
"yakubu13","4","2","6"
"Yalowstudent","4","2","6"
"Yaltirrakli","2","4","6"
"Yamazakki","1","5","6"
"yameen_MALIIK","3","3","6"
"YAMEN43","3","3","6"
"yamisama15","3","3","6"
"yanalsa","3","3","6"
"YanchickizGomelya","3","3","6"
"yanto123","3","3","6"
"YAPid_oras_2008","4","2","6"
"yarik_vbg","3","3","6"
"yarkom","3","3","6"
"Yaroslav_Yar","3","3","6"
"Yaroslav1605","3","3","6"
"YaroslavaBlotnitsky","3","3","6"
"yasernamaa","3","3","6"
"YASHCHESS83","3","3","6"
"yashu2511","3","3","6"
"YasiCree","3","3","6"
"yasin38gltkn","4","2","6"
"yasinfathi","3","3","6"
"yasinoztml","2","4","6"
"yassen96d","3","3","6"
"yasserchess95","3","3","6"
"yassine_hafsa","2","4","6"
"yassinemorisson","3","3","6"
"yaveryaveroglu","4","2","6"
"Yavuz3x","3","3","6"
"yazan321","4","2","6"
"yazid245","3","3","6"
"YC_CY12212008","3","3","6"
"Yece","2","4","6"
"YedGalax","3","3","6"
"yeejs","2","4","6"
"YegorVelbivets","2","4","6"
"YehudaB","2","4","6"
"Yekaterina_SPB","4","2","6"
"yelkinson","3","3","6"
"Yelwinaung","5","1","6"
"YerbolAstana2022","3","3","6"
"YerZhan-D","3","3","6"
"yethin_kumar","3","3","6"
"Yetilein","3","3","6"
"YETIZ-ROHAT","3","3","6"
"yevwieghandi","2","4","6"
"yezusbrianaa","3","3","6"
"Ygxt","2","4","6"
"ygz_nsl","1","5","6"
"Yieche","3","3","6"
"yigaenoch","4","2","6"
"Yigit_o7","3","3","6"
"yilmaz38","3","3","6"
"Yinya1337","3","3","6"
"yippikay","3","3","6"
"YIWUYU","3","3","6"
"Yksi75","3","3","6"
"yksoyatiwella","3","3","6"
"ykwetzel","2","4","6"
"ylaehrelyt","3","3","6"
"ylcharles","3","3","6"
"ylcnba","4","2","6"
"Ylli20901","3","3","6"
"Yllop","2","4","6"
"ym19","3","3","6"
"ymaze","3","3","6"
"yoga15","3","3","6"
"yokedici4182","4","2","6"
"yomna60","4","2","6"
"YonathanAli","3","3","6"
"Yonor","2","4","6"
"Yoohoo_boom","3","3","6"
"yoonhwi1124","2","4","6"
"Yorrick_H","3","3","6"
"YosbaniArostegui","3","3","6"
"Yosef_Chess","2","4","6"
"yosefashvilli","1","5","6"
"yosefsaad","2","4","6"
"yosfgz1","3","3","6"
"yosifdiaa712","3","3","6"
"yosoyelmon","2","4","6"
"YouannesHossamFaik","1","5","6"
"youcef_tabet","3","3","6"
"YouNeedJesus","3","3","6"
"Younes_khafi","2","4","6"
"younesMohammed","3","3","6"
"Young_Dragon2014","3","3","6"
"youngkiagai","3","3","6"
"yousef55555","3","3","6"
"youseffau","3","3","6"
"YousefM0","3","3","6"
"YousefSALALAH","3","3","6"
"Yousevito","3","3","6"
"YoussabOsos161","2","4","6"
"youssef1995-pu","2","4","6"
"Youssefbarghash","3","3","6"
"youssefchichaoua","3","3","6"
"yoyoyozhick","4","2","6"
"Yrash08","3","3","6"
"YriyTerentev","4","2","6"
"Ysterchess","1","5","6"
"ysw530","3","3","6"
"YTKLuqman","2","4","6"
"yuanderong","3","3","6"
"Yudin_Mikhail2010","4","2","6"
"Yunnga","4","2","6"
"yunusvemre","3","3","6"
"yura_gubanov","2","4","6"
"Yura100","2","4","6"
"Yuraifl9","3","3","6"
"Yuri-Lebedev","3","3","6"
"Yuri3122","3","3","6"
"Yurich98","4","2","6"
"Yuriy_89","3","3","6"
"YuriyVasilenko","2","4","6"
"Yury1983","3","3","6"
"Yusif2012tal","3","3","6"
"Yusif777","3","3","6"
"yusufaisa","3","3","6"
"Yusufking786","4","2","6"
"Yusufmdpltp","3","3","6"
"yuvarajsurendar","3","3","6"
"yuvinc","3","3","6"
"Yuyitang","3","3","6"
"YV_Microonde","3","3","6"
"YvesAnchouk","1","5","6"
"YvngIce","3","3","6"
"yxhyrz","2","4","6"
"Z04397","3","3","6"
"Zabelo","4","2","6"
"zackeilo","3","3","6"
"zadgab","3","3","6"
"zadolphin","2","4","6"
"zadum0","4","2","6"
"zafersari82","3","3","6"
"ZAFtsip","4","2","6"
"Zah111r","3","3","6"
"ZaharM6","3","3","6"
"Zaharov_oleg","3","3","6"
"ZaharTrusov","3","3","6"
"Zahi_zahzz","3","3","6"
"zahidsj","3","3","6"
"zahra","2","4","6"
"zahrachess3279","4","2","6"
"Zahraghamsavar","3","3","6"
"Zaikin00","4","2","6"
"zainhussain","4","2","6"
"Zakhar_Zatkhei","3","3","6"
"ZakiMaki","2","4","6"
"zakinikola","3","3","6"
"zaklarnak","3","3","6"
"ZalimTavsan","3","3","6"
"Zalork","3","3","6"
"zamiran123","2","4","6"
"ZAN_MOREIRA","3","3","6"
"zaojun","4","2","6"
"Zapelo","3","3","6"
"zararsizadem","4","2","6"
"Zaripowrm","3","3","6"
"Zarthood","3","3","6"
"zasaa","3","3","6"
"Zatarra44","3","3","6"
"zatrapp","3","3","6"
"Zaur_R","3","3","6"
"ZaurAbilov","2","4","6"
"zavg17","3","3","6"
"Zaybor","3","3","6"
"zayed55","3","3","6"
"ZayRe","3","3","6"
"zaz1102","3","3","6"
"zazalameus","3","3","6"
"zbaycu","2","4","6"
"zbchess121","3","3","6"
"ZbigniewG","3","3","6"
"zboro80","3","3","6"
"ZCH_123","2","4","6"
"Zchachess","3","3","6"
"zeenad","3","3","6"
"Zefky","3","3","6"
"Zeinmousa","4","2","6"
"ZelimirGR","2","4","6"
"zen_nyk","2","4","6"
"Zenosky","2","4","6"
"zentralkaiser","2","4","6"
"zero_two_nine","2","4","6"
"zeroquatro00","3","3","6"
"zerosamokontroli","3","3","6"
"Zeuboy","3","3","6"
"ZEVitos","3","3","6"
"Zevs2023","3","3","6"
"zeynel21","2","4","6"
"ZeynepAybuke","4","2","6"
"ZhamiDanial","3","3","6"
"Zhan_2017","3","3","6"
"ZhangHeze","3","3","6"
"Zhanrysk","2","4","6"
"zheline","3","3","6"
"Zhiraph","3","3","6"
"Zhivzhick","4","2","6"
"zhuge19","3","3","6"
"ZhukovVladimir53","3","3","6"
"Zhusito","2","4","6"
"zhuyilin","3","3","6"
"zhyichyi","3","3","6"
"Ziad_m0hamed","3","3","6"
"ziad_shalouh20","3","3","6"
"ziadmustafaa","4","2","6"
"Zian_Jacob","3","3","6"
"ziassl","4","2","6"
"Zigzag1954","3","3","6"
"zikan11","2","4","6"
"ziminCOLOCOL","3","3","6"
"Zirene","4","2","6"
"ziyad420","3","3","6"
"ZiyouQu","4","2","6"
"zizzles","3","3","6"
"ZKR2020","4","2","6"
"zlatkofrane","3","3","6"
"ZManish","3","3","6"
"zmanjnr","2","4","6"
"ZmeyZmey","3","3","6"
"zolika1","4","2","6"
"Zonsondergang","3","3","6"
"zoobi","2","4","6"
"Zoomik5276","2","4","6"
"Zoporez","3","3","6"
"zor2017","5","1","6"
"zorano1234","3","3","6"
"zoro_xx","1","5","6"
"Zorrodesierto","4","2","6"
"zosia32123","3","3","6"
"Zouhair55","4","2","6"
"ZoukNo","4","2","6"
"zQuarky","3","3","6"
"zQzS","3","3","6"
"Zuboraj","4","2","6"
"zuckerduke","4","2","6"
"Zurat","3","3","6"
"ZValeryi","4","2","6"
"zxc000444","2","4","6"
"zxresan","2","4","6"
"Zytch","4","2","6"
"ZyzyZyzyryxy","3","3","6"
"zzandzzegge","4","2","6"
"A_81705","3","2","5"
"A_A_S_132","3","2","5"
"A_doc","3","2","5"
"A_Lognik","2","3","5"
"A_Rashed","2","3","5"
"A_VVV","2","3","5"
"a-horse-is-a-horse","3","2","5"
"a-lrad","2","3","5"
"a-tor","3","2","5"
"a01020235746","2","3","5"
"A061016","3","2","5"
"a08032023","2","3","5"
"a10urkalayci","2","3","5"
"a123123123a","2","3","5"
"a12a19","3","2","5"
"A17Prado","2","3","5"
"a201420102008","2","3","5"
"a21yeqrh","2","3","5"
"a2bdo","3","2","5"
"a3714714714","3","2","5"
"A384","2","3","5"
"A3trax","2","3","5"
"A400","3","2","5"
"a4310a","3","2","5"
"A654","3","2","5"
"A777Z","2","3","5"
"A7med11khaled11","2","3","5"
"A811JALIL","2","3","5"
"a91","3","2","5"
"aaaliaa","3","2","5"
"aabede","2","3","5"
"AadhavanPCA","3","2","5"
"Aadityamohan12","3","2","5"
"Aadvik-2013","3","2","5"
"Aagam28nov","3","2","5"
"aagusti1974","3","2","5"
"aahefny","4","1","5"
"AAJ_88","3","2","5"
"AAKalashnikov","3","2","5"
"AAlda","3","2","5"
"aanii_21","4","1","5"
"AANTONN","2","3","5"
"Aapeli-Shaguttaja","2","3","5"
"aarav107","2","3","5"
"AaravBardia","3","2","5"
"aaravjughead","3","2","5"
"Aaravs_Shinde","2","3","5"
"AaravThilak","1","4","5"
"Aarbnb","2","3","5"
"Aaron-J-M","3","2","5"
"Aarthi_A_S","2","3","5"
"Aarthi1234","3","2","5"
"aarush915","3","2","5"
"AaryaPitroda","2","3","5"
"aaryavp","3","2","5"
"Aashritha_3123","2","3","5"
"aatulya_shiva","3","2","5"
"Aayushh_Noob","3","2","5"
"Aazamandious","4","1","5"
"ab4155","3","2","5"
"Abai67","3","2","5"
"abaker2001","2","3","5"
"AbamiEda","2","3","5"
"abassdavari","3","2","5"
"Abay_biyah","4","1","5"
"abbas1352","3","2","5"
"Abbaskoqe937","4","1","5"
"ABBdhn","2","3","5"
"abbey_30","1","4","5"
"abcdna","3","2","5"
"ABD_792","3","2","5"
"abdallah85","3","2","5"
"AbdallahAdres","2","3","5"
"abdallahrezk","2","3","5"
"abdalmunen","3","2","5"
"Abdel44","1","4","5"
"abdelhakgm24","2","3","5"
"abdelhay_alg","2","3","5"
"Abdelkhalek-2010","3","2","5"
"abdelradysheikh","2","3","5"
"abdo_essam90","3","2","5"
"abdo0884","1","4","5"
"AbdoAbdelhamed","2","3","5"
"Abdoadel_99","3","2","5"
"Abdousakr","2","3","5"
"Abdulazizf22","3","2","5"
"ABDULGHANI-FT","2","3","5"
"Abdulla15","2","3","5"
"abdullah_erturk","3","2","5"
"abdullah_madyan10112","3","2","5"
"Abdullah_Magdy","2","3","5"
"Abdullah229559","2","3","5"
"Abdullahhelwa","2","3","5"
"AbdulRahmanTalib","2","3","5"
"abdulraziq","2","3","5"
"Abdulrhman89","2","3","5"
"Abdykerim_77","3","2","5"
"abedtayyem","3","2","5"
"AbelCutiz","3","2","5"
"abhay06","3","2","5"
"abhi_2204","2","3","5"
"abhi_a_n","3","2","5"
"abhiman99","1","4","5"
"abhinav_acharya","2","3","5"
"abhinavrjai","2","3","5"
"Abhiramkkunnath","3","2","5"
"Abhirch","3","2","5"
"abhisecksri","2","3","5"
"abhisheksamuel","3","2","5"
"Abias89","1","4","5"
"AbidAiims","2","3","5"
"abidaitoo5","3","2","5"
"abihenka","3","2","5"
"abijosegun7","2","3","5"
"Abirami_Senthil","2","3","5"
"abkulat","1","4","5"
"ABL","2","3","5"
"Abner2015","3","2","5"
"Abnur","3","2","5"
"ABO-ALS3OD","3","2","5"
"Abo-noor-Aldeen1986","3","2","5"
"Aboba11","3","2","5"
"AbobaBb","3","2","5"
"abobik_mau","2","3","5"
"abohmaid","3","2","5"
"abolfazl22113","2","3","5"
"AbolghasemRahimi","3","2","5"
"Abomahmodblo67","3","2","5"
"abomai01","3","2","5"
"abomuhmod1","2","3","5"
"abonim","3","2","5"
"Abood_anas_2010","3","2","5"
"Aboubaker93","3","2","5"
"ABRAMIAN_LEONID","3","2","5"
"Abror_DANFOSS","3","2","5"
"absent-mindedly","1","4","5"
"AbsentSun","3","2","5"
"absmindprof","3","2","5"
"absolute_noiq","3","2","5"
"abu85","2","3","5"
"AbuAyub_1970","3","2","5"
"AbundzuSchach","3","2","5"
"Abuomar68","3","2","5"
"abuslang","2","3","5"
"abutamer79","4","1","5"
"abyrmglu_88","2","3","5"
"abzaimoglu","2","3","5"
"acalleros","2","3","5"
"acamWD","2","3","5"
"acassios","2","3","5"
"acdcfgt","2","3","5"
"ACE-XS","3","2","5"
"acecwell","3","2","5"
"Acedo","2","3","5"
"AceiteOliva","3","2","5"
"Acer364","2","3","5"
"acevedosantacruz","3","2","5"
"ACEX305","2","3","5"
"AchessA10","2","3","5"
"Achille_San","2","3","5"
"Achimsen69","4","1","5"
"Aci_Kahve137","2","3","5"
"actoreka","3","2","5"
"acuario2015","3","2","5"
"ad_iel","3","2","5"
"ad119160","3","2","5"
"Adam_Orander","3","2","5"
"Adam-Ellery111","3","2","5"
"adamiray617","2","3","5"
"AdamMcReady","4","1","5"
"AdamMuqri","2","3","5"
"AdamTarek1","3","2","5"
"adaniel","2","3","5"
"adarek","3","2","5"
"AdD5","3","2","5"
"Adebesin","2","3","5"
"Adel14444","3","2","5"
"adel35","1","4","5"
"ADELEYE","4","1","5"
"adeloid","2","3","5"
"aderone","2","3","5"
"Adexoglu","3","2","5"
"adgawande","2","3","5"
"Adgiokhgcb6421cbb","3","2","5"
"Adharay","1","4","5"
"Adheeshthirumal317","3","2","5"
"Adhithyan_M_A","2","3","5"
"AdhiyanK12","3","2","5"
"Adhrit001","2","3","5"
"Adhuarun","3","2","5"
"adibouchess","2","3","5"
"Adictchess97","3","2","5"
"Adiee25","3","2","5"
"Adigha_Nart","3","2","5"
"adilbekernur","3","2","5"
"adildede_51","4","1","5"
"Adilgerey_Mankaev","2","3","5"
"adilsyyed","3","2","5"
"Adinath_cca","3","2","5"
"adiporto","2","3","5"
"Adishricmishra","3","2","5"
"adit9946","3","2","5"
"aditibobalade","3","2","5"
"Aditordv","3","2","5"
"aditya_0312","2","3","5"
"Aditya_20062","2","3","5"
"aditya_dabhi","4","1","5"
"Aditya1224","2","3","5"
"Adityadp","2","3","5"
"Adler34","3","2","5"
"Adly4chess","2","3","5"
"adminofchess","3","2","5"
"adolf1613","3","2","5"
"Adolfovik","2","3","5"
"adranovs","2","3","5"
"Adrdd","3","2","5"
"AdreJipors","3","2","5"
"adri_pro777","3","2","5"
"Adrian-Taherian","3","2","5"
"adrian1393g","2","3","5"
"Adrian1965","4","1","5"
"Adrian25098","2","3","5"
"adrianepic","2","3","5"
"adrianquilmes","3","2","5"
"adrifraga","1","4","5"
"adrix68","2","3","5"
"AdrySavy","2","3","5"
"advaithakrishnan14","2","3","5"
"AdvaySahai","1","4","5"
"ady88","2","3","5"
"adya_09","3","2","5"
"adziugan","3","2","5"
"aebeid","2","3","5"
"AEEASOYSABALERO","2","3","5"
"AehlevonEltz","2","3","5"
"Aellecor","3","2","5"
"Aequitas_667","2","3","5"
"aeronchriss","3","2","5"
"aeros232","3","2","5"
"af120","2","3","5"
"Aff212000","2","3","5"
"afiqh","2","3","5"
"afkham2020","3","2","5"
"AFKnorris","2","3","5"
"Afo60","2","3","5"
"AFO99","3","2","5"
"AFPueyo","3","2","5"
"Afri-Alhanan","3","2","5"
"AFSAL123KERALA","2","3","5"
"Afshin_66","2","3","5"
"afshin1387","3","2","5"
"afshin6161","2","3","5"
"Aftabessani","3","2","5"
"Afzal2012","3","2","5"
"Afzalmughal","3","2","5"
"agadmatorchess","2","3","5"
"Agasi1993","2","3","5"
"Agata073","2","3","5"
"agc_64","2","3","5"
"agchua","2","3","5"
"Agendelegende","2","3","5"
"agenorandrade","2","3","5"
"agente07","3","2","5"
"AgentLev2016","2","3","5"
"AGGGGGGGGGGGGGGGGGGH","3","2","5"
"Aghasi777","3","2","5"
"aghorsnts","3","2","5"
"Aghyadkassen","3","2","5"
"Agilehs","2","3","5"
"Agnesin2012","3","2","5"
"agni1233","4","1","5"
"agniblast","3","2","5"
"Agnostikk","2","3","5"
"AgostonBalazs","3","2","5"
"AGOSU","2","3","5"
"agresiftattoo","3","2","5"
"agrimont","3","2","5"
"AGS64","2","3","5"
"agusdiazv","3","2","5"
"agustinieke","3","2","5"
"Aguyputra","1","4","5"
"ahad2001","2","3","5"
"ahamdmfawzy","3","2","5"
"AhamedAmmar123","3","2","5"
"Ahbabcsckert","2","3","5"
"Ahenfie","1","4","5"
"ahilpoul","1","4","5"
"ahm96","4","1","5"
"Ahmad_12345","3","2","5"
"Ahmad-mohammadi","2","3","5"
"ahmad-mona","3","2","5"
"ahmad189","3","2","5"
"Ahmadalraawan","3","2","5"
"ahmadbkira","3","2","5"
"AHMADhaghi","4","1","5"
"ahmadradawe","3","2","5"
"AHMED_AL_AROUSI","3","2","5"
"Ahmed_al1","3","2","5"
"Ahmed_MD","3","2","5"
"Ahmed_reda74","3","2","5"
"ahmed12253","1","4","5"
"Ahmed123i","2","3","5"
"Ahmed181","3","2","5"
"ahmed200615","2","3","5"
"Ahmed795","3","2","5"
"ahmed88883","2","3","5"
"ahmedabdelkader","3","2","5"
"AhmedAminEagle","3","2","5"
"AhmedAshrafma95","3","2","5"
"AHMEDAYMAK","2","3","5"
"ahmedbagato","3","2","5"
"AhmedBahaa07","2","3","5"
"ahmedd_haddy22","3","2","5"
"Ahmedd01","3","2","5"
"Ahmeddahroug007","3","2","5"
"AhmedElsheikh66","3","2","5"
"ahmedmedra1907","3","2","5"
"ahmedms_01011120","3","2","5"
"Ahmedsaied1710","3","2","5"
"AhmedSnosy_1996","1","4","5"
"ahmet1337","2","3","5"
"ahmetaydgn","2","3","5"
"Ahmetbeyza","2","3","5"
"Ahmetd2016","3","2","5"
"ahmetemirgs","2","3","5"
"ahmetf6700","3","2","5"
"ahmetylm1z","3","2","5"
"ahooahoo143","3","2","5"
"ahroban","3","2","5"
"Aidar_Amir","3","2","5"
"AidenChoi","3","2","5"
"aigus","2","3","5"
"ailsonpprz","2","3","5"
"Ainur22","3","2","5"
"airbus2","3","2","5"
"airframe23","2","3","5"
"airmanjke","4","1","5"
"airtonfpaula","3","2","5"
"AiryD","3","2","5"
"Ais_saxarok","2","3","5"
"Ajax8","3","2","5"
"ajay045","3","2","5"
"Ajayalpha","3","2","5"
"AJEDREZ_CHIVERT","2","3","5"
"Ajedrez-37","2","3","5"
"AjedrezAprende","4","1","5"
"ajedrezariano","3","2","5"
"ajedrezyfilosofia","3","2","5"
"Ajegandodo","3","2","5"
"ajg48","2","3","5"
"Ajikrist","3","2","5"
"Ajisuyatno","2","3","5"
"ajjub","3","2","5"
"AJLuHA","2","3","5"
"ajosephaco","2","3","5"
"ajovanovic","2","3","5"
"AJRBRA","3","2","5"
"AJRiveroVPDoc","3","2","5"
"Ajs781","2","3","5"
"ajukovsky","2","3","5"
"Ajvarko","3","2","5"
"Akaks112","3","2","5"
"akanoIsmail","2","3","5"
"AKApak","2","3","5"
"akardas","2","3","5"
"Akash0111","2","3","5"
"akash07ashu","3","2","5"
"akash97i","3","2","5"
"Akashmilindwani","2","3","5"
"akbpdcl","2","3","5"
"Akbr54","2","3","5"
"Akenetys","2","3","5"
"akfoosh","2","3","5"
"akhilchess987","2","3","5"
"AkhilSivan","1","4","5"
"akhmedov_usman","2","3","5"
"Akhsim777","2","3","5"
"AkiAy","2","3","5"
"akkattonne","3","2","5"
"akkinajaswanth","3","2","5"
"akkocburak","3","2","5"
"Akkshhay","1","4","5"
"AKLIUKUGRANDMASTER","2","3","5"
"akmal43","2","3","5"
"akos1984","2","3","5"
"akrmeak","2","3","5"
"akrmm","2","3","5"
"AkseliusXIII","3","2","5"
"Akshaj_Gautam","2","3","5"
"akshajpinto69","3","2","5"
"AkshayaArveti","2","3","5"
"AkshayIdhate","2","3","5"
"Akumbesi","2","3","5"
"Alaa-yousef","2","3","5"
"AlaaAbosrie","2","3","5"
"alaaakll","1","4","5"
"AlaaTaha007","3","2","5"
"Alagoviya","1","4","5"
"alahicarbon","3","2","5"
"Alalalallalallaalhfj","2","3","5"
"Alamin-cr7","3","2","5"
"alan0705","3","2","5"
"Alan1986DC","3","2","5"
"alane09","2","3","5"
"AlasBabylon","3","2","5"
"AlaskanBullworm69","3","2","5"
"Alastor993","2","3","5"
"albachiara06","2","3","5"
"albai","3","2","5"
"Albator1781","3","2","5"
"albee6281","3","2","5"
"AlbeiroCorbacho","4","1","5"
"AlBer5488","3","2","5"
"albersaud","2","3","5"
"albert2593","3","2","5"
"Albert3344","3","2","5"
"AlbertArdashov","2","3","5"
"Albertisimo","2","3","5"
"albertjoel","2","3","5"
"albertodamian","3","2","5"
"albertodepablo","2","3","5"
"albertoincao","1","4","5"
"Albertus69","3","2","5"
"Alboza","2","3","5"
"AlBravo08","2","3","5"
"albrechtz","3","2","5"
"Alchemist0001","2","3","5"
"Alchon","1","4","5"
"AlconisMoon","2","3","5"
"AldahirHernandez","3","2","5"
"Aldine1","2","3","5"
"aldofo27","3","2","5"
"Aldrch","2","3","5"
"Ale_81","4","1","5"
"ale_x88","3","2","5"
"Alebanz","3","2","5"
"alecunha","2","3","5"
"AleGatto40","3","2","5"
"Alegoyu","2","3","5"
"Alejandro_0502","2","3","5"
"AlejandroArias77","3","2","5"
"AlejandroBoLo20","2","3","5"
"alejandroff1968","2","3","5"
"AlejandroFomequeDJ11","2","3","5"
"alekhyajannabhatla","2","3","5"
"alekroz","2","3","5"
"Aleksandar1977","2","3","5"
"Aleksandr_18041985","3","2","5"
"aleksandr_gavrila","2","3","5"
"Aleksandr003","2","3","5"
"ALEKSANDR1959","2","3","5"
"AleksandrAlexandr","2","3","5"
"AleksandrII86","3","2","5"
"AleksandrSheshukov","3","2","5"
"Aleksei-Dmitriev","2","3","5"
"Aleksei1574","3","2","5"
"aleksey_3-74533","2","3","5"
"Aleksey_Troschenko","3","2","5"
"Aleksey_Zhukov86","3","2","5"
"aleksey16e","3","2","5"
"AlekseySergeevitch","2","3","5"
"alekspalvolkov","2","3","5"
"alekxp","2","3","5"
"Aleleonrodriguez","3","2","5"
"alerk_tribal","3","2","5"
"alesha2011","2","3","5"
"aleshakkk","3","2","5"
"alessandro_sozzi","2","3","5"
"AlessioGallagher","2","3","5"
"alex_14s","2","3","5"
"Alex_Che63","3","2","5"
"Alex_Reut","1","4","5"
"Alex_SKR_15","2","3","5"
"Alex_the_Great_2001","3","2","5"
"Alex_Torbrand","2","3","5"
"Alex-engineer","2","3","5"
"alex120864","2","3","5"
"Alex12345566","3","2","5"
"Alex1911","3","2","5"
"Alex1998Ragulin","2","3","5"
"alex22072010","3","2","5"
"Alex2793","1","4","5"
"Alex78977","4","1","5"
"Alex888Zar","3","2","5"
"alex8900","3","2","5"
"Alexa1378","3","2","5"
"alexalex349","3","2","5"
"Alexancas1968","3","2","5"
"Alexander063","3","2","5"
"Alexander1804","1","4","5"
"Alexander56","3","2","5"
"Alexanderkillz","3","2","5"
"Alexandr_4545","3","2","5"
"Alexandr_Elagin","1","4","5"
"alexandr341111","2","3","5"
"Alexandre_Leao","3","2","5"
"ALEXANDRL13","3","2","5"
"Alexandros_Gr","2","3","5"
"Alexandru_Sima","2","3","5"
"alexarchery","3","2","5"
"alexata","2","3","5"
"alexdeidda","3","2","5"
"alexdu01","3","2","5"
"alexdunsd","3","2","5"
"Alexeevich13","2","3","5"
"AlexeiKirillov","2","3","5"
"Alexey_74","2","3","5"
"Alexey85","3","2","5"
"AlexeyBar","3","2","5"
"AlexeyEvgenyev","3","2","5"
"AlexeyFrolovKSU","2","3","5"
"AlexeyOsadchiy","3","2","5"
"AlexeyPidenko","1","4","5"
"AlexeyVM","2","3","5"
"alexflorescu","3","2","5"
"alexiamastroeni","2","3","5"
"alexis_lecl","3","2","5"
"Alexiske","3","2","5"
"Alexisoo","2","3","5"
"AlexisRamirez11","2","3","5"
"AlexKudrin","1","4","5"
"AlexMih20","3","2","5"
"AlexMVer","1","4","5"
"Alexowq","2","3","5"
"Alexpascau","1","4","5"
"AlexPast","2","3","5"
"AlexRadaev","2","3","5"
"alexs0521","3","2","5"
"Alexsandr_2017","2","3","5"
"Alexsandr0110","3","2","5"
"AlexSokur","2","3","5"
"AlexTim18986","2","3","5"
"alextrasza","3","2","5"
"AlexWas-9","3","2","5"
"AlexZ0205","4","1","5"
"AlfaNikos","3","2","5"
"Alfi2023","3","2","5"
"alfildedama1rey","3","2","5"
"AlfinJoseph","2","3","5"
"AlFoNSoL0C0","3","2","5"
"alfr3","2","3","5"
"Alfredo310","3","2","5"
"AlfredoJC","2","3","5"
"alfystew","1","4","5"
"Algerkin","2","3","5"
"Algr1977","3","2","5"
"alhafiyanizan","2","3","5"
"ali_br","2","3","5"
"Ali_Dhana","3","2","5"
"ali_jp","3","2","5"
"Ali_nemati22","2","3","5"
"ali_okkes","2","3","5"
"ali_pro777","2","3","5"
"ali-geko","3","2","5"
"ali00000","2","3","5"
"ali127127","3","2","5"
"Ali1hakim","1","4","5"
"ali3568","3","2","5"
"Ali83254","2","3","5"
"aliakbarslimey","2","3","5"
"aliali321","2","3","5"
"alialsatar","3","2","5"
"alialtir","3","2","5"
"Aliba02","3","2","5"
"alibaghjari145","3","2","5"
"alibekleon20","3","2","5"
"alicansezen","2","3","5"
"alice_r2d2","3","2","5"
"Alice067","2","3","5"
"aliciaco","3","2","5"
"AliciaMadrigal","2","3","5"
"alicinaryazici20151b","2","3","5"
"AliElawi","2","3","5"
"alienesyld","3","2","5"
"Alifc44","2","3","5"
"aligamal1994","2","3","5"
"Alihanl_E20","3","2","5"
"Alijavdan","2","3","5"
"ALIKAL2003","4","1","5"
"Alikdjan","3","2","5"
"Alilina01","3","2","5"
"Alim047","3","2","5"
"Alimrdx","2","3","5"
"alimufitysr","3","2","5"
"Alinahh","4","1","5"
"alinaserpoor","2","3","5"
"AliOoK","2","3","5"
"Alipowerdude","3","2","5"
"alirezaa14","1","4","5"
"alirezaa2020","2","3","5"
"alirezam61","2","3","5"
"alisarvalishah","2","3","5"
"aliska7","3","2","5"
"alissimo23","2","3","5"
"Alisssaaaa","3","2","5"
"Alistargan","2","3","5"
"Alitarighati","2","3","5"
"Alito2304","3","2","5"
"aliw_1381","2","3","5"
"aliw_gh80","2","3","5"
"aliwe","1","4","5"
"aliyaghoubi2080","3","2","5"
"AliYashar81","2","3","5"
"Aljechin91","2","3","5"
"ALJeek","2","3","5"
"Aljehin123","2","3","5"
"aljzayry","3","2","5"
"Alkhder","2","3","5"
"Alkhulaifi5588","1","4","5"
"alkogolik33","1","4","5"
"allalimiloud","2","3","5"
"allanmunoz2013","3","2","5"
"Allanturing","1","4","5"
"allayaro","2","3","5"
"allazawr","2","3","5"
"AllenFlowers","3","2","5"
"ALLICODZ","3","2","5"
"Allingator","2","3","5"
"alloegw","3","2","5"
"allthelight","3","2","5"
"AllUsernamesWasTaken","2","3","5"
"Almakelya","2","3","5"
"almas1979","2","3","5"
"almatrusko","3","2","5"
"Almaz1976","3","2","5"
"AlMeras01S","3","2","5"
"almogabil","3","2","5"
"almoshfr3","3","2","5"
"Almujtaba76","2","3","5"
"Alobe23","4","1","5"
"Alokemitra","3","2","5"
"alomeow","3","2","5"
"alosh_az","3","2","5"
"alouis342","3","2","5"
"aloyz101918","2","3","5"
"AlpacasSayQuack","2","3","5"
"AlpBlossom","2","3","5"
"Alperennbagci","3","2","5"
"alperoo","2","3","5"
"alpersensoy28","3","2","5"
"alpertalha1","2","3","5"
"alpha_d0g","3","2","5"
"Alpha_Dominator6969","2","3","5"
"AlphaRunning","2","3","5"
"AlphGC","3","2","5"
"Alqady","4","1","5"
"alsace2","3","2","5"
"alsercor","2","3","5"
"Alshaikh2829","3","2","5"
"alshaman","3","2","5"
"AlSilence","1","4","5"
"alsonyuan","2","3","5"
"alt_Turquoise","2","3","5"
"AlTall","3","2","5"
"Altynay_Barlybay","3","2","5"
"AlurKo","2","3","5"
"Alutka119","1","4","5"
"alux567","3","2","5"
"Alvaro-RG","2","3","5"
"alvaro8fs","2","3","5"
"alviin07","3","2","5"
"Alvikz","4","1","5"
"Alvinkamrani","3","2","5"
"alx1812","3","2","5"
"alxndrlobanov","3","2","5"
"AlyAriza","3","2","5"
"alyaseen","4","1","5"
"Amac34","2","3","5"
"Amadeus76","2","3","5"
"amadosibina1","4","1","5"
"AMALTHAMARAKULAM","2","3","5"
"amanbolov","2","3","5"
"Amanbratan","3","2","5"
"AMANDA-B-OHES","2","3","5"
"Amankeldi1967","3","2","5"
"AmanOswal22","3","2","5"
"amany9000","2","3","5"
"AMAR_BHILAI","3","2","5"
"Amaradus","3","2","5"
"Amarork","2","3","5"
"Amatersambek","2","3","5"
"AMATOREKJNVGHCCBJFB","2","3","5"
"amatoreren","2","3","5"
"amazingfletch","2","3","5"
"Ambjor22","2","3","5"
"amchess1391","3","2","5"
"Amed1990","2","3","5"
"Ameench1986","2","3","5"
"ameetd78","2","3","5"
"ameeww","3","2","5"
"Amelia2009","3","2","5"
"AMElsayed","3","2","5"
"amen81","3","2","5"
"Amergan","3","2","5"
"AmericaYT13","2","3","5"
"amerkaad","2","3","5"
"Amersoliman","2","3","5"
"amez64","2","3","5"
"amgalan09","1","4","5"
"AmGeDD","2","3","5"
"AmiAmi666","2","3","5"
"Amichaelg","2","3","5"
"amih77","3","2","5"
"amin_amami131","2","3","5"
"amin_goli","2","3","5"
"Amin_Lon","2","3","5"
"Amin-Mirsaeidi","2","3","5"
"amin0moin","2","3","5"
"amin1341","3","2","5"
"amin2000002","2","3","5"
"Amindehghani1212","3","2","5"
"amine12345678","3","2","5"
"aminsh0010","3","2","5"
"AminTahmasbi","2","3","5"
"amir_02185","2","3","5"
"Amir_ciego","2","3","5"
"amir_ghasemi","2","3","5"
"amir_hossein0485","2","3","5"
"amir_r79","2","3","5"
"amir1342","2","3","5"
"Amir250316","3","2","5"
"Amir323","1","4","5"
"amir652723","3","2","5"
"amirali00005","2","3","5"
"AmirBullah","4","1","5"
"Amirhamizi2503","2","3","5"
"Amirhoseinsheikhali","3","2","5"
"Amirhossein_7657","2","3","5"
"Amiri90","2","3","5"
"AmirJokey180","3","2","5"
"Amirka_01","3","2","5"
"amirkamel","2","3","5"
"AmirKing2023","2","3","5"
"AmirKusainov","3","2","5"
"Amirmahdi13871021","2","3","5"
"amirmasoud7","3","2","5"
"amirnikname","3","2","5"
"amirreza_ad","2","3","5"
"amirreza_nazeri","2","3","5"
"AmirShabani55","1","4","5"
"AmirWarsame","3","2","5"
"amirzamani1390","3","2","5"
"AmitChaudhary01","2","3","5"
"amitsin","2","3","5"
"amjad_nader","3","2","5"
"Amjad-Alshalabi","2","3","5"
"amjad2000","3","2","5"
"amjedalrashed","3","2","5"
"ammaralabed","2","3","5"
"ammusat","4","1","5"
"amnesia99","2","3","5"
"Amogh_sastry","2","3","5"
"amogus_win","3","2","5"
"amogusV20","4","1","5"
"amorenot","2","3","5"
"ampunbanh123","3","2","5"
"amr_26","2","3","5"
"Amr1988","1","4","5"
"amr231","2","3","5"
"amrelaraby","2","3","5"
"amrinder1988","2","3","5"
"Amrnaser2020","3","2","5"
"AmrSiddiq12","2","3","5"
"AMS23","2","3","5"
"Amschess_07","2","3","5"
"AMSMAX","3","2","5"
"Amsyar13","3","2","5"
"Amy-mane","4","1","5"
"Amz2395","2","3","5"
"amzeka","3","2","5"
"an_01_Malaga","2","3","5"
"An_Koenig","1","4","5"
"An-55555","3","2","5"
"AN2100","2","3","5"
"AN5535","2","3","5"
"Ana_Mas","4","1","5"
"anabeljwams","2","3","5"
"AnakKediri","3","2","5"
"Analhia","3","2","5"
"Anand23","4","1","5"
"Anand358","2","3","5"
"anandaabhirraj","3","2","5"
"Anandenpy","2","3","5"
"Anandhu_Sadurangam","2","3","5"
"Ananias_Velisalom","1","4","5"
"Ananwar","2","3","5"
"Anapascualmartin","3","2","5"
"Anar78","2","3","5"
"anarendr","2","3","5"
"Anarko10","3","2","5"
"anarqocayev1","3","2","5"
"Anastasi_ms","3","2","5"
"Anastasia_2267","3","2","5"
"Anastasia_Kon","2","3","5"
"Anastasia_Sancakli","2","3","5"
"Anastasiy_Pugachenko","3","2","5"
"AnatolianTiger61","4","1","5"
"anatoliy___2017","3","2","5"
"ANCA0053","1","4","5"
"anchorians","2","3","5"
"anchse","3","2","5"
"Anci13","3","2","5"
"Anci3nt","2","3","5"
"andelko2","2","3","5"
"AnderEgo","2","3","5"
"anders_flip","2","3","5"
"Andersinho11","2","3","5"
"Anderson1880","3","2","5"
"Anderson453","2","3","5"
"andersonmosco","3","2","5"
"andfisch","3","2","5"
"andHeu","2","3","5"
"Andr-A-Gen","3","2","5"
"andr0405","1","4","5"
"andr82","2","3","5"
"AndrChurakov_RS-Sib","2","3","5"
"Andreaborto72","2","3","5"
"Andreachess90","2","3","5"
"AndreasNiemann","3","2","5"
"andrebtr","2","3","5"
"andreevichUp","3","2","5"
"AndreiMendez","3","2","5"
"Andreita2009","2","3","5"
"Andrej24","2","3","5"
"andremesh","2","3","5"
"andremus","3","2","5"
"Andres-iguazu20","3","2","5"
"Andreschees","2","3","5"
"Andreslr313131","2","3","5"
"andreslvsr","3","2","5"
"AndresMac","3","2","5"
"andresmachaca","3","2","5"
"andresorav","2","3","5"
"Andrew-New","3","2","5"
"andrew1020118","2","3","5"
"andrewcok01","2","3","5"
"AndrewK_69","2","3","5"
"andrewkolesnikov","3","2","5"
"Andrey_Dedyuhin","1","4","5"
"Andrey_ferz_rubilovo","3","2","5"
"Andrey_rt","4","1","5"
"Andrey_Sekretarev","3","2","5"
"andrey_tvr","2","3","5"
"Andrey-akm","3","2","5"
"Andrey0019","3","2","5"
"Andrey006","2","3","5"
"andrey19851985","3","2","5"
"Andrey2606","2","3","5"
"andrey7529","3","2","5"
"andreybelenko","2","3","5"
"AndreyL137","3","2","5"
"Andreynissan85XMAO","3","2","5"
"AndreySkitovich","3","2","5"
"Andreytlt","3","2","5"
"andrixigo","2","3","5"
"Android-1440","3","2","5"
"Andrzej_Nem","3","2","5"
"AndrzejUniwersytecki","3","2","5"
"andswain","3","2","5"
"andula11","2","3","5"
"anduril_in","2","3","5"
"Andy27Mat","2","3","5"
"Andy8818","2","3","5"
"andy9090","2","3","5"
"AndySchneball","2","3","5"
"andytheotter","2","3","5"
"AndyV90","2","3","5"
"AnEchecPlayer","2","3","5"
"aneesh_nandi","2","3","5"
"Angel-Like66","2","3","5"
"angel9chess","3","2","5"
"angele10","3","2","5"
"Angelina_Vo","2","3","5"
"Angelina-a","3","2","5"
"AngelJane_Cabungcal","1","4","5"
"Angeljorge","2","3","5"
"Angelo1964","3","2","5"
"angelo2265","4","1","5"
"angeluki06","3","2","5"
"AngeryCat","3","2","5"
"Angmaestro","3","2","5"
"angry_cow_exe","3","2","5"
"ANGRY_CTHULHU","3","2","5"
"AngryKong","2","3","5"
"aniaam","2","3","5"
"anikulapo8","2","3","5"
"Anil95","2","3","5"
"Anilkumar789","2","3","5"
"Animara","3","2","5"
"Anirudh041","3","2","5"
"Anirvin200","3","2","5"
"Anis1821","3","2","5"
"Anish2023","3","2","5"
"Anish2069","1","4","5"
"Anisiia","3","2","5"
"ANJAN7688","2","3","5"
"Ankit2354","4","1","5"
"Ankura99","3","2","5"
"anmolkumar28032010","3","2","5"
"Ann260288","3","2","5"
"Anna_I_M26","2","3","5"
"Annachess_MAM","3","2","5"
"AnnaHomich","3","2","5"
"Annakostina16","3","2","5"
"annamuru","2","3","5"
"Annanazar","3","2","5"
"annapaul","3","2","5"
"Annapavlova22","3","2","5"
"annazeta","2","3","5"
"Anoanakia","2","3","5"
"AnomPraja","2","3","5"
"anonuemos","2","3","5"
"anonymealkholiker","3","2","5"
"Anonymous-AA","2","3","5"
"Anonymous4567","2","3","5"
"AnoopG84","2","3","5"
"Anotogaster","2","3","5"
"anouar85","2","3","5"
"ansandeltoro","2","3","5"
"Ansar1981","2","3","5"
"anshthechamp","3","2","5"
"Ansiolitico","2","3","5"
"Ansns8888","2","3","5"
"ansog","3","2","5"
"ansomyma","3","2","5"
"Ansor","2","3","5"
"ansu2022","3","2","5"
"Ant0991","2","3","5"
"Ant1","4","1","5"
"Antall","4","1","5"
"Antananarivochess","2","3","5"
"Antanta3","3","2","5"
"antaram","3","2","5"
"antclaro","3","2","5"
"Anthon_Arefyev","3","2","5"
"Anthony23kd","3","2","5"
"AnthraSith","1","4","5"
"antmad05","3","2","5"
"Anto28le","1","4","5"
"antoalvarez2","2","3","5"
"antobelli","3","2","5"
"Antoine_GBZ_44","3","2","5"
"Antoine34","3","2","5"
"Antoinemaille","3","2","5"
"Anton_Groshikhin","2","3","5"
"anton-2020","2","3","5"
"Anton466","3","2","5"
"AntonArhipow","3","2","5"
"Antonch033","3","2","5"
"antoncrazydude","3","2","5"
"ANTONICHIN1","3","2","5"
"Antonio2286","3","2","5"
"Antonio6106","3","2","5"
"AntonioBoxer","3","2","5"
"antoniodavidnar","2","3","5"
"antonioestevez","2","3","5"
"AntonioGuiMat","3","2","5"
"antonioiannone","2","3","5"
"AntonioITA","3","2","5"
"Antonionioni","2","3","5"
"Antoniperez","2","3","5"
"Antonmcs","2","3","5"
"AntonovichA","2","3","5"
"AntonWP","3","2","5"
"Antony0812","2","3","5"
"Antoshka_Cheh","3","2","5"
"AntrikshSingh15420","2","3","5"
"antulio07","2","3","5"
"anudeepsingh1986","3","2","5"
"Anurag_31","2","3","5"
"Anurag9211","3","2","5"
"anurit123","3","2","5"
"anvita20","3","2","5"
"anycomus2510","2","3","5"
"AnyeelCast","2","3","5"
"Aois","2","3","5"
"aonam2013-tb","2","3","5"
"AOXOMOXOA","2","3","5"
"aparakh","2","3","5"
"apataka","4","1","5"
"apatani","3","2","5"
"aphor1","2","3","5"
"api_sw","3","2","5"
"APOCALEXIS1009","2","3","5"
"apooamar","4","1","5"
"Apoorvanathan","2","3","5"
"Apprenti27","2","3","5"
"Aprel14","3","2","5"
"APTEM_KILICHENKOV","1","4","5"
"Aqeefirfan","3","2","5"
"Aquilegia","2","3","5"
"aquioattack","2","3","5"
"AR2503","3","2","5"
"ar9415","3","2","5"
"Ara_Mkrtchyan","3","2","5"
"Arab_Falcon202","3","2","5"
"Arabov1022","2","3","5"
"Aradhya111","2","3","5"
"Aram0525","2","3","5"
"Aram35","2","3","5"
"aramaico6","2","3","5"
"aramzzz666zzz","2","3","5"
"Arancratico","2","3","5"
"Arashazadi79","2","3","5"
"arashHatmi","3","2","5"
"arashyounesi","3","2","5"
"arastopsakal","3","2","5"
"arasu999","3","2","5"
"arataca","3","2","5"
"aravakula","2","3","5"
"ARAVIND_B","3","2","5"
"aravindsaravanan","2","3","5"
"Arcane2206","3","2","5"
"Arceus279","3","2","5"
"Arch-Angel","3","2","5"
"Archaean","2","3","5"
"Archie1981","3","2","5"
"Archiejoe","2","3","5"
"Archilson","2","3","5"
"architect_91","3","2","5"
"architectural","1","4","5"
"architkholiya","3","2","5"
"archwaseem","2","3","5"
"archy_type","2","3","5"
"ARCO37","2","3","5"
"arcorthe1andonly","2","3","5"
"Ard1336","4","1","5"
"ard16","4","1","5"
"ardabngll","3","2","5"
"ArdaTunay","1","4","5"
"Aref_club","3","2","5"
"AregM2014","3","2","5"
"arensw","3","2","5"
"AresWalker","3","2","5"
"Argenta1950","2","3","5"
"Arham999","4","1","5"
"Arhimet","2","3","5"
"Ari_LN","2","3","5"
"aria_2009","2","3","5"
"ArianaBarbie","3","2","5"
"Ariasjose22","3","2","5"
"ArielDP1978","3","2","5"
"arielkom","3","2","5"
"ArielSipalayCpsu","2","3","5"
"ariiiiikkkk","3","2","5"
"ArishaCh","2","3","5"
"Arishan9","3","2","5"
"Aristafan","2","3","5"
"Aristo_2202","3","2","5"
"Arix32","3","2","5"
"arjoncito51","3","2","5"
"ArjunaS","2","3","5"
"Arjunbelbase77","1","4","5"
"ArjunMunagala","3","2","5"
"ark0nik","3","2","5"
"arkadiuszr","4","1","5"
"Arkantos94B","3","2","5"
"arkasha48","2","3","5"
"Arlan_Chess184810","2","3","5"
"Arlyx123_Army","2","3","5"
"arman004","3","2","5"
"Armandenpls","3","2","5"
"ArMaout","2","3","5"
"Armen_Amatuni","2","3","5"
"Armenienne","3","2","5"
"ArmenMalxas","4","1","5"
"armin47","2","3","5"
"ArmouredPhantom","3","2","5"
"arnaldokiss","3","2","5"
"ArnaudLoc","2","3","5"
"arnav462","3","2","5"
"Arnavdub","3","2","5"
"ARNI0","2","3","5"
"ArNikoo","2","3","5"
"arnold12345678","3","2","5"
"ArnurJaq","2","3","5"
"AronBronstein","3","2","5"
"aroshaseyedi","3","2","5"
"ArpanDev-noob","2","3","5"
"arpit_20","2","3","5"
"arpitnema23","3","2","5"
"Arrakis1999","2","3","5"
"Arramadan","2","3","5"
"arsalan_iran","2","3","5"
"arsalen","2","3","5"
"Arsam2013","2","3","5"
"Arsamsshh","2","3","5"
"Arsek012","2","3","5"
"Arsen29062010","2","3","5"
"Arsenal_3","3","2","5"
"Arsenij02str","2","3","5"
"ArsenUP","3","2","5"
"Arseny-Lev_1402","3","2","5"
"Arseny1583","3","2","5"
"arsgrigo","2","3","5"
"Arshan1396","3","2","5"
"Arshiakarimiii","3","2","5"
"arsl001","3","2","5"
"Arslan268","3","2","5"
"Arslan5","3","2","5"
"Arsya_Duna","3","2","5"
"Art_2020_GUZ","3","2","5"
"Art133tem","2","3","5"
"artcol44","2","3","5"
"Artem13_79","1","4","5"
"ARTEM1405","2","3","5"
"ArtemEEE1","2","3","5"
"ArtemGubanov_31","3","2","5"
"Artemia2015","3","2","5"
"ArtemIv","3","2","5"
"ArtemIvanof","3","2","5"
"ArtemKonovalov130820","3","2","5"
"artemkrivtcov","1","4","5"
"ArtemPod","2","3","5"
"artemryabchun","2","3","5"
"ArtemRyzhkov","3","2","5"
"artemsapegin69","2","3","5"
"ArtemSheleg","3","2","5"
"ArtemSmirnov_2015","3","2","5"
"Artfex","2","3","5"
"Arthur94120","2","3","5"
"Arthurcms13","2","3","5"
"ArthurG8","2","3","5"
"artineslami91","3","2","5"
"Artion-Pro","3","2","5"
"artkart","2","3","5"
"artleshlock","3","2","5"
"Artoch","2","3","5"
"Artrk","3","2","5"
"Artshakir","2","3","5"
"Artur_Leschenko","3","2","5"
"ArTuR-GmB","3","2","5"
"Artur77777777","2","3","5"
"arturhie57021","3","2","5"
"Arturiosso","2","3","5"
"Arturito_Cegaton","3","2","5"
"ArturMakarov","3","2","5"
"Arty81","2","3","5"
"ArtyomBa2","3","2","5"
"arun3491","2","3","5"
"arungopal84","3","2","5"
"Arunsavi","3","2","5"
"arunvm","2","3","5"
"ARUP0004","1","4","5"
"arvindr9","2","3","5"
"arya_k16","3","2","5"
"Aryaaqiq","3","2","5"
"aryafathan","1","4","5"
"aryakhosari","3","2","5"
"aryaman042012","2","3","5"
"Aryaman11111","3","2","5"
"aryamannsharma18","3","2","5"
"aryan_gulati2012","3","2","5"
"Aryan120","2","3","5"
"aryanaf","3","2","5"
"AryanHaq","1","4","5"
"aryanroyal","3","2","5"
"AryanTyranny","2","3","5"
"aryapars73","4","1","5"
"aryas_r","2","3","5"
"as_mandal","1","4","5"
"as1976","1","4","5"
"as23yfyf","2","3","5"
"As3d77","2","3","5"
"ASD_79","2","3","5"
"ASD_RamazanYigit","2","3","5"
"Asd125","3","2","5"
"asd782301","2","3","5"
"Asel07","2","3","5"
"Asem_77","2","3","5"
"Asep_Sa","3","2","5"
"asezis","3","2","5"
"asgaikwad","4","1","5"
"ashcheulov1949","2","3","5"
"ASHE032","2","3","5"
"Asher_2012","3","2","5"
"AshimBiswas","2","3","5"
"ashinsakgedara","3","2","5"
"ashkan_nesh","2","3","5"
"Ashkanmomeni","3","2","5"
"Ashokkumaracharya","1","4","5"
"ashreeee","4","1","5"
"ashrekoooo","3","2","5"
"AshSyed","2","3","5"
"Ashton-B-OHES","3","2","5"
"AshviVK","3","2","5"
"ashwini30kumar_123","3","2","5"
"ashwinnr","3","2","5"
"ashwinverma","3","2","5"
"Ashwood66","2","3","5"
"AsianBishop","2","3","5"
"Asil20","3","2","5"
"Asise515","2","3","5"
"asja300","3","2","5"
"askasputis","2","3","5"
"Askold_Askold","3","2","5"
"Aslak999","4","1","5"
"Aslam8227","2","3","5"
"ASLANSR","3","2","5"
"ASMKarthik","2","3","5"
"asoch15","3","2","5"
"ASP75","2","3","5"
"Asphalteur","2","3","5"
"ASPIROVERT","2","3","5"
"asrjudicial","3","2","5"
"asrov111","2","3","5"
"assemmorales","2","3","5"
"Astah278","4","1","5"
"Astarog","3","2","5"
"asteroit","2","3","5"
"Astik1607","2","3","5"
"astomahi","2","3","5"
"astor57","3","2","5"
"astra_ad","3","2","5"
"Astra911","2","3","5"
"astral999","3","2","5"
"AstriInti","2","3","5"
"Astrolog_Mur","2","3","5"
"astronom77","2","3","5"
"Astruha","3","2","5"
"Astydromos","3","2","5"
"ASurya2013","3","2","5"
"asv70","2","3","5"
"asyaarihouu","2","3","5"
"ata20171b","2","3","5"
"atabeyligi","3","2","5"
"atahankural20171b","3","2","5"
"atakkloho","3","2","5"
"Atanya2021","3","2","5"
"Atap653","3","2","5"
"Ataskin28","2","3","5"
"Atef78","3","2","5"
"atelje","2","3","5"
"atghattas","3","2","5"
"athis_7373","2","3","5"
"athop22","3","2","5"
"athy14","3","2","5"
"atibabjk","2","3","5"
"atibehnaz","2","3","5"
"Atlagelyasinhocam","3","2","5"
"atlbart","2","3","5"
"atomic-jake","2","3","5"
"atomic126","2","3","5"
"atreusi","2","3","5"
"atreyagudur","1","4","5"
"AtrijRoy","3","2","5"
"ATS37","2","3","5"
"attackingoctopus","2","3","5"
"atttaqi789","3","2","5"
"aturhan03","2","3","5"
"atx_j97","2","3","5"
"auba1633","3","2","5"
"Auerberg55","2","3","5"
"AufderHeidebluth","3","2","5"
"aug80","2","3","5"
"Augosto2","3","2","5"
"Augustoguedes","2","3","5"
"AuliaNurZahirah","3","2","5"
"Aulus_XIII","3","2","5"
"Aunty_Julie","3","2","5"
"auopz","1","4","5"
"auos2010","2","3","5"
"AURAFLY","1","4","5"
"Aurimar","3","2","5"
"Aushiger","2","3","5"
"Austerlitz4beginners","3","2","5"
"Auzenl","2","3","5"
"Auzure22","3","2","5"
"Av221191360","1","4","5"
"AvAnEeT","2","3","5"
"avazimbetovyantar","4","1","5"
"AveMderWahre","3","2","5"
"AvertosChessFourth","2","3","5"
"avi_watwani","3","2","5"
"avilashkumar","2","3","5"
"Avin_Rose","3","2","5"
"avinash0504","2","3","5"
"aviroaan02","3","2","5"
"Avo100","2","3","5"
"AVS79","2","3","5"
"Avunculist","2","3","5"
"avyaanmital","2","3","5"
"Aw061229","3","2","5"
"awasthiananya","1","4","5"
"awdesq12","3","2","5"
"Awesomequeen64","2","3","5"
"awimberl","2","3","5"
"awnele06","4","1","5"
"Awsomeri","2","3","5"
"axan43","1","4","5"
"Axel_Unbarmherz","3","2","5"
"axeleh","3","2","5"
"Axeriox","2","3","5"
"axl156","2","3","5"
"ay-world","3","2","5"
"Ayaan_15","3","2","5"
"Ayaan_30","1","4","5"
"Ayan-hassan","3","2","5"
"Ayansh_sawant4","2","3","5"
"ayao58","2","3","5"
"AyasCagan","2","3","5"
"ayat_moro","3","2","5"
"ayato13","3","2","5"
"ayberk_celik","3","2","5"
"aydinusta","3","2","5"
"aydnasln","2","3","5"
"Aydorman","3","2","5"
"ayebee20","3","2","5"
"ayhanershad","2","3","5"
"AYKalugin","3","2","5"
"aykhanaliyev","2","3","5"
"AylakPeri","3","2","5"
"Ayman12938","3","2","5"
"AymanAmir","3","2","5"
"aymen1806","3","2","5"
"Aymeric_L","2","3","5"
"ayo1000000","2","3","5"
"AYOMIPOSI15","3","2","5"
"ayoob1987","2","3","5"
"Ayou_LI","2","3","5"
"ayoubichou","3","2","5"
"ayratgal","3","2","5"
"AyshaniPrash","1","4","5"
"AyumuN","3","2","5"
"Ayush176","3","2","5"
"Ayush1972011","4","1","5"
"AZ-5RAB","4","1","5"
"Az15122013","2","3","5"
"azadbaba12","3","2","5"
"azadvilla","3","2","5"
"azamasal","3","2","5"
"Azamatsh","2","3","5"
"Azamatzkhuy","2","3","5"
"AzarAzar","2","3","5"
"Azhar_Sakib","3","2","5"
"Aziz_Yousef","2","3","5"
"azkar1","2","3","5"
"Azmain_Fayek","2","3","5"
"Azotaqks2711","2","3","5"
"Azrel_JAcob","2","3","5"
"azzdmr123","3","2","5"
"B_Alimhanoff","2","3","5"
"b_william1991","2","3","5"
"b0bbydee","3","2","5"
"B0gDaN15","3","2","5"
"b2pGhost","3","2","5"
"b3b3hva","3","2","5"
"b4e5loses","2","3","5"
"b6448158sm","3","2","5"
"BA3bI4","2","3","5"
"Baal7","2","3","5"
"baantdeys","2","3","5"
"baba2016mohanty","2","3","5"
"babakshadroo","2","3","5"
"babakyamini","3","2","5"
"Babarobob","3","2","5"
"babulija","2","3","5"
"babulshukla","2","3","5"
"babuuushka","3","2","5"
"Babysonic2022","2","3","5"
"bacardibreezer","3","2","5"
"bacchusworm","4","1","5"
"baconNeggs","2","3","5"
"badalassi","3","2","5"
"badboychillercrew","3","2","5"
"Baddad1966","3","2","5"
"Bader1","3","2","5"
"badwolfe42","2","3","5"
"Baffett98","3","2","5"
"BAGEDA","2","3","5"
"Bagnov","2","3","5"
"BAH-Chika","2","3","5"
"Bahadir1967","2","3","5"
"Bahdag","3","2","5"
"Bahdyaro","3","2","5"
"baheej","3","2","5"
"Baher_Elgobashi","3","2","5"
"bahketnana","3","2","5"
"Bahmanshaafi","3","2","5"
"Bahodir1988","2","3","5"
"baibro16","3","2","5"
"baigashov","3","2","5"
"bair999","2","3","5"
"baitiquiri","2","3","5"
"Baittincarth","4","1","5"
"BaiturTash","2","3","5"
"Baizakov454868","3","2","5"
"bajo54","3","2","5"
"bakerkasparov","1","4","5"
"bakhuta","3","2","5"
"bakimos","2","3","5"
"BakriNass","3","2","5"
"balajisuyam1","2","3","5"
"balamut92","2","3","5"
"balintmisi1","2","3","5"
"baliwagan","1","4","5"
"ballerty","3","2","5"
"BalloonFight","3","2","5"
"BallWanger","3","2","5"
"Balmiki1989","2","3","5"
"Balouchileila400","2","3","5"
"balthazar2004","3","2","5"
"Balux17","3","2","5"
"Balzabouth","3","2","5"
"BAM_27","3","2","5"
"Bambarabiakirgudu","2","3","5"
"Ban20","2","3","5"
"BanalGenericName","2","3","5"
"BananaMaNN342","3","2","5"
"banderass","2","3","5"
"banditto666kj24","2","3","5"
"bang_8000","2","3","5"
"bang-bona","2","3","5"
"bangkitdananjaya","3","2","5"
"Bangkok153","2","3","5"
"BankaChesss","3","2","5"
"Bapimistry","2","3","5"
"BAPISANA","3","2","5"
"Bapubhakt","3","2","5"
"Barathiperumal","2","3","5"
"barbanexiu","2","3","5"
"Barbarita2021","2","3","5"
"BarbaryLion","2","3","5"
"Barbolem","2","3","5"
"BarBQ81","1","4","5"
"Bardiajanfeshan","3","2","5"
"bargayz","1","4","5"
"barhoumahsan","2","3","5"
"bariburiro","2","3","5"
"barixx","3","2","5"
"barme","3","2","5"
"BARONGKO","2","3","5"
"BaronGreenspawn","3","2","5"
"baroud682","3","2","5"
"barschina","2","3","5"
"BART_SIMPSON","2","3","5"
"BartdeGroot","2","3","5"
"BartekChudzinski","2","3","5"
"Bartok2023","2","3","5"
"Bartok631","3","2","5"
"Barzegar45","2","3","5"
"basataan","3","2","5"
"based_gionny","3","2","5"
"basheer2020","2","3","5"
"Basil_Bykov","2","3","5"
"Basil_Ruste","3","2","5"
"Basim_saleh","2","3","5"
"Baska777","2","3","5"
"basma1997","4","1","5"
"bassam916","3","2","5"
"bassel2016","2","3","5"
"Bastanov_Murat","4","1","5"
"Batistazoo","2","3","5"
"batrusska3","3","2","5"
"batuhanturkanx","3","2","5"
"Batukajang_Edi-J","3","2","5"
"batyazdes","3","2","5"
"BauerNummerDrei","3","2","5"
"BaurzhanDosanov","3","2","5"
"BaY0T","2","3","5"
"baya1964","2","3","5"
"Bayernmunchen_0","3","2","5"
"bayhan05","4","1","5"
"BayLil","4","1","5"
"bayoghaly","2","3","5"
"bazoftrope","2","3","5"
"Bazooka10","4","1","5"
"BaZooooo","4","1","5"
"bazzz08","3","2","5"
"bbarre","3","2","5"
"BBBQ","3","2","5"
"BBond","3","2","5"
"bbongcloud","2","3","5"
"BBOOKER","2","3","5"
"Bboy2500","2","3","5"
"BBQ88","3","2","5"
"Bdirhan","3","2","5"
"bdsterling","3","2","5"
"BeachyWaves","2","3","5"
"beanobi","2","3","5"
"BearMouse","2","3","5"
"BeastGohanAfrica","4","1","5"
"beaufel","2","3","5"
"BEBEPHENIX","2","3","5"
"Bedelov2005","2","3","5"
"bedirhanalidayan20","2","3","5"
"bedrook","2","3","5"
"beduda","3","2","5"
"beetlejuice541","2","3","5"
"begli6886","3","2","5"
"Begum2017","2","3","5"
"begur_srivatsa","3","2","5"
"BeHarmony","2","3","5"
"Behbudovhuseyn2013","2","3","5"
"behle123","2","3","5"
"Behluloz","3","2","5"
"behnam92","1","4","5"
"behnamsepahi","3","2","5"
"behzad_118","3","2","5"
"Behzadshz1","2","3","5"
"beinhad","3","2","5"
"Bekabratan","2","3","5"
"beke6404","2","3","5"
"Bekkar","2","3","5"
"Beko_ok","3","2","5"
"Bektam1","2","3","5"
"Bekzod_Akhmedov","2","3","5"
"belal00370","2","3","5"
"belenperezquispe","3","2","5"
"Belisarius533","3","2","5"
"belon76","2","3","5"
"BelovVA","3","2","5"
"BemBem11","2","3","5"
"Ben_Lwiz","2","3","5"
"Bence092","4","1","5"
"Bencelie08","2","3","5"
"BenedictBHermann","3","2","5"
"beng4412","3","2","5"
"beniitoo","2","3","5"
"BenitMartin7","3","2","5"
"benito777","3","2","5"
"benjaminpritchard","3","2","5"
"Benjii3","2","3","5"
"benjy_73","3","2","5"
"BennettGibson","2","3","5"
"Beno125","2","3","5"
"benodet2020","2","3","5"
"BenRose9","2","3","5"
"Bent77","2","3","5"
"BenWG","2","3","5"
"benzboard","3","2","5"
"BERAT4756","1","4","5"
"berecki1980","1","4","5"
"Berenucar","2","3","5"
"Bereza_Ivan","2","3","5"
"berfla","2","3","5"
"Bergrennen","2","3","5"
"berkay6765","2","3","5"
"Berkayb0","3","2","5"
"berkayguller","3","2","5"
"bernardopaulete","2","3","5"
"BernardVerna","1","4","5"
"Bernevin","2","3","5"
"Bero_19","2","3","5"
"bert1988","2","3","5"
"Berthog","3","2","5"
"beshin","3","2","5"
"BeshwyEzzet","3","2","5"
"BESIKI_TGM","2","3","5"
"besiktasai1","3","2","5"
"BeSPsiX","3","2","5"
"bestlife","2","3","5"
"BestofchessNiharika1","3","2","5"
"bestplayer2024ever","2","3","5"
"beta60","3","2","5"
"Beto1962","2","3","5"
"betopatruca","2","3","5"
"Betrix02","3","2","5"
"BeyzaAmine","2","3","5"
"BFeld6","3","2","5"
"Bgar99","4","1","5"
"bgd123","2","3","5"
"bgeller999","1","4","5"
"BGM_Luc","2","3","5"
"Bharathi1","2","3","5"
"bharathisankar","1","4","5"
"bhargav5657","1","4","5"
"bhaskararaolella","3","2","5"
"bhaski17","2","3","5"
"bhaveshchess3772727","3","2","5"
"Bheemi","3","2","5"
"Bhimsen1957","2","3","5"
"Bhokraft","2","3","5"
"Bhurast","2","3","5"
"bhuvanendran","2","3","5"
"bhuvnesht23","3","2","5"
"bhy1217","4","1","5"
"BiagioAntonimo","3","2","5"
"BiancaRafaPROCV","2","3","5"
"Biba_Artemiy","2","3","5"
"Bibbph07","2","3","5"
"bibeblou","3","2","5"
"Bibi47","3","2","5"
"bibka6666","2","3","5"
"BiClynt-Junior","2","3","5"
"bicofevo","2","3","5"
"bidushimunshi","3","2","5"
"biestoe","2","3","5"
"Big_aaon","1","4","5"
"big-o-clown","3","2","5"
"bigbotjustin","2","3","5"
"BigBoySam1911","1","4","5"
"bigchief420","2","3","5"
"bigdaddy811113","4","1","5"
"BigDumbRook","2","3","5"
"BiggusDingus222","1","4","5"
"biglebowsky38","2","3","5"
"BigMikePlaysE4","4","1","5"
"BigMonke420","2","3","5"
"BigOnBigHG","3","2","5"
"BigPawnz69","3","2","5"
"bigsimun","2","3","5"
"BigWorthyTime","3","2","5"
"Biich","2","3","5"
"Biju608414","1","4","5"
"bikaner","2","3","5"
"Biket","2","3","5"
"bilal_abdul20","3","2","5"
"bilalad","3","2","5"
"bilalfahim","2","3","5"
"BilalYemen123","3","2","5"
"bilbo27000","2","3","5"
"Bile","4","1","5"
"Bilguunjin","3","2","5"
"Bilirubin5","2","3","5"
"Biliyskli","1","4","5"
"Billioner","2","3","5"
"Billou_Gazouille","2","3","5"
"Billy_Jeean","2","3","5"
"BILLYLEE123","3","2","5"
"billysun","3","2","5"
"BillyTheVkid","3","2","5"
"binbag420","2","3","5"
"Binderiya","2","3","5"
"BinixOG","3","2","5"
"binyaminsloutskin","2","3","5"
"biofast2","2","3","5"
"Biopacal","2","3","5"
"bipindudhat","3","2","5"
"biplovebasel","4","1","5"
"bira_08","3","2","5"
"birgili1039449","3","2","5"
"Birsenkarlen","2","3","5"
"biryanitaccquito","2","3","5"
"bishop741","2","3","5"
"Bishoprunner","2","3","5"
"bishops_r_best","2","3","5"
"bishoy_ramez","3","2","5"
"Bislan75","3","2","5"
"bist25","2","3","5"
"Biszk0pt","3","2","5"
"bitcoin_fan","3","2","5"
"Bitiev","2","3","5"
"Bitter_Blood","2","3","5"
"biv64","3","2","5"
"bjaddni","2","3","5"
"Bjaser","2","3","5"
"Bjk2524","2","3","5"
"Bjornkodiak","2","3","5"
"bk249","3","2","5"
"bkesss","3","2","5"
"BKS62","2","3","5"
"Bkzs","2","3","5"
"bl17zx","3","2","5"
"Bl1tzPlayeR18","2","3","5"
"Bl3ssed","2","3","5"
"Black_Horse_AK_72","3","2","5"
"Black_pearl_07","1","4","5"
"Black-Star12","3","2","5"
"Black85eagle","3","2","5"
"blackboysandy","2","3","5"
"BlAckBumblebEE","3","2","5"
"blackinvisible","3","2","5"
"BlackKing25","2","3","5"
"blacklist5","2","3","5"
"Blackmooooo","2","3","5"
"Blacknite73","3","2","5"
"bladderwrack","3","2","5"
"BladeXuWu","3","2","5"
"bladimir1720","2","3","5"
"BlakieBoo","2","3","5"
"Blakout","3","2","5"
"Blank241","3","2","5"
"Blasdelezo","1","4","5"
"blastsasa1234","2","3","5"
"BlasyPop","2","3","5"
"Blaunase","3","2","5"
"Blenk","2","3","5"
"blessed222","1","4","5"
"BlessedGoat","2","3","5"
"blessedmind","3","2","5"
"Bleumec","3","2","5"
"BleuThompson","2","3","5"
"blind_show","3","2","5"
"BlobbFish","2","3","5"
"blochi","2","3","5"
"BloodDrx","2","3","5"
"Bloodsito","3","2","5"
"blorgdaglorb","3","2","5"
"blosa1","3","2","5"
"blue_Echo","2","3","5"
"blue2112","3","2","5"
"bluebe29","2","3","5"
"bluedoor","1","4","5"
"BlueMoonNight","2","3","5"
"BlueTang74","3","2","5"
"bluewhite957","2","3","5"
"blunder_lich","3","2","5"
"blunder1111","3","2","5"
"BlunderBus6","2","3","5"
"Blunderererer","3","2","5"
"blunderthe1st","3","2","5"
"bluxcoz","4","1","5"
"BMayushMishra","3","2","5"
"Bmorales","3","2","5"
"BMUD","1","4","5"
"bmv7777","2","3","5"
"bmvp","3","2","5"
"bmw98","3","2","5"
"bnavazo1981","3","2","5"
"bnpeele","2","3","5"
"bob_savanne78","2","3","5"
"Bob_Trac","3","2","5"
"BobbiDev","2","3","5"
"bobbywhite","4","1","5"
"boberzzz","3","2","5"
"Bobi1982","3","2","5"
"Bobk9","4","1","5"
"boblach40","3","2","5"
"bobm17","2","3","5"
"bobnor","3","2","5"
"Bobo_Riks","3","2","5"
"boboboiiiiii","2","3","5"
"BOBOV12","3","2","5"
"bobr66","1","4","5"
"bobrik1941","3","2","5"
"Bobrolog","3","2","5"
"boby-3411","3","2","5"
"bochum8zehn48","3","2","5"
"bodilima","2","3","5"
"boduripek","2","3","5"
"Boedo-1908","2","3","5"
"BoffoNasorosso","2","3","5"
"Bogdan_2a","3","2","5"
"Bogdan321","3","2","5"
"Bogdan7","3","2","5"
"Bogdan8204","2","3","5"
"Bogdan9498","1","4","5"
"Bogdanrdn","3","2","5"
"bogie91","3","2","5"
"bogusy","2","3","5"
"Bogyo_ur","2","3","5"
"Boink","3","2","5"
"bojanglesangles","2","3","5"
"Bol_chantant","2","3","5"
"bolajist","2","3","5"
"boldoo1981","3","2","5"
"boletus3","3","2","5"
"BolortuyaTse","2","3","5"
"Bombinho","2","3","5"
"Bombos2280","3","2","5"
"bonacera3","2","3","5"
"BonaparteVII","2","3","5"
"bonarringin","3","2","5"
"bonexking","3","2","5"
"Boniekk23","2","3","5"
"BonitopMK","3","2","5"
"Bonmia","3","2","5"
"BonsaiNels","2","3","5"
"Bonxu","3","2","5"
"bonzaist","3","2","5"
"booger99","2","3","5"
"book699","2","3","5"
"BOOMBOOMMATE","2","3","5"
"Boomisanthosh6666","2","3","5"
"Boranbilfen3","3","2","5"
"BoratGollum","2","3","5"
"bordon32","2","3","5"
"boredg4mes","2","3","5"
"BoredPlaying","3","2","5"
"boredstudent26","2","3","5"
"borg3","2","3","5"
"boris049","3","2","5"
"borisjohnsonII","3","2","5"
"borisla","4","1","5"
"BorisPatzernak","2","3","5"
"BorisSwo","4","1","5"
"Borkosah","2","3","5"
"bornopenhymer","2","3","5"
"boronsky","3","2","5"
"borsosistvan44","4","1","5"
"BorzoAzizi2022","2","3","5"
"Boss_chris008","2","3","5"
"BOSS_R","2","3","5"
"BossAlikhan","3","2","5"
"Boston063","1","4","5"
"Bot1361","2","3","5"
"Bot39","2","3","5"
"Botxi","2","3","5"
"bouma1","3","2","5"
"Bourgineo","3","2","5"
"bousahlamajda","3","2","5"
"Bovomate","2","3","5"
"Bowlet","1","4","5"
"Boyaroslav","2","3","5"
"boylucas","4","1","5"
"BozoMorphy","2","3","5"
"bpotter87","3","2","5"
"bpowers155","2","3","5"
"brababas","4","1","5"
"bragadino","3","2","5"
"braintrap1","3","2","5"
"brakhma","2","3","5"
"brannonmassey","3","2","5"
"brausefrosch","2","3","5"
"BraveRhinoceros","3","2","5"
"Brayan-Bahoruco","3","2","5"
"Brazdanski","3","2","5"
"BrazilianBlueFish","4","1","5"
"bredhappy","2","3","5"
"breeme","2","3","5"
"Breezywilz","3","2","5"
"Brenny15","4","1","5"
"Brett04092","3","2","5"
"Brian_vasquez","3","2","5"
"brianpeter","3","2","5"
"BRICSV","3","2","5"
"BriggySoCute","3","2","5"
"brigittekoch","2","3","5"
"bril_86","2","3","5"
"Brilliants-1235","2","3","5"
"BriPuridore","3","2","5"
"brissa","4","1","5"
"britewire","2","3","5"
"Britvich","3","2","5"
"brkcngzzz","2","3","5"
"BRKDBasnayaka1","2","3","5"
"broccolusitanu","4","1","5"
"brodlt","2","3","5"
"brojjedan","2","3","5"
"bRoKo","2","3","5"
"Bronis79","3","2","5"
"brontoxxx","2","3","5"
"BroodjeKaas369","3","2","5"
"Brooksider","4","1","5"
"brooksonpreston","1","4","5"
"brothermom","3","2","5"
"Brotherps2","3","2","5"
"BrownBread","2","3","5"
"Brucelee1906","4","1","5"
"Brucha","2","3","5"
"brudolfi","3","2","5"
"brumbrum1997","2","3","5"
"Brunehault","2","3","5"
"brunere","2","3","5"
"Bruno_1987","2","3","5"
"bruno23893","3","2","5"
"bruno84","3","2","5"
"brunobos94","3","2","5"
"BrunoBr3","2","3","5"
"bruzuu","3","2","5"
"BryanFabros","3","2","5"
"bryanheffner","2","3","5"
"bryanmunguia","3","2","5"
"bryanzhang","3","2","5"
"Bryce24","2","3","5"
"Bsaguirre","3","2","5"
"bt799","2","3","5"
"btt888","2","3","5"
"buba6","2","3","5"
"buban2014","3","2","5"
"BubbleFycker","3","2","5"
"Buca3","2","3","5"
"buck34","3","2","5"
"bucketov47","3","2","5"
"BuckyWootmaster","2","3","5"
"Bucon","3","2","5"
"buddhasmiling","3","2","5"
"budic","2","3","5"
"buenoedgar47","3","2","5"
"Bufarhan","1","4","5"
"bugAtti_queEn","1","4","5"
"Buggy21","2","3","5"
"bugi1960","3","2","5"
"BUICONGHUAN","3","2","5"
"bulent3951","2","3","5"
"BullDog72","2","3","5"
"bullet12345678","3","2","5"
"Bulletboy0911","3","2","5"
"bulutatlasalemdar","2","3","5"
"bumpywater","3","2","5"
"Bunbury","1","4","5"
"burakmuratpulat","2","3","5"
"burakpadir","3","2","5"
"BuravlevYuri","3","2","5"
"Burguesinha","3","2","5"
"burhankorkmaz","1","4","5"
"Burke_S17","2","3","5"
"Burkina2","3","2","5"
"buschido1981","2","3","5"
"Busebert","3","2","5"
"buszos1976","4","1","5"
"Butusov-SL","3","2","5"
"BuyuBozuldu","2","3","5"
"buzz2012","2","3","5"
"BV_Davaadalai","3","2","5"
"bwa0927","3","2","5"
"Bwahaha","3","2","5"
"bx_1391","2","3","5"
"bxdfm13","4","1","5"
"byadav2","3","2","5"
"bykocer","3","2","5"
"BykovRNvr","2","3","5"
"byte2eat","3","2","5"
"c_r_e_s_t","2","3","5"
"c0g4i_h4l4n","3","2","5"
"c0rd_me","3","2","5"
"c1q","3","2","5"
"c233","3","2","5"
"c88phuchung","2","3","5"
"Cabael","2","3","5"
"caballocojo54","2","3","5"
"caballolsentado","4","1","5"
"caballotroton","3","2","5"
"cabet64","2","3","5"
"cabre74","3","2","5"
"CachaMaleeka","4","1","5"
"cacondemoneco","2","3","5"
"cagtay781","2","3","5"
"CAH9I123","3","2","5"
"CaioLeicam9","1","4","5"
"caissa-x","2","3","5"
"caitini","2","3","5"
"Caitonto","3","2","5"
"cajitadecerillas6","2","3","5"
"cakehatmilady","3","2","5"
"Cakvia","1","4","5"
"cal1953","3","2","5"
"Caleb53","2","3","5"
"call-to-arms","3","2","5"
"Call0me0master","1","4","5"
"callmethegooat","3","2","5"
"Calob","3","2","5"
"calucha823","2","3","5"
"calvingoh","2","3","5"
"Calzzy21","2","3","5"
"camachoulises756","2","3","5"
"cambaz08","3","2","5"
"cambrito","3","2","5"
"camharm84","2","3","5"
"Cami1997","1","4","5"
"camilopoav","2","3","5"
"Camper_Franz","4","1","5"
"camprubicanas1947","2","3","5"
"Campuluineag","2","3","5"
"Camrram53","3","2","5"
"camtrungten","3","2","5"
"Can_ceylan0","2","3","5"
"CANADAY","3","2","5"
"Canario_9120","3","2","5"
"Canias2","3","2","5"
"cankoc0640","3","2","5"
"canozkanmusic","3","2","5"
"CanUysal13","2","3","5"
"CAO0313","2","3","5"
"CapableFarmer","3","2","5"
"capflip","3","2","5"
"Capital0","2","3","5"
"CapitanGZ","1","4","5"
"capitolino","2","3","5"
"Capivarinha54","2","3","5"
"caprashantv","3","2","5"
"capry514","3","2","5"
"Capta1n_Amer1ca","3","2","5"
"Captain_Smart","4","1","5"
"captainEL8","2","3","5"
"captainyoung","2","3","5"
"Capten07","2","3","5"
"CaptinJohnaldEsqure","3","2","5"
"Capybara2011","3","2","5"
"caracolius","2","3","5"
"caradhras27","3","2","5"
"cardguy3","3","2","5"
"Cardiff54","2","3","5"
"cariocaaprendiz","2","3","5"
"carl_roger","2","3","5"
"Carleonsfigur","2","3","5"
"CarlettodelCep","2","3","5"
"carlialfonso","2","3","5"
"Carlineczek","2","3","5"
"carlita_27","2","3","5"
"carlo-bellisario","3","2","5"
"Carloecarla19","4","1","5"
"CarloSalv","3","2","5"
"carlosdiaz2016","3","2","5"
"CarlosLaurente","2","3","5"
"CarlosMagno_CXTR","3","2","5"
"CarlosPita","3","2","5"
"CarlosRamosPt","3","2","5"
"CarlossDG","2","3","5"
"Carlossen","2","3","5"
"carlsenrov","3","2","5"
"carmelomiguel","3","2","5"
"carminepiacentile","3","2","5"
"carobay","4","1","5"
"CarongWB","2","3","5"
"carp0912","3","2","5"
"carpe21","3","2","5"
"CarpeDiem04","3","2","5"
"Carpovcasparov","2","3","5"
"carsinoma-peritonei","3","2","5"
"cartertaylorjones","2","3","5"
"cartgolf1","3","2","5"
"Cartman_1","3","2","5"
"Cas_sandra","2","3","5"
"caselles","2","3","5"
"cassiayeshua30","2","3","5"
"castaway0913","3","2","5"
"Cat-W","2","3","5"
"cataramba2000","2","3","5"
"CatBegemot03","3","2","5"
"catgut","2","3","5"
"Cathjake15","3","2","5"
"catlady92","3","2","5"
"catlop1qp","2","3","5"
"catulillo","3","2","5"
"Catull","2","3","5"
"Caus34","3","2","5"
"CavaglieriIvo","2","3","5"
"cavalier0001","3","2","5"
"Cavallo3","3","2","5"
"caveman4u","2","3","5"
"Cawuth","3","2","5"
"caxak123","3","2","5"
"caxueky","2","3","5"
"Caycihuso","1","4","5"
"Caydogan01","3","2","5"
"cazrasp","3","2","5"
"CB_Aaron","3","2","5"
"cb_mariserla","3","2","5"
"CB_YuvaanSingh","2","3","5"
"Cb1984","2","3","5"
"cba4081ilan","2","3","5"
"cbbr","3","2","5"
"cbm1chess","3","2","5"
"CBRajeshkumar","2","3","5"
"ccfrubi12","2","3","5"
"cclejoueurdechec","3","2","5"
"cclp2014","2","3","5"
"CCN_RyanR","2","3","5"
"ccolombo00","2","3","5"
"Ccolt","2","3","5"
"cctygeht","3","2","5"
"CEA4084_Danish","2","3","5"
"cecetkaudo","2","3","5"
"ceci1020","2","3","5"
"CEDHALDMR","3","2","5"
"cedricgi","3","2","5"
"celestelosada","3","2","5"
"Celestial12","3","2","5"
"Celionati","3","2","5"
"Celso23","3","2","5"
"celuco","3","2","5"
"CemalTheMM","2","3","5"
"cepx","2","3","5"
"Cer77","3","2","5"
"cerb1us","3","2","5"
"CerbuCrb","2","3","5"
"Cerechess","2","3","5"
"CerenD10","3","2","5"
"Cerg1955","2","3","5"
"CERGEI-1955","2","3","5"
"CerquaX","3","2","5"
"cescofry","3","2","5"
"cevdet2025","3","2","5"
"Ceydaceyda16","1","4","5"
"ceydayilmazer","1","4","5"
"cfadepaula215","2","3","5"
"CG-19","3","2","5"
"CGR065","2","3","5"
"Ch64Ch","3","2","5"
"ChaitraKiran08","3","2","5"
"chalimoo","2","3","5"
"Chaman12345","3","2","5"
"Chami_jbc","3","2","5"
"champion_gambit","3","2","5"
"champion11223344","2","3","5"
"champion1357","3","2","5"
"Champion71","4","1","5"
"Chanakya234","3","2","5"
"Chance5","3","2","5"
"Chancentot","1","4","5"
"changsky","3","2","5"
"Chanidu2014","2","3","5"
"chaoscontrol888","3","2","5"
"chaoscs","2","3","5"
"chapotim","2","3","5"
"charcos59","2","3","5"
"charles_dance","2","3","5"
"Charles-U","3","2","5"
"charleskastner1","3","2","5"
"Charlie_Li","2","3","5"
"charliebrowngnarly","3","2","5"
"charliemccarron","2","3","5"
"charlycharly","2","3","5"
"charlymagic","2","3","5"
"charmioff","3","2","5"
"charo","2","3","5"
"charolatte","4","1","5"
"Charon_Styx","3","2","5"
"Charvi1","3","2","5"
"Charzard78","3","2","5"
"Chastronaute","1","4","5"
"chatlanin02","2","3","5"
"Chawanwit","2","3","5"
"chazminda","1","4","5"
"Chazov_Vad","3","2","5"
"ChazutaCotoca","2","3","5"
"CHchessik","3","2","5"
"Cheba1","3","2","5"
"checheko","3","2","5"
"check47","3","2","5"
"checkag","2","3","5"
"checker-vom-neckar","3","2","5"
"checkmate4_4","3","2","5"
"CheckmateChamp10","4","1","5"
"checkmater2013","3","2","5"
"CheckNate75","3","2","5"
"Cheeeezychess","3","2","5"
"Cheetarrieh","2","3","5"
"CheeYiKen","3","2","5"
"chefcheoen","1","4","5"
"ChelseaWahid13","2","3","5"
"Chemial","2","3","5"
"Chendor","3","2","5"
"chenelleasis","2","3","5"
"Chennuo","1","4","5"
"CheongXanVann","3","2","5"
"CHEPEFORTUNA12","2","3","5"
"Chepux1","3","2","5"
"cherihBUO","2","3","5"
"chernikov_dima","3","2","5"
"cherryoreo","2","3","5"
"ChesapeakReaper","2","3","5"
"cheshiracat","3","2","5"
"Chesita","2","3","5"
"chesperance","3","2","5"
"Chesquedele","2","3","5"
"chess_alex1968","2","3","5"
"Chess_is_nice64","2","3","5"
"Chess_Navigator","4","1","5"
"Chess_NewGame","2","3","5"
"Chess_padawan87","2","3","5"
"chess_player_077","2","3","5"
"chess_RAK","2","3","5"
"Chess_Strongman13","1","4","5"
"Chess_Topgun","1","4","5"
"chess101xxxxx","2","3","5"
"chess19933","3","2","5"
"chess642642","2","3","5"
"ChessAbinsk","2","3","5"
"chessadkt","3","2","5"
"ChessAFR","2","3","5"
"ChessAres07","3","2","5"
"Chessarian1","3","2","5"
"chessashwin1","2","3","5"
"ChessAtNight","2","3","5"
"chessbaba40","2","3","5"
"chessboardfull","3","2","5"
"ChessBRE2023","2","3","5"
"chessbusiness101","2","3","5"
"chesschamp3982","2","3","5"
"chesschampisme","1","4","5"
"chesschef11","3","2","5"
"chessduck97","3","2","5"
"chessfan21","3","2","5"
"chessfear7","3","2","5"
"ChessFireFox","3","2","5"
"chessfred222","2","3","5"
"ChessGospel","3","2","5"
"chessgrpb","2","3","5"
"Chessguru666","2","3","5"
"chesshooks","3","2","5"
"Chessinan","2","3","5"
"ChessisSpectacular56","3","2","5"
"chessjoku","2","3","5"
"Chesska_Knight","2","3","5"
"chesskhahankem","3","2","5"
"CHESSKING524","3","2","5"
"Chessman123k","3","2","5"
"chessmatewarrior","3","2","5"
"chessmax420","3","2","5"
"chessmonkey_durban","3","2","5"
"ChessNerdSummers","3","2","5"
"ChessNessMess","3","2","5"
"chessnika","3","2","5"
"ChessNoobAsss","3","2","5"
"ChessNut147","3","2","5"
"chessofthetrees","3","2","5"
"chessonmars","3","2","5"
"chessoogle","1","4","5"
"chessoopa","2","3","5"
"Chessovic83","3","2","5"
"ChessPlayer5243","3","2","5"
"ChessReapter","2","3","5"
"chessRotterdam","3","2","5"
"CHESSS_420","2","3","5"
"Chesss-Cing","4","1","5"
"Chesss35","2","3","5"
"ChessSlaugh1er","2","3","5"
"chesster_83","3","2","5"
"chessterz07","3","2","5"
"ChessTitan17","3","2","5"
"chesstpb","3","2","5"
"chessvault","1","4","5"
"chessvetal","3","2","5"
"chessworm1212","3","2","5"
"chessxyzrg","3","2","5"
"chesternf","3","2","5"
"chesterol","3","2","5"
"Chesterpogi","3","2","5"
"Chesumare6","3","2","5"
"CHEVALIERDAZUR","2","3","5"
"cheztomo","3","2","5"
"chezzRat","2","3","5"
"CHIA-EL-PROHIBIDO","2","3","5"
"chiadedafrique","3","2","5"
"chiaramuuh","3","2","5"
"ChiccoCerveza","2","3","5"
"CHICKBEEENUGGETS","2","3","5"
"chicken_fingers","4","1","5"
"ChickyNug","1","4","5"
"chicojonez","2","3","5"
"chiculya","2","3","5"
"chiefpriest1","2","3","5"
"Chilipalmer88","1","4","5"
"Chill_1na","3","2","5"
"Chillout_together","3","2","5"
"Chimitcyrenov","2","3","5"
"chinabanks","2","3","5"
"chinatov","2","3","5"
"CHINDOKA","2","3","5"
"Chinomario","2","3","5"
"Chipon2324","3","2","5"
"Chiru000","3","2","5"
"chirwaa","2","3","5"
"chithragh","2","3","5"
"chitransh_pthk","2","3","5"
"chivocarp9","3","2","5"
"ChMaAd","3","2","5"
"chmk83094","2","3","5"
"chockz","2","3","5"
"chonseng","3","2","5"
"Chopikroman","3","2","5"
"Chorypastor","3","2","5"
"ChowPizz","2","3","5"
"chris17260","3","2","5"
"ChrisHoff93","2","3","5"
"Chrisi099","3","2","5"
"chriskont2","3","2","5"
"chrispy993","3","2","5"
"Chrissychichikay","3","2","5"
"ChristHimself","2","3","5"
"Christian188","3","2","5"
"ChristianGeuer","2","3","5"
"cHRISTOPH64","3","2","5"
"christophe26","3","2","5"
"christoumbas","3","2","5"
"ChristPowel","2","3","5"
"ChrRadich","2","3","5"
"chsarath","4","1","5"
"chslvr","3","2","5"
"chsmesquita","3","2","5"
"Chubakarubaka","3","2","5"
"chuckcjg","2","3","5"
"Chudastik","2","3","5"
"Chudo_Diana","2","3","5"
"chugachchutzpah","2","3","5"
"Chuk1968","3","2","5"
"chulohulo","3","2","5"
"chuminhvu","2","3","5"
"ChunkyJan","2","3","5"
"Chupachichi","3","2","5"
"Chupalino","2","3","5"
"churikov_Vanya","3","2","5"
"chuybacio","3","2","5"
"chyllywhilly","2","3","5"
"CiaCha4U","2","3","5"
"ciak5","3","2","5"
"ciccioccia","3","2","5"
"cicero11","1","4","5"
"cicero62","3","2","5"
"cicloaje","3","2","5"
"cigarroindigena","2","3","5"
"cigdemsekerci79","3","2","5"
"cigo1966","2","3","5"
"cigs8228","2","3","5"
"cihangirselman","4","1","5"
"Cihanx6055","3","2","5"
"cimy18","3","2","5"
"Cin_Kin","3","2","5"
"cinaahmadii","2","3","5"
"Circart62","2","3","5"
"Cirioss","2","3","5"
"ciroautobot","3","2","5"
"cirulnik","2","3","5"
"cisco2022","3","2","5"
"citprofi","4","1","5"
"Ciullit","3","2","5"
"Civilengineer7","1","4","5"
"Civility","2","3","5"
"civilpegou","3","2","5"
"ciwicristian","2","3","5"
"cjbritoc","3","2","5"
"CJJDJ","2","3","5"
"ck_45d","2","3","5"
"CKyle777","4","1","5"
"Claracsum","3","2","5"
"Claudio1597","2","3","5"
"claudiomortola","2","3","5"
"claudiorec","2","3","5"
"Claudomir","3","2","5"
"Claus_71","4","1","5"
"clayslay25","2","3","5"
"Cleitonmoura","3","2","5"
"Clem_La_Fripouille","3","2","5"
"Clement1205","3","2","5"
"Clementell","3","2","5"
"clemm70","3","2","5"
"clemmm_36","3","2","5"
"ClemPhe95","3","2","5"
"Clemquehueva","3","2","5"
"clemzy147","1","4","5"
"Clever_Monster","3","2","5"
"Cleversonmarcio","3","2","5"
"clinton2802","2","3","5"
"clockwork60","3","2","5"
"clockworkalex","2","3","5"
"cloudy88","3","2","5"
"cloutmaster05","3","2","5"
"clubbag","4","1","5"
"cluelessbystander","3","2","5"
"Cluelessperson9182","3","2","5"
"clunky_and_improving","2","3","5"
"cmarinroj","2","3","5"
"cmatten","3","2","5"
"Cmbors","3","2","5"
"cmpkdrnr","3","2","5"
"cmvikramaditya","3","2","5"
"cn7249","2","3","5"
"CNR_117","2","3","5"
"coachmannywise","2","3","5"
"Coco3105","1","4","5"
"CocoLores","4","1","5"
"coepscorpio","3","2","5"
"coffee_toad","2","3","5"
"coffeeXtea","2","3","5"
"coirre","3","2","5"
"cojic79","2","3","5"
"Coklatmilo128","3","2","5"
"colbrotha","3","2","5"
"coleendaler","3","2","5"
"colinadelaluna","2","3","5"
"collectiveunconsc","3","2","5"
"colo62","3","2","5"
"ColonelMustard1","3","2","5"
"Colorado88","3","2","5"
"comebackzinc","2","3","5"
"Comerad_ogilvy","3","2","5"
"CommonerChess","3","2","5"
"comp1337","3","2","5"
"Computo3142","2","3","5"
"Comrad10","2","3","5"
"Comrade-174","2","3","5"
"Conanthedestroyer8","3","2","5"
"Concejero","3","2","5"
"Conde123","2","3","5"
"Condor34","3","2","5"
"conflusion","1","4","5"
"CoNicSec","3","2","5"
"conkic","2","3","5"
"conmechefe","2","3","5"
"ConnorKeup","2","3","5"
"conqueeftador6969","2","3","5"
"Conqueror_sunil","3","2","5"
"ConSchu","2","3","5"
"Contr_Archimat","2","3","5"
"ContraGuy","2","3","5"
"convex1","2","3","5"
"Cookedroo","3","2","5"
"Cookio03","3","2","5"
"Cool_Doctor264","2","3","5"
"Coolani","2","3","5"
"CoolChessPlayer6","3","2","5"
"coolcorona","3","2","5"
"copydog123123123","3","2","5"
"cordobamm","2","3","5"
"CorexX","2","3","5"
"Corey_The_Glory","3","2","5"
"corfiotis","4","1","5"
"Corn1079","2","3","5"
"Corn3rstone","3","2","5"
"Cornelius1989","2","3","5"
"Corpsarella","3","2","5"
"Corrado101","3","2","5"
"Corvo_Attano13","3","2","5"
"cory395","3","2","5"
"Cosar05","3","2","5"
"Cosianfiro","3","2","5"
"CostaRica5","2","3","5"
"cotyccc","2","3","5"
"couchpotato110","3","2","5"
"courage212","3","2","5"
"coutlas","2","3","5"
"Coyote013","3","2","5"
"CoyoteCarl","2","3","5"
"cploton","1","4","5"
"cpndoodoo","3","2","5"
"cportillo","2","3","5"
"cpproekt","2","3","5"
"Cptnbfhrt","2","3","5"
"Crabcake","3","2","5"
"Craig4Sho","2","3","5"
"CraigReptar","4","1","5"
"Cram77","1","4","5"
"Craneo","4","1","5"
"crash14081987","2","3","5"
"crasievitch","3","2","5"
"Cratwich","3","2","5"
"CrazyBishopGR","3","2","5"
"CrazyDarkHorse29","3","2","5"
"Crazykimo9111","2","3","5"
"crc21","2","3","5"
"Cribattle","3","2","5"
"CrisanMihai7","2","3","5"
"CrisLorde","2","3","5"
"Cristian_Popa","2","3","5"
"cristobalgr","2","3","5"
"crisu100pro","2","3","5"
"crna_plavusa","3","2","5"
"croati","2","3","5"
"cruin","3","2","5"
"crumby210","2","3","5"
"cruzito1002","3","2","5"
"Crypto22","1","4","5"
"cs65","3","2","5"
"Csaku","3","2","5"
"csalazar1992","3","2","5"
"csbaladhiya","2","3","5"
"CSM_Chess_745","3","2","5"
"csmithers15","4","1","5"
"Csoca71","2","3","5"
"csquare_97","2","3","5"
"Csuazo28","3","2","5"
"CTAJIIH","2","3","5"
"CTEnAHbl472","3","2","5"
"CTH_DNMinhTri2013","3","2","5"
"cthutq-cfvjqktyrj","3","2","5"
"CTO1984","2","3","5"
"Ctvty","3","2","5"
"Cuba1609","3","2","5"
"CubingGod","2","3","5"
"cucaramianes","3","2","5"
"cucumba_28","3","2","5"
"CuentaDeAjedrez_07","3","2","5"
"cuestar","3","2","5"
"Culakola","2","3","5"
"Curelaru","2","3","5"
"CuriousMax","3","2","5"
"CursedOrange","2","3","5"
"Curt3087","2","3","5"
"curuxa_a","3","2","5"
"cutago","2","3","5"
"cutken","3","2","5"
"cvicenie2","2","3","5"
"cvictorlemos","3","2","5"
"cxde","3","2","5"
"Cxrsedgirl","2","3","5"
"CyberKnightSus","2","3","5"
"Cydonia7","3","2","5"
"CYH123","2","3","5"
"Cyracon","2","3","5"
"cyrovespa","2","3","5"
"Czarny222","4","1","5"
"D_Aletz","3","2","5"
"d_m_p","3","2","5"
"d-chesssmith","2","3","5"
"d-junior","3","2","5"
"D10S_maradoniano","3","2","5"
"D170152","3","2","5"
"D1751abigmonster","3","2","5"
"d28387447","3","2","5"
"D2843973","3","2","5"
"d3d3006","2","3","5"
"D3xt3rWhite","2","3","5"
"D4C_LOVE_TRAIN","2","3","5"
"d4erz","3","2","5"
"D4rkfl4sh","3","2","5"
"da_88","2","3","5"
"da99c","3","2","5"
"daaleksandrov","3","2","5"
"DaBozo","3","2","5"
"dabralofdabar","2","3","5"
"Dachessdon","2","3","5"
"DAD66","1","4","5"
"dadac_C","3","2","5"
"daddy_hangs_queens","3","2","5"
"daddy_jake","2","3","5"
"dadipoor1212","2","3","5"
"Daecur","3","2","5"
"daemong1","3","2","5"
"dafa69","2","3","5"
"dafidi","3","2","5"
"Dafile","3","2","5"
"DagKing","3","2","5"
"Dagothwave","3","2","5"
"DAHMANI","2","3","5"
"daimaruu","3","2","5"
"Daisetsu","1","4","5"
"Daktari1","2","3","5"
"Dalal02088","1","4","5"
"Daler123456","2","3","5"
"DaLlanosR","1","4","5"
"DallaRiva","2","3","5"
"DalsimJungle","3","2","5"
"dam3kzone","2","3","5"
"Damablanca42","2","3","5"
"Damaco1311","3","2","5"
"Damax1","2","3","5"
"DAMIAN_VIT","3","2","5"
"Damian-12","3","2","5"
"damian1986s","3","2","5"
"Damienjegan2011","2","3","5"
"Damik83","2","3","5"
"damnlorenz","2","3","5"
"Damnwriter","3","2","5"
"DAMOCLES047","2","3","5"
"damons683","2","3","5"
"damophoto","3","2","5"
"DamsuwaDNL","2","3","5"
"Dan__G","2","3","5"
"Dan_Bijbob","3","2","5"
"Dan_Racela","4","1","5"
"Dan2017","3","2","5"
"dan22830","3","2","5"
"dan2out","2","3","5"
"Danant75","3","2","5"
"danardepe","2","3","5"
"danass","3","2","5"
"Danchessss","2","3","5"
"Dande11on","3","2","5"
"dangelino","2","3","5"
"DangerDan75","2","3","5"
"Danglars2020","2","3","5"
"danglechess","2","3","5"
"DangPhong-2013","2","3","5"
"dangphong999","3","2","5"
"Danhkongao9911","3","2","5"
"Danial1314","3","2","5"
"DanialAlAisy","3","2","5"
"danialvali","3","2","5"
"DaniBarce","3","2","5"
"daniceadame","2","3","5"
"danidey27","3","2","5"
"Daniel_nightmare","2","3","5"
"Daniel_Pavon91","3","2","5"
"daniel_villafane2023","2","3","5"
"daniel0526","2","3","5"
"Daniel190883","2","3","5"
"Daniel1970chess","4","1","5"
"DanielEdw","3","2","5"
"Danielinogel","2","3","5"
"DanielKosher","3","2","5"
"Danielll2006","2","3","5"
"DanielMorales8","4","1","5"
"DanielPileggi","2","3","5"
"DanielWinn","3","2","5"
"DanielWojojojo","2","3","5"
"DanielZu143","3","2","5"
"Danigaro","2","3","5"
"Daniil_gershanov","2","3","5"
"Daniil2505","2","3","5"
"daniilbllttrn","2","3","5"
"DaniilOrlik","2","3","5"
"DaniilShyhin","2","3","5"
"danijaquemate","3","2","5"
"Danil-20-zarezov-10","2","3","5"
"Danil74","3","2","5"
"daniljee","3","2","5"
"danilkins","3","2","5"
"DaniloHK","2","3","5"
"Danilovikk","2","3","5"
"DanilSpore","3","2","5"
"DaniMozo","3","2","5"
"Daninuc08","1","4","5"
"danir_08-2005","2","3","5"
"danirf","3","2","5"
"DaniyarNE","1","4","5"
"danjanos1963","2","3","5"
"DanMish","3","2","5"
"Danny-I","2","3","5"
"danny1414","2","3","5"
"DannyBoy1980","3","2","5"
"DannyBoy2023","3","2","5"
"Dannyfoto","2","3","5"
"Danpull","2","3","5"
"DantagMine","3","2","5"
"Dante_14","2","3","5"
"DantheSchnitzel","3","2","5"
"Danvin_Sairam","2","3","5"
"Dany_Almonte","3","2","5"
"dany-dan","3","2","5"
"DanyElShapah","3","2","5"
"DanySalta","2","3","5"
"daoanhkiet2013","2","3","5"
"DaoGiaHuy2011","2","3","5"
"dapopshop","3","2","5"
"dar12","2","3","5"
"darbanxi1976","3","2","5"
"darbinieks","3","2","5"
"daremo17","3","2","5"
"DariaMV","3","2","5"
"darietta49","4","1","5"
"dariusbra","2","3","5"
"Dark_kirito12","1","4","5"
"Dark-Horizons","3","2","5"
"Dark0man","2","3","5"
"darkanzel","3","2","5"
"Darkeagle","3","2","5"
"darkflash26","1","4","5"
"darkhorse87","3","2","5"
"DarkLeicester","3","2","5"
"darkluigissss","1","4","5"
"darkmengen","2","3","5"
"darkmetall33423816","2","3","5"
"darkodeu","3","2","5"
"DarkPawnWhitePawn","3","2","5"
"darmidont_ya123","4","1","5"
"Darnell_Human","2","3","5"
"Daro2222","3","2","5"
"Darrfari","2","3","5"
"Darrune","2","3","5"
"DarrylCZR","3","2","5"
"darsanakannan","3","2","5"
"Darsh_ccs","3","2","5"
"darsh019","3","2","5"
"Darshi77","3","2","5"
"darterharper","3","2","5"
"DarthFener","3","2","5"
"DarthXeno","2","3","5"
"daruosh50","3","2","5"
"Darwin_Ramirez","3","2","5"
"Darwin_Ronette","1","4","5"
"Darwincrack","3","2","5"
"DaryaTrassorub","2","3","5"
"daryl061463","1","4","5"
"Das_91","2","3","5"
"DasemoNSi","2","3","5"
"Dashikov","3","2","5"
"Dasnaashari","2","3","5"
"Dasqmont","3","2","5"
"datruthe","3","2","5"
"DattatrayaVaidya","2","3","5"
"datwayy","3","2","5"
"Davdar","3","2","5"
"Dave1952","3","2","5"
"Dave901","2","3","5"
"davecarre","3","2","5"
"Davehp","3","2","5"
"Davemundo","3","2","5"
"DAVETCC_2022","1","4","5"
"davichess24","3","2","5"
"DAVID_GABRIELYAN","4","1","5"
"David-Step2010","2","3","5"
"David26102010","1","4","5"
"davidbao","3","2","5"
"davidboom","3","2","5"
"DavidCB72_Qui","1","4","5"
"DaViDDoff_005","2","3","5"
"Davidgb25","1","4","5"
"davidiglesias","2","3","5"
"Davidjones2800","2","3","5"
"davidlfer97","3","2","5"
"DavidNuu","3","2","5"
"Davidosplays","3","2","5"
"davilaff","3","2","5"
"DaVinci69","3","2","5"
"davood5050","2","3","5"
"davoodimani","3","2","5"
"Davud221","2","3","5"
"DavydovAleks","3","2","5"
"daw_rutkowski_13","3","2","5"
"Dawidk01","2","3","5"
"DawidNiedzwiecki","2","3","5"
"Dawitina","3","2","5"
"DawnJosant","2","3","5"
"DawsonRicardo","4","1","5"
"dax1953","2","3","5"
"Day_my","3","2","5"
"Daybes","1","4","5"
"DBerkey12","4","1","5"
"dbetelu","2","3","5"
"dbz132131w","3","2","5"
"DCG04","3","2","5"
"dcharmant","2","3","5"
"DChierico","3","2","5"
"dcLord","3","2","5"
"DCRAFAELA","3","2","5"
"Dddavit","2","3","5"
"ddierolf","3","2","5"
"De_hilds1985","3","2","5"
"deathcab","3","2","5"
"deathridesahorse","2","3","5"
"deathShot404","2","3","5"
"debelamama","3","2","5"
"Debussy6","3","2","5"
"decak_iz_vode","3","2","5"
"DeCelo70","3","2","5"
"DecMal50","2","3","5"
"DecoFerreira12","2","3","5"
"dedebilal","3","2","5"
"dedo73","3","2","5"
"Deduinishe","2","3","5"
"Dedunupitiya","2","3","5"
"DedYra37","2","3","5"
"Deeb779","2","3","5"
"deedee007","3","2","5"
"deena3690","4","1","5"
"deepak8574","3","2","5"
"deepakrawat007","3","2","5"
"deepaksareen","3","2","5"
"Deepblue1313","2","3","5"
"deependravikram","3","2","5"
"deeperbluez","3","2","5"
"deepgaming","3","2","5"
"Deepthi_kanna4103","2","3","5"
"Deepu-Thiyagarajan","2","3","5"
"Deeq2275","3","2","5"
"deevanshich","1","4","5"
"Deficess","2","3","5"
"defnotacat","1","4","5"
"DEGENERAT-2","3","2","5"
"degraffa","3","2","5"
"deha_mz","3","2","5"
"DEJAMUREA","2","3","5"
"Del_Potro_Rus","3","2","5"
"Delarth","3","2","5"
"Delia_Lancho","2","3","5"
"deliri00","3","2","5"
"delta_43","3","2","5"
"Delta003","3","2","5"
"Delthebest","3","2","5"
"Delvarimachesss","2","3","5"
"DELWIN2011","3","2","5"
"Demer90","2","3","5"
"DemianAbbot","3","2","5"
"DEMIR_60","2","3","5"
"DemolitianKnight","2","3","5"
"demon11133","1","4","5"
"demon15","2","3","5"
"Demonika2401","2","3","5"
"Demonista","2","3","5"
"DemonLoki1212","3","2","5"
"Den_Y","2","3","5"
"DEN121","2","3","5"
"Den198029","2","3","5"
"dencys","2","3","5"
"denham0303","2","3","5"
"Denilson38","2","3","5"
"Denis_Ageenko","2","3","5"
"Denis_Melyokhin","2","3","5"
"Denis125_54","2","3","5"
"Denis19062013","2","3","5"
"denis4020774","2","3","5"
"Denistod","2","3","5"
"denizarda1231","2","3","5"
"DenizAyazGz","2","3","5"
"Denizefe_2013","3","2","5"
"Denizzz12","3","2","5"
"dennis2308","4","1","5"
"Dennisal","2","3","5"
"Densington","3","2","5"
"densur2810","3","2","5"
"Deny1546","3","2","5"
"Denys_Laptev","2","3","5"
"DEP44","3","2","5"
"Deplorable0077","3","2","5"
"Der-Ebel","3","2","5"
"der-looser1999","2","3","5"
"DerAlteLutz","3","2","5"
"DerechoSinAgua","3","2","5"
"dereg21","3","2","5"
"Derevenskiy_Vasily","2","3","5"
"DerHardes","4","1","5"
"Derkamentuschesswiz","4","1","5"
"DerlisDz","1","4","5"
"DEROSSI_MC","2","3","5"
"DerPfaehler","3","2","5"
"derr005","3","2","5"
"Desiletes","4","1","5"
"Desko-d","4","1","5"
"Desperado38","3","2","5"
"destak1","2","3","5"
"Destroyer2207","2","3","5"
"DestroyerFII","2","3","5"
"DestructiveDeath","3","2","5"
"dethereal","2","3","5"
"dev1251","2","3","5"
"dev1ce0808","2","3","5"
"dev2193","2","3","5"
"Dev5121","2","3","5"
"dev5315","3","2","5"
"DEVANG_cruz","2","3","5"
"devangs_123","2","3","5"
"Devika_dinesh","3","2","5"
"DevilHedgehog","3","2","5"
"devis_b","2","3","5"
"Devjilka","2","3","5"
"DevlinByrne","4","1","5"
"DevNathle","2","3","5"
"devourballer","2","3","5"
"devrandnull","2","3","5"
"dewae","3","2","5"
"Dewrassel","2","3","5"
"Dewrudewnith","3","2","5"
"dex12","3","2","5"
"dexqua","2","3","5"
"Dexter6207","2","3","5"
"Dexter79","3","2","5"
"Deyan73","2","3","5"
"Deyrulzafaran","2","3","5"
"Dezet","3","2","5"
"Dgropa","1","4","5"
"dgts","3","2","5"
"Dgwcraw","3","2","5"
"dhaarmiekthirumal","2","3","5"
"dhakerHas","3","2","5"
"dhanavenkat","3","2","5"
"dharisaeed","3","2","5"
"dharmopd","3","2","5"
"Dheer_2050","2","3","5"
"Dheeraj_keshari","2","3","5"
"dhepedeepak","2","3","5"
"Dhev979171","3","2","5"
"dhondeamit","3","2","5"
"Dhruv_03_01","3","2","5"
"dhruv1121","3","2","5"
"Dhruvbkk","2","3","5"
"DhruvMadhusudan","2","3","5"
"DHWAJ2051","2","3","5"
"Dhyana661685","2","3","5"
"Di-no-2","2","3","5"
"DI1964","3","2","5"
"Di3d3St","2","3","5"
"Diaawang","2","3","5"
"diablo4mula","3","2","5"
"diablokris","3","2","5"
"DIAGONALROJA","3","2","5"
"Diarkarimi","4","1","5"
"Diasunny","3","2","5"
"Diavoho","3","2","5"
"Dibilich","2","3","5"
"DibraG-p4p","3","2","5"
"DICEAR","3","2","5"
"diclongbz","3","2","5"
"DIDDI_MOCCO","3","2","5"
"didi100","3","2","5"
"DiDi1024","3","2","5"
"Didier2007","3","2","5"
"DidierHatz","2","3","5"
"Didssince74","3","2","5"
"die4chess","2","3","5"
"diece08","2","3","5"
"Diego_EU","3","2","5"
"Diego544","2","3","5"
"diego8002","2","3","5"
"diego9495","2","3","5"
"DiegoGomez_4AGU","1","4","5"
"diegous542","3","2","5"
"diejincho7604","3","2","5"
"Diels_aldee","2","3","5"
"DietCherryCoke","2","3","5"
"dieterbrain","1","4","5"
"Digniefed","3","2","5"
"digodias","2","3","5"
"dikevip836","3","2","5"
"dikzak690","3","2","5"
"Dil3mma","3","2","5"
"dilankayaalp","2","3","5"
"dilapidated_0","2","3","5"
"dilber2121","3","2","5"
"diletaant","2","3","5"
"dilip_deepak","2","3","5"
"dilip4u16","2","3","5"
"dillydangles99","2","3","5"
"dilovar_74","2","3","5"
"Dim_pas00","3","2","5"
"Dim18-09","4","1","5"
"Dima_1710","3","2","5"
"Dima_1989","2","3","5"
"dima011978","2","3","5"
"dima1000","2","3","5"
"Dima2002gordeev","1","4","5"
"dimagr2","1","4","5"
"dimaMakum","3","2","5"
"Diman_97","3","2","5"
"Diman2015","3","2","5"
"Dimbosik","2","3","5"
"dimebar123","1","4","5"
"Dimeva","1","4","5"
"Dimitey","3","2","5"
"Dimitris_Dal12119","3","2","5"
"dimomarg","2","3","5"
"dimon123h","3","2","5"
"DimonSuvorin","3","2","5"
"dimpelut","2","3","5"
"DIN1962","4","1","5"
"dinesh66_jadhav","2","3","5"
"Dinhhoangnam","3","2","5"
"dinkot","2","3","5"
"Dinula_Methsada","3","2","5"
"diogeneslost","2","3","5"
"diogenis0xamos","3","2","5"
"diorection","2","3","5"
"dipali453","2","3","5"
"Dipanshu231099","3","2","5"
"diplompunk","2","3","5"
"dipolyakov","3","2","5"
"dirceuoneto","2","3","5"
"Director555","2","3","5"
"Direkto80","3","2","5"
"direktorua","2","3","5"
"DirkMinden","4","1","5"
"dIrKStue","2","3","5"
"DitiroDiteko19","4","1","5"
"Dittaco","2","3","5"
"Divemaster","2","3","5"
"divster27","3","2","5"
"divyanshkool","4","1","5"
"Divyanshu2009","1","4","5"
"DiyaSelvakumar","2","3","5"
"dj43","2","3","5"
"Djaksoon","1","4","5"
"Djam95","4","1","5"
"DjamelChess2020","2","3","5"
"DJCarma","2","3","5"
"djo79","2","3","5"
"DJSMiranda","2","3","5"
"Dk2207","2","3","5"
"dkdan","3","2","5"
"DKFilip","2","3","5"
"dkoro13","2","3","5"
"dlabruyer","2","3","5"
"dlffff","2","3","5"
"DMC-CHANITHU","3","2","5"
"dmeshkizadeh","2","3","5"
"dmheryan","3","2","5"
"Dmi66","2","3","5"
"dmitriep","4","1","5"
"dmitrijsafonv","3","2","5"
"DmitrijSkr123_3","3","2","5"
"Dmitro6962","2","3","5"
"Dmitry_Shin","2","3","5"
"dmitry13465","2","3","5"
"DmitryFurman","2","3","5"
"dmitrypon","3","2","5"
"dmitryshm","2","3","5"
"dmollo1980","3","2","5"
"Dmtrij","3","2","5"
"DMTTim","2","3","5"
"dmytrophys","2","3","5"
"DmytroShuba","3","2","5"
"DN82","2","3","5"
"dnpolozkov","3","2","5"
"dobladita","3","2","5"
"dobryak15","3","2","5"
"doc-holliday","2","3","5"
"Docdoom","2","3","5"
"DocRedWolf","3","2","5"
"DOCTOR-LOVE-CHESS","3","2","5"
"Doctor-Tim-123","2","3","5"
"Doctore80","3","2","5"
"doctormakina","3","2","5"
"DoctorUnicorn","2","3","5"
"docvienna","1","4","5"
"DocVladimir","2","3","5"
"docYIB","4","1","5"
"Dode90_d","3","2","5"
"doesmite","4","1","5"
"doetoe","3","2","5"
"Doga17","3","2","5"
"dogan1847","3","2","5"
"Dogi14","3","2","5"
"dogramaci","3","2","5"
"dogukanoruc","3","2","5"
"Dogukanulutas","3","2","5"
"DOKTOR_RU","2","3","5"
"DoliOspa","2","3","5"
"doll11","2","3","5"
"Dolllaaaa","3","2","5"
"Dolphinnchess","3","2","5"
"doluki","2","3","5"
"DomAugustus","3","2","5"
"dominikbojanovic","2","3","5"
"Domosedd","3","2","5"
"Don_Diego1","2","3","5"
"Don_Rodre","3","2","5"
"Don_sohaib22","3","2","5"
"Donak","3","2","5"
"Donald_777","2","3","5"
"Donatski0712","1","4","5"
"done1","3","2","5"
"Donefigenio","2","3","5"
"Donetskgrad","2","3","5"
"dongdong0212","2","3","5"
"donguito","2","3","5"
"doniri","3","2","5"
"Donkeyhoday","1","4","5"
"DonnieDarko7","2","3","5"
"DONTGETTOOCOMFY","2","3","5"
"dontwakedaddy","3","2","5"
"Doodvid","2","3","5"
"doofopoly","4","1","5"
"dooman744","2","3","5"
"Doppelkrone","3","2","5"
"doranerimbk","2","3","5"
"DorisP","4","1","5"
"Dorjoo99","2","3","5"
"DORKHICH","2","3","5"
"doru1965","2","3","5"
"Dorzas","2","3","5"
"dose306","2","3","5"
"Doshirak44","4","1","5"
"DostVivek","2","3","5"
"Dotchess69","2","3","5"
"DotnMiss","3","2","5"
"Double_DD","3","2","5"
"DoubleM07","2","3","5"
"Doubtfulchampion","3","2","5"
"doudou12","1","4","5"
"doudoute","2","3","5"
"Dovinchy","2","3","5"
"dovzhok","3","2","5"
"dozhdiksolnce","2","3","5"
"Dozya23","3","2","5"
"dpcr","2","3","5"
"dpo18","2","3","5"
"dr_amellev","2","3","5"
"Dr_Betruger91","3","2","5"
"Dr_Chaturanga","3","2","5"
"dr_issaalhusayen","4","1","5"
"dr_mora","3","2","5"
"dr_ozd57","2","3","5"
"Dr_Q4rk","3","2","5"
"dr_shahin","3","2","5"
"dr_swilam","3","2","5"
"Dr-SH2","3","2","5"
"Dr1vEby","2","3","5"
"drache5011","2","3","5"
"Drade82","3","2","5"
"draganpetric","2","3","5"
"Dragon4ger","2","3","5"
"dragonfirekingchess","3","2","5"
"DragonOfWales","3","2","5"
"dragos231456","2","3","5"
"DrakeOfIran","3","2","5"
"drapter4325","3","2","5"
"Drasta084","3","2","5"
"Draude59","3","2","5"
"drchinrasu","2","3","5"
"DrChuffHuffer","3","2","5"
"drcool153","3","2","5"
"drdaemon91","2","3","5"
"dreamy_bearr","2","3","5"
"Drebin212","2","3","5"
"dreikampfdieter","3","2","5"
"drekinci","4","1","5"
"dresamsaid","1","4","5"
"Drevo_S","3","2","5"
"drewnikocur","3","2","5"
"DrExistentialism","2","3","5"
"DrGametao","3","2","5"
"DRGBones","2","3","5"
"DrGv","3","2","5"
"drhealth","3","2","5"
"DrIbm","2","3","5"
"Dris92","2","3","5"
"drkaankerem","2","3","5"
"drkgkgr","3","2","5"
"drlethy","3","2","5"
"DrLyalin_2022","3","2","5"
"DrMargrethe","3","2","5"
"DrMeDo2002","3","2","5"
"drnkknt","3","2","5"
"DrNyktersteina","3","2","5"
"Drobiazko_Lev","2","3","5"
"dromedator","2","3","5"
"drosefan23","3","2","5"
"drsureshpadhyavani","2","3","5"
"DrTokingstein","2","3","5"
"Drugganought","2","3","5"
"Drulli","3","2","5"
"drunkmaggy","2","3","5"
"DryukAlex","2","3","5"
"dsadhu","2","3","5"
"dshulzhyk","2","3","5"
"Dsk1825","4","1","5"
"Dspurs13","2","3","5"
"DTR_1616","2","3","5"
"DTSanchez","3","2","5"
"dubhlinn","3","2","5"
"dubie17","3","2","5"
"dubinecartem","2","3","5"
"Dublius","2","3","5"
"DubniY","2","3","5"
"DucCVAchess123","2","3","5"
"ducereto","4","1","5"
"Duck_Noris","3","2","5"
"Duckastaroth","3","2","5"
"DucketyDuck","2","3","5"
"ducksfromthedocks","3","2","5"
"dudemanguy212121","3","2","5"
"duhawma","3","2","5"
"dujak","2","3","5"
"Duka1959","2","3","5"
"dukara","2","3","5"
"dukejukemm","2","3","5"
"Dukevalentine","2","3","5"
"Dulatstom171","2","3","5"
"dule115778","3","2","5"
"dumay","2","3","5"
"Dumb_Aj","3","2","5"
"dumi_dc","3","2","5"
"dumny_dymny_zimny","3","2","5"
"dundysm","3","2","5"
"dunge0n_massterr","3","2","5"
"dunieraldana","3","2","5"
"Dunkelbier81","3","2","5"
"dunkinonthynutz","4","1","5"
"dunno19","2","3","5"
"Dunnrak","3","2","5"
"duobrando","3","2","5"
"dupu207","1","4","5"
"dupuludupulu","1","4","5"
"DurableElk","3","2","5"
"DurandLaude","3","2","5"
"Duransahin","3","2","5"
"durgendrasingh","3","2","5"
"Duruakyalcin","3","2","5"
"dusanknezica","4","1","5"
"DUSTY71","2","3","5"
"Duvier","3","2","5"
"duynoobne1234xD","2","3","5"
"Dvergholt3","2","3","5"
"DVGOJIYA","3","2","5"
"DVnyT","2","3","5"
"Dwaipayn","3","2","5"
"Dwo_2520","2","3","5"
"Dwurthes","3","2","5"
"Dylan_J","3","2","5"
"Dylan_Yhair6","3","2","5"
"dylbar81","3","2","5"
"DynaM1X","3","2","5"
"Dzchess11li","3","2","5"
"dzerzinskij","3","2","5"
"dzojo","2","3","5"
"Dzole69","2","3","5"
"DzulFadli","2","3","5"
"e_off","2","3","5"
"E-bobot","2","3","5"
"e4_appreciator","3","2","5"
"e42eslam","3","2","5"
"Eagle6","3","2","5"
"eaglehead1","2","3","5"
"eali3273","2","3","5"
"EAMihaylov","2","3","5"
"eantonv","1","4","5"
"earlySum","2","3","5"
"EASHADRIN","4","1","5"
"Eashan1106","2","3","5"
"Easternhammer","3","2","5"
"EastFlame","3","2","5"
"eastnileuc","4","1","5"
"eatsleeprepeat","2","3","5"
"Eazy126","2","3","5"
"EB-Zoro","3","2","5"
"Ebassious","3","2","5"
"ebefr","3","2","5"
"ebenhaezer21072011","2","3","5"
"Ebilov_Ferman","4","1","5"
"Ebrahem1909","2","3","5"
"ebrahim_lamin20","3","2","5"
"Ebrahim354","3","2","5"
"Echefula","2","3","5"
"EchoDomini","2","3","5"
"EchtSlonzok_1920","3","2","5"
"ecomo","2","3","5"
"ecopapa2","3","2","5"
"ECPUGondzio","2","3","5"
"Ecue","4","1","5"
"edalberto21","2","3","5"
"edberg1988","3","2","5"
"edchelo","3","2","5"
"eddiegny","2","3","5"
"Eddy-Jumper","2","3","5"
"EddyDragui","3","2","5"
"Eddylee","2","3","5"
"Eddythegreat","2","3","5"
"Edgar1957","2","3","5"
"EdgarAllenJoe","3","2","5"
"EdgardoRuedaC","2","3","5"
"EdiBJK","2","3","5"
"Edigest","3","2","5"
"edinburghcastle","2","3","5"
"edinselimovic","2","3","5"
"edjiang","3","2","5"
"Edluzan1981","3","2","5"
"EdoardoS","3","2","5"
"edresbaba","2","3","5"
"Eduard_rush","3","2","5"
"Eduard-0","2","3","5"
"Eduardo8165","2","3","5"
"Eduardomagallanes","2","3","5"
"Edujabov","2","3","5"
"edukakajka","2","3","5"
"eduvi33","3","2","5"
"Edybal","3","2","5"
"edzilber","2","3","5"
"eezer","4","1","5"
"Efe2015","3","2","5"
"EfeBal123","2","3","5"
"Efi-Tamas","3","2","5"
"efj2001","2","3","5"
"efnd","2","3","5"
"efrain523","3","2","5"
"Efrainfv","2","3","5"
"Ege_Gulbay","3","2","5"
"Egemen_Nafi","3","2","5"
"Egghead_Wasaken","2","3","5"
"Eghosa_is_the_best","3","2","5"
"Egidiano","2","3","5"
"Egor_2208","3","2","5"
"Egor_95volt_Guys","3","2","5"
"Egor_Al","2","3","5"
"Egor_Chern","2","3","5"
"Egor_Kurganskiy","3","2","5"
"Egor_Mirman","1","4","5"
"Egor23042014","1","4","5"
"EgorGruk","2","3","5"
"EgorKAlinin","2","3","5"
"EgorMerkushenkov2015","3","2","5"
"EgorMilushkin","2","3","5"
"EgorYral","3","2","5"
"Egr98","4","1","5"
"EgSasha","2","3","5"
"Egyptian_Pharo","3","2","5"
"Egyptianking","3","2","5"
"ehqhd99","3","2","5"
"ehsanbazgir","2","3","5"
"Eiad13","3","2","5"
"eight64","3","2","5"
"eiliahossini","1","4","5"
"Eilyaz","4","1","5"
"Einari","3","2","5"
"Einmann1","1","4","5"
"Einsatzleiter","1","4","5"
"einseinself","2","3","5"
"einsteller51","3","2","5"
"eiq150","3","2","5"
"eirik22","2","3","5"
"Eisapour","3","2","5"
"EKanafin","2","3","5"
"ekani","3","2","5"
"Ekapragnya","3","2","5"
"EKATERINA_ANDREEVNA","1","4","5"
"Ekin_4444","2","3","5"
"eknc","1","4","5"
"EkoyWeak","3","2","5"
"el_dorado13","3","2","5"
"el_nasi","3","2","5"
"el_szach_pol","3","2","5"
"El_the_genius","3","2","5"
"El_Zapatero","4","1","5"
"El-psy-congroo","4","1","5"
"el7lawany","3","2","5"
"Eladawe2021","2","3","5"
"elakg","2","3","5"
"elam","3","2","5"
"Elaman95","3","2","5"
"ElanArgent","1","4","5"
"Elanthamizhanayyapan","3","2","5"
"Elazazy49","3","2","5"
"elbarriguzi","2","3","5"
"Elbatoul","2","3","5"
"ElBrocasGD","3","2","5"
"ElCaptainl8","2","3","5"
"elcimurgo","3","2","5"
"ElderGinus","3","2","5"
"ElderSelah","2","3","5"
"Eldiin123","3","2","5"
"Eldirect0r","4","1","5"
"Eldiyar1","3","2","5"
"elect_m","2","3","5"
"electrous","2","3","5"
"elembruh","3","2","5"
"Eleme","2","3","5"
"element98","2","3","5"
"Elephant510","2","3","5"
"Elephants0960","2","3","5"
"elfantomas","3","2","5"
"elfmagician","2","3","5"
"elgm2021-a","3","2","5"
"elgnart","1","4","5"
"ELHALAWANY","2","3","5"
"eli_andre","2","3","5"
"eli11","3","2","5"
"Eli46084","3","2","5"
"Eliam-10","2","3","5"
"Elias_Gozalova","2","3","5"
"elidemar","2","3","5"
"eliechessguy","2","3","5"
"EliElias","2","3","5"
"elieru","3","2","5"
"Eliezer33","3","2","5"
"Elik999","3","2","5"
"Elikopterzon","2","3","5"
"elimcintyre","2","3","5"
"elinauk","2","3","5"
"Elirio","3","2","5"
"Eliza_Bart","2","3","5"
"Elizabeth-Harmon69","2","3","5"
"Elizabeth72","2","3","5"
"ELIZALDEARGENTINA","2","3","5"
"elizyurt","3","2","5"
"Eljoe93","3","2","5"
"ELKHEFE","3","2","5"
"ellington","3","2","5"
"ellisfj","3","2","5"
"elmaherito","1","4","5"
"elmarceloChess","3","2","5"
"ELmecanico","3","2","5"
"Elministr","3","2","5"
"elnene","3","2","5"
"Elneno1409","2","3","5"
"ElnurCeferli","2","3","5"
"Elo_Bandit","2","3","5"
"eloi14","2","3","5"
"eloshvili_oto","3","2","5"
"ElPapuGomez2022","2","3","5"
"elpegatori","3","2","5"
"ElphinTJ","2","3","5"
"ElRuuski","2","3","5"
"elsagoeschess","3","2","5"
"Elsaning","2","3","5"
"Else7sa712","3","2","5"
"Elsheikh22","2","3","5"
"Elshoo","2","3","5"
"elsoaly1","2","3","5"
"Elton921","1","4","5"
"Eltondigiplayer","2","3","5"
"elvenarzdt","3","2","5"
"elverdedejunin34","2","3","5"
"elverenduran","3","2","5"
"Elwaaann","3","2","5"
"ElWiliam01","2","3","5"
"elxan111","2","3","5"
"ElyahFrisco","3","2","5"
"elypaiva","2","3","5"
"emad11111","2","3","5"
"emadfayze","3","2","5"
"emadkk","3","2","5"
"Emadsh","2","3","5"
"Emamatto","2","3","5"
"emanuelchess18","2","3","5"
"Emanuele7","3","2","5"
"Emejun","3","2","5"
"Emeryt61","2","3","5"
"Emil041","3","2","5"
"Emil999999","1","4","5"
"EMILIOCAMPILLO","3","2","5"
"EmilMgn","3","2","5"
"Emin181","2","3","5"
"emircan2865","3","2","5"
"emirebrar","2","3","5"
"EmirSovetbekov","3","2","5"
"emjay666","3","2","5"
"Emma_Nuel_Lasker","3","2","5"
"EmmaHenrietta","1","4","5"
"Emmanuel_33","2","3","5"
"EmmanuellChaurra432","3","2","5"
"EmmettA","2","3","5"
"Emmie_chess","3","2","5"
"Emmy-H-OHES","3","2","5"
"Emmylxx","3","2","5"
"eMPe2008","2","3","5"
"emperor1234","2","3","5"
"emreemre0096","4","1","5"
"EmreKilinc46","2","3","5"
"En9m","2","3","5"
"EnBeeRiley","3","2","5"
"encoretoi","3","2","5"
"ENDER3470","4","1","5"
"ENDRALCAOS","2","3","5"
"Endriu777","2","3","5"
"endrus","3","2","5"
"enforcer11","3","2","5"
"ENG_MOHAMMED_ALI1","2","3","5"
"engin_yildirim","2","3","5"
"engineer_sabah","2","3","5"
"engineerofdark","3","2","5"
"enginozmen","3","2","5"
"Enhtovshin2014","2","3","5"
"enigmaface","3","2","5"
"eniss52","2","3","5"
"ENISTELALOVIC68","3","2","5"
"Enke88","3","2","5"
"Enn337","3","2","5"
"Enny13","2","3","5"
"enron_hubbard","2","3","5"
"Entel","1","4","5"
"EnterTheJohab","1","4","5"
"Enxacs","2","3","5"
"enzovski0","3","2","5"
"eoe_0zi","2","3","5"
"Ephraem322","2","3","5"
"epitxx","2","3","5"
"epmdevera","2","3","5"
"eqsim","4","1","5"
"Er404","2","3","5"
"eragor","2","3","5"
"Erasyl1u2727","2","3","5"
"ErayYILDIZ","3","2","5"
"Ercanon","3","2","5"
"ercoff","2","3","5"
"erdemhanagasi","3","2","5"
"erdo34","3","2","5"
"Erebusbus","3","2","5"
"Ereez","3","2","5"
"Erekas","2","3","5"
"erenazazi","2","3","5"
"Erenmiolasa","2","3","5"
"ErenSchwartz","3","2","5"
"Erfan21ghz","2","3","5"
"ErfanMim","2","3","5"
"Erfanpabarja","2","3","5"
"Erfanzakhar","1","4","5"
"erfelekli","1","4","5"
"ErginL","2","3","5"
"ERGVOJN523","2","3","5"
"Erica_Cupeu","2","3","5"
"Ericcuy","3","2","5"
"ericensen","3","2","5"
"EricPiralla99","3","2","5"
"Erik_Zn","3","2","5"
"erik161","2","3","5"
"Erik170817","3","2","5"
"ERINALDO02062021","2","3","5"
"ERIZO_30","2","3","5"
"ERK03","2","3","5"
"erkhanio","3","2","5"
"erkster83","2","3","5"
"Erletz","3","2","5"
"Ern456","3","2","5"
"Ernar152","2","3","5"
"Ernesto_PS","2","3","5"
"Erofeev_Arsenii","2","3","5"
"eroglui508","3","2","5"
"err002","2","3","5"
"Ersan_15","3","2","5"
"Ersiboguu","3","2","5"
"erstmeinbauen","1","4","5"
"erta1982","3","2","5"
"Ertugrul_Yilmaz","2","3","5"
"ertugruleksi20171a","2","3","5"
"ertynr","3","2","5"
"erwx","2","3","5"
"Esahcdn","3","2","5"
"ESAL_16","2","3","5"
"escobarzola","2","3","5"
"ese1071","4","1","5"
"esflindo","3","2","5"
"EshanTisha","2","3","5"
"EshqinSadiqov_AZE","2","3","5"
"Eskan0r","2","3","5"
"Eskendir_01","3","2","5"
"Esmira23","3","2","5"
"esmism16","2","3","5"
"espana1996","2","3","5"
"essadaexcutioner","3","2","5"
"esso7111995","3","2","5"
"estebanbm","3","2","5"
"EstevaoOM","2","3","5"
"Estherkim","2","3","5"
"Estom","2","3","5"
"ESZ23","1","4","5"
"et06anka","3","2","5"
"ET1000","2","3","5"
"etc97","3","2","5"
"Etche","2","3","5"
"ete50","3","2","5"
"Eternal_Comrade","2","3","5"
"eternal_light84","2","3","5"
"eterry","2","3","5"
"Ethan_15","2","3","5"
"EthanHTM","3","2","5"
"ethilonia","3","2","5"
"ethrealmoonarjun","3","2","5"
"etlbcnu","3","2","5"
"eubulosalcibiades125","3","2","5"
"EugoPhiri","3","2","5"
"eunikeyepeo","2","3","5"
"eura71","3","2","5"
"Euwe32","3","2","5"
"eV293476","2","3","5"
"EveOnlineMan","3","2","5"
"evg_hrist","3","2","5"
"Evg68","2","3","5"
"Evgen0204","2","3","5"
"Evgen8423","3","2","5"
"EvgeniaS","3","2","5"
"Evgenii-17","3","2","5"
"Evgeniy-MSK","3","2","5"
"evgenyi1984","2","3","5"
"Evgnst","3","2","5"
"evgustim","3","2","5"
"EvilAC","3","2","5"
"EvilChess","3","2","5"
"evilpants082","3","2","5"
"Evrorus","3","2","5"
"evthales","3","2","5"
"evzen52","2","3","5"
"Ewing33","2","3","5"
"ewohl","1","4","5"
"ewros_yazilim","3","2","5"
"ex-Hunter","1","4","5"
"exh","2","3","5"
"Exodo1","2","3","5"
"ExplosivePumkin","3","2","5"
"ExponentialCurve1","2","3","5"
"extra_brut","2","3","5"
"Exuberantassassin","2","3","5"
"Eylull10","2","3","5"
"Eymensaricay","2","3","5"
"eyupongun","2","3","5"
"Eyx13","3","2","5"
"ezh2023","2","3","5"
"ezhilarasi6973","3","2","5"
"ezzat133","2","3","5"
"f2f","2","3","5"
"F2P8","3","2","5"
"F3d3rico","2","3","5"
"f4yans","3","2","5"
"f8y","2","3","5"
"Fab3866","2","3","5"
"fabian202209","3","2","5"
"fabioazevedo","1","4","5"
"fabiob77","4","1","5"
"FabricioZ1109","3","2","5"
"Fabrivieiras","2","3","5"
"Fabzy007","3","2","5"
"FachaMSK","3","2","5"
"FacuE","3","2","5"
"FadedRecess","2","3","5"
"Fadei58","4","1","5"
"fadhi_rahman","2","3","5"
"Fadihansh","3","2","5"
"Faf_nire","4","1","5"
"Fafaleon","2","3","5"
"fahp","2","3","5"
"Fahri_Yagiz_Cetin_15","2","3","5"
"fahu","2","3","5"
"FairDragon","3","2","5"
"fairplayman","2","3","5"
"faisal105","4","1","5"
"Faisaljinn","4","1","5"
"FakeCarpet","2","3","5"
"Fakitera","2","3","5"
"falak","2","3","5"
"falaro071","2","3","5"
"Falcon29114","3","2","5"
"Falcrum69","1","4","5"
"fallen-justice","2","3","5"
"fallon8r","3","2","5"
"Fallous12","4","1","5"
"FalshivoBagetchik","2","3","5"
"familusio","3","2","5"
"Fammmi","4","1","5"
"FamousQueen64","2","3","5"
"FAMS34","3","2","5"
"FanatGennadiy","2","3","5"
"fanbumbot","3","2","5"
"fancystyle18","3","2","5"
"fandres17","2","3","5"
"fanfkcska","2","3","5"
"FanSamay","3","2","5"
"fanta57","2","3","5"
"Fantasiooo","2","3","5"
"fantasma001","2","3","5"
"fantasmadecarretera","2","3","5"
"Fantasmita343589","2","3","5"
"Fanthomas","2","3","5"
"fantomasn35","3","2","5"
"fantombis","2","3","5"
"Fanzaviybarievich","2","3","5"
"Fapko","2","3","5"
"far4231","3","2","5"
"Faragovic","3","2","5"
"FarahTurkoglu","3","2","5"
"Farchiiiiiiii","2","3","5"
"Fardaan","3","2","5"
"fardin739","4","1","5"
"faresamgedbahah","2","3","5"
"FaresD","4","1","5"
"faresk2","2","3","5"
"FaresKhzouz","3","2","5"
"Farhad_mtg21","2","3","5"
"Farhad_Tamzid_Ali","2","3","5"
"farhan0300","3","2","5"
"Fari1967","2","3","5"
"farid711","1","4","5"
"Fariedkhaled","2","3","5"
"farkenstein","3","2","5"
"Farno","2","3","5"
"faroukbennaser","2","3","5"
"faroukhourie","3","2","5"
"FarruxKorea","2","3","5"
"faruknafiz","2","3","5"
"farzin0000","2","3","5"
"fashaalaq","3","2","5"
"fasteddy55","2","3","5"
"fastsomali","1","4","5"
"FastSpider","3","2","5"
"fathali","2","3","5"
"FatherInTheLord","3","2","5"
"Fatherrussa","3","2","5"
"fathimarizwa","3","2","5"
"fatih_1996","3","2","5"
"Fatihmut","2","3","5"
"Faultier44","3","2","5"
"fayyazi1367","1","4","5"
"fbiguetti","2","3","5"
"FBRogado","2","3","5"
"FCVentil","2","3","5"
"Fd254","2","3","5"
"FDEEE","3","2","5"
"fdpeiter","2","3","5"
"fedabudrin","2","3","5"
"fedaet34","1","4","5"
"Fedal2020","2","3","5"
"FedeAkman","2","3","5"
"Federicoelamamma","2","3","5"
"fedewash","2","3","5"
"Fedor313","2","3","5"
"fedorov2001","2","3","5"
"fedsmoker96","2","3","5"
"FeelsNoGuilt","3","2","5"
"Feherpakofeketehatty","2","3","5"
"fehgen","3","2","5"
"Feitang","3","2","5"
"FEITO1978CAS","3","2","5"
"felfel7ar","3","2","5"
"FelioxChess","2","3","5"
"felitina","3","2","5"
"Felix1961","2","3","5"
"felix22","3","2","5"
"Felixjump","2","3","5"
"felixmkanda","3","2","5"
"Feliziano","3","2","5"
"FellixAdebayo","4","1","5"
"Felomelorn","3","2","5"
"Femto3000","3","2","5"
"femull33","3","2","5"
"fenbilimerolulus","2","3","5"
"FenFenix","2","3","5"
"Fenixinthekingdom","2","3","5"
"fenkhel","2","3","5"
"fennemar","2","3","5"
"Feodor5","3","2","5"
"Fer-ra","2","3","5"
"FERA1960","2","3","5"
"feracoba","3","2","5"
"ferapont_3_9","3","2","5"
"fercast96","3","2","5"
"Ferd32","2","3","5"
"ferdinand27","3","2","5"
"ferdyjr20","2","3","5"
"FerencKranada","3","2","5"
"FerhatSametKalkan","2","3","5"
"feri7270","2","3","5"
"Fernando_Saul","3","2","5"
"Fernando1971","3","2","5"
"fernandoarge","3","2","5"
"fernandochavez2","2","3","5"
"Fernanduchi009","3","2","5"
"ferrodox","3","2","5"
"fertigerichtet","3","2","5"
"Ferz1960","3","2","5"
"feyza1923","3","2","5"
"fff46","3","2","5"
"fffgghh","3","2","5"
"FG53WBHS","3","2","5"
"FGF1967","4","1","5"
"fguido","2","3","5"
"fguygg","2","3","5"
"fhellll","2","3","5"
"fiaa00","2","3","5"
"fideid541975","3","2","5"
"Fieloxx","3","2","5"
"Fifth_DawG","3","2","5"
"Fightmediocraty","2","3","5"
"filatzk","3","2","5"
"FilboZ","3","2","5"
"FilchaNicka","3","2","5"
"Filip_MM","2","3","5"
"FillaPalmer","2","3","5"
"FillyFullfilly","3","2","5"
"Filo_12","3","2","5"
"FiMa01","3","2","5"
"finalhalo","1","4","5"
"finart","3","2","5"
"FinegoldFunny","2","3","5"
"Finewhitewineguy","2","3","5"
"fininko176","2","3","5"
"Fiorre","1","4","5"
"Firasabualnour","3","2","5"
"FirecFT","4","1","5"
"fireman11038","2","3","5"
"Fireman125","2","3","5"
"FireNoodlele","2","3","5"
"firerings","2","3","5"
"FireStorm88","1","4","5"
"Firesword9012","2","3","5"
"firmooooo","2","3","5"
"firokk","3","2","5"
"FirstPeterLe","3","2","5"
"fischerjrobert","2","3","5"
"FischerorFowler","1","4","5"
"fischerrole","3","2","5"
"FishhingForFish","4","1","5"
"FishiesCat","3","2","5"
"Fishman123","2","3","5"
"fitopaez","3","2","5"
"fitznik2","3","2","5"
"Fiusk","4","1","5"
"FizuliKarimov","3","2","5"
"FJAKE64","1","4","5"
"fkblint","2","3","5"
"Fl1pFlap","1","4","5"
"flackovic","3","2","5"
"Flagg9","3","2","5"
"Flammarion","2","3","5"
"flanker94","3","2","5"
"flasek33","3","2","5"
"flavio1994","3","2","5"
"flavioray","3","2","5"
"flayer1337","2","3","5"
"flechaveloz","3","2","5"
"Fler","3","2","5"
"Fletcher66","2","3","5"
"Flexi06y","3","2","5"
"flinflonthe3r","3","2","5"
"Florival","1","4","5"
"Floydjacutina28","2","3","5"
"flytunic","3","2","5"
"Fmk98","2","3","5"
"foadd69","1","4","5"
"Foca123","3","2","5"
"foda01","3","2","5"
"Fofaaa","3","2","5"
"fogeli","2","3","5"
"foggyburk","2","3","5"
"fojo1993","3","2","5"
"Folgner","3","2","5"
"follen0","2","3","5"
"Foluke","2","3","5"
"Fondi1","2","3","5"
"forestclaud","2","3","5"
"Forgae","3","2","5"
"fortnite2013","2","3","5"
"Fortuna_09","3","2","5"
"forward67","2","3","5"
"foster120","1","4","5"
"fotros112233","4","1","5"
"foued1arfa","3","2","5"
"FourAgnus","3","2","5"
"fox_eg","3","2","5"
"Foxlatino","3","2","5"
"Foxmu","3","2","5"
"Foxskin","2","3","5"
"Foxxy1234","1","4","5"
"Fozmeh","1","4","5"
"fozyxd","2","3","5"
"fpmb2","3","2","5"
"fr_jeremy","2","3","5"
"FR-Stecat","3","2","5"
"Fr3k0","2","3","5"
"fr4nchu1990","3","2","5"
"Fra_P","1","4","5"
"Fraaaneeek","2","3","5"
"fradet1953","2","3","5"
"fraerok777","3","2","5"
"fraffra97","2","3","5"
"FraGal","3","2","5"
"fraker5-80","3","2","5"
"FramEmery","1","4","5"
"franc008","2","3","5"
"franccky62","3","2","5"
"frances_sagala","2","3","5"
"Francesc0_1","2","3","5"
"francescchess","4","1","5"
"Francesco10F","2","3","5"
"FrancescoAngelone","3","2","5"
"FrancescoBonino","3","2","5"
"francisco-afonso","3","2","5"
"FranciscoPerez_UNPRG","3","2","5"
"francisquit1","3","2","5"
"FrancoisamaCaro","2","3","5"
"francoisdeguise","3","2","5"
"francoislefort","2","3","5"
"Francotina","2","3","5"
"frank45","2","3","5"
"frankchiu123","2","3","5"
"frankgallagher69420","2","3","5"
"FrankgerChess","2","3","5"
"frankhahn","2","3","5"
"Frankie_joestar","2","3","5"
"Franklin1988","3","2","5"
"franklin2383","2","3","5"
"frankmanrique","2","3","5"
"Franksen","2","3","5"
"franpite","3","2","5"
"frantelle","3","2","5"
"Franz02","3","2","5"
"Franz1708","2","3","5"
"franzbraat","2","3","5"
"FranzzXChess","2","3","5"
"frasello","4","1","5"
"Frazzycool","2","3","5"
"Fredericlr","3","2","5"
"fredimuch","1","4","5"
"Fredmotoguzzi","2","3","5"
"fredo30","1","4","5"
"fredulv2013","2","3","5"
"free_roni00","3","2","5"
"free4aull","3","2","5"
"freebirdwv","3","2","5"
"freelander999","2","3","5"
"freepalestine74","3","2","5"
"freetyre","3","2","5"
"FreezyG","2","3","5"
"Frejustein","2","3","5"
"frenki2013","3","2","5"
"freshFreshsson","2","3","5"
"freyguy","2","3","5"
"friendlyluqs","3","2","5"
"FrigiNeitor","3","2","5"
"frijlinkjanchristi","2","3","5"
"Frimako","3","2","5"
"Fritz_Jared","2","3","5"
"fritz675","2","3","5"
"FritzBaut","2","3","5"
"frkn2003","2","3","5"
"froehlich","3","2","5"
"Front-de-Boeuf","3","2","5"
"frovix","2","3","5"
"Fruitt","3","2","5"
"Frukkt","3","2","5"
"fruuuname","1","4","5"
"fsco97","2","3","5"
"FSDove","4","1","5"
"Fshaibani","3","2","5"
"fthhh","3","2","5"
"Ftranslater","3","2","5"
"Fuad1918","2","3","5"
"FuchMasterFlex","2","3","5"
"Fuegoeneliceberg","3","2","5"
"Fueyista","2","3","5"
"FullerChess","2","3","5"
"funkiss","2","3","5"
"funky85","3","2","5"
"Funkystar02","2","3","5"
"funtaras","1","4","5"
"Furdmitri","3","2","5"
"FuriusCat","3","2","5"
"Furkan_Erdemir03","1","4","5"
"furkan9792","2","3","5"
"FURKANozbudak","3","2","5"
"Fusion_24","2","3","5"
"Future304","1","4","5"
"FutureChamp1","2","3","5"
"FuturisticLover","2","3","5"
"fuvfuv","1","4","5"
"fuzzynavel44","2","3","5"
"fvrkaan","2","3","5"
"G_Sepolcro","2","3","5"
"g-sty","3","2","5"
"g0l0va","2","3","5"
"G1L14N","1","4","5"
"G1NNN","2","3","5"
"G1prakash","3","2","5"
"g3muse","2","3","5"
"G4nd4lfl4l3g3nd3","3","2","5"
"ga_emi","3","2","5"
"gaac00","2","3","5"
"Gab5000","4","1","5"
"Gabba1234","3","2","5"
"gabcaz","3","2","5"
"Gaber61","2","3","5"
"Gabito12","1","4","5"
"gabra2023","3","2","5"
"gabriel1344","4","1","5"
"gabriel7456","3","2","5"
"gabrielamarante","3","2","5"
"gabrielechs","3","2","5"
"Gabrielicus","3","2","5"
"Gabriellucidpeac","3","2","5"
"GabrielMa","2","3","5"
"Gabrielmdl","3","2","5"
"Gabrielosky03","3","2","5"
"GabriLopez-16","2","3","5"
"gabs-de-boas","3","2","5"
"Gadylbek84","4","1","5"
"Gaelhintojosa","2","3","5"
"gaetano006","2","3","5"
"gafaria3","3","2","5"
"Gagan_H_VCA","2","3","5"
"gagi59","2","3","5"
"Gahool","2","3","5"
"Gaietypuppy","3","2","5"
"Gajah_Belang_65","2","3","5"
"Gajanan121","3","2","5"
"Galapagator","3","2","5"
"GALAYRM","3","2","5"
"Galeiko","2","3","5"
"Galibier","2","3","5"
"galileo1111","2","3","5"
"galvatron28","2","3","5"
"gamaliel_carrizoo","3","2","5"
"Gamall3","2","3","5"
"Gambbetta","3","2","5"
"gambit_37","2","3","5"
"gambit_official","2","3","5"
"gamboi","1","4","5"
"GameOver2-0","2","3","5"
"Gamesking","3","2","5"
"GamesOnWheels","3","2","5"
"gamingbel3rbiana","4","1","5"
"GamingCyborg","3","2","5"
"Gampit07","3","2","5"
"ganaza","3","2","5"
"GandhiG","1","4","5"
"ganeevniyaz","3","2","5"
"ganeltin","1","4","5"
"Gangramani14","3","2","5"
"GangSzacha","2","3","5"
"ganun4","2","3","5"
"Garce04","3","2","5"
"Gardenmouse","2","3","5"
"garedhipchek","2","3","5"
"GarethKyiv1","2","3","5"
"gargame59","2","3","5"
"Gargoyle04","2","3","5"
"Garrapov","2","3","5"
"Garrasdeamor99","2","3","5"
"GarriKin","3","2","5"
"Garrincha70BR","1","4","5"
"GARRIXERFOV","2","3","5"
"garry_papn","2","3","5"
"garrycarlsen10","3","2","5"
"gary_omd_kh59","3","2","5"
"GaryChessJr7","3","2","5"
"garysmith001","1","4","5"
"Gasparovdayi55","2","3","5"
"Gasser77","2","3","5"
"gasteok","3","2","5"
"GatitoMafia","3","2","5"
"gattofilippo","1","4","5"
"Gaubaccuc_HNO","2","3","5"
"gauef","3","2","5"
"GaURavsHriVaStAv","3","2","5"
"Gava1","2","3","5"
"Gawlik","2","3","5"
"Gayen_rajendra","4","1","5"
"gaynoob","3","2","5"
"gazdasteve","2","3","5"
"gb70","3","2","5"
"gbbbd5","2","3","5"
"GBWashington","3","2","5"
"GC_mjl-SC","2","3","5"
"gcpm","4","1","5"
"GDF1981","2","3","5"
"gdmountainviewlobby","2","3","5"
"gdshah","3","2","5"
"gdub2269","3","2","5"
"gdzul","2","3","5"
"geaj87","3","2","5"
"Gecko_Semen_2015","2","3","5"
"Gecko23","3","2","5"
"gefengping","3","2","5"
"GeHeum","2","3","5"
"gekvador","2","3","5"
"GelfandM","3","2","5"
"Gelisim","2","3","5"
"Gelsonkestering","3","2","5"
"Gemmafilla","2","3","5"
"Gena1973","3","2","5"
"generalk777","3","2","5"
"Generatorwrecks","3","2","5"
"generic_0","2","3","5"
"GengaGengar","2","3","5"
"Genick","3","2","5"
"Genilsonboy","3","2","5"
"Genio1984","2","3","5"
"genksu","3","2","5"
"GENNADII-NESTEROV111","2","3","5"
"Gennadii1957","3","2","5"
"gennai","3","2","5"
"gentlealpaca","2","3","5"
"George_gaming213","3","2","5"
"George1904","3","2","5"
"GeorgeBob","2","3","5"
"georgedour","3","2","5"
"GeorgeDub21","2","3","5"
"GeorgeShishkin","2","3","5"
"georgiades","2","3","5"
"Georgii-F","2","3","5"
"Georgmir12","4","1","5"
"Geowaa","3","2","5"
"geraguerrilla","2","3","5"
"GeraldAsamoah","2","3","5"
"gerasd99788","2","3","5"
"Gerasimov-Bobachev","2","3","5"
"GerbenSewuster","4","1","5"
"gerbera","3","2","5"
"Gercastell","2","3","5"
"gerhardd","2","3","5"
"german0000000","2","3","5"
"German28082012","2","3","5"
"germanij1","3","2","5"
"GermanPalomares78","3","2","5"
"gernase1","3","2","5"
"Gerodfilio","3","2","5"
"geryleu","3","2","5"
"Gerzog1","2","3","5"
"gesddd","2","3","5"
"getbaitedman","3","2","5"
"getpradeep2006","3","2","5"
"getrektneerd","2","3","5"
"gfawsdhikj","3","2","5"
"gfntaft","3","2","5"
"gg27081987","2","3","5"
"GG60","3","2","5"
"gg7777","2","3","5"
"GGANTUGS","3","2","5"
"ggd65","2","3","5"
"GGG_boxer","3","2","5"
"gggera","2","3","5"
"Ggks123","3","2","5"
"ggnathansc","2","3","5"
"gh-g-m","2","3","5"
"Ghader-Ebrahimzadeh","3","2","5"
"GHADIB","2","3","5"
"ghafoorch","2","3","5"
"Ghaithzalaw","2","3","5"
"ghanachessing","2","3","5"
"ghandy-ahmed","3","2","5"
"Ghcorrea","3","2","5"
"GHghafari","2","3","5"
"ghiblimor","3","2","5"
"Ghifar31","4","1","5"
"GhooostSYR","2","3","5"
"ghost_man23","3","2","5"
"Ghost_Tower12","2","3","5"
"ghost1313","1","4","5"
"GHOstEE05","3","2","5"
"ghostlovescore","4","1","5"
"GhostPhoenix","3","2","5"
"ghrab01","2","3","5"
"ghsaeed","3","2","5"
"Ghyas-yazbek","3","2","5"
"giaan2105","3","2","5"
"giacomo9319","2","3","5"
"Giahan2017","1","4","5"
"giaisinhvien","2","3","5"
"Giancarlo58","3","2","5"
"gianelking314","3","2","5"
"GianniStrangio","2","3","5"
"GIANPOLLO","3","2","5"
"giantkiller23","3","2","5"
"Gideon-Gandrapu","3","2","5"
"Giggs777","2","3","5"
"gigimu12","2","3","5"
"giginogig","3","2","5"
"GIgor4ik","2","3","5"
"GigoreT","3","2","5"
"gijojo","3","2","5"
"Gil36","1","4","5"
"gilaki1992","4","1","5"
"gilb2966","3","2","5"
"GiliusAtlas","2","3","5"
"ginfriks","3","2","5"
"Gino-san","1","4","5"
"Giokashvili","2","3","5"
"gionikk","2","3","5"
"giorgiqvabuleli","2","3","5"
"Giorgos_1965","3","2","5"
"giorrrrrrrrrr","2","3","5"
"giosel411l","3","2","5"
"Giovana17_CApufrgs","3","2","5"
"giovanni983","2","3","5"
"girishogale","1","4","5"
"Gita_Serafina","2","3","5"
"gitano55","2","3","5"
"gitarvemavi","2","3","5"
"gitbyq-Zakhu1-jyrpit","2","3","5"
"Giuliana123","2","3","5"
"GiulioSal","3","2","5"
"Giulissea","3","2","5"
"Giupi8","2","3","5"
"giuseppeb1991","3","2","5"
"givan","3","2","5"
"Givans","2","3","5"
"giyanlw","2","3","5"
"gizmo78","3","2","5"
"Gizzmo","2","3","5"
"GJA23","2","3","5"
"GK7000","1","4","5"
"gkhnm07","3","2","5"
"gkost123","2","3","5"
"glad-iator","3","2","5"
"Glade567","3","2","5"
"gladiator6531","3","2","5"
"Glatsonleo","2","3","5"
"Glebass23","4","1","5"
"glech57","2","3","5"
"glen_dlemos","3","2","5"
"Glenallen","1","4","5"
"GlennMatthews","3","2","5"
"glinomes777","3","2","5"
"Globetrotters","2","3","5"
"Glouz","3","2","5"
"Glpogi_NNayon","3","2","5"
"gmalexey","3","2","5"
"GMaria","2","3","5"
"gmarwah","4","1","5"
"GMbabur","3","2","5"
"gmfirmino","2","3","5"
"Gmgh","2","3","5"
"Gmgkt","3","2","5"
"gmhelena","2","3","5"
"Gmimethma","2","3","5"
"Gmoxyking10","2","3","5"
"gmpuroy17","3","2","5"
"gmrama","3","2","5"
"gmreda187788","2","3","5"
"gmz0746","2","3","5"
"GnaneshJ","2","3","5"
"Gnel_Danielyan","2","3","5"
"goat-sama","3","2","5"
"Goatzzy","3","2","5"
"Goblin_Chess","4","1","5"
"Gocegorgiev42","3","2","5"
"gockou_no_roJloBe","3","2","5"
"GodDog123","3","2","5"
"GodisGood72","3","2","5"
"Gofiodelasmercedes","2","3","5"
"Gofurjonov","3","2","5"
"gogo-122","2","3","5"
"Gogol215","3","2","5"
"GogoSan","2","3","5"
"gogu1111","3","2","5"
"gohgoh","2","3","5"
"gojayevzz","3","2","5"
"gojsavina","3","2","5"
"gokceadali","2","3","5"
"gokhan3009","2","3","5"
"gokul_shanaya","2","3","5"
"gokulkhan","3","2","5"
"gokurasec","3","2","5"
"Gokurt91","3","2","5"
"goldendayz","2","3","5"
"Goldlivelymagician","3","2","5"
"golf2weerapat","3","2","5"
"Golfox","3","2","5"
"GolgeHaramileri","3","2","5"
"golosetto62","3","2","5"
"Golu5542","1","4","5"
"Gomani1","3","2","5"
"GONCHAROVVASY","3","2","5"
"goncolos11","2","3","5"
"GONDROAXIOM","1","4","5"
"Gonduli","2","3","5"
"good452","4","1","5"
"Good4Nothing","2","3","5"
"goodjobpeople","2","3","5"
"goodnight187","1","4","5"
"Goornik","4","1","5"
"gordelia89","3","2","5"
"GordonHall97","2","3","5"
"gordotim","3","2","5"
"Gorillino","2","3","5"
"gorkemhanagasi","2","3","5"
"gorufy123","3","2","5"
"gosauer","2","3","5"
"gosdo","2","3","5"
"goshalobzikov","2","3","5"
"gotham123ccs","2","3","5"
"Gour1992","2","3","5"
"Govardhan_c","3","2","5"
"Govind_jha","3","2","5"
"GozGozGOZTEPE","2","3","5"
"GPB8","2","3","5"
"GPGanev","3","2","5"
"GPGard","4","1","5"
"gpsSuyash","4","1","5"
"GR4HADDAD","3","2","5"
"GraczPoczatkujacy","3","2","5"
"GrafOrlof","4","1","5"
"Gramanoth","3","2","5"
"granddaddio","2","3","5"
"Grande_Bede","3","2","5"
"Grandma_Yulya228337","3","2","5"
"grandmaster_12345675","3","2","5"
"Grandmasterbhavya","3","2","5"
"GrandMasterLidl","3","2","5"
"GrandNoobster420","3","2","5"
"grantmasder","1","4","5"
"graoo","3","2","5"
"GrAsSs77","4","1","5"
"Gratiskatze1996","2","3","5"
"graumester","3","2","5"
"GravelDF","3","2","5"
"GRAY__00","2","3","5"
"GrayWolffe","2","3","5"
"GreatCzechM8","4","1","5"
"GreatGreenGoat","2","3","5"
"Greatykas","2","3","5"
"greckusu","3","2","5"
"grecoAttAck","3","2","5"
"Greed007","1","4","5"
"Greek_scholar","3","2","5"
"Greench","2","3","5"
"Greendoctor","3","2","5"
"Greenslonik01","3","2","5"
"Greeshma_Bhat","3","2","5"
"greg_chess_master","2","3","5"
"GREG-ENIGMA","3","2","5"
"Greggo7112","2","3","5"
"GregHo","2","3","5"
"Gregorinho","2","3","5"
"GregoriZazulin","2","3","5"
"Gregory_2306","3","2","5"
"gregreynolds","3","2","5"
"grek99","2","3","5"
"Greyview","2","3","5"
"griez1234","2","3","5"
"grieznis","2","3","5"
"Griffemto","3","2","5"
"griffon83","3","2","5"
"Grigoriy-66","2","3","5"
"Grigory410","2","3","5"
"Grilja","3","2","5"
"Grimars","2","3","5"
"grishaforsov","2","3","5"
"Griwa2112","1","4","5"
"gro1977","3","2","5"
"Groskilled","1","4","5"
"grossjeans","2","3","5"
"grossram","3","2","5"
"GroteMeneer","3","2","5"
"Grotesque_Princessk","2","3","5"
"grothony","2","3","5"
"grtIIan_3264","3","2","5"
"grubmanlev","3","2","5"
"GryzZagryz","2","3","5"
"gsandovalpalacios","2","3","5"
"GSemen25-09","3","2","5"
"gsgsth","3","2","5"
"gsimhan","3","2","5"
"gsrraj","2","3","5"
"GTurdikulova1","3","2","5"
"guarderofsofa","3","2","5"
"guardiandelatorre","2","3","5"
"gue_ko","3","2","5"
"gueth","2","3","5"
"Gugu13augusto","2","3","5"
"GuiGuiTex","3","2","5"
"Guillefe","4","1","5"
"guillermoyude2009","1","4","5"
"Guk_Evgeniy","4","1","5"
"Gulaga","3","2","5"
"gulivr","2","3","5"
"GumarAbu","3","2","5"
"Gummibears7","3","2","5"
"GunesMelih","2","3","5"
"Gunjaman","2","3","5"
"gupta_savya_chess","2","3","5"
"Gurdavlen","3","2","5"
"gurkan8181","3","2","5"
"GURKANIAN-IRANBAYGAN","2","3","5"
"GURU124","3","2","5"
"Gus100memaybeo","2","3","5"
"Gusadrin","3","2","5"
"gusev_maxim","2","3","5"
"GusQuin83","3","2","5"
"Gussola","2","3","5"
"gustaakhaadmi","3","2","5"
"gustavbelttran","2","3","5"
"gustavo0808","2","3","5"
"Gustavo2616","3","2","5"
"GustavoMalfoy","2","3","5"
"gusugai","3","2","5"
"guts10","3","2","5"
"guytouder93","1","4","5"
"gvalvano","1","4","5"
"gw5v","2","3","5"
"gwright","2","3","5"
"GXMC122","2","3","5"
"gyammy","2","3","5"
"GyanChandSharma","2","3","5"
"gymchess1","2","3","5"
"gypa1290","3","2","5"
"gypsi_king","3","2","5"
"gypui23","2","3","5"
"gyrfalcon","3","2","5"
"gyro417","3","2","5"
"gyszinetar","2","3","5"
"Gyver","3","2","5"
"H_pawn","3","2","5"
"H19Filip90","4","1","5"
"H2o_mx","3","2","5"
"h98538244","4","1","5"
"HA-DY","2","3","5"
"haacel","1","4","5"
"Haarreeuugghh","2","3","5"
"HaBaGu","2","3","5"
"Habibi123","3","2","5"
"habil_maharramoff","3","2","5"
"hach88","2","3","5"
"HACHEM125","3","2","5"
"HackerManveer","3","2","5"
"hadcav","2","3","5"
"hadi_m56","3","2","5"
"hadi2468","3","2","5"
"Hadjme777","3","2","5"
"HafeezBaloch111","2","3","5"
"hagoxp","3","2","5"
"hagu420","2","3","5"
"haha2011","3","2","5"
"Haifishzahn","3","2","5"
"Haim_Shalev","3","2","5"
"hairylog","2","3","5"
"haitham7HD","3","2","5"
"haje66","3","2","5"
"hajul","3","2","5"
"HakanElmali35","3","2","5"
"hakankavruk","3","2","5"
"hakhoi","3","2","5"
"hakuho2023","3","2","5"
"Halbseckel","3","2","5"
"Halel2011","3","2","5"
"haleluja","2","3","5"
"halenajafi1983","2","3","5"
"halidparladi","1","4","5"
"HalilCinar60","2","3","5"
"halilsemih_09","3","2","5"
"halligen","2","3","5"
"hallohen","2","3","5"
"hAlunAmAtAtA","3","2","5"
"hamburger21456","3","2","5"
"HamdiAyhan","3","2","5"
"hamed_goudarzi","3","2","5"
"Hamed-salami","2","3","5"
"Hamed367","2","3","5"
"hameed202020","2","3","5"
"hamid-gon","1","4","5"
"hamid101258","2","3","5"
"hamid13421342","3","2","5"
"hamidmosavi","2","3","5"
"hamidnoori55","4","1","5"
"hamidraj","3","2","5"
"hamidsaa","3","2","5"
"hamissisadiq","2","3","5"
"HammadGaming","3","2","5"
"Hampil","2","3","5"
"Hamstermeister08","3","2","5"
"hamydrz","3","2","5"
"hamzaaures","4","1","5"
"Hamzahcfc","3","2","5"
"Hamzargh","2","3","5"
"Hamzeh_ameen","3","2","5"
"Hancook","3","2","5"
"handerzon","2","3","5"
"HandsOnManagement","4","1","5"
"Hane_Aki","3","2","5"
"HaniAssakali","3","2","5"
"haniful","2","3","5"
"hanihab","2","3","5"
"Hanimanda","2","3","5"
"hanimciyim","3","2","5"
"HANN_GAMBIT","3","2","5"
"hannabrucal","3","2","5"
"hannukeapen","2","3","5"
"hanseatik","3","2","5"
"hanspeon111","3","2","5"
"Hany3emara","2","3","5"
"hanyabdo","3","2","5"
"hanyaltalb","2","3","5"
"hanykhalil","3","2","5"
"hanz83","2","3","5"
"Hanzo1","3","2","5"
"hape","1","4","5"
"happykumar","2","3","5"
"hardcore-position","3","2","5"
"hardride","2","3","5"
"HardRok","3","2","5"
"Harianto_LpTolitoli","1","4","5"
"harijs58","3","2","5"
"hariniramaswamy","2","3","5"
"hariom331","3","2","5"
"haripatel0312","2","3","5"
"Haritashara","2","3","5"
"harjinagi","2","3","5"
"Harlow0","2","3","5"
"HarmonyGongs","2","3","5"
"Harmov","1","4","5"
"Harolda","2","3","5"
"HaroldBlack","4","1","5"
"harounzem","3","2","5"
"harrycan1337","3","2","5"
"harrypilania","3","2","5"
"HarryPotter696762","3","2","5"
"harrystev","2","3","5"
"HarshadIndia","2","3","5"
"harshvardhanharsh","3","2","5"
"Hartl","3","2","5"
"hartt12","3","2","5"
"Harun-BH","3","2","5"
"hasan89","3","2","5"
"HasanAbu","2","3","5"
"hasanhan95","3","2","5"
"hasanturk61","3","2","5"
"Hasanyilmaz51","3","2","5"
"hasanzarei123","2","3","5"
"hashem_te","2","3","5"
"HashirATRN2","3","2","5"
"HashtagPBR","2","3","5"
"Hasibul_Hemel17","3","2","5"
"Hasla2023","3","2","5"
"hassansaradar","1","4","5"
"HassanTalabeigi","2","3","5"
"HassanZakaria-Canada","2","3","5"
"Haswelakahazalov","2","3","5"
"HateemJ","1","4","5"
"hatul-madan","3","2","5"
"Hatze","3","2","5"
"HauntingVerus","2","3","5"
"Havenstay49","3","2","5"
"Hawtino","3","2","5"
"hayde","3","2","5"
"hayderkamel","4","1","5"
"hayrettin_7","3","2","5"
"Hayyam31","2","3","5"
"Haze888","3","2","5"
"Haziellavalle","2","3","5"
"HB_Sitepu","2","3","5"
"hb1401","3","2","5"
"HBCM","2","3","5"
"hbwalimbe","1","4","5"
"hc15","2","3","5"
"Hcassandre","3","2","5"
"hcdgb","4","1","5"
"hch0","3","2","5"
"hchess2000","3","2","5"
"hck23","3","2","5"
"hdewing1234","2","3","5"
"HDR34_a","3","2","5"
"HEA6","4","1","5"
"HeartSoul1","3","2","5"
"HeathNavin","3","2","5"
"heaven_halo","3","2","5"
"HebertChem","2","3","5"
"HecTepeHko","3","2","5"
"Hector_HG12","2","3","5"
"hectorzp","3","2","5"
"hedayat_farhangi","3","2","5"
"Hedayet333","2","3","5"
"hedgehog30","3","2","5"
"Hefestos8","3","2","5"
"heidar2020","3","2","5"
"HeikoLes399","3","2","5"
"Heinrich12345_6_7","3","2","5"
"helgehansen","3","2","5"
"helios74","2","3","5"
"HelioTrinas","3","2","5"
"hell46white","2","3","5"
"Hello2202","2","3","5"
"helmib","4","1","5"
"helpid2011","2","3","5"
"hem001","3","2","5"
"Hemaddhlo","2","3","5"
"hemangrana","2","3","5"
"hemant_69","2","3","5"
"hemantganti","3","2","5"
"hemantswarnkar","4","1","5"
"hemantyadav2303","2","3","5"
"Hembale11","2","3","5"
"hemidactylus_brookii","3","2","5"
"Hemidah","3","2","5"
"hemulet","2","3","5"
"hendalf48","3","2","5"
"hendrikwaterbath","3","2","5"
"hendroson","3","2","5"
"henexil","3","2","5"
"hengzijun","2","3","5"
"Henly","1","4","5"
"Hennie007","2","3","5"
"Henrik78","3","2","5"
"henriquelalves","3","2","5"
"henrix77","3","2","5"
"henry_cuevas","2","3","5"
"henry7wk","3","2","5"
"Hentzau","3","2","5"
"Henya1393","3","2","5"
"HeoL12","3","2","5"
"Heorhii_Khrushch","2","3","5"
"Her3","4","1","5"
"Herbert_Pires","2","3","5"
"Hercule78","2","3","5"
"Herikli50","3","2","5"
"Hermanarich","1","4","5"
"HermanKalinowski","2","3","5"
"hermgrewal","3","2","5"
"Hermine_2023","3","2","5"
"HernandezJr","2","3","5"
"hernangod","2","3","5"
"herodrigo","4","1","5"
"Heroe_Antiguo","2","3","5"
"herosheros11","2","3","5"
"Herr-Monti","3","2","5"
"HerrBergmann","2","3","5"
"herrfizzo","3","2","5"
"Herut_Shimon","3","2","5"
"herve18-59","1","4","5"
"hesaaaaaam","2","3","5"
"Hesara_Nethsuka","3","2","5"
"Hessamy","3","2","5"
"HeWhoHasChosenLife","2","3","5"
"hezha_k","3","2","5"
"hgfrygfdfhhhgt612","2","3","5"
"HHV","3","2","5"
"hi21BDarlington","2","3","5"
"Hickseed134","3","2","5"
"hicrushkits","1","4","5"
"hiepmc","2","3","5"
"HIGH_IMPULSE_KING","3","2","5"
"Highbish","2","3","5"
"highcurtain","2","3","5"
"Hiilihanko","3","2","5"
"hikka090","3","2","5"
"hikmetkeskin75","3","2","5"
"Hilboo","3","2","5"
"hildsvegsamer","2","3","5"
"Hilel1798","3","2","5"
"Hilgers","2","3","5"
"hilman81","3","2","5"
"Him348","3","2","5"
"Himanaya","2","3","5"
"Himanshu531997","2","3","5"
"HimashaChinthani2002","3","2","5"
"Himmatvanzara","3","2","5"
"HinjaKafa","3","2","5"
"HIR057_B12L_AFIF","2","3","5"
"hiraljoshi","2","3","5"
"hirgis","2","3","5"
"hiro0910","3","2","5"
"Hisham7777777","4","1","5"
"HishamAtaya1996","3","2","5"
"HishamGaber","3","2","5"
"hitanshwarke","2","3","5"
"Hiten_mul-16","3","2","5"
"Hitman3789","2","3","5"
"hitokiri31","2","3","5"
"hits845","2","3","5"
"Hitsman","2","3","5"
"Hiwam","2","3","5"
"hj9","2","3","5"
"Hjimed","2","3","5"
"hjjhgtjkkjhh","2","3","5"
"Hlianthus","3","2","5"
"hllibo0715","2","3","5"
"Hlulanie","1","4","5"
"HM1010","1","4","5"
"HM269","3","2","5"
"HMAYA","2","3","5"
"hmoooy666","2","3","5"
"Hmu97","3","2","5"
"Hndy","2","3","5"
"hoangdinhthuan","3","2","5"
"hoangvantuyen","3","2","5"
"hocaanm","3","2","5"
"Hocchovui","2","3","5"
"hoccovua_123","2","3","5"
"hocineo86","2","3","5"
"Hodaifa","2","3","5"
"Hodi_uzhe","2","3","5"
"hoffy121","2","3","5"
"HokieChemist","2","3","5"
"hokky1234","3","2","5"
"hollow8888","3","2","5"
"holodukenukem","3","2","5"
"Hom3land3r","3","2","5"
"Homedepot","2","3","5"
"HOMELANDER1","2","3","5"
"homibet","3","2","5"
"homos369","3","2","5"
"honey3344","2","3","5"
"Hongwaree_Raitao","2","3","5"
"honst","3","2","5"
"honte","2","3","5"
"Honter3214","3","2","5"
"hony_2048tt","2","3","5"
"hoodibi","2","3","5"
"Hook1pa","2","3","5"
"hooman1391","3","2","5"
"hooman157","3","2","5"
"Hoopernoel","2","3","5"
"HopeAndFaith","3","2","5"
"HoPre","1","4","5"
"Horacio-080506","2","3","5"
"horacio-cadu","3","2","5"
"HORASAUNDO","2","3","5"
"Horiling","2","3","5"
"Horse2022","3","2","5"
"Horsemanfoxhunter","3","2","5"
"horserman","2","3","5"
"horsetoeluvr","2","3","5"
"Horsie_go_Hop","2","3","5"
"hose_g","3","2","5"
"Hosean_mahshidi","2","3","5"
"hoss999","2","3","5"
"hossein1233215652","4","1","5"
"hossein137100","2","3","5"
"Hossijan","2","3","5"
"houms38","3","2","5"
"houssamrec","3","2","5"
"HoussemGuedria","2","3","5"
"Howenxuan","1","4","5"
"Hownanian","3","2","5"
"howwhalebreathe","3","2","5"
"HP_23","3","2","5"
"hp11111","4","1","5"
"HP64","3","2","5"
"hpleitez","3","2","5"
"HQQQ","2","3","5"
"Hrcius","3","2","5"
"Hriakus","3","2","5"
"hronan","3","2","5"
"Hrsshukla2011","2","3","5"
"hrtk","2","3","5"
"HS-BI-JankoJ","2","3","5"
"HS-BI-WolfgangE","3","2","5"
"hs48","3","2","5"
"Hsd_90","2","3","5"
"hsegovia","3","2","5"
"htmoh","3","2","5"
"Huarta","3","2","5"
"Hubbabubbah","3","2","5"
"Hubert42","3","2","5"
"huge_andre","2","3","5"
"HughHoang","2","3","5"
"Huglopez","3","2","5"
"hugoboss92","3","2","5"
"HugoDiazDe","2","3","5"
"hugoqui","3","2","5"
"huguesdebop","2","3","5"
"huhlio","3","2","5"
"HujciettoCobra","2","3","5"
"HULLlYT9l","3","2","5"
"HumamT","3","2","5"
"human4848","2","3","5"
"Humero","2","3","5"
"Hummus3","3","2","5"
"HunchoChess","2","3","5"
"Hunky_Donk","2","3","5"
"hunsoulo","2","3","5"
"huntertan123","1","4","5"
"HUs-sAM","2","3","5"
"husenaljojo","2","3","5"
"huseyinsalih_7","2","3","5"
"Husseinalahmad","3","2","5"
"Huy2017","3","2","5"
"hwasnock123","1","4","5"
"hyab","3","2","5"
"Hybrid86","2","3","5"
"Hyeonjunpark","3","2","5"
"Hyoo2004","3","2","5"
"Hyperione68","2","3","5"
"hytigfb5834","3","2","5"
"I_like_chess_so_much","3","2","5"
"I_PearMan_I","2","3","5"
"I_Yevhenii_I","2","3","5"
"I-Jose-I","2","3","5"
"I-OI","3","2","5"
"I-s-a-2010","2","3","5"
"I2807","2","3","5"
"i2nhalf","3","2","5"
"i4an","2","3","5"
"I5thMuhammed","3","2","5"
"I77Mr19","2","3","5"
"IA_RHYNE","3","2","5"
"IAA38","2","3","5"
"iaanyanwu","1","4","5"
"iadap06","2","3","5"
"iam_anand_kk","2","3","5"
"iam4ti5ied","3","2","5"
"iamibogurban","2","3","5"
"iamlollins","1","4","5"
"iammodarwish","3","2","5"
"IamMrbrave1","2","3","5"
"Iamyouami","3","2","5"
"ianabanana","1","4","5"
"iancmason","2","3","5"
"IanJohnson","2","3","5"
"IanVR2013","4","1","5"
"Iaro","3","2","5"
"iavosoajessicah","3","2","5"
"ibad3","3","2","5"
"Ibaigane","2","3","5"
"ibeatbretkimbely1","3","2","5"
"iblis59","2","3","5"
"ibottero","3","2","5"
"ibr3833160","1","4","5"
"ibr4h","2","3","5"
"Ibra543","3","2","5"
"Ibragimov_Suleyiman","3","2","5"
"ibraheeem03","3","2","5"
"ibrahim_87","2","3","5"
"ibrahim629","2","3","5"
"ibrahimcemy01","3","2","5"
"ibrahimgmal03","1","4","5"
"IBRAHIMJALEEL","3","2","5"
"ibramalkoc","2","3","5"
"Ibth1sham","3","2","5"
"ICannotFindAName","3","2","5"
"IcarusSpicarus","2","3","5"
"Iceboy_1362","3","2","5"
"IceBurn","3","2","5"
"IceCreamMelt","2","3","5"
"IceHydra7","3","2","5"
"icewind1991","3","2","5"
"ichbinmetinnn","2","3","5"
"ICON_254","4","1","5"
"idan9632","4","1","5"
"Idanma","3","2","5"
"ideeni","2","3","5"
"idefix1969","2","3","5"
"idefix38","2","3","5"
"idli_PaAV","3","2","5"
"idontknowchessy","2","3","5"
"idoosams","3","2","5"
"IDUKKIKING","1","4","5"
"iffahqistina","1","4","5"
"iftishah","3","2","5"
"iftrue","2","3","5"
"iggy_ttnnkv","2","3","5"
"igmarra1980","3","2","5"
"IgnacioRodriguez_CR","2","3","5"
"IgnoreMeSenpai143","3","2","5"
"Ignus623","2","3","5"
"Igor_Alexandrovich17","3","2","5"
"Igor_Perm","3","2","5"
"igor-1965_s","2","3","5"
"Igor-Shvet","4","1","5"
"igor-webmaster","3","2","5"
"Igor262","2","3","5"
"igor8686861","2","3","5"
"IgorBarros","3","2","5"
"IgorBr","3","2","5"
"igorcma","3","2","5"
"IgorDA","2","3","5"
"IgorHusak","3","2","5"
"IgorMovchan","2","3","5"
"IgorNik","3","2","5"
"IgorOverchenko","2","3","5"
"Igrock1979","2","3","5"
"Igrok235","3","2","5"
"igroktaksebe","3","2","5"
"Igry6ka_1985","2","3","5"
"igSimonasMitusovas","2","3","5"
"ihatehorsy","2","3","5"
"IHaveADream","3","2","5"
"iherguven","2","3","5"
"IIamixII","3","2","5"
"iiigeorgeiii","3","2","5"
"IKA3AKI","2","3","5"
"Ikar2","3","2","5"
"Ikaro65","3","2","5"
"Ikemenmudatsukai","3","2","5"
"iksan1717","2","3","5"
"Ikuta01","3","2","5"
"Il_ciarlatano","2","3","5"
"il6886","2","3","5"
"ilas228","2","3","5"
"Ildus1961","2","3","5"
"ilesin","2","3","5"
"Ileya_Silver","2","3","5"
"ilgam067","2","3","5"
"ilgrigio","3","2","5"
"ilhamjamin86","2","3","5"
"ilhan41","2","3","5"
"Ilija95","2","3","5"
"ILikePonziani","3","2","5"
"iliya2002","2","3","5"
"IljaZor51","2","3","5"
"ilker016506","2","3","5"
"ilker2734","3","2","5"
"ilkeruzz","3","2","5"
"illegalpig","2","3","5"
"illestt","2","3","5"
"Illmuney","2","3","5"
"illuzzor","3","2","5"
"ilm04","2","3","5"
"ilmir_faiza","2","3","5"
"ilmir_hisamov","2","3","5"
"ILove2Mate","2","3","5"
"ilovechess3813","4","1","5"
"ilPecoItaliano","2","3","5"
"ilsovinatore","3","2","5"
"iltyr","3","2","5"
"Ilya_Siverin","3","2","5"
"Ilya-G-Malafeeev","3","2","5"
"ilya142","3","2","5"
"IlyaDT","4","1","5"
"IlyaKir","4","1","5"
"ilyasany4","1","4","5"
"ilyasb6","2","3","5"
"IlyaSen2015","2","3","5"
"IlyaSLG","2","3","5"
"ilyassav","1","4","5"
"ilyaveselov1990","3","2","5"
"imamhatipliabd_53","3","2","5"
"iman-64","2","3","5"
"ImanHaris","2","3","5"
"Imants_Opis","2","3","5"
"imhotep_ff","2","3","5"
"imkaganemre","2","3","5"
"Immamovemypieces","3","2","5"
"Immorael","2","3","5"
"imocza","2","3","5"
"ImpatientDriver","3","2","5"
"Imperator1986","2","3","5"
"ImperFloripa","3","2","5"
"ImperiumGodEmepror","3","2","5"
"imrancatur08","1","4","5"
"imrichard_5","3","2","5"
"In1509","4","1","5"
"inaarabiad_0418","4","1","5"
"inamadM","2","3","5"
"inan2534","2","3","5"
"incasachin","2","3","5"
"Indarto","2","3","5"
"IndFra","3","2","5"
"INDIAN_WORRIOR_1","3","2","5"
"indomietelor","2","3","5"
"inehcim","3","2","5"
"inf0rmateur","2","3","5"
"infhook","1","4","5"
"Infi1830","2","3","5"
"Infinite_win","3","2","5"
"ing64","3","2","5"
"ingiltere100","3","2","5"
"Ingobert","3","2","5"
"ingor_supponen","4","1","5"
"Inhabitant50","2","3","5"
"Inna777","2","3","5"
"innocent_mind","2","3","5"
"InoCYCLOPSE","3","2","5"
"Inof42","3","2","5"
"inosuke_sama17","2","3","5"
"Inosvrupa","1","4","5"
"InPeasant","2","3","5"
"inserisci","3","2","5"
"instKiria1046","2","3","5"
"Intermega","3","2","5"
"inuarwaruwu","3","2","5"
"INVICIBLE10","2","3","5"
"InvincibleMikey_0001","3","2","5"
"InvisibleMan19","3","2","5"
"inzagher","3","2","5"
"Iodinehead","3","2","5"
"IoHanoaN","2","3","5"
"Ioliverm","3","2","5"
"ion_pislaru","4","1","5"
"iosifChess","3","2","5"
"ipekyoru","3","2","5"
"IPlayChessVeryWeird","3","2","5"
"Iplayoncheesedotcom","4","1","5"
"IQ_HuNTeR","3","2","5"
"iraj_1342","3","2","5"
"iraj2","1","4","5"
"irakli85","2","3","5"
"irakliss","3","2","5"
"iran000iran","2","3","5"
"ireallycantplay","2","3","5"
"Irik62","3","2","5"
"Irina50","3","2","5"
"Irishanne","3","2","5"
"IRISHKA_1304","1","4","5"
"IrkMax","3","2","5"
"Irokez84","2","3","5"
"IRONmanpan","3","2","5"
"IronRunner","2","3","5"
"irpok-25","2","3","5"
"IrreverentIguana","3","2","5"
"IRussian2023","2","3","5"
"isa20_MAR","2","3","5"
"Isaac-eugenio_1452","3","2","5"
"Isaac1682","3","2","5"
"isaac348","2","3","5"
"IsaacsM","2","3","5"
"Isabel86","2","3","5"
"ISABELLEC72","3","2","5"
"Isakov_Sergey","2","3","5"
"isaque_05","2","3","5"
"Isara_2009","4","1","5"
"ISF2005","2","3","5"
"Ishaan240614","3","2","5"
"ishaandhar24","2","3","5"
"ishan-01ud","1","4","5"
"Ishanth43","2","3","5"
"isichess","3","2","5"
"Isildur7172","2","3","5"
"iskander0101","2","3","5"
"IskoyanHayk","3","2","5"
"Islam_Abdellah","2","3","5"
"Islam_GD","2","3","5"
"islam-ali","2","3","5"
"ISLAM0143","2","3","5"
"islam1199","2","3","5"
"ISLAMBEKD","2","3","5"
"isma-8707","3","2","5"
"ismael2206","2","3","5"
"Ismael2222","2","3","5"
"Ismail_Fikri","3","2","5"
"ismail_ichlar","4","1","5"
"ISMAIL1009","3","2","5"
"ismail20612","3","2","5"
"Ismanovich","3","2","5"
"ISMAYIL1980","3","2","5"
"isoc70","2","3","5"
"ISOLD6","3","2","5"
"isotor","2","3","5"
"ispburnpur","2","3","5"
"israel_vasquez26","3","2","5"
"IsraelAvellaneda","2","3","5"
"ISSA77130","2","3","5"
"istanbul3459","2","3","5"
"istvan55","3","2","5"
"Isy24","2","3","5"
"it_s_a_me_mario","2","3","5"
"itachchiuchiha","3","2","5"
"itachee","3","2","5"
"Itachi0203","2","3","5"
"italia69","3","2","5"
"itamar2014","3","2","5"
"ItIsICatoSicarius","2","3","5"
"ITrubina","2","3","5"
"its_alpha","2","3","5"
"itsannbee","3","2","5"
"ItsGrego","3","2","5"
"ItsOtisQuin","3","2","5"
"Ittup64","3","2","5"
"Iukiyu","2","3","5"
"IuriRus","3","2","5"
"Ivan_Datsenko","2","3","5"
"ivan_ekb","2","3","5"
"Ivan_Rush_krg","2","3","5"
"ivan-123_228","3","2","5"
"Ivan-Mihalev","2","3","5"
"ivan2788","2","3","5"
"IVAN757","1","4","5"
"IvanAbbasov2014","2","3","5"
"IvanBalatedjoy","3","2","5"
"IvanBronnikov","2","3","5"
"ivanchessnoob","3","2","5"
"ivanchucknoris","3","2","5"
"iVANGG09","3","2","5"
"ivanich3234","2","3","5"
"IvanIVG","3","2","5"
"ivanjohnson24","3","2","5"
"IvanKuzmenkov","2","3","5"
"IvanND","3","2","5"
"Ivannikolakov","2","3","5"
"Ivanov_Zahar","2","3","5"
"ivanovm","3","2","5"
"ivanraro","1","4","5"
"IvanRicoPrieto","2","3","5"
"IvanSidenko","2","3","5"
"Ivashov_Dmitrij","2","3","5"
"ivo_bruyninckx","2","3","5"
"IvorTimmis","3","2","5"
"IvyBrown","2","3","5"
"iwanromaker","2","3","5"
"izabela94","2","3","5"
"izadyar_jalalipour","4","1","5"
"Izak49","2","3","5"
"iziringmoso","2","3","5"
"izkue","1","4","5"
"Izya_Shniperson_31","1","4","5"
"j_d_l","3","2","5"
"J_Fang","2","3","5"
"J_Hareish","3","2","5"
"j_luthor","3","2","5"
"J-A-MORANT13","3","2","5"
"j12mill","2","3","5"
"J1u1a1n1","2","3","5"
"J2002500080","3","2","5"
"j7e7s7u7s","2","3","5"
"J7i75g6","2","3","5"
"J88888332333","3","2","5"
"Ja_LoL_der_King","4","1","5"
"ja0511","2","3","5"
"jaafar1999","2","3","5"
"Jaanvi23","2","3","5"
"JabronLames","3","2","5"
"jabutski","2","3","5"
"Jacava_gt","2","3","5"
"Jacbcone66","3","2","5"
"Jack_Lantan","2","3","5"
"JACK70NICK","2","3","5"
"jackal48","2","3","5"
"JackDaniels13","3","2","5"
"Jackie004","2","3","5"
"jackieesparrow","3","2","5"
"JackJT","2","3","5"
"Jackpov","2","3","5"
"JACKSON_JUNIO","2","3","5"
"JacksonKassewitz","3","2","5"
"JacksonR87","4","1","5"
"jackspar","2","3","5"
"jacktripper2ccc","2","3","5"
"jacob_km","2","3","5"
"jacobbarber","3","2","5"
"JacobLaiYeHong","3","2","5"
"jacobmercy","3","2","5"
"Jacomoto","2","3","5"
"jadebabatuan","3","2","5"
"Jaden09","3","2","5"
"Jadenalpha","3","2","5"
"jafarzakeri","2","3","5"
"jafilip13","3","2","5"
"jagaba","2","3","5"
"Jagandave","3","2","5"
"Jagdish27","2","3","5"
"Jager_tree","3","2","5"
"jaggu_bhai","2","3","5"
"jaguar321","2","3","5"
"Jahin28","1","4","5"
"Jai_8","2","3","5"
"JaiChap","2","3","5"
"jaimitoow","2","3","5"
"jainmumbai","3","2","5"
"jaishriRAAAM","3","2","5"
"JakeN94","3","2","5"
"Jakob_F_P","2","3","5"
"Jakob0891","2","3","5"
"Jakous","2","3","5"
"jakXUltimate","3","2","5"
"jalu_01","2","3","5"
"jam_aica","2","3","5"
"jambini19","2","3","5"
"jame2019","2","3","5"
"james10dadula","3","2","5"
"James20062305","2","3","5"
"jamesbands007","3","2","5"
"Jamesgeo2299","4","1","5"
"JamesLennon","2","3","5"
"JamesLontoc","3","2","5"
"JamesPGC","3","2","5"
"JAMiE2005","3","2","5"
"jan_schiffer","3","2","5"
"jan1563","1","4","5"
"Jan18","2","3","5"
"JananiMurthy","3","2","5"
"JanBorysevych","3","2","5"
"jandorex","2","3","5"
"Jandracol","2","3","5"
"Jane_lovebird","3","2","5"
"JaNek223","3","2","5"
"Janek454","3","2","5"
"JanHoek","3","2","5"
"janitorjantzjantzen","3","2","5"
"Janko789","2","3","5"
"jannatulpreety","2","3","5"
"JANNICE","3","2","5"
"jannick0320","2","3","5"
"jannik93","3","2","5"
"Janvi2023","3","2","5"
"JanZita","2","3","5"
"JanZu007","2","3","5"
"JAOKO","2","3","5"
"japcy","2","3","5"
"JAPEHUAR","3","2","5"
"Japi376","3","2","5"
"JapLuey","2","3","5"
"Jaramillojhon","2","3","5"
"jardinho","3","2","5"
"Jarecek","2","3","5"
"Jaroslav_Diuzhenko","2","3","5"
"Jarqu","2","3","5"
"Jaruca96","2","3","5"
"jashvitha","3","2","5"
"Jaskeerat123","3","2","5"
"jason123me","3","2","5"
"Jasvinder6","3","2","5"
"Jaswin_1","3","2","5"
"Jaufarube","2","3","5"
"jaume70","2","3","5"
"Jaume9","2","3","5"
"Jaunty00","3","2","5"
"javadhazami","2","3","5"
"javafun","3","2","5"
"JavaneseChad","4","1","5"
"javieer_caano","2","3","5"
"javielquinta1","3","2","5"
"javier_lirio","3","2","5"
"Javierche2d","3","2","5"
"JavierJC20","3","2","5"
"javisty","3","2","5"
"Javorova_grana","2","3","5"
"Javva","2","3","5"
"jawadirfan","3","2","5"
"JaxMen","3","2","5"
"Jay5125","3","2","5"
"jaya213","2","3","5"
"Jayk958","3","2","5"
"JayQBx4","2","3","5"
"jaystokes79","3","2","5"
"JayTurser","2","3","5"
"jazwol1111","3","2","5"
"jb_5175","2","3","5"
"JbAbA","2","3","5"
"jbajic","3","2","5"
"jc_bueno","3","2","5"
"Jc_jokes","2","3","5"
"jc008","4","1","5"
"JCarterMiller","3","2","5"
"Jcazza","2","3","5"
"jcb142","2","3","5"
"jcb52","1","4","5"
"jcbb","1","4","5"
"jcKej","2","3","5"
"jcrz1","2","3","5"
"jd_savage","4","1","5"
"jdan_2106","2","3","5"
"jdhy","1","4","5"
"jdjenk","2","3","5"
"jdostie","3","2","5"
"jdubholla06","3","2","5"
"jduxin","3","2","5"
"JEAN_PIERRE10","3","2","5"
"jean-taulier","2","3","5"
"jeandyego","2","3","5"
"JeanWeissweiler","3","2","5"
"jedi47","2","3","5"
"JedLintang_JLB","2","3","5"
"jeegii","3","2","5"
"jeet_03","2","3","5"
"Jeevandr","3","2","5"
"jeffcohen","3","2","5"
"JefferyKarbowski","3","2","5"
"JeffKR","3","2","5"
"JeiPi96","2","3","5"
"Jekiush_Marak","3","2","5"
"Jekyll70","2","3","5"
"jelma","3","2","5"
"jeloy","3","2","5"
"Jempot24","2","3","5"
"Jenepeja","3","2","5"
"Jenia67","2","3","5"
"JenifferCalero93","3","2","5"
"jentuva","4","1","5"
"jenvaljen","2","3","5"
"Jepoy23","2","3","5"
"Jeppehoper","3","2","5"
"JeremiahXO","4","1","5"
"JeremyGlantz","2","3","5"
"Jericho_00","2","3","5"
"Jeriko76","4","1","5"
"Jernhoved","2","3","5"
"jero1803","3","2","5"
"Jerome62","3","2","5"
"JeromeMor","3","2","5"
"Jervish","3","2","5"
"Jessicaxu10","3","2","5"
"jestercreator","1","4","5"
"JesterPennington","2","3","5"
"jesuisgrave","2","3","5"
"jesuiskamron","1","4","5"
"jesus212","2","3","5"
"jesuscal","3","2","5"
"JesuStadiumzgz","3","2","5"
"JethroPh777","1","4","5"
"Jew345","3","2","5"
"jexth","3","2","5"
"Jeyaprakashjr","2","3","5"
"JEYSONPETER","2","3","5"
"jezecek","3","2","5"
"Jezerth505","3","2","5"
"jezzif","3","2","5"
"jferreira1219","3","2","5"
"jfizz","3","2","5"
"jfkgjghf","3","2","5"
"jfuertes","2","3","5"
"jfyyxtgzdfeyr","2","3","5"
"jg21","3","2","5"
"Jgarrido","2","3","5"
"jhalcantara","3","2","5"
"jherver23","2","3","5"
"Jhilljoy22","3","2","5"
"Jhlove1213","3","2","5"
"JHPS70","2","3","5"
"jhtk","3","2","5"
"JiajinJiang420","3","2","5"
"JiaYi94","2","3","5"
"jibansarkar","2","3","5"
"jigallegol","2","3","5"
"Jiggyjigjoe","3","2","5"
"jignesh700","2","3","5"
"jigneshk7","2","3","5"
"jigou_frm","2","3","5"
"JigsawVIII","3","2","5"
"Jiiyy","2","3","5"
"jimbojimbojambojmbog","3","2","5"
"jimbozoom1","2","3","5"
"jimobo11","3","2","5"
"jimuel_biacora_PE2","2","3","5"
"jimyimzim","2","3","5"
"Jimytexas","3","2","5"
"Jinad","3","2","5"
"Jinaro","1","4","5"
"jinnpacs","3","2","5"
"jinucp","1","4","5"
"Jiranow0211","3","2","5"
"jithinvakkachan","3","2","5"
"jithinxavier","3","2","5"
"jitu01","2","3","5"
"JituLaKale","2","3","5"
"jitum","4","1","5"
"JIUYAN","3","2","5"
"JJ107","2","3","5"
"Jjdt17768","3","2","5"
"JJZ1405","3","2","5"
"jkn321","3","2","5"
"jl113","3","2","5"
"JL93","2","3","5"
"Jlc2","1","4","5"
"JLirik_43","3","2","5"
"jllm","3","2","5"
"jlopezsalas","2","3","5"
"Jmaster94","2","3","5"
"JMFLamb","3","2","5"
"JMJVI","2","3","5"
"JMMUNOZ1977","3","2","5"
"jna007","2","3","5"
"JnagaNadeep","2","3","5"
"jnatlm891","3","2","5"
"jnnico","3","2","5"
"Joachim_Muthomi","3","2","5"
"JoachimGarbe","3","2","5"
"Joannanatalie","2","3","5"
"Joanpo","3","2","5"
"joao_antonio54","3","2","5"
"Joao1712","2","3","5"
"JoaoLacerda1468","3","2","5"
"joaopedronogueira","2","3","5"
"JoaquinH_giaretti","2","3","5"
"Joatoribio05","3","2","5"
"jobijo","3","2","5"
"jochpacasa_98","3","2","5"
"JocPapadA","3","2","5"
"joeisthebestatchess","2","3","5"
"JoelArthur","2","3","5"
"joeljoe2014","3","2","5"
"joemond","2","3","5"
"Joesea","2","3","5"
"joey143","2","3","5"
"joeyty","3","2","5"
"johann2003t7","3","2","5"
"Johannes_Ha","2","3","5"
"JohannJABL","3","2","5"
"John3723","3","2","5"
"johnavitz","3","2","5"
"JohnBR","1","4","5"
"johndoe1911","3","2","5"
"johnfosterdulles","3","2","5"
"johnny_g21","3","2","5"
"Johnny76","2","3","5"
"johnnygjk","3","2","5"
"JohnsenJake","3","2","5"
"JohnSilver18","2","3","5"
"johnwilliamcook","3","2","5"
"JoJot","3","2","5"
"joka2000","2","3","5"
"Jokean1","3","2","5"
"JoKeiren","2","3","5"
"Joker443","3","2","5"
"JoKlaVe","3","2","5"
"jokmena","3","2","5"
"jolich","3","2","5"
"jolimoisdefevrier","2","3","5"
"JoLLT","3","2","5"
"JolyAC072","4","1","5"
"Jomaster_Chess","4","1","5"
"jomi422","2","3","5"
"jon77","3","2","5"
"Jonarias","2","3","5"
"JonaWolters","2","3","5"
"jones71","2","3","5"
"jongest1234","2","3","5"
"JoniRH","2","3","5"
"JONITO_TUMALIUAN","3","2","5"
"jonkelling","3","2","5"
"jonkronk","3","2","5"
"jonnLuck","3","2","5"
"Jonny_Garsia","2","3","5"
"JonnyJojo","3","2","5"
"JonnyMX14","3","2","5"
"Jonphillip1","2","3","5"
"Jonyjuego","2","3","5"
"joocker89","3","2","5"
"Jooooosh210","4","1","5"
"Joopkins","4","1","5"
"joray86","2","3","5"
"JorBernalC","3","2","5"
"Jordancyh","3","2","5"
"JordanPastor","3","2","5"
"JordanSzw76","3","2","5"
"jordbear","2","3","5"
"JordiDelph","2","3","5"
"Jordisap","3","2","5"
"jores","2","3","5"
"Jorge_Paxi_X","3","2","5"
"Jorge1267","3","2","5"
"Jorge1469","3","2","5"
"JORGE16CARDONA","2","3","5"
"jorge61gelp","3","2","5"
"jorgeemanuel9392","2","3","5"
"jorgegabilondo","3","2","5"
"jorgegameplays27","2","3","5"
"jorgenevares","3","2","5"
"JorgeNile7e4","2","3","5"
"jorginhoenriquez123","3","2","5"
"Jorjungla","3","2","5"
"jorrish","3","2","5"
"Jose_Antonio_Bueno","2","3","5"
"Jose1857","3","2","5"
"Jose220169","2","3","5"
"josealberto16","3","2","5"
"josebatablanca","2","3","5"
"josedar1990","2","3","5"
"josedavid1990","3","2","5"
"josedelossantos","2","3","5"
"Josef-Prechtl","3","2","5"
"Josefc","3","2","5"
"josefgutierrez","3","2","5"
"joselimonta","3","2","5"
"Josema68","2","3","5"
"Josemachaieie","3","2","5"
"josemariamendez","2","3","5"
"JoseMiguelPerez","3","2","5"
"Joseph380","3","2","5"
"JosephCortesM","3","2","5"
"josephnerry123","3","2","5"
"josesibrian23","2","3","5"
"josevlc79","2","3","5"
"josh156","1","4","5"
"joshikeyboardwale","2","3","5"
"JoshJLove","3","2","5"
"JoshyDoesntLikeDying","2","3","5"
"JOSOHA","2","3","5"
"Jostin81","3","2","5"
"Josue_CD","2","3","5"
"josueantuneschess","2","3","5"
"jotelbe","2","3","5"
"jotochelidze","3","2","5"
"Joueurs","2","3","5"
"jovan_D","3","2","5"
"JovicConi","3","2","5"
"JoyramPaul","3","2","5"
"JP4BL0","2","3","5"
"jpaerickson5","3","2","5"
"jpcooper","3","2","5"
"jpduroyon","2","3","5"
"jplusplus","3","2","5"
"JQERS","2","3","5"
"JR-1967","3","2","5"
"jrd_71","3","2","5"
"JRH87","2","3","5"
"JRNARENDRA","2","3","5"
"JRONALDOVH0112","3","2","5"
"Jrp-1669","2","3","5"
"jrrobertogomes","2","3","5"
"jrsmith87","3","2","5"
"jsie","4","1","5"
"Jsosin","3","2","5"
"jsotillo","2","3","5"
"jspinto","2","3","5"
"jsviana","2","3","5"
"JTBaker","2","3","5"
"JTippie","2","3","5"
"jtmeqa","2","3","5"
"juan_trujillo","4","1","5"
"juan2409","3","2","5"
"juan79","2","3","5"
"Juanbima_04","2","3","5"
"JuanCarlos502","2","3","5"
"juanchavezsuarez","3","2","5"
"juandiegoramirezg","2","3","5"
"JuanDiSenn","3","2","5"
"juanesmatepastor","3","2","5"
"juanf8156","2","3","5"
"JuanIgnacio00","4","1","5"
"JuanitoAnso","3","2","5"
"JUANJANU","3","2","5"
"Juanjini","2","3","5"
"Juanjo11815xD","3","2","5"
"juanjo300","2","3","5"
"Juanjose_flores","2","3","5"
"juankasuarez","1","4","5"
"juanmblanco","2","3","5"
"juanpabloamestoy","3","2","5"
"jubairbhat","3","2","5"
"jubjub67","2","3","5"
"jucagod","3","2","5"
"jucordel","2","3","5"
"Judea53","2","3","5"
"JUDICA","4","1","5"
"Juditchess2023","2","3","5"
"JudithPolgar2023","2","3","5"
"Judunha","2","3","5"
"JuefeiL1","2","3","5"
"JuguMoleson","3","2","5"
"jukival","1","4","5"
"Jukrie","3","2","5"
"julcia2008","3","2","5"
"JulesAlexander","2","3","5"
"juliano00","2","3","5"
"juliashc","2","3","5"
"Julio-CL","2","3","5"
"Juliocesardi","3","2","5"
"JulioCSalinas","3","2","5"
"juliooo74","3","2","5"
"JulioTapia","2","3","5"
"Julius_Olsen","4","1","5"
"Jumgal","3","2","5"
"JunaidQaium","2","3","5"
"Junior2929","2","3","5"
"jurekrek","3","2","5"
"jureri53","2","3","5"
"Just_Erne","3","2","5"
"Just_for_fun_22","3","2","5"
"just-in4v","2","3","5"
"just6660","2","3","5"
"justaspaz","2","3","5"
"justAv1per","3","2","5"
"justeuneinconnue","2","3","5"
"Justin_1983","3","2","5"
"Justin_Kim","3","2","5"
"justin3225","3","2","5"
"JustJrellin","3","2","5"
"justtryyyyy","3","2","5"
"juustinjl28","3","2","5"
"jvalse","4","1","5"
"jvmaximus","1","4","5"
"JWildin","3","2","5"
"jwws125","2","3","5"
"JxWALTER","3","2","5"
"Jye24","2","3","5"
"Jyothis9270","3","2","5"
"jyoti18a","2","3","5"
"jzeekus","2","3","5"
"K_a_t_a_k_a","3","2","5"
"K_R_7-VISHNU","3","2","5"
"K_SERG_SPB","2","3","5"
"k-9ite","2","3","5"
"K-bertito","2","3","5"
"k-brero","2","3","5"
"K0rbenDallas","2","3","5"
"K22may2014","2","3","5"
"K3vlar74","2","3","5"
"KA2KA","3","2","5"
"Ka4an4ik","2","3","5"
"kaaizeen","2","3","5"
"kaan_egin","2","3","5"
"Kaan20A","2","3","5"
"kaantyrker","2","3","5"
"kabersedaghat3","3","2","5"
"kachok68","2","3","5"
"kader1979","2","3","5"
"kadirdrms","2","3","5"
"kafiulshabbir","2","3","5"
"KagamiM","3","2","5"
"Kaganalp13","2","3","5"
"kaganthemush1","2","3","5"
"kageyama_twitch","1","4","5"
"Kaibert","1","4","5"
"kain_cesarpandura","2","3","5"
"kairos2109","3","2","5"
"Kairus24","3","2","5"
"Kaiser_der_Kekse","2","3","5"
"kaiser8franz8","3","2","5"
"KaiserHendo","2","3","5"
"kaitokid18","3","2","5"
"kaizermihail","3","2","5"
"kajnieks","2","3","5"
"Kaka0706","2","3","5"
"Kaka9191","3","2","5"
"Kakajan_Iskenderov","4","1","5"
"Kakkie961","3","2","5"
"kaku1996","3","2","5"
"kaku5tao","1","4","5"
"Kalaagh","3","2","5"
"kalied22","3","2","5"
"Kalina100","3","2","5"
"Kallibobbel","3","2","5"
"Kalumb","2","3","5"
"kalupa17","2","3","5"
"kaluwe204","2","3","5"
"kamali112","3","2","5"
"kamanjogen","3","2","5"
"kamele4e5","2","3","5"
"Kami60","2","3","5"
"kamilkoula","1","4","5"
"kamilostatra","3","2","5"
"Kamlesh77","1","4","5"
"Kamoulox83","3","2","5"
"kamrantaghizade18","3","2","5"
"Kanasatara","2","3","5"
"Kandak199385","3","2","5"
"kangkilido","2","3","5"
"kaninmilo","3","2","5"
"kanreone111","2","3","5"
"kantareli","3","2","5"
"kanulvletu","3","2","5"
"KanwalPreet","3","2","5"
"kanybekfury","2","3","5"
"kaosir","3","2","5"
"KAPACyK","2","3","5"
"kapil9_09","3","2","5"
"KapitanTugi","3","2","5"
"kaplin32","3","2","5"
"kapove","2","3","5"
"kapral_alisa","2","3","5"
"Kaptasha","3","2","5"
"Kapvianc","3","2","5"
"karaaslan1","2","3","5"
"karabekk","2","3","5"
"karadi111","3","2","5"
"Karahan66","2","3","5"
"KarakuzuCinar07","2","3","5"
"karami92","3","2","5"
"karamssz","2","3","5"
"karan_2023","3","2","5"
"Karan8392","3","2","5"
"Karaneesh1004","2","3","5"
"karasmiko","3","2","5"
"Karat13","3","2","5"
"KaraushAA","2","3","5"
"karbofos7","4","1","5"
"KardasChess03","1","4","5"
"kardiyakz","3","2","5"
"KarekaGD","2","3","5"
"Karen_Vosoghi_k","3","2","5"
"karenkaira","2","3","5"
"KarenPirnia2017","1","4","5"
"Kariagin","2","3","5"
"Karibbean972","3","2","5"
"Karim_Mur","2","3","5"
"Karim2542","2","3","5"
"karimim11","2","3","5"
"KARIMIRANN1960","2","3","5"
"KarimzhanDaryn","2","3","5"
"KarimzhanMansur","3","2","5"
"KarinaPavlova","1","4","5"
"karirei","3","2","5"
"kariz55","1","4","5"
"Karl_Marc","2","3","5"
"Karl_Ocheo","2","3","5"
"Karl-Schoenberg","2","3","5"
"Karlishooo","3","2","5"
"karlohrabar","2","3","5"
"kArMA-a","3","2","5"
"Karnanjishnu","2","3","5"
"Karolix123","2","3","5"
"Karolox132","2","3","5"
"KarolWadowicki","2","3","5"
"Karoly1","3","2","5"
"Karpokid","2","3","5"
"karpovdebosques","3","2","5"
"karsidakidag","3","2","5"
"Kartalist34","2","3","5"
"karthika1012","2","3","5"
"Karthikeya905","3","2","5"
"karthikssp","2","3","5"
"kartik191113","2","3","5"
"Kartikeya_G","3","2","5"
"kartikk","2","3","5"
"karunakaranpapperi","3","2","5"
"kashishsaha","2","3","5"
"Kashmir1984","2","3","5"
"Kasparov_Eugene","3","2","5"
"Kassatka","3","2","5"
"KASY_ECONOMICS","4","1","5"
"kat86061","3","2","5"
"katastephane","3","2","5"
"Katch-22","3","2","5"
"katieisgr8e","2","3","5"
"Katurian39","2","3","5"
"KauaerangaTom","3","2","5"
"kauanysouza","1","4","5"
"kaufi1","3","2","5"
"Kaungpyaehtet2007","2","3","5"
"KAUSIKCHESS","3","2","5"
"KaustubhChavan","3","2","5"
"Kauxdi","3","2","5"
"KavishVP","2","3","5"
"Kavithmal2015","3","2","5"
"KAVYA2010","1","4","5"
"kavyavinaypatel","2","3","5"
"kay_ural","3","2","5"
"kaya1056","3","2","5"
"KayaNfk","2","3","5"
"Kayloseftali","2","3","5"
"kayocesarbr","3","2","5"
"kayrayigitasli","3","2","5"
"Kayvan82","2","3","5"
"kazakh228","3","2","5"
"kazanofa","3","2","5"
"Kazem13731","2","3","5"
"kazim-02","2","3","5"
"kazlu","3","2","5"
"Kazyan","3","2","5"
"KB511","2","3","5"
"kbs1230456","3","2","5"
"KBSmoove","3","2","5"
"KCM2020","2","3","5"
"kducat","3","2","5"
"keenanjparsons","2","3","5"
"keepdistance1342","3","2","5"
"Keie84","2","3","5"
"keikei05","2","3","5"
"keila111","3","2","5"
"Keind","2","3","5"
"KeineWitze","3","2","5"
"Keinstvain","3","2","5"
"KeirelMeirel123","3","2","5"
"KeithDampies","3","2","5"
"KeithDFG","2","3","5"
"keivan_sepehr","3","2","5"
"kekec111","3","2","5"
"kelafaabdla","3","2","5"
"Kelorak","2","3","5"
"Keltio","3","2","5"
"Keltz","3","2","5"
"kemaguzca","2","3","5"
"kemalistfenerbahceli","3","2","5"
"KemalSkopje","4","1","5"
"Kemenger13","3","2","5"
"Ken_Maynard","3","2","5"
"kenamazing","2","3","5"
"kenan_mehdiyev","2","3","5"
"KenanDilanov31","1","4","5"
"Kendrick_Prince","3","2","5"
"kengur1233444","4","1","5"
"KenKuchana","3","2","5"
"kennie1zz","2","3","5"
"Kennxtra","2","3","5"
"kenny213th","2","3","5"
"kensch","3","2","5"
"KentleyBentley","2","3","5"
"Kenwoodjr","2","3","5"
"Kenya1","2","3","5"
"kenzhe16","3","2","5"
"kepo385","2","3","5"
"Kerchanin","2","3","5"
"Kerdinand","2","3","5"
"Kerem-1b","3","2","5"
"kerem2216","3","2","5"
"Kerem40","2","3","5"
"Keremaraspecenek","3","2","5"
"keremegekendir","3","2","5"
"keremgulmz","3","2","5"
"keremtuna2","3","2","5"
"Kermit19000","2","3","5"
"kero_435","2","3","5"
"KEROLOS7HESHMET","2","3","5"
"Keropar","3","2","5"
"Kertbank","3","2","5"
"kesari09","2","3","5"
"kestgaila51","4","1","5"
"ketevan_keburia","2","3","5"
"Kethisan05","3","2","5"
"ketilchr","3","2","5"
"kev4455","2","3","5"
"kevinator87","3","2","5"
"kevinraypre","2","3","5"
"KevinVR7","2","3","5"
"keyhole","3","2","5"
"KeyWestEd023","3","2","5"
"Keywiz","2","3","5"
"KeyZie","3","2","5"
"KF0712","3","2","5"
"KGB012","2","3","5"
"kgd0001","2","3","5"
"kgenny","3","2","5"
"kglrf429","3","2","5"
"Kha3ar","3","2","5"
"Kha4ik_1","3","2","5"
"khaaalilqzzaaaz","1","4","5"
"khadik","3","2","5"
"khafan32","2","3","5"
"khairulazrin","3","2","5"
"khaled_216","2","3","5"
"Khaled_mate","3","2","5"
"khaled257","2","3","5"
"Khaledalbannan","3","2","5"
"Khaledwahed","3","2","5"
"khaledy100","3","2","5"
"Khalidmohamedmohamed","2","3","5"
"khan0016","3","2","5"
"Khan145","3","2","5"
"khanhxxtt","3","2","5"
"Khanyiso","3","2","5"
"KHAPUTON_ONTHKEMIKE","3","2","5"
"Khez11","1","4","5"
"khider99","3","2","5"
"khousikrajan1809","2","3","5"
"khraw","3","2","5"
"Khulan3","2","3","5"
"Khuletz19","2","3","5"
"khush_56","2","3","5"
"khushi_123456-patel","1","4","5"
"ki_r_i_to","3","2","5"
"ki11ki11","3","2","5"
"kiamehrpirbabaee2","3","2","5"
"kian_khandani","3","2","5"
"kianmehr1400","2","3","5"
"kianmoshiri","3","2","5"
"kianoosh1","3","2","5"
"kiara_002","2","3","5"
"kiavash6525","2","3","5"
"kid222222","3","2","5"
"KidMontana","3","2","5"
"Kien856","2","3","5"
"kiki121","3","2","5"
"Kikuxtah","4","1","5"
"kilgoretrout83","3","2","5"
"killer_frost98","3","2","5"
"killerwhale14","3","2","5"
"kiludog","3","2","5"
"Kim-sama","2","3","5"
"kimaluco17","3","2","5"
"Kimikaza","2","3","5"
"kimirina","3","2","5"
"Kin2022","2","3","5"
"Kind_7787","2","3","5"
"Kinez","2","3","5"
"KING_Karthick","2","3","5"
"king_maker_0003","2","3","5"
"king_Shmartayo","2","3","5"
"King_Steve","4","1","5"
"king1454","1","4","5"
"King232323","2","3","5"
"King6366","3","2","5"
"KingAj13","4","1","5"
"kingauthur02","3","2","5"
"Kingboy15","2","3","5"
"KingEzzy","3","2","5"
"kingKirill","1","4","5"
"KingLessKarl","3","2","5"
"kingstimusPrime","2","3","5"
"KingTheKind","1","4","5"
"KINGUMBERTO","1","4","5"
"Kingworry","3","2","5"
"Kinkh86","3","2","5"
"KINL021","3","2","5"
"kinokita","3","2","5"
"kinoti","2","3","5"
"kinstum","3","2","5"
"kinuu","3","2","5"
"kinwara","2","3","5"
"Kir_Cooper","3","2","5"
"Kira-LightYagami","2","3","5"
"KiraM-2015","2","3","5"
"KiranDas_S","2","3","5"
"kiranpal63","2","3","5"
"kiraserg","3","2","5"
"kirat1234","3","2","5"
"kiratal","2","3","5"
"kirilgorin","3","2","5"
"Kirill_19881988","2","3","5"
"Kirill_52","2","3","5"
"Kirill_A_1206","2","3","5"
"Kirill_Fedotov_RU01","1","4","5"
"Kirill_Khorkin","2","3","5"
"Kirill_Tashkinov6","1","4","5"
"kirill199","3","2","5"
"kirill5151","2","3","5"
"KirillCherk","2","3","5"
"Kirillproant","2","3","5"
"kirilrogozhnikov228","2","3","5"
"kirky70","2","3","5"
"kirsch55","2","3","5"
"Kisa1992","3","2","5"
"Kiseeeeee","3","2","5"
"KiselevAV81","1","4","5"
"Kish_001","3","2","5"
"Kisscool43","3","2","5"
"Kithiyon","3","2","5"
"Kitkat1234g","1","4","5"
"KitKitovich49","3","2","5"
"Kitora13","3","2","5"
"kittu81","3","2","5"
"Kiyan_ir28","2","3","5"
"kjwayward","3","2","5"
"KKGIndia","3","2","5"
"kkjasnagar","3","2","5"
"kkkjangjo77","2","3","5"
"KKKREZY","2","3","5"
"kkmax","3","2","5"
"kkuber","4","1","5"
"Klabauke","1","4","5"
"klaiman","2","3","5"
"Klapperschlange","3","2","5"
"Klaum","2","3","5"
"klaus-neuman","4","1","5"
"Klavdio","2","3","5"
"Klayce","3","2","5"
"Kleit123","2","3","5"
"Kleprq","3","2","5"
"Klim2014","4","1","5"
"KlinnK58","3","2","5"
"kliulessss","2","3","5"
"klk972","2","3","5"
"KlNGS_lNDlAN_OR_AFK","2","3","5"
"Klochkov2100","3","2","5"
"klodsky99","2","3","5"
"Kloonk","2","3","5"
"klossM","3","2","5"
"KmAliChahidiAdjmal","3","2","5"
"KMI1984","2","3","5"
"kml001","2","3","5"
"kmltmrtrkn","3","2","5"
"KmMohamedysf","3","2","5"
"Kmsp","3","2","5"
"Kn-vi","2","3","5"
"kn8","3","2","5"
"Kncasy","2","3","5"
"knenssqq","1","4","5"
"knight_of_4_seasons","3","2","5"
"Knight-Cyril","2","3","5"
"Knight44m","3","2","5"
"knightfoe","3","2","5"
"Knightinthenight123","3","2","5"
"KnightkingWalker","2","3","5"
"Knightly_yours","3","2","5"
"KnightoftheEldar","4","1","5"
"knightrider222","3","2","5"
"KNIGHTS59","4","1","5"
"Knightster01","3","2","5"
"KnoxMiller","3","2","5"
"Knutlan","1","4","5"
"KO-15","3","2","5"
"KOBACHEK","3","2","5"
"KobiFaragi","3","2","5"
"KobraKaiSensei","3","2","5"
"Koceila98","2","3","5"
"Kocy254","1","4","5"
"Koda76","3","2","5"
"kodza","1","4","5"
"Koekk_reloaded","3","2","5"
"KoenigDavid","2","3","5"
"Kohai773","3","2","5"
"Kohlrochade","3","2","5"
"Kohma","2","3","5"
"Kokaroka","2","3","5"
"Kokkeli","2","3","5"
"Kokky254","2","3","5"
"kokojohn15","3","2","5"
"Koksharov_Gleb","2","3","5"
"Kola1961","3","2","5"
"kolay-nikolay","2","3","5"
"Kolc234","4","1","5"
"Kolfin","4","1","5"
"KollegaSoleil","2","3","5"
"Kolyadar","2","3","5"
"Komalrawat","2","3","5"
"komodo2024","3","2","5"
"kompa65","4","1","5"
"kompir1","3","2","5"
"konan-99","3","2","5"
"kondumba123mk","3","2","5"
"Kondy240","3","2","5"
"kong_777","3","2","5"
"konov_anatoliy","3","2","5"
"KonovalovGleb","3","2","5"
"Konrad1275","2","3","5"
"konrud","1","4","5"
"konst2013","4","1","5"
"konstantin-1965","2","3","5"
"Konstantin1080","3","2","5"
"kony_aka","2","3","5"
"kooglemoore","3","2","5"
"kookie_katt","3","2","5"
"Koponi","3","2","5"
"koppenbedaseibou","2","3","5"
"Koray_99","2","3","5"
"KorchnoiVi","3","2","5"
"KoRoLmOsKvA","2","3","5"
"korora03","3","2","5"
"kororu","3","2","5"
"KORYBUT","2","3","5"
"kos1604","2","3","5"
"koschess12","3","2","5"
"koshatniza","2","3","5"
"Kosta73","3","2","5"
"Kostadinov97","3","2","5"
"kostant","3","2","5"
"KostiaCrewmate","3","2","5"
"Kostoev","3","2","5"
"Kostyagomel","3","2","5"
"Kothachess","2","3","5"
"Kotick758","3","2","5"
"kotkotgod","3","2","5"
"Kotz2","2","3","5"
"koushik_pattanayak","2","3","5"
"KovalenkoAP1946","3","2","5"
"kowabungazz","3","2","5"
"koznazna","3","2","5"
"kp1201","2","3","5"
"kpk0313","2","3","5"
"kpsfirmansyah","3","2","5"
"KQRBNP05","2","3","5"
"Krambambuli1962","3","2","5"
"Kramer1224","2","3","5"
"kramv","3","2","5"
"KraTa5","3","2","5"
"Kravmar3k","1","4","5"
"Krbashyan","2","3","5"
"Krecikus","3","2","5"
"kreik2009","4","1","5"
"Kreizz","3","2","5"
"Kremnoi_Warrior","2","3","5"
"Krhatos","2","3","5"
"Kriegischkopfschmerz","3","2","5"
"Krios1714","3","2","5"
"kris_super0208","3","2","5"
"Krish0204","3","2","5"
"Krish1413","2","3","5"
"krishika123","3","2","5"
"Krishna1706","2","3","5"
"Krishna76548","2","3","5"
"krishsairam2022","2","3","5"
"Kriss-kiss","2","3","5"
"Kristarm","3","2","5"
"Kristofer216","2","3","5"
"krisux","3","2","5"
"kriti09","3","2","5"
"KritikaKhati10","3","2","5"
"KRIVAJAA","3","2","5"
"krivoscheev3","3","2","5"
"Krol4class","3","2","5"
"krpnralii","2","3","5"
"KRR1983","3","2","5"
"krull24x","3","2","5"
"krutantb","2","3","5"
"KrutoySigma","4","1","5"
"kryspogo","2","3","5"
"krytoyperec","3","2","5"
"krzysztof_510","1","4","5"
"krzz","4","1","5"
"KSamik","2","3","5"
"ksandr010","3","2","5"
"Ksenij_Pavlova","3","2","5"
"kshemendr_1","2","3","5"
"KsKian","2","3","5"
"ksmzzang2003","3","2","5"
"ktg007","2","3","5"
"ktro","3","2","5"
"Ktulip","3","2","5"
"Kuanysh_12","2","3","5"
"Kuasar1062","2","3","5"
"Kuba1411","2","3","5"
"kubikalaskowy","3","2","5"
"Kuchen6954","3","2","5"
"Kucuk_kurbaga","3","2","5"
"Kudabek","2","3","5"
"Kudamagu","2","3","5"
"KudashevStas1971","3","2","5"
"Kuddaz","2","3","5"
"Kudosam","3","2","5"
"KUHAN2711","2","3","5"
"Kujo76","3","2","5"
"Kukoc27","4","1","5"
"Kukumber_09","3","2","5"
"kumar1977","2","3","5"
"Kumar61","3","2","5"
"kumarasubramanian-s","2","3","5"
"KUMARESANPKS","2","3","5"
"kumatal","2","3","5"
"Kunal17304","3","2","5"
"kunalnikhare","3","2","5"
"kundusdp","4","1","5"
"KUR010_B12L_ILMAN","2","3","5"
"kurbika1","2","3","5"
"kurdman2020","2","3","5"
"Kurt_rohrer56","2","3","5"
"kurtcapivara","2","3","5"
"kurtulgan","3","2","5"
"Kushakov07","2","3","5"
"kushal0001212","3","2","5"
"Kusi26","1","4","5"
"kutachon","2","3","5"
"kutayy10","3","2","5"
"kutkut20","3","2","5"
"KUTL","3","2","5"
"kuttus56565656","3","2","5"
"Kuvanechka","3","2","5"
"Kuzmanovik","3","2","5"
"kuzminykhroman","3","2","5"
"kvasilich","2","3","5"
"kvk-yaroslavl","3","2","5"
"KVladislav_2015","3","2","5"
"kvmoon","3","2","5"
"kvolk","3","2","5"
"Kvramani1973","3","2","5"
"kwayzarrr","2","3","5"
"kwisy","3","2","5"
"kxree","2","3","5"
"KyA_D","3","2","5"
"Kyhara51023","4","1","5"
"kyjames","2","3","5"
"Kyk9","2","3","5"
"kykydebondyy","3","2","5"
"Kylemendezz-Bahoruco","3","2","5"
"Kyr_Ryvkyn","2","3","5"
"kyriakosarzoglou","2","3","5"
"l_Dimitry_l","3","2","5"
"L_Kolina","2","3","5"
"l-kutjeva","2","3","5"
"L0n6J0hn","2","3","5"
"L0o0ser","2","3","5"
"L777777777_77777777","2","3","5"
"La_Reina_del_Romeral","2","3","5"
"LaaMaaro","2","3","5"
"LAB66","2","3","5"
"labri04","3","2","5"
"lachimolala235","3","2","5"
"lacivertvezir","2","3","5"
"Ladinhduc2013THDT","2","3","5"
"LadyaTOP","2","3","5"
"Lafeysun","3","2","5"
"LAGARTO","3","2","5"
"Lagorim","2","3","5"
"lahaseap12","2","3","5"
"lahiguerab","3","2","5"
"Lahnaa","2","3","5"
"lainy0911","2","3","5"
"lait132","3","2","5"
"Laith89","3","2","5"
"Laiththeboss","3","2","5"
"lajla_begic","3","2","5"
"lakeriver","3","2","5"
"Lakindu_Withanage","2","3","5"
"Lakshan1320","2","3","5"
"Lakshchess1234","3","2","5"
"lakshmanbk","2","3","5"
"lakyman","3","2","5"
"Lali7211","1","4","5"
"Lalsahab8855","3","2","5"
"Lalu-IrawanKurniawan","2","3","5"
"Lamamadepablo","2","3","5"
"lamarshiposa","4","1","5"
"LAMBOdotcom","2","3","5"
"lamer3362","4","1","5"
"lameu","3","2","5"
"laminlaouar","2","3","5"
"lamjawbad","3","2","5"
"lamnguy","2","3","5"
"lampostjohny19","3","2","5"
"landreinatch","2","3","5"
"LandyCoca","2","3","5"
"langkah_asal","2","3","5"
"langolier19","4","1","5"
"LANREBONTOP","3","2","5"
"Lapindros","2","3","5"
"Lapknight","2","3","5"
"LargePayload","2","3","5"
"largus288","2","3","5"
"Larin_Alex","2","3","5"
"Larin73","2","3","5"
"Larocaperu25","2","3","5"
"LarPv_2013","2","3","5"
"laser1","3","2","5"
"LashaDau","2","3","5"
"Lasker125","3","2","5"
"Last_emperor95","2","3","5"
"lastkingblender","1","4","5"
"lateroz","3","2","5"
"lathish_shankar","2","3","5"
"latinemperor","2","3","5"
"LAUMAI","2","3","5"
"laurencegray","4","1","5"
"laurent88","2","3","5"
"Lauthechessplayer","2","3","5"
"lavenderyayo","3","2","5"
"LavitDadhwal","3","2","5"
"lavruhin_chess","2","3","5"
"law2030law2030","3","2","5"
"LaxmikantRai","4","1","5"
"Lays899","3","2","5"
"Lazarev_Slava","2","3","5"
"Lazaro11","2","3","5"
"Lazgin","3","2","5"
"LazyLass","3","2","5"
"lbfa","3","2","5"
"lbm-br","2","3","5"
"lbrot","2","3","5"
"LCW_007","3","2","5"
"leaf20","2","3","5"
"lealkubiak-09","2","3","5"
"Leanca10","2","3","5"
"Leandroup98","3","2","5"
"LEARNER_RK","3","2","5"
"leatherjeb","2","3","5"
"lebanon_2022","3","2","5"
"leberkeks","2","3","5"
"lebrija","2","3","5"
"LeChuck13","3","2","5"
"leck","2","3","5"
"lecommunard","2","3","5"
"ledealcala","3","2","5"
"LeeA2Z","2","3","5"
"leeeee1","3","2","5"
"LeekSeo","2","3","5"
"LeelaDharan","2","3","5"
"lefleuristefou","2","3","5"
"LEFTERI","3","2","5"
"legendaryfatguy","2","3","5"
"legiaphat10122012","2","3","5"
"legionek","4","1","5"
"Legoister","3","2","5"
"Legry08","2","3","5"
"leguen","3","2","5"
"lehn123","2","3","5"
"LehrerSoap","3","2","5"
"Lehurleur41","2","3","5"
"Leibenwalde","2","3","5"
"Leikand","2","3","5"
"Leiou","2","3","5"
"Leito09","3","2","5"
"LeJoshuaTan","2","3","5"
"Lejuif","2","3","5"
"Lek0557","3","2","5"
"lekhoi1302","2","3","5"
"lekvarospalko","2","3","5"
"lelichka","3","2","5"
"Lelos3","2","3","5"
"LeMinh2013","3","2","5"
"Lemmiez","2","3","5"
"lemonscanfly","2","3","5"
"Lendemain","2","3","5"
"lendxmed","2","3","5"
"lengia2012","3","2","5"
"LENTECITO-SLOWLY","3","2","5"
"leo24ssr","2","3","5"
"Leocan27","3","2","5"
"leocrezza","4","1","5"
"LeoKorn","3","2","5"
"Leon0000","2","3","5"
"LEON1914","2","3","5"
"Leonard23x","2","3","5"
"Leonardo22719","2","3","5"
"leonardo54","3","2","5"
"LeonardoDiCaprio1","2","3","5"
"Leonas2013","3","2","5"
"Leonelchesso","3","2","5"
"Leonscc","2","3","5"
"leonscheurwater","2","3","5"
"Leontii1","3","2","5"
"LeonXJah","3","2","5"
"Leoter","2","3","5"
"LeoVarelaEXT","3","2","5"
"leovillca","2","3","5"
"lepacifique","3","2","5"
"leshavoen","3","2","5"
"lesschess73","2","3","5"
"Lesshonma","2","3","5"
"leszek151","2","3","5"
"Let_Me_Try","3","2","5"
"LetChessington","1","4","5"
"LethalD","2","3","5"
"letsmakebeauty","2","3","5"
"LetuchiyKorabl","2","3","5"
"Lev2023wolf","2","3","5"
"levdrakonoff","2","3","5"
"levhov","3","2","5"
"Levi_90","3","2","5"
"Leviathan2k24","2","3","5"
"LevPimenov","3","2","5"
"leVraiHibou","1","4","5"
"leylazzar","3","2","5"
"LFY","2","3","5"
"LG017","3","2","5"
"Lgants","4","1","5"
"Lhotta","2","3","5"
"LiamNicholson92","1","4","5"
"Libano09","2","3","5"
"Libr0m","3","2","5"
"LichE4","2","3","5"
"Lido65","2","3","5"
"Lifan13","4","1","5"
"Liggii","3","2","5"
"light-of-lights","1","4","5"
"light-of-reason","2","3","5"
"LightAstronaut88","3","2","5"
"lightsqre","2","3","5"
"Liham2004","4","1","5"
"lihn_ahn","2","3","5"
"Lihna_1","3","2","5"
"LihuenVLA","3","2","5"
"liionchess2022","3","2","5"
"LiKaio79","3","2","5"
"likethismove","3","2","5"
"LilacBee","1","4","5"
"lilerfanu","2","3","5"
"lilevecco","3","2","5"
"LilianMH14","3","2","5"
"Lilphip","3","2","5"
"lilShroud","3","2","5"
"limchyelye","3","2","5"
"lime1327","2","3","5"
"limo39622","3","2","5"
"Limoan","4","1","5"
"limon78","3","2","5"
"Limonistermisincocuk","3","2","5"
"limou","1","4","5"
"Limuelpanget","3","2","5"
"lin_zhao","3","2","5"
"Linadle","2","3","5"
"linasdomanskis","3","2","5"
"linatanik","3","2","5"
"LINDELANIH","3","2","5"
"lingleysteve","3","2","5"
"lingsteve","3","2","5"
"linhss","1","4","5"
"lino_mocchetti","3","2","5"
"linoventura","2","3","5"
"linvusehmke","2","3","5"
"Lionhearts_Ghost","2","3","5"
"LionSinOP","3","2","5"
"Lionzroar09","3","2","5"
"liovillegas18","3","2","5"
"liray_2020","2","3","5"
"lisa93","3","2","5"
"LisaRubzovaa","2","3","5"
"Lisenok888","2","3","5"
"lisuink","3","2","5"
"litokaspa","3","2","5"
"litoNB","3","2","5"
"LittleMushrooman","2","3","5"
"littleredz","2","3","5"
"littlerook00","2","3","5"
"littlezoe","3","2","5"
"liutikoff","3","2","5"
"LiveLifeLike","3","2","5"
"liverpoolfc1","3","2","5"
"Livingsm17","3","2","5"
"LivioMaximus","3","2","5"
"livny-nikolay","2","3","5"
"Liyana_Rahma","3","2","5"
"ljseixas","2","3","5"
"lkawamura","3","2","5"
"LL_Nightmare","2","3","5"
"Llandudno_Chess","3","2","5"
"llazarus","3","2","5"
"Llebats","3","2","5"
"llewjones","3","2","5"
"llleeehhheeellll","2","3","5"
"LLOliveira7","3","2","5"
"llpekall","3","2","5"
"lmateluna","2","3","5"
"Lmisha_444","2","3","5"
"Lmsystems","2","3","5"
"Lndk","2","3","5"
"Lobes","3","2","5"
"lobo622","3","2","5"
"loca21","3","2","5"
"localhost_80","2","3","5"
"Lochinbek2002","3","2","5"
"Loco-7","4","1","5"
"Loddar35","3","2","5"
"Loewenherz_23","1","4","5"
"loffe","3","2","5"
"logancunningham","2","3","5"
"Lohith09-06-2010","3","2","5"
"LohithK","3","2","5"
"Lohoboishe","2","3","5"
"Lokesh2001","2","3","5"
"lokeshkalamalla","2","3","5"
"Lokhpozhizni","2","3","5"
"lokman66","2","3","5"
"Lokosport","3","2","5"
"lolipop123456789","2","3","5"
"Lollllooo","1","4","5"
"lollollol254","2","3","5"
"Lolloxxx","2","3","5"
"Lolo59","3","2","5"
"Lolo6957","2","3","5"
"lolopololo","2","3","5"
"lolson2","3","2","5"
"lone_rangerheavy","3","2","5"
"LONELYMONTANA","2","3","5"
"lonewolf1923","3","2","5"
"Longlivetheempire","3","2","5"
"LongSkunk","3","2","5"
"Looda96","3","2","5"
"LOofeX","3","2","5"
"Look_S","3","2","5"
"loottaker","2","3","5"
"loovchinnikova","2","3","5"
"Lopadia","3","2","5"
"Lopez_1514","3","2","5"
"Lopouh","2","3","5"
"Lorans92","2","3","5"
"Lord_devil","2","3","5"
"Lord_skrrr03","2","3","5"
"lordbil","3","2","5"
"lordmtho","2","3","5"
"LordOlo","2","3","5"
"Lore1973","2","3","5"
"lorem-ipsum","3","2","5"
"loriente0585","2","3","5"
"lorm","3","2","5"
"losevlive","2","3","5"
"losiks","3","2","5"
"lost-76","2","3","5"
"lostee","2","3","5"
"losteques","3","2","5"
"Lothfi77","2","3","5"
"Lotth","3","2","5"
"lou150305","3","2","5"
"louis_ctndd","2","3","5"
"LouisAdonto-Fr","2","3","5"
"louisjean34","2","3","5"
"loukhamid","3","2","5"
"Loupovenka","3","2","5"
"lousmitty25","2","3","5"
"Louveciennes","3","2","5"
"Love193","3","2","5"
"LoveIsLife2004","2","3","5"
"lovelevell","3","2","5"
"LoveMiguel","3","2","5"
"lovesao","2","3","5"
"Lovit","4","1","5"
"LOWJU5029F","3","2","5"
"Lowouik","2","3","5"
"Lowzyyyy","3","2","5"
"loxaxs","3","2","5"
"LPChhangte","3","2","5"
"Lq3r","3","2","5"
"Lqjones","3","2","5"
"lraabon","2","3","5"
"lrq13","2","3","5"
"ls00jb7","3","2","5"
"lsdy","3","2","5"
"lTBAl","2","3","5"
"Ltutt03042020","2","3","5"
"Luanacisnero","2","3","5"
"lUBA643","3","2","5"
"lubesv","3","2","5"
"Luca457","1","4","5"
"Lucanius","3","2","5"
"Lucap994","3","2","5"
"Lucas000","2","3","5"
"lucasbatistasantos","2","3","5"
"Lucascolman","2","3","5"
"Lucaseri","2","3","5"
"LucasKNL","4","1","5"
"LucasRero","3","2","5"
"lucassalmeida","3","2","5"
"Lucassinder","3","2","5"
"lucena420","2","3","5"
"Luchenko68","3","2","5"
"luchoxjazz","3","2","5"
"luciano1959","1","4","5"
"Luciano42","3","2","5"
"lucianodasmafra","1","4","5"
"lucianomichels","2","3","5"
"Lucid5189","3","2","5"
"Lucifer1432","3","2","5"
"luciodom","4","1","5"
"luckdeluck","2","3","5"
"luckharin","3","2","5"
"Lucky375","2","3","5"
"luckyboi69","3","2","5"
"luckydog55","3","2","5"
"Luckywrong","1","4","5"
"LucyMoody","2","3","5"
"Ludi1","3","2","5"
"Ludmila30","2","3","5"
"luduvico","1","4","5"
"Ludvig126","3","2","5"
"luhee","3","2","5"
"Luigi_Vampa_35","3","2","5"
"luigi1986","3","2","5"
"LuigiMario94","3","2","5"
"Luigirov","2","3","5"
"LUIS-UYAGUARI2011","3","2","5"
"luisamadoferrero","2","3","5"
"Luisbarrera","3","2","5"
"LuisCast13","3","2","5"
"Luiscuti","3","2","5"
"luisfernandob201207","2","3","5"
"LuisHenriqueCV","3","2","5"
"Luisillo1210","2","3","5"
"Luisito1410","1","4","5"
"luisito84","2","3","5"
"LuisJuan17","2","3","5"
"Luismi2420","2","3","5"
"luissham","3","2","5"
"Luizao10","3","2","5"
"luizmg","3","2","5"
"LukasCoffee","3","2","5"
"lukinskijaleksej","2","3","5"
"lukitukis","2","3","5"
"lukmanalhussien","3","2","5"
"LuliAparicio","1","4","5"
"lulubery","2","3","5"
"LuMaximilianBormann","4","1","5"
"lumecon","2","3","5"
"LumpiLive","3","2","5"
"lunaBa2019","2","3","5"
"LuniderSchachMann","2","3","5"
"Luong9cvttn","3","2","5"
"luscalucas","3","2","5"
"Luscar1110","3","2","5"
"Lusorillusus","3","2","5"
"lutfiranger","2","3","5"
"luthium","3","2","5"
"lxchurbakov","2","3","5"
"lxgivwyl","3","2","5"
"LY_NguyenMinhVu2012","2","3","5"
"LyburnumWitsEnd","3","2","5"
"Lyhte","4","1","5"
"lynee616","2","3","5"
"Lyonesala","3","2","5"
"lystas","2","3","5"
"LYUDVIG56","3","2","5"
"LyzaBear","2","3","5"
"LZSWMasithe","2","3","5"
"m_adel2000","3","2","5"
"M_Alothman","2","3","5"
"M_fathabadi","2","3","5"
"M_i_k_a_i_l","2","3","5"
"M_ido","3","2","5"
"m_j_akbarnrjad","3","2","5"
"M_katooli","2","3","5"
"M_Serafim","2","3","5"
"m_srt","3","2","5"
"M_Y_E_N","3","2","5"
"M-Dimash","2","3","5"
"M-Fobby_Bischer","3","2","5"
"M-HaiPhongTranA1","2","3","5"
"M-i-r-o-s-l-a-v","2","3","5"
"m098","3","2","5"
"m0ni01","3","2","5"
"M102075","2","3","5"
"M1fex","3","2","5"
"m1sterw","2","3","5"
"m2faridii","3","2","5"
"M3529037867","3","2","5"
"m4gnuscarls3nn","3","2","5"
"m600135","3","2","5"
"Ma_sod","3","2","5"
"MA-GNE","3","2","5"
"maaadsanta","2","3","5"
"maadhesh_09","1","4","5"
"maadisner","2","3","5"
"MaarAleks","3","2","5"
"Mabatamela","2","3","5"
"mabruri_PMT","3","2","5"
"Mabuh","2","3","5"
"MabuseMD","3","2","5"
"Mac-316","2","3","5"
"Macabro27","3","2","5"
"macalurs","3","2","5"
"macdoub","1","4","5"
"macedon48","1","4","5"
"MachSchatt187","3","2","5"
"MaciejMan","2","3","5"
"macitkaynak","3","2","5"
"Mack-T","3","2","5"
"macpdac","2","3","5"
"macruz","3","2","5"
"macsandero","2","3","5"
"Mad_Mech_810","2","3","5"
"mad_nico","3","2","5"
"MAD118","2","3","5"
"Madaan","3","2","5"
"Madame_DS","3","2","5"
"MAdamHakim","3","2","5"
"madcap1975","2","3","5"
"madelenka","3","2","5"
"Maden78","2","3","5"
"Madhavan12","2","3","5"
"Madiz7","3","2","5"
"madjeed","2","3","5"
"madmax1982","2","3","5"
"madnuscarlsen2012","2","3","5"
"madonyah","2","3","5"
"MadSaid","2","3","5"
"Maduraiarasan","1","4","5"
"Madya_Hakky","3","2","5"
"MadyaSmart","2","3","5"
"maelchu","3","2","5"
"maestro78","3","2","5"
"Maestroyoda79","3","2","5"
"maferart1","3","2","5"
"Magauya1","3","2","5"
"Magd59","2","3","5"
"magdalenaMIP","3","2","5"
"magdyegyptcopt","3","2","5"
"magdyelsayed","2","3","5"
"MagellanTheExplorer","3","2","5"
"maggotbrain27","2","3","5"
"Magicmusicman","3","2","5"
"MagicRemi","3","2","5"
"Magisstrr","3","2","5"
"Magistr1983","2","3","5"
"MaGlCMaN","3","2","5"
"Magnes_carlesenZ","3","2","5"
"magnus_carlsen2206","3","2","5"
"Magnuskasprov","2","3","5"
"MagnusTer","3","2","5"
"MagoArtista","3","2","5"
"MahabharathamGM","4","1","5"
"mahbod7777777","3","2","5"
"mahbodahmadi","3","2","5"
"mahboobeh11","3","2","5"
"Mahdi_Vahedian_6907","2","3","5"
"mahdi20202","2","3","5"
"Mahdi7548","2","3","5"
"Mahdi80_315","2","3","5"
"Mahdigls","3","2","5"
"Mahdimatika","3","2","5"
"mahdimehravaran","2","3","5"
"mahdisefidpeshe1","2","3","5"
"maher_67","3","2","5"
"maher99mhaer","2","3","5"
"Mahesethu","3","2","5"
"mahesh7080","4","1","5"
"mahf1","3","2","5"
"Mahi13941212","2","3","5"
"Mahima_salvi777","4","1","5"
"mahimaarrahai","4","1","5"
"mahmodhashm","3","2","5"
"mahmoodlegend1982","2","3","5"
"MahmoodRS","3","2","5"
"Mahmoud-Elgzar","2","3","5"
"MahmoudTorab","3","2","5"
"mahmudays","3","2","5"
"MahmudNayeem007","2","3","5"
"MAHMUTKORKMAZ","2","3","5"
"mahoushoujo88","3","2","5"
"mahyartagizadeh","3","2","5"
"MaicolStiven2022","3","2","5"
"MaIIIuHuCT-1993","2","3","5"
"maikol_70","2","3","5"
"Maikves","3","2","5"
"MaitamaGambit","2","3","5"
"Maji2021","2","3","5"
"majid1991","1","4","5"
"majid4257","3","2","5"
"majidnik","2","3","5"
"MajorTom20","2","3","5"
"Mak_Alex","2","3","5"
"Mak_Jewel","2","3","5"
"Makar4yk","3","2","5"
"Makarizpermi","4","1","5"
"MakarSukhomlynov","3","2","5"
"make2702","4","1","5"
"Makedonski112233","2","3","5"
"MakeFetchHappen","2","3","5"
"makhles","2","3","5"
"makhloufi","3","2","5"
"Makhnach_Nick","3","2","5"
"maki58","1","4","5"
"Makingcoffee","2","3","5"
"Maks_0508","3","2","5"
"Maks46Kursk","1","4","5"
"Maks9i1980","3","2","5"
"MaksimuS_7_PT","2","3","5"
"Maksp2016","2","3","5"
"maksred2","3","2","5"
"maktraxer123","2","3","5"
"malakasNo1","2","3","5"
"malakhobama","2","3","5"
"Malathyon","3","2","5"
"Malaz94sy","2","3","5"
"Malek_Mourad","3","2","5"
"Malekaqosho","4","1","5"
"Malgarvio","3","2","5"
"Malice2die","2","3","5"
"Malik_Dhairya1721","3","2","5"
"malikalhisooni","2","3","5"
"Mallardo","2","3","5"
"mallin7","3","2","5"
"Malopezv1998","1","4","5"
"MalteseFalcon","1","4","5"
"MaltTheVinegar","2","3","5"
"mam74","2","3","5"
"Mamalama123","3","2","5"
"MaMaMiaTrap","3","2","5"
"Mammadant","3","2","5"
"Mamophh","2","3","5"
"mamostemistefa","2","3","5"
"mana55","3","2","5"
"manas_099","3","2","5"
"ManasMaity","3","2","5"
"Manav_Venkatachalam","2","3","5"
"MancLearning","2","3","5"
"Mandelkern","2","3","5"
"mandhoheemesh","3","2","5"
"mandito67","2","3","5"
"Mandivd","3","2","5"
"Mandossa","2","3","5"
"Manelinux","2","3","5"
"manelmm","3","2","5"
"manfred1039","3","2","5"
"manganese-carlsen_1","3","2","5"
"Mangesh_jsh","2","3","5"
"MaNgoNtRa","2","3","5"
"mani_ah","2","3","5"
"maniek91424","4","1","5"
"ManijeA","3","2","5"
"manimany","2","3","5"
"Manimaran712","2","3","5"
"ManInACan","2","3","5"
"Manish_Gupta","2","3","5"
"manish2012","3","2","5"
"Manish2412","3","2","5"
"ManiTara","3","2","5"
"manjeetsonu111","3","2","5"
"Manling","3","2","5"
"manliomalatesta","2","3","5"
"MannanRekhil5985","3","2","5"
"manniglich","2","3","5"
"manoharan1971","2","3","5"
"manojkumardeva","3","2","5"
"manojrnc6","2","3","5"
"Manolo75","4","1","5"
"manolor71","2","3","5"
"manolosuarez1950","3","2","5"
"manoo29","2","3","5"
"ManroopA_01","3","2","5"
"mansho","3","2","5"
"mansikaran","2","3","5"
"mansoor999","2","3","5"
"mansour1349","2","3","5"
"Mansur123Y","2","3","5"
"Mansur1501","2","3","5"
"mantubarman","3","2","5"
"ManU198699","3","2","5"
"Manuelgalvez","2","3","5"
"manueltuts","3","2","5"
"Manul15","2","3","5"
"Manvendra_S","2","3","5"
"Many-sided","2","3","5"
"maoelmer","3","2","5"
"MapmyK","3","2","5"
"Mar_k","3","2","5"
"MAR-ONE","3","2","5"
"Maranatha_CVP","2","3","5"
"MaranoSelvatico","3","2","5"
"Marauding-knight","3","2","5"
"Maravaldo","2","3","5"
"marayan","2","3","5"
"marc03041961","2","3","5"
"marcelM84","3","2","5"
"Marcelo_Ramirez","3","2","5"
"marcelo1957","2","3","5"
"marcelochoqueanasu12","2","3","5"
"Marci82","3","2","5"
"Marcio_Louback","2","3","5"
"marciojrr","2","3","5"
"marcionevds","1","4","5"
"Marco-A-Miranda","1","4","5"
"Marcobevo","3","2","5"
"marcof93","2","3","5"
"marcomar","3","2","5"
"MarcosCien","2","3","5"
"marcosdelimaz","3","2","5"
"marcosgue86","2","3","5"
"MarcoVic59","2","3","5"
"marcoxxxxxxx77388766","2","3","5"
"MaRdEnP","3","2","5"
"Mardor13","3","2","5"
"MARELO7","2","3","5"
"maresal0803","2","3","5"
"marfra","2","3","5"
"Margadon2022","2","3","5"
"margarita181818","2","3","5"
"MargoBezruk","2","3","5"
"mariahadila","3","2","5"
"MarianoLT777","3","2","5"
"MarianoT7","2","3","5"
"MariBrinas","3","2","5"
"marifeltomas","3","2","5"
"MarijamNiki","2","3","5"
"marikpp","2","3","5"
"marimpou","3","2","5"
"Marina204","4","1","5"
"marinehund_0","3","2","5"
"MARINZ86","3","2","5"
"Mario6j6","2","3","5"
"marioalek","2","3","5"
"MarioRodriguez1977","2","3","5"
"Mariostomo","3","2","5"
"Marius_LaFleur","3","2","5"
"marius14","3","2","5"
"Marius76-Galati","2","3","5"
"Marius94","1","4","5"
"MariuszDM","2","3","5"
"marivalda777","3","2","5"
"marja_liisa","3","2","5"
"marjdaici","3","2","5"
"Mark_Art","3","2","5"
"Mark1310","3","2","5"
"mark2070","2","3","5"
"mark5552008","2","3","5"
"markb81","2","3","5"
"MarkBadge","3","2","5"
"markbold","2","3","5"
"MARKBUK","2","3","5"
"markitoss8","3","2","5"
"markmadhat","2","3","5"
"markmords","3","2","5"
"MarkMuse","2","3","5"
"Marko_Doslic","3","2","5"
"marko071","4","1","5"
"Marko1999","3","2","5"
"Markosile","2","3","5"
"MarKrasowski76","4","1","5"
"markthepawnsacrifice","2","3","5"
"Markus_F","1","4","5"
"MarkusDebut","3","2","5"
"MarkusGl","3","2","5"
"MarkusKiefer","3","2","5"
"marky_xD","3","2","5"
"marlosrm","3","2","5"
"MarMag89","2","3","5"
"MarmeladenSpreu0","2","3","5"
"Marmihalna","3","2","5"
"Marny91","2","3","5"
"maro78","2","3","5"
"marottese","2","3","5"
"Marqus_72","3","2","5"
"Mars_8","2","3","5"
"mars1953","2","3","5"
"Marsellah","2","3","5"
"marshenman","3","2","5"
"Marshmallow376","3","2","5"
"Marsic1976","2","3","5"
"marsoo2001","3","2","5"
"Mart998","3","2","5"
"marten_de","3","2","5"
"Marthamessakh","2","3","5"
"Marti97","3","2","5"
"Marticek","2","3","5"
"Martigam","3","2","5"
"martijonathan1","3","2","5"
"MartiLatino","4","1","5"
"Martin_t69","2","3","5"
"martingyej","2","3","5"
"martinsanty","2","3","5"
"martinschaller","2","3","5"
"Martmanh_64","3","2","5"
"Marttin999","3","2","5"
"Maruf_1970","2","3","5"
"Marv187","3","2","5"
"MarVin_1988","3","2","5"
"marwah98","2","3","5"
"maryamhatemm","2","3","5"
"maryyssxz","3","2","5"
"MarzH","2","3","5"
"marzio","3","2","5"
"maseba2003","2","3","5"
"Mashall0","2","3","5"
"mashina921","2","3","5"
"Mashor","2","3","5"
"mashuri789","3","2","5"
"maskm","3","2","5"
"Maslov_Vadim","3","2","5"
"Masomaso","3","2","5"
"Masoretes","3","2","5"
"masoudtahvildar","3","2","5"
"massagevtule","2","3","5"
"MASSI966","3","2","5"
"MassimoMorganti","3","2","5"
"masskie","2","3","5"
"massteri0","2","3","5"
"Master_Hendri_1","4","1","5"
"master_of_dumb_moves","3","2","5"
"Master_Vash","3","2","5"
"Master-Aleksey","3","2","5"
"Master-Assasin","3","2","5"
"master800","3","2","5"
"masterbek","3","2","5"
"MasterBlippi","2","3","5"
"MasterchessUnited","2","3","5"
"Masterchief2111","2","3","5"
"MasterFrits","2","3","5"
"MasterMaPa","2","3","5"
"masterofmany","3","2","5"
"MasterOstnel","4","1","5"
"MasterQueenPlayer","3","2","5"
"masterreddy1","3","2","5"
"masterroyal","2","3","5"
"mastersly","2","3","5"
"masuod126","2","3","5"
"Mat_Brezani","2","3","5"
"Mat_theonlyone","3","2","5"
"Mat-PP","2","3","5"
"mata98","2","3","5"
"matanwerbner","2","3","5"
"Matared1986","4","1","5"
"MatDeno","3","2","5"
"mateamargo1","2","3","5"
"MateIm1987","2","3","5"
"matel2320","2","3","5"
"mateo_giaretti","3","2","5"
"mateus__h","3","2","5"
"Mateuszgrojek","2","3","5"
"Matgothmog","3","2","5"
"mathew8547","2","3","5"
"mathuise","3","2","5"
"MatiBanasiuk","3","2","5"
"matiio","3","2","5"
"Matildaa93","2","3","5"
"matizccc","3","2","5"
"Matliloko","3","2","5"
"Matomba67","2","3","5"
"matomepersie","2","3","5"
"matOU_420","2","3","5"
"Matovich","2","3","5"
"MatscheWhite","3","2","5"
"matsukatsu","2","3","5"
"matt02933","4","1","5"
"Matt44856","2","3","5"
"mattador55","2","3","5"
"Matteo_ABATE","2","3","5"
"Matteocastro","2","3","5"
"matterlivesblack","2","3","5"
"Matterzwinger","3","2","5"
"Matthero1313","2","3","5"
"mattheweg2003","4","1","5"
"MatthewTay","3","2","5"
"MatthiasBerlin","3","2","5"
"MatthieuSch","1","4","5"
"mattisthe1","3","2","5"
"matty2002","3","2","5"
"mattykurlzz","3","2","5"
"MattyMcMatty","2","3","5"
"MatveiIvanov","3","2","5"
"Matvey_D","3","2","5"
"matvey_fun","2","3","5"
"Matvii12","1","4","5"
"Matwey_3456","3","2","5"
"Matyas15","3","2","5"
"Matyldos3","1","4","5"
"matzeeeeee","1","4","5"
"matzekatzeatze","2","3","5"
"Matzosboi","2","3","5"
"maulde","1","4","5"
"MaulwurfGuy","2","3","5"
"MauriceGump","3","2","5"
"maurid","2","3","5"
"mauriziox","2","3","5"
"mauro_123456789","4","1","5"
"Mauroeco","2","3","5"
"Maurogon","3","2","5"
"MavapeGZ","2","3","5"
"Mavenb","2","3","5"
"Mavini","3","2","5"
"Max_331","3","2","5"
"max_507","3","2","5"
"Max_Nilpferd","3","2","5"
"max250","3","2","5"
"Max42019","2","3","5"
"maxgishkeluk","2","3","5"
"MaxiBongiorno","2","3","5"
"maxikei8","3","2","5"
"Maxiks","3","2","5"
"Maxim4195","3","2","5"
"maximbalan1","2","3","5"
"MaximeLatraye","2","3","5"
"Maximilian020316","3","2","5"
"Maximilian1707","3","2","5"
"MAXIMILIANO_DONOSO","3","2","5"
"MaximK13","3","2","5"
"MaximKomarov2012","2","3","5"
"maximlobanovv","4","1","5"
"MaximNet15","3","2","5"
"MaximShevchuk","3","2","5"
"MaximSol","2","3","5"
"MaxMerkulov","3","2","5"
"maxpayne2","2","3","5"
"MaxRyba1","4","1","5"
"maxsan","4","1","5"
"maxstadle","3","2","5"
"Maxx_D","2","3","5"
"MaxymKaliuzhenko","3","2","5"
"MaxZstrong","2","3","5"
"maycreek","3","2","5"
"Mayeregger96","3","2","5"
"MayhS008","2","3","5"
"Mayka76","3","2","5"
"MaykelGuapote","2","3","5"
"maykp20","3","2","5"
"MayNineThousandSix","1","4","5"
"MayThe44","3","2","5"
"MayukhC","3","2","5"
"mayurgw","2","3","5"
"mayurjai00769","2","3","5"
"Mazen4ICE","2","3","5"
"mazenbouga","3","2","5"
"mazymony","2","3","5"
"Mazziiiii","1","4","5"
"mbackelman","3","2","5"
"MBGAL","2","3","5"
"mbizzle","2","3","5"
"Mbonekarophe","4","1","5"
"MBulteau","4","1","5"
"MBVsamadhi","3","2","5"
"mcabezas001","1","4","5"
"MCAhmet","2","3","5"
"mcakilkaya","3","2","5"
"Mcantleb","2","3","5"
"mcaracciolo26","3","2","5"
"MCDzonika019","4","1","5"
"McKayDre","3","2","5"
"mclmc","3","2","5"
"McObi1","3","2","5"
"Md-Nazrul-Islam","3","2","5"
"mdasim85","3","2","5"
"mdimitroff","4","1","5"
"mdmgay_blindfolded","4","1","5"
"mdraja","1","4","5"
"MDTycho","3","2","5"
"mduc21","1","4","5"
"mdumm","2","3","5"
"Me_i_1366","3","2","5"
"MeatReach","2","3","5"
"mebuscasteaquiestoy","2","3","5"
"Medbllihi","3","2","5"
"Meddl_Guys","2","3","5"
"Medea44","3","2","5"
"medic35181","2","3","5"
"MEDLEMINE2002","2","3","5"
"Medo187","3","2","5"
"Medusepremier","3","2","5"
"Medved_Georg","2","3","5"
"medzi","3","2","5"
"Meetmeagain","3","2","5"
"MEFRA1N","3","2","5"
"Mega_M","3","2","5"
"MegaOrangeBoy","2","3","5"
"megasplash42","3","2","5"
"Megbaszlakugyis","3","2","5"
"mehamhm","2","3","5"
"mehdi101212","2","3","5"
"mehdi13677","4","1","5"
"mehdi1921","2","3","5"
"MEHDIDOST","2","3","5"
"mehdikalantari","2","3","5"
"mehdikhalesi","2","3","5"
"mehdipourmotalleb","2","3","5"
"Mehly","3","2","5"
"mehmet_ekenl","3","2","5"
"Mehmet-akif_58","2","3","5"
"mehmet61emin","2","3","5"
"MehmetBartu20171j","2","3","5"
"MehmetEmirTurk","3","2","5"
"mehmetklcgl","3","2","5"
"mehmetseckin45","3","2","5"
"Mehmin","3","2","5"
"Mehrajansarii","2","3","5"
"mehran0121","2","3","5"
"MehrdadAaskari","2","3","5"
"mehrshadsparow","3","2","5"
"Meilhen","3","2","5"
"Meisam12","3","2","5"
"MejiaJoshue2011","3","2","5"
"mejidedin","3","2","5"
"mekakuji","3","2","5"
"Mekavlak","3","2","5"
"meks88","3","2","5"
"Mela0","2","3","5"
"MelBo2020","3","2","5"
"Melidas45611","2","3","5"
"melih66B","3","2","5"
"Melik_Quaresma000","2","3","5"
"MelinGungor","3","2","5"
"melisgras","2","3","5"
"mellomgrov","2","3","5"
"melqueades","3","2","5"
"Meltayar","2","3","5"
"MelvynTang","2","3","5"
"memporto","3","2","5"
"Mena_qie","3","2","5"
"mendesnoou","3","2","5"
"mendung01","3","2","5"
"Menemen07","2","3","5"
"Menggai","2","3","5"
"Menierva916","3","2","5"
"Menmai","2","3","5"
"mennosimons","1","4","5"
"Mentally_Slow","2","3","5"
"Mentalwizz42","2","3","5"
"Menula3845","1","4","5"
"meolo","2","3","5"
"meowba","1","4","5"
"meowdino","2","3","5"
"meowmeowbusihuan","2","3","5"
"Mercur1um","3","2","5"
"mercutio1030","2","3","5"
"MerkulovKost","3","2","5"
"Merlinintheforest","2","3","5"
"Merol1","4","1","5"
"MeroZo","2","3","5"
"merry_chrisman","2","3","5"
"MertAliBeyi","3","2","5"
"Mertcann75","3","2","5"
"MertHD","2","3","5"
"mertorbay06","3","2","5"
"mertozgur","4","1","5"
"Mertren","4","1","5"
"mervisd1","2","3","5"
"Mesam_ostovari","2","3","5"
"meseka","3","2","5"
"Mesoderm","3","2","5"
"Mester63","2","3","5"
"mesuthooca","1","4","5"
"mesutt_01","3","2","5"
"Metamorphosis73","3","2","5"
"Meteacar35","2","3","5"
"meteor94","3","2","5"
"Methos_za","2","3","5"
"metin3299","2","3","5"
"metinbal","2","3","5"
"MetKurKul","2","3","5"
"metoamfitamika","2","3","5"
"mexmemelik","2","3","5"
"meys01","3","2","5"
"meysamelc","1","4","5"
"MFeto","2","3","5"
"mg70000","3","2","5"
"Mgb123","2","3","5"
"MGCZ","2","3","5"
"MGdoc","2","3","5"
"mgn_metallurg","3","2","5"
"mgo58","3","2","5"
"MGuota","3","2","5"
"mh_amin_rahimi","3","2","5"
"mh78mmt","2","3","5"
"mharyucart","3","2","5"
"mhbghost","3","2","5"
"Mhd2023","3","2","5"
"Mhdii","3","2","5"
"Mhdy1400","3","2","5"
"mhipath","2","3","5"
"MHMD_FSHN","3","2","5"
"mhmd111rshwan","2","3","5"
"mhmdjavad_mhm","3","2","5"
"mhmdrfou3","2","3","5"
"mhmt_glryz","3","2","5"
"mhqplayer","2","3","5"
"Mi_Mwa","2","3","5"
"Mia68","4","1","5"
"miawtthias","2","3","5"
"michaeeeeello","3","2","5"
"Michael_Min_Vody","3","2","5"
"Michael_saufcok","3","2","5"
"michaelbahl","3","2","5"
"michaeleh","3","2","5"
"MichaelK777","3","2","5"
"MichaelLucas1","2","3","5"
"Michaelnoshy","2","3","5"
"MichaelTangbao","3","2","5"
"Michagoga","3","2","5"
"Michal_BK","1","4","5"
"Michal_Chmiel","2","3","5"
"Michal1812","2","3","5"
"Michalek2011","2","3","5"
"MICHANGELO","2","3","5"
"MichBSS","4","1","5"
"michel326di","3","2","5"
"michele79","3","2","5"
"Michkrok","3","2","5"
"Mick3y13","3","2","5"
"mickaliada","3","2","5"
"Mickey_Pirson","2","3","5"
"Micky_jazz","3","2","5"
"miclitoris","3","2","5"
"Mico5","2","3","5"
"micorreoactual","4","1","5"
"MicRob82","3","2","5"
"micromarks35","2","3","5"
"microplasticenjoyer","3","2","5"
"MicroTop","2","3","5"
"midan","3","2","5"
"Mido_222","3","2","5"
"MightFail_Tal","3","2","5"
"Migolangio","3","2","5"
"Migran_650","2","3","5"
"migrantex","3","2","5"
"miguel_lopez_17","1","4","5"
"Miguel_MG","3","2","5"
"Miguel-27","3","2","5"
"Miguel-Angel83","2","3","5"
"miguel66toro","3","2","5"
"MiguelAlberto","2","3","5"
"miguelito97","3","2","5"
"miguelnon","2","3","5"
"MiguelRomeroChile2","2","3","5"
"miguelrt","1","4","5"
"Mihail-mir","3","2","5"
"mihail1968","3","2","5"
"Mihail1998","2","3","5"
"Mihailandwunderkind","2","3","5"
"Mihailova_Karina","3","2","5"
"Mihalih2022","3","2","5"
"mihamed331","1","4","5"
"Mihatle","2","3","5"
"Mihaylov_Mihail-2015","2","3","5"
"MihikaG_OFSChess","2","3","5"
"MihranYamukyan","3","2","5"
"mihv","3","2","5"
"Mijailchess","2","3","5"
"MijnNaamIsHaas","4","1","5"
"Mika4444","3","2","5"
"MIKE_590","3","2","5"
"Mike_An","3","2","5"
"Mike3003","2","3","5"
"Mikeenan","2","3","5"
"mikefarmer01","2","3","5"
"MikelAjedrez","2","3","5"
"mikemiller22","3","2","5"
"MikeOkun","2","3","5"
"MikeTheBrain","3","2","5"
"Mikey80","3","2","5"
"Mikhail_Bolyavin2016","1","4","5"
"MikhailPopkov","2","3","5"
"MikhailPr","2","3","5"
"MikiAki","3","2","5"
"mikitos23","4","1","5"
"Mikkael05","2","3","5"
"Mikolaj_94","3","2","5"
"MikolajJanP1991","3","2","5"
"MIKTAL90","3","2","5"
"MikusFikus","4","1","5"
"milad_khosravi","2","3","5"
"milad_soltan_king22","3","2","5"
"milan_bog1","2","3","5"
"Milana_Belova","3","2","5"
"milann7123","2","3","5"
"Milciades1980","2","3","5"
"mildiou2","1","4","5"
"mildon","3","2","5"
"Milenkoloznica1","2","3","5"
"Milla13","3","2","5"
"millefiori","2","3","5"
"milos64","3","2","5"
"MilosEG","2","3","5"
"mimingmabaho","2","3","5"
"min_123","3","2","5"
"minasaber","3","2","5"
"minawy","2","3","5"
"mindagent","3","2","5"
"mindenegy","3","2","5"
"Mingins","3","2","5"
"minhkhanh2015","2","3","5"
"Minhkhoi-vp123","3","2","5"
"MinhTrung7A","2","3","5"
"minicocuk14","4","1","5"
"Minimi87","2","3","5"
"Minnakhmetov_Niaz","3","2","5"
"minsky6474","2","3","5"
"mipola","3","2","5"
"Miqayel290314","3","2","5"
"miracle-x","3","2","5"
"miraclevenjaramood","2","3","5"
"mirailuv","3","2","5"
"MIRAN-IBRAHIM","2","3","5"
"Mirek32","2","3","5"
"mirkar54","4","1","5"
"mirlan_agai","3","2","5"
"Miroljub2023","2","3","5"
"Mironya2016","1","4","5"
"MirrorAssassin","3","2","5"
"Mirzojev","2","3","5"
"MISADADU1982","2","3","5"
"miscat","2","3","5"
"misch4777","2","3","5"
"mischkanda","2","3","5"
"MiShA-29","3","2","5"
"Misha1313","2","3","5"
"misha80","2","3","5"
"Mishashahmatist","2","3","5"
"Mishat10198","3","2","5"
"mishottix","2","3","5"
"miss_ChessMaster","2","3","5"
"MississippiKimbo","3","2","5"
"MissMarple2019","2","3","5"
"Mister_Body_Chop","3","2","5"
"Mister_O36","3","2","5"
"mister2012","3","2","5"
"MisterCR","1","4","5"
"misterknut","3","2","5"
"misterPutzn","3","2","5"
"MisticWolf88","4","1","5"
"misty2880","3","2","5"
"Mithunwin","2","3","5"
"mitsuba421","2","3","5"
"MITv","2","3","5"
"Mity2011","2","3","5"
"Mixail_Tall","2","3","5"
"mixailo","3","2","5"
"Mj1881","2","3","5"
"Mjopimenta","2","3","5"
"MK_Bright_01","3","2","5"
"mk0_0","3","2","5"
"Mkarbalaee","3","2","5"
"MKchess100","2","3","5"
"mkilborn468","1","4","5"
"MKlem","3","2","5"
"mkomara1","3","2","5"
"mkouhpaymai","2","3","5"
"mkthakarar","2","3","5"
"Mkumari26","3","2","5"
"ML-145","2","3","5"
"ml142857","4","1","5"
"MLAURE","4","1","5"
"mlbsatnapti","2","3","5"
"mleowl","3","2","5"
"mlissoni","2","3","5"
"MLMS145","2","3","5"
"MLMS461","3","2","5"
"MLMS462","2","3","5"
"MLMS463","4","1","5"
"mlms469","3","2","5"
"MLMS472","2","3","5"
"mlms491","2","3","5"
"mlms496","3","2","5"
"mlms502","2","3","5"
"mlms530","2","3","5"
"mlodyrajtek","1","4","5"
"mlokmanguler","3","2","5"
"mlyk83","3","2","5"
"Mlyn254","3","2","5"
"mlynekpet","3","2","5"
"MM310875","2","3","5"
"MMagarotto","3","2","5"
"mmazek","3","2","5"
"MmdFazeli","2","3","5"
"Mmdsadeq","3","2","5"
"mmehdi168","3","2","5"
"mMGracz","2","3","5"
"mmhilal","3","2","5"
"mmmg7363","2","3","5"
"mmmmmmark","3","2","5"
"Mmmsv","2","3","5"
"mmnder16","2","3","5"
"mmnxmmnx","2","3","5"
"MMoohhssennM","3","2","5"
"Mms2023","2","3","5"
"mnacochess","2","3","5"
"mnagygergo","2","3","5"
"mnarayan7","3","2","5"
"mneralhsenabomade","3","2","5"
"mnishi","3","2","5"
"mnqifuqah","3","2","5"
"mntindia","3","2","5"
"moaaz010","3","2","5"
"MoAbdelAziz","3","2","5"
"moadel866","2","3","5"
"moahmmedzain","1","4","5"
"moakas","2","3","5"
"MoatazSalem","2","3","5"
"moath45","3","2","5"
"moayo","3","2","5"
"moe-bel-wa-gen","3","2","5"
"moebelwagen","2","3","5"
"Moein_alipanah_2001","2","3","5"
"moeXtr","2","3","5"
"Mofan4ik","2","3","5"
"mofrg2700","3","2","5"
"Moftah79","3","2","5"
"Mogembo255","2","3","5"
"mogheidari","2","3","5"
"moh_sa3","2","3","5"
"mohager2008","3","2","5"
"mohamad135000","3","2","5"
"mohamad583","2","3","5"
"mohamadalthr","2","3","5"
"mohamadmarydi2022","3","2","5"
"mohamadyosef","3","2","5"
"mohamadyosefi457","2","3","5"
"mohamed_kah73","4","1","5"
"Mohamed-Elhadry-M1","3","2","5"
"Mohamed-Hassan2020","1","4","5"
"Mohamed-majdy","2","3","5"
"mohamed-ragab153","2","3","5"
"Mohamed0Elmenawey","3","2","5"
"mohamed1090","3","2","5"
"mohamed1912","2","3","5"
"mohamed19933","3","2","5"
"mohamed389","4","1","5"
"Mohamed5432","2","3","5"
"mohamed942004","2","3","5"
"mohamedabdelbadie","2","3","5"
"mohamedaboseif","2","3","5"
"Mohamedaissou","3","2","5"
"Mohameddz7","2","3","5"
"mohamedelnahas","3","2","5"
"MohamedElwensh84","1","4","5"
"mohamedhsfiz","3","2","5"
"Mohamedkazem772","2","3","5"
"Mohamedmemmie4e5","3","2","5"
"mohamedmostafa11","3","2","5"
"mohamedsalem3","3","2","5"
"Mohammad_kasasbeh","3","2","5"
"Mohammad123456555","2","3","5"
"mohammadamin1100","2","3","5"
"mohammadhadiabaei","3","2","5"
"MohammadHoseinOlamai","3","2","5"
"mohammadmahdi98","3","2","5"
"MohammadrezaGH03","2","3","5"
"Mohammed_Alsyed","2","3","5"
"mohammed1423","2","3","5"
"mohammedaamer","2","3","5"
"Mohammedfawzy1","3","2","5"
"Mohammedsaleem","2","3","5"
"mohanad_agha","2","3","5"
"mohand1111","3","2","5"
"Mohannad_96","2","3","5"
"mohcine1111","3","2","5"
"mohdkittani","3","2","5"
"Mohi_Bakkar","3","2","5"
"mohit0012","3","2","5"
"mohmadsssq123","2","3","5"
"mohmmed911","3","2","5"
"mohsenashk2000","2","3","5"
"Mohtashim0987","2","3","5"
"moimoibubu","3","2","5"
"Moinuddin456","2","3","5"
"Moises1985","3","2","5"
"moisessantos007","3","2","5"
"mojak","2","3","5"
"Mojarra5","2","3","5"
"Mojiyazd2411","3","2","5"
"mojjii","3","2","5"
"moka2000","2","3","5"
"Mokshaninmashina","3","2","5"
"Moktaro","3","2","5"
"MolAn69","3","2","5"
"momentum111","3","2","5"
"momiza","3","2","5"
"mommyjosch","2","3","5"
"momo20032005","2","3","5"
"momosanamina","2","3","5"
"Mon34","3","2","5"
"monacoo_444","3","2","5"
"monamonu","3","2","5"
"monazea","3","2","5"
"Mondal_Sujan","2","3","5"
"Moneros","4","1","5"
"Monicacaisme","3","2","5"
"monish20796","2","3","5"
"monkeflex","2","3","5"
"MonkeyFella","2","3","5"
"monkeyjelly4","2","3","5"
"Monlaopro","2","3","5"
"MonoCymo","2","3","5"
"Monongahela","4","1","5"
"Monster-Slayer","2","3","5"
"Montujain61","3","2","5"
"moods317","3","2","5"
"Moody_2200","3","2","5"
"moody225","3","2","5"
"Moohmmad_Alhawamdeh","2","3","5"
"moonlight1992","2","3","5"
"Moooodaaaar","2","3","5"
"Moose294","3","2","5"
"mordov","2","3","5"
"more010","2","3","5"
"Moreas777","2","3","5"
"Morell88","3","2","5"
"MORGART","1","4","5"
"moriarty-james","3","2","5"
"Moriati","2","3","5"
"Moriitzzz","2","3","5"
"Morinat","3","2","5"
"Morio_wanzenza","2","3","5"
"moriskr","3","2","5"
"MorisMZ","2","3","5"
"Moritz2704","2","3","5"
"morkk","2","3","5"
"moroten2","3","2","5"
"morozov312","2","3","5"
"Morpeh54","3","2","5"
"MORRARUSSKIY","2","3","5"
"Morras05","3","2","5"
"morris_sthlm","3","2","5"
"Morskoy","3","2","5"
"MortazaShaker","2","3","5"
"mortyp21","3","2","5"
"morvi","3","2","5"
"moscabu73","3","2","5"
"mosemorlevi","3","2","5"
"mosesstew","3","2","5"
"moseyuk-1986_FG","2","3","5"
"moshemesser","3","2","5"
"Moshky777","2","3","5"
"mossadhero","2","3","5"
"Mostafa_Mouhmd","3","2","5"
"Mostafa135780","4","1","5"
"Mostafa2711","2","3","5"
"mostafafouad2010","2","3","5"
"mostafawaheeed","2","3","5"
"mostlycrap","2","3","5"
"motharwat12","3","2","5"
"Mother_Russia_666","2","3","5"
"motieilat","2","3","5"
"motoblok","3","2","5"
"Mouadfft5","3","2","5"
"Mouchka","2","3","5"
"moulem","2","3","5"
"Mourad4310","3","2","5"
"mousse19","2","3","5"
"moustafa1412","4","1","5"
"Moustamsik","3","2","5"
"movers5","3","2","5"
"moving_leapord","4","1","5"
"Movlamverdi","3","2","5"
"moyasso","2","3","5"
"Mpak8501","2","3","5"
"mpalominos","3","2","5"
"MPat","3","2","5"
"mpenkin","3","2","5"
"MPond","2","3","5"
"MQi5","2","3","5"
"mqsat","2","3","5"
"Mqweet","2","3","5"
"mr___green","2","3","5"
"Mr_BlackSimon","1","4","5"
"Mr_Bojangles7","2","3","5"
"mr_firstly1","4","1","5"
"mr_guy_abali","2","3","5"
"Mr_Huxley","2","3","5"
"Mr_Leonidovich","2","3","5"
"mr_nadery","2","3","5"
"Mr_Naklo","2","3","5"
"Mr_Neant_03","2","3","5"
"Mr_tulen","2","3","5"
"Mr-Rankoe","2","3","5"
"mr4lii","2","3","5"
"mr993","3","2","5"
"mrady2056","2","3","5"
"MrAhmedHilmy","1","4","5"
"MrAltan","3","2","5"
"MRayyan14","2","3","5"
"MrBaggio-001","3","2","5"
"MrBePcTaK","3","2","5"
"mrBukel48","2","3","5"
"MrChaudhary001","2","3","5"
"Mrdz","2","3","5"
"MrFreez","2","3","5"
"MrGrand36","3","2","5"
"MrGulden","2","3","5"
"MrIp","2","3","5"
"mrityunjoy","2","3","5"
"mrmister009","3","2","5"
"MrNice79","2","3","5"
"mrnu","3","2","5"
"mrownblood","3","2","5"
"MrSasha26","3","2","5"
"MrsMaritz","3","2","5"
"MrSoulMad","2","3","5"
"mrspd","2","3","5"
"mrt2023","2","3","5"
"Mrt21212121","2","3","5"
"mrybertt","2","3","5"
"MS-290315","2","3","5"
"ms1980","2","3","5"
"msabrym2004","2","3","5"
"msamkara","2","3","5"
"Msamra","3","2","5"
"mschaech","2","3","5"
"msnn1","1","4","5"
"mstfabessar","3","2","5"
"msureshkutty5686","3","2","5"
"Mtarwe","3","2","5"
"MThal","1","4","5"
"mtszen","2","3","5"
"mttmtt99","3","2","5"
"mtw2","3","2","5"
"mucito","3","2","5"
"muco23","1","4","5"
"mudassarsaeed202","2","3","5"
"muffisenuff","3","2","5"
"Muftaan","2","3","5"
"mugada-2010","4","1","5"
"muggsy8","3","2","5"
"MuhamadReda","2","3","5"
"muhambe","2","3","5"
"Muhammad_Forooqi","2","3","5"
"MUHAMMAD_YOUSUF-92","2","3","5"
"Muhammed_C4n","3","2","5"
"Muhammed110","3","2","5"
"MuhammedEnes63","4","1","5"
"muhammet181245","3","2","5"
"MuhammetKaan007","4","1","5"
"MuhlisDural","2","3","5"
"muhsinygt","2","3","5"
"Muhtadi123","1","4","5"
"muhtomakin","3","2","5"
"mujeebvlpd7","3","2","5"
"mukeshangel","3","2","5"
"mukeshhotwani","3","2","5"
"mukic259","3","2","5"
"mukremincoskun","2","3","5"
"mukul999","3","2","5"
"Mukuta2014","2","3","5"
"Mulasfmh","3","2","5"
"Muleskinner","2","3","5"
"MulisaRaluthaga92","3","2","5"
"MullaMohaymen","1","4","5"
"mullis","2","3","5"
"Mulpher","3","2","5"
"Multisport","2","3","5"
"Mummy-b","2","3","5"
"MUNASRINBAKRI23","4","1","5"
"MUNAVI","3","2","5"
"MuneebKinan","2","3","5"
"MunirGalyavin","3","2","5"
"Muratkz","2","3","5"
"muriszhuniqi","2","3","5"
"murja","2","3","5"
"murrbag603","3","2","5"
"Murz03215","2","3","5"
"mus68","2","3","5"
"musacevik","3","2","5"
"musayusif12","3","2","5"
"Musikoyo","2","3","5"
"Mustafa_BSD","2","3","5"
"Mustafa_Saeed","2","3","5"
"Mustafa-Mustermann","3","2","5"
"MUSTAFAEMREKOKAY","2","3","5"
"MustafaevU","2","3","5"
"mustafaisgun","3","2","5"
"mustanim","3","2","5"
"mustaphcarsan","2","3","5"
"Mustapuro02","4","1","5"
"MustiKerem","2","3","5"
"MusurmankulovElmyrza","3","2","5"
"mutengo","3","2","5"
"muzamil19","2","3","5"
"mvseetharaman","2","3","5"
"mVsOl","3","2","5"
"mwengwee","2","3","5"
"Mwinindirande","1","4","5"
"mwsy32","3","2","5"
"My2ndSite","3","2","5"
"MYahia11","4","1","5"
"Mycky","2","3","5"
"Myers2212","3","2","5"
"MyFightingDuality","2","3","5"
"myhugebish0p","2","3","5"
"Mykhalevskyi","2","3","5"
"myluharshu","2","3","5"
"MYMotozov1","1","4","5"
"MyNameIsBalani","3","2","5"
"mynameisjeff29","3","2","5"
"Mynameshutter","2","3","5"
"MyShadovHorse","1","4","5"
"mysterio1210","2","3","5"
"mystiknroots","2","3","5"
"mzgr","3","2","5"
"Mziqbal","3","2","5"
"mzsolt","2","3","5"
"n_e_r_o7","4","1","5"
"N_i_k_o_l_a_i","2","3","5"
"n0mad3","3","2","5"
"n8-m8","2","3","5"
"nabaezaheer","2","3","5"
"Nabaz1","3","2","5"
"nabi_player","3","2","5"
"nabilaramli","2","3","5"
"NabuchodonozorII","2","3","5"
"Nabucodonosor1978","3","2","5"
"Nachho1213","2","3","5"
"nacho19971244","4","1","5"
"nacho798","2","3","5"
"nachobrea1","2","3","5"
"nachomilitello","3","2","5"
"nachos_lfc","2","3","5"
"nachosev","3","2","5"
"NachtaraV","3","2","5"
"Nactya1","2","3","5"
"nadarang","3","2","5"
"Nadejda_59","2","3","5"
"Naderpmd","3","2","5"
"Naderpour_Sajjad","3","2","5"
"Nadir_27","3","2","5"
"nadzorabrek","3","2","5"
"NaethanThomasccs","3","2","5"
"nafaa2019","3","2","5"
"nagendrailla","3","2","5"
"nagibator2024","3","2","5"
"NaGibE1337","2","3","5"
"nagyfater45","3","2","5"
"nahidfalahi","2","3","5"
"Nahuel243","1","4","5"
"Naik_Tarigan","3","2","5"
"Nailchesss","4","1","5"
"NailSarajac","3","2","5"
"naipp","2","3","5"
"Naiv9999","1","4","5"
"Najeebasid79","2","3","5"
"najinlal","2","3","5"
"Nakacikaseno","3","2","5"
"Nakagata","2","3","5"
"nakeduk","3","2","5"
"Naksh_Jani","3","2","5"
"NAMAN-SAHU","3","2","5"
"Namangan644","2","3","5"
"nameiki","2","3","5"
"Nameless8805","3","2","5"
"Namen_vergesssen","2","3","5"
"namiq2007","3","2","5"
"nandankumarmittal","2","3","5"
"nandeeshwer","2","3","5"
"nando2020","2","3","5"
"nano1608","2","3","5"
"nanothea","2","3","5"
"nanuffe","3","2","5"
"naoslip","2","3","5"
"naren_sure","4","1","5"
"narsis485","2","3","5"
"Narwald037","3","2","5"
"naser7798","2","3","5"
"Nasir_shathi","3","2","5"
"nasirmark","2","3","5"
"nasirullank","3","2","5"
"naskar12345","3","2","5"
"NASKEN","3","2","5"
"NasPET","3","2","5"
"nasr20as","3","2","5"
"nasr41","2","3","5"
"nassar_hazem","3","2","5"
"nasser150","3","2","5"
"nasser61","3","2","5"
"nassernnn","2","3","5"
"Nassim_Sewaid","2","3","5"
"Nastia2013","3","2","5"
"NastiaNik02","2","3","5"
"nastr10","1","4","5"
"Nastya_2016","2","3","5"
"Nastyusha_2015","3","2","5"
"Nata70","2","3","5"
"Natali_Ovc","3","2","5"
"Natali1957","3","2","5"
"Natalianowakowska","3","2","5"
"Natasha_Sintana","4","1","5"
"Nate_River3","3","2","5"
"nate12357","3","2","5"
"NathanCort","2","3","5"
"Nathanjittu","3","2","5"
"Naum-1985","3","2","5"
"Nauryz0123-1","3","2","5"
"naveedulhaq23","3","2","5"
"navigator2022","3","2","5"
"navka","2","3","5"
"Navy-dardfrog","3","2","5"
"nawier","3","2","5"
"nawin_chess_tm","4","1","5"
"NAYDU2009","3","2","5"
"Nayomnik86","3","2","5"
"NayrJ","2","3","5"
"nazar_basyah","2","3","5"
"Nazar0905","3","2","5"
"nazariodelima","2","3","5"
"NazaroBrasil","2","3","5"
"Nazarov_Yuriy","3","2","5"
"nazj4","3","2","5"
"Nazyboy","2","3","5"
"nb2trang2010","2","3","5"
"nbhaskar","3","2","5"
"NBTKCN","2","3","5"
"Nbv73","2","3","5"
"Ncapitan","2","3","5"
"NCWAI","3","2","5"
"ndolphin34","2","3","5"
"ndopp39","3","2","5"
"Ndumiso10","2","3","5"
"neagumatei03","2","3","5"
"Nebel1985","3","2","5"
"Nebi1995chess","2","3","5"
"NebPwysig","1","4","5"
"nebunebu","2","3","5"
"Neburishvili","2","3","5"
"necip1961","4","1","5"
"Nedair10","3","2","5"
"Neelamvvv","2","3","5"
"neelavsarma","4","1","5"
"Neeraj_Nisheed","3","2","5"
"NeetleFarseer","1","4","5"
"NegaroQ","3","2","5"
"negochesss","2","3","5"
"nehaasonii","3","2","5"
"nehircevher","3","2","5"
"Nehitchoudhary","2","3","5"
"Neilok","3","2","5"
"neilstuns28","2","3","5"
"Nek0w0","3","2","5"
"Nekcron","2","3","5"
"neko_0","1","4","5"
"Nelson1970","2","3","5"
"NelsonElDestructor","3","2","5"
"NeLY0210","3","2","5"
"nemag","3","2","5"
"Neman12","2","3","5"
"nemenzis","1","4","5"
"nemesis6","2","3","5"
"nemrealp","3","2","5"
"nendojin","4","1","5"
"Neniy","2","3","5"
"NeniyNeniy","3","2","5"
"neo2277","2","3","5"
"Neon_Star","3","2","5"
"Neos4517","3","2","5"
"Nep_Ram","3","2","5"
"Nepo2023","2","3","5"
"Nepogoda_222","3","2","5"
"Nepomading52","3","2","5"
"NepomnyEvgenii","3","2","5"
"nepoo1392","3","2","5"
"Neptune24","3","2","5"
"nerwiL","2","3","5"
"nery_bel","3","2","5"
"Nesic8693","2","3","5"
"Nesrine94","3","2","5"
"NESTENIGJEN","2","3","5"
"NestorVive","2","3","5"
"NesudVan","3","2","5"
"netagel","3","2","5"
"Nethum2208","3","2","5"
"Netko-Nitko","3","2","5"
"Netsoj","3","2","5"
"nettleex","2","3","5"
"Netviki","2","3","5"
"NeuroticChess","3","2","5"
"Nevaliashka","2","3","5"
"NeverMindtheQueen","2","3","5"
"NeverScaredBe","3","2","5"
"nevisefviwneivniwe","2","3","5"
"New382e","3","2","5"
"NewbieChessR","3","2","5"
"NEWCHAMp1","2","3","5"
"NewellsOldBoys1","3","2","5"
"neweraz","3","2","5"
"Newish02","2","3","5"
"newtastic","2","3","5"
"Newtoh","2","3","5"
"Newton_1992","2","3","5"
"newvic","3","2","5"
"Neyassytt","3","2","5"
"neymar_jr10_wesckhey","2","3","5"
"nffff","2","3","5"
"nfr934","3","2","5"
"NG_Daniel","3","2","5"
"Ngeji","3","2","5"
"NgNhatMinh5","3","2","5"
"ngquan","2","3","5"
"ngthisuridinethma","2","3","5"
"NguMimi","2","3","5"
"nguyenbaoan15","3","2","5"
"nguyenduyanh","2","3","5"
"Nguyenhoangphuc2406","3","2","5"
"nguyenminhtrang_thbl","3","2","5"
"Nhamandu","3","2","5"
"nhamthinh","2","3","5"
"Nhandu","2","3","5"
"NhicolasDave","3","2","5"
"NiBroCool_123","2","3","5"
"nic010","3","2","5"
"Nic7621","2","3","5"
"nicephony123ss","1","4","5"
"nicg","1","4","5"
"Nick542","3","2","5"
"Nick67","3","2","5"
"nick705100","2","3","5"
"nickbellamossa","3","2","5"
"NickDeBoer","2","3","5"
"nickelsmirnoff","3","2","5"
"nickludens","3","2","5"
"Nickname02","2","3","5"
"Nickolay59Pchela","3","2","5"
"Nickolis","2","3","5"
"Nickolsonn","2","3","5"
"NickSaid87","2","3","5"
"nickvalas","2","3","5"
"NickVallente","3","2","5"
"nicobassist","2","3","5"
"nicocastrop","2","3","5"
"nicola_62","2","3","5"
"Nicolae-Pantea","4","1","5"
"Nicolascacchi","3","2","5"
"NicolasFerreccio","3","2","5"
"Nicolaslagrint","2","3","5"
"nicolastegi","3","2","5"
"nicollegarcia","2","3","5"
"nidhaldadi","2","3","5"
"Nidin","2","3","5"
"nifes22","1","4","5"
"Night-Walker","2","3","5"
"night471","3","2","5"
"nightbarbarian","2","3","5"
"nightglider","2","3","5"
"NightmareRoman","2","3","5"
"Nightmaresk20","2","3","5"
"Nightwing1914","2","3","5"
"nigmashadow","3","2","5"
"Niguchal","3","2","5"
"Nihal_chess01","3","2","5"
"nihanmis","4","1","5"
"Niharika016","3","2","5"
"nik_ivanov19580823","2","3","5"
"nik_nike","2","3","5"
"nik12345kkk","2","3","5"
"nikc1950","2","3","5"
"nikchos","2","3","5"
"nikeita","2","3","5"
"nikenas","3","2","5"
"nikesh69","3","2","5"
"NiketSaluja","3","2","5"
"nikfil59","2","3","5"
"nikhil1800chand","3","2","5"
"Nikhildalle","3","2","5"
"Nikimioli","3","2","5"
"Nikita_cheprakov","2","3","5"
"Nikita_Sk","2","3","5"
"Nikita-ch","2","3","5"
"Nikita2015year","3","2","5"
"NikitaKirsanov_14","3","2","5"
"NikitaSokol","3","2","5"
"Nikitos05LHF","3","2","5"
"nikki_tikki","3","2","5"
"nikkovv","3","2","5"
"nikkze","2","3","5"
"Niko_8324","3","2","5"
"Nikokgui","3","2","5"
"nikolaev77","2","3","5"
"NikolaGavrovski","3","2","5"
"NikolaiLebed1","2","3","5"
"NikolArtiste","3","2","5"
"nikolatkin1","2","3","5"
"Nikolay88Kem","3","2","5"
"Nikolay96","3","2","5"
"Nikolaya132","2","3","5"
"NikolayBojiy","2","3","5"
"NikolayByrin","3","2","5"
"NIKOLAYMAMONTOV","4","1","5"
"NikolayNovorchuck","4","1","5"
"NikolettaPletosu","2","3","5"
"Niksorok","3","2","5"
"NIKSOT_1234","3","2","5"
"NilLorVal","2","3","5"
"niloo420","3","2","5"
"NILOYMOMIN","3","2","5"
"nilton_jara","2","3","5"
"Nimblehoof","3","2","5"
"Nimrod_Nori","2","3","5"
"Nin007","1","4","5"
"Nin55","2","3","5"
"Niniben","2","3","5"
"ninjaj","3","2","5"
"NinjaSuper","2","3","5"
"Ninwayn1","1","4","5"
"NinWild","3","2","5"
"Nio_notbuff","2","3","5"
"nir_stern","3","2","5"
"nirami","2","3","5"
"NiranjanaM","2","3","5"
"nirjhard4","4","1","5"
"Nisane","2","3","5"
"nishil","3","2","5"
"NisreenNajib","2","3","5"
"NITHINV2014","2","3","5"
"Nitrilos","3","2","5"
"Nitrogen72","3","2","5"
"Nivroj","3","2","5"
"niyazi42","2","3","5"
"niyhee","2","3","5"
"Njaxon","3","2","5"
"nkatzz","2","3","5"
"NKING03","2","3","5"
"Nkomoist","3","2","5"
"nkosi_ya_chess","1","4","5"
"NlLeeZ","2","3","5"
"nmp1291","3","2","5"
"nmtdgc","2","3","5"
"nmuldy","2","3","5"
"nmyzkh","3","2","5"
"NnikosS","2","3","5"
"NNooeell","2","3","5"
"NNuyaN","3","2","5"
"no_1_sadiq","2","3","5"
"no_10","2","3","5"
"No_smily","2","3","5"
"No_WhereMan","3","2","5"
"NO_X","3","2","5"
"no0psycho","2","3","5"
"noah_fence","3","2","5"
"noam_birn","2","3","5"
"noanabraham05","2","3","5"
"Noby07","2","3","5"
"nochbv","2","3","5"
"nocogiat","3","2","5"
"Nodak207","3","2","5"
"Nodirbek2017","3","2","5"
"Noe6374993","2","3","5"
"noel1968","3","2","5"
"Noel63","3","2","5"
"NOELBERTA","3","2","5"
"noflippinname","3","2","5"
"Nogodnomaster","2","3","5"
"NoHoney","2","3","5"
"Nolit058","3","2","5"
"NomadPenny","2","3","5"
"NomadRUS08","3","2","5"
"nomlife","3","2","5"
"Nona32","3","2","5"
"Nonacs19Obgayuc900","3","2","5"
"NoName02","3","2","5"
"NONAME12311","2","3","5"
"nonameguy99","3","2","5"
"NoNamesAvailable","2","3","5"
"Nonanond","4","1","5"
"NoNose24","2","3","5"
"Nonoxx21","1","4","5"
"Noobe2e4","2","3","5"
"Noobmaster81","2","3","5"
"Noobwookie","3","2","5"
"Noori_IRAN","3","2","5"
"noori36","2","3","5"
"NoorzadKh","3","2","5"
"NopesTR","2","3","5"
"NoPlanC","2","3","5"
"nora-111","3","2","5"
"Norbert7Jr","3","2","5"
"nordwey","3","2","5"
"NormanPaulMunoz2008","2","3","5"
"nosecapojaja","3","2","5"
"NoSir100","3","2","5"
"Noskemerd","2","3","5"
"Not_A_Bot_I_Swear","2","3","5"
"Not_Alex26","2","3","5"
"Not_Hard_23","3","2","5"
"Not_ilia","4","1","5"
"Not_mx","3","2","5"
"NotAFeesh","3","2","5"
"NotaLost2","2","3","5"
"NOTARIO12","3","2","5"
"Notgm2","3","2","5"
"Nothingne","3","2","5"
"NotThatGr8AtChess","2","3","5"
"noturuncupeace","3","2","5"
"Notyflex","3","2","5"
"nouasinguem","3","2","5"
"nour10x","3","2","5"
"Nour66","2","3","5"
"nourabokamel","2","3","5"
"novato167","3","2","5"
"NoviBog","2","3","5"
"NovikovRoman","3","2","5"
"novorussia","3","2","5"
"nowfoumie","3","2","5"
"noyayt","2","3","5"
"NP1978","1","4","5"
"nps27","3","2","5"
"nrameshreddy","2","3","5"
"NS71","1","4","5"
"nsab","2","3","5"
"NShubhangi","2","3","5"
"nsukruth","3","2","5"
"NtakesQ","2","3","5"
"NTDEO","2","3","5"
"ntliaa","2","3","5"
"nucu1977","2","3","5"
"nugget321","2","3","5"
"NuggetMan","3","2","5"
"nugrahayandi","3","2","5"
"NumanNajib","2","3","5"
"Nur3gr3","1","4","5"
"Nurali13","3","2","5"
"Nurasaurus","3","2","5"
"nurav375","3","2","5"
"NURDAIE_15_S1","4","1","5"
"nuremon2387","2","3","5"
"Nurganat2023","2","3","5"
"Nuru1955","3","2","5"
"Nurym-123","2","3","5"
"Nurzhan_Ait","2","3","5"
"NussFeratSNGL2","2","3","5"
"Nutsalov","2","3","5"
"nuttellazz","3","2","5"
"nv057y","2","3","5"
"NverGhukasyan","3","2","5"
"Nvn_kumar","2","3","5"
"nwordchess","3","2","5"
"nx006","2","3","5"
"NXF_Vanquish","3","2","5"
"Nxnachooo","3","2","5"
"NyahAwesome","2","3","5"
"nyirobendeguz","3","2","5"
"Nyoman_seduh","3","2","5"
"O_hardway","3","2","5"
"O_Krivcun","2","3","5"
"OauJ","2","3","5"
"OBBAY-RAFIK","3","2","5"
"OberCardoso","3","2","5"
"obesrturtle","3","2","5"
"Obito_Akatzuky","3","2","5"
"Obiwan22940","2","3","5"
"OboturovViaChessLove","2","3","5"
"Obrion","2","3","5"
"OCastle","3","2","5"
"Occlusion36","3","2","5"
"Occupied_username","2","3","5"
"Ochid-reggagui-03","2","3","5"
"oconggula2","3","2","5"
"Oday97","3","2","5"
"OddoThomas","3","2","5"
"Odlavin","3","2","5"
"ODLIMEDI","3","2","5"
"odyseuss","3","2","5"
"OE_2015","3","2","5"
"oEnDo0o","2","3","5"
"oeray2016","3","2","5"
"ofirhas","2","3","5"
"ofpersia","2","3","5"
"Ofpoil","2","3","5"
"oggie66","3","2","5"
"Ogogek","3","2","5"
"ogulcan_1212","3","2","5"
"Oguzhandinc","2","3","5"
"oguzhanisil","3","2","5"
"oguzkaganhan07","3","2","5"
"Oguzkrc","2","3","5"
"oh0416","3","2","5"
"ohbackersten","2","3","5"
"ohir2789","3","2","5"
"OhJeffrey","2","3","5"
"OhmouMaticK","2","3","5"
"OHUESO","3","2","5"
"oimdala","2","3","5"
"oitc","2","3","5"
"ojor_the_ancient","2","3","5"
"okanakzm","2","3","5"
"okazz","3","2","5"
"OkeanM","3","2","5"
"okin666","3","2","5"
"okinawaaaa","2","3","5"
"Oknk0","2","3","5"
"Okta8487","3","2","5"
"oky1","2","3","5"
"Ol_Nori","3","2","5"
"olca","3","2","5"
"OldBoy76","2","3","5"
"Oldi-36","2","3","5"
"OldKingLaw","2","3","5"
"Oldsmoothie","3","2","5"
"Oleg3344444","2","3","5"
"Olegachin","3","2","5"
"Olegan-upnp","3","2","5"
"OlegAnat","3","2","5"
"OlegBeg","2","3","5"
"olegchivelev","2","3","5"
"OLEGER14","2","3","5"
"OlegShtok","2","3","5"
"Olegspi","3","2","5"
"Oleksii_Buhaienko","2","3","5"
"OleksiyL","3","2","5"
"Olepfer","3","2","5"
"Olexandr1","3","2","5"
"olf1s","2","3","5"
"olgaheueouqbei","4","1","5"
"OlgaKiseleva","2","3","5"
"Olgica_J","3","2","5"
"OlgierdCieslukowski","2","3","5"
"oliva2015","1","4","5"
"Oliverelmejor","2","3","5"
"Oliwerivs","3","2","5"
"oliya1978","3","2","5"
"OllieDoodle","3","2","5"
"Oloff70","3","2","5"
"ololotoras","3","2","5"
"olovorot","2","3","5"
"olvian","2","3","5"
"olya_bulochka","2","3","5"
"Olya_losk","2","3","5"
"Om_Sakpal","2","3","5"
"om3r90","2","3","5"
"Oma-R","2","3","5"
"omaharaja","3","2","5"
"Omar_alif","3","2","5"
"Omar55545","2","3","5"
"omar720","3","2","5"
"omaring","3","2","5"
"Omarmansour","2","3","5"
"OmarmejiaG","2","3","5"
"OmarMXE","4","1","5"
"omarnageeb12311","3","2","5"
"OMAROV_ENERGY","2","3","5"
"omarreynaldo","3","2","5"
"OmarSamy44","3","2","5"
"Omarsghy3","3","2","5"
"Omaschubser73","2","3","5"
"omen4307","2","3","5"
"Omer_cagan","3","2","5"
"Omer072008","2","3","5"
"omer999k","2","3","5"
"omerfarukaltin1907","2","3","5"
"OmerFucia","3","2","5"
"Omergiray21","3","2","5"
"omerkorkutann","3","2","5"
"omerkrdnz","3","2","5"
"omersaid-129","2","3","5"
"OmerSeyhAttila","2","3","5"
"OmerYildirim_2015","3","2","5"
"Ometrometreite","3","2","5"
"omidkade","2","3","5"
"omkarnevhal","3","2","5"
"omrpasa","2","3","5"
"omshiva","3","2","5"
"omverma07","2","3","5"
"ONAY-YONTAR","3","2","5"
"one7dimensional7man","3","2","5"
"OneOrange","3","2","5"
"OneTrickBony","3","2","5"
"Ongor_12","2","3","5"
"OnischMakar","2","3","5"
"onizukasensei","3","2","5"
"OnlineChessShri","2","3","5"
"OnlyChess3680","2","3","5"
"Onlylovely","1","4","5"
"OnlyMeVersusMe","3","2","5"
"ONN071291","3","2","5"
"Onur_yilmaz_cicek101","3","2","5"
"onurakd","3","2","5"
"Onurata12","3","2","5"
"onurerkn","3","2","5"
"OnurhanGo","2","3","5"
"Onyicelestine","2","3","5"
"OoFaraniusoO","2","3","5"
"ookinizay","3","2","5"
"OonalDriver2022","3","2","5"
"operat754","2","3","5"
"opigbbautista01","3","2","5"
"Opos69","2","3","5"
"Optimust1","2","3","5"
"opung18","3","2","5"
"Oqabb","2","3","5"
"Or39","3","2","5"
"Orabos","3","2","5"
"Oraby102","3","2","5"
"orasso","3","2","5"
"orchys53","2","3","5"
"OrekhovGlieb","3","2","5"
"orestecampestre","1","4","5"
"OrganicLord797","2","3","5"
"orgoo_123","2","3","5"
"orhan2222","3","2","5"
"ORIANKAPA","2","3","5"
"oricalk","2","3","5"
"OriginalName512","2","3","5"
"ORIONfull","2","3","5"
"OrionZXrrra","2","3","5"
"ortega85","1","4","5"
"orxan22","2","3","5"
"osamaalali","2","3","5"
"osamaalshmale","2","3","5"
"Osamabd","2","3","5"
"OsamaElWakeel","3","2","5"
"osc21","2","3","5"
"oscar79","3","2","5"
"oscarcat13","2","3","5"
"OscarVDG","3","2","5"
"oSenhorNatureza","3","2","5"
"OsiasNovais","3","2","5"
"osim81","3","2","5"
"OSITO1962","2","3","5"
"Oskal15","3","2","5"
"Oskarfat","3","2","5"
"Oskemen21","3","2","5"
"oskimosky","3","2","5"
"osman1971","2","3","5"
"Osman6863","2","3","5"
"Osribno","3","2","5"
"Ossdogs","3","2","5"
"Ossie123","2","3","5"
"ostapchuk_witaliy","2","3","5"
"oswal1725","2","3","5"
"oteckasparova","2","3","5"
"OtengRagnar","2","3","5"
"otherislearning","2","3","5"
"otoechess","2","3","5"
"ottoman2023","2","3","5"
"Ottoque","3","2","5"
"ours7","3","2","5"
"OursIsTheFury666","3","2","5"
"out-of-mind","2","3","5"
"outofmyway","2","3","5"
"OvaNapad88","2","3","5"
"overcast1","2","3","5"
"overl0rd13","2","3","5"
"overvoidd","3","2","5"
"ovsyanaya_kasha","3","2","5"
"Ow1_85","2","3","5"
"Owenlimo","3","2","5"
"Oxana16","3","2","5"
"oxxxy_expert","2","3","5"
"oxygen2000","1","4","5"
"Oybek_04","3","2","5"
"oyindml","3","2","5"
"Oyku14062017","2","3","5"
"oykuorucu","2","3","5"
"Oyungerell","3","2","5"
"Ozersem","2","3","5"
"Ozgun96","3","2","5"
"oznakind","2","3","5"
"OzNeFerrari","4","1","5"
"ozz29","2","3","5"
"ozzdd","2","3","5"
"P_1809","4","1","5"
"paan","2","3","5"
"paarsaae","2","3","5"
"pabaz1659","3","2","5"
"Pablo0000","3","2","5"
"Pabloamos","2","3","5"
"pablobatres","2","3","5"
"pablobre","2","3","5"
"Pablocrack26","2","3","5"
"pablomb85","2","3","5"
"pablotescobar","3","2","5"
"PabloUnavezmas","3","2","5"
"paco_luis","2","3","5"
"Paco_Neguerre","3","2","5"
"PacoHidalgo","3","2","5"
"PACOMF","3","2","5"
"Pacominimal","1","4","5"
"Pacosinho","2","3","5"
"Pacotin","3","2","5"
"Padalanglovely","3","2","5"
"padamx2","3","2","5"
"paddlextime","2","3","5"
"padobranac999","4","1","5"
"pain-perdu","2","3","5"
"Paiva-Fabio","2","3","5"
"Pakatos","2","3","5"
"pakdhee","3","2","5"
"paki32","3","2","5"
"paki4ME","3","2","5"
"Pakita99","3","2","5"
"Pakkasukko","3","2","5"
"Pakornnarong","2","3","5"
"Pala4aka","2","3","5"
"Palantinos","2","3","5"
"PalarikovskyChuj","2","3","5"
"Palo8424","3","2","5"
"palosidno","3","2","5"
"PALUTEN_JUNIOR","2","3","5"
"palyacoben","2","3","5"
"Pama17","2","3","5"
"PanadolPlatinum","3","2","5"
"panakhovaelena","2","3","5"
"PanCakeOFF31","3","2","5"
"panczurek","2","3","5"
"panda855","2","3","5"
"pangehtala","2","3","5"
"Panglao_2004","3","2","5"
"PanicatAAAMPJ","4","1","5"
"PanIlia","3","2","5"
"Pankaj9823460246","3","2","5"
"Panke7","1","4","5"
"Panos0491","2","3","5"
"PanPanBoumBoum","3","2","5"
"pansydanger","3","2","5"
"panther_trader","2","3","5"
"pantherpinky","3","2","5"
"pantudi","2","3","5"
"paolomarr","3","2","5"
"Papa-Gega","1","4","5"
"PapaBirlos","3","2","5"
"papaderos13","3","2","5"
"Papageno75","1","4","5"
"papakostaspro","3","2","5"
"papapacs","2","3","5"
"papashark","3","2","5"
"PapazovOleg","3","2","5"
"papichulo277","3","2","5"
"Papougras","3","2","5"
"Papulini","2","3","5"
"paqer","2","3","5"
"parag-deshmukh","3","2","5"
"Paramanad_45","2","3","5"
"Parapoly_ThorW","2","3","5"
"parasha6780","3","2","5"
"parasito88","3","2","5"
"Parenek03","2","3","5"
"Parentesis","3","2","5"
"parezerr","4","1","5"
"Parfit76","3","2","5"
"Parham_alinezhad","2","3","5"
"parham996","2","3","5"
"parhamking123","3","2","5"
"parii2021","2","3","5"
"Parisgrr","2","3","5"
"ParmaChess","3","2","5"
"pars79","3","2","5"
"parsa224","2","3","5"
"Parsa3232","2","3","5"
"parsaheidarynejad","3","2","5"
"parshu_8203","2","3","5"
"part4you","3","2","5"
"parthakerkar","2","3","5"
"parthvir","2","3","5"
"parulian3","3","2","5"
"Parveshalpha","3","2","5"
"Parvinerfani","2","3","5"
"parzivall5454","3","2","5"
"pasatir","2","3","5"
"pascalchess","3","2","5"
"Pasha_Aleshkouski","2","3","5"
"pasha24","1","4","5"
"PashaKritskiy","2","3","5"
"Pask66","1","4","5"
"Passenger20200","3","2","5"
"passingbug","3","2","5"
"PastelloColorato","2","3","5"
"Pastor1962Gev","3","2","5"
"pastuszek111","2","3","5"
"patatevolante4","3","2","5"
"Patinho_123","2","3","5"
"Patkisanjeev","1","4","5"
"Patnavi_pmt","2","3","5"
"patobanegas","3","2","5"
"PATRICIO_PICON","3","2","5"
"patriolino","3","2","5"
"Patroclos1903","3","2","5"
"patroklos1","3","2","5"
"pattedoie","1","4","5"
"Patzaline","3","2","5"
"patzer1800","2","3","5"
"pau11","2","3","5"
"PauCusto2012","3","2","5"
"paujimenezac","2","3","5"
"Paulchatt36","3","2","5"
"pauLCT","2","3","5"
"paulgps","2","3","5"
"Paulista75","1","4","5"
"PaulLift","3","2","5"
"PaulOhnemann","3","2","5"
"paulpreciado","3","2","5"
"PaulStraz","2","3","5"
"Paulus2","2","3","5"
"Paulx2","2","3","5"
"Pauses","2","3","5"
"Pavel_Lu","2","3","5"
"Pavel_Ser","2","3","5"
"Pavel021213","3","2","5"
"Pavel100789","3","2","5"
"pavel76pavel","2","3","5"
"pavelisi","1","4","5"
"PavelKarasev","2","3","5"
"Pavlo_Shutko5","3","2","5"
"Pavlov_Valery","3","2","5"
"pawanranta","3","2","5"
"pawansalunke","2","3","5"
"PawanSalunkhe","3","2","5"
"Pawmgp","2","3","5"
"pawn_s1er","2","3","5"
"pawn_the_queen","4","1","5"
"PawnAllen","3","2","5"
"PawnBlusher","3","2","5"
"pawnhunter25","2","3","5"
"pawnswalk","3","2","5"
"pawnToQwin","2","3","5"
"pawnzee_skeem","2","3","5"
"paytm0607","3","2","5"
"pdarun","2","3","5"
"pdlencioni","2","3","5"
"pdp_eleven","3","2","5"
"pdrvariar","2","3","5"
"peace101","2","3","5"
"Pecinco","2","3","5"
"pecker06","3","2","5"
"Peco39","3","2","5"
"pecoando","3","2","5"
"pecoso53","2","3","5"
"pedram92","3","2","5"
"Pedro_10_Esp","3","2","5"
"Pedro_Paredes","3","2","5"
"Pedro_Pascal","3","2","5"
"Pedro-63","2","3","5"
"pedroelterrible","3","2","5"
"pedrohanson","3","2","5"
"Pedrohenriqeu","2","3","5"
"pedroivo16","2","3","5"
"pedrojcoru","2","3","5"
"pedropau","3","2","5"
"Peduza_Gormona","2","3","5"
"PeeleKidoGuChaato","3","2","5"
"peerpandit","2","3","5"
"pegan75","4","1","5"
"pejsvidek","2","3","5"
"PekerJulia","2","3","5"
"PekkaKouhia","3","2","5"
"pelado1976","1","4","5"
"Pelatino","3","2","5"
"pelegogamer","2","3","5"
"Pelemenem","3","2","5"
"pelle77","3","2","5"
"pemburu-master12","2","3","5"
"pendekarlaut","3","2","5"
"pendoss","2","3","5"
"Penitentiagite","3","2","5"
"Pennabianca","3","2","5"
"Penne81","2","3","5"
"PensamientoyEmocion","3","2","5"
"pensex","3","2","5"
"peoplearecrazy","3","2","5"
"pepeillo","3","2","5"
"pepemorenomijas","2","3","5"
"pepexy","3","2","5"
"PEPONCHO","2","3","5"
"Peps-wes","3","2","5"
"pepsicar","3","2","5"
"pequerrecho","2","3","5"
"Per_6700","4","1","5"
"Peraspera9","3","2","5"
"perawaspop","2","3","5"
"percarju","2","3","5"
"peregrine7","2","3","5"
"PerfectWolf","2","3","5"
"pericacho22","3","2","5"
"Peristilo","2","3","5"
"Perlita23","3","2","5"
"pero1234stojic1234","2","3","5"
"Perp1exer","3","2","5"
"perpetualoss","3","2","5"
"perro_callejero78","3","2","5"
"perrovagabundo","3","2","5"
"PerryGotter","2","3","5"
"Persian_Gulf_2023","2","3","5"
"Persian-warrior","2","3","5"
"Perste","2","3","5"
"PeshkoBlitz","3","2","5"
"PessiOriginel","2","3","5"
"pete87p","2","3","5"
"peter5555","2","3","5"
"Petergryffindor","3","2","5"
"PetitHugo","2","3","5"
"Petov","2","3","5"
"petr_chess8","3","2","5"
"petr_kurlik","2","3","5"
"Petr101184","3","2","5"
"petra_frauenknecht","3","2","5"
"petrbagration","4","1","5"
"petrdymchev33","3","2","5"
"PETRO_1","2","3","5"
"petrosus","3","2","5"
"Petrovich147","2","3","5"
"petrus34567","2","3","5"
"Pettepol","2","3","5"
"Peyranero","1","4","5"
"peyvandi9","2","3","5"
"pfrappe","4","1","5"
"Pfty1249","3","2","5"
"pfxr","3","2","5"
"pg_chess_noob","3","2","5"
"PGi78","3","2","5"
"pgr54","3","2","5"
"ph_wolf","2","3","5"
"PH-Lokiiii","2","3","5"
"PharaohShuffle","2","3","5"
"phatrabbit67","3","2","5"
"phe32","2","3","5"
"Phenix64","2","3","5"
"phiex","2","3","5"
"Phil_muc","3","2","5"
"Philippebe","2","3","5"
"phillips_mg","4","1","5"
"philodendron68","1","4","5"
"Philou88","3","2","5"
"Philthy1987","3","2","5"
"Phish285","2","3","5"
"Phlebbo","3","2","5"
"Phone_player","3","2","5"
"phongpl","2","3","5"
"PHOVANI","2","3","5"
"Phreek1337","2","3","5"
"phuocngocmt","2","3","5"
"phuongpl","2","3","5"
"PHVN-DangHien","2","3","5"
"Phyloroform","3","2","5"
"Physel","1","4","5"
"physicsforthewin","2","3","5"
"piblounette","2","3","5"
"picu90","2","3","5"
"piernisba","3","2","5"
"Pierouchka","1","4","5"
"pierre_constantine","3","2","5"
"pierroh","3","2","5"
"Piersonbe","2","3","5"
"Pietiachodorowski","3","2","5"
"Pietthuys","3","2","5"
"pigo70","2","3","5"
"piiiter","2","3","5"
"pikulina123","2","3","5"
"Pilca","1","4","5"
"Pilesa","2","3","5"
"pilgrimnik","3","2","5"
"Pindos","3","2","5"
"pineman","3","2","5"
"pingshanroad","3","2","5"
"Pingvoman","3","2","5"
"Pink_0001","3","2","5"
"PinkMorty","2","3","5"
"pinsu38","3","2","5"
"Pinuccio1960","2","3","5"
"Pinzimonio61","3","2","5"
"Piortek1","3","2","5"
"Piotr-Rosol","3","2","5"
"PiotrStolarczyk","3","2","5"
"PipeOb","3","2","5"
"pipeto2","3","2","5"
"Pipistrelu","3","2","5"
"piramidonen1","3","2","5"
"Pirate_King47","3","2","5"
"piratearr","1","4","5"
"PiratePrincessK","4","1","5"
"pirojen","3","2","5"
"piroulo","2","3","5"
"Piryazevviktor","1","4","5"
"Pisco10","2","3","5"
"Pishak","3","2","5"
"PitchuloYT","2","3","5"
"Piterigno","2","3","5"
"pitjiss","3","2","5"
"pitnam","2","3","5"
"Pittster","1","4","5"
"piukyone","2","3","5"
"piupaw","2","3","5"
"PIURCOSKY01","2","3","5"
"pivert_1938","3","2","5"
"piwto","3","2","5"
"Pixel_22","3","2","5"
"PixWill","3","2","5"
"Piyada08","3","2","5"
"Piyush_yadav_11","3","2","5"
"Piyushchordia","4","1","5"
"piyushgonlinecontent","3","2","5"
"Pizzacafe","2","3","5"
"PizzaSharkE","1","4","5"
"pjcelis","2","3","5"
"PK73","2","3","5"
"PKCW2022","3","2","5"
"PKD2510","3","2","5"
"pkgod123","3","2","5"
"Plaft","2","3","5"
"plank173348729","3","2","5"
"plantbased_human","4","1","5"
"Plastinin_Vlad","3","2","5"
"Platon_BGD","2","3","5"
"PlatonA","2","3","5"
"platycorn","4","1","5"
"Plausibleinstrument","2","3","5"
"Playchessak","3","2","5"
"playchessalways","3","2","5"
"player-bishop-pro","3","2","5"
"PlayerNoobFight","2","3","5"
"playgood55","3","2","5"
"PlayRen","3","2","5"
"Plekksaapad","2","3","5"
"Pleticha","2","3","5"
"Plijyg79","2","3","5"
"plokmin","3","2","5"
"PlotnikovMiroslav","2","3","5"
"Plumberquatsch","3","2","5"
"pluto_whom","2","3","5"
"plyr_chs_9333","4","1","5"
"plystakelnis","2","3","5"
"pmgood","3","2","5"
"PMK5195","3","2","5"
"Pnakumar","3","2","5"
"pnt","3","2","5"
"pnverma34","3","2","5"
"po_npatroller69","2","3","5"
"pobjahbv","1","4","5"
"pocetnik32","3","2","5"
"podlylech","2","3","5"
"podolskichess4","3","2","5"
"Podresov_Andrey1953","2","3","5"
"Pogo_123","3","2","5"
"pohoda_1966","3","2","5"
"Pokachu","2","3","5"
"pokerface108","3","2","5"
"polasky","3","2","5"
"Polin_Happ","2","3","5"
"Polina113","3","2","5"
"Polis27","2","3","5"
"PolishDefense","1","4","5"
"Polozzy","3","2","5"
"Poluektov_Maksim_Brs","3","2","5"
"polymati","3","2","5"
"ponnapalli","3","2","5"
"ponygirl","3","2","5"
"Ponz01","3","2","5"
"pooyanaligol","3","2","5"
"PoP19","3","2","5"
"Pop46","2","3","5"
"Popcorn_Man4719","2","3","5"
"Popeonr","2","3","5"
"PopeyeTheSailorMan","2","3","5"
"Popov39","1","4","5"
"popper1920","3","2","5"
"popsmokedrill","3","2","5"
"poptony","3","2","5"
"Porfis","2","3","5"
"porok_27","3","2","5"
"poros66","2","3","5"
"port12","3","2","5"
"Portoos","1","4","5"
"portre57","2","3","5"
"Post_It","3","2","5"
"postMalone5","2","3","5"
"poszukiwacz","3","2","5"
"pot1212","2","3","5"
"Pota1","3","2","5"
"potato414","3","2","5"
"potdarsourabh100","3","2","5"
"Potter10","3","2","5"
"pouria_mr945","3","2","5"
"poussy1960","2","3","5"
"PowerChessUSA","3","2","5"
"poyel01","3","2","5"
"Poyrazz67","3","2","5"
"pozibroz","3","2","5"
"Pozolito08","2","3","5"
"ppaparassa","3","2","5"
"ppd87","2","3","5"
"ppplllucarelli94","3","2","5"
"Pr_X","2","3","5"
"pr25pedro","2","3","5"
"pr8meshii","2","3","5"
"Prabhudev333","3","2","5"
"prabir","3","2","5"
"Practise23","2","3","5"
"Pradeeepps","2","3","5"
"Pradprdy","2","3","5"
"PragueChessing","3","2","5"
"Praimo","3","2","5"
"praiseseban","3","2","5"
"Pranav2008","3","2","5"
"PranavDRakesh","2","3","5"
"Praneshvikas","3","2","5"
"Pranv2012","2","3","5"
"PRASAD009","4","1","5"
"prasad2112","3","2","5"
"prasadpalase","2","3","5"
"PrasanthKumar","3","2","5"
"Prasen321","3","2","5"
"Prash_jha","2","3","5"
"prashant_29","4","1","5"
"prashanto5434","3","2","5"
"prasoonp26","3","2","5"
"prathyoonalpha","2","3","5"
"Prathyush1234","3","2","5"
"Pratz97","3","2","5"
"PredatoryMink","1","4","5"
"preetam28","3","2","5"
"preidmoreau","3","2","5"
"premium-mytal","3","2","5"
"prempandit","1","4","5"
"Prengg","4","1","5"
"prepod_spb","2","3","5"
"prerana37","2","3","5"
"PresidentMorris","2","3","5"
"PressPlayKDNK","2","3","5"
"pressure-974","2","3","5"
"PRHMro","2","3","5"
"prih1964","2","3","5"
"prince02827","3","2","5"
"PrinceCharles1","2","3","5"
"Prirodowed","2","3","5"
"Pritam000007","2","3","5"
"Priyanshu0","2","3","5"
"priyat2c","2","3","5"
"PriZrak900","3","2","5"
"pro100Rival","3","2","5"
"proctovladimir","2","3","5"
"prodthl","4","1","5"
"Professor_Cesar1","2","3","5"
"professor370","2","3","5"
"ProkhorTroshin","2","3","5"
"Prokop1952","3","2","5"
"proksj","2","3","5"
"Prolificjordan","3","2","5"
"Pronkin_Nikolay","3","2","5"
"prosto_chelloveck","2","3","5"
"Prostokishin","3","2","5"
"Protobobr","3","2","5"
"prrostoD","2","3","5"
"prshntchauhan78","3","2","5"
"PS_RPSV_Rajapaksha","2","3","5"
"PSKBL","3","2","5"
"psmohanan","3","2","5"
"PStanislavp","3","2","5"
"PSTDDT","1","4","5"
"psweeter","2","3","5"
"psychbucket","3","2","5"
"PsycHo5561","2","3","5"
"Psychros","3","2","5"
"PT101","2","3","5"
"ptclEx","4","1","5"
"Pthaloskies","3","2","5"
"PtitFilouTubs","3","2","5"
"Pu-celle","2","3","5"
"PUBGER2010Kosta","2","3","5"
"pucheroargentino","3","2","5"
"Puck1992","2","3","5"
"Pugal_0407","3","2","5"
"pulsepulse","3","2","5"
"Pulur","3","2","5"
"Puma_RJ","2","3","5"
"PumAr2022","2","3","5"
"pumarejos","1","4","5"
"PUMPKIN6789","3","2","5"
"pumuky72","3","2","5"
"Punta2","3","2","5"
"pupajusang01","3","2","5"
"pupcupkitkat","3","2","5"
"purki68","2","3","5"
"PurpleCatt","2","3","5"
"purplemello","3","2","5"
"Pushpakumpawat","2","3","5"
"Puthan1964","4","1","5"
"PVaidehi","2","3","5"
"PVI76","2","3","5"
"pvphossam","3","2","5"
"pvpzaural","3","2","5"
"pvr2acar","3","2","5"
"PVT1958","1","4","5"
"Pwaveno","2","3","5"
"pystohin_mihail","3","2","5"
"Q8One","2","3","5"
"qaidhariz0808","2","3","5"
"qaysmofleh2","3","2","5"
"Qc74","4","1","5"
"qer_q90","2","3","5"
"qger","2","3","5"
"Qieruuw","2","3","5"
"qinweiZ","2","3","5"
"Qirur","3","2","5"
"Qishta","2","3","5"
"qjt001","1","4","5"
"qkback","3","2","5"
"qlz","3","2","5"
"QNI_MAITRANG2015","2","3","5"
"Quaan_312","1","4","5"
"quaerisinsole","2","3","5"
"quake2023","3","2","5"
"Qual-y-master","1","4","5"
"quangminhhh2013","2","3","5"
"quantentunnel","3","2","5"
"QuaresmaTrivela","3","2","5"
"queen11111","2","3","5"
"queen4321","2","3","5"
"QueenElisabeth5","2","3","5"
"queltizi66","3","2","5"
"quensgambitt","3","2","5"
"quentapole","1","4","5"
"Quentin831","2","3","5"
"quentysensus","1","4","5"
"quercusilex","2","3","5"
"Quet400mg","2","3","5"
"quickR","3","2","5"
"QUINTANARAMONHUGO","1","4","5"
"QuiQuattro","2","3","5"
"Quo1eksult","3","2","5"
"quseynov","2","3","5"
"qwase","3","2","5"
"qwc123","2","3","5"
"Qwed33","3","2","5"
"qwer68","3","2","5"
"Qwertpoi","2","3","5"
"QwertyIll","2","3","5"
"qwertyuiop11","3","2","5"
"Qwertyyy_83","2","3","5"
"Qxz1","2","3","5"
"QYcRV","2","3","5"
"Qytc","3","2","5"
"qz2","3","2","5"
"r_a_m","2","3","5"
"R_agro123","3","2","5"
"r_d_w","2","3","5"
"r_khalitov","3","2","5"
"R_mm3631","2","3","5"
"R_RUIZ","2","3","5"
"R_US","3","2","5"
"R_zull","4","1","5"
"R-Pezeshki1066","3","2","5"
"r00r00r","3","2","5"
"r0dr","3","2","5"
"r0mar03881","4","1","5"
"r1LLEEEE","2","3","5"
"r2702pul","3","2","5"
"R3499","3","2","5"
"r3nj2tnj2","2","3","5"
"r4m71n","3","2","5"
"R971","4","1","5"
"ra_rajabi1395","3","2","5"
"raaes","2","3","5"
"rabani67","3","2","5"
"Rabarpa","3","2","5"
"Rabecov","2","3","5"
"Rabelaisien","3","2","5"
"rabukabu","3","2","5"
"rach10","2","3","5"
"RachelCMY","2","3","5"
"rad1396","3","2","5"
"Rad79","3","2","5"
"radagast912","2","3","5"
"RadaNasu","3","2","5"
"radekspurny","2","3","5"
"Radevic","2","3","5"
"radevon","1","4","5"
"radicaljacky3","2","3","5"
"RadiDon","2","3","5"
"radioversum","4","1","5"
"RADJAH","4","1","5"
"Raduga8","3","2","5"
"Radunkulus","2","3","5"
"Radwanachour","2","3","5"
"radwinab","2","3","5"
"raed_mohammed","3","2","5"
"raeed994","1","4","5"
"raetrakt","3","2","5"
"Rafa_2306","3","2","5"
"rafael_37818","1","4","5"
"Rafael1509","2","3","5"
"rafael1811","3","2","5"
"RafaelEru","3","2","5"
"RafaelRHessel","2","3","5"
"Rafahi","2","3","5"
"RafalTertel","3","2","5"
"Rafantel18","2","3","5"
"rafelalam","2","3","5"
"Rafiiik","3","2","5"
"ragchaasuren1973","2","3","5"
"Rage_666","3","2","5"
"Rage77","2","3","5"
"rageagainst111","3","2","5"
"Raghav_BlazeX","3","2","5"
"ragn00","2","3","5"
"Ragnar_Lordbrok","2","3","5"
"RaguedaR","2","3","5"
"ragutierrez","2","3","5"
"Rahab","3","2","5"
"RahafPotato2","4","1","5"
"rahahaghighimehr","3","2","5"
"rahan314","2","3","5"
"Rahil1256","2","3","5"
"Rahil1808","3","2","5"
"Rahimar","3","2","5"
"rahman_270","3","2","5"
"rahmaninof","2","3","5"
"Rahmannazari2020","2","3","5"
"rahmany84","2","3","5"
"RahmiCN","3","2","5"
"rahoveci","2","3","5"
"rahul_sriram","3","2","5"
"rahul1787","2","3","5"
"Rahul2592","4","1","5"
"Rahulbaldeo","2","3","5"
"rahulpray","3","2","5"
"rahutheketu","3","2","5"
"Raiavochess","3","2","5"
"Raid1212","3","2","5"
"Raidenthashocka","3","2","5"
"Rain77733","3","2","5"
"RainbowHole","2","3","5"
"Rainer1705","1","4","5"
"rainmaker1356a","2","3","5"
"rainsdeeps","2","3","5"
"RaistlinX","2","3","5"
"Raj_Gowtham","3","2","5"
"rajagandhimathi","3","2","5"
"rajanish69","2","3","5"
"RajelTounsi","3","2","5"
"Rajesh_sain","2","3","5"
"RajeshTilante","1","4","5"
"Rajil-123","2","3","5"
"Rajin93","2","3","5"
"RajinderGill82","3","2","5"
"Rajkumar888","3","2","5"
"Rajl_turbo","2","3","5"
"RajveerGaikwadabc","2","3","5"
"rajwaghmare","3","2","5"
"rakanishuiv","3","2","5"
"raki52","2","3","5"
"raklei10","3","2","5"
"RakottKratok","2","3","5"
"ralex2010","2","3","5"
"Ram_490","3","2","5"
"Ram_Charan_Sai","2","3","5"
"Ramal1286","3","2","5"
"rambala","3","2","5"
"ramchandra786","3","2","5"
"rameldin","2","3","5"
"Ramesh050885","3","2","5"
"rameshdhyani","2","3","5"
"Ramidin71","3","2","5"
"Ramil2912","1","4","5"
"RamilVildanov","3","2","5"
"ramlisilalahi","3","2","5"
"ramos020","2","3","5"
"ramtincv","3","2","5"
"ramya254","2","3","5"
"randompikmin","3","2","5"
"RandomUser272","3","2","5"
"Randomvivek","2","3","5"
"randopony","2","3","5"
"randper","3","2","5"
"Randy-Alnimri","3","2","5"
"Randy44","2","3","5"
"randy75078","3","2","5"
"RandyNgubane","2","3","5"
"Rang2022","3","2","5"
"ranjankunwar","3","2","5"
"Rapaso2qe","2","3","5"
"Raph9696","2","3","5"
"RaphaelGrass","2","3","5"
"Rapid_nOOb_JJ","2","3","5"
"raquazaa","2","3","5"
"rarate","3","2","5"
"Rarity97","2","3","5"
"RArturo52","2","3","5"
"Raseka080","3","2","5"
"Rashid_58","2","3","5"
"rashomonac","2","3","5"
"Rasool1994","2","3","5"
"rasoolmehri","2","3","5"
"Raspbear","3","2","5"
"rastafarel","2","3","5"
"Rastegaev37","3","2","5"
"Rasyoneladam","3","2","5"
"rat_rull","2","3","5"
"RATATATA2334","3","2","5"
"Rateb1000","3","2","5"
"Ratsuhevonen","2","3","5"
"RattyRusty1","3","2","5"
"RaulAlbertoGarza","2","3","5"
"RaulDiego","2","3","5"
"Rauleonardo","3","2","5"
"RaulMontesaLopez","3","2","5"
"Raultriatlon","2","3","5"
"RaV_PL","2","3","5"
"ravataletanu","3","2","5"
"ravilzm","2","3","5"
"Ravindrakapsikar","1","4","5"
"RawadKaws","2","3","5"
"Raxor85","2","3","5"
"raya_01","3","2","5"
"Rayan_Zamzami","3","2","5"
"rayen5577646","1","4","5"
"RaYsUpErSoNiC_x_1234","2","3","5"
"Rayyan7","3","2","5"
"razcvet","2","3","5"
"RBarba19","4","1","5"
"Rbunjaku","3","2","5"
"RCEC","2","3","5"
"rchristiephotos","2","3","5"
"rcsatranckuzeygemici","2","3","5"
"rdaxs","3","2","5"
"RDCO","2","3","5"
"rdorje_aabrug","2","3","5"
"RDukhanin","2","3","5"
"re4unmi","3","2","5"
"reachabc","3","2","5"
"Ready_AbMd","4","1","5"
"RealAmogus","2","3","5"
"realbardia","2","3","5"
"Realbrainycat","2","3","5"
"Realgeneral47","2","3","5"
"realmadrid14uclt","3","2","5"
"realmatrice","4","1","5"
"realrealbabael","1","4","5"
"realtalkwithjohn","2","3","5"
"Recavallo","2","3","5"
"RECB","3","2","5"
"receipt","2","3","5"
"RECESVINTO2400","3","2","5"
"red_wedge","2","3","5"
"Red-Army-Moscow","3","2","5"
"Reda0000","3","2","5"
"redisrf","3","2","5"
"redLynel","3","2","5"
"RednaxelaDaip","3","2","5"
"reeka6d12929","2","3","5"
"Reen99","3","2","5"
"refatoooov","2","3","5"
"Reff2541","3","2","5"
"Reflect_MamAd","2","3","5"
"Regenbogenzweihorn","2","3","5"
"Reggaeshark","3","2","5"
"ReGGi9616","3","2","5"
"REGIBAY","3","2","5"
"regisnato","2","3","5"
"rehalson221B","4","1","5"
"reidelares","2","3","5"
"reilannnn","2","3","5"
"ReimerBosMareridt","3","2","5"
"Reinier24","3","2","5"
"Reinu_Solo","3","2","5"
"Reis178","3","2","5"
"Rejisser","2","3","5"
"rejivr","3","2","5"
"RekinD","2","3","5"
"RelaxoSeinSohn","3","2","5"
"relyaure","2","3","5"
"REMAZANNN","2","3","5"
"REMES","2","3","5"
"Remyrul","3","2","5"
"renanbos","3","2","5"
"Renat3","2","3","5"
"renataeirlys99","2","3","5"
"Renatocosta","2","3","5"
"rencber","3","2","5"
"Rene2604","2","3","5"
"renekodric","2","3","5"
"Renetorrez_3","1","4","5"
"renkyojuro","2","3","5"
"Renniero_089","3","2","5"
"Renttix","2","3","5"
"Renuka74","2","3","5"
"Renz_aclan","3","2","5"
"renzovski","3","2","5"
"Reperation","3","2","5"
"rephilo","2","3","5"
"REPI-PALMISTE","2","3","5"
"Replik9","3","2","5"
"repmah","3","2","5"
"Resbour","3","2","5"
"Reshala_O","2","3","5"
"respectchess","3","2","5"
"ResRem","2","3","5"
"resul_5d","2","3","5"
"ResulYavuncu","3","2","5"
"RetiNuryi","3","2","5"
"retirey","1","4","5"
"retiwhite","3","2","5"
"retofficial","1","4","5"
"reunie","3","2","5"
"REVEX04","2","3","5"
"Revox30","2","3","5"
"Rey_Del_Ajedrez-2022","2","3","5"
"Rey_sin_cruz","2","3","5"
"rey57","2","3","5"
"Reyaansh-1_Agarwal","3","2","5"
"Reynaldoxwxw","3","2","5"
"ReyPre","3","2","5"
"Reza_hasani","2","3","5"
"Reza_mm","3","2","5"
"reza0085","2","3","5"
"reza322400","2","3","5"
"Rezabashoo","3","2","5"
"rezagoodarzi123","2","3","5"
"rezdarzerya","3","2","5"
"rgishere","2","3","5"
"Rgmgl111","3","2","5"
"Rhemauson","3","2","5"
"riad_mohammad","3","2","5"
"riadma","3","2","5"
"Rianna13","2","3","5"
"Riardo","2","3","5"
"Ribeiro1407","3","2","5"
"Ricado","2","3","5"
"RicardoAfonso75","2","3","5"
"RicardoFisher","3","2","5"
"ricardoribbeiro","4","1","5"
"ricdemat","2","3","5"
"richa_12","1","4","5"
"Richard-2014","2","3","5"
"RichieTbaum","3","2","5"
"richjazz91","3","2","5"
"Richtl","3","2","5"
"Rickroll007","2","3","5"
"RickySpanish69","3","2","5"
"ricmx","3","2","5"
"ridaltojekrut2007","3","2","5"
"ridayrudra","2","3","5"
"Riddhi2007","2","3","5"
"Riderchess","2","3","5"
"ridhaammmm","2","3","5"
"Riemersma9","2","3","5"
"RihaanJohann","1","4","5"
"rijeshdivarna","3","2","5"
"rileazy56","2","3","5"
"Riliki","1","4","5"
"rimhel","3","2","5"
"Rimon111","4","1","5"
"rimonroshdy","3","2","5"
"rinat8181","3","2","5"
"rinfinite","4","1","5"
"RINGELOTHWALTER","2","3","5"
"ringerhut","3","2","5"
"rino11","2","3","5"
"riodor","3","2","5"
"RioFC","3","2","5"
"Riolet","3","2","5"
"Rionegro_02","2","3","5"
"Ripuji","3","2","5"
"Risal123","2","3","5"
"Risal41","3","2","5"
"rishaan_16d","4","1","5"
"rishabhnbhaagat","3","2","5"
"Rishi0000777","4","1","5"
"rishibw","2","3","5"
"Rishinzayn","2","3","5"
"rishiss","2","3","5"
"Rishubh_Rastogi","3","2","5"
"risi4","3","2","5"
"risingsilver2021","2","3","5"
"RISKI06","1","4","5"
"rithikpandya007","2","3","5"
"ritiksachdev","2","3","5"
"ritu05","3","2","5"
"RiverRun30","2","3","5"
"rivoe","3","2","5"
"Rix26","1","4","5"
"Riyazkhan","1","4","5"
"rizq112SRIIPUJ","3","2","5"
"rizzvik","2","3","5"
"rjg","3","2","5"
"rjmaf","3","2","5"
"rjmclachlan","2","3","5"
"rjrajat17","2","3","5"
"RJtina","2","3","5"
"rk2177","3","2","5"
"Rkamaei7","1","4","5"
"rkloch","1","4","5"
"rllybd69","2","3","5"
"Rm_55235523","2","3","5"
"rmilin","2","3","5"
"RMK06","2","3","5"
"Rmnds61","3","2","5"
"rmurad2","2","3","5"
"Roark808","3","2","5"
"Rob310","3","2","5"
"robel_mousa","3","2","5"
"Robert_9","3","2","5"
"Robert_Halse","3","2","5"
"RobertCCH","2","3","5"
"Roberthetman","3","2","5"
"robertomc","2","3","5"
"robertormontemayor","3","2","5"
"robertrovix02","2","3","5"
"robika2010","4","1","5"
"robinmathin2014","3","2","5"
"RobinOfLocksley","2","3","5"
"robisrob","2","3","5"
"Roblominmus","1","4","5"
"roboboto","3","2","5"
"robot731","3","2","5"
"ROBSONeGOMES","3","2","5"
"robuy","3","2","5"
"rocavall","2","3","5"
"rocchi","2","3","5"
"roccya5","3","2","5"
"Rochanna","3","2","5"
"rocopiedra01","2","3","5"
"rocriso","3","2","5"
"RodeBose","2","3","5"
"rodericodidaci","1","4","5"
"Rodion_Bazavov","4","1","5"
"RoDionfat","2","3","5"
"Rodjie","2","3","5"
"Rodmikaya","2","3","5"
"Rodnightchuck","2","3","5"
"RodolfoLassparri","2","3","5"
"RodolfoPanquecas","2","3","5"
"Rodosto","3","2","5"
"Rodrigo245","1","4","5"
"rodrigocostella","3","2","5"
"RodrigoRL","3","2","5"
"rodrigovalda","2","3","5"
"Roe_85","3","2","5"
"RoFernandes","3","2","5"
"roger-cirelli","2","3","5"
"Roger2023rttc","2","3","5"
"rogerioeliteleste","3","2","5"
"rogermunoz010","2","3","5"
"RogerTico","3","2","5"
"rohitgharat","4","1","5"
"rohith_gummaraju2079","3","2","5"
"Rohith369","3","2","5"
"rohitkhandare","3","2","5"
"rohitshah84","3","2","5"
"Rojas-Chess17","1","4","5"
"Rolex_Spidey","3","2","5"
"rolfus4711","3","2","5"
"rollandjf","4","1","5"
"RollingWeed","3","2","5"
"Rollinss","2","3","5"
"roloman","2","3","5"
"rolyzrt","3","2","5"
"Rom1a","3","2","5"
"Roma1985","3","2","5"
"Roma667","3","2","5"
"RomainMarie","3","2","5"
"Roman_sever","2","3","5"
"roman1187","2","3","5"
"ROMAN69tver","3","2","5"
"Romanh5","3","2","5"
"RomanMaslov","3","2","5"
"RomashovK","3","2","5"
"rombaj","3","2","5"
"Romi92","3","2","5"
"romigamboa13","3","2","5"
"romukas1","2","3","5"
"RoMurphy","2","3","5"
"Ronaldorr","3","2","5"
"RonaldWoodstock","3","2","5"
"ronaqmhd14","2","3","5"
"roncaglia","3","2","5"
"RONERO54","2","3","5"
"Ronika2010","2","3","5"
"Ronnie_x_Frown","3","2","5"
"ronoahzorro","2","3","5"
"ronofir","3","2","5"
"ronranejk","3","2","5"
"ronyab","2","3","5"
"roofusvijayan123","3","2","5"
"rookh_shah","3","2","5"
"rooki1e","2","3","5"
"Rookieian","3","2","5"
"rookiemistake28","3","2","5"
"rookking1","3","2","5"
"rootestar","3","2","5"
"rorybr","2","3","5"
"rosanakeil","3","2","5"
"RoseSaunders","3","2","5"
"RosettenRonny","3","2","5"
"RoshanTal","2","3","5"
"RossGambit","4","1","5"
"RossioChess","2","3","5"
"rostaross","4","1","5"
"rotiSIR","2","3","5"
"Rottenstein","2","3","5"
"roubos21","2","3","5"
"Roudidou","3","2","5"
"Rounder3989","2","3","5"
"Roy606","3","2","5"
"RoyalBangal","3","2","5"
"royalgermanknight","3","2","5"
"royalkerimli466","2","3","5"
"RoyalWaffle","2","3","5"
"rozen_SHINKU5_Crimso","3","2","5"
"Rozerz","2","3","5"
"Rozkolora","3","2","5"
"Rozkurwiator323","2","3","5"
"RPabloGa","3","2","5"
"Rpgb","3","2","5"
"RPRishon_Dharmasena","1","4","5"
"rr_jadhav","3","2","5"
"rreutzel","3","2","5"
"rrrous33","1","4","5"
"rruussllaann","3","2","5"
"RSdC","1","4","5"
"rspcircot","4","1","5"
"rsq96","2","3","5"
"rsree007","2","3","5"
"rstychess2015","3","2","5"
"Rtrtfreshujk","2","3","5"
"rtvdtrh","3","2","5"
"RTzGY","3","2","5"
"rtzur","2","3","5"
"Ru186rus","3","2","5"
"rubaina123","3","2","5"
"ruben11131","2","3","5"
"RuBenCoteLeSso","2","3","5"
"RubenReyes2024","3","2","5"
"RubiZockt","3","2","5"
"Rubon","3","2","5"
"Ruchey1801","3","2","5"
"rudil","3","2","5"
"rudiPell","3","2","5"
"rudivilgelm","2","3","5"
"Rudra-Epili","3","2","5"
"Rudra2018","2","3","5"
"RudyPierianFox","2","3","5"
"ruff420","2","3","5"
"rufus124","1","4","5"
"Ruhani2022","3","2","5"
"ruifilho","2","3","5"
"rumans","3","2","5"
"Rummsbumms","2","3","5"
"rumpilshtraus","1","4","5"
"Runway_26L","3","2","5"
"Runy777","3","2","5"
"Rusall","2","3","5"
"Rushi_10","3","2","5"
"Ruslan_Brat","2","3","5"
"Ruslan17don","3","2","5"
"Ruslan280714","3","2","5"
"Ruslan73","3","2","5"
"RuslanZeidorf","2","3","5"
"ruslidgaming","2","3","5"
"Russell95","2","3","5"
"Russian_Ceasar","3","2","5"
"Russians_the_best","3","2","5"
"Russiantc","3","2","5"
"Rustem1965","3","2","5"
"rusty42","3","2","5"
"RustyBorz","2","3","5"
"Ruta40","3","2","5"
"Rutoke124s","3","2","5"
"RuturajjPatil","4","1","5"
"ruy453","3","2","5"
"ruzgarcaglayan","3","2","5"
"Rvilche7","3","2","5"
"rvslakshmi64","2","3","5"
"ryabkomv","3","2","5"
"Ryan_Jacob","2","3","5"
"Ryan4bruh","3","2","5"
"ryanhughes","2","3","5"
"RyanOde","3","2","5"
"rydcher","2","3","5"
"Ryejel","3","2","5"
"RyguyOo","3","2","5"
"Rykan59","2","3","5"
"RyoHamilton","3","2","5"
"RyszardKolacz1960","2","3","5"
"Rytas12","2","3","5"
"RyuuChess","2","3","5"
"rzmosleh","1","4","5"
"rzzky","3","2","5"
"S-Rey","3","2","5"
"S1945","3","2","5"
"S1F30","3","2","5"
"S1mple_User","3","2","5"
"s3cr37","2","3","5"
"S45Kahya","3","2","5"
"S4M0707","2","3","5"
"S4YOK","2","3","5"
"SA-29","3","2","5"
"Saaanu_01","3","2","5"
"Saadakbar148","4","1","5"
"SaadPlayssD4","2","3","5"
"Saahil93","3","2","5"
"saanchimarwah","2","3","5"
"saathvikkrishnan","2","3","5"
"sabaa77","3","2","5"
"sabahathalie","3","2","5"
"saban12345","3","2","5"
"sabhi2020","2","3","5"
"SABHZoya","2","3","5"
"sabiadaw","2","3","5"
"sabirrajabov","2","3","5"
"SaboPashaAdamdir","2","3","5"
"SABRUNETE","3","2","5"
"Sabufuri","3","2","5"
"sabusbiji","3","2","5"
"saccottino23","3","2","5"
"SACHARIC","2","3","5"
"Sachin_23","1","4","5"
"Sachinnaykk","3","2","5"
"SachMush","2","3","5"
"sachosta","3","2","5"
"sachuzzz","3","2","5"
"SackAttack81","2","3","5"
"sacrifice_thePAWN","2","3","5"
"Sad68","3","2","5"
"Sadaep","1","4","5"
"sadashiba16rta","3","2","5"
"Sadegh_13_63","3","2","5"
"Sadegh2ooo","2","3","5"
"sadeghi28","2","3","5"
"sadikk03","3","2","5"
"Sadikkeloth","2","3","5"
"sadmilk","2","3","5"
"Sadra-tchamani","2","3","5"
"Sadykkk","3","2","5"
"Sadyushka","3","2","5"
"saeed_khan_good","2","3","5"
"saeed200517","2","3","5"
"saeed309","3","2","5"
"Saeid07","1","4","5"
"saeidmd","3","2","5"
"saepultea28","2","3","5"
"SAF_61","4","1","5"
"safari-Amirko","2","3","5"
"safetymarsy","3","2","5"
"Safiah_MZamri","2","3","5"
"Safiyya_Nabiha","3","2","5"
"safwan9195","3","2","5"
"Saggara","2","3","5"
"Saghar1994","2","3","5"
"sagharkhadem","1","4","5"
"Saghira","2","3","5"
"Sagi2011","2","3","5"
"sagnikdg","1","4","5"
"saha_chittaranjan","3","2","5"
"sahgon","3","2","5"
"sahil_noob99","2","3","5"
"Sahil25012012","2","3","5"
"sahismail62","2","3","5"
"Sai_Jitesh_LAS_7A","3","2","5"
"sai_tanuj","3","2","5"
"SAibekov30122014","2","3","5"
"saidachar","3","2","5"
"Saidgamal7","3","2","5"
"saiiiiia","1","4","5"
"sailfast","3","2","5"
"sailor29","3","2","5"
"saimutku","2","3","5"
"Sainkhuu","3","2","5"
"Saint_Ciappelletto","3","2","5"
"Saintilan","2","3","5"
"sairajdhane_07","2","3","5"
"saithaneeshlave","3","2","5"
"saitkutsi","3","2","5"
"sajadahmed9","2","3","5"
"sajalboss99","3","2","5"
"sajjad224","3","2","5"
"SajjadTal","3","2","5"
"Sakaki_1","2","3","5"
"SAKETH_the_PSYCHO","2","3","5"
"saketh0216","3","2","5"
"saksakiye","2","3","5"
"sakulin_oleg","3","2","5"
"Saladinha23","2","3","5"
"salahwannousa","2","3","5"
"salama77","2","3","5"
"Salapatas97","1","4","5"
"Salberk","4","1","5"
"salehanasr","2","3","5"
"Salem_503","3","2","5"
"SalemKW","2","3","5"
"salihsezgin","2","3","5"
"salim5807","3","2","5"
"Salimla","3","2","5"
"salimpalakkal","1","4","5"
"salllass","2","3","5"
"Salman_Adzhibaev","3","2","5"
"Salman_Iqbal","2","3","5"
"salo82","3","2","5"
"salomon19-54","2","3","5"
"Salthopper","3","2","5"
"Saltykov_Mark","3","2","5"
"Salukv","3","2","5"
"SalvadorReyG","2","3","5"
"SalvatoreSpinello","2","3","5"
"Sam-Shariat","3","2","5"
"sam122eol","3","2","5"
"Sam227","3","2","5"
"sam2405","2","3","5"
"sam3target","3","2","5"
"Sam573","3","2","5"
"SamAblitt20","3","2","5"
"Samagace69","2","3","5"
"samakikali","2","3","5"
"samanfathipour","2","3","5"
"SamArch00","2","3","5"
"samarthsewlani","3","2","5"
"samarthwagh22","2","3","5"
"sambassett","2","3","5"
"sambist","1","4","5"
"samedtrix","2","3","5"
"sameerh","3","2","5"
"SamehEzat","3","2","5"
"samer7890","2","3","5"
"SamerThePoet","2","3","5"
"SAMET_2828","2","3","5"
"Sametahayata","3","2","5"
"Sami_pkv2022","3","2","5"
"Samilux11","3","2","5"
"Samiul_Islam2200","1","4","5"
"samiurxovan","3","2","5"
"samjo24","3","2","5"
"SamlCv","3","2","5"
"sammacy","3","2","5"
"sammer51","3","2","5"
"sampathmaestro","2","3","5"
"Sampathmalsekar11","3","2","5"
"SamPeck75","2","3","5"
"SamsonAgonistes77","3","2","5"
"Samuee_Seyoum","2","3","5"
"Samuel_montenegro","3","2","5"
"Samuel_Thomas","2","3","5"
"SamuelAbrl","3","2","5"
"samuelpanjaitan","2","3","5"
"SamuilPro","3","2","5"
"samuka22","2","3","5"
"Samurai_spaceship","2","3","5"
"Samurai9650","3","2","5"
"Samvelik","3","2","5"
"SamyPotato","3","2","5"
"sanarocks24","2","3","5"
"Sanchito33","1","4","5"
"Sancho1987","3","2","5"
"sanclementemike","2","3","5"
"Sandarualuthge","2","3","5"
"sandflying","2","3","5"
"sandhyagoachamp","3","2","5"
"sandyapriliady48","2","3","5"
"sanepa05","3","2","5"
"sanfer1955","2","3","5"
"sangoku888","2","3","5"
"sangokussj5","3","2","5"
"Sangria_1","2","3","5"
"Sani_Ch","3","2","5"
"sanilogc21","2","3","5"
"Sanjay1107","2","3","5"
"SanjayBanra","2","3","5"
"Sanjaypatankar","3","2","5"
"sanjayraturi2019","2","3","5"
"Sanjeev_Kumar_V","2","3","5"
"sanjoychess","2","3","5"
"Sankalpp","1","4","5"
"sanskar2446","3","2","5"
"santhunderheart","3","2","5"
"Santinovb","2","3","5"
"santosamaral","2","3","5"
"Santosdomingos0273","2","3","5"
"sanu205","3","2","5"
"Sanyaa2023","3","2","5"
"saparrrr","4","1","5"
"saplama","3","2","5"
"SAPPHIRE7799","2","3","5"
"SapreSharvil","2","3","5"
"Saqlain27","2","3","5"
"sara_262","3","2","5"
"sara1912","2","3","5"
"Saraba","3","2","5"
"sarabowiies","3","2","5"
"saracmunip","2","3","5"
"Sarah_nasersaeid","3","2","5"
"SaraMekki","3","2","5"
"sarane23","2","3","5"
"Sarangi123","4","1","5"
"sarangknaik","3","2","5"
"Saranil","2","3","5"
"Saratal","2","3","5"
"Sarathchand","4","1","5"
"saravanan_chess-1050","2","3","5"
"Sarbajit99","3","2","5"
"SARDARRAZAVI1356","2","3","5"
"sardonico","4","1","5"
"Sardorbek_yuldashev","2","3","5"
"SARDOS","3","2","5"
"Sardura19","1","4","5"
"sari34","3","2","5"
"sari3512","3","2","5"
"saritawachangein","2","3","5"
"sarooz021","1","4","5"
"SARSANSERTSOPA","2","3","5"
"Sarumyan85","2","3","5"
"Sarvagya_7300","3","2","5"
"SarveshNaik","2","3","5"
"sarvessh2020","3","2","5"
"sarvodayasingh21","3","2","5"
"sasasohan","3","2","5"
"Sasha_Gusev2006","2","3","5"
"Sasha_Mirz","3","2","5"
"SASHA_misha","2","3","5"
"SashaKrasitskii","2","3","5"
"sashamozet","1","4","5"
"SashaN-1","3","2","5"
"sashok25","2","3","5"
"sasorti","3","2","5"
"sasquatch_feet","3","2","5"
"sasuke049","2","3","5"
"sataman","2","3","5"
"Sathish_Antony","2","3","5"
"Sathiya003","3","2","5"
"sathuzurkent33","1","4","5"
"Sathwik005","2","3","5"
"Satranc_Dostu","3","2","5"
"SatrancGrkn","3","2","5"
"satrancsever5","2","3","5"
"satsirorret","3","2","5"
"satya6046","3","2","5"
"Satyajitsarkar1984","3","2","5"
"satyateja","2","3","5"
"SatyriconAndCo","2","3","5"
"saucepan47","3","2","5"
"SaucePOUTINE","2","3","5"
"SaulE10","3","2","5"
"saurabhravi1","3","2","5"
"Saurav_anand","4","1","5"
"Saurav1818","3","2","5"
"Sauvage90","3","2","5"
"SavaChel","1","4","5"
"savic678","2","3","5"
"Savonos","3","2","5"
"SavosinArseniy","2","3","5"
"Savvasm8","3","2","5"
"SavvyInvestor007","3","2","5"
"SavvyNinjaMoose","3","2","5"
"Saya47","3","2","5"
"Sayagito","2","3","5"
"saycotes","3","2","5"
"Saydula34","3","2","5"
"SayedMahgoub1988","2","3","5"
"Sayfodios","3","2","5"
"saygilarbizden38","3","2","5"
"Sayidenrique07","2","3","5"
"sayuni2016","3","2","5"
"SazonovValek555","3","2","5"
"sbhalgotra","3","2","5"
"sbt88","3","2","5"
"SC2311","2","3","5"
"Scaglietti","3","2","5"
"Scalgero","3","2","5"
"Scanjos","3","2","5"
"ScarFace0560","2","3","5"
"scarfaceluu","2","3","5"
"ScarletHVM","2","3","5"
"Scarrington","2","3","5"
"sccnt","2","3","5"
"scenarist-rus","3","2","5"
"schaakpuzzel","2","3","5"
"Schach1600","2","3","5"
"Schachili","3","2","5"
"schadoow","2","3","5"
"Scherfi62","3","2","5"
"Schimmi180","3","2","5"
"Schinken15","3","2","5"
"schizzo71","3","2","5"
"Schleeeemo","4","1","5"
"Schnappi_Lasker","3","2","5"
"schoneys","3","2","5"
"Schreibnix","3","2","5"
"schrodingersjuicer","3","2","5"
"Schrottisttop","3","2","5"
"schwalm","4","1","5"
"scientist666","2","3","5"
"Scientist99God","2","3","5"
"Scirocco85","2","3","5"
"sckdh","2","3","5"
"SckrILGOD","3","2","5"
"scmcristobal12","3","2","5"
"scmk6","2","3","5"
"scotch51","4","1","5"
"ScotchWizard","3","2","5"
"scottryanyoung","2","3","5"
"SCPrague","3","2","5"
"SCRafael","2","3","5"
"Scribbledys","3","2","5"
"scruzz18","2","3","5"
"Scryer","3","2","5"
"sdeependra","2","3","5"
"SDementii","3","2","5"
"sdfsef","2","3","5"
"Seaman221","1","4","5"
"sean4you","3","2","5"
"Sean777","2","3","5"
"seanclimbs","2","3","5"
"SeanKimwiz","3","2","5"
"seanlin0105","3","2","5"
"seanpace","1","4","5"
"searchmajid","3","2","5"
"seb4stian14","2","3","5"
"SebaGiaretty","3","2","5"
"SebaNeira","2","3","5"
"sebas182006","2","3","5"
"Sebast22","2","3","5"
"sebastian045009","3","2","5"
"SebastianMejia_2009","2","3","5"
"sebastiansesam","2","3","5"
"Sebastien1974","3","2","5"
"Sebi1988","3","2","5"
"Sebobjk","2","3","5"
"sebtihad89","1","4","5"
"SecretaVictoria","4","1","5"
"seddigh962","2","3","5"
"sedrixca","2","3","5"
"seeyouinspace","3","2","5"
"sefa_cagri","3","2","5"
"segowap","3","2","5"
"seifelden10","2","3","5"
"seijioyanagi","2","3","5"
"sejfofficial","2","3","5"
"Seko50","3","2","5"
"Selam_1987","2","3","5"
"SelamiCh","2","3","5"
"seldianoiKOROL","2","3","5"
"self_discipline","2","3","5"
"self_made_king","3","2","5"
"Selfishgene49","3","2","5"
"SelimKasimoglu2017","2","3","5"
"Selrac08","2","3","5"
"Selvyn2011","2","3","5"
"SEMBISHOP","3","2","5"
"Semendorozkin","3","2","5"
"semicik17","3","2","5"
"Semir25","2","3","5"
"SemMax","3","2","5"
"Semprefalcone","2","3","5"
"Sengvvm76","2","3","5"
"senhordasarmas","3","2","5"
"Sensai_Goku","3","2","5"
"senthiluthra","3","2","5"
"Senuri2016","2","3","5"
"sepehrdarian","2","3","5"
"Seppo571","3","2","5"
"septimosello56","2","3","5"
"ser9br","3","2","5"
"SeraphimSans","2","3","5"
"serdade","2","3","5"
"serenaInWond","2","3","5"
"Serendip","3","2","5"
"Sergei_Kuban","2","3","5"
"sergei_semenov_s","3","2","5"
"Sergei_Vladimirovich","2","3","5"
"SergeiBRO","3","2","5"
"SergeiTsybulkin","3","2","5"
"Sergejkgggg","2","3","5"
"SergejW","2","3","5"
"SergeShilkin","2","3","5"
"Sergey_Artobolevskiy","2","3","5"
"Sergey_Fedyashkin","2","3","5"
"Sergey-1967","3","2","5"
"sergey1_1","3","2","5"
"Sergey171074","2","3","5"
"Sergey1976D","3","2","5"
"Sergey45Kourov","1","4","5"
"Sergeybatyrev_06","2","3","5"
"SergeyKhokhlachev","2","3","5"
"SergeyKro","2","3","5"
"Sergeyksv","3","2","5"
"sergeyostu","2","3","5"
"SergeySat","3","2","5"
"Sergeyvsk1981","3","2","5"
"sergeyxyz","2","3","5"
"sergeyy-patakih","1","4","5"
"SergiocoriA","3","2","5"
"SergioDest","3","2","5"
"sergkold","3","2","5"
"SergoTutberidze","2","3","5"
"sergsergserg","2","3","5"
"SergSt","3","2","5"
"sergyy","2","3","5"
"SerhiiBashyrov","2","3","5"
"Seriksadreev1957","2","3","5"
"Serikzhan1977","3","2","5"
"Serj885y","2","3","5"
"serkanckrr","3","2","5"
"SerkanEmreGuL","3","2","5"
"SernaDee","2","3","5"
"Serrad69","4","1","5"
"serrao","2","3","5"
"SerShiDen","3","2","5"
"ServeC0ld","3","2","5"
"servetq07","2","3","5"
"Servo_del_clemente","3","2","5"
"Serxo1976","2","3","5"
"Ses808","2","3","5"
"SESENIRI","2","3","5"
"SethMD","3","2","5"
"SetumoJr","2","3","5"
"setyowahyu23","3","2","5"
"Sevastian_Y","2","3","5"
"seven_watt","2","3","5"
"sevenchanger1986","4","1","5"
"sevensamurailizard","2","3","5"
"severin85","2","3","5"
"Severin9","4","1","5"
"sg2341","2","3","5"
"sg66","2","3","5"
"SGarrette","2","3","5"
"SGGE","2","3","5"
"sghindy","3","2","5"
"SGMJeenav01","3","2","5"
"sgole","2","3","5"
"SgukTheOgre","2","3","5"
"SH_alif","3","2","5"
"sh0wstoppr","3","2","5"
"shaaban222","2","3","5"
"ShaaravHaneesh","3","2","5"
"Shabayeff","3","2","5"
"shAbD580PRAtap","2","3","5"
"shabeerdesamangalam1","3","2","5"
"SHADOW_47","4","1","5"
"shadow_blow26","3","2","5"
"Shadow23124","3","2","5"
"Shadowblujay","3","2","5"
"ShadowKing_59","2","3","5"
"Shadowpuppy","2","3","5"
"shadyar","3","2","5"
"Shadyvic","2","3","5"
"shafee916","2","3","5"
"shafimcm","2","3","5"
"shah_baz","3","2","5"
"ShahAnawaz17","3","2","5"
"Shahbaz819","2","3","5"
"shahboz0702","2","3","5"
"shahedexe","2","3","5"
"shahharshil05","2","3","5"
"shahid36","4","1","5"
"Shahnmatenok7","3","2","5"
"shahram5773","2","3","5"
"shahryar49","2","3","5"
"ShahWarm","2","3","5"
"Shaighai","2","3","5"
"shailyshai228","2","3","5"
"shaka8420","3","2","5"
"shaker_new","3","2","5"
"shakib2022","2","3","5"
"ShakkiBro1999","2","3","5"
"shalini_dadhich_99","2","3","5"
"Shalygin7807","2","3","5"
"Sham70","3","2","5"
"Shamanth_15","3","2","5"
"shamim55","2","3","5"
"shamim7259","3","2","5"
"shamoncs","2","3","5"
"shankar03jadhav","2","3","5"
"shankshunt_42","2","3","5"
"Shanoru","2","3","5"
"shanta71","3","2","5"
"shaq_attaq","4","1","5"
"sharifi3956","3","2","5"
"Sharkhunt","2","3","5"
"sharkInLake","2","3","5"
"Sharkoooo","2","3","5"
"sharmabc","2","3","5"
"sharmap23","3","2","5"
"Shashank_Surin","1","4","5"
"shashmeister","2","3","5"
"shashwat20052005","3","2","5"
"shaunturek","3","2","5"
"shauryajunnarkar1","3","2","5"
"shauuryachess","3","2","5"
"Shaveen-Dalu","3","2","5"
"Shawdog","3","2","5"
"shayhlobeq","2","3","5"
"She_ur","2","3","5"
"Shebia","3","2","5"
"Sheefawy","3","2","5"
"Sheferstoun","2","3","5"
"Shegun1177","3","2","5"
"sheihab","2","3","5"
"ShengE4","3","2","5"
"ShennChess","2","3","5"
"SherlockLeo","2","3","5"
"shermann25","2","3","5"
"SherryWong","2","3","5"
"Sheschi","3","2","5"
"Shette","2","3","5"
"Shevy90Berlin","3","2","5"
"Shewon01","3","2","5"
"sheykhneyshabur","2","3","5"
"shhonarvar","3","2","5"
"Shhrmafshr93","3","2","5"
"shibanandadas","3","2","5"
"Shield_Maiden","4","1","5"
"shigeoM0B","2","3","5"
"shigeruuuu","1","4","5"
"shikamaru0","2","3","5"
"Shilja","2","3","5"
"Shimper","2","3","5"
"ShinMeister","2","3","5"
"Shire1878","3","2","5"
"Shiro0ugoku","2","3","5"
"shiva_sarswat_123","2","3","5"
"shivamkong","2","3","5"
"ShivamShiv","2","3","5"
"Shivangpawar3","2","3","5"
"shivashankar123","3","2","5"
"ShivaYogaJr","3","2","5"
"Shivsky","3","2","5"
"Shivv03","3","2","5"
"shleemthonson","2","3","5"
"shlok_surana","3","2","5"
"Shloky","2","3","5"
"Shmak88","2","3","5"
"shmomo001","3","2","5"
"shmsi2024","2","3","5"
"SHMT_OKU4446","3","2","5"
"shmuelgl","2","3","5"
"ShockButter","2","3","5"
"Shogenrua","3","2","5"
"Shoira12","3","2","5"
"shokoshokao","2","3","5"
"Shoppratsch","2","3","5"
"shordarji","2","3","5"
"Shott79","3","2","5"
"Shoukker","3","2","5"
"shox0324","3","2","5"
"Shoxsulton","3","2","5"
"shpeps","2","3","5"
"Shravanii_2326","3","2","5"
"shravankumarborate","3","2","5"
"ShresthV99","2","3","5"
"shreyansh191114","3","2","5"
"Shreyanshtiwari","2","3","5"
"Shreyas19","2","3","5"
"shreyb019","4","1","5"
"ShreyGadiya","2","3","5"
"SHRI07","2","3","5"
"shrinilaksha","2","3","5"
"Shriram07","3","2","5"
"Shrrikanish3016","3","2","5"
"shshshan","3","2","5"
"Shsl0312","3","2","5"
"shteme","1","4","5"
"Shtukun","3","2","5"
"ShuaibN","2","3","5"
"SHUBH2206","4","1","5"
"shubhaamD","2","3","5"
"shubham_upadhyay","3","2","5"
"shubhram1234","2","3","5"
"shubhsri45","3","2","5"
"shuchdarrell","3","2","5"
"Shuchman","3","2","5"
"Shuckbebe","3","2","5"
"Shuer","2","3","5"
"shuhratrax","2","3","5"
"Shusharu677","3","2","5"
"shyamol123","2","3","5"
"shyamssp","1","4","5"
"Shyev","4","1","5"
"shynie","3","2","5"
"Shyure179","3","2","5"
"si14444","2","3","5"
"sia9","3","2","5"
"Siavolf","3","2","5"
"SiavoshZarrasvand","2","3","5"
"sickluca","2","3","5"
"sicTe","3","2","5"
"sictorvanchez","3","2","5"
"Sid7781","2","3","5"
"siddhant_khetan","3","2","5"
"siddhantSxcccxs","3","2","5"
"Sidharthan11111","2","3","5"
"Sidney_casas","2","3","5"
"sidnydean","3","2","5"
"sidsourabh17","3","2","5"
"Sidvicious70","2","3","5"
"siebepie","2","3","5"
"Sigiammattei","2","3","5"
"Signorile","2","3","5"
"signxd","3","2","5"
"sigrun","3","2","5"
"Silentwalker29","3","2","5"
"Silva_J","3","2","5"
"Silver_Badger","1","4","5"
"silverine9","3","2","5"
"Silvioba","3","2","5"
"Silviorso","3","2","5"
"simanchala","2","3","5"
"Simao_Ribeiro","2","3","5"
"Simenesh","3","2","5"
"SimeunBL","3","2","5"
"Simfer_17","3","2","5"
"Simo_Mgl","3","2","5"
"simon789654","3","2","5"
"simonanomis75","3","2","5"
"simonqf11","2","3","5"
"Simpoverthis","3","2","5"
"SIMTOS102","2","3","5"
"Sinaabbasi1","3","2","5"
"sinaazar","3","2","5"
"sinan_55","3","2","5"
"Sinan_FIDE","3","2","5"
"sinanel","2","3","5"
"sindop","2","3","5"
"Sinethemba11","2","3","5"
"Singh1313","2","3","5"
"SinghKingSahab","3","2","5"
"SinghNiom","2","3","5"
"SINGHPRISHA123","2","3","5"
"sinisterxx","3","2","5"
"sinitsevchess","2","3","5"
"sintigo","3","2","5"
"Sinus314159","2","3","5"
"Siober","3","2","5"
"Sir_Lancelot0","3","2","5"
"Sir_troy_ng_4p4d","2","3","5"
"Sir-Lose-A-Lot","2","3","5"
"SirAhihi","3","2","5"
"SirAquila","4","1","5"
"SirEevictinee","2","3","5"
"siriox","2","3","5"
"Sirisha0309","3","2","5"
"siriusandris","3","2","5"
"SirLeibniz","2","3","5"
"SirLullaby","2","3","5"
"SirMagnusAhmo","2","3","5"
"sirmessi","3","2","5"
"Sirmilad","3","2","5"
"SirRotten","2","3","5"
"Siruco84","3","2","5"
"Sischa","2","3","5"
"SiSe87","3","2","5"
"sisif","2","3","5"
"sisliKIR","3","2","5"
"SistemaGenrey","2","3","5"
"SithukiDNL","3","2","5"
"sitisen","1","4","5"
"sito1963","3","2","5"
"sitras","3","2","5"
"SivakLev","3","2","5"
"sivamani","3","2","5"
"six6ix6ix","2","3","5"
"SixPaths0fPain","2","3","5"
"SIXPIONS","3","2","5"
"siyahkomodoejderi","3","2","5"
"siyamak61","2","3","5"
"SJ_Octopus","3","2","5"
"Sjakkira78","2","3","5"
"sjaydenemmanuel","2","3","5"
"SJF007","3","2","5"
"SK_Sightless","1","4","5"
"sk3016","3","2","5"
"Sk493649","2","3","5"
"SK55555","2","3","5"
"Sk62","3","2","5"
"skalmik7","2","3","5"
"skandinav_kz10","3","2","5"
"skara","4","1","5"
"skarp34","2","3","5"
"skc300","3","2","5"
"Skerrett","3","2","5"
"Skhindy09","2","3","5"
"Skif_lawyer","2","3","5"
"Skip-23","2","3","5"
"Skipscene","2","3","5"
"SKirill07","3","2","5"
"SKMUNOLI","2","3","5"
"skoczekosmiornica","3","2","5"
"SkokyCh","2","3","5"
"skolega","2","3","5"
"Skotal","3","2","5"
"skrich07","2","3","5"
"Skye_Anatolios2","3","2","5"
"sl1no","2","3","5"
"Slase73","2","3","5"
"Slashraider","3","2","5"
"Slater107","2","3","5"
"slavangordeev","2","3","5"
"slavavl","2","3","5"
"slavdad","3","2","5"
"slavutich1976","3","2","5"
"Slayzzzer","2","3","5"
"sleemaan","4","1","5"
"Sleepless49","3","2","5"
"slego69","4","1","5"
"SlickNi2","3","2","5"
"SlickTumi","3","2","5"
"Slim792","3","2","5"
"slimebott","2","3","5"
"Slimeylimey","4","1","5"
"Slinares","3","2","5"
"slippery88","2","3","5"
"slmnkgn43","2","3","5"
"slobodanpantelic1","2","3","5"
"sloe","2","3","5"
"slonick","2","3","5"
"Slowfryer","3","2","5"
"Slowjoe","3","2","5"
"Slowtry","2","3","5"
"sluwe","3","2","5"
"Slyfherin","3","2","5"
"SlyGaryy","3","2","5"
"sm7072","2","3","5"
"smallbutbig","2","3","5"
"smart_winner","3","2","5"
"smartgirl2011","2","3","5"
"Smartingrad","2","3","5"
"Smartmannat","2","3","5"
"smdzd","4","1","5"
"smekkk","2","3","5"
"smelltheglove2","2","3","5"
"SmEquLe","3","2","5"
"SmertVorogam","2","3","5"
"smigs","3","2","5"
"Smile6","3","2","5"
"SmilingTundra","2","3","5"
"smipe","2","3","5"
"smith371","3","2","5"
"smoked_pawn","3","2","5"
"Smoky_0815","3","2","5"
"smolovegor","3","2","5"
"SmoothmS","3","2","5"
"smosh2970","1","4","5"
"SMPL","1","4","5"
"SMS2018","4","1","5"
"smttkin","3","2","5"
"Smyrnast","3","2","5"
"smz50_atea","1","4","5"
"SNAFU_LG","3","2","5"
"snake1eyes1","4","1","5"
"SneakkySquidd","3","2","5"
"sneaky_k-n-i-g-h-t","2","3","5"
"snegirefff","3","2","5"
"Snehalayam","3","2","5"
"snehamondal1708","3","2","5"
"SniperPro228","2","3","5"
"snlawyer","2","3","5"
"snnmtl","2","3","5"
"snowman03033","2","3","5"
"Snowsita","2","3","5"
"SnowyK2","3","2","5"
"snsargiannidis","3","2","5"
"snudi29","1","4","5"
"snyser","3","2","5"
"Snyyper_Dz14","2","3","5"
"So1Otto","3","2","5"
"so1strange","2","3","5"
"Sobhee","3","2","5"
"Sobka","3","2","5"
"Socolonquio","2","3","5"
"SocxPole","3","2","5"
"SofaAk","2","3","5"
"SofaChampV2","4","1","5"
"sofakasper07","3","2","5"
"sofasurf","3","2","5"
"Sofi1608","2","3","5"
"SofiaAfonina","2","3","5"
"SofiaBiagioni","3","2","5"
"Sofiane01","2","3","5"
"sofiane35","1","4","5"
"SofiiaM","3","2","5"
"Sofist_developer","2","3","5"
"Sofiya2304","2","3","5"
"soft_concrete","3","2","5"
"Sofya_Andreeva_2014","1","4","5"
"soheil13741995","2","3","5"
"soheilkianmehr2001","3","2","5"
"Sohel2023","2","3","5"
"SoItGoes3","3","2","5"
"Sokol_Kolos","2","3","5"
"soktumby","2","3","5"
"sokuce","3","2","5"
"sola1965","3","2","5"
"Soleymani1363","2","3","5"
"solodmal","3","2","5"
"Solomiia2015","2","3","5"
"SolomonKras","2","3","5"
"SoloRmy","2","3","5"
"SolRox","2","3","5"
"solucarchat","3","2","5"
"Solypalmas","3","2","5"
"some-random-prep_7","3","2","5"
"SomebodyDyde","2","3","5"
"someleze","2","3","5"
"someoneshead","3","2","5"
"somewhere1962","2","3","5"
"Sommer68","1","4","5"
"SOMNATH4CHESS","2","3","5"
"Somy_p_123","2","3","5"
"Sonic_Cafe","2","3","5"
"sonnygats","3","2","5"
"SonoFabio","3","2","5"
"Sonya_Blaze","3","2","5"
"soofiyaa","3","2","5"
"SookieHouseboat","2","3","5"
"Sools","3","2","5"
"Sooo_aed","3","2","5"
"SophikAJ","3","2","5"
"SorenBerthelsen96","2","3","5"
"soroka___m","2","3","5"
"Sorondare","3","2","5"
"soroush110121","3","2","5"
"Sorry_Poutet","3","2","5"
"Sos00","3","2","5"
"Sosa78","1","4","5"
"sososch","2","3","5"
"soulclarity","3","2","5"
"Souldprisrak13","3","2","5"
"SoulsCrusher","3","2","5"
"Souravsen09100","2","3","5"
"Souroush1","2","3","5"
"Souska03","2","3","5"
"southwell","2","3","5"
"soyelrey","3","2","5"
"Space28","2","3","5"
"spacehunter1961","2","3","5"
"spantes","2","3","5"
"Sparsh2001","2","3","5"
"Spartak4112","2","3","5"
"Spartan77777","2","3","5"
"spc94","3","2","5"
"speciesunspecified","4","1","5"
"speckmannfuego","4","1","5"
"SpeedKiing","3","2","5"
"SpeedMaisonIKK","2","3","5"
"SpeedyJACOB","2","3","5"
"Spekt_Rus","3","2","5"
"spetsalex","1","4","5"
"Spexticular","1","4","5"
"Sphamandla2","2","3","5"
"sphr_shokri","2","3","5"
"Spiderman2222","2","3","5"
"Spidycreative","2","3","5"
"spiega","1","4","5"
"spiegelkz","3","2","5"
"spiegelt","3","2","5"
"Spieler08-15","3","2","5"
"spindula","2","3","5"
"spinken","3","2","5"
"Spinoza67","2","3","5"
"SPINOZATILMANS","3","2","5"
"Spiuni797","4","1","5"
"spj0_0","2","3","5"
"splint77","3","2","5"
"Splinter83","2","3","5"
"spobp99","2","3","5"
"sportsmenz12345","1","4","5"
"springerE5matt","3","2","5"
"SPV81","3","2","5"
"sqr4096","2","3","5"
"sqr999","2","3","5"
"squooff","2","3","5"
"sreedath2016","3","2","5"
"Sretenskiy_Mikhail","2","3","5"
"SrianshChess","3","2","5"
"SrijanDasari","2","3","5"
"srikarchess2007","2","3","5"
"Srinithi6","2","3","5"
"Sriprajin","2","3","5"
"srishti123456","4","1","5"
"Srithan-Ravula","2","3","5"
"srknvural","2","3","5"
"SrX_21","3","2","5"
"ss_2014","3","2","5"
"ssamerafa","2","3","5"
"sshari","2","3","5"
"SSHORSE_1203","3","2","5"
"sslam","2","3","5"
"sso-4-qom-jiriaei","2","3","5"
"ssshahram","3","2","5"
"ssteijn","2","3","5"
"ssyal","2","3","5"
"ssz-patsoli","3","2","5"
"St_Rhodes","2","3","5"
"St-Chris","3","2","5"
"St0ckfist","2","3","5"
"Stabilo02","2","3","5"
"stacemek","3","2","5"
"stagirita","3","2","5"
"Stagrgatecd","3","2","5"
"Stalingrad_1","2","3","5"
"Stan333","3","2","5"
"Stani123","1","4","5"
"Stanis52","3","2","5"
"stanixon","2","3","5"
"Stanly21","2","3","5"
"Stany13b","2","3","5"
"Star_Hipnos","2","3","5"
"starac7","2","3","5"
"Starliker5","2","3","5"
"Starlord111","2","3","5"
"Staro-Petergofsky_30","3","2","5"
"starovoitenkov","3","2","5"
"start2023","2","3","5"
"starting_2002","3","2","5"
"stasiux","3","2","5"
"staskarpenko","2","3","5"
"stasss61","2","3","5"
"StatHouKoS","3","2","5"
"Statulis","3","2","5"
"stawr1234","4","1","5"
"stdors","2","3","5"
"Steafy1","3","2","5"
"steel_fox2","3","2","5"
"steenup007","4","1","5"
"steepano","1","4","5"
"Stefan-2021","3","2","5"
"Stefan-Pettersen","2","3","5"
"stefannoname","2","3","5"
"stefano44","3","2","5"
"StefanRz","3","2","5"
"StefanStojkovic0610","2","3","5"
"Stefcon2015","3","2","5"
"Steffmef","2","3","5"
"stego-diego","4","1","5"
"Steinbron","1","4","5"
"Stekendak01","2","3","5"
"stellar70","3","2","5"
"StelliesPlayer","1","4","5"
"Stepan_2020","2","3","5"
"StepanFilippov21","3","2","5"
"Stepanj","3","2","5"
"stepbystepin","4","1","5"
"stephan24143","3","2","5"
"Stephanraj","2","3","5"
"stephcurry95","3","2","5"
"StephDePlouf","4","1","5"
"Stephen_kings","3","2","5"
"Stephen-H-OHES1","3","2","5"
"Steppke","2","3","5"
"stepplesnyandeni29","1","4","5"
"Sterdi","2","3","5"
"Steve_64","2","3","5"
"steve_marin","3","2","5"
"stevemcc","2","3","5"
"stevendoudamericanbe","2","3","5"
"StevenRossi","2","3","5"
"stevep1003","2","3","5"
"SteveSaunders","2","3","5"
"stevva998","2","3","5"
"Stewy1984","1","4","5"
"STICKMAN212","2","3","5"
"Stidda","2","3","5"
"stiefie75","3","2","5"
"stikun","2","3","5"
"Stjorisendeschaak","3","2","5"
"StK56","2","3","5"
"Stoeckili","2","3","5"
"STOMPBOX","2","3","5"
"stonecoldfish","3","2","5"
"stopdroprollfire","3","2","5"
"Storm-T","3","2","5"
"Stormchaser5775","2","3","5"
"StrangeEffect","3","2","5"
"strchess","2","3","5"
"Streckovsi","2","3","5"
"Strelecky","3","2","5"
"stressybox","3","2","5"
"strigen","3","2","5"
"Strike2426","2","3","5"
"strikerus","1","4","5"
"strogoff66","3","2","5"
"strongmate","2","3","5"
"stroteg777","2","3","5"
"Stu_Knight_pawn","3","2","5"
"Study_chess2300","4","1","5"
"studyisfornerds","3","2","5"
"studyjsy","2","3","5"
"stulee1974","2","3","5"
"stuntpig","2","3","5"
"StupidMonkey1","2","3","5"
"SturmUndRegen","3","2","5"
"STV04","2","3","5"
"stylish_freind","3","2","5"
"suatalkn","2","3","5"
"SUBHO46","3","2","5"
"subhro69","3","2","5"
"subrata123456","4","1","5"
"Suchee_123","2","3","5"
"SuchYMISTRZ","1","4","5"
"sucre1","2","3","5"
"sudeep08","2","3","5"
"Sudhachess","3","2","5"
"Sudhanshu_Kr","3","2","5"
"sudheerbodapati","2","3","5"
"sudhi","3","2","5"
"sudhir0110","3","2","5"
"sudhir3579","2","3","5"
"sudhouthsrn","3","2","5"
"sug4rsug4r","2","3","5"
"Suggs53","2","3","5"
"Sugito-Haryono","3","2","5"
"Sui57","3","2","5"
"sujeemou2011","2","3","5"
"Sujhan_Deepan","3","2","5"
"sujit1234","2","3","5"
"sukhov_stas","3","2","5"
"Sulaimanalfarsi","2","3","5"
"Sulaymon266","3","2","5"
"Sule1man","3","2","5"
"Sultan_2012kg","3","2","5"
"Sultan_22ZH","1","4","5"
"SultanYaqubqizi","3","2","5"
"sum1willb2nd","3","2","5"
"sumeetp","1","4","5"
"Sumeshkr1","2","3","5"
"SUMIMA","2","3","5"
"Summat1811","3","2","5"
"summer6A","3","2","5"
"sun756","2","3","5"
"sunBear76","3","2","5"
"Sunderkoff","2","3","5"
"Sundinho","3","2","5"
"sunil2805","3","2","5"
"SUNILSHARMA1972","4","1","5"
"Sunny120","2","3","5"
"sunny2k8","3","2","5"
"SunnyB1947","3","2","5"
"sunshine_arete","2","3","5"
"suomidx","2","3","5"
"Supantha","2","3","5"
"SuperDav","3","2","5"
"superdico1996","1","4","5"
"superexquisiteness","3","2","5"
"SuperFalin","3","2","5"
"SUPERMANmartinez","1","4","5"
"supermario134","2","3","5"
"Supersante_7","3","2","5"
"SuperSerg34","2","3","5"
"superstrattelecaster","3","2","5"
"Superzocker02","3","2","5"
"supoi","3","2","5"
"Suppercheeep","2","3","5"
"Supr83","2","3","5"
"Suprateem11","2","3","5"
"Supriman","2","3","5"
"supstef","2","3","5"
"Surailov","3","2","5"
"Surajleonardo","2","3","5"
"Surcualflow","3","2","5"
"Surena_Chess","3","2","5"
"surendrakumarsekhri","2","3","5"
"Surendran_PK","2","3","5"
"Surges711","3","2","5"
"surgut_ru","2","3","5"
"SurgutSity","3","2","5"
"Surmach1998","3","2","5"
"surok1996","3","2","5"
"Surprise-mat","2","3","5"
"surya2k2","2","3","5"
"suryasingham","2","3","5"
"susanf4","2","3","5"
"Sushanta557","2","3","5"
"SushantGangwar02","3","2","5"
"sushruta_1234","2","3","5"
"SuslikOleg","3","2","5"
"suspicioushermit","2","3","5"
"Susupi","2","3","5"
"sutati_1995","3","2","5"
"Suuuust","1","4","5"
"suvadeep25","3","2","5"
"Suvorov_Sergei","4","1","5"
"SV123","3","2","5"
"SV124","2","3","5"
"sveintaaa","1","4","5"
"SveKri","2","3","5"
"SvenHassel","3","2","5"
"SvinoGorl","3","2","5"
"svrv","2","3","5"
"SVSkX","3","2","5"
"svt_lana2009","3","2","5"
"Svya","2","3","5"
"sw9353","1","4","5"
"swagato20","3","2","5"
"Swagatodatta","2","3","5"
"Swanandi2711","3","2","5"
"swankyorc61","2","3","5"
"Swedeso1","2","3","5"
"sweeezzzz","2","3","5"
"Sweet_Drop","3","2","5"
"sweetcarolinee69","2","3","5"
"swemackek","3","2","5"
"swethana_563","2","3","5"
"Swiatek00","2","3","5"
"Swiishh11","2","3","5"
"SwingingPeruvian","2","3","5"
"swxman","3","2","5"
"sxmnenii","2","3","5"
"sy-ah-01","2","3","5"
"syahrilc","3","2","5"
"syamsul00","3","2","5"
"syasport","2","3","5"
"Syc911","1","4","5"
"Sydenhamtennischamp","2","3","5"
"SynHD900","3","2","5"
"synzooo","3","2","5"
"Syrikat","2","3","5"
"system25","3","2","5"
"Sysy51","2","3","5"
"syxx50rus","3","2","5"
"szachimat01","2","3","5"
"Szokurog","2","3","5"
"sztachalom","2","3","5"
"szyfel","2","3","5"
"T_a_n_k_a","1","4","5"
"T_Dias_111","3","2","5"
"T-munny","2","3","5"
"T0MEK","2","3","5"
"T0Sharaff8200","3","2","5"
"T3Lawrence","3","2","5"
"T3NSA_ZANGETSU","3","2","5"
"T42again2","1","4","5"
"t5kki","3","2","5"
"TAAAL15","2","3","5"
"tab1999","3","2","5"
"Tabacki159","2","3","5"
"Tabriz1515","4","1","5"
"Tactical_combination","3","2","5"
"Tagaiok_123","3","2","5"
"TAHA_BOSS","3","2","5"
"taha_sha","2","3","5"
"Taha1388T123","3","2","5"
"taha313","1","4","5"
"Tahaaksakal0625","2","3","5"
"TAHAEFE1905","3","2","5"
"Tahazadaghajani","3","2","5"
"Tai-Pan","2","3","5"
"Taicia_Sennyk","2","3","5"
"taif5omer","3","2","5"
"taiwanshin","3","2","5"
"taka_tuka_official","4","1","5"
"takatak","3","2","5"
"takeandtake","2","3","5"
"takeda86","3","2","5"
"TakeItEazy","3","2","5"
"takes_takes_here","2","3","5"
"takes_takes91","2","3","5"
"takiskol","4","1","5"
"takularry","3","2","5"
"Tal_Ivan","3","2","5"
"tal916","3","2","5"
"Tala1980","3","2","5"
"Talarsgaard","2","3","5"
"TAleksei","3","2","5"
"TalFor","3","2","5"
"talgat_yermanov","3","2","5"
"talgatda","3","2","5"
"talhadkc","2","3","5"
"talkseek82","2","3","5"
"tallm","3","2","5"
"talsfan11","2","3","5"
"talsgal","2","3","5"
"tamar613","3","2","5"
"Tamara1358","2","3","5"
"Tamara8","4","1","5"
"Tamera19","2","3","5"
"tamerdionysos","3","2","5"
"TamerlanBadretdinov","3","2","5"
"Tamil07","2","3","5"
"Tamirlan2016","2","3","5"
"Tammo55555","2","3","5"
"tamtamirci","3","2","5"
"Tan12Khanna","3","2","5"
"Tanem14","2","3","5"
"tangzerr","3","2","5"
"tanishsathishkumar","2","3","5"
"Tankist79","2","3","5"
"tanmaybhagwat","3","2","5"
"Tanya_BB","3","2","5"
"Tanya4Janung","2","3","5"
"tap2n","3","2","5"
"Tappleby","2","3","5"
"tapuah2","3","2","5"
"Tara66","2","3","5"
"Taran264","3","2","5"
"tarchess","3","2","5"
"TarekMahmoud550","3","2","5"
"taruguet","2","3","5"
"tasia18","3","2","5"
"taslad2009","2","3","5"
"tasnim_009","3","2","5"
"Tassos55","3","2","5"
"tataJuli","3","2","5"
"TatiSpace","2","3","5"
"Tatur_Piotr2016","3","2","5"
"Tauqeer1700","2","3","5"
"tavnull","2","3","5"
"Tavo42","2","3","5"
"Tawamba","3","2","5"
"Tawfek-Shalaby","2","3","5"
"Taxista1","2","3","5"
"taylored","4","1","5"
"taylorspeaks","2","3","5"
"TAYRONIREIS","1","4","5"
"tbarrie","3","2","5"
"tbeduk","2","3","5"
"TblKVANYA","4","1","5"
"TBone_learning_chess","2","3","5"
"Tchalengua","3","2","5"
"tchla","1","4","5"
"tdeshan9","2","3","5"
"Te220","2","3","5"
"tea-lover-418","2","3","5"
"TEACHERKARTAL","3","2","5"
"teamramrod","2","3","5"
"TeaTasse","2","3","5"
"Techan14","3","2","5"
"Techtwebty","3","2","5"
"Tecnochess25","2","3","5"
"TedHastings87","3","2","5"
"teflonlion98","2","3","5"
"tegarirsyadbanned","2","3","5"
"TegaSugito","3","2","5"
"teges","3","2","5"
"Tegsh3","3","2","5"
"Teh_Vasraf","1","4","5"
"tejacuty","3","2","5"
"Tejaxxx","1","4","5"
"tekac","2","3","5"
"Teko59","2","3","5"
"teksviler","2","3","5"
"Tekuru","3","2","5"
"TemaM2014","2","3","5"
"TempleofAnahita","4","1","5"
"Temur13","3","2","5"
"TengizJ","3","2","5"
"TengRoy","2","3","5"
"teninchpylons","2","3","5"
"tenjackqueenkingace","2","3","5"
"TeoAnubisound","2","3","5"
"Teodoro2020","2","3","5"
"teofilopaes","3","2","5"
"teokobe","2","3","5"
"teolego","2","3","5"
"TeoVld","3","2","5"
"tepaard","3","2","5"
"tepensioen","2","3","5"
"Terareal","3","2","5"
"terbani","2","3","5"
"terenchill","2","3","5"
"Terlan_B","3","2","5"
"Terminator94","2","3","5"
"terrek","3","2","5"
"TerrorBelli","3","2","5"
"Terry1990","3","2","5"
"Terternet","2","3","5"
"Tess10","3","2","5"
"test_test","3","2","5"
"test_toast_25","3","2","5"
"testrandom","3","2","5"
"TeufelimNacken95","2","3","5"
"tevfikgemici","2","3","5"
"Texster","2","3","5"
"TexTT","2","3","5"
"tgf1090","3","2","5"
"tgfjjfj","3","2","5"
"tgictchess","3","2","5"
"th0mas_shelby2020","3","2","5"
"thalisson456","3","2","5"
"Thalles_Costa","3","2","5"
"ThaMastaKlass","3","2","5"
"Thanatos_95","3","2","5"
"thanos_kourmousis","3","2","5"
"thanukiomasha","3","2","5"
"thaoanhfamily","3","2","5"
"ThatDooderGuy","3","2","5"
"ThatkidfromOhio","2","3","5"
"thayhau","2","3","5"
"the_best_of_quen","3","2","5"
"The_Cantaloupe","3","2","5"
"the_chess_fool","3","2","5"
"The_Donut_Lord","3","2","5"
"The_great_C","2","3","5"
"the_Gringo97","2","3","5"
"the_knight_before","3","2","5"
"The_Leonardog","3","2","5"
"the_shepster","2","3","5"
"The-known_785","2","3","5"
"The-pride-of-London","3","2","5"
"the5minpro103253","3","2","5"
"TheAllMightyIG","1","4","5"
"theantiguy","1","4","5"
"theazim","3","2","5"
"theBeaver","2","3","5"
"Thebeebop","3","2","5"
"TheBestOff2300","3","2","5"
"thebiggestever","2","3","5"
"theboyattack","2","3","5"
"ThechessplayerPoyri","2","3","5"
"theCoa","2","3","5"
"thecubenerd","3","2","5"
"TheDesertFox1","2","3","5"
"TheDevilPablo69","3","2","5"
"theDishum","3","2","5"
"TheEnglishFolk","3","2","5"
"TheGambiter","3","2","5"
"Thehunt93","2","3","5"
"thejokerofficial","2","3","5"
"TheKadok","3","2","5"
"thekillerboy7","3","2","5"
"theking-18","3","2","5"
"THEKINGEP","3","2","5"
"TheLacsap","1","4","5"
"TheLegalist","3","2","5"
"thelividorange","3","2","5"
"TheMastermind17","2","3","5"
"themightyterp","2","3","5"
"thenostradamus","2","3","5"
"Thenuki2010","2","3","5"
"TheOrange9003","2","3","5"
"Theparisianmentalist","2","3","5"
"thepawnshop420","2","3","5"
"ThePokemonEDOK","3","2","5"
"ThePush","1","4","5"
"theQUEENadii","2","3","5"
"TheRapterLC","3","2","5"
"Therius_v","2","3","5"
"TheSnare","3","2","5"
"thesus","2","3","5"
"TheVinicio","2","3","5"
"ThevsasASK","3","2","5"
"TheWhiteKnights","2","3","5"
"theyagukathir","2","3","5"
"ThiagoArj2","3","2","5"
"Thiaguitopuesto1","2","3","5"
"Thierry77134","3","2","5"
"Thighlandman","2","3","5"
"thinbreath","3","2","5"
"ThinkMoreOften","1","4","5"
"thinkplanmove314","3","2","5"
"thirdholy","3","2","5"
"Thisara4645","2","3","5"
"thishussein","2","3","5"
"thitou69","2","3","5"
"Thivahar","2","3","5"
"Thomas2thannickal","2","3","5"
"Thomas815","3","2","5"
"ThomasNidriche","3","2","5"
"ThomasO2022","2","3","5"
"ThomasQ28","2","3","5"
"thongcrunchjunior","2","3","5"
"ThreeOneThree","1","4","5"
"thuyr_21","2","3","5"
"Tiago12carrer","3","2","5"
"TiagoAfonso","2","3","5"
"tiazo","3","2","5"
"TiberiusT8_1","3","2","5"
"ticket2ride","3","2","5"
"TicoMico69","3","2","5"
"tifgele","2","3","5"
"Tiger_304","2","3","5"
"Tiger-ttack","3","2","5"
"TiggyWiggy6","2","3","5"
"Tigtorch","3","2","5"
"TihonM","2","3","5"
"Tiimaz","3","2","5"
"Tikipank","3","2","5"
"tiktokbrainrot","4","1","5"
"TilayllRabba","4","1","5"
"Tilezard","2","3","5"
"Tillsbury","3","2","5"
"TillyHatter","3","2","5"
"Tilted_Patzer","3","2","5"
"Tiltteufel","2","3","5"
"Tim1400","2","3","5"
"Tim4247","3","2","5"
"timachimitov","2","3","5"
"TimaMorozov","3","2","5"
"time_is_shrimp","4","1","5"
"timebank7000","3","2","5"
"Timek00","2","3","5"
"TimeLess-Up","4","1","5"
"timinskas","3","2","5"
"TimkaV","2","3","5"
"timlinux","3","2","5"
"timmyrocker","2","3","5"
"Timo1731","4","1","5"
"TimofeevPavel","2","3","5"
"Timofeo","2","3","5"
"timofey29","3","2","5"
"TimohaL","2","3","5"
"timothee746","3","2","5"
"TimoVanBrun","3","2","5"
"Timur_10","4","1","5"
"Timur_Eltsov","3","2","5"
"Timur_Nizametdinov","3","2","5"
"timur_redhead","1","4","5"
"TimursMorozli","2","3","5"
"TimurUz","2","3","5"
"Timwiththehands","3","2","5"
"tinkiewinkie123","2","3","5"
"Tinmikela","2","3","5"
"tinodino","3","2","5"
"Tinudisasathma","3","2","5"
"TiNyNECumeN","3","2","5"
"tipez","2","3","5"
"tirelessplayer","3","2","5"
"TIS254","1","4","5"
"titi1956","2","3","5"
"Titi4059","2","3","5"
"Titito24054","2","3","5"
"titocanalla","2","3","5"
"Titoooooooo","2","3","5"
"TitouanP","2","3","5"
"TitusMidas888","3","2","5"
"titusmuseva","2","3","5"
"tivrbatra","3","2","5"
"tiwari_1","3","2","5"
"tj966666","1","4","5"
"tja2000","3","2","5"
"TK32RO","3","2","5"
"Tkachuk_Makar","1","4","5"
"tlogemann2","3","2","5"
"TlTEUF","3","2","5"
"TM1427","2","3","5"
"tmarkll","2","3","5"
"tmerlino7370","2","3","5"
"TMMPj","3","2","5"
"TmT369","2","3","5"
"Tnaif","2","3","5"
"TNApp","3","2","5"
"TNDRMAX","4","1","5"
"tneedful","3","2","5"
"toanwalrant","1","4","5"
"tobi169","2","3","5"
"Tobi2005","2","3","5"
"Tobias0000","3","2","5"
"toecker","3","2","5"
"Toilet-Paper","1","4","5"
"Tojo4672","2","3","5"
"Tokakci","4","1","5"
"tokazchatroz","3","2","5"
"Tol174","2","3","5"
"Tolga82","2","3","5"
"TOLITZ1479","2","3","5"
"tom-le","3","2","5"
"Tom1987","3","2","5"
"tomaspiazza","2","3","5"
"tomasxcjpiis","2","3","5"
"Tomasz_3000","3","2","5"
"Tomasz_Michalik","1","4","5"
"tomatra","2","3","5"
"tomczikej","3","2","5"
"tomerdlanger","3","2","5"
"Tomitsa","2","3","5"
"tomlac74","3","2","5"
"Tommipaul33","2","3","5"
"tommy_2_heads","1","4","5"
"tommy_plays","3","2","5"
"TommyB133144","3","2","5"
"TommyDuke","2","3","5"
"tommynottommy","2","3","5"
"Tommyorc","3","2","5"
"tomokipu","3","2","5"
"TomOracle1","3","2","5"
"TomRipple","3","2","5"
"TomSeeber","3","2","5"
"TomSid123","3","2","5"
"Tomskii17","3","2","5"
"tomtomj","1","4","5"
"Toni-1973","3","2","5"
"tonivespa","4","1","5"
"tonto27","2","3","5"
"Tony29","2","3","5"
"tonybanton","2","3","5"
"tonyhuang69","2","3","5"
"Tonymal1","3","2","5"
"tonymassis","3","2","5"
"tonymc71","3","2","5"
"tonymekh","3","2","5"
"TonyStarkmr85","3","2","5"
"too_many_games","2","3","5"
"Toobsinator","1","4","5"
"toofietoof","2","3","5"
"Toonamursky","1","4","5"
"toosiyasin230","3","2","5"
"Toothpickles","3","2","5"
"Top_Ramana","2","3","5"
"top4ik2315","3","2","5"
"toprak3","2","3","5"
"torchello","3","2","5"
"torenvalk","3","2","5"
"Torgover","1","4","5"
"torokhoda_bebaz","2","3","5"
"toroksc","3","2","5"
"toronto21","2","3","5"
"torreke","2","3","5"
"torrionezoppo","2","3","5"
"Tosho","2","3","5"
"tostx","3","2","5"
"toto900g","4","1","5"
"Totore87","3","2","5"
"TotoToton","3","2","5"
"totoy23","3","2","5"
"TouChaan","3","2","5"
"touchtouchmove","3","2","5"
"Touficq","2","3","5"
"Toufik63","3","2","5"
"tougblaster","2","3","5"
"Tour_de_magie","2","3","5"
"TourEiffel64","2","3","5"
"Towanda60","2","3","5"
"Towelie_RG-400","3","2","5"
"Townend5","3","2","5"
"TP07342","3","2","5"
"traderfoe","2","3","5"
"Trafalgarlaw1236","2","3","5"
"trafalgarz","2","3","5"
"TrainingDay952","3","2","5"
"trambouille","3","2","5"
"Trance0","1","4","5"
"trandism","3","2","5"
"trangounchained","2","3","5"
"TranHoanglht","3","2","5"
"tranngocmytien","2","3","5"
"TRANNGOCNAM2015-TB","2","3","5"
"Tranzmann","2","3","5"
"trashpanda204","2","3","5"
"travis_mamba","2","3","5"
"travorr","1","4","5"
"Travoved","3","2","5"
"Treasuredmap","3","2","5"
"treborhall","3","2","5"
"treeampfuse","3","2","5"
"Treesq","2","3","5"
"Trefx","3","2","5"
"Treikal","2","3","5"
"tremilayard","2","3","5"
"TRENCERCANIAS","3","2","5"
"Tresnul","4","1","5"
"TrevorWehner","3","2","5"
"Trex41","3","2","5"
"tribhuvan_2004","4","1","5"
"Trickerlee","3","2","5"
"TridentArcher","2","3","5"
"trigliceride13","2","3","5"
"Tripil7z","2","3","5"
"Trisamon","3","2","5"
"Trivela07","3","2","5"
"Trixie1822","2","3","5"
"troddenarcade","2","3","5"
"TroGen14","2","3","5"
"Troia34","2","3","5"
"TROJANHORSE63","4","1","5"
"Trolero3s23","2","3","5"
"trollikuss","2","3","5"
"TrolsMan","2","3","5"
"Trongnghia250813","3","2","5"
"trooper1","2","3","5"
"trosky45634","2","3","5"
"trozio","3","2","5"
"truan29","3","2","5"
"trubok","3","2","5"
"Truck-Turner","3","2","5"
"trufita","1","4","5"
"TrustyBrush","3","2","5"
"TryHard22","1","4","5"
"TS_SAAP","3","2","5"
"TS928","2","3","5"
"Tschandramar","2","3","5"
"Tschotscho","2","3","5"
"Tsdmr16","1","4","5"
"Tsiyru","3","2","5"
"tsmtsmtsm","2","3","5"
"tsognyam","2","3","5"
"tson","3","2","5"
"Tstawalare","2","3","5"
"TSTS","2","3","5"
"TsukTswang","3","2","5"
"Tsvnd","3","2","5"
"TTR2P","3","2","5"
"ttvic","2","3","5"
"TU160Ms2007","3","2","5"
"TU6c_TTHCSHT","4","1","5"
"Tuck68","3","2","5"
"tucker_14","3","2","5"
"TudoLeTanThanh2002","2","3","5"
"tues","2","3","5"
"Tufan10","3","2","5"
"tufan2011","3","2","5"
"Tugrul23","3","2","5"
"TUKDALANG","2","3","5"
"tuleyb","3","2","5"
"Tulqin19850301","2","3","5"
"tunga123","2","3","5"
"TungNQ","3","2","5"
"TUNIK777","3","2","5"
"tunoperu","1","4","5"
"TURCOZAPALA","4","1","5"
"turjhhopzd1","3","2","5"
"Turkish_master","3","2","5"
"turkwolf67","3","2","5"
"turo_benite","2","3","5"
"turuu75","3","2","5"
"tusharjajoo","2","3","5"
"TutuDosZoiVerde","2","3","5"
"tuxycat","3","2","5"
"TveStocfish8","3","2","5"
"tvrdiimpulz","3","2","5"
"tweezer_92","2","3","5"
"TWENNYTHREE-BAND","3","2","5"
"twinklelittlestar","2","3","5"
"Twinning201804","2","3","5"
"Twins2","4","1","5"
"TwoAornotTwoA","3","2","5"
"twood11","3","2","5"
"TXBe","2","3","5"
"txeramoe","3","2","5"
"Txg_harsh","2","3","5"
"tyazchenko","2","3","5"
"tychka_48","2","3","5"
"tydnyuk","3","2","5"
"TYGU","3","2","5"
"tys171","2","3","5"
"tysd02","3","2","5"
"Tytan-Debbarma","3","2","5"
"TZAAR0001","3","2","5"
"U-Richard","2","3","5"
"ubailey71","3","2","5"
"Uberzek25","2","3","5"
"UdaraChethani","2","3","5"
"udayrana111","2","3","5"
"udder","3","2","5"
"Udit_chess","2","3","5"
"Udit121","3","2","5"
"Udmanich","1","4","5"
"Uebergewicht","3","2","5"
"UETD","2","3","5"
"UffShahmatnieTyagi","3","2","5"
"UgaStep","3","2","5"
"ughsxlll","2","3","5"
"UGINk","2","3","5"
"uharnuboglu","2","3","5"
"Ujif55","3","2","5"
"ujjansh","1","4","5"
"ujjwal-8858","3","2","5"
"Ujjwal1982","2","3","5"
"ujjwalbhatt","2","3","5"
"ujjwalkn","2","3","5"
"Ujup_Bekteshi","2","3","5"
"Ukiyo","3","2","5"
"Ulbish_Yumeshev","1","4","5"
"Ulf_der_Stoische","2","3","5"
"Uli2811","2","3","5"
"ulia7","2","3","5"
"uliaDementeva","3","2","5"
"Ulianadeg1","3","2","5"
"ULIPRO07","2","3","5"
"Uljalgas-188","3","2","5"
"ulope","2","3","5"
"Ulpmer","3","2","5"
"Ulti70895","2","3","5"
"ULTIMOSAURO","3","2","5"
"Ultrauma","2","3","5"
"UltraViolet888","2","3","5"
"uluhan","1","4","5"
"Ulysse13","1","4","5"
"umali23","2","3","5"
"umard112SAAB","2","3","5"
"umashankar09","2","3","5"
"UmedSh","3","2","5"
"umenyakakukonya","3","2","5"
"umeshb12","2","3","5"
"umt71","4","1","5"
"umurzoq1808","2","3","5"
"umutisik","2","3","5"
"unakin","3","2","5"
"uncleFedja","3","2","5"
"under4257","3","2","5"
"underhiseye","2","3","5"
"undsiebewegtsichdoch","3","2","5"
"unemployment_PhD","2","3","5"
"Unermudlich","3","2","5"
"UNGCC","3","2","5"
"Unicornmama","4","1","5"
"unistavac","3","2","5"
"universal_boss","3","2","5"
"univofpittbull","3","2","5"
"unkraut","3","2","5"
"Unleesh","2","3","5"
"unlobo","3","2","5"
"UnnamedPrayer","4","1","5"
"unnatigupta","3","2","5"
"unnizzzz","2","3","5"
"Unomasuno","2","3","5"
"Unshura1984","3","2","5"
"Untamable","2","3","5"
"uouo_24","2","3","5"
"up_2100","2","3","5"
"upasaka","3","2","5"
"uplanpro","2","3","5"
"Ura_Ioffe","3","2","5"
"Uralbator","2","3","5"
"Urarnio","4","1","5"
"URCHAMP_BRIJESH","2","3","5"
"Urcheon","3","2","5"
"Urez1979","3","2","5"
"urielkantor","1","4","5"
"urijk","2","3","5"
"Urinegvi","2","3","5"
"Urmat86","2","3","5"
"urmil007","1","4","5"
"UrosSremcevic21","2","3","5"
"UrsoBR","2","3","5"
"ursytch_004","2","3","5"
"UryaNEW","3","2","5"
"Us-62","3","2","5"
"usa2010","2","3","5"
"use2sticks","3","2","5"
"UsedDoll","3","2","5"
"user209","2","3","5"
"userr_123","2","3","5"
"Usf_elbakki","3","2","5"
"usiuri","3","2","5"
"Usopp01","3","2","5"
"ustaanilkayra","2","3","5"
"utkarsh_23","2","3","5"
"Utkarsh_Upadhyay","2","3","5"
"UtkarshM89","2","3","5"
"UtkarshRaizada29","2","3","5"
"uuaxmatuct","3","2","5"
"uuzzoo","2","3","5"
"Uvarov_Valentin","2","3","5"
"Uvs_Davst01","2","3","5"
"UVStrahl","2","3","5"
"uwewe_onyetenyevwe","2","3","5"
"uwihgoeiwhfiewhf","2","3","5"
"Uygarkoparal","3","2","5"
"uykucusupermannn","2","3","5"
"uzairche786","3","2","5"
"uzayali","2","3","5"
"UZAYBEY","1","4","5"
"uzmka","3","2","5"
"uzuo6","2","3","5"
"v_lebedev","2","3","5"
"V_o_r_on","3","2","5"
"V_V_R_01","1","4","5"
"v124entkl","2","3","5"
"V1ral00","2","3","5"
"v4021","2","3","5"
"v9600758153","3","2","5"
"VA11ie","3","2","5"
"va3141","3","2","5"
"Vaaalpaiyan","3","2","5"
"vaazik","2","3","5"
"vabol","2","3","5"
"Vadim321","3","2","5"
"VadimRuslanch","2","3","5"
"VadimSiberian","2","3","5"
"Vadmeyster","3","2","5"
"VagaBond_001","2","3","5"
"Vagizov_Aidar589","3","2","5"
"vagusnerve10","2","3","5"
"vahid20rostami","2","3","5"
"vajgenthraplayz","3","2","5"
"vajojozsef","3","2","5"
"Valbelluna","3","2","5"
"valdemar1989ll","3","2","5"
"Valdemor01","2","3","5"
"valdesmex","3","2","5"
"Valentin198","4","1","5"
"ValeraBorisov1964","2","3","5"
"valeri_p","3","2","5"
"valerii13100","3","2","5"
"Valermay","3","2","5"
"valery1119","3","2","5"
"Valkyriya","2","3","5"
"Valmir1","2","3","5"
"Valsen55","3","2","5"
"Vanarya","1","4","5"
"Vandal59","3","2","5"
"Vandamsaeed","2","3","5"
"vandette222","1","4","5"
"VangelisTheocharidis","3","2","5"
"vaniao1392","3","2","5"
"vanilinov","3","2","5"
"Vanillaskye","2","3","5"
"vanipro","2","3","5"
"Vansh_Shinde","2","3","5"
"VanyaKochnev","3","2","5"
"Vanycha-Sergeevich","3","2","5"
"VanyouchiySkuns","2","3","5"
"varnith_thirumal","3","2","5"
"varun-chopra_82","3","2","5"
"varvarvarvar","2","3","5"
"vas007","3","2","5"
"vasabi89","3","2","5"
"Vasco_Mar2","4","1","5"
"Vasher21","3","2","5"
"Vasia13","2","3","5"
"vasiligor","2","3","5"
"VasilisaMos","2","3","5"
"Vasily_3105","4","1","5"
"VasilyShabat","3","2","5"
"VasiOG21","3","2","5"
"vaskeva","3","2","5"
"Vasniks1974","2","3","5"
"VasuNingthoujam","4","1","5"
"Vasya_Ne_Nyasha","3","2","5"
"Vasya1111111","2","3","5"
"Vasyl_H","3","2","5"
"vatk","2","3","5"
"VATSALVINEET","3","2","5"
"Vavar","2","3","5"
"vaxxa23","3","2","5"
"VaxxinatedToast","2","3","5"
"vazdan","4","1","5"
"vazir6666","2","3","5"
"VCA_Eashwar","2","3","5"
"vcbcv","3","2","5"
"vEASYo","2","3","5"
"veber88","2","3","5"
"ved38","1","4","5"
"VEDANSHY2014","2","3","5"
"Vedant_0713","2","3","5"
"vedant_kedia","3","2","5"
"Vedant_r02","4","1","5"
"vedasree","3","2","5"
"Vedatcelik","3","2","5"
"vedhabaiju2013","3","2","5"
"vedpriyashakya","3","2","5"
"Veerebane","3","2","5"
"Veerrd","1","4","5"
"veillon31","3","2","5"
"VelemajstorKID2","2","3","5"
"VelemajstorMe","2","3","5"
"Venik77","1","4","5"
"venividivici311","2","3","5"
"venk_gen","3","2","5"
"Venny004","2","3","5"
"ventalia","3","2","5"
"Venturelli2022","3","2","5"
"Venu890","2","3","5"
"Vera_Golovkowa","3","2","5"
"veravirus","2","3","5"
"verdoejovf","3","2","5"
"VereniciVictor","3","2","5"
"Vergni","3","2","5"
"Verid1sQu0","2","3","5"
"vermouthrida","3","2","5"
"VeronicaVV","2","3","5"
"VeronikaShiyan","2","3","5"
"Verrew","4","1","5"
"vers8sking77","2","3","5"
"Versiculas","2","3","5"
"verybaddchessplayer","1","4","5"
"verzasoft","3","2","5"
"Vesuvius101","3","2","5"
"Veteranen","3","2","5"
"Veterinaras","3","2","5"
"vetnusret","3","2","5"
"VFa-221531","2","3","5"
"VGorman","3","2","5"
"vgubaidulin","3","2","5"
"vibis2015","3","2","5"
"vicente1907","2","3","5"
"VicesEtT","3","2","5"
"viche1970","2","3","5"
"VickingDaSilva","4","1","5"
"vicktor10","3","2","5"
"vicky-4rthuro","2","3","5"
"vicololmdr","3","2","5"
"vicson01","2","3","5"
"Victor_309","1","4","5"
"victor1299","3","2","5"
"victor256","3","2","5"
"VictoralexandreJMA","3","2","5"
"Victoria_Gorlova","3","2","5"
"victorious_victor","2","3","5"
"victorjoven","2","3","5"
"Victormeal","2","3","5"
"VictorMSS123","2","3","5"
"victory0099","1","4","5"
"victoryismine9","1","4","5"
"victoryyyman123098","3","2","5"
"VictorZP100","2","3","5"
"victwister","3","2","5"
"Vicuss","3","2","5"
"Vidhatha","3","2","5"
"Vidit_Gujrathi","2","3","5"
"VieiraD22","3","2","5"
"ViennaClassic","3","2","5"
"vifjente","2","3","5"
"Vigen-Avagyan","2","3","5"
"vignesh1481","2","3","5"
"vigneswar_1","3","2","5"
"Vihaan261104","2","3","5"
"Viipuri","3","2","5"
"VijayAcharya125","2","3","5"
"VijayB2","3","2","5"
"Vijaymeena","2","3","5"
"VikArt","1","4","5"
"VikasWhipper","3","2","5"
"vikii_anshul","3","2","5"
"viking5","1","4","5"
"vikkykyt","2","3","5"
"Viktor_Mariupol","3","2","5"
"viktor_rozsuzhdai","3","2","5"
"viktor19671974","3","2","5"
"viktordanchovbachvar","2","3","5"
"Viktoriia_Sas","3","2","5"
"viktorkazahstan","3","2","5"
"Vil10i","3","2","5"
"VILASSAPRE","2","3","5"
"Vildan_17","3","2","5"
"vilma_narsen","1","4","5"
"vilorseen","2","3","5"
"vilpeyote","2","3","5"
"Vilvet","3","2","5"
"VIMAL1645","2","3","5"
"Vin-aigre","2","3","5"
"vincentox","1","4","5"
"Vindex23","2","3","5"
"VineetKumarN","2","3","5"
"vineshmuzhappilangad","3","2","5"
"vinibressann","2","3","5"
"Vinicius-Figur","3","2","5"
"ViniVj2610","2","3","5"
"Vinodos","3","2","5"
"vinolo77","2","3","5"
"Vinoth_chess","2","3","5"
"vinoth2205","4","1","5"
"Vinshiata","4","1","5"
"vinters_845","3","2","5"
"VinudiDNL","2","3","5"
"Vinya3011","2","3","5"
"violinqueen","1","4","5"
"viper_sniper","3","2","5"
"Viratttttt","3","2","5"
"vire1974","3","2","5"
"virenmane","3","2","5"
"Virenpaun","2","3","5"
"VirgilKlack","2","3","5"
"virginio_2023","3","2","5"
"virus5672","3","2","5"
"VISHAL6484","2","3","5"
"Vishalisthegod","2","3","5"
"Vishaljatale","2","3","5"
"vishruthrevalla","2","3","5"
"vishswe6363","2","3","5"
"Vishwas_2009","3","2","5"
"visij","3","2","5"
"viskyjanos","4","1","5"
"Vissie101","2","3","5"
"vit79","2","3","5"
"Vit8199","3","2","5"
"VIT999","3","2","5"
"Vita_70","3","2","5"
"Vitalbob","2","3","5"
"Vitalii_Kniazyk","3","2","5"
"vitaliy81Z","1","4","5"
"vitan1974","2","3","5"
"Vitivito","2","3","5"
"vitormgg","3","2","5"
"VitoSpatafore","3","2","5"
"Vitrumba","2","3","5"
"Vitus71","1","4","5"
"Vityay","3","2","5"
"Viva_2023","2","3","5"
"vivaan_09","4","1","5"
"vivaan_2017","1","4","5"
"vivaangowda18","4","1","5"
"Vivek_Jadav","2","3","5"
"Vivekjoshi2k5","2","3","5"
"vivekpra","3","2","5"
"viveksah82","1","4","5"
"vivektomar1","2","3","5"
"VIX2000","2","3","5"
"vizard001","4","1","5"
"vizard21","3","2","5"
"Vizz232","2","3","5"
"vjanesh","4","1","5"
"vjpune","3","2","5"
"VKarelis","2","3","5"
"vkharkhani","3","2","5"
"Vlad_F1end","3","2","5"
"Vlad-Varyg_2007","3","2","5"
"Vlad022","2","3","5"
"vlad030412","2","3","5"
"Vlad1703","3","2","5"
"vlAd33456","3","2","5"
"vladan_rs","3","2","5"
"Vladerek","1","4","5"
"Vladimir_1970-01","3","2","5"
"Vladimir_Cherkasov","1","4","5"
"Vladimir_Kungurov","3","2","5"
"Vladimir-kuranov","2","3","5"
"vladimir1483","1","4","5"
"Vladimir451f","2","3","5"
"VladimirAlekseev1984","3","2","5"
"VladimirDanilov44","3","2","5"
"VladimirFer","3","2","5"
"VladimirTik","3","2","5"
"VladimirTNT55","2","3","5"
"Vladisjoy","3","2","5"
"VLADIVAN","3","2","5"
"VladiWorld","2","3","5"
"Vladoni","1","4","5"
"VLADROMANLENA","2","3","5"
"Vladyslav_Tseliukh","3","2","5"
"Vlasenkov_ms16","2","3","5"
"Vlass710","2","3","5"
"Vlattecque1","3","2","5"
"vld1901","3","2","5"
"vldjk","2","3","5"
"vLionelMessi","3","2","5"
"vlsiRr","3","2","5"
"vlukyan","2","3","5"
"VM35","3","2","5"
"vmsahin","3","2","5"
"vnestrelyai","2","3","5"
"VNUkolov_2014","3","2","5"
"VnySupryniak","2","3","5"
"vocnijogurt22","3","2","5"
"Vodanh306","2","3","5"
"voduytan","3","2","5"
"voelzke74","2","3","5"
"Voidx","4","1","5"
"voja_k","3","2","5"
"VolandZ","2","3","5"
"voldemar86","3","2","5"
"VOLK-OD58","2","3","5"
"volnova","3","2","5"
"Volpedeserto","3","2","5"
"Von-condor","2","3","5"
"voordalac","2","3","5"
"vorik427","3","2","5"
"Voroh","3","2","5"
"voronn86","3","2","5"
"Vosporo","3","2","5"
"vova-best","3","2","5"
"Vovamaximov1","2","3","5"
"Vovan_1976","2","3","5"
"Vovandose","2","3","5"
"VovanF","3","2","5"
"vovanotproblem","3","2","5"
"vovatggh","2","3","5"
"VoytikMat2015","3","2","5"
"Vpkl","2","3","5"
"vpv_0810","2","3","5"
"VRemezy","2","3","5"
"vrkau30","3","2","5"
"VRn00b","2","3","5"
"vrndahiya","2","3","5"
"vrv68","2","3","5"
"VS-BCN","2","3","5"
"vs201717","2","3","5"
"vsafel","2","3","5"
"Vsavinov","3","2","5"
"vsboss","4","1","5"
"Vsevolo_2013","3","2","5"
"VSI","2","3","5"
"Vskip","3","2","5"
"vss2016","4","1","5"
"VtorykhNikita","3","2","5"
"vuitd","3","2","5"
"Vukasim","2","3","5"
"vulkqn","2","3","5"
"Vuminhthiennhan","2","3","5"
"Vundervafelka_337","3","2","5"
"vuralll","1","4","5"
"Vutuantruonghanam","3","2","5"
"vvalsaraju","3","2","5"
"Vviktori1990","3","2","5"
"vvs_q","2","3","5"
"VVV-31","3","2","5"
"vvvaite","3","2","5"
"VyacheslavMyshkin","2","3","5"
"Vyachess1av","2","3","5"
"VyomHarshika","3","2","5"
"VZHsurvival","2","3","5"
"w_no1","1","4","5"
"W_Roehrl","2","3","5"
"w-w-j-b-d","2","3","5"
"Wabisabi5","3","2","5"
"WabZ","3","2","5"
"wachiturro1991","3","2","5"
"waff1954","3","2","5"
"waffelplayer","3","2","5"
"wafisyakir","3","2","5"
"WagnerGMFide","3","2","5"
"wahba87","2","3","5"
"Wail12th","2","3","5"
"WaldAld","3","2","5"
"Waldiben","3","2","5"
"WaldyrMenezes","3","2","5"
"waleed7777777","3","2","5"
"Waleedsaleh","3","2","5"
"walid11122","3","2","5"
"WalidHarati","3","2","5"
"WalkChesss","2","3","5"
"walkwithlions","2","3","5"
"Wallysc2","3","2","5"
"Walnes","3","2","5"
"walruswalrus","1","4","5"
"walruteer","2","3","5"
"Walter_Rodriguez","2","3","5"
"WalthaHimmel","2","3","5"
"WamPiER","2","3","5"
"wan2023","3","2","5"
"Wanci","2","3","5"
"WanderingGyro","2","3","5"
"wanderkenn","4","1","5"
"Wanderley33","2","3","5"
"warblefanger","3","2","5"
"Wardward","3","2","5"
"warisdevil","2","3","5"
"WarMachinePrime","3","2","5"
"Warpointpro","2","3","5"
"wartanAYE","2","3","5"
"wartnik","3","2","5"
"waseem95","2","3","5"
"WasGes5","3","2","5"
"washingtonsiagian","3","2","5"
"waspish","2","3","5"
"WassimHebbache","2","3","5"
"Wasterwayne","2","3","5"
"Watsy","2","3","5"
"wav22","3","2","5"
"wave_of_happiness","1","4","5"
"wavetrain0","2","3","5"
"WB02AD6641","3","2","5"
"weakmaster2023","3","2","5"
"websab","4","1","5"
"weemsj10","2","3","5"
"WEIQI0702","2","3","5"
"weirdoplays","1","4","5"
"WeissSchonheit","2","3","5"
"WelcomeLooser","3","2","5"
"Weld74","2","3","5"
"Welderjoselito","2","3","5"
"Wellz30","2","3","5"
"Wendelke","1","4","5"
"WendersonAires","2","3","5"
"weownthiscity","3","2","5"
"Weretenikoff","3","2","5"
"wert11111","3","2","5"
"wertop8","3","2","5"
"weselka","4","1","5"
"wessamelpopp","3","2","5"
"WeStayHungryWeDevour","1","4","5"
"Westwoodchessmaster","3","2","5"
"weththawa","3","2","5"
"Weyno13","2","3","5"
"whatcrisis","3","2","5"
"whatever1992","2","3","5"
"WhatIsOnePlusOne","2","3","5"
"whatthefork02","3","2","5"
"whiteartur1997","1","4","5"
"whitejoel","2","3","5"
"whoismrgatsby","3","2","5"
"Whosfuo","3","2","5"
"whtspdoc","3","2","5"
"whyistheplatypus","2","3","5"
"whymann","1","4","5"
"Wiaux","2","3","5"
"Wickerl","1","4","5"
"Wieczo1307","3","2","5"
"wiederkommer","2","3","5"
"Wiesenbocksbart","2","3","5"
"wifigame","2","3","5"
"wiggleroom_no","3","2","5"
"WilberCuba","3","2","5"
"wilberteoh","3","2","5"
"Wilbur_Smenk","2","3","5"
"Wild_Pikachu","3","2","5"
"Wildia","1","4","5"
"wilee_ksa","3","2","5"
"wilfredd","2","3","5"
"Wilfried_Bohemia","2","3","5"
"Wilhem971","1","4","5"
"WilKellermanChess","3","2","5"
"Will_M2016","3","2","5"
"willapus","1","4","5"
"williambarra","3","2","5"
"Willouswood","2","3","5"
"Wilmpie4","2","3","5"
"Wilsonia","2","3","5"
"WIN-44","3","2","5"
"Winax","3","2","5"
"winchegg","4","1","5"
"Windah08","2","3","5"
"windfall-blue","2","3","5"
"wineug83","2","3","5"
"WingdingGaster","2","3","5"
"Winter2011","2","3","5"
"wintermaniac","2","3","5"
"winwonforthegipper","3","2","5"
"WisdomTree","3","2","5"
"WiseBeyondBounds","3","2","5"
"wisecube","3","2","5"
"Wiskler","1","4","5"
"Wita2018","2","3","5"
"WITCHBXY","2","3","5"
"withjigs5","2","3","5"
"Wittal","2","3","5"
"wittenbert7","3","2","5"
"wivern","2","3","5"
"WizardOne","3","2","5"
"wl041959","1","4","5"
"wlademir","3","2","5"
"wladislav4ik","2","3","5"
"Wo_U","3","2","5"
"Woifi84","2","3","5"
"Wokabyr","2","3","5"
"wokesmustbedefeated","3","2","5"
"WolfgangWoller","2","3","5"
"wolfru","3","2","5"
"Wolsirudel0609","3","2","5"
"Wonderbra","1","4","5"
"wongani-mtekera","2","3","5"
"wonnegut","2","3","5"
"woo2221","3","2","5"
"WooBear17","2","3","5"
"woodcox","2","3","5"
"Wooden_Warrior_SB","2","3","5"
"Woodgrain420","3","2","5"
"Woodlandia","3","2","5"
"woodstoke","3","2","5"
"wotdavaq","3","2","5"
"Wrawn","3","2","5"
"wrenkl","2","3","5"
"WSA427student14","2","3","5"
"WTTR","2","3","5"
"wuchen1","2","3","5"
"wuffi44","2","3","5"
"wufu45","2","3","5"
"Wulithy","2","3","5"
"WUMBOLOGYTHESTUDY","4","1","5"
"Wuppi","3","2","5"
"wwwserg","2","3","5"
"wwz99","3","2","5"
"wybov","1","4","5"
"wycheslaw77","2","3","5"
"wyjgj15","2","3","5"
"X-CrossChess1","3","2","5"
"x15secondgod","1","4","5"
"X1Ro","2","3","5"
"X28one","3","2","5"
"X3izzSockEmperor","3","2","5"
"X41822NR","3","2","5"
"xabibi93","2","3","5"
"xAboDani","3","2","5"
"Xano2008","3","2","5"
"Xarisfotiadis","2","3","5"
"Xavier-Merlet","2","3","5"
"xavimasnou","3","2","5"
"Xavis346954","3","2","5"
"Xayami","3","2","5"
"xbalyozx","2","3","5"
"xBassyx","2","3","5"
"xcuabarrada2","4","1","5"
"xD3ATHx","3","2","5"
"xEclipsed","2","3","5"
"XeKcEp","2","3","5"
"xEngineer","3","2","5"
"Xerone","2","3","5"
"Xiaoba","2","3","5"
"xidith","2","3","5"
"Xiedal","3","2","5"
"xinsanex","3","2","5"
"xiobbylat","2","3","5"
"Xitskoff","3","2","5"
"xiushi","3","2","5"
"xixo73","4","1","5"
"xjm092004","2","3","5"
"xkumpost","2","3","5"
"xlmrchs","3","2","5"
"xMaks1Kx","2","3","5"
"xmohamdd","2","3","5"
"XMoryiRom6","4","1","5"
"xmrvm","3","2","5"
"xMxKasparovxMx","1","4","5"
"xn72","3","2","5"
"xof9","3","2","5"
"xorum","3","2","5"
"xoxo619","1","4","5"
"xPulzify","3","2","5"
"xpzu","1","4","5"
"Xraghav","3","2","5"
"xristianin","4","1","5"
"xrxt","4","1","5"
"xs7676","3","2","5"
"XSentinelX888","2","3","5"
"xser0x","3","2","5"
"Xtal79","3","2","5"
"xtravibez","2","3","5"
"xushnudbek2016","2","3","5"
"xx229","4","1","5"
"XxBirhanXx","3","2","5"
"Xxelil","2","3","5"
"xxSnowyOwlxx","2","3","5"
"xxTommyBrettixx","3","2","5"
"XxtornadoxX","2","3","5"
"xXx_KingSlayer_xXxD","3","2","5"
"xXxGambettoxXx","3","2","5"
"xXxMiNd","1","4","5"
"XYNICHE","2","3","5"
"xyny2402","2","3","5"
"xysmoker","2","3","5"
"YA-R","3","2","5"
"YacKira","2","3","5"
"Yadamjav","2","3","5"
"Yadavpk","2","3","5"
"YaDmitry_56","2","3","5"
"yagizk2015","2","3","5"
"Yaguar2023","4","1","5"
"Yaha0579","3","2","5"
"Yahia3bdelkader2","2","3","5"
"Yahusuklu","2","3","5"
"yahyayagiz123","2","3","5"
"YairoWhite97","3","2","5"
"YakarTR","3","2","5"
"Yakisambo","3","2","5"
"Yakovlevic","2","3","5"
"Yakup000","2","3","5"
"Yakut20","2","3","5"
"Yakuza_13","1","4","5"
"Yalcin61","2","3","5"
"yaman_ynk","3","2","5"
"yamilito","2","3","5"
"Yan_pomnit_vse","1","4","5"
"Yana_champion","3","2","5"
"Yana4000","2","3","5"
"YanaCH13","1","4","5"
"YandelDC","2","3","5"
"yanggang4lyfe","3","2","5"
"YanickJacobs","4","1","5"
"Yanik_BIO","1","4","5"
"Yaniniwoii66","3","2","5"
"Yanis34915","2","3","5"
"Yannis_l","2","3","5"
"Yanovskiy_Alex","3","2","5"
"YaojiayiForever","2","3","5"
"Yar55Vlas","4","1","5"
"Yarikkar1507","3","2","5"
"yaronmat","2","3","5"
"Yaroshovets1973","3","2","5"
"Yaroslav_Andreev","3","2","5"
"YAROSLAV1985KOTLOV","2","3","5"
"Yaroslav2737","1","4","5"
"YaroslavKova2016","4","1","5"
"YaroslavKuzmich_2016","3","2","5"
"Yaseen137341","3","2","5"
"YasharaD","2","3","5"
"Yashasvy_tyagi","3","2","5"
"yashminhaque","2","3","5"
"yasinavsarr","4","1","5"
"yasinuymaz1","2","3","5"
"yaskav8409","2","3","5"
"Yasmina_koilubaeva","3","2","5"
"yassen_Elhassan","1","4","5"
"yasseray","3","2","5"
"yasserHY","3","2","5"
"YassineB52","2","3","5"
"yassineben","3","2","5"
"Yastreb15","2","3","5"
"yatharthchandola98","3","2","5"
"yatishagarwal1500","2","3","5"
"Yavuztugra52","3","2","5"
"Yawhnie","4","1","5"
"YAYA_07","3","2","5"
"yaylate","2","3","5"
"ybigdelifard","3","2","5"
"yda1309","2","3","5"
"YDAE","1","4","5"
"YdrosoloJr","2","3","5"
"Yedunandan","3","2","5"
"Yeejing521","3","2","5"
"Yeezus007","2","3","5"
"Yehor1234","3","2","5"
"Yekta_Taheri","3","2","5"
"yellow3to3","2","3","5"
"yellowtalarfon","3","2","5"
"YenedithNevarez","3","2","5"
"Yereke_S","3","2","5"
"Yesha0","2","3","5"
"YesRom1","1","4","5"
"Yetkinkabadayi","2","3","5"
"Yfaab97","3","2","5"
"yigitadali","3","2","5"
"Yigitkerem2013","2","3","5"
"YIM44","2","3","5"
"yisus-UwU","1","4","5"
"YKarat1982","3","2","5"
"YKBUTZulham","3","2","5"
"YKDRchamion","3","2","5"
"yktpetya14_1","2","3","5"
"YMAbey","2","3","5"
"ynsnrs","3","2","5"
"Yntyshkin","3","2","5"
"yocpupchill","2","3","5"
"Yoendry02102574321","3","2","5"
"YogurtTheHorse","2","3","5"
"YOmarY555","1","4","5"
"yonagold","3","2","5"
"Yoncu","3","2","5"
"yongyong73","2","3","5"
"Yoonalii","3","2","5"
"YorkshireBoi","1","4","5"
"Yoroshii","2","3","5"
"yosef9988","3","2","5"
"yosoytupap","3","2","5"
"yossef_9009","2","3","5"
"Yotam-Mordechay","3","2","5"
"Yotunheimr","3","2","5"
"YouhanaGerges","3","2","5"
"youmac","3","2","5"
"youngboy69","3","2","5"
"your400elomagnus","2","3","5"
"yourpawn","3","2","5"
"Yousef_3ly","3","2","5"
"Yousef6565","3","2","5"
"yousefabbas719","2","3","5"
"YousefAlluhaydan","2","3","5"
"yousefsafari","2","3","5"
"Yousiov","3","2","5"
"youssefbarkouz","3","2","5"
"Youssefe4","3","2","5"
"Youssofal","3","2","5"
"Yousufkhan1234","3","2","5"
"Yoyo1313","2","3","5"
"Yra_Bratslav","2","3","5"
"YSD231","2","3","5"
"yskyby","3","2","5"
"YSNLEG01","3","2","5"
"ytakacz","2","3","5"
"ythsjks","3","2","5"
"yudha121","2","3","5"
"yuffington","2","3","5"
"yuga27","2","3","5"
"yujunnn","3","2","5"
"yulianmiqueli","3","2","5"
"yummychess","1","4","5"
"YungGrandfather","2","3","5"
"yungmiddy","3","2","5"
"yuniel634","2","3","5"
"yunterntyt","2","3","5"
"YUNUS_EMRE_INCE","3","2","5"
"yunusb24","2","3","5"
"yunusemre046","3","2","5"
"Yura_46","2","3","5"
"Yura137","2","3","5"
"yuratre","2","3","5"
"YuriFayziev","2","3","5"
"YurijRoslyakov","2","3","5"
"yurivit1943","2","3","5"
"yusco","2","3","5"
"yuso3213","2","3","5"
"YusufAli10","2","3","5"
"YusufAYARsonic","2","3","5"
"YusufKaanDamcayiri","3","2","5"
"Yusufshn31","2","3","5"
"yusvanis","2","3","5"
"Yutax","3","2","5"
"YuvaanCC","4","1","5"
"Yuval151","3","2","5"
"yuvenoberai1","3","2","5"
"yuvi_chess","2","3","5"
"YuzuSupremacy","3","2","5"
"yvi_freebird","3","2","5"
"yvonnamazing","3","2","5"
"yyo","3","2","5"
"yyrk740","2","3","5"
"Yzn_06","3","2","5"
"z_pietrzak","3","2","5"
"z_rus","3","2","5"
"z0mbie12","1","4","5"
"Z0RICA","3","2","5"
"Z2023","2","3","5"
"Z5063878097","2","3","5"
"ZABKA6","2","3","5"
"zacguy","2","3","5"
"zack_zamel","2","3","5"
"ZafDXB","3","2","5"
"ZafeHaven","2","3","5"
"zaferbayrak","2","3","5"
"ZaharShch_2012","3","2","5"
"ZahedMousavi","3","2","5"
"Zahwey","3","2","5"
"Zain83","2","3","5"
"ZainDDniaZ","3","2","5"
"ZAITER33","2","3","5"
"zakarov","2","3","5"
"Zakhar_1","2","3","5"
"Zakhar_Pelekhatyi","2","3","5"
"zakixor","2","3","5"
"Zaldizoro","2","3","5"
"zale33","2","3","5"
"ZalfaPleya","2","3","5"
"zalimus578","3","2","5"
"Zalo80","4","1","5"
"zamaerh","3","2","5"
"Zamalek_1st","3","2","5"
"zamchael23","2","3","5"
"zamroniikhsan","3","2","5"
"Zaniarabd","2","3","5"
"Zannas3","3","2","5"
"ZANNIAS","2","3","5"
"Zappanale","2","3","5"
"zaq0zaq","2","3","5"
"Zaraza133","3","2","5"
"Zargumar","3","2","5"
"zarifahasanova","3","2","5"
"zarof","3","2","5"
"zarulja1967","2","3","5"
"zastrozhin","2","3","5"
"zaur55","2","3","5"
"Zavet2006_RU","2","3","5"
"zawlwinmaung","4","1","5"
"ZayyadRidha","2","3","5"
"zazjeveux","3","2","5"
"Zazouza230","3","2","5"
"zbates","2","3","5"
"ZbigniewCieslukowski","1","4","5"
"zbmaster","3","2","5"
"Zbog74","3","2","5"
"zcerf","3","2","5"
"ZDemir06","2","3","5"
"zdenekmestecky","3","2","5"
"Zdravkomal","2","3","5"
"zdt789rt","1","4","5"
"zeak11","3","2","5"
"Zedak_777","3","2","5"
"ZEDDK47","3","2","5"
"Zeddy2001","3","2","5"
"zehir55","2","3","5"
"Zeki41","2","3","5"
"Zeko111","2","3","5"
"Zeko6","1","4","5"
"Zeley","3","2","5"
"Zelophehad","3","2","5"
"zema3000","3","2","5"
"Zemilia-l","2","3","5"
"ZeMoChe","3","2","5"
"ZemRom","3","2","5"
"Zenathan-A","3","2","5"
"ZenCat","2","3","5"
"zenchmaster","2","3","5"
"Zeniya_Sokov_1980","3","2","5"
"Zeno_9631","2","3","5"
"ZePawn","2","3","5"
"zephyruu","3","2","5"
"Zeusiro","2","3","5"
"Zeyad_waleed12","3","2","5"
"zeyhyp","3","2","5"
"Zezito","2","3","5"
"zezka379","2","3","5"
"zgigi","2","3","5"
"zgodasulzer","3","2","5"
"Zgz815","3","2","5"
"ZhannaT2015","3","2","5"
"zhano","3","2","5"
"ZharifMifzal","2","3","5"
"ZHASSAN","2","3","5"
"Zhdan_2013","1","4","5"
"ZHERUUA","3","2","5"
"ZhezhaIV","2","3","5"
"Zhomart25","3","2","5"
"zhrarstmi","4","1","5"
"Zhvz","3","2","5"
"Ziad_faraj","2","3","5"
"Ziadava","3","2","5"
"ziaddtarek","2","3","5"
"Ziadelsepakhey","1","4","5"
"ziaghorbanpoor","3","2","5"
"Zibi2302","2","3","5"
"ZicoTheBear","1","4","5"
"ZinnyAnnour","2","3","5"
"zionic","2","3","5"
"ZirZopp07","2","3","5"
"Zite2023","2","3","5"
"zixdom789","2","3","5"
"Ziyavutdin","2","3","5"
"zizo9009","2","3","5"
"zlaja63","2","3","5"
"Zlatanu","2","3","5"
"zlmacel","2","3","5"
"zloimaerrr","3","2","5"
"ZM31","2","3","5"
"ZO7OV","3","2","5"
"Zoe-P-OHES","3","2","5"
"Zoe203Garcia","3","2","5"
"ZOJIOTOU_CJIOH","1","4","5"
"zokicharm","3","2","5"
"zonata","4","1","5"
"Zongereg","3","2","5"
"Zoomerqq","2","3","5"
"zoomlion","1","4","5"
"zooz9099","1","4","5"
"ZORBA30","2","3","5"
"zorbacsi","3","2","5"
"zorfo08","3","2","5"
"zoro2908","3","2","5"
"Zorro786","3","2","5"
"Zozori","2","3","5"
"zqw","2","3","5"
"zrinoir","4","1","5"
"zrynd","3","2","5"
"Zubenko1917","2","3","5"
"zuczek1726","2","3","5"
"ZugzWangLee","2","3","5"
"zuheyir35","2","3","5"
"Zuja2","3","2","5"
"ZukiZoko","3","2","5"
"zuko2016","4","1","5"
"zule67","1","4","5"
"zurskiy","3","2","5"
"Zverev_Misha","1","4","5"
"zvonimir16","3","2","5"
"zvonkec01","2","3","5"
"zw-t","2","3","5"
"ZX12tk","3","2","5"
"zxzyk","2","3","5"
"zyba21789","2","3","5"
"Zygmus55","2","3","5"
"Zyngalamaduni","3","2","5"
"Zyrox01","2","3","5"
"ZZ7OP","3","2","5"
"Zzshirz","2","3","5"
"zzzzz707","1","4","5"
"A_71","1","3","4"
"a_a_a_h","2","2","4"
"a_aaaaaaaaaaaaaaaaaa","1","3","4"
"a_anonymous_s","2","2","4"
"a_c_33","3","1","4"
"a_cagan20","2","2","4"
"A_Dhatri","2","2","4"
"A_Ismail238","2","2","4"
"A_Makedon","2","2","4"
"A_MMino","3","1","4"
"a_moazzami1333","2","2","4"
"A_Nordio","2","2","4"
"a_sean","1","3","4"
"A-G-L","1","3","4"
"A-K-A-T-S-U-K-I","1","3","4"
"A0508151286","1","3","4"
"a0mineX","2","2","4"
"a1bharadwaj2019_64k","2","2","4"
"a1ogon","2","2","4"
"a1se","2","2","4"
"A364Aleksandr","1","3","4"
"a3ix","1","3","4"
"A47389606SANTIAGO","2","2","4"
"A63309702FREY","2","2","4"
"a7138024","2","2","4"
"a737","2","2","4"
"AA76","2","2","4"
"AAAA3838940","2","2","4"
"aaamar","3","1","4"
"aaatop","1","3","4"
"aabr5566","2","2","4"
"AAbrosim","1","3","4"
"AADHWIN","2","2","4"
"aadittshah","2","2","4"
"aadvik_gudipati","2","2","4"
"Aadvikhiranandani","3","1","4"
"aadya3319","2","2","4"
"AAG-57","2","2","4"
"aagarfin128","1","3","4"
"aahanchat09","2","2","4"
"AAHolikova2013","2","2","4"
"aaknc","3","1","4"
"aalcalina","2","2","4"
"aapashko","2","2","4"
"AAphiwe","2","2","4"
"aaradhyakannan","2","2","4"
"Aarambha20731222","1","3","4"
"Aarav311","2","2","4"
"Aarav836","3","1","4"
"Aaravisawesome","2","2","4"
"aaravmpillai","3","1","4"
"AaravStest5","2","2","4"
"aarehman","2","2","4"
"aarit17","1","3","4"
"Aarnavmasilkar","2","2","4"
"Aaron_Whitney","2","2","4"
"AarOn100223","3","1","4"
"AaronCore","3","1","4"
"aaronmic2014","3","1","4"
"AaronNim","3","1","4"
"Aarsh_Cnova","2","2","4"
"Aaru_1235","1","3","4"
"aarush_09","2","2","4"
"AARUSH563","3","1","4"
"Aarushi-kasturi","2","2","4"
"aarushkbhat","1","3","4"
"Aasang","1","3","4"
"Aashin_S_teTo","1","3","4"
"Aashiqps","2","2","4"
"aassddffgg978","1","3","4"
"Aayanchess_1","2","2","4"
"Aayansh123","2","2","4"
"Aayushi_dubey5","3","1","4"
"ab_1209","2","2","4"
"AB_game87","2","2","4"
"AB_Mike","3","1","4"
"AB_Supto","2","2","4"
"ab1989","2","2","4"
"AB5253","2","2","4"
"ab620","2","2","4"
"abacan","3","1","4"
"abadalla","2","2","4"
"aBahadori200","2","2","4"
"abakar1968","3","1","4"
"AbangChess","2","2","4"
"AbasAbasi2020","3","1","4"
"abasdelvar1143","2","2","4"
"Abbas453","1","3","4"
"abbaseltejaei","2","2","4"
"Abbasov-Mais","2","2","4"
"abbietheunicorn","2","2","4"
"abd14","2","2","4"
"abd27","2","2","4"
"abdalahadmnierjy","2","2","4"
"ABDALLA_SABRY93","2","2","4"
"abdallahboda","3","1","4"
"Abdallh12345355","2","2","4"
"Abdallha4","3","1","4"
"Abddallah","2","2","4"
"abdel3ziiiz","3","1","4"
"abdelali05","2","2","4"
"abdelhakdouera1","1","3","4"
"abdelkaderkada","2","2","4"
"abdelmabrouk","2","2","4"
"abdelmonemali","2","2","4"
"abdelrahman17288","2","2","4"
"abdelwahab12","1","3","4"
"Abdelwahed_1","2","2","4"
"Abderzak79","2","2","4"
"Abdi_R89","2","2","4"
"Abdissaid","2","2","4"
"Abdo_124","3","1","4"
"Abdo_elfiky98w","3","1","4"
"Abdo_Elomla","2","2","4"
"Abdo_soltan37","2","2","4"
"abdo5012","2","2","4"
"abdoalnady","2","2","4"
"abdodellg3","2","2","4"
"abdokassab","2","2","4"
"abdokhlif","1","3","4"
"Abdoljbar","2","2","4"
"Abdolkarim-atran","2","2","4"
"abdookamel","2","2","4"
"Abdosadek95","2","2","4"
"abdou41789","1","3","4"
"abdoulaye98","1","3","4"
"abdoussssss","2","2","4"
"AbdulAziz9868","2","2","4"
"Abdulfattah07","1","3","4"
"Abdulhamid01","2","2","4"
"Abdulkadir1990","3","1","4"
"Abdullah_Karahan","1","3","4"
"abdullah2mahmo","3","1","4"
"Abdullah776","2","2","4"
"AbdullahSaber","3","1","4"
"AbdullRahman-Goda","2","2","4"
"Abdulrahmanawal55","2","2","4"
"abdulrhman-ashraf","3","1","4"
"Abdulrhman-Bahaa","3","1","4"
"Abdurazokov_Sh","1","3","4"
"abedinzadeh","2","2","4"
"Abel12341","1","3","4"
"abene45551","1","3","4"
"AbGk","3","1","4"
"Abhi-2015","2","2","4"
"abhi1983","2","2","4"
"Abhi7258","2","2","4"
"Abhigupta2009","3","1","4"
"abhijith1839","2","2","4"
"Abhilash621","1","3","4"
"abhineetmekin123","2","2","4"
"AbhirajSaha","1","3","4"
"abhiramd","3","1","4"
"abhisanjh5927","2","2","4"
"abhishek_Chess2021","2","2","4"
"Abhishek_TripathiG","2","2","4"
"abhishek4003","2","2","4"
"abhishekshah1998","1","3","4"
"abhiwadan_bhaduka","2","2","4"
"abinpaul2001","1","3","4"
"abir19812","2","2","4"
"Abirkar003","1","3","4"
"abkara02","2","2","4"
"ablewasiereisawelba","1","3","4"
"abo3bdalla","2","2","4"
"ABO6MHMAD656","2","2","4"
"Aboalrikab","2","2","4"
"Abobakr1983x","2","2","4"
"Abohazem526","2","2","4"
"abokalet","2","2","4"
"AbolfazlHeydari1012","2","2","4"
"AbolfazlJavidian","2","2","4"
"AbolghasemSafari","2","2","4"
"Abolist","2","2","4"
"abomoaaz1900","3","1","4"
"Aboobackershaz","2","2","4"
"aboobackershaz3000","3","1","4"
"aborody2021","1","3","4"
"abosaeed1","3","1","4"
"AboudChess","2","2","4"
"Abowesam8","2","2","4"
"abr_shukur_2014","1","3","4"
"Abr4x4s","1","3","4"
"AbrahamPenaIII","2","2","4"
"abrams97","3","1","4"
"Abraxxas87","2","2","4"
"ABRIL_MAR","3","1","4"
"absch","3","1","4"
"absolutely_no_undo","2","2","4"
"abtinrayeni94","2","2","4"
"abtl21","2","2","4"
"abu_adam","2","2","4"
"abu_nael","1","3","4"
"Abu-Eliah1","2","2","4"
"abu-Shamil","1","3","4"
"Abu3baid","2","2","4"
"Abubakrbasheer","2","2","4"
"abuchipudi","1","3","4"
"abuhzzaaalbadi","2","2","4"
"Abulfaz67","2","2","4"
"AbuNael","2","2","4"
"Abusagitov_Rasim","1","3","4"
"abyelashov","1","3","4"
"AbZaki99","3","1","4"
"accordingtoallknownl","2","2","4"
"acd760","2","2","4"
"AcE_14993","2","2","4"
"AceHighlawn","2","2","4"
"ACEITUNOfernandez","2","2","4"
"Acemi_Kaleci","2","2","4"
"ACFCIUTO","2","2","4"
"achard","1","3","4"
"achat80","2","2","4"
"achrafkhlif1","1","3","4"
"AchrafTheGeek","3","1","4"
"achsogenau","2","2","4"
"achyuthan1_cca","3","1","4"
"Ackward74","3","1","4"
"acn2727","1","3","4"
"acone","1","3","4"
"acqued8","1","3","4"
"acsinteco","2","2","4"
"actiondynamite","2","2","4"
"AcuChess","2","2","4"
"ad_dhillen","2","2","4"
"ad-gg","1","3","4"
"adadom","2","2","4"
"adam_chill","2","2","4"
"Adambazan","2","2","4"
"AdamHassouna","1","3","4"
"Adamka0713","1","3","4"
"AdamKa27","2","2","4"
"adamlol99","1","3","4"
"AdamOsadtheSecond","2","2","4"
"AdamOverBoard","2","2","4"
"Adamsus1234","3","1","4"
"adamu","2","2","4"
"adanee77","2","2","4"
"adarsh615430","3","1","4"
"AdarshYadav0088iii","3","1","4"
"Adayga4","1","3","4"
"Adec_007","1","3","4"
"Adeen250514","2","2","4"
"Adel_Basna","2","2","4"
"Adel_Foda77","2","2","4"
"adel_kaloti","3","1","4"
"adel-b","2","2","4"
"adelhamdy8","2","2","4"
"adelhus15","1","3","4"
"Adem_hamdi","1","3","4"
"adem67","2","2","4"
"Ademistanbul","2","2","4"
"ADENTOS","2","2","4"
"aderfamm","2","2","4"
"adev3107","3","1","4"
"adeyemoabiola99","2","2","4"
"adham3494","1","3","4"
"AdhamAlghazaly","2","2","4"
"adhi_esa","1","3","4"
"Adhi008","3","1","4"
"adhincsabu","2","2","4"
"AdhrithD","2","2","4"
"AdhvikChess5210","1","3","4"
"adhvikgurram","2","2","4"
"Adhvin","1","3","4"
"adi_lutim","2","2","4"
"adicks","1","3","4"
"Adiezco","2","2","4"
"Adifakay","2","2","4"
"Adiko146","2","2","4"
"Adil_iqqaine","2","2","4"
"Adilbek2302","2","2","4"
"AdilBoi","2","2","4"
"Adilcheesman","1","3","4"
"Adilet_2014","2","2","4"
"Adilsongeo","2","2","4"
"adinathcc","2","2","4"
"Adinpi","1","3","4"
"adinsheikh","2","2","4"
"Adira2017","3","1","4"
"Adith12","2","2","4"
"adithyaharimyson","1","3","4"
"AditiKhedkar_Tieto","2","2","4"
"Aditya_237","3","1","4"
"Aditya_J3","2","2","4"
"aditya_krishna17","2","2","4"
"aditya_y84","1","3","4"
"AdityaAryan_2020015","2","2","4"
"adityabpmce","2","2","4"
"Adiya2015","1","3","4"
"Adlerauge66","1","3","4"
"AdliGamil","2","2","4"
"adlkins","2","2","4"
"adnanfaz","3","1","4"
"adnankhaddam72","1","3","4"
"AdNo14","1","3","4"
"ado_sohayb_14","2","2","4"
"ado1284","3","1","4"
"Ador221955","3","1","4"
"AdorableMainGoose","2","2","4"
"Adorjan96","2","2","4"
"Adorpogi","2","2","4"
"adosh88","3","1","4"
"Adpon8","3","1","4"
"adria7","2","2","4"
"adrian-bot","2","2","4"
"Adrian34","2","2","4"
"adrian5kopf","3","1","4"
"AdrianaMAT","2","2","4"
"adriandarum","1","3","4"
"AdrianEM2023","2","2","4"
"adrianodiasdl","1","3","4"
"AdrianYusof","2","2","4"
"AdrienSokaris","3","1","4"
"Adritdas_2013","2","2","4"
"adrkid725","3","1","4"
"AduhAwas","2","2","4"
"AdultOutliner","2","2","4"
"Advait-Mayekar","2","2","4"
"Advaitdaga","2","2","4"
"advaithnair2012","2","2","4"
"Advay_01052017","3","1","4"
"Advik_vijay21","2","2","4"
"Advik-pawar","2","2","4"
"Advith01","2","2","4"
"AdySol","1","3","4"
"Aeaa4","1","3","4"
"aedesium","2","2","4"
"aekfil","2","2","4"
"aemolina","1","3","4"
"aerch78","1","3","4"
"aerdna69","2","2","4"
"aeriss73","2","2","4"
"aeropastle","3","1","4"
"aesilva19","2","2","4"
"aesm","2","2","4"
"Aesop07","1","3","4"
"AF_eng","2","2","4"
"AFA_SURGEON","2","2","4"
"Afjtgs","3","1","4"
"afki8789","1","3","4"
"afonsusdiLencis","3","1","4"
"afshin_sadeghi","2","2","4"
"afshin1970","2","2","4"
"Afshin2","2","2","4"
"agag2","1","3","4"
"agamennoneatride","1","3","4"
"AgataKristi123","2","2","4"
"agbdesigns","2","2","4"
"Agcabedi04","3","1","4"
"agent_pong","2","2","4"
"Agent_Shrek","3","1","4"
"Aghammedov","1","3","4"
"aghee28","2","2","4"
"Agnesito","1","3","4"
"agnetasavia","2","2","4"
"AgreshAnand","1","3","4"
"AGS66","3","1","4"
"agshot1956ge","2","2","4"
"Aguaita","1","3","4"
"aguilareal16","1","3","4"
"Agus_PaluGada","3","1","4"
"AGUSCHESSER","1","3","4"
"AgusRape","1","3","4"
"agustinchenna","2","2","4"
"ah_b","2","2","4"
"Aha2001","1","3","4"
"Ahadzareei","2","2","4"
"Aharon_Muzychanka","2","2","4"
"ahcharmik","2","2","4"
"AHDPEU575","2","2","4"
"Ahimar","3","1","4"
"Ahm7777","2","2","4"
"Ahmad_1970","3","1","4"
"Ahmad_Aytoune","3","1","4"
"Ahmad_chamani","2","2","4"
"Ahmad_ElKoudsi","1","3","4"
"ahmad0711","3","1","4"
"Ahmad0909","2","2","4"
"Ahmad1187","2","2","4"
"Ahmad138Sy","3","1","4"
"ahmad19865","2","2","4"
"Ahmad56gu","3","1","4"
"ahmad5d5","2","2","4"
"ahmadalawe","1","3","4"
"ahmadallahamahmad","2","2","4"
"ahmadbahadoi","3","1","4"
"AhmadFarikh_10","2","2","4"
"ahmadiamat","2","2","4"
"Ahmadiu6321","3","1","4"
"Ahmadkassem","1","3","4"
"ahmadkimi","2","2","4"
"Ahmadmah","2","2","4"
"Ahmados-2008","2","2","4"
"AhmadPop","2","2","4"
"Ahmadqulov","3","1","4"
"Ahmadreza_he","2","2","4"
"ahmadshalabiii","2","2","4"
"AhmadSyarif","3","1","4"
"Ahmd_13","3","1","4"
"Ahmd1993","2","2","4"
"ahmdd55","2","2","4"
"Ahmdi2900","1","3","4"
"Ahmed_3ssaf","2","2","4"
"Ahmed_Bayoumy","1","3","4"
"Ahmed_llll","1","3","4"
"Ahmed-2011","3","1","4"
"Ahmed-Elsaaid6","2","2","4"
"Ahmed-slama","2","2","4"
"Ahmed0610","2","2","4"
"Ahmed1Atef","3","1","4"
"Ahmed1Sr","2","2","4"
"ahmed321567","2","2","4"
"Ahmed92Fahmy","3","1","4"
"Ahmed93Ramadan","3","1","4"
"ahmed99N","2","2","4"
"AhmedAbdEllhalek","1","3","4"
"ahmedabdo22","2","2","4"
"Ahmedalgazzar12345","2","2","4"
"ahmedali126af","2","2","4"
"Ahmedalsagaf","1","3","4"
"Ahmedaraki","2","2","4"
"ahmedbelhaj94","1","3","4"
"ahmeddisoge","2","2","4"
"Ahmedeldeeb2022","3","1","4"
"ahmedfoxman1","2","2","4"
"ahmedgamal2023","2","2","4"
"AhmedGhiniwa","1","3","4"
"ahmedhnakk","2","2","4"
"ahmedhp7","2","2","4"
"Ahmedhussein296","2","2","4"
"ahmedkhbizat","2","2","4"
"AhmedMACH","2","2","4"
"AhmedMekki","2","2","4"
"ahmedmodric94","2","2","4"
"ahmedmonazea","3","1","4"
"ahmedmorgan2026","2","2","4"
"AhmedMostafa1995","2","2","4"
"ahmedreda_1","3","1","4"
"ahmedsaid264","2","2","4"
"Ahmedshehata1964","2","2","4"
"ahmedsobieh","2","2","4"
"Ahmedtako98","1","3","4"
"Ahmedthewolf","1","3","4"
"AhmedX","3","1","4"
"AhmedYahiaX","1","3","4"
"AhmedZAKI23","3","1","4"
"ahmeed7","3","1","4"
"Ahmerd","3","1","4"
"ahmetalp7","2","2","4"
"AhmetEmreKendir1","2","2","4"
"AhmetEymen43","2","2","4"
"ahmetgndz151","1","3","4"
"ahmetmtl06_07","2","2","4"
"ahmetsmlozdemir","2","2","4"
"ahmt07","1","3","4"
"AHOO-A","2","2","4"
"ahurt879","3","1","4"
"ahyaf","1","3","4"
"Aibar06kz","3","1","4"
"Aibn","2","2","4"
"aidan_baituman","3","1","4"
"AidarskY","2","2","4"
"Aidarzx","2","2","4"
"aidin_g2012","3","1","4"
"Aimnaishvili","2","2","4"
"Aina_Sicario_04","2","2","4"
"ainarazafy","2","2","4"
"AIR_Driger","1","3","4"
"AIrinaV","2","2","4"
"Airon8","1","3","4"
"Aisha_sc_bahadur","2","2","4"
"aissaboumediane","2","2","4"
"aissamate","2","2","4"
"Aitaland","2","2","4"
"ajax19","2","2","4"
"ajay3231","3","1","4"
"ajaychamp","3","1","4"
"AjayPraveen2010","2","2","4"
"ajaysharma261253","3","1","4"
"ajchalyshev","2","2","4"
"AJCL07","2","2","4"
"Ajed_Torres","2","2","4"
"ajedrez64","3","1","4"
"ajedrezxx","1","3","4"
"Ajedrologo","3","1","4"
"ajefedrez","2","2","4"
"Ajem125","2","2","4"
"Ajeriko","3","1","4"
"ajg2012","2","2","4"
"ajg2059","3","1","4"
"ajg3eh","2","2","4"
"ajimeeravasanthkumar","2","2","4"
"AjinandArun","2","2","4"
"ajlm93","2","2","4"
"ajnand","2","2","4"
"ajoychoudhury2","2","2","4"
"ajsrk1207","2","2","4"
"ajton","2","2","4"
"ajurcec7","3","1","4"
"Ak51L0se","2","2","4"
"Akademik10041996","1","3","4"
"akalia","1","3","4"
"Akangsaiful","1","3","4"
"Akanksha_Yadav","1","3","4"
"akaphantom","2","2","4"
"akarimia","3","1","4"
"akash_tri","2","2","4"
"Akash9356","2","2","4"
"AkashRa","3","1","4"
"akauso","2","2","4"
"akbal1979","2","2","4"
"akbar95","1","3","4"
"Akber1960","3","1","4"
"akeinyenuka","2","2","4"
"akenpalihawadana","3","1","4"
"akfknc","2","2","4"
"AKhendawy","2","2","4"
"akheyfets","2","2","4"
"Akhil3202","3","1","4"
"akhileshdey","1","3","4"
"AkhmetChess","2","2","4"
"AkibaRubinstein33","2","2","4"
"akifkhrmn","1","3","4"
"Akiosan","1","3","4"
"Akis79","2","2","4"
"AKJ001","2","2","4"
"akMOORthy22","3","1","4"
"akomirelli","3","1","4"
"Akopov27","2","2","4"
"Akor97","2","2","4"
"akotetzki","2","2","4"
"akrad79","1","3","4"
"Akram_Safarbekow","2","2","4"
"Akrame5","3","1","4"
"akrepkral1977","1","3","4"
"Akshaj017","2","2","4"
"Akshay1234-5","3","1","4"
"Akshouna","2","2","4"
"AksiniaPorto","3","1","4"
"AKStyleZ","1","3","4"
"Akulenok1981","2","2","4"
"akunju200","3","1","4"
"akutsa","2","2","4"
"akyelaras","2","2","4"
"akywa","2","2","4"
"AL_AN7","2","2","4"
"al_fawaris","1","3","4"
"Al1204","3","1","4"
"Al3x444","1","3","4"
"AL634185","2","2","4"
"AL9000","2","2","4"
"al956","1","3","4"
"alaa555fgh","3","1","4"
"AlaaAlaaf7g7","2","2","4"
"Alaarden","2","2","4"
"Alaathair","3","1","4"
"alach2001","2","2","4"
"Alahn","2","2","4"
"alali12","1","3","4"
"Alan10","2","2","4"
"Alan2908","2","2","4"
"Alanchik777","2","2","4"
"alanmega78","2","2","4"
"AlanMk","1","3","4"
"AlanML","2","2","4"
"alansmith","2","2","4"
"alantu","2","2","4"
"AlanUmburana","2","2","4"
"alarinkiri","1","3","4"
"ALASUA_GM_2009","2","2","4"
"albabblitz","2","2","4"
"albadrey","2","2","4"
"albamar","2","2","4"
"AlbanRousselot","1","3","4"
"AlbaRod","1","3","4"
"albatrots","2","2","4"
"Alberna","2","2","4"
"albert_dunk","1","3","4"
"Albert5639","3","1","4"
"albertfrj","3","1","4"
"Albertik55","3","1","4"
"AlbertKhalitov","2","2","4"
"Albertochess63","3","1","4"
"albertoestrllado","1","3","4"
"albertofs","3","1","4"
"AlbertoMarra","3","1","4"
"albertomf","3","1","4"
"Albertoxadrez","2","2","4"
"Albigal","3","1","4"
"Albin2000","3","1","4"
"Albina2802","2","2","4"
"Albino72","3","1","4"
"alblaihi","2","2","4"
"albon","1","3","4"
"Albundi12","2","2","4"
"ALC70","3","1","4"
"alcabrejas","2","2","4"
"AlcalitePlayz","1","3","4"
"Alcalun","2","2","4"
"Alceu35","2","2","4"
"alchem8000","2","2","4"
"alcherchiglia","2","2","4"
"Alcide_I","3","1","4"
"AlconisR64","3","1","4"
"alconzflores","2","2","4"
"alcottdive","2","2","4"
"alcure","3","1","4"
"AldaloKytty","2","2","4"
"Aldape64","2","2","4"
"Aldistdo","1","3","4"
"aldmx76","3","1","4"
"Aldovlore","2","2","4"
"aldozrb","2","2","4"
"aldqmee511","3","1","4"
"aldu22","1","3","4"
"Ale_fuah","2","2","4"
"alec1110","2","2","4"
"Alecovski","2","2","4"
"ALecSuS","2","2","4"
"Aled_nn","1","3","4"
"Aledeltop","2","2","4"
"aleeex999","2","2","4"
"Alef_20","2","2","4"
"alegus","1","3","4"
"alehin1957","3","1","4"
"alejandro_xd2009","2","2","4"
"alejandrojoshua-2013","1","3","4"
"Alejandrok2r2","2","2","4"
"Alejandromalfitani","2","2","4"
"Alejos_Show","2","2","4"
"alekhinesgun2010","2","2","4"
"Aleks_Play","2","2","4"
"Aleks119","2","2","4"
"Aleks531","2","2","4"
"Aleks587","2","2","4"
"Aleksaaa555","3","1","4"
"aleksadunav","2","2","4"
"Aleksandr_Ksenevich","3","1","4"
"Aleksandr-130612","3","1","4"
"aleksandr168","3","1","4"
"Aleksandr1971_07","2","2","4"
"Aleksandr197508","2","2","4"
"aleksandr701","2","2","4"
"Aleksandra_005","2","2","4"
"aleksandraprijovic21","2","2","4"
"Aleksandriys","2","2","4"
"AleksandrNekhoroshik","3","1","4"
"Aleksandrnorkin7225","2","2","4"
"AleksCholak","2","2","4"
"Aleksei_S","2","2","4"
"ALEKSEY_761","3","1","4"
"Aleksey_B-l-ff","2","2","4"
"aleksey_hmyz1980","2","2","4"
"aleksey2282007","2","2","4"
"AlekseySosnin","2","2","4"
"AlekseyViktorovich62","2","2","4"
"Aleksius369","3","1","4"
"aleksrozman","2","2","4"
"alen2379","2","2","4"
"AlenaNiki2021","2","2","4"
"AlEnka14","3","1","4"
"Alenushka_1","3","1","4"
"aleph58","3","1","4"
"AleRybkin10","2","2","4"
"alessandrotc","2","2","4"
"AlessDimest","3","1","4"
"Aletonii","3","1","4"
"Alex_0667","3","1","4"
"alex_107","2","2","4"
"Alex_2014JR","2","2","4"
"Alex_Altay","2","2","4"
"Alex_bes","2","2","4"
"Alex_Bogu4arov","2","2","4"
"Alex_Dawn","3","1","4"
"alex_drgnv","2","2","4"
"Alex_lebedev_1","3","1","4"
"alex_nistrean","3","1","4"
"Alex_Optimus","2","2","4"
"Alex_Parchuk","2","2","4"
"Alex-1507","2","2","4"
"Alex-99_s","2","2","4"
"alex-galev","2","2","4"
"Alex00701","2","2","4"
"Alex0613","2","2","4"
"Alex100463","2","2","4"
"Alex1015","3","1","4"
"alex1234543212345","1","3","4"
"alex16011","1","3","4"
"Alex196577","1","3","4"
"alex2018x","1","3","4"
"alex22ra","2","2","4"
"Alex2311xelA","2","2","4"
"Alex5bor","2","2","4"
"alex727272","1","3","4"
"alex8101949","2","2","4"
"Alexander_Belousov87","2","2","4"
"Alexander_ms","1","3","4"
"Alexander_Mundt","3","1","4"
"Alexander_pacific","2","2","4"
"Alexander_Pak","2","2","4"
"Alexander_Petrov77","1","3","4"
"Alexander_Rohit","2","2","4"
"Alexander14112002","2","2","4"
"Alexander2022chess","3","1","4"
"AlexanderBobkov","1","3","4"
"alexandr_lub","2","2","4"
"Alexandr-1980","2","2","4"
"Alexandr160389","2","2","4"
"Alexandr7775","2","2","4"
"Alexandre0910","2","2","4"
"AlexandrKenzeev-10","2","2","4"
"AlexandrMichailovich","2","2","4"
"AlexavierII","3","1","4"
"AlexBKug","3","1","4"
"alexbor93","2","2","4"
"Alexcacaca","2","2","4"
"AlexConev","3","1","4"
"alexei8b","2","2","4"
"Alexey_Kanterin","3","1","4"
"Alexey_Savkin","1","3","4"
"AlexeyDevyatov80","2","2","4"
"Alexeylikesjazz","3","1","4"
"alexeysavilov","2","2","4"
"AlexFort34","2","2","4"
"AlexGoStraight","3","1","4"
"Alexhleon","2","2","4"
"alexjosephs","2","2","4"
"alexkanash1","2","2","4"
"alexkoryagin","1","3","4"
"AlexKVU","2","2","4"
"ALEXLESNIK","2","2","4"
"AlexMarin33","3","1","4"
"AlexMuzic","1","3","4"
"AlexMyersZZ","1","3","4"
"AlexNN22","2","2","4"
"AlexNoGamer","1","3","4"
"alexp1973","1","3","4"
"alexpvrker","2","2","4"
"Alexr216","2","2","4"
"Alexrits","2","2","4"
"AlexRoqa-as","2","2","4"
"Alexsandero","1","3","4"
"AlexSeFF","2","2","4"
"Alexshahandmat","2","2","4"
"AlexSport","1","3","4"
"AlexTheGreat1988","2","2","4"
"alextrova19","2","2","4"
"alexzambar","2","2","4"
"alfakrisa","1","3","4"
"AlfaRomeo79","1","3","4"
"Alfarouk123","2","2","4"
"Alfawolf777","2","2","4"
"alfieregiallo","1","3","4"
"alfil1","2","2","4"
"alfil1986","2","2","4"
"Alfildespistado","3","1","4"
"alfilVigilante19","2","2","4"
"Alfred_wu","2","2","4"
"alfred27","2","2","4"
"Alfred766hi","3","1","4"
"AlfredBanda88","1","3","4"
"AlfredENewman100","2","2","4"
"AlfredHitchcock","3","1","4"
"alfredjkwak","2","2","4"
"AlfredoGuilundo1","2","2","4"
"Alfxxd_88","1","3","4"
"AlgarmaN","2","2","4"
"alghanemjaber","2","2","4"
"Algophobia","3","1","4"
"AlHaitham","2","2","4"
"Alhareth1","2","2","4"
"alhas112","2","2","4"
"Alhassan8","2","2","4"
"Alhelaly","2","2","4"
"ali_332244","2","2","4"
"ali_abadi","2","2","4"
"Ali_Amouei","1","3","4"
"ali_bahrevaran","1","3","4"
"Ali_M_S","2","2","4"
"Ali_Maxim","2","2","4"
"Ali_Mon","2","2","4"
"Ali_moradi_2013","2","2","4"
"Ali_Qusay","2","2","4"
"ali_sedaghat","2","2","4"
"ALI-1993","2","2","4"
"ALI-7272","2","2","4"
"ALI-DAHMANE","3","1","4"
"ali-pakdelmoghadam63","3","1","4"
"ali111_rubin4","2","2","4"
"Ali1238845","2","2","4"
"ali30bb","3","1","4"
"Ali53sarab","3","1","4"
"ali829","1","3","4"
"ALI960","2","2","4"
"Aliabdo12","3","1","4"
"Aliakbari400","1","3","4"
"aliakbarnoroozi","2","2","4"
"Aliakhlaghi","2","2","4"
"alialhadi321","2","2","4"
"alialjanaby355","3","1","4"
"Aliameen12","3","1","4"
"aliasd271","2","2","4"
"alibinak","2","2","4"
"aliboy","2","2","4"
"Alibrahem","2","2","4"
"aliBTH","2","2","4"
"AliciJa","2","2","4"
"Alicinar_aktas2016","1","3","4"
"aliDjabri","3","1","4"
"AliElsadek","2","2","4"
"AlienPlayer85","2","2","4"
"alienworms","2","2","4"
"alienziro","2","2","4"
"aliev01","2","2","4"
"aligh4298","2","2","4"
"aligolzari","3","1","4"
"alihakami","2","2","4"
"Alihan2023","2","2","4"
"Alihan2593","2","2","4"
"aliharun06","2","2","4"
"AliHosseinpoor","2","2","4"
"aliiboss","2","2","4"
"alikaratas","2","2","4"
"alikerem061","2","2","4"
"Alikhan-7","2","2","4"
"AlikhanAskar","1","3","4"
"Alim09","1","3","4"
"alimemar","2","2","4"
"alimohamaddokht","2","2","4"
"Alimthna","2","2","4"
"alimukhobi","2","2","4"
"alina_78","2","2","4"
"Alinaalinaalina","2","2","4"
"alinasser","3","1","4"
"Aliona_Bunny","2","2","4"
"aliosmanayhann","2","2","4"
"aliOZTure","2","2","4"
"aliparsa809","2","2","4"
"alireza_1399","2","2","4"
"alireza_eagle","2","2","4"
"alireza_motlagh92","2","2","4"
"Alireza-1395","2","2","4"
"alireza1_iran","2","2","4"
"Alireza1364577","2","2","4"
"Alireza354","3","1","4"
"alirezakoohyar","2","2","4"
"AliRiza_Mentese26","2","2","4"
"alirr_13622","2","2","4"
"alisan_beyrami","2","2","4"
"alisebiatqwwq","2","2","4"
"AliShaa1500","3","1","4"
"Alisher-Anosag-ruwan","2","2","4"
"Alissimo87","2","2","4"
"Aliswag","2","2","4"
"Alitahir_youtube1452","1","3","4"
"alivolkanozden","1","3","4"
"Aliyou5","3","1","4"
"Alka228","1","3","4"
"alkabdythh","3","1","4"
"Alkeal","3","1","4"
"Alkor4ik","2","2","4"
"AlKost","2","2","4"
"All1983","1","3","4"
"allabergan53","1","3","4"
"allaktion","2","2","4"
"AllanPetrov","2","2","4"
"AlliedBarberMoose","2","2","4"
"allnamesaretaken21","2","2","4"
"allroadsleadtodisco","2","2","4"
"ALLSSOO","1","3","4"
"Allypop","1","3","4"
"allzendergirl","2","2","4"
"Almafuerte89","2","2","4"
"Almagic0","1","3","4"
"almail","1","3","4"
"Almasesorkh","3","1","4"
"Almee","1","3","4"
"Almendral","1","3","4"
"almintchev","3","1","4"
"Almogabar","1","3","4"
"Almorca","1","3","4"
"Almukhtar","3","1","4"
"Almuniente","3","1","4"
"Almutasin","3","1","4"
"ALNASR7","3","1","4"
"alob28","1","3","4"
"alokdhot1","2","2","4"
"Alom_k","2","2","4"
"alone1312","3","1","4"
"alonskoy","2","2","4"
"alonso92222","2","2","4"
"Alonzoo1994","1","3","4"
"alosis","2","2","4"
"alouettebaba","2","2","4"
"alpad","2","2","4"
"alpameyang","2","2","4"
"Alpercan42","2","2","4"
"alperen07","2","2","4"
"ALPEREN63","1","3","4"
"alpha_nomadic","2","2","4"
"AlphaZeroxd","1","3","4"
"Alppit","2","2","4"
"alqama","3","1","4"
"alqana","2","2","4"
"ALREMO","3","1","4"
"alsa007","3","1","4"
"alshehri507","2","2","4"
"Alta1234","1","3","4"
"altab2021","2","2","4"
"altacell","1","3","4"
"Altair2015","1","3","4"
"altaynoobmaster","2","2","4"
"AlternativelyGenious","2","2","4"
"altopa60","2","2","4"
"altunenes7","1","3","4"
"Alucard9205","2","2","4"
"alupatash2020","2","2","4"
"aluquez1971","1","3","4"
"Alusi","2","2","4"
"alvandisetvat","1","3","4"
"AlvaroCH","2","2","4"
"Alvaroyt74","1","3","4"
"alvarqs","2","2","4"
"alwinjohnmathew","1","3","4"
"Alyabany","1","3","4"
"Alygadov","3","1","4"
"AlyonaT","3","1","4"
"Alyud_CCN","3","1","4"
"AM1994","1","3","4"
"am1r_a","2","2","4"
"am2001er","2","2","4"
"Amado1987","1","3","4"
"AmairaRainbow","2","2","4"
"Amal_TA_10","2","2","4"
"amancaycolque","3","1","4"
"AmandaMar","2","2","4"
"Amandoszaripbaevich","1","3","4"
"AMANgg07","2","2","4"
"amanuel12","2","2","4"
"amar1928","2","2","4"
"amateurchess25","2","2","4"
"AmateurGuitarist","3","1","4"
"Amauterasu","2","2","4"
"amaya10","1","3","4"
"Ambiguous_M","3","1","4"
"ambkc","3","1","4"
"AMCDiegoTM","2","2","4"
"amdali","1","3","4"
"Amdressar94","1","3","4"
"Ame-Yume","3","1","4"
"ameerbinbasheer","2","2","4"
"Amele123","1","3","4"
"amelliug","2","2","4"
"amer972","2","2","4"
"Ameriko","1","3","4"
"Amethan2006","2","2","4"
"ameur123","2","2","4"
"AmeyaShivapuje8x8","2","2","4"
"Ami1516","2","2","4"
"AmidalavolDergar","2","2","4"
"Amik2015","3","1","4"
"amin_068","2","2","4"
"Amin_Nazari","1","3","4"
"Amin-plankton","1","3","4"
"amineqatice","3","1","4"
"Aminshnp","2","2","4"
"amintohari","2","2","4"
"Aminur19","2","2","4"
"Amir_25","2","2","4"
"Amir_rahimpour","2","2","4"
"amir-hossein-e","3","1","4"
"Amir-Maestro","2","2","4"
"amir0505","2","2","4"
"amir1357","2","2","4"
"amir5898786","1","3","4"
"Amir814","2","2","4"
"Amirali_2010","1","3","4"
"amirali-gholinezhad","2","2","4"
"amirali138928","2","2","4"
"amiranvari","2","2","4"
"Amirarsalann1395","1","3","4"
"Amirfer","1","3","4"
"amirhos4690","2","2","4"
"Amirhosein_1402","3","1","4"
"Amirhosein_rey","2","2","4"
"Amirhosin7","3","1","4"
"AmirHossein4477","2","2","4"
"Amirmahdi_90","2","2","4"
"amirmjs","2","2","4"
"amirmusavi","2","2","4"
"Amirnikan94","2","2","4"
"amirparham-bt","2","2","4"
"Amirreza296","2","2","4"
"amirrr1991","2","2","4"
"Amirsultan2014","3","1","4"
"amiryosefli13","1","3","4"
"Amirzhan2013","1","3","4"
"AMIT713","2","2","4"
"Amj00","2","2","4"
"Amjad9990","2","2","4"
"Amjadkalladi","2","2","4"
"amk2021","1","3","4"
"Ammar_Abdelfattah","2","2","4"
"Ammar_AL-Shagga","2","2","4"
"Ammar_Azfar","3","1","4"
"ammar_magdy2001","2","2","4"
"ammar196323","3","1","4"
"ammar1995ali","2","2","4"
"Ammar2405m","2","2","4"
"ammarana","2","2","4"
"Ammaroz","2","2","4"
"Amme12","2","2","4"
"ammmmd","3","1","4"
"amoldi","1","3","4"
"amoorejay","2","2","4"
"AmorphoAmalga","2","2","4"
"amr_74","2","2","4"
"amr_ebrahim","2","2","4"
"amr_mo2020","3","1","4"
"Amr_Mousa","3","1","4"
"AMR-SABEE","1","3","4"
"amr271","2","2","4"
"amrane123","2","2","4"
"amrhany1","3","1","4"
"amritansh28","2","2","4"
"Amro_Feckry87","2","2","4"
"amron","2","2","4"
"amrooo222","2","2","4"
"Amrsaad21","3","1","4"
"Amrullah1965","1","3","4"
"AMS2021","2","2","4"
"amsat1","1","3","4"
"amsyir_umar","2","2","4"
"amthlalali","2","2","4"
"amudava","2","2","4"
"amuna1945","2","2","4"
"Amurskiy666","1","3","4"
"amvmc","2","2","4"
"An0drewdodo27","2","2","4"
"an0osh","2","2","4"
"an2rey75","2","2","4"
"Anacondayz","2","2","4"
"anagha_08","1","3","4"
"anagha_yardi","2","2","4"
"Anagha23","1","3","4"
"Anaisrros","2","2","4"
"Anakin94","2","2","4"
"AnakinWQ","1","3","4"
"analog_A6","3","1","4"
"ananakanan","3","1","4"
"anand-anikate","2","2","4"
"Anandon","2","2","4"
"Anandvader","2","2","4"
"Anar1978","2","2","4"
"AnarvaS","1","3","4"
"Anas_72","2","2","4"
"anas_walid1","2","2","4"
"Anasnedungodu","2","2","4"
"anassweed12","2","2","4"
"Anastasi0s","1","3","4"
"Anathan_2013","2","2","4"
"Anatoly-fugitive","3","1","4"
"Anatoly1962","2","2","4"
"anatoly335","1","3","4"
"Anaximenes12","2","2","4"
"Anays","2","2","4"
"Ancer2015","2","2","4"
"AND_MEN78","2","2","4"
"AND1771","2","2","4"
"andeelmohammed","3","1","4"
"Anderson_86","3","1","4"
"AnDerSon0245","2","2","4"
"Andersonmachadosc","3","1","4"
"AndersonRoberto","2","2","4"
"AndoniPB","2","2","4"
"andor_99","1","3","4"
"Andre_Salloum","1","3","4"
"Andrea67","1","3","4"
"andreaanto23","3","1","4"
"AndreaChimenti1976","2","2","4"
"Andreascacchi1234","1","3","4"
"andreataranto","2","2","4"
"Andrei17092015","2","2","4"
"AndreiKonovalov","2","2","4"
"Andrej11","1","3","4"
"Andrejcaigor","1","3","4"
"Andrejs1205","2","2","4"
"Andrelopato","3","1","4"
"AndreMark_1977","3","1","4"
"Andremaverick","3","1","4"
"ANDREPINCAJA","2","2","4"
"AndresChicoRodriguez","2","2","4"
"andresfelipegc2","2","2","4"
"andreswinner","1","3","4"
"andrew_04","1","3","4"
"Andrew_Popovych","3","1","4"
"Andrew_Usanov","2","2","4"
"Andrew0o0","2","2","4"
"Andrew21436886","2","2","4"
"Andrew51290","2","2","4"
"Andrew55","3","1","4"
"Andrewboy_1992","2","2","4"
"Andrey_14_Kolbasin","2","2","4"
"Andrey_Bargov","2","2","4"
"Andrey_Hot","2","2","4"
"Andrey_Ivashev","2","2","4"
"Andrey_V_Kozlov","3","1","4"
"Andrey_Zh1","2","2","4"
"Andrey0059","3","1","4"
"Andrey1101","1","3","4"
"Andrey12-z","2","2","4"
"andrey19810104","2","2","4"
"Andrey198248","2","2","4"
"andrey414040","2","2","4"
"Andrey5701","2","2","4"
"Andreybushehr","2","2","4"
"AndreyDvRoman14","2","2","4"
"Andreyevs","3","1","4"
"andreyfil86","2","2","4"
"AndreyFilatenkov","2","2","4"
"AndreyLom","2","2","4"
"andreyvoyko","2","2","4"
"AndrianMeda","2","2","4"
"Andrii100","2","2","4"
"AndriiVolodimir","2","2","4"
"andrikj72","2","2","4"
"Andriy_Hvalibota5","2","2","4"
"Andromeda_0","3","1","4"
"Andruew","2","2","4"
"Andruskhin47","1","3","4"
"andryha1976","3","1","4"
"AndrzejBursa","1","3","4"
"Andwerreds","2","2","4"
"Andy_Hall","2","2","4"
"Andy_Yad","1","3","4"
"andycharters","3","1","4"
"Andyduner","3","1","4"
"AndyFR07","3","1","4"
"andymarklow","3","1","4"
"AneeshSangma","2","2","4"
"Anegdot88","1","3","4"
"anel13","2","2","4"
"Anevass","2","2","4"
"Ange_de_L_enfer","1","3","4"
"Angeel1975","2","2","4"
"angel_59","2","2","4"
"angelateo","1","3","4"
"AngelFerchess","2","2","4"
"Angelo2117","3","1","4"
"AngeloPerz","1","3","4"
"angelosi","1","3","4"
"angelwolf4723","2","2","4"
"AngelYerik","2","2","4"
"angrymouse","2","2","4"
"angrytwitto","1","3","4"
"angyl","2","2","4"
"Anhthuhahaha123","2","2","4"
"Ani-09","3","1","4"
"Aniceto_III","2","2","4"
"Aniket_360","2","2","4"
"aniketkumarptk","3","1","4"
"Anil_chaurasia","3","1","4"
"anil1980","1","3","4"
"anilaki","2","2","4"
"Anilkasprocn","2","2","4"
"anilm_sg","2","2","4"
"Anilpolo","2","2","4"
"Anilvaliyaveettil","3","1","4"
"anilyurtman","2","2","4"
"AniolRoig","2","2","4"
"anirudhgautam","2","2","4"
"AnirudhPandey","2","2","4"
"Anish_6724","2","2","4"
"AnishCar","2","2","4"
"anithasri2oo17","2","2","4"
"anival1","3","1","4"
"ANJAL_2014","1","3","4"
"anjaniji","2","2","4"
"Anjecam","2","2","4"
"anjusarkar27","3","1","4"
"Ankan265","2","2","4"
"AnkitMundkar","2","2","4"
"Ankitverma00","1","3","4"
"Ankulkanodi","2","2","4"
"anmar0","3","1","4"
"anmolanal1101","3","1","4"
"anmolSjp","2","2","4"
"ann131313","3","1","4"
"Anna-Sebastiano","2","2","4"
"anna59","2","2","4"
"Annapeer","2","2","4"
"Anneca202310","3","1","4"
"anneliesd","2","2","4"
"annepujk","2","2","4"
"annesantos","2","2","4"
"annhien2016","1","3","4"
"Annika15","2","2","4"
"annilpatkar57","2","2","4"
"annriyajith","2","2","4"
"annwyl","2","2","4"
"AnnX_X","2","2","4"
"anon69420911","3","1","4"
"anonimo3339","2","2","4"
"AnonimousSheepBG","1","3","4"
"Anonycute","1","3","4"
"Anonymous1111111OP50","1","3","4"
"anonymousisanonymous","1","3","4"
"anonyWillow","2","2","4"
"anoosh_970","3","1","4"
"another_patrick","1","3","4"
"AnotherOneBadPlayer","3","1","4"
"AnoukS11","2","2","4"
"AnriHakobyan","1","3","4"
"Ans-2021","2","2","4"
"ansani","2","2","4"
"Anshadani","2","2","4"
"anshanand5961","3","1","4"
"Anshkarsingh","2","2","4"
"anshmehrey555","2","2","4"
"anshpatil300413","2","2","4"
"Anshul_loves_anime","3","1","4"
"ansorzakaria35","2","2","4"
"AnSpaHain","2","2","4"
"Antanas_A","2","2","4"
"antaxe","3","1","4"
"anteatchess","3","1","4"
"anthonny2f","3","1","4"
"anthouard","1","3","4"
"AntiMale","2","2","4"
"AntiTiming","3","1","4"
"Anton_Antonian_Abin","3","1","4"
"Anton553","2","2","4"
"Anton69","2","2","4"
"Anton700","2","2","4"
"Anton8555","3","1","4"
"antonguttenberg","2","2","4"
"Antonina18","2","2","4"
"antonio0603","2","2","4"
"Antonio2201","3","1","4"
"Antonio9234","1","3","4"
"antonioja07","1","3","4"
"AntonioReyesG","3","1","4"
"antonnnnnnnnnnnnnnn","1","3","4"
"AntonTheGreat7","2","2","4"
"AntonVlasenko","2","2","4"
"Antony03","2","2","4"
"antony1026","2","2","4"
"AntoPro_Chess","3","1","4"
"antport","2","2","4"
"antrex","3","1","4"
"antu2772","2","2","4"
"antuka","2","2","4"
"Antus122","2","2","4"
"antXpu100","2","2","4"
"Antyschematyczny1989","3","1","4"
"AntZeta","3","1","4"
"Anuamameth2023","2","2","4"
"Anufrievdima","2","2","4"
"Anugrah_Gupta","1","3","4"
"Anuj2016","2","2","4"
"anukritigo","3","1","4"
"Anumitabh","1","3","4"
"anupsaxena","1","3","4"
"Anuraghav","2","2","4"
"anvarmarsolu01","1","3","4"
"anvaymeshram","3","1","4"
"aoju","3","1","4"
"AOUMAG","3","1","4"
"AP13276","1","3","4"
"AP1696","2","2","4"
"AP1977","2","2","4"
"ap95v2","2","2","4"
"Apa-tee","2","2","4"
"apavon","2","2","4"
"apb123","2","2","4"
"aperli","2","2","4"
"Apfelkern","2","2","4"
"APLC","3","1","4"
"apokerist","1","3","4"
"Apollon000","2","2","4"
"apolyr","2","2","4"
"apomphrey","2","2","4"
"APOOORVTHEKING","2","2","4"
"ApoPrime","2","2","4"
"Apoptosischess","1","3","4"
"applechess2023","2","2","4"
"Appolyon_69","1","3","4"
"Appus1234","2","2","4"
"Apreliya","2","2","4"
"aprendizchess2022","3","1","4"
"apuray","2","2","4"
"ApurvSaxena","2","2","4"
"APUSARKER081","1","3","4"
"aqashi112058","2","2","4"
"aqeel_azhari","1","3","4"
"Aqiyuddin","2","2","4"
"Aquamarin","3","1","4"
"AquariusAquarius","2","2","4"
"aquariusregia","2","2","4"
"Aquiles122","1","3","4"
"aqwaman","2","2","4"
"ar2830","2","2","4"
"ar2di2","2","2","4"
"Araazmirzayi","3","1","4"
"arabicleader","2","2","4"
"arachichest","1","3","4"
"aradjan","2","2","4"
"Aragoooorn","2","2","4"
"aragorn42","2","2","4"
"Aramang","2","2","4"
"Arapuquento","3","1","4"
"ararat13082002","2","2","4"
"ARARAT777","2","2","4"
"Arasebadi","1","3","4"
"Arash1979","2","2","4"
"arash2024","2","2","4"
"arashjabbarian","2","2","4"
"arashss","2","2","4"
"Arathore","2","2","4"
"Arb0zik","2","2","4"
"Arcarrow","2","2","4"
"Arcekiller","2","2","4"
"archakov06","1","3","4"
"Archi92","3","1","4"
"arcoiris123","2","2","4"
"Arczi122","2","2","4"
"ArdaDurak0","2","2","4"
"ArdahanBeyefendisi","2","2","4"
"ArdaK_54","1","3","4"
"ardasenel","1","3","4"
"ardavanghorashi","3","1","4"
"Ardeiwann","2","2","4"
"ArdenNGM","2","2","4"
"Ardilla-85","2","2","4"
"ArduChessBot","2","2","4"
"arefsayegh77","2","2","4"
"Aremat","2","2","4"
"arenandic_21","2","2","4"
"Arensjoachim","2","2","4"
"arepamaster54","3","1","4"
"arf100","2","2","4"
"ArFh1993","1","3","4"
"argy-bargy","3","1","4"
"arham082006","1","3","4"
"Arhe_CA","1","3","4"
"ARHF1983","2","2","4"
"arhimed54","2","2","4"
"ari23pue","2","2","4"
"Aria_NMDR","2","2","4"
"Ariana_MC2023","2","2","4"
"Ariangol","2","2","4"
"Ariansofi","2","2","4"
"Ariara25","2","2","4"
"ariel2018","3","1","4"
"Arielluna","3","1","4"
"arifchawdhury","3","1","4"
"arifewithane","2","2","4"
"Arina_Dre","2","2","4"
"arindamghosh201l","3","1","4"
"ARINE1354","3","1","4"
"arinjaydg","2","2","4"
"ariovist00","2","2","4"
"Ariquent","2","2","4"
"Aris_Batman70","2","2","4"
"aris_santo","2","2","4"
"ArisGatsios","2","2","4"
"AristideC","2","2","4"
"aristidesrosario","2","2","4"
"Aristo007","1","3","4"
"arisuhu","2","2","4"
"Ariuntugs","1","3","4"
"ariyafarzin","1","3","4"
"arj_seo","1","3","4"
"ARJOUS3094","3","1","4"
"ArjunDixit","1","3","4"
"Arjunprakesh","2","2","4"
"Arjunsathish4","2","2","4"
"arjunsuresh","2","2","4"
"arjunups4","1","3","4"
"Arkadiusz02","3","1","4"
"arkadiy35","1","3","4"
"arkania","3","1","4"
"Arlan_12","3","1","4"
"arLan_manru","3","1","4"
"Arlan_TB","2","2","4"
"arlan201127","2","2","4"
"Arlex","3","1","4"
"arlizan","2","2","4"
"Armaaand","1","3","4"
"armadilloch","2","2","4"
"Arman_76","2","2","4"
"Arman0910","2","2","4"
"Armand_BatresRBSD","2","2","4"
"ARMANN5","2","2","4"
"armanueles","3","1","4"
"armed_queen","2","2","4"
"armenaper1992","1","3","4"
"armengev","2","2","4"
"armin_mhmdi","2","2","4"
"arminia2","2","2","4"
"armkbr","3","1","4"
"Armstrong26","2","2","4"
"arnab1729","2","2","4"
"Arnaudldzzz","2","2","4"
"Arnav_1109","2","2","4"
"Arnav1813","2","2","4"
"arnavinbox","3","1","4"
"Arnavpal2011","3","1","4"
"Arnel012","1","3","4"
"arnel098","2","2","4"
"arngos","3","1","4"
"Arnost1000","2","2","4"
"Arobertrodriguez","2","2","4"
"aron888eu","3","1","4"
"AronchikPinchik101","2","2","4"
"arondadi","2","2","4"
"Arpins","2","2","4"
"ArponKhan","2","2","4"
"arr4ni","2","2","4"
"arrandira","1","3","4"
"ArrayOfBits","2","2","4"
"arrgo","3","1","4"
"arrison","3","1","4"
"ARS_05","2","2","4"
"arsalanmohamadi","2","2","4"
"Arsdek","3","1","4"
"Arsenal_7","2","2","4"
"Arsenal141","2","2","4"
"arsenii-nat","3","1","4"
"Arsenii1234","3","1","4"
"Arseniuss","2","2","4"
"Arseniy_Nechaev20-11","2","2","4"
"Arseniy1802","1","3","4"
"arsha11881188","2","2","4"
"Arshdua","1","3","4"
"arshiaakbari1391","2","2","4"
"Arshsluys","2","2","4"
"Arslan2580","2","2","4"
"Arslan39406655","1","3","4"
"Arsoof","1","3","4"
"arstou","2","2","4"
"art4080","2","2","4"
"Artaeushaniv_2511","2","2","4"
"Artan_Mhammadi","2","2","4"
"Artek_2021","2","2","4"
"Artem013","1","3","4"
"Artem2009magic","1","3","4"
"Artemis_Boyko","3","1","4"
"ArtemKornev8","2","2","4"
"Artemolimpnn","3","1","4"
"ArtemPlatov24","3","1","4"
"artemy63","3","1","4"
"ArthSakpal789","1","3","4"
"Arthur_V12","2","2","4"
"Arthurchesss10","1","3","4"
"Artikeey","1","3","4"
"artimonky","2","2","4"
"Artin1234567898","2","2","4"
"Artist49","3","1","4"
"artiza","2","2","4"
"Artskhskiy","3","1","4"
"artsyd","3","1","4"
"artur_244","2","2","4"
"ARTUR-009","1","3","4"
"artur-gly","2","2","4"
"Arturek2015","2","2","4"
"Arturo_19","3","1","4"
"arturo6","3","1","4"
"Arturomc","2","2","4"
"ArturoRS","1","3","4"
"arTurpol","2","2","4"
"ArturTakavor","3","1","4"
"artus1948","2","2","4"
"artyamlna01","2","2","4"
"Artyom_Alexandrov","1","3","4"
"Artyom_Communist","2","2","4"
"Arun2220","3","1","4"
"Arun73","1","3","4"
"Arunava1003","2","2","4"
"Arunsking7","1","3","4"
"Arur_E","2","2","4"
"Arush_2022","2","2","4"
"Arvan-tiamo","2","2","4"
"arwkarwk","2","2","4"
"Arya871","3","1","4"
"aryan_ghelani-king","2","2","4"
"aryan_y18","2","2","4"
"Aryan2013chess","1","3","4"
"Aryan5632","2","2","4"
"AryanHaqeem","2","2","4"
"aryanii","3","1","4"
"Arytheus","2","2","4"
"arzoobansal","3","1","4"
"Arzu134","1","3","4"
"Arzy23","2","2","4"
"AS-00","3","1","4"
"As2000mo","2","2","4"
"asad-azad","2","2","4"
"Asad2end","2","2","4"
"asafcevher","2","2","4"
"asafsatranc61","1","3","4"
"asak_ashu","2","2","4"
"asal_ka","3","1","4"
"Asapresh","2","2","4"
"Asaris123","3","1","4"
"aschek","2","2","4"
"ASD_alikagan","2","2","4"
"asdad3255435","2","2","4"
"asdfzxczxczcx","2","2","4"
"asel01","3","1","4"
"ASG2020","2","2","4"
"asgeir1","2","2","4"
"Ash_Marks","3","1","4"
"ASHE030","2","2","4"
"ashiklom","2","2","4"
"Ashish1111A","2","2","4"
"ashiskundu","2","2","4"
"ashkan_9876","1","3","4"
"Ashlalala","2","2","4"
"Ashley1609","2","2","4"
"AshleyMundandishe","2","2","4"
"AshNik007","2","2","4"
"Ashok-kumar-M","3","1","4"
"Ashok2004","2","2","4"
"Ashok705","2","2","4"
"Ashok99","1","3","4"
"ashonfire","1","3","4"
"ashrafbadawy10","3","1","4"
"ashscoot","1","3","4"
"Ashton_43","2","2","4"
"Ashu790","3","1","4"
"ashushish","1","3","4"
"ASHUTOSHGODARA","2","2","4"
"ashwin12k","2","2","4"
"asia202","2","2","4"
"asialek","3","1","4"
"asianbeast264","3","1","4"
"Asifuzzu","3","1","4"
"asim_infinty","2","2","4"
"ASinfulTaco","1","3","4"
"asisghose","2","2","4"
"ask12345","1","3","4"
"Askat","3","1","4"
"askeraliyevvvv","1","3","4"
"Aslan_Zharkymbek01","2","2","4"
"aslan1973","2","2","4"
"Aslanbur","3","1","4"
"AslanOral1234","3","1","4"
"aslanterbiyecisii","2","2","4"
"Asmaintier","3","1","4"
"asmar100","2","2","4"
"ASngh","2","2","4"
"asobi","2","2","4"
"Asoka1","3","1","4"
"asoltanli538","2","2","4"
"AsonAjie_broly","1","3","4"
"aspasp96","2","2","4"
"aspatra76","2","2","4"
"aspenion","2","2","4"
"Asphodelos_Khelone","3","1","4"
"asplahat","2","2","4"
"Assa023","2","2","4"
"Assaadd","2","2","4"
"Assak0098","2","2","4"
"Assassin2010","2","2","4"
"Assassine1","2","2","4"
"AssassinNi3","2","2","4"
"Assassinstalker","2","2","4"
"Assil93","2","2","4"
"AssumingRH","3","1","4"
"ast-0410","3","1","4"
"Astakhov_Evgeniy2011","1","3","4"
"astefan197","2","2","4"
"Asteriks713","2","2","4"
"ASTRA002","1","3","4"
"astrobiker","2","2","4"
"aswad11","2","2","4"
"aswanthramsk","2","2","4"
"Aswinsuresh","2","2","4"
"Asyabeyaz","2","2","4"
"Asyabukre60","2","2","4"
"Asylbek_Aldiyar","1","3","4"
"Asyltore","2","2","4"
"AsylumDreams","1","3","4"
"asyuta-kam2318","1","3","4"
"aszar","2","2","4"
"ata101","2","2","4"
"ATAashrafi22","3","1","4"
"ataj26","2","2","4"
"atakanapaydin","2","2","4"
"Ataksiyon","2","2","4"
"atamosaj","1","3","4"
"ATASHAMAN","1","3","4"
"atayavas","3","1","4"
"ATE06660ST","3","1","4"
"atefe_ch1","2","2","4"
"atefov","2","2","4"
"Aten_Gnu","3","1","4"
"atfranco","2","2","4"
"athanang","2","2","4"
"AtharArzan","2","2","4"
"Atharv_W","2","2","4"
"atharvameyyappanwin","2","2","4"
"atharvdevesar12","2","2","4"
"athrax34","2","2","4"
"Athropatena","3","1","4"
"Athul_123","2","2","4"
"AthulSugarajan","2","2","4"
"Atia_Ayman55","2","2","4"
"AtiAvi","2","2","4"
"atifruzgar","2","2","4"
"atikahkarami96","2","2","4"
"atila_atola777","2","2","4"
"atilaworld","3","1","4"
"Atillaugur","3","1","4"
"atlais","3","1","4"
"atnrisk","2","2","4"
"atonlyavi","1","3","4"
"atrefilov","2","2","4"
"atreyu85","2","2","4"
"ats1977","2","2","4"
"Attak_Queen","2","2","4"
"attorney24","2","2","4"
"Atul_03","1","3","4"
"Atychi09","1","3","4"
"AU-1","3","1","4"
"Audirust","3","1","4"
"audricraymundo","2","2","4"
"augarten","3","1","4"
"august2854","2","2","4"
"AugustIIMocnaPala","2","2","4"
"augustodj","2","2","4"
"augustwalker01","1","3","4"
"Aulus-Plautius","2","2","4"
"AurelianoVl","2","2","4"
"aurelio_pristeri","3","1","4"
"Aurelius_M","2","2","4"
"aureseba","3","1","4"
"auronjr","2","2","4"
"aurum_north","2","2","4"
"AustinSN","2","2","4"
"auza64","2","2","4"
"Av_AhmetY-Iscan","1","3","4"
"Avatar_11","2","2","4"
"avavavavavavavavavav","1","3","4"
"avaysberg","3","1","4"
"avcioglu93","2","2","4"
"AveMaria113","1","3","4"
"avengers_Iron","2","2","4"
"averination","2","2","4"
"avgon","2","2","4"
"Avi_Muthyala","2","2","4"
"Avi5152","1","3","4"
"aviasyon","1","3","4"
"avinashkhatri79","2","2","4"
"avkwan","1","3","4"
"AVL222","2","2","4"
"Avreman321","1","3","4"
"AVTich","2","2","4"
"avtobot22","2","2","4"
"avyuktdutta","2","2","4"
"avywin","1","3","4"
"Awangard6","3","1","4"
"Awise59","2","2","4"
"awkkkkkkk","2","2","4"
"awkward_boy","2","2","4"
"aws20201993","2","2","4"
"awshasan","2","2","4"
"awvoor","2","2","4"
"awwaldhia","2","2","4"
"ax-ale","3","1","4"
"AxCameron","2","2","4"
"axel_seque","2","2","4"
"Axel2523","3","1","4"
"AxelRamirezChess27","3","1","4"
"AxelThruster","2","2","4"
"axeltvv","3","1","4"
"Axicity","1","3","4"
"Axolotlwithumbrella","2","2","4"
"Axylle","3","1","4"
"Ay1010","2","2","4"
"AyaanVishwakarma_17","2","2","4"
"ayallinye","2","2","4"
"ayamsmi","3","1","4"
"ayattariq0143","1","3","4"
"Ayaxherrera","1","3","4"
"Aybek007","2","2","4"
"AycaDamla","2","2","4"
"aydan_2","2","2","4"
"Aydan2009","1","3","4"
"aydeness","2","2","4"
"ayeitzB","2","2","4"
"ayhan_hamzeh","2","2","4"
"aylana2015","2","2","4"
"ayliiin2016","3","1","4"
"aym3000","3","1","4"
"aymanel14","2","2","4"
"aymanmohmed427","3","1","4"
"Ayoubfix","1","3","4"
"ayoubhadi","2","2","4"
"ayoubzeis03","2","2","4"
"ayrahvpc","2","2","4"
"Ayrton93","2","2","4"
"aysegungor20","2","2","4"
"aytac1","2","2","4"
"aytugmemis25","1","3","4"
"ayush_121610","2","2","4"
"Ayush_Kumar_01","1","3","4"
"Ayush_Nerlekar","2","2","4"
"ayushfarad","2","2","4"
"ayushnaman2","2","2","4"
"ayvaz396","2","2","4"
"ayyam23","2","2","4"
"ayyuce2bahcebilfen","2","2","4"
"Azabor","2","2","4"
"AZAD-KOBANI","2","2","4"
"Azaliya2009","1","3","4"
"Azarudeen-sahul","3","1","4"
"Azat007","2","2","4"
"Azat2110","3","1","4"
"Azat61","2","2","4"
"AZE17","2","2","4"
"Azeri_Chess2012","2","2","4"
"Aziankoff","1","3","4"
"Azim_Albanna8819","3","1","4"
"Azinvalimohamadi","2","2","4"
"azismubarokk","2","2","4"
"Aziz_8","2","2","4"
"Aziz2014","2","2","4"
"azizacikgoz","2","2","4"
"AZIZBEK_uz","2","2","4"
"AZIZJON0310","2","2","4"
"azizrashidi53","2","2","4"
"Azlic","2","2","4"
"azra-2015","2","2","4"
"Azrailbhn","3","1","4"
"AzulPT","2","2","4"
"Azulroberto","2","2","4"
"azz49","1","3","4"
"azzamw","2","2","4"
"B_i_n_i_a_m","2","2","4"
"b_masr","3","1","4"
"b_oneil","1","3","4"
"B_R_G_R","1","3","4"
"b9r","3","1","4"
"baaaaalz","2","2","4"
"baaman111","1","3","4"
"baaska1204","3","1","4"
"Baatarmongol","3","1","4"
"Baba-Kapa","2","2","4"
"babadee","2","2","4"
"Babakatun_Yahaya","1","3","4"
"babay602260","2","2","4"
"babigol","2","2","4"
"BabkenMuradyan","3","1","4"
"babko","2","2","4"
"babu_bhaiya","1","3","4"
"babulrrb","1","3","4"
"babusea47","2","2","4"
"BabyShark88","2","2","4"
"BACHIR11","2","2","4"
"bacora085","3","1","4"
"Bad_Captain234","2","2","4"
"Bad_Puppy","2","2","4"
"bad_stover","3","1","4"
"BadBartSimpson","1","3","4"
"badger89","2","2","4"
"badlucc7","2","2","4"
"badluckgube","3","1","4"
"badr000","3","1","4"
"badran3082","3","1","4"
"badreddy","2","2","4"
"BAGDAD571","2","2","4"
"bagelbrat","1","3","4"
"BaggySallz","3","1","4"
"Bagira1","2","2","4"
"BagTel","2","2","4"
"bah_bah","2","2","4"
"bahaa_elhassan","2","2","4"
"bahaa23","2","2","4"
"bahador1999","3","1","4"
"Baharak80","3","1","4"
"baharbagheri","1","3","4"
"bahdan12","3","1","4"
"bahnascimento","2","2","4"
"Bahram1194","1","3","4"
"Bahtra777win","3","1","4"
"bai44","2","2","4"
"baikalian","2","2","4"
"bajonista","2","2","4"
"bakeeeee","2","2","4"
"Bakihanma1","2","2","4"
"bakio","2","2","4"
"Bakka4","2","2","4"
"Balage223","2","2","4"
"Balaio","2","2","4"
"balakrishnan_07","1","3","4"
"balamir1923","3","1","4"
"balamiredizileri","3","1","4"
"balasaiaravind-2","2","2","4"
"Balbes55","1","3","4"
"Balery62","2","2","4"
"BalkaGod","2","2","4"
"ballatibormajorka","3","1","4"
"ballcat","2","2","4"
"Ballery","2","2","4"
"balon_godseye","2","2","4"
"Balorclub","2","2","4"
"Baltinpsh","1","3","4"
"Balumbaaa","2","2","4"
"balvahe2","2","2","4"
"Balyshevdaniil","2","2","4"
"BambangS","2","2","4"
"Bambublino","1","3","4"
"Bananagaming_24","2","2","4"
"BananaPowered","1","3","4"
"bananedamour","3","1","4"
"bang_in","2","2","4"
"bangujock","2","2","4"
"Bani-mfarij","3","1","4"
"banik000","1","3","4"
"bankirskix","1","3","4"
"bankoff","2","2","4"
"Banninaker","2","2","4"
"baokhanh2014","1","3","4"
"barabas1961","2","2","4"
"barachielv","2","2","4"
"Barak48","3","1","4"
"Barakay","1","3","4"
"baranfirouzi","2","2","4"
"baranmuratcicek","3","1","4"
"baranov73","2","2","4"
"BaranovMaks2012","2","2","4"
"baranovskiy_Dmitry","3","1","4"
"baransavran06","3","1","4"
"Barashev_Albert","2","2","4"
"Barba_Azul","2","2","4"
"Barbaro1965","2","2","4"
"BARBODAa","3","1","4"
"Barbott","2","2","4"
"Barca-Hannibal","2","2","4"
"Bardin26Dima","1","3","4"
"BardinM","2","2","4"
"baris3412","2","2","4"
"barista08","2","2","4"
"Barkacsapu","2","2","4"
"barkin1458","2","2","4"
"Barkoka","3","1","4"
"Barkunik","2","2","4"
"barnakamura","2","2","4"
"barnelious","2","2","4"
"barnuli","2","2","4"
"BaronBukin","2","2","4"
"barrigonPB","1","3","4"
"Barsik47585","2","2","4"
"barsonce","3","1","4"
"Barta-erno","2","2","4"
"Bartekk01","1","3","4"
"BARTOLITOPIN","1","3","4"
"bartolo1228","3","1","4"
"bartos01","2","2","4"
"bartu-durak","2","2","4"
"Barule","2","2","4"
"Baryshi","2","2","4"
"Barzagli","2","2","4"
"barzanz","2","2","4"
"Basam_Kh","2","2","4"
"Basel_EG","2","2","4"
"Basel1elsawy","2","2","4"
"baselovitch","1","3","4"
"basem_amin10","2","2","4"
"Bashar1234597","2","2","4"
"Bashthemeth","2","2","4"
"basilwolk1","2","2","4"
"BassarA","2","2","4"
"bassooo","3","1","4"
"bassroman","2","2","4"
"Bastillon","3","1","4"
"Bastos4444444","2","2","4"
"Basu58","1","3","4"
"bataa4230","3","1","4"
"batangerz","1","3","4"
"Batdelger78","2","2","4"
"batfilejayant","1","3","4"
"Batmanx2A","2","2","4"
"batmor","3","1","4"
"batnape","2","2","4"
"Batnasn","3","1","4"
"bator1967","1","3","4"
"batpt2020","3","1","4"
"BattleKitty","2","2","4"
"battman013","3","1","4"
"batu301209","1","3","4"
"batuchesss","1","3","4"
"BatuhanAtasci3829","2","2","4"
"batuhangm","2","2","4"
"Batyr11","2","2","4"
"BatyrPro","2","2","4"
"BatysJan","1","3","4"
"bauerben","2","2","4"
"Bauernbue","2","2","4"
"bauleitung","3","1","4"
"Baumberger","1","3","4"
"Baur77","2","2","4"
"BautistaV","2","2","4"
"BAXI1","1","3","4"
"bay20Jake20","3","1","4"
"bayani1230","2","2","4"
"bayhermes1","2","2","4"
"Baymert","2","2","4"
"Bayraktar-UA","2","2","4"
"bayterchess","2","2","4"
"Bayyan","2","2","4"
"Bazinga51","2","2","4"
"Bazirov_22","1","3","4"
"bb13579222","2","2","4"
"bbalaee","2","2","4"
"bbaoo","2","2","4"
"BBBBBZZZZZZRRRRR","2","2","4"
"Bbbel17","2","2","4"
"bblaf","2","2","4"
"bburak_07","2","2","4"
"bca91","2","2","4"
"BCC_MinhThien_2015","2","2","4"
"bcc000043","2","2","4"
"bcgrove","2","2","4"
"bczero3","2","2","4"
"BD_chess21","2","2","4"
"BdanTehAwesomeV3","3","1","4"
"bdgbdgbdg","3","1","4"
"BeagleBoy","2","2","4"
"beakmenek","2","2","4"
"beangod202","2","2","4"
"Beanos19","3","1","4"
"beansexton","2","2","4"
"beard0925","3","1","4"
"BeastModeChess","2","2","4"
"Beata_monte","2","2","4"
"Beatskull","2","2","4"
"beauchamp1","2","2","4"
"BebeD","2","2","4"
"Bebralove","3","1","4"
"bebrax","2","2","4"
"Becce","1","3","4"
"Beckam0306","3","1","4"
"Becknum","2","2","4"
"bedaraj47","2","2","4"
"bedim","1","3","4"
"Bedirhan_07","2","2","4"
"Bedirhantuz","3","1","4"
"Beeftraeger91","2","2","4"
"beepboopbeep123","3","1","4"
"beerus2107","1","3","4"
"BeeTBoo","2","2","4"
"beffsdad","2","2","4"
"beginner20","2","2","4"
"begosmn","1","3","4"
"behin","2","2","4"
"Behrad_Bh","2","2","4"
"beibarys2022","2","2","4"
"Being_Grandmaster","2","2","4"
"Beka_2016","1","3","4"
"BekerAbbey","2","2","4"
"bekir_gabac","2","2","4"
"Beks_N","1","3","4"
"Belal_Elsherif","1","3","4"
"BelarionLP","3","1","4"
"BelaSenka","2","2","4"
"belfastgaz","1","3","4"
"Belibeli","2","2","4"
"Beliebig","3","1","4"
"BeLikeTal-2196","1","3","4"
"Belisariu5","1","3","4"
"Belka_1","2","2","4"
"bella49","2","2","4"
"BellaCiao41","2","2","4"
"bellakrazy","1","3","4"
"BellaMorella","1","3","4"
"bellhooks","1","3","4"
"belmadani11","2","2","4"
"Belras","3","1","4"
"belsound","2","2","4"
"Belyash63b","2","2","4"
"BeMa97","3","1","4"
"Bemmsi","2","2","4"
"BEN_21","2","2","4"
"ben_lawers","2","2","4"
"Ben_Martin","2","2","4"
"Ben-117","2","2","4"
"Benaka19337","1","3","4"
"Benaya1414","1","3","4"
"Benbeyaziz01","3","1","4"
"Benchohra","2","2","4"
"bender6969","2","2","4"
"BeneChess","2","2","4"
"benfroggo","1","3","4"
"benhamin7","2","2","4"
"BenitoMontero","1","3","4"
"BENITOPA","2","2","4"
"Benjajaja59","2","2","4"
"benjamin_6","2","2","4"
"Benjo81","2","2","4"
"BenLinus","2","2","4"
"Benner33","2","2","4"
"bennymzr94","3","1","4"
"benoit64","2","2","4"
"bensonherst","3","1","4"
"BentFaintIris","2","2","4"
"benthehorse","3","1","4"
"benwfreeman","1","3","4"
"Benze0815","1","3","4"
"benzeby","2","2","4"
"Beppo_Bascho","2","2","4"
"beratispir","3","1","4"
"berbekk","1","3","4"
"BErdenebat","2","2","4"
"Bergium_2","3","1","4"
"bergj24","3","1","4"
"beril_571","2","2","4"
"Berilis","2","2","4"
"Berin25","3","1","4"
"berkerkilic2017-1g","2","2","4"
"berkmtn10","2","2","4"
"Berkuttleubaev","2","2","4"
"berlin4k","2","2","4"
"berlininberlin","1","3","4"
"BernadetteSarica","2","2","4"
"Bernardo1092","2","2","4"
"bernischaffer","2","2","4"
"bernygouder1985","2","2","4"
"Berrichi","3","1","4"
"Berserker008","2","2","4"
"Berthasembiring","2","2","4"
"Berting358","2","2","4"
"BERYARD","1","3","4"
"Besik3","2","2","4"
"BestChessPlayer2013","2","2","4"
"bestsound1962","2","2","4"
"Bestunmi","2","2","4"
"besundesh2012","2","2","4"
"betaband","1","3","4"
"BETERRRRRR","3","1","4"
"bethzvonareva","2","2","4"
"betmenustatigametnem","2","2","4"
"Beto355","1","3","4"
"BetoCastor","2","2","4"
"BetoFlores","2","2","4"
"Betogora","3","1","4"
"betternexttime","2","2","4"
"BetterStudy","2","2","4"
"bettertft56","2","2","4"
"betzi_sanchez","1","3","4"
"Bez_mate","1","3","4"
"Bfftw","1","3","4"
"Bfk-Ben","3","1","4"
"BFR1966","1","3","4"
"BGC_11","3","1","4"
"bghnb","2","2","4"
"Bgrv1s","2","2","4"
"bgucum","2","2","4"
"bgulter","2","2","4"
"bgv1972","1","3","4"
"BHAGY3008","2","2","4"
"bhagyaanshgoel","1","3","4"
"bhaiovic","1","3","4"
"BhanSingh","1","3","4"
"Bhargav529","1","3","4"
"BHasaev77","2","2","4"
"bhautiksuthar98","3","1","4"
"bhavesh4176","1","3","4"
"BHILAM","3","1","4"
"bhimchess","2","2","4"
"bhl20","2","2","4"
"bhmclane","2","2","4"
"bhoemio","2","2","4"
"bhotloo","1","3","4"
"bhou","2","2","4"
"biancastamerra","2","2","4"
"bianco_sarti","1","3","4"
"Biavaschi","1","3","4"
"Biba04","2","2","4"
"bibaxou","1","3","4"
"Bibinjosephh","1","3","4"
"bibo5000","2","2","4"
"bibobata","2","2","4"
"Bibobik","2","2","4"
"BID00","3","1","4"
"Biel_Fuentes","2","2","4"
"bierbierbierbier","1","3","4"
"big_63","2","2","4"
"BigBagelBuster69","2","2","4"
"BigBelmar","3","1","4"
"bigbizon","2","2","4"
"BigBJames","3","1","4"
"bigbrain2011","2","2","4"
"Bigfish39","2","2","4"
"biggiegoldcoin","1","3","4"
"bigomessi","2","2","4"
"bigtimm","2","2","4"
"bigvchess","3","1","4"
"BII-001","2","2","4"
"biisho","2","2","4"
"Bijay_1549","1","3","4"
"bijiy","3","1","4"
"biker_one","2","2","4"
"bikidamir","2","2","4"
"BikRajGhalley","1","3","4"
"BIKRAMPRADHAN","2","2","4"
"BIL4L12","2","2","4"
"bilal190311","2","2","4"
"bilaltamimi65","2","2","4"
"bilbodwyer","2","2","4"
"bilgisever","1","3","4"
"Bilgudei","1","3","4"
"Bilican","2","2","4"
"Bill2008","2","2","4"
"BillamizarVizcaya","1","3","4"
"billie_dkid","1","3","4"
"BillionaireGambit","1","3","4"
"BillyLarge","2","2","4"
"billyShakespear","2","2","4"
"Bilolbek_14","2","2","4"
"Bin_chillin","2","2","4"
"Bin1A","2","2","4"
"BinaryFour","2","2","4"
"Binboyen","2","2","4"
"bindoman","2","2","4"
"Bine61","3","1","4"
"binECQ","2","2","4"
"binhminh06","2","2","4"
"bioolaf","2","2","4"
"bir_oleg","2","2","4"
"Bira_Bambiste","1","3","4"
"biril","2","2","4"
"Birly","3","1","4"
"birtan_pusat","2","2","4"
"biscuithands","2","2","4"
"Bishop_Brady","1","3","4"
"Bishoptvm","2","2","4"
"bisness","2","2","4"
"bisnu_sarkar","2","2","4"
"bispo158","1","3","4"
"BistryiGonzalez","1","3","4"
"biswaroop","2","2","4"
"BitanjiMi","3","1","4"
"BitBozo","2","2","4"
"bitpop","2","2","4"
"Bizent21","3","1","4"
"bjohannesson","3","1","4"
"bjornthor67","2","2","4"
"BKEvaldt","3","1","4"
"Bkrajeshbk","3","1","4"
"BL-inconnu","2","2","4"
"bl1nd_dude","2","2","4"
"Bl4ckPhoenix66","2","2","4"
"Bl4nkSp4c3","1","3","4"
"blabla0","2","2","4"
"blablabla_german","2","2","4"
"Blablachar","2","2","4"
"Black_Hat_Magic","2","2","4"
"Black_Sage","1","3","4"
"BlackAdder24","3","1","4"
"BlackGhostShip","2","2","4"
"Blackheart_96","2","2","4"
"BlackKnightM","2","2","4"
"BlackMavpa","2","2","4"
"blackram06","1","3","4"
"Blacksjaque","1","3","4"
"blackstarforever","2","2","4"
"Blade_of_Tomoe","2","2","4"
"Blag1","3","1","4"
"Blagsy909","2","2","4"
"blaine1987","2","2","4"
"blairhyatt","2","2","4"
"BlamelessCheeseball","2","2","4"
"blank1995","2","2","4"
"Blast2011","1","3","4"
"BlastFromYourPast","3","1","4"
"Blazerwarden","2","2","4"
"bledniy_hodok","2","2","4"
"Blefus","2","2","4"
"blekborn1453","2","2","4"
"BLER_85","2","2","4"
"blessedaml19","2","2","4"
"BlessmychessCZ","2","2","4"
"Blessrov","2","2","4"
"blgianinis","2","2","4"
"blicknix","1","3","4"
"blind_t","1","3","4"
"BlindGrimm","1","3","4"
"BlindJagulep","3","1","4"
"Blinov_Danil","2","2","4"
"blinov2910","2","2","4"
"BlitsEisk","3","1","4"
"Blitzkarz","2","2","4"
"BLITZWING923","2","2","4"
"blizzo33","2","2","4"
"BlkWht76","2","2","4"
"Blmptr","2","2","4"
"BlobBoy005","1","3","4"
"Blood_angle","2","2","4"
"bloodless61","1","3","4"
"blue_bannerman","2","2","4"
"blue_chesskid","2","2","4"
"blueblur32","2","2","4"
"BlueFox7500","2","2","4"
"blueOctopus1","3","1","4"
"BlueRacingHorse","2","2","4"
"Bluesdad","3","1","4"
"blueshanks0","2","2","4"
"bluesky999","3","1","4"
"Bluestone29fd","3","1","4"
"BlueYogurt","3","1","4"
"bluhair_sjw","2","2","4"
"Blun_Deroffen","2","2","4"
"Blunder-en-passant","3","1","4"
"blunder1970","3","1","4"
"BlunderChuck","3","1","4"
"BlunderingTactician","2","2","4"
"BlunderJack001","1","3","4"
"blunderkings123","3","1","4"
"blunderplenty","2","2","4"
"bluntspear","2","2","4"
"Blurkie","3","1","4"
"blusterkj","2","2","4"
"BLUvuminhloc2011","2","2","4"
"bmanspeaks","1","3","4"
"Bmattingley","3","1","4"
"bmc232","2","2","4"
"BMO27","3","1","4"
"bn2007","2","2","4"
"bniadam","2","2","4"
"bnkaoua","2","2","4"
"Bnyce","3","1","4"
"Bo_Dar","3","1","4"
"Bo_Lid","2","2","4"
"boazlevinson","1","3","4"
"Bob_Morane","2","2","4"
"Bob_YOGYAKARTA","2","2","4"
"Bob-lee","2","2","4"
"Bob0777","2","2","4"
"Bob4244","2","2","4"
"bobandur","3","1","4"
"bobator","1","3","4"
"Bobbeja_62","2","2","4"
"Bobbettes","1","3","4"
"bobby_axlerod","2","2","4"
"bobby740","2","2","4"
"BobbyLeo","2","2","4"
"bobcarlos77","2","2","4"
"bobhascome","1","3","4"
"bobmansell","2","2","4"
"bobo_1983","2","2","4"
"BobSacamano13","3","1","4"
"boda-elazab123","2","2","4"
"bodacious-123","2","2","4"
"bodagala24","2","2","4"
"bodda2670","1","3","4"
"bodhisattv4","1","3","4"
"bodik_16","2","2","4"
"BodoNizak1954","2","2","4"
"BoDrbrKR","1","3","4"
"boduy","2","2","4"
"boevoiKrolik","2","2","4"
"bogdach","2","2","4"
"Bogdan_Lenko","2","2","4"
"Bogdan1006","2","2","4"
"Bogdan7778","3","1","4"
"Bogi07","1","3","4"
"bogoln","2","2","4"
"Bogoy","1","3","4"
"bohan69","2","2","4"
"Bohlale-Bob","1","3","4"
"boinzai","2","2","4"
"BoipiaBenitMartin7","2","2","4"
"bojanehorselady","1","3","4"
"Bojanov","2","2","4"
"Bok_shiimzoV","1","3","4"
"BoKemp","2","2","4"
"Bolat171","2","2","4"
"boldy88","1","3","4"
"boleg","1","3","4"
"bolivarangeles","1","3","4"
"boloboy","3","1","4"
"Bolotnyabolot","2","2","4"
"Bolt2467","1","3","4"
"Boltik440","2","2","4"
"Bomarzo60","2","2","4"
"BombadiLLL","1","3","4"
"BombasticMr","2","2","4"
"BombayRozay","3","1","4"
"Bomber154","2","2","4"
"Bomcastelo","2","2","4"
"bondok2023","2","2","4"
"bondy91","2","2","4"
"bonniexuan","1","3","4"
"bono40","2","2","4"
"boob007","2","2","4"
"BOOKMAN16","2","2","4"
"boomboxa","2","2","4"
"Boomie23","2","2","4"
"boraalkan","2","2","4"
"BorChessIs","2","2","4"
"Borcia91","2","2","4"
"Borgov960","1","3","4"
"Borgyahensenn","2","2","4"
"Boris_9011","2","2","4"
"Boris1902","2","2","4"
"Boris58","3","1","4"
"borisberkley","2","2","4"
"borisivanovich60","2","2","4"
"BORISOV-1982","1","3","4"
"bormi2","2","2","4"
"borntolose00110","2","2","4"
"Boroska1981","2","2","4"
"borotj","3","1","4"
"Borovinski","1","3","4"
"borrom","2","2","4"
"Borys_Mi_5b","3","1","4"
"borysb","2","2","4"
"BossCR7","2","2","4"
"Bostrameer","3","1","4"
"BOT8636","2","2","4"
"Bothiey","1","3","4"
"BotJoe978","1","3","4"
"botoniondoy","2","2","4"
"botyaraaa","1","3","4"
"BOUDRA","2","2","4"
"bougin","3","1","4"
"bouj2407","3","1","4"
"Bountyhunter01","2","2","4"
"bourt4278","2","2","4"
"bousmaraahmed","1","3","4"
"Boutoughmas","3","1","4"
"Bowserfurioso","2","2","4"
"Box60","2","2","4"
"Boxe78","2","2","4"
"Boxman086","2","2","4"
"boyo98","2","2","4"
"boyobach","2","2","4"
"boyyen","2","2","4"
"Bozkurt_Talha","1","3","4"
"BP-Asya-Lisa","2","2","4"
"Bp71580","2","2","4"
"bpbq","2","2","4"
"bpetrov","2","2","4"
"bpl1980","2","2","4"
"br12","2","2","4"
"Braceface01","3","1","4"
"bradchesstaylor","3","1","4"
"Bradychess86","2","2","4"
"Brainiac077","3","1","4"
"BrainY29","1","3","4"
"Bran1ssparkly","2","2","4"
"brandas","2","2","4"
"brandonw1215","1","3","4"
"brane2102","2","2","4"
"BRANKOKNEZEVIC","2","2","4"
"brassiyagi","2","2","4"
"Braulio2204","2","2","4"
"Braun1306","2","2","4"
"Braunsfelde","2","2","4"
"Bravo2k","1","3","4"
"bravosree","3","1","4"
"brawler006","2","2","4"
"BrawlStarsLeon","2","2","4"
"Brayan0152","2","2","4"
"BrayanCorrea10","2","2","4"
"BrayanKE","2","2","4"
"BrazilianGiant","2","2","4"
"BrazilianQuixabeira","2","2","4"
"Brazyl","1","3","4"
"brbrstkkn","3","1","4"
"Bread_07","2","2","4"
"Brembati","2","2","4"
"Brevanth789","1","3","4"
"Brian002","2","2","4"
"Brian016","2","2","4"
"BrianBoru88","2","2","4"
"BrianKing","3","1","4"
"bridge-burner","2","2","4"
"Briganteemezzo","2","2","4"
"brightharbor","2","2","4"
"BrijeshRai90","2","2","4"
"brijeshtttyyyyyyyyy","2","2","4"
"BRIJU74","3","1","4"
"brillante88","3","1","4"
"brilliancee","2","2","4"
"Briquet","3","1","4"
"Brissa2023","2","2","4"
"britos1986","1","3","4"
"Brizarin","2","2","4"
"brknata","2","2","4"
"brkylmz7","2","2","4"
"broccobill","1","3","4"
"BroJeTeBaise","2","2","4"
"brokenframe76","2","2","4"
"brokenhero","2","2","4"
"BrokenHorse","3","1","4"
"BRokerSS","2","2","4"
"Broling79","1","3","4"
"brolygang","3","1","4"
"broodmes","1","3","4"
"BrotkrumexD","2","2","4"
"brotoinibos","2","2","4"
"broussard7786","2","2","4"
"brownfi","2","2","4"
"BRPITUCA","2","2","4"
"Brrada","2","2","4"
"brrcd","2","2","4"
"brsdeha","3","1","4"
"brse1","3","1","4"
"Brucelee1973","2","2","4"
"brucelescott","2","2","4"
"bruner2","2","2","4"
"Brunix122","1","3","4"
"bruno_stip","1","3","4"
"brunoezequi3l","2","2","4"
"brunofasachess","2","2","4"
"brunoficher100","1","3","4"
"brunoiglesias","2","2","4"
"Brunor911","3","1","4"
"Brunosky48","1","3","4"
"Brushchuk","1","3","4"
"Brut0r","2","2","4"
"brx93","2","2","4"
"Bryam_Quevedo","2","2","4"
"Bryan8324","3","1","4"
"BryanFrank","2","2","4"
"Bryanpogi16","2","2","4"
"bryant-t","2","2","4"
"BrynRoughsedge","2","2","4"
"brzydal1970","2","2","4"
"brzydal1983","2","2","4"
"Bsamsas","2","2","4"
"BSG8","3","1","4"
"Bsto1955","2","2","4"
"bsvelu001","2","2","4"
"btaspihov","2","2","4"
"bubblekushmango2","1","3","4"
"bubbles88","1","3","4"
"bucati01","2","2","4"
"buchenko_ivan","2","2","4"
"Budi_060","2","2","4"
"budirahardjobpd","2","2","4"
"budulinek","2","2","4"
"buffify","2","2","4"
"Bugarra","2","2","4"
"Buidler","1","3","4"
"BuiGiaMan","2","2","4"
"buildingbridges311","2","2","4"
"bula101221","3","1","4"
"Bulat76","2","2","4"
"BulisAsguard","1","3","4"
"bullik","2","2","4"
"bullking07","2","2","4"
"bulmar","3","1","4"
"bumperdini15","3","1","4"
"buncitSexy","2","2","4"
"Bunnybringer","2","2","4"
"bunty1974","2","2","4"
"bunyamin_2121","2","2","4"
"Bur1k","2","2","4"
"Bur1m1","2","2","4"
"Burak_Terim","3","1","4"
"BuraKKA52","2","2","4"
"burakozkck","1","3","4"
"BurdMix","2","2","4"
"burger_ramly1","2","2","4"
"Burhan077","2","2","4"
"Burhovetsky","1","3","4"
"burikburiburiburik","3","1","4"
"Burserg","2","2","4"
"Bushmills82","2","2","4"
"Businka0904","2","2","4"
"bustabarz","2","2","4"
"Butt-Thrust-Deluxe","1","3","4"
"Butterlaugenstange","2","2","4"
"Buttkiss","2","2","4"
"Buyuboo9020","2","2","4"
"buzuki25","2","2","4"
"Buzzsaw8","3","1","4"
"BV_Namuun7","2","2","4"
"BV-Ariuntugs","2","2","4"
"bvidec","1","3","4"
"BVSharif","3","1","4"
"Bvtsher19","2","2","4"
"BVV_26rus","3","1","4"
"bxmsukasha1","3","1","4"
"bxmx97","3","1","4"
"bxusta10","3","1","4"
"by_gezgin","3","1","4"
"Byambaragchaa_27","3","1","4"
"byatifull","3","1","4"
"Bykow","2","2","4"
"ByNaChO","2","2","4"
"BZR05","2","2","4"
"C_Fighter_M","1","3","4"
"c_mason","1","3","4"
"C33cc","2","2","4"
"c4r0l1n40897","1","3","4"
"C9_Ivy","2","2","4"
"Cabadger","2","2","4"
"Caballitorey","2","2","4"
"Caballo-blanco5","1","3","4"
"Caballo0520","2","2","4"
"cabbar20","2","2","4"
"cabri007","2","2","4"
"cabrijesh1785","1","3","4"
"Cabritas","1","3","4"
"cachomaffia","2","2","4"
"cactusJacks","2","2","4"
"cadbury_dairymilk","2","2","4"
"cadelino","2","2","4"
"cadrag48","3","1","4"
"Cafigio","2","2","4"
"Cagangms","1","3","4"
"cainkorine","1","3","4"
"Caio1966","2","2","4"
"Cairnterrier","2","2","4"
"Cake_Hunter","2","2","4"
"CalabroneCKD","1","3","4"
"calcix73","2","2","4"
"Caleb889","2","2","4"
"calichronic5","2","2","4"
"calidadevida","2","2","4"
"CalinOv","3","1","4"
"callme_1","1","3","4"
"CallMeCook","1","3","4"
"Callofbok174","3","1","4"
"Calm_Downx","2","2","4"
"Calmbaguette","2","2","4"
"Calqx","2","2","4"
"calubeo","2","2","4"
"CALVINGACHERU","1","3","4"
"calvinismm","2","2","4"
"CALVlN","3","1","4"
"Cam_Jam9000","3","1","4"
"cam-lobes","3","1","4"
"Camac1964","2","2","4"
"Camartin77","1","3","4"
"camerons17","2","2","4"
"Camiada","2","2","4"
"camisancez1200","3","1","4"
"Camlebgdu86","3","1","4"
"camonangrap","3","1","4"
"Campanergideon","2","2","4"
"campeome","2","2","4"
"campeon_1-3","2","2","4"
"camzii18","2","2","4"
"cancelo_dennis","2","2","4"
"cancersign64","1","3","4"
"CandaceCandace21","2","2","4"
"Canguro12345","3","1","4"
"CanOezkan","2","2","4"
"cantorgoedel","2","2","4"
"Canuck4everr","2","2","4"
"caolinita","2","2","4"
"Capablanca5684","2","2","4"
"Capablankaw","3","1","4"
"CAPAKOV00","2","2","4"
"CapFlint","2","2","4"
"Capi48","2","2","4"
"capitan62a","2","2","4"
"Capitanactors10","2","2","4"
"capitanflinttt","3","1","4"
"CapitanHouse","2","2","4"
"capitanLeidenz","2","2","4"
"capitantan","1","3","4"
"Capivara69","2","2","4"
"capivara71","3","1","4"
"capivarashow","2","2","4"
"capivarissimo","2","2","4"
"capkaveh","2","2","4"
"Capmarino","2","2","4"
"Capn_Barbosa","1","3","4"
"capoflash","2","2","4"
"Cappuccino_killer_54","3","1","4"
"capricestrad","2","2","4"
"Captain_Feathersword","2","2","4"
"captainigloo","3","1","4"
"captainriza","2","2","4"
"Captnzmn","1","3","4"
"Capybara13","2","2","4"
"Caramel00","3","1","4"
"CarcassonneBigBox","2","2","4"
"CarelessHetzau","2","2","4"
"cari1357","2","2","4"
"Carjifu","2","2","4"
"carloosmoreno","2","2","4"
"carlos102","2","2","4"
"carlosalbertge","3","1","4"
"carlosapisco","3","1","4"
"CarlosMagsen2006","2","2","4"
"Carlosmarch123","2","2","4"
"Carlossuarez90","2","2","4"
"carlsenLOX","2","2","4"
"carmelite","2","2","4"
"CarmineA","2","2","4"
"carniceria4534534534","2","2","4"
"Caro-KG","2","2","4"
"Caronte78","1","3","4"
"CarowebPlaysChess","2","2","4"
"carpinchess","2","2","4"
"carrealva","1","3","4"
"carrotsaregoodforyou","2","2","4"
"carsato","2","2","4"
"CarstenRiedl","2","2","4"
"Cartochka","2","2","4"
"cartos98","2","2","4"
"carvalho25","2","2","4"
"casabord","3","1","4"
"casalich","1","3","4"
"casalotu","2","2","4"
"Cashew2014","2","2","4"
"CASIO09","2","2","4"
"Casipucha","2","2","4"
"casomir","2","2","4"
"caspaya","2","2","4"
"Casper8686","1","3","4"
"CasperPlay","2","2","4"
"Caspian_shark","3","1","4"
"Cassandwich","2","2","4"
"casse_toi","1","3","4"
"cassiope","1","3","4"
"Castelletto-ALE","2","2","4"
"Castillo99","2","2","4"
"castle29","2","2","4"
"cat93","2","2","4"
"Cataleya_inspiration","1","3","4"
"cataplexis","2","2","4"
"catberet","2","2","4"
"Catherine1878","2","2","4"
"cathyM2007","2","2","4"
"catmyledy","1","3","4"
"catrang44","3","1","4"
"catricio28","1","3","4"
"cavalodetroia_97","2","2","4"
"CaveliiPerepechko","2","2","4"
"cayetano64","2","2","4"
"cazanova200334","2","2","4"
"CB_aahangupta","3","1","4"
"CB_Abaan","2","2","4"
"CB_Adviknew","2","2","4"
"CB_Hrehaan","2","2","4"
"CB_jai","2","2","4"
"CB1175411371","2","2","4"
"CBagde","2","2","4"
"cbk2024","2","2","4"
"Cc818","1","3","4"
"Ccandidate","1","3","4"
"cchess77","2","2","4"
"ccoricarlos","2","2","4"
"Ccpedraza09","1","3","4"
"ccrazy9","2","2","4"
"CcSubZero","2","2","4"
"ccxoo","3","1","4"
"cdakyurek","2","2","4"
"cdbags2019","2","2","4"
"cddong","1","3","4"
"cdk_ChessMaster","2","2","4"
"Cebollaluis508","3","1","4"
"CEDISMAGIC","2","2","4"
"celanovachess","1","3","4"
"celebration","2","2","4"
"celenemonicaseles","2","2","4"
"cellat69","2","2","4"
"Celomajstor","2","2","4"
"CenterPivot","3","1","4"
"centesimow","1","3","4"
"centrena","2","2","4"
"CePreii","1","3","4"
"ceradud","1","3","4"
"cerchiericerche","2","2","4"
"Cereal31","1","3","4"
"Cergey2008","1","3","4"
"cesar1960","2","2","4"
"cesar1965","2","2","4"
"CesarDias","2","2","4"
"CestoR38","3","1","4"
"cetinrencber","2","2","4"
"CevallosMarcos2008","2","2","4"
"cevdet00","3","1","4"
"CeylanSoley","1","3","4"
"Cfedor","2","2","4"
"cgbite","2","2","4"
"CGHS1101","1","3","4"
"CGHS1105","1","3","4"
"cgk106","1","3","4"
"CGR0031","2","2","4"
"CGR062","2","2","4"
"CGrecco","2","2","4"
"cguiab","1","3","4"
"ch1zhara","2","2","4"
"CH2010","2","2","4"
"Ch210","2","2","4"
"ch355master420","1","3","4"
"Ch3eSy9","1","3","4"
"CH3SS_SLAYER","2","2","4"
"Cha26","2","2","4"
"Chaaarleees","1","3","4"
"chadn75","2","2","4"
"Chafariz","2","2","4"
"Chagdurov_Bair","1","3","4"
"Chagutico","3","1","4"
"CHAINSMOKERZ","3","1","4"
"Chairilfadil","2","2","4"
"Chaischess","3","1","4"
"Chaitanya2238","3","1","4"
"chaitanya28","2","2","4"
"chaki66","1","3","4"
"chalebgwa","1","3","4"
"Challa_Taneesh_2014","2","2","4"
"ChampagneCat","2","2","4"
"Champion_240216","1","3","4"
"champomi","3","1","4"
"chan54987654","2","2","4"
"chanakkya","2","2","4"
"Chanakyudu","2","2","4"
"chanbasha","2","2","4"
"Chandamali","2","2","4"
"chandera","1","3","4"
"chandra8901","3","1","4"
"chandrabhanhapase63","2","2","4"
"chandrubcbs","2","2","4"
"chandu812","2","2","4"
"changiz88","3","1","4"
"chaniko97","3","1","4"
"ChaosKrab","1","3","4"
"Chaplin32","2","2","4"
"chappsi","1","3","4"
"Char497t","2","2","4"
"Chariot-17","2","2","4"
"charkas","2","2","4"
"Charl3sDarwin","1","3","4"
"Charles_L","1","3","4"
"charlesnisz","2","2","4"
"CharlestonShoe","3","1","4"
"CharlieRV","2","2","4"
"charlievictortango","2","2","4"
"charly569","2","2","4"
"Charlynato","1","3","4"
"Chathila","2","2","4"
"Chatresh2014","2","2","4"
"chattyp","2","2","4"
"Chaturanga8x8","3","1","4"
"chaturangabalam","2","2","4"
"Chaturrangi","3","1","4"
"chaw3zi","2","2","4"
"cheamoorthysaibros","2","2","4"
"Check757","2","2","4"
"Checkmate1move","2","2","4"
"checkmatebyrashi","2","2","4"
"checkmateeventually","2","2","4"
"checkory","2","2","4"
"CheckSqr","2","2","4"
"Cheeemaster14","3","1","4"
"cheer31","2","2","4"
"Cheerman45","3","1","4"
"Cheeseburger42","2","2","4"
"CheesyWallace","1","3","4"
"Cheezy09","2","2","4"
"Cheics","1","3","4"
"cheissdotcom","3","1","4"
"Chelin206","2","2","4"
"Chello23","3","1","4"
"Chemtech46","3","1","4"
"Chenni2713","3","1","4"
"cheonglang","2","2","4"
"chepp","3","1","4"
"Chepushilaaa","2","2","4"
"Chequemath","2","2","4"
"chequenatybrazil","1","3","4"
"Cherniy9","1","3","4"
"chernobreno","2","2","4"
"cherokee75","1","3","4"
"cherreraflores","3","1","4"
"chertyaka","2","2","4"
"CHesen92","1","3","4"
"Chess_Account_1","2","2","4"
"Chess_Boi_690","3","1","4"
"chess_demon17","1","3","4"
"chess_fighter09","2","2","4"
"chess_happy","2","2","4"
"chess_kaz_2010","2","2","4"
"Chess_king1749","2","2","4"
"chess_lord_azar","1","3","4"
"chess_mehdi","2","2","4"
"Chess_persona","2","2","4"
"Chess_ufa","3","1","4"
"Chess-India","3","1","4"
"CHESS-NO-MESS","3","1","4"
"chess-wizard_09","1","3","4"
"Chess08rus","1","3","4"
"chess2022chess2022","2","2","4"
"chess4315","2","2","4"
"chess44days","1","3","4"
"chess8999","2","2","4"
"chessayacucho","2","2","4"
"chessbira-2","3","1","4"
"chesscfy","2","2","4"
"chesscoachjr","1","3","4"
"chesscrazychap","2","2","4"
"chessdevil175","2","2","4"
"chessdummy000","2","2","4"
"chessellijah","2","2","4"
"chessemt","2","2","4"
"chesser_copperpot","2","2","4"
"ChessFaxe","2","2","4"
"Chessfighter2001","2","2","4"
"chessforkix","3","1","4"
"chessfriend27","1","3","4"
"Chessgame-2012","1","3","4"
"chessgirl0106","2","2","4"
"ChessGodP","2","2","4"
"ChessGrover","2","2","4"
"Chessguy44","3","1","4"
"Chessguy578","2","2","4"
"chesshalal","2","2","4"
"chessHESTE","2","2","4"
"ChessIcon123iscool","2","2","4"
"ChessInceptor","1","3","4"
"chessisforcowards","2","2","4"
"chessismyfavorite","3","1","4"
"chessissues","3","1","4"
"ChessKingAaron","2","2","4"
"chesskingbaby","2","2","4"
"CHESSKINGRATAN","2","2","4"
"chessknight1986","3","1","4"
"chessKPA2012","1","3","4"
"chesslbpgm","2","2","4"
"chessleavl2","2","2","4"
"chesslessmo","2","2","4"
"Chessli57","2","2","4"
"Chesslion79","2","2","4"
"CHESSLIZG","1","3","4"
"chesslonmusk","2","2","4"
"chessloveman","3","1","4"
"chessluv","1","3","4"
"Chesslymobile","2","2","4"
"chessmaster_bharath","2","2","4"
"Chessmaster0002","2","2","4"
"Chessmaster06052011","2","2","4"
"ChessmasterAbhinav","2","2","4"
"ChessmasterPratham7","2","2","4"
"ChessMasterVzla","2","2","4"
"chessmentall1","1","3","4"
"ChessMosooo","2","2","4"
"chessmount","2","2","4"
"ChessNoobComp","1","3","4"
"ChessNooboo","2","2","4"
"chessplayer031090","3","1","4"
"ChessPlayerRL","2","2","4"
"chessport-kantaoui","3","1","4"
"ChessPragathy","3","1","4"
"Chesspress0","2","2","4"
"Chesspro76","3","1","4"
"Chessprovarun","2","2","4"
"ChessRaja1234","1","3","4"
"ChessRobinson","2","2","4"
"ChessRookie287","1","3","4"
"ChessSaoirse","3","1","4"
"ChessSeba123","2","2","4"
"chessss-arqq","2","2","4"
"Chessstep123","1","3","4"
"ChessStrawberry2020","1","3","4"
"chesster05","2","2","4"
"chessterll","2","2","4"
"chesstoigram","1","3","4"
"Chesstosterone_145","1","3","4"
"chesstsevni","2","2","4"
"chesswizard99141","2","2","4"
"chessyamac","2","2","4"
"ChessYxz","2","2","4"
"chester08","2","2","4"
"chestercat2","2","2","4"
"Chesterton58","2","2","4"
"chestic","1","3","4"
"CHETAM","2","2","4"
"Chettomat","3","1","4"
"CHEUKIU","1","3","4"
"Cheval_dOr","3","1","4"
"ChevalierErrant","2","2","4"
"chewyma","2","2","4"
"chexual","2","2","4"
"chez_lord","2","2","4"
"chiathrill","2","2","4"
"Chibis35","2","2","4"
"chiccoderiso","1","3","4"
"Chichie","1","3","4"
"chichinho_29","3","1","4"
"chicken_buster","3","1","4"
"chickenheads","2","2","4"
"chickenparmo","1","3","4"
"Chicrala","3","1","4"
"ChidvilasYadav","1","3","4"
"ChiefClancyWiggum","2","2","4"
"chiken95","2","2","4"
"Chikiri","2","2","4"
"ChildishGambits","1","3","4"
"Chilela","1","3","4"
"chill2002","1","3","4"
"ChillSer97","3","1","4"
"Chimnadindu2007","3","1","4"
"chinashiue2","2","2","4"
"Chinaso17","1","3","4"
"ChingriMAnok","2","2","4"
"chiniga","2","2","4"
"Chinnaiah_g","1","3","4"
"Chinniwgm2030","2","2","4"
"Chintu11","2","2","4"
"chiorb12","3","1","4"
"Chip56gt","1","3","4"
"Chipola","2","2","4"
"chirag_master0015","1","3","4"
"chiragchauhan17","2","2","4"
"ChiragMahida","2","2","4"
"Chirangi","3","1","4"
"chiter24","2","2","4"
"Chitti20087","2","2","4"
"Chiutja","2","2","4"
"Chizhoff","1","3","4"
"ChizieJosephC","1","3","4"
"chktheo","2","2","4"
"choche","2","2","4"
"Chonks367","2","2","4"
"chorizoconwero","2","2","4"
"chorrochess","2","2","4"
"choruh_08","3","1","4"
"chouca46","2","2","4"
"Choupette38","2","2","4"
"Chregg","2","2","4"
"Chris_Walnuts","2","2","4"
"chris39162","2","2","4"
"chrisbarnes5000","2","2","4"
"chrisf619","1","3","4"
"Chrismaubeuge","1","3","4"
"chrisqi","1","3","4"
"Christian_084","2","2","4"
"Christian-10","1","3","4"
"ChristianDresel","2","2","4"
"ChristianO1996","1","3","4"
"Christine_Mae_Basbas","2","2","4"
"Christof_87","3","1","4"
"Christosmasour","2","2","4"
"chronal","1","3","4"
"Chronoaether","1","3","4"
"chroskc","2","2","4"
"chrtv","2","2","4"
"Chruschtschow","2","2","4"
"ChuariwapZ","1","3","4"
"chucaboyzinho","2","2","4"
"ChuchoTH","2","2","4"
"chuck57","2","2","4"
"Chuksman24","3","1","4"
"Chuming09","3","1","4"
"Chumpik","2","2","4"
"chunca","2","2","4"
"chungang-havard-yale","2","2","4"
"chur_ban","2","2","4"
"chyes77","2","2","4"
"ci671025","1","3","4"
"CIBA_MAYER26","3","1","4"
"Cibulka","2","2","4"
"CigaretteSmokinMan","3","1","4"
"cihangirn","2","2","4"
"cikgu-tie","2","2","4"
"cinaryuksel","2","2","4"
"Cincinnatus10","2","2","4"
"Cinder74","2","2","4"
"CintaRaudah","2","2","4"
"Cipkins","2","2","4"
"Cipri1968","2","2","4"
"cirichards","3","1","4"
"cisco00","1","3","4"
"cisse-Tg","2","2","4"
"Ciupito2","2","2","4"
"Ciuxx","1","3","4"
"civan_02","2","2","4"
"civokviz","1","3","4"
"CJ1000","2","2","4"
"CJCANDEL-1967","2","2","4"
"CJCJ25","2","2","4"
"cjdcjdcjd","2","2","4"
"cjq689","2","2","4"
"CKChapatuka","3","1","4"
"ckerschinske","1","3","4"
"ckmaten1","1","3","4"
"Cl0se","3","1","4"
"claire_jao","2","2","4"
"CLAIREpascua","1","3","4"
"ClappedCheeks1","2","2","4"
"clarapampers","2","2","4"
"Clariii","1","3","4"
"claudia_jimenez","2","2","4"
"clauni","2","2","4"
"ClawOfficial","2","2","4"
"ClaytonHanka","1","3","4"
"cleanwaffle2","3","1","4"
"Clemente1974","2","2","4"
"Clemente896","2","2","4"
"Clemlabienveillante","2","2","4"
"ClemX","2","2","4"
"cleobule","1","3","4"
"CleverDan","2","2","4"
"CleverNinja21","3","1","4"
"Clickbait","3","1","4"
"CliffGarbin","2","2","4"
"ClimbingFlower","2","2","4"
"Clint_B","2","2","4"
"cllllea","2","2","4"
"Clock7363","1","3","4"
"Clopez0017","1","3","4"
"ClubDelBlunder2","2","2","4"
"CluelessChessnut","1","3","4"
"clusterfunk","2","2","4"
"Clutch_011","2","2","4"
"ClutterMrami","2","2","4"
"CLwien","2","2","4"
"cmoinaj","2","2","4"
"cmurtle","3","1","4"
"cncmachinist","2","2","4"
"CncOperator","2","2","4"
"Coach01","2","2","4"
"CoachNik","3","1","4"
"Coatil","3","1","4"
"cobblebrain","2","2","4"
"cobhdez","2","2","4"
"cobrasan","1","3","4"
"cobrawas","3","1","4"
"cocoriko","2","2","4"
"codici","2","2","4"
"coenwulf","2","2","4"
"Coffee777","2","2","4"
"coffiegodfred","1","3","4"
"CoG5Immortal","1","3","4"
"coglosik","2","2","4"
"Coldminer","1","3","4"
"ColdTehran","3","1","4"
"Coldxxx","2","2","4"
"colenouis","2","2","4"
"colin634","2","2","4"
"collotun","2","2","4"
"colmfi","3","1","4"
"Colombia_oscar","1","3","4"
"ColonelError","3","1","4"
"Colynz","2","2","4"
"coma63","1","3","4"
"commandershepard2","1","3","4"
"commish08","3","1","4"
"composer53","2","2","4"
"Compressor87","2","2","4"
"ComradeBlueSun","1","3","4"
"con1con2","2","2","4"
"Conan2O","2","2","4"
"ConanL7","2","2","4"
"Condor_26","1","3","4"
"ConeKaorao","2","2","4"
"Confresh","3","1","4"
"ConmanSwiss","2","2","4"
"conrado13","1","3","4"
"Consolinho2121","3","1","4"
"Constantin10s","2","2","4"
"constantine5","3","1","4"
"Contramim","2","2","4"
"controlzxcv","2","2","4"
"CoocieMoska","2","2","4"
"Cookie19","2","2","4"
"Cookie2412","2","2","4"
"cool_crusher","1","3","4"
"Cool4444","2","2","4"
"coolabhi_002","2","2","4"
"CoolGuyJake","2","2","4"
"coolhamza","2","2","4"
"coolotaku","2","2","4"
"coolotaku2","1","3","4"
"Copcon10","2","2","4"
"copocopocomputemus","2","2","4"
"copycaat","2","2","4"
"CopyConstructor","2","2","4"
"Copyninja1012","3","1","4"
"corado26","2","2","4"
"corbetplayschess","2","2","4"
"coreteam","1","3","4"
"cornelius89","2","2","4"
"coronalopez","3","1","4"
"CoronelMortimer","3","1","4"
"CortoMaltese007","3","1","4"
"Corvexx","3","1","4"
"Cosmas200","1","3","4"
"costabauci","1","3","4"
"costillares","3","1","4"
"CouchP0T4T0","3","1","4"
"covuasaigon_03","2","2","4"
"Coyote1327","2","2","4"
"Cozza857","2","2","4"
"cportell1509","1","3","4"
"cprof","2","2","4"
"CptAwesome87","2","2","4"
"cptchicko","2","2","4"
"CptnCrazy95","2","2","4"
"cpttsubasa1numara","2","2","4"
"cr7emma","2","2","4"
"Cracklabaza","3","1","4"
"Craft25","2","2","4"
"crafty1248","2","2","4"
"craist32","2","2","4"
"cramcramp","2","2","4"
"craneyy","3","1","4"
"crarr","2","2","4"
"Crashhh_4","2","2","4"
"Crazy_Knight_1995","2","2","4"
"CrazyAlan","2","2","4"
"CrazyCarrot9","2","2","4"
"CrazyFaruq","1","3","4"
"crazyhard","2","2","4"
"CrazyMan1ac","2","2","4"
"crazyymuffin","2","2","4"
"creative1122","2","2","4"
"creek138","2","2","4"
"Creepkoller","2","2","4"
"CreepyShadows1234","2","2","4"
"crest_trading007","1","3","4"
"Crexing","2","2","4"
"creyz54","2","2","4"
"Crimson34","2","2","4"
"CringeMaster2007","3","1","4"
"cris1965","2","2","4"
"CRIS2014av","2","2","4"
"CrisAscaHual","1","3","4"
"CrisshnnanPantoja","1","3","4"
"crisss12","2","2","4"
"Cristal-21","3","1","4"
"cristhian4466","3","1","4"
"cristian444","3","1","4"
"Cristian669","2","2","4"
"CristianoRonaldo28","2","2","4"
"CristoCCD","2","2","4"
"crixus06","1","3","4"
"croan","3","1","4"
"CROARMYPOKER","1","3","4"
"Croasi","1","3","4"
"Crocheton","2","2","4"
"cromos89","2","2","4"
"crow16","3","1","4"
"crowflick","2","2","4"
"crprado","1","3","4"
"crronaldo72012","1","3","4"
"crubin","3","1","4"
"CrucibleCupid","1","3","4"
"crumb_chess","2","2","4"
"Crunch_Lucid","3","1","4"
"crustyjuggler01","2","2","4"
"CruzHerbertLM","1","3","4"
"cryder0214","3","1","4"
"cryofdc","3","1","4"
"Cryogenius","1","3","4"
"Crystel62","2","2","4"
"CS142857","2","2","4"
"csab0","3","1","4"
"csajkaarchie","2","2","4"
"csanchez","3","1","4"
"cse2023","3","1","4"
"csehpeti81s","1","3","4"
"csibotae","2","2","4"
"cskopat","2","2","4"
"Csr_jxlio","2","2","4"
"CT_LakshJ","2","2","4"
"CT85","2","2","4"
"cta94","2","2","4"
"ctb2016THC2","2","2","4"
"Ctc123","2","2","4"
"cthulhu_92","2","2","4"
"cthutq59","2","2","4"
"ctyju228","2","2","4"
"Cuascuas387","2","2","4"
"cubesquest","3","1","4"
"cubi_ns","1","3","4"
"cubicalmind","3","1","4"
"CuckyJones","1","3","4"
"cuddeyr","2","2","4"
"cueballmania","2","2","4"
"Cuervo789","2","2","4"
"Cuidaing","3","1","4"
"Cuinquele","2","2","4"
"Culleh7","2","2","4"
"cullons","2","2","4"
"CunningF0X","3","1","4"
"CupertinoBee","2","2","4"
"CURIOUSNOOB99","3","1","4"
"curmudgeon39","3","1","4"
"Curtimaru","2","2","4"
"CuteePie","1","3","4"
"cutfive","2","2","4"
"CV21","3","1","4"
"CValentin","2","2","4"
"cvd060","2","2","4"
"cvesim","3","1","4"
"cvmfmf","2","2","4"
"Cx330zzzzz","2","2","4"
"CxCJoaoPedro","2","2","4"
"CyanMatt12","2","2","4"
"Cyapec","3","1","4"
"cyberknight18037","1","3","4"
"cyberPUMA","2","2","4"
"CyclingSubject","3","1","4"
"cyclops123","1","3","4"
"cydesn","3","1","4"
"Cyril1","2","2","4"
"cyrilaliyas","1","3","4"
"cyrusmeherji","2","2","4"
"czan666","2","2","4"
"Czarny1021","1","3","4"
"Czetyr","2","2","4"
"czort11","2","2","4"
"d_andreev","2","2","4"
"D_Foxis","2","2","4"
"D_H_21","3","1","4"
"d_zhomartkyzy","2","2","4"
"d-108","3","1","4"
"D-Ahmed","2","2","4"
"d-cooper","3","1","4"
"D-Denisse-Ramirez","2","2","4"
"d00mey","1","3","4"
"d11dsal","1","3","4"
"D11zzM11ss","2","2","4"
"d1egoat","2","2","4"
"D1MONSTR","2","2","4"
"D1neX1107","1","3","4"
"D3ce1t","1","3","4"
"d4-Repertoire","3","1","4"
"d572rr","2","2","4"
"d7mnny","3","1","4"
"Da_za","3","1","4"
"Da-ni-L-2_0_1_5","2","2","4"
"Da7327","2","2","4"
"Daarshik_K_Raman","2","2","4"
"Dabs01","3","1","4"
"DaCapaPreta","2","2","4"
"Dacha93Omar","2","2","4"
"DACIOLOPRESIDENTE","1","3","4"
"Dacostita","2","2","4"
"dadan-maha","3","1","4"
"dadaniel93","2","2","4"
"dadas33","2","2","4"
"dadavir","2","2","4"
"Daddy147","2","2","4"
"DaddyStrata","2","2","4"
"Dadhino","2","2","4"
"Dadiator","2","2","4"
"dado70","2","2","4"
"dado9922","2","2","4"
"dadyuse23","3","1","4"
"daframc73","1","3","4"
"dagadek95","2","2","4"
"Dagnadoni","2","2","4"
"Dagoleon","2","2","4"
"DAguilera","2","2","4"
"DaHann","2","2","4"
"Dahomes","2","2","4"
"dahon07","3","1","4"
"DAhsijwbweu","2","2","4"
"DaiMerkisha","3","1","4"
"DAJHALL006","3","1","4"
"Daksh_singhal","2","2","4"
"DakshaVX32","3","1","4"
"Dakshnath","1","3","4"
"dakshviney","2","2","4"
"Dalaba","3","1","4"
"Dalghat","3","1","4"
"DALT92","2","2","4"
"DamDax","2","2","4"
"dameenprise","3","1","4"
"Damianwroclaw","3","1","4"
"DamienJWTRNorth","2","2","4"
"DaminT01","2","2","4"
"Damir-2204","1","3","4"
"Damjan16","2","2","4"
"damlaben","1","3","4"
"Damma1","2","2","4"
"Damodharan1212","2","2","4"
"Damofrus","2","2","4"
"damrageddon","1","3","4"
"damsy","2","2","4"
"dan090909","1","3","4"
"DanaBoss","2","2","4"
"danavano","1","3","4"
"Dancing_Israelis_911","1","3","4"
"Daneaction","3","1","4"
"daneshi","1","3","4"
"Danfeeel","2","2","4"
"Dang026210009233","2","2","4"
"danghoangthanh8b","2","2","4"
"Dani_Dmh","1","3","4"
"dani6ah","2","2","4"
"Dani985743","2","2","4"
"daniamat","3","1","4"
"Danicek2023","2","2","4"
"danido3","2","2","4"
"Daniel_Monteiro","2","2","4"
"daniel_zeman","2","2","4"
"Daniel-c2chess","3","1","4"
"Daniel-Heik","3","1","4"
"Daniel0199","2","2","4"
"Daniel7052016","2","2","4"
"danielbellati12","2","2","4"
"danielcabr","2","2","4"
"DanielCHood","3","1","4"
"Danieldavid14","3","1","4"
"danieledark","2","2","4"
"Danielhernandez07","2","2","4"
"Danielitopro","3","1","4"
"danieljimenez2012","2","2","4"
"DanielLevy","2","2","4"
"Danielolid","1","3","4"
"Danielou","2","2","4"
"DanielRaj","2","2","4"
"danielsacristan","1","3","4"
"danielsagala87","2","2","4"
"Danielsewanu","3","1","4"
"danielvaleria","1","3","4"
"danielxgm","2","2","4"
"daniew01","2","2","4"
"Danifdjr","2","2","4"
"danigomez92","2","2","4"
"Daniil_Potter","1","3","4"
"DaniiLLev","1","3","4"
"DaniilPog","2","2","4"
"Danijel-Sorab","2","2","4"
"danik2013333","2","2","4"
"Danik3900","2","2","4"
"Danil_14","2","2","4"
"Danila131215","1","3","4"
"danilaippolitov","2","2","4"
"DanilaObnosov","2","2","4"
"DanilaPiskun","3","1","4"
"DanilenkoT-2014","2","2","4"
"Danillitvik","2","2","4"
"danilnasonov102012","2","2","4"
"Danilov-Aleksander","2","2","4"
"danilsopot","2","2","4"
"danipawn","2","2","4"
"Danipollito","2","2","4"
"DaniRick17","2","2","4"
"DanJoensen","2","2","4"
"dankan73","3","1","4"
"DannaSolis2013","2","2","4"
"dano63","2","2","4"
"danoi","2","2","4"
"danooli","2","2","4"
"Danperchess","3","1","4"
"DanPiokotov","2","2","4"
"dantes222","2","2","4"
"danthechesss","2","2","4"
"DanUwp","3","1","4"
"dany_d007","1","3","4"
"danya3224","3","1","4"
"Danyamil","3","1","4"
"DanyFischerSpain1984","3","1","4"
"Danylo_Bruh","2","2","4"
"DanylPetroskin","2","2","4"
"danzel25","2","2","4"
"daoquangducuy2016","2","2","4"
"DaPasha","2","2","4"
"DAPC_yt","2","2","4"
"darauavvaus","2","2","4"
"Darayhummer","2","2","4"
"darealmateo","3","1","4"
"dargimbesz","2","2","4"
"DariaMash","1","3","4"
"DarienBarbaro","2","2","4"
"DarioKasparov","2","2","4"
"Darius934","2","2","4"
"Dariush_T33","2","2","4"
"DariusOfPersia","1","3","4"
"DARK_Adarsh18","2","2","4"
"Dark_jiraya","2","2","4"
"dark_knight0","2","2","4"
"DARK_MASTER_SY","1","3","4"
"DARK_MOVE23","2","2","4"
"darkeetar","3","1","4"
"Darkhan77","3","1","4"
"darkhorse110886","2","2","4"
"darkhorse93","2","2","4"
"darkknight265","2","2","4"
"DarkKnight3006","2","2","4"
"Darkova","3","1","4"
"darks_elton","2","2","4"
"darkshirox","2","2","4"
"darksiders-xxx-vr","1","3","4"
"darktorr","3","1","4"
"darl0c","2","2","4"
"DARNICE","3","1","4"
"DaROOK27","2","2","4"
"DarryKingII","3","1","4"
"Darshan_Satheesh2015","2","2","4"
"darshan2511","3","1","4"
"darshoooooo","2","2","4"
"Darth_Ravn","1","3","4"
"darthcaraxes","2","2","4"
"DarthVader4000","1","3","4"
"Darttur","2","2","4"
"darya-1393m","2","2","4"
"DaryanHaines","1","3","4"
"daryosh1234","3","1","4"
"das_k","2","2","4"
"Dasabhi2015","2","2","4"
"Dasaev775","2","2","4"
"DASARI_ABHIRAM","2","2","4"
"daseinlebenswelt","2","2","4"
"Dasha23","3","1","4"
"Dasha4357","2","2","4"
"DashaOD","2","2","4"
"dasistfabio","2","2","4"
"DasIstWalter","2","2","4"
"data1001","2","2","4"
"datis09","1","3","4"
"DaunderLe","2","2","4"
"Daunorius","2","2","4"
"Dauren_Zhaishibekov","3","1","4"
"davdiel24","3","1","4"
"Dave_Russo","3","1","4"
"davegee","2","2","4"
"DaveSaville","2","2","4"
"davesexton","2","2","4"
"davesol0107","1","3","4"
"davewashcc","2","2","4"
"Davicoolkeys2","2","2","4"
"David_Fio","2","2","4"
"David_Ismael_Ruben","1","3","4"
"david_kurowski","1","3","4"
"David1685Chess","2","2","4"
"David2080","2","2","4"
"Davidallen05","2","2","4"
"davidbilash","3","1","4"
"davidbonaldi","2","2","4"
"Davidc56","2","2","4"
"Davide1973","1","3","4"
"Davidka_2012","2","2","4"
"DavidMike","2","2","4"
"DAVIDqsamo","2","2","4"
"DavidRodgers","2","2","4"
"DavidSlat","2","2","4"
"DavidSteiniger","2","2","4"
"davidsufo","1","3","4"
"davidvendredi","3","1","4"
"davidwagner","2","2","4"
"Davie3049","2","2","4"
"davifuego","1","3","4"
"davilalionel_1c","2","2","4"
"DavitGochelashvili","1","3","4"
"davod6681","2","2","4"
"davoodamiri","3","1","4"
"davton74","3","1","4"
"davud1390","3","1","4"
"davutcanexe","2","2","4"
"davutk41","1","3","4"
"davutklc_112","3","1","4"
"davytakue","2","2","4"
"Dawid3124","3","1","4"
"Dawid9988","3","1","4"
"dawidePl","2","2","4"
"Dawn_ishere","3","1","4"
"dawonahn","2","2","4"
"Dawsonak","2","2","4"
"Daylong","3","1","4"
"daysleeper_vz","2","2","4"
"Dayu_9","1","3","4"
"daz0319","2","2","4"
"dbcogswell","2","2","4"
"dbmohit","2","2","4"
"dbovie","1","3","4"
"Dcbert","2","2","4"
"dchesst","2","2","4"
"DCI_WILL","1","3","4"
"dcochess","3","1","4"
"dcwarren","2","2","4"
"DCX1","2","2","4"
"ddd_3000","3","1","4"
"ddd1ddd1","2","2","4"
"dddiooo","2","2","4"
"ddjan7","1","3","4"
"ddjeh","1","3","4"
"DDKB4211","3","1","4"
"ddomin73","2","2","4"
"Ddpmvp","2","2","4"
"ddr-elite","2","2","4"
"DDSoul","2","2","4"
"DE52Grom","1","3","4"
"DE876","2","2","4"
"DEA_A_TULLE","2","2","4"
"Deacs2020","3","1","4"
"DeadApple01","2","2","4"
"DeadGlitch","2","2","4"
"DeadGod637","3","1","4"
"Deadr0nin","2","2","4"
"DeAdTuBE_2004","2","2","4"
"Deasych","1","3","4"
"DeathMelon","2","2","4"
"Debara31","2","2","4"
"Debsubhra_Dutta","2","2","4"
"Deceneu15","2","2","4"
"Dedalus1975","2","2","4"
"dedeh961","1","3","4"
"DeDestructor","1","3","4"
"deebtd","2","2","4"
"deeeper","2","2","4"
"Deep_Saha","2","2","4"
"deepanshah","2","2","4"
"deepbluegreen","3","1","4"
"DeepDoug","2","2","4"
"deepeshT","2","2","4"
"deepfried10","2","2","4"
"DEEPPANDYA","2","2","4"
"DeepshikaSM","2","2","4"
"deeroyalz","3","1","4"
"deeznuts91","3","1","4"
"defence11","1","3","4"
"defenderpawns","1","3","4"
"defiantstream","2","2","4"
"DefrisTriyanto","1","3","4"
"deidmir","1","3","4"
"Deinaly","1","3","4"
"deivisito123","2","2","4"
"dejan358","2","2","4"
"dekankob","1","3","4"
"Del_Sur","2","2","4"
"Deler01","2","2","4"
"Delg4d0","3","1","4"
"delilahl","3","1","4"
"dellingr27","2","2","4"
"delta2005","2","2","4"
"Dem_064","3","1","4"
"demetre_ge","2","2","4"
"Demetrio65","2","2","4"
"Demetrivs","2","2","4"
"demian66","2","2","4"
"Demir_Hadzhaismail","3","1","4"
"demirboru","1","3","4"
"DemirDr","1","3","4"
"demmetry","1","3","4"
"Demon_Kai","2","2","4"
"DemonKing05","3","1","4"
"DemonS22","2","2","4"
"demsi291","2","2","4"
"Den_Kor","1","3","4"
"den_m22","2","2","4"
"den0p","2","2","4"
"den1977","2","2","4"
"DenBayan","3","1","4"
"denchik77788","2","2","4"
"denherman","2","2","4"
"Denibbgg","2","2","4"
"denic44","1","3","4"
"deninux","1","3","4"
"denis_1992","1","3","4"
"Denis_Gavr","2","2","4"
"Denis_Sheluhin","2","2","4"
"Denis_Tsoy","2","2","4"
"denis_vershinin","1","3","4"
"Denis83403","2","2","4"
"DenisKo27","1","3","4"
"Deniz_Senarslan","2","2","4"
"DenLV","2","2","4"
"DennisQuaid","3","1","4"
"dennisvk","2","2","4"
"Densyo","2","2","4"
"dentalmaks","3","1","4"
"Denus2017","2","2","4"
"Deny72","2","2","4"
"DenYa12","1","3","4"
"denysbro80","2","2","4"
"Deor23","3","1","4"
"DepecheMode98","2","2","4"
"DePro07","2","2","4"
"Derbentdancer","3","1","4"
"derekstar","2","2","4"
"DerFobster","2","2","4"
"DerMattologe","2","2","4"
"DerStock","2","2","4"
"dertlimehmet","2","2","4"
"Dervis_Denktas","1","3","4"
"Derwaft98","1","3","4"
"desamkot1905","2","2","4"
"desert_rose21","3","1","4"
"Desh262","2","2","4"
"deshamosaad0122","2","2","4"
"deSidereo","2","2","4"
"desikeeda","1","3","4"
"Desti_now","3","1","4"
"destrosakulos","2","2","4"
"DestroyerKid3000","2","2","4"
"destroyrr","2","2","4"
"destructor2011","1","3","4"
"desuiitr","3","1","4"
"Detayo","1","3","4"
"detdetdet","2","2","4"
"Deth_Run55","3","1","4"
"detmil","2","2","4"
"DetSjundeInseglet_IB","2","2","4"
"dev6284","2","2","4"
"deva4343","2","2","4"
"Devaans","1","3","4"
"devamogh","3","1","4"
"Deverlaine","1","3","4"
"devesh6321","2","2","4"
"devilrayan","3","1","4"
"devkanban","2","2","4"
"devmayank33","2","2","4"
"DevonshireCream","2","2","4"
"devrimtuncer","1","3","4"
"dewaranch","1","3","4"
"dexdx","1","3","4"
"dezso40","3","1","4"
"DFB31","1","3","4"
"DFFFFFFFFF","3","1","4"
"dfgertd330","1","3","4"
"DFreitasBrazil","2","2","4"
"dgknyldz25","2","2","4"
"dgverma93","2","2","4"
"Dhaigudeshivansh","2","2","4"
"dhairya_bhuta","3","1","4"
"Dhakshinamoorthy_M","2","2","4"
"Dhananjeyan2013","2","2","4"
"Dhani_rigby","2","2","4"
"Dhanvinsudhakar","2","2","4"
"DhanwinPro","3","1","4"
"dhanya123","2","2","4"
"Dharamji28","2","2","4"
"Dharmikm","2","2","4"
"dheerarawat","3","1","4"
"Dhlakama","1","3","4"
"dhomoschevsky","2","2","4"
"Dhon_Reddington","2","2","4"
"DhoomRIBD","3","1","4"
"DHRUBa12","2","2","4"
"DhrubajyotiDatta","2","2","4"
"Dhruv217","1","3","4"
"Dhruva_2015","2","2","4"
"Dhruvin0210","2","2","4"
"Dhruvinsudhakar","3","1","4"
"dhruvkumavat","1","3","4"
"DhruvKundu","2","2","4"
"DhruvVishwakarma","2","2","4"
"dhwanivenmany","2","2","4"
"Dhyana08","2","2","4"
"DhyanThaker","1","3","4"
"Di_Warm","2","2","4"
"Di4ka","2","2","4"
"DiabeticCola","3","1","4"
"Diabxus","2","2","4"
"Diacod","1","3","4"
"dianix82","3","1","4"
"diarywon","2","2","4"
"Dias_Nchess","1","3","4"
"Dibir_Aliev100","2","2","4"
"dicearr","1","3","4"
"Dicocarvalho","1","3","4"
"Dicomiajr","2","2","4"
"didi_roj18","2","2","4"
"DidierSchach","3","1","4"
"didiWilliam","2","2","4"
"Die_Robbe","2","2","4"
"Diego_Alexiss","2","2","4"
"Diego_CasAl25","2","2","4"
"diego-2006_mtzch","3","1","4"
"Diego-Moreno","2","2","4"
"Diegobro53","3","1","4"
"DiegoG_08","1","3","4"
"Diegoleon0808","3","1","4"
"dieguin2021","2","2","4"
"Dietrh-2","1","3","4"
"dieudelapaix","1","3","4"
"diewithhonor","3","1","4"
"different_child01","2","2","4"
"digikala","3","1","4"
"dii_dou","1","3","4"
"dijjtooo","3","1","4"
"Dilchor","2","2","4"
"Dileen","3","1","4"
"diliphindustani","2","2","4"
"dilipsoni1982","1","3","4"
"DILITH0056","2","2","4"
"dim_555","1","3","4"
"Dim2014","2","2","4"
"Dima_24","2","2","4"
"Dima_Dragon","2","2","4"
"dima_krasnikov","3","1","4"
"Dima_Moshkyn","2","2","4"
"dima_vas12","2","2","4"
"Dima_Zhelenkov","3","1","4"
"dima-makarov-2014","2","2","4"
"dima1982mail","2","2","4"
"DIMa1992","2","2","4"
"dima4151","2","2","4"
"dimabagow","2","2","4"
"DimaK12","2","2","4"
"diman_23","2","2","4"
"Diman1968","1","3","4"
"Dimanchinio","3","1","4"
"Dimarik89rus","2","2","4"
"Dimas14rus","3","1","4"
"Dimasam","2","2","4"
"DimaShum2015","1","3","4"
"DiMaster16","2","2","4"
"dimayar","3","1","4"
"dimaz77","3","1","4"
"DimaZolotarov","2","2","4"
"Dimchinir","3","1","4"
"dimdo01","2","2","4"
"Dimichess","2","2","4"
"Dimitrii4","3","1","4"
"DimkaBoos","3","1","4"
"Dimon1525","2","2","4"
"DimonFry","2","2","4"
"Dimpivovar","2","2","4"
"Dimplecollado","2","2","4"
"DimRai","2","2","4"
"Dimu2505","2","2","4"
"Dimytro11","2","2","4"
"Dina23109","2","2","4"
"dina64","2","2","4"
"dinesh101","1","3","4"
"DingLiren2024","2","2","4"
"DinhasAbeynayake","3","1","4"
"dinkalladithottungal","2","2","4"
"dinkuD","2","2","4"
"dino_lev","1","3","4"
"Dino54321","1","3","4"
"Dinobite21","2","2","4"
"Dinobuz","3","1","4"
"dinolusmwk","1","3","4"
"Dinora","1","3","4"
"Dinorasoure","1","3","4"
"dinsukasuka","2","2","4"
"diogenes_23","1","3","4"
"Diogenes_Rafa","3","1","4"
"Diogenesluz73","2","2","4"
"Diogo5M","2","2","4"
"diogofranciscop","1","3","4"
"Diomaiute","2","2","4"
"dion888","1","3","4"
"dionis211184","2","2","4"
"dipak_tiwari","3","1","4"
"dipak555","2","2","4"
"DipakR","2","2","4"
"DiptayanSahoo","1","3","4"
"dipu55557","3","1","4"
"DIRK66","3","1","4"
"dirtyjazzchess","2","2","4"
"dirtyrottenpig","2","2","4"
"Disali2015","2","2","4"
"Disaso","1","3","4"
"DISCOVERED_CH3CK","2","2","4"
"Disha7292","1","3","4"
"dishijain","2","2","4"
"DisruptorChess","2","2","4"
"Divad2010","1","3","4"
"divan2001","2","2","4"
"diversaforas1","1","3","4"
"Divi23","2","2","4"
"Divissha_Chandani","2","2","4"
"DivyamJain1","3","1","4"
"dixib","2","2","4"
"Diyadanish3008","2","2","4"
"Diyantoguta1","3","1","4"
"DiyarH","2","2","4"
"DiyorFayzullaev","2","2","4"
"dj_k","1","3","4"
"DJ_Turnip","1","3","4"
"djameldz72","2","2","4"
"djang0","3","1","4"
"Djangan-Ori","1","3","4"
"Django_Reloaded","2","2","4"
"djazzer","3","1","4"
"djeeep","1","3","4"
"DJei","2","2","4"
"djemla","1","3","4"
"djennick1","1","3","4"
"DjFarmor","3","1","4"
"djffasig","3","1","4"
"Djim40","2","2","4"
"DJStalevar","1","3","4"
"dk_money7","3","1","4"
"dk500","2","2","4"
"dkovach","2","2","4"
"dlk32","2","2","4"
"DM_Salman","3","1","4"
"DM1983","2","2","4"
"dmachado0","3","1","4"
"DMaro28","1","3","4"
"Dmd-the-slayer","2","2","4"
"dmdmdm12345","2","2","4"
"DMGame","1","3","4"
"Dmiitry_chess","1","3","4"
"DmitPshov","2","2","4"
"Dmitrii81","1","3","4"
"Dmitrii97","1","3","4"
"DmitriiKo","3","1","4"
"Dmitriy_dell","1","3","4"
"Dmitriy_Makeev2013","2","2","4"
"Dmitriy_Ogorodnov","2","2","4"
"dmitriy_rudentsov150","2","2","4"
"Dmitriy1963","1","3","4"
"Dmitry_75","3","1","4"
"Dmitry_Saitov","2","2","4"
"Dmitry_Voronin","2","2","4"
"DmitryFi","2","2","4"
"DmitryG86","2","2","4"
"DmitryGafin","2","2","4"
"DmitryKrivonogov","2","2","4"
"DmitrySviridovNN","2","2","4"
"dmoney059","2","2","4"
"dnchernov","3","1","4"
"dntbe2SIRIUS","2","2","4"
"Do_Jas3108","2","2","4"
"doand","3","1","4"
"DoandMikey","1","3","4"
"doankhoinguyen2011","2","2","4"
"DOANQUOCBAO-TB","2","2","4"
"DOANQUOCKHANH-TB","2","2","4"
"dobeye","2","2","4"
"doc301179","2","2","4"
"Docent58","2","2","4"
"DoceWwa","1","3","4"
"docmanurru","2","2","4"
"docongdanh2015","2","2","4"
"docteur_w","2","2","4"
"Doctor_Strange04","2","2","4"
"doctordrdr","2","2","4"
"dodaone","3","1","4"
"dodozzzzzz","2","2","4"
"Dofamingo","1","3","4"
"DoiDoiC","2","2","4"
"doisreais","2","2","4"
"Doker12","2","2","4"
"dokkut","2","2","4"
"Dolbano","1","3","4"
"doleffchess","2","2","4"
"dolleto","2","2","4"
"dolomiti","1","3","4"
"dom310","2","2","4"
"Dom92","1","3","4"
"DomagojBegic","3","1","4"
"Dombor202","2","2","4"
"domcrau","1","3","4"
"domdomreloaded","2","2","4"
"Domi59870","3","1","4"
"DominatorChris","3","1","4"
"Dominic-F-OHES","1","3","4"
"dominichess69","3","1","4"
"DominicLaFe","3","1","4"
"dominikp69","1","3","4"
"DominikUA","2","2","4"
"domo2192","2","2","4"
"dompakgoklassimamora","2","2","4"
"DomRodrigss","2","2","4"
"Domvar","2","2","4"
"Don_Julian","2","2","4"
"Don_Loko","2","2","4"
"dona_irene","2","2","4"
"donacc","2","2","4"
"donatonni","2","2","4"
"DonatsChess","2","2","4"
"donbaton","2","2","4"
"Dondolo86","2","2","4"
"Donfather1997tn","2","2","4"
"DonGabriel","2","2","4"
"dongdang","1","3","4"
"DoNgocXuanVy05","1","3","4"
"dongt","2","2","4"
"DoniphanII","2","2","4"
"donjuand","3","1","4"
"DonnaO","1","3","4"
"DonnieBohol","1","3","4"
"Donniech","3","1","4"
"donpantera","2","2","4"
"donrys","1","3","4"
"dont_play","1","3","4"
"Dontcheckmateplz","1","3","4"
"donThut","2","2","4"
"dontomato","2","2","4"
"donvergas-nayarit","2","2","4"
"DonWildCherry","3","1","4"
"DoodsMo","2","2","4"
"doomex","2","2","4"
"Dooni","2","2","4"
"doooody","2","2","4"
"dooooooot","1","3","4"
"dooshbagjones","2","2","4"
"DoraDincer","2","2","4"
"doreper","2","2","4"
"dorianmoga454","1","3","4"
"Dottorbros","2","2","4"
"DoTuanAnh18052013","2","2","4"
"doublefantasy","2","2","4"
"doublespeakk","3","1","4"
"DoublyDegenerate","3","1","4"
"DoughtyKnight","2","2","4"
"DouglasMartinez68","3","1","4"
"doveseibare","2","2","4"
"Dr_M_A_M","2","2","4"
"Dr_Magnesium0","2","2","4"
"Dr_MohamedHedi","2","2","4"
"Dr_RushpilL","2","2","4"
"dr_shivam","2","2","4"
"dr_shreymagnus","2","2","4"
"dr_zeus","2","2","4"
"Dr-YALEEL","2","2","4"
"Dr1234","1","3","4"
"drabshah","2","2","4"
"Draftsmen","1","3","4"
"DraftunderDoor","2","2","4"
"draftycastle","2","2","4"
"dragan9","2","2","4"
"Dragon_SLCA","3","1","4"
"dragonfly645","1","3","4"
"Dragonian3010","2","2","4"
"dragonkiller79","3","1","4"
"DragonKillerMaster","1","3","4"
"DragonKing2001","2","2","4"
"Dragopeyic","2","2","4"
"Dragoroblack","2","2","4"
"DragosD","2","2","4"
"drasko111","2","2","4"
"Draven82","1","3","4"
"Drbiegunka11","3","1","4"
"DrBraco","2","2","4"
"drcgiri09","3","1","4"
"DrDelete","2","2","4"
"drdoom666","3","1","4"
"dream-maker","1","3","4"
"DreamArt","2","2","4"
"dreamdragon0108","1","3","4"
"DreamUPSC","2","2","4"
"Dreces","2","2","4"
"DrekManzano","2","2","4"
"Drennya","2","2","4"
"DrestinBlack1","2","2","4"
"drevo13","1","3","4"
"Drewtot","1","3","4"
"drhiten","1","3","4"
"drhollern","1","3","4"
"DRHYDE234","2","2","4"
"Drhyperxliquid","2","2","4"
"drimer2","2","2","4"
"driouKa","2","2","4"
"dripplume","2","2","4"
"drishyamkaran","3","1","4"
"driverblag","2","2","4"
"Drkgkdmr","2","2","4"
"drkris4u","3","1","4"
"DrLaGushka","1","3","4"
"DRMandragoras","1","3","4"
"drmoody95","2","2","4"
"DRMTTMR","2","2","4"
"Dron_Carton","1","3","4"
"DrPeafowl","1","3","4"
"drsantiagonasar","3","1","4"
"drunkalt","2","2","4"
"DrUnknownChampion","2","2","4"
"Druubie","2","2","4"
"druzhyck","3","1","4"
"drxtere","2","2","4"
"dryan76","2","2","4"
"dryndin","2","2","4"
"Ds79","1","3","4"
"dsbala","2","2","4"
"dschingiskhan1","2","2","4"
"DSelekisho","3","1","4"
"dspringb","2","2","4"
"DSTodd","2","2","4"
"dthem","2","2","4"
"DTSno","2","2","4"
"DTYFO","2","2","4"
"DubiousDice00","2","2","4"
"Dubs12345678901","2","2","4"
"Duca2080","3","1","4"
"DucDatHP13","1","3","4"
"duchamper92","2","2","4"
"ducknana","2","2","4"
"Ducnef","1","3","4"
"Duda-Myrage","2","2","4"
"Duden_BW","1","3","4"
"dudinks","3","1","4"
"Duende63","1","3","4"
"Duke_of_Brunswick","2","2","4"
"Duke251","2","2","4"
"Dulcinea71","2","2","4"
"Dulmin_g","2","2","4"
"dulvui","2","2","4"
"DUM177","2","2","4"
"Dumara00","2","2","4"
"dumasvb","2","2","4"
"Dumb043","2","2","4"
"Dumbledore_F","2","2","4"
"Dummywiz","1","3","4"
"dune_5050","3","1","4"
"DUNI","2","2","4"
"Duongbaonhi","2","2","4"
"DuongThiMyLoc05","2","2","4"
"Dur0chka","2","2","4"
"duraiamuthan2013","2","2","4"
"Duraksam","2","2","4"
"DuraznoSangrando","2","2","4"
"Durgesh_b","1","3","4"
"duruww","2","2","4"
"Dushyant_D_A","2","2","4"
"Dustin_Hermann2006","3","1","4"
"Dutchman-88","2","2","4"
"DuWiLL_9ty6","3","1","4"
"duythong1402","2","2","4"
"Duytran2k2","2","2","4"
"DvdWlnd","2","2","4"
"Dvijarv86","2","2","4"
"Dvl321","3","1","4"
"DVT_soc","2","2","4"
"Dwaide","2","2","4"
"dwairk","2","2","4"
"dwanith","3","1","4"
"dwarfhammer","2","2","4"
"Dwarfinflask","1","3","4"
"dwbcampbell","1","3","4"
"dwiedirajesh","3","1","4"
"Dwight_Drawz","2","2","4"
"Dwikarunia87","2","2","4"
"DWINNER2014","2","2","4"
"dwo2ehnik","2","2","4"
"DXM64DXM","1","3","4"
"Dycee","2","2","4"
"DYL-Ninio","2","2","4"
"dylan773","2","2","4"
"DylanJz215","1","3","4"
"Dymas13","1","3","4"
"Dymon1983","2","2","4"
"Dynamic795","2","2","4"
"Dynasty19","2","2","4"
"dyshirpdx","1","3","4"
"Dzakir007","2","2","4"
"dzanodz","3","1","4"
"dzejkey","2","2","4"
"Dzever","2","2","4"
"DziBee","1","3","4"
"dziennik","3","1","4"
"Dzikril","1","3","4"
"Dzmitry_Budkevich","2","2","4"
"e_dadashi","2","2","4"
"e4openings","2","2","4"
"E77MM","2","2","4"
"Ea-enki33","2","2","4"
"EAGLEHUNTER211","3","1","4"
"eagleSVD","1","3","4"
"eagletiger123","2","2","4"
"ealexandre","1","3","4"
"EAlexeyJA","1","3","4"
"eanwilliams","2","2","4"
"earth1357","2","2","4"
"Earthar","2","2","4"
"easyas1two3","2","2","4"
"Easybirdie","2","2","4"
"eatballer","3","1","4"
"EB-oshoo","3","1","4"
"ebgift","1","3","4"
"EbnElKhattab","1","3","4"
"eboatwright","2","2","4"
"ebrak123","1","3","4"
"ebramosama5","3","1","4"
"EbuChugun","2","2","4"
"ebzeka","2","2","4"
"ecanpolat10","2","2","4"
"ecaplayer","2","2","4"
"Echelle","1","3","4"
"EChessGeneration","1","3","4"
"Echo2000","3","1","4"
"echostarian","1","3","4"
"Echsalloz","2","2","4"
"ecl42","3","1","4"
"EclairNoix","3","1","4"
"Eclipce","3","1","4"
"ECo1986","2","2","4"
"ECrvz","1","3","4"
"Ecudational","1","3","4"
"Ed-zi","3","1","4"
"EdCranf","3","1","4"
"EddDouglas666","2","2","4"
"eddie11199","2","2","4"
"Edenilson0401","2","2","4"
"Edenzhou0128","2","2","4"
"ederchess91","2","2","4"
"Edgar1108","2","2","4"
"edgarbaigorri","1","3","4"
"Edgarcoga","1","3","4"
"edgarsisky","2","2","4"
"Edgarsuperfort","3","1","4"
"Edi2407","3","1","4"
"EDIELPESSOASILVA","2","2","4"
"Edik426","2","2","4"
"EDISONRECALDE","2","2","4"
"edjord24","1","3","4"
"EdmarBMI","2","2","4"
"edmund78","2","2","4"
"edonate1951","2","2","4"
"edoubleu1994","2","2","4"
"Edson1114","1","3","4"
"edson9973","2","2","4"
"eduard_v","2","2","4"
"Eduard2005","2","2","4"
"Eduard2100","1","3","4"
"Eduardo_Takeuchi","2","2","4"
"eduardo77777","3","1","4"
"eduardoxrf","2","2","4"
"Educamaisxadrez","2","2","4"
"EducatedGator","1","3","4"
"eduerdo","2","2","4"
"edups4","2","2","4"
"eduSanchez","3","1","4"
"Edwa0125","3","1","4"
"EdwarZambrano","2","2","4"
"edyardpar1976","2","2","4"
"edzio429","1","3","4"
"eeniemeeniemineymo","1","3","4"
"Eeshaan_Karthikeyan","2","2","4"
"Eevoon","2","2","4"
"EF1103","2","2","4"
"efeberis54","1","3","4"
"EFEDEMEZ","2","2","4"
"eFeRnos","2","2","4"
"efigie63","2","2","4"
"Efim_K","2","2","4"
"efmvig","2","2","4"
"efrenalp","2","2","4"
"efwwfwewee","1","3","4"
"egeberkkaio","1","3","4"
"egeozadam","2","2","4"
"Egezy","2","2","4"
"Egg_0","1","3","4"
"Ego2022","2","2","4"
"egobsgo","2","2","4"
"Egor_mol","2","2","4"
"Egor-67","2","2","4"
"Egor-Pro","1","3","4"
"Egor1982","3","1","4"
"EgorFlash","2","2","4"
"EgorG08","1","3","4"
"EgorMalkow","3","1","4"
"EgorP2014","1","3","4"
"ehabkh00","3","1","4"
"EhnkeJr","3","1","4"
"ehsn15196","2","2","4"
"EidAyman","2","2","4"
"eidoj07","2","2","4"
"eimiro","1","3","4"
"eimsbusch","2","2","4"
"Eismont","3","1","4"
"EITANGEVA31054444444","3","1","4"
"eitmir","1","3","4"
"Eka_Kusmana","3","1","4"
"ekempjr74","3","1","4"
"eki63","2","2","4"
"Ekkiout","3","1","4"
"EKrausz","3","1","4"
"EksaDigitalAgency","2","2","4"
"ekvals","3","1","4"
"El_Caiman","2","2","4"
"el_colo","2","2","4"
"el_jefe1337","2","2","4"
"El_Mantecas13207","2","2","4"
"EL_NIC0","2","2","4"
"EL_PAWN_JOHN","3","1","4"
"El_Turco1923","2","2","4"
"el_zet","2","2","4"
"El-Cid-Campeador","2","2","4"
"El3_3sp_29","2","2","4"
"El3shry","2","2","4"
"El9","2","2","4"
"elagmy99","2","2","4"
"elahehrobatjazi2000","2","2","4"
"elaolinat","2","2","4"
"elaraa5","3","1","4"
"elatrache","2","2","4"
"ElBibulo","2","2","4"
"ElChalcal","2","2","4"
"elchuli","2","2","4"
"Eldar-aliev","2","2","4"
"Eldenelsa","2","2","4"
"Eldiosse","2","2","4"
"eldreny","2","2","4"
"elduardos","2","2","4"
"ElDuch","2","2","4"
"elduga","3","1","4"
"elebot","2","2","4"
"ElectroSax","2","2","4"
"ElenaAnnecy","1","3","4"
"ElenFrance","1","3","4"
"elephant2023","2","2","4"
"Eleshar","2","2","4"
"Elevenfast","2","2","4"
"elfadlix","3","1","4"
"Elfaioumy2010","3","1","4"
"elfischerdevillazul","3","1","4"
"Elflacogarcia","2","2","4"
"elgarbi","2","2","4"
"elgarri","2","2","4"
"Elgawish","2","2","4"
"Elgia","1","3","4"
"ElGoat2020","2","2","4"
"elgreco68","2","2","4"
"Elgroody","1","3","4"
"elgun_thegoat","2","2","4"
"Elgy7","2","2","4"
"ElHacedordeMates","2","2","4"
"Elhachomo","1","3","4"
"elhassenmr","1","3","4"
"eli_omalley","2","2","4"
"Elia_Gracheva","2","2","4"
"eliasToennies","2","2","4"
"EliDOVX","2","2","4"
"Elik_chess","2","2","4"
"eliko89","1","3","4"
"Eliminex","3","1","4"
"elinaalborzi","3","1","4"
"EliOliver","2","2","4"
"Elisa2612","2","2","4"
"ElisabethV","1","3","4"
"elismil","3","1","4"
"Elissa4","2","2","4"
"Elitekron396","3","1","4"
"Elkin17072008","3","1","4"
"elKSo","2","2","4"
"ellie_c","2","2","4"
"Elliot-B-OHES","2","2","4"
"EllynR","2","2","4"
"Elm2000","2","2","4"
"elmachofran","3","1","4"
"Elmagomerlin","3","1","4"
"elmali_chess","2","2","4"
"elmalkey","3","1","4"
"elmirth","1","3","4"
"Elmodelacruz0","1","3","4"
"ElnurNuru","2","2","4"
"elopunk","2","2","4"
"EloSchmelo","2","2","4"
"ElPirounel","2","2","4"
"Elrond10","2","2","4"
"elsa_m","2","2","4"
"elsaanna1","2","2","4"
"Elsan20","3","1","4"
"Elsayed_madina","2","2","4"
"Elshafi1998","1","3","4"
"elsheshtawy23","2","2","4"
"Elsomewherelse","3","1","4"
"Elson007","3","1","4"
"elsopes","2","2","4"
"elstongunn01","2","2","4"
"elsua2","2","2","4"
"elunisor","2","2","4"
"Elvin_Aguilar","1","3","4"
"elvin47","2","2","4"
"ElvinTrane","2","2","4"
"elvira-tulle-bessue","2","2","4"
"Elviraizo","3","1","4"
"Elvis_Prodigy","2","2","4"
"ElvisSalah11","2","2","4"
"elwinandi","1","3","4"
"ely123","3","1","4"
"elyas1373","2","2","4"
"emadjamea","2","2","4"
"Emadz","2","2","4"
"emailgcr","3","1","4"
"emamiowl","2","2","4"
"Eman_16","2","2","4"
"eman1526sh","3","1","4"
"Eman33200","3","1","4"
"Emaneymen","2","2","4"
"emanuele80","3","1","4"
"Emanuelelucci","1","3","4"
"EmanuelLaPorta","2","2","4"
"emanuelnoir91218","3","1","4"
"EmanuelPatta","3","1","4"
"emeffess","2","2","4"
"emericriv","2","2","4"
"Emerigo","2","2","4"
"emidinar85","2","2","4"
"emil_fanoun","2","2","4"
"emil2311","2","2","4"
"EmilHemzeyev","2","2","4"
"emilianocarmody","3","1","4"
"emilianoma","3","1","4"
"Emilie-351217","2","2","4"
"EmilioCarlos5","2","2","4"
"emiliotravascio","2","2","4"
"Emilioz1966","3","1","4"
"Emin233323","3","1","4"
"emin9","2","2","4"
"eminercan","2","2","4"
"Emir1617","3","1","4"
"EmirCat","3","1","4"
"EmircenkTosun","3","1","4"
"emirduran33","2","2","4"
"emirfurkansezgin","2","2","4"
"emirhansahin2","2","2","4"
"emirkaan_46","3","1","4"
"emirkemal11tengiz","2","2","4"
"emirkspglu","1","3","4"
"EmiRoR","2","2","4"
"EmirovEmin1987","1","3","4"
"EmirPinar2015","2","2","4"
"EmirTR321","2","2","4"
"Emmanuel12244","2","2","4"
"emmanuelctaylor","2","2","4"
"EmmyEmerald","3","1","4"
"emmyrobert","3","1","4"
"empatia1978","1","3","4"
"emper0rrrrr","1","3","4"
"EmppmE","2","2","4"
"EMPRXESS","1","3","4"
"Emre1717","2","2","4"
"emre6025","2","2","4"
"Emre777","2","2","4"
"emrhnklc","2","2","4"
"emrkrmn9","2","2","4"
"EMRMirinda","2","2","4"
"EMTej","3","1","4"
"emtezet","2","2","4"
"emyl79","2","2","4"
"en-passant20","2","2","4"
"Enayatsouri","3","1","4"
"Encephalus","2","2","4"
"encio","2","2","4"
"endgame2202","1","3","4"
"Endiz","2","2","4"
"EndoEric","3","1","4"
"endriu525","1","3","4"
"Endy17801","2","2","4"
"EndyBoss","2","2","4"
"ene76","2","2","4"
"Enea2000","3","1","4"
"eng_milany","2","2","4"
"EngAbdou95","2","2","4"
"Engin1903","2","2","4"
"engineer74","2","2","4"
"enginesgochoo","2","2","4"
"engrsere","2","2","4"
"engynaeem","2","2","4"
"Enigma-S","2","2","4"
"Enigma427","2","2","4"
"Enigma88","2","2","4"
"enitiholov","2","2","4"
"Enlis","2","2","4"
"Ennhong","2","2","4"
"enog1","2","2","4"
"enricem","2","2","4"
"enrico7788","2","2","4"
"enricochess123","1","3","4"
"EnricoTurchetti","2","2","4"
"enrique-tapia_103","1","3","4"
"EnriqueInferno","2","2","4"
"enriqueucles","1","3","4"
"enroledjos","2","2","4"
"enroque5to","1","3","4"
"Ensaad","1","3","4"
"ensiferum76","1","3","4"
"Entenrente","2","2","4"
"Entharex","2","2","4"
"Enthusiast976","2","2","4"
"entombedfly","1","3","4"
"enzo_mor13","1","3","4"
"Enzo1364","2","2","4"
"enzomammarella","2","2","4"
"Eonika","2","2","4"
"EozzyChess2","2","2","4"
"epicsoldier","3","1","4"
"Epiphany_517","2","2","4"
"EPOHGeorges","1","3","4"
"EppiHideyoshiSuryadi","2","2","4"
"Epsilonkleiner0","2","2","4"
"EpT915","2","2","4"
"er6osya","2","2","4"
"erali_arg","1","3","4"
"Eraly_7777","2","2","4"
"Eraser174","2","2","4"
"erbsha01","1","3","4"
"ercbam","2","2","4"
"erdematilay","2","2","4"
"Erdembaba61","3","1","4"
"Erdemdogan34","1","3","4"
"ERDEMKRAL25CR7_667","2","2","4"
"erdinchess","2","2","4"
"erdo5","2","2","4"
"ERefky","1","3","4"
"erencestepe","1","3","4"
"erengssg1","1","3","4"
"erentokatt","3","1","4"
"EREPEREz","1","3","4"
"Eres65","2","2","4"
"Erez_M","3","1","4"
"Erforscher","2","2","4"
"ergl56","2","2","4"
"ErgunAslan","2","2","4"
"erhanozgan","2","2","4"
"Eric595","2","2","4"
"EricBlair1984","2","2","4"
"ericthamby","2","2","4"
"Ericthemaster","2","2","4"
"Erik071212","2","2","4"
"erik98let","3","1","4"
"erikabp","1","3","4"
"ERIUS","2","2","4"
"erkan75","1","3","4"
"erkankrts","2","2","4"
"Erke77","1","3","4"
"ErkinBaltaev","3","1","4"
"Erkutcan","3","1","4"
"Ermafrodita_00","2","2","4"
"ernav","2","2","4"
"Ernestino_13","2","2","4"
"ErnestoHM","2","2","4"
"ErnestoPazMon","2","2","4"
"erns","2","2","4"
"ernsakk74","2","2","4"
"Ernst_VP","2","2","4"
"eRofeev1","3","1","4"
"erolklm","2","2","4"
"eronfalbo","3","1","4"
"Erselbulu93","2","2","4"
"Ershov_Svyatoslav","2","2","4"
"Ersin165","2","2","4"
"ertemen","3","1","4"
"ertugrulkaanyilmaz","2","2","4"
"ervevi","2","2","4"
"Erys7","2","2","4"
"ErzsiTorkamancheh","3","1","4"
"esafar46","1","3","4"
"esammashhor","1","3","4"
"Esat_Demirel","1","3","4"
"Esben_Hove","2","2","4"
"EscaladePro","2","2","4"
"Escombro","2","2","4"
"escudodecarvalho","2","2","4"
"eshaghi","1","3","4"
"Eshqin","3","1","4"
"Eskovaan","2","2","4"
"EslamHekal","2","2","4"
"eslamjdeed","1","3","4"
"Eslamkhalaf","1","3","4"
"esmaeil64","1","3","4"
"esmahabbab","2","2","4"
"Esmalls13","1","3","4"
"ESP_o0_ZoiYo_0o_ESP","3","1","4"
"espinote","1","3","4"
"espositor","2","2","4"
"essam_gomaa","2","2","4"
"essamchavez","2","2","4"
"essamhythm123456","2","2","4"
"Estan_1028","2","2","4"
"Estheban0","2","2","4"
"ESTHEBANN","2","2","4"
"estiloquio","2","2","4"
"Estrela1409","3","1","4"
"estrella0107","2","2","4"
"estrene","2","2","4"
"estrogorciado","2","2","4"
"ETChiku","1","3","4"
"EternalPawn","2","2","4"
"eternalrhythm","2","2","4"
"ETHAN-BOND","2","2","4"
"ethan0601","2","2","4"
"EthanPerola","2","2","4"
"Ethelzino","2","2","4"
"etherbleeder","2","2","4"
"ethycS1","3","1","4"
"EtienneP59","3","1","4"
"eto1234eto","1","3","4"
"eubos","3","1","4"
"Eugene_Music178","2","2","4"
"Eugenii_Garkusha","2","2","4"
"eugeniodecierdo","2","2","4"
"Eugeniolor","2","2","4"
"eulenadler","2","2","4"
"Eurin0","2","2","4"
"EuroDiesel","2","2","4"
"ev_1","2","2","4"
"Ev1lbrzy","3","1","4"
"EV627333","1","3","4"
"Evan7-doche84","2","2","4"
"Evan915","3","1","4"
"evanamd","1","3","4"
"Evangeline16","3","1","4"
"evanxian","1","3","4"
"Evara659","2","2","4"
"Evariste_Ennemond","1","3","4"
"eveen","1","3","4"
"Evegar","2","2","4"
"even_hunt","2","2","4"
"evenmoore","2","2","4"
"Everardo_Suarez","3","1","4"
"EVERFIP","2","2","4"
"Eversley07","2","2","4"
"Every1isKidding","2","2","4"
"everygameloser","2","2","4"
"everythingis_taken","3","1","4"
"Evgen_2018","2","2","4"
"EvGen_461","2","2","4"
"evgen32800","1","3","4"
"EvgenB23","2","2","4"
"EvgenGrad","3","1","4"
"evgenhard","1","3","4"
"evgenia140513","2","2","4"
"Evgeniiryb","3","1","4"
"evgenijsenyukov","2","2","4"
"Evgenius88","3","1","4"
"Evgeniy_888","3","1","4"
"Evgeniy-87","3","1","4"
"Evgeniy74","3","1","4"
"EvgeniyTM","2","2","4"
"Evgeny_Malakhov","2","2","4"
"EvgPet","2","2","4"
"Evilmoon","1","3","4"
"evka2011","2","2","4"
"Evmi","2","2","4"
"EvmiSenalya","2","2","4"
"Evolutionrus","1","3","4"
"Evos_DENZ17","3","1","4"
"evro539","2","2","4"
"EVSeee","3","1","4"
"Evtic","1","3","4"
"EVTrondheim","2","2","4"
"Evutchka","1","3","4"
"evvr","2","2","4"
"Ewansur","2","2","4"
"EwaOlga","3","1","4"
"Ewepewe","2","2","4"
"ewGeniy1984","2","2","4"
"ExaEVO","2","2","4"
"excardiffdocker","2","2","4"
"Exekutiv","1","3","4"
"exlusiveBOT","2","2","4"
"ExolessFFS","2","2","4"
"Expansionpack","2","2","4"
"expertmars","1","3","4"
"Expicurious","1","3","4"
"explorerishav","3","1","4"
"exqafier","2","2","4"
"extra_lettuce","2","2","4"
"Exwaldmeister","2","2","4"
"EXYZ1","2","2","4"
"eyadunderscore111","2","2","4"
"EyeLikeTurtles","3","1","4"
"Eykmz","3","1","4"
"Eymen-dag","2","2","4"
"eymepro","2","2","4"
"Eynar","1","3","4"
"eyupkesici2005","2","2","4"
"eyupycln","2","2","4"
"EzAja","3","1","4"
"ezenob","2","2","4"
"Ezzeldine","3","1","4"
"f-bi0","2","2","4"
"f-kordistan","3","1","4"
"F0CUS12-sg","2","2","4"
"f10_diegog","3","1","4"
"f123furkan","2","2","4"
"F1c0","3","1","4"
"f1ck_rusnya","2","2","4"
"F4HI","2","2","4"
"f5f9","3","1","4"
"F8_Mythic","2","2","4"
"Fa_Pel","3","1","4"
"Fabelwesen2021","1","3","4"
"Fabi72","1","3","4"
"fabian1803","1","3","4"
"Fabian300","2","2","4"
"fabianperez23","1","3","4"
"FabioRossi","2","2","4"
"fabiothedestroyer","2","2","4"
"FabricioPellizzon","1","3","4"
"fabrit95","2","2","4"
"FabrizioB82","2","2","4"
"FabrizioM1970","2","2","4"
"face67","1","3","4"
"FACKIOUNDO","2","2","4"
"FacuMartinez","3","1","4"
"Fadel1983","3","1","4"
"fadly_enjink","2","2","4"
"fadysafwat508","2","2","4"
"faeyzaputuarga","2","2","4"
"fafa33","2","2","4"
"fafanhaiti","2","2","4"
"Fahdlillah01","2","2","4"
"Fahrudin1956","2","2","4"
"FAIFU-KHAN","2","2","4"
"failedunion","1","3","4"
"FailIstari","2","2","4"
"Fairy2004","1","3","4"
"faisalshxikh","1","3","4"
"faixapret","2","2","4"
"Fajizmo","2","2","4"
"Fajju1111","2","2","4"
"fakhri-ab","2","2","4"
"Faksenknak","2","2","4"
"FalconWaha","2","2","4"
"FalcoTCC","1","3","4"
"FamilyFriendlyEnough","2","2","4"
"Fandarr","3","1","4"
"Fantagyros","2","2","4"
"Fantasm4","2","2","4"
"fantasticdriver","1","3","4"
"FantazzY-l","2","2","4"
"FantomaS7","3","1","4"
"farah90","3","1","4"
"faraz1393","2","2","4"
"farazi06","1","3","4"
"farbmates","2","2","4"
"farendra","3","1","4"
"FaresEl-2amed","2","2","4"
"faresmohamed123","2","2","4"
"Fargo515","2","2","4"
"farhad_hsn8","2","2","4"
"farhadriahi","1","3","4"
"Farid_Gharwal","2","2","4"
"Farid4321","2","2","4"
"FaridDz21","3","1","4"
"Faridkhanmurzaev","2","2","4"
"Farilya","2","2","4"
"fariztagizade","2","2","4"
"farkasj52","2","2","4"
"farman215","1","3","4"
"farmgirlhorselove","3","1","4"
"Farmzeppelin","3","1","4"
"Faronchetto","1","3","4"
"Farouk-elhadidy","2","2","4"
"Farshddddd","2","2","4"
"farukmardin47","2","2","4"
"faruuk","2","2","4"
"fassi_56","2","2","4"
"fast_bullet01","1","3","4"
"Fast_Riders","2","2","4"
"fatemeh_91","1","3","4"
"fatemehmobiny","2","2","4"
"fater42","2","2","4"
"Faterdar","3","1","4"
"fathyelsayed","2","2","4"
"fatigarcia","2","2","4"
"fatih_98","2","2","4"
"Fatih1789","2","2","4"
"Fatihbc","2","2","4"
"fatihhagirakar","1","3","4"
"fatihkarahan55","1","3","4"
"Fatimanazari2007","2","2","4"
"faups","1","3","4"
"Faustten","2","2","4"
"fauxz","2","2","4"
"fauzi_11","2","2","4"
"fauzi111977","2","2","4"
"FawziYaseen","2","2","4"
"fayhuAlbas","3","1","4"
"Fayl_1","3","1","4"
"faymaykay","1","3","4"
"Faz_05","2","2","4"
"fazlaacemi","2","2","4"
"fbaillie","2","2","4"
"fbs77","3","1","4"
"Fbtv","1","3","4"
"fc40","2","2","4"
"Fcpalerme","2","2","4"
"FCRNN","2","2","4"
"Fdqw","2","2","4"
"FdV77","3","1","4"
"febria1","2","2","4"
"fecupa1949","2","2","4"
"fedeberra33","3","1","4"
"FEDEGIORG2012","1","3","4"
"fedejavi81","2","2","4"
"fedelito_pascual","2","2","4"
"fedepere","2","2","4"
"federati","1","3","4"
"Federicogmf","2","2","4"
"fedever","1","3","4"
"Fedjablpula","2","2","4"
"Fedor_Arkhangelskii","2","2","4"
"Fedor_Labych","2","2","4"
"FedorDrozdov","2","2","4"
"Fedot81","2","2","4"
"FeelTheForce","2","2","4"
"fefelov-sv","1","3","4"
"fege12","1","3","4"
"FeichtlerTheGreat","3","1","4"
"Felesakis2","2","2","4"
"Felipe1277","1","3","4"
"felipindograu","2","2","4"
"feliques","2","2","4"
"Felix13365","3","1","4"
"felix2887","2","2","4"
"Felixkla19","2","2","4"
"felixwacky","2","2","4"
"felopater456","2","2","4"
"felopater8","1","3","4"
"Felucoff","2","2","4"
"femiam","3","1","4"
"FenchelT","2","2","4"
"Fenderman-59","2","2","4"
"fenerium_1907","2","2","4"
"fenix2k6","2","2","4"
"FenixZen99","3","1","4"
"fenomater","3","1","4"
"fenris29","2","2","4"
"Feodor-56","3","1","4"
"Fer_sanmiguel","1","3","4"
"ferbuenojr","2","2","4"
"ferchosqui","3","1","4"
"Ferdauss","3","1","4"
"ferdian_hayafi","3","1","4"
"Ferdinand4","3","1","4"
"ferero14","2","2","4"
"fereshtebehesht","1","3","4"
"feresi55","2","2","4"
"Ferhat767676","3","1","4"
"ferhatAckgz","2","2","4"
"FeriKiSani","1","3","4"
"ferit68","1","3","4"
"FerJflores","2","2","4"
"Ferky2023","2","2","4"
"fernalam28","1","3","4"
"Fernandes1957","1","3","4"
"fernando0470","1","3","4"
"ferrancasas","2","2","4"
"ferrocarril","2","2","4"
"Ferrux_Shirinov","2","2","4"
"Feruum","2","2","4"
"Ferzx","3","1","4"
"feshtik","2","2","4"
"fess911","2","2","4"
"fethiye_2634","2","2","4"
"ffdshow","3","1","4"
"ffedrer","2","2","4"
"Fffar","2","2","4"
"Fgori","2","2","4"
"Fianchito","1","3","4"
"Fiaskoh","2","2","4"
"fibra71","3","1","4"
"ficheal21","2","2","4"
"fiddle_master","2","2","4"
"fifa86","2","2","4"
"fiffofan","1","3","4"
"FiFiDowski","1","3","4"
"fiforrrrr","3","1","4"
"Fifwheel","3","1","4"
"figal","1","3","4"
"fighter_77","3","1","4"
"Fikih_Banten1","2","2","4"
"fikitook098","2","2","4"
"fikysss","2","2","4"
"Filatov_Lesha","2","2","4"
"Filin1","2","2","4"
"FilipLoder","2","2","4"
"FilippoBrunellesch9","2","2","4"
"Filoleki","3","1","4"
"filosof55","1","3","4"
"fima912","2","2","4"
"finfans","2","2","4"
"finfinchess","2","2","4"
"FinisherJ","2","2","4"
"FinoaQuando","2","2","4"
"finrodfelangud","3","1","4"
"FinsterGeneral","2","2","4"
"Fionakot","2","2","4"
"Fionnion","2","2","4"
"fiore2","1","3","4"
"Fiqrirahim","1","3","4"
"firasik","2","2","4"
"fire_fogger","2","2","4"
"Fire678","3","1","4"
"FireBirdShow","2","2","4"
"Fireblde","1","3","4"
"fireflo","1","3","4"
"FireLeon16","1","3","4"
"firooz1","1","3","4"
"Firuz2310","2","2","4"
"fischerinkayiptorunu","2","2","4"
"Fischerm2020","3","1","4"
"Fischerstechen2017","2","2","4"
"fishandbike","1","3","4"
"fisher000888","2","2","4"
"fisherway","2","2","4"
"Fishman90","1","3","4"
"fishsen","2","2","4"
"Fishy_Sticks","3","1","4"
"fitzzcaraldo","2","2","4"
"FIVchess","2","2","4"
"FiveTwelves","2","2","4"
"fixxed","1","3","4"
"fje83eidu","2","2","4"
"fjfsklf","2","2","4"
"fjuddelutten","3","1","4"
"fkarbo","2","2","4"
"fkhrrrr","3","1","4"
"Flahabdex","3","1","4"
"Flame1panda_ru","1","3","4"
"FlammeSombre","3","1","4"
"Flaneur_vr","2","2","4"
"flareez","1","3","4"
"flasercan","1","3","4"
"Flash009","1","3","4"
"Flash01235","2","2","4"
"FlashB17","3","1","4"
"flashgordon","1","3","4"
"Flatchested","2","2","4"
"FlatEarther","1","3","4"
"Flausenbach","1","3","4"
"Flavius","1","3","4"
"Fleemus","2","2","4"
"Fleischi69","1","3","4"
"Fliad","2","2","4"
"flightlessuperman","2","2","4"
"flioy","1","3","4"
"Flip422","2","2","4"
"FlipaKlipa","2","2","4"
"flipburger25","2","2","4"
"flipyourwig","1","3","4"
"floki_redeption","2","2","4"
"floorfrog","3","1","4"
"Florchuz","2","2","4"
"Florian_Anzinger","3","1","4"
"Florquezerty","1","3","4"
"FloSchach99","2","2","4"
"floupiz","3","1","4"
"Flower74","2","2","4"
"Flowerman1337","1","3","4"
"flx80","2","2","4"
"Flying-Saucer","2","2","4"
"fmesc61","2","2","4"
"fmwihzzy","2","2","4"
"fnafec13","2","2","4"
"fnaps","2","2","4"
"fogbear","2","2","4"
"Fokusnik1111","1","3","4"
"FoliusHattius","2","2","4"
"FollyG","2","2","4"
"fon63","2","2","4"
"Ford9a","2","2","4"
"foreverbishops","3","1","4"
"forfun011","2","2","4"
"Forger1","3","1","4"
"ForkUBish0p","2","2","4"
"Forst-Campani","2","2","4"
"fortnite4lyf2010","2","2","4"
"fortunetorture","2","2","4"
"forziy","2","2","4"
"Fotis2","2","2","4"
"Fouqs-87","3","1","4"
"Fourph-GUY_15","2","2","4"
"Fox_is_now_playing","2","2","4"
"foxrondouillard","3","1","4"
"fpfp","2","2","4"
"fpolytropos","1","3","4"
"fporit76","2","2","4"
"Fpzin","2","2","4"
"Fr0styyyyy","2","2","4"
"fr3dd1","2","2","4"
"fr3kz","2","2","4"
"Fraenir","2","2","4"
"Fraggan","2","2","4"
"Fragomezgo","2","2","4"
"FranAD","3","1","4"
"Franbord","2","2","4"
"francescosavcasiello","3","1","4"
"francescoscacco","2","2","4"
"francescotottixxx","2","2","4"
"FrancesoCiccio","2","2","4"
"Franchu1714","2","2","4"
"Francis-il-bonzo","2","2","4"
"Francis999","2","2","4"
"FranciscoAnaya_21","1","3","4"
"franck64","2","2","4"
"Franckit","1","3","4"
"Franco-dkno","2","2","4"
"Franco1954","3","1","4"
"FrancoChess124","2","2","4"
"francoforni","2","2","4"
"Francois-Ier","2","2","4"
"francois44","2","2","4"
"francomusleh","2","2","4"
"francsreqs","2","2","4"
"francy_esogno","2","2","4"
"francy03scacchi","2","2","4"
"franfranco","2","2","4"
"frank_italia","2","2","4"
"Frank1267","2","2","4"
"franke1276","1","3","4"
"frankeunderwood","1","3","4"
"FranklynJonathan","3","1","4"
"Frankmiranda","2","2","4"
"frankmoles","2","2","4"
"Frankrodrigo","3","1","4"
"FranskaSkolanLeader","2","2","4"
"franspiero15","2","2","4"
"FransRoes","2","2","4"
"FranzLiszt1811","3","1","4"
"FranzMo","1","3","4"
"FratiCatala","2","2","4"
"Fraukelpferd","2","2","4"
"FrauMorra","3","1","4"
"frBohac","1","3","4"
"frdlt","2","2","4"
"freakazoo","3","1","4"
"Freakingeasy","2","2","4"
"Freca45Poncho","2","2","4"
"fred-gnr","1","3","4"
"Fred-new","1","3","4"
"Fred2003","1","3","4"
"Fred30","2","2","4"
"Freddie_Green","1","3","4"
"Freddyaquino","2","2","4"
"freddygarcia","2","2","4"
"FreddyJimeenez","2","2","4"
"frederikdewaele","2","2","4"
"Fredkok","2","2","4"
"Free_Group","3","1","4"
"FreeFanOwl","2","2","4"
"FreeFull","1","3","4"
"Freemantle","2","2","4"
"Freestylemc","1","3","4"
"Freetibet1959","2","2","4"
"FreeWillie1","2","2","4"
"freggie_eagle","3","1","4"
"Freibauer21","2","2","4"
"FreidenMM","3","1","4"
"FreireCMB","1","3","4"
"freminoxa","3","1","4"
"Fresco_Millz","3","1","4"
"FreshiBarida","1","3","4"
"FreshNoob","1","3","4"
"frhah","2","2","4"
"FriderikusRex","2","2","4"
"FRIDPETT","1","3","4"
"Friendly_whistel","1","3","4"
"Frikinator","3","1","4"
"FRISKYY_ii","1","3","4"
"Frleta","1","3","4"
"Frode78","2","2","4"
"Frodimsoon","2","2","4"
"FROGTM","2","2","4"
"FronZillla","1","3","4"
"FROST2017","2","2","4"
"frostxip","3","1","4"
"Frownreeder","2","2","4"
"Fruit56","2","2","4"
"fruitfake","2","2","4"
"ftha","2","2","4"
"fthklcsln","3","1","4"
"fthyco","2","2","4"
"fuadzaliyev","2","2","4"
"Fuat54","3","1","4"
"Fukofski1978","1","3","4"
"Fulano_de_Tal","2","2","4"
"FunClub","2","2","4"
"fundador","2","2","4"
"funkbb","2","2","4"
"funnezhmetdinov","3","1","4"
"funoon4","2","2","4"
"funtana","1","3","4"
"Funwood","1","3","4"
"Furbj","1","3","4"
"furkan_uyar_tr","2","2","4"
"furkan183","1","3","4"
"FURKANFIRAT23","3","1","4"
"FuRyBP","3","1","4"
"Fuscia","2","2","4"
"futbr","2","2","4"
"Future_GM_Mike","2","2","4"
"fuzuli21","2","2","4"
"Fuzzy-Dunlop","2","2","4"
"Fvana","3","1","4"
"FVG04","1","3","4"
"fvzav","3","1","4"
"fw1028","2","2","4"
"Fx511417455","2","2","4"
"fxckinriven","3","1","4"
"fyaaaduv","1","3","4"
"fyoder111","3","1","4"
"fyriell","2","2","4"
"g_r_o_ss_m_e_s_t_e_r","2","2","4"
"g_s_e_t_r_a_a","2","2","4"
"G-Kraft","1","3","4"
"g0goTBC","2","2","4"
"g0sP0","2","2","4"
"g0te","1","3","4"
"G1lles","1","3","4"
"g1ukhan","2","2","4"
"g33g33","2","2","4"
"G3David","2","2","4"
"ga-guptacasale","2","2","4"
"Ga1a1","3","1","4"
"Gaara99","1","3","4"
"GabbaGambit","1","3","4"
"gablu_007","3","1","4"
"gabmil","2","2","4"
"Gabriel_Hiram","1","3","4"
"Gabriel-1230","2","2","4"
"Gabriel-Cruz","2","2","4"
"GabrielGuillen","2","2","4"
"gabrielm2020","2","2","4"
"gabrielsr09","2","2","4"
"gabrieltanoo","3","1","4"
"GabrielVillamar","1","3","4"
"Gabritta","3","1","4"
"gabrytatti","2","2","4"
"gabs_marti95","2","2","4"
"gabuts","1","3","4"
"gadaki","2","2","4"
"Gaddamadugukasi","2","2","4"
"GADDE2305","2","2","4"
"Gaddour-29","2","2","4"
"gadha_123","2","2","4"
"gAeBre","1","3","4"
"gafsiakram6","2","2","4"
"Gagojan56","1","3","4"
"gajju-great","2","2","4"
"Gajnitdin","2","2","4"
"galacxias","1","3","4"
"galantfr","1","3","4"
"Galatic15","3","1","4"
"GalaxyRegalian","2","2","4"
"galaxyshu","2","2","4"
"galbert9","2","2","4"
"GaldinoSF","2","2","4"
"galeevaamalia56","2","2","4"
"Galex-style","2","2","4"
"Galillo","2","2","4"
"Galinagalina","2","2","4"
"GalinaPolatovskaay","2","2","4"
"galiperenyldrm","3","1","4"
"GaloVicente","2","2","4"
"Galvisan9","1","3","4"
"Gambeat1","1","3","4"
"gambitgambit1","2","2","4"
"gambitKing1999","2","2","4"
"Gambito_do_Gustavin","1","3","4"
"Gambito65","1","3","4"
"GambitosPizza","1","3","4"
"gambitrolski","2","2","4"
"gamebler90","3","1","4"
"Gamemaster_72","3","1","4"
"Gamenyza","2","2","4"
"GameOver-03","1","3","4"
"gaming_thanga","2","2","4"
"Gammarelen","2","2","4"
"GamoDrill1233","1","3","4"
"Gamre","1","3","4"
"Gamza1987","2","2","4"
"GANAMED","2","2","4"
"ganando","3","1","4"
"Ganazzz","2","2","4"
"gandu1771","2","2","4"
"Ganesh_Rajane","1","3","4"
"Ganesh9595","2","2","4"
"ganeshan86","2","2","4"
"ganeshrama","1","3","4"
"gangrel441","3","1","4"
"gangtrix","2","2","4"
"Gani261182","2","2","4"
"Ganibai7407","2","2","4"
"Ganiraz","1","3","4"
"Ganjulone","3","1","4"
"gansta_spiritual","1","3","4"
"Gantavya","2","2","4"
"gante1ya","2","2","4"
"Ganzo0206","2","2","4"
"Gar_army","2","2","4"
"garcia_13adrian","3","1","4"
"gardoim","2","2","4"
"Garfias","2","2","4"
"Gargadab","2","2","4"
"gargsamkit","1","3","4"
"garnetrosary","1","3","4"
"Garnik2014","2","2","4"
"Garo89","1","3","4"
"Garov-Kasparry","3","1","4"
"garoyu","2","2","4"
"garry64","3","1","4"
"Garry75","2","2","4"
"garychess11","2","2","4"
"garyrm","1","3","4"
"GARZINNDHI","1","3","4"
"Gas_7","2","2","4"
"Gasbitton","2","2","4"
"Gaseema","3","1","4"
"Gast1966","2","2","4"
"Gato_negro_el_fuerte","2","2","4"
"GATO2355","2","2","4"
"gatones","3","1","4"
"gattaca53","2","2","4"
"Gaurang1971","2","2","4"
"gaurav047","2","2","4"
"GauriRam","1","3","4"
"gauthamjs","2","2","4"
"gauthams1729","2","2","4"
"gavabonga","3","1","4"
"gavador","2","2","4"
"gavaskar123","1","3","4"
"GavinTheChessKid","2","2","4"
"gaz1977","2","2","4"
"Gazabullet","2","2","4"
"gazaj001","2","2","4"
"Gazananoc293","1","3","4"
"GazeUponCarcosa","2","2","4"
"gbcherp","3","1","4"
"GBFADY","2","2","4"
"gbroxey","2","2","4"
"gcerri","1","3","4"
"gclggh923","2","2","4"
"GDCthephong2013","2","2","4"
"gdhakal026","2","2","4"
"gdhjsjsjs","3","1","4"
"gdrange","2","2","4"
"GeCeMi","2","2","4"
"geej5037","2","2","4"
"geeku1","2","2","4"
"Geetika_V","2","2","4"
"Gegeechess","2","2","4"
"Geitungur","2","2","4"
"Gejamm","1","3","4"
"GellertGrindewald","1","3","4"
"GelmanDG","2","2","4"
"Gelo50","1","3","4"
"geminigeor","2","2","4"
"GeMoGulbr","2","2","4"
"gena1937","3","1","4"
"gena332","2","2","4"
"genabereg53","2","2","4"
"genadic","2","2","4"
"Genadiy_Somov","3","1","4"
"Gene13","2","2","4"
"genesiskerenreyes","2","2","4"
"Genezi","2","2","4"
"geniarus","2","2","4"
"geniji","3","1","4"
"Genilson92","1","3","4"
"Genio2022","2","2","4"
"genka27","2","2","4"
"Gennady1974","2","2","4"
"geno5","2","2","4"
"Genriogan","3","1","4"
"Gentelman-swag","2","2","4"
"GeoChef","2","2","4"
"geometra7","1","3","4"
"geor90","2","2","4"
"georg-stamoulakis","2","2","4"
"GeorgBARGUT","2","2","4"
"George_0123456789","1","3","4"
"George4071","3","1","4"
"george7mag","2","2","4"
"Georgeaj","3","1","4"
"GeorgeLearnsChess","3","1","4"
"GeorgeReda","2","2","4"
"Georges-Henri","2","2","4"
"GeorgeTyson","1","3","4"
"Georgeusov","2","2","4"
"GeorgFrolov2014","2","2","4"
"georgi_bugrov","2","2","4"
"georgiaaa","2","2","4"
"GeorgiyKash","1","3","4"
"Georgy_73","2","2","4"
"Gepoi","1","3","4"
"GER73","1","3","4"
"Gera1999","3","1","4"
"Gera74","3","1","4"
"Gerald13579","1","3","4"
"Geraldo0205","2","2","4"
"geraldpiano","2","2","4"
"GeraltMorgan","2","2","4"
"gerardillo_pillo","2","2","4"
"gerardoabriel","2","2","4"
"gerardosaid","3","1","4"
"gerardt","2","2","4"
"GerdPauli","3","1","4"
"GerGondeLeon","2","2","4"
"GerhardKurt","2","2","4"
"german10","2","2","4"
"german215","3","1","4"
"Germancarlos","2","2","4"
"germanchavez","2","2","4"
"germannecochea","2","2","4"
"Geroeptoeter","3","1","4"
"Gerondot","3","1","4"
"Gerrit1979","2","2","4"
"Gertschi1972","2","2","4"
"Gerwazy1000000","2","2","4"
"gerweb","2","2","4"
"get4beef","2","2","4"
"get4xe","2","2","4"
"getchunged","2","2","4"
"GG_879546213","3","1","4"
"ggaxl","2","2","4"
"ggbch","3","1","4"
"ggg65","2","2","4"
"ggghikm","3","1","4"
"Ggmaria","2","2","4"
"gh_colombo","2","2","4"
"ghaderzadeh","2","2","4"
"Ghaint_Banda","2","2","4"
"GhANa_gHanA","1","3","4"
"gharanjik","2","2","4"
"ghasemasgary","1","3","4"
"ghassen2800","2","2","4"
"GhazalPPPP","2","2","4"
"ghizlain","2","2","4"
"ghjyz","1","3","4"
"ghobadi-shabnam","2","2","4"
"gholamreza9592","2","2","4"
"gholizad","2","2","4"
"Ghoneim4040","2","2","4"
"GhostInAMachine","3","1","4"
"ghostmansa","1","3","4"
"ghosy16","1","3","4"
"Ghufraan","2","2","4"
"gi1978","2","2","4"
"gi4nluc4","2","2","4"
"gia1975","3","1","4"
"giahuy3112","3","1","4"
"GiaKhang2015_TB","3","1","4"
"gianflisi","2","2","4"
"gianfrancocaudullo","1","3","4"
"gianfrank43","3","1","4"
"Giangvuamit","3","1","4"
"Gianluca_Paolini","2","2","4"
"Gianluca_ww","2","2","4"
"giann97","3","1","4"
"Gianni02","2","2","4"
"giannisveronis_13","2","2","4"
"Gianotti68","2","2","4"
"Gibiscus","2","2","4"
"Gideone","1","3","4"
"gidmakus","3","1","4"
"GiengenBrenz","2","2","4"
"Gift-1","2","2","4"
"gigaffj","1","3","4"
"GigantiMaximus","2","2","4"
"gigi853","2","2","4"
"Gigilagirafe","2","2","4"
"gika1181994","1","3","4"
"Gil22","1","3","4"
"GILBLARSEN","2","2","4"
"GilChess","1","3","4"
"GillesD","1","3","4"
"Gillesvs","1","3","4"
"gilliancloete","2","2","4"
"Gilloux_1969","2","2","4"
"gilron","2","2","4"
"gilsi","2","2","4"
"gilslom","2","2","4"
"gilson84","1","3","4"
"Gimbucy","2","2","4"
"GImMohamedqp2","3","1","4"
"Ginak71","2","2","4"
"ginciulis","1","3","4"
"Gingg","2","2","4"
"Ginhavana19","3","1","4"
"Gio_shaqara","2","2","4"
"Gio_vany","2","2","4"
"giobrs","1","3","4"
"Giomag84","2","2","4"
"GIon001","2","2","4"
"GiorgioAugustNixta","2","2","4"
"GiorgioN9420","2","2","4"
"GiorgioSal","2","2","4"
"giov85","2","2","4"
"Giovannii22","3","1","4"
"gipart","2","2","4"
"GiPiovacari","1","3","4"
"Gipsi20","3","1","4"
"Giquitaia","3","1","4"
"giraorafael","2","2","4"
"gireesh706175","2","2","4"
"Girimani","2","2","4"
"girishveda","1","3","4"
"giritup","3","1","4"
"giro81","2","2","4"
"Gistcom","2","2","4"
"gitathiyyagura","3","1","4"
"gitbse","2","2","4"
"gitiahmadi","2","2","4"
"giungodrungo99","2","2","4"
"giuseppe32","2","2","4"
"GIUSEPPECABRERA","2","2","4"
"GiWizGLouis1","2","2","4"
"giyas33","1","3","4"
"Gizingar1","1","3","4"
"gizzlemynizzle79","2","2","4"
"GJM28","2","2","4"
"gjyg15","2","2","4"
"Gkc14","3","1","4"
"gKgK_gluTeK","1","3","4"
"Glaxon72","2","2","4"
"glcnak","3","1","4"
"GLE56_AMG","2","2","4"
"gleb_ku","2","2","4"
"glebaty1982","3","1","4"
"GlebDrugov","3","1","4"
"glebsterion","2","2","4"
"gleraj","2","2","4"
"GLevi","1","3","4"
"Glibyev","1","3","4"
"GLOGLO1711","1","3","4"
"Glory_Ted","3","1","4"
"glory-d","2","2","4"
"Gloster","2","2","4"
"glptrx","2","2","4"
"glugolnik","2","2","4"
"gmabhilash","2","2","4"
"Gmarz","3","1","4"
"gmmohamedhamedo2001","3","1","4"
"gmmokhtar11","2","2","4"
"gmmrchad","2","2","4"
"gmnofal","2","2","4"
"gmodie","2","2","4"
"gmoneday123","2","2","4"
"gmsaadany","2","2","4"
"gmsamriley","3","1","4"
"gmshlibek","2","2","4"
"gmturkeeey","2","2","4"
"Gmwali411","1","3","4"
"gmxeldosoky","2","2","4"
"GNA","1","3","4"
"Gniewomirro","2","2","4"
"Gnld","2","2","4"
"gnome_gambit","1","3","4"
"go_eze","1","3","4"
"Goalkeeper59RU","3","1","4"
"Goat_Wild","2","2","4"
"GoatOfChess","2","2","4"
"gobryyh","2","2","4"
"goddamn26","2","2","4"
"godhatesjoseph","2","2","4"
"GodSlave98","2","2","4"
"godsownkerala","2","2","4"
"Godwin_IDUKKI1","1","3","4"
"godzilla87","2","2","4"
"Gofer123","2","2","4"
"Goga1234567890","2","2","4"
"gogamishiko","2","2","4"
"gogo58","2","2","4"
"gogobergo","2","2","4"
"gogonels","2","2","4"
"GojoSensei345","1","3","4"
"gokdeniz9","2","2","4"
"gokhandeniz","2","2","4"
"gokmenaltinoz1","2","2","4"
"Gokturk01Alp33","3","1","4"
"Gokul27101","3","1","4"
"golcu9","2","2","4"
"golden13","1","3","4"
"GoldenessAlpha","2","2","4"
"goldenfit2809","2","2","4"
"GoldenMohamedSameh","2","2","4"
"GoldenRatio-061803","3","1","4"
"Goldtop65","2","2","4"
"Golf1610","1","3","4"
"Golgafrincham","2","2","4"
"golizadeh","1","3","4"
"gollydali","3","1","4"
"golshani","1","3","4"
"Golubev_Vladimir","1","3","4"
"Gombo3","3","1","4"
"Gombrochess","3","1","4"
"GON1104","3","1","4"
"GONSOLE007","2","2","4"
"Gonza-Cant","2","2","4"
"gonza1","2","2","4"
"Gonzalosmk12","3","1","4"
"goodbles","2","2","4"
"Goodl1k3","3","1","4"
"goodluckhoney","2","2","4"
"Goodnesss","2","2","4"
"gopal1960","1","3","4"
"Gordey15","2","2","4"
"gorgo-51","2","2","4"
"gorilin5116","3","1","4"
"gorkembeler","2","2","4"
"gorkemcig3","2","2","4"
"gorkemhacioglu","2","2","4"
"gorkycan","1","3","4"
"gornyak1985","2","2","4"
"Goro75","1","3","4"
"gorsnik","1","3","4"
"goshapur","2","2","4"
"Goshenfarm","2","2","4"
"gottm","1","3","4"
"Gourav_arkas","2","2","4"
"Goutammondal","1","3","4"
"gouthamccs","2","2","4"
"goutkannan","1","3","4"
"Gov123krishna","2","2","4"
"Gowsalya_20238010125","2","2","4"
"GowthamAlan","3","1","4"
"GowthamShetty6","2","2","4"
"goyesco","2","2","4"
"gpear","2","2","4"
"gperezgf","2","2","4"
"gponey","2","2","4"
"Gpsguru","2","2","4"
"Gr3nka","2","2","4"
"GracelynB","3","1","4"
"GraceRS","3","1","4"
"GRACey2000","1","3","4"
"gracs02","2","2","4"
"GrafDePompedu","1","3","4"
"GraffDeBulon","2","2","4"
"Gragory","1","3","4"
"Grambles","1","3","4"
"Grambo","1","3","4"
"grandchess26-58","3","1","4"
"GrandCmax","1","3","4"
"grandconjurer","2","2","4"
"Grandeii","2","2","4"
"GrandmasDonation","3","1","4"
"GRANDMASTER_ADAMJNR","1","3","4"
"GrandmasterSmart","1","3","4"
"Grandmasteryyyy","1","3","4"
"GRANDMISTERSMITH","2","2","4"
"GrandNazzar","1","3","4"
"grandubermarshel","1","3","4"
"GraniniJuice","2","2","4"
"GrantBond","2","2","4"
"Grantomet","3","1","4"
"grantov","3","1","4"
"Gratsiya","1","3","4"
"graydaunt","2","2","4"
"graylife","2","2","4"
"Graywolf111","2","2","4"
"GreciaGuia","1","3","4"
"greeanday","2","2","4"
"green_beam","3","1","4"
"green_boy87","2","2","4"
"green_chess_cool","2","2","4"
"greencurrypaste","3","1","4"
"GreenGhostTysja","2","2","4"
"greenhulk84","2","2","4"
"greentooth","2","2","4"
"Greg-lsx","2","2","4"
"Greg083","2","2","4"
"gregarranz","2","2","4"
"GregBob7","3","1","4"
"GregnLA","2","2","4"
"GregoireC","2","2","4"
"gregorio5598","2","2","4"
"Gregory_HouseMD","2","2","4"
"Gregory743","3","1","4"
"gres_lase","3","1","4"
"Grey1221","1","3","4"
"griff666","3","1","4"
"Grigoriy30Obn","1","3","4"
"GrigoryC","3","1","4"
"Grinch2030","3","1","4"
"Grinevich","2","2","4"
"Grip1986","3","1","4"
"grishagladyshev85","2","2","4"
"GrishaSliffka","3","1","4"
"grisostomoyyo","1","3","4"
"Grits","1","3","4"
"Grizzled2020","2","2","4"
"grjvoice","3","1","4"
"grknoztrk","3","1","4"
"GrKos","1","3","4"
"grogggy","2","2","4"
"grom1309","1","3","4"
"Gromohalk","2","2","4"
"groot35","2","2","4"
"GROSJIB","1","3","4"
"grosponey","2","2","4"
"gross7","2","2","4"
"GrossePetate82","1","3","4"
"grossimaster","2","2","4"
"Grossmeister_rus","2","2","4"
"Grossmestar","3","1","4"
"GroTej","3","1","4"
"Groy-a","3","1","4"
"Groznyj_Hohol","2","2","4"
"GrSkov","3","1","4"
"gruiz83","3","1","4"
"grumpysailor69","2","2","4"
"GSL999","3","1","4"
"gso1mx","2","2","4"
"gspriya81","2","2","4"
"gssc60","3","1","4"
"gst1502","2","2","4"
"gstar125","1","3","4"
"gsz95","2","2","4"
"gtipler","1","3","4"
"Gu3rn1ck","2","2","4"
"guadanho","2","2","4"
"Guardian_of_Rhinos","1","3","4"
"gudnig","3","1","4"
"Guenther008","2","2","4"
"gufi9","2","2","4"
"Gugansrinivasan","1","3","4"
"Guggenberg","2","2","4"
"gugumes","2","2","4"
"gui8331","2","2","4"
"guialgo","3","1","4"
"Guicoinche","1","3","4"
"guideahmet","2","2","4"
"Guigofive","3","1","4"
"guilhain","3","1","4"
"guilhem2929","3","1","4"
"GuilhermeQuadros","3","1","4"
"GuillaumeTheOrange","2","2","4"
"GuineaBot","1","3","4"
"guipemo","2","2","4"
"guiSport87","2","2","4"
"GUITARRRRRRR","2","2","4"
"guitpoke","2","2","4"
"guizao-da-massa","1","3","4"
"GulayTrkm","2","2","4"
"Guldsmed","3","1","4"
"gulfcart_charters","2","2","4"
"GulianoPique","1","3","4"
"Gulliks","3","1","4"
"gulnaremir","2","2","4"
"gulyavcevvv","2","2","4"
"guneselveren","2","2","4"
"gunfighter60","2","2","4"
"gunika1","1","3","4"
"Gunnar_Hendrikson","2","2","4"
"GunsNRoby","1","3","4"
"gunwoo","2","2","4"
"gurhan67","2","2","4"
"gurisotal1986","1","3","4"
"Guru02","1","3","4"
"guru536","3","1","4"
"gururaja_hegde","3","1","4"
"gururajkg","2","2","4"
"Guryanin1","3","1","4"
"GusevDmitry88","2","2","4"
"gushba","2","2","4"
"Gustavo_sciu","2","2","4"
"Gustavo1637","2","2","4"
"gustavodias","2","2","4"
"GustavoNunes1235","2","2","4"
"gusthavomedeia","3","1","4"
"Gusticordoba2023","2","2","4"
"gustyakovm","3","1","4"
"Gusztiba11","2","2","4"
"Gutl123","2","2","4"
"guvenylm","2","2","4"
"Guzelololuklu33","2","2","4"
"guzelozturk534","3","1","4"
"gvfrew","2","2","4"
"GwynplaineQuirit","3","1","4"
"Gyahoo","2","2","4"
"gyurygyury","2","2","4"
"gz_k","1","3","4"
"GZAweakspot","2","2","4"
"gzd75","2","2","4"
"H_AMMAM","2","2","4"
"H_Feather","3","1","4"
"H_Hamada86","2","2","4"
"h_m_a","2","2","4"
"H_Maldisa_G11PTOLEMY","3","1","4"
"h-seyin8","1","3","4"
"h0bb1t","2","2","4"
"H0m00","3","1","4"
"H0RN18","2","2","4"
"H100M","3","1","4"
"H1royt","2","2","4"
"H1tsuk13","2","2","4"
"h3xt","1","3","4"
"h7117","1","3","4"
"HA_Rachman","3","1","4"
"haaarsh_drummer","2","2","4"
"Haagenmeister","3","1","4"
"HAALER38","1","3","4"
"haarith91","1","3","4"
"Haasi93","2","2","4"
"HaaWaaR","2","2","4"
"habibjouriaa","1","3","4"
"Habibnadaf","2","2","4"
"habilmente","3","1","4"
"hackback","1","3","4"
"HackbartCeline","2","2","4"
"Hackersoft21","2","2","4"
"Hackneycentral147","2","2","4"
"hadhupradana","1","3","4"
"hadi_2534","2","2","4"
"Hadi_69","3","1","4"
"hadi_elhamiyan","2","2","4"
"hadi_malakouti","2","2","4"
"Hadi_ram17","1","3","4"
"hadihaghi_1366","2","2","4"
"Hadiii007007","2","2","4"
"HadingaMoemedi","2","2","4"
"hadirahbar","1","3","4"
"hafeela2009","1","3","4"
"hafidovich","2","2","4"
"Hagamugagamu","2","2","4"
"Hagarsey","1","3","4"
"hagendix","2","2","4"
"Haggu143","3","1","4"
"hagrid1027","2","2","4"
"Hagro","2","2","4"
"Hahajiloo","2","2","4"
"Haifischbaby","2","2","4"
"HaifonixHDx","2","2","4"
"HailGamer","2","2","4"
"HailMaryFullofGrace1","2","2","4"
"haimweiss","2","2","4"
"Haiqal_R07","2","2","4"
"HairMan","2","2","4"
"Haita","2","2","4"
"hajduk1911","2","2","4"
"hakanoktay1","2","2","4"
"Hakantokgozz","2","2","4"
"Hakayshin","2","2","4"
"hakbou","3","1","4"
"hakdinbur","2","2","4"
"hakeem1010","1","3","4"
"Hakim_2020","2","2","4"
"hakk34","1","3","4"
"Halbstarch","2","2","4"
"HalbstarkerMathis","2","2","4"
"Halder88","2","2","4"
"haliltamst_lmahara","2","2","4"
"Halitustun61","2","2","4"
"hallone","2","2","4"
"Halo269","2","2","4"
"Hamad-01","3","1","4"
"hamadani","1","3","4"
"hamd_0949","2","2","4"
"hamdija78","1","3","4"
"Hamdymohamed35","2","2","4"
"Hamed_H","2","2","4"
"hamed6842razi","2","2","4"
"hamedinho","2","2","4"
"hamery93","2","2","4"
"Hamid_rezaa","2","2","4"
"hamid091290","2","2","4"
"Hamid13511","1","3","4"
"Hamidlawiss","2","2","4"
"hamidmala","3","1","4"
"Hamilkar1","2","2","4"
"Hamillton","3","1","4"
"Hamitchinghong","2","2","4"
"hamityan51","2","2","4"
"HammahTime318","2","2","4"
"hammerpulp","2","2","4"
"Hammmooo","2","2","4"
"hamoon74","2","2","4"
"Hamous94","2","2","4"
"HamSandwich08","2","2","4"
"HAMT242318","2","2","4"
"Hamza_199","3","1","4"
"HAMZA-HOUMMANE","1","3","4"
"Hamza1903","2","2","4"
"hamza3014","3","1","4"
"hamzabelakhdar","2","2","4"
"hamzadidda","2","2","4"
"hamzamanai","2","2","4"
"HamzaSpider","2","2","4"
"hamzatahiri","2","2","4"
"Hamzuskine","1","3","4"
"han201fin","2","2","4"
"Hancelkevin22","1","3","4"
"Handalan","2","2","4"
"handry_conan","2","2","4"
"Hania123456789","1","3","4"
"Hanklen","1","3","4"
"hannahelepstein","2","2","4"
"hanneen","1","3","4"
"hansn","2","2","4"
"HanSol","2","2","4"
"hansschulz1451","1","3","4"
"Hanzi-1990","1","3","4"
"hanzifyyy","1","3","4"
"hapedisus","3","1","4"
"happlo01","2","2","4"
"happy4425","2","2","4"
"hardnametofind","2","2","4"
"haresovbadarov","2","2","4"
"harhach","1","3","4"
"Hari_iyer","1","3","4"
"Hari07r","2","2","4"
"Hari1703","2","2","4"
"Hari47","3","1","4"
"hari749","3","1","4"
"harieshkumar","1","3","4"
"hariharanv_123","2","2","4"
"harihargdcapablanca","2","2","4"
"Harihari007","2","2","4"
"harika4188","3","1","4"
"Harini_Sadurangam","2","2","4"
"HARINIHARINI","2","2","4"
"haripriya9656","2","2","4"
"HariVaradharajan","2","2","4"
"harjacober","3","1","4"
"Harmik60","2","2","4"
"harmonix_13","3","1","4"
"Harmonyoneness","1","3","4"
"HarmusX8","2","2","4"
"Harol201","2","2","4"
"haroldgc","2","2","4"
"harrisonfold","2","2","4"
"HarryHaller20","1","3","4"
"harryvoi","2","2","4"
"harse","1","3","4"
"harsh_crown","1","3","4"
"Harsh1112","1","3","4"
"harsh8t789076","2","2","4"
"HarshadShankar","2","2","4"
"Harshal_SB","3","1","4"
"Harshanant","2","2","4"
"HarshdeepChessPlayer","2","2","4"
"harshh_chowdary","3","1","4"
"Harshi_2011","1","3","4"
"Harshika_Marathe","2","2","4"
"Harshini_Sadurangam","2","2","4"
"harshiv_26","2","2","4"
"HarsHK24","3","1","4"
"HarshRaj_2003","2","2","4"
"harsithnara","2","2","4"
"Hartenfels","2","2","4"
"harunaygun","3","1","4"
"harunseker","2","2","4"
"HARWAE","2","2","4"
"hasan1850","2","2","4"
"Hasan77sy93","2","2","4"
"Hasan97606","2","2","4"
"hasanabo","1","3","4"
"hashemichess","1","3","4"
"Hasina17","1","3","4"
"Hasinishree","2","2","4"
"Hasnain-Chess","2","2","4"
"hasparov577","1","3","4"
"Hassan99N","2","2","4"
"HassanAladwy","1","3","4"
"HASSANBAZ","2","2","4"
"Hassanin33","2","2","4"
"hasssssssssn","2","2","4"
"Hatem_39","1","3","4"
"hatemholaibi","2","2","4"
"Hatim22","1","3","4"
"hattab83","2","2","4"
"Haulas","2","2","4"
"HAUSSETTE","2","2","4"
"haval82","3","1","4"
"havaryuken7","2","2","4"
"havrani","2","2","4"
"Hawkeman","3","1","4"
"Hawold","2","2","4"
"Hayato_Anil_1001","3","1","4"
"haybati","2","2","4"
"Hayko15","2","2","4"
"hayrettin1","2","2","4"
"hayri_pitir","1","3","4"
"haythamelkady","2","2","4"
"Haythamsafwat","2","2","4"
"hayvampire","2","2","4"
"Hazel-rah","3","1","4"
"Hb-harry","1","3","4"
"hbache","2","2","4"
"hbazzi1210","2","2","4"
"HbBlackBerry","2","2","4"
"HctrSprstar","3","1","4"
"hdb1979","2","2","4"
"HDDeval","2","2","4"
"hdjufcbkuff","1","3","4"
"HDU-quangvinh","2","2","4"
"HDW7459","2","2","4"
"He_n_ne","1","3","4"
"HE4TO","2","2","4"
"heat54","2","2","4"
"Hebei_Moqilin2","2","2","4"
"hechem-21","3","1","4"
"HecSan","2","2","4"
"Hector_d_salvaje","3","1","4"
"hector72","2","2","4"
"HectorCisneros01","1","3","4"
"hedgehogx420x","2","2","4"
"heer210278","2","2","4"
"heet1245","2","2","4"
"hehehemwa","2","2","4"
"HeidiNg","2","2","4"
"Heinzelmoney","2","2","4"
"helal_011","2","2","4"
"Helex1","1","3","4"
"Heli_bobo","2","2","4"
"Helios414","2","2","4"
"Hell_is_coming","2","2","4"
"HelloCS","2","2","4"
"helmi1002","2","2","4"
"HelmlingNummer1","2","2","4"
"HELOBEK","2","2","4"
"Helou1234","1","3","4"
"HeLp101","2","2","4"
"helterskelter350","2","2","4"
"heltonssssss22222111","3","1","4"
"Hemantoswal","2","2","4"
"hemantpatil04","2","2","4"
"hemmhax","3","1","4"
"henbra","2","2","4"
"Hench_bish12","2","2","4"
"henchicken","2","2","4"
"hendar_odeon","1","3","4"
"HendrikTheGoat","3","1","4"
"HENDRIXFAROOK","3","1","4"
"Hengeland","2","2","4"
"hengtai","2","2","4"
"Henning777","2","2","4"
"Henrik2000000","2","2","4"
"Henrique_LT","2","2","4"
"Henriquehm","1","3","4"
"henriqueviana342","2","2","4"
"HENRY_SOLO","2","2","4"
"henry7000","2","2","4"
"HenryKon2008","2","2","4"
"henrysmash1","2","2","4"
"Henzel89","2","2","4"
"Hepa3JIy4HuK","2","2","4"
"Hepsera","2","2","4"
"Her21","1","3","4"
"Heramuphy","2","2","4"
"herberthoeberl","1","3","4"
"heretopickupwomen","2","2","4"
"Heri36","2","2","4"
"Hermes_DZ_09","2","2","4"
"HernanAshworth","2","2","4"
"herrtarkovsky","2","2","4"
"herrTscheier","2","2","4"
"Herrys465","2","2","4"
"herryyulianto04","1","3","4"
"Hershi","2","2","4"
"hersobachiy","2","2","4"
"herulputtra","3","1","4"
"Heryo12","2","2","4"
"Hescardo","2","2","4"
"Hesham2008","1","3","4"
"hesham5558","2","2","4"
"Hessel_H_Hesse","2","2","4"
"HetveeK","2","2","4"
"hewagamage","1","3","4"
"Hexsp","2","2","4"
"Heyheyc4","2","2","4"
"Hfjflfhhfhxhcd","2","2","4"
"hgalfre","1","3","4"
"hgvidal","3","1","4"
"hgw0811","2","2","4"
"hh_schoviller","3","1","4"
"HIAS","1","3","4"
"Hibakujumoku","3","1","4"
"hibroiamjay","2","2","4"
"hicetnunc","2","2","4"
"hicham14","1","3","4"
"hidayet_tasdemir","2","2","4"
"Hiempsalou","2","2","4"
"Hiesliber","2","2","4"
"hieunho","3","1","4"
"High_Tide2003","2","2","4"
"HighLikeACloud","2","2","4"
"Highmountain75","2","2","4"
"HighPockets213","2","2","4"
"hightillidie","2","2","4"
"hiiiiiiiiiboux","2","2","4"
"HiImAbiel","3","1","4"
"hikari6777","2","2","4"
"HilariousRook","1","3","4"
"HilmiInce","1","3","4"
"Himanshu_00786","1","3","4"
"Himanshu2608","2","2","4"
"HIMANSHUONCLOUD9","3","1","4"
"Himanxu","2","2","4"
"himcable","1","3","4"
"HimF31","1","3","4"
"Hind_ab5","2","2","4"
"HipnoLau","2","2","4"
"Hippikonn","2","2","4"
"Hippo912","2","2","4"
"Hiruka_Hansana","3","1","4"
"Hisham1974","2","2","4"
"hiteshjagani1983","2","2","4"
"HITGOLD7","2","2","4"
"hizam21","3","1","4"
"Hizaman-sur_10","2","2","4"
"HizamiDLuffy","2","2","4"
"Hizbu","2","2","4"
"hjmafia","2","2","4"
"hkgfufu","2","2","4"
"hkii1158323","2","2","4"
"hkn_kcnglu","3","1","4"
"hksvimansa","2","2","4"
"hlaboa","2","2","4"
"Hlestoff","2","2","4"
"Hllgvn","1","3","4"
"HM_HUSSIEN","3","1","4"
"hm1994","1","3","4"
"hmcegolf2023","2","2","4"
"HmelevskiyMaks","2","2","4"
"Hmrooov","2","2","4"
"hoangductuan6g","1","3","4"
"hoangnhatquan","2","2","4"
"hoangphuongngoctuong","2","2","4"
"hoangquan070614","1","3","4"
"Hobinder_Singh","2","2","4"
"HOCcoh","1","3","4"
"Hodaman","2","2","4"
"Hodl3r","3","1","4"
"hodosic","2","2","4"
"Hoiko20","2","2","4"
"Hojat_mirzaei6262","3","1","4"
"hojat1358","2","2","4"
"Hokmali_mirzoyev","2","2","4"
"holger1","3","1","4"
"holgerloehr","2","2","4"
"Holko_Matvii","2","2","4"
"hollygerbil","2","2","4"
"HoloChess","2","2","4"
"holoduke30","2","2","4"
"Holom60","2","2","4"
"Holy_Savage","2","2","4"
"Holzpls","2","2","4"
"HomageS3xGod","2","2","4"
"Homak_86","2","2","4"
"HomanVictor","3","1","4"
"HomesteadHerb","2","2","4"
"homeworkkerala","3","1","4"
"homyachok16","2","2","4"
"Honham","2","2","4"
"Hooman1795","3","1","4"
"hootyy","2","2","4"
"HopefullSR","1","3","4"
"hoppsik","2","2","4"
"hopscottt","1","3","4"
"Horacio0303","2","2","4"
"horadrim168","2","2","4"
"Horejsak","2","2","4"
"hores86","2","2","4"
"Hornet4","3","1","4"
"Horror_Vator","2","2","4"
"horse-jam","2","2","4"
"horsehandler47","3","1","4"
"HorsemanXX","1","3","4"
"horserider38","2","2","4"
"Hortelan0","2","2","4"
"HoruPancha","2","2","4"
"Horus999","2","2","4"
"Hosako","3","1","4"
"hosamco","2","2","4"
"hoseinnajafi","3","1","4"
"Hosham11999","2","2","4"
"hoshiyamomi","2","2","4"
"Hospitaletinfant","2","2","4"
"hossam9977","2","2","4"
"HossamHafez","1","3","4"
"Hossein_king13","2","2","4"
"Hossein_sadr","2","2","4"
"hosseinabolfathi","2","2","4"
"hosseinam2030","1","3","4"
"Hosseinbahri","2","2","4"
"HosseinSolati","2","2","4"
"hosso95","2","2","4"
"Hosssam_25299","2","2","4"
"Hostile-Entity","2","2","4"
"houmi77","3","1","4"
"Hound007","2","2","4"
"Houstonreaper","1","3","4"
"Howardxd1","2","2","4"
"Howiz","2","2","4"
"howToPlayPLZ","2","2","4"
"Hoy555","3","1","4"
"HPAR2007","2","2","4"
"hralava","2","2","4"
"hreidmar88","1","3","4"
"HridikSonkar13","2","2","4"
"HrishiSahu","3","1","4"
"hrjejejdjejejdhsmsnb","3","1","4"
"hrjet","2","2","4"
"Hrk_is_dead","2","2","4"
"hrpbilgenaz60","2","2","4"
"hs54","1","3","4"
"hseAchess","2","2","4"
"hsyn6161","2","2","4"
"HT-SWORKS","2","2","4"
"Htach","1","3","4"
"hturan45","2","2","4"
"hu_go_12","2","2","4"
"HuaHai","3","1","4"
"huambo","2","2","4"
"hubi123456","2","2","4"
"HudRF","2","2","4"
"HUDSCHIY","3","1","4"
"HueberMichael","1","3","4"
"huepfthuepft","2","2","4"
"hugo_galliez32","1","3","4"
"HuguitoNala","2","2","4"
"Huitzl","1","3","4"
"hulagu3535","3","1","4"
"Hulian1","3","1","4"
"Humam020","3","1","4"
"humanhamun","2","2","4"
"Humberley","2","2","4"
"humbertouy","2","2","4"
"Humble-334","2","2","4"
"HumbleChola28","2","2","4"
"HummelSan","2","2","4"
"hung_2011","2","2","4"
"HUNGLIKEAFLEE","2","2","4"
"hungryhoneybee","2","2","4"
"Hunky-Funky","2","2","4"
"huntedhippo","3","1","4"
"Hunter0498","1","3","4"
"hunter212121","2","2","4"
"Hupfa70","2","2","4"
"HuracanEvoGt3","1","3","4"
"hurk09","2","2","4"
"Hus85tn","2","2","4"
"husain6217","1","3","4"
"husali","3","1","4"
"husamsharaf","3","1","4"
"huseyinmeh","2","2","4"
"husnukdo","2","2","4"
"Hussar2000","1","3","4"
"hussein_dohan","2","2","4"
"Hussein1410","2","2","4"
"hussenabdullah5","2","2","4"
"Hussienkkk","2","2","4"
"HussinDXD","3","1","4"
"Huynd1410","1","3","4"
"huypuoito","1","3","4"
"hv111","2","2","4"
"Hvinchess","2","2","4"
"hxh2023","2","2","4"
"hxudjsj","2","2","4"
"Hydra2002","2","2","4"
"hykn46","2","2","4"
"hyper_2fury","2","2","4"
"HyperCube72","3","1","4"
"hyramoto","2","2","4"
"hyriyskli","3","1","4"
"Hyun133","2","2","4"
"i_already_regret_thi","2","2","4"
"I_am_mj_lekalakala","2","2","4"
"i_am_sabaribabu","3","1","4"
"I_Am-Shantanu","2","2","4"
"I_dont_rematch","2","2","4"
"i_elyas_9","3","1","4"
"I_s_0","2","2","4"
"i_scx_x","2","2","4"
"i-grek","3","1","4"
"I4C4U","2","2","4"
"Iaffiu","2","2","4"
"iagiki","2","2","4"
"IAM4U","2","2","4"
"Iamabani","2","2","4"
"IamAbhiii","2","2","4"
"IAMGOOD213","2","2","4"
"iamsohov","2","2","4"
"Iamthewinnerpal","2","2","4"
"iamwinordrawonly","2","2","4"
"iamwisal1","2","2","4"
"Ian_Castillo_DeOlano","2","2","4"
"Ian_Fish","2","2","4"
"Ian_Omondi","2","2","4"
"Ian_Rudiansyah","2","2","4"
"iancaetano","2","2","4"
"Iancaravantes","2","2","4"
"iancm17","2","2","4"
"ianelpillo","2","2","4"
"ianice","2","2","4"
"ianklapouch","2","2","4"
"ianmhrta","2","2","4"
"Iaroslav23","2","2","4"
"iateyourknight","2","2","4"
"ib859704","2","2","4"
"Ibane","3","1","4"
"ibnShamas","2","2","4"
"ibo2000","2","2","4"
"Ibosh15","2","2","4"
"Ibragim0","2","2","4"
"ibrahim_arslan","2","2","4"
"ibrahimhashesh","3","1","4"
"ibrahimoff","2","2","4"
"IBU1DA","2","2","4"
"IBuendia","1","3","4"
"icemac","2","2","4"
"Ichigo999","2","2","4"
"ichimaru10x","2","2","4"
"icshowtime","1","3","4"
"ideatronz","2","2","4"
"Idle_Crook","2","2","4"
"IdoAmsallem","2","2","4"
"idontfearAI","2","2","4"
"Idris_Tanat","2","2","4"
"IfCastle","2","2","4"
"Ifeanyi419","3","1","4"
"ifeelgood","2","2","4"
"IfThen","2","2","4"
"ifty69","1","3","4"
"ifyou","1","3","4"
"igcat","1","3","4"
"igfmi","2","2","4"
"iggorgorgamel","2","2","4"
"Ignat1000","1","3","4"
"igor_002","3","1","4"
"Igor_3","1","3","4"
"Igor_64","2","2","4"
"Igor_Gorpyniuk","3","1","4"
"Igor_VS","2","2","4"
"igor-tal","2","2","4"
"igor142","1","3","4"
"IGOR24062016","2","2","4"
"igor32918","2","2","4"
"IgorArov1983","3","1","4"
"Igorbufer","2","2","4"
"IgorGoroshko","2","2","4"
"IgorKondratenko","2","2","4"
"IgorNemkov","1","3","4"
"IGORovitch","2","2","4"
"igorzavr","2","2","4"
"igotsunshine","2","2","4"
"igroknk","2","2","4"
"iHarryYT","3","1","4"
"IHave70IQ","3","1","4"
"IHB2019","2","2","4"
"ihor_siryi","2","2","4"
"Ihsan2040","2","2","4"
"ihsancengizdanis","3","1","4"
"IHT_2_Dyussambayev","2","2","4"
"Ikabi","2","2","4"
"ikawna","2","2","4"
"IkazanovaI","2","2","4"
"IkerI","2","2","4"
"ikerxnxx","1","3","4"
"ikhanium000","2","2","4"
"ikkocaman","2","2","4"
"iksland","3","1","4"
"il_brodez_del_matto","2","2","4"
"Il_Tumeta","1","3","4"
"Il-giudice","1","3","4"
"il12","2","2","4"
"il63","3","1","4"
"Il7777777","3","1","4"
"IlaanAahilccs","3","1","4"
"ILARIAVITO","2","2","4"
"ILda50","2","2","4"
"Ildar_77","3","1","4"
"Ildavr","2","2","4"
"ildosher","2","2","4"
"IlhamGod21","1","3","4"
"ilhansamsun","2","2","4"
"ilia1980","2","2","4"
"iliabina","1","3","4"
"IliaBurov","3","1","4"
"iliasrouchdi","2","2","4"
"ilijastanic","3","1","4"
"IlirBiba73","2","2","4"
"Iliya376","3","1","4"
"Iliya449067","2","2","4"
"ilkay28","1","3","4"
"ilkerbuyuk1453","3","1","4"
"IllegalSmile","2","2","4"
"Illiterature","2","2","4"
"IlLusi0nAl_Univ3rsE","2","2","4"
"Ilnarmos","3","1","4"
"ilnaz8","2","2","4"
"Ilnur_I","2","2","4"
"ilovegambit2007","2","2","4"
"ilovepengy2023","2","2","4"
"IlPac","2","2","4"
"Ilya_1988","2","2","4"
"ilya_nizamov","3","1","4"
"Ilya_vo","2","2","4"
"Ilya1989","2","2","4"
"Ilya2011Sanyuk1","2","2","4"
"ilya997","1","3","4"
"IlyaB173","2","2","4"
"IlyaElf","2","2","4"
"ilyagrigorev15","2","2","4"
"ilyana66","2","2","4"
"ilyaNicolau","2","2","4"
"ilyass34","2","2","4"
"ilyautkin","2","2","4"
"ilyavoronezh","2","2","4"
"ILYINA32","2","2","4"
"Imabeltx","1","3","4"
"imadjaveed","2","2","4"
"Iman-Lukman","2","2","4"
"imanearthalien","3","1","4"
"imanndag","2","2","4"
"imas99","3","1","4"
"imatasutiki","2","2","4"
"imbored666","3","1","4"
"Imesh2016","1","3","4"
"iMiroslava","2","2","4"
"Imjstaa","1","3","4"
"ImmaTryChess","1","3","4"
"imotko","1","3","4"
"Imperator963H","3","1","4"
"imperatore1m","2","2","4"
"imperatore91","2","2","4"
"impetuous13","1","3","4"
"Implayingbad","3","1","4"
"Imprabhat","2","2","4"
"Imraaan","2","2","4"
"imran-genum","3","1","4"
"in_olsi","3","1","4"
"InagoChess","3","1","4"
"inal0708","2","2","4"
"Inamul","3","1","4"
"inanc71","2","2","4"
"Inaya12345","2","2","4"
"Inco625","3","1","4"
"Incze33","2","2","4"
"indeec5000","1","3","4"
"IndexingError","1","3","4"
"Indian_Muslim","2","2","4"
"IndianArmyman","2","2","4"
"Indianwolf3008","2","2","4"
"IndigOwl12","2","2","4"
"indraadhikari","1","3","4"
"Indraneel_1264","1","3","4"
"indrayurizal","2","2","4"
"IndyBullock","2","2","4"
"INeedAWin","1","3","4"
"Inexistente00","2","2","4"
"infamous16","2","2","4"
"Infermasion","2","2","4"
"InfernoTed34","3","1","4"
"InfinityWaz","2","2","4"
"INFRNO","2","2","4"
"Inga78","1","3","4"
"IngeN59","3","1","4"
"IngeniousBlunder","2","2","4"
"ingog196469","3","1","4"
"ingrid20142","1","3","4"
"iniesta6","3","1","4"
"iNIL_2000","2","2","4"
"inixx","2","2","4"
"inlevwetrust","1","3","4"
"inmemoryofthemaster","2","2","4"
"InMymemorieS","2","2","4"
"Inna_besova","1","3","4"
"InnShu","2","2","4"
"inpala11","2","2","4"
"inQazaq","2","2","4"
"Inqi","1","3","4"
"insanepandit","2","2","4"
"Insara28","2","2","4"
"Insertnamehere556","2","2","4"
"Instopla19","3","1","4"
"Intense_cannon","2","2","4"
"InterForever2","2","2","4"
"Interga","3","1","4"
"intergalactic76","2","2","4"
"Interista1703","2","2","4"
"Intraguglielmo","2","2","4"
"Introvert17","2","2","4"
"Introvertido","2","2","4"
"Inutil_Rup","2","2","4"
"invachess90","2","2","4"
"invaderDZ","2","2","4"
"inventor-01","3","1","4"
"iNyqo","2","2","4"
"Ioannes_Noulensis","2","2","4"
"Ion0912","2","2","4"
"ion76","3","1","4"
"ionekz","2","2","4"
"Ionisan","2","2","4"
"ionlyseedots","2","2","4"
"iosis","3","1","4"
"IoWaits","3","1","4"
"Ipablo67","2","2","4"
"ipavel777","2","2","4"
"Ipikgandamana","2","2","4"
"Iprahem_eltokhy","2","2","4"
"ipvipv","2","2","4"
"iq_yasir","1","3","4"
"Iraj4","2","2","4"
"Irajking","2","2","4"
"Iramabif","3","1","4"
"Iran098","2","2","4"
"irb01","2","2","4"
"Ireta770","2","2","4"
"Irfan_Cinar_Yuksel","2","2","4"
"Irige","1","3","4"
"Irinaalfa","2","2","4"
"iRizen","3","1","4"
"Iron_Mark","1","3","4"
"IronChess19","2","2","4"
"ironeagle12","1","3","4"
"Ironman775","2","2","4"
"Ironriverborder","2","2","4"
"iruam","2","2","4"
"IsabellaVargas2","2","2","4"
"isabsk","2","2","4"
"isaiax","2","2","4"
"isaiyeli","1","3","4"
"isataj","2","2","4"
"Isayeff","1","3","4"
"IshaanRudreshB","2","2","4"
"ishagiri070","2","2","4"
"ishanmuhammedap","3","1","4"
"Ishantrjagtap","2","2","4"
"ishayu2021","2","2","4"
"ishrak05","3","1","4"
"isildur2001","2","2","4"
"Iskaral_Pust","2","2","4"
"Islam_4","2","2","4"
"islam_shawky96","2","2","4"
"Islamali19","2","2","4"
"Islamlalme","3","1","4"
"IslamMamiev","2","2","4"
"IslamOmarFudlAllah","2","2","4"
"IslamovSamir","2","2","4"
"IslamZakaev","1","3","4"
"ismailbek1973","2","2","4"
"IsmailOguz444","2","2","4"
"ismailykp","2","2","4"
"ismayil1959","2","2","4"
"ismet_1","3","1","4"
"ismetkeskin","2","2","4"
"isminaz","2","2","4"
"Ismoiljonruziboev","3","1","4"
"isnteasy","3","1","4"
"Isoksss","2","2","4"
"isra_andra","2","2","4"
"Israel_UreM","2","2","4"
"Israel1948","2","2","4"
"IsraelK","2","2","4"
"IsrapilovIbragim1","2","2","4"
"ISRAZHIDIN","1","3","4"
"Issacc","2","2","4"
"issallyhardrada","1","3","4"
"istair","3","1","4"
"istee1","3","1","4"
"Isucatchesstruely","2","2","4"
"isugavanan","2","2","4"
"isuru_xx","3","1","4"
"isuvir","2","2","4"
"Itachiin","2","2","4"
"itachimaru07","1","3","4"
"itak1clem","2","2","4"
"italofreitas","2","2","4"
"itaycar","2","2","4"
"ITazes","2","2","4"
"itazulay","2","2","4"
"iTheFlashback","2","2","4"
"ithomas123","1","3","4"
"ItIsFunny","2","2","4"
"itismeagain","3","1","4"
"its_A_looser","2","2","4"
"itsaayush15","2","2","4"
"ItsChris","1","3","4"
"Itsclavinman","1","3","4"
"itsgame3","2","2","4"
"ItsMeCylone","3","1","4"
"itsmeImback1700","2","2","4"
"ItsmeNear","3","1","4"
"ItsMP","2","2","4"
"itstheorignal","1","3","4"
"Itz_Harmonious","2","2","4"
"itz_n00b","2","2","4"
"ItzaeBC","3","1","4"
"itzluch","2","2","4"
"IuliiaShch","2","2","4"
"IURII_LISOV","2","2","4"
"iuriipoi","2","2","4"
"iv_sed","2","2","4"
"Ivaa995","3","1","4"
"IvaanElyon","1","3","4"
"Ivan_727","2","2","4"
"Ivan_Abashev29012013","3","1","4"
"Ivan_Bondarev","2","2","4"
"IVAN_GALVEZ","2","2","4"
"Ivan_Irk","1","3","4"
"Ivan_kyiv","3","1","4"
"Ivan_Nikonov","3","1","4"
"Ivan_Shklyev_GF_RMK","2","2","4"
"Ivan-Chupa","2","2","4"
"ivan-works","2","2","4"
"Ivan12101983","2","2","4"
"Ivan201524","1","3","4"
"Ivan373737","2","2","4"
"Ivan4ick","2","2","4"
"Ivana2911","1","3","4"
"ivanamt168","3","1","4"
"IvanArpal","2","2","4"
"IvanDrokin","2","2","4"
"ivanerizo","2","2","4"
"ivanich2055","2","2","4"
"ivanknya2015","2","2","4"
"ivanko81","2","2","4"
"Ivanmaleuski","3","1","4"
"IvanMilosavljevic3","2","2","4"
"Ivanova2013","2","2","4"
"IvanovFedor","2","2","4"
"ivanovmax15","2","2","4"
"IvanRuina","1","3","4"
"IvanSaprykin2008","2","2","4"
"ivanssa","2","2","4"
"IvanTkachenko","2","2","4"
"ivantretiak","3","1","4"
"Ivantsovdm","2","2","4"
"IvanVeliky","2","2","4"
"Ivanvrn","1","3","4"
"IvanVsemogychhhhh","1","3","4"
"IveBeatenCaruana","2","2","4"
"ivosos","1","3","4"
"IVOSTONE","2","2","4"
"IwanTokarew","3","1","4"
"Iwilleaturpieces","3","1","4"
"IzaacYK","2","2","4"
"izay08","2","2","4"
"Izigin_Marat57","2","2","4"
"Izletnik2018","2","2","4"
"izmirliokan35","2","2","4"
"Izumrudnoye","3","1","4"
"j_23980503","3","1","4"
"J_Ochoa-Ave","2","2","4"
"J_SwoLe93","2","2","4"
"j0sh1888","2","2","4"
"j240646","2","2","4"
"j2p4h","2","2","4"
"J3rry","3","1","4"
"Ja_Majka1100","3","1","4"
"jaanipschess","1","3","4"
"JabCrossHooks","1","3","4"
"Jacek-S","2","2","4"
"jacek3","2","2","4"
"Jachymek69","2","2","4"
"jacin79","2","2","4"
"jacintoaquinorego","1","3","4"
"Jack241204","1","3","4"
"JACK8922","3","1","4"
"jackellis","1","3","4"
"JackJ1707","3","1","4"
"JackMcSchatter","2","2","4"
"jackschneider","2","2","4"
"Jackson_5","1","3","4"
"jackson_muleka","2","2","4"
"JackT71","2","2","4"
"jackthefcker","2","2","4"
"Jackuan77","3","1","4"
"Jackydidier","3","1","4"
"jacob_und","1","3","4"
"jacobgaray","1","3","4"
"jacobisbadatches","2","2","4"
"JacobLynn","1","3","4"
"JacobParis","2","2","4"
"jacobtaganas","1","3","4"
"Jacoh2","2","2","4"
"Jacque_Cilliers","3","1","4"
"Jacutinga2023","2","2","4"
"jadabreu","3","1","4"
"jadavca","2","2","4"
"Jadeaims","2","2","4"
"JadLoveChess","2","2","4"
"Jadmaxx","2","2","4"
"JaegCl","2","2","4"
"jafarhosinpoor","2","2","4"
"Jafari_cuber","3","1","4"
"JafethG","1","3","4"
"jagabandhubabu","2","2","4"
"JagadeeshL","3","1","4"
"jagdish_1310","3","1","4"
"Jaglikejaguar","2","2","4"
"jagpalsingh","2","2","4"
"jahanjohn","2","2","4"
"JahLouia","2","2","4"
"Jahziel_Loves-Maria","3","1","4"
"JAIMITO2020","3","1","4"
"jainpaarth9","1","3","4"
"Jainshailesh2001","2","2","4"
"jairocas","2","2","4"
"Jairvalles123","2","2","4"
"Jaismayank","1","3","4"
"jajajaime98","1","3","4"
"jak1123","2","2","4"
"JakartaBlue","1","3","4"
"Jake_ll","2","2","4"
"jakeersvk","2","2","4"
"JakeP_412","1","3","4"
"jakica","3","1","4"
"Jakin4445","2","2","4"
"Jakka1992","2","2","4"
"Jakobius21","2","2","4"
"JakobLoos1909","1","3","4"
"Jakse4a","2","2","4"
"jakub-jerzyk","2","2","4"
"jalhe07","3","1","4"
"Jalilovich","2","2","4"
"jaliuwa","2","2","4"
"JAllerth","3","1","4"
"jam757","3","1","4"
"Jamal1590","1","3","4"
"jamalaus","2","2","4"
"jamalcatur","3","1","4"
"Jamalius23","2","2","4"
"Jambo5","2","2","4"
"jameelalameer","1","3","4"
"jamel3","2","2","4"
"James1Porter","3","1","4"
"JamesB76","2","2","4"
"JamesMathews","2","2","4"
"Jameson0628","2","2","4"
"jameson1227","1","3","4"
"JamesOng","2","2","4"
"JamesPottersk","3","1","4"
"JamesPurdyCordite","3","1","4"
"JAMGARCIA","2","2","4"
"Jamil_Gasanli","2","2","4"
"jammmmj","2","2","4"
"jamngar","2","2","4"
"Jan-EricB","2","2","4"
"jan0519","1","3","4"
"Jan3008","2","2","4"
"Janek_z_BB","1","3","4"
"Jangid97","1","3","4"
"jangine","1","3","4"
"JangulaKING2006","2","2","4"
"Janher111","3","1","4"
"Janika88","2","2","4"
"Jann1106","2","2","4"
"jannaalindogan","2","2","4"
"JannieR","3","1","4"
"Jannik349","2","2","4"
"janosha","3","1","4"
"janosiqq","2","2","4"
"janoti","2","2","4"
"Janples","2","2","4"
"Januaries","1","3","4"
"janvi1210","1","3","4"
"janviiiiii","2","2","4"
"JaocDeto","1","3","4"
"japa85","2","2","4"
"japan23","2","2","4"
"Japanbaerchen","2","2","4"
"Jaqueline_Maran","2","2","4"
"Jaquentin6i6","2","2","4"
"JardelPipipo","1","3","4"
"jarduli","2","2","4"
"JarleBryne","2","2","4"
"jaruskababicka","1","3","4"
"JarvisV1","2","2","4"
"jashshah1","2","2","4"
"Jasminekhanhngoc","2","2","4"
"jason000","2","2","4"
"JasonAZ","2","2","4"
"JasonHill","1","3","4"
"JasonPolmateer","3","1","4"
"Jasper_jaraya","2","2","4"
"jaspermunir","2","2","4"
"jaswanthbhjnlkkl","2","2","4"
"Jathid","2","2","4"
"jaulasez","1","3","4"
"Jaun340","2","2","4"
"javad-59","1","3","4"
"Javad186","2","2","4"
"javaid777","3","1","4"
"javarath11","2","2","4"
"Javichi2015","2","2","4"
"javier_bernal53","3","1","4"
"Javier_moreno_parra","2","2","4"
"Javierfuente2","2","2","4"
"JAVMEX","2","2","4"
"jawbo98","2","2","4"
"JAWGARAP88","2","2","4"
"jawshoewar","1","3","4"
"jawswanth1","2","2","4"
"Jax42","1","3","4"
"Jaya_Bali","2","2","4"
"jayan","2","2","4"
"Jayanth_96","2","2","4"
"Jayathecat","1","3","4"
"JayClarkus","1","3","4"
"jayden1126","2","2","4"
"jaydengohjinghee","2","2","4"
"JayG125","1","3","4"
"jaygal0","2","2","4"
"Jaythman","1","3","4"
"jayzke","2","2","4"
"Jazenn","3","1","4"
"jazu","1","3","4"
"Jazyy","3","1","4"
"Jazzhole","3","1","4"
"jbc1995","2","2","4"
"jbg888","2","2","4"
"JBPMinira","2","2","4"
"jcdq","2","2","4"
"jcfg1966","2","2","4"
"jcgoody","2","2","4"
"jciro91","2","2","4"
"jcorderoec","2","2","4"
"jcquest","3","1","4"
"jcw27","3","1","4"
"JDavid-96","2","2","4"
"jdeuxl","1","3","4"
"jdmisc","2","2","4"
"Jean-charlesM","1","3","4"
"Jean-Neymar","2","2","4"
"Jean-Pierre12","1","3","4"
"Jeanar4all","2","2","4"
"jeanb","3","1","4"
"JeanfrancoChess","1","3","4"
"jeanjean44","2","2","4"
"jeanjjacques","1","3","4"
"jeanlouismarcotte","2","2","4"
"jeanmango","2","2","4"
"jeanmariejuvin","2","2","4"
"JeanPaul2014","2","2","4"
"jeanpier111","2","2","4"
"jeanstiv10","3","1","4"
"jear29","2","2","4"
"Jecocha","3","1","4"
"jeddawi","2","2","4"
"jeelona","2","2","4"
"jeetranipa","3","1","4"
"jefemill","2","2","4"
"Jeffb47","2","2","4"
"JeffBell","2","2","4"
"jeffc9","2","2","4"
"JeffPinck","2","2","4"
"jegijegi","2","2","4"
"Jeglov","2","2","4"
"Jehozabad","3","1","4"
"jeje0407","2","2","4"
"jekkgb","3","1","4"
"Jekson99","2","2","4"
"jelik","3","1","4"
"jell-e-fish","2","2","4"
"jellyfishlove","3","1","4"
"jemi_i","2","2","4"
"JEMISESA","2","2","4"
"jemoeder23","2","2","4"
"Jen252","3","1","4"
"Jengel76","1","3","4"
"jenkschess","2","2","4"
"jens100","2","2","4"
"jepesal","1","3","4"
"jerga15","1","3","4"
"jericpura","3","1","4"
"Jerma7ne","2","2","4"
"Jerome67echecs","1","3","4"
"jeronimo2","2","2","4"
"Jerrico_Sister_P","2","2","4"
"jertvakachestva","2","2","4"
"JessSeTerr","3","1","4"
"Jesus_lopez33","2","2","4"
"Jesus-Gabriel-OHES","3","1","4"
"jesusmava","2","2","4"
"jet005","3","1","4"
"Jetraw","1","3","4"
"jetvish","2","2","4"
"jeudifayst","2","2","4"
"JEWSLITER112","2","2","4"
"jeysrick11","1","3","4"
"jf81","1","3","4"
"JFK97","2","2","4"
"jfraga","2","2","4"
"JGarcia2017","3","1","4"
"jgourdy","2","2","4"
"jgramos92","3","1","4"
"jgriffitts777","3","1","4"
"jh821","2","2","4"
"jhaashish","3","1","4"
"JHAREN1","2","2","4"
"Jhayde42","3","1","4"
"JheanC","2","2","4"
"jheyzhen","2","2","4"
"jhonatanlsx","2","2","4"
"Jhonpin78","2","2","4"
"Jhonry","3","1","4"
"jhwang","2","2","4"
"jian20308","2","2","4"
"JIBRIL-1207","1","3","4"
"JIBRIL16","2","2","4"
"JiErEn2222","2","2","4"
"Jifalta_village-2005","1","3","4"
"Jigarmehta2181","2","2","4"
"jijitaro99","2","2","4"
"Jika1","1","3","4"
"Jim_Boum","2","2","4"
"Jimalex77","2","2","4"
"JimDingler96","2","2","4"
"JimKnopf58","1","3","4"
"Jimmy00000","1","3","4"
"JimmyBuffet","3","1","4"
"JimPanse1984","2","2","4"
"jimrafael1","3","1","4"
"Jimsky99","1","3","4"
"Jin2K9","2","2","4"
"Jindo2304","2","2","4"
"jingren","1","3","4"
"JingSantos","2","2","4"
"jingyee","2","2","4"
"JIO70","1","3","4"
"Jirolin55","2","2","4"
"jiseong4","2","2","4"
"jitten","1","3","4"
"Jituuuuuu","2","2","4"
"jjadav56","2","2","4"
"JJDwigs","2","2","4"
"jjezekkarel","2","2","4"
"JJJZ","2","2","4"
"jjkouf7","3","1","4"
"jkao97","2","2","4"
"jkct","2","2","4"
"JKP123","2","2","4"
"jkteo","3","1","4"
"jkuhlstrom","2","2","4"
"JKyLAW","3","1","4"
"JL114","2","2","4"
"JL1306IN","3","1","4"
"jladeshara","3","1","4"
"jlefort","2","2","4"
"JLonly","1","3","4"
"JLopez94","1","3","4"
"jlub788","2","2","4"
"jmadisla","2","2","4"
"jmanu_1","2","2","4"
"JMDelaCruz13","3","1","4"
"Jmer28","2","2","4"
"JMEYE2002","2","2","4"
"JMGuette","1","3","4"
"JMLUGO","2","2","4"
"jmsitepu67","2","2","4"
"jmtrinid","2","2","4"
"jmtroti","1","3","4"
"Jn---1973","2","2","4"
"Jnrfit","2","2","4"
"jo-free","1","3","4"
"JO157","3","1","4"
"Jo1720","2","2","4"
"joalfer","2","2","4"
"Joankiddo","2","2","4"
"joanlaso","2","2","4"
"Joao2506","2","2","4"
"Joaopapel","3","1","4"
"joaovicto","2","2","4"
"Joaquinluis123","2","2","4"
"JoBaR","2","2","4"
"JocelynMJCormier","2","2","4"
"Jocent98","2","2","4"
"jochan08","2","2","4"
"JOCHESSMI","2","2","4"
"jodhaish","2","2","4"
"Joe_Hartzell","2","2","4"
"joebird7714","1","3","4"
"Joel_Jr20","2","2","4"
"joel2016amg","2","2","4"
"joelBarisho","3","1","4"
"joelbel","2","2","4"
"Joelprasad","2","2","4"
"joelstill","2","2","4"
"joelvillavicencioteh","2","2","4"
"joemarmolada","1","3","4"
"JoeTurgeon","3","1","4"
"Joeycs","3","1","4"
"JoeyTakeshi","2","2","4"
"Jof12","2","2","4"
"Jogador-de-truco","2","2","4"
"jogo17","2","2","4"
"joh-vin","3","1","4"
"Johannes1980","1","3","4"
"johanpay","2","2","4"
"Johithpranav","2","2","4"
"John0925","3","1","4"
"John3001","2","2","4"
"john3199","2","2","4"
"johnatancr","2","2","4"
"JohnBobLaw","2","2","4"
"JohncJasva","3","1","4"
"JohnDoe197737","2","2","4"
"johnelowe15","2","2","4"
"johnex147","1","3","4"
"JohnGuaramaima","2","2","4"
"johnilpina","1","3","4"
"johnjohn-73","2","2","4"
"Johnkoka","3","1","4"
"Johnmer","2","2","4"
"johnnyfl","1","3","4"
"johnpaul_032100","2","2","4"
"johnSinaaaaa","2","2","4"
"Johny_Fibi","2","2","4"
"Johny5557","3","1","4"
"johzirl","2","2","4"
"Jojo_tatane","2","2","4"
"jojo9495","2","2","4"
"jojobubbles","3","1","4"
"jojorubbish","2","2","4"
"JOK1L","3","1","4"
"jok3rde","3","1","4"
"JOK75","2","2","4"
"joke10","1","3","4"
"Joker111222333","1","3","4"
"JokerChess","2","2","4"
"Jokerr07","3","1","4"
"Jokisiscool","2","2","4"
"JokubasVal","2","2","4"
"jolimai23","2","2","4"
"JoLo95","3","1","4"
"jologro","3","1","4"
"jolualpa","1","3","4"
"Jolud74","2","2","4"
"Jomilz","2","2","4"
"jomopar","2","2","4"
"jon218","3","1","4"
"Jonasagainstyou","1","3","4"
"jonasloehrer","2","2","4"
"jonasromas","1","3","4"
"Jonasvgl","2","2","4"
"Jonathan_Joestar1","2","2","4"
"jones_16","3","1","4"
"jonespozzatti","2","2","4"
"JonGreat","2","2","4"
"JonHeidar","2","2","4"
"jonii01","2","2","4"
"jonmir","1","3","4"
"Jonno52","1","3","4"
"jonny_viareggio","2","2","4"
"jonnyynnoj","3","1","4"
"jonobri","2","2","4"
"JonRam","2","2","4"
"joonidas","2","2","4"
"Joos71","1","3","4"
"Joosh_17","2","2","4"
"joostrulez","3","1","4"
"Joparuk73","2","2","4"
"Jora197","2","2","4"
"Jordangomez","1","3","4"
"jordimunta1998","2","2","4"
"jorg3ar7uro","2","2","4"
"Jorgeart","2","2","4"
"Jorgedef","2","2","4"
"JORGEDER111","3","1","4"
"JORGEOMAR-BM","2","2","4"
"Jori-65","2","2","4"
"josame","2","2","4"
"josan_mula","2","2","4"
"Jose-Dallmann","3","1","4"
"josealba1","2","2","4"
"Josedisciple","2","2","4"
"josedv","2","2","4"
"joseelprop4561","2","2","4"
"josegarri","2","2","4"
"joselue","2","2","4"
"joseluis0377","2","2","4"
"josemiguelsf","1","3","4"
"JOSENEITOR_SHIKAMARU","1","3","4"
"joseni1234","3","1","4"
"Josep1227","2","2","4"
"josephcgalea3","2","2","4"
"JosephG1","2","2","4"
"JosephLTRNorth","2","2","4"
"JoseRaul36Kapablanca","2","2","4"
"joses217","2","2","4"
"josevelazquez","2","2","4"
"Joshi2013","2","2","4"
"Joshigop","2","2","4"
"JoshMiluk","1","3","4"
"JoshuaButi","3","1","4"
"Joshuachess19","2","2","4"
"joshxchess","2","2","4"
"JosiasGold_one1-2013","2","2","4"
"JosiasSouza","3","1","4"
"josimarjr","3","1","4"
"josio111","1","3","4"
"josue139","2","2","4"
"Josuote","2","2","4"
"jotarj_br","3","1","4"
"Jotastratego","2","2","4"
"jotasulli","1","3","4"
"JoTc","1","3","4"
"jotheshrajamanickam","2","2","4"
"Jovert","3","1","4"
"joy2speak","2","2","4"
"JoZe23","2","2","4"
"jozeshams","2","2","4"
"jozo555","2","2","4"
"JP-1960","1","3","4"
"jpat86","2","2","4"
"jpellicer","2","2","4"
"jpf023","3","1","4"
"jpj1991","2","2","4"
"JPMorgan1","2","2","4"
"jpozarate","1","3","4"
"JPPORTAL","2","2","4"
"jpstrum","2","2","4"
"jpvs","2","2","4"
"Jqremnbtp","2","2","4"
"JR-14321","3","1","4"
"JR420","2","2","4"
"jreide","2","2","4"
"jrjrjr123","2","2","4"
"jruncertainty","3","1","4"
"JSDrywater","2","2","4"
"jshah_3001","2","2","4"
"JShotz5456","3","1","4"
"Jsilverste04","2","2","4"
"JSJ90","2","2","4"
"JSMAHADEV","2","2","4"
"jstech","2","2","4"
"JT1979","3","1","4"
"JTinsley","3","1","4"
"Ju3002","2","2","4"
"JU4RA0VA","2","2","4"
"Ju69ior","2","2","4"
"Juack0","2","2","4"
"juamc68","2","2","4"
"juan_lr","2","2","4"
"Juan0803","1","3","4"
"Juan7740","2","2","4"
"JuanAguilar","2","2","4"
"Juananat","1","3","4"
"juanchoOs","1","3","4"
"juandaRG2020","1","3","4"
"juandeguate","2","2","4"
"juanduran78","2","2","4"
"juanhc123","2","2","4"
"Juanito-CHILE","2","2","4"
"juanjo1946","2","2","4"
"juanjosecastillo","2","2","4"
"Juanjuzgado","3","1","4"
"juanpabloroman","2","2","4"
"juanvi54","1","3","4"
"Juara_Ciwaru","3","1","4"
"jubilado507","2","2","4"
"jucator1","2","2","4"
"judalouf301","2","2","4"
"Judaz03","1","3","4"
"Judith_Amalia","2","2","4"
"Judommo","3","1","4"
"Judson777","1","3","4"
"Juedir","2","2","4"
"JuergenGgg","3","1","4"
"JuergenNikolaus","3","1","4"
"JugadorE4","2","2","4"
"jugal1960","2","2","4"
"JUHK2530","2","2","4"
"juju2408","1","3","4"
"jujubinhafofa_11","1","3","4"
"Jul222","3","1","4"
"julaw1256","2","2","4"
"JulefMars","1","3","4"
"julentor","2","2","4"
"JulesJoffrin18","1","3","4"
"Julgranen","2","2","4"
"Julia775","2","2","4"
"juliajluo","1","3","4"
"Julian_Strongbrain","2","2","4"
"Julian-Erwin","2","2","4"
"JulianFeo","1","3","4"
"Juliano777","2","2","4"
"Juliansapostate","2","2","4"
"julienChessLille","2","2","4"
"julietta95","2","2","4"
"julio1963","2","2","4"
"julio2023","1","3","4"
"juliocelio","2","2","4"
"JulioCesar2015","1","3","4"
"Juliocesardelgado","2","2","4"
"JulioMoore","2","2","4"
"Juliseye","3","1","4"
"Julius45","3","1","4"
"juliuso1","2","2","4"
"Julochen","2","2","4"
"julypjuliis","2","2","4"
"Jumanji93","2","2","4"
"jumper43","3","1","4"
"Jumpshots89","2","2","4"
"Junayeen","1","3","4"
"JuneAlfred","1","3","4"
"JUNG198184","2","2","4"
"JungevonderOstsee","2","2","4"
"jungle124","2","2","4"
"Jungrado","1","3","4"
"JunJunD","3","1","4"
"junmar30ethan","2","2","4"
"JunMisugi84","2","2","4"
"JunPalad","2","2","4"
"jupitermc","2","2","4"
"Jupitersign","2","2","4"
"Juplo","2","2","4"
"Juraga_Dominik","2","2","4"
"Jurago","1","3","4"
"JuraSchwarzkopf","3","1","4"
"jurass","2","2","4"
"Jurciks","1","3","4"
"jurek1996","3","1","4"
"JURIEVE","3","1","4"
"jurrea","3","1","4"
"JuryNikitin","1","3","4"
"just-noname","2","2","4"
"justalearner22","1","3","4"
"justchilling11","2","2","4"
"JustGlennonChess","2","2","4"
"justinG0","1","3","4"
"JustLikeAKing","3","1","4"
"justme_persia","3","1","4"
"JustMoMaged","1","3","4"
"justunjames","2","2","4"
"Justvan","3","1","4"
"jutay","1","3","4"
"jVibhore","2","2","4"
"jvlasits","3","1","4"
"jvne","2","2","4"
"jvrocha","2","2","4"
"jvty","2","2","4"
"JW6M","1","3","4"
"jw7093","2","2","4"
"jwaits","2","2","4"
"Jwalinsudhan","2","2","4"
"JWerner","1","3","4"
"jwjames521","2","2","4"
"JXFSRT","2","2","4"
"jxoalv2","2","2","4"
"JynxC98","3","1","4"
"jyotirnaval","2","2","4"
"k_25","3","1","4"
"K_LAVR","2","2","4"
"K_Paul","1","3","4"
"K_Peter29","2","2","4"
"K_Virshan","2","2","4"
"K-I-D-For-Life","3","1","4"
"K-rinA81","1","3","4"
"k1_87","2","2","4"
"k1l0","2","2","4"
"K1NG_M3","1","3","4"
"k2-45","2","2","4"
"k49_99","2","2","4"
"K4rLLL","3","1","4"
"K4rm4nd_4","2","2","4"
"K7Gitter","2","2","4"
"k99999","2","2","4"
"kaanaltuntas","2","2","4"
"kaanemirhann","2","2","4"
"kaangunay7","2","2","4"
"Kaann45","3","1","4"
"Kaasje75","2","2","4"
"kaasta","2","2","4"
"Kaavyakali","1","3","4"
"KAB1975","1","3","4"
"kabirsharma123","2","2","4"
"kabizdulkin","2","2","4"
"KABUL_EXPRESS","2","2","4"
"kabullen","3","1","4"
"kabutocr","2","2","4"
"Kabwebwe","2","2","4"
"Kachan0-0","2","2","4"
"Kacherishka","1","3","4"
"kacper2008g","3","1","4"
"kadambarividhate2555","2","2","4"
"Kadeh007","1","3","4"
"kadir45","2","2","4"
"Kadiraceett","2","2","4"
"kadzeshini","2","2","4"
"kaechka","1","3","4"
"Kaenerys","2","2","4"
"kagra","3","1","4"
"kahaan1","2","2","4"
"Kahramantamer","1","3","4"
"Kahva80","1","3","4"
"kailahlalita","2","2","4"
"kailas_bb","2","2","4"
"Kailesh","2","2","4"
"Kainass","3","1","4"
"kaindu","2","2","4"
"Kaiser_Daddy","3","1","4"
"kaiser_walter","1","3","4"
"Kaiser4","3","1","4"
"Kaisive","1","3","4"
"kaizai","2","2","4"
"Kaizzzzer_russia","2","2","4"
"Kajzer0011","3","1","4"
"Kaka_Jos","2","2","4"
"Kakanj","2","2","4"
"kakao2014","3","1","4"
"KAKAROTO1","1","3","4"
"Kakek_zeus_80","2","2","4"
"kakuvip","2","2","4"
"kakvetoigrat","2","2","4"
"KAl_OH_4","2","2","4"
"Kalai2193","2","2","4"
"KALAI5687","3","1","4"
"kalamburik","1","3","4"
"Kalashnikev","2","2","4"
"Kalashnikov1","2","2","4"
"kalender2012","2","2","4"
"kaleshwar21","2","2","4"
"Kaleybar_25","3","1","4"
"kalil_1990","2","2","4"
"kalin0000","2","2","4"
"kalinf1","3","1","4"
"kalinksan1","3","1","4"
"Kalistrat23","2","2","4"
"Kalle-Leo","1","3","4"
"Kallol-39","2","2","4"
"Kaloqn_Todorov","2","2","4"
"Kalos6","2","2","4"
"kalprang","2","2","4"
"Kama05Boranov","2","2","4"
"Kamal-1961","2","2","4"
"Kamalbhatt83","2","2","4"
"KamaleTanya2","1","3","4"
"kamalrdwaan","1","3","4"
"Kamalreslan","3","1","4"
"kamalrocks","1","3","4"
"Kamapulia","3","1","4"
"kamaraju","2","2","4"
"Kamat_VIN_ptu","2","2","4"
"Kamelkarimi","2","2","4"
"KAMENSCHIK228","2","2","4"
"KamikazeXXL","2","2","4"
"Kamil4064","2","2","4"
"kaminskim","1","3","4"
"Kamrac","3","1","4"
"Kamran_66","1","3","4"
"kamran_ahmadi95","2","2","4"
"Kamrusek","2","2","4"
"Kamui19","2","2","4"
"Kamya_Vishnu","2","2","4"
"Kandars","1","3","4"
"kante2016","2","2","4"
"Kantex","2","2","4"
"kanvanshdhingra2303","2","2","4"
"Kanwar","2","2","4"
"Kanybekov53","2","2","4"
"Kanyesfather","3","1","4"
"kanz8o","2","2","4"
"KanzenHakai","1","3","4"
"kapadokya100","2","2","4"
"Kapaku","2","2","4"
"kapany3uko","2","2","4"
"KAPERYA","1","3","4"
"KapitanMorgen","2","2","4"
"KAPlAn2020","2","2","4"
"kaplankopekbaligi","2","2","4"
"Kappy","2","2","4"
"kar22","2","2","4"
"karabalinov13","2","2","4"
"karachun1","1","3","4"
"karadag06","3","1","4"
"karageorg","2","2","4"
"KaragozLow","2","2","4"
"Karalish","2","2","4"
"KARAM1952","2","2","4"
"KARAMELKAJulianna","3","1","4"
"Karan-sha","3","1","4"
"Karan2184","3","1","4"
"Karansehgal23","2","2","4"
"karavindrao","1","3","4"
"kardesg","2","2","4"
"kardins","2","2","4"
"kareem07","3","1","4"
"Kareems_123","2","2","4"
"kArEeNaRaInA","2","2","4"
"karel_chajim","3","1","4"
"karelinN_17","2","2","4"
"KarelKeesman","2","2","4"
"karen_a","2","2","4"
"Karen_jan","1","3","4"
"Karen_Khojoyan","2","2","4"
"Karenmardi","3","1","4"
"Karenranjbar","1","3","4"
"karetusa","1","3","4"
"Kargat68","2","2","4"
"Karhr","2","2","4"
"Karikalan10","3","1","4"
"Karim_Essam24","1","3","4"
"karim2002benzi","3","1","4"
"karimnasik19581966","2","2","4"
"KarimS_2009","1","3","4"
"karimsaleh77","2","2","4"
"Karina1994","1","3","4"
"KARKI_2002","2","2","4"
"karlagarlic","3","1","4"
"karldoublet","2","2","4"
"karlenkai","1","3","4"
"Karliniouche","2","2","4"
"KarlyDX","3","1","4"
"Karmensandigo","3","1","4"
"karo_the_king","3","1","4"
"karo13_20","2","2","4"
"karoling","2","2","4"
"karosyan","2","2","4"
"karpov555222","1","3","4"
"KarpovunDayisi","2","2","4"
"karrthicsundhar","2","2","4"
"Kartal1354","1","3","4"
"kartalsson","3","1","4"
"karteep94","2","2","4"
"Karthick24092005","2","2","4"
"Karthik_naik","2","2","4"
"KarthikaSajith","2","2","4"
"Karthikeya81191","2","2","4"
"karthiknarayan","2","2","4"
"kartik_3201","1","3","4"
"KartikeyKakaria","2","2","4"
"karvatskiy_nikolay","1","3","4"
"karyich","3","1","4"
"kasapin86","1","3","4"
"Kasem119","1","3","4"
"Kashish_mishra03","2","2","4"
"kaskader_grozniy","2","2","4"
"Kasparioannou","2","2","4"
"kasparov_david15","2","2","4"
"Kasparov49","3","1","4"
"Kasparov966","2","2","4"
"Kasparovhorse","1","3","4"
"kasra1978","2","2","4"
"Kassandra-14","2","2","4"
"Kasum134","2","2","4"
"Kasyn_sultani","1","3","4"
"katagrunge","2","2","4"
"Katarzynaczapla","1","3","4"
"Katerina_Brovko","2","2","4"
"Katerina_Trajan","2","2","4"
"KaterynaMalash","2","2","4"
"Kathir16","3","1","4"
"Katupoochi","2","2","4"
"Katya_bulanova","1","3","4"
"Katya-Salyakhova22","2","2","4"
"katyab_96","3","1","4"
"katzeee","3","1","4"
"KaueJr","1","3","4"
"Kaustav123","2","2","4"
"kavargiris","2","2","4"
"Kaveh_69","3","1","4"
"kaveh166","2","2","4"
"kavii_ironman","1","3","4"
"kavoooo","1","3","4"
"KAWAYA","3","1","4"
"KAYACIK","2","2","4"
"kaydi","2","2","4"
"kayeeone","2","2","4"
"Kaynizab","2","2","4"
"Kayonush","1","3","4"
"kayrohan","1","3","4"
"KayzerSoze84","2","2","4"
"Kazakus","2","2","4"
"KazanovAL","2","2","4"
"KAZEKAGE25","2","2","4"
"kazem_6465m","1","3","4"
"kazoooma","3","1","4"
"Kazudemruzo","1","3","4"
"kbujdoso","3","1","4"
"Kbv1976","1","3","4"
"KcaCoach","2","2","4"
"kcene","3","1","4"
"kdaj","2","2","4"
"KEA-49","2","2","4"
"keanu_peeves","2","2","4"
"kecskekutya","2","2","4"
"keczynski","2","2","4"
"keedt","1","3","4"
"Keegan012321","2","2","4"
"KeelahSelai","2","2","4"
"keeperpine","3","1","4"
"Kefos","2","2","4"
"keftemeshkin","2","2","4"
"Kehob","1","3","4"
"Kei-jei","2","2","4"
"keiko42","1","3","4"
"Kelly_Road","2","2","4"
"kelopoka","1","3","4"
"kelsso2003","3","1","4"
"kelvettel","1","3","4"
"Kelvinxp12","2","2","4"
"kemalyakutusa","2","2","4"
"kemumu254","2","2","4"
"kenie","2","2","4"
"KenKold","3","1","4"
"KennedyGyn","2","2","4"
"Kenny423","2","2","4"
"kentaai","2","2","4"
"kentigern","1","3","4"
"kentzy29","2","2","4"
"KenudiDulseya","3","1","4"
"kenzoalem","1","3","4"
"keops1","2","2","4"
"KEP4UP_2008","2","2","4"
"Keptar","2","2","4"
"keremdogansenbk","2","2","4"
"keremekin1","2","2","4"
"keremgiraytass","2","2","4"
"kereminceoglu","2","2","4"
"keremir33","3","1","4"
"KeremK1234789","2","2","4"
"keremksp06","2","2","4"
"keremuyar1","2","2","4"
"kerimav1","1","3","4"
"kerimefegirgin","2","2","4"
"KerimEymen16","2","2","4"
"kerman-ooo","1","3","4"
"keroleselkesangelos","2","2","4"
"kerolous1","1","3","4"
"Kerriill","2","2","4"
"kerzen_test","2","2","4"
"Kerzpa","1","3","4"
"keshar01","1","3","4"
"keshavji2004","2","2","4"
"keskin680","2","2","4"
"KET51","2","2","4"
"KetanChakravarty","2","2","4"
"ketavos","2","2","4"
"Kevin_Abuh","2","2","4"
"kevind2013","1","3","4"
"KevinLinanESAN","1","3","4"
"KevinNegandhi","1","3","4"
"kevinroth","2","2","4"
"kevout1","2","2","4"
"kevsev0206","1","3","4"
"kevuto","1","3","4"
"KforE","2","2","4"
"KFW88","1","3","4"
"KG71403","2","2","4"
"kgb32","3","1","4"
"kgbird","2","2","4"
"kgirish250252","2","2","4"
"KgSet","2","2","4"
"kh4444","2","2","4"
"khadagbachar","2","2","4"
"khadr994","3","1","4"
"Khadzha","2","2","4"
"khafanoos","2","2","4"
"khaiphong","2","2","4"
"khak308","2","2","4"
"Khal6dSal6h","1","3","4"
"khaled_10","1","3","4"
"Khaled_1968","2","2","4"
"khaled_gamal21","1","3","4"
"khaled_nemer5","2","2","4"
"Khaled-Hasaballah","2","2","4"
"khaledeldngaoy","2","2","4"
"khalei2019","2","2","4"
"Khalein","3","1","4"
"khalid-ibn-lwalid","2","2","4"
"Khalifa89","2","2","4"
"Khalil0812","1","3","4"
"khalil1380","1","3","4"
"Khalilme","2","2","4"
"KHAN026","2","2","4"
"Khan768","2","2","4"
"Khanddan01","2","2","4"
"KhanMoghul","2","2","4"
"Kharry2000","2","2","4"
"khazar51","1","3","4"
"Khazzar","2","2","4"
"khengcheye","1","3","4"
"khoa122","3","1","4"
"Khoatran2013","2","2","4"
"Khochbar","2","2","4"
"khodaymarg11","3","1","4"
"khoi24","2","2","4"
"khora","3","1","4"
"Khorne_ru","2","2","4"
"Khoshtiptarin","2","2","4"
"KhovrinEA","2","2","4"
"Khrysaoros","2","2","4"
"Khubib123456","3","1","4"
"Khulu10","2","2","4"
"khusss2020","2","2","4"
"kian_r94","2","2","4"
"kianiran2022","2","2","4"
"Kianooshmallak","3","1","4"
"kianskie02","2","2","4"
"kiansoutiazad2015","2","2","4"
"kiarad-sabori","2","2","4"
"kibchan_qr","2","2","4"
"kibitzer64","1","3","4"
"KidCat14","3","1","4"
"kiddochess4","3","1","4"
"KidRob76","3","1","4"
"kielwerren","2","2","4"
"Kigenlang","1","3","4"
"kigo","1","3","4"
"Kihya","1","3","4"
"kiitaja","2","2","4"
"Kijikui","1","3","4"
"Kike_6od","2","2","4"
"Kiki0407","2","2","4"
"Kikimag","1","3","4"
"KikoSouza","1","3","4"
"KilianH","2","2","4"
"kilicarslan32","2","2","4"
"kiljoy13","2","2","4"
"KillA_Queen0","2","2","4"
"Killbill75","2","2","4"
"killcovermove","3","1","4"
"KILLER_i2","2","2","4"
"killer_of_three_king","2","2","4"
"KillerBro29","1","3","4"
"KillerPangolino","2","2","4"
"killersgambit","3","1","4"
"KiLLMatador","2","2","4"
"Killosik","3","1","4"
"killsden","1","3","4"
"kilmore","2","2","4"
"Kilomiks","2","2","4"
"kimgods","3","1","4"
"kimi060112","3","1","4"
"kimica128","2","2","4"
"kimkirill","1","3","4"
"kindergartenchampion","2","2","4"
"kinel19","3","1","4"
"king-1231","2","2","4"
"King0fBlunder","3","1","4"
"King278509","3","1","4"
"king31220","2","2","4"
"KingAidyn","2","2","4"
"kingAl1","2","2","4"
"KINGDEEPBLUE","2","2","4"
"kingdeew","2","2","4"
"KINGEN369","2","2","4"
"kinghtboy","2","2","4"
"KingKel3","1","3","4"
"kingknight2012","2","2","4"
"kingkong38","1","3","4"
"KingKousik","2","2","4"
"KINGLAND8888","2","2","4"
"Kingliveordead","2","2","4"
"KingMacMac29","2","2","4"
"kingmmr2000","2","2","4"
"kingNpawnsclothes","1","3","4"
"Kingof_mate","2","2","4"
"kingofblunder93","3","1","4"
"kingOFchess110","2","2","4"
"kingofChess14","2","2","4"
"KingofChessMates","1","3","4"
"kingofwakanda42","2","2","4"
"Kingontherocks","1","3","4"
"KINGONTHESHIP","2","2","4"
"kingosgr","2","2","4"
"KingPawn999","3","1","4"
"kingsandhorses","1","3","4"
"kingsCourt29","2","2","4"
"Kingsgang","2","2","4"
"kingston94","2","2","4"
"kingtahhaa","2","2","4"
"KingTatou","1","3","4"
"KingTodd","2","2","4"
"Kingtony_01","2","2","4"
"KingTony2020","2","2","4"
"KingXika","2","2","4"
"kingYan","2","2","4"
"kinshuk1234","2","2","4"
"KiokoM","2","2","4"
"kipec","2","2","4"
"kippi_es","3","1","4"
"Kira_Axel20","2","2","4"
"kirahufuta","3","1","4"
"kiran_joshi","1","3","4"
"KIRAN24881","1","3","4"
"Kirana_kotabogor","1","3","4"
"Kirankumarsaini","2","2","4"
"kiransi_me","2","2","4"
"kirikoo1","3","1","4"
"kirikou77","1","3","4"
"Kirill_011","2","2","4"
"Kirill_Ivanov2017","2","2","4"
"Kirill_Usichenko13","2","2","4"
"Kirill_Vasilchi12","1","3","4"
"Kirill_Z2013","1","3","4"
"kirill-chess25","2","2","4"
"Kirill0609","2","2","4"
"Kirill110272","2","2","4"
"Kirill120216","1","3","4"
"Kirill1401","2","2","4"
"kirill14081985","2","2","4"
"KirillChumakov","2","2","4"
"KirillUm","1","3","4"
"KirillVR","2","2","4"
"KiRilYaRmOlInsKyI","2","2","4"
"KirkDysart","1","3","4"
"kirkom2003","1","3","4"
"kirolos08","2","2","4"
"KirPer","1","3","4"
"kirpich526","2","2","4"
"kirre1910","2","2","4"
"Kirsan2014","2","2","4"
"KIRTIPATEL","2","2","4"
"kiruha04","2","2","4"
"kirysha01","3","1","4"
"Kisan69","1","3","4"
"kishmat1","2","2","4"
"kiskafeliks","2","2","4"
"Kislii","2","2","4"
"kispest79","1","3","4"
"kissn","2","2","4"
"Kisuke_Urahara_1","1","3","4"
"Kit77777","2","2","4"
"Kitakaze","3","1","4"
"Kitezhgrad","3","1","4"
"kitiwiky","1","3","4"
"kitsuyar","2","2","4"
"kittengirl_cca","2","2","4"
"KittenInSpring","2","2","4"
"Kittt18","1","3","4"
"kitzay","1","3","4"
"Kiyotaka_Kiyopon","2","2","4"
"KJFChess","2","2","4"
"kjman","2","2","4"
"KK_chess960","3","1","4"
"kk3080","2","2","4"
"kk373","1","3","4"
"Kk84","2","2","4"
"kkarahan","2","2","4"
"KKarpfen","2","2","4"
"Kkhushi4","1","3","4"
"KKimmel08","2","2","4"
"KKMONDAL","2","2","4"
"KKP_SIMON05","3","1","4"
"kktiwati","2","2","4"
"Klar_GGG","1","3","4"
"Klaus_PA","2","2","4"
"Klaus-Peter2020","2","2","4"
"Kleydert","2","2","4"
"kliberpri2000","2","2","4"
"KlikKlakp","1","3","4"
"KLIMOV_VA","1","3","4"
"Klinkner","2","2","4"
"Klinskis10","3","1","4"
"Kliuchenkoivan","2","2","4"
"kluddhav","1","3","4"
"kmiki1212","3","1","4"
"Kmit","2","2","4"
"kmlozvarol","2","2","4"
"kms1234","1","3","4"
"KnaPx","2","2","4"
"knavjeet","1","3","4"
"Knegtje","1","3","4"
"knete1312","1","3","4"
"Knieselstein","2","2","4"
"Knight_X7","2","2","4"
"knight2305","2","2","4"
"knightafterknght","2","2","4"
"knightBelieve","2","2","4"
"knightreplacement","3","1","4"
"knightrider2728","2","2","4"
"Knights-of-Night","2","2","4"
"knnn4","2","2","4"
"KnugXVI","2","2","4"
"Knyaz_36","2","2","4"
"knyaz1812","1","3","4"
"KnyzRuslan","2","2","4"
"Koba845","2","2","4"
"kobijer7","1","3","4"
"koboldmaster","1","3","4"
"KOC_123","2","2","4"
"Kocham_alternatywki","2","2","4"
"Kochenkov","1","3","4"
"KOCMOC_9263","1","3","4"
"kodan11","2","2","4"
"kodarp","2","2","4"
"kodeanic","3","1","4"
"kOdEbLuEx","2","2","4"
"Koenig-Alfons","3","1","4"
"koepkos","3","1","4"
"Kogo2030","2","2","4"
"kohodono","2","2","4"
"Kohphangan07","2","2","4"
"Koishi-s_Floppy_Hat","2","2","4"
"Kojak13","2","2","4"
"Kojjootti","2","2","4"
"KojoTilo","3","1","4"
"kok569","2","2","4"
"KOKASVAZQUEZ","2","2","4"
"KoketsoSebatana","1","3","4"
"koko_magdy2","2","2","4"
"kokolores1","2","2","4"
"kokweiyee","3","1","4"
"KolbsknechtWT2017","2","2","4"
"kolekoko","2","2","4"
"KolesovArtem","1","3","4"
"Kolhoznic","2","2","4"
"kolia2","2","2","4"
"Kollamfighter11","2","2","4"
"kollkris","1","3","4"
"kolmogorov33","2","2","4"
"kolobok2023","1","3","4"
"kololesya","2","2","4"
"Koltopinambour","2","2","4"
"kolwurst","1","3","4"
"kolyaandreev6767","2","2","4"
"KolyanProfessional","2","2","4"
"KolyaPrime","1","3","4"
"Komandan_Nurdin_CSS","2","2","4"
"komarnik","2","2","4"
"komaru22save","2","2","4"
"Komarx","3","1","4"
"KombetMdn","2","2","4"
"Komlaa","3","1","4"
"Konan120775","2","2","4"
"konavaks","3","1","4"
"KONISOC","3","1","4"
"Koniu02","1","3","4"
"konst1992","2","2","4"
"konst95","1","3","4"
"Konstantin2782","2","2","4"
"konstasmet","2","2","4"
"kontinenttyr7","2","2","4"
"Konton3107","1","3","4"
"kood123","2","2","4"
"kooleyeontv","2","2","4"
"koolkumar","2","2","4"
"koowabunga","3","1","4"
"kopecki","2","2","4"
"kopti","2","2","4"
"korched","2","2","4"
"korjic","2","2","4"
"korkmazatif","2","2","4"
"kormilec_spermoy","1","3","4"
"koroal","2","2","4"
"KorobeynikovDmitriy","1","3","4"
"Korotinivan","3","1","4"
"korpik74","1","3","4"
"korsar123rus","2","2","4"
"Kortchev","2","2","4"
"KortunA321","3","1","4"
"Kos_pap","2","2","4"
"kosar_123","2","2","4"
"Koshki-matreshki","1","3","4"
"Kosio111101","2","2","4"
"KosMax17","2","2","4"
"KoSmoSStaS","2","2","4"
"KossyBasky","3","1","4"
"Kost725","2","2","4"
"Kostinger","2","2","4"
"kostya08101978","2","2","4"
"Kostya2012Buyanov","2","2","4"
"kot-enot","2","2","4"
"kotenochek7","2","2","4"
"KOTIFE9106","2","2","4"
"kotleton2","2","2","4"
"Kotlyarov_Al","2","2","4"
"kotokoto15","3","1","4"
"kotovsk1y","2","2","4"
"KovalchukSO","1","3","4"
"kovalev8788","2","2","4"
"Kovasakkos","2","2","4"
"Kozakmchess","1","3","4"
"Kozlik222","2","2","4"
"Kozuhar80","2","2","4"
"Kozun_Maksim","2","2","4"
"kpmax84","2","2","4"
"Kpol228666","2","2","4"
"kpreddy443","2","2","4"
"kpress","1","3","4"
"kProgramMer","3","1","4"
"Kpwu76","2","2","4"
"KR-REMON","2","2","4"
"Krab_2013","2","2","4"
"KraFill","3","1","4"
"Krainiev","2","2","4"
"krait27","3","1","4"
"krakowianin","1","3","4"
"kral05kral","2","2","4"
"kralslo","2","2","4"
"kramik","2","2","4"
"krar_7","2","2","4"
"kratos42","2","2","4"
"KravecJ","3","1","4"
"KravetsMykhailo","1","3","4"
"krazy223","2","2","4"
"Krebstar","2","2","4"
"Kremnoiwarrior","1","3","4"
"krepkek","2","2","4"
"KrestnikovMatvey","2","2","4"
"krichowac","2","2","4"
"krik4ch","2","2","4"
"krish150715","2","2","4"
"KRISH7209","2","2","4"
"Krisha_27","3","1","4"
"krishivchhunchha","2","2","4"
"Krishna2n","2","2","4"
"krishnalawaniya20","3","1","4"
"Krishnam8888Joshi","2","2","4"
"Krishnamris","2","2","4"
"Krishyi","2","2","4"
"krissieer","2","2","4"
"Kristhel06","2","2","4"
"KristijonasB","2","2","4"
"Kristinov","2","2","4"
"krithin1","2","2","4"
"Krithincasgopi","2","2","4"
"KRITIK2016","2","2","4"
"krivorudec","2","2","4"
"Krnoktorn","2","2","4"
"Krocodail","2","2","4"
"krolfan","3","1","4"
"Krolik166","2","2","4"
"Krolikuill","2","2","4"
"kroos_57","2","2","4"
"Krot1957","2","2","4"
"krpa_zg","2","2","4"
"Krrumannn23e","1","3","4"
"KruleDev","1","3","4"
"Krutika2015","2","2","4"
"krutskix","1","3","4"
"Kryakozyabr","2","2","4"
"Kryashka","2","2","4"
"krymsyam9","1","3","4"
"KrypskiyZloy","2","2","4"
"Kryssie","3","1","4"
"Krystiano99","2","2","4"
"krzysztofffer","2","2","4"
"KS_killa","3","1","4"
"Ks4400","3","1","4"
"KSDJ","3","1","4"
"Ksenia_iz_titana","2","2","4"
"Kseniafarmesio","3","1","4"
"ksg6782","2","2","4"
"Kshaunish09","1","3","4"
"ksji","1","3","4"
"ksl123","2","2","4"
"ksmshankar","2","2","4"
"kssula","3","1","4"
"ksu87","2","2","4"
"ksuresh","2","2","4"
"Ksyu08","2","2","4"
"KTE0202","2","2","4"
"ktse_b","2","2","4"
"kty99","2","2","4"
"ktz_wolf94","1","3","4"
"Kuba_code","1","3","4"
"Kuba08","2","2","4"
"Kuba1705","2","2","4"
"kubah867","1","3","4"
"KubaRenegat","2","2","4"
"Kubilay_Oktay","3","1","4"
"Kubometr","2","2","4"
"kucident","2","2","4"
"KudaBaja","3","1","4"
"KudaCoklat","2","2","4"
"Kudah263","2","2","4"
"KuDm","2","2","4"
"kuffi17","1","3","4"
"KuleshovPavel","2","2","4"
"Kumara160","2","2","4"
"Kunal_002","3","1","4"
"kunal_ranjan","2","2","4"
"kunalkolkata","1","3","4"
"kunalspaz","2","2","4"
"Kundry34","2","2","4"
"Kungen_atorp","3","1","4"
"Kungflygel","2","2","4"
"Kunioo","3","1","4"
"kunwarprabal","3","1","4"
"kuokuang2_lohqunzhen","2","2","4"
"Kuorion","2","2","4"
"kupuii","2","2","4"
"Kureliovaleksander","2","2","4"
"kursaal79","2","2","4"
"Kurt-Ar","2","2","4"
"KuRt881","2","2","4"
"Kurtsagun","3","1","4"
"kurutumjanja","2","2","4"
"Kusci02","1","3","4"
"KUShal60","2","2","4"
"kutbanaansap","3","1","4"
"Kuukumberi","1","3","4"
"Kuzzkid","2","2","4"
"KvEtNeReLiZ","2","2","4"
"KVita","2","2","4"
"KvltSince74","1","3","4"
"Kweyi","3","1","4"
"Kwhtn9","2","2","4"
"kwirk00","2","2","4"
"kwitsatzhaderach","1","3","4"
"KWW1960","3","1","4"
"kx679","1","3","4"
"KXX777","2","2","4"
"Kycja","1","3","4"
"Kydyraly","3","1","4"
"Kyiver","2","2","4"
"kylejolt","2","2","4"
"KylesDad","2","2","4"
"kyllikki69","1","3","4"
"KyloBensen","2","2","4"
"kyoro_wtf","2","2","4"
"Kyotakaa1","2","2","4"
"Kyowakyo","2","2","4"
"Kyrilananda","2","2","4"
"kyrylos","3","1","4"
"kys2100","2","2","4"
"kyzma-03","1","3","4"
"l00pkaMasla","1","3","4"
"L0stKnight","1","3","4"
"l0v0l14","2","2","4"
"L2K1999","2","2","4"
"L3mNat","2","2","4"
"L4ZZ","3","1","4"
"L54135","1","3","4"
"l5TEPANl","2","2","4"
"la_castanyera","2","2","4"
"La_defense_Loujine","2","2","4"
"la_piedra","3","1","4"
"LA-X92","2","2","4"
"La424","1","3","4"
"Lacamaca","2","2","4"
"lachu98","2","2","4"
"lacplesis7","2","2","4"
"Lactoz","2","2","4"
"LadislaoYS","2","2","4"
"ladybug84","3","1","4"
"laethziat","2","2","4"
"Laeufer80","3","1","4"
"Lagavulinn","2","2","4"
"Lagus0110","1","3","4"
"Lagutin_Ruslan_77","1","3","4"
"Lagyzuy","2","2","4"
"LAHALL","2","2","4"
"Laheep","2","2","4"
"lAhmetksknklcl","2","2","4"
"laibon_ilmoran2019","2","2","4"
"Lakshmi_laachu","2","2","4"
"LakshyaJugani","3","1","4"
"lalaqueen","2","2","4"
"Lalayan07","2","2","4"
"lalignemaginot","2","2","4"
"Lalissa_l","1","3","4"
"lalool","2","2","4"
"lama526","2","2","4"
"Lambretta51","1","3","4"
"Lambrusco_9000","2","2","4"
"LAMDZ1302","2","2","4"
"Lamesmith","2","2","4"
"lamjung","2","2","4"
"lamkhade","2","2","4"
"lammes","2","2","4"
"lamont28","2","2","4"
"Lamorlina","2","2","4"
"lampo1959","2","2","4"
"Lancccy","3","1","4"
"Lancersoriano","1","3","4"
"lando1971","2","2","4"
"LANGEL0128","1","3","4"
"lania21","2","2","4"
"Lanzadecaballo","2","2","4"
"lanzaga","3","1","4"
"laoshuman","2","2","4"
"LAPERSIANA","2","2","4"
"lapicosa","2","2","4"
"LaPongga","3","1","4"
"larafer","2","2","4"
"Largenir","3","1","4"
"Larotonde","2","2","4"
"larryhigona","2","2","4"
"larrypulido","3","1","4"
"larrywesh","3","1","4"
"LarsEriksson","3","1","4"
"LARSnaOrtasoch","2","2","4"
"Larthy","2","2","4"
"lartsi","2","2","4"
"LaSalentinaDiLoris","1","3","4"
"LasCasas16","2","2","4"
"lasker58","2","2","4"
"LasNicoF","2","2","4"
"LastKnight77","2","2","4"
"lat_ludio","2","2","4"
"latartinegriller","1","3","4"
"Lateran","2","2","4"
"latr0mmiii","2","2","4"
"latrame","2","2","4"
"lauboi","3","1","4"
"launday","3","1","4"
"Laura_Biel","1","3","4"
"lauramembri","2","2","4"
"LauriDoc_94","2","2","4"
"LaurMihalcea","1","3","4"
"LausEtIubilatio","3","1","4"
"Lausi3","3","1","4"
"lautarafuru","1","3","4"
"Lautaro-lini","2","2","4"
"Lauteetee","1","3","4"
"Lavaz","2","2","4"
"Laviederod","3","1","4"
"Lavyansh_18","2","2","4"
"lawlfp","2","2","4"
"Lawrence715885","2","2","4"
"Lawwarrior","1","3","4"
"lawyer_richter","2","2","4"
"layvson","3","1","4"
"LAZ244","3","1","4"
"Lazregg","2","2","4"
"lBeel","2","2","4"
"lboulhol","1","3","4"
"lcbn99","2","2","4"
"lceDragon","3","1","4"
"lcorinna","1","3","4"
"Le_Fassolen","2","2","4"
"le_hashishin","2","2","4"
"le_pump","3","1","4"
"le_vrai_crow","2","2","4"
"LeahT2023","2","2","4"
"Leakcim85","2","2","4"
"lealezcano","1","3","4"
"Leandro2023Aguiar","2","2","4"
"LeandroChess21","2","2","4"
"leandrogonzalezochoa","2","2","4"
"LeandroPopescus","2","2","4"
"LEANHNAM2011","2","2","4"
"leaning","2","2","4"
"LeaodeNemeia","2","2","4"
"Leartkabashi","1","3","4"
"LeavenSilva","2","2","4"
"Lebaouyen","1","3","4"
"Lebedev2005","2","2","4"
"lebram","2","2","4"
"LeDuke","2","2","4"
"Lee_Chess7","2","2","4"
"Leeedo9","1","3","4"
"leeonid","2","2","4"
"leeprochan","1","3","4"
"Lefert_Spoelman","2","2","4"
"Lefinm","2","2","4"
"LeGenDRM","2","2","4"
"Legionari","1","3","4"
"lego2001","2","2","4"
"LeHoNhaTran","2","2","4"
"lei_nad","2","2","4"
"Leilani22131","2","2","4"
"Leiningen48","2","2","4"
"lelbaba","2","2","4"
"lelefloresta","2","2","4"
"LeleNaso","1","3","4"
"lelievres","2","2","4"
"LelouchGT","2","2","4"
"leluchbritan","2","2","4"
"lemilio775","3","1","4"
"leminhkien","2","2","4"
"lemmi75","2","2","4"
"LemonKnight","2","2","4"
"Lemonsquare_10","1","3","4"
"Lemousse70","3","1","4"
"lemurrion","1","3","4"
"Lenamink9999","1","3","4"
"lenny9753","2","2","4"
"lenoach","2","2","4"
"Lensonvanbobson","2","2","4"
"Lentopiede","3","1","4"
"lenzdaniel","1","3","4"
"LenzuDavide2007","1","3","4"
"leo_alejandro_96","3","1","4"
"leo_floyd89","2","2","4"
"Leo_gas","3","1","4"
"Leo_Yu","2","2","4"
"Leo2016Vdovy","2","2","4"
"Leo8712","2","2","4"
"leoara94","2","2","4"
"leocarp","2","2","4"
"leodererste","2","2","4"
"Leoking17","1","3","4"
"LeoKoza91","1","3","4"
"LeoMachadoKK","1","3","4"
"leomaksymiuk","2","2","4"
"Leomarzinho2016","1","3","4"
"Leon7228","2","2","4"
"LeonardoCZ","2","2","4"
"LeonardoMS777","1","3","4"
"Leonardothekidd","2","2","4"
"LeonardoV3","1","3","4"
"Leonardul16","2","2","4"
"LEONARDYAO","1","3","4"
"leonhll","2","2","4"
"Leonid_8yyi","2","2","4"
"Leonid_Hrebtov","2","2","4"
"Leonid2232","3","1","4"
"leonidbondarenko69","2","2","4"
"leonildolopes222","2","2","4"
"leonlamber","2","2","4"
"LeonLendersdorf","2","2","4"
"leonwheeler","2","2","4"
"Leopesok","3","1","4"
"leorick2006","3","1","4"
"lepetitpionnoir","2","2","4"
"leprets","2","2","4"
"Lerom_emir","3","1","4"
"Lesha_2014","2","2","4"
"Lesinek","2","2","4"
"Lesoi010","2","2","4"
"Lessa2027","2","2","4"
"lestermzllo","2","2","4"
"LeszekKerz","1","3","4"
"lethithunguyet05","2","2","4"
"lettermelater","2","2","4"
"Leu_L","3","1","4"
"leusneee07","2","2","4"
"Lev_63","2","2","4"
"lev_starostin","2","2","4"
"Lev0109","2","2","4"
"Lev4iktop4ik","2","2","4"
"Leva12345","1","3","4"
"leva78","2","2","4"
"Levan13Jikia","3","1","4"
"LeVanLong_THCSQY_QN","2","2","4"
"level39","2","2","4"
"lever9103","2","2","4"
"levetw","2","2","4"
"levi_gd","2","2","4"
"levisstraus","3","1","4"
"Levo94","3","1","4"
"LewmithaJayarathna","2","2","4"
"lexa_samokatov","2","2","4"
"Lexa77","2","2","4"
"Lexus97","3","1","4"
"Leyla-I","3","1","4"
"Leyla6072015","2","2","4"
"leylalala","1","3","4"
"leylan24","1","3","4"
"leysser","2","2","4"
"leythzeood","2","2","4"
"LFIKE","2","2","4"
"lfk99","3","1","4"
"LH4894","1","3","4"
"lhacku","3","1","4"
"lHopeless","1","3","4"
"lhunath","2","2","4"
"Liamchessboy13","2","2","4"
"LianaLisa","2","2","4"
"lianrui","3","1","4"
"Libelloy","2","2","4"
"Libertadores2023","1","3","4"
"Lichaasd","2","2","4"
"Lichar","2","2","4"
"licht59","2","2","4"
"lichtens","1","3","4"
"Lichyummy","2","2","4"
"Licinia974","2","2","4"
"Lidfrid","3","1","4"
"Lidium","2","2","4"
"Lidiy","2","2","4"
"lidko","2","2","4"
"lienpham26","2","2","4"
"Lieutenant-dan","2","2","4"
"Lieworom","2","2","4"
"lifasa","2","2","4"
"lifechess2023","2","2","4"
"LifeIsAComedy","3","1","4"
"lifeisbeatiful","1","3","4"
"lifesabish","3","1","4"
"LifeSupports","2","2","4"
"Lift-man","2","2","4"
"lifter1985","2","2","4"
"lightining_A","1","3","4"
"Lihovich","2","2","4"
"lijo3408","2","2","4"
"Likechess210313","2","2","4"
"LikeStoicismBut","2","2","4"
"Likhit_RC","2","2","4"
"Likidator0","2","2","4"
"Likissa","2","2","4"
"Lil_kevin","2","2","4"
"lilelastic","2","2","4"
"lilian_liuhk","3","1","4"
"Lilianelo","1","3","4"
"Lilong369","2","2","4"
"lilpokemon","3","1","4"
"lilybloodred","2","2","4"
"LilyMedina","2","2","4"
"liMahdi","2","2","4"
"limaoliveira","2","2","4"
"limar1234","2","2","4"
"Limonik","2","2","4"
"Linawers","2","2","4"
"linchan68","2","2","4"
"linde85","2","2","4"
"Lindindin","3","1","4"
"linefruit","2","2","4"
"Lineika777","3","1","4"
"Linete0109","2","2","4"
"Lingenu","2","2","4"
"linkdiss","1","3","4"
"Lino2009","3","1","4"
"linsn","3","1","4"
"LioDouthe","1","3","4"
"lioean-halder","2","2","4"
"Lion2205","2","2","4"
"lion231306","2","2","4"
"lionel_sudarsono","2","2","4"
"lionteeth","2","2","4"
"lionz_gambit23","2","2","4"
"Lira-Moketa-54","1","3","4"
"LirikDer","2","2","4"
"LisandroValverde","3","1","4"
"liseiris","2","2","4"
"LiskaLench","2","2","4"
"litle-balbol","1","3","4"
"LitlleBigq","1","3","4"
"live_shashank","3","1","4"
"livklivk","3","1","4"
"LiWuWs","2","2","4"
"Lixo3000","2","2","4"
"liyongyi","2","2","4"
"Liza_310113","2","2","4"
"Lizaelizabeth1","2","2","4"
"Lizupsizadky","2","2","4"
"lizz_26","2","2","4"
"lizzardd","2","2","4"
"lizzydgreat","2","2","4"
"Ljayyy","2","2","4"
"ljuba1975","2","2","4"
"ljy1","1","3","4"
"Lk776","2","2","4"
"lkag","2","2","4"
"lKandersonl","2","2","4"
"lkl_Luizao","1","3","4"
"lkm_528","2","2","4"
"lknclkts1907","2","2","4"
"llaszczka","2","2","4"
"llaveches-19","2","2","4"
"llbohyll","2","2","4"
"llechh","1","3","4"
"LLiza2014","2","2","4"
"lllkh","3","1","4"
"llmusell","2","2","4"
"lLoveStardew","1","3","4"
"lmitch71","2","2","4"
"lnx273","2","2","4"
"Lo_scacchista_falito","2","2","4"
"Loam","2","2","4"
"LobkoviVolos","1","3","4"
"Lobo2168","1","3","4"
"Lochnagar","1","3","4"
"lock-dog","2","2","4"
"locutoretauctor","2","2","4"
"lodatamer2022","2","2","4"
"LoePesci","1","3","4"
"Lofabex","3","1","4"
"Logerdahl1171","1","3","4"
"logijoew","3","1","4"
"Lokaris73","1","3","4"
"Lokesh_2022","2","2","4"
"loki111941","2","2","4"
"lokikhat","2","2","4"
"Lokitox2023","2","2","4"
"Loko588","2","2","4"
"lolalip-12","1","3","4"
"Lolated_8","1","3","4"
"LoLeRfAcE12","2","2","4"
"LOLerTIGER","2","2","4"
"lolgvdaxr456","1","3","4"
"lolleta","2","2","4"
"Lollorilia","2","2","4"
"lolo2996","1","3","4"
"Lolo65","2","2","4"
"lolo6699","2","2","4"
"LolpaP","2","2","4"
"lomaali","2","2","4"
"LondRa2018","2","2","4"
"Lonewarrior17","2","2","4"
"lonewolf_44","3","1","4"
"long_long_ika","2","2","4"
"longfrank","1","3","4"
"looking4play","2","2","4"
"loopghost","2","2","4"
"Looser_1989","2","2","4"
"lopezzzz56","2","2","4"
"Loppt2330","1","3","4"
"Lord_of_the_Peat","1","3","4"
"Lord_Victor_01","1","3","4"
"LordCartier07","2","2","4"
"LordFluffy42","1","3","4"
"lordizzat","3","1","4"
"lordKuro23","2","2","4"
"lordmannyjinx","1","3","4"
"Lordmnd","2","2","4"
"Lore33","2","2","4"
"loris310","2","2","4"
"lornemalvo1","2","2","4"
"Loryquad","2","2","4"
"losing_my_hope","1","3","4"
"loskut7","2","2","4"
"lost2099","2","2","4"
"lostrep","1","3","4"
"lotr135","1","3","4"
"Lotusblume22","3","1","4"
"LotusPawn","2","2","4"
"LouayBasheer","3","1","4"
"Louieee81","2","2","4"
"LouisDega","2","2","4"
"Louise-Marie","2","2","4"
"loullou","2","2","4"
"loumenn","1","3","4"
"loutfi19","2","2","4"
"Love197","2","2","4"
"lovech","2","2","4"
"lovelean12","1","3","4"
"LoveLexaAh","3","1","4"
"lovely-chess-dancer","3","1","4"
"LoveStarz","2","2","4"
"lovetangent2","3","1","4"
"loveuloveme23","2","2","4"
"Low100","2","2","4"
"Loway_Elsayed","2","2","4"
"Lowelll","1","3","4"
"Lox7","2","2","4"
"lrrrgg","2","2","4"
"LS1991","2","2","4"
"lsoojin99","2","2","4"
"lsornas","2","2","4"
"Lsx111","3","1","4"
"Lt-Colonel1er","2","2","4"
"lTakethebagl","1","3","4"
"ltdreb","2","2","4"
"ltfgrr34","2","2","4"
"ltouillaud","1","3","4"
"ltz666","2","2","4"
"Lu2021","3","1","4"
"luandson","3","1","4"
"lubielego","2","2","4"
"Lubimov69","3","1","4"
"LubitelT61","3","1","4"
"luca_63","2","2","4"
"luca-antonelli","2","2","4"
"Luca0122","2","2","4"
"Luca194053","2","2","4"
"luca1998","2","2","4"
"lucabrazzi23","2","2","4"
"LucaNechita","2","2","4"
"lucapaolo94","1","3","4"
"Lucas_Deimann","1","3","4"
"Lucas877","3","1","4"
"lucasferra","3","1","4"
"LucasGabriel08","3","1","4"
"Lucasjiang7","2","2","4"
"lucaskado","2","2","4"
"lucasribeiro","1","3","4"
"Lucasrodriguessouza","2","2","4"
"LucasSantos21","2","2","4"
"lucasvb","2","2","4"
"Luchessisgood","2","2","4"
"luchito_adrian","2","2","4"
"Luci62","2","2","4"
"lucianomira","2","2","4"
"lucianoottor","2","2","4"
"Lucianorf2","2","2","4"
"lucianpicon","3","1","4"
"lucidMirage","1","3","4"
"Lucifer83","1","3","4"
"lucio1969","3","1","4"
"Lucio244","1","3","4"
"lucioisteinfinesser","2","2","4"
"LuciyFromTheHell","2","2","4"
"Lucka07cz","2","2","4"
"LuckyLuckPlayer","2","2","4"
"Luckyman696","2","2","4"
"Lucnand","1","3","4"
"LucPil_04","1","3","4"
"Ludmila1333","2","2","4"
"lued90","1","3","4"
"LUFFY_2024","1","3","4"
"luffy369","3","1","4"
"Luffy417","2","2","4"
"lugaras","1","3","4"
"Lugoros","2","2","4"
"luigicv","2","2","4"
"LuigiDelleBicocche2","2","2","4"
"Luigiscaccomatto","2","2","4"
"Luis_Marcial","2","2","4"
"luis1947","2","2","4"
"Luis1954","2","2","4"
"LUIS5085","1","3","4"
"Luis5201","2","2","4"
"luisalbertoaqua67","2","2","4"
"luisbeneditoortiz","2","2","4"
"luisc21","3","1","4"
"luiscanellas","2","2","4"
"Luisch98","2","2","4"
"luisit14","2","2","4"
"luisito48","2","2","4"
"LuisNavaX","1","3","4"
"Luisojol","1","3","4"
"luisplaythechess","2","2","4"
"luisroberto","1","3","4"
"luizwell","2","2","4"
"lukaluka14","1","3","4"
"lukanpristaj","1","3","4"
"lukasdubsky","3","1","4"
"LukasGrijander","2","2","4"
"LukasWindhager","2","2","4"
"lukaviduka11","2","2","4"
"luksor6","2","2","4"
"lukyanguzela","2","2","4"
"LULER","1","3","4"
"lululululuxd","2","2","4"
"Lumko22","2","2","4"
"lumpaprence","2","2","4"
"lunamarta","1","3","4"
"lunaradiofm","2","2","4"
"lunaysun","1","3","4"
"LungaMalinga11","2","2","4"
"Lunn347","1","3","4"
"lup100","2","2","4"
"Lupin_terzo","3","1","4"
"LUPINARI","3","1","4"
"Lupo_Jones","2","2","4"
"lupusina","1","3","4"
"lure","2","2","4"
"lussn","2","2","4"
"lutepu","1","3","4"
"Lutf0ullah","2","2","4"
"LutiyDrushlack","2","2","4"
"Lutz100","2","2","4"
"luvyasaraf30","3","1","4"
"Lux0107","2","2","4"
"lvbnhbq1982","3","1","4"
"LVP_Chess","2","2","4"
"lvucetic","1","3","4"
"Lxdin","1","3","4"
"Ly_2","2","2","4"
"Ly_816","2","2","4"
"LY74","1","3","4"
"Lybly_Xleb","1","3","4"
"LyCheng","1","3","4"
"lychesess","1","3","4"
"lyclaya","1","3","4"
"Lygalas","2","2","4"
"LyJust","3","1","4"
"lyk4oAntoniou","2","2","4"
"Lynilliyin","2","2","4"
"Lynxtail","3","1","4"
"lynxthecat","3","1","4"
"lyricalknight","2","2","4"
"lysy382","2","2","4"
"Lyubomir0802","2","2","4"
"M_aladasy","3","1","4"
"m_alp_gzl","2","2","4"
"m_alpalkaya","3","1","4"
"M_Ghoniem","2","2","4"
"m_kashosh","3","1","4"
"m_mkpln","2","2","4"
"m_p_c_1912","2","2","4"
"M_Parsa_Gerami","1","3","4"
"m_rahimiL","2","2","4"
"M_Sami33","3","1","4"
"M_Serif","1","3","4"
"M_Tuna4","1","3","4"
"m_yaremchuk","2","2","4"
"M-borba","2","2","4"
"M-Elbatsha","2","2","4"
"m-mehri","2","2","4"
"M-pHEKTO","1","3","4"
"M-Uche","2","2","4"
"m05c0w","3","1","4"
"M0r1art1","1","3","4"
"M0riarty449","2","2","4"
"m16u3l4ng3l","2","2","4"
"m1778J","2","2","4"
"m1keVR","3","1","4"
"M2015Hayk","1","3","4"
"M2808V","2","2","4"
"M3rkur","1","3","4"
"m45m","1","3","4"
"M4JD4","2","2","4"
"M4no","3","1","4"
"M4ren4","2","2","4"
"m4Rt1N_Fenger","3","1","4"
"m4tt1matti","3","1","4"
"m4x19","1","3","4"
"m66agcg","3","1","4"
"m6k_n","2","2","4"
"M78jaguar","2","2","4"
"M7mdht","1","3","4"
"m7mdzlal","3","1","4"
"M7modQ","1","3","4"
"M7moud30","2","2","4"
"m895c","2","2","4"
"M989354785526","2","2","4"
"ma045","2","2","4"
"MaahiM3","2","2","4"
"maalla","2","2","4"
"maarjo","3","1","4"
"maarvel21","2","2","4"
"maas87","2","2","4"
"maasef","3","1","4"
"maashkhan","1","3","4"
"maathi","2","2","4"
"maatze","2","2","4"
"Maaxweell","2","2","4"
"Maayukh2929","2","2","4"
"MabasaNtwanano","2","2","4"
"Mabasha1115","2","2","4"
"Mabrrou","2","2","4"
"Mac_Mac","1","3","4"
"macaellas","2","2","4"
"MacapaCity","2","2","4"
"maccgabay","2","2","4"
"mace2004","2","2","4"
"MacF1Y","2","2","4"
"machdon","2","2","4"
"Machinoix","1","3","4"
"machmoses","3","1","4"
"Machomalte","2","2","4"
"machucambos17","2","2","4"
"MaciekBranecki","1","3","4"
"mack90","2","2","4"
"mackobarna","1","3","4"
"macoz","2","2","4"
"madajs","1","3","4"
"Madansesiya07","1","3","4"
"MADARA0876","2","2","4"
"madarfakir","2","2","4"
"madden284747","1","3","4"
"Madelenchess_15","3","1","4"
"MadhavK7","2","2","4"
"madmac8x8","1","3","4"
"MadMau","2","2","4"
"madmax28211","2","2","4"
"madnickit","2","2","4"
"madocu","2","2","4"
"Madra2305","2","2","4"
"madusgamage","2","2","4"
"mael_22","2","2","4"
"Maestrych","2","2","4"
"Maexiim","2","2","4"
"MAFF45","2","2","4"
"MafishMadog","2","2","4"
"mafupelomundo","2","2","4"
"maga589","1","3","4"
"magalingnahenyo","1","3","4"
"magboi","2","2","4"
"Magdy04","2","2","4"
"magedok","2","2","4"
"MaggusKamada","1","3","4"
"Maggy001","2","2","4"
"MaGi2660","2","2","4"
"Magicdeer","3","1","4"
"Magician1008","2","2","4"
"Magicjoe1956","2","2","4"
"magicmajid","2","2","4"
"MagJack","2","2","4"
"Magmid","1","3","4"
"Magnetaar","2","2","4"
"Magneticc","1","3","4"
"Magnetika7","1","3","4"
"magnostofan","3","1","4"
"MagnumOpus1337","2","2","4"
"Magnus_Ahriman","2","2","4"
"Magnus0815","1","3","4"
"magnusCARLSENvezir","2","2","4"
"magnusfide2023","2","2","4"
"MagnusFW2013","1","3","4"
"magnuslosthisqueen","2","2","4"
"Magomed666","2","2","4"
"MagomedAigumov","2","2","4"
"magu65","2","2","4"
"Magyar-Huszar","3","1","4"
"Magzhan-2812-S","1","3","4"
"magzob","2","2","4"
"mah202020","2","2","4"
"Mahan_choopani","2","2","4"
"mahan1919","1","3","4"
"mahanayakarjuna","2","2","4"
"Mahanth-vbnss-chede","2","2","4"
"Maharlika77","2","2","4"
"maharshiraval023","2","2","4"
"mahdavi50","3","1","4"
"mahdi_s3","2","2","4"
"mahdi1bahri","2","2","4"
"mahdihakami","2","2","4"
"Mahdii25","2","2","4"
"Mahdijalali","2","2","4"
"Mahdikingstar","3","1","4"
"Mahdimbn","3","1","4"
"mahdinaj","2","2","4"
"Maheshbabu123","3","1","4"
"MaheshUnni","3","1","4"
"Mahilan04","2","2","4"
"MahiruDNL","2","2","4"
"MahithGujju","2","2","4"
"Mahkxai","3","1","4"
"Mahlawy_8545","2","2","4"
"mahmadddd","2","2","4"
"mahmood83","1","3","4"
"Mahmoud_hanafy11","2","2","4"
"Mahmoud_Mohammadi","2","2","4"
"mahmoud_morad","1","3","4"
"mahmoud_w_bas","3","1","4"
"Mahmoud1998Muhammd","2","2","4"
"mahmoudbadra1","2","2","4"
"MahmoudBakrGad","2","2","4"
"Mahmoudbeh1","2","2","4"
"MahmoudhaSan529","2","2","4"
"mahmoudma76","3","1","4"
"MahmoudRamadan11","2","2","4"
"MahmoudSeera","2","2","4"
"mahmut_mert58","1","3","4"
"Mahoha2011","3","1","4"
"MaHohny","1","3","4"
"mai-hh","2","2","4"
"maicon92","2","2","4"
"Maiconovas","2","2","4"
"maijaaa","2","2","4"
"MAIKLMIMI","2","2","4"
"mair1004","2","2","4"
"maj0rtom","2","2","4"
"Majala","2","2","4"
"Majd22097","2","2","4"
"Majdisultan","2","2","4"
"maje22","2","2","4"
"majed200","3","1","4"
"MajesticWolf","2","2","4"
"majid-ho","2","2","4"
"Majid1999","1","3","4"
"MajidGol58","1","3","4"
"majidkhan1924","2","2","4"
"Majidmkt","1","3","4"
"majimenezj","3","1","4"
"Majnaj","2","2","4"
"majonez1998","2","2","4"
"majorer79","2","2","4"
"Majorinus","2","2","4"
"majorjonnyd","2","2","4"
"Majowiecki","1","3","4"
"majuhe_51","1","3","4"
"Mak_2010","1","3","4"
"Makarocha","2","2","4"
"Makarooney44","3","1","4"
"Makay2050","2","2","4"
"Makendran4","1","3","4"
"makerboard","3","1","4"
"Makhambet13","2","2","4"
"makisenjani","2","2","4"
"makkood","2","2","4"
"Mako_Tsunami","2","2","4"
"Makoe37","3","1","4"
"maks_ka","2","2","4"
"Maks2424","1","3","4"
"maks9737","2","2","4"
"makseemov","2","2","4"
"maksim09_10","2","2","4"
"MAKSIM63","2","2","4"
"MaksimKaynov2013","1","3","4"
"MaksimKomissarov","3","1","4"
"MaksimMak","2","2","4"
"Makson8008","1","3","4"
"makuryuuu","2","2","4"
"maky_13","2","2","4"
"makyn","1","3","4"
"Mala-33","2","2","4"
"malachy_shikamaru","3","1","4"
"MaLangThang","3","1","4"
"Malar1234","1","3","4"
"malavurur3142","2","2","4"
"malditoueuo","3","1","4"
"Maleesha_2023","1","3","4"
"MaLeHo","2","2","4"
"Malfegor84","2","2","4"
"malfonso310m","1","3","4"
"Malgariusnew","3","1","4"
"MalhaarJoshi10","2","2","4"
"maliciftci","2","2","4"
"maliiisko","2","2","4"
"malik1985","2","2","4"
"malik36","2","2","4"
"malik990","2","2","4"
"Malika_2017","2","2","4"
"Malikahmed1111","1","3","4"
"Malikdwaik","1","3","4"
"MalikLJ","2","2","4"
"MalikSrimal","2","2","4"
"maltehoblitz","2","2","4"
"Maltepeli","2","2","4"
"Malthuser","2","2","4"
"Maltrecho69","3","1","4"
"maluce","2","2","4"
"Malumpa","3","1","4"
"Malva132","2","2","4"
"maly_iv0","1","3","4"
"mam123","2","2","4"
"mamadshah","3","1","4"
"MamaliN1","2","2","4"
"Mamba_mondra","2","2","4"
"mamisttt","3","1","4"
"mamitiana","3","1","4"
"mamkase","1","3","4"
"Mamkin_haker","2","2","4"
"mamkolub","2","2","4"
"mammaia65","1","3","4"
"MAMMOUT071","2","2","4"
"Manana2023","2","2","4"
"MananDevani","2","2","4"
"manara","2","2","4"
"Manas_026","2","2","4"
"ManayaKasha","2","2","4"
"mancha112","2","2","4"
"Manchester_Madrid","2","2","4"
"Mandahatan","2","2","4"
"Mandalorian1303","2","2","4"
"MANDOKHAIL07","2","2","4"
"Mandrykovka","3","1","4"
"manee27","3","1","4"
"manerri","2","2","4"
"manfredo465","2","2","4"
"mangas7","1","3","4"
"Mangonoth","2","2","4"
"MAngyA_08","2","2","4"
"ManhassetPaulie","1","3","4"
"Manhthuingo1213","2","2","4"
"Mani19","2","2","4"
"manif14","2","2","4"
"manigialle","1","3","4"
"Maniiiiiiiiiii","2","2","4"
"Manimal_Broccolini","2","2","4"
"Manish_raj","2","2","4"
"Manish_Yadav_057","3","1","4"
"manishjainchemistry","2","2","4"
"MANISHKUMAR115","2","2","4"
"manishvaanisona","2","2","4"
"manjityadav04","2","2","4"
"mannumSA","2","2","4"
"Manny52","2","2","4"
"Manojkumar143","1","3","4"
"manoochehr1991","2","2","4"
"mansamoth1","2","2","4"
"MansErik","1","3","4"
"Mansiti","2","2","4"
"mansor_porbastam","3","1","4"
"Mansoulem","2","2","4"
"Manstrong","2","2","4"
"mansur_0502","2","2","4"
"manteldefence","2","2","4"
"mantza09","3","1","4"
"manu10in","1","3","4"
"Manuel1102","2","2","4"
"ManuelJGA","2","2","4"
"Manuelopezheredia","2","2","4"
"manuelvi","1","3","4"
"ManujlovVadim","3","1","4"
"ManuLMDT","2","2","4"
"ManuPRZ96","1","3","4"
"manuuppi","3","1","4"
"ManuVedant","2","2","4"
"Manvichandra","1","3","4"
"manzeer","1","3","4"
"Maometo","1","3","4"
"maoryosef","1","3","4"
"maou-kleberson","2","2","4"
"Maqbu03u","1","3","4"
"Maquiavelito","2","2","4"
"Maquinola2","2","2","4"
"Mar_Kass","2","2","4"
"mar-chess","2","2","4"
"Mar-Pek","2","2","4"
"MAR2018","3","1","4"
"mara-donna","2","2","4"
"maraf13","2","2","4"
"maral1392","2","2","4"
"MARASHA","2","2","4"
"MaratIkramov","2","2","4"
"Marc-E","2","2","4"
"Marcala1980","2","2","4"
"marce66","3","1","4"
"marcelelo320","2","2","4"
"Marceline99","2","2","4"
"marcelinochess","3","1","4"
"Marcelis","2","2","4"
"MARCELO31416","1","3","4"
"marceloberna","1","3","4"
"MarceloFlores","2","2","4"
"MarceloSantiagoMusic","3","1","4"
"MarceloXavier","2","2","4"
"marcija","1","3","4"
"Marcin_90210","1","3","4"
"MarcioQ","2","2","4"
"Marco_Farouk_Danial","2","2","4"
"Marco_Hamburger","2","2","4"
"marco19718","2","2","4"
"MarcoBalo","2","2","4"
"MarcoDestra","2","2","4"
"marcoguzina","3","1","4"
"marcolino1","3","1","4"
"marcoo2007","3","1","4"
"marcopulu","2","2","4"
"marcos_dharma","2","2","4"
"Marcos53","2","2","4"
"marcosgrimmjow","2","2","4"
"marcrosoft","3","1","4"
"marcus0411","2","2","4"
"Marcuschaiyihan","2","2","4"
"MarcusKnarlsen","2","2","4"
"marcusoraw","2","2","4"
"MarcusSucksAtChess30","1","3","4"
"marcuszou","2","2","4"
"Mare0n","2","2","4"
"Marek07","2","2","4"
"Marek108","2","2","4"
"MarekAndromeda","2","2","4"
"MargotFire","2","2","4"
"Maria20132013","2","2","4"
"MariaLovely","2","2","4"
"marian2003","2","2","4"
"marian2018","3","1","4"
"marianbond","2","2","4"
"Mariano2923","2","2","4"
"Marianoitalianooo","3","1","4"
"marianstr","2","2","4"
"Mariarosaria_iacono","2","2","4"
"maribasava","2","2","4"
"Marie190109","1","3","4"
"MarieMuritz9","2","2","4"
"mariiiiiiiiiiiiiiie","2","2","4"
"Marina595","2","2","4"
"MarinaBuyakova72","2","2","4"
"Marinenovsky","2","2","4"
"Mario-222","2","2","4"
"MARIO6538","1","3","4"
"Mariokralj","1","3","4"
"MarioLipovac","2","2","4"
"mariop109","2","2","4"
"marisovsky","2","2","4"
"marius_069","3","1","4"
"marius18","2","2","4"
"Mark-Krymets-583","2","2","4"
"MARK1978","2","2","4"
"mark2525","3","1","4"
"MarkAvrelius","3","1","4"
"MarkEmad311","1","3","4"
"Markich248","1","3","4"
"Markijua05","2","2","4"
"markkamsma","2","2","4"
"Marko_Karpiy","2","2","4"
"markpiccolo","2","2","4"
"Markson10","2","2","4"
"MarkTheSociopath","1","3","4"
"Markus85","2","2","4"
"Marlowe19","2","2","4"
"MarlTheSecond","2","2","4"
"marmas","2","2","4"
"marmi","1","3","4"
"maroloves","2","2","4"
"MaroNU98","2","2","4"
"Marquise974","2","2","4"
"marrex321","2","2","4"
"Mars1k12","2","2","4"
"Marsap","2","2","4"
"Marsel_Didi","2","2","4"
"marselinna","3","1","4"
"martabakgambit","1","3","4"
"martefi","2","2","4"
"MarThan","1","3","4"
"Martiar","2","2","4"
"Martin_leader","2","2","4"
"MartinB112","3","1","4"
"MartinBirilo","2","2","4"
"Martincit00","2","2","4"
"martinezchess1973","2","2","4"
"martinezperia","2","2","4"
"martinhovey","2","2","4"
"MartiniFahed","2","2","4"
"martintheflame","1","3","4"
"MartyKing","2","2","4"
"Martyshka2015","3","1","4"
"Marupan01","2","2","4"
"maruti1986","2","2","4"
"marvin2014","2","2","4"
"marvinloveschess","1","3","4"
"marwane555","2","2","4"
"Mary_champ","2","2","4"
"MaryLe2014","1","3","4"
"masciu","1","3","4"
"mash1010","1","3","4"
"masha20112023","2","2","4"
"mashha","2","2","4"
"MashkoVMaksym","2","2","4"
"Masiej14","2","2","4"
"Masiphile244","2","2","4"
"masiv4ik","2","2","4"
"maskhout","2","2","4"
"Masmemo","1","3","4"
"Masoedbadry","2","2","4"
"masonm1","3","1","4"
"masoud_vafadari","2","2","4"
"Massageboy487","2","2","4"
"Massi_Iannaccone","1","3","4"
"master_chess_crush","3","1","4"
"master_kip","2","2","4"
"master1212","2","2","4"
"Master2876","2","2","4"
"MasterEsi","2","2","4"
"mastermaker56","2","2","4"
"Mastermed90","2","2","4"
"Mastermind_007","1","3","4"
"MAsTeRRRA","2","2","4"
"masters324","2","2","4"
"Mastierzo","2","2","4"
"mastrapero","2","2","4"
"Masud08","2","2","4"
"masumnn","2","2","4"
"Matador555511","3","1","4"
"Matajare","2","2","4"
"matarenkoav","3","1","4"
"Mate_bj","2","2","4"
"mateen77777","3","1","4"
"Matei_02","2","2","4"
"Mateja254","3","1","4"
"matemoot","2","2","4"
"Mateo_Parada","2","2","4"
"Mateo080413","3","1","4"
"mateonovak","2","2","4"
"Materyalist7","2","2","4"
"Mateusz_Osiej","2","2","4"
"Mateusz7645","3","1","4"
"matey147","2","2","4"
"matflo","2","2","4"
"Matheusgabriel12","2","2","4"
"matheusramires765","2","2","4"
"mathiasse","1","3","4"
"Mathieledzha","2","2","4"
"MathieuGuhur","2","2","4"
"MathisChal","2","2","4"
"Mathonsi93","3","1","4"
"Mati4843","2","2","4"
"matias_quintanilla","2","2","4"
"MatiasFer1","1","3","4"
"Matinmep","3","1","4"
"mativillarreal","2","2","4"
"Matlotlo","1","3","4"
"matnor36981","2","2","4"
"Matonsisimo","2","2","4"
"Matr1X0F","2","2","4"
"Matrix28","2","2","4"
"matrix5551","2","2","4"
"MatrixBJK","3","1","4"
"MATSUTAKE1","3","1","4"
"matt130390","3","1","4"
"mattbow","2","2","4"
"Matte_Sbam21","3","1","4"
"Matteo-O-OHES","2","2","4"
"matthewchex","2","2","4"
"matthewhuber","2","2","4"
"matti345","2","2","4"
"mattiascalistenico","2","2","4"
"MattiJAZZ","2","2","4"
"Mattkatze","2","2","4"
"mattlopez","2","2","4"
"mattsleafs17","1","3","4"
"matttrous","2","2","4"
"Matty69","2","2","4"
"matveev19","1","3","4"
"Matvei_10056","1","3","4"
"matvei_sanochkin","1","3","4"
"Matvey_Skrip2009-19","1","3","4"
"Matvey000","1","3","4"
"Matvey002","2","2","4"
"matvii-f-08","1","3","4"
"MatWxxx","1","3","4"
"matze-wehlau","3","1","4"
"MauDegollado","2","2","4"
"mauha1er","2","2","4"
"maumartinezh30","2","2","4"
"Maura_Kincaid","2","2","4"
"Mauricio061","2","2","4"
"mauricio1311","2","2","4"
"Mauridestroyer","3","1","4"
"Mauro1914","1","3","4"
"mavafangu","2","2","4"
"mavell","2","2","4"
"maverick_goose","2","2","4"
"MaverickDi","2","2","4"
"MaverickGrandMaster","3","1","4"
"mavericz","2","2","4"
"maviada321-123","3","1","4"
"mavie02","3","1","4"
"Max_1982","2","2","4"
"Max_IZMAILOV","2","2","4"
"Max_payne_007","1","3","4"
"Max_Sport","2","2","4"
"max_time","2","2","4"
"Max-040485","3","1","4"
"Max-Maxim","1","3","4"
"max-panichi","2","2","4"
"Max13041982","2","2","4"
"Max1313130","2","2","4"
"max2506","2","2","4"
"Max2loop","2","2","4"
"Maxaa_Maxyy","2","2","4"
"Maxacademic","2","2","4"
"MaxaiZer","2","2","4"
"MaxBer94","2","2","4"
"MAXCOOCH","2","2","4"
"MAXELLL","3","1","4"
"maxfo16-usep","2","2","4"
"maxgio","3","1","4"
"maxgs8","1","3","4"
"Maxim_Savchenko","1","3","4"
"Maxim13C","1","3","4"
"maxim478","2","2","4"
"Maxim77","2","2","4"
"MaximB27","3","1","4"
"MaximBezhent","2","2","4"
"MaximBK","2","2","4"
"MaximeLG","3","1","4"
"Maximkyivv","2","2","4"
"maximmaxim123","3","1","4"
"MaximMPERM","3","1","4"
"MaximusFIDE","1","3","4"
"maxisiki_123","2","2","4"
"maxispieltschach","3","1","4"
"maxjedi","1","3","4"
"Maxlankaster","3","1","4"
"MaxMaaan","1","3","4"
"maxmvt","3","1","4"
"Maxno2002","2","2","4"
"Maxpro56","3","1","4"
"maxryley","3","1","4"
"maxwel20109","3","1","4"
"Maxwell030779","2","2","4"
"MaxWinter12","3","1","4"
"Maxxx90","2","2","4"
"Maxxximum","2","2","4"
"Maya-2014","2","2","4"
"Maya2017","2","2","4"
"MayaM13","2","2","4"
"Mayank_Chowreddy","2","2","4"
"MayankKamat","3","1","4"
"MayAtaGeR","2","2","4"
"mayconassis","1","3","4"
"MayItBe","2","2","4"
"maymay2862","2","2","4"
"mayorpeshka","2","2","4"
"mayur764","3","1","4"
"mayurpawar1196","1","3","4"
"MaZa_23","1","3","4"
"mazahacan96","2","2","4"
"Maze1324","2","2","4"
"MazhevKaz","2","2","4"
"mazinoov","2","2","4"
"mazxim99999999999876","2","2","4"
"Mazzabop","2","2","4"
"mazzen0","2","2","4"
"mbat_2","2","2","4"
"Mbeigi53","2","2","4"
"mbetini","2","2","4"
"mbiehn","2","2","4"
"Mbilber","2","2","4"
"MBMOHNISH","2","2","4"
"MBR_28","2","2","4"
"mburaksezer","1","3","4"
"MC_gajahBunting","2","2","4"
"mc_squared","2","2","4"
"Mc-IanMeZa","2","2","4"
"McFly1510","2","2","4"
"mchatelain6","3","1","4"
"MCHIvltn","2","2","4"
"mclachlan11","2","2","4"
"mcmolll","2","2","4"
"Mcrasher11","2","2","4"
"MCRB-77","2","2","4"
"mcteves98","1","3","4"
"Mcycliste","1","3","4"
"Md_Mosa_Miah","1","3","4"
"MDCCCLXXVIII","3","1","4"
"mdemiral02","2","2","4"
"mdjbr","2","2","4"
"mdndra","2","2","4"
"MDPAkilli","2","2","4"
"meakkeyi","1","3","4"
"meba82","2","2","4"
"mechanicalpress","1","3","4"
"mecherem","3","1","4"
"medalne","2","2","4"
"Medhat_meky","3","1","4"
"Mediador07","2","2","4"
"mediocre_proletarian","2","2","4"
"medoelpop","2","2","4"
"medoforfun3","2","2","4"
"Medojevic","1","3","4"
"Medolino2","1","3","4"
"MedOvidid","2","2","4"
"medrzec9","2","2","4"
"MedYassSer","3","1","4"
"Meek_cd","3","1","4"
"meelosh9","2","2","4"
"Meet1385","2","2","4"
"Meffistoffel","2","2","4"
"megabite12321","1","3","4"
"megaflower","2","2","4"
"Megajclb1","3","1","4"
"megapithecus","1","3","4"
"Mehdi_mz1","1","3","4"
"mehdi7877","2","2","4"
"MehdiAdib","2","2","4"
"MehdiDavodi","1","3","4"
"mehdigarouachi1977","2","2","4"
"Mehdimara","2","2","4"
"meherprem","2","2","4"
"mehhirha","2","2","4"
"Mehico","2","2","4"
"mehmedAli0624","2","2","4"
"Mehmet_Emir_USTA","3","1","4"
"mehmetakifozgurer","1","3","4"
"mehmetmertgunes03","2","2","4"
"MehmetOzdemir","3","1","4"
"mehmetselimbsm","2","2","4"
"mehr52","2","2","4"
"mehrdad827","2","2","4"
"mehrdadmoghanlooqwe","1","3","4"
"mehrsam1400","1","3","4"
"mehtahemalk","2","2","4"
"mehtap-gulce","2","2","4"
"Mehul2013","2","2","4"
"MEIGHTham","3","1","4"
"MeiMimi","2","2","4"
"MeineKatze","2","2","4"
"meiqu","2","2","4"
"meisamroom8","1","3","4"
"MEKRI","2","2","4"
"mekusha","2","2","4"
"melacavoforse","2","2","4"
"Melanie17251725","2","2","4"
"melcani","2","2","4"
"MelihEke","2","2","4"
"melihkagann","2","2","4"
"Mellos_Attitude","2","2","4"
"mellowrlddd","2","2","4"
"Melnikow_KD","2","2","4"
"Meloch1","2","2","4"
"melody0511","2","2","4"
"MeltLikeButter_111","2","2","4"
"MelvinLabad_G10Vela","2","2","4"
"melwafa","1","3","4"
"memedr6","2","2","4"
"memetouz","2","2","4"
"meminaxi9","2","2","4"
"MeminCS","2","2","4"
"Menahem12345","2","2","4"
"menardd","1","3","4"
"mennro","2","2","4"
"Menoaziz","1","3","4"
"Mentalis79","2","2","4"
"mentalist30690","1","3","4"
"Menteldob","2","2","4"
"menudo","2","2","4"
"Menza1","2","2","4"
"meowmary","3","1","4"
"meraj2018","2","2","4"
"Mercurio45","2","2","4"
"Merdas80","2","2","4"
"merelbor","2","2","4"
"mereyyyy","2","2","4"
"Merghangloria","2","2","4"
"merkhatiko","2","2","4"
"MerlinCocai","2","2","4"
"Merltron","2","2","4"
"merryjack","3","1","4"
"merseralex","1","3","4"
"MertAliOrtakci","3","1","4"
"merteren1507","2","2","4"
"MertKaleli25","3","1","4"
"merves7","2","2","4"
"meryem123123","2","2","4"
"Mescheppe","2","2","4"
"MesoherosFestae","1","3","4"
"Messi_6","1","3","4"
"MessiasPelaes","1","3","4"
"Mesut_sefkatlioglu","2","2","4"
"mesyacmay1","2","2","4"
"metal_mickey","2","2","4"
"metallica_0202","1","3","4"
"metalmax","2","2","4"
"MetalPablo","1","3","4"
"Metehamete1903","2","2","4"
"meteliy","2","2","4"
"methylenio","2","2","4"
"Metro57","2","2","4"
"mett94","2","2","4"
"Mettacom","1","3","4"
"mewfert","2","2","4"
"mexemer","3","1","4"
"mey00","2","2","4"
"meysam200","3","1","4"
"meysamsafari","2","2","4"
"MeyydidEfendi","3","1","4"
"Mez-Red","2","2","4"
"mezopeter","2","2","4"
"mfarka","2","2","4"
"mfdonline2460362","2","2","4"
"mfk_12","3","1","4"
"mfnElmar3","3","1","4"
"mfo-GER","1","3","4"
"Mgarcia_m","2","2","4"
"mgaud42081","2","2","4"
"MGburgerking","2","2","4"
"Mgcomza21","2","2","4"
"mggm17","2","2","4"
"MGXIVIZO","2","2","4"
"MH_Potsdam","2","2","4"
"Mharslund","2","2","4"
"Mhbp","3","1","4"
"mhgoal","2","2","4"
"mhkohzad","2","2","4"
"mhmdaboud","2","2","4"
"MhmdHsn","2","2","4"
"mhmmdgkdss","2","2","4"
"mhostn3","3","1","4"
"mhrjoei","3","1","4"
"MHS-abr61","3","1","4"
"mhsvenancio","2","2","4"
"Mht_68","2","2","4"
"MI1LA4D","2","2","4"
"miaad654","1","3","4"
"miamidude","2","2","4"
"miarnt","2","2","4"
"Mic007","2","2","4"
"mic202","2","2","4"
"mica018","1","3","4"
"MiCaballo","2","2","4"
"micahangel15","2","2","4"
"michael_md","2","2","4"
"Michael-Mmualefe","3","1","4"
"Michael77116","2","2","4"
"MichaelHR","2","2","4"
"michaeljordanbenim","2","2","4"
"MichaelMahir","2","2","4"
"michaely10","3","1","4"
"michal571","2","2","4"
"michatl_ural","2","2","4"
"Michel_MlCHEL","2","2","4"
"michele_02","1","3","4"
"MicheleMemePepe","2","2","4"
"michelmau5","2","2","4"
"michelob1974","2","2","4"
"MichelVallado","3","1","4"
"michigan9","3","1","4"
"michmuch","2","2","4"
"mick_chapman","2","2","4"
"micstrix","2","2","4"
"midavch1k","2","2","4"
"mido136","2","2","4"
"midoalahlawy","1","3","4"
"midrim","2","2","4"
"Miele27","2","2","4"
"MielesSantiago2011","2","2","4"
"Migel96","1","3","4"
"Migliorenzo","3","1","4"
"Miguel-DD","3","1","4"
"MIGUEL23YT","2","2","4"
"miguelangelroldan","2","2","4"
"MiguelDragon","2","2","4"
"miguelmiguelmiguel","2","2","4"
"Mihail_1959","3","1","4"
"mihail121212","2","2","4"
"mihail72253","2","2","4"
"Mihailsaratov","3","1","4"
"Mihajlovichs","2","2","4"
"Mihalkekich","2","2","4"
"Mihchess22","3","1","4"
"MihGol51","2","2","4"
"MiHoForce","2","2","4"
"mijgy76","3","1","4"
"Mijuelito","2","2","4"
"mik1969","3","1","4"
"Mikado41","2","2","4"
"MikaeL2900","3","1","4"
"mikaeloh28","2","2","4"
"mikayilzada","1","3","4"
"Mike_Arr","1","3","4"
"Mike_Resh","2","2","4"
"Mike_too_good","2","2","4"
"Mike1307","3","1","4"
"mikecheck00","3","1","4"
"mikecheck123","1","3","4"
"Mikee2","1","3","4"
"MikeFigs","2","2","4"
"mikeindia","2","2","4"
"MikeJohnDee","2","2","4"
"Mikel93p","1","3","4"
"mikelopty","3","1","4"
"mikelsilvestre","2","2","4"
"MikeNeutel","1","3","4"
"MikeSim","1","3","4"
"Mikey_The_Kid","3","1","4"
"mikfe","2","2","4"
"Mikha_Saad","2","2","4"
"Mikhail_1277","3","1","4"
"Mikhail_69","2","2","4"
"Mikhail101","1","3","4"
"mikhail1492","1","3","4"
"Mikhailov_O52","2","2","4"
"Mikhayla","3","1","4"
"MIKI2008H","2","2","4"
"Mikibiason","3","1","4"
"mikkecz","2","2","4"
"mikkiboi","1","3","4"
"mikocantr","2","2","4"
"mikolajw","2","2","4"
"mikross20","1","3","4"
"mil88","3","1","4"
"MILA044","2","2","4"
"milad13688","2","2","4"
"milad7585","2","2","4"
"Milan1102","3","1","4"
"Milana_gol_2016","2","2","4"
"Milana067","3","1","4"
"MilanaL2014","2","2","4"
"MilanKontic","2","2","4"
"milanonegro","2","2","4"
"Milashka_VA","2","2","4"
"Milchreismuffin","3","1","4"
"Miledi","1","3","4"
"Mileenacarnivora","2","2","4"
"milekbose","1","3","4"
"milind7210","2","2","4"
"milindlele","1","3","4"
"MilindRoots","1","3","4"
"Militare","3","1","4"
"Million2015","3","1","4"
"milo123456","2","2","4"
"milosz007","3","1","4"
"Miltigo","2","2","4"
"MiluTheBest","2","2","4"
"Mimanalamin","2","2","4"
"MimiBerlin","1","3","4"
"Mimisiku55","2","2","4"
"Mimo2222","2","2","4"
"min3Side","2","2","4"
"Mina888","1","3","4"
"MinaAshrafOpxD","3","1","4"
"MinaGerges91","1","3","4"
"Minakow","2","2","4"
"MinasKill","2","2","4"
"Minato33","3","1","4"
"minced","2","2","4"
"minches","1","3","4"
"Mindsplit","1","3","4"
"mingyuyu","2","2","4"
"minh050213","2","2","4"
"Minhchau2015","2","2","4"
"MinhHieu2018","2","2","4"
"Minhkhoi25022017","3","1","4"
"MinhTri2004","2","2","4"
"minhtruong01072002","2","2","4"
"Mini_Vini","2","2","4"
"MiniBudget420","3","1","4"
"minimmanmental","1","3","4"
"Minmialex","2","2","4"
"MinMorts","2","2","4"
"minnaktrip","2","2","4"
"MinThannt","2","2","4"
"MintuBaishya","2","2","4"
"Mio83","3","1","4"
"miodrag958","2","2","4"
"miorad835","1","3","4"
"Miqo2022","2","2","4"
"miqueiasolivgomes","3","1","4"
"mira2004","2","2","4"
"Mira40","1","3","4"
"Mircboss","3","1","4"
"Mirek_O","2","2","4"
"mirella13","2","2","4"
"Miric7","2","2","4"
"mirigeorgiev","3","1","4"
"mirjo1","2","2","4"
"mirkalantar","2","2","4"
"mirke86","2","2","4"
"Mirket27Burak","2","2","4"
"MirkoVawsk","2","2","4"
"MironBykov","1","3","4"
"MironikMihail","3","1","4"
"miroslavjovancic","2","2","4"
"Mirotvoreu","2","2","4"
"miRRRRRkazakh","2","2","4"
"Mirscha_17","2","2","4"
"Mirthula123","3","1","4"
"Mirza2016","2","2","4"
"Misaelgm2900","3","1","4"
"misericorde1961","3","1","4"
"Misha_M148","2","2","4"
"misha_mironov_48","1","3","4"
"Misha-Tyanutov","1","3","4"
"misha942","2","2","4"
"mishaelrastgar","1","3","4"
"Mishak234","1","3","4"
"MishaLestev","2","2","4"
"MishaP9","2","2","4"
"MishaR200","1","3","4"
"mishaveller80","1","3","4"
"mishra_t","3","1","4"
"Mishul1515","2","2","4"
"MishurinAI","2","2","4"
"misismic","2","2","4"
"misleni","1","3","4"
"misohor","1","3","4"
"Misoin28","1","3","4"
"misraapurva","2","2","4"
"MissOlga-2020","2","2","4"
"misson-mello","1","3","4"
"missyara","2","2","4"
"mistercuv","2","2","4"
"MisterFilou","3","1","4"
"MisterGork","3","1","4"
"mistergun666","3","1","4"
"Misteriou","2","2","4"
"Mistermagoo64","2","2","4"
"MISTERPOLLO53","2","2","4"
"Mistico200","1","3","4"
"MistrzZ","2","2","4"
"MitchIsOkay","3","1","4"
"Mithrakp","2","2","4"
"mithrang123","1","3","4"
"Miticals","3","1","4"
"MitraMai","2","2","4"
"Mittu_14","2","2","4"
"mituldholakia26","3","1","4"
"Mityai_jup_a12","3","1","4"
"mivikk","2","2","4"
"mixedfeast","3","1","4"
"mixgr","2","2","4"
"Mixroman-010111","2","2","4"
"mixt26","2","2","4"
"miYao06","2","2","4"
"MJ_5","2","2","4"
"MJC0100","2","2","4"
"MJGUDGE","2","2","4"
"mjii","2","2","4"
"mjleon73","2","2","4"
"MJRajguru","1","3","4"
"mjs31","3","1","4"
"mk19871987","3","1","4"
"MKA14_16","2","2","4"
"MKL82","3","1","4"
"mkmaks","2","2","4"
"mkpassant","2","2","4"
"mkpkv127","2","2","4"
"mkss21","3","1","4"
"mlb-23","2","2","4"
"mld_vgd","1","3","4"
"Mlfnhh","2","2","4"
"mlg_pinecone","3","1","4"
"MListon","2","2","4"
"MLKA804","3","1","4"
"mlms477","3","1","4"
"mlms490","2","2","4"
"mlms494","2","2","4"
"mlms515","2","2","4"
"mlms528","2","2","4"
"mlms531","1","3","4"
"mln0","3","1","4"
"mlVBerdis","2","2","4"
"MM1313","2","2","4"
"mm2023p","2","2","4"
"MmagdyM","3","1","4"
"MMagic555","1","3","4"
"MMahmoud88","1","3","4"
"mmalszach","2","2","4"
"MMansy","1","3","4"
"mmdiaa","2","2","4"
"MMeniok","3","1","4"
"Mmh49","2","2","4"
"mmk0102","1","3","4"
"mmlana95","3","1","4"
"MMMez","1","3","4"
"mmmm12456","1","3","4"
"mmmmario","2","2","4"
"MMMMMMBop","2","2","4"
"mmmuhammadxon","1","3","4"
"mmssbg","3","1","4"
"Mmustafa12","2","2","4"
"MMV0705","2","2","4"
"mnariman","2","2","4"
"mnbmnb023023","2","2","4"
"mnbvcxzasdfghjkl","2","2","4"
"mnezar","1","3","4"
"mnickerson","2","2","4"
"Mnkysee_MnkyDo","3","1","4"
"MNLOLA79","3","1","4"
"mnon120511","2","2","4"
"mnpkrm","2","2","4"
"mnqobizitha082517","2","2","4"
"mo_e4e5_sh","2","2","4"
"mo_mo","2","2","4"
"Mo_sam","2","2","4"
"mo-fischer22","3","1","4"
"mo-gabal81","2","2","4"
"Mo-ha-me","2","2","4"
"mo0raa","3","1","4"
"mo1t3n","2","2","4"
"mo2ht","2","2","4"
"mo3boody","1","3","4"
"mo3en","1","3","4"
"moaaz_mohamed_123","2","2","4"
"Moailo","2","2","4"
"moamen_dakhel","3","1","4"
"MoamenRashed","1","3","4"
"moazhgaze","1","3","4"
"mobeen_uddin","1","3","4"
"mobileben","2","2","4"
"mobilya_gros_ankara","1","3","4"
"mobin-78","1","3","4"
"MOBIN909090","3","1","4"
"mobinmahan2","1","3","4"
"MocarnyJD","1","3","4"
"MOCHAM_CHESS","3","1","4"
"Mocus","3","1","4"
"MoDiggy","3","1","4"
"moe6477","2","2","4"
"moein_76","2","2","4"
"MoeSchach","3","1","4"
"moff_s","1","3","4"
"Moglisson","2","2","4"
"Mogues111","3","1","4"
"moh_ali_999","3","1","4"
"moha_SA","2","2","4"
"moha83","3","1","4"
"MOHAM1ED","1","3","4"
"moham57med","3","1","4"
"moham7mad","2","2","4"
"Mohamad_fati","1","3","4"
"mohamad19851899","2","2","4"
"MOHAMAD97ABOUZAID","2","2","4"
"mohamadarsalinesmili","2","2","4"
"mohamadhdr7","3","1","4"
"Mohamadhosein2","2","2","4"
"Mohamadreza1394","2","2","4"
"Mohamadrezachess123","1","3","4"
"mohamadrezahzb","2","2","4"
"Mohamd_sobahi","2","2","4"
"Mohamd92","2","2","4"
"mohamdhejazi","2","2","4"
"mohamed_abdelnaser","2","2","4"
"Mohamed_Asim_Mohamed","2","2","4"
"Mohamed_Kamal7","2","2","4"
"Mohamed_Rezk89","1","3","4"
"mohamed1941","2","2","4"
"mohamed2000m","3","1","4"
"Mohamed383","2","2","4"
"MohamedAlbatety","2","2","4"
"Mohamedarafat","2","2","4"
"MohamedAyad289","2","2","4"
"Mohamedba7r","1","3","4"
"Mohamedcooo","2","2","4"
"Mohamedelmagic","3","1","4"
"MohamedLabib-2014","1","3","4"
"Mohamedlahlou","2","2","4"
"mohamedm0","2","2","4"
"mohamedmorjani","2","2","4"
"Mohamedrashed","3","1","4"
"mohamedsamer555","3","1","4"
"mohammad_123456789","2","2","4"
"mohammad_369","2","2","4"
"Mohammad_boveiri22","1","3","4"
"mohammad_hantash","3","1","4"
"mohammad_sadegh_p","1","3","4"
"mohammad_taha1390","2","2","4"
"Mohammad-baniali7","2","2","4"
"mohammad440","3","1","4"
"Mohammadali_c60","2","2","4"
"mohammadali9831","2","2","4"
"MohammadKangani","1","3","4"
"mohammadmahdi1380","3","1","4"
"mohammadmomenizadeh","2","2","4"
"mohammadnasiry","2","2","4"
"MohammadOsama2018","2","2","4"
"mohammadreza_5_2022","2","2","4"
"mohammadsbeeh","2","2","4"
"MOHAMMADTAHA_HATAMI","2","2","4"
"mohammed_atalla","2","2","4"
"mohammed-helal","3","1","4"
"mohammed57584","2","2","4"
"MohammedAbu","2","2","4"
"Mohammedalrie","2","2","4"
"mohammedghonem","2","2","4"
"Mohammedmokhtar","2","2","4"
"MohammedMosa","1","3","4"
"MohammedShokrany","2","2","4"
"Mohaned90","2","2","4"
"MoharGhosh","2","2","4"
"Mohd_Abit","2","2","4"
"mohdi5","2","2","4"
"mohihab9914","2","2","4"
"MohitGRajput","2","2","4"
"mohitjha","1","3","4"
"mohlarej","3","1","4"
"mohmd_n","3","1","4"
"mohmedmhm","2","2","4"
"mohmmad78","2","2","4"
"mohomojo","2","2","4"
"MoHorass","2","2","4"
"mohsen_fld1991","3","1","4"
"Mohsen_playzchess","2","2","4"
"mohsen1402","2","2","4"
"mohsen198412","2","2","4"
"MohsenAminipoorbnd","2","2","4"
"Mohsenmzhri","2","2","4"
"MoiMeme9","2","2","4"
"Moises2304","1","3","4"
"moisesorrego","2","2","4"
"mojito_mojo","3","1","4"
"Mojitos5709","2","2","4"
"mojosdojo","1","3","4"
"Mojtababodaghi","1","3","4"
"mokey_luffy-30","1","3","4"
"Mokky23","2","2","4"
"molarovsky","2","2","4"
"Molbo87","2","2","4"
"Molekelekele","1","3","4"
"Molette","2","2","4"
"Molina_Illan","2","2","4"
"Moliv","2","2","4"
"momentum","2","2","4"
"momoh54","1","3","4"
"momunovv","2","2","4"
"monArt","2","2","4"
"monasafarzadeh","2","2","4"
"monchaa","2","2","4"
"Mondika","3","1","4"
"mondomedianico","2","2","4"
"MondrianB","3","1","4"
"Mondwie","2","2","4"
"moneywell","1","3","4"
"Mongezi82","2","2","4"
"Mongol_ariunbold","1","3","4"
"monica1280","3","1","4"
"monikaChess","3","1","4"
"MONIMPERATOR6565","2","2","4"
"monk24-1198","2","2","4"
"Monkey_D_Luffy_123","2","2","4"
"MonkeyBrain4u","2","2","4"
"monkeydfrancisco","2","2","4"
"Monklavitman7","2","2","4"
"monna_isa","3","1","4"
"monnis1985","3","1","4"
"Monobola","2","2","4"
"monsieurhoward","2","2","4"
"monsieurprot","2","2","4"
"MonsterHatPotato","3","1","4"
"montaa","1","3","4"
"MontanaPowderSkier","1","3","4"
"MonteChristos","2","2","4"
"Monter2","2","2","4"
"Montezumas_son","2","2","4"
"monyrich734","2","2","4"
"moo_seech","2","2","4"
"Mooaz580","2","2","4"
"moodyelwakel","2","2","4"
"moomoonmoose","2","2","4"
"moonibrahim","3","1","4"
"Moonshaker007","3","1","4"
"mootch117","1","3","4"
"Moradshahriari","2","2","4"
"MoraesMarco","2","2","4"
"MoralesCE","2","2","4"
"moraxis","1","3","4"
"Morbo_agrees","1","3","4"
"moreeaal","2","2","4"
"morfen72","3","1","4"
"Morfy_19","2","2","4"
"morhafghannam","2","2","4"
"moriartyfox","1","3","4"
"morningjava","2","2","4"
"MoRo_0SH0","2","2","4"
"morozkins","2","2","4"
"Morozov-1979","2","2","4"
"morozov95","2","2","4"
"morph1ne","2","2","4"
"morroe","3","1","4"
"morrydtworry","1","3","4"
"Morsalinjan","2","2","4"
"Morshad","2","2","4"
"morsodin","2","2","4"
"mortezag","2","2","4"
"Mortezaheydari","2","2","4"
"mortizr03","1","3","4"
"morvar_m","2","2","4"
"MorvenStew12","2","2","4"
"mos1231","2","2","4"
"mosaab102","2","2","4"
"Mosaab30","2","2","4"
"mosaad0","2","2","4"
"MoSalahEGY","2","2","4"
"mosalama57","2","2","4"
"mosayeb136975m","2","2","4"
"MoSayedd11","3","1","4"
"moscae","3","1","4"
"moselem","1","3","4"
"Mosesodi","1","3","4"
"mosh2020","2","2","4"
"mosiomohsen","1","3","4"
"Mosmaniac","3","1","4"
"Mostafa12345567","2","2","4"
"Mostafa13642002","1","3","4"
"Mostafa19851008","3","1","4"
"mostafaelpoto","2","2","4"
"Mostafasarmast","2","2","4"
"Mostafizur99","2","2","4"
"mostipak","2","2","4"
"motogreen","2","2","4"
"MototaxiA","3","1","4"
"mouadeee","1","3","4"
"Mouhametgueye-169","2","2","4"
"Moukthika876","2","2","4"
"mouleee","2","2","4"
"moumri","2","2","4"
"mozafarghafoori00","2","2","4"
"mozt_killz","3","1","4"
"mpj2105","2","2","4"
"mpnikos","2","2","4"
"mpou78","2","2","4"
"Mpuhacz","3","1","4"
"mr_113","1","3","4"
"Mr_Ashraf","2","2","4"
"Mr_Bagouda","1","3","4"
"Mr_Crombo","3","1","4"
"Mr_Danielheimer","2","2","4"
"Mr_Gasindu","1","3","4"
"mr_Gurman","1","3","4"
"Mr_Hamzawy","2","2","4"
"Mr_Meleshko","3","1","4"
"Mr_Miyagi676","2","2","4"
"mr_redpine","2","2","4"
"Mr_Robot01","2","2","4"
"mr_romano","2","2","4"
"Mr_Skun","2","2","4"
"Mr_Stork","2","2","4"
"Mr_thunderstorm","1","3","4"
"mr_troublemaker","2","2","4"
"Mr-mahshidi","2","2","4"
"Mr-Q-01","1","3","4"
"mr1karasev","1","3","4"
"MrAhmeDxX","1","3","4"
"mrainer156","2","2","4"
"mralihasanpour","2","2","4"
"MRavand86","3","1","4"
"Mravchuk","1","3","4"
"mravi24","3","1","4"
"MrBelveder","3","1","4"
"mrbilljobss","1","3","4"
"MrBlack03","2","2","4"
"mrBrowner","2","2","4"
"mrcamrcai","1","3","4"
"MrCatchup","2","2","4"
"mrchessbossman","2","2","4"
"MrCrankypawn","2","2","4"
"mrcrok","2","2","4"
"MrDedelBu","1","3","4"
"MrElhani_08","2","2","4"
"MrEmreee","2","2","4"
"Mreti","2","2","4"
"MRF98","2","2","4"
"Mrgaet","2","2","4"
"mrgatorano","2","2","4"
"mrGent","3","1","4"
"mrgood_old_school","2","2","4"
"mrgreennn211","2","2","4"
"MrGrouchyPants","3","1","4"
"MrHuNer","2","2","4"
"mrhunter246","2","2","4"
"Mrid8","2","2","4"
"Mriya2021","1","3","4"
"Mriya77","2","2","4"
"MrJaveh","2","2","4"
"Mrjn","2","2","4"
"MrKey8840","2","2","4"
"MrKhanh1702","1","3","4"
"MrLarge49","1","3","4"
"MrLeroy","3","1","4"
"MrLocomotive","2","2","4"
"MrLongTime","2","2","4"
"MrMalakian","2","2","4"
"MrMannyManito","3","1","4"
"MRMartini39","1","3","4"
"MrMayhem888","2","2","4"
"mrpadofla","1","3","4"
"MrPena","2","2","4"
"MrPicBas","2","2","4"
"MrRaptor41","3","1","4"
"mrs_lale","2","2","4"
"mrShishov","2","2","4"
"Mrskoradikus","2","2","4"
"Mrsran","2","2","4"
"MrTaost","3","1","4"
"Mrtklf","2","2","4"
"mrusch","3","1","4"
"mrvip10","2","2","4"
"Mrwan","2","2","4"
"MrWhite1896","2","2","4"
"MRX20000","3","1","4"
"mrygt34ts","1","3","4"
"MrZzz86","2","2","4"
"Msaww","1","3","4"
"mscrabble0530","2","2","4"
"msdbhmmsdbhm","2","2","4"
"MSDEEPAKVIKRAM","1","3","4"
"Msenat","3","1","4"
"msimon74","2","2","4"
"mskakao12","2","2","4"
"mskoltsov","2","2","4"
"mslm7109","2","2","4"
"msmksaxena","2","2","4"
"Msn_chr","1","3","4"
"MSN74","3","1","4"
"msNasr","2","2","4"
"msnyder","3","1","4"
"MsSaveliy","2","2","4"
"MStarfighter","2","2","4"
"Mstephen","2","2","4"
"mstfayhn","3","1","4"
"msttttttttttt","2","2","4"
"Msyv","2","2","4"
"mt_tanhaee","3","1","4"
"mtaha1389","3","1","4"
"Mtdia","3","1","4"
"mtefa2022","2","2","4"
"Mtesteves26","2","2","4"
"mtglc","2","2","4"
"mtk777","3","1","4"
"mtugra2015","2","2","4"
"Mua_85","2","2","4"
"muadhmm","2","2","4"
"muanawma1331","3","1","4"
"Mubeez","2","2","4"
"mucawiya","2","2","4"
"muchacha1","2","2","4"
"muchinapaul","1","3","4"
"muchiqu","1","3","4"
"Muchomorro","2","2","4"
"muchugia","2","2","4"
"Mudryi_Kaa-85","1","3","4"
"muef1403","2","2","4"
"muelidan","3","1","4"
"Mugbook","2","2","4"
"mughiwara_1","2","2","4"
"MugiwaraLuffytaro","1","3","4"
"Muhak","3","1","4"
"Muhamedzaki09","2","2","4"
"MuhammadAmmarMishary","3","1","4"
"muhammadrusdi6566","2","2","4"
"Muhammed42","3","1","4"
"Muhammed482","1","3","4"
"muhammede4","1","3","4"
"muhammetalbayy","2","2","4"
"muhammetozbey","2","2","4"
"muhammmmad1991","2","2","4"
"MuhaRinat","2","2","4"
"muhd_furqan","2","2","4"
"Mujtaba1994","3","1","4"
"mukendi83","2","2","4"
"mukhilm2023","3","1","4"
"mulayim_sert","1","3","4"
"mule8888","2","2","4"
"mulrobert","2","2","4"
"mulyadi12","2","2","4"
"Mumps1","2","2","4"
"munasr","2","2","4"
"mundo37","2","2","4"
"Muneebmustafa","2","2","4"
"Munich","3","1","4"
"muniyal","3","1","4"
"munkhbaatar489","2","2","4"
"munzer040","2","2","4"
"Munzu","2","2","4"
"Mur4sak1","1","3","4"
"Murage33","2","2","4"
"Murali29","3","1","4"
"Murashik","2","2","4"
"murat1012","1","3","4"
"muratalan","2","2","4"
"MURATALTUNSAY1","2","2","4"
"MuraTate","2","2","4"
"Murdock0","2","2","4"
"murenachess","3","1","4"
"MURIRA7","2","2","4"
"Murmanskiikot","1","3","4"
"MurSal123","3","1","4"
"murtts","3","1","4"
"Musclemind","2","2","4"
"mush1971","2","2","4"
"muskaya","2","2","4"
"Muskiila","2","2","4"
"muslim39n","3","1","4"
"MussLos472","2","2","4"
"musstafaaksoy","1","3","4"
"Mustafa_dolay_95","2","2","4"
"mustafa_ulu","2","2","4"
"Mustafa8080","2","2","4"
"mustafadiker7084","2","2","4"
"MustafaNatag","1","3","4"
"mustafi2022","3","1","4"
"mustang321","3","1","4"
"mustapha82","1","3","4"
"Musukas","2","2","4"
"Musy91","2","2","4"
"muszydlo","2","2","4"
"MutantGuineaPig","2","2","4"
"Muthu_Palaniappan","2","2","4"
"mutluyum","2","2","4"
"muymajisimo","1","3","4"
"Mvelo17388","3","1","4"
"MVGM123","3","1","4"
"mvrio14","1","3","4"
"mvs53","2","2","4"
"MWAMIRKING","2","2","4"
"mwandiladavid1978","2","2","4"
"mwccwm","2","2","4"
"mwilamulenga","2","2","4"
"mwilaski","2","2","4"
"MWK19762023","2","2","4"
"mwonge21","2","2","4"
"mx0c","3","1","4"
"mxim","2","2","4"
"mxkeeper","3","1","4"
"mxzimmo","3","1","4"
"myagk","2","2","4"
"myakish26","3","1","4"
"Myameen","2","2","4"
"mychess2021ABC","3","1","4"
"mygisborn","2","2","4"
"Mykola-22","2","2","4"
"mym0818","2","2","4"
"myoi0905","2","2","4"
"myoung11","1","3","4"
"myqq","2","2","4"
"myr8595","1","3","4"
"myrmecophagus","2","2","4"
"Myron_Nemudry","2","2","4"
"MyroslavaRodenko","2","2","4"
"mystery-man","2","2","4"
"MysticFiend","3","1","4"
"MystorHritz","2","2","4"
"mythra","2","2","4"
"myunal","2","2","4"
"MyUsernameWasTaken","2","2","4"
"Myzzy","2","2","4"
"mza3000","3","1","4"
"n_ebr","1","3","4"
"n_i_m_a","2","2","4"
"N-Lamok","1","3","4"
"N0202","1","3","4"
"N0obieee123","2","2","4"
"N0vvossel1932","1","3","4"
"N17ke","3","1","4"
"N1clo","2","2","4"
"N1kto_0","2","2","4"
"N1onchik","3","1","4"
"N3kr0","2","2","4"
"n3ks","1","3","4"
"N7aol","3","1","4"
"na_senovalechill","1","3","4"
"Na2He","2","2","4"
"na30m_eskandari","2","2","4"
"naama17","2","2","4"
"nabievumed","2","2","4"
"Nachiketa_14","3","1","4"
"Nacu28","3","1","4"
"Nada3010","3","1","4"
"nadavasor1","1","3","4"
"nader2064","2","2","4"
"naderazazel","2","2","4"
"nadershahi","2","2","4"
"NadFlanders","3","1","4"
"nadhirov","2","2","4"
"Nadia85","2","2","4"
"nadiatan","2","2","4"
"NadimRM","2","2","4"
"Nadir79","2","2","4"
"nadlog","3","1","4"
"naedwards14","2","2","4"
"Nafiev_Amir","2","2","4"
"NafisaKhayra","3","1","4"
"NAFLRMARCH","1","3","4"
"Nagakiri","2","2","4"
"Nagaraj55","1","3","4"
"NagaSowjanya","1","3","4"
"nagee","1","3","4"
"nagendra_nani","3","1","4"
"Naghibichess","2","2","4"
"NaghiMirzaei","2","2","4"
"Nahato_kim","2","2","4"
"nahidvv","2","2","4"
"nahp","3","1","4"
"nahuelschwindt","1","3","4"
"NaikKAL","2","2","4"
"Nailsharis","2","2","4"
"NAiN00007","2","2","4"
"Naive2002","2","2","4"
"Najmacaddeey","2","2","4"
"Nak8960","3","1","4"
"Nakedsnaek32268","1","3","4"
"Nakews","3","1","4"
"naldo2022","2","2","4"
"nalivaiko","2","2","4"
"Nalodtu","2","2","4"
"Namanarampady","2","2","4"
"namansedhai","2","2","4"
"namarwajr","2","2","4"
"NAMIBEST","2","2","4"
"namik1958","2","2","4"
"Namshi786","1","3","4"
"NANAGARU","2","2","4"
"nanaliaison06","2","2","4"
"nandana9090","2","2","4"
"nandemthwazi","2","2","4"
"Nandhavr_46","3","1","4"
"nandor29","3","1","4"
"Nanex24","1","3","4"
"NangNze","3","1","4"
"nanni8987","2","2","4"
"nanokiborg","1","3","4"
"Nanouk17","2","2","4"
"Nantenainajulien","2","2","4"
"naoix_mitra","3","1","4"
"Naoufelkacem-1976","2","2","4"
"napokth","3","1","4"
"naprostore_ru","2","2","4"
"NARAUT","2","2","4"
"narci_omererdem","2","2","4"
"Narek_Kareni","2","2","4"
"Narendiran","1","3","4"
"narendra3012","3","1","4"
"narikel13","2","2","4"
"narozzoran","1","3","4"
"nartkala76","1","3","4"
"NartreX","1","3","4"
"Narylkov_Kirill","2","2","4"
"naserdlshad","2","2","4"
"nasersanjari4242","2","2","4"
"Nasilsyed","1","3","4"
"Nasrettin65","3","1","4"
"nass123","1","3","4"
"Nassir_86","1","3","4"
"nassir7456","2","2","4"
"Nastasia4","2","2","4"
"naster1","3","1","4"
"NastyaShayagzamova","2","2","4"
"NastyaVN53","2","2","4"
"NATA15SR","2","2","4"
"natand23","2","2","4"
"natdprophet","1","3","4"
"natenordby","2","2","4"
"natgat","2","2","4"
"Nathan-65","2","2","4"
"Nathan1547642","2","2","4"
"Natiloto","1","3","4"
"Natiq323","1","3","4"
"nato1649","2","2","4"
"NatoRaynoldi","2","2","4"
"natr14","2","2","4"
"Natsu200","2","2","4"
"Naturefirst","3","1","4"
"NatWag95","2","2","4"
"naughtypear","2","2","4"
"Naum_Castro","2","2","4"
"NauryzZZ","2","2","4"
"nav123456","2","2","4"
"navadeep69","1","3","4"
"navernoe","2","2","4"
"navidk","2","2","4"
"navv1993","2","2","4"
"NavyAmmo","1","3","4"
"Nawaf-25","3","1","4"
"Nawi27q","1","3","4"
"nawid1995","2","2","4"
"nawish","3","1","4"
"nawsh1234","2","2","4"
"nawzad99","1","3","4"
"Naylamp_Cix","2","2","4"
"naymevse","2","2","4"
"NayrZam13","3","1","4"
"nazar1o","2","2","4"
"nazari2008","2","2","4"
"nazwany","2","2","4"
"nazzz","1","3","4"
"nb003","1","3","4"
"Nbg3299","3","1","4"
"Nbhatnagar","2","2","4"
"NBlucky72","1","3","4"
"nbrns","2","2","4"
"Nbvcxwml","2","2","4"
"NCERT","2","2","4"
"ndamola","2","2","4"
"NDephiki","1","3","4"
"NDK17","2","2","4"
"Ne_4uLoK","2","2","4"
"Ne_ploxoi_slisenok","1","3","4"
"Ne_zli_boga","3","1","4"
"nebespavlo","2","2","4"
"NecatiSuvar","2","2","4"
"necaxa201264","2","2","4"
"Nechipor","2","2","4"
"neciko","2","2","4"
"Necker0007","2","2","4"
"NecmetErdima","2","2","4"
"neco10","3","1","4"
"neda0419","2","2","4"
"nedloh_dleifluac","2","2","4"
"nedochess","2","2","4"
"neel007","2","2","4"
"neeloprabhosaha","2","2","4"
"NefariousGoose","2","2","4"
"NefariousNarwhal","2","2","4"
"Negan10200","2","2","4"
"Neganpawn","2","2","4"
"negovorypoispanski","2","2","4"
"negrapola","2","2","4"
"negru71","3","1","4"
"nehadkhan","2","2","4"
"neibulasiren","1","3","4"
"Nejati1401","2","2","4"
"nekser","1","3","4"
"NelAnD","2","2","4"
"NelidaLerda","1","3","4"
"Nello_Caruana","2","2","4"
"Nemanja989","2","2","4"
"Nemcovich","2","2","4"
"Nemo_chessplayer","2","2","4"
"Nemo1013","1","3","4"
"nemosert","1","3","4"
"NenadN86","2","2","4"
"nensin","3","1","4"
"Neovix","1","3","4"
"Neoxchessn","2","2","4"
"Nepec","2","2","4"
"neprostomaria","3","1","4"
"NeptunKoral","2","2","4"
"Neraidoula","3","1","4"
"nerchajw","2","2","4"
"nerdhappy","1","3","4"
"Nereco","2","2","4"
"nerei1","3","1","4"
"Nereusz","1","3","4"
"NerhanM","2","2","4"
"neroy03","1","3","4"
"Nerukor","3","1","4"
"Nes2023","2","2","4"
"Nesandi","2","2","4"
"Nescafe_Officail","3","1","4"
"neshmash","2","2","4"
"Neslrac1","2","2","4"
"nesterb","3","1","4"
"NesterovDF","1","3","4"
"NestorMora05","2","2","4"
"Netflixwithsenpai","2","2","4"
"Nethsara1","2","2","4"
"Netkazana","2","2","4"
"netolopes82","2","2","4"
"netspend","2","2","4"
"Netti0815","3","1","4"
"Neuro_Knight","2","2","4"
"Neuropunk2100","1","3","4"
"Nevan7","3","1","4"
"Nevanissimo","3","1","4"
"NeverendingTilt","2","2","4"
"NeverSober7","3","1","4"
"NeverTrustATim","3","1","4"
"Neviemtovobec","1","3","4"
"neville_brian","2","2","4"
"new_go","1","3","4"
"new18","2","2","4"
"newbgn","2","2","4"
"newbie_ua","3","1","4"
"newbieplay","2","2","4"
"Newtochess4","2","2","4"
"NextBitRobin","1","3","4"
"NeyronCold","1","3","4"
"Nez296","2","2","4"
"nezam5050","2","2","4"
"Nezarrashid","2","2","4"
"Nezhad2008","2","2","4"
"NezRond","3","1","4"
"Nezzyu","2","2","4"
"ngocdiep3b","1","3","4"
"ngoluongnguyen","3","1","4"
"NgoThiNhatGiang5","2","2","4"
"Ngr_a","2","2","4"
"NguyenAnhkhoi1507","2","2","4"
"nguyencuongy20c","2","2","4"
"nguyenduclong","1","3","4"
"nguyenhoangkimtuyen","2","2","4"
"NguyenKhang622016","2","2","4"
"nguyenngothuyvan","2","2","4"
"nguyenquocdai","2","2","4"
"NguyenThiKimAnh5","2","2","4"
"nguyenthinganha05","2","2","4"
"Nguyetque","3","1","4"
"nhat_minh_345","2","2","4"
"NHATTHANH0404","1","3","4"
"nheuerr","2","2","4"
"ni_siquiera","1","3","4"
"ni0ub","3","1","4"
"ni13","2","2","4"
"Ni8kingg","1","3","4"
"NiaChess005","1","3","4"
"niall2","3","1","4"
"nic_west","3","1","4"
"nichireen","2","2","4"
"Nicholas12684682","3","1","4"
"Nicholasjp","1","3","4"
"nichorvi","1","3","4"
"NichoWilliam","1","3","4"
"Nick_27","3","1","4"
"Nick_Marines","2","2","4"
"nick0tine","1","3","4"
"NickBigG","2","2","4"
"nickflatland","3","1","4"
"NickMourouzis","2","2","4"
"NickNitr0","2","2","4"
"Nicko_3579","3","1","4"
"Nickylinkz","3","1","4"
"Niclas_Buegel","2","2","4"
"nico_anzola","2","2","4"
"nicocont69","2","2","4"
"Nicof1234","3","1","4"
"Nicolalau","2","2","4"
"Nicolaou1992","2","2","4"
"Nicolas_201","1","3","4"
"nicolasquesada15116","3","1","4"
"NicoLays","2","2","4"
"nicomolas","3","1","4"
"niconic","2","2","4"
"nicosaf","1","3","4"
"nicosim","2","2","4"
"Nie047","2","2","4"
"NIGHT101","2","2","4"
"nightrat","1","3","4"
"Nightwolf17","2","2","4"
"Nightwolf62","2","2","4"
"Nigmatullin_Ildar","2","2","4"
"Nihaarika0911","1","3","4"
"nihalkrishna","2","2","4"
"Nihalsanthosh","2","2","4"
"Nihalsujalkatam","2","2","4"
"nihatbesen","2","2","4"
"Nijigajan","3","1","4"
"Nik_Tipo","2","2","4"
"Nik-On","2","2","4"
"Nik0371","2","2","4"
"Nik19952022","2","2","4"
"Nik3117","3","1","4"
"Nik648","3","1","4"
"Nika2107","2","2","4"
"NikAgeev","2","2","4"
"Nikannabizade1392","1","3","4"
"Nikbibio","3","1","4"
"nikdolorem","2","2","4"
"Nikhil_001","2","2","4"
"Nikhil0014","2","2","4"
"nikhilagrawal15","2","2","4"
"niki_83","2","2","4"
"nikijaipur","2","2","4"
"nikileshkumar","2","2","4"
"nikimiki","2","2","4"
"Nikita-Shpachinski_1","2","2","4"
"Nikita150","2","2","4"
"nikitakaside","2","2","4"
"nikitamerzlyakov","2","2","4"
"NikitaShubnikov","3","1","4"
"NikitaStepanov005","1","3","4"
"Nikiton85","1","3","4"
"NikkiPro","1","3","4"
"nikkoo1","1","3","4"
"NikKv","1","3","4"
"NiklasHB","3","1","4"
"niklenge","2","2","4"
"niklio","1","3","4"
"Niknema","1","3","4"
"Nikola_Il_94","1","3","4"
"Nikola_Novkovic","1","3","4"
"NikolaBG","1","3","4"
"Nikolai_Flammioski","2","2","4"
"Nikolai_Nikiforovich","3","1","4"
"nikolai022","2","2","4"
"Nikolai1308","1","3","4"
"Nikolay_2_3","2","2","4"
"Nikolay_77","2","2","4"
"Nikolay_Tvorog","1","3","4"
"NIKOLay2404","2","2","4"
"nikolay8719","2","2","4"
"NikolayBuyanov","2","2","4"
"Nikolayman","3","1","4"
"Nikollaj51","3","1","4"
"nikolov9300","2","2","4"
"Nikolpr","2","2","4"
"Nikos_The_Doctor","2","2","4"
"nikos-hon","3","1","4"
"Nikosis89","1","3","4"
"nikuprashant","1","3","4"
"nikyo141","2","2","4"
"nil9496","2","2","4"
"nilarajkishore","2","2","4"
"nilawin","2","2","4"
"nillcos","2","2","4"
"Nilperu","1","3","4"
"nilremix08","2","2","4"
"nilufar1984","1","3","4"
"Nima1209","2","2","4"
"nimmzzo","3","1","4"
"Nimo11213","1","3","4"
"Nimrod2011","2","2","4"
"NInae_0","2","2","4"
"NinaYada","3","1","4"
"Nincer","2","2","4"
"niners","2","2","4"
"Ninja-Neel","2","2","4"
"Ninja4462","2","2","4"
"NinnyTheStupid","2","2","4"
"Nino_Loncar","2","2","4"
"ninochka8","1","3","4"
"ninodalena","2","2","4"
"Ninoleum","2","2","4"
"ninterd","1","3","4"
"Ninyoruf","2","2","4"
"Nioooo","1","3","4"
"Nippur21","2","2","4"
"nirajkdewani","3","1","4"
"Niranjan2018","2","2","4"
"Niranjan309","2","2","4"
"Nirgal","2","2","4"
"niril","1","3","4"
"Nirmayjain","2","2","4"
"NirmitChess123","2","2","4"
"Niruttan","2","2","4"
"nirvanahosseinzadeh","1","3","4"
"nirwanda","1","3","4"
"Niryamo","1","3","4"
"nisaacdz","2","2","4"
"nisargpaida","2","2","4"
"Nisha007","3","1","4"
"nishagunazad","2","2","4"
"NishanthneSM","2","2","4"
"Nishath060809","2","2","4"
"niteshranjan2021","1","3","4"
"nithiiii","2","2","4"
"Nitin_Gaira56","3","1","4"
"Nitin2010","2","2","4"
"nitrox1007","1","3","4"
"Nityasreenavyschool","2","2","4"
"NIVADOS","2","2","4"
"NIYAMADDIN","2","2","4"
"Niyaz0109","2","2","4"
"NiZaMi_ZM","2","2","4"
"NjegaKelvin","2","2","4"
"njh7","2","2","4"
"NJMVEGA","2","2","4"
"Nk1234","2","2","4"
"nkakkus","1","3","4"
"NKChessTienDuat","2","2","4"
"nl89","2","2","4"
"nla05","3","1","4"
"nlttnltt","2","2","4"
"nmithun2013","2","2","4"
"nna2011a","2","2","4"
"NNakano","2","2","4"
"nnh26","3","1","4"
"nnio","2","2","4"
"nnn-nik","2","2","4"
"NNNKASMAII","2","2","4"
"NO_BODY0","2","2","4"
"no_cry","2","2","4"
"No_nik_mustafa","3","1","4"
"noah_sbl","3","1","4"
"noahjjj","3","1","4"
"Noam14100","2","2","4"
"nobel_Josh","1","3","4"
"NobeSagg","2","2","4"
"Noblackking","1","3","4"
"Nocheinmalnur","2","2","4"
"nocrepus","2","2","4"
"nodicho","1","3","4"
"NoeChave","2","2","4"
"noGoal","2","2","4"
"nogoat99","2","2","4"
"Noisemaker11","2","2","4"
"Noke_40","2","2","4"
"nokofranskolotsi","2","2","4"
"noksin","1","3","4"
"nolifers","2","2","4"
"noliverte","2","2","4"
"Nolomania","2","2","4"
"NoMercy88","2","2","4"
"NoMoneyjudd","2","2","4"
"NONAME2IT","3","1","4"
"NoNameJr245","3","1","4"
"NonaryGames","2","2","4"
"noneill","3","1","4"
"NonnoRotore","1","3","4"
"nonoben","1","3","4"
"Noobnoob93","2","2","4"
"noobynav","1","3","4"
"noop_player","2","2","4"
"Noor2710","3","1","4"
"noorhonjol","2","2","4"
"Nopaste","3","1","4"
"nophile","2","2","4"
"NorbertRall","1","3","4"
"NORDLING","3","1","4"
"Norghar","2","2","4"
"NormanskyA","2","2","4"
"northern-northern","2","2","4"
"northpattaya","2","2","4"
"norting","3","1","4"
"Noshmaps","1","3","4"
"nostalgisk","2","2","4"
"Nosville","2","2","4"
"Nosycactus","2","2","4"
"noszta27","2","2","4"
"not_evan_cloth","2","2","4"
"NotBunkers","1","3","4"
"noterm","2","2","4"
"nothinghillll","2","2","4"
"Nothsa1234","2","2","4"
"notjordanholloway","1","3","4"
"notsogm","2","2","4"
"Nour_5678","1","3","4"
"nouradinlamlih","1","3","4"
"Nourlagk","3","1","4"
"nourssine","3","1","4"
"Novak-Kaled-Vilavila","1","3","4"
"novarino92","1","3","4"
"novbog","1","3","4"
"NovicaZ","2","2","4"
"novruzovstuff","1","3","4"
"NovusPlayer","1","3","4"
"npidz13","1","3","4"
"npoole","3","1","4"
"nrip1","1","3","4"
"nrocco","2","2","4"
"ns-ferraz","1","3","4"
"nscolari","2","2","4"
"nstone","2","2","4"
"nsuozen","1","3","4"
"NSWPXV","2","2","4"
"nt_19648","3","1","4"
"NTHSLeagueAcc","2","2","4"
"NTLitvinenko","2","2","4"
"Nu11ify","1","3","4"
"nual03","1","3","4"
"Nubeblanca1513","2","2","4"
"Nublados","2","2","4"
"NudemJorhan","2","2","4"
"nuggins16","2","2","4"
"Nukziel8","2","2","4"
"numag59","1","3","4"
"numlok20","2","2","4"
"Nur14n","2","2","4"
"nuralibogusov","2","2","4"
"nurdn","2","2","4"
"Nurhuda","2","2","4"
"nurlan7","1","3","4"
"nuro123-123","2","2","4"
"Nursugir_Zhanserik","3","1","4"
"NURSULTAN_KARAUZYAK","2","2","4"
"Nurulkureksari","2","2","4"
"Nusha_n","2","2","4"
"Nusser_kst","2","2","4"
"NutCraker09","2","2","4"
"NUTTYP9","2","2","4"
"Nuza77","3","1","4"
"nve44","3","1","4"
"nvnyn111","2","2","4"
"NVW0937","2","2","4"
"NWHS_ARuehlman","2","2","4"
"nWobbler","1","3","4"
"NX1","2","2","4"
"NXDJFHJDHFJAHJEFDJKS","1","3","4"
"NyaDo07","2","2","4"
"nyainambola","3","1","4"
"nyamdavaa33","2","2","4"
"nycberlin","1","3","4"
"Nyko15","2","2","4"
"nyzszn","1","3","4"
"NZ-Faryabi","2","2","4"
"Nzai0408","3","1","4"
"Nzelensky","2","2","4"
"NZM","1","3","4"
"O_K_I","2","2","4"
"o-o-0-o-o","1","3","4"
"O12-103","2","2","4"
"o1win","3","1","4"
"OA23","1","3","4"
"Oakii","2","2","4"
"Oasif_Ishak","3","1","4"
"ob28130","2","2","4"
"ObamaCare13","2","2","4"
"Oberst_Ouzo","1","3","4"
"OberynM","2","2","4"
"Obeycap","2","2","4"
"obiviousbait","2","2","4"
"obiwankenobi07","1","3","4"
"oblobions","3","1","4"
"Oblonghead","2","2","4"
"Obsidien","2","2","4"
"Obux2","2","2","4"
"occamsarrow","2","2","4"
"Oceanru","2","2","4"
"oceantides87","2","2","4"
"oche1009","1","3","4"
"Ocherednyra","3","1","4"
"ocimax","2","2","4"
"OCMABI","2","2","4"
"Ocram45Chess","2","2","4"
"OctavioR05","3","1","4"
"ocusst","1","3","4"
"ODAI1981","2","2","4"
"odee46","2","2","4"
"oduman-bjksatranc","2","2","4"
"Odybiakez","2","2","4"
"oegallegos","2","2","4"
"oficirovic","2","2","4"
"Ofuffefefeutweosas","2","2","4"
"Ofunde","3","1","4"
"ogenkslank","2","2","4"
"Oggionsss","1","3","4"
"Ogolla","2","2","4"
"ogryuy","2","2","4"
"Oguz_TuraN","2","2","4"
"oguzhancekici","1","3","4"
"OguzKa34","2","2","4"
"oguzzengin","2","2","4"
"OhAWorm","2","2","4"
"Ohayo_minna0","2","2","4"
"ohchesso","2","2","4"
"ohh93","2","2","4"
"ohjiwon","3","1","4"
"OhneBeschrankung","2","2","4"
"Ohno_myquenn","2","2","4"
"Ohure123","1","3","4"
"oiseau23","2","2","4"
"oiuytre","2","2","4"
"oizg","1","3","4"
"ojaspilay","3","1","4"
"Ojey","1","3","4"
"OjO-x-OjO","2","2","4"
"ojuarezm","1","3","4"
"Ojwegsman","2","2","4"
"OK10102020","2","2","4"
"okario35","1","3","4"
"Okdannhaltnicht","1","3","4"
"okiedokie83","2","2","4"
"OkiTon4","2","2","4"
"OkoroNaMe","1","3","4"
"Oksana_k","1","3","4"
"OksanaK04","1","3","4"
"Oksilop","3","1","4"
"okssha","2","2","4"
"okumarian","1","3","4"
"Okurek","1","3","4"
"Okwukwulaurent","2","2","4"
"Ola_weisser","3","1","4"
"Olamileka1","3","1","4"
"olcay09","2","2","4"
"Oldbird","2","2","4"
"oldches","2","2","4"
"OldCrone","3","1","4"
"oldforge","1","3","4"
"oldmantucker","3","1","4"
"oldw","2","2","4"
"Oleg_ch1","2","2","4"
"Oleg_Shkoda","2","2","4"
"Oleg0639","2","2","4"
"Oleg44Oleg","3","1","4"
"Oleg63_Samara","2","2","4"
"Oleg910","1","3","4"
"olegacy","2","2","4"
"Olegananev","1","3","4"
"olegca","2","2","4"
"OlegChechulin","3","1","4"
"olegoleg123856","1","3","4"
"OlegT07071976","1","3","4"
"OleGusev","2","2","4"
"olegush123","2","2","4"
"Oleh1980","2","2","4"
"Olej_Kujawski","2","2","4"
"Olek_Vasylyk","3","1","4"
"OleKhome","2","2","4"
"OleksandrKharkivskyi","2","2","4"
"OleksLovv","2","2","4"
"Olena_Cherescnya","3","1","4"
"OleS_82","2","2","4"
"Olesya_Turkina","1","3","4"
"OlesyaLinkova","2","2","4"
"olezhka_mr1","1","3","4"
"olga_shevtsova","2","2","4"
"OLGA-Atamansha","1","3","4"
"Olga1717","3","1","4"
"OlgaG2112","2","2","4"
"olgasurkova","1","3","4"
"oliva_consulting","3","1","4"
"Olive4684","2","2","4"
"Oliveira456","3","1","4"
"Oliver_Kings","2","2","4"
"oliVER9973","2","2","4"
"OliverThredson","2","2","4"
"OlivierZ","2","2","4"
"olivj13","2","2","4"
"ollaab","2","2","4"
"Olllzzz7777","1","3","4"
"ologrammatico","2","2","4"
"olsk95","2","2","4"
"Olti06","1","3","4"
"OLUWAKEMI360","3","1","4"
"Olya_V","2","2","4"
"olygaz_777","2","2","4"
"om6655","2","2","4"
"omar_castellani","2","2","4"
"Omar-mo77","2","2","4"
"omar58","2","2","4"
"Omarain","3","1","4"
"omarazazy11","1","3","4"
"OmarDehina","2","2","4"
"OmarElkhouly1997","2","2","4"
"OmarHanyVib","2","2","4"
"Omarito-00","1","3","4"
"omarK2014","1","3","4"
"omarkababchi","1","3","4"
"Omarkassem91","3","1","4"
"omarkh93","2","2","4"
"omarsedeek","2","2","4"
"omarwhite","1","3","4"
"omarxan","3","1","4"
"ombline04","1","3","4"
"omchitale","3","1","4"
"omer_turan47","2","2","4"
"omeracar007","2","2","4"
"Omerogattonero","2","2","4"
"Omid_Razmi13","3","1","4"
"Omid1374mir","2","2","4"
"omisBomis","2","2","4"
"Omkar522123","2","2","4"
"omm123","3","1","4"
"Omnamahshivaa","2","2","4"
"omniaux","1","3","4"
"omribuch","1","3","4"
"omur4950","2","2","4"
"ondrejicek","3","1","4"
"ONE-N-DACHAMBERS23","3","1","4"
"onebadmf562","1","3","4"
"OneIOumuamua","2","2","4"
"Oneloveunited","1","3","4"
"OneTiredBoi","2","2","4"
"oneton","2","2","4"
"OnFire118","2","2","4"
"Oniel_J","1","3","4"
"onigiri_fiend","1","3","4"
"OnisukaLearn","3","1","4"
"onixnitro","2","2","4"
"onkar1356","2","2","4"
"ons123","2","2","4"
"OnufrienkoNikita","2","2","4"
"Onur_Kacr","2","2","4"
"OnurGamcici","2","2","4"
"onurglmn","3","1","4"
"onuurkayaa","2","2","4"
"Onyxpawn","1","3","4"
"oo7chesshi","2","2","4"
"Oogieman","2","2","4"
"OopulLEeP_B_3acaDe","2","2","4"
"operafan","2","2","4"
"opipramol","2","2","4"
"Opowiem","2","2","4"
"opptedman","3","1","4"
"opticalman","3","1","4"
"Optimus_Knight","3","1","4"
"OptimusPrime17","1","3","4"
"Orange_ya_glad","2","2","4"
"Orazbek_Erimov","2","2","4"
"Orbeater","2","2","4"
"ordi1","2","2","4"
"Ordinario","3","1","4"
"ORDINATOR","2","2","4"
"ordnung","2","2","4"
"orel_chess13","3","1","4"
"Oremon26","1","3","4"
"orestis_cfu","2","2","4"
"Orf1923","1","3","4"
"Oriolfd","2","2","4"
"ORION2342","2","2","4"
"OrisChess","3","1","4"
"Orlando0901","2","2","4"
"orlov9501","2","2","4"
"orthogonalox","1","3","4"
"orugrohit","3","1","4"
"Os_0S","3","1","4"
"Os1va123","1","3","4"
"OSAED_E4E5","2","2","4"
"osama7abdh","2","2","4"
"Osamaqe77","2","2","4"
"OsC9312","2","2","4"
"Oscar46","2","2","4"
"oscar5403","2","2","4"
"oscareriksson94","1","3","4"
"OscarJCastro","2","2","4"
"Oscarjimenez03","2","2","4"
"Oscarjno","3","1","4"
"oscarmflores","2","2","4"
"Oscarpov30","1","3","4"
"oselposel","2","2","4"
"Osi70","2","2","4"
"osielmartins","2","2","4"
"ositotedy_cabezon","2","2","4"
"OSKADAS","1","3","4"
"osmanwrr","2","2","4"
"OSMANZED","2","2","4"
"osmontano","2","2","4"
"oss55","2","2","4"
"ossoss88","2","2","4"
"Osten_Backen","1","3","4"
"Ostera","2","2","4"
"ostum0001","3","1","4"
"Osulf","1","3","4"
"OTB1914","1","3","4"
"othman_alsoufi","2","2","4"
"Otopatamar2019","3","1","4"
"otopdlt30","2","2","4"
"OTOYUSURU","3","1","4"
"Otrov","3","1","4"
"otsenre-9691","1","3","4"
"otve4ayka","2","2","4"
"ousama991314","2","2","4"
"Oussama18","2","2","4"
"oussamakakashi","2","2","4"
"outazzarine","2","2","4"
"outsider53","1","3","4"
"outsidesp4ce","2","2","4"
"ouz958","2","2","4"
"ouzmane","1","3","4"
"ova4511","1","3","4"
"Ovaspark","2","2","4"
"overdirve888","2","2","4"
"Overrated_Bum","2","2","4"
"OverrideQ","1","3","4"
"OvertimeJamie","2","2","4"
"Oviya2015","2","2","4"
"OwaJ","3","1","4"
"owen339","3","1","4"
"Owenbuule","2","2","4"
"owengethings","2","2","4"
"OwenNam","1","3","4"
"oww8989","2","2","4"
"Oxana_Ivachova","2","2","4"
"OxanaGoose","2","2","4"
"oxcy","2","2","4"
"oxkrix","3","1","4"
"oxtrafizit","3","1","4"
"oxxmr","3","1","4"
"OxygenAir","2","2","4"
"ozanbakis","2","2","4"
"ozcan1907","2","2","4"
"ozdenata","2","2","4"
"OzelRixat","2","2","4"
"ozgurakar01","2","2","4"
"ozgurb1234","2","2","4"
"ozgurfirat2507","2","2","4"
"P_ascalChess","1","3","4"
"p11tzy","1","3","4"
"P123riyam","2","2","4"
"p1omBA","2","2","4"
"P4blo987","2","2","4"
"P88kumar","3","1","4"
"pabaileylawNo1","3","1","4"
"Pablo_55555","2","2","4"
"Pablo121282","2","2","4"
"pabloal","2","2","4"
"PABLODT","2","2","4"
"pabloernandes","2","2","4"
"PabloFrigoliAgro","2","2","4"
"Pablogonzalez1","2","2","4"
"Pablojaque1","2","2","4"
"PabloLegui","2","2","4"
"pabloruiz76","2","2","4"
"PAC3","2","2","4"
"pacbaikal","1","3","4"
"pacoboss","2","2","4"
"pacoja","2","2","4"
"paddy_k29","2","2","4"
"Paddy-AUS","2","2","4"
"Padel88","2","2","4"
"PadgeUK","2","2","4"
"padma871","3","1","4"
"padrinhoasj","1","3","4"
"Padrinooo","2","2","4"
"pahan100","2","2","4"
"PaimeiRSM","1","3","4"
"PairyHenis69","2","2","4"
"Paisley-l-OHES","2","2","4"
"paistivain","2","2","4"
"paket_kiricha","1","3","4"
"PaketUA","2","2","4"
"Pakox485","2","2","4"
"Palakkadan","2","2","4"
"PALANIBHARATHI","2","2","4"
"palauknera","2","2","4"
"Palcinov","2","2","4"
"palermas","3","1","4"
"Palkovvodetss","2","2","4"
"PallabAnwar1977","2","2","4"
"PalmBeachmoe56","2","2","4"
"paloma_casanueva","2","2","4"
"palombe","2","2","4"
"PalomitaRamirez","2","2","4"
"palvarezrojas","3","1","4"
"Pambazofrito","2","2","4"
"PAMBT","2","2","4"
"PamJ322","2","2","4"
"pancholoscarrera","2","2","4"
"Panchurrete","2","2","4"
"PanDeKeso","1","3","4"
"Pandir","1","3","4"
"pando1644","1","3","4"
"PaneInMyGlass","2","2","4"
"panglim4_kumbang","2","2","4"
"Panjalu","3","1","4"
"Pankajthakurrr","2","2","4"
"panopticonic","2","2","4"
"PanosAndrikopoulos","2","2","4"
"PanosPapagkix","3","1","4"
"Panovvv","2","2","4"
"panpatchi","1","3","4"
"panta888","2","2","4"
"panther982","2","2","4"
"panzoptes","2","2","4"
"paolo13","1","3","4"
"paopao143","1","3","4"
"Papa_Maxima_Fil","1","3","4"
"papadez","1","3","4"
"Papaju","2","2","4"
"Papakapi","3","1","4"
"Papalote-MX","2","2","4"
"Papilion101","2","2","4"
"Papipopo","1","3","4"
"papito12345","3","1","4"
"papke","1","3","4"
"paplu123","2","2","4"
"Papoia","1","3","4"
"papoute45","2","2","4"
"Pappolo65","2","2","4"
"pappyg14","2","2","4"
"Paprikamann","2","2","4"
"PapstvonSchach","1","3","4"
"papymc","2","2","4"
"Paradigma9","1","3","4"
"param_exe","2","2","4"
"parand019","2","2","4"
"parapeta","2","2","4"
"paraphin","2","2","4"
"Paravoz1211","2","2","4"
"parazuga","3","1","4"
"paresh1821","3","1","4"
"Parestesi","2","2","4"
"ParfienRogozyn","2","2","4"
"parhamastaraki","3","1","4"
"Parijna","2","2","4"
"Pariko2","2","2","4"
"pariseze","3","1","4"
"ParishaAkshaj","3","1","4"
"parkman16","2","2","4"
"Parlakistan","2","2","4"
"Parnia93","2","2","4"
"parsa2rj","3","1","4"
"parsashams","2","2","4"
"parschess","2","2","4"
"Parsifal64","3","1","4"
"Parth_112","2","2","4"
"PARTH19","2","2","4"
"parth9999a","2","2","4"
"ParthaFIdE","1","3","4"
"parthchaturvedi","2","2","4"
"ParthSingha2016","2","2","4"
"partyzan77777","1","3","4"
"parveen_kohli","1","3","4"
"PAS_bro1","2","2","4"
"Pasandidnl","2","2","4"
"Pascal47","1","3","4"
"Pasha_Champion","3","1","4"
"Pashakop","1","3","4"
"Pashat333","3","1","4"
"PashkaPalogein","2","2","4"
"PASHUPATCHAKRABORTY1","2","2","4"
"pasoliniii","1","3","4"
"Paspaa","3","1","4"
"PASPASCAL","3","1","4"
"passha1","2","2","4"
"passingshot","2","2","4"
"PasteldeOvo","2","2","4"
"pastopranno","1","3","4"
"PastorMelbin","2","2","4"
"PastushenkoSasha","2","2","4"
"pasztecioch","2","2","4"
"pat1175","1","3","4"
"patab","1","3","4"
"patamodeler","2","2","4"
"patatablava","2","2","4"
"Patates18","2","2","4"
"Patch25","2","2","4"
"pateaubeure218","1","3","4"
"patelarpan","2","2","4"
"Paterkater","2","2","4"
"Patesn","2","2","4"
"pathay31","3","1","4"
"patito139","3","1","4"
"patjam","2","2","4"
"patlau","1","3","4"
"patlowpat","3","1","4"
"Patoche05","3","1","4"
"patogun","2","2","4"
"patounetflix","2","2","4"
"Patr_10","2","2","4"
"Patrick1_1","2","2","4"
"PATRICK2237","2","2","4"
"Patrick2806","2","2","4"
"patrickkarlsson","3","1","4"
"patrickmcgraw75","1","3","4"
"Patrickstar543","2","2","4"
"patricmarat","3","1","4"
"Patriksteinbacher","2","2","4"
"Patriot45","2","2","4"
"patryk9038","1","3","4"
"patsyc12","1","3","4"
"Pature","1","3","4"
"patzouille2000","1","3","4"
"pauba19","2","2","4"
"PAUL25-WALTERS","2","2","4"
"paul974","1","3","4"
"paulaaaaaaaaa","2","2","4"
"PaulAllenCard","2","2","4"
"PaulAndrey","2","2","4"
"Paulboloco","3","1","4"
"PaulBuhay","2","2","4"
"pauldob","2","2","4"
"Paulluo1965","1","3","4"
"Paulmc","2","2","4"
"paulo3maia","3","1","4"
"paulomiranda881","2","2","4"
"paulosminog","2","2","4"
"paulshiyan","3","1","4"
"PaulyLama","3","1","4"
"PAV4N13","2","2","4"
"Pavan-_-Rao","1","3","4"
"pavan2003","3","1","4"
"Pavanks123","3","1","4"
"PavanKumarR","2","2","4"
"PAVEL_359","3","1","4"
"Pavel_borzoff","2","2","4"
"Pavel_Dmitriev","2","2","4"
"Pavel_Khaustovich","2","2","4"
"Pavel_matsukatov","2","2","4"
"Pavel123456789101112","2","2","4"
"Pavel27111980","2","2","4"
"Pavel396","3","1","4"
"Pavelgerasimenko1008","2","2","4"
"PavelMart2022","3","1","4"
"PavelMyln","2","2","4"
"pavelsmerdyakov","3","1","4"
"Pavelsonchess","2","2","4"
"Pavlo_R","2","2","4"
"pawel052014","1","3","4"
"pawel83","2","2","4"
"Pawn1001","2","2","4"
"pawn4king","3","1","4"
"pawninthecastle","1","3","4"
"Pawnmare","2","2","4"
"pawnWithBigDreams","2","2","4"
"pawpei","2","2","4"
"paykin","2","2","4"
"paysa52","1","3","4"
"PBRaval","3","1","4"
"Pcharto","2","2","4"
"Pcheloagregator","2","2","4"
"pDhankhar61","2","2","4"
"PDQC","2","2","4"
"pdramd","1","3","4"
"peaches1regalia","1","3","4"
"peanasan","2","2","4"
"peao1476","2","2","4"
"pearl3","2","2","4"
"pedbashi","1","3","4"
"Pedro-Guerreiro21","2","2","4"
"pedroboato568","1","3","4"
"pedrobomfim","2","2","4"
"PedroKing","2","2","4"
"pedrolcguns","2","2","4"
"PedroR11","2","2","4"
"Pedrostein","1","3","4"
"Peeeaanutt","1","3","4"
"Peeet42","2","2","4"
"Peeonnvuelve","1","3","4"
"Peerah_Ik_istar","2","2","4"
"pefecfenix","2","2","4"
"pehanna","1","3","4"
"Peipera","2","2","4"
"pejal_ib","1","3","4"
"PekaSrbija","3","1","4"
"PekkaElite","2","2","4"
"Peky12","3","1","4"
"Pelato2007","1","3","4"
"pelleponaset","2","2","4"
"pelmeni228123","2","2","4"
"pelon2345609","3","1","4"
"peltoche","2","2","4"
"peluncur_jin4k","2","2","4"
"Pengu1n14","3","1","4"
"peniwi","2","2","4"
"Pennychance","2","2","4"
"Pensioner20","2","2","4"
"Penzo77","2","2","4"
"penztaroslorinc","2","2","4"
"peonaco","2","2","4"
"peonralista","2","2","4"
"PepeCollazos","3","1","4"
"Pepem","1","3","4"
"pepitodelas","2","2","4"
"Peppino2020","2","2","4"
"peppypearls","3","1","4"
"pera97","1","3","4"
"Peraist","3","1","4"
"Perass","2","2","4"
"perdomen","2","2","4"
"Perdoslaw","2","2","4"
"pereirar3","2","2","4"
"Perepel09","2","2","4"
"perev1986","2","2","4"
"pergelcetvel","2","2","4"
"perhapsness","2","2","4"
"perico98","2","2","4"
"perins","2","2","4"
"PEROVO1980","2","2","4"
"perpetuallysleepy","2","2","4"
"PerQuist","1","3","4"
"persh2014","2","2","4"
"PersonNaibaho","1","3","4"
"perspoolisgroup","2","2","4"
"perularra","2","2","4"
"perysalas","1","3","4"
"Peschka22","2","2","4"
"pesoge","2","2","4"
"Pestilenz","2","2","4"
"PeteHTD","3","1","4"
"Peter_Pickford","2","2","4"
"peter88roma","2","2","4"
"PeterArmstrong9","1","3","4"
"petermcgrath1039","2","2","4"
"Peterrs","1","3","4"
"peters1988","1","3","4"
"petitpierre","1","3","4"
"Petr12365","2","2","4"
"petr900","2","2","4"
"Petrdydoladov","3","1","4"
"Petro228","2","2","4"
"petro703","3","1","4"
"petro84","2","2","4"
"Petronio10","2","2","4"
"petrosian2000","2","2","4"
"Petrundel1988","2","2","4"
"Petrusp","2","2","4"
"petsuter","2","2","4"
"Pettis","2","2","4"
"pety6666","2","2","4"
"Petzzzz","2","2","4"
"pexelse","1","3","4"
"peymanbobkatz","2","2","4"
"pezdecolor","3","1","4"
"pezeka11","3","1","4"
"Pezhmanz","3","1","4"
"pfgermann","3","1","4"
"PFYlol","3","1","4"
"pgcpgc","2","2","4"
"PGK_Smila","2","2","4"
"PGL007","2","2","4"
"pgrau","2","2","4"
"ph_t07","2","2","4"
"Ph_y","3","1","4"
"ph0dder","2","2","4"
"phadkeanish","2","2","4"
"phamhaphuong2016","2","2","4"
"Phamhieu3b","2","2","4"
"phamkiet24","1","3","4"
"PhamNguyenMyVan5","2","2","4"
"PhamVuNgocHan","2","2","4"
"Phanhoangbach2015","2","2","4"
"phanleanhthu-05","2","2","4"
"PHANLEDIEPCHI","2","2","4"
"PhanMinhNhat","2","2","4"
"PhanNhatLoi5","2","2","4"
"Phantasien","2","2","4"
"phanvanhien","2","2","4"
"Phate4219","3","1","4"
"phcphc","3","1","4"
"phibr87","2","2","4"
"Phil1954","3","1","4"
"PhilDumont","2","2","4"
"Philetto","2","2","4"
"philhastings","2","2","4"
"philidor_hater","2","2","4"
"Philip2260","2","2","4"
"Philipe199907","2","2","4"
"Philipp_1983","2","2","4"
"philipp-the-bishop","2","2","4"
"Philipp300","3","1","4"
"philippbrr","3","1","4"
"Philippe-Victor","2","2","4"
"Philippe1602","1","3","4"
"Philippe6478","2","2","4"
"PhilippPRV","2","2","4"
"Philistin12","1","3","4"
"philosophy84","2","2","4"
"Philphilou","1","3","4"
"PHINX02","3","1","4"
"Phiriphill","3","1","4"
"phirisson7","2","2","4"
"phisikspivom","2","2","4"
"Phneutro_92","2","2","4"
"Phoenix172003","2","2","4"
"phreno","2","2","4"
"phtheblack","1","3","4"
"phunguyenviet","1","3","4"
"PHUONGNGA-TB","2","2","4"
"phuthien2012","2","2","4"
"PiagNoNe","2","2","4"
"Pianist04","2","2","4"
"Pibs0","2","2","4"
"Picinisco","2","2","4"
"piconinis2","1","3","4"
"picxel1","2","2","4"
"pieceofchalk0","2","2","4"
"pieceup_06","2","2","4"
"pieczara06","2","2","4"
"Pier-anaesth","2","2","4"
"Pier1977","3","1","4"
"Pierozzo","2","2","4"
"Pierpez","3","1","4"
"Pierre09","2","2","4"
"Pierre6761","2","2","4"
"pietfrancke","2","2","4"
"pietrius","1","3","4"
"Pietro988","1","3","4"
"Pigmeus","2","2","4"
"Pih0001","2","2","4"
"Pilarttey","2","2","4"
"PiLAso","2","2","4"
"pilgrimsprogress","2","2","4"
"PilgrimZro","3","1","4"
"pillaimanojr","2","2","4"
"pilzi","2","2","4"
"pilzien","3","1","4"
"pinchez7","2","2","4"
"Pinehill","1","3","4"
"Pingbrain","2","2","4"
"pingoman","2","2","4"
"pinguinauta","3","1","4"
"pinjari","1","3","4"
"Pinlover","2","2","4"
"PinotNoir77","2","2","4"
"pinposzka","2","2","4"
"PinsKek","1","3","4"
"Pinto038","1","3","4"
"Piomos101","1","3","4"
"pionneke","3","1","4"
"Pionneken","2","2","4"
"pionpoin","2","2","4"
"pios76","2","2","4"
"Piotr_M80","1","3","4"
"Piotrek2014","2","2","4"
"Pipa42","2","2","4"
"PIPBOY3000","2","2","4"
"piper808","3","1","4"
"pipipa","2","2","4"
"pippo1234567","2","2","4"
"pipporic","2","2","4"
"pipysha","2","2","4"
"Pir-Imran","2","2","4"
"PiracyAgreement","2","2","4"
"piramo","3","1","4"
"pirate_rat","2","2","4"
"Pirilliccuu","2","2","4"
"pirula","2","2","4"
"Pishchymukha_Roman","2","2","4"
"piskolabis71","2","2","4"
"pitapit","2","2","4"
"pithapuram","2","2","4"
"pitomba","2","2","4"
"pityguly","3","1","4"
"Piv4ik_55","2","2","4"
"Pivnoy_Lord","3","1","4"
"PixD","2","2","4"
"PixelPlayground2023","3","1","4"
"Pixouye","2","2","4"
"piyin","2","2","4"
"piyushk20","2","2","4"
"Pizzarium","2","2","4"
"Pizzingrillo","2","2","4"
"pjgyc72","1","3","4"
"PJosh","2","2","4"
"pk_010484","3","1","4"
"pk2rx","3","1","4"
"Pkhiem2502","2","2","4"
"pksubair","2","2","4"
"pksvishy","2","2","4"
"PL0629","2","2","4"
"placoco","2","2","4"
"Plantik1961","1","3","4"
"Plast28","3","1","4"
"platense369","3","1","4"
"Platinum001","2","2","4"
"Platon_Kastarnov","1","3","4"
"platonnic","1","3","4"
"playchesskwell","2","2","4"
"player23121267","1","3","4"
"Player864343","2","2","4"
"PlayerIPlayerII","2","2","4"
"playingchesshighaf","1","3","4"
"Playjisung","1","3","4"
"PLAYMAKER77","3","1","4"
"pleasejustletmeplay","2","2","4"
"PLI-TranNgocLinh2013","2","2","4"
"plkanth","2","2","4"
"plmogensen","2","2","4"
"plnv84","2","2","4"
"ploki53","2","2","4"
"plumepoil","3","1","4"
"Pluto_I","2","2","4"
"Pluto450","2","2","4"
"PM29C","2","2","4"
"PMJJF","2","2","4"
"PMNeacsu","1","3","4"
"Pmph2","3","1","4"
"pnmadelaine","1","3","4"
"Po1ntChess","1","3","4"
"pob123","2","2","4"
"pocketboy","2","2","4"
"pod909","1","3","4"
"pogitoyako1982","1","3","4"
"Pogosik","2","2","4"
"Pokemon_XandY_fan","2","2","4"
"pokemonforlife","2","2","4"
"pokhriyal135","3","1","4"
"PoladAbgulov","2","2","4"
"Polanyibernal","3","1","4"
"PolarPajamas","2","2","4"
"Polarvictoire","1","3","4"
"Polatderlerbana","2","2","4"
"Polexx","2","2","4"
"polichinellesecret","2","2","4"
"PolinaVelikorossova","2","2","4"
"polipixsi","1","3","4"
"Polishchessman","2","2","4"
"polkan99","1","3","4"
"pollis42","2","2","4"
"polloBaruc","2","2","4"
"Pollynikes","2","2","4"
"Polmarol","2","2","4"
"polomko","2","2","4"
"PoloSales","2","2","4"
"Poloz_100","2","2","4"
"Pomareta","2","2","4"
"pomfryc","2","2","4"
"pommechaude","1","3","4"
"Pomo321","2","2","4"
"Pompettineno","2","2","4"
"Pompiri","3","1","4"
"Ponchikosokorki2022","2","2","4"
"Ponomarer81","2","2","4"
"PonzianiBoy","2","2","4"
"poojaramesh786","1","3","4"
"PooliosAlde","2","2","4"
"poompanzee","2","2","4"
"Poortrash","2","2","4"
"poorvik_pidugu","2","2","4"
"pooya_far","2","2","4"
"Pooya23","2","2","4"
"Popikun","2","2","4"
"poplockuser","3","1","4"
"Popov8439","2","2","4"
"porasbulsara","1","3","4"
"porkalam","2","2","4"
"porosherakles","2","2","4"
"Porterburton44","2","2","4"
"PortilloJ","2","2","4"
"poruchik26","2","2","4"
"Posek1","2","2","4"
"potapovdv1975","1","3","4"
"Potato_Goth","2","2","4"
"PotatoCantplaychess","2","2","4"
"Potkan28","3","1","4"
"PotluckHaigh99","2","2","4"
"pour83","1","3","4"
"Pouriya_arjmandi","2","2","4"
"Pouryaking","2","2","4"
"Pouya_Borhani","2","2","4"
"powahau5","2","2","4"
"poweramp480","2","2","4"
"Powermann","2","2","4"
"PowernapAbuserr","2","2","4"
"powerofthequeen","1","3","4"
"poyraz_ko3","1","3","4"
"Poyrazbir","2","2","4"
"pp76","3","1","4"
"ppAlekc","3","1","4"
"ppooww","2","2","4"
"pprithul","2","2","4"
"Pqd26bi","1","3","4"
"PQuintela","2","2","4"
"PRABATH8098","1","3","4"
"PrabhatRasula12020","1","3","4"
"Prabhatsinhachandra","2","2","4"
"PrabuUlaganathan","2","2","4"
"prad7966","2","2","4"
"Pradeepkumara","2","2","4"
"Pradigintungkbpl","2","2","4"
"Pradnyesh123","1","3","4"
"PRADYUN_RSPA","2","2","4"
"Pragu2401","1","3","4"
"prahlad116","2","2","4"
"PRAJEETHIPS","2","2","4"
"pramod_chourasiya","3","1","4"
"pramod1902","3","1","4"
"pranavgupta141","1","3","4"
"PranavNair5543","2","2","4"
"pranaybansal21","3","1","4"
"pranchali","3","1","4"
"PraritArora","2","2","4"
"prashaint","2","2","4"
"Prashanna12","2","2","4"
"PrashantSamy","2","2","4"
"Pratham1314","2","2","4"
"pratham201707","1","3","4"
"pratheeshkarthi","2","2","4"
"prathik588","2","2","4"
"PrathmeshDarak123","2","2","4"
"pratikjainqg","2","2","4"
"PratZen77","1","3","4"
"Praveen97","3","1","4"
"praveeng30","2","2","4"
"praverchawla","1","3","4"
"Pravin19790","2","2","4"
"Pred21","3","1","4"
"predator618","2","2","4"
"PREETKENIA24","2","2","4"
"premiumcrash","3","1","4"
"prench","2","2","4"
"Preneesh","1","3","4"
"prenitw","3","1","4"
"Preptassium","1","3","4"
"prestigebd","2","2","4"
"PreuxChevalier","2","2","4"
"PreZthemAll","1","3","4"
"PRIETOBETIS","2","2","4"
"Prifes","2","2","4"
"prince_dbleuets","3","1","4"
"PrinceMSingh","2","2","4"
"Princess_Daniella","3","1","4"
"PrincipeAzul","1","3","4"
"princyguptag","2","2","4"
"Printsream","1","3","4"
"Prisantana","2","2","4"
"Prisha_2011_29","1","3","4"
"prisonerrr","2","2","4"
"pritam7353","2","2","4"
"Prithiviraj_Chess","2","2","4"
"PrivateGolf","2","2","4"
"privateperson","2","2","4"
"Priya2k3","2","2","4"
"priyanchopra","2","2","4"
"PriyanshuJayara2001","2","2","4"
"Priyavarsini","1","3","4"
"Priyesh786","2","2","4"
"PRL58","2","2","4"
"prmenon","2","2","4"
"prmn1988","1","3","4"
"pro_killerrrr265","3","1","4"
"pro-talo","1","3","4"
"pro100doc","3","1","4"
"probstat","2","2","4"
"ProChessOnChess","2","2","4"
"Prodid","2","2","4"
"prof_gandalf","3","1","4"
"prof_joao_antonio","2","2","4"
"Prof_JoaoMoreira","2","2","4"
"Prof_Maxi","2","2","4"
"profaVa","2","2","4"
"ProfCunning","3","1","4"
"profediegoalejandro","3","1","4"
"profesorajedrezpica","2","2","4"
"Professioneller","2","2","4"
"Professor-Praise","2","2","4"
"profeta91","1","3","4"
"Proficci","2","2","4"
"Profjjw","2","2","4"
"Progamer123213","2","2","4"
"Programmer_254","2","2","4"
"progyigod","2","2","4"
"prOkl9","2","2","4"
"prolepsie-16","2","2","4"
"ProletdesAlltags","2","2","4"
"promete","2","2","4"
"pronint","2","2","4"
"pronuri07","2","2","4"
"Propane-Dealer","2","2","4"
"prorock456","3","1","4"
"Proskurin7","1","3","4"
"Prospero753","2","2","4"
"prosrk","2","2","4"
"prostar2000","2","2","4"
"Prosto_Alina","1","3","4"
"ProstoMaria","1","3","4"
"Protik_Raihan","2","2","4"
"ProtoGott","2","2","4"
"proton555","2","2","4"
"prowessjen","3","1","4"
"pruks6","2","2","4"
"przemaszachista","2","2","4"
"ps5play","1","3","4"
"PSAU_ReeQ","2","2","4"
"pserv85","2","2","4"
"psf-M2000","3","1","4"
"psherl1","2","2","4"
"psidd92","3","1","4"
"pskline","3","1","4"
"pspspspspspsps","2","2","4"
"pssharma1410","3","1","4"
"Psxt12","2","2","4"
"Psy_Geo","3","1","4"
"PsyQi","2","2","4"
"PT-1701AT","1","3","4"
"Pthumm","2","2","4"
"pthyagu2u","2","2","4"
"pticasso","2","2","4"
"ptr_62","3","1","4"
"Pueppi00","2","2","4"
"pufferfisheatscarrot","2","2","4"
"puglu420","2","2","4"
"pukgna","2","2","4"
"Pukin-vor","2","2","4"
"Pula4c4","2","2","4"
"PULARAMYA","2","2","4"
"Pullin","2","2","4"
"Pulquilarioja","1","3","4"
"Pulsarite","2","2","4"
"puma99999","3","1","4"
"Pumba_86","2","2","4"
"PuneethNettem","2","2","4"
"puneetzeraj","1","3","4"
"Puneh","1","3","4"
"Punkopen","2","2","4"
"punnes1","2","2","4"
"Punorama","3","1","4"
"Pupitre17","2","2","4"
"puppetmiester","2","2","4"
"Pure_Tea","3","1","4"
"PureWhiteFE","2","2","4"
"purplecandy","2","2","4"
"push_pawn","2","2","4"
"pushentucara","2","2","4"
"PushyAnand","2","2","4"
"pusty84","2","2","4"
"Putra_Pku","2","2","4"
"Puuseppo","2","2","4"
"Puzzleenjoyer","2","2","4"
"PVH75","2","2","4"
"PVSekhar","2","2","4"
"PWestland","2","2","4"
"Pwmsoxfan","2","2","4"
"pwtv","2","2","4"
"pyarali","2","2","4"
"pyercron","1","3","4"
"Pyman5252","1","3","4"
"pyoro","2","2","4"
"PyramidX","3","1","4"
"python_man","2","2","4"
"pyzyk","3","1","4"
"pzache","2","2","4"
"q22q","3","1","4"
"qallysta","2","2","4"
"QasderChess","2","2","4"
"qaz2wsxJF8","2","2","4"
"qazjonas","1","3","4"
"qazwsx10","2","2","4"
"Qe_xy","3","1","4"
"QingisQ","1","3","4"
"Qkas","2","2","4"
"qlsjtmek2","2","2","4"
"qoinchgorc","1","3","4"
"Qonax113","2","2","4"
"qotkdqor","2","2","4"
"Quack75","2","2","4"
"quadro_4wd","2","2","4"
"Quanghuyprovip1","1","3","4"
"quaterBaked","3","1","4"
"queen-67","2","2","4"
"QueenBorthwick","2","2","4"
"QueenDarcy1","1","3","4"
"QueenDestroyer1","2","2","4"
"Queenmatters","1","3","4"
"queensgambit82","2","2","4"
"queenstreming","1","3","4"
"Queiser1304","2","2","4"
"Quentin79","2","2","4"
"Quentino31415","1","3","4"
"questal","2","2","4"
"Queteimporta2021","2","2","4"
"Quetschboy","3","1","4"
"quichefroide","2","2","4"
"quico_sagunt","2","2","4"
"Quietrunning","2","2","4"
"Quimoi","2","2","4"
"quiquin64","1","3","4"
"Quixote13","2","2","4"
"Quorthon99","2","2","4"
"Qvwd","3","1","4"
"Qwe260101","2","2","4"
"qweeze69","1","3","4"
"Qwerty_Turk","3","1","4"
"qwertyseven","2","2","4"
"qwertyu123","2","2","4"
"Qwon","2","2","4"
"Qzqudkjd","2","2","4"
"qzwxec4","2","2","4"
"R_07_2014","2","2","4"
"R_23_ron","2","2","4"
"R_A_P_2010","2","2","4"
"R_Champ","1","3","4"
"R_Farrukh","2","2","4"
"r_gadlevsky","3","1","4"
"R_Maxim","2","2","4"
"r_rostami1394","2","2","4"
"R_SV","2","2","4"
"r_Thor","3","1","4"
"R-Kaylee","2","2","4"
"R-Rahzad1391","3","1","4"
"r06borek","2","2","4"
"R083R","2","2","4"
"r0mada","2","2","4"
"r0stlin","2","2","4"
"R1xXx","3","1","4"
"r3dis","3","1","4"
"R3pon","3","1","4"
"R4ttlesnake","2","2","4"
"R7ph7o","2","2","4"
"raaabert12345","2","2","4"
"raagphukan","2","2","4"
"Raahyl_14","2","2","4"
"Rab6724","1","3","4"
"RabatKv","2","2","4"
"RabaukenAndi","3","1","4"
"rabbitatitsbest","2","2","4"
"RabbitBoss","2","2","4"
"rabbitcarrot73","2","2","4"
"RABE-Ange-Nathan","3","1","4"
"Rabee_sh_k","2","2","4"
"rabieabboud","2","2","4"
"rabigho","2","2","4"
"Rabrahem","1","3","4"
"RachelA77","2","2","4"
"RACHIDOVE","2","2","4"
"Racki61","1","3","4"
"Racon_Post","1","3","4"
"rad13351956","3","1","4"
"RadamaII","2","2","4"
"Radd-e","3","1","4"
"Radeenshahsavari2014","2","2","4"
"radha10","2","2","4"
"Radhakishor","2","2","4"
"Radisttvv","2","2","4"
"RadMirov","1","3","4"
"radwinmarvasti","2","2","4"
"Raeghar94","3","1","4"
"Rafa_Morf_Luos","2","2","4"
"Rafa456","2","2","4"
"RafaBrahimabdi","1","3","4"
"Rafael_Asmus_Leon","1","3","4"
"rafalniebie","2","2","4"
"rafcat","2","2","4"
"Raff56","3","1","4"
"Raffaello9000","2","2","4"
"Raffaian","2","2","4"
"Raffinator5000","2","2","4"
"Raffy1972","1","3","4"
"rafgalina","1","3","4"
"Rafi2014","2","2","4"
"Rafik75","2","2","4"
"Rafiki50690","3","1","4"
"Rafikshaikhkosamba","2","2","4"
"rafiq-z","2","2","4"
"raghav11x","1","3","4"
"raghavr3","2","2","4"
"Raghubar_Tyagi","3","1","4"
"ragnar_97","2","2","4"
"Raguililbrowni","1","3","4"
"ragul_r","1","3","4"
"Rahb","2","2","4"
"rahim0504","2","2","4"
"Rahini01","2","2","4"
"rahmannafizur","2","2","4"
"RAHMAT_CCN","3","1","4"
"Rahmsoose","1","3","4"
"Rahul_bora786","2","2","4"
"Rahul_WCC","2","2","4"
"Rahul760","2","2","4"
"RahulNahar","1","3","4"
"rahuram","2","2","4"
"Raian-2_8","2","2","4"
"Raidel83","2","2","4"
"Raiden15","2","2","4"
"Raijohnson","3","1","4"
"RaikaScout","1","3","4"
"Rain-9","1","3","4"
"Rainiel2oo8","2","2","4"
"raitan","2","2","4"
"RaiWolf","2","2","4"
"Raj_Ankit","2","2","4"
"raj_kapil","2","2","4"
"raj4sne","2","2","4"
"raj65","2","2","4"
"raja950","2","2","4"
"rajanchitra","2","2","4"
"RajaPPy","3","1","4"
"rajar9475","3","1","4"
"Rajashree09092013","2","2","4"
"rajat_raju","1","3","4"
"rajat211","2","2","4"
"RAJATDATTA1986","2","2","4"
"RajatHore88","2","2","4"
"rajesh1990","1","3","4"
"Rajesh6815","2","2","4"
"Rajeshkandhasamy","2","2","4"
"rajeshlo3052","2","2","4"
"Rajivmaha","2","2","4"
"RajKamalJain","2","2","4"
"RajKishan7870","2","2","4"
"RajkumarPatait1981","2","2","4"
"Rajput_immortal","2","2","4"
"rajsanchit1611","3","1","4"
"RajVinay","2","2","4"
"RajvosaEnjoyer","2","2","4"
"rakesh2r","2","2","4"
"Rakhsh2022","1","3","4"
"Rakibul6","2","2","4"
"Rakim86","2","2","4"
"rakko64","2","2","4"
"RakNirina","1","3","4"
"Rakotozafy_Aina","2","2","4"
"rakovnikita","2","2","4"
"ral_pel","1","3","4"
"Ralf-57","2","2","4"
"Ralle1234","2","2","4"
"Rallenkov","1","3","4"
"ram-ram","2","2","4"
"ram047","2","2","4"
"Ram1183","1","3","4"
"ramachandran2012","2","2","4"
"Ramaiyah","1","3","4"
"Ramanen","2","2","4"
"RAMBO9595","1","3","4"
"Ramdaniramdani","3","1","4"
"ramde01","2","2","4"
"Ramdom20221","1","3","4"
"Rame1983","1","3","4"
"ramenfort","2","2","4"
"RamGoki","2","2","4"
"Rami_25","2","2","4"
"rami_dz","2","2","4"
"Ramin-abd","2","2","4"
"Ramin71","3","1","4"
"Ramogwana_M","2","2","4"
"Ramonet55","2","2","4"
"Ramphal","1","3","4"
"Ramszesz","2","2","4"
"ramtag","2","2","4"
"ramtraju","2","2","4"
"ramu2561","1","3","4"
"ramx182","1","3","4"
"Ramy_191298","2","2","4"
"ramy_fp","2","2","4"
"ramyasenthil","2","2","4"
"RamyBjeoui","2","2","4"
"RamyXxX","3","1","4"
"rana14","3","1","4"
"Randalles","1","3","4"
"Randeon","2","2","4"
"Randobat","2","2","4"
"Randomaccount_15","2","2","4"
"RandomNoobNr1","2","2","4"
"Randrianaly","3","1","4"
"raneshv","2","2","4"
"Rangabati","3","1","4"
"Ranger_40","2","2","4"
"ranger1426","2","2","4"
"Ranishkpr","3","1","4"
"raofamiri","2","2","4"
"Rapace21","2","2","4"
"RaptorBeth","2","2","4"
"Rarao","2","2","4"
"RareChessPlayer","1","3","4"
"raruka","2","2","4"
"rasayerm","1","3","4"
"rasecguedes","1","3","4"
"RASHID1968","2","2","4"
"RashkNavaid","1","3","4"
"Rashwaneven","3","1","4"
"rasimbot","2","2","4"
"rasoulmenhaj","2","2","4"
"Raspa181","1","3","4"
"rasput","2","2","4"
"rasszebbi","2","2","4"
"rastin_9000121","3","1","4"
"Rasul_9","3","1","4"
"ratheesh0103","3","1","4"
"ratorres","2","2","4"
"ratul-moon_1","2","2","4"
"Raubmate","2","2","4"
"raul_ave","2","2","4"
"Raul_cal","2","2","4"
"Raulihno","2","2","4"
"raulrosales","2","2","4"
"RaulSanz","2","2","4"
"ravaka95","2","2","4"
"ravakasafidisoa","3","1","4"
"raveendrant","2","2","4"
"Raven_Jm","1","3","4"
"raven214","1","3","4"
"ravenburger","2","2","4"
"RavenOne","2","2","4"
"Ravidu_Peiris","3","1","4"
"RavinderSingh","2","2","4"
"Ravshan60","3","1","4"
"rawajj","3","1","4"
"Rawey1220","1","3","4"
"raxelsaurus265","1","3","4"
"Raxez","3","1","4"
"Raxim86","2","2","4"
"Ray-Lanche","2","2","4"
"rayan2023","2","2","4"
"rayanaires","3","1","4"
"rayanramdani","2","2","4"
"RayBaucum","1","3","4"
"Rayman87","2","2","4"
"raymanovskiy","2","2","4"
"raymurphy56","3","1","4"
"Rayn_Gosling","3","1","4"
"rayo_fer","2","2","4"
"RAYRAYT","2","2","4"
"Rayth","3","1","4"
"Rayxona_0110","2","2","4"
"RayyanAhlami21","2","2","4"
"razaviii","3","1","4"
"razil551","2","2","4"
"Raziyafff","2","2","4"
"razor_777","2","2","4"
"Razor7526","2","2","4"
"razordiola","2","2","4"
"Rbenitez77","3","1","4"
"RBiswas","3","1","4"
"rbr2020","2","2","4"
"rbro104","2","2","4"
"RBSconst","2","2","4"
"RBTuna","1","3","4"
"Rburcak","2","2","4"
"RC_2000","1","3","4"
"RC2012628","3","1","4"
"RC2022","2","2","4"
"RCA-AR","2","2","4"
"rcgxxxxx","2","2","4"
"Rchevechess","3","1","4"
"rchllgnd","2","2","4"
"rcia","2","2","4"
"Rcister","3","1","4"
"rcsatranchaktan","1","3","4"
"rcsatrancserdar2014","1","3","4"
"Rcubekc","2","2","4"
"RD_s_Dad","3","1","4"
"RDYPLAYERTWO","2","2","4"
"Re0chess","2","2","4"
"Reactar","2","2","4"
"Reader_10","2","2","4"
"RealFighter1406","3","1","4"
"realNON","2","2","4"
"Rechaton","2","2","4"
"rechesssss","2","2","4"
"Recokey","2","2","4"
"Recolecto-Minas","3","1","4"
"recon015","2","2","4"
"RECRUTASTRIKE","2","2","4"
"Recurring-Knightmare","2","2","4"
"RecursivePie","1","3","4"
"red_baby","2","2","4"
"Red-Thunder","2","2","4"
"Reda_Matouk","2","2","4"
"Redaxes","2","2","4"
"Redcronos","2","2","4"
"reddragon3358","2","2","4"
"ReDFox0","2","2","4"
"Redhouse79","2","2","4"
"Redlli0oo","1","3","4"
"RedMarsh","1","3","4"
"Rednaxela18","3","1","4"
"redoin_cr","2","2","4"
"REDRUM22","3","1","4"
"RedSeh","3","1","4"
"redspace89","2","2","4"
"Redwax","1","3","4"
"reedman14","2","2","4"
"ReefFree","2","2","4"
"reenen1","2","2","4"
"RefaatZayed","2","2","4"
"refkumamoto","2","2","4"
"regeh","2","2","4"
"RegisteredChessOffen","3","1","4"
"RegnarsK","2","2","4"
"Regolasfrag","3","1","4"
"regson","1","3","4"
"Regulus0","2","2","4"
"rehanwajid","2","2","4"
"ReiAstuto","2","2","4"
"reinaldopersonal","1","3","4"
"ReinhardtPottie2012","2","2","4"
"reini95","2","2","4"
"ReinReek","2","2","4"
"Reirejid","2","2","4"
"Reise_ow","3","1","4"
"rejmou","2","2","4"
"Rekinp","2","2","4"
"rekordi","2","2","4"
"relaxed_onion","2","2","4"
"relaxingchess86","1","3","4"
"ReleNthako","2","2","4"
"Remaori","2","2","4"
"remass","2","2","4"
"rembiejewski1989","2","2","4"
"Remybobdylan","3","1","4"
"remziismailm","1","3","4"
"renad555","2","2","4"
"renan131","2","2","4"
"renanvieira01","3","1","4"
"RenApt","2","2","4"
"Renat94","1","3","4"
"renata139","2","2","4"
"RenatAsl","2","2","4"
"renatonovaes","2","2","4"
"renatovb","1","3","4"
"RenatoZero","2","2","4"
"Rene-Nogales","2","2","4"
"ReneeJ2","3","1","4"
"renjithkc","2","2","4"
"renq3","2","2","4"
"Rentnerband","2","2","4"
"renzdariel1847","2","2","4"
"RepnikovMisha","2","2","4"
"Repsej","1","3","4"
"Requennator","3","1","4"
"Resataziz29","2","2","4"
"reschrek","1","3","4"
"reseth","2","2","4"
"reso71","2","2","4"
"Reuvenfburg","3","1","4"
"Revelstoke","3","1","4"
"Reven_patel","3","1","4"
"RevengeSuzuki","2","2","4"
"rexbron","1","3","4"
"Rey-DanIsa","2","2","4"
"ReyAlfil01","2","2","4"
"Reyansh72","1","3","4"
"reyanshbot271","2","2","4"
"ReydeBuin","2","2","4"
"Reydominicano06","3","1","4"
"reyesdeltablero","1","3","4"
"reyesdonovan1","3","1","4"
"ReyEsturro","3","1","4"
"Reymar-Carbajal","2","2","4"
"Reysandionisio","2","2","4"
"ReySisifo","2","2","4"
"reza_dadar","2","2","4"
"Reza136401","1","3","4"
"ReZa2024","2","2","4"
"rezaalish","3","1","4"
"RezaGholiha88","2","2","4"
"Rezaheidarbeigi","1","3","4"
"rezakkh43","2","2","4"
"rezashabibi","1","3","4"
"rezgn2031","2","2","4"
"RFM88","1","3","4"
"rfreKing","2","2","4"
"RFT_Fra","1","3","4"
"rghosh","1","3","4"
"rgsmith23","2","2","4"
"RH61","1","3","4"
"Rhaidea","1","3","4"
"rhandste","2","2","4"
"RhettMitchell99","2","2","4"
"Rhinoceros2011","2","2","4"
"RHLenzi","2","2","4"
"rhongarbs","2","2","4"
"Rhonniel13","2","2","4"
"RHost","2","2","4"
"rhysemmanuel09","2","2","4"
"Riaan_Joshua","2","2","4"
"riaansg14","2","2","4"
"riad_rocha1983","1","3","4"
"riad456","2","2","4"
"rialm99","3","1","4"
"rian-nath","2","2","4"
"Riascos26","1","3","4"
"riaspu","1","3","4"
"Ribik","2","2","4"
"Ribol22","2","2","4"
"Ricapiii","2","2","4"
"Ricard0no","1","3","4"
"ricardoamilt81","2","2","4"
"RicardoCastel","2","2","4"
"Ricardochess2022","1","3","4"
"Riccardo73","1","3","4"
"RiccardoVI","2","2","4"
"Ricciomu","1","3","4"
"RiceAbove","2","2","4"
"Rich54321","2","2","4"
"richard-loewenherz10","2","2","4"
"richard1214","2","2","4"
"RichardLefevre","2","2","4"
"Richbari","2","2","4"
"Richessss","2","2","4"
"Richi771","2","2","4"
"Richie2021","3","1","4"
"richiggg","2","2","4"
"Richter_Rat","2","2","4"
"rick012x","2","2","4"
"RickMGcxnl","2","2","4"
"ricknm","2","2","4"
"Ricko_Doroh","2","2","4"
"rickybobbyfischer69","1","3","4"
"RickyMoore1","2","2","4"
"Ricotazulgrana","2","2","4"
"ricuchi","2","2","4"
"ricvieira","2","2","4"
"rida43","2","2","4"
"riddohh","2","2","4"
"ridhaansalgar","2","2","4"
"Ridigi1","3","1","4"
"Ridloveschess","2","2","4"
"riead_islam","1","3","4"
"Riff_22","2","2","4"
"Rigel-25","3","1","4"
"Rigel51rus","3","1","4"
"rigocolls","2","2","4"
"rigotelles","2","2","4"
"RIGUS19","2","2","4"
"Rikarth","1","3","4"
"Rikesh5yearold","2","2","4"
"rikisahadeo9ena","2","2","4"
"RilloStu","3","1","4"
"Rimepa","3","1","4"
"Rimimondal","2","2","4"
"Ringdove_1","2","2","4"
"Ringo_365","2","2","4"
"RinguiDing7","1","3","4"
"Rinium","1","3","4"
"rino2003","2","2","4"
"Rio_daniel","2","2","4"
"RioCutena","2","2","4"
"risaac1","3","1","4"
"rise2771","2","2","4"
"Rishabh_mishra_610","3","1","4"
"Rishansengupta","2","2","4"
"rishat004","3","1","4"
"Rishi_0108","2","2","4"
"rishiGyan1","2","2","4"
"RishiHCES","1","3","4"
"RISHIKAplaymate","3","1","4"
"rishikarnam","2","2","4"
"Risko12345","3","1","4"
"ritheshramgopal","2","2","4"
"rithikRichu","3","1","4"
"RithinAadhav","1","3","4"
"Ritter_Kunigund","2","2","4"
"RitterBoss","2","2","4"
"Ritterslust","2","2","4"
"Ritzz1526","1","3","4"
"rived","2","2","4"
"Riyaan2016","3","1","4"
"Riyanshetty","2","2","4"
"Riyaz079","1","3","4"
"Rizalyahmad1234","2","2","4"
"RiziereLinters","3","1","4"
"RJ_S28","3","1","4"
"rjfvh4","2","2","4"
"Rjga","2","2","4"
"rjhntc","1","3","4"
"rjt8861","2","2","4"
"rjtracey","2","2","4"
"rjura2406","2","2","4"
"rksinha52","2","2","4"
"rla123","2","2","4"
"Rlangdon9211","1","3","4"
"rlkam","2","2","4"
"rll21","2","2","4"
"RMSosroKartono","2","2","4"
"rn_1237","2","2","4"
"rna_polymerase_ii","2","2","4"
"rnickson","2","2","4"
"Rno45","3","1","4"
"rnsdmky","3","1","4"
"roadrays","1","3","4"
"roadtonmdw","1","3","4"
"robbiemorin6","2","2","4"
"RobCab2012","2","2","4"
"rober4071","2","2","4"
"robercf281967","2","2","4"
"Robert_90345","2","2","4"
"robert0220","2","2","4"
"Robert2309","2","2","4"
"RobertoB23","2","2","4"
"Robertobatista","2","2","4"
"robertobelli66","2","2","4"
"Robertoedu360","2","2","4"
"Robertoloberia","2","2","4"
"RobertoMontalvan","2","2","4"
"RobertPavlov24","2","2","4"
"RobertWolf","2","2","4"
"RobinGlmt","1","3","4"
"Robinofloxly","2","2","4"
"Robinruss","2","2","4"
"robliss","2","2","4"
"robNH","2","2","4"
"RoboJesus","3","1","4"
"robotic-bonobo","2","2","4"
"RobReynoso_2021","2","2","4"
"roby_gerhana","1","3","4"
"RoccoErScal","2","2","4"
"rocelsgalicia","1","3","4"
"rochakagarwal06","2","2","4"
"RockAlGhony","2","2","4"
"rockidog770","3","1","4"
"rockmeamedee","2","2","4"
"ROCKofSEE","2","2","4"
"Rockstar1235","2","2","4"
"rocky-li","2","2","4"
"Rocky054","3","1","4"
"rocu_chess","2","2","4"
"rocveller","2","2","4"
"Rodaz","1","3","4"
"rodekio","2","2","4"
"RoderickHANNON","2","2","4"
"rodhib","2","2","4"
"rodionmanukyan","1","3","4"
"Rodionov1982","3","1","4"
"RodionStar","2","2","4"
"rodo252525","1","3","4"
"rodorgas","2","2","4"
"RodriguezSantiag2015","2","2","4"
"Rodxad2020","1","3","4"
"roger2006","3","1","4"
"Roger31840","2","2","4"
"RogerioBarros0610","2","2","4"
"rogeriorster","3","1","4"
"rogodo22","2","2","4"
"roguespawn","2","2","4"
"roh_x_t","2","2","4"
"Roham1390_bey","2","2","4"
"Rohamas88","1","3","4"
"Rohan_Achary","2","2","4"
"Rohan2662","2","2","4"
"rohan397","2","2","4"
"Rohit2512","1","3","4"
"rohit7272","3","1","4"
"RohitBhagat","3","1","4"
"rohitrajkhandelwal","2","2","4"
"rohitrockstar218","2","2","4"
"RohitSNair96","2","2","4"
"roi-p","1","3","4"
"RoiduPetrole","3","1","4"
"rojcok","2","2","4"
"roju1","2","2","4"
"Rokcu","1","3","4"
"Rokielvio","3","1","4"
"Roko1312","1","3","4"
"rola_de_MCR7","2","2","4"
"Roland_Gombosi","2","2","4"
"RolandGunther","2","2","4"
"rolandobarbin","2","2","4"
"Roli_Que","3","1","4"
"rolla","2","2","4"
"Rollyra","2","2","4"
"Rolololo","2","2","4"
"rolyclark","1","3","4"
"Rom999","3","1","4"
"roma_arv","3","1","4"
"Roma_Ukraine","3","1","4"
"Roma0711","3","1","4"
"roma354","1","3","4"
"RomaGal","2","2","4"
"romaindu13","2","2","4"
"Roman_Regins","1","3","4"
"Roman_Sinicyn","3","1","4"
"Roman_Wild","2","2","4"
"Roman125","2","2","4"
"Roman2111","3","1","4"
"roman599","2","2","4"
"RomanChernov","3","1","4"
"RomanGulvanskiy","2","2","4"
"RomanOK32","2","2","4"
"Romanov_A","2","2","4"
"Romanov96","1","3","4"
"Romanova15","1","3","4"
"RomanSh2015","2","2","4"
"Romawww","2","2","4"
"Romelu9","2","2","4"
"Romeoh","1","3","4"
"Romeralez","2","2","4"
"Romina-1391","1","3","4"
"Romka1994","3","1","4"
"Rommelpressing","1","3","4"
"Rommmaw","3","1","4"
"RomRus","1","3","4"
"Romviksv","2","2","4"
"Ronald02","2","2","4"
"ronaldallanLA","2","2","4"
"ronaldo_messi_haalan","1","3","4"
"Ronaldo-Elias","2","2","4"
"ronaldo7_7_7","3","1","4"
"RonaldoLB","3","1","4"
"RonaldSHZA","1","3","4"
"RONCAR_1982","2","2","4"
"Ronianian","1","3","4"
"Ronmac001","2","2","4"
"ronpionpion2","2","2","4"
"RonsonJay","2","2","4"
"Ronspigo","3","1","4"
"Rooena","2","2","4"
"rookie_21","2","2","4"
"RookieClass101","2","2","4"
"ROOKnOUT","2","2","4"
"RookTheory","3","1","4"
"RoonaPan","2","2","4"
"Roony_K_Bony","2","2","4"
"roopster","2","2","4"
"Roqiah_Hamdy","2","2","4"
"Rori120","2","2","4"
"Rorobabi","1","3","4"
"rory_c","1","3","4"
"ROSARIOSUELDOS","2","2","4"
"RosauroMahawanJr1978","1","3","4"
"rose-mia2","3","1","4"
"Rose-Victor","2","2","4"
"rosebudz","1","3","4"
"RoseliaP","1","3","4"
"Rosevalley667","2","2","4"
"roshani570","3","1","4"
"roshankadam","2","2","4"
"RoshanMyName","3","1","4"
"roshde-mar","2","2","4"
"RoshonChess","2","2","4"
"RosieBennett","1","3","4"
"ROSIENTARAS","3","1","4"
"RoslyakovNikolay","3","1","4"
"ross159753","3","1","4"
"rossbeti","3","1","4"
"rossnickel","1","3","4"
"rossonero93","1","3","4"
"rosstheboss","1","3","4"
"rostamnejad","2","2","4"
"RostBert","3","1","4"
"RostyslavBulanov","1","3","4"
"rotarygh65","2","2","4"
"RotataRojama","1","3","4"
"roteman","2","2","4"
"Rotflmao","2","2","4"
"Rotkiv-A","2","2","4"
"rottenrealm","1","3","4"
"ROUGY","2","2","4"
"Roundaboutdog","1","3","4"
"rousln","2","2","4"
"Rousselot13","2","2","4"
"routinierter49","1","3","4"
"rowingfreak","2","2","4"
"rowsen_hojagulyyew","2","2","4"
"Roy_rp91","2","2","4"
"RoyalCatDak","2","2","4"
"royalitosz","3","1","4"
"roythestar017","2","2","4"
"Rozas84","2","2","4"
"RPauclla","2","2","4"
"RPSTYLZ","2","2","4"
"rr210806","2","2","4"
"rrrodjo","2","2","4"
"rrttyyzxczxczxc","2","2","4"
"RS-Golflehrer","2","2","4"
"Rsg197402","3","1","4"
"RSN2014","2","2","4"
"RSN42069","1","3","4"
"rsolerart","2","2","4"
"rsudnik","2","2","4"
"RTM720","2","2","4"
"rty4uk","3","1","4"
"RTY999","2","2","4"
"RU-97-TU-12","3","1","4"
"RUBANRAJA","2","2","4"
"rubberduck123","1","3","4"
"Rubcov_Maks","2","2","4"
"ruben_1988","2","2","4"
"rubenalmeida","1","3","4"
"Rubeniki","2","2","4"
"Rubenvdspank","2","2","4"
"Rubi_chess","2","2","4"
"rubickDD","2","2","4"
"rubiosouza","3","1","4"
"rubymoves","1","3","4"
"ruckescal80","3","1","4"
"rudgers331","1","3","4"
"rudhranchess","2","2","4"
"Rudiredhorn","3","1","4"
"rudireisig","2","2","4"
"rudiuk_r","2","2","4"
"Rudolf43","2","2","4"
"RUFU6","1","3","4"
"rugale","2","2","4"
"ruhananbananthan9","2","2","4"
"rukscannister","2","2","4"
"Rully1308","2","2","4"
"rumbaughm","2","2","4"
"Rumpelmaennchen","2","2","4"
"Rumpleforskin","2","2","4"
"running_board","1","3","4"
"rupamkashte","2","2","4"
"Rupsa","1","3","4"
"RuralPro","1","3","4"
"ruruh21","2","2","4"
"Rus_Belarus-88","2","2","4"
"RUSGudvin","2","2","4"
"rushi_anand","3","1","4"
"ruskazakshab","3","1","4"
"Ruslan_ximik2023","3","1","4"
"RuSlAn12346547890VaV","2","2","4"
"Ruslan180695","2","2","4"
"Ruslan321","2","2","4"
"Ruslan567","2","2","4"
"Ruslanbull","2","2","4"
"RuslanNom","2","2","4"
"Rusli_ismail","1","3","4"
"RuslT","2","2","4"
"Russ88chess","2","2","4"
"Russky_1354","2","2","4"
"Rustam48","2","2","4"
"RustamHakov","2","2","4"
"rustamibrahimau","2","2","4"
"rustcohl","3","1","4"
"Rustem_master","1","3","4"
"Rustikus","2","2","4"
"Rusty_Gusty","2","2","4"
"rutemuf","2","2","4"
"RUTUPARN","2","2","4"
"ruvinjayasooriya","2","2","4"
"ruyema","2","2","4"
"ruzgar_roblox","2","2","4"
"RV23","2","2","4"
"RVDL","2","2","4"
"rweisbein","1","3","4"
"Rx123","3","1","4"
"Ryaaa_ccn","2","2","4"
"RyanEllisBoyd","2","2","4"
"ryanfitro","1","3","4"
"ryantsao","3","1","4"
"Ryanxgx","2","2","4"
"Ryburdman","2","2","4"
"Ryehaa16","3","1","4"
"ryrewyrery","3","1","4"
"Ryze0","3","1","4"
"rzr8i","3","1","4"
"S__one","2","2","4"
"S_AVCI","2","2","4"
"s_s-s-salih99","2","2","4"
"S_T_I_K_113","3","1","4"
"s-3985-vlad","2","2","4"
"S-misha","2","2","4"
"S0lidKaush","3","1","4"
"S0ULGAMING01","2","2","4"
"s1m_on","3","1","4"
"S1ngular1um","1","3","4"
"S39VRIW","3","1","4"
"s3basMB","3","1","4"
"s4242","3","1","4"
"s4go","2","2","4"
"s4m4n","2","2","4"
"SA698014","1","3","4"
"saadsaher","2","2","4"
"saadzool123","2","2","4"
"saakboy","2","2","4"
"Saaketbhalla122334","2","2","4"
"SaaleKorge","3","1","4"
"Saanntti77","2","2","4"
"saanuuee","1","3","4"
"saanvii","2","2","4"
"SabareeshSorubanDL","2","2","4"
"sabarish_2012_9","1","3","4"
"Sabarish_waran","2","2","4"
"saberkhairy","1","3","4"
"saberkheyri777","2","2","4"
"sabofanfan","2","2","4"
"Sabom","2","2","4"
"sabpro","1","3","4"
"sabrymostafa","1","3","4"
"sachin1226","2","2","4"
"sachindevkp","2","2","4"
"SACPT","2","2","4"
"sacrosancty","2","2","4"
"SacTHEBISHOPPPPPPP","2","2","4"
"SadaJones","2","2","4"
"sadchemicalboy","2","2","4"
"Saddam1234","2","2","4"
"sadegh1384","2","2","4"
"Sadegh7171","2","2","4"
"sadeghjafari5079","3","1","4"
"sadek_mia2023","2","2","4"
"sadeq661368","1","3","4"
"saderom","2","2","4"
"sadik123","2","2","4"
"sadlonelylad","2","2","4"
"SADMAN09","3","1","4"
"sadoki","1","3","4"
"sadraakhondi1393","2","2","4"
"sadrabbit04","1","3","4"
"sadsam","1","3","4"
"sadykov_ruslan","1","3","4"
"Saeedammr","2","2","4"
"saeedsheybani","1","3","4"
"saeidbaher","2","2","4"
"saeidnikan2","2","2","4"
"Safa1391","2","2","4"
"Safarbii","2","2","4"
"SaFaRi76","2","2","4"
"safedsagar","2","2","4"
"Safeer_mgm","1","3","4"
"SafeMoon","2","2","4"
"safewaitingcar","2","2","4"
"Safinim","2","2","4"
"safranecko","3","1","4"
"Sagacy","1","3","4"
"Sagar_Skt","2","2","4"
"sagar1992","2","2","4"
"sage360","3","1","4"
"Sagreth","2","2","4"
"sagutierrez","3","1","4"
"sahab2000","1","3","4"
"Sahandinhijoo","2","2","4"
"Sahashil","3","1","4"
"sahasratoom","2","2","4"
"sahdjuka","2","2","4"
"Sahil038","2","2","4"
"sahinali","3","1","4"
"SahintheGreat","2","2","4"
"Sahitavenger","2","2","4"
"Sahmatist14","2","2","4"
"sahtunboy","1","3","4"
"sahvezirbirligi","2","2","4"
"SAHYESShums","2","2","4"
"sahyezra","1","3","4"
"Sai_Popuri","2","2","4"
"Saiaanshchauhan","2","2","4"
"Said_Rantau","2","2","4"
"Saidov_Abdy","2","2","4"
"Saidswail","2","2","4"
"SaiDvishad","2","2","4"
"saif-hamandi","1","3","4"
"Saif3343","2","2","4"
"SaifanFarazIqbal","2","2","4"
"saihnaachess","3","1","4"
"Saihnaagram","2","2","4"
"saikarthick2012","1","3","4"
"Saikartk","2","2","4"
"Saikrish_GrandMaster","3","1","4"
"sailaubay","2","2","4"
"sailendri","2","2","4"
"saint_martin","2","2","4"
"Saintex1977","2","2","4"
"Saipulla86","1","3","4"
"Sairaaz","1","3","4"
"SaiSrujan_P","3","1","4"
"sajadi_1997","3","1","4"
"saji1996","2","2","4"
"sajili71","1","3","4"
"sajjad1392","1","3","4"
"sajttar","3","1","4"
"sakeles","2","2","4"
"SakiTheDominator","2","2","4"
"sakshamthakran","2","2","4"
"sakshi_champion","2","2","4"
"Sakura10233","1","3","4"
"saladaclaridad","2","2","4"
"Salah_Abdullah","2","2","4"
"salah1010","2","2","4"
"salah1234321","2","2","4"
"Salah2609","2","2","4"
"SalahX001","2","2","4"
"salauan","1","3","4"
"salcedokender","2","2","4"
"saleh_ha","3","1","4"
"Salehadam","1","3","4"
"Salehismayilli","2","2","4"
"salem282","2","2","4"
"salemme10","2","2","4"
"Salesao","2","2","4"
"salesforcedev","2","2","4"
"salih565","2","2","4"
"Salihcan_dogan55","2","2","4"
"salihmachi","3","1","4"
"salimpo","2","2","4"
"Sally_Sacho","2","2","4"
"Salmaguap","2","2","4"
"SalmanSaifElDin","2","2","4"
"salmanzx8000","2","2","4"
"Salo64","1","3","4"
"Salop","2","2","4"
"salopio06","2","2","4"
"SALSICCIOSKY","1","3","4"
"saltanat_b2012","2","2","4"
"saltiersteve","2","2","4"
"SALVADARIO","2","2","4"
"salvasancha","1","3","4"
"salvatore60","3","1","4"
"Salvatore61","1","3","4"
"sam_naoui","2","2","4"
"Sam_sn221","2","2","4"
"SAM-10K","2","2","4"
"sam-413444","2","2","4"
"sam-gb","2","2","4"
"Sam1404","2","2","4"
"samad-is-tank","2","2","4"
"samad1313","2","2","4"
"Samadmaster","2","2","4"
"Saman1392104","3","1","4"
"SamAnikin","1","3","4"
"Samarhk","3","1","4"
"samarth_vikram-10","2","2","4"
"Samasem","2","2","4"
"Samat717","3","1","4"
"SaMaVodlo","1","3","4"
"Samb0","2","2","4"
"sambala67","2","2","4"
"sambhav_chhallanii","2","2","4"
"Samdanow33","2","2","4"
"same00r","3","1","4"
"Sameerkhosrawi1919","2","2","4"
"sameersharma12","1","3","4"
"Sameh1969","3","1","4"
"sameh1992","2","2","4"
"samettosun","1","3","4"
"samgara99","1","3","4"
"SamGill","2","2","4"
"samhari","2","2","4"
"Samidb","2","2","4"
"Samireh","2","2","4"
"Samirkarimov","2","2","4"
"Samirol","2","2","4"
"samirzhony","2","2","4"
"samlimo706","2","2","4"
"Sammuel98","2","2","4"
"Sammy984","2","2","4"
"Sammylion","2","2","4"
"SAMOALRE","2","2","4"
"SAMODELOK","2","2","4"
"SamostZet","2","2","4"
"sams3434","1","3","4"
"Samser77","1","3","4"
"SamsterJam","2","2","4"
"samstrategy","3","1","4"
"samtunisia","2","2","4"
"Samuel_c_hy2611","2","2","4"
"samuelcbsv","2","2","4"
"SamuelPetrolina","2","2","4"
"samuelsaga","2","2","4"
"samuelsuarez20","2","2","4"
"samulizio","3","1","4"
"samura2","2","2","4"
"SamuraiPopz","3","1","4"
"samuraynegro12","2","2","4"
"samuthebest","2","2","4"
"SamvelMV","2","2","4"
"Samvuong","2","2","4"
"samy1127","2","2","4"
"samyar_85122","2","2","4"
"Sanad_almesmary","1","3","4"
"Sananya","2","2","4"
"Sanavramsankar","3","1","4"
"sanay2010","2","2","4"
"sanchumungai","2","2","4"
"sand577","2","2","4"
"Sandalwood_Andy","3","1","4"
"Sandeep57","1","3","4"
"SANDEVAL","3","1","4"
"sandhyatkrishna","2","2","4"
"sandman1234","3","1","4"
"Sandobn10","2","2","4"
"sandra789","2","2","4"
"sandre70","2","2","4"
"Sandro4774","2","2","4"
"sandynair8","3","1","4"
"sandyp36","2","2","4"
"sandyrawatgm","1","3","4"
"Saneeshbabu","2","2","4"
"sanek163","1","3","4"
"sanek2014","2","2","4"
"sanekcheSS1K488","2","2","4"
"sangamithra_k21","1","3","4"
"sanggram508","1","3","4"
"sangkhalim","2","2","4"
"Sanj0614","1","3","4"
"Sanja22","3","1","4"
"Sanjata_Ray","3","1","4"
"sanjay4u","2","2","4"
"sanjayrajput","3","1","4"
"sanjayraoPS","2","2","4"
"sanjaythombare","2","2","4"
"sanjeevr11","2","2","4"
"Sanju28072017","3","1","4"
"sanketmbhat96","2","2","4"
"sankhodas10","2","2","4"
"sannio","3","1","4"
"Sanskar_Jambhulkar","2","2","4"
"sanskritim","2","2","4"
"Santa-Schlong","3","1","4"
"santa239","1","3","4"
"santahelena","1","3","4"
"santhoshchesswyd","2","2","4"
"santi_avt1","2","2","4"
"santi0404","2","2","4"
"Santiago52","2","2","4"
"SantiagoCastellanos","2","2","4"
"SantiagoDeLasVegas","2","2","4"
"santiagozelaya","2","2","4"
"SantiamIam","1","3","4"
"santihernando","2","2","4"
"Santik1970","2","2","4"
"santoshyaramati","2","2","4"
"Santrans666","3","1","4"
"sanyaboi","2","2","4"
"Sanyam_13","2","2","4"
"sanzhar1994","1","3","4"
"Sanzhar2017s","1","3","4"
"Sapace_int","2","2","4"
"sapereaude1986","2","2","4"
"SapiensFC","2","2","4"
"Sapta-Ibrahim","2","2","4"
"sar0030","2","2","4"
"Sara_Tash","2","2","4"
"sara_wow","2","2","4"
"sara1013","1","3","4"
"SaraAlie","2","2","4"
"sarabaratii","1","3","4"
"saracogluha","3","1","4"
"sarah0321","2","2","4"
"sarahhbutterfly","1","3","4"
"SarahPG782012","2","2","4"
"SarasiDNL","2","2","4"
"SardarMustafayev","2","2","4"
"Sardiless","2","2","4"
"sarenca","3","1","4"
"sarfaraz_csir","3","1","4"
"Sarkhan_Kazimov","2","2","4"
"sarna9","2","2","4"
"Saro1986","2","2","4"
"sarplaninec","2","2","4"
"Sarsan1012","2","2","4"
"sarsoraa","1","3","4"
"Sarthakbehl123","3","1","4"
"SartoM","2","2","4"
"SarvaSarva","2","2","4"
"sarvya_15","3","1","4"
"sas17","2","2","4"
"Sasa1616","2","2","4"
"Sascha67","1","3","4"
"sascok","2","2","4"
"SASerock","2","2","4"
"Sasha_2108","1","3","4"
"Sasha-zlodorev","2","2","4"
"Sasha505","1","3","4"
"SashaDer160","2","2","4"
"SashaMaestro1977","2","2","4"
"SashaV9","2","2","4"
"sashayok","2","2","4"
"Sashiki98","1","3","4"
"SashtikaMurugesan","2","2","4"
"Sashush","2","2","4"
"sasindu14","3","1","4"
"Sasoke95","1","3","4"
"sasshreyaa69","1","3","4"
"saszcha","2","2","4"
"satanali","2","2","4"
"satheeshwriter","1","3","4"
"SathishaS97","3","1","4"
"SATHISHD","2","2","4"
"sathvikcharan","2","2","4"
"Sathyajeeth","3","1","4"
"Satish_Singh1900","3","1","4"
"satmat12","2","2","4"
"sato4444","2","2","4"
"sattvashanti","1","3","4"
"saturn318","2","2","4"
"satyajit123","2","2","4"
"satyam098","3","1","4"
"satyam900","2","2","4"
"satzricon","1","3","4"
"Sau2643","3","1","4"
"sauceshower","1","3","4"
"saucycraboo","1","3","4"
"SaulGoodman","3","1","4"
"Sauli78","1","3","4"
"SauloQuirino","2","2","4"
"Saurabh333","2","2","4"
"SaurabhCarlson","1","3","4"
"savad2","2","2","4"
"savageboy","2","2","4"
"savci68","1","3","4"
"SaveenDNL","2","2","4"
"saveliy1506","2","2","4"
"savelll","2","2","4"
"Savichev","2","2","4"
"SavilNN","2","2","4"
"savin_1","3","1","4"
"savioshetty","1","3","4"
"Savitjk","2","2","4"
"SavJkie","2","2","4"
"savva_belkin","2","2","4"
"sawii_jr","1","3","4"
"Saxa_S-28ru","2","2","4"
"SayantanSadhukhan123","2","2","4"
"SayuniSJGS","1","3","4"
"Sayunnima2011","1","3","4"
"sazeck_doGs","2","2","4"
"sb19822008","2","2","4"
"sbasilio1958","2","2","4"
"sbhdpd","2","2","4"
"SBMES2014","1","3","4"
"sbn73","3","1","4"
"sboulang90","2","2","4"
"sburaker","1","3","4"
"SC_9ferzej","2","2","4"
"scaccomania","2","2","4"
"Scaevola45","2","2","4"
"Scalabrini","2","2","4"
"Scale910","2","2","4"
"scangkirkopi","2","2","4"
"Scaramedic","3","1","4"
"scarface12","1","3","4"
"ScaryTub","2","2","4"
"SCELO2004","3","1","4"
"sch64","3","1","4"
"Schach_Titan","2","2","4"
"Schach71","2","2","4"
"SchachDani","2","2","4"
"Schachersepperl","3","1","4"
"Schachfleth","2","2","4"
"SchachFranz70","2","2","4"
"schachgottxxl","2","2","4"
"Schachindianer","2","2","4"
"Schachschrat","3","1","4"
"Schaffinho","2","2","4"
"SchafSchach","2","2","4"
"SchakendeMit","3","1","4"
"Scharumpel","2","2","4"
"schauhenri","1","3","4"
"Schbam","3","1","4"
"Schelm94","3","1","4"
"Schesschen","2","2","4"
"SChetanR","2","2","4"
"schhg","2","2","4"
"schinko94","2","2","4"
"schischiga","2","2","4"
"Schliggelich","2","2","4"
"Schmergenheimer","3","1","4"
"Schnarcher","1","3","4"
"Schnedu","1","3","4"
"schnipi","2","2","4"
"schnuff9999","2","2","4"
"Schnurer","3","1","4"
"ScholarOfKeres","2","2","4"
"schreinergeorge","2","2","4"
"schuuss","3","1","4"
"Schwarzkalka","1","3","4"
"Schwarzweiss72","1","3","4"
"Schwechater","2","2","4"
"Scienstien","2","2","4"
"scirpus93","2","2","4"
"Scivoletto","2","2","4"
"scjane","2","2","4"
"sckmk","3","1","4"
"scldy","2","2","4"
"scootchover","2","2","4"
"ScorpionCheetah","1","3","4"
"ScottishFloozy","2","2","4"
"ScottPilgrim","2","2","4"
"scr4n","2","2","4"
"Scratch66","3","1","4"
"scrub2goat","2","2","4"
"scruI3","2","2","4"
"scubabooba","3","1","4"
"sCutSity","2","2","4"
"sddsd","2","2","4"
"SDG2015","2","2","4"
"SDZholobov","2","2","4"
"Se-r_1176","2","2","4"
"SE7EN_x","2","2","4"
"sea040","2","2","4"
"SealySphealfriend","2","2","4"
"SeaNewt","2","2","4"
"SeanSiaw","1","3","4"
"seantrulock1102","1","3","4"
"searainskywind","2","2","4"
"Seb_Lz","2","2","4"
"seb06610","1","3","4"
"seb3160","2","2","4"
"sebaespechess","3","1","4"
"sebag1985","2","2","4"
"Sebastian5594","2","2","4"
"SebastianAguirre_19","3","1","4"
"SebLaGlobule","2","2","4"
"SECHICO234","2","2","4"
"secondBreakfast303","2","2","4"
"Secuellar15","1","3","4"
"sedik-nouh","1","3","4"
"seema15","3","1","4"
"sefikha","2","2","4"
"sefosse","1","3","4"
"seg32","1","3","4"
"seg95168","2","2","4"
"sehinsahks","2","2","4"
"Seif_Eldeen","1","3","4"
"Seif19helmy","1","3","4"
"SeifAldin166","2","2","4"
"Seifan90","2","2","4"
"seigfried9","1","3","4"
"Seigneur_Swede","2","2","4"
"Sejo2000","2","2","4"
"SeKeres","3","1","4"
"Sekimaps","2","2","4"
"SelcukluTugrul","2","2","4"
"selcuksezar","2","2","4"
"seldilb77","3","1","4"
"Self1","3","1","4"
"SELFIOLETA689","3","1","4"
"Selfless32","2","2","4"
"selineryilmaz475","2","2","4"
"selis44","3","1","4"
"SELJACINA1","3","1","4"
"Sellevin","3","1","4"
"selmafokilda","1","3","4"
"Sels1973","2","2","4"
"seltaeb69","2","2","4"
"Selvakumaran_s","3","1","4"
"Sem64","2","2","4"
"Semen_3-3","1","3","4"
"Semen03","2","2","4"
"semenovad2023","2","2","4"
"SemihATA","2","2","4"
"semiyanto11","3","1","4"
"SemkivBohdan","2","2","4"
"SEMtam","1","3","4"
"Senchenko_Tim_2015","3","1","4"
"sendayg","1","3","4"
"senditscribe","2","2","4"
"SenithNimsara","2","2","4"
"sennecath","2","2","4"
"Sensei3000","2","2","4"
"SenseiWU_Val","2","2","4"
"senseylexa","1","3","4"
"Senthil_Arasan","1","3","4"
"Senuki2014","2","2","4"
"senuladnl","2","2","4"
"senyapiterskiy","2","2","4"
"Sepa21","2","2","4"
"sepehrkingstorm","3","1","4"
"Septemberwolf","2","2","4"
"Ser0p","1","3","4"
"ser2282","1","3","4"
"ser4kz","2","2","4"
"ser999999","1","3","4"
"Serafeim12","2","2","4"
"serafettinkaymak","1","3","4"
"Serafim_11","2","2","4"
"Seraxios","2","2","4"
"Serban_Gt","3","1","4"
"sercanaydas","2","2","4"
"Serdarsc","2","2","4"
"Serdge","2","2","4"
"SEREGA1508","2","2","4"
"serega5757","2","2","4"
"serfler1","2","2","4"
"serg2022","3","1","4"
"serg333","2","2","4"
"SergBarnaul","2","2","4"
"Serge_bur","2","2","4"
"sergeech1980","2","2","4"
"SergeevMark","1","3","4"
"Sergei_Zaporotskii","1","3","4"
"sergei-po-nastroeniy","2","2","4"
"Sergei17310","2","2","4"
"Sergei1943","2","2","4"
"sergei23456","2","2","4"
"SergeiMisan","3","1","4"
"Sergey_1957","2","2","4"
"Sergey_Dizil_852","2","2","4"
"Sergey_LoveRof","1","3","4"
"Sergey_Sannikov","2","2","4"
"Sergey_Yakunin","2","2","4"
"Sergey160387","2","2","4"
"sergey1971","2","2","4"
"Sergey200300977986","3","1","4"
"sergey369","2","2","4"
"sergey555sven","2","2","4"
"SergeyBalyabkin","2","2","4"
"SergeyCherkashin","2","2","4"
"SergeyKorolev1979","2","2","4"
"Sergeylider24","3","1","4"
"SergeyP333","2","2","4"
"Sergeyrwanda","2","2","4"
"SergeyStepantsov","1","3","4"
"SergeyToporkov59","2","2","4"
"sergheyschmidt","2","2","4"
"Sergi_Pogodini","3","1","4"
"Sergik453","3","1","4"
"Sergikk","3","1","4"
"Sergio77","2","2","4"
"sergioll066","1","3","4"
"SergioPorcino","2","2","4"
"Sergiovva","2","2","4"
"sergmuratov","1","3","4"
"SergoB","1","3","4"
"Sergosha","2","2","4"
"Serguei78","3","1","4"
"SergueiOssipov","2","2","4"
"serhatblb","1","3","4"
"seridavid","2","2","4"
"Serik_KZ92","1","3","4"
"Serious_Yeti","3","1","4"
"Serius_Joker","2","2","4"
"Serov_DArus","2","2","4"
"Serpicio","2","2","4"
"SERRATR13","1","3","4"
"sersh56436","2","2","4"
"sertac41sever","3","1","4"
"sertle0105","1","3","4"
"sertugin","1","3","4"
"ServanSesiz","2","2","4"
"seth760","2","2","4"
"Sethikad","2","2","4"
"Sethmi123","2","2","4"
"sethup","1","3","4"
"SevaPovetkin","3","1","4"
"Sevazh","3","1","4"
"severo08","2","2","4"
"severrrr","2","2","4"
"sevoleon","2","2","4"
"sewypro","1","3","4"
"sexame","2","2","4"
"Seyamak24","3","1","4"
"seydmajid","2","2","4"
"Seyedmoeinhosseini","3","1","4"
"Seyenfrelondu7","1","3","4"
"seyfahmadi","1","3","4"
"seyiecom","1","3","4"
"sezso84","2","2","4"
"sf340flier","3","1","4"
"sfeer0101","3","1","4"
"sfronrylmz","3","1","4"
"SGavrilova","2","2","4"
"SGC_123","3","1","4"
"SGH_9","3","1","4"
"Sgjddg","1","3","4"
"sgonq","2","2","4"
"sgtbroke_14","2","2","4"
"sgwill80","2","2","4"
"Sh110765","2","2","4"
"sh1fty","3","1","4"
"Sh21697","3","1","4"
"Sh4h98","2","2","4"
"sha02031945","2","2","4"
"shaadyyy","2","2","4"
"shaansidd","2","2","4"
"Shadek69","3","1","4"
"shadow8313","2","2","4"
"shadowstorm098","2","2","4"
"Shadrin_2020","2","2","4"
"shaduuw","2","2","4"
"shadwell","1","3","4"
"shadysamir","1","3","4"
"Shah_jahan_apurbo","2","2","4"
"shahar2479","2","2","4"
"Shahe_shahan94","2","2","4"
"shahid_ween","3","1","4"
"shahidpeerzade","2","2","4"
"Shahinnazeer","2","2","4"
"Shahlar","2","2","4"
"shahnaz38","2","2","4"
"shahram1928","2","2","4"
"shahrbanoo2000","2","2","4"
"ShahRukhKnight","2","2","4"
"Shai347","2","2","4"
"shaibu","3","1","4"
"shailesh24","3","1","4"
"Shainon1979","2","2","4"
"shakessi","3","1","4"
"ShakhbozSh","2","2","4"
"ShakriyarMyBeloved","2","2","4"
"Shaktishani","1","3","4"
"shalamov_maxim","1","3","4"
"Shalevled","2","2","4"
"shalin","2","2","4"
"Shalloway","3","1","4"
"shamakh13","2","2","4"
"shambhunathsonwani","2","2","4"
"shameeya","2","2","4"
"ShamilHuseynli","1","3","4"
"shanekropp","2","2","4"
"shankarlalvadher","1","3","4"
"Shankers007","2","2","4"
"Shanmukh56","2","2","4"
"Shanmukha-Mudigonda","2","2","4"
"Shanna2015","3","1","4"
"shant1406","3","1","4"
"Shapeshifter1","2","2","4"
"ShapovalovAndrey1983","2","2","4"
"Sharabheshwar","2","2","4"
"sharapiev04","2","2","4"
"Sharingaan","3","1","4"
"Sharkbuddy0731","2","2","4"
"Sharkfang","2","2","4"
"sharma0106","2","2","4"
"SharonMassi2003","2","2","4"
"sharpasha","1","3","4"
"Sharry_angel","2","2","4"
"Shaska2012","2","2","4"
"shasvam","3","1","4"
"shatranj_daba","2","2","4"
"ShaunMatthew","1","3","4"
"Shaurya_Raghuwan_8x8","2","2","4"
"shaurya9_00","2","2","4"
"Shauryad81015","2","2","4"
"ShawnSheepAGE","3","1","4"
"Shaxi123","2","2","4"
"shay23k","1","3","4"
"Shayan_key","2","2","4"
"ShayKarchev","1","3","4"
"shazly9020","2","2","4"
"shbitar","2","2","4"
"shbl93","1","3","4"
"ShBulat","2","2","4"
"ShchiptsovRA","2","2","4"
"Shchurik","2","2","4"
"Shearer630","2","2","4"
"sheejavyga","2","2","4"
"Sheema2424","2","2","4"
"Shehab1975ab","3","1","4"
"shehabeldiin","1","3","4"
"sheikhamru","2","2","4"
"sheko_haak","2","2","4"
"SheldonRampton","1","3","4"
"Sheldurrr","1","3","4"
"shen0083","2","2","4"
"shen109","2","2","4"
"shen126","1","3","4"
"Shepittt","2","2","4"
"Sherhan2023","2","2","4"
"Sherif_eldesoky","2","2","4"
"sheriflourance","2","2","4"
"shermobile","2","2","4"
"Sherna","2","2","4"
"Sherpas","2","2","4"
"shersheni","3","1","4"
"Shervin1357","2","2","4"
"sheun","1","3","4"
"ShevaE","2","2","4"
"shevis99","3","1","4"
"Shezaad","3","1","4"
"SHI-O-VER2323","2","2","4"
"ShiarNeyo","2","2","4"
"Shibis","2","2","4"
"Shickoff","2","2","4"
"shield1111","3","1","4"
"ShiftedChess","2","2","4"
"shiifffoooo","3","1","4"
"Shijith000","1","3","4"
"shijuunnithan","2","2","4"
"shikamaruuu16","2","2","4"
"Shilka123","2","2","4"
"Shimaaj","3","1","4"
"Shin1_3014","1","3","4"
"ShineSantow","1","3","4"
"ShinigamiHD","1","3","4"
"Shinigamisama98","1","3","4"
"Shiniyaka","2","2","4"
"Ship76","2","2","4"
"shipon08","2","2","4"
"shiref777","2","2","4"
"shirishaa","2","2","4"
"Shiroe777","2","2","4"
"Shiva-ragnar","2","2","4"
"shivaaazxc","2","2","4"
"shivaani369","3","1","4"
"shivamjnv4","1","3","4"
"shivanashChess123","3","1","4"
"Shivang_Joshi","2","2","4"
"Shivanisanmukh7","2","2","4"
"Shivin10","2","2","4"
"Shivkumar100","2","2","4"
"shivom-25","3","1","4"
"Shivvedu","2","2","4"
"ShizaKancherla","3","1","4"
"shlomisa","2","2","4"
"Shlomo183","1","3","4"
"shm3ll","1","3","4"
"Shmatov_Pavel","1","3","4"
"Shnyrev_N_M","2","2","4"
"Shobhadevi84","3","1","4"
"shoegazin","2","2","4"
"Shokrollah","1","3","4"
"shoo1313","2","2","4"
"Shootgun_12-70","3","1","4"
"shop-performance-com","2","2","4"
"ShortislanD","2","2","4"
"Shortuli","2","2","4"
"shortyadamshardwick","2","2","4"
"shostko11223","2","2","4"
"ShouryaJais","2","2","4"
"showmeyourmoney","3","1","4"
"ShowMust-GoOn","2","2","4"
"Showplayer","1","3","4"
"ShowyHarpistMole","2","2","4"
"shraddha173","3","1","4"
"ShreddingMachineForW","2","2","4"
"shreebahale","1","3","4"
"Shreenika01","3","1","4"
"shreenivaspardeshi","2","2","4"
"Shreya_Sneh","2","2","4"
"shreyanshmallick","2","2","4"
"Shreyas_001","2","2","4"
"shreyasloveschess","2","2","4"
"ShreyasTG","2","2","4"
"Shrigma","2","2","4"
"shrikant7","2","2","4"
"shriramu123","2","2","4"
"ShristiAnam","2","2","4"
"Shrodan","1","3","4"
"shrodengar","1","3","4"
"Shtorm28","2","2","4"
"Shuaschaak","2","2","4"
"shubham_choudhary","2","2","4"
"Shubhankar_Shah","1","3","4"
"Shubhchandra17040","1","3","4"
"shufayet38","3","1","4"
"shumiha_69","1","3","4"
"SHUN7051","1","3","4"
"SHUNAY1","2","2","4"
"shunjoson","1","3","4"
"shurik_13","2","2","4"
"Shushkar19","3","1","4"
"ShutovIliaM","1","3","4"
"Shuttle16","3","1","4"
"Shyam9392","2","2","4"
"si1985","2","2","4"
"Si4n","2","2","4"
"Siam2351","2","2","4"
"siamsiam74","2","2","4"
"Sibeko","2","2","4"
"Sibonell","2","2","4"
"sid8686","2","2","4"
"sidar44","2","2","4"
"Siddh_Shetty","2","2","4"
"siddhan1205","2","2","4"
"Siddharth_2013","2","2","4"
"siddhartha2016","1","3","4"
"Siddhartha90","2","2","4"
"SiddiqCheckmate","2","2","4"
"SiDix11","3","1","4"
"SidK1212","1","3","4"
"sifstormly","3","1","4"
"sifuantoney","2","2","4"
"sifumehmet","2","2","4"
"Sigit_Pradana","2","2","4"
"SigmundFreud2","2","2","4"
"Signoreoscuro91","2","2","4"
"Siirduke","1","3","4"
"siiyya","2","2","4"
"sikhar780","2","2","4"
"siko2006","2","2","4"
"Sikorczuk21","1","3","4"
"SILASDEESE","2","2","4"
"SilberGogo","2","2","4"
"silhy17","3","1","4"
"Silveerr","1","3","4"
"SilverNil","2","2","4"
"silversim","2","2","4"
"Simakovlv","2","2","4"
"Simbaris05","2","2","4"
"SimmelM93","1","3","4"
"simo333","1","3","4"
"simogila","2","2","4"
"simoleve","1","3","4"
"SimoM","2","2","4"
"Simon-Botti","2","2","4"
"simoncelloc","2","2","4"
"SimonDimon","3","1","4"
"SimoneBk","3","1","4"
"simonpuertaramirez","2","2","4"
"simonrossthorpe","1","3","4"
"Simonstrueux","2","2","4"
"sinaanmd7","2","2","4"
"Sinan_1453","3","1","4"
"Sinbado","2","2","4"
"sinegul77","1","3","4"
"Sineth2014","2","2","4"
"Singhgurmaan101112","1","3","4"
"SingleFinBrigade","1","3","4"
"singleKinGg","2","2","4"
"singleneuron","2","2","4"
"SingularOctopus","1","3","4"
"sini87","2","2","4"
"Sinoj_Arakkal","2","2","4"
"SINROU","2","2","4"
"Sinterklaasje","3","1","4"
"Sintez","2","2","4"
"Sinyin","3","1","4"
"siowyuq","2","2","4"
"Sir-Smiles","1","3","4"
"Sir-Yoga","3","1","4"
"Sir1976","2","2","4"
"Siranjeevi24","2","2","4"
"Siranjeeviraman","2","2","4"
"SirCumsision","3","1","4"
"Sireamaro","3","1","4"
"SirFlanny","2","2","4"
"sirGAYSs","2","2","4"
"Sirhcyd","1","3","4"
"SirMarwan2023","1","3","4"
"SirPopimon","1","3","4"
"SirSail_1200","1","3","4"
"SirStreuer","2","2","4"
"sirusblack21","2","2","4"
"sirvus","1","3","4"
"SirYwain","2","2","4"
"sit_bull22","2","2","4"
"sitah52","1","3","4"
"SITKI28","2","2","4"
"siuchess41","1","3","4"
"siuiano","2","2","4"
"Sivukova1","2","2","4"
"Sixaface","3","1","4"
"sixteenx16","1","3","4"
"Sixto-5-Zarate","2","2","4"
"Siyay_25","3","1","4"
"SiyonaPaul","2","2","4"
"SJ17k","2","2","4"
"sjakkogkondis","2","2","4"
"SJC_Rusith","2","2","4"
"SK_STAR","2","2","4"
"sk10rodrigo","2","2","4"
"sk12345678910","3","1","4"
"sk1gi","3","1","4"
"ska1970","2","2","4"
"Skandal987","2","2","4"
"Skando","2","2","4"
"skapunk86","2","2","4"
"skawls","2","2","4"
"skazhy","1","3","4"
"skchess","1","3","4"
"ske10","2","2","4"
"skhani","2","2","4"
"skhosla","3","1","4"
"skier237","2","2","4"
"Skilful2023","2","2","4"
"skilimusic","2","2","4"
"skillbillywilly","2","2","4"
"skilld14","2","2","4"
"Skinvest","2","2","4"
"Skitouring","3","1","4"
"Skizo_Lxrd","2","2","4"
"skkc_2010","2","2","4"
"Skmurm","2","2","4"
"Sknawaz12","2","2","4"
"Skoob_Chup","2","2","4"
"skravitz","2","2","4"
"skrya54","2","2","4"
"SKSMSQKRQKRDLEK","2","2","4"
"skuwar","2","2","4"
"Skybark","2","2","4"
"skyfney","3","1","4"
"Skymti","2","2","4"
"Skywhale","1","3","4"
"SLA1M1K","2","2","4"
"slanginp4ncakes","3","1","4"
"Slava_Merkushev","2","2","4"
"Slava1827","2","2","4"
"SlavaRybnikov","2","2","4"
"Slavian19","2","2","4"
"Slavyan75","1","3","4"
"Slawenty","2","2","4"
"SlawomirB","2","2","4"
"SledgehammerGirljj","2","2","4"
"Sleedude","2","2","4"
"sleepingsquare","1","3","4"
"Sleepy_Shinigami","3","1","4"
"sleepyJ0E","2","2","4"
"sleepypandaaa","2","2","4"
"Sleipnir18","2","2","4"
"SLepre","2","2","4"
"SlickRick069","2","2","4"
"Slider_88_slider","2","2","4"
"slider88slider","2","2","4"
"sligl","2","2","4"
"slimane_zabat","2","2","4"
"slmamine","2","2","4"
"SLMR","2","2","4"
"slon319182","3","1","4"
"sloshybird","2","2","4"
"slybenz","1","3","4"
"slyjessie","2","2","4"
"sm_ilies","3","1","4"
"SMA_lik","3","1","4"
"Smargarit","2","2","4"
"SmartMambo","2","2","4"
"Smarusi","2","2","4"
"Smaurs","2","2","4"
"SmejdHubert09","2","2","4"
"SMelihTok","2","2","4"
"smiiiiigle","2","2","4"
"Smile72","2","2","4"
"Smiling_Goblin","2","2","4"
"Smille1","2","2","4"
"Smilodon52","2","2","4"
"SmirnovDima2015","2","2","4"
"smithp1785","1","3","4"
"smjameszion","2","2","4"
"Smn_11","3","1","4"
"smohnish","2","2","4"
"smoke_Weed_every_Day","2","2","4"
"smothered_mate008","2","2","4"
"SMSilver","2","2","4"
"SmsmSaad","2","2","4"
"smtgr","1","3","4"
"Smtkz55","1","3","4"
"Smtm1387","2","2","4"
"Smyrna_TR","1","3","4"
"snake7","2","2","4"
"snakeshadow","2","2","4"
"Sneedy","2","2","4"
"Snek731","1","3","4"
"SnigatelVreda","2","2","4"
"snikhop","2","2","4"
"Snilloc43","2","2","4"
"SniperROFL","3","1","4"
"Snipes12","1","3","4"
"snivy429","2","2","4"
"snoeman","2","2","4"
"SnowSara","2","2","4"
"Snowy1904","2","2","4"
"SntrvA","3","1","4"
"Soapheads","3","1","4"
"sobberFischer","2","2","4"
"Sober_Maverick","3","1","4"
"Socarras0","2","2","4"
"sodeg","2","2","4"
"sodel","2","2","4"
"sodhavishal68","1","3","4"
"SofBout","2","2","4"
"sofeans_09","2","2","4"
"soffiajoyy","1","3","4"
"Sofia_Grana22","1","3","4"
"Sofiane-achour","2","2","4"
"sofichess2012","3","1","4"
"sofikooo","2","2","4"
"Sofocless","2","2","4"
"SoggyMilk","2","2","4"
"Sohaib_07","2","2","4"
"Sohail_khann","2","2","4"
"Soham_jain","2","2","4"
"Soham2012","1","3","4"
"Sohambansal","2","2","4"
"SOHAMSEN_2012","1","3","4"
"sohieb22","3","1","4"
"soic26","3","1","4"
"SoinaMila","2","2","4"
"sojiantony","1","3","4"
"sojua","1","3","4"
"Soken_1957","1","3","4"
"sokgat","1","3","4"
"sokriativ","2","2","4"
"sokwatta","2","2","4"
"Solaiano","2","2","4"
"solankimhl","2","2","4"
"solayre58","1","3","4"
"Sold0","2","2","4"
"Solenja","2","2","4"
"solilon","3","1","4"
"solisvhoun_G7-EDISON","2","2","4"
"SolovyevMisha","2","2","4"
"Solrac25","1","3","4"
"som_001","2","2","4"
"somefilmnerd","1","3","4"
"someonedude","1","3","4"
"SongstressOfSorrow","2","2","4"
"Sonhador001","2","2","4"
"Soni4ka","2","2","4"
"SoniasoniaK","2","2","4"
"Sonic200IQ","1","3","4"
"sonicpajamas","1","3","4"
"Sonny3110","1","3","4"
"sonofnun","2","2","4"
"sonuba1","2","2","4"
"sonydangol","1","3","4"
"soontobemaster","3","1","4"
"Sopan1655","2","2","4"
"sopeca","2","2","4"
"Sophia-RU-OHES","1","3","4"
"sophiaoutfoxing","2","2","4"
"Soroboxer","3","1","4"
"sospechodijotoranzo","3","1","4"
"Sossage82","1","3","4"
"SosyologEspada","1","3","4"
"SotisOApaiktos","1","3","4"
"Sotoca","2","2","4"
"SottoCapo96","1","3","4"
"soubisio","2","2","4"
"souhaieb72","2","2","4"
"SOUKOUTOU","2","2","4"
"soullforged","3","1","4"
"soultrex","1","3","4"
"soulwinning","2","2","4"
"soundarrajan98","2","2","4"
"soundkid","3","1","4"
"SoupKid","2","2","4"
"SoupyTootPoots","1","3","4"
"SOUR4V","1","3","4"
"sourabhrander","2","2","4"
"SouthsideRook","2","2","4"
"Souvia","1","3","4"
"souvick99","2","2","4"
"soychessguy","2","2","4"
"soynuevov1","3","1","4"
"sozcantr","2","2","4"
"space_donkey","2","2","4"
"space_mayo","2","2","4"
"SpaceKnight007","2","2","4"
"spadaccino1","2","2","4"
"Spaetstarter19","3","1","4"
"spain2010","2","2","4"
"spaisiewater","1","3","4"
"spanishfencer","2","2","4"
"SPARTAN0VICH","1","3","4"
"SpartaRom","2","2","4"
"spartheeban","2","2","4"
"Spazzle","2","2","4"
"specialistahk","2","2","4"
"spectacularpie","3","1","4"
"Spectrateur","1","3","4"
"Speechless8","1","3","4"
"Speechlessspeedchess","3","1","4"
"Speedcola92","1","3","4"
"speedeek","2","2","4"
"Speedrich","2","2","4"
"speedy336","1","3","4"
"Speedy806blade","2","2","4"
"SpelarJon","2","2","4"
"spermarcelo","3","1","4"
"spglxy","2","2","4"
"Sphe_Majola1","2","2","4"
"SpicyMustardMumber1","2","2","4"
"Spider-Dog","1","3","4"
"spider33","2","2","4"
"spider4848","2","2","4"
"spiderttcc","3","1","4"
"spidyshivam","2","2","4"
"Spieler0815x","2","2","4"
"spiltoppen","1","3","4"
"Spin01","3","1","4"
"spinozix","2","2","4"
"Spirit1219","2","2","4"
"Spirngs","1","3","4"
"SpiXo","1","3","4"
"Splasharthegoat","2","2","4"
"Splatbangwallop","2","2","4"
"spn1966","3","1","4"
"SpoilerFPS","3","1","4"
"spollycs","2","2","4"
"sporcu11","2","2","4"
"sposad88","2","2","4"
"spotthehuy90","2","2","4"
"Springer777","1","3","4"
"Springeropfer65","2","2","4"
"SprunGGames","2","2","4"
"Spycharka","1","3","4"
"SQHM","2","2","4"
"Sqizzzy","2","2","4"
"SqueezyPeter17","3","1","4"
"Sqwqrslqt","2","2","4"
"sr1340","2","2","4"
"srain","3","1","4"
"srbh15au","2","2","4"
"Sree4117","3","1","4"
"sreejairam","3","1","4"
"sreejith1","2","2","4"
"sreejithsivanathan","2","2","4"
"Sreekanth1973","2","2","4"
"SreelakshmyNairCCS","3","1","4"
"sreelalitha26","2","2","4"
"SREENANDA2013","1","3","4"
"sreenandhika","2","2","4"
"sreenivas007","2","2","4"
"srewopde","2","2","4"
"SRHF","3","1","4"
"Srht_09","2","2","4"
"Sri_AGK","1","3","4"
"sri2804","3","1","4"
"SriAbhinav","2","2","4"
"Srihaan22","3","1","4"
"Srihanc","3","1","4"
"Srijit_Vetrimurugan","2","2","4"
"srikara97","1","3","4"
"Srinath9954","3","1","4"
"srinithyan","2","2","4"
"SRIVATSASAURAV","2","2","4"
"Sriyasree","2","2","4"
"SRK030404","2","2","4"
"srpresidente","2","2","4"
"srtcaio","2","2","4"
"ss0203","2","2","4"
"Ssaber66","3","1","4"
"ssaltuk","2","2","4"
"ssehch","1","3","4"
"ssgdono","2","2","4"
"ssh1226","2","2","4"
"Sso_ArdD_2babaii","1","3","4"
"SSO_teh2_1_aalaei","1","3","4"
"Sso-fars-4","1","3","4"
"ssrikakolapu","2","2","4"
"sss_avalanche","2","2","4"
"ssseregasss","2","2","4"
"st_bruno1969","2","2","4"
"St_w1","1","3","4"
"St-VM","2","2","4"
"ST0NE5W0RD","3","1","4"
"St3rr1","2","2","4"
"stacksats","3","1","4"
"Staffa78","2","2","4"
"StakhanovND","2","2","4"
"stakunaeza","3","1","4"
"StanciuC","3","1","4"
"StandardUser","1","3","4"
"STANDOFF4","2","2","4"
"stanislav1esnik","2","2","4"
"Stankic","2","2","4"
"Stansamara","1","3","4"
"stao","2","2","4"
"star_kurosaru","1","3","4"
"Starball123","3","1","4"
"starfireeeeeee1010","2","2","4"
"starjoshuaa","3","1","4"
"stark1416","3","1","4"
"starkned","2","2","4"
"StarKsu","2","2","4"
"starlaaaa","2","2","4"
"Starlight-73","3","1","4"
"Starshoi","2","2","4"
"start_king","1","3","4"
"start1510","2","2","4"
"startatrix","2","2","4"
"startrekstach","2","2","4"
"starwars2016","1","3","4"
"STARZ19","2","2","4"
"Stas19821501","2","2","4"
"StasM2012","3","1","4"
"Stav_21","2","2","4"
"StayWokeCCC","2","2","4"
"stdek","1","3","4"
"StealTheStars","2","2","4"
"stebo","1","3","4"
"steel2k18","2","2","4"
"Stefan_Chess","3","1","4"
"stefan455455","2","2","4"
"stefanofuma","1","3","4"
"StefanoNjohord","2","2","4"
"steffenreich","2","2","4"
"StefFr","2","2","4"
"stefhaecker","3","1","4"
"Stefica77","2","2","4"
"steinetzmagic","2","2","4"
"Stemaru1","2","2","4"
"stemmark","2","2","4"
"stendhalwiese","2","2","4"
"Stepan-01","3","1","4"
"StepanPetrovich","2","2","4"
"StephanV","2","2","4"
"Steppenrose","3","1","4"
"SterbenVD","2","2","4"
"Sterhslav09","1","3","4"
"Sternritter01","2","2","4"
"Steve_hunney","3","1","4"
"Steve_Malacura16","3","1","4"
"SteveDRC","1","3","4"
"Stevehat14","2","2","4"
"SteveHSmith","2","2","4"
"Steven_Nader_matta","2","2","4"
"StevenBhull","2","2","4"
"StevenProo99","2","2","4"
"stevomo","2","2","4"
"StfFrnc","3","1","4"
"stgeorgiy","3","1","4"
"sthirunav","2","2","4"
"stickman007","3","1","4"
"Stiglio72","2","2","4"
"StijnSchaakt","2","2","4"
"StilianMukba","2","2","4"
"Stivie312","2","2","4"
"stockholm987","2","2","4"
"stocktilapia69","2","2","4"
"stoga1","3","1","4"
"stokespower","2","2","4"
"StonedYoda","2","2","4"
"Stopczyj0","1","3","4"
"stopdropandroll","2","2","4"
"StormMax","1","3","4"
"stormymonday","2","2","4"
"Stortebeker","2","2","4"
"Story_writer","1","3","4"
"Stott","2","2","4"
"stphn7","2","2","4"
"stradivariuss","2","2","4"
"strax184","2","2","4"
"Straycat19","3","1","4"
"streete2","1","3","4"
"Streetflash0113","2","2","4"
"StreetSoldier","2","2","4"
"Strix_Chess","3","1","4"
"Stromach","1","3","4"
"Stronglove","3","1","4"
"StrongMuntu","1","3","4"
"StrongSongs","1","3","4"
"strontcan","2","2","4"
"STrrazhalkovskyVova","2","2","4"
"Strus89","3","1","4"
"stuartwithasuit","2","2","4"
"Stulio","2","2","4"
"stutikommineniwins","2","2","4"
"stvlpotapov","2","2","4"
"stvo99","3","1","4"
"Styles18","3","1","4"
"Suarez888","2","2","4"
"Subh001","1","3","4"
"subham626bisht","3","1","4"
"Subhamchess2023","3","1","4"
"subhrajit_24","2","2","4"
"Subotai1","3","1","4"
"Subotei","1","3","4"
"subscriberf88","2","2","4"
"Subudei","1","3","4"
"SubZerodoLeme","3","1","4"
"SuccessHostel","2","2","4"
"Sucuklu0ralet","2","2","4"
"sudarshan7","3","1","4"
"Sudarshan95","2","2","4"
"sudeep00","1","3","4"
"Sudhanshunegi_lp","3","1","4"
"SUDHYKS","3","1","4"
"sudisadi","1","3","4"
"sudo_Apt","2","2","4"
"Sudolix","2","2","4"
"sufyan99s","2","2","4"
"Suhaan7869","1","3","4"
"suhasp","2","2","4"
"sujiscool","2","2","4"
"sulaimansk358","3","1","4"
"Suleiman91","2","2","4"
"suleisthebest","3","1","4"
"suleymanaktrk","2","2","4"
"sultanov_r","2","2","4"
"sultonarr","2","2","4"
"sumanjit","1","3","4"
"sumansahu1991","2","2","4"
"sumejjagm","2","2","4"
"Sumit1689","2","2","4"
"sumit34siwatch","2","2","4"
"Sumkin_Andrei284","2","2","4"
"Summion","2","2","4"
"sumon1045","2","2","4"
"Sumsumi","2","2","4"
"Sunanda_333","3","1","4"
"Suncanaa","1","3","4"
"sunchipz","3","1","4"
"sungame","2","2","4"
"sunil_dev","2","2","4"
"sunit3242","2","2","4"
"Sunny-13","2","2","4"
"sunriseluke","2","2","4"
"SunSchnorrenberger","1","3","4"
"sunsun231166","2","2","4"
"Supa1973","2","2","4"
"super_idol1","1","3","4"
"Super_Sayan","2","2","4"
"Super_Trooper","2","2","4"
"Super2op","2","2","4"
"super3mr","3","1","4"
"superAzer2","3","1","4"
"SuperDodgy","2","2","4"
"SuperF1000","1","3","4"
"superganesha","2","2","4"
"superhans7","2","2","4"
"SuperHeroN","2","2","4"
"superheroritesh","2","2","4"
"superlewis","2","2","4"
"SuperManPerseo","3","1","4"
"SuperMario1986","2","2","4"
"supermbappe","3","1","4"
"SuperMisha2015","2","2","4"
"supermishi","2","2","4"
"SuperMisterChess","2","2","4"
"SuperOasis","3","1","4"
"superplayerr","1","3","4"
"supers_onic","2","2","4"
"SuperSpazio","3","1","4"
"Supertramp65","2","2","4"
"supplychain97","1","3","4"
"supra4232005","1","3","4"
"supra63","2","2","4"
"Supreme_Kng0","2","2","4"
"SupremeCrowOfJudgeme","2","2","4"
"supremelama","2","2","4"
"SupremeMonkey","3","1","4"
"suprithn236","3","1","4"
"surajvegesna","1","3","4"
"suramsrishanth","2","2","4"
"surangasala","2","2","4"
"Suren_Mkhitaryan","2","2","4"
"Surena_82","1","3","4"
"surena78","2","2","4"
"surenmoktan7","1","3","4"
"suresh13886","3","1","4"
"surge16","2","2","4"
"SurprisesOnBoard","3","1","4"
"Surrinski","2","2","4"
"surrutia","2","2","4"
"Surveyor123","2","2","4"
"surya_pratap","2","2","4"
"suryaghoda","2","2","4"
"Suryanto99","2","2","4"
"susgun11","2","2","4"
"sushant1107","2","2","4"
"SUTANAT","2","2","4"
"sutehage","1","3","4"
"suuuum","1","3","4"
"Suvitsetty","1","3","4"
"suwoto","2","2","4"
"suzannemath","1","3","4"
"Sv13Ar","2","2","4"
"sv2079","2","2","4"
"svall","3","1","4"
"Svarogich88","1","3","4"
"svechnikov1","3","1","4"
"sveikasgivas","2","2","4"
"Sveki67","2","2","4"
"Svenskgambit","3","1","4"
"Sverre-S","2","2","4"
"Svet_int","2","2","4"
"Svetozar2013","3","1","4"
"Svileni49","1","3","4"
"Sviluppo","2","2","4"
"svist13","1","3","4"
"Svitlana_Averyanova","2","2","4"
"SvQSlav","2","2","4"
"svtanish","2","2","4"
"svtbrm","2","2","4"
"swag_mara007","1","3","4"
"swagataraj","3","1","4"
"swallowdkfl21","2","2","4"
"swamiyelu","2","2","4"
"swapnil_nisal","3","1","4"
"Swapnil_Waichale","2","2","4"
"swara-p","2","2","4"
"swarang","3","1","4"
"swarna2021","1","3","4"
"swarshik101","2","2","4"
"SWecla","3","1","4"
"SweetFA","2","2","4"
"Sweetheart_Lollipop","1","3","4"
"SweetyPilot","2","2","4"
"swen_sobeck","3","1","4"
"swetank10508162","2","2","4"
"swichtel","2","2","4"
"SwiFex","2","2","4"
"Swifie07","2","2","4"
"SwiftKey_8","2","2","4"
"sWimMIngfROg","2","2","4"
"Swindled","2","2","4"
"Swingalot","2","2","4"
"SwirlingWind","2","2","4"
"swissmusti","2","2","4"
"swissswizz","3","1","4"
"swusc","3","1","4"
"Sx24x","3","1","4"
"syaifulhd","2","2","4"
"Syarafsuhaili","2","2","4"
"Syda_plez","2","2","4"
"Syed_Shadman","1","3","4"
"sylberno","2","2","4"
"sylmz1649","3","1","4"
"synalcapono","2","2","4"
"synano","3","1","4"
"synthCat","1","3","4"
"syropovipivatel","3","1","4"
"sysAdminn","2","2","4"
"sytaline","2","2","4"
"Szach_Alex","3","1","4"
"szachbury","2","2","4"
"Szachy_z_yerbom","2","2","4"
"szaeim","2","2","4"
"szaszunie","2","2","4"
"szollosibalazs","3","1","4"
"szost1990","3","1","4"
"SzS_92","2","2","4"
"Szuba_Junior","1","3","4"
"Szunnya25","3","1","4"
"szupfer","2","2","4"
"szw1710","1","3","4"
"szymon_mp3","3","1","4"
"Szymon314","2","2","4"
"t1m3l00p","2","2","4"
"T1nk4bell","1","3","4"
"T91762","2","2","4"
"Ta-To_Sha","2","2","4"
"Taa88","2","2","4"
"tabatadze_300","1","3","4"
"Tabatha13","2","2","4"
"tabbs88","2","2","4"
"tabletophotdish","2","2","4"
"Tabrizi1364","3","1","4"
"Tabu33","3","1","4"
"TacticaLGeNiuS333","3","1","4"
"tacticsEatDx","2","2","4"
"Tadakatsu","2","2","4"
"TaddieMason","2","2","4"
"tadeus_volakia","3","1","4"
"Taegr2008","2","2","4"
"Taeljam","3","1","4"
"taesooyoung","2","2","4"
"Tafarelly","2","2","4"
"Taha_Rahim84","2","2","4"
"Taha-sto2003","2","2","4"
"Taha62","2","2","4"
"Tahababaa","2","2","4"
"Taherfalah","3","1","4"
"Tahir-73","2","2","4"
"tahir1986","3","1","4"
"TahoeRed","1","3","4"
"taida_t1129","2","2","4"
"taiga1997","1","3","4"
"Tailor666","2","2","4"
"taiye01","2","2","4"
"TajaddinBayramov","1","3","4"
"Tajud19","1","3","4"
"Takeikou","2","2","4"
"takhmina13","1","3","4"
"taktai","2","2","4"
"TakutoMate","3","1","4"
"tal_only","3","1","4"
"Talarcon","2","2","4"
"Talat6","2","2","4"
"TalliBass","1","3","4"
"Tallisbest","3","1","4"
"TalMikh","1","3","4"
"TALYANM","2","2","4"
"Talyano","2","2","4"
"tamamy","2","2","4"
"TameemNa","2","2","4"
"Tameo_Larbieg","3","1","4"
"tamer1981","2","2","4"
"Tamimate","1","3","4"
"tamira144","2","2","4"
"TanaupovAidar","2","2","4"
"TanayAHIRE","2","2","4"
"taneresen1989","2","2","4"
"TANIAGOLD","1","3","4"
"tanilay","2","2","4"
"Tanish10011","2","2","4"
"Tanja1983","2","2","4"
"Tanja1987","1","3","4"
"Tannazmavali","2","2","4"
"tantans","2","2","4"
"Tanu10122012","1","3","4"
"tanya_adushkina","3","1","4"
"TaoufikMejri","2","2","4"
"taoufiktabbai38","2","2","4"
"tarak0624","2","2","4"
"TarAla","3","1","4"
"Taran_Sergey","2","2","4"
"tarek-4","2","2","4"
"tarek200","2","2","4"
"TarekBouha","2","2","4"
"TarekElmenshawy","2","2","4"
"tarekmec1","1","3","4"
"tareq89","2","2","4"
"Tareqtd978","2","2","4"
"Tarik2022","3","1","4"
"tarikchess10","2","2","4"
"Taronsar146","2","2","4"
"TAROUQ1","2","2","4"
"tarrasoeltablero","3","1","4"
"Tarrunesh","2","2","4"
"tarun_meradakonda","2","2","4"
"Tarundayma","1","3","4"
"Tarush45","2","2","4"
"Tasfia","2","2","4"
"TashGi","3","1","4"
"tasman26","2","2","4"
"TastyCeleryjuice","2","2","4"
"Tata111","2","2","4"
"Tata2305","3","1","4"
"Tatanka-Yokanta","3","1","4"
"Tatarin_59","3","1","4"
"Tateist","2","2","4"
"tatoall","2","2","4"
"Tatrankas","2","2","4"
"Taubenbergs","2","2","4"
"taurusatgame","1","3","4"
"Tauseef2","3","1","4"
"tavanamhd","2","2","4"
"Tavernell","1","3","4"
"taylor20230707","3","1","4"
"TayTaySwaggyy","2","2","4"
"Tbcplowboy","2","2","4"
"TbirdV","3","1","4"
"tblon","1","3","4"
"tbrowns","2","2","4"
"Tbzhad","2","2","4"
"tdhanu","2","2","4"
"TE510","2","2","4"
"Teacheralqueria","2","2","4"
"teal01","1","3","4"
"Teatime89","2","2","4"
"Techcore123","2","2","4"
"techniverre","2","2","4"
"TEDA6670","3","1","4"
"TEDDIX36484829193","2","2","4"
"TeddyBall","3","1","4"
"tedis1","2","2","4"
"TedMooney","2","2","4"
"tedspaghett","1","3","4"
"Tehara2Rajapaksha","2","2","4"
"Teichfrosch","1","3","4"
"tejasananth","2","2","4"
"tejasm01","2","2","4"
"Tejasree14","1","3","4"
"tejassundar","2","2","4"
"Tejasw2023","2","2","4"
"Telemakov","2","2","4"
"tellmedoyoubl33d","2","2","4"
"telmannihal24","2","2","4"
"Telwany","2","2","4"
"Tem4ukSmir","2","2","4"
"Temesi59","3","1","4"
"Temirlan_Baimakhan","2","2","4"
"Temirzhan_M","3","1","4"
"tempname336","2","2","4"
"Tempoxy","2","2","4"
"TenCamalka","3","1","4"
"Tenclea","3","1","4"
"Tendai10","1","3","4"
"Tendus","3","1","4"
"Tenebrism","2","2","4"
"tenecke","1","3","4"
"tengerleg","2","2","4"
"tenmax","3","1","4"
"Tennets","3","1","4"
"tenswiltitus","2","2","4"
"teo02","2","2","4"
"teodorlazarescu","2","2","4"
"TeodorWest","2","2","4"
"Tepel77","2","2","4"
"tera-74","1","3","4"
"Terabyte5G","3","1","4"
"TerekhinaSofiy","3","1","4"
"tereze777","2","2","4"
"TeriqNatty","2","2","4"
"terjarv","3","1","4"
"Terlaque","3","1","4"
"Terminator-91","2","2","4"
"Terminator123456789","2","2","4"
"termist1","3","1","4"
"terra1980","2","2","4"
"terrado","2","2","4"
"Terrone_amk","1","3","4"
"Terror_Scotch","2","2","4"
"terti18","3","1","4"
"tery3103","2","2","4"
"teryo","1","3","4"
"TESE123","1","3","4"
"Tesla8851","1","3","4"
"Tessahoc","2","2","4"
"testaccio","1","3","4"
"testbymyself","1","3","4"
"TETEPEB1871","1","3","4"
"Teteriv","1","3","4"
"Tetsuya_785","1","3","4"
"tetujin29go","2","2","4"
"teutu","1","3","4"
"teww3r","2","2","4"
"Texug0","2","2","4"
"tfarana","2","2","4"
"TFRNO","2","2","4"
"TG_CoBrA6","2","2","4"
"Tgmoore57","2","2","4"
"Th3_Creator","3","1","4"
"th3_only_onE","2","2","4"
"thabet_benzarti_1","2","2","4"
"thal01","2","2","4"
"Thalle19","2","2","4"
"Thameralharbi","2","2","4"
"ThangappanG","2","2","4"
"thanhphong2016","3","1","4"
"thanosaek","2","2","4"
"ThanuraF","2","2","4"
"TharuliYF","2","2","4"
"Tharun22","1","3","4"
"thassara","2","2","4"
"thatboy124ooooof","2","2","4"
"Thato-Kevin10","2","2","4"
"ThatsAMistake28","1","3","4"
"Thavans","1","3","4"
"Thaviphanh","2","2","4"
"the_509th","2","2","4"
"The_Almighty_Pawn","2","2","4"
"the_art_teacher","2","2","4"
"the_beatles_is_good","3","1","4"
"The_blue_penguin","2","2","4"
"the_blunder_taker","2","2","4"
"the_king_destroyer","2","2","4"
"the_mountain_man","3","1","4"
"The_nullvoid","2","2","4"
"The_Phenomenal07","2","2","4"
"The_Tollkeeper","3","1","4"
"The1stSage","3","1","4"
"The310","3","1","4"
"TheAlmondAmygdala","2","2","4"
"TheArneLewa","2","2","4"
"TheAssyrianGambit","3","1","4"
"thebaLo49","1","3","4"
"TheBenBro","3","1","4"
"TheBestInKaduna","3","1","4"
"thebestuser4ever","2","2","4"
"thebet","3","1","4"
"TheBlunderShoppe","2","2","4"
"THEBOSS_789","2","2","4"
"TheBowmanator","3","1","4"
"TheCharlieHustle","2","2","4"
"TheChessLobster","2","2","4"
"TheClassicRock","3","1","4"
"TheCoco123","2","2","4"
"thecookintherook","3","1","4"
"Theepicosity","2","2","4"
"TheExcellentKing","2","2","4"
"Theezy360","1","3","4"
"Theflash755","2","2","4"
"thefrankliniii","3","1","4"
"TheFraturus","2","2","4"
"TheFurtivePygmy","2","2","4"
"Thegreatmikan","2","2","4"
"TheGroch","2","2","4"
"Theguestt","3","1","4"
"TheHorseWhisperer","2","2","4"
"thejackgoode","3","1","4"
"Thelastgarou","2","2","4"
"TheLegendSama","2","2","4"
"TheMachfather","2","2","4"
"Thembad33","2","2","4"
"TheMessyHairedGuy","1","3","4"
"Themman78","2","2","4"
"TheMorcoma","3","1","4"
"TheNotoriousNIG","2","2","4"
"TheodorEf","2","2","4"
"theodorekwan","1","3","4"
"TheoGauss97","2","2","4"
"Theoldkia","2","2","4"
"Theom69nc","2","2","4"
"TheOnlyOneGodOfChess","3","1","4"
"TheoVe","3","1","4"
"thepanthers19","1","3","4"
"thepawn_3000","2","2","4"
"ThePhoenix64","2","2","4"
"thepower7","2","2","4"
"Thequeen17","2","2","4"
"theramkingslayer","2","2","4"
"TheRaven77","1","3","4"
"TheRealJDM","3","1","4"
"theredphoenix2","2","2","4"
"theredrook","1","3","4"
"TheSecondNoob","2","2","4"
"theson04","1","3","4"
"thetygertyger","2","2","4"
"THEVENEZUELAN","3","1","4"
"Thevinthebest","3","1","4"
"thewalkingthreat","2","2","4"
"TheWellHeeledKing","2","2","4"
"thewheelonthebus","2","2","4"
"TheWhiteShark28","2","2","4"
"TheWorstMaster","1","3","4"
"TheYaYhA","2","2","4"
"Thiago_Chagas","3","1","4"
"Thiago7495","2","2","4"
"ThiagoALC593","2","2","4"
"ThiagoCanatoAzevedo","1","3","4"
"ThiagoMirim","2","2","4"
"Thibautasptt","2","2","4"
"thierry8866","2","2","4"
"thierryjoseph","1","3","4"
"thierrylapeyre","1","3","4"
"thinkandactbeyond","3","1","4"
"thinkitbackgammon","2","2","4"
"thinony","1","3","4"
"thirdcoasthtx","3","1","4"
"ThirmA","3","1","4"
"ThirteenOne","2","2","4"
"thiru2023","1","3","4"
"thirumonster21","2","2","4"
"Thiscreeper","2","2","4"
"Thomas_Carvalho","3","1","4"
"thomashainbuch","2","2","4"
"thomasimionato","2","2","4"
"ThomasK13","3","1","4"
"ThomasTheCat","2","2","4"
"thomaswillemsen","1","3","4"
"thomsen59","2","2","4"
"Thomssius","1","3","4"
"thorek","1","3","4"
"Thorlion2","2","2","4"
"thors_10","2","2","4"
"thorstylein","2","2","4"
"THRACEMAN","2","2","4"
"Thuanpd1","2","2","4"
"thuel2023","2","2","4"
"Thunderbrid","2","2","4"
"Thundrik","1","3","4"
"thupham2222222","1","3","4"
"thutrang2014","1","3","4"
"thylambal_r","2","2","4"
"tiag012345","2","2","4"
"TiagoRG","2","2","4"
"tiagotao","2","2","4"
"Tic974","2","2","4"
"tiger16tr","2","2","4"
"Tiger1900","2","2","4"
"tigerAdam","3","1","4"
"tigercub2315","1","3","4"
"tigerjack2021","2","2","4"
"Tigr58","2","2","4"
"Tigran_Eterno","1","3","4"
"TigranTumasyan","3","1","4"
"TikhonVas","2","2","4"
"tilcor2005","2","2","4"
"Tilikum94","2","2","4"
"tilinwaaaaaaasa","2","2","4"
"tilivali","2","2","4"
"tillh","2","2","4"
"Tim-khusen","2","2","4"
"Tim-TomHartwigsen","2","2","4"
"Tim734","2","2","4"
"timabold","1","3","4"
"Timanco","2","2","4"
"timbira","2","2","4"
"Time-00","2","2","4"
"timebandit121","2","2","4"
"timimp","2","2","4"
"Timka-Rulit","3","1","4"
"timmydietonne","2","2","4"
"timmynobeard","2","2","4"
"timmypirater","2","2","4"
"Timoak","2","2","4"
"Timochka_03","2","2","4"
"Timochok","2","2","4"
"Timofei_Solkin","2","2","4"
"timofey1607","2","2","4"
"Timofi2","2","2","4"
"timogang","2","2","4"
"timonp13","3","1","4"
"TimothyKim","2","2","4"
"TimotyK","1","3","4"
"timpaul12","2","2","4"
"Timpsukka","2","2","4"
"timsibirskiy","2","2","4"
"Timulin","3","1","4"
"TIMUR_1984","2","2","4"
"Timur2412","1","3","4"
"TimurMag","3","1","4"
"Timyanck","1","3","4"
"tin008","2","2","4"
"tina_0","3","1","4"
"Tinamin","1","3","4"
"TINCHO2015","2","2","4"
"tinkerz27","3","1","4"
"Tinrr","2","2","4"
"tintilin","3","1","4"
"Tinycastle727","1","3","4"
"TIO_J0SE","1","3","4"
"TioGato","1","3","4"
"tiogoncho","3","1","4"
"tiopopo","1","3","4"
"TiPPiNGp0Int","2","2","4"
"Tir10","2","2","4"
"Tiskitabletti","2","2","4"
"tissumagic","2","2","4"
"titan_ge","2","2","4"
"titanium2050","2","2","4"
"titiloquinho2","2","2","4"
"tito1308","2","2","4"
"Titolone","2","2","4"
"Titov1Alexander","1","3","4"
"Titulooo","2","2","4"
"Titus_Yeah","2","2","4"
"Titus02","2","2","4"
"TitusPolio","3","1","4"
"tityboiflora","2","2","4"
"Tiwari01","1","3","4"
"TiziVal","1","3","4"
"TJ_Vadim-91","3","1","4"
"Tjaivardhan","3","1","4"
"Tjarkovic","2","2","4"
"tjcks2869","1","3","4"
"TJMeihak","3","1","4"
"TJSEAT","3","1","4"
"TK0297","1","3","4"
"TKarla1965","2","2","4"
"tkef4","2","2","4"
"tlek2020","2","2","4"
"TLight1","3","1","4"
"tligur07","2","2","4"
"tlpky58","2","2","4"
"tmag3375","2","2","4"
"TMSoap","2","2","4"
"tn1958","2","2","4"
"TNC_DANGDUY2013","3","1","4"
"TNCSNLI","3","1","4"
"TNVDangQuang14122015","2","2","4"
"To_ba","2","2","4"
"Toatapio","3","1","4"
"Tobbas","2","2","4"
"Tobias_Schueller","1","3","4"
"TobiasH88","2","2","4"
"tobimoe","3","1","4"
"tobsn10","1","3","4"
"Toc-B","2","2","4"
"Tochemon","2","2","4"
"ToddCompton","3","1","4"
"ToEEEE","3","1","4"
"TOFA7AA","2","2","4"
"Tofan9","2","2","4"
"togiran","1","3","4"
"tohiboto","3","1","4"
"toitoine01","3","1","4"
"Toituse","2","2","4"
"ToJestTym","2","2","4"
"Tojiko_Grizzly","1","3","4"
"Tokamak08","2","2","4"
"Tokito14yt","3","1","4"
"tolik56","2","2","4"
"Tolunay_Tasdemir","3","1","4"
"tolyanich70","1","3","4"
"tom030868","3","1","4"
"Tom1971","2","2","4"
"Tomag1987","2","2","4"
"Tomasbar","2","2","4"
"TomasOne","2","2","4"
"tomasshein","2","2","4"
"TomasVolgin","1","3","4"
"Tomasz71","2","2","4"
"tomatocy","2","2","4"
"tomazalipio","2","2","4"
"Tomazo21","2","2","4"
"Tomboy_girl_2011","2","2","4"
"tomczaspolud","3","1","4"
"TOMELREY","3","1","4"
"Tomerbey","2","2","4"
"tomhud","3","1","4"
"tomino555","3","1","4"
"tomjhzhang","2","2","4"
"Tommmomac","3","1","4"
"tommygunz","2","2","4"
"TommyK90","2","2","4"
"tommyl9","3","1","4"
"Tommyycorr","1","3","4"
"tomoa","2","2","4"
"TomoTama","2","2","4"
"Tompi2010","2","2","4"
"tomtanner02","1","3","4"
"tomtomtom","2","2","4"
"TomToom","2","2","4"
"ton321","1","3","4"
"tonciii","1","3","4"
"TondaZ","2","2","4"
"Tonibarcelona","1","3","4"
"Tonicsbass","3","1","4"
"toniejestdobryruch","1","3","4"
"Tonisubi","2","2","4"
"tontipop","2","2","4"
"tontonbakki","3","1","4"
"Tony_Strowger","1","3","4"
"tonylith","2","2","4"
"Tonymacho","2","2","4"
"Tonyomah","1","3","4"
"Tonyxxl","1","3","4"
"Too35","2","2","4"
"ToobitPotionMaker","2","2","4"
"TooCool","1","3","4"
"TooOldTooSlowBf","1","3","4"
"ToosieSlide","3","1","4"
"tootobaal","2","2","4"
"Top-G-Sewey","3","1","4"
"top4ik_88","2","2","4"
"TopalovNumber1","2","2","4"
"Topaz27","2","2","4"
"Toprakefesatranc","2","2","4"
"topss","2","2","4"
"Torero2007","1","3","4"
"Toretto_121212","3","1","4"
"TornadoNoob","2","2","4"
"TORONTOTOKY02","1","3","4"
"Toropov1981","2","2","4"
"torrecalderon","1","3","4"
"Torredicontrollo","2","2","4"
"Torrid_Tumblestone","2","2","4"
"torro_neos","2","2","4"
"toshihiro_aoi","2","2","4"
"toshihirolaw","2","2","4"
"totalidiott","1","3","4"
"TotallyZenman","3","1","4"
"totEnot","3","1","4"
"tothi97","2","2","4"
"TotoDM","3","1","4"
"Totolomo","1","3","4"
"Totonhosanto","2","2","4"
"totonw2021","2","2","4"
"totototomasz","2","2","4"
"totoybato16","1","3","4"
"Tova","1","3","4"
"Toxicochess","3","1","4"
"tpo123456","1","3","4"
"TPP40","2","2","4"
"TR-quanch","3","1","4"
"tr0ss","3","1","4"
"tractorson7","2","2","4"
"traderpedreira","3","1","4"
"Trakason","2","2","4"
"Traktoro","3","1","4"
"tranhoangnam-58271","2","2","4"
"Trank1","2","2","4"
"trankhoinguyendt","2","2","4"
"Trannel1101","2","2","4"
"TranPhuongLinh-1B4","2","2","4"
"Tranquangthongg1662","1","3","4"
"TranQuynhNhu05","2","2","4"
"TrapAdvisor","3","1","4"
"trash-queen","3","1","4"
"TratD","2","2","4"
"traumea","2","2","4"
"Trawucus","2","2","4"
"TRAXAL1_VSEM_SELOM","2","2","4"
"TRE-DEUCE","2","2","4"
"trebor72","1","3","4"
"TreborT30","3","1","4"
"treccioni","3","1","4"
"tregdegus","2","2","4"
"trejogmchil","2","2","4"
"Trekkab","2","2","4"
"trelo777","1","3","4"
"Trenert","2","2","4"
"trevorfaux","2","2","4"
"TREX2014","2","2","4"
"TRGatamanna","2","2","4"
"Trichur","1","3","4"
"TrickyEnot","2","2","4"
"Tridrian","1","3","4"
"trifun2000","2","2","4"
"trigema","2","2","4"
"Triger150","2","2","4"
"trillizosjbm","2","2","4"
"triniloyalty","2","2","4"
"triscuit24","3","1","4"
"Trishul12345678","2","2","4"
"TristanAsmara","2","2","4"
"Tristania76","3","1","4"
"tristanlaunay","2","2","4"
"tristanxaloc","3","1","4"
"Trn24","2","2","4"
"TrollChuckNorris","2","2","4"
"trollkarl","1","3","4"
"Trompovskiy_Best","2","2","4"
"Troncodemadera","3","1","4"
"TrongHoang2016","3","1","4"
"trooper2009","1","3","4"
"trostery","1","3","4"
"troutfishing","3","1","4"
"troyvw","2","2","4"
"Truckdriver_89","3","1","4"
"trueleo","3","1","4"
"truerastamaan","3","1","4"
"trungduc21","2","2","4"
"truongtrinhmaitrinh","2","2","4"
"truson","2","2","4"
"TRYMEN177","2","2","4"
"TrzyKawki","2","2","4"
"tsaiman","2","2","4"
"TSAKISA","2","2","4"
"Tsalko_vadim","2","2","4"
"TSARE123","3","1","4"
"Tsbilgehan","2","2","4"
"TschA","2","2","4"
"Tscheskov33","2","2","4"
"TSchulKR","2","2","4"
"tsrff","1","3","4"
"TsyrenBer","2","2","4"
"Tt_ball","3","1","4"
"tt_serg","3","1","4"
"TTaJIa4","2","2","4"
"TTBio","2","2","4"
"tterkawi","2","2","4"
"Tttanmay","1","3","4"
"Tu_Sicaria","2","2","4"
"tuan_son_90","2","2","4"
"tuan_tu_90","2","2","4"
"TuanBach2k2","2","2","4"
"tubottle","2","2","4"
"tucha11","3","1","4"
"Tuchikav","2","2","4"
"Tueanx2013","2","2","4"
"Tuffybella","2","2","4"
"tugbayi_yenen","2","2","4"
"TuhinMahmud","2","2","4"
"Tukam","2","2","4"
"tulbul","2","2","4"
"Tulun53","2","2","4"
"TUMKA013","2","2","4"
"tunaaaaaa","1","3","4"
"tunavera","2","2","4"
"Tunay1976","3","1","4"
"tuncay11","2","2","4"
"Tunnapy","2","2","4"
"tunometescabrasarama","2","2","4"
"Turan7777","2","2","4"
"TurboFrenzy","2","2","4"
"Turbohamsteri","2","2","4"
"Turbospringer94","2","2","4"
"turgut17","2","2","4"
"turjoyo1998","1","3","4"
"Turjya","2","2","4"
"Turkeymanchess","2","2","4"
"turm-weg","2","2","4"
"Turmmatt","2","2","4"
"Tursunov-Said","2","2","4"
"Tushar176","2","2","4"
"tutberidze","2","2","4"
"Tutevych","2","2","4"
"Tutuldhar","2","2","4"
"Tuxo71","3","1","4"
"Tuzhikov","2","2","4"
"Twati33","2","2","4"
"twijjyy","1","3","4"
"TWILEK32","3","1","4"
"Twins","2","2","4"
"Twiny79","2","2","4"
"two_vans","2","2","4"
"Two2fiddy50","2","2","4"
"twoheadss","2","2","4"
"Twoknightsattack","2","2","4"
"TWoStoneKnight","2","2","4"
"TwoTwoOneB","2","2","4"
"txtxas","1","3","4"
"txufi75","2","2","4"
"tyfr90","2","2","4"
"tylafyla","3","1","4"
"tylncs","2","2","4"
"tyloth","1","3","4"
"tymyevhen","2","2","4"
"tyncho79","3","1","4"
"TypoSolomin","2","2","4"
"Tysonbobby","2","2","4"
"tyu2478","2","2","4"
"Tzaha","2","2","4"
"tzakazchik","1","3","4"
"u_denbaguse","2","2","4"
"ub55","1","3","4"
"ubdncr","1","3","4"
"UbeiMenta","2","2","4"
"Ubermensch27","2","2","4"
"ubikantonio","3","1","4"
"ubiquitousbasterd","1","3","4"
"ubriacone","3","1","4"
"UchihaKathya_22","2","2","4"
"UCUMUDUN","2","2","4"
"udai_33","1","3","4"
"UdarVolvo","3","1","4"
"uddipan123qwe","2","2","4"
"Udhkam-94","2","2","4"
"Udris","1","3","4"
"ug48","1","3","4"
"UGJAnirunEthMiTha","1","3","4"
"uglyfrank","2","2","4"
"uglyprick","2","2","4"
"Ugoreli","2","2","4"
"ugurcan_gunes","2","2","4"
"ugurtunc","2","2","4"
"Uh_duh","1","3","4"
"uhcorbcul","1","3","4"
"ujjwalM1234","2","2","4"
"uke_bcn","2","2","4"
"ukkam","1","3","4"
"Ukrainian_Terrain","3","1","4"
"ukrsensor","1","3","4"
"uldenis","2","2","4"
"Ulfrir","1","3","4"
"ulik74","2","2","4"
"UlilHaqi","2","2","4"
"Ulises2022","2","2","4"
"ullahfarid","1","3","4"
"ulquiorrallah","2","2","4"
"Ultcyber","2","2","4"
"Ultra888888","3","1","4"
"ultraprohero","1","3","4"
"Ulych07","2","2","4"
"Ulyx","2","2","4"
"ulziiskhn","2","2","4"
"UMAHEMA","2","2","4"
"umairkhan77","3","1","4"
"Umang0408","2","2","4"
"Umar-ttt","2","2","4"
"umar34324","2","2","4"
"UmarSyarif","1","3","4"
"umartal","1","3","4"
"umesh78","2","2","4"
"UMESHLALWANI","1","3","4"
"Umidjon22","2","2","4"
"Umit44","2","2","4"
"umitaladdin1","1","3","4"
"umjomosa","2","2","4"
"ummer175","1","3","4"
"ummma","2","2","4"
"umtutu","2","2","4"
"UMTUZN","2","2","4"
"Umufs","1","3","4"
"Umut_Asaf021","2","2","4"
"umutka","2","2","4"
"umwegeBuesche","3","1","4"
"umyeddula","2","2","4"
"un0k1","3","1","4"
"unaharta","2","2","4"
"unal71","2","2","4"
"Unalus","3","1","4"
"unanimous10","2","2","4"
"unBROK3N","2","2","4"
"Uncharted_1","2","2","4"
"Uncle-Eugene","3","1","4"
"uncledrewie","1","3","4"
"unconzo","1","3","4"
"Under_Control95","2","2","4"
"UnderSlay","1","3","4"
"UnderworldThug","2","2","4"
"UnDo_CtrlZ","2","2","4"
"unfocusedchess","2","2","4"
"unh0mmequid0rt","1","3","4"
"UnholyChild_2000","2","2","4"
"unit781","1","3","4"
"Unknown_investor00","2","2","4"
"Unknown-9","2","2","4"
"unknown-player000001","3","1","4"
"unknown116k","3","1","4"
"unknown3_7_2004","2","2","4"
"UnknownKoji","2","2","4"
"Unlash","3","1","4"
"Unlem","2","2","4"
"unlovedaf","2","2","4"
"UnoRobotto","2","2","4"
"unpeonmas","2","2","4"
"Unskilled17","1","3","4"
"unsuccessful_life","2","2","4"
"upaichie","2","2","4"
"UpbeatClock","1","3","4"
"Upi23","3","1","4"
"upolovegood","1","3","4"
"upr999","2","2","4"
"UprightOwl","1","3","4"
"ur500","3","1","4"
"ura-grigorev11","2","2","4"
"Uraken_33","3","1","4"
"Ural72","2","2","4"
"urascan2016","2","2","4"
"Urbanek","2","2","4"
"urbans98","3","1","4"
"Urbicus","2","2","4"
"urdaddyy","2","2","4"
"Urfurghi","1","3","4"
"Uriarus","2","2","4"
"Urmelbaer","3","1","4"
"UrmikaRaghavi","2","2","4"
"Urosdarda","2","2","4"
"ursnandu","2","2","4"
"urugwajskij","3","1","4"
"ury2000","2","2","4"
"UsainBolt1","3","1","4"
"usame_7694","2","2","4"
"Usanov_Kirill","2","2","4"
"user_1987678456","3","1","4"
"user11mokjall1","1","3","4"
"user1231","2","2","4"
"User213575","2","2","4"
"user6823146187032182","2","2","4"
"userEvgen","2","2","4"
"userHV","2","2","4"
"Ussef_1","2","2","4"
"ustalost","2","2","4"
"Ustinov_chess","2","2","4"
"Usubkochoi","2","2","4"
"utdoug","2","2","4"
"UtkarshChess27","2","2","4"
"utkarshh15","2","2","4"
"utsavvv","3","1","4"
"utupara2023","2","2","4"
"uuyn","2","2","4"
"Uvtk","2","2","4"
"UVW-34567890","1","3","4"
"uwe1234","2","2","4"
"Uwishudidntknow","3","1","4"
"uxweb","2","2","4"
"Uyr","2","2","4"
"uzak_aigerim","1","3","4"
"uzicohen777","2","2","4"
"UZUI_89","2","2","4"
"uzunmehmet","3","1","4"
"uzzaflip","3","1","4"
"V_Angel","2","2","4"
"V_marecki_2021","2","2","4"
"V_o_Ron","2","2","4"
"V_SURYA","2","2","4"
"v-asl","2","2","4"
"v-jamshidi","2","2","4"
"v-khanbekov","2","2","4"
"v-ugho","2","2","4"
"v13asiliy","2","2","4"
"v1be_aryan","2","2","4"
"v1immor","2","2","4"
"V1p27034","1","3","4"
"V777viktor","2","2","4"
"VacuumCleaner007","2","2","4"
"vadehra","3","1","4"
"VadikLyadinsky","3","1","4"
"Vadim_14-20","2","2","4"
"Vadim-2003","3","1","4"
"Vadim666-2000","2","2","4"
"Vadimsam","3","1","4"
"VadimVasilevich","2","2","4"
"Vadym_Pokul","2","2","4"
"VadymL","3","1","4"
"Vagansito","1","3","4"
"VAGNOGIO","3","1","4"
"Vahagn_H","1","3","4"
"vaheeb_shafi_hassan","3","1","4"
"Vaheslavik","3","1","4"
"vahidarjmand","2","2","4"
"vahidtrainy","3","1","4"
"Vaibhav-Thirumal","3","1","4"
"Vaibhav1001","2","2","4"
"vailenko","2","2","4"
"VAISHNAVIJG","1","3","4"
"val1978","2","2","4"
"ValChvyr","1","3","4"
"Valconst","1","3","4"
"Valdemar80","1","3","4"
"Valdemir66","1","3","4"
"Valdimendez","2","2","4"
"Valdochess","1","3","4"
"Valentin-_1958","2","2","4"
"valentino7788","2","2","4"
"ValentinSokolov","1","3","4"
"Valentynka12","2","2","4"
"valera_v","2","2","4"
"valera2003","3","1","4"
"ValeraZaharchenko","2","2","4"
"Valeria_Kolos","2","2","4"
"Valeriia_23","2","2","4"
"valerijo99","3","1","4"
"VALERIY30","1","3","4"
"Valeriy54","3","1","4"
"Valeriya_2016","2","2","4"
"valeruggie24","2","2","4"
"Valeva","2","2","4"
"valhallarising","1","3","4"
"Valiner","2","2","4"
"VallMan","1","3","4"
"valtersj1","2","2","4"
"Valtunan","2","2","4"
"VamsiRJ","2","2","4"
"VancheZilla","3","1","4"
"VANDANAPREYASHI","2","2","4"
"VanEre12345","2","2","4"
"Vania76","2","2","4"
"vania92","2","2","4"
"VanPhuc1203","3","1","4"
"VanquisherMe","2","2","4"
"vanshmehta0811","1","3","4"
"VANYA_21","2","2","4"
"vanya116","2","2","4"
"Vanya16022016","2","2","4"
"vaporeon19","2","2","4"
"VardanArm00","1","3","4"
"varecjak","3","1","4"
"VARFARIN_NOIMANN","1","3","4"
"Varisman_B2004","2","2","4"
"Varnikatuli","2","2","4"
"Vars-hith","2","2","4"
"VartekSamuel","2","2","4"
"Vartysha","1","3","4"
"varun_000","2","2","4"
"varunvsavi","2","2","4"
"varvaaaaa","1","3","4"
"Varvaraush","3","1","4"
"Vaselkom","2","2","4"
"Vasha_mama_charodei","2","2","4"
"Vasi1979","3","1","4"
"VasiliiTrifonov","2","2","4"
"Vasilis2021","3","1","4"
"vasiliy12345z","2","2","4"
"VasiliySinko","2","2","4"
"vasiliyzaharoff","2","2","4"
"VaskoD","2","2","4"
"vaspigexpress","3","1","4"
"VasSah","2","2","4"
"vasular","2","2","4"
"Vasuttan","2","2","4"
"VasyaKostroma","1","3","4"
"Vasyl2020","1","3","4"
"Vatan1215","2","2","4"
"vater70","1","3","4"
"vatulixonski","2","2","4"
"vavilinserg","2","2","4"
"Vavilonlm","2","2","4"
"Vavou11","2","2","4"
"vbs2001","2","2","4"
"vcdsasi","2","2","4"
"vchess4","2","2","4"
"vcjoker","2","2","4"
"VDON123","2","2","4"
"vedaanshmahajan","2","2","4"
"Vedaant23","2","2","4"
"Vedant9015","2","2","4"
"Vedanth_Reddy","2","2","4"
"Vedanththirumal","2","2","4"
"vedatreiz","2","2","4"
"vedikaccs","1","3","4"
"Veer_Bhavi","2","2","4"
"veer007","2","2","4"
"veer6840","1","3","4"
"veersaha1","2","2","4"
"VEFE","2","2","4"
"Vegeken","2","2","4"
"Vekonte","1","3","4"
"vektor-mw","2","2","4"
"vel0rum","3","1","4"
"Velezano32","1","3","4"
"Vells_99","1","3","4"
"velovelo1903","2","2","4"
"VEN500T","3","1","4"
"venera998","3","1","4"
"venku_Roxx","1","3","4"
"Ventanyl","2","2","4"
"Ventuzrafael","3","1","4"
"Verazal72","2","2","4"
"verdugo64","2","2","4"
"veresss","2","2","4"
"verlager","2","2","4"
"verm217","2","2","4"
"Vermakp21","2","2","4"
"Veronica_Trubchanin","2","2","4"
"Veronika_Lioness","2","2","4"
"Veronika-Ilina","3","1","4"
"veronika04-11","1","3","4"
"Versteckt","1","3","4"
"Vert16","2","2","4"
"VertexS","1","3","4"
"vertigo_medusa","1","3","4"
"vertigo23","2","2","4"
"veselica","3","1","4"
"VeskerStars1981","2","2","4"
"vetal69","2","2","4"
"Veter8","3","1","4"
"veterinariacanto","2","2","4"
"veterok4","2","2","4"
"vetrivel15","1","3","4"
"vevantor","3","1","4"
"vevu0","2","2","4"
"Vex_Theonly1","2","2","4"
"VeXXeD","2","2","4"
"veyscn","3","1","4"
"vezirgambiti13","2","2","4"
"vg2003","3","1","4"
"vgglv","3","1","4"
"VGoutam","2","2","4"
"Vgrogh","2","2","4"
"Viaan_1008","2","2","4"
"Viaanrai13","2","2","4"
"Vic73","1","3","4"
"vicci852","1","3","4"
"Vicentesanter1971","2","2","4"
"vickerx","2","2","4"
"VickingNine","2","2","4"
"vickm12","3","1","4"
"Vicky11Joshi","2","2","4"
"vicky5553","3","1","4"
"vickycoutinho","1","3","4"
"Vickyrr","3","1","4"
"vicondoa","2","2","4"
"Vicstu","2","2","4"
"victhor55","2","2","4"
"Victor_Clifford","3","1","4"
"Victor_Golubev","2","2","4"
"victor_vanhoudt","2","2","4"
"Victor-vicky","3","1","4"
"victor9595","3","1","4"
"victorhcc","2","2","4"
"Victoriaes","2","2","4"
"VictoriaZhulikova","2","2","4"
"VictorinoGreat","2","2","4"
"VictorKuebe","2","2","4"
"Victorlm","2","2","4"
"Victorr172013","1","3","4"
"victorrego24","2","2","4"
"Victorrus36","2","2","4"
"Victorsantoy","2","2","4"
"victorseryshev","2","2","4"
"VictorVoronegh","2","2","4"
"victory-1","2","2","4"
"vidbury","2","2","4"
"vidge315","1","3","4"
"vidkish7","3","1","4"
"vidwath2016","2","2","4"
"vidyesh_ranade","3","1","4"
"ViewtifulFire","3","1","4"
"vifx","1","3","4"
"vihaannjoshi","2","2","4"
"VihaanVuppala","2","2","4"
"vihved","3","1","4"
"vijay_krish","3","1","4"
"vijay_vg","2","2","4"
"Vijayemandi","1","3","4"
"vijayjaya","2","2","4"
"Vik_Nik","3","1","4"
"Vikaf","2","2","4"
"Vikdal","1","3","4"
"Vikingblod","2","2","4"
"Viktor_12345","1","3","4"
"Viktor_Dzu","2","2","4"
"Viktor_Shayko","1","3","4"
"Viktor1952","2","2","4"
"Viktor2228","1","3","4"
"Viktoriadrob","2","2","4"
"Viktoriya-Viktoriya","2","2","4"
"Viktorov2023","2","2","4"
"ViktorRudenok","2","2","4"
"VileDzuba","1","3","4"
"viletrezka","3","1","4"
"Vilius21","2","2","4"
"Villainous_Heaven","2","2","4"
"villanova1234","2","2","4"
"VilmanyiBenett","2","2","4"
"VIMAC8","2","2","4"
"vimardel","3","1","4"
"Vimudhi150","3","1","4"
"Vince_Charlie","2","2","4"
"vincent-b","1","3","4"
"vincent333v","1","3","4"
"Vincent37","1","3","4"
"Vincenzo82","2","2","4"
"Vinci2023","3","1","4"
"vindermansam","2","2","4"
"vindicatorman","1","3","4"
"VineaminDolgoshok","1","3","4"
"ViniciusKardec","2","2","4"
"vinlandes","2","2","4"
"VinoBUONgino","2","2","4"
"vinod-vms","3","1","4"
"vinodvatayam","2","2","4"
"vinoj1526","3","1","4"
"Vinos38","3","1","4"
"Vinothkumar_N","1","3","4"
"Vinothkumar1991","2","2","4"
"vinusunderraj","2","2","4"
"Violetta_Biysk","2","2","4"
"vip3032","2","2","4"
"viraj2512","2","2","4"
"viraj425","2","2","4"
"VirajDhawan2013","2","2","4"
"Virat122013","3","1","4"
"Viratboopathi007","3","1","4"
"viratthetonmachine1","3","1","4"
"virgil0001","2","2","4"
"virginiano23","1","3","4"
"Virshanth","1","3","4"
"virtualjst","2","2","4"
"virus0202","1","3","4"
"VishagAdhav","2","2","4"
"vishal2015","2","2","4"
"vishalkmehta","2","2","4"
"Visheshchess2014","2","2","4"
"Vishnutej00","1","3","4"
"Vishu824","2","2","4"
"Vishva131","2","2","4"
"vishvjeetBANJARE","2","2","4"
"Vishwa_gunnal","2","2","4"
"visser49","2","2","4"
"viswansh","2","2","4"
"Vit0os","2","2","4"
"Vit120788","1","3","4"
"vit123","3","1","4"
"Vitaliy_1956","2","2","4"
"Vitaly2372","1","3","4"
"VitaminB14","2","2","4"
"VitaminM","2","2","4"
"Vithujan","2","2","4"
"vitocorleone23","2","2","4"
"Vitor_Mendes","2","2","4"
"vitss","2","2","4"
"vitualis","3","1","4"
"vivaan_sp","2","2","4"
"Vivaan1000","2","2","4"
"Vivanbm27","1","3","4"
"vivangupta1007","2","2","4"
"viveenmi","2","2","4"
"VIVEK_GIRME","2","2","4"
"Viveslerouge","2","2","4"
"vivivivi","2","2","4"
"vizhymatv4xoda","3","1","4"
"vjhanvi","3","1","4"
"vjuuh","3","1","4"
"VK57575","2","2","4"
"Vkarthik2","3","1","4"
"vKrispi","2","2","4"
"VKSINGH222","1","3","4"
"Vlad_335","2","2","4"
"vlad_is_lovebartende","3","1","4"
"Vlad_Kazakov","2","2","4"
"Vlad_Marynchuk","2","2","4"
"Vlad059056","2","2","4"
"Vlad0910","2","2","4"
"VladGP","1","3","4"
"Vladimark","2","2","4"
"Vladimi66","2","2","4"
"Vladimir_45","3","1","4"
"Vladimir_Ant","2","2","4"
"Vladimir_L66","2","2","4"
"Vladimir-66","2","2","4"
"vladimir18121998","1","3","4"
"Vladimir1947zern","1","3","4"
"Vladimir2805","2","2","4"
"vladimir92","2","2","4"
"VladimirFrankevich","1","3","4"
"VladimirKirov","3","1","4"
"vladimirknezevic","2","2","4"
"VladimirRemsak","2","2","4"
"vladimirscharf","2","2","4"
"vladimirtumanov","2","2","4"
"Vladimiruss","2","2","4"
"Vladino","2","2","4"
"Vladis1955","2","2","4"
"Vladislav732","2","2","4"
"Vladislav97","1","3","4"
"VladislavG2014","2","2","4"
"VladK13","2","2","4"
"Vladkoo","2","2","4"
"Vladlook","3","1","4"
"Vladscam","1","3","4"
"vladsoev","2","2","4"
"Vlafun","2","2","4"
"Vlamagaugsou","2","2","4"
"vld642","2","2","4"
"Vldimirmg1959","1","3","4"
"vlin28","3","1","4"
"vlknvlkn","2","2","4"
"Vlupidu","2","2","4"
"vm55555","2","2","4"
"vmodahala","1","3","4"
"vmzweb","3","1","4"
"vn_2003","2","2","4"
"vnpz","2","2","4"
"VO0dO0","3","1","4"
"voguha","2","2","4"
"Vokort","3","1","4"
"VolbenkoIvan","3","1","4"
"volchok168","2","2","4"
"Voldemort3814","2","2","4"
"volia81500","2","2","4"
"VOLIK7","2","2","4"
"Volkan_Karacali","3","1","4"
"VolkYB","2","2","4"
"Volodymyruk1_1","3","1","4"
"Vombat219","3","1","4"
"VON0512","2","2","4"
"VoNguyenThuyVy","3","1","4"
"vonka3031","3","1","4"
"Voorpostel","3","1","4"
"voro53","2","2","4"
"VorobevEI","2","2","4"
"Vorol","3","1","4"
"Voronwechess","3","1","4"
"vortexodus","3","1","4"
"vostokchess","1","3","4"
"Vov4ik04","2","2","4"
"Vova0510","3","1","4"
"vova677","2","2","4"
"vovan71","2","2","4"
"vovik30","2","2","4"
"Vox-Attack","2","2","4"
"vozol","1","3","4"
"VP91","2","2","4"
"vqb","2","2","4"
"vs_ishan","2","2","4"
"vs0211","2","2","4"
"Vsalt","2","2","4"
"VsevolodPetrov1001","2","2","4"
"VShata","2","2","4"
"Vsipek","3","1","4"
"vsr29bkru","2","2","4"
"vssar","3","1","4"
"vtan01","1","3","4"
"VTG0523","3","1","4"
"Vtsjadhav","2","2","4"
"Vtumane03","3","1","4"
"vueltadepolli","3","1","4"
"vugardadashov","3","1","4"
"vujadin1","2","2","4"
"vujcic","3","1","4"
"vukvuckovic23","2","2","4"
"vuurtorentoon","2","2","4"
"vv22","1","3","4"
"vvb999","2","2","4"
"vvk016","3","1","4"
"Vvolkow2013","2","2","4"
"VVP1966","2","2","4"
"VVPARK","2","2","4"
"vvpif","2","2","4"
"vvttpl","2","2","4"
"VvV_7","2","2","4"
"vxrus","2","2","4"
"Vyacheslav_tsarevv","2","2","4"
"VyachH","2","2","4"
"Vycheslav123","2","2","4"
"vzh","1","3","4"
"W_IHSAN","2","2","4"
"w1ldrabb1t","1","3","4"
"w1w2w31","1","3","4"
"wadhwa1313","3","1","4"
"waelbadran","1","3","4"
"waelbokra","2","2","4"
"WagnerdeCarvalho","2","2","4"
"waikikec","2","2","4"
"WAKANDA_G_M","2","2","4"
"Wake42","2","2","4"
"Waldhoff","2","2","4"
"waler625","3","1","4"
"wali27","1","3","4"
"Walid_Arab","1","3","4"
"walidt78","2","2","4"
"Walkerjara","1","3","4"
"walking_alone","2","2","4"
"walndino","2","2","4"
"walnutparkk","1","3","4"
"Walter_Farias0","2","2","4"
"WalterEstudia","2","2","4"
"WalterWhite59","2","2","4"
"WalWal13","1","3","4"
"wampirszachowy","1","3","4"
"Wanfx","2","2","4"
"WANG-12","3","1","4"
"Wangu_06","2","2","4"
"WantnNodl","2","2","4"
"WarcrimeConnoisseur","3","1","4"
"Warcry_x","2","2","4"
"warden6","1","3","4"
"WarFreak_22","2","2","4"
"WarlordWombat","3","1","4"
"warrior_op","2","2","4"
"warriortaha","2","2","4"
"warsitoarswendo","2","2","4"
"warzworld","2","2","4"
"waseemalkourdi","2","2","4"
"waseemwasi4","2","2","4"
"Wasej","2","2","4"
"water_fyp","2","2","4"
"wathappened","3","1","4"
"Waydownwego1881","2","2","4"
"waykne","2","2","4"
"Wayme_millo","2","2","4"
"waystape","1","3","4"
"wcgarry","2","2","4"
"wcmj","2","2","4"
"WDSunram","2","2","4"
"wea_24","2","2","4"
"weakermaker","2","2","4"
"WearyOtter","3","1","4"
"webeni","1","3","4"
"webewildered","3","1","4"
"Wecoile","1","3","4"
"weddingbells","2","2","4"
"WeeDuck","3","1","4"
"WeeeWeee","3","1","4"
"Weetik2350","2","2","4"
"Weidong0","2","2","4"
"Weimaster70","2","2","4"
"weinmarc","3","1","4"
"Wekho2020","2","2","4"
"Wekkaindo","2","2","4"
"wekl","2","2","4"
"wellbe","2","2","4"
"wellz85","2","2","4"
"Wembanyamaszn","2","2","4"
"wenfyu","2","2","4"
"werderfan","1","3","4"
"Werner_Digg123","2","2","4"
"werner88713","3","1","4"
"wero1304","2","2","4"
"WEROZ","2","2","4"
"weRR_s","2","2","4"
"Wes-chess","2","2","4"
"Wesleymj","3","1","4"
"Westerlies","2","2","4"
"westermann88","2","2","4"
"wetcrocodiles","2","2","4"
"Weyara","1","3","4"
"Wg1357abc","1","3","4"
"whatever24","1","3","4"
"wheeler","1","3","4"
"white_king2","1","3","4"
"White-Raven","2","2","4"
"whiteknight6431","2","2","4"
"Whitenesssss","2","2","4"
"Whiteninja_asb","2","2","4"
"whitescxred","3","1","4"
"Whits72","3","1","4"
"whoami1991","2","2","4"
"whocares88","3","1","4"
"whq","2","2","4"
"whtsap919034945426","2","2","4"
"whyIambad","2","2","4"
"Wichmann1","2","2","4"
"Wickid_ali","1","3","4"
"wicksdontlie","2","2","4"
"wideofeye","1","3","4"
"Wifitex","2","2","4"
"WijnandB","3","1","4"
"wikchess","2","2","4"
"wil1965","3","1","4"
"wilberone","2","2","4"
"Wilddier","2","2","4"
"Wildorchid09","2","2","4"
"wildpawns121","1","3","4"
"Wildprofessor","2","2","4"
"will_812","2","2","4"
"willbur95","2","2","4"
"WillClarke29","1","3","4"
"Willi84","2","2","4"
"Williammsh","1","3","4"
"williamwqf","2","2","4"
"williamxp","1","3","4"
"willlearnmore","2","2","4"
"willllax","2","2","4"
"Willony43","2","2","4"
"willpopdu93","1","3","4"
"Willy2022","2","2","4"
"Willy254","2","2","4"
"willyjaime01","2","2","4"
"willyquispe_UNAP","3","1","4"
"WillyTalk","2","2","4"
"WilMaw1","2","2","4"
"WILPOV1979","2","2","4"
"Wiltshire","2","2","4"
"wimanuwan","3","1","4"
"wimp6","2","2","4"
"win_or_win","2","2","4"
"winaddict","2","2","4"
"WindBreaker11","2","2","4"
"windlover","1","3","4"
"windraven","2","2","4"
"winer92","3","1","4"
"WinfreyRichboy","2","2","4"
"Winiar88","1","3","4"
"winnerrav","2","2","4"
"winnie_sadje","2","2","4"
"Winnie3580","2","2","4"
"winsett2","2","2","4"
"WinstonLoyola_Leyte","2","2","4"
"wintermanw","3","1","4"
"Winterretkits","3","1","4"
"Wirruss","2","2","4"
"wis775","2","2","4"
"wiseman_1986","2","2","4"
"wisprice","2","2","4"
"witag","1","3","4"
"Witcherbrk","2","2","4"
"withLove_y_abo7meed","3","1","4"
"WitNik","2","2","4"
"Wittgenstein2023","2","2","4"
"Wittyname13","1","3","4"
"witula","3","1","4"
"WIZ_2531","2","2","4"
"Wizard_of_North","3","1","4"
"WiZaRD205","3","1","4"
"wizard8912","2","2","4"
"wizatrix","3","1","4"
"wj-silva","2","2","4"
"WjaSchi","2","2","4"
"wjbc","1","3","4"
"WJJDDJ","2","2","4"
"wjuan","2","2","4"
"WlCKMAN","3","1","4"
"wmmgywxywwb7777777","2","2","4"
"WnLex","2","2","4"
"Wo_2023","2","2","4"
"wob_23","2","2","4"
"Wobulus","3","1","4"
"wodemamaleh","3","1","4"
"Woegan","1","3","4"
"wojtekwariat","2","2","4"
"WoKla","2","2","4"
"Wolf14751","1","3","4"
"wolf34_3","1","3","4"
"WolfandHare","3","1","4"
"wolfenpet","2","2","4"
"Wolfgangschmidt","3","1","4"
"wolfpek","2","2","4"
"wolfsdad","2","2","4"
"womski1","2","2","4"
"Wondrouspanda86","2","2","4"
"woodquaterer","3","1","4"
"Woodsy_71","3","1","4"
"wookieee12","3","1","4"
"Woophri","2","2","4"
"worldlyclover","3","1","4"
"WorldsEmpire5","3","1","4"
"wormswormsworms","2","2","4"
"worriedplayer","2","2","4"
"WOW_Dummy","2","2","4"
"wowanwowan","1","3","4"
"wpms","1","3","4"
"wqq123456789","2","2","4"
"WR-1947","2","2","4"
"wragozin","1","3","4"
"Wrath-of-God","3","1","4"
"wrigleyfield","1","3","4"
"wrxn","2","2","4"
"wrxsd","2","2","4"
"wse1","2","2","4"
"wskekko","3","1","4"
"WSPerch","2","2","4"
"wszachygra","2","2","4"
"wtay22","2","2","4"
"wts205393","3","1","4"
"wtzzz","2","2","4"
"wu_y","2","2","4"
"wudabear","2","2","4"
"wuero-14","2","2","4"
"Wueste75","1","3","4"
"WunderW","3","1","4"
"Wunwuni","1","3","4"
"WwAmirqs","2","2","4"
"wwwww77777","2","2","4"
"wyk007","2","2","4"
"WYOUDY","1","3","4"
"X_extrarius_X","2","2","4"
"x_nemo","2","2","4"
"X7XLX","2","2","4"
"Xadrez60","2","2","4"
"xahaleksandr","1","3","4"
"xahmedmaxyx","1","3","4"
"Xakeatzen","2","2","4"
"xander333","2","2","4"
"Xarokan","2","2","4"
"xatira27","1","3","4"
"Xavante1985","2","2","4"
"xaviAlor","3","1","4"
"xavier-char33","2","2","4"
"xChainsaw","2","2","4"
"Xchaser","2","2","4"
"xdRaven","2","2","4"
"Xeanny","2","2","4"
"xecarte","3","1","4"
"Xekmat","3","1","4"
"xen_alb","2","2","4"
"Xenius76","3","1","4"
"xenonwick","1","3","4"
"XEP_BAM_2014","2","2","4"
"xerxes_chess","1","3","4"
"xFelipe-Garciax","3","1","4"
"Xiante","2","2","4"
"xiaozheOuO","2","2","4"
"xinaoqiyuan","2","2","4"
"xiphioides","1","3","4"
"xiquemate","2","2","4"
"Xitri","2","2","4"
"XIZI","2","2","4"
"XKeen","1","3","4"
"XkrizantemX","2","2","4"
"Xmella0_0","3","1","4"
"xoasdfabc","3","1","4"
"Xolisile","2","2","4"
"xormot","2","2","4"
"XramLrac","1","3","4"
"XTTNAKAZANIEVx3V","1","3","4"
"XuanXuan63","1","3","4"
"Xul1","2","2","4"
"xusankhoja","1","3","4"
"xvictor","2","2","4"
"XVII7","2","2","4"
"XX_Bill","2","2","4"
"XxBigTexXX69lmao","2","2","4"
"XxxKralTRxxX12","3","1","4"
"xZahnstocher","2","2","4"
"Y_Eymn60","2","2","4"
"Y-02","2","2","4"
"Y8x","2","2","4"
"ya6at9","2","2","4"
"yacktheduke","3","1","4"
"Yadhevkca","2","2","4"
"yadnesh_15_7_08","2","2","4"
"Yagshysahedov","2","2","4"
"yaguar2019","2","2","4"
"yahiri-123","2","2","4"
"Yahsun","3","1","4"
"Yahya_mohamed13","1","3","4"
"yahya3020","1","3","4"
"yahya3812","2","2","4"
"yahyakhairouni","2","2","4"
"yaizer","2","2","4"
"yakarigril","2","2","4"
"YakKoor","1","3","4"
"Yakubkhan","2","2","4"
"Yakup_dikmen2015","2","2","4"
"yamada_HCN","3","1","4"
"YamanAbi","2","2","4"
"Yamatsuo","3","1","4"
"Yamumoto","2","2","4"
"yamurasko","2","2","4"
"yamyam06","1","3","4"
"Yan_Duganets","3","1","4"
"yanand","2","2","4"
"Yanesyanes","2","2","4"
"yanezmx","2","2","4"
"Yann328","1","3","4"
"YannBin","2","2","4"
"YannisAulbert","2","2","4"
"yannyyyy","2","2","4"
"yanquicheto","2","2","4"
"Yaoslav","2","2","4"
"YaPetrPetrovich","2","2","4"
"YAQUI39","2","2","4"
"Yar16","2","2","4"
"Yarik016","2","2","4"
"Yarik2013pro","2","2","4"
"Yaroslav_2014","3","1","4"
"yaroslavich_sweet","2","2","4"
"YaroslavKatrich","2","2","4"
"YaroslavKondratev","1","3","4"
"YaroslavNikolaev","1","3","4"
"Yaruki09","3","1","4"
"yarullina_kamila","2","2","4"
"yaryaral","1","3","4"
"YarYershov","2","2","4"
"yasaman_b","1","3","4"
"Yasan2","1","3","4"
"yasaswi1213","2","2","4"
"Yasermkh61","2","2","4"
"YashB4E","2","2","4"
"Yashch0","3","1","4"
"yashdgr8","3","1","4"
"Yashin_Denis","2","2","4"
"yashvc94","2","2","4"
"Yasna1394Chess","3","1","4"
"yassen_56","1","3","4"
"Yassine_Mokhtar","2","2","4"
"yassinebelga","2","2","4"
"Yassinovic17","2","2","4"
"YasSk","2","2","4"
"yate323","2","2","4"
"yavuz0303","3","1","4"
"Yavuz115_2","2","2","4"
"YavuzErtuerk","3","1","4"
"yavuzpullukcu","2","2","4"
"yavuzselimhanedan","1","3","4"
"yawspeed123","2","2","4"
"yaya67","2","2","4"
"YAZAMI-Mohamed","2","2","4"
"yazan_sy","1","3","4"
"YazhiniSakthivel","2","2","4"
"yb-c","1","3","4"
"ybani","2","2","4"
"ybob","2","2","4"
"yDj13","1","3","4"
"Ye_olde_oak_store","3","1","4"
"YeahClan","2","2","4"
"yedida115","3","1","4"
"yeeeeeeeeeeeeeeeet","3","1","4"
"Yegane94","2","2","4"
"Yeganeh_khodadadeh","2","2","4"
"YehyaIQ96","1","3","4"
"Yek1726","2","2","4"
"yell0wduck","2","2","4"
"Yellow_chick","2","2","4"
"yellow_kid","2","2","4"
"yenese07","1","3","4"
"yennifer1111","2","2","4"
"YeQ1u","2","2","4"
"yeseong0438","2","2","4"
"yeshi_sho","2","2","4"
"Yesil_Erik","3","1","4"
"Yetero","3","1","4"
"Yeti810","2","2","4"
"YetiFolk773","1","3","4"
"YevaL","2","2","4"
"Yexx","1","3","4"
"Yeyti","2","2","4"
"yfatene","3","1","4"
"yiannisr117","3","1","4"
"yibi","2","2","4"
"yigalaizen","2","2","4"
"YigitefeOktay","2","2","4"
"yilmazz06","2","2","4"
"Yimiayimia","3","1","4"
"yineyeniden","2","2","4"
"yingxuantan","3","1","4"
"Yiori","1","3","4"
"yjalali","1","3","4"
"yjaouad","2","2","4"
"YLDZSY","2","2","4"
"ymacikalin","1","3","4"
"ynhgneb","2","2","4"
"yniver56","2","2","4"
"ynscang","2","2","4"
"Ynskctrk","2","2","4"
"Yo2chess_be","2","2","4"
"YOAZ84","2","2","4"
"Yochana2009","3","1","4"
"yodi939393","3","1","4"
"yoel_frank","3","1","4"
"Yoel426","2","2","4"
"yoeyspurgeon","3","1","4"
"yogayhoo","1","3","4"
"yogitchess_1979","3","1","4"
"yogmaya_mishra","1","3","4"
"Yohan_bhalla","1","3","4"
"Yohan_Charles","1","3","4"
"yohanancastro","2","2","4"
"Yoimayai","2","2","4"
"Yokarigawa","3","1","4"
"Yokesh3936","2","2","4"
"yoledleahmarie","2","2","4"
"yolkago","2","2","4"
"yoloswagga","2","2","4"
"yonlaguerra","1","3","4"
"yordanov78","2","2","4"
"Yorgos12","1","3","4"
"yorgunsavasci","1","3","4"
"yorha_op","3","1","4"
"yorhus","2","2","4"
"YORUSHIKA2023","3","1","4"
"yosefalaa","2","2","4"
"yosemilfe","2","2","4"
"YosreTarum","2","2","4"
"YouEnjoyMyself","2","2","4"
"Youhana","3","1","4"
"youlang","2","2","4"
"youlikewhatyousee69","3","1","4"
"YoumiChannel","2","2","4"
"younsiahmed123","2","2","4"
"Your_Chess_Student","2","2","4"
"yourboydave","1","3","4"
"YourKiller92","2","2","4"
"Yousaf303","1","3","4"
"yousef_12opp","3","1","4"
"Yousef_dix","2","2","4"
"yousef4v","2","2","4"
"Yousefalomoushalo","2","2","4"
"yousefsb","1","3","4"
"yousefshahba","3","1","4"
"yousf-2003","2","2","4"
"youssefazd","1","3","4"
"youssefgamale4e5","1","3","4"
"youssefob","2","2","4"
"yousufer96","2","2","4"
"Youyou_16","2","2","4"
"YouyouHawk","3","1","4"
"YoYoReyansh_pro","1","3","4"
"ypsilonztwo","2","2","4"
"yra1029","2","2","4"
"yrme","1","3","4"
"ysh1807","3","1","4"
"ysi3737","2","2","4"
"ysn1","2","2","4"
"Ysyara12345","2","2","4"
"YT_BOBRDOBR","3","1","4"
"ytrss","2","2","4"
"Yuanxi1000","2","2","4"
"yudakar008","2","2","4"
"YUEHUA","2","2","4"
"yufrud","2","2","4"
"Yuhmomma","3","1","4"
"yukitres","2","2","4"
"Yuliya_Aleksandrova","3","1","4"
"Yuma_Durruti","3","1","4"
"Yumekoazt","2","2","4"
"Yunek","2","2","4"
"yunokim1220","1","3","4"
"yunusemretugba","2","2","4"
"yunuskuscuvb","3","1","4"
"Yunuuss25","2","2","4"
"yuoubi_4_tea","2","2","4"
"Yur44","2","2","4"
"YuraMakarov","1","3","4"
"yuran198","1","3","4"
"yurat1","2","2","4"
"yuravoit","2","2","4"
"Yurevish","2","2","4"
"Yurik6","2","2","4"
"Yurikhromov","1","3","4"
"YuriPos","2","2","4"
"YuriVolkovChess","2","2","4"
"Yuriy_Grekhov","1","3","4"
"Yuriy9x7","2","2","4"
"YuriyGaluch","2","2","4"
"YuriyPolishchuk","2","2","4"
"yuronia","1","3","4"
"Yury_Loika84","2","2","4"
"Yury51","3","1","4"
"YuryBastr","2","2","4"
"yusfaydnd","2","2","4"
"Yusha_9999","1","3","4"
"yusif_abbasov1","2","2","4"
"Yusif_Gabilov","2","2","4"
"yusif_turk","2","2","4"
"Yusifeyvazzada2014","2","2","4"
"yusoop14","2","2","4"
"YusufDvrc68","3","1","4"
"yusufenestuncay","2","2","4"
"yusuftaha365","2","2","4"
"yusur02","2","2","4"
"YuuiChess","2","2","4"
"Yuvraajomsingh","1","3","4"
"Yuvraj4321","2","2","4"
"YuvrajGets","2","2","4"
"yvanrz","2","2","4"
"yzakpro","3","1","4"
"yzrhuck","1","3","4"
"z_o_r_o_o","2","2","4"
"z123987","3","1","4"
"Z3E1M00","2","2","4"
"z777sam","2","2","4"
"za747545","3","1","4"
"ZAB76","2","2","4"
"zabel011220","2","2","4"
"zabirro","2","2","4"
"zaboula","2","2","4"
"Zabus321","2","2","4"
"Zach_w1ner","2","2","4"
"ZacL_HTHS","2","2","4"
"zacnetson","1","3","4"
"zadig3010","2","2","4"
"zafera-12","2","2","4"
"zaferates52","2","2","4"
"ZaFri532","2","2","4"
"ZagnusBarlsen","2","2","4"
"zahidchess118","3","1","4"
"zahim1111","2","2","4"
"zahrahash93","3","1","4"
"zahrakaram","2","2","4"
"Zaid7079","1","3","4"
"Zaider","3","1","4"
"ZAIDkhaled","3","1","4"
"zaiim","2","2","4"
"Zain_Ranjha","2","2","4"
"Zainap2","1","3","4"
"zakareakharboutly","3","1","4"
"Zakhar88","2","2","4"
"Zakimh91","2","2","4"
"Zalditxuria","2","2","4"
"zAlex05","2","2","4"
"Zalyubovskiy","2","2","4"
"ZaMaster","1","3","4"
"Zameer1234","3","1","4"
"Zamfire2000","1","3","4"
"zamisli","3","1","4"
"zamora1934","2","2","4"
"zamyad7","2","2","4"
"Zanfra","2","2","4"
"Zangari","3","1","4"
"zangizangi","3","1","4"
"zanyar_2022","2","2","4"
"Zapatosazules","1","3","4"
"ZappaBe","2","2","4"
"zaqw","3","1","4"
"zarathoustra44","3","1","4"
"zaratstr","2","2","4"
"zarba7","2","2","4"
"zario","2","2","4"
"ZARTHURZ","3","1","4"
"Zartol","2","2","4"
"Zarubidze","1","3","4"
"zastitar","1","3","4"
"Zatta76","2","2","4"
"ZatteWilly","1","3","4"
"ZauzetoKorisnickoIme","2","2","4"
"ZavalaITSC","2","2","4"
"Zavator","3","1","4"
"Zavolga","1","3","4"
"Zawardooo00","2","2","4"
"zaytsev_mikhail","2","2","4"
"zazaiaganashvili2011","2","2","4"
"Zbelava","1","3","4"
"zbogdan185","2","2","4"
"zda-00_2","2","2","4"
"zdanN","2","2","4"
"zdn69","2","2","4"
"ZdzislawTwardosz","2","2","4"
"ZEBA19601","2","2","4"
"Zebulony","1","3","4"
"zecke1312","1","3","4"
"zed0007","2","2","4"
"zedo4ever","2","2","4"
"zee3zee","2","2","4"
"zeeedge","2","2","4"
"zeeshu33","2","2","4"
"zehn786786","3","1","4"
"zeinbadran","1","3","4"
"zeitno67","2","2","4"
"Zekariah3","1","3","4"
"Zekeriya_dibo73","1","3","4"
"Zelah","1","3","4"
"zellap","3","1","4"
"ZelodkoSuperca","2","2","4"
"Zeloww111","2","2","4"
"zelyonkaa","2","2","4"
"Zema03_10","3","1","4"
"ZEMBEREK5506","1","3","4"
"Zemol","1","3","4"
"Zenbrainone","1","3","4"
"Zender10x","2","2","4"
"zenit53","1","3","4"
"zenkovasil","1","3","4"
"Zenny4","2","2","4"
"Zenon_004","2","2","4"
"zephyrovitch","1","3","4"
"Zero2Zero75","2","2","4"
"zerodavid","2","2","4"
"Zerokropek","2","2","4"
"zeron3","1","3","4"
"ZeroSylver","2","2","4"
"zetiti","3","1","4"
"Zeuge_Yeboahs","2","2","4"
"Zeus247","2","2","4"
"zevs123456","1","3","4"
"Zex29","3","1","4"
"ZexinW","2","2","4"
"zeyadhanyzr","2","2","4"
"Zeynel1965","3","1","4"
"Zeynep4207","2","2","4"
"zeynifatemeh3","2","2","4"
"zeze9444","2","2","4"
"zezo500","2","2","4"
"Zg_8","2","2","4"
"ZgRc","3","1","4"
"Zh1molost","1","3","4"
"Zhatik","3","1","4"
"Zhenialker","1","3","4"
"zheyazhey","2","2","4"
"zhilenkov_dv","2","2","4"
"zhilka","1","3","4"
"ZhoraKarlson","2","2","4"
"zhorov13","2","2","4"
"zhouse301","2","2","4"
"Zhukoff74","2","2","4"
"Zhuma2408","2","2","4"
"ziadbotato","2","2","4"
"Ziaddine","2","2","4"
"ziadramdan","2","2","4"
"zidaneee","2","2","4"
"ZidanGinting","2","2","4"
"zieziezie","3","1","4"
"Ziga421","2","2","4"
"Ziga69","1","3","4"
"ZIgorek","2","2","4"
"ziky94","2","2","4"
"zillayshah","2","2","4"
"zimm6627","3","1","4"
"zinayamuptelaa20","2","2","4"
"Zinga2","2","2","4"
"Zingopoko","3","1","4"
"zinjanthropoid","2","2","4"
"Zinnat121","2","2","4"
"ZinoDerRaecher","3","1","4"
"zionkim","1","3","4"
"ZIQAI","2","2","4"
"ziv_epson","2","2","4"
"Ziya_Ashumoff","3","1","4"
"Ziziand","3","1","4"
"Zizo222","1","3","4"
"zkaufman","3","1","4"
"zl_mlinok","3","1","4"
"zla12345","2","2","4"
"zland","3","1","4"
"Zlatoust","3","1","4"
"Zlionater1","2","2","4"
"Zlodeizlodei","2","2","4"
"ZloiEvil","2","2","4"
"ZloiGruzin","3","1","4"
"zlotin","3","1","4"
"Zmab","1","3","4"
"zmatovu","2","2","4"
"zmixk","2","2","4"
"zo6","2","2","4"
"ZOdincov","3","1","4"
"Zoki54","3","1","4"
"zokik","2","2","4"
"ZokiLozana","2","2","4"
"zokirzoda","2","2","4"
"Zolich","2","2","4"
"Zolko19","3","1","4"
"zoonos","1","3","4"
"zoran1972","1","3","4"
"ZorigtBaatarQ","2","2","4"
"Zorka1223","3","1","4"
"zornige_raubwanze","2","2","4"
"Zoro857t","3","1","4"
"ZorthePowerful","2","2","4"
"Zoulou3000","1","3","4"
"Zozo163084","2","2","4"
"zozulya37","1","3","4"
"ZOZZ_2022","2","2","4"
"zrilzzle2023","1","3","4"
"Zsaput","2","2","4"
"zst123","1","3","4"
"ZT-FirdesZararsiz","2","2","4"
"zTheSTx","2","2","4"
"zubous","2","2","4"
"zuixoff","2","2","4"
"zulkifli1011","1","3","4"
"zullmastah","2","2","4"
"zurbagan1","2","2","4"
"ZUSTECHER","2","2","4"
"zv1967_z","2","2","4"
"ZV2014","2","2","4"
"Zvanthecat","2","2","4"
"Zweethoven","2","2","4"
"zxc1234567","1","3","4"
"zxcgodM","3","1","4"
"zxpxtx","2","2","4"
"zylt","1","3","4"
"Zyomie","2","2","4"
"Zyx750","1","3","4"
"zz3r0ss","1","3","4"
"zzisaac","1","3","4"
"zzLooker","3","1","4"
"zzSHANKSzz","2","2","4"
"a__1","1","2","3"
"a_97j","2","1","3"
"A_Abdolmaleki","2","1","3"
"a_amirtajeran","2","1","3"
"a_b_p","2","1","3"
"a_belek","1","2","3"
"A_Chenko","1","2","3"
"a_chess_99","2","1","3"
"A_dwaith","1","2","3"
"a_kadi","2","1","3"
"A_M_9","1","2","3"
"a_NameLess","2","1","3"
"A_Saakyan_777","2","1","3"
"A_serious_joke","1","2","3"
"a_XVII","1","2","3"
"A-B5061","1","2","3"
"a-Balrog-of-Morgoth","1","2","3"
"A-H-G","2","1","3"
"a-nerd2002","1","2","3"
"A-Person7","2","1","3"
"A-RICCI","2","1","3"
"A-SUNDARARAJAN","1","2","3"
"a-talha","2","1","3"
"A-Two","2","1","3"
"A0sukh02","1","2","3"
"a1000yer6nda","2","1","3"
"a1110samuel","2","1","3"
"a13n","1","2","3"
"A17052011","2","1","3"
"a1969ny","2","1","3"
"a19950723","1","2","3"
"a1a2a3a4a5a6","1","2","3"
"A2005balnurabatyrkha","2","1","3"
"a20isbsjal","2","1","3"
"a230mn","1","2","3"
"A233A133A","1","2","3"
"A240670","2","1","3"
"a2942006","2","1","3"
"a2b24z1234","2","1","3"
"A31rd69a","1","2","3"
"a3alex3kar","2","1","3"
"a3zoltnen","2","1","3"
"A45647","1","2","3"
"a56t","1","2","3"
"A6202007679","1","2","3"
"a6699","2","1","3"
"a73bkarey","2","1","3"
"A74671389KRISTINE","1","2","3"
"A7med_salah","1","2","3"
"A7MEDgdhdndnddn","2","1","3"
"a8nebura","2","1","3"
"aa34","1","2","3"
"aa410","1","2","3"
"aaaa27_chess","1","2","3"
"AAAA7758258","1","2","3"
"aaaayt","1","2","3"
"Aadhavj13","2","1","3"
"aadhiseshwar","1","2","3"
"AadhyaBala","2","1","3"
"Aadilprassun","1","2","3"
"aadithyaa","2","1","3"
"aadityar","1","2","3"
"aadtiyark","2","1","3"
"AadwikC14","1","2","3"
"Aadya1220","1","2","3"
"aadyaaseth","1","2","3"
"aagneys","1","2","3"
"aakash989796","1","2","3"
"Aaliyasuperwoman","2","1","3"
"aaliyeva128","1","2","3"
"aalperen","2","1","3"
"AAlvaroB","2","1","3"
"Aamod96","1","2","3"
"Aanya_2014","2","1","3"
"aanzpractice","2","1","3"
"aar_qpid123","2","1","3"
"AARADHANA_Sadurangam","2","1","3"
"Aaradhya_bestchess","2","1","3"
"aaradhyamishr","2","1","3"
"AaradhyaSharma14","1","2","3"
"aaramd202","1","2","3"
"Aarav_Great","1","2","3"
"aaravgupta6","2","1","3"
"aarchi_2009","2","1","3"
"aarika2012","1","2","3"
"Aarohi15","2","1","3"
"AaronChendaeka","2","1","3"
"aaroncrawford","1","2","3"
"AaronF2010","1","2","3"
"aarong626","2","1","3"
"AaronVDnotFound","2","1","3"
"aarrbx","1","2","3"
"Aarrjj","2","1","3"
"Aarti413512","1","2","3"
"aarturomdz","2","1","3"
"aaru1tff","1","2","3"
"Aarush_Cnova","2","1","3"
"Aarush_Japannavar","2","1","3"
"Aarushrawat","1","2","3"
"AARYANRDEEPU","1","2","3"
"AaryavReyansh","2","1","3"
"Aashreya25","2","1","3"
"AashrithPonnam","1","2","3"
"Aasin1989","2","1","3"
"AAsirUddin0","1","2","3"
"Aasrith","2","1","3"
"Aathvik","1","2","3"
"aavu2015","2","1","3"
"Aayrap","1","2","3"
"Aayush_D","2","1","3"
"Aayush_mann","2","1","3"
"Ab_1969","1","2","3"
"ab_qader","2","1","3"
"AB-GUJJAR","2","1","3"
"ab16127530","2","1","3"
"ab2d","1","2","3"
"aba123ABA","1","2","3"
"abankov","1","2","3"
"abanos","1","2","3"
"abaqa","2","1","3"
"Abbass_M","1","2","3"
"abbaszAdeh80YOUSEF","2","1","3"
"Abbat_Faria","1","2","3"
"abbedreza1","2","1","3"
"Abby-S","1","2","3"
"abchatur","1","2","3"
"abd-al","1","2","3"
"Abd7708","1","2","3"
"Abdalablida","2","1","3"
"abdalhadi26","2","1","3"
"Abdallah198811","1","2","3"
"abdallahNC","2","1","3"
"Abdallha123","2","1","3"
"abdalmonim744","2","1","3"
"abdcol","2","1","3"
"abde1rahman96","2","1","3"
"abdeen121177","2","1","3"
"Abdelaziz_deif81","2","1","3"
"abdelhalim1947","1","2","3"
"abdelkhaleqhatem","1","2","3"
"Abdellaziz","2","1","3"
"abdelrahman0101486","2","1","3"
"abdelrahmaneslam55","2","1","3"
"AbdelrahmanXYZ","1","2","3"
"Abdelrhman8Wageh","2","1","3"
"abdelrhmanabomira","2","1","3"
"Abdiganiyev","1","2","3"
"abdkbmz","1","2","3"
"ABDLRAHEM77","1","2","3"
"Abdo_alidiab","1","2","3"
"abdo_DEZL","2","1","3"
"Abdo099","2","1","3"
"Abdo3134","2","1","3"
"abdo34","1","2","3"
"Abdo3465","2","1","3"
"Abdo46sb","1","2","3"
"abdollo1358","1","2","3"
"abdonbernabejr","1","2","3"
"abdosamy9090","1","2","3"
"abdoshemease1","2","1","3"
"abdou_zakaria","1","2","3"
"Abdou42","1","2","3"
"Abdoul1malek1","1","2","3"
"abdrhmantwati","2","1","3"
"Abdul_Hakim_Fahim","2","1","3"
"Abdul-Rafay","1","2","3"
"Abdul1897","2","1","3"
"AbdulAziz738","1","2","3"
"AbdulBarsit","1","2","3"
"Abdulfattah86","2","1","3"
"abdullaali23","2","1","3"
"Abdullah_AlGhawi","2","1","3"
"Abdullah-0001","2","1","3"
"abdullak78","2","1","3"
"AbdullaNabil","2","1","3"
"abdullashajjar","1","2","3"
"abdulmalik65","2","1","3"
"Abdulmalik7","1","2","3"
"AbdulsameeaAlshami","2","1","3"
"Abdulvoris","2","1","3"
"abdurauf2010","1","2","3"
"abdurrahimeles","2","1","3"
"Abdusalam96","2","1","3"
"abe_91","1","2","3"
"abe_machobane","2","1","3"
"AbelM25","1","2","3"
"abetbobb123","1","2","3"
"abgyl","1","2","3"
"AbhayChoksi","1","2","3"
"Abhi1b","1","2","3"
"abhi5hekgautam","2","1","3"
"abhigarg","1","2","3"
"abhiiet4","2","1","3"
"AbhiJohan","1","2","3"
"abhilashsrivastava","1","2","3"
"abhinandan_ganguly","2","1","3"
"Abhinanthnan","1","2","3"
"abhinav98","1","2","3"
"AbhinavKancherla","1","2","3"
"AbhinavR12","1","2","3"
"AbhinavRanjith_1636","2","1","3"
"AbhinayChess","2","1","3"
"Abhinesh_sekar","1","2","3"
"abhishek_bundi","1","2","3"
"Abhishek_dave","2","1","3"
"Abhishek_Mishra1","1","2","3"
"abhishek_verma13","2","1","3"
"abhishek09835","2","1","3"
"ABHISHEK4444","1","2","3"
"Abhisheksahu2529","1","2","3"
"Abhisneha10","1","2","3"
"Abhyuday14","2","1","3"
"AbiEmilZamir","1","2","3"
"abigailstar23503","2","1","3"
"abilochkin","2","1","3"
"abin69","1","2","3"
"abinashchess","1","2","3"
"AbinavPradeepkumar","1","2","3"
"abismuth77","1","2","3"
"Abjb","2","1","3"
"Abnetronia","1","2","3"
"abnzpractice","2","1","3"
"abo_allotf1973","2","1","3"
"Abo_Fahd1","1","2","3"
"Abo_Sockar","1","2","3"
"abo-kaled","2","1","3"
"Aboaiash","1","2","3"
"aboateeq","2","1","3"
"aboaudi","1","2","3"
"abobadance","2","1","3"
"abobus1223","1","2","3"
"Abodha","1","2","3"
"AboEIAD2021","2","1","3"
"Abohasan1962","1","2","3"
"abokhaled000","1","2","3"
"ABOLFZ_GG","2","1","3"
"Aboli8654","1","2","3"
"ABOLZUZ","1","2","3"
"Abomahrous1987","2","1","3"
"abonaser","2","1","3"
"abood111111111","2","1","3"
"AboodMomani","1","2","3"
"Aborigen100500","1","2","3"
"AboShams-Al","2","1","3"
"aboshiekh","1","2","3"
"abotero77","1","2","3"
"abouyahya03","1","2","3"
"ABoym","2","1","3"
"abozb","2","1","3"
"Abraham_Brett","2","1","3"
"Abraham_jeby","1","2","3"
"Abraham-1","1","2","3"
"AbrahamRuiz1977","1","2","3"
"Abrahamthefirst","1","2","3"
"abrand","2","1","3"
"Abrao","2","1","3"
"abrar2622","1","2","3"
"abraran2001","2","1","3"
"AbrarXogg","2","1","3"
"abreteSesamo","2","1","3"
"Abrn_h","2","1","3"
"abtin2k","1","2","3"
"Abu-Ymar05","2","1","3"
"abu63","1","2","3"
"AbubakarTemrakaev","2","1","3"
"abubakr23","2","1","3"
"Abuelachess","2","1","3"
"AbuKashif","2","1","3"
"ABunchofPuppies","1","2","3"
"Aburedwan2030","2","1","3"
"Abylai_2015","1","2","3"
"ABYLYA","2","1","3"
"ABZR","1","2","3"
"AC_phuocthang020815","2","1","3"
"ac1126","1","2","3"
"ACAB80","2","1","3"
"acaero","1","2","3"
"AcaMat","1","2","3"
"acauchy","1","2","3"
"Accdntl_T3chr","1","2","3"
"Accelerate_93","1","2","3"
"AccidentfromFlorida","1","2","3"
"Ace_09","2","1","3"
"ace7710","2","1","3"
"Aceblaney","1","2","3"
"aceoftrumps","1","2","3"
"Acer434","1","2","3"
"AcesMajesty","1","2","3"
"achaoui_tarik","2","1","3"
"acheval","2","1","3"
"Achiles007","1","2","3"
"achilles2009","1","2","3"
"achilles2018","2","1","3"
"Achillesthewarrior","1","2","3"
"Achim1965","2","1","3"
"achref","2","1","3"
"AChy18","1","2","3"
"achyutaram","1","2","3"
"AchyuthSankarccs","1","2","3"
"acmerival","1","2","3"
"acpavel","2","1","3"
"Acroslay","2","1","3"
"action-16547","2","1","3"
"actionkamen10","2","1","3"
"aczyz7","1","2","3"
"AD_2015","2","1","3"
"AD59","2","1","3"
"ADACAN","2","1","3"
"adaert","2","1","3"
"Adailto_Taricuarima","1","2","3"
"Adalbertus_Szachmat","2","1","3"
"Adalbertus23","1","2","3"
"adalkmakino","1","2","3"
"Adam_Elmasry","2","1","3"
"Adam_Graham","2","1","3"
"ADAM-and-EVIL","1","2","3"
"Adam0123","1","2","3"
"adam110","1","2","3"
"Adam1206","1","2","3"
"adam123_oo","2","1","3"
"Adamaria","1","2","3"
"adambjj","1","2","3"
"AdamGarciaCohen","1","2","3"
"Adamkn","2","1","3"
"AdamKO10","2","1","3"
"adamooooo","1","2","3"
"AdamSmall","1","2","3"
"adamtexter","2","1","3"
"adaneshnia","1","2","3"
"Adanjulio605","1","2","3"
"addeal","2","1","3"
"addfacs","1","2","3"
"AddictedonChess","2","1","3"
"AddiGA","2","1","3"
"AddYRoN","1","2","3"
"adebayor59","2","1","3"
"adeilton10","1","2","3"
"Adek012","2","1","3"
"Adel_al","2","1","3"
"Adel115","2","1","3"
"adelbertRitter","2","1","3"
"adelerachou","1","2","3"
"Adelghrissi","2","1","3"
"adelo_nombre","1","2","3"
"AdelRedaar97","1","2","3"
"Adem_chebbi","2","1","3"
"adem07","2","1","3"
"ademaniagm","2","1","3"
"ADEMCH19","2","1","3"
"AdemirFagundes","2","1","3"
"adesuprit","2","1","3"
"adeykittani","2","1","3"
"AdhitiR","2","1","3"
"Adia_sarbasova","1","2","3"
"adientes","2","1","3"
"adifetih","2","1","3"
"Adikas","1","2","3"
"Adil13a","2","1","3"
"Adilbek63","1","2","3"
"AdilbekZh","1","2","3"
"AdiletIskarov270108","2","1","3"
"Adilimchess","1","2","3"
"Adiling","1","2","3"
"adipapa19","1","2","3"
"adiranirend","1","2","3"
"AdisAlagic","1","2","3"
"Adithyan_Chessmate","2","1","3"
"Aditya_Chess_Player","1","2","3"
"Aditya_Wilson","2","1","3"
"Aditya16","2","1","3"
"adityagarg2211","1","2","3"
"Adityaindra27","1","2","3"
"AdityaxSinha","1","2","3"
"Adler110","2","1","3"
"adm1ration","1","2","3"
"admbanbn","1","2","3"
"Admiralabnormal","1","2","3"
"AdmiralDrake","2","1","3"
"admiralKucha","2","1","3"
"Admiralov","2","1","3"
"admiralsnackbar1","2","1","3"
"adobatman","1","2","3"
"adolatr2000","1","2","3"
"adolfo90","1","2","3"
"adolfpeters","1","2","3"
"ADOLFSEYYDO","2","1","3"
"aDoLph1","1","2","3"
"ador71","2","1","3"
"adraarda23","1","2","3"
"adri_Banerjee","2","1","3"
"adrian_almeida","1","2","3"
"adrian_makarov","1","2","3"
"ADRIAN_WiS","1","2","3"
"adrianalimaa","2","1","3"
"adriandmd72","2","1","3"
"AdrianekC","1","2","3"
"Adriango03","2","1","3"
"AdrianJC","1","2","3"
"Adriano_almeron-12","1","2","3"
"AdrianoGuevara_STJ","2","1","3"
"AdriansinA","1","2","3"
"Adrianyahyapour1395","1","2","3"
"adricad","2","1","3"
"Adrimatronic","1","2","3"
"Adroguense413","1","2","3"
"adryano","2","1","3"
"advait0705","1","2","3"
"Advaith22","2","1","3"
"Advaithpachu","2","1","3"
"AdvaitRajeev2014","2","1","3"
"adventurerrr","2","1","3"
"Adyaheggeri","2","1","3"
"AdZhe","2","1","3"
"AdzikrXD","2","1","3"
"ae_v","2","1","3"
"aeapmestre","2","1","3"
"aebischerjp","2","1","3"
"aefelixpi","2","1","3"
"aegles","1","2","3"
"aegomez","1","2","3"
"AegonIII","1","2","3"
"aejayem","2","1","3"
"Aeliyas","2","1","3"
"Aelsayed574","1","2","3"
"AER2012","2","1","3"
"aeroquil","1","2","3"
"Aeroyascal","1","2","3"
"Aerozol","1","2","3"
"AesDana","2","1","3"
"Aestrom2","2","1","3"
"aezh","1","2","3"
"afabbro","2","1","3"
"AFAH_DECK","2","1","3"
"afaleon","1","2","3"
"Afar-A","1","2","3"
"Afarsemon","2","1","3"
"Afelonin","1","2","3"
"aff3f","2","1","3"
"AffLiCKioN","1","2","3"
"AFG2000","1","2","3"
"afhamnurzarif14","2","1","3"
"afomo","2","1","3"
"Afoniu","1","2","3"
"Afonya82","2","1","3"
"africhamp","1","2","3"
"Afroasiatico","2","1","3"
"AfroCodeur","2","1","3"
"aft43","1","2","3"
"aftarczuk","2","1","3"
"aga06tr","1","2","3"
"agabeyts611","2","1","3"
"AGama10","2","1","3"
"agarode","2","1","3"
"Agathonator","2","1","3"
"Agaton86","2","1","3"
"Agel_Bengkulu","1","2","3"
"AGENT_CHESS47","1","2","3"
"AggressiveCaptain","2","1","3"
"aghaei_hossein","1","2","3"
"aghrajh","1","2","3"
"AgiriMurasaki","2","1","3"
"agit1234","1","2","3"
"AGleb","1","2","3"
"AGM-Arpon","1","2","3"
"Agnibha2444","1","2","3"
"agossa","2","1","3"
"agricolamz","2","1","3"
"AgrisStu","1","2","3"
"agrn","1","2","3"
"agus0809","2","1","3"
"agusguillet1","1","2","3"
"Agushariadi","2","1","3"
"aguss_math","1","2","3"
"agust2j","1","2","3"
"Agustya2017","1","2","3"
"Agvesor","2","1","3"
"Ah_alnaas","2","1","3"
"AhabLives","1","2","3"
"Ahaftahatc","1","2","3"
"Ahan_11","1","2","3"
"ahaneek","2","1","3"
"Ahankengatte","2","1","3"
"ahez94","1","2","3"
"AHFA58","1","2","3"
"ahleap","1","2","3"
"Ahmad_Mohammed_Ayoub","1","2","3"
"Ahmad-Nuris_Alghozal","2","1","3"
"ahmad2454","1","2","3"
"Ahmadahmad0000000","1","2","3"
"AhmadAk7","1","2","3"
"AhmadAlmomany","1","2","3"
"AhmadAlshazly","2","1","3"
"Ahmadbaya","1","2","3"
"ahmadchess54","1","2","3"
"ahmadgined","2","1","3"
"ahmadhcf2466","2","1","3"
"ahmadkh3","2","1","3"
"Ahmadkhalasi77","2","1","3"
"ahmadkhazaee","1","2","3"
"ahmadkoko7737","2","1","3"
"ahmadkrayem","1","2","3"
"ahmadkvr","1","2","3"
"Ahmadtefatefa","1","2","3"
"ahmadyehia","2","1","3"
"ahman1","1","2","3"
"Ahme1D","2","1","3"
"Ahmed_82","2","1","3"
"Ahmed_abd_Allah2020","2","1","3"
"Ahmed_Aly","2","1","3"
"Ahmed_bl","2","1","3"
"ahmed_doc","2","1","3"
"Ahmed_HChess","1","2","3"
"Ahmed_hussian_ali","2","1","3"
"ahmed_jf26","1","2","3"
"Ahmed_Salem111","2","1","3"
"Ahmed_Salim1990","2","1","3"
"AHMED_SD","2","1","3"
"Ahmed_TahaN","1","2","3"
"Ahmed_Tarek_Sabry","1","2","3"
"ahmed0677","1","2","3"
"ahmed1210","2","1","3"
"ahmed1214","1","2","3"
"Ahmed1977","2","1","3"
"ahmed2271994","2","1","3"
"ahmed230","1","2","3"
"ahmed26365","2","1","3"
"Ahmed3rnsa","2","1","3"
"ahmed654321","2","1","3"
"ahmed903","1","2","3"
"Ahmed9458","2","1","3"
"ahmed9demo","1","2","3"
"ahmedaldeb","1","2","3"
"Ahmedbaiomy1987","2","1","3"
"Ahmede4g6","2","1","3"
"ahmedelmasry8013","1","2","3"
"Ahmedfikry","1","2","3"
"ahmedhk","1","2","3"
"Ahmedkabbasi","1","2","3"
"ahmedkaroto","1","2","3"
"ahmedmikawi","2","1","3"
"ahmedmoabdeljwad","1","2","3"
"AhmedMohamed","2","1","3"
"ahmedmuhameed","1","2","3"
"Ahmedosama9","2","1","3"
"ahmedrefaaaaaat","1","2","3"
"ahmedrezk00","1","2","3"
"ahmedsalama1968ewgm","1","2","3"
"Ahmedshalaan","2","1","3"
"ahmedShamoun","2","1","3"
"ahmedsharaf22","2","1","3"
"Ahmedslow","2","1","3"
"ahmedt189x","1","2","3"
"AHMEDTA","2","1","3"
"AhmedTaha284","1","2","3"
"Ahmedy6y","1","2","3"
"Ahmet_Atmaca2013","1","2","3"
"Ahmet4efe","2","1","3"
"ahmet87705","1","2","3"
"ahmetboyaci","2","1","3"
"ahmetdogan4422","2","1","3"
"AhmetSemsKilic","2","1","3"
"ahmettufek","1","2","3"
"ahmetumuthakan","2","1","3"
"ahmxx2002","1","2","3"
"ahmyxd","1","2","3"
"Ahn-Siha","2","1","3"
"Ahpaptoh","1","2","3"
"ahrivik","1","2","3"
"Ahron95","2","1","3"
"AHTON","2","1","3"
"Ahven12","1","2","3"
"AI52A","2","1","3"
"AiCaramba","1","2","3"
"Aidan_MacDonald","2","1","3"
"AidanAfsal","2","1","3"
"AidarB","1","2","3"
"Aiden-A-OHES","1","2","3"
"aidin_8911","2","1","3"
"Aigrette","1","2","3"
"Aigum2424","2","1","3"
"AIK10","2","1","3"
"ailtonoliveira","2","1","3"
"Aiman0616","2","1","3"
"Aimerick","1","2","3"
"Aingel","1","2","3"
"Air_Bud","1","2","3"
"airat23","2","1","3"
"AiratAiratAirat","1","2","3"
"Airboti7","2","1","3"
"AIRO23w","1","2","3"
"airrials","1","2","3"
"AIS0001","2","1","3"
"aislas","1","2","3"
"Aisso","2","1","3"
"Aitzhannn","2","1","3"
"Aizakku-uchiha","2","1","3"
"Aizen3","2","1","3"
"Aj_Dale27","1","2","3"
"Aj18viratian","1","2","3"
"Ajaithings","1","2","3"
"AJallday","2","1","3"
"ajat88","2","1","3"
"Ajax0102","1","2","3"
"ajay15071969","2","1","3"
"AJAY5001","1","2","3"
"AjayArwinIsaiah","2","1","3"
"Ajaydivi","2","1","3"
"ajcax","1","2","3"
"AJDhustle-1997","2","1","3"
"ajdillonbc","1","2","3"
"Ajedrecistainnato","1","2","3"
"ajedrezpescador","2","1","3"
"ajihad11","2","1","3"
"ajinkyatarte713","2","1","3"
"AjinPR","2","1","3"
"AjmalQadeer","1","2","3"
"Ajoncs35","1","2","3"
"ajpanacea","1","2","3"
"AJShifoo19","1","2","3"
"ajueko","2","1","3"
"AkalBaran","2","1","3"
"Akar25","1","2","3"
"akara20","2","1","3"
"AKarinje","2","1","3"
"akash_an","2","1","3"
"Akash_ICT","2","1","3"
"Akash568","1","2","3"
"Akasharun123","2","1","3"
"akashsachan","1","2","3"
"Akay811","2","1","3"
"AKBARAHMADI2000","1","2","3"
"AkbarAli78_SCC","1","2","3"
"akbarkarimi48","2","1","3"
"Akbarnya1360","1","2","3"
"AKC-QUANG_PHAT","2","1","3"
"akca_alparslan","1","2","3"
"AkcaM","1","2","3"
"akdain","2","1","3"
"akdrgl","2","1","3"
"akeel001","2","1","3"
"akefM","2","1","3"
"akhamamoto","1","2","3"
"akhil1908","1","2","3"
"AKHILA_SDS","1","2","3"
"akhilesh1043","2","1","3"
"AKHM","2","1","3"
"Akhmadnabi2014","2","1","3"
"Akhmetov_Dinislam","1","2","3"
"akif3324","2","1","3"
"AkifBeyy","2","1","3"
"akifh","2","1","3"
"Akilkter","1","2","3"
"Akinak_Serj","2","1","3"
"akincimevo","1","2","3"
"akinetal","2","1","3"
"akinus","1","2","3"
"AkishevPlaton","1","2","3"
"Akivison","1","2","3"
"Akki_lokhande","2","1","3"
"akkinenipradeep","1","2","3"
"akku2016","2","1","3"
"akmanyavuz","2","1","3"
"Ako610","2","1","3"
"akows","1","2","3"
"AKozlevich","1","2","3"
"akpliPorcay","2","1","3"
"akreshaygmi","1","2","3"
"AkrieThea","2","1","3"
"AkrinAWOL","2","1","3"
"aks_dragon","2","1","3"
"Akshajbijesh","2","1","3"
"AkshajLighosh","1","2","3"
"aksharapravin","2","1","3"
"akshat_96","2","1","3"
"akshat7070","2","1","3"
"Akshay_raj_7","1","2","3"
"Akshay19k","1","2","3"
"Akshenmen","2","1","3"
"aksinghlkr","2","1","3"
"Akst2016","2","1","3"
"aktk56","1","2","3"
"AKudryavsev","1","2","3"
"Akulaabhiram","1","2","3"
"akumapl","1","2","3"
"Akuver","1","2","3"
"akverma991","1","2","3"
"Al_Mispahy","1","2","3"
"al_mo10","1","2","3"
"AL-Hafouzliq","1","2","3"
"Al-Issa","2","1","3"
"al-mtw","1","2","3"
"ALAA_ELKASEH","2","1","3"
"Alaa35","1","2","3"
"alaa71","2","1","3"
"alaaelshamaa","1","2","3"
"alaaemam","2","1","3"
"Alaahamaydeh","2","1","3"
"Alaaldn","2","1","3"
"alaazidan880","2","1","3"
"alabdly","1","2","3"
"ALAIN-CUBA","1","2","3"
"alain5656","2","1","3"
"AlainDuarte","2","1","3"
"alainhackin","1","2","3"
"Alainz","2","1","3"
"AlAlGuss","2","1","3"
"alalhadynsraldynmhmd","2","1","3"
"ALAMSXCRL34","2","1","3"
"Alancillo12","2","1","3"
"alandochess","2","1","3"
"AlanDonAlan","1","2","3"
"AlanDTM","1","2","3"
"ALANSU","2","1","3"
"alansutton","2","1","3"
"alantra2023","2","1","3"
"alaphil","1","2","3"
"Alarik2005","2","1","3"
"alau9","1","2","3"
"alauddin62","1","2","3"
"Alaudio","2","1","3"
"alav120","1","2","3"
"Alav87","1","2","3"
"alazzawi55","1","2","3"
"Albatrosina","1","2","3"
"albatroz1","2","1","3"
"Albena73","2","1","3"
"Albert_Gabdullin","1","2","3"
"Albert_Schmitt","2","1","3"
"Albert136","1","2","3"
"Albertgeneralrela","2","1","3"
"AlbertGreen","1","2","3"
"AlbertGum","2","1","3"
"albertjunior90","1","2","3"
"albertli","2","1","3"
"Alberto074","1","2","3"
"alberto19712014","1","2","3"
"albertocr1","1","2","3"
"AlbertoFloresUL","2","1","3"
"Albertogs195","1","2","3"
"AlbertoRuizYsla","2","1","3"
"albertvizner","2","1","3"
"Albi_2610","2","1","3"
"Albin2006","1","2","3"
"Albolote90","2","1","3"
"alborvoluble","1","2","3"
"Albright4","2","1","3"
"albroks","2","1","3"
"alby88","1","2","3"
"Alcahuil","1","2","3"
"alcato1417406","1","2","3"
"Alcatraz3134","2","1","3"
"aldair_concha","2","1","3"
"AldarTsyrenov03","1","2","3"
"aldecaldo","1","2","3"
"Aldermoon","2","1","3"
"Aldina777","1","2","3"
"aldokkani","1","2","3"
"aldompedro","2","1","3"
"aldosaul","2","1","3"
"aldraksh","2","1","3"
"Aldrich_2009","1","2","3"
"ale_998","1","2","3"
"ale-82","1","2","3"
"Ale1996f1","1","2","3"
"ALE5Xxx","2","1","3"
"Alecode","1","2","3"
"alefc","1","2","3"
"alehin01","2","1","3"
"alej1954","2","1","3"
"alejandro1214","2","1","3"
"Aleje","1","2","3"
"alejo198277","2","1","3"
"Alejoco2003","1","2","3"
"Alejogo02","1","2","3"
"alek1930","2","1","3"
"ALEKCEEVITC","2","1","3"
"AlekhinesDrinkingBud","2","1","3"
"alekiy-t","2","1","3"
"alekmanan","1","2","3"
"Aleks040460","2","1","3"
"Aleks1109","2","1","3"
"Aleks1353","2","1","3"
"aleksa1234567","1","2","3"
"aleksa22","2","1","3"
"aleksad","1","2","3"
"AleksandEr_13","1","2","3"
"Aleksandr_111","1","2","3"
"Aleksandr_22rus","1","2","3"
"Aleksandr_35","2","1","3"
"Aleksandr_Pronin","2","1","3"
"Aleksandr1_-1","1","2","3"
"Aleksandr1968","1","2","3"
"Aleksandr1984-55","2","1","3"
"Aleksandr39","2","1","3"
"AleksandraD2016","1","2","3"
"AleksandrAntipov","2","1","3"
"AleksandrRostov","2","1","3"
"AleksandrVIP","1","2","3"
"Aleksei007","1","2","3"
"Aleksey_9-99","1","2","3"
"Aleksey_Orlovskiy","2","1","3"
"Aleksey-001","2","1","3"
"AlekseyPS","2","1","3"
"Alekskataeff","2","1","3"
"AleksNest","1","2","3"
"Alekss888","2","1","3"
"Alen00065","2","1","3"
"Alena_IT","1","2","3"
"Alenova202020","2","1","3"
"aleopold","2","1","3"
"alepanzer65","1","2","3"
"aleperalta27","1","2","3"
"Alered","1","2","3"
"Aleshaimar2005","1","2","3"
"Aleshento","1","2","3"
"AlessandroACMokewa","1","2","3"
"alessandrorighettoni","1","2","3"
"alessiocampaniello","1","2","3"
"alesuarez","2","1","3"
"Alesya_K","1","2","3"
"Alesya_Pudina","1","2","3"
"alevtopu15","2","1","3"
"alex__fisher","2","1","3"
"Alex_00723","2","1","3"
"alex_23b","2","1","3"
"Alex_60","2","1","3"
"Alex_Bezmenov_Vyborg","2","1","3"
"Alex_champion1937","1","2","3"
"Alex_Ci","1","2","3"
"Alex_K1967","1","2","3"
"ALEX_M_FORMULA1","1","2","3"
"alex_pryam","2","1","3"
"alex_shvets","2","1","3"
"Alex_Uzar","2","1","3"
"Alex_XLV","2","1","3"
"Alex_Xu_2007","1","2","3"
"Alex_Yar","1","2","3"
"alex-h","1","2","3"
"Alex110711","1","2","3"
"Alex110890","1","2","3"
"ALEX13SR","2","1","3"
"Alex15710","1","2","3"
"Alex1984-Alex777","2","1","3"
"Alex228game","2","1","3"
"Alex23_01_2014","1","2","3"
"alex26s","2","1","3"
"alex57555","1","2","3"
"Alex65","1","2","3"
"Alex8Alex","2","1","3"
"alex987654321","1","2","3"
"alexachusim","2","1","3"
"Alexado_and_Alexei","2","1","3"
"alexadrian29","2","1","3"
"AlexalexAl","2","1","3"
"Alexamayo","1","2","3"
"Alexander_48","2","1","3"
"Alexander_K","2","1","3"
"Alexander_Kornienko","1","2","3"
"Alexander_Lucas","2","1","3"
"alexander_mn167","1","2","3"
"AlexandeR_NEM","1","2","3"
"Alexander_NKT","2","1","3"
"Alexander-R-OHES","1","2","3"
"Alexander0060","1","2","3"
"Alexander0721999","1","2","3"
"Alexander11solov03","2","1","3"
"Alexander23_83a","2","1","3"
"Alexander54321","2","1","3"
"Alexander7203","2","1","3"
"AlexanderAsis11","2","1","3"
"AlexanderGrz","2","1","3"
"AlexanderMarni","1","2","3"
"AlexanderSchach60","2","1","3"
"alexanderus5","1","2","3"
"AlexanderV2016","1","2","3"
"alexandervincent","1","2","3"
"Alexandir","1","2","3"
"Alexandr_B","2","1","3"
"alexandr_mazunin","2","1","3"
"alexandr_selivan","2","1","3"
"Alexandr_Zam","2","1","3"
"ALEXANDR001007","1","2","3"
"Alexandr2017","1","2","3"
"Alexandra_A_K_0111","1","2","3"
"AlexandraTyulkina","1","2","3"
"Alexandrbr","2","1","3"
"Alexandre30608","2","1","3"
"Alexandre68","2","1","3"
"alexandreconte","2","1","3"
"AlexandrGrant","2","1","3"
"AlexandrNi","1","2","3"
"AlexandrRov","1","2","3"
"AlexandrTulupov","2","1","3"
"ALEXAV-1","1","2","3"
"Alexbalt","1","2","3"
"alexbande","2","1","3"
"AlexBreeze","2","1","3"
"AlexBrogan","1","2","3"
"Alexbyone","2","1","3"
"alexche_78","1","2","3"
"alexcheese92","1","2","3"
"alexcoroagreg","1","2","3"
"AlexeiSanzhikhaev","1","2","3"
"alexej_wen","2","1","3"
"AlexEKZ","1","2","3"
"Alexerwin","2","1","3"
"Alexey_grad438","1","2","3"
"Alexey_Kopyov","2","1","3"
"Alexey0310","1","2","3"
"Alexfvc","1","2","3"
"Alexgarlad","1","2","3"
"AlexGaul","1","2","3"
"AlexING_MMI3","2","1","3"
"Alexis9283","1","2","3"
"AlexisAgs","1","2","3"
"Alexisms002","2","1","3"
"Alexitojr94","2","1","3"
"AlexK1110","1","2","3"
"AlexK3000","2","1","3"
"AlexKhalatnikov","2","1","3"
"alexknosp","1","2","3"
"AlexKuper","2","1","3"
"Alexkuzz","1","2","3"
"AlexL25","1","2","3"
"alexm136","1","2","3"
"AlexMobius","1","2","3"
"AlexMorgenthau","1","2","3"
"AlexNil1","2","1","3"
"AlexPalych","2","1","3"
"Alexrc21","1","2","3"
"AlexRevolledo","2","1","3"
"AlexRG2023","2","1","3"
"alexrt2008","1","2","3"
"alexsaj314","1","2","3"
"AlexsandrUSSR","1","2","3"
"AlexSlow","1","2","3"
"AlexStepuk","1","2","3"
"AlexSvider","2","1","3"
"alextash","2","1","3"
"alexthekit","1","2","3"
"alexthewave","1","2","3"
"AlexUnderNomNom","2","1","3"
"alexvc11","2","1","3"
"Alexvij","2","1","3"
"alexwevo","1","2","3"
"alexwolf2","2","1","3"
"alexxxei1995","2","1","3"
"alfaberat","1","2","3"
"alfarizi_15","1","2","3"
"alfarizi8","2","1","3"
"Alfetta","1","2","3"
"AlfHacker","2","1","3"
"Alfil_De_Casillas","1","2","3"
"ALFIL10","2","1","3"
"Alfil8-RD","2","1","3"
"alfjn","1","2","3"
"Alfmeister1312","2","1","3"
"alfonso0","1","2","3"
"AlfredCrossebel","1","2","3"
"Alfredo8385","1","2","3"
"Alfredolc","1","2","3"
"alfve","1","2","3"
"algeroth111","2","1","3"
"ALGrafix98","1","2","3"
"Alhadimuath","1","2","3"
"alhasey2","2","1","3"
"alhashmee","1","2","3"
"ALHATTALI_OM","1","2","3"
"alhimao","2","1","3"
"alhot","2","1","3"
"Ali_1974","1","2","3"
"ali_55_mohammad","1","2","3"
"ali_588676","2","1","3"
"ali_704","1","2","3"
"ali_almsky","2","1","3"
"ali_badali73","1","2","3"
"ali_badawy","2","1","3"
"Ali_ibrahim","1","2","3"
"ali_ipsec","2","1","3"
"Ali_k_abas","2","1","3"
"ali_parvaneh","1","2","3"
"Ali-alotaibi","1","2","3"
"Ali0063000","1","2","3"
"Ali050302","1","2","3"
"Ali08sam","2","1","3"
"Ali1_e4e5","1","2","3"
"Ali1326","2","1","3"
"Ali1498","2","1","3"
"Ali150Ismail","1","2","3"
"ali1993ali023","1","2","3"
"Ali24469","1","2","3"
"ali3488","2","1","3"
"Ali5076","2","1","3"
"Aliabdellatei86","2","1","3"
"AliAbdi7","2","1","3"
"aliahmadakbar1402","1","2","3"
"AliAkyuzSatranc4","2","1","3"
"aliali1389","1","2","3"
"alialjazel19","1","2","3"
"Aliamiry","1","2","3"
"Alian","2","1","3"
"Aliandr","2","1","3"
"alianim","1","2","3"
"aliarabacj","2","1","3"
"aliaryanfar1982","2","1","3"
"alias_2020","1","2","3"
"alias_marks","2","1","3"
"AliAsadullahSipra","2","1","3"
"Aliasilbek","2","1","3"
"aliazizijsji","1","2","3"
"ALIBABAALI","1","2","3"
"Alibas","1","2","3"
"aliberk24","1","2","3"
"Alibruad","2","1","3"
"AliCakmak78","1","2","3"
"alican0036","2","1","3"
"alicanberberoglu","2","1","3"
"alicanerp","2","1","3"
"Alice_Best","1","2","3"
"alichequi991","1","2","3"
"alidelhi","1","2","3"
"Alidkg","2","1","3"
"ALIDN1393","1","2","3"
"Aliehsani90","1","2","3"
"Aliemirte","1","2","3"
"Alienchurch","1","2","3"
"Alieno06xmarimaroban","1","2","3"
"Aliexpress1","1","2","3"
"alifathikhah","2","1","3"
"alifrat","1","2","3"
"AliHADES","2","1","3"
"alihamid10","2","1","3"
"Alihasnain562","1","2","3"
"alihatem4","2","1","3"
"alihosseini7","1","2","3"
"aliireza1995","1","2","3"
"Alik347","2","1","3"
"Alikhan1618","1","2","3"
"Alikofff","1","2","3"
"alikosker33","2","1","3"
"Alimahmod123","2","1","3"
"alimb03","1","2","3"
"alimerthamarat","1","2","3"
"alimoiz","2","1","3"
"AlInA_223","2","1","3"
"AliNihat2014","2","1","3"
"alinn_ech","2","1","3"
"alinsrallah99","2","1","3"
"AliPar","1","2","3"
"AliRamadanAli","2","1","3"
"ALIREHMAN","2","1","3"
"Alireza_3096","1","2","3"
"alirezaaghili","1","2","3"
"ALIREZAAKBARI6320","1","2","3"
"Alirezajalali1392","2","1","3"
"AlirezaMollashahi","2","1","3"
"alirezash88","2","1","3"
"Alisa4er","1","2","3"
"alisan1394","2","1","3"
"alisarikhani","2","1","3"
"AliseMedne","2","1","3"
"alisher1603","1","2","3"
"ALISOMAN_NN-52","1","2","3"
"alisson2101","1","2","3"
"AliSZ11","1","2","3"
"AliTarek0099","2","1","3"
"Alitm87","2","1","3"
"Alitrk","1","2","3"
"Alitunam","1","2","3"
"alivera1234","1","2","3"
"aliZ2593","2","1","3"
"Alizadehrayan1389","2","1","3"
"Alizhez","1","2","3"
"Alizibaei","2","1","3"
"aljohani747","1","2","3"
"aljust","2","1","3"
"Alkalyn113","1","2","3"
"alknn1","1","2","3"
"allannnn","2","1","3"
"Allanwaweru","2","1","3"
"Allawi0","1","2","3"
"allenr19","1","2","3"
"allexandre_fernandes","1","2","3"
"allisseo","1","2","3"
"Allochcka","1","2","3"
"allodria","1","2","3"
"ALM2857","1","2","3"
"Alma_Amenabar","1","2","3"
"almautd","1","2","3"
"almavi_chess","1","2","3"
"almaystro11","2","1","3"
"almazchiter","2","1","3"
"almehdhar","2","1","3"
"Almstr388","2","1","3"
"Almugtar90","2","1","3"
"ALnasrmm1703","2","1","3"
"alnayf","1","2","3"
"alnxss_1","2","1","3"
"AloGP","2","1","3"
"alojo33228","2","1","3"
"Alok_V","1","2","3"
"Alonce52","1","2","3"
"Alondon","2","1","3"
"alone_allan","2","1","3"
"alonechess1999","2","1","3"
"Along_Syak","1","2","3"
"aloo9","2","1","3"
"alovi","2","1","3"
"Aloy-Rizen","1","2","3"
"ALP57","2","1","3"
"Alpbey1907","1","2","3"
"AlperDe","1","2","3"
"Alperen_Kirkpinar800","2","1","3"
"Alpha_zezo","2","1","3"
"AlphaAlpha11","2","1","3"
"AlphaCyea_27","2","1","3"
"AlphaFisch","1","2","3"
"alphamium","1","2","3"
"AlphaVerse","1","2","3"
"alpkarayel","2","1","3"
"alpopo84","1","2","3"
"Alprince27","1","2","3"
"alquimista0079","1","2","3"
"AlrightBotanist","2","1","3"
"als40","2","1","3"
"alsarhan","1","2","3"
"alsdn4435","1","2","3"
"alsou_nasib","1","2","3"
"alsu2013","1","2","3"
"alt-fa","2","1","3"
"altab140282","1","2","3"
"altada","2","1","3"
"altamirano_64","2","1","3"
"Altansukh_2022","2","1","3"
"Altapinus","1","2","3"
"altarawneh","2","1","3"
"altc4","2","1","3"
"alteshaus2412","1","2","3"
"Altoge","1","2","3"
"AltoLizardRich","2","1","3"
"Alucard2045","1","2","3"
"ALukarion","2","1","3"
"alumnoverde","2","1","3"
"AlunaDanielle","2","1","3"
"alunoMiguel","1","2","3"
"AlunoRafael","2","1","3"
"alvaro_630","2","1","3"
"ALVAROGP2","2","1","3"
"alvaroreynaro","1","2","3"
"AlvaroTaHe","1","2","3"
"alveeru","1","2","3"
"Alvikis","2","1","3"
"Alvvaru","2","1","3"
"Alwa29","1","2","3"
"Alwaysblessed_10","1","2","3"
"ALWLAD_777","2","1","3"
"alyasarihan","2","1","3"
"Alyggg","1","2","3"
"Alym7mdE4E5","2","1","3"
"AlyNabil111","1","2","3"
"Alyosha999","2","1","3"
"alysonNBS","1","2","3"
"AlyssonSilva","1","2","3"
"alyy07","2","1","3"
"AM1NA1","1","2","3"
"am91een","1","2","3"
"Amadioi333","1","2","3"
"Amadis79","2","1","3"
"amadout0913","1","2","3"
"AMAL_VIJAY","2","1","3"
"Amalia09","2","1","3"
"AmaliaSoto","2","1","3"
"amaliaushakova","1","2","3"
"amalvankar","1","2","3"
"Aman_Sadv","1","2","3"
"AmanAyaan","2","1","3"
"Amanda231","1","2","3"
"amanps88","2","1","3"
"AMansour69","2","1","3"
"amar12asd","1","2","3"
"Amara_Julia","1","2","3"
"amarabdallah","2","1","3"
"amarhm","1","2","3"
"amaro380rs","2","1","3"
"AMartinez-SDMS","1","2","3"
"Amartyai2","2","1","3"
"Amaterr","2","1","3"
"Amateur974","1","2","3"
"amateurpiece","2","1","3"
"Amatir223","2","1","3"
"amazari","1","2","3"
"AMazeBishop_19","2","1","3"
"amazighi","2","1","3"
"Amber-Premo","2","1","3"
"AMBeSA1999","1","2","3"
"Ambilarious","2","1","3"
"Ambnm1960","2","1","3"
"Ambrose0001","2","1","3"
"Amd_Jr","2","1","3"
"Ameen63","2","1","3"
"Ameer_26","2","1","3"
"Ameer-A-OHES","1","2","3"
"ameersohail","2","1","3"
"AmelieTian","2","1","3"
"Amelinowy","1","2","3"
"amelyushkin","1","2","3"
"amenakoim","1","2","3"
"americo_santos","1","2","3"
"ametelcrack0802","2","1","3"
"Ameya1337","1","2","3"
"amezianebouhini","1","2","3"
"Amfibiya2021","1","2","3"
"Amfitryon","1","2","3"
"amia_elsa","1","2","3"
"amier_CKD","2","1","3"
"amigowstooncano","2","1","3"
"Amil47","2","1","3"
"Amiliadamen","2","1","3"
"Amin_rakha","1","2","3"
"Amin_Sorahi","1","2","3"
"Amin-Abdo","2","1","3"
"amin1994","1","2","3"
"Amina_53","2","1","3"
"Amindeo","2","1","3"
"Amine_Youcef","2","1","3"
"AMINE123654","1","2","3"
"amine2887","2","1","3"
"amine9sir","2","1","3"
"Aminembc","2","1","3"
"amineouchaou","2","1","3"
"aminkgv","2","1","3"
"amino1999","2","1","3"
"aminooooooooo","1","2","3"
"Aminparhizkari","1","2","3"
"aminwafiy","1","2","3"
"amir_1983","1","2","3"
"AMIR_FRITZ","1","2","3"
"Amir_Hassan_7780","1","2","3"
"Amir_hossain","1","2","3"
"amir_hossein_asg","2","1","3"
"Amir_king90","1","2","3"
"amir_leninsk","2","1","3"
"Amir_Super","1","2","3"
"Amir-shishani","2","1","3"
"amir0_011","2","1","3"
"amir4030","2","1","3"
"amir64_victor","1","2","3"
"Amirabaschess123","2","1","3"
"Amirabbas23","1","2","3"
"amirabbaskargar","1","2","3"
"amiracas","1","2","3"
"Amirali_Niroomand","2","1","3"
"amirali139248","1","2","3"
"AmirAli54","2","1","3"
"amiraliheidarii","2","1","3"
"Amirarsalansajajid","1","2","3"
"Amirbeik5","2","1","3"
"amirghkhan","1","2","3"
"amirgolii","1","2","3"
"AmirHamja10","1","2","3"
"AmirHanif","2","1","3"
"amirhidayah","2","1","3"
"Amirhoseynn22","2","1","3"
"amirhossein_1950","1","2","3"
"Amirhossein1229","2","1","3"
"AmirJan007","1","2","3"
"Amirjebali35","1","2","3"
"amirjiess","1","2","3"
"amirjustdoit888","2","1","3"
"amirkhaleghi","1","2","3"
"amirkhodaii","2","1","3"
"Amirkhon_18","1","2","3"
"amirkian1393","2","1","3"
"Amirreza_Ahmadi07","1","2","3"
"AmirRezaiee","2","1","3"
"amirsn","2","1","3"
"amirtorabi22","2","1","3"
"Amit1205","1","2","3"
"amitant","2","1","3"
"amithesh06","2","1","3"
"amitnath2003","1","2","3"
"amitsharma0128","1","2","3"
"amityiZhaq","1","2","3"
"AmJADaKhAvAN","1","2","3"
"Amjed_Eltom","2","1","3"
"AMK60","1","2","3"
"AMKton","1","2","3"
"amlanjyoti_sarkar","1","2","3"
"amleteimor10","1","2","3"
"amma_123","1","2","3"
"Ammar-91","1","2","3"
"ammar2009a","2","1","3"
"ammarmyassar","2","1","3"
"Amnesiaaaa","1","2","3"
"Amo_0","2","1","3"
"Amo_Mahdi59","2","1","3"
"Amo2020","1","2","3"
"amoa56","1","2","3"
"Amoosepi","1","2","3"
"AmorEtPsyche","1","2","3"
"AMPAU05311998","1","2","3"
"amper8and","2","1","3"
"amr_atef_1","1","2","3"
"Amr-kamalou","2","1","3"
"Amr1984","1","2","3"
"Amr2082","1","2","3"
"AMR83-05","2","1","3"
"amrelmasoudy","1","2","3"
"Amrit_Biswas","1","2","3"
"AmritChandan","1","2","3"
"amroo0","1","2","3"
"amrsaka11","2","1","3"
"Amruthavalli2010","1","2","3"
"amsramsr10","2","1","3"
"Amung123","2","1","3"
"Amuuu","2","1","3"
"Amy_sun7","2","1","3"
"AMYSALCEDO05","2","1","3"
"An_T_oN","2","1","3"
"An2atolich","1","2","3"
"ana_27","1","2","3"
"anaconda_2023","2","1","3"
"anahtarciogluc-bjk","1","2","3"
"Analfabetafunzionale","1","2","3"
"analyalayan","2","1","3"
"anand_-8789","1","2","3"
"anand1594","2","1","3"
"Anandbazard","1","2","3"
"Anantha23","1","2","3"
"ananya_k15","2","1","3"
"anapaweb","1","2","3"
"anapstad","1","2","3"
"AnarchistVocalist","2","1","3"
"Anarkii","2","1","3"
"anas0704","2","1","3"
"Anas1xd","2","1","3"
"Anas2018_Hashir","2","1","3"
"Anaseig","2","1","3"
"Anastasia_Lev","1","2","3"
"Anastasia_pepe","1","2","3"
"AnastasiaFigueroa","2","1","3"
"AnastasiaProf","2","1","3"
"AnastasiosP1997","1","2","3"
"Anastasisborb","2","1","3"
"Anastasiya_Khoroz","2","1","3"
"anaszanotti","1","2","3"
"Anatoliy_Kom","2","1","3"
"Anatoliy_Kuznetsov","2","1","3"
"anatoltchirikov1951","1","2","3"
"anatolyefimov","1","2","3"
"anatolypascua","1","2","3"
"Anatony","2","1","3"
"Anay-Chhawchharia","1","2","3"
"anay666","1","2","3"
"anboxxl","1","2","3"
"anbuchess","2","1","3"
"anbuddy","1","2","3"
"anchito10","2","1","3"
"and49","2","1","3"
"And99","1","2","3"
"Andac1996","1","2","3"
"AndasMus","2","1","3"
"Andej","2","1","3"
"andek36","1","2","3"
"Anderiel","1","2","3"
"AndersonVasco","1","2","3"
"Andersson1234","1","2","3"
"andgus68","1","2","3"
"Andiswa403","1","2","3"
"andoni0019","1","2","3"
"Andos58","2","1","3"
"Andr35","2","1","3"
"andr72rf","1","2","3"
"andre-chavez04052016","2","1","3"
"andre-piter","2","1","3"
"andre114","2","1","3"
"Andre909","2","1","3"
"Andrea_Bartoli","1","2","3"
"andrea_shrk","1","2","3"
"Andrea_UnU","2","1","3"
"Andreabeps","2","1","3"
"andreabs","1","2","3"
"Andreaorsi","1","2","3"
"Andreas_876","1","2","3"
"Andreas_Aust","2","1","3"
"Andreas07chess","1","2","3"
"Andreas2345","1","2","3"
"Andreas5110","1","2","3"
"AndreasKieling99","2","1","3"
"AndreasM85","2","1","3"
"Andrebk69","2","1","3"
"AndreevSasha2B","1","2","3"
"Andrei_KP","1","2","3"
"Andrei-2002","1","2","3"
"Andrei1740","2","1","3"
"AndreiBubu","2","1","3"
"AndreiK86","1","2","3"
"AndreiUshakov","2","1","3"
"Andreiyub","1","2","3"
"ANDREJANDONOSKI2014","2","1","3"
"Andrejtim","2","1","3"
"andres1638","2","1","3"
"andres18sierra","2","1","3"
"Andres2589","2","1","3"
"AndresBorras","1","2","3"
"AndresJudith","2","1","3"
"andresmvp","2","1","3"
"andressalinger","1","2","3"
"AndresSencion92","1","2","3"
"AndresSilva2023","1","2","3"
"andresuribe","1","2","3"
"Andreus76","1","2","3"
"Andrew_Mn","2","1","3"
"Andrew-1970","2","1","3"
"Andrew-Kirov","2","1","3"
"andrew117","2","1","3"
"Andrew355","1","2","3"
"andrew3596","1","2","3"
"AnDrew470","1","2","3"
"AndrewBronny","1","2","3"
"andrewcv","2","1","3"
"AndrewGG1","2","1","3"
"AndrewGuschin","2","1","3"
"AndrewJT041","2","1","3"
"AndrewKING187","1","2","3"
"AndrewManrel","2","1","3"
"Andrey_2009","1","2","3"
"andrey_burtov","1","2","3"
"Andrey_kiev_84","2","1","3"
"Andrey_Krav4enko1","1","2","3"
"Andrey-1208","1","2","3"
"Andrey144","1","2","3"
"Andrey26071980","1","2","3"
"andrey3229","2","1","3"
"andrey774","2","1","3"
"Andrey979","2","1","3"
"AndreyChertov","2","1","3"
"AndreyKBZR","2","1","3"
"andreynik","2","1","3"
"AndreyNikNik","2","1","3"
"andreyvm","2","1","3"
"Andrianavoniarisoa","1","2","3"
"Andrianishnianidze77","1","2","3"
"AndriiNereta","1","2","3"
"Andrij1983","2","1","3"
"Andrissakk14","1","2","3"
"Android45","1","2","3"
"Andromate","1","2","3"
"Andrut420","2","1","3"
"Andrzej_t38","2","1","3"
"Andrzej3691","1","2","3"
"andubene","2","1","3"
"Andy200801","2","1","3"
"andyborisov","2","1","3"
"AndyKo","1","2","3"
"Andynator03","1","2","3"
"andyrjian","2","1","3"
"AneeshP","2","1","3"
"Anelima","2","1","3"
"AnestisAgiannoglou","1","2","3"
"Angalis","1","2","3"
"AngasoftheGabas","1","2","3"
"Ange_Fournier","1","2","3"
"Angel_GJ","1","2","3"
"AngelAmando33","1","2","3"
"ANGELCORTES","1","2","3"
"AngelFernandezARG","1","2","3"
"AngelGN1","2","1","3"
"AngelinaFilimonova","1","2","3"
"angelinrica","1","2","3"
"angelo_vitelli","2","1","3"
"Angelroman21","1","2","3"
"Angelxd17","2","1","3"
"Angency81","1","2","3"
"Angkur420","2","1","3"
"ANGLER1234","1","2","3"
"angraeni","1","2","3"
"Angryhamster1","1","2","3"
"angrykong1","1","2","3"
"angrytigertr","2","1","3"
"Anh-Quan","1","2","3"
"anhdung2016","2","1","3"
"anhduydz","2","1","3"
"anhsigh","1","2","3"
"Anik_Sana","2","1","3"
"Anikakabir","1","2","3"
"anikasam","2","1","3"
"aniketj7","2","1","3"
"Aniketthepro","2","1","3"
"anil_altinkaya","2","1","3"
"Anil_Can","1","2","3"
"anilchittemsetty","1","2","3"
"Anildevin","2","1","3"
"anilson7","2","1","3"
"animegirlfeetlicker","1","2","3"
"animelive96","1","2","3"
"Animesh_R_Debnath","1","2","3"
"Anindya_1973","1","2","3"
"aniruddhak","2","1","3"
"Anirudhschandran19","1","2","3"
"anisaansa92","2","1","3"
"Anishqa","2","1","3"
"Anita_Thr","2","1","3"
"Anitri25","1","2","3"
"AniVSV","1","2","3"
"anjani1234","1","2","3"
"Anjel_Beats","2","1","3"
"anjelacow","2","1","3"
"Ankaid","1","2","3"
"Ankara0635","1","2","3"
"Ankhaa2014","2","1","3"
"ankitdhawan0401","1","2","3"
"ankurkh","1","2","3"
"Anna_0100","2","1","3"
"anna_shark","2","1","3"
"Anna_vtu","1","2","3"
"anna1992season7","2","1","3"
"Anna7A","2","1","3"
"AnnabethCassielMC","1","2","3"
"annaisdumb","1","2","3"
"annasop","2","1","3"
"Anndre2200","2","1","3"
"annehans","1","2","3"
"annehusse","1","2","3"
"anneliesiris","1","2","3"
"Anney","2","1","3"
"Annie-kun","2","1","3"
"annndrea95","1","2","3"
"AnnoyingRedFox","1","2","3"
"annrey","2","1","3"
"annuralisha1","1","2","3"
"anoakow","2","1","3"
"anomanissh","1","2","3"
"Anonim_King","1","2","3"
"Anoniman1878","2","1","3"
"AnonymousMagnusUwU","2","1","3"
"Anoop04","1","2","3"
"Another1","2","1","3"
"Anouar81","2","1","3"
"Anri172013","2","1","3"
"Ansar_Marat","2","1","3"
"anserepina","2","1","3"
"Ansh1567","2","1","3"
"anshi_r","2","1","3"
"antealsohag111111","2","1","3"
"antesoldo","2","1","3"
"Anthone35","1","2","3"
"antilopa_gnu","2","1","3"
"Antipsychotic","2","1","3"
"antiqie","1","2","3"
"antishanti","2","1","3"
"Antizin","1","2","3"
"Antman_deadpool_713","2","1","3"
"Antman707","2","1","3"
"AntMas6","2","1","3"
"anto8200","1","2","3"
"antoine145","2","1","3"
"Antomolf13","2","1","3"
"anton_lp","2","1","3"
"anton_matveev88","2","1","3"
"Anton_Wiriadinata","1","2","3"
"Anton0-0","2","1","3"
"Anton07041985","2","1","3"
"Anton14061987","1","2","3"
"Anton87sil87","1","2","3"
"Antondiniz","1","2","3"
"Antonello1960","1","2","3"
"AntonExMCG","2","1","3"
"AntonF65","1","2","3"
"Antoniechess","2","1","3"
"AntoniNowak","1","2","3"
"ANTONIO_CARLOS1","2","1","3"
"Antonio-72","1","2","3"
"Antonio8888","2","1","3"
"antonioaubin","1","2","3"
"AntonioButini","1","2","3"
"AntonioJr_21","1","2","3"
"antoniolisboa_1","2","1","3"
"antonioluis7489","1","2","3"
"Antonioni1477","2","1","3"
"antoniopachin","1","2","3"
"antonioppaguiar","2","1","3"
"Antoniotr","1","2","3"
"Antonkorobov32","1","2","3"
"AntonMalev","2","1","3"
"AntonMart","2","1","3"
"antonndavid","2","1","3"
"antonodnorog","1","2","3"
"antontretiy","2","1","3"
"Antony_Z","1","2","3"
"AntonyM18","1","2","3"
"antonynous17","1","2","3"
"antrikshyagupta","1","2","3"
"Antsthkhanh","1","2","3"
"Antti55","1","2","3"
"antwnis_kts","1","2","3"
"Antyseptikus","2","1","3"
"anuanoj","2","1","3"
"anubabbu","2","1","3"
"anubajpayi","1","2","3"
"anunaytrex","2","1","3"
"Anupam_Chakrabortty","1","2","3"
"AnupamMallick","2","1","3"
"Anurag_97","2","1","3"
"Anurag1999","1","2","3"
"Anurag223","2","1","3"
"Anurag29062007","1","2","3"
"anuragcp","2","1","3"
"anuragji","1","2","3"
"AnuragKumarMishra","1","2","3"
"Anuragmaurya","1","2","3"
"anuvy21_yt","1","2","3"
"Anvarbek22","2","1","3"
"anvaysingh","1","2","3"
"Anvesha203","2","1","3"
"Anvitha_23","2","1","3"
"Anwarz","2","1","3"
"Anwen_Digo","1","2","3"
"anwer2010","1","2","3"
"Anya_14","2","1","3"
"AnYsYaDaVyD","2","1","3"
"Anzhelikachess","2","1","3"
"Anzo16","2","1","3"
"aodharma","2","1","3"
"Aondor","2","1","3"
"AOSurov","1","2","3"
"aotepwty","2","1","3"
"Aothen","2","1","3"
"Apaque","2","1","3"
"aparra-awk8","1","2","3"
"apasan","1","2","3"
"aPatheticAttempt","2","1","3"
"apatic","2","1","3"
"APAU427","1","2","3"
"Apelsin073","2","1","3"
"apenslaver","1","2","3"
"Apex1303","2","1","3"
"APEXRAMA","2","1","3"
"Api0109","1","2","3"
"APiero","1","2","3"
"apoga","2","1","3"
"APOLAT28","1","2","3"
"apolinaryyy","2","1","3"
"apoll19","1","2","3"
"Apollo117666","1","2","3"
"apollonic","1","2","3"
"apoloonce","2","1","3"
"apomarnacki123","2","1","3"
"aposen","2","1","3"
"apovaziri82","2","1","3"
"apple12345678900","1","2","3"
"appleandpineapple","1","2","3"
"applesbestfruit","2","1","3"
"apramey527","1","2","3"
"aprameyas","2","1","3"
"AprendizANG","1","2","3"
"ApretenElCuloAhora","2","1","3"
"apried","1","2","3"
"Apro22","2","1","3"
"apung999","2","1","3"
"Apurvarpam","1","2","3"
"APV1004","1","2","3"
"Aqil_Luqman","2","1","3"
"Aqua-io","2","1","3"
"AquaTrinity","2","1","3"
"Aquilaaa","1","2","3"
"Aquileselimmortal","1","2","3"
"Ar-em_02","1","2","3"
"AR15052015","2","1","3"
"ar2shi8da","2","1","3"
"ar44vz","2","1","3"
"arab12","2","1","3"
"arabahmadi","1","2","3"
"Arachanoid","2","1","3"
"arad_mohagheghh","1","2","3"
"Aradhyalohiya1234","2","1","3"
"Aragasi04","1","2","3"
"Aragorn291","2","1","3"
"arakoto1","1","2","3"
"Aramis65","1","2","3"
"ARandumGuy42","2","1","3"
"AraO","2","1","3"
"Arascagli","1","2","3"
"araserra","2","1","3"
"Arash192A","1","2","3"
"arashdizavandi","1","2","3"
"Arashshirizadeh1389","1","2","3"
"arav_das","1","2","3"
"aravbhasin","2","1","3"
"Aravind2008","2","1","3"
"Aravindaraj1703","2","1","3"
"Arcen55","2","1","3"
"Arch1ch","2","1","3"
"Arch1m3d3s","2","1","3"
"arch5368","2","1","3"
"archen7_7","1","2","3"
"Archibald1e","2","1","3"
"Architbagaria","2","1","3"
"archmancity","2","1","3"
"arcnaka","2","1","3"
"Arcosaaz","1","2","3"
"Arctic1949","2","1","3"
"Arczibaldus","2","1","3"
"Ard78901","1","2","3"
"ardasen2000","1","2","3"
"ArdaTheChessPlayer","1","2","3"
"Ardenatik","2","1","3"
"Ardianch","2","1","3"
"ardiyana","1","2","3"
"Areala19","2","1","3"
"arebec","1","2","3"
"ARedPikmin","1","2","3"
"areeb-h-qureshi","1","2","3"
"arefyanni","1","2","3"
"Areke123","1","2","3"
"Ares_w","1","2","3"
"AREVIK05","1","2","3"
"arfath123","2","1","3"
"ArfurR4","2","1","3"
"Arg2001","1","2","3"
"ArGen1963","2","1","3"
"Argeros","1","2","3"
"ArGo-androidDev","1","2","3"
"ArgonLaub","1","2","3"
"ARGOS1020","1","2","3"
"argunkara","1","2","3"
"Arham3072013","1","2","3"
"arhangel369","2","1","3"
"ari2501","2","1","3"
"Ariaazizi12","2","1","3"
"ariale2019","1","2","3"
"ariale28","1","2","3"
"arian_2006","2","1","3"
"ArianaBacojo","1","2","3"
"ArianFranca","2","1","3"
"Aricats","1","2","3"
"AriEimany","2","1","3"
"Ariel214","1","2","3"
"Arielelunico","2","1","3"
"ariest","1","2","3"
"Ariez77","2","1","3"
"Arifemil17","2","1","3"
"AriffAzri","2","1","3"
"Arifhariyal","2","1","3"
"arifv216kafkas","1","2","3"
"arijeetshome","2","1","3"
"Arik_B","2","1","3"
"arikado969","1","2","3"
"arina_golubeva","1","2","3"
"Arina23102015","2","1","3"
"Arina817","1","2","3"
"ArinaAoA","1","2","3"
"arinaboaug","1","2","3"
"ArisinSergey","1","2","3"
"aristo7878","1","2","3"
"Aritmal","2","1","3"
"Aritro_saha_01","1","2","3"
"ariubarzan","2","1","3"
"Ariuntur","2","1","3"
"Ariya_iran_1395","1","2","3"
"ariya_m","1","2","3"
"ariya230","2","1","3"
"Ariyachabaz","1","2","3"
"arj100","1","2","3"
"Arjuman8080","2","1","3"
"Arjun_0826","1","2","3"
"Arjun-PCC","1","2","3"
"arjun1206","2","1","3"
"arjunchess121","2","1","3"
"Arkaathreya1","1","2","3"
"ArkadyG","1","2","3"
"Arkaido","1","2","3"
"arkham210151","1","2","3"
"ArkiT","1","2","3"
"Arlan_hikaru","1","2","3"
"Arlekin0","2","1","3"
"Arlimag","1","2","3"
"arlimikhail","1","2","3"
"arlind97","1","2","3"
"ARlopex","1","2","3"
"arlouper","1","2","3"
"ARMADILO25","2","1","3"
"ArmaHigher","2","1","3"
"Arman_Mohajeri","2","1","3"
"ArmandoMarcos","1","2","3"
"armandukas","1","2","3"
"Armanproxd","2","1","3"
"armb85","1","2","3"
"Armeev_S1","2","1","3"
"ArmenChessking2020","1","2","3"
"Armenha","1","2","3"
"Armin_rs","1","2","3"
"armpepo","2","1","3"
"ArmstrongMC","1","2","3"
"Army_Kolesnikow","1","2","3"
"arnabmaiti","2","1","3"
"ArnadeepHati","1","2","3"
"ArnavPavuluri29","1","2","3"
"Arnikaman","1","2","3"
"Arnis2","2","1","3"
"ArnoldManjonjo","2","1","3"
"Arnoldno","2","1","3"
"arnonolimpio","1","2","3"
"Arnous","2","1","3"
"Arnur20113","2","1","3"
"arolmarios","1","2","3"
"Aromasin","1","2","3"
"arprado","2","1","3"
"Arqayic-Arqa","1","2","3"
"Arquitecte","1","2","3"
"ArRahane03","2","1","3"
"arriegua","1","2","3"
"Ars_Hernandez","1","2","3"
"arsam110","1","2","3"
"Arsenal1988","2","1","3"
"Arsencho2014","1","2","3"
"Arseni11111","1","2","3"
"Arsenii_Savelev","2","1","3"
"arsenio59","1","2","3"
"Arseniy_Zverev2015","1","2","3"
"Arseniy1221","1","2","3"
"arseniyromanko","2","1","3"
"arsentiu","2","1","3"
"Arseny159","1","2","3"
"ArsenyShch","1","2","3"
"arsh671","2","1","3"
"Arshad1992","2","1","3"
"ArshaShahidi","1","2","3"
"Arshavirazzzgmail9","1","2","3"
"Arshed","1","2","3"
"arsheia92","1","2","3"
"arshiyamazaheri","1","2","3"
"arslan_yousef21","1","2","3"
"Arslan0606","2","1","3"
"arslan65","2","1","3"
"Arslanchess123","1","2","3"
"Art6611","1","2","3"
"artan1052","2","1","3"
"artandshow","2","1","3"
"artaseyedabadi","1","2","3"
"artAva","2","1","3"
"artbenjamin","1","2","3"
"artefactSADroid","1","2","3"
"Artefgh","2","1","3"
"ArtekSz1986","1","2","3"
"ARTELA","1","2","3"
"Artem_2802","2","1","3"
"Artem_Bel_2015","2","1","3"
"artem_lion","1","2","3"
"Artem_N_2013","2","1","3"
"Artem_R32","2","1","3"
"artem_tarasov208","1","2","3"
"Artem_Vasylchenko","2","1","3"
"Artem-17","1","2","3"
"Artem-engine","2","1","3"
"Artem-Volkov","2","1","3"
"Artem1026","1","2","3"
"Artem41","1","2","3"
"Artem8721","1","2","3"
"ArtemAgapitoff","2","1","3"
"ArtemAtamanski","2","1","3"
"Artemdongurool","2","1","3"
"ArtemFurletov","2","1","3"
"ArtemG03","2","1","3"
"artemi","2","1","3"
"Artemis560","1","2","3"
"artemiy_suk2010a","1","2","3"
"Artemka_14","1","2","3"
"ArtemLitvinov69","2","1","3"
"artemrabcev1","2","1","3"
"artemsergeevich","2","1","3"
"ArtemTrunin","2","1","3"
"ARTHUR_ARE","1","2","3"
"Arthur_Dmitriev","1","2","3"
"Arthur_MPN","1","2","3"
"Arthur_rz","2","1","3"
"Arthur_Xian","1","2","3"
"ArthurausNuernberg","1","2","3"
"ArthurMongol","2","1","3"
"artikelsida12","1","2","3"
"artin394","2","1","3"
"Artjom_85","2","1","3"
"artman1","1","2","3"
"ArtNY","2","1","3"
"Artstoun","1","2","3"
"artur_Iskandarov","2","1","3"
"Artur_Lebedinskiy","1","2","3"
"Artur543","2","1","3"
"arturbalasyan10","2","1","3"
"arturchess2021","1","2","3"
"arturfw","1","2","3"
"arturiglesias","1","2","3"
"Arturo-H","1","2","3"
"Arturo18_xd","1","2","3"
"ArturoAr","2","1","3"
"arturogatti","1","2","3"
"arturvarazdat","1","2","3"
"artyomiy","2","1","3"
"ArtyomSem","2","1","3"
"ArtyomZakhar","1","2","3"
"aruhyasathu","1","2","3"
"arulst","2","1","3"
"arunhorti2019","1","2","3"
"Arunkumar12345678","1","2","3"
"arunkumar789","1","2","3"
"ArunkumarSiddharth","2","1","3"
"arunp46","2","1","3"
"arustamyan_04","1","2","3"
"Arustides","1","2","3"
"Arvin-Y","1","2","3"
"arvind0103","1","2","3"
"arvindnat111","1","2","3"
"Arvinmanganohoy","2","1","3"
"Arwen25","1","2","3"
"aryadefne","2","1","3"
"Aryafira","2","1","3"
"AryamRinawa","2","1","3"
"Aryanccs","1","2","3"
"aryanimfaro","1","2","3"
"Aryankarade","2","1","3"
"aryansingh2023","2","1","3"
"AryanSoni0510","1","2","3"
"Aryanzad","1","2","3"
"ARYES7","2","1","3"
"Aryshh","2","1","3"
"aryssonc","1","2","3"
"as_Above_so_Below_Be","1","2","3"
"as_suli","2","1","3"
"Asaast","2","1","3"
"asabb","2","1","3"
"asadpour1356","1","2","3"
"AsafErdem","2","1","3"
"asala7","1","2","3"
"asapthink99","1","2","3"
"asari1960","1","2","3"
"asasdasfasfas","1","2","3"
"asawanibadalee","1","2","3"
"asbelgrano","1","2","3"
"Asbt1977","1","2","3"
"ascen5","2","1","3"
"ASCH1","2","1","3"
"ASD_Beren","2","1","3"
"ASD_ELiFCEMRE","2","1","3"
"ASD_Selim","2","1","3"
"asdcastle","1","2","3"
"ASDF1480","1","2","3"
"asdfgjklmbv","1","2","3"
"asdfzkt13","2","1","3"
"asedat","2","1","3"
"aseke2016","1","2","3"
"asemene","1","2","3"
"Asen212","1","2","3"
"asesino06","2","1","3"
"Asezards","1","2","3"
"asghari56","2","1","3"
"ASH_Loki","2","1","3"
"Ash_Seed","2","1","3"
"ASHE008","1","2","3"
"ASHE027","1","2","3"
"ASHE028","1","2","3"
"Ashen1_One1","2","1","3"
"asher_khaimovsky","2","1","3"
"ashez2ashez","2","1","3"
"AshikaPriya","2","1","3"
"Ashish_1-pal","1","2","3"
"ashishkumar7","2","1","3"
"ashishsingh8860","1","2","3"
"ashkan_1386","1","2","3"
"ashkan5","1","2","3"
"Ashmit3728H","1","2","3"
"ashotae78","1","2","3"
"ashrafkassem20032003","1","2","3"
"Ashrf2023","2","1","3"
"Ashrithamandhapuram","2","1","3"
"ashuboy18","2","1","3"
"ashutoshgupta23","2","1","3"
"AshwanHold","1","2","3"
"ashwanigupta4362","1","2","3"
"Ashwath2023","2","1","3"
"AshwathAchu","2","1","3"
"ashwatthama-001","2","1","3"
"Ashwinjune27","2","1","3"
"asicl","1","2","3"
"AsierDM","2","1","3"
"Asif31415","1","2","3"
"Asigno","1","2","3"
"ASIPHE-OG","1","2","3"
"Asish9022","2","1","3"
"asitek54","1","2","3"
"Askance","2","1","3"
"Askhadulin1975","1","2","3"
"asklit","2","1","3"
"askriazuddin","2","1","3"
"asl111","1","2","3"
"Asl83","1","2","3"
"Aslan_Kral_48","1","2","3"
"aslan_ylmz-33","1","2","3"
"aslanli-aslan","1","2","3"
"ASlasinov","2","1","3"
"Asllanaj","1","2","3"
"asmaa2011","2","1","3"
"asmalitunelpera","1","2","3"
"Asmat1402","2","1","3"
"Asmelnis","2","1","3"
"asni2015","2","1","3"
"Aspermoon098775994","1","2","3"
"aspob","1","2","3"
"asrzuq23","2","1","3"
"Assanali-Gabriele66","2","1","3"
"assassinJO","1","2","3"
"assdeda","1","2","3"
"AssemZero","2","1","3"
"Assensi","1","2","3"
"Asshwin21","1","2","3"
"asskar","1","2","3"
"astenast","2","1","3"
"asteriskjuno","2","1","3"
"Asthikchess","1","2","3"
"Astoor","2","1","3"
"AstralMagic","1","2","3"
"AstroGunther","2","1","3"
"astronoma","2","1","3"
"astya-s-m","2","1","3"
"asullivan1924","1","2","3"
"asuranceturix550","1","2","3"
"ASvintsova","1","2","3"
"ASWINVUP","2","1","3"
"asxetosb","1","2","3"
"asyl20157","2","1","3"
"Asyraf_OnePiece","1","2","3"
"AT2022","2","1","3"
"ataakuzum","1","2","3"
"atabegov","2","1","3"
"Atai0007","1","2","3"
"atak123_12","2","1","3"
"ataka23","2","1","3"
"atakan00k","2","1","3"
"atanamayanfilozof","1","2","3"
"Atanasyan","1","2","3"
"Atanjibaby","2","1","3"
"Atefeh_jvn","2","1","3"
"Atefnade","1","2","3"
"atercero","1","2","3"
"AtGmailDotCom","2","1","3"
"Atharv_01","2","1","3"
"atharv_trivedi","2","1","3"
"Atharv3003","2","1","3"
"Atharva2023","1","2","3"
"athena27626","2","1","3"
"Athithiya_N","1","2","3"
"AthlasLaMenace","1","2","3"
"Athreyu","2","1","3"
"athziros","2","1","3"
"ATIBULUT99","1","2","3"
"ATIC_DL","1","2","3"
"atikcaglar","2","1","3"
"AtillaOnen","1","2","3"
"Atiq9925","1","2","3"
"atitecasco","2","1","3"
"atjallday","2","1","3"
"Atlasdurak2018","2","1","3"
"ATMUMBEY","2","1","3"
"atnnali","1","2","3"
"atom_msuuryr","2","1","3"
"Atom80","2","1","3"
"aTom890","2","1","3"
"Atomemmy","2","1","3"
"ATOMICKCS","1","2","3"
"atomych","2","1","3"
"atreyu_arsen","2","1","3"
"AttackingTal1","1","2","3"
"attila63","1","2","3"
"Atzenkalle","1","2","3"
"Atzucac","1","2","3"
"Aube10","2","1","3"
"aubreyloha","1","2","3"
"AuCo2","1","2","3"
"audan","2","1","3"
"audi20","2","1","3"
"Audi21","2","1","3"
"Audingo","1","2","3"
"audolfo-calero","2","1","3"
"Audrey_web","1","2","3"
"Augsburger44","2","1","3"
"August_Lenz","2","1","3"
"Augustin2012","2","1","3"
"Augusto_17","2","1","3"
"augustus747","2","1","3"
"Auksh","1","2","3"
"Aurelius_01","1","2","3"
"Aurril","1","2","3"
"Ausnhalpost","1","2","3"
"austings","1","2","3"
"Autilia","1","2","3"
"Auxibsac","1","2","3"
"Av_7516","2","1","3"
"AV110","1","2","3"
"AV14","2","1","3"
"AV39","1","2","3"
"AV55","1","2","3"
"Ava-lor","2","1","3"
"ava85","2","1","3"
"Avalon_1986","2","1","3"
"Avalon66","1","2","3"
"Avan1sh","2","1","3"
"Avantyurist34","1","2","3"
"avarax","2","1","3"
"avargovic7","1","2","3"
"AVBH","2","1","3"
"avbokhan","2","1","3"
"avbtrade","2","1","3"
"Avci_57","2","1","3"
"avdalia-301","1","2","3"
"Avdoga_1990","2","1","3"
"aveevu","1","2","3"
"avelinopvh","1","2","3"
"avemuries","1","2","3"
"Aveng","1","2","3"
"AvenRick","1","2","3"
"AVENTINO","2","1","3"
"Aventuryry","1","2","3"
"average_supernova","2","1","3"
"avershova","2","1","3"
"Avery_li12345","1","2","3"
"avezfenix1007","2","1","3"
"Avgusto2000","1","2","3"
"avidha17","2","1","3"
"aviillouz","2","1","3"
"Aviral28","2","1","3"
"Avision366","1","2","3"
"avlis_t","2","1","3"
"Avni_Gupta_8x8","1","2","3"
"AvniSharma08","2","1","3"
"Avo1975","1","2","3"
"Avotiana","2","1","3"
"Avotrasina","2","1","3"
"avrunez","1","2","3"
"avstar2006","1","2","3"
"avtolom-777","2","1","3"
"AvUygar","2","1","3"
"Avyaan23","2","1","3"
"awad20102020cc","1","2","3"
"Awana-X","1","2","3"
"AWFAawfa","2","1","3"
"Awin2","1","2","3"
"Awish02","1","2","3"
"awwad88","1","2","3"
"Axal_18","2","1","3"
"Axay_2929","2","1","3"
"Axel_Yael","2","1","3"
"axel123axel","1","2","3"
"axel1702","1","2","3"
"axela","2","1","3"
"Axelsm","2","1","3"
"axelus","2","1","3"
"Axi-Aier","1","2","3"
"axiomattik","1","2","3"
"Axiomius","1","2","3"
"Axjain","2","1","3"
"axmed1213","1","2","3"
"axpx","2","1","3"
"axyst","1","2","3"
"ay1952","1","2","3"
"Ay7agA22","2","1","3"
"aya-diary","2","1","3"
"Ayaan1805","1","2","3"
"ayaan54321","1","2","3"
"Ayabulela02","1","2","3"
"ayakkali","1","2","3"
"AyamPitik","1","2","3"
"ayan21","2","1","3"
"AyanAli2009","1","2","3"
"Ayanami_Yokimura","2","1","3"
"Ayandiswa","1","2","3"
"Ayannn04","2","1","3"
"Ayatullah","1","2","3"
"ayaz_13","1","2","3"
"Aybarsss16","1","2","3"
"Aydin_43","1","2","3"
"AYGUN77","2","1","3"
"Ayhanbaba33","1","2","3"
"ayhanctin","2","1","3"
"Aykara","2","1","3"
"ayko_bavi","2","1","3"
"aykudkodaman","1","2","3"
"Aylinkarimi","1","2","3"
"aylolazez12","1","2","3"
"AymanAbdelkhalek46","1","2","3"
"aymenaimen","1","2","3"
"ayoprei","2","1","3"
"Ayoub_Mg8","1","2","3"
"Ayoun124","2","1","3"
"AYRX","1","2","3"
"ayse_m","2","1","3"
"aysell98","1","2","3"
"aysha_23","2","1","3"
"ayshan1392","2","1","3"
"aysnn","1","2","3"
"AyTrow","1","2","3"
"aytunccaca","2","1","3"
"AYUHSEMUA","1","2","3"
"Ayukta","2","1","3"
"Ayur91193938328","2","1","3"
"Ayush336","1","2","3"
"AyushAgar","2","1","3"
"ayushdwivedi_19","1","2","3"
"aYUSHgm","1","2","3"
"AyushmaanKS","1","2","3"
"Ayyagari","1","2","3"
"azalou","1","2","3"
"Azamat_Omurzakov","2","1","3"
"Azamat20130","1","2","3"
"azat8888","1","2","3"
"azattott","2","1","3"
"azeesazeez","1","2","3"
"azhermaqsood","2","1","3"
"Aziko_S","1","2","3"
"azinovich","1","2","3"
"Aziz1212","2","1","3"
"azizdaniel","2","1","3"
"azizel","1","2","3"
"azizli1995","2","1","3"
"azizonemli","2","1","3"
"Azo503","2","1","3"
"AZONIX3","1","2","3"
"azriaz","1","2","3"
"Azuz997","1","2","3"
"azzurriakc","1","2","3"
"B_Lalith","2","1","3"
"B_Miroslav","1","2","3"
"B032210475","1","2","3"
"B0bat","1","2","3"
"b0chetina","1","2","3"
"B0L3K","2","1","3"
"b0rg","1","2","3"
"B0risAntonkin","2","1","3"
"b12i4i3i3oo3_124","2","1","3"
"b14473","1","2","3"
"B181908","1","2","3"
"b1aze_x3","2","1","3"
"b1gode","1","2","3"
"B4_Dark","2","1","3"
"b4jsk","1","2","3"
"B4kt","2","1","3"
"B4rny01","1","2","3"
"ba_creative","2","1","3"
"baa55","1","2","3"
"baaraabaakaa","2","1","3"
"Baarzinho","2","1","3"
"baba412","1","2","3"
"Babafunke","1","2","3"
"babakd177","2","1","3"
"Babatunde-3","2","1","3"
"babel39","1","2","3"
"baberuth1333","1","2","3"
"Babesedgar","1","2","3"
"babka_v_kedax59","2","1","3"
"Babkrani","2","1","3"
"BabrikKhan","1","2","3"
"Babulay","1","2","3"
"Babyangie2013","1","2","3"
"babycool","1","2","3"
"babydoc","2","1","3"
"babyfox12","2","1","3"
"BabyGotZach","1","2","3"
"Babysharkdodo12","1","2","3"
"babzo","1","2","3"
"baccidog","2","1","3"
"Bach1685","2","1","3"
"Back-Man","1","2","3"
"Backdedudes","1","2","3"
"BackRankMatey","2","1","3"
"BackToIt","2","1","3"
"bacumb","1","2","3"
"Bad_chess_of_all","2","1","3"
"Bad_player_Network","1","2","3"
"Bad_Santa","2","1","3"
"BAD7AF","1","2","3"
"badalhalder","1","2","3"
"BadApe7","1","2","3"
"BadBeat2007","2","1","3"
"BadBishopAgain","2","1","3"
"badboybadongo","2","1","3"
"BadCyclist","2","1","3"
"BadDan96","1","2","3"
"bader96","1","2","3"
"badgerbank","2","1","3"
"Badir84","1","2","3"
"badisodax","2","1","3"
"badjobpeople","2","1","3"
"badmintonpro","2","1","3"
"badr2800","1","2","3"
"Badshah_1335","2","1","3"
"badtommygun","2","1","3"
"bae47","1","2","3"
"Baebbfish","1","2","3"
"BaelDozer","1","2","3"
"BaeSacred","2","1","3"
"Baffled1985","1","2","3"
"bag3","1","2","3"
"Baggy32","2","1","3"
"BagnusMarlsen","1","2","3"
"baha_iayadeh","1","2","3"
"bahaa28","1","2","3"
"bahadirbozcan09","2","1","3"
"Baharaja","1","2","3"
"bahl1","1","2","3"
"BahleM","1","2","3"
"bahman_nedaee","2","1","3"
"Bahoz56","2","1","3"
"BaHRaAm19","2","1","3"
"bahtiyar73","2","1","3"
"BAIKAL_33","1","2","3"
"Baikal304","2","1","3"
"Bair83","1","2","3"
"Baiterz","1","2","3"
"Bajajova","1","2","3"
"bajjer","1","2","3"
"BaJluDoJl","2","1","3"
"bajramramadani","2","1","3"
"bajrangibhaijaan","2","1","3"
"BakerABuSammour","2","1","3"
"Bakhytzhan11","1","2","3"
"Baki-Chix","1","2","3"
"baki352","2","1","3"
"Bakin_D","2","1","3"
"bakster123321","1","2","3"
"Baktess","2","1","3"
"bakuganchess","1","2","3"
"Bakytzhan14","1","2","3"
"BALA3579","1","2","3"
"BalagAl","2","1","3"
"balaji1g","1","2","3"
"Balaji8940","1","2","3"
"BALAJIradhika","2","1","3"
"Balapragath","2","1","3"
"balaroshan","2","1","3"
"Balda59","1","2","3"
"baldac","1","2","3"
"Bali56","1","2","3"
"ballboy","2","1","3"
"Baltimorx","1","2","3"
"bambaracao56","1","2","3"
"Bambelb","2","1","3"
"bamend","2","1","3"
"Bamgan","1","2","3"
"Bami_goreng","1","2","3"
"Bamovec","2","1","3"
"bananaecki123","2","1","3"
"BananaMark","2","1","3"
"Bananarama_1988","2","1","3"
"banaycoNyr","1","2","3"
"bandarchess","2","1","3"
"bandenbub","2","1","3"
"BandoleroCanta","1","2","3"
"Banerjee2015","2","1","3"
"Bangladesh247","1","2","3"
"Bangtutr","1","2","3"
"Baniquedmon","2","1","3"
"Bankovkot","1","2","3"
"bannakaffalatta2","2","1","3"
"banteks","2","1","3"
"Bantham","2","1","3"
"Bao_gio","2","1","3"
"Baobalb","2","1","3"
"baolam2013thks","1","2","3"
"baonguyen001","2","1","3"
"BaoNhat","1","2","3"
"baopro050220122","1","2","3"
"Baoqtausn","1","2","3"
"Bapatbhush","2","1","3"
"Bar1sz","2","1","3"
"bar48_chess-16","1","2","3"
"BarackT437","1","2","3"
"barakobamov","1","2","3"
"baran_2023","1","2","3"
"BaranCidan","1","2","3"
"Barba_Madjiev","2","1","3"
"Barbaboia","1","2","3"
"barbara_delaiglesia","1","2","3"
"BarbaraA2013","1","2","3"
"BarbaraPL","1","2","3"
"barbaroskaya","1","2","3"
"BARBIAN","1","2","3"
"barbosahumberto","1","2","3"
"bardia12345678","1","2","3"
"Bardin25Sasha","2","1","3"
"BarelyLegalPawn","2","1","3"
"Barettista","1","2","3"
"Bargyev_Iskhak","2","1","3"
"Barikaoussama","2","1","3"
"Baris_15","1","2","3"
"barisdrg","2","1","3"
"Barkuss59","1","2","3"
"BarnaSasha","2","1","3"
"Barnone","2","1","3"
"barpetia","2","1","3"
"barranco59","1","2","3"
"barredo0325","2","1","3"
"bars74","1","2","3"
"barsam_hoseini","1","2","3"
"barsam-h","1","2","3"
"Barsamotraghchi","1","2","3"
"Barsyks","2","1","3"
"Bart010","1","2","3"
"Bartek-Szachy","1","2","3"
"bartson","1","2","3"
"baruchgamaliel","2","1","3"
"BarzEinsa","2","1","3"
"barzoe","2","1","3"
"Basa2021","1","2","3"
"Basalingappa","1","2","3"
"basantyHany","2","1","3"
"basel_saad99","1","2","3"
"Baselmohammad1992","2","1","3"
"bashaer19","2","1","3"
"BasHaki","1","2","3"
"basheeer","1","2","3"
"Basheer_ln","2","1","3"
"Basibayo","2","1","3"
"basiljobin2015","1","2","3"
"basilmattathil","1","2","3"
"basimbolis","2","1","3"
"basir24","2","1","3"
"BASITBC02","2","1","3"
"BaSKeT_BeNDeR","1","2","3"
"BASSAMMALLAH","2","1","3"
"BassemElite01","2","1","3"
"Bassemissa","1","2","3"
"bastek2025","2","1","3"
"Basti1986","2","1","3"
"Bastounounet","2","1","3"
"Basulino","1","2","3"
"bat61","1","2","3"
"batailledepions","2","1","3"
"Batang_Z","2","1","3"
"batanglanao","2","1","3"
"batirmirzaev","1","2","3"
"batistaFabio","1","2","3"
"BatkoBandera","2","1","3"
"Batman1402","1","2","3"
"Batman24812","1","2","3"
"Batnar10","2","1","3"
"Battleborn8","1","2","3"
"Batu005","1","2","3"
"batuhanilker","1","2","3"
"Batuuhanorenn","2","1","3"
"batya2007","1","2","3"
"Batyrbek18","1","2","3"
"Batyrkhan17","1","2","3"
"Baudelairerimbaud","1","2","3"
"Bauer_Mark","2","1","3"
"Bauermeister","2","1","3"
"Bauernopferer90","2","1","3"
"bauersas286","2","1","3"
"Bayanduev","2","1","3"
"baybatir","2","1","3"
"BayelO","2","1","3"
"bayer73","1","2","3"
"BaYgM303","1","2","3"
"BayramovHesen91","2","1","3"
"bayramsu","2","1","3"
"Baz756","2","1","3"
"bazfeed","1","2","3"
"Bazilevski","1","2","3"
"Bazookapool","1","2","3"
"BB1F","1","2","3"
"BBandar","2","1","3"
"Bbarbarossa","2","1","3"
"Bbb11224","1","2","3"
"BBC0051_Khoo_Ian_Poh","2","1","3"
"bbcwo01","2","1","3"
"Bbetter","1","2","3"
"bbfinal","2","1","3"
"bbig_boyys1","1","2","3"
"Bbiplav","2","1","3"
"BBlackburne","1","2","3"
"bbllw","1","2","3"
"bbmr","2","1","3"
"Bboy001","1","2","3"
"BBRWTT","2","1","3"
"bbryce","1","2","3"
"bbustin","1","2","3"
"BCA0106","2","1","3"
"BCC_TranGiaAnh","2","1","3"
"BchessM12","2","1","3"
"bcicek","1","2","3"
"bcwilson_1987","1","2","3"
"Bcz789","1","2","3"
"bdanand17","2","1","3"
"bdanny2","1","2","3"
"Bdas","1","2","3"
"Bde23","1","2","3"
"BdHelal","2","1","3"
"Bdiouf","1","2","3"
"BDnoo","1","2","3"
"Bdougabc","2","1","3"
"BDrop","1","2","3"
"beach72","2","1","3"
"BeanFreeBeansBro","2","1","3"
"bearded_Viking","2","1","3"
"BeaReese","2","1","3"
"beatheo","1","2","3"
"BeAtZ_44","2","1","3"
"beautifuldayagain","1","2","3"
"beautifulwoman","1","2","3"
"BeautywitchAmy","1","2","3"
"Beblawy","2","1","3"
"BEBOPSAX","2","1","3"
"Bebrasnus228","1","2","3"
"Bebrial","1","2","3"
"BECCOHHUCA","2","1","3"
"becker_chess","2","1","3"
"Beckman_007","2","1","3"
"Becky12345678","2","1","3"
"Beco04","1","2","3"
"bedo56","2","1","3"
"beepbooppeebpoob","2","1","3"
"BeeseChurger999","2","1","3"
"beethovenic2006disci","1","2","3"
"BEETRX","1","2","3"
"begginer56764","2","1","3"
"begiece","2","1","3"
"BEHESHT9999","1","2","3"
"behnamtarin","1","2","3"
"behrad2017","2","1","3"
"Behrang_kh","1","2","3"
"behzademami","2","1","3"
"beilesh","1","2","3"
"Bek1955","1","2","3"
"Bekavac","2","1","3"
"BekirBerkAyvalli","1","2","3"
"Bekmuhammad","1","2","3"
"beknur_temir","2","1","3"
"Beksultan_2011","1","2","3"
"Bekzade","2","1","3"
"BekzatY","1","2","3"
"bela_ibrahim","2","1","3"
"belajargiat","2","1","3"
"BELAL-DWIRI-77","1","2","3"
"Belalhossain2323","1","2","3"
"Belalplay200","1","2","3"
"Belbin","2","1","3"
"BELENLOIBA","1","2","3"
"beleth41","2","1","3"
"Belgrano346","1","2","3"
"Bella_14","2","1","3"
"Bella-B23","1","2","3"
"bellahasene","1","2","3"
"Bellatorius","2","1","3"
"BelleEstLaVie","1","2","3"
"Bellemere","1","2","3"
"Belli5","1","2","3"
"beluci-12","2","1","3"
"Bemwa","2","1","3"
"ben_stmartin","2","1","3"
"Ben_The_Bull","2","1","3"
"ben3536","1","2","3"
"benbear","2","1","3"
"benbrason28","2","1","3"
"Bendarymahdy","1","2","3"
"bendycar","2","1","3"
"benegeserit","1","2","3"
"Beneleme","1","2","3"
"Bengal_Dragon","1","2","3"
"Bengio81","1","2","3"
"benhino","2","1","3"
"benimaru2","1","2","3"
"Benitaa1394","2","1","3"
"BenjaminCalderon","2","1","3"
"BenjaminConB","2","1","3"
"benjaminimsi","1","2","3"
"benjaminmc06","1","2","3"
"Benjamintjh","2","1","3"
"benjaminXT238","1","2","3"
"BenjaminZhang","2","1","3"
"Benjaweber","1","2","3"
"Benjence","1","2","3"
"BenjiGR","1","2","3"
"BenjiX","2","1","3"
"benjo77","2","1","3"
"Benlevif","2","1","3"
"Bennis369","2","1","3"
"Bennystiker","1","2","3"
"Benprice104","2","1","3"
"benranz20","2","1","3"
"BenSei79","2","1","3"
"BenTen444","1","2","3"
"Benxie","2","1","3"
"BenyaminR","2","1","3"
"Benz03","1","2","3"
"benzene_chen","2","1","3"
"Benzoylperoxide","1","2","3"
"beorus","1","2","3"
"Bep11s","2","1","3"
"berathalil","1","2","3"
"beraudika","1","2","3"
"berd-il","2","1","3"
"berdax","1","2","3"
"Berdikov_Klim","2","1","3"
"beren-m","1","2","3"
"Bergenknight","2","1","3"
"Beriault","1","2","3"
"BerkAdam","2","1","3"
"berkan15","1","2","3"
"berkanprlk","2","1","3"
"berkaylg","2","1","3"
"berkeakk","2","1","3"
"BerkeEroglu1","2","1","3"
"BerkeWinneRR","2","1","3"
"berkkorkut","2","1","3"
"Bermeo","2","1","3"
"Bernabas9","1","2","3"
"Bernard_H","1","2","3"
"Bernard207","2","1","3"
"Bernard973","1","2","3"
"Bernd_20","1","2","3"
"Bernd2789","1","2","3"
"berndsteinerstauch","1","2","3"
"Bernhardos","2","1","3"
"bernie30","1","2","3"
"berno95","1","2","3"
"BernsUnicon","1","2","3"
"Bersan_44","2","1","3"
"Berserc_228","1","2","3"
"Berserk25","1","2","3"
"Bertamanuelsende","2","1","3"
"bertanyuss","2","1","3"
"Berti","2","1","3"
"Berzerk3000","2","1","3"
"besirhamarat","2","1","3"
"Besrek","2","1","3"
"BestByZest","1","2","3"
"Bestermann123","2","1","3"
"bestieboots","1","2","3"
"bestmom123","1","2","3"
"Bestoldest","2","1","3"
"bestore","1","2","3"
"BESTPLAYERthinn","1","2","3"
"Betalom","2","1","3"
"Beterist","1","2","3"
"Betojake","2","1","3"
"betonOsman","2","1","3"
"betselotaderaw","2","1","3"
"BetterGrabChalk","1","2","3"
"beverleyt","2","1","3"
"bewbew2","2","1","3"
"Bex1","1","2","3"
"BeyondTheHorizon","2","1","3"
"bez_oshibok","2","1","3"
"bezsowesti","1","2","3"
"BFCV89","1","2","3"
"BG1977","1","2","3"
"Bhaaradwaaj","2","1","3"
"bhadhri","2","1","3"
"bhagi018","1","2","3"
"bhaikeri","2","1","3"
"bhaj8","1","2","3"
"Bharadwajakshaj13","2","1","3"
"Bharatakepri_CSI","2","1","3"
"Bharath_27","1","2","3"
"BharathJM","1","2","3"
"Bhargav1980","2","1","3"
"bharmen4","1","2","3"
"bhaumikbansal2","2","1","3"
"Bhavyesh777","1","2","3"
"BheemashankarSatihal","1","2","3"
"Bheese_Churger","2","1","3"
"bhimrao2022","2","1","3"
"BhombdeA","1","2","3"
"bhram1345","1","2","3"
"bhrusson","1","2","3"
"bhumesh_arkal","1","2","3"
"bhupendra190779","2","1","3"
"bhupendrakansara","1","2","3"
"bhushan1988","2","1","3"
"bhushana143","1","2","3"
"BhushanKarodiwal","1","2","3"
"BialyWilk0","2","1","3"
"bibek123physics","1","2","3"
"bibi23","1","2","3"
"bibill44","2","1","3"
"Bibis_hyu","2","1","3"
"bibitbobot","2","1","3"
"bicirikOmer1","1","2","3"
"bidduttt","2","1","3"
"biddylova","2","1","3"
"Bienvenido_1","2","1","3"
"Bierdimpfel","1","2","3"
"biermaster","1","2","3"
"BierVorVier","2","1","3"
"biffathegreat1","1","2","3"
"Big_Bobby_Go","1","2","3"
"big_boldyan","1","2","3"
"Big-Big-Bull","2","1","3"
"big31","1","2","3"
"bigbra1n777","2","1","3"
"BigBro1234","2","1","3"
"BigChibba","2","1","3"
"BigDadWolff","1","2","3"
"BIGDEMON6987","1","2","3"
"BigDogue","1","2","3"
"BigDreamer_CCA","1","2","3"
"BigGar","2","1","3"
"Biggdoggc","2","1","3"
"BigGravy52","1","2","3"
"bigkonstantinius88","2","1","3"
"BIGKUSHLASAGNE","1","2","3"
"bigmilky2020","1","2","3"
"BigMoneyM","1","2","3"
"Bigooooooooo","1","2","3"
"BigPawn88","1","2","3"
"BigPlantGuy86","1","2","3"
"BigPlayRJ","1","2","3"
"BigSlothPepe","1","2","3"
"Bigtime_Tommy","1","2","3"
"bijoykannur","1","2","3"
"Bikbaev_Bulat","2","1","3"
"bikiche","2","1","3"
"bila09","2","1","3"
"Bilal0606","1","2","3"
"bilalalakus","2","1","3"
"BilalB","1","2","3"
"bilge91","1","2","3"
"bilhard_123","1","2","3"
"bilibini","1","2","3"
"bilkentankara","2","1","3"
"billbilski","1","2","3"
"billi-bob","2","1","3"
"billionaire_87","2","1","3"
"BillisCasus","2","1","3"
"billuk143","1","2","3"
"billy2step","1","2","3"
"Billy68","1","2","3"
"Billybobjoe4228","2","1","3"
"BillyGordony","2","1","3"
"BillyHart","2","1","3"
"billymoon","1","2","3"
"Billythekiid","2","1","3"
"BimBim30","2","1","3"
"binewa","2","1","3"
"bingo1234","1","2","3"
"Bingo2828","2","1","3"
"bingotrold","1","2","3"
"bini1964","1","2","3"
"BinkzBooze","2","1","3"
"Bino-Pt","2","1","3"
"binwah","1","2","3"
"bio1486","1","2","3"
"BipedLobster","1","2","3"
"bircirak","2","1","3"
"birdshht","2","1","3"
"Birdy791","2","1","3"
"birtekguney","1","2","3"
"Biruchka","2","1","3"
"birzhan65","1","2","3"
"BishNoot","2","1","3"
"bishop-pin","2","1","3"
"bishop-rook22116","2","1","3"
"Bishop05","2","1","3"
"BishopR59","2","1","3"
"BishopTower","1","2","3"
"BishopTrobb","1","2","3"
"BishopVSPawn","2","1","3"
"Biton","1","2","3"
"Bittu2022","2","1","3"
"BizEthicS27","1","2","3"
"bizzle21","1","2","3"
"bizzy101","1","2","3"
"bizzylizzy","2","1","3"
"Bjford","1","2","3"
"bjkartal35","2","1","3"
"bjorli","1","2","3"
"BjornarM","2","1","3"
"BjornHolter","2","1","3"
"Bkighg","1","2","3"
"bkrblbn","1","2","3"
"bkrkrm","2","1","3"
"bkumar1374","1","2","3"
"BL_Ribeiro","2","1","3"
"Bl0w","2","1","3"
"Black_Cat_Chess","2","1","3"
"Black_Eagle_1903","2","1","3"
"black_rat_1","1","2","3"
"Black-Assasin_2","2","1","3"
"BlackArt","1","2","3"
"blackblizzard","2","1","3"
"blackbruine","2","1","3"
"Blackburn-Beer","1","2","3"
"BlackburnRocks","1","2","3"
"BLACKBURST","1","2","3"
"blackchess69","1","2","3"
"Blackcrosswhite","1","2","3"
"Blackdou80","1","2","3"
"Blackermj","1","2","3"
"blackknightlelouch","2","1","3"
"blacklen5353","2","1","3"
"blackmathota","1","2","3"
"BlackOfficer","1","2","3"
"blackonyx2005","2","1","3"
"blackpawntm","1","2","3"
"BlackSavi0r","1","2","3"
"BlackSeriousAlien","1","2","3"
"blacktear01","1","2","3"
"Bladesofdeimos","1","2","3"
"bladveger","2","1","3"
"Blake53","2","1","3"
"blakecsfit","2","1","3"
"BlakeV10","1","2","3"
"blakew6464","2","1","3"
"Blashko82","2","1","3"
"Blaskater","2","1","3"
"blasmatias1579","1","2","3"
"BLATNOI35","2","1","3"
"Blauw_Chess","2","1","3"
"Blazendonuts","2","1","3"
"Bleakson","1","2","3"
"BlearyEyedBlairy","1","2","3"
"Bledstaz","1","2","3"
"bledzva","2","1","3"
"BlessingIsHere","2","1","3"
"bleybr","1","2","3"
"blibop","2","1","3"
"blibopskiy","2","1","3"
"Blikks","1","2","3"
"BlindDope","2","1","3"
"blindduffman","1","2","3"
"BlindMilker","2","1","3"
"BlinkAndDontMiss","1","2","3"
"blinow","2","1","3"
"BlitoIC","2","1","3"
"blitzbattles","1","2","3"
"blitzchampion02","2","1","3"
"BlizZz31","2","1","3"
"blmz_21","1","2","3"
"Blodinzcky","1","2","3"
"blohclabv02","2","1","3"
"bloksisss","1","2","3"
"blonintello","1","2","3"
"bloopyshot2","1","2","3"
"Bloque29","2","1","3"
"blqnk","2","1","3"
"blrd","2","1","3"
"bltroyer","1","2","3"
"blubb","2","1","3"
"bludhail","2","1","3"
"blue_fig","1","2","3"
"blue_philia","2","1","3"
"blueAppleW","1","2","3"
"blueglow","2","1","3"
"blueknightredknight","2","1","3"
"Blueligh","1","2","3"
"Bluemoon1","2","1","3"
"bluetime3","1","2","3"
"bluetroops","2","1","3"
"Blumenwiese1991","1","2","3"
"blundeller","2","1","3"
"blunder_machine2448","2","1","3"
"blunder_ordinary","1","2","3"
"BlunderBigOrGoHome","2","1","3"
"blunderedmilady","2","1","3"
"BlunderfulDelight","2","1","3"
"blundering-knight","1","2","3"
"blunderwunder420","1","2","3"
"blunkersen","2","1","3"
"blupaw","2","1","3"
"blusafir_21","1","2","3"
"Blutprobengott","2","1","3"
"bluzman","1","2","3"
"blyadovski","2","1","3"
"BlyskawicznaKasia","2","1","3"
"bmill084","2","1","3"
"bmilliat","1","2","3"
"bmox09","2","1","3"
"BMW_Bay_Kemal","1","2","3"
"bnmreddy","1","2","3"
"Bo4630","1","2","3"
"BOADICEE-90","2","1","3"
"board2016","1","2","3"
"BoaVila","2","1","3"
"bob8y69","1","2","3"
"BOBAH007","1","2","3"
"Boban1001","1","2","3"
"Bobandjim","2","1","3"
"bobanpetrovic","2","1","3"
"bobby-abitbol","1","2","3"
"BobbyDash","2","1","3"
"Bobbyf23","2","1","3"
"BobbyFiiischer","1","2","3"
"BobbyMurphy69","2","1","3"
"BobbyPG","1","2","3"
"bobbytassello","1","2","3"
"bober5555","2","1","3"
"BOBESCO","2","1","3"
"Bobinio","2","1","3"
"BobKQA","2","1","3"
"BobLam","1","2","3"
"bobots","1","2","3"
"Bobq0","1","2","3"
"bobrikdobr","2","1","3"
"bobsonstu","2","1","3"
"bobthebutterfly12","2","1","3"
"Bobur0201","2","1","3"
"Boburkhann","1","2","3"
"bobysathva","1","2","3"
"Bocho54","2","1","3"
"bocker4","1","2","3"
"Bod9","2","1","3"
"Boda15","1","2","3"
"bodisalah222","1","2","3"
"bodiwed440","2","1","3"
"body1992","1","2","3"
"boer2013","2","1","3"
"Bof173","1","2","3"
"Boffio","2","1","3"
"bofsworld","1","2","3"
"bogarde79","2","1","3"
"Bogdan_kip","1","2","3"
"Bogdan-Meduric","1","2","3"
"bogdanmelnik02","1","2","3"
"BogdanSerbakov","2","1","3"
"Bogi04","2","1","3"
"bogulyobob","1","2","3"
"Bogus-Altay","1","2","3"
"BoHBoH1","1","2","3"
"bohjo","2","1","3"
"boiboichess2016","2","1","3"
"boisterousbaby","1","2","3"
"Boity","2","1","3"
"Bojochess","1","2","3"
"Bokone","1","2","3"
"Bokov98","2","1","3"
"bokprae","2","1","3"
"boktowers","2","1","3"
"bokul","1","2","3"
"bol_ul_dol","2","1","3"
"Bolat_Zharbulov","2","1","3"
"bolatharwat","1","2","3"
"bolborados","1","2","3"
"Bolchevique2021","2","1","3"
"bolek24","1","2","3"
"bolingoo","2","1","3"
"Bolorerdene_boogii07","2","1","3"
"Bolotbek1960","1","2","3"
"Bolotov_Daniil","2","1","3"
"boluteephe","2","1","3"
"bombakabadboy","1","2","3"
"BoMBaSticMasR","2","1","3"
"BomKid","2","1","3"
"BomoTheGreat","2","1","3"
"bompipi95","1","2","3"
"bonadin_jember","2","1","3"
"Bonberyte","1","2","3"
"Bondtrader","2","1","3"
"bondying","2","1","3"
"Bonichess40","1","2","3"
"bonkers","2","1","3"
"BonkyBinky","1","2","3"
"boogieman2","1","2","3"
"BooM_Kiev","2","1","3"
"bootscity","2","1","3"
"bootsycatfishcollins","1","2","3"
"Boox","1","2","3"
"Bora14","2","1","3"
"BoratfromKazakhstan","2","1","3"
"borea17","1","2","3"
"BoredConquerer101","2","1","3"
"borgov71","2","1","3"
"BorHung","2","1","3"
"Boriii","1","2","3"
"BorinMichael","2","1","3"
"Boris2108","2","1","3"
"BorisLvovich","1","2","3"
"BorisT1988","1","2","3"
"BorisThe12th","1","2","3"
"BorisZib","1","2","3"
"borja_gc","1","2","3"
"Borkov_Mark","1","2","3"
"bornabakar2","1","2","3"
"bornapetra","2","1","3"
"borruu","2","1","3"
"borsi79","1","2","3"
"borthek","2","1","3"
"borussia09d","1","2","3"
"borys-p","1","2","3"
"bosalah","2","1","3"
"Bosoye","2","1","3"
"Bosstate21","2","1","3"
"bosunma","1","2","3"
"Botan13","2","1","3"
"botijuanan","2","1","3"
"BoTinkles","1","2","3"
"botkinaleksandr","1","2","3"
"BottomGuns","2","1","3"
"bouddha2018","1","2","3"
"boudika","1","2","3"
"Bounymaino","1","2","3"
"bouzid_BenAmmar","2","1","3"
"BOXER_one","2","1","3"
"Boxer4ik","1","2","3"
"Boy369934","1","2","3"
"BoyanTsvetkov","1","2","3"
"boykidpillow","1","2","3"
"Boz2","1","2","3"
"bozobre","2","1","3"
"BozoChessPlayer123","2","1","3"
"Bphmt-666","1","2","3"
"Br4instorm","1","2","3"
"BraarB","2","1","3"
"Bradford1980","2","1","3"
"bradley_y","1","2","3"
"BradyW23","1","2","3"
"Brahayan-2008","2","1","3"
"Brahim1994n","2","1","3"
"brahim8o","1","2","3"
"BrainFlame20","1","2","3"
"BrainFramble","1","2","3"
"brallon71","2","1","3"
"BRANDCHALA","1","2","3"
"Brando22","2","1","3"
"BrandoIan","2","1","3"
"Brandon_Zhou","1","2","3"
"Brandon840","2","1","3"
"BrandonTWY","2","1","3"
"BrandSri","1","2","3"
"Branebrane","2","1","3"
"BranKaLeon","2","1","3"
"brantpaulo","2","1","3"
"Braukmann","2","1","3"
"Braveheart324","2","1","3"
"braxeeen","1","2","3"
"BrayanSmithEscorcia","1","2","3"
"brazperrone","1","2","3"
"brcien","1","2","3"
"brechman","2","1","3"
"bredouillebruno","2","1","3"
"breedijk","1","2","3"
"breinsch98","2","1","3"
"bren_hen2001","1","2","3"
"bren1960","1","2","3"
"brenes_17","2","1","3"
"bretella_TS","2","1","3"
"Brett112","2","1","3"
"brevvo","1","2","3"
"breyean","1","2","3"
"BrianaCelesteAcho","2","1","3"
"BrianaMikeyla","1","2","3"
"brianbc19","2","1","3"
"BrianHartley6996","2","1","3"
"BrianV123","1","2","3"
"Brib53","2","1","3"
"Bricesyl","2","1","3"
"bridgebear","2","1","3"
"Briee3","1","2","3"
"briera","1","2","3"
"BrigadniGeneral","1","2","3"
"Brighton9","2","1","3"
"brillantdevgandhi","2","1","3"
"brindha_sadurangam","1","2","3"
"bringlin","1","2","3"
"bristols","2","1","3"
"bristr","1","2","3"
"brit1","2","1","3"
"britofuego","2","1","3"
"brizgalka","1","2","3"
"brkgs","2","1","3"
"Brn0615","1","2","3"
"Bro2u1","2","1","3"
"BroBd","1","2","3"
"broccol1soup","1","2","3"
"broddy1","1","2","3"
"BRodion","2","1","3"
"Brodla","1","2","3"
"broeskills","1","2","3"
"Brohord","2","1","3"
"broklyy","1","2","3"
"bromane39","2","1","3"
"BronzeBishop420","2","1","3"
"Bronzeserpent","2","1","3"
"brooasadds","1","2","3"
"Brooklynborn","2","1","3"
"brotherbruhhh","2","1","3"
"BrotherDonovan","2","1","3"
"BRU7A1_NKL","1","2","3"
"brucefeng","2","1","3"
"Bruh_2","1","2","3"
"BruhMan_0o0","2","1","3"
"Bruhmantri2","2","1","3"
"bruhMoment069","2","1","3"
"Bruhtislava","1","2","3"
"Brukva-12","1","2","3"
"brulobrulo","2","1","3"
"Bruno_Buccarati","2","1","3"
"brunoborgesribeiro","2","1","3"
"BrunoCRO_1985","2","1","3"
"Brunopontes2040","1","2","3"
"brunopy","1","2","3"
"BrunoReginato","2","1","3"
"BruSantos","2","1","3"
"Brusiljor8","2","1","3"
"bruukva","1","2","3"
"Brxbru","2","1","3"
"BryanMunich","1","2","3"
"Bryantjozongoro","2","1","3"
"BryantVail","1","2","3"
"Bryndin1987","1","2","3"
"Brytrain","2","1","3"
"BS2DarringtonM","1","2","3"
"bsaltali","2","1","3"
"bsheehan2","2","1","3"
"bsjosh","1","2","3"
"bsklar","2","1","3"
"BSmyth","2","1","3"
"bssl73","1","2","3"
"BStar3","2","1","3"
"BTL56984","1","2","3"
"BTorre5","2","1","3"
"BTorre7","2","1","3"
"Buba2013","1","2","3"
"bubblegumj","1","2","3"
"bubung","2","1","3"
"bucht-manuel","2","1","3"
"bucil","1","2","3"
"Buck-aroo","1","2","3"
"Bucko87","1","2","3"
"BudakSegamat","1","2","3"
"budgetjohn11","1","2","3"
"BudWhite85","1","2","3"
"Buebbes","2","1","3"
"Bueny61x","1","2","3"
"bufone","2","1","3"
"Bugasu","2","1","3"
"bugorRS","1","2","3"
"Buinimispi","1","2","3"
"Buiya_wancho","2","1","3"
"buJASIM807900","1","2","3"
"Buklya07","1","2","3"
"bulaxa","1","2","3"
"BulbashVGO","2","1","3"
"Buldibaka23","1","2","3"
"Bulgakov228","2","1","3"
"bulgundry","2","1","3"
"BulletChessKing","1","2","3"
"BULMECH","1","2","3"
"bulutyus","2","1","3"
"Bumbi82","1","2","3"
"bumd0g","2","1","3"
"bumerangF","2","1","3"
"Bun102013","2","1","3"
"Bunerys","2","1","3"
"Bunka","1","2","3"
"Bunkertester","1","2","3"
"bunkher","2","1","3"
"bunvirus","1","2","3"
"Buochs1996","1","2","3"
"BurkeX","1","2","3"
"burkisamaas","1","2","3"
"burkyy","2","1","3"
"Burnash791","2","1","3"
"burning4r","2","1","3"
"burns645","2","1","3"
"burnwitchme","2","1","3"
"burtiky","1","2","3"
"Burugudoyngkski","2","1","3"
"buryatia","2","1","3"
"Bus_Driver2570","1","2","3"
"BuschkampBros","2","1","3"
"Bushati","2","1","3"
"bushkovich","2","1","3"
"Bushrazean","2","1","3"
"Buslaev_av","2","1","3"
"BussinBlaise","1","2","3"
"Bustaman_68","2","1","3"
"Busterrrrrrr","2","1","3"
"buszajec","1","2","3"
"But_Lancaster","1","2","3"
"Butcher_Of_Truth","1","2","3"
"Butschkau","1","2","3"
"Buttclown","2","1","3"
"Buttslashbutt","2","1","3"
"Buuunka","1","2","3"
"buzya_ligter","1","2","3"
"Bv_Erkhes_T","2","1","3"
"BV-Khangai","2","1","3"
"BVashisht","2","1","3"
"bvecsei","1","2","3"
"Bvic","1","2","3"
"bvizi","1","2","3"
"bwc143","2","1","3"
"By_Lee16","1","2","3"
"BY2362","2","1","3"
"Byanka","2","1","3"
"Byapacak","2","1","3"
"byhookorrook","2","1","3"
"Bymaestro","1","2","3"
"Bysemso","1","2","3"
"BYTKA","2","1","3"
"c_kornelios","2","1","3"
"c_louche2023","2","1","3"
"C-White","1","2","3"
"c00kie17","1","2","3"
"c0nc3rt3d","2","1","3"
"C0nstantin3","1","2","3"
"c12h22011","2","1","3"
"C1972357600","2","1","3"
"c1o1o1l1","2","1","3"
"C1overv0k","1","2","3"
"C2314SA","2","1","3"
"C2315MU","1","2","3"
"C279YB","2","1","3"
"c33at","1","2","3"
"c35ab","1","2","3"
"C75603168ALONSO","1","2","3"
"Ca_Pastry","1","2","3"
"Caaspoabsp","1","2","3"
"caballo13","2","1","3"
"cabii34","2","1","3"
"cacca89","1","2","3"
"Cacho12","2","1","3"
"Cachun12","2","1","3"
"cacowipe","2","1","3"
"CACU_ARGENTINA","1","2","3"
"Cadenas81","2","1","3"
"Cadiguzel","2","1","3"
"cadiya","1","2","3"
"Caeso2010","1","2","3"
"caganaras01","1","2","3"
"caganozzy","1","2","3"
"cagdascelik16","2","1","3"
"caglar8","2","1","3"
"Cags28","2","1","3"
"caguaalfre","2","1","3"
"Cahaya_gemilang","1","2","3"
"cahituygun","2","1","3"
"CAHP-506-CR","2","1","3"
"caissakt","2","1","3"
"Caissaschess","2","1","3"
"cakdiniz","2","1","3"
"Cake_kasparov","2","1","3"
"CaldM","1","2","3"
"caldover","1","2","3"
"calgirl2013","2","1","3"
"Calimeiro","1","2","3"
"calix8","2","1","3"
"calkipz","1","2","3"
"callejo","1","2","3"
"Calvin1955","2","1","3"
"calynn","2","1","3"
"cam-ping","2","1","3"
"Camba2","2","1","3"
"camel100","2","1","3"
"CameronTay","1","2","3"
"CamiloEnrique","1","2","3"
"camilolocomotion","1","2","3"
"Camiloospina","2","1","3"
"CamiloVasquezP_Unab","1","2","3"
"CaminusYards","2","1","3"
"Camngca","1","2","3"
"Camomillamilla","1","2","3"
"CamposJE","1","2","3"
"Camster912","1","2","3"
"Camus80","2","1","3"
"canada_1","1","2","3"
"CanarinhoIVP","2","1","3"
"canaritodelmate","1","2","3"
"canbaz-1655","2","1","3"
"CancelJulian","1","2","3"
"candandrl","2","1","3"
"candemiroren","1","2","3"
"candemiryuksel","2","1","3"
"candy8945","1","2","3"
"canelomenty","2","1","3"
"Canercay","1","2","3"
"caniboom","1","2","3"
"canonshooter","1","2","3"
"CanyuteAkhil","2","1","3"
"Cao_Minh","2","1","3"
"Capablue","2","1","3"
"capalk","1","2","3"
"capanlanca0244","2","1","3"
"Capapretta","2","1","3"
"capeletini","2","1","3"
"CapitainKox","1","2","3"
"capitalNINE","2","1","3"
"capitolokito","2","1","3"
"CaplooN","1","2","3"
"capomicio","2","1","3"
"Capoplaza99","1","2","3"
"Capsero","1","2","3"
"Captain_Swing755","1","2","3"
"CaptainHeli","1","2","3"
"CaptainTimeout","2","1","3"
"CaptArnulfo","2","1","3"
"CaptAwesome","2","1","3"
"capturito","1","2","3"
"Capybarovisk","1","2","3"
"Caraban5","1","2","3"
"Caramba185","2","1","3"
"Caramel22","1","2","3"
"caramouche","2","1","3"
"carardoguixao","1","2","3"
"carbammato","2","1","3"
"carbonn14","2","1","3"
"careca1980","1","2","3"
"CarlBurns","2","1","3"
"CarlCochrane","2","1","3"
"carlitos1964","2","1","3"
"Carll95","1","2","3"
"CarLmz","2","1","3"
"Carlo_Rossi","2","1","3"
"carlo2010","1","2","3"
"Carloncho1700","2","1","3"
"carlosbacelarjr","1","2","3"
"Carlosbv25","2","1","3"
"carlosce","1","2","3"
"carlosfana","2","1","3"
"carlosjav","1","2","3"
"CarlosMagnus","1","2","3"
"CarlosPT","1","2","3"
"CarlosVictorio","1","2","3"
"Carlosxals","1","2","3"
"carlove","1","2","3"
"CarlsenBrasileiro","1","2","3"
"carlX23","1","2","3"
"CarlySimon","1","2","3"
"carmeloanthony7","2","1","3"
"Carnozavr78900","2","1","3"
"Caro_Kann_pu","2","1","3"
"Caro_khan01","2","1","3"
"CaroCaronte","2","1","3"
"CarolaGaudl","1","2","3"
"carolinheidt","2","1","3"
"carotve","1","2","3"
"CarpeDiem143","2","1","3"
"Carpenter73","2","1","3"
"carrew","1","2","3"
"CarrotCakeUwU","2","1","3"
"CarterUSM","2","1","3"
"cartographic","1","2","3"
"Carurocn","1","2","3"
"Carvone","2","1","3"
"casarabat02","1","2","3"
"cascabobos101","1","2","3"
"cashielda","2","1","3"
"cashplayer","1","2","3"
"Casicado","1","2","3"
"CasparvdBroek","2","1","3"
"castlesinthesky","1","2","3"
"castlinginthesky","1","2","3"
"castordesneiges","2","1","3"
"Castrito_2000","2","1","3"
"CasualTuesdays","1","2","3"
"cat_on_the_chair","1","2","3"
"Cat3ni","2","1","3"
"catalankhaled15","1","2","3"
"catanddogtrainer","1","2","3"
"catchessOP","1","2","3"
"catgir14","1","2","3"
"catlakpiyon","1","2","3"
"cattack","2","1","3"
"Cattien272","2","1","3"
"cauchy-schwarz1","1","2","3"
"CauchySchward","2","1","3"
"Caulfield","2","1","3"
"CavaEgor2012","2","1","3"
"Cavalheiro123","2","1","3"
"Cavaliere2022","2","1","3"
"cavalierM10","1","2","3"
"Cavallo_Assatanato","1","2","3"
"cavallomatto111","2","1","3"
"cavallopazzo1","2","1","3"
"Cavana","1","2","3"
"cavelarb","2","1","3"
"cavusoglu","1","2","3"
"caykurrizeatak","2","1","3"
"CB_Eeshwar","2","1","3"
"CB_Ira","2","1","3"
"CB_Nikunj","1","2","3"
"CB_Sairam","2","1","3"
"cbiddsinha","2","1","3"
"CBJHALL003","2","1","3"
"CCC1975","2","1","3"
"cCclyburn","1","2","3"
"ccdubz","2","1","3"
"Cch28","2","1","3"
"cchamberlain","2","1","3"
"ccoincoin71","1","2","3"
"ccvvbb","2","1","3"
"cdeev521","1","2","3"
"cdemelo","1","2","3"
"CDiekoetter","1","2","3"
"CDSO","1","2","3"
"Ceasarizzle","2","1","3"
"Cebis-Akos","2","1","3"
"ceci1980","1","2","3"
"cecilcox","2","1","3"
"CeeDizzy","1","2","3"
"Cekac","2","1","3"
"cekman","1","2","3"
"celal101","1","2","3"
"CelaviKosac","1","2","3"
"cellarspook","2","1","3"
"celok","2","1","3"
"CelticGlasgowfan","2","1","3"
"CEM_CT","2","1","3"
"cemal01s","1","2","3"
"cembilgin","1","2","3"
"cemeterypolka","2","1","3"
"cemilturemis","1","2","3"
"Cemilyilmaz79","2","1","3"
"Cent21-2","2","1","3"
"centauri1","2","1","3"
"centroman","1","2","3"
"centurypmcg","2","1","3"
"CeperaKupoB","1","2","3"
"Cepezh","2","1","3"
"CEPOB","2","1","3"
"cerencrci","2","1","3"
"Cergo9027","1","2","3"
"Cesar_Andres_Mejia","1","2","3"
"Cesar_Mejia","1","2","3"
"cesar2023","2","1","3"
"CesarArapa","1","2","3"
"cesaraugusto13","2","1","3"
"Cesardrez50","1","2","3"
"cesarlcp0","2","1","3"
"cesposito","2","1","3"
"cesys","2","1","3"
"cetinertugrul41","1","2","3"
"cetobjk","2","1","3"
"cewhero","2","1","3"
"ceydabaran","1","2","3"
"Cezary_mistrzu","2","1","3"
"cfgar","1","2","3"
"CFIEABencomo","1","2","3"
"CFIECLopez","2","1","3"
"CFIEDCrespo","2","1","3"
"CFIEDGutierrez","2","1","3"
"CFIEISuarez","1","2","3"
"CFIELPerez","1","2","3"
"CFIERMatias","1","2","3"
"CFIESDavis","2","1","3"
"cfran1","2","1","3"
"CGES030","2","1","3"
"CGF-M12","2","1","3"
"CGHS1003","1","2","3"
"cglynrustem","2","1","3"
"CGoncalves-GFE","1","2","3"
"CGR0027","2","1","3"
"CGR0029","2","1","3"
"CGR034","1","2","3"
"CGR036","2","1","3"
"CGR050","1","2","3"
"CGR058","2","1","3"
"CGR076","2","1","3"
"CGRO007","1","2","3"
"CGRO017","1","2","3"
"CGRO020","1","2","3"
"CGRO024","2","1","3"
"CGRO33","2","1","3"
"cguingue","2","1","3"
"ch_prayeshna001","2","1","3"
"Ch-Leon","1","2","3"
"Ch2801","2","1","3"
"Ch322","1","2","3"
"ch3ssboi69","2","1","3"
"Chaarvi_Modi","1","2","3"
"chabinator","2","1","3"
"ChadHoogervorst","2","1","3"
"ChadSunni","2","1","3"
"Chadyber1975","1","2","3"
"Chafic_WEISS","1","2","3"
"Chafir12","1","2","3"
"Chaitanya_9","2","1","3"
"chajka94","2","1","3"
"chakri2217","1","2","3"
"CHALPATHII","2","1","3"
"cham_sandy","1","2","3"
"Chamaeleons","2","1","3"
"chamaragg","2","1","3"
"chambob","1","2","3"
"Chamerion","2","1","3"
"Chamilabou","2","1","3"
"ChampionOfBlunders","1","2","3"
"championschess10","1","2","3"
"champppp","1","2","3"
"ChampToni","1","2","3"
"chamsouuu","1","2","3"
"chandan009","2","1","3"
"ChangesGender","1","2","3"
"chango_ile1","1","2","3"
"changorey123","1","2","3"
"Chanifumaster","1","2","3"
"chanmao","1","2","3"
"Chanrii","2","1","3"
"chansa115","1","2","3"
"chantoiselpi","2","1","3"
"chap4evv","1","2","3"
"charco2022","2","1","3"
"charles_sanchez_p","2","1","3"
"Charlesken","2","1","3"
"CharlestonChess","2","1","3"
"Charlie_62","2","1","3"
"Charlie0410","1","2","3"
"charliedaniels","2","1","3"
"charliehorse55","2","1","3"
"CharlieRyten","2","1","3"
"charlyhk22","2","1","3"
"charlytres","1","2","3"
"charmanderl","2","1","3"
"Charon2020","2","1","3"
"Charrujan","1","2","3"
"ChartreuseMaximum","2","1","3"
"Charzs14","2","1","3"
"chasedes","2","1","3"
"Chasells","1","2","3"
"Chayok11","1","2","3"
"ChChinzorig","2","1","3"
"Che55_Master","1","2","3"
"Chebbeder","2","1","3"
"chebupelick","2","1","3"
"Cheburator_V","2","1","3"
"Check12_Well","2","1","3"
"Checke211","1","2","3"
"CheckeredNow","2","1","3"
"CheckersPlays","1","2","3"
"Checkm8te321","1","2","3"
"checkmate_best","1","2","3"
"Checkmate_JED","2","1","3"
"Checkmate14765","2","1","3"
"CHECKMATE31","1","2","3"
"Checkmate6","2","1","3"
"checkmate800","2","1","3"
"checkmateladaz","1","2","3"
"CheckmateMaster_10","1","2","3"
"checkmathy","2","1","3"
"checks_and_balances","2","1","3"
"checky23","2","1","3"
"CheeeeeckMate","2","1","3"
"cheekaboom123","1","2","3"
"cheelees","2","1","3"
"cheeseburger27","2","1","3"
"cheesicake","1","2","3"
"CheesyChessBrett","2","1","3"
"cheezynoob","1","2","3"
"ChefLev","2","1","3"
"ChegeVara77","2","1","3"
"Cheick_matt","1","2","3"
"chekameta","2","1","3"
"Chekan_2594","2","1","3"
"chekeria","2","1","3"
"chekm8ordie","1","2","3"
"ChekniMate","2","1","3"
"Chel74","2","1","3"
"Chel74Belka","2","1","3"
"chelodoymolovek","2","1","3"
"chelonek","2","1","3"
"CHELSEA_indo","2","1","3"
"Chen_Chen50","1","2","3"
"chen002012","2","1","3"
"Chenm40","1","2","3"
"chensky","2","1","3"
"ChenTony3947","1","2","3"
"Cheonline","2","1","3"
"cheque5566","1","2","3"
"cheriemoe","2","1","3"
"cherniigor","1","2","3"
"cherniydzhek","1","2","3"
"CheroAim","2","1","3"
"cheseplayer1984","2","1","3"
"cheshirecat2701","2","1","3"
"cheslav61","1","2","3"
"ChesMasterr0","2","1","3"
"Chess_420_69","1","2","3"
"Chess_AliRaza","1","2","3"
"chess_bot14","2","1","3"
"chess_cgc","1","2","3"
"Chess_cherry_2015","1","2","3"
"Chess_Guy258","2","1","3"
"chess_is_my_new_love","1","2","3"
"chess_king_9","1","2","3"
"chess_like_Monsters1","2","1","3"
"Chess_Monk90","1","2","3"
"Chess_Monkey_Won","2","1","3"
"Chess_Mundi","2","1","3"
"Chess_on_Toilet","2","1","3"
"chess_player_0102","2","1","3"
"Chess_Squire","1","2","3"
"Chess_student_40","1","2","3"
"Chess_Technologist","1","2","3"
"chess_uay","1","2","3"
"chess_uznik1111","1","2","3"
"chess_vegan","2","1","3"
"chess-mag","1","2","3"
"chess-Rosh","2","1","3"
"Chess-vihaan","1","2","3"
"Chess1231237","1","2","3"
"Chess12345chess1234","1","2","3"
"chess346641","1","2","3"
"chess4animal","1","2","3"
"chess64cz","1","2","3"
"Chess7_24youtube","2","1","3"
"chess77ii","1","2","3"
"Chessahoochee","2","1","3"
"ChessAlinaMalina","2","1","3"
"Chessapplemango","2","1","3"
"ChessAqil","1","2","3"
"chessart966","1","2","3"
"ChessAtBreakfast","2","1","3"
"chessatipo","2","1","3"
"Chessatron","1","2","3"
"Chessawman","1","2","3"
"chessbanker","2","1","3"
"chessbarov","2","1","3"
"Chessbegin_01","2","1","3"
"chessboredd","1","2","3"
"chessburger87","2","1","3"
"chessburgerfrites","2","1","3"
"Chesscal","2","1","3"
"ChessCapybara2009","2","1","3"
"Chesschampion90","1","2","3"
"ChessChampionNoob","2","1","3"
"Chesscharmer","2","1","3"
"Chesscrown0303","1","2","3"
"ChessDare","2","1","3"
"ChessDragon_Pranav","2","1","3"
"ChessEagle6","1","2","3"
"ChesseBurg","1","2","3"
"chessegit","2","1","3"
"Chessemenow","1","2","3"
"chessEmiJav","2","1","3"
"chessforfan07","2","1","3"
"chessforfun_2013","1","2","3"
"chessforprisha","2","1","3"
"chessgameinclusao","2","1","3"
"Chessgamer2010","1","2","3"
"chessganesh","1","2","3"
"chessguru1980","2","1","3"
"chessguy1012","1","2","3"
"chessguyz1234","2","1","3"
"Chessgypsy","1","2","3"
"chessharish","2","1","3"
"CHESSHOURSE","2","1","3"
"Chessimpostor91","1","2","3"
"chessingAAA","1","2","3"
"chessir13","1","2","3"
"chessIsfun11","1","2","3"
"chessisnicelol12345","2","1","3"
"chessjuliana","1","2","3"
"chesski24","2","1","3"
"chesskina","1","2","3"
"chessking5599","2","1","3"
"chessking6500","1","2","3"
"Chessknorris","1","2","3"
"ChessLobito","1","2","3"
"ChessLordGVL","1","2","3"
"chesslover2016","1","2","3"
"chessman_1_1","1","2","3"
"chessman1986","1","2","3"
"ChessMan794","2","1","3"
"ChessMaster_23-2","1","2","3"
"ChessMaster_Cisne","1","2","3"
"Chessmastercol","1","2","3"
"CHESSMASTEROOGWAY","2","1","3"
"chessmastervsharma","2","1","3"
"Chessmastrenglishton","1","2","3"
"chessmate_63","1","2","3"
"Chessmath33","2","1","3"
"Chessmechanic100","1","2","3"
"ChessMinator_00735","1","2","3"
"chessnoob2194","1","2","3"
"chessnoob4real","2","1","3"
"ChessNyama","1","2","3"
"chessophrenia1","2","1","3"
"chessopra","2","1","3"
"chesspage114514","1","2","3"
"chesspanda43","2","1","3"
"chessparticl97","1","2","3"
"Chessperch","2","1","3"
"chessplayerorcom","1","2","3"
"Chesspro_2023","1","2","3"
"chessprofi1","2","1","3"
"Chessqueen0513","2","1","3"
"chessqueen2626","2","1","3"
"Chessrajvi_13","2","1","3"
"ChessSA123","2","1","3"
"chesssmax","1","2","3"
"chesster_puffington","2","1","3"
"chesstime555","1","2","3"
"ChessTimeIsNow","1","2","3"
"ChessTraining18","1","2","3"
"CHESSTryyes","1","2","3"
"chesstyknight","1","2","3"
"chessu20","1","2","3"
"chessuday","2","1","3"
"chessusdominus","2","1","3"
"chessuser12-2104","2","1","3"
"Chessvansh","1","2","3"
"ChessWeasel12","1","2","3"
"ChessXDAmon","1","2","3"
"ChessyBoi2","2","1","3"
"chessychessrman","2","1","3"
"chessypdx22","2","1","3"
"ChessZomby","1","2","3"
"chesszuzu","1","2","3"
"Chetan_Sonu","1","2","3"
"chetin_asg","1","2","3"
"chevaldarzon","2","1","3"
"chevipa","2","1","3"
"Chexx25","2","1","3"
"ChezChessChic","2","1","3"
"ChezySs","2","1","3"
"chezzDar","2","1","3"
"chfan8","2","1","3"
"Chhintu","1","2","3"
"ChIbIs_20121122","1","2","3"
"chibuzonnaemedo","1","2","3"
"Chichoski","1","2","3"
"chicken234","1","2","3"
"chickenwingpanda","2","1","3"
"ChickenZavier","2","1","3"
"Chidambaram_24","2","1","3"
"Chiil","2","1","3"
"chikien2k18","2","1","3"
"ChikiniBsrnaba","1","2","3"
"chikriti","2","1","3"
"childdaad","1","2","3"
"chillbobaggins","2","1","3"
"chilledpaper","1","2","3"
"chilliecharlie","1","2","3"
"CHILLY150","1","2","3"
"Chima_the_great001","1","2","3"
"Chimera2023","2","1","3"
"chimmycheety","1","2","3"
"Chinese-Panda","1","2","3"
"chinhtkbk","2","1","3"
"CHINMAYKEDIA","1","2","3"
"chinmuiomg","2","1","3"
"chinnu19","2","1","3"
"chiodv","2","1","3"
"Chioma","2","1","3"
"Chiphau","1","2","3"
"Chipsotopher","1","2","3"
"Chirag_Patel","2","1","3"
"chiragcrao","2","1","3"
"chiralcenter","2","1","3"
"Chiripa","1","2","3"
"Chishalah","2","1","3"
"Chitov27","1","2","3"
"ChitranshJoshi99","2","1","3"
"chittella","2","1","3"
"chivick","1","2","3"
"Chiz_p","2","1","3"
"chlehdqls97","2","1","3"
"Chloe1","1","2","3"
"chmel135","1","2","3"
"Chogurt","2","1","3"
"cholerisch","2","1","3"
"CHoMPBoT","1","2","3"
"chopper01","1","2","3"
"chorumlablabeasy","1","2","3"
"Chota_Itachi","2","1","3"
"chowchowchessSR","2","1","3"
"chowuh","2","1","3"
"ChretienCathal","1","2","3"
"ChriAndre","2","1","3"
"chris_bytes","1","2","3"
"chris_maigaard","1","2","3"
"chris_napitz","1","2","3"
"Chris0814","1","2","3"
"Chris1501","2","1","3"
"chris382","1","2","3"
"chrisalvaro","2","1","3"
"Chrisavril","2","1","3"
"chriscfedrizzi","2","1","3"
"Chrischperle","2","1","3"
"chrisec","1","2","3"
"chrisemann","2","1","3"
"chrisinlaw","1","2","3"
"ChrisLigkovanlis","2","1","3"
"Chrispy_Bacon","2","1","3"
"chrisschachichris","1","2","3"
"christ-57","2","1","3"
"christabove","1","2","3"
"Christao","1","2","3"
"Christian_Neri","1","2","3"
"Christian2903","1","2","3"
"christiancito","2","1","3"
"christianxx","2","1","3"
"christine18","1","2","3"
"Christisn","1","2","3"
"christobal09","1","2","3"
"Christophe1200","2","1","3"
"ChrisTowers","1","2","3"
"ChrisVinall","1","2","3"
"Chrisz7","2","1","3"
"chrllllesm","2","1","3"
"Chromonicci","2","1","3"
"chubbychesser1","2","1","3"
"Chuch17","1","2","3"
"Chuckpp","1","2","3"
"chudidis4e1","1","2","3"
"Chumachenko-Aleks","1","2","3"
"Chumadey","1","2","3"
"ChumaJr","2","1","3"
"chunghua_luis","1","2","3"
"chungusCheck","1","2","3"
"churou","2","1","3"
"chutesky","2","1","3"
"chuyendkltd","1","2","3"
"chvkkusyalakomka","1","2","3"
"Chylibiss","2","1","3"
"CHYMHOU","2","1","3"
"chzh","2","1","3"
"Ciacchi","2","1","3"
"cialves","1","2","3"
"Cicc01","1","2","3"
"cicolecchia","1","2","3"
"Cigarguy1234","2","1","3"
"cihanpl","2","1","3"
"cihatt","1","2","3"
"cilbrink","2","1","3"
"Cinar_5454545454546","1","2","3"
"cinare2121","1","2","3"
"cinarozdemir3131","1","2","3"
"CincinnatiZoo","2","1","3"
"cincoabrile","1","2","3"
"Cindela","2","1","3"
"CindelBlock","1","2","3"
"CiNoOoO","2","1","3"
"cio77","1","2","3"
"CiolobocAlin37","1","2","3"
"CIOrealizm","2","1","3"
"Cipiland","1","2","3"
"circasian","1","2","3"
"CiriloHumpire1950","1","2","3"
"cirvica","2","1","3"
"Cisnero_Ej","2","1","3"
"cistamm","2","1","3"
"citi47","1","2","3"
"CityHunter1984WL","2","1","3"
"Ciumaker","1","2","3"
"Ciumlik76","1","2","3"
"Civanuras19","2","1","3"
"civilwar12345","1","2","3"
"cizarmade","1","2","3"
"cjayasa","2","1","3"
"CJester","1","2","3"
"ck1972","1","2","3"
"CK2022","1","2","3"
"Ck666","1","2","3"
"CKCthanhtuyen2012","2","1","3"
"ckhakeem","2","1","3"
"ckmbng","1","2","3"
"ckramy","1","2","3"
"Claclalovesemma","2","1","3"
"claraberquo1","1","2","3"
"clarajose","2","1","3"
"clarktheking69","2","1","3"
"clarnss007","1","2","3"
"ClaudeDDJ","1","2","3"
"Claudiaguilera","2","1","3"
"claudiojojo","1","2","3"
"claudiootf05","2","1","3"
"claudiorf","2","1","3"
"clax12","2","1","3"
"ClayAndSilence","2","1","3"
"Clayton64","2","1","3"
"Clelia-98","1","2","3"
"Clemducom","2","1","3"
"Clement007","1","2","3"
"clementclem","2","1","3"
"Cleonice","1","2","3"
"clepab","2","1","3"
"cleverboy14","2","1","3"
"clevercatbird","2","1","3"
"CliffordR","1","2","3"
"climbingtothetop","1","2","3"
"ClippersJohnson32","2","1","3"
"CLNARAYANAN","1","2","3"
"Cloak3d","2","1","3"
"Cloneatn","2","1","3"
"Cloud2","1","2","3"
"Cloudpuff","1","2","3"
"ClubBacau0735520875","1","2","3"
"clues_tapas","1","2","3"
"Cluncho","2","1","3"
"clydeengolet","1","2","3"
"cmalkop","2","1","3"
"cmendive","1","2","3"
"cmeyah","2","1","3"
"cninyc","1","2","3"
"coach_loda14","1","2","3"
"CoachBrian78","2","1","3"
"Cobra47bul","1","2","3"
"CobraHigh","2","1","3"
"cocakai","2","1","3"
"cocava","2","1","3"
"Cocolorum","1","2","3"
"CodeSmell","2","1","3"
"Coemgen91","2","1","3"
"CognitoLord","2","1","3"
"cognizanto","1","2","3"
"coh4fun","2","1","3"
"coidan","2","1","3"
"cokbiktimyasamaktan","1","2","3"
"Col_Fouks","2","1","3"
"Colcartagena29","2","1","3"
"Cold_minded","2","1","3"
"coldsafearrow","1","2","3"
"cole77","1","2","3"
"Colello","1","2","3"
"Colibri_Zurdo","2","1","3"
"colinayoel5812","1","2","3"
"Coliseum5466","2","1","3"
"Coljfore","2","1","3"
"Colle-Kann","1","2","3"
"colorfull-knight","1","2","3"
"colvanite","1","2","3"
"comando2022","2","1","3"
"CombatForm","1","2","3"
"commajosh","1","2","3"
"Comnenus","2","1","3"
"computerfile123","1","2","3"
"comrade19632","1","2","3"
"comtr","2","1","3"
"ConanF7","2","1","3"
"Concentration9","1","2","3"
"Conde57","1","2","3"
"condemontecristo21","2","1","3"
"conejitaa","2","1","3"
"ConePuncher","2","1","3"
"CONFITE1","2","1","3"
"confuciuso1","1","2","3"
"ConfusedNewt","2","1","3"
"congvu","2","1","3"
"Conqueror2007","1","2","3"
"ConradCarlovich555","1","2","3"
"ConstantinKing","2","1","3"
"constantjustplay","1","2","3"
"constanz","2","1","3"
"continue_from_here","1","2","3"
"conzom","1","2","3"
"Cookiedansdulait","2","1","3"
"cookiewrenchmonkey","1","2","3"
"cool_apex123","2","1","3"
"Cool_beans77","2","1","3"
"coolbit","2","1","3"
"CoolBurn","1","2","3"
"Cooleo","2","1","3"
"coolhead12345","1","2","3"
"Coolkid12346","1","2","3"
"Coop08","1","2","3"
"cootiecake69","2","1","3"
"copper46","1","2","3"
"Copra_1O1","1","2","3"
"Coral_bay","1","2","3"
"Coral12345","1","2","3"
"corant1","1","2","3"
"core_9","2","1","3"
"core_andrey","1","2","3"
"corellianYT513","2","1","3"
"corentinc","1","2","3"
"corentox","2","1","3"
"corgou","2","1","3"
"Coriandolino","2","1","3"
"Cork_Screw","2","1","3"
"corneliuss90","1","2","3"
"CornfordChess","2","1","3"
"CornOffTheCob","1","2","3"
"cornujorge","1","2","3"
"coro_44","2","1","3"
"Corocota","1","2","3"
"Corolla23","1","2","3"
"Coroneto","1","2","3"
"Corpuz21","2","1","3"
"correo66","2","1","3"
"corvus_arx","2","1","3"
"Cory_V","1","2","3"
"coryhuffer","1","2","3"
"corz0","1","2","3"
"cosavostra","1","2","3"
"coslada21","1","2","3"
"Cosmedeteresa","2","1","3"
"CosmicGamerGT","1","2","3"
"cosmich70","2","1","3"
"Cosmow_noob","2","1","3"
"coso_coso","2","1","3"
"COSOMMACK","2","1","3"
"CostaBrasil","2","1","3"
"cotangens2902","2","1","3"
"Cotoplero","2","1","3"
"Cotor","1","2","3"
"Coukaratcha","1","2","3"
"Courrendlin","1","2","3"
"courtieR9","2","1","3"
"CousineStephane","1","2","3"
"coutertje","1","2","3"
"covert09","2","1","3"
"Cowboy_Bopbip","2","1","3"
"CozerX","1","2","3"
"CP32001","1","2","3"
"cpandyan","2","1","3"
"Cpku","1","2","3"
"Cpt_Mctavish","1","2","3"
"CptWrinkleSack","1","2","3"
"Cr077","1","2","3"
"cr1stalll","1","2","3"
"cr7kenanoop","1","2","3"
"crackerjak","2","1","3"
"CRACLIDOLE","2","1","3"
"crakincrak","1","2","3"
"crank04","1","2","3"
"Crankyblood","2","1","3"
"crazy_twin","1","2","3"
"CrazyBlush","2","1","3"
"CrazyGross","2","1","3"
"crazymaryoum","1","2","3"
"crazysrikarthick","1","2","3"
"creetz11","2","1","3"
"CRESRHIANNE100","1","2","3"
"crevitus","2","1","3"
"Crew1000","1","2","3"
"cricri1337","2","1","3"
"CrimsonForest","1","2","3"
"criopr","1","2","3"
"Cripta2263","1","2","3"
"CripyPasta2","2","1","3"
"cRisnaDj","1","2","3"
"Crispy07","2","1","3"
"Cristiam79","1","2","3"
"cristian_2565","2","1","3"
"Cristian_O","2","1","3"
"cristiancapa2015","1","2","3"
"CristinaMatador","1","2","3"
"CrisValadares","1","2","3"
"Critex88","2","1","3"
"CrizCJK","1","2","3"
"CRJHALL005","2","1","3"
"CrMagnus","2","1","3"
"crok99","2","1","3"
"croneymaverick","2","1","3"
"Cronoslumber","2","1","3"
"cRookedKnights314","2","1","3"
"crowflies123","1","2","3"
"Crozoo","1","2","3"
"crucial_key","1","2","3"
"cruelhead","1","2","3"
"Cruyff14","1","2","3"
"Cruz334","1","2","3"
"crx900","1","2","3"
"Crystalbunny233","2","1","3"
"CrystalizedAnxiety","2","1","3"
"csa23","1","2","3"
"csarrrUwU","1","2","3"
"csraoboddu","2","1","3"
"cst022395","2","1","3"
"CT71","1","2","3"
"CTD_ToKimPhi1981","2","1","3"
"CTDDaiMachTri","2","1","3"
"CTER054","1","2","3"
"CTER070","2","1","3"
"cton49","2","1","3"
"ctytgaming","1","2","3"
"cuadriculados","2","1","3"
"CUBED-YT","1","2","3"
"Cubensis88","1","2","3"
"Cubike","2","1","3"
"cuca_blackpink","1","2","3"
"Cucocheta","2","1","3"
"cucullus","1","2","3"
"Cucurrucucu","1","2","3"
"cudotequilaaa","2","1","3"
"cuentaoficial222","1","2","3"
"cuervo1926","2","1","3"
"CupCake27","1","2","3"
"CupPohlepe","1","2","3"
"cureoo1","1","2","3"
"curry123","1","2","3"
"CUSS17","2","1","3"
"Cutbelly","2","1","3"
"cvachessteam","1","2","3"
"cvak","2","1","3"
"cvallier","1","2","3"
"CVD_04","1","2","3"
"cven94","2","1","3"
"CvePascua","2","1","3"
"Cwaeh","2","1","3"
"cweber02","1","2","3"
"Cwesi_forkz","1","2","3"
"cwewnik","2","1","3"
"cxhris007","1","2","3"
"CXiem","1","2","3"
"cxzdsaewq321","2","1","3"
"CyBay","1","2","3"
"CyberKoalaa","1","2","3"
"CyberPalmtree","2","1","3"
"cyco130","2","1","3"
"Cydypov","1","2","3"
"Cyk_Snowi","1","2","3"
"CynthiaJulianna","1","2","3"
"CynthiaShirona","2","1","3"
"Cyr0k","2","1","3"
"Cyvenson95","2","1","3"
"CyxoB","2","1","3"
"Cyxrus","1","2","3"
"Czakraken","2","1","3"
"czasemroszaduje","2","1","3"
"czech_james","1","2","3"
"D_korenew","1","2","3"
"D_r_e_am","2","1","3"
"D01german","2","1","3"
"D0togyzbay","1","2","3"
"D13ter","1","2","3"
"D1RAL","2","1","3"
"d2-d4_1987","2","1","3"
"D3V1D3Tcz","2","1","3"
"D4niel96","1","2","3"
"d4v1v","2","1","3"
"d6chess","2","1","3"
"Da_Mash","2","1","3"
"Da_Y98","2","1","3"
"Da-bolanos82","2","1","3"
"DaanVanhaverbeke2005","2","1","3"
"dab0y","1","2","3"
"DABBL3","1","2","3"
"dabblyu","2","1","3"
"DaBushMasta","1","2","3"
"daca11","2","1","3"
"daca11060","2","1","3"
"Dace11","2","1","3"
"dadar11000","1","2","3"
"dadasyurdun","1","2","3"
"daddare","2","1","3"
"Daddy_o37","1","2","3"
"daddy7","1","2","3"
"DaddyDragon80","1","2","3"
"dadfalcon","2","1","3"
"dadin71","1","2","3"
"DadoAk22","1","2","3"
"DadoDennys","2","1","3"
"Dadreu34","2","1","3"
"dadu112","2","1","3"
"dadyaPes","1","2","3"
"Daedaluus","1","2","3"
"DaerflicherMann","1","2","3"
"Dafi88","1","2","3"
"dagenhamsgm","1","2","3"
"Dagnauris","2","1","3"
"Dagoga","2","1","3"
"Dahb1","1","2","3"
"Dahduhdah","2","1","3"
"DAHMASS","2","1","3"
"Daidalos17","1","2","3"
"Daimiel","1","2","3"
"Dainius123","2","1","3"
"Daisy_Sea","1","2","3"
"daithecarp","1","2","3"
"DAitoro1","2","1","3"
"DAjumper","2","1","3"
"dakary","1","2","3"
"dakshdking","1","2","3"
"Dalaf_94","2","1","3"
"DaleUsher01","2","1","3"
"daleXfirebird","2","1","3"
"dalgatferz","1","2","3"
"dallashoodboss","2","1","3"
"dalmar2025","1","2","3"
"Dalmas99z","2","1","3"
"DaloaerZhan","1","2","3"
"DaLootGoblin","2","1","3"
"dals3","2","1","3"
"daltiro","1","2","3"
"DaltonDeBusk","2","1","3"
"Dama_della_Brianza","2","1","3"
"Dama-azul","1","2","3"
"Dama77","2","1","3"
"Damaqi","1","2","3"
"DamascusEnr","1","2","3"
"damasgratis69","1","2","3"
"DamDoodam","1","2","3"
"Damengambit123","1","2","3"
"damentot","1","2","3"
"Damian1982","2","1","3"
"Damian227","1","2","3"
"DamianEL","2","1","3"
"daminr01","1","2","3"
"Damon_chess","2","1","3"
"damon3121","1","2","3"
"Damperwolf","2","1","3"
"DampOtter","2","1","3"
"DamselinDisaster","2","1","3"
"dan_klet","1","2","3"
"Dan110","1","2","3"
"Dan1914","1","2","3"
"dan22222","1","2","3"
"Dan999999999999","2","1","3"
"Dana_Ua","1","2","3"
"danapardo","1","2","3"
"danbueno2","2","1","3"
"danbyoung","2","1","3"
"Danchesssss","1","2","3"
"danchik_652","2","1","3"
"Danci2233","2","1","3"
"dandy000","1","2","3"
"DandyEbenezer","1","2","3"
"Dang_Thu_Trang","2","1","3"
"DangerBlack","2","1","3"
"DanHawth0rne","1","2","3"
"dani_parish","2","1","3"
"Dania1994","2","1","3"
"danial_121","2","1","3"
"Danial9688","2","1","3"
"daniel_123456789","2","1","3"
"Daniel_Bumblebee13","1","2","3"
"DANIEL_MANALU_23","2","1","3"
"Daniel_orihuela27","1","2","3"
"Daniel1103","2","1","3"
"Daniel21012016","2","1","3"
"Daniel5676","1","2","3"
"daniel921126","2","1","3"
"DanielCavera","1","2","3"
"DanielFerrero","2","1","3"
"Danielico","1","2","3"
"DanielJahnel","2","1","3"
"daniell010376","1","2","3"
"DanielMac","1","2","3"
"danielmalmo","1","2","3"
"DanielOjo1993","2","1","3"
"DanielOlivaw","2","1","3"
"DanielRFL","2","1","3"
"danielshnaider","1","2","3"
"DanielSprat","1","2","3"
"DanielTrier","2","1","3"
"danielxj","1","2","3"
"Daniil_97","2","1","3"
"Daniil0100","2","1","3"
"Daniil12","2","1","3"
"Daniil14","2","1","3"
"Daniil2603","2","1","3"
"DaniilAntipov","1","2","3"
"DaniilBurya","1","2","3"
"DaniilTsan2015","2","1","3"
"Danil_0410","1","2","3"
"Danil130","2","1","3"
"Danilbd","1","2","3"
"Danilin123","1","2","3"
"danilishin","1","2","3"
"Danilka2014","1","2","3"
"Danilo1961","1","2","3"
"danilohrb","2","1","3"
"danilon00","1","2","3"
"danimaker","2","1","3"
"danimonk","2","1","3"
"danipronto","1","2","3"
"danisim","2","1","3"
"Danito99","1","2","3"
"DanJBarry","2","1","3"
"Danle982","2","1","3"
"danlicious","1","2","3"
"danmanning","2","1","3"
"danmar33","2","1","3"
"DanMp67","1","2","3"
"Dannerbua","1","2","3"
"danny_1","1","2","3"
"Dannyboysaad","1","2","3"
"Dannykaskajov","2","1","3"
"dannymangman","1","2","3"
"danos888","2","1","3"
"danpjret1","2","1","3"
"Danpos","2","1","3"
"danserruls","1","2","3"
"Dante_24","2","1","3"
"dante_barca","1","2","3"
"Dante_Plus","2","1","3"
"DanteHG","2","1","3"
"DanteRD","2","1","3"
"Dantesschess","2","1","3"
"Dantheman72","2","1","3"
"dantinhas13","1","2","3"
"Dany_Laevsky","2","1","3"
"Danya_D","2","1","3"
"DanYa_Novikov2016","2","1","3"
"Danya_pro2014","1","2","3"
"danyaushakov","2","1","3"
"Danylo_Lisnichuk","2","1","3"
"danyloromanchuk","1","2","3"
"DanyMC","1","2","3"
"daoud96no","1","2","3"
"Daoudi37","2","1","3"
"DaPawn17","2","1","3"
"darafify","1","2","3"
"DarcyTem","2","1","3"
"dareklabone","1","2","3"
"dariaglv","2","1","3"
"DariaPinto","1","2","3"
"DariaW2012","1","2","3"
"Dariddle","1","2","3"
"Daridre","1","2","3"
"dariia_sil","1","2","3"
"Darina1004","1","2","3"
"Dariowest","1","2","3"
"darioxavier","1","2","3"
"dariuosh1394","2","1","3"
"Darius_8869","1","2","3"
"dariush961","2","1","3"
"dariwala","1","2","3"
"Dark-Knight13","1","2","3"
"dark14lord","1","2","3"
"darkangelvlz","1","2","3"
"DARKATLAS","1","2","3"
"DarkEgbel","2","1","3"
"DarkEmi","2","1","3"
"DarkEngel7872","1","2","3"
"Darkhalf26","1","2","3"
"Darkness_gateway","2","1","3"
"darknightwoolf","2","1","3"
"DarkSoul7137","1","2","3"
"DarkStrikes","1","2","3"
"darkthor786","2","1","3"
"Darktouch13","2","1","3"
"Darmaa","1","2","3"
"daros54","2","1","3"
"darphb0b0","1","2","3"
"Darpov","2","1","3"
"DarrenWatkins","1","2","3"
"DarsenNamrov","1","2","3"
"darshgoyaljaipur2011","1","2","3"
"Dartagnan666","1","2","3"
"Darth_Sandor","2","1","3"
"darthagnan","2","1","3"
"DarthGhitza","1","2","3"
"DarthSidiousOne","1","2","3"
"DartPlayder","1","2","3"
"Darum_001","2","1","3"
"darvBDont69","2","1","3"
"Darwinul1","1","2","3"
"Dasep","1","2","3"
"DaSh-More","2","1","3"
"Dasha-052015","1","2","3"
"Dashanga","2","1","3"
"DashaOstanina","1","2","3"
"dashasfutureex","1","2","3"
"Dashiki11","1","2","3"
"dashmavericks","2","1","3"
"Dashuk","2","1","3"
"dasLicht","1","2","3"
"dassa87","1","2","3"
"daststap","2","1","3"
"dat-kann","2","1","3"
"datacall","1","2","3"
"datadan","1","2","3"
"Datagod12","1","2","3"
"Dataset_999","1","2","3"
"Datdurex","2","1","3"
"Daten_Tshepiso","1","2","3"
"Datoczz","2","1","3"
"Daubap","2","1","3"
"Daulberg","2","1","3"
"DaurAGRBA","2","1","3"
"dauren1986","2","1","3"
"daurenkyzy","2","1","3"
"davechina","2","1","3"
"davedwij","2","1","3"
"daveeeee","2","1","3"
"davesho","1","2","3"
"DaveVinci","2","1","3"
"DAVI20D","2","1","3"
"Davi2155","2","1","3"
"David_0ff","2","1","3"
"David_9500","1","2","3"
"David_Dorfman2020","2","1","3"
"David_Gur","1","2","3"
"David_Gutscher","1","2","3"
"David_MMV","1","2","3"
"David_Pos","2","1","3"
"David1610","2","1","3"
"David19942003","1","2","3"
"David3089","2","1","3"
"david7_al","2","1","3"
"David7068","1","2","3"
"david76gonzalez","1","2","3"
"David84","2","1","3"
"davidbau888","1","2","3"
"davidbrunosf","1","2","3"
"DavidCCMG","1","2","3"
"DavidCecxladze","1","2","3"
"DavidDiamante","2","1","3"
"DavidDz_32","1","2","3"
"Davide001","1","2","3"
"Davidemarchioro","1","2","3"
"DavidEsMu","1","2","3"
"Davidfaul","1","2","3"
"davidgazal","2","1","3"
"davidiamant","1","2","3"
"davidkarlsen","2","1","3"
"DavidKozlow","2","1","3"
"DavidKuper","1","2","3"
"DavidLeon4","2","1","3"
"davidmonkeyd","2","1","3"
"davidokasko91","1","2","3"
"Davidonayade44","1","2","3"
"DAVIDRE1988","1","2","3"
"DavidRiu","2","1","3"
"DavidSant157","2","1","3"
"davidtricks","2","1","3"
"Davidts93","1","2","3"
"Davidulkin_2015","2","1","3"
"DavidushB","1","2","3"
"davidvagner15","1","2","3"
"davidvilcherrez","2","1","3"
"DavidWAdam","1","2","3"
"DavidZ7Z","1","2","3"
"daviqueirozcapivara","2","1","3"
"davislaurinovics","2","1","3"
"Davit_2016","2","1","3"
"Davit_arm","2","1","3"
"Davolinos","2","1","3"
"DavouD1988","2","1","3"
"Davoudsattari","2","1","3"
"davtor10","2","1","3"
"davycan","1","2","3"
"davyd2016","1","2","3"
"davydov38","2","1","3"
"daweed3324","2","1","3"
"dawsax","1","2","3"
"day67","1","2","3"
"dayasekhar","2","1","3"
"daycosmiccorn","1","2","3"
"daypatu","1","2","3"
"dayvied","2","1","3"
"Dbchess77","2","1","3"
"dbl76","2","1","3"
"dbm100","1","2","3"
"dbzn12","1","2","3"
"dc_duenas","2","1","3"
"DC_mangGu","1","2","3"
"DC55SCOTS","2","1","3"
"dcandres","1","2","3"
"dcazart","1","2","3"
"DCrepper","1","2","3"
"dcs0225","2","1","3"
"DCUMMING","2","1","3"
"ddaadd","2","1","3"
"ddboy098","2","1","3"
"Dddavey","2","1","3"
"ddeeaall","2","1","3"
"DDenisKo","1","2","3"
"DDLBG","1","2","3"
"ddmartinez","1","2","3"
"ddonredy","1","2","3"
"Ddoss","2","1","3"
"DDscacchi03","2","1","3"
"DDTVelsk","2","1","3"
"de4et","1","2","3"
"DE4S","1","2","3"
"deaconbluedignity","1","2","3"
"DeadlyDefense","2","1","3"
"DeadPool_07","2","1","3"
"deadwarri4r","1","2","3"
"Deafish","2","1","3"
"deathedChinna","1","2","3"
"DeathrockS","2","1","3"
"DeaThshotakadark","2","1","3"
"deathstrike","1","2","3"
"debadrito2012","2","1","3"
"debasishdas","2","1","3"
"debfreestyle","1","2","3"
"debugrice","2","1","3"
"deceitstone","2","1","3"
"deceleratedragon","2","1","3"
"decia86","2","1","3"
"Deciphers","2","1","3"
"declanthechessmaster","1","2","3"
"ded_0k","2","1","3"
"dedajenda","2","1","3"
"dedaR","2","1","3"
"Dede-Indra","2","1","3"
"dedetoll","1","2","3"
"deeesha","2","1","3"
"deep_neuro","2","1","3"
"deep-pri","2","1","3"
"Deepak26123","2","1","3"
"deepakdev03","1","2","3"
"deepamin71192","2","1","3"
"deepblue250","1","2","3"
"Deepblue77","1","2","3"
"deepbluered","2","1","3"
"Deepdiya2015","2","1","3"
"Deepdrawing","2","1","3"
"DeepThinkChannel","2","1","3"
"DefaultMyth","2","1","3"
"DEFENDER500","1","2","3"
"defeneuze","1","2","3"
"definitelyperhaps","1","2","3"
"Deidarochka","2","1","3"
"deimos22","1","2","3"
"Deint02","1","2","3"
"DeJavas","1","2","3"
"dekagambit","1","2","3"
"DeKakaIsme","2","1","3"
"dekompresor22","1","2","3"
"Del_Cel_Sialab","1","2","3"
"del3","2","1","3"
"Delavarha","2","1","3"
"DeleSuper","2","1","3"
"Delft1955","2","1","3"
"delicocuk2016","2","1","3"
"Deliojo","2","1","3"
"Deliss","2","1","3"
"deliyurek","1","2","3"
"dels89","2","1","3"
"delysoem","1","2","3"
"DeMAESTRO","1","2","3"
"demantser","2","1","3"
"Demchenko_Maksim1966","2","1","3"
"Demian2403","2","1","3"
"Demid_30714","1","2","3"
"Demid-Muromtsev","1","2","3"
"Demidyroslav","1","2","3"
"Demirarslan","1","2","3"
"DemircanB","1","2","3"
"Demise0707","1","2","3"
"DemiseForPhysic","2","1","3"
"demitop1","1","2","3"
"dEMnum1","2","1","3"
"demo706","2","1","3"
"demodokus","1","2","3"
"Demon_Army","1","2","3"
"Demon89","2","1","3"
"demonfisk1","1","2","3"
"demori6","1","2","3"
"Den_Lev","2","1","3"
"den_lyalin","1","2","3"
"Den4ik19","2","1","3"
"den628","1","2","3"
"Denant","1","2","3"
"denberten","2","1","3"
"denbur2","1","2","3"
"DenchikOnop2003","2","1","3"
"dendadde","1","2","3"
"DenDroid161","1","2","3"
"dendunadan","1","2","3"
"Deni15","1","2","3"
"Deni6629","2","1","3"
"Denis_0777","2","1","3"
"Denis_2901","1","2","3"
"Denis_Baloban","1","2","3"
"Denis_Kocherga","2","1","3"
"Denis010422","2","1","3"
"denis1261","2","1","3"
"denis126478712","1","2","3"
"denis1demyanenko","2","1","3"
"Denis2482","2","1","3"
"Denis280110","1","2","3"
"denis4_13","1","2","3"
"DenisDue","2","1","3"
"denisfelix74","1","2","3"
"DenisKovin","1","2","3"
"denisweiss","1","2","3"
"Deniz0533","1","2","3"
"denizcansel","2","1","3"
"DenizChess2015","1","2","3"
"denizefe34","2","1","3"
"denizgulec","2","1","3"
"Denko10","2","1","3"
"Dennann","2","1","3"
"dennis_lpst","2","1","3"
"dennis127","1","2","3"
"DennisWeis","2","1","3"
"Dennrlay","2","1","3"
"DenRychin","2","1","3"
"denT94","1","2","3"
"denvisegris","2","1","3"
"denvol","2","1","3"
"Denya7","1","2","3"
"DenysLyt87","1","2","3"
"denzeflo","2","1","3"
"DenzelCZY","1","2","3"
"denzl8s","1","2","3"
"deoco","2","1","3"
"DEPECHE96","1","2","3"
"Der_Gierbert","1","2","3"
"der_weisse_turm","1","2","3"
"Der-gemolkene-Privit","2","1","3"
"derak33","1","2","3"
"derallerbeste7592","1","2","3"
"derbenev-1963","2","1","3"
"DerBoi123","2","1","3"
"DerekReis","1","2","3"
"derekwyllie","1","2","3"
"derf1900","1","2","3"
"Derfelgreen","2","1","3"
"DerHirschberger","1","2","3"
"DerHuene","2","1","3"
"Derigi","2","1","3"
"Derkjgdjfgnddfk4","1","2","3"
"DerKleine","1","2","3"
"DerMenke","1","2","3"
"DerParzival","2","1","3"
"derrick04","1","2","3"
"deryakk","2","1","3"
"desastreG","2","1","3"
"DeSavaj","2","1","3"
"desdichado34","2","1","3"
"deseoke","1","2","3"
"DESERT_FOX_1944","1","2","3"
"DesertCrow","1","2","3"
"dessertstorm","1","2","3"
"DestinoESP","2","1","3"
"Desyatminut","1","2","3"
"Detonator29","2","1","3"
"DetOndaPapperet","1","2","3"
"deucee","2","1","3"
"Deuter2233","2","1","3"
"Deuterium_2_01u","2","1","3"
"devaanshhs","1","2","3"
"DevaashishV_2911","1","2","3"
"devadarsan","1","2","3"
"devankladdha","2","1","3"
"Devansh_Salunkhe","1","2","3"
"DevanshMishra_iiitr","1","2","3"
"Devashish_Upadhyaya","1","2","3"
"Devesh237","1","2","3"
"devil_may_care24","2","1","3"
"Devildog03","2","1","3"
"devilking15292","1","2","3"
"DeViLxDeMoNs","1","2","3"
"devilzoro","1","2","3"
"devoltaaoJOGO","2","1","3"
"DevouringLion","2","1","3"
"DevShasweth21","1","2","3"
"devshreekabra","1","2","3"
"devsvsvavs","2","1","3"
"devt","2","1","3"
"Devthemasked","1","2","3"
"devyansh20jan","2","1","3"
"DewaHamadi","2","1","3"
"Dewakapasbiru","1","2","3"
"DewaLele","1","2","3"
"Dewmi64","2","1","3"
"Dex106","1","2","3"
"dexter_khan","1","2","3"
"dexterallen","1","2","3"
"Deymar910","2","1","3"
"deyshyz","2","1","3"
"Deyteroman","1","2","3"
"deyviedward2345","1","2","3"
"Dezsi","1","2","3"
"DezZGoD","2","1","3"
"df2397","1","2","3"
"DFajardo-BTW","1","2","3"
"Dfortnite","2","1","3"
"dgbPHX","2","1","3"
"Dgeow","1","2","3"
"dgmr","1","2","3"
"DGOK_Evdokimov","2","1","3"
"dgrishin","1","2","3"
"DHAARONHARISH_GOPI","2","1","3"
"dhairya_dhiran08","2","1","3"
"dhamjun","2","1","3"
"Dhanesh25","1","2","3"
"Dhanurved","2","1","3"
"dharmavirat","2","1","3"
"Dharshan4_Sadurangam","1","2","3"
"Dhasplayer","1","2","3"
"Dhawal_Joshi","1","2","3"
"dhdhq","2","1","3"
"dhetos","1","2","3"
"DhirajJadhav2812","2","1","3"
"dhirajmirpuri","1","2","3"
"Dhiyaan","1","2","3"
"DHME-ALSHREEF","1","2","3"
"dhockey9","2","1","3"
"dhoff9","1","2","3"
"dhruba_g11","1","2","3"
"dhrubaroy11","2","1","3"
"Dhrupad_Deepesh","1","2","3"
"Dhruv_G_K","1","2","3"
"dhruv00003737","1","2","3"
"dhruv1647","2","1","3"
"dhruvaanand","2","1","3"
"dhruvk123","2","1","3"
"dhunnu7","2","1","3"
"DHurk","1","2","3"
"Dhusanth123","2","1","3"
"DI29990","1","2","3"
"Di3goAlfo","2","1","3"
"Diamant_Duellant","2","1","3"
"diamondnosk","2","1","3"
"DianaDino","2","1","3"
"DianaRobles","2","1","3"
"Diankene","2","1","3"
"Diastell","2","1","3"
"diaz_f","1","2","3"
"DibaNdibia","2","1","3"
"Dibhatxho","2","1","3"
"Dibyendu1984","1","2","3"
"dic3","2","1","3"
"Dicava","1","2","3"
"didjjj","2","1","3"
"didShkarpetnik","2","1","3"
"Died_Suddenly","1","2","3"
"Diego-24","2","1","3"
"DIEGO-90","2","1","3"
"diego1NL1","1","2","3"
"diegoa100","1","2","3"
"diegoalex13","2","1","3"
"DiegoLor","1","2","3"
"diegomauricio777","1","2","3"
"DIEGOROBLES7","2","1","3"
"Diegovitch","2","1","3"
"dieguco64","1","2","3"
"diemerson1987","1","2","3"
"dieunexistepas","2","1","3"
"Difafarid","2","1","3"
"DiggingDevAl","1","2","3"
"dignan44","1","2","3"
"Dignites","1","2","3"
"Digory","2","1","3"
"diguidi","2","1","3"
"DiguinhoChess","1","2","3"
"diimazy","2","1","3"
"diimmmaaaas","2","1","3"
"dijanadjordjevic","1","2","3"
"dijondajee","2","1","3"
"DikKy","1","2","3"
"Dilavar75","1","2","3"
"Diletant_2020","2","1","3"
"dillon94","1","2","3"
"dilmurod1111","2","1","3"
"Dima_K_1973","1","2","3"
"Dima_Ko4etkov","1","2","3"
"Dima_Makarevich","1","2","3"
"dima08080404","2","1","3"
"Dima14022013","1","2","3"
"Dima20011","2","1","3"
"dima2016S","2","1","3"
"Dima753753","1","2","3"
"Dimagio80","2","1","3"
"DimaLebedev2014","2","1","3"
"DimAN03","1","2","3"
"DiMAN19-21","1","2","3"
"DimaNovoros","2","1","3"
"Dimapirat","2","1","3"
"Dimarik1007","1","2","3"
"Dimas1985","1","2","3"
"dimashtenigin","2","1","3"
"DimaT","2","1","3"
"DimaVahr19052012","2","1","3"
"dimbeni","1","2","3"
"dimensione","2","1","3"
"DiMiGi","2","1","3"
"Dimitar26","2","1","3"
"Dimitro","2","1","3"
"dimka2002","2","1","3"
"DimkaSto","2","1","3"
"dimmmus","1","2","3"
"Dimon1983","1","2","3"
"dimon22dimon","1","2","3"
"dimon4ikus","2","1","3"
"dimonip","1","2","3"
"dimonlimon111213","1","2","3"
"dimooooooooooooon","2","1","3"
"DimpleKnotwise","2","1","3"
"DimStep","2","1","3"
"Dimsy1977","2","1","3"
"Dimvsh4","1","2","3"
"Dinashachanudi2015","2","1","3"
"Dine_06","2","1","3"
"Dinesh_yara","1","2","3"
"dinesh03773","2","1","3"
"DineshBCT","1","2","3"
"Dineshkumar1988","1","2","3"
"Ding888","2","1","3"
"DINGO_M","2","1","3"
"dingodogdingo","2","1","3"
"dingpohf","1","2","3"
"dinh_thi","2","1","3"
"Dinh00o","2","1","3"
"dinhbaoquyen2013thvt","1","2","3"
"DINIZ22","2","1","3"
"dinkleberg1","2","1","3"
"Dino3000","1","2","3"
"dinuba","2","1","3"
"Dio_mon_es888","1","2","3"
"diobuero","2","1","3"
"dionigms","1","2","3"
"dionkrasniqi21","2","1","3"
"dionrenzo","1","2","3"
"Dionverde","1","2","3"
"DiOrEu","2","1","3"
"DipakGulia","2","1","3"
"dipakw","1","2","3"
"DipenMistry","2","1","3"
"Dips214","2","1","3"
"Dipset","1","2","3"
"Diptangshu7804","2","1","3"
"disciplineregret","2","1","3"
"Discolo","1","2","3"
"DiscoPeralt","2","1","3"
"discotango","2","1","3"
"discoverer68","1","2","3"
"Discriminan","1","2","3"
"discxnnectedexe","2","1","3"
"DISKOLIFE","2","1","3"
"disneyman","1","2","3"
"Dissembling","1","2","3"
"Dist_spr","1","2","3"
"Distemper24","2","1","3"
"Diuk82","1","2","3"
"divanetto","2","1","3"
"Divedeepz","2","1","3"
"diverbigote","2","1","3"
"divisha16","1","2","3"
"Divyansh004","2","1","3"
"DivyanshiNayal2011","1","2","3"
"Divyanshisbalaas","1","2","3"
"divyasreechess","2","1","3"
"dixgepi","2","1","3"
"Dixi77","2","1","3"
"dixieunlimited","1","2","3"
"diyanto","2","1","3"
"DiyaPCA","1","2","3"
"diz89","2","1","3"
"DJ_100HP","1","2","3"
"dj_SavioR97","1","2","3"
"DJ-DJ","2","1","3"
"dj322","1","2","3"
"DJAKA_TUAK97","2","1","3"
"DjamelD3","1","2","3"
"Djcheckch","2","1","3"
"DJCrss","1","2","3"
"DjedDjuro1","2","1","3"
"djeverirorong","1","2","3"
"Djidel","1","2","3"
"djilad","1","2","3"
"DJithmina","2","1","3"
"Djmarshmello_Chess","1","2","3"
"Djmo","1","2","3"
"djole_74","1","2","3"
"djole1975","2","1","3"
"Djoni1616","2","1","3"
"DjRod1Chess","1","2","3"
"djsoloshows","2","1","3"
"dk261092","1","2","3"
"Dkboro","2","1","3"
"dkc_shailesh","1","2","3"
"dktlsdork","2","1","3"
"DKYADAV","2","1","3"
"DLBIA19","1","2","3"
"DlM0K","1","2","3"
"dlugilucek","1","2","3"
"dlutsch","2","1","3"
"DM1991","1","2","3"
"dm56147","2","1","3"
"dmajdic","1","2","3"
"dmartyn166","1","2","3"
"dmash111","1","2","3"
"dmbfan","1","2","3"
"dmccarth1974","1","2","3"
"DMHands","1","2","3"
"dmhs2004","1","2","3"
"Dmitii15","2","1","3"
"DmitrAA","1","2","3"
"Dmitri123456","1","2","3"
"Dmitrii-lis","1","2","3"
"DmitriiMorozoff1977","2","1","3"
"dmitrij-kuzyukov","2","1","3"
"DmitrijKirijanov","1","2","3"
"Dmitriy_0","1","2","3"
"Dmitriy_vasilev2012","1","2","3"
"Dmitriy0425","1","2","3"
"Dmitriy1309","2","1","3"
"Dmitriy9911","1","2","3"
"DmitriyIvanov1972","2","1","3"
"Dmitriyll","2","1","3"
"dmitriyussr","1","2","3"
"DmitriyZ77","2","1","3"
"Dmitry_A_Volodin","1","2","3"
"dmitry_rangult","2","1","3"
"Dmitry_ru","1","2","3"
"Dmitry_Semin","1","2","3"
"Dmitry_Solovyev","1","2","3"
"Dmitry-from-Siberia","2","1","3"
"dmitry1701","1","2","3"
"DmitryAndreevich","2","1","3"
"DmitryH","1","2","3"
"DmitryNN","2","1","3"
"DmitryShereshkov","1","2","3"
"DmitryUP","1","2","3"
"DmitySignalman","2","1","3"
"dmytrocheva","1","2","3"
"dnalby","1","2","3"
"Dneprovskiy","2","1","3"
"Dnestrovec","1","2","3"
"dnog70","1","2","3"
"DNZBRK","1","2","3"
"do5pmb","1","2","3"
"dobelix74","2","1","3"
"Doberman37","2","1","3"
"dobrinet","1","2","3"
"DobroBro","2","1","3"
"dobrosvet","1","2","3"
"dobs70","1","2","3"
"doc_brown33","2","1","3"
"docbennani","2","1","3"
"docchud","2","1","3"
"DocDolan","1","2","3"
"DockWonder","1","2","3"
"docnroll","2","1","3"
"docti","2","1","3"
"DoctorSchadenfreude","2","1","3"
"DoctorSkott","2","1","3"
"docWOC","2","1","3"
"dodi_jendral","1","2","3"
"dodo711","1","2","3"
"dododido","2","1","3"
"dodogod","1","2","3"
"dodohoon","1","2","3"
"Dodoya","1","2","3"
"DogAteMyHomework","1","2","3"
"Dogitips","1","2","3"
"Dogu_01","1","2","3"
"dogushevvd","1","2","3"
"Doja-blue","2","1","3"
"doktachess","1","2","3"
"doktjr","1","2","3"
"doktor_filgud","1","2","3"
"DoktorAli12","1","2","3"
"Doktorot","2","1","3"
"dol60","2","1","3"
"Dola123456","1","2","3"
"Doloona","2","1","3"
"dolphine13","1","2","3"
"dolphyandtrane","2","1","3"
"Dom1982","2","1","3"
"Domat_64","2","1","3"
"Domenico78","1","2","3"
"dominator_in_chess","1","2","3"
"Domingosframcisco","2","1","3"
"Dominik2808","1","2","3"
"Domino_DM","2","1","3"
"Domskie","1","2","3"
"domW","2","1","3"
"Don_Antonio11","1","2","3"
"Don_Balboa","1","2","3"
"don_cactus","1","2","3"
"DON-BEZ","2","1","3"
"Don0790","1","2","3"
"DonaldDi-ck","1","2","3"
"DonatDonat123","2","1","3"
"donc_mxb","2","1","3"
"DonCheckmates","2","1","3"
"DonChichot45","1","2","3"
"dongaribaldi","1","2","3"
"DonHaron","2","1","3"
"DonHarvi","2","1","3"
"Donkey_Kong994","1","2","3"
"donkeyad","1","2","3"
"donkrun123","2","1","3"
"donmarkus","1","2","3"
"Donnacadragon","1","2","3"
"Donorgyll","2","1","3"
"donpedro11","2","1","3"
"dont-know","1","2","3"
"dontefromschool","1","2","3"
"DonTuran89","2","1","3"
"DonutsAndBeer","1","2","3"
"DonVito0","2","1","3"
"donvuksa87","2","1","3"
"DoorHandleEnjoyer","2","1","3"
"Doowaad","2","1","3"
"doppelganger_exe","1","2","3"
"doraji","2","1","3"
"Dordgi","1","2","3"
"Doreami","2","1","3"
"DorfeRiksen","2","1","3"
"Dorogoff","1","2","3"
"DOrozco-SDMS","1","2","3"
"Doruk0748","2","1","3"
"dorukatasoy","2","1","3"
"Dorukf","2","1","3"
"DorukKutlu","1","2","3"
"doruktarcan","2","1","3"
"dos11","1","2","3"
"Doskoi01","1","2","3"
"dosmenosuno","2","1","3"
"DoSoW2","1","2","3"
"Dospiller","2","1","3"
"Dospore","1","2","3"
"Dostmhmed21","2","1","3"
"Dotley","2","1","3"
"DotsDots","2","1","3"
"dottorjoons","1","2","3"
"doubl3ch3ck","1","2","3"
"Double_0707","2","1","3"
"Double_checKING","2","1","3"
"DoubleSpeak007","2","1","3"
"DougFBert","1","2","3"
"dougmcnally","1","2","3"
"Dover1958","1","2","3"
"Dovka","2","1","3"
"DovydasSkauranskas","2","1","3"
"Dowoodca","1","2","3"
"dpici","1","2","3"
"dpinter7","1","2","3"
"dpk125","1","2","3"
"DPlagueis","1","2","3"
"DPo3D","1","2","3"
"dPrDtR7","2","1","3"
"DpuLai","2","1","3"
"DR_ALI98","2","1","3"
"dr_ayrat","2","1","3"
"Dr_Bloodmoney","2","1","3"
"Dr_Gear","2","1","3"
"Dr_Kollossos","2","1","3"
"Dr_Lenk","2","1","3"
"Dr_Leo","1","2","3"
"Dr_Lexus","2","1","3"
"Dr_N","2","1","3"
"Dr_Nadiaa","1","2","3"
"Dr_narik007","1","2","3"
"Dr_orhan_chess","2","1","3"
"Dr_Oz","2","1","3"
"Dr_Romero","1","2","3"
"Dr_Sommarstein","1","2","3"
"dr_wakar","1","2","3"
"dr_zoydberg","2","1","3"
"Dr-Dolitle","2","1","3"
"DR3ARYDR3AD","2","1","3"
"drabdul2002","2","1","3"
"dracary5","1","2","3"
"Dracaryis","1","2","3"
"DRadionov","2","1","3"
"Drafter9","2","1","3"
"dragan71","1","2","3"
"Dragansgranovic","2","1","3"
"DragomirMaster","2","1","3"
"dragomiro","1","2","3"
"Dragon-Battle","2","1","3"
"dragonboy12","1","2","3"
"Dragonet","1","2","3"
"Dragonmaster_1412201","1","2","3"
"Dragonsord","2","1","3"
"Dragonsoup","1","2","3"
"Dragor62","2","1","3"
"Dragutin10","1","2","3"
"DrahaX","2","1","3"
"DrAjayDakre","1","2","3"
"Drakon_7","1","2","3"
"drAmundsen","2","1","3"
"dranjalipjoshi","1","2","3"
"dranocrepus","2","1","3"
"Dravidkk2016","1","2","3"
"drcardoso","2","1","3"
"DrChess17","2","1","3"
"DrChivago","1","2","3"
"drdd25","2","1","3"
"DrDoomCloud","2","1","3"
"Dream_Hse","1","2","3"
"Dreamer_0x01","1","2","3"
"dreamsandschemes","1","2","3"
"DrEckleburg","2","1","3"
"DregoBlogs","1","2","3"
"DrEgypt","2","1","3"
"DrEmad99","1","2","3"
"Drenis","1","2","3"
"DreO_maN","1","2","3"
"Dreugh","2","1","3"
"DrewA77","2","1","3"
"drewbock","2","1","3"
"drewsky_w","1","2","3"
"drex0402","1","2","3"
"Drexelvalzz","2","1","3"
"Drf72","2","1","3"
"drfAtIHb","2","1","3"
"drgowthaman27","1","2","3"
"DrGyros","1","2","3"
"drhappyness","2","1","3"
"Drhope700","2","1","3"
"dribe","1","2","3"
"DrIctrioul","1","2","3"
"drione","2","1","3"
"drm123","1","2","3"
"drMathur0p","2","1","3"
"drmitesh1","2","1","3"
"DrMoody","1","2","3"
"Drmunna","1","2","3"
"Drnayime","1","2","3"
"drogi69","2","1","3"
"dron_tallinn","2","1","3"
"drona333","2","1","3"
"dronkihot","1","2","3"
"droopyIikesyourface","1","2","3"
"DrOtanazarov_0219","1","2","3"
"Drotten","2","1","3"
"drozdziak1","1","2","3"
"DrPredictstein","2","1","3"
"drsachies","1","2","3"
"DrSaddamHusain","1","2","3"
"DrShkarlee","1","2","3"
"DrSussy","2","1","3"
"DrThrawn","2","1","3"
"drtyhhw","2","1","3"
"druggg","2","1","3"
"Drugmage","1","2","3"
"drumbrake","1","2","3"
"drunk_josh","2","1","3"
"Drunkestein96","1","2","3"
"drunkpanda59","2","1","3"
"druv09","1","2","3"
"druvanthchess","1","2","3"
"drvirendra","1","2","3"
"DrZaius3141","2","1","3"
"dsbaramachary","1","2","3"
"dsims201408","1","2","3"
"DSKochergin","2","1","3"
"dsst567","2","1","3"
"dstoro","1","2","3"
"DTC_PhQuangThai2012","1","2","3"
"DTH_lesonnhathuy","2","1","3"
"DTH_nguyenquangnam","2","1","3"
"dtoklu520","1","2","3"
"dtslumpgoddd","2","1","3"
"dtsokeefe","2","1","3"
"dturock","1","2","3"
"DTVuaco","1","2","3"
"duad","1","2","3"
"Duarte7707","2","1","3"
"dubekassim","2","1","3"
"Dubiekin","2","1","3"
"DuBoutDeLaVille","2","1","3"
"duccuongHOCGIOI","2","1","3"
"duckvadet","2","1","3"
"DucPhu12","2","1","3"
"DucThanh199990","2","1","3"
"dude7586","1","2","3"
"Dudu556677","2","1","3"
"dudubianchi01","1","2","3"
"Duechi","1","2","3"
"Duefall","2","1","3"
"DUG_Cavinas","1","2","3"
"Dugarzhapov","2","1","3"
"Duiwen","2","1","3"
"dumi1","1","2","3"
"Dumindu","1","2","3"
"dumpsterpickle","2","1","3"
"dumpy07","2","1","3"
"Dungbaby","1","2","3"
"DunkanM","1","2","3"
"dunkelheit123","1","2","3"
"DunRingill","2","1","3"
"DunyashinE","1","2","3"
"duonghoangtuan304","2","1","3"
"duparte","2","1","3"
"duperdavid","2","1","3"
"dupilax","2","1","3"
"dupu104","1","2","3"
"dupu112","1","2","3"
"dupu201","2","1","3"
"dupu204","2","1","3"
"dupu206","2","1","3"
"dupu208","2","1","3"
"dupu211","1","2","3"
"dupu302","1","2","3"
"dupu315","2","1","3"
"dupu503","1","2","3"
"dupu506","1","2","3"
"Duracheks","1","2","3"
"Duremar_VL","2","1","3"
"DurgaVipin","2","1","3"
"DursunCam","1","2","3"
"Dusanis","1","2","3"
"DustinBTRNorth1","2","1","3"
"duuuke33","2","1","3"
"DUXY22","2","1","3"
"Duysenbaev","1","2","3"
"DVBTrongHieu2016","1","2","3"
"DvdB","1","2","3"
"Dvinc75","2","1","3"
"dw_stolker","2","1","3"
"Dw232chess","1","2","3"
"dward-bush","2","1","3"
"DwayneDibbly1820","2","1","3"
"dwellstood","1","2","3"
"DwiiDar","2","1","3"
"dwiyOSAfat","2","1","3"
"Dwuszach","2","1","3"
"dwylers","1","2","3"
"DyElai26","2","1","3"
"Dylan_2006","2","1","3"
"dylanrosa","1","2","3"
"Dymady","2","1","3"
"dynamoeoen","2","1","3"
"dyno_saurus_rex","2","1","3"
"dynr","2","1","3"
"Dyonis90","1","2","3"
"Dysion","1","2","3"
"Dyuthi22","2","1","3"
"Dzagosha","1","2","3"
"Dzaki13","2","1","3"
"dzen1010","1","2","3"
"dzhumiin","2","1","3"
"DzMT","1","2","3"
"dzon_trawolta","1","2","3"
"dzsayan","2","1","3"
"dzsoi22","2","1","3"
"Dzumba1","2","1","3"
"E_gh","2","1","3"
"e_mikishanov","1","2","3"
"E_R_A","1","2","3"
"e_willo","2","1","3"
"e-agbulut","1","2","3"
"E-TomekGhoster1","1","2","3"
"E1234567890","1","2","3"
"e1wer","1","2","3"
"E2023MAIL","2","1","3"
"e41959","2","1","3"
"e4d5zxczxc","1","2","3"
"E5ciPazl","1","2","3"
"e5contreras","2","1","3"
"E85VR","1","2","3"
"eadwine","1","2","3"
"EagerCadet","1","2","3"
"Eagle12345","2","1","3"
"Eagle3stars","2","1","3"
"eagleaviator","2","1","3"
"Eaglefalcon","1","2","3"
"Ealeman","1","2","3"
"Early-durban","2","1","3"
"earthmyth52","1","2","3"
"Eas1607","2","1","3"
"easy_2_win","2","1","3"
"easyboyyyyy","2","1","3"
"easydoor","1","2","3"
"easyfettysniper","2","1","3"
"EasyListener","2","1","3"
"easymate1987","1","2","3"
"Ebano7c","1","2","3"
"EBEID10","1","2","3"
"Ebeishii1","1","2","3"
"ebejick","2","1","3"
"Eben_HP","1","2","3"
"Ebenezerjeba","1","2","3"
"EbenSamuel2009","1","2","3"
"eberthmeza","2","1","3"
"ebiyik","1","2","3"
"EbnSalem","2","1","3"
"ebraheemmustafa","1","2","3"
"Ebrahemessam37","2","1","3"
"ebrahiemova","1","2","3"
"Ebrahimkarimi","1","2","3"
"Ebrahimrasooli","1","2","3"
"ebrdnz","1","2","3"
"Ebtekar99","2","1","3"
"Ebunka","2","1","3"
"Eca12","2","1","3"
"ecauture","2","1","3"
"Eckerman33","1","2","3"
"Eclips_1","2","1","3"
"Ecyr2012","1","2","3"
"Ed-gor","2","1","3"
"ed12345678","1","2","3"
"ed1991","1","2","3"
"EDA19","2","1","3"
"edadurmaz","1","2","3"
"EdAm","2","1","3"
"EDANIEL_SN","2","1","3"
"EdBa","2","1","3"
"edboy_1968","1","2","3"
"Edc811","1","2","3"
"eddans","1","2","3"
"EddieDavidLi","2","1","3"
"EDDIMERLYN","2","1","3"
"Eddy_Truth254","1","2","3"
"Eddy012345","1","2","3"
"Edelweiss123","2","1","3"
"Edgar_Adan92","1","2","3"
"Edgar666","1","2","3"
"edgarpetrosyan","1","2","3"
"EdgyDabs","2","1","3"
"edi_tms","2","1","3"
"edible_plutonium","1","2","3"
"EdikBorkin","2","1","3"
"edikchess009","2","1","3"
"edilsonmoizinho","1","2","3"
"edjan999","2","1","3"
"EdmasterMusic","2","1","3"
"Edmond28","1","2","3"
"Edoardo93","2","1","3"
"edskiy","1","2","3"
"Edu_71","2","1","3"
"EDU_kco","1","2","3"
"eduabjd","2","1","3"
"Eduar2000","2","1","3"
"Eduard_67","2","1","3"
"Eduard_Smirnov-1963","1","2","3"
"Eduardo110","2","1","3"
"Eduardo1982","1","2","3"
"Eduardo22s","1","2","3"
"eduardo3105","2","1","3"
"EduardoAnriquez","1","2","3"
"EduardoBDuarte","1","2","3"
"Eduardodo","2","1","3"
"Eduardodudu2019","2","1","3"
"EduBuzzligthyear","2","1","3"
"EDUDALMEIDA","1","2","3"
"edufreakers","2","1","3"
"Eduil024l","2","1","3"
"eduinvelasco","2","1","3"
"edward11z","2","1","3"
"EdwardGultiaev","2","1","3"
"EdwardPortal_6PUC","2","1","3"
"EdwardYar","2","1","3"
"Edwin_Thomas","2","1","3"
"edwin2602","2","1","3"
"EdwinGGomez","2","1","3"
"edwinnima512","1","2","3"
"Edy59","1","2","3"
"EE12","2","1","3"
"EekKsS","1","2","3"
"eeliele_2","1","2","3"
"eelsanto","1","2","3"
"eenakre","2","1","3"
"eeppich","1","2","3"
"EFB_1","1","2","3"
"efecktk","2","1","3"
"EfeKaraarslan","2","1","3"
"eferov","2","1","3"
"efey2017","1","2","3"
"Efim2001","2","1","3"
"EfimovPavel","2","1","3"
"efr_pryanik","2","1","3"
"Efrain619","2","1","3"
"efrainmoreno","2","1","3"
"EfremovMiha","1","2","3"
"Efsanekestane","2","1","3"
"efw_cevik","2","1","3"
"EgardeeZ","1","2","3"
"egdm","2","1","3"
"ege1234321","1","2","3"
"Egeberko","1","2","3"
"Egegun16","1","2","3"
"EgermPA","2","1","3"
"EGESARPOZER","1","2","3"
"egiob","1","2","3"
"egnalos","1","2","3"
"egonzalias","2","1","3"
"Egor_2011_Z","1","2","3"
"egor_46","1","2","3"
"Egor_Ryabyshev","1","2","3"
"Egor2014-25","1","2","3"
"egorborisov","1","2","3"
"EgorBorisov14","1","2","3"
"egorbyg","1","2","3"
"Egorchik28","1","2","3"
"EgorIlin","1","2","3"
"EgorKorchik","2","1","3"
"egorov_sergei","2","1","3"
"EgorParakhin","2","1","3"
"Egorptashnik","1","2","3"
"EgorShumilun","2","1","3"
"egozisyen","2","1","3"
"Egr2110","2","1","3"
"EgwatuH","1","2","3"
"Ehlibeyit","1","2","3"
"ehsan_cadenza","2","1","3"
"ehsan_casparof1369","1","2","3"
"Ehsan_karami","2","1","3"
"ehsannasri","2","1","3"
"ehsanroshaniii","2","1","3"
"ehsanzr","2","1","3"
"EHSCactus285","2","1","3"
"ehsvendsen","2","1","3"
"eich27","2","1","3"
"Eidertjo","2","1","3"
"Eikeboom","1","2","3"
"Eilrasch","2","1","3"
"ein_sein","2","1","3"
"Einblatt","2","1","3"
"einfachnurpaul","2","1","3"
"Einhornpanzer","2","1","3"
"eisa_996","2","1","3"
"Eisa_pov","2","1","3"
"Eisbaer69","1","2","3"
"EisbrecherSchum","1","2","3"
"EisnerK","1","2","3"
"Eisteinia","2","1","3"
"EITERER","2","1","3"
"Eithanchessplays","1","2","3"
"eizo0o","1","2","3"
"ejaszke","2","1","3"
"Ejlalsalimi","1","2","3"
"ejva","1","2","3"
"ekaitza","2","1","3"
"Ekam2013","2","1","3"
"Ekatonqueiro","2","1","3"
"EKH07","2","1","3"
"EkinGuler","2","1","3"
"ekk_15","1","2","3"
"Ekrizdis","2","1","3"
"Ekusera","2","1","3"
"EL_KICK","1","2","3"
"el_martin","1","2","3"
"El_Villano_de_turno","2","1","3"
"El-de-Gog","1","2","3"
"El1986cabeza","2","1","3"
"elagutedestroza","1","2","3"
"elara1396","2","1","3"
"ElArteDelVago133","2","1","3"
"elassal12","1","2","3"
"elazarbakal","2","1","3"
"Elazel","1","2","3"
"Elbar_khaled","1","2","3"
"elbemanika","1","2","3"
"elboupro2020","1","2","3"
"Elcagon","1","2","3"
"elcora2070","2","1","3"
"elcpngerson","2","1","3"
"eldar0181","1","2","3"
"eldelospiesligeros","1","2","3"
"ELDEZALL","1","2","3"
"Ele3ck","1","2","3"
"elec7ricu7ed","1","2","3"
"elecrci","1","2","3"
"Electrical123","1","2","3"
"ElEdara","1","2","3"
"elefan3","1","2","3"
"elektromicka","2","1","3"
"elemele","1","2","3"
"elena_2020sadat","2","1","3"
"Elena-lens","2","1","3"
"ElenaVinnichenko","2","1","3"
"ElenaVyrva","2","1","3"
"Elenio","1","2","3"
"elephant_1997","2","1","3"
"ElevenSuns","1","2","3"
"elf1954","2","1","3"
"elfathi","1","2","3"
"elfi","2","1","3"
"elflord","1","2","3"
"ElGabo","2","1","3"
"Elgar99","2","1","3"
"ElGatoNegro2022","1","2","3"
"Elgendy2003","2","1","3"
"elgiannis","2","1","3"
"Elgosto","1","2","3"
"elgreco35","2","1","3"
"elhawy_1270","1","2","3"
"eli2112","2","1","3"
"eliade66","2","1","3"
"Elias_Schach_TTV1","1","2","3"
"Eliashvili","1","2","3"
"eliasi","1","2","3"
"EliasMTRNorth","2","1","3"
"Elibukky","2","1","3"
"Elicegui","1","2","3"
"Elie_The_King","1","2","3"
"ElielVale","2","1","3"
"Elieser01","2","1","3"
"eliesgerov","1","2","3"
"eliexv","2","1","3"
"ElifBerra07","1","2","3"
"elifdefneee","2","1","3"
"elifsu16","1","2","3"
"EliMendoza30","2","1","3"
"Elimir","1","2","3"
"elina_smn","1","2","3"
"Eliobrasil","2","1","3"
"eliqulu","2","1","3"
"Elisey_16","1","2","3"
"ElishaS12","1","2","3"
"Elite_gamers","1","2","3"
"EliteTitan30","2","1","3"
"EliteXCalibur","2","1","3"
"elizabeth4","2","1","3"
"Elizaveta2015","1","2","3"
"eljay","2","1","3"
"Elkady","2","1","3"
"Elkcir6402","1","2","3"
"ELkonrad12","1","2","3"
"Ella_Reznikova","1","2","3"
"ellak","2","1","3"
"Ellio1","2","1","3"
"Elliot4494","2","1","3"
"ElliottSikes","2","1","3"
"Elmagicoooooooo","1","2","3"
"elmalodebeccar","2","1","3"
"ElMasMacho","2","1","3"
"ELMATAD-OR","1","2","3"
"elmoalex","2","1","3"
"Elmokhtari7320","2","1","3"
"ElMonoTremendo","2","1","3"
"elmoyzatv00045","2","1","3"
"Elmscent","1","2","3"
"elnadoury","1","2","3"
"Elnems22","1","2","3"
"Elnur_kiyasov","2","1","3"
"ElnurShah","1","2","3"
"Elochim","1","2","3"
"Eloi1995","2","1","3"
"ELOlive","1","2","3"
"elon120","2","1","3"
"elondup","2","1","3"
"eloskop","1","2","3"
"ElPana1","1","2","3"
"ElPatroon","2","1","3"
"ElPool05","1","2","3"
"elproblema01","1","2","3"
"elpromaritonikai","2","1","3"
"elratpenat","2","1","3"
"elregola1","1","2","3"
"ELREYDELNORTE","2","1","3"
"Elroett","1","2","3"
"Elrood_xi","1","2","3"
"elsayed6876","1","2","3"
"elshan1391","1","2","3"
"Elshayebhamdy65","1","2","3"
"elsuperior78","1","2","3"
"eltai_99","1","2","3"
"eltamar1003","2","1","3"
"Elthone69","2","1","3"
"eltonjohn123","2","1","3"
"eltorky74","2","1","3"
"eltun7","1","2","3"
"Elu-Niverso","1","2","3"
"elverhoj","2","1","3"
"ElvinbayramoVe","1","2","3"
"ElvisAga","2","1","3"
"elvisjohnes","1","2","3"
"ely974","1","2","3"
"elyamani","2","1","3"
"Em-Sv","2","1","3"
"emad_mousavi","2","1","3"
"emadmazhari4","2","1","3"
"emanuellima","1","2","3"
"emanuelodra","1","2","3"
"EmanuelZorg","1","2","3"
"emauel_EMPAT","1","2","3"
"embrion_96","1","2","3"
"eme2010","2","1","3"
"emecsem","2","1","3"
"emedemate","1","2","3"
"emekugurcan","2","1","3"
"Emelya_store","2","1","3"
"emerkin","2","1","3"
"EmerySACH","2","1","3"
"Emgan14","2","1","3"
"emi_zabalza","2","1","3"
"EmielLanckriet","1","2","3"
"emil_shahmatist","2","1","3"
"EmiliFox","1","2","3"
"emiliopro7","1","2","3"
"emilk_l","2","1","3"
"emilka1420","2","1","3"
"Emillia1709","2","1","3"
"emincandalcin","1","2","3"
"Emir_Kaplan48","1","2","3"
"Emir_tokgunaydinn","1","2","3"
"Emir-Tugrul","1","2","3"
"emiravsaroglu","1","2","3"
"EmircanT","1","2","3"
"Emirkhan_Burak","1","2","3"
"EmissionNebula","2","1","3"
"Emmanuel_lima","1","2","3"
"Emmanuel35624","1","2","3"
"EmmanuelKevinPeter","1","2","3"
"Emmanuelmunugwe","2","1","3"
"EmmanuelR20","2","1","3"
"EmmettC","1","2","3"
"emo2003","2","1","3"
"emorolong","1","2","3"
"empariyon","2","1","3"
"empeppo","1","2","3"
"EmperorMichael","1","2","3"
"EmptyHead56","2","1","3"
"emrahkaracaa","1","2","3"
"emrano_13","2","1","3"
"Emre_Dagestani","2","1","3"
"Emre6emre","2","1","3"
"emrealabaca","2","1","3"
"emrealtunay","1","2","3"
"EmreB1","2","1","3"
"Emrecn_11","2","1","3"
"Emrecoskunio","1","2","3"
"Emredus3001303","1","2","3"
"emreesari","2","1","3"
"emregov","2","1","3"
"Emrenome","1","2","3"
"EmreTheHuman","1","2","3"
"Emrose","2","1","3"
"emrullah27","1","2","3"
"Emshik2000","2","1","3"
"emupuya","2","1","3"
"emussynski","2","1","3"
"enayra08","1","2","3"
"EnCanto2020","2","1","3"
"Encla","1","2","3"
"End_Grand","2","1","3"
"Endaszamani","2","1","3"
"EnderKrieger33","2","1","3"
"endgamemaster369","2","1","3"
"EndlessFalcon","1","2","3"
"Endschpil","1","2","3"
"endymion79","2","1","3"
"Enery","1","2","3"
"EnesE15","1","2","3"
"EnesEren05","2","1","3"
"enfantspoete","1","2","3"
"Eng_mahmoud_0","1","2","3"
"Engen","2","1","3"
"engjoe","1","2","3"
"EnglishKing114","2","1","3"
"EngMo3GeZa1907","1","2","3"
"engosman88","1","2","3"
"Engsadq313","2","1","3"
"Enigma-8","2","1","3"
"Enigmatique","1","2","3"
"enkerekelnezest","1","2","3"
"eNkier","2","1","3"
"Enmat111","2","1","3"
"Ennson","2","1","3"
"enob_2004","2","1","3"
"enoliM","1","2","3"
"enone_molleda","1","2","3"
"ENORMERANORAK","2","1","3"
"Enotios","1","2","3"
"Enotta","1","2","3"
"enramoscobo","2","1","3"
"enrico_101","1","2","3"
"Enrico000","1","2","3"
"Enriky","2","1","3"
"Enrique73","1","2","3"
"enriquecerro","1","2","3"
"EnriquePlazas","2","1","3"
"enriqueurtadog","2","1","3"
"enriquh","1","2","3"
"ensv7","2","1","3"
"enverdulgerov","2","1","3"
"Enzo_Medina","1","2","3"
"Enzo_nogaledo","1","2","3"
"enzoboone","2","1","3"
"enzodelgado65","1","2","3"
"EnzoFragale","1","2","3"
"enzolessa","1","2","3"
"eoloson","2","1","3"
"eorsipal","2","1","3"
"epamka37","1","2","3"
"epeli","2","1","3"
"Ephraim_vee","1","2","3"
"Epic_black_horse","2","1","3"
"Epic_Doughnut","1","2","3"
"EpicMateM9","1","2","3"
"Epicsanti","1","2","3"
"epileseptic","2","1","3"
"epltnn","1","2","3"
"EQGAMARRA","1","2","3"
"EQS_64","1","2","3"
"Equestrian","1","2","3"
"er_ysfi","1","2","3"
"er-hakan","2","1","3"
"EraserGodzilla","1","2","3"
"Erasyl897","2","1","3"
"erasylnurbek1994","2","1","3"
"Erayersin","2","1","3"
"Eraygundzz","2","1","3"
"Erbol_1980","1","2","3"
"ercanbrkn34","2","1","3"
"ercangunes","2","1","3"
"ercdm","1","2","3"
"Ercumentovski","1","2","3"
"erdalsgame","1","2","3"
"Erdalsochi","2","1","3"
"Erdemsalihsavas37","1","2","3"
"ERdm20","2","1","3"
"Erebus80","2","1","3"
"Ereke1983","1","2","3"
"eren_fzl","2","1","3"
"Eren_Uncu","2","1","3"
"EREN191120","2","1","3"
"erenerdogn","2","1","3"
"ErenUysal","1","2","3"
"ereznim","2","1","3"
"Erfan_1","2","1","3"
"erfan1001","2","1","3"
"Erfis","2","1","3"
"ergato46","2","1","3"
"erhanb82","2","1","3"
"Erhangame","1","2","3"
"erhankurekci","2","1","3"
"erhann","1","2","3"
"erhanonur","1","2","3"
"Eric_Areco","1","2","3"
"eric_robinson","2","1","3"
"Eric_Rodricks","2","1","3"
"ericicer","1","2","3"
"Erick172","1","2","3"
"ErickH_32","1","2","3"
"ErickMadrid","1","2","3"
"Ericksitomxd","1","2","3"
"ericlorraine","2","1","3"
"ericr97","2","1","3"
"erikac2940p","2","1","3"
"ErikGasparoff","2","1","3"
"ErikHSHL","2","1","3"
"erionrosaj","2","1","3"
"ERISVANqwe","2","1","3"
"erkanius","2","1","3"
"erkebay2016","2","1","3"
"erkin8286","2","1","3"
"erkow1995","1","2","3"
"ermanius7","1","2","3"
"Ermes1993","2","1","3"
"ermila92","2","1","3"
"Ernelpro","1","2","3"
"Ernest2006","2","1","3"
"Ernie2u","2","1","3"
"ernplt","1","2","3"
"Erodavlas","1","2","3"
"eroe12179","2","1","3"
"eroltas321","2","1","3"
"eroncoroni","1","2","3"
"eros50","1","2","3"
"erosmolina","2","1","3"
"Errmergerd","2","1","3"
"ERROLFLYNN","1","2","3"
"ErrorMasta","1","2","3"
"ERRRRRRRRRRE","2","1","3"
"ersemei","2","1","3"
"ersinyldrm","2","1","3"
"ertmnop","1","2","3"
"erwin_ballaran","1","2","3"
"ErwinOng","1","2","3"
"erwinsmith444","1","2","3"
"erya777","1","2","3"
"ESAL_03","1","2","3"
"esch777","1","2","3"
"esciman","1","2","3"
"ESCORCIA_1","1","2","3"
"esdafe","1","2","3"
"eSDek","1","2","3"
"ESEDER","1","2","3"
"Esefoglu38","1","2","3"
"EseMuchachilloEl10","1","2","3"
"eserpskrt","1","2","3"
"EShenai","2","1","3"
"EsinIS","1","2","3"
"eskorpiondvd","2","1","3"
"Eslam-AlShemi16","1","2","3"
"Eslamelabassery","2","1","3"
"Esmaeilmsh","1","2","3"
"Esmaeltan","1","2","3"
"Esomola","1","2","3"
"ESPADAFILOSA","2","1","3"
"Espejo77","2","1","3"
"espinakkker","1","2","3"
"esplanagerald","2","1","3"
"esrekoes","2","1","3"
"Ess2a","2","1","3"
"essam1352","1","2","3"
"EssEllDee","1","2","3"
"essentialsalts","2","1","3"
"essuli89","1","2","3"
"Essus","1","2","3"
"estadistic","1","2","3"
"Estanislao11","2","1","3"
"estbautista","1","2","3"
"Esteclopes","1","2","3"
"estefanot4","2","1","3"
"Ester_Minus","2","1","3"
"estfserpi","2","1","3"
"EstherSanta11","2","1","3"
"estirymahan","1","2","3"
"estlin85","2","1","3"
"Estusha","1","2","3"
"esukosd","1","2","3"
"esunconejo","1","2","3"
"etco123","1","2","3"
"Eternityis4evr","1","2","3"
"ethanhead","2","1","3"
"EthanolC2","1","2","3"
"Etherglide","2","1","3"
"Eti123","2","1","3"
"etieh57","2","1","3"
"Etrandil","1","2","3"
"ETURNUS","2","1","3"
"Etuxu777","1","2","3"
"eudes007","2","1","3"
"Eunkyeolhan2013","1","2","3"
"eunseong6167","2","1","3"
"euquelute","1","2","3"
"Eurekaman57","2","1","3"
"european_bob","2","1","3"
"eurramos","1","2","3"
"eurusholmes777","1","2","3"
"Eurynoos","1","2","3"
"eva469","2","1","3"
"EvaAga","1","2","3"
"Evan1018","1","2","3"
"evan125","2","1","3"
"Evancio","2","1","3"
"evangelieP","1","2","3"
"Evangia","2","1","3"
"EVANILSON260680","2","1","3"
"EvanKostroff","1","2","3"
"evanschan","1","2","3"
"EvansNgumunu","1","2","3"
"ever4moh","1","2","3"
"Everest-topside","1","2","3"
"everrahul89","2","1","3"
"EverRamos8","1","2","3"
"EvertA7","2","1","3"
"everts77","2","1","3"
"Evertzwijn","2","1","3"
"every1rise","2","1","3"
"Everythings-blue0","2","1","3"
"Evg2016","2","1","3"
"evgen_81","2","1","3"
"EVGEN333333","2","1","3"
"Evgen59","2","1","3"
"Evgen72","2","1","3"
"EvgenAleksentsev","1","2","3"
"Evgenei5551","1","2","3"
"EvgeneSv","1","2","3"
"Evgeni19_10","1","2","3"
"Evgenie_123","1","2","3"
"Evgenij2","1","2","3"
"Evgeniy_Vasilyev","2","1","3"
"Evgeniy1007","2","1","3"
"Evgeniy197","1","2","3"
"Evgeniy67","2","1","3"
"Evgeniya_Kovaleva","2","1","3"
"EvgeniyKosachev","1","2","3"
"EvgeniyLEV","2","1","3"
"EvgenOrel","2","1","3"
"Evgeny_Evstigneev500","1","2","3"
"evgeny33","2","1","3"
"evgenyidelson","2","1","3"
"evgenyslade","2","1","3"
"evgeshique","2","1","3"
"EvgVikNed","1","2","3"
"Eviechoi","1","2","3"
"evilsmoothie","2","1","3"
"evtibida","2","1","3"
"ewafx","1","2","3"
"EWamz","2","1","3"
"ewanie","2","1","3"
"ewevjy","2","1","3"
"Ewgeniy78","2","1","3"
"EwwwDavid","1","2","3"
"Ex1sT3nZ","1","2","3"
"exakt","1","2","3"
"ExcitedMind","1","2","3"
"ExeNTcoM","2","1","3"
"Exercist777","1","2","3"
"Exizt13552","2","1","3"
"Exkeletor","2","1","3"
"EXOChess","1","2","3"
"ExpeditoScore3600","2","1","3"
"ExpertSub23","1","2","3"
"Exploitzz","2","1","3"
"Explorer2022","1","2","3"
"Explosivestep","2","1","3"
"ExRelaxo","2","1","3"
"exrons","1","2","3"
"Extraordinarytido","1","2","3"
"Eyad_1","1","2","3"
"eyaoftornado","2","1","3"
"EyeOfMacaw","2","1","3"
"Eyhem","1","2","3"
"eyluleceerdemir","2","1","3"
"Eymen_alpuguz","2","1","3"
"eymencarsel","2","1","3"
"Eyquienox","1","2","3"
"Eyram_John","1","2","3"
"eyup5620","2","1","3"
"eyupbulgan","2","1","3"
"eyuploman","1","2","3"
"ez_eldin","1","2","3"
"Ezekiel89","1","2","3"
"Ezequiel52","2","1","3"
"ezequielsa","2","1","3"
"ezgiayok","2","1","3"
"ezgiendes","2","1","3"
"EZIKIL_CHESS","1","2","3"
"Ezrahgambit","2","1","3"
"ezz90ezz","1","2","3"
"F_Requena","1","2","3"
"F-Aldawsi","2","1","3"
"f-moonhill","2","1","3"
"f0udre","1","2","3"
"F1GuRMaN","2","1","3"
"F1sher2000","2","1","3"
"F28F","1","2","3"
"F2P_Pernegger","2","1","3"
"faaaaheem","2","1","3"
"fabian1193","1","2","3"
"fabiancho80","2","1","3"
"fabienb22","1","2","3"
"Fabiofffff","1","2","3"
"Fabiola2912","1","2","3"
"Fabiuz88","1","2","3"
"Fabrizio_Barbieri","2","1","3"
"fabrizio-chavez","1","2","3"
"Fabrizio79","2","1","3"
"fabssay","1","2","3"
"Fabuez","2","1","3"
"facezio","2","1","3"
"fachrulym","1","2","3"
"Facundo_Aranda","1","2","3"
"Facundo_Dominguez326","1","2","3"
"facundotozzi","2","1","3"
"FacuVega007","1","2","3"
"Fadakar1400","2","1","3"
"FadedFantasyy","2","1","3"
"fadi126468","2","1","3"
"Fadialset","2","1","3"
"Fadiarraf96","1","2","3"
"Fady7rakat","2","1","3"
"FADYGIRGISWAY","1","2","3"
"fafafareniego","1","2","3"
"Fagerborg","2","1","3"
"faheywf","2","1","3"
"faIIenangeI","2","1","3"
"failingtheIB","2","1","3"
"FAIQ009","2","1","3"
"fairnessfirst","1","2","3"
"faisal1301","2","1","3"
"Faisalpatehi","2","1","3"
"Faive","2","1","3"
"faiz115","2","1","3"
"fajerwerkChessPro","1","2","3"
"Fajita_Catsuit","2","1","3"
"fakedepression","2","1","3"
"FalconJab","1","2","3"
"faldho11111","2","1","3"
"FalehG","1","2","3"
"falgxu","2","1","3"
"falimalgrat","1","2","3"
"Falmobe","1","2","3"
"falmulla","2","1","3"
"falreg","2","1","3"
"FaMilan99","1","2","3"
"FamousCatches","2","1","3"
"Fanarist","1","2","3"
"Faneo","1","2","3"
"fang_yassine","1","2","3"
"Fans1985","1","2","3"
"fanta81","1","2","3"
"FanzilShay","2","1","3"
"faraasha","2","1","3"
"farabifakharuddin","1","2","3"
"faramarz1970","1","2","3"
"faramarzizadehz1","2","1","3"
"faraz_sdi","2","1","3"
"Farbendoom","1","2","3"
"Farcastudor2","1","2","3"
"Fardad_Soltani_neder","1","2","3"
"Fareast247","1","2","3"
"FareedLashari","2","1","3"
"FaresDyab","2","1","3"
"fareson","1","2","3"
"FarfourTheMouse","2","1","3"
"farhad1803","1","2","3"
"farham97","1","2","3"
"farhamramzani66","1","2","3"
"farid_611","1","2","3"
"farid_chess_9","1","2","3"
"farisnikov","2","1","3"
"FarmFreshFeline","2","1","3"
"Farmhousevilla","1","2","3"
"farnesbarnes","1","2","3"
"faroles","2","1","3"
"faroq2","1","2","3"
"Farshid1361","1","2","3"
"Farshid1370","2","1","3"
"farshoss","1","2","3"
"faruksarihan","1","2","3"
"Faruksem","2","1","3"
"farzadam1391","1","2","3"
"farzadzoraghchi","2","1","3"
"FarzanAmiri","2","1","3"
"Fashido","1","2","3"
"FasonixFasonix","1","2","3"
"Fast_Falcon123","2","1","3"
"Fastomate","2","1","3"
"fastrocket","2","1","3"
"Fat_Vader","2","1","3"
"fatameh1392","1","2","3"
"fatbulit","1","2","3"
"Fatem2277","2","1","3"
"Fateme_sh2008","2","1","3"
"fatemeh6309","1","2","3"
"father1000000","1","2","3"
"fathirrr","1","2","3"
"fatih046","1","2","3"
"fatihkrygd","1","2","3"
"Fatihunsal","2","1","3"
"fatilla246","1","2","3"
"Fatsani","2","1","3"
"FaubrizioMaurizio","1","2","3"
"FaustoBarrera","2","1","3"
"faustopm50","2","1","3"
"Fauzi_chess","1","2","3"
"Favours","1","2","3"
"fawas7","1","2","3"
"Fawzy_man","1","2","3"
"Faxzi","1","2","3"
"faydine976","1","2","3"
"faysalremu","2","1","3"
"fazel1","2","1","3"
"fazelkama","2","1","3"
"Fazorth","2","1","3"
"fazsi","1","2","3"
"fbfati72fati72","1","2","3"
"fblack22","1","2","3"
"FBLB","1","2","3"
"FBUHO","1","2","3"
"FC_B-M27_e-V","2","1","3"
"fcast","2","1","3"
"fdbm1978","1","2","3"
"FDSXCA","2","1","3"
"FeatherThief","2","1","3"
"FEDAZzZ","2","1","3"
"Fede1072","2","1","3"
"fedeilking","2","1","3"
"Federick08","2","1","3"
"FEDERICO_CP","1","2","3"
"federicowf","1","2","3"
"fedi1996","2","1","3"
"Fedor_Konst","2","1","3"
"Fedor190909","2","1","3"
"fedorgroggin","2","1","3"
"FedorNoskoff","2","1","3"
"FedorS123","1","2","3"
"FedorSmirnov27","2","1","3"
"FedorX","1","2","3"
"Fedotov_Kirill","1","2","3"
"feedbacker","2","1","3"
"feegiehatchet","2","1","3"
"FeelWedgeBanks","1","2","3"
"fehmiaslan","1","2","3"
"feigbaag","1","2","3"
"fekaon","1","2","3"
"feks11","1","2","3"
"Fekz115","1","2","3"
"Feliarchie","2","1","3"
"Felicia1234","2","1","3"
"Feliciano2020","1","2","3"
"Felicity_Merriman","1","2","3"
"Felipaocudina","2","1","3"
"felipe1947","1","2","3"
"felipebato76","1","2","3"
"FelipeLotas","1","2","3"
"Felix_2","1","2","3"
"felix_leung","2","1","3"
"Felix_zhou","2","1","3"
"Felixfexus","2","1","3"
"FelixPotter","1","2","3"
"FELIXRA","1","2","3"
"FelixTran","2","1","3"
"FelixWerner","2","1","3"
"Fellipee","2","1","3"
"Felmie","1","2","3"
"Feluminas","2","1","3"
"FEMAR","2","1","3"
"FemboiChessEnjoyer","1","2","3"
"Femto_Dubz","2","1","3"
"Fen9","1","2","3"
"fendirce","1","2","3"
"feniboot","2","1","3"
"FeniteX","2","1","3"
"Fenixwil","1","2","3"
"Fensalir-93","1","2","3"
"Fer1718","1","2","3"
"Fer1988","1","2","3"
"Ferbalot","2","1","3"
"Ferchisct2016","1","2","3"
"ferenc16","1","2","3"
"Ferhat18","1","2","3"
"ferhatcurg","2","1","3"
"FeridHuseynli","2","1","3"
"Fernan19","2","1","3"
"FernandaFloresD","2","1","3"
"fernando_flores_davi","2","1","3"
"fernando_lizarraga","1","2","3"
"Fernando_SantiagoTZ","2","1","3"
"Fernando300529","2","1","3"
"fernando3113","2","1","3"
"FernandoHA123","2","1","3"
"FernandoJA","2","1","3"
"fernandopaes","2","1","3"
"FernandoSamo","2","1","3"
"fernoli32","2","1","3"
"ferovi","2","1","3"
"FerrisArgyle","1","2","3"
"Ferte77","2","1","3"
"ferupe","1","2","3"
"Ferxy","2","1","3"
"FERZ_7_7_7","1","2","3"
"Ferzika","1","2","3"
"Fessy","2","1","3"
"Festuschuks","1","2","3"
"fethiyeantalya","2","1","3"
"Feuerbaum03","2","1","3"
"feveran24","2","1","3"
"fevergrass","1","2","3"
"Feyza_1907","1","2","3"
"Feyza_clk7","1","2","3"
"ffaasdas2","2","1","3"
"FFF_73","2","1","3"
"Fffgig","1","2","3"
"Ffhheerr","2","1","3"
"fFjH","1","2","3"
"FFM77","1","2","3"
"fgaleb","1","2","3"
"Fghg485848","1","2","3"
"Fghs","1","2","3"
"FGT79","1","2","3"
"FherdinandCM","1","2","3"
"Fi_fo","1","2","3"
"fibanache","1","2","3"
"fida1618","2","1","3"
"fidelito_makon","2","1","3"
"Fideos96","1","2","3"
"fidlux","2","1","3"
"fieldingwater","2","1","3"
"Fiery-Pawn","2","1","3"
"fiffydaphnye","1","2","3"
"Fiflo1701","1","2","3"
"FifoChess256","2","1","3"
"Figira","2","1","3"
"Figo87","2","1","3"
"figur","2","1","3"
"Fiilin","1","2","3"
"Fiillok","1","2","3"
"fikal4","2","1","3"
"fikinkovalaska","1","2","3"
"FikzM","2","1","3"
"filedeleter5000","1","2","3"
"fileproni","1","2","3"
"filidor77","1","2","3"
"Filimonka2017","2","1","3"
"FilippEf","2","1","3"
"Fill-brat","2","1","3"
"fillo57","2","1","3"
"Filmspec","1","2","3"
"filolog1","2","1","3"
"FilthyPeasants","1","2","3"
"Finchessss","2","1","3"
"FinFat","1","2","3"
"FingersFreddy","2","1","3"
"finisterra1","1","2","3"
"finn_macca","2","1","3"
"fiore54","2","1","3"
"fiorett","1","2","3"
"firasabderrazak","1","2","3"
"FireBendingNinja","1","2","3"
"firedupworker","2","1","3"
"FirefallX","2","1","3"
"firehusk","2","1","3"
"firestorm1255","2","1","3"
"firhot123","2","1","3"
"FirstFalcon","2","1","3"
"fischelwood","1","2","3"
"FischerRecargado","2","1","3"
"fish_candle","2","1","3"
"Fisher_2009","2","1","3"
"Fisher715","2","1","3"
"fisherke","2","1","3"
"fishndinty","1","2","3"
"Fisj31","2","1","3"
"Fiskan","2","1","3"
"fiucoh","1","2","3"
"Fixikator","1","2","3"
"fjkl","1","2","3"
"Fjodo","1","2","3"
"fjurdy","1","2","3"
"fknfantastic","1","2","3"
"flacamp2019","1","2","3"
"flacorrea","2","1","3"
"flagosm","2","1","3"
"Flagru","1","2","3"
"Flakess","2","1","3"
"Flarman","1","2","3"
"flash_12","2","1","3"
"Flash-D2","1","2","3"
"flashbackgg2004","1","2","3"
"Flashscore","2","1","3"
"Flashtiger17","1","2","3"
"Flat3arthR3ality","2","1","3"
"FlauGG","1","2","3"
"Flaurandeid","1","2","3"
"FlauschigBauschig","2","1","3"
"flautodigrondaie","1","2","3"
"flavien853","2","1","3"
"FlaYz_Twiix","2","1","3"
"Flenn_WA","2","1","3"
"fleurjas","2","1","3"
"Fleuryfab","1","2","3"
"Flex_1","2","1","3"
"Flightduck","2","1","3"
"Flo2424","1","2","3"
"Floreaa","2","1","3"
"florespozzi","2","1","3"
"floris019","1","2","3"
"FloRyan923","1","2","3"
"floum","2","1","3"
"FlowBlack","1","2","3"
"Fluber","1","2","3"
"fludonja","1","2","3"
"Fluffal_bear","2","1","3"
"fluffy128","2","1","3"
"FlukyLuke","1","2","3"
"FlumdogMillionaire","1","2","3"
"fmesller","2","1","3"
"fmthom22","1","2","3"
"fnm7203233","2","1","3"
"fobe7","1","2","3"
"Fobseu","2","1","3"
"fochess","2","1","3"
"Fofiopez","2","1","3"
"fofo49","1","2","3"
"fofolido7","2","1","3"
"fog911","1","2","3"
"FogHorn1976","1","2","3"
"Fohlen1900","2","1","3"
"Fokseinchess","2","1","3"
"foley_button","1","2","3"
"Fon1y","1","2","3"
"Fonduekocher3010","2","1","3"
"fonGriher","1","2","3"
"Foni_M45","1","2","3"
"foolish_18","1","2","3"
"Footballover","2","1","3"
"Fordy2198","2","1","3"
"Forester126","2","1","3"
"ForestMan_original","1","2","3"
"forestman12","2","1","3"
"forever4ever","1","2","3"
"forgetfulG","2","1","3"
"forgragon","1","2","3"
"ForJeromeee","1","2","3"
"Forkboii","1","2","3"
"formular42","2","1","3"
"Fors_09","1","2","3"
"Fort_JD","1","2","3"
"FortGrand","2","1","3"
"forthenameofgod","1","2","3"
"Fortisful","2","1","3"
"FortuneA","1","2","3"
"fortytwo4242","2","1","3"
"forzee15","1","2","3"
"Fotros2943","1","2","3"
"Fouadhenine05","1","2","3"
"fournl","1","2","3"
"foursquarechap","1","2","3"
"fourvy","1","2","3"
"fox_2023","1","2","3"
"fox07649","2","1","3"
"fox182","1","2","3"
"FoxVox","1","2","3"
"foxyfox64","1","2","3"
"FOXYlite12","1","2","3"
"Fozi_omer","2","1","3"
"fr33GM","2","1","3"
"Frabato80","1","2","3"
"FraBo","1","2","3"
"Fracktale","2","1","3"
"fran_d99","2","1","3"
"France_Rezano13","2","1","3"
"Francesco_Addante","1","2","3"
"Francesco800","2","1","3"
"Francescocomeilpapa","1","2","3"
"FrancescoM01","1","2","3"
"FrancescoPolli22","1","2","3"
"Francescovarvara","1","2","3"
"Francheska_Rodriguez","2","1","3"
"franchi_7","2","1","3"
"Francis-loup-gris","1","2","3"
"Francis-T-J","1","2","3"
"FranciscoBalduino","1","2","3"
"franciscoricogaro","2","1","3"
"francisv8","1","2","3"
"Franclod","2","1","3"
"francobonazza1","2","1","3"
"Francois-33","1","2","3"
"Francois80960","2","1","3"
"Francotirador777","2","1","3"
"francstranje","1","2","3"
"FranHerrera","2","1","3"
"franjacruzado","1","2","3"
"Franjbr","1","2","3"
"franjin","1","2","3"
"Frank_1961","1","2","3"
"Frank0823","2","1","3"
"frank1818","2","1","3"
"frankEdove","1","2","3"
"Frankenwein","1","2","3"
"Frankfeld","1","2","3"
"Frankietheking","2","1","3"
"FrankKoch","2","1","3"
"Frankplz","2","1","3"
"FrankRaul","1","2","3"
"Franky02","1","2","3"
"Frankygames","2","1","3"
"Franner23","2","1","3"
"franquis","2","1","3"
"Franshtein","2","1","3"
"Fransiss21","1","2","3"
"Fransol","1","2","3"
"Franta37","1","2","3"
"Franta52","2","1","3"
"franz_avila","1","2","3"
"franz1023","1","2","3"
"FranzLiszt2023","1","2","3"
"franzyy","1","2","3"
"fraromano1","1","2","3"
"Frascal83","1","2","3"
"FrasierCrane","1","2","3"
"fratal","1","2","3"
"fratepencil","1","2","3"
"fraternity25","1","2","3"
"Frazin","2","1","3"
"FRDZ-11","2","1","3"
"FrechCj","2","1","3"
"freckledman","2","1","3"
"Fred_89","2","1","3"
"Fred62","2","1","3"
"freddim","1","2","3"
"freddone","2","1","3"
"Freddy19Gil","2","1","3"
"FreddyBatson","2","1","3"
"FreddySotillo","1","2","3"
"Frederikwackelzahn","2","1","3"
"fredhot","1","2","3"
"FredhRS","1","2","3"
"FredJohannsen","2","1","3"
"fredoqw","2","1","3"
"Fredson666","2","1","3"
"fredy2022","1","2","3"
"FredYpsilon","2","1","3"
"Free-Butterflies","1","2","3"
"Freekby","2","1","3"
"Freekodelka86","1","2","3"
"Freeman77","1","2","3"
"freemen43","1","2","3"
"freepalastine321","1","2","3"
"freepalestine2008","2","1","3"
"freeskee","1","2","3"
"freeteems","1","2","3"
"Freez15","1","2","3"
"Freezer35","2","1","3"
"freezytd","2","1","3"
"Fregato","2","1","3"
"frehel","2","1","3"
"Freluquetter","2","1","3"
"frenetikow","2","1","3"
"Frenhunter","1","2","3"
"frenteboqueron","1","2","3"
"FrenZy_7","1","2","3"
"Frettchen_13","2","1","3"
"frfr2023","1","2","3"
"frht91","1","2","3"
"frickdougford","2","1","3"
"Fridolin007","1","2","3"
"friend_RU","2","1","3"
"Friendly_09","1","2","3"
"Friendly82","1","2","3"
"friendlyFirst","1","2","3"
"Friendmann","1","2","3"
"Friends32","1","2","3"
"frinjdad3","2","1","3"
"Frjapmontreuil","1","2","3"
"frncsco72","2","1","3"
"frog_emoji","2","1","3"
"Froggy14","2","1","3"
"froidzr","1","2","3"
"Frol3decb","1","2","3"
"frolixfrolix","1","2","3"
"Frollll","1","2","3"
"Frolo40","1","2","3"
"frost420blazin","2","1","3"
"frostedzebras","1","2","3"
"Frostidash","1","2","3"
"frostybiz","2","1","3"
"frozenfire96","2","1","3"
"FrozenNuggets","1","2","3"
"Frozy_Games","2","1","3"
"Fru-fru-fru","2","1","3"
"Fruktozka1337","2","1","3"
"fruxrst","1","2","3"
"Fruzzy","1","2","3"
"fryherr","1","2","3"
"frzne","1","2","3"
"Fsbfhd","1","2","3"
"FSKA","2","1","3"
"fsyed1","2","1","3"
"ft_giri1907","2","1","3"
"ft44","2","1","3"
"FthMina","1","2","3"
"fthpkts","1","2","3"
"ftn20","1","2","3"
"ftoprak","2","1","3"
"Fuadbavcic1109","1","2","3"
"FuadLatifov","1","2","3"
"Fuatnecati","1","2","3"
"fuatt","2","1","3"
"fucilaco","1","2","3"
"fudji97","2","1","3"
"fuflikk","2","1","3"
"fujimate","2","1","3"
"fuko54","2","1","3"
"Fulgensio-8","1","2","3"
"funable","1","2","3"
"funkerR","1","2","3"
"funky288","2","1","3"
"funny_jr","1","2","3"
"FurBlood17","2","1","3"
"Furgus2323","2","1","3"
"furkan1361","2","1","3"
"Furkan1Nesim","1","2","3"
"furkanted","1","2","3"
"furyday","2","1","3"
"FuscheZz","1","2","3"
"Fussss","1","2","3"
"fuzeatar","2","1","3"
"Fvlop5","1","2","3"
"fvvk","2","1","3"
"fwarkk","2","1","3"
"Fyman93","1","2","3"
"fzah","2","1","3"
"fzcbciii","1","2","3"
"FzR192","2","1","3"
"g_gar21","2","1","3"
"G_M_Vishu_Sharma","2","1","3"
"g_pevnev89","2","1","3"
"G_sacrifice","1","2","3"
"G-33","1","2","3"
"g-chinzorig","2","1","3"
"G-Chist","2","1","3"
"G-hunterX","1","2","3"
"g010203x","1","2","3"
"g0x0","1","2","3"
"G1525","2","1","3"
"G1K93","1","2","3"
"G4lvezLuciano","2","1","3"
"Ga74","1","2","3"
"gaalia","1","2","3"
"gabade","2","1","3"
"GabbarIsBack_1","1","2","3"
"Gabeer","1","2","3"
"Gabi8744","1","2","3"
"gabigabo","1","2","3"
"gabigatzki","2","1","3"
"gabilev10","1","2","3"
"Gabimnz","1","2","3"
"Gabo34","1","2","3"
"Gaboolc","2","1","3"
"gabour","1","2","3"
"Gabriel_Brasilia","2","1","3"
"Gabriel_Germano","1","2","3"
"Gabriel-AS-OHES","1","2","3"
"Gabriel-W-OHES","1","2","3"
"gabrieliletto10","2","1","3"
"GabrielMorca","1","2","3"
"GabrielMXadrez","1","2","3"
"GabrielNadeauDubois","1","2","3"
"GabrielNg","1","2","3"
"gabrielnn77","1","2","3"
"gabrielpereiraxadrez","2","1","3"
"GabrielSarfati","1","2","3"
"Gabucho_02","1","2","3"
"GachegovMatvey","1","2","3"
"Gactor","1","2","3"
"gadarbel","1","2","3"
"gadekk","2","1","3"
"gadhiya_Atharva","2","1","3"
"Gadi25FCB","2","1","3"
"gadlod65","2","1","3"
"gadzj1","2","1","3"
"Gael_cruz55","2","1","3"
"Gaelportalo2013","2","1","3"
"Gaetano-30","2","1","3"
"Gafarov_Kanan_2012","2","1","3"
"gafussus","1","2","3"
"Gagaetan","2","1","3"
"gagarinr89","2","1","3"
"Gahanreddy","2","1","3"
"Gahyaka_Gharra","2","1","3"
"Gai-Maito-Sensei","1","2","3"
"GainetdinovaLIIA","1","2","3"
"Gainis","1","2","3"
"GaioFeliciter","2","1","3"
"GaisinDaniel","2","1","3"
"Galalsalah2021","1","2","3"
"GalaxyThunder","1","2","3"
"GalinaKGar","1","2","3"
"gallegol","2","1","3"
"Gallis12","1","2","3"
"Galo1111111","2","1","3"
"GaloGalarza","1","2","3"
"GaloisTakimura","2","1","3"
"galstyanani2014","2","1","3"
"gamahiro","2","1","3"
"gambit_my_king","2","1","3"
"gambit_radomski","2","1","3"
"GambitAndFriends","1","2","3"
"GambitSanych","2","1","3"
"GambitVanGeet","2","1","3"
"gameel_elgendy","2","1","3"
"gamemode0","2","1","3"
"Gameofchess2023","1","2","3"
"gameonzz","1","2","3"
"gamer_1337","1","2","3"
"gamer750","2","1","3"
"gameraadil308","2","1","3"
"gamingheadset","2","1","3"
"Gammag2007","1","2","3"
"Gamusinon","2","1","3"
"Ganador46","2","1","3"
"gandalf_1_1","2","1","3"
"gandalfgore","2","1","3"
"ganderner1","1","2","3"
"gandharva","1","2","3"
"Gandhi66","1","2","3"
"gandit","2","1","3"
"ganhadordepedros","2","1","3"
"ganhou","1","2","3"
"Gani2061","2","1","3"
"GanonZD","1","2","3"
"gansh_a_patil","1","2","3"
"gar_2","1","2","3"
"gar-eema_6","1","2","3"
"Garabuxada","2","1","3"
"garapatihk","2","1","3"
"Garazade","2","1","3"
"GarbagePlay1","2","1","3"
"garchfazl1367","2","1","3"
"garchirosca","1","2","3"
"GARCIAUTU","1","2","3"
"gardee","2","1","3"
"Gardohacialavictoria","1","2","3"
"Gargams","1","2","3"
"GargArnav","1","2","3"
"GARIAS756","1","2","3"
"garik_64","1","2","3"
"Garik660905","1","2","3"
"garland534","2","1","3"
"Garmestoliu","2","1","3"
"garo146","2","1","3"
"Garoa","1","2","3"
"GARRAPATOV","1","2","3"
"Garrix5","1","2","3"
"Garrowash","2","1","3"
"GarryCheas","1","2","3"
"garryguwop","1","2","3"
"GarryKadperov","2","1","3"
"garvitakapoor28","2","1","3"
"gary10509","1","2","3"
"Gary42","1","2","3"
"GARYHUAMANI_USIL","1","2","3"
"gasemna","2","1","3"
"gasior_0709","1","2","3"
"Gaspar1812","1","2","3"
"Gastonn09","2","1","3"
"gastronomiks","2","1","3"
"GATE017","2","1","3"
"GATE063","2","1","3"
"GATE079","2","1","3"
"GATE082","2","1","3"
"GATE083","1","2","3"
"GATE084","2","1","3"
"gateclose","1","2","3"
"Gatochess37","1","2","3"
"Gatopower","1","2","3"
"GATOVEIO","1","2","3"
"gatsbyx1337","2","1","3"
"GATTUD","1","2","3"
"Gaudete","1","2","3"
"gaudram","1","2","3"
"gautham44","2","1","3"
"Gavar4","1","2","3"
"Gavrilin_ma","2","1","3"
"GayysonBourne","2","1","3"
"Gaziero","2","1","3"
"Gazouza","2","1","3"
"gazzini13","2","1","3"
"GB78","1","2","3"
"gbj07-56","2","1","3"
"gcoban73","1","2","3"
"gcolanicchia","2","1","3"
"gcplayer","1","2","3"
"Gcrahmt2014","2","1","3"
"gddiren","2","1","3"
"GdoggsOhhhhhDawnyy","2","1","3"
"gdolni01","2","1","3"
"gdv1951","2","1","3"
"Ge0M","2","1","3"
"geanKaa","1","2","3"
"Gebralag","2","1","3"
"Geceninofkesi22017","1","2","3"
"gecerpiyon2014","2","1","3"
"Geckster2000","1","2","3"
"geco1","1","2","3"
"gecur01","2","1","3"
"gede96","1","2","3"
"gedonour","1","2","3"
"GEEEEDORAH","2","1","3"
"geekmaster10","1","2","3"
"Geelan","1","2","3"
"gegeroro","2","1","3"
"GejArtur","1","2","3"
"gekouk13","2","1","3"
"gelamar","2","1","3"
"Gelan1965","2","1","3"
"gelawejj","1","2","3"
"geldi","2","1","3"
"gelisir","2","1","3"
"gello_glib","1","2","3"
"gelot","1","2","3"
"gemenis2068","1","2","3"
"Gemer907","1","2","3"
"GeminiJul","2","1","3"
"gemyart","1","2","3"
"gemyea","1","2","3"
"Gen1962","2","1","3"
"Gena888","2","1","3"
"Genadiy32144","1","2","3"
"genc08","1","2","3"
"GENCALOGLU53","1","2","3"
"Gende1","1","2","3"
"general-tom","1","2","3"
"General2020","2","1","3"
"GeneralBlather","1","2","3"
"generaleVe","1","2","3"
"Generalisimus","1","2","3"
"Generalspecific83","1","2","3"
"generka","2","1","3"
"Genesis_Descalsota","2","1","3"
"Genesis92","2","1","3"
"genictout","2","1","3"
"genio38","2","1","3"
"Genja9211","1","2","3"
"Gennadi1","1","2","3"
"Gennadii_5","2","1","3"
"Gennadii39","1","2","3"
"Gennadiy655","1","2","3"
"Genniuus","2","1","3"
"Gennro","2","1","3"
"genome11","1","2","3"
"Genos0","1","2","3"
"gentk23","2","1","3"
"Gentlemaen","1","2","3"
"genuriy","2","1","3"
"Genyakin","2","1","3"
"genze12","1","2","3"
"Geo3rd","1","2","3"
"geobiolgc","1","2","3"
"Geoducian1981","2","1","3"
"geograff","2","1","3"
"Georg-Schlatter","2","1","3"
"Georg126","2","1","3"
"george_stoynev","1","2","3"
"George-19","1","2","3"
"george32497","2","1","3"
"GeorgeAH2020","1","2","3"
"GeorgekQ","1","2","3"
"GEORGER63","1","2","3"
"georges5558","2","1","3"
"Georgetheking7","1","2","3"
"Georgie_Sushin","2","1","3"
"georgii1808","1","2","3"
"georgio2004shahmatis","1","2","3"
"Georgy_archi2014","2","1","3"
"Georgy21bigaev","2","1","3"
"Gepardio","2","1","3"
"geppyonespeed","2","1","3"
"Gerag","2","1","3"
"Gerakl898","2","1","3"
"geralderibia","1","2","3"
"GeraldSam","2","1","3"
"GERAR10","1","2","3"
"GERARD71","2","1","3"
"Gerardmtz","2","1","3"
"Gerardo144","2","1","3"
"GerardoAN10","2","1","3"
"Gerasymov_Nikita","2","1","3"
"Gerberer","2","1","3"
"gerbilownage","1","2","3"
"Gerbisleo","1","2","3"
"GerdmiserRU","2","1","3"
"gerelnmi","2","1","3"
"gerifal","2","1","3"
"GerJanssen","1","2","3"
"GerjikI","1","2","3"
"germabi","2","1","3"
"Germaeli","2","1","3"
"germalix","1","2","3"
"GermanchoRS","2","1","3"
"GermanKorovin","2","1","3"
"Germenes","2","1","3"
"Geronimo7","2","1","3"
"GeronimoStilton1","2","1","3"
"GerritD","2","1","3"
"gerson_men","1","2","3"
"Gertzmaliy11","1","2","3"
"Gerudosdragon","1","2","3"
"gerzam11","2","1","3"
"Gese23","2","1","3"
"gesgon","2","1","3"
"Getafix23","2","1","3"
"getashen","2","1","3"
"Gettymems","1","2","3"
"Getwel","1","2","3"
"GevinXIII","2","1","3"
"GevorgT","1","2","3"
"Gevs112","2","1","3"
"gffcvjhrhhjnb","1","2","3"
"Gfor_guru","1","2","3"
"Gfreeman1962","1","2","3"
"gfunk27","1","2","3"
"gg_itsme","2","1","3"
"Gg-Ilyas","2","1","3"
"ggaser123","1","2","3"
"Ggencer","2","1","3"
"gggjay","2","1","3"
"Gggyt","1","2","3"
"ggjjjqq","2","1","3"
"ggmoreno","1","2","3"
"ggochitashvili","2","1","3"
"ggTop1","1","2","3"
"ggunther142","2","1","3"
"GGYaserGG","1","2","3"
"gh2014","1","2","3"
"ghaithaswad12","2","1","3"
"ghalibes","2","1","3"
"ghalvaro","2","1","3"
"ghanbulat1960","2","1","3"
"ghantara","1","2","3"
"Ghasem_4378","1","2","3"
"ghassem2237","2","1","3"
"ghassench","2","1","3"
"GhettoDuck","2","1","3"
"GHFrosT","1","2","3"
"ghosalwarrior","1","2","3"
"Ghost_Protocol","2","1","3"
"GHOST-MRK","1","2","3"
"Ghost123456Player","2","1","3"
"ghostalien7","1","2","3"
"ghostman22","2","1","3"
"ghostoftsunami","2","1","3"
"ghostrider_10","1","2","3"
"GhostWorld","1","2","3"
"ghridha","1","2","3"
"Ghylik","1","2","3"
"Gi4nk4","2","1","3"
"Gia70","1","2","3"
"giachutlashvili","2","1","3"
"GiaCi","1","2","3"
"Giacomo_Tinelli","1","2","3"
"giaespo","1","2","3"
"giammy_13","2","1","3"
"Giangi3000","2","1","3"
"Gianluc1601","2","1","3"
"gianlucafdb","1","2","3"
"Gianluigi1624","1","2","3"
"gianporr","1","2","3"
"gibboland","1","2","3"
"GibertPla","1","2","3"
"gibhon","1","2","3"
"Gidi62","1","2","3"
"gielo","1","2","3"
"gigi38","1","2","3"
"gigiuan","2","1","3"
"gigla-1986","2","1","3"
"Gikka","2","1","3"
"Gil-ElChinoGOD","1","2","3"
"gilbrt3","1","2","3"
"gilemarde69","1","2","3"
"gilleslenul","1","2","3"
"gilsonapolinario","2","1","3"
"Gimsara2009","1","2","3"
"gindama","2","1","3"
"ginginginiwantgin","2","1","3"
"Gingy1987","1","2","3"
"gino55555","1","2","3"
"gino68","2","1","3"
"ginogiord","2","1","3"
"GinoMari","2","1","3"
"Ginuri","2","1","3"
"gioele-2006","2","1","3"
"gioeleperin","2","1","3"
"giogio81","1","2","3"
"giolau","1","2","3"
"giorgi1991chaphidze","1","2","3"
"Giovanni_16","1","2","3"
"giovannipapino","1","2","3"
"GiovanniProfitto","1","2","3"
"Giperpups","2","1","3"
"Giray17","1","2","3"
"gircardano","2","1","3"
"Gireesh1181","1","2","3"
"Girgo","1","2","3"
"Girlchess1809","1","2","3"
"girox2008","2","1","3"
"Giselle2000","1","2","3"
"Gismailoff","1","2","3"
"Gisvi","1","2","3"
"Gitin","1","2","3"
"gitmotr","2","1","3"
"GiuCoeEvan","2","1","3"
"giuschiav","1","2","3"
"giuseppe6565","1","2","3"
"giuser","2","1","3"
"GizaStormers","1","2","3"
"gkk2008","1","2","3"
"gkryukov1","2","1","3"
"GKuffel","2","1","3"
"gkutzke","2","1","3"
"GKVGovi","2","1","3"
"GLAD003","1","2","3"
"Gladiadornagera","1","2","3"
"Gladiator6660","2","1","3"
"Glasshole","2","1","3"
"Glazlynn","2","1","3"
"Glazova_Ekaterina","1","2","3"
"Gleb_Boltian","2","1","3"
"gleb_nikon","2","1","3"
"Gleb_Skornyakov","2","1","3"
"gLeB228811","2","1","3"
"Glebasik16","2","1","3"
"Gleberone","2","1","3"
"glebNekoz","1","2","3"
"GlebSorokin2012","2","1","3"
"GlebVS","2","1","3"
"Gledsilvie7","1","2","3"
"Gledut","1","2","3"
"glemosg","1","2","3"
"Glenn_Goodman","1","2","3"
"gleysson","2","1","3"
"glicio","1","2","3"
"glindalina","1","2","3"
"glist001","1","2","3"
"GloBalZ","1","2","3"
"Globyc","1","2","3"
"glodanm","1","2","3"
"Gloria71","2","1","3"
"Gloriya1","2","1","3"
"glowek23","2","1","3"
"gloweyeyes","1","2","3"
"GLS69","1","2","3"
"Gluza","2","1","3"
"gmankan_321","1","2","3"
"Gmaster33","1","2","3"
"Gmbodaa","2","1","3"
"gmbrawlstars","1","2","3"
"gmche3","2","1","3"
"Gmheiba","2","1","3"
"gmitelman","1","2","3"
"gmm_1","1","2","3"
"gmmartin0123","2","1","3"
"Gmmastergari","1","2","3"
"Gmmostafamohmed25","1","2","3"
"gmpradhi","1","2","3"
"gmweinberg","2","1","3"
"gMwestonX","1","2","3"
"Gna_ki","2","1","3"
"GnanaVamshi","2","1","3"
"gnarman","2","1","3"
"GNC_Majalengka","1","2","3"
"gnyrfta","2","1","3"
"Go_Adan","1","2","3"
"goalaleo","2","1","3"
"goat_matata","1","2","3"
"Goat8","1","2","3"
"Goathi77","2","1","3"
"gocrazygostupid","1","2","3"
"God_20","1","2","3"
"GOD_OF_DESTRUCTION8","1","2","3"
"godcharlie","2","1","3"
"GODFATHERFF","1","2","3"
"GodJihyo","2","1","3"
"godlqght","2","1","3"
"godLuy","2","1","3"
"GoDNorriX","2","1","3"
"GODOFCOW","1","2","3"
"godoftrashmonster","2","1","3"
"Godoy1","1","2","3"
"Godwin821","1","2","3"
"goekay","1","2","3"
"Goelette1978","1","2","3"
"Gog41","1","2","3"
"GoGa1803","2","1","3"
"Goga2","2","1","3"
"Goghito","1","2","3"
"Gogi1973","1","2","3"
"gogi2309","1","2","3"
"gogolyvladimir","1","2","3"
"GohChunHwa","2","1","3"
"gohepa","2","1","3"
"GOJO_03","2","1","3"
"gokalp_kahraman1417","2","1","3"
"gokhanakar","1","2","3"
"gokhankosar","1","2","3"
"Gokturk1616","2","1","3"
"goku_32","2","1","3"
"gokulakrishnan520","2","1","3"
"gol044","2","1","3"
"gold3n_path","2","1","3"
"GoldenGBird","2","1","3"
"Goldenkid_50","2","1","3"
"goldenmover","1","2","3"
"Goldester","2","1","3"
"goldfinger07092021","2","1","3"
"Goldfinger84","2","1","3"
"Goldjunge1234","2","1","3"
"goldlion7","2","1","3"
"goldzz","2","1","3"
"Golge2_0","2","1","3"
"Golik23","1","2","3"
"golova_myasa","1","2","3"
"golovinovvya","1","2","3"
"Golqma_livada","1","2","3"
"golub2310","1","2","3"
"golubaga","1","2","3"
"Gom3aa","1","2","3"
"Gomarin","1","2","3"
"GomesFilho","2","1","3"
"Gomisito","2","1","3"
"Gondim","1","2","3"
"gonicoppalpramod","1","2","3"
"gonti","1","2","3"
"Gonville-Bromhead","2","1","3"
"Gonzaguero","1","2","3"
"gonzaluis","1","2","3"
"Gonzo68","1","2","3"
"good10223","1","2","3"
"goodfell777","2","1","3"
"goodluck_u","1","2","3"
"GoodnightCat","2","1","3"
"goodpotato7","2","1","3"
"Goodzilaa98","2","1","3"
"Googrum","2","1","3"
"Gooier34","2","1","3"
"Gooyo","2","1","3"
"gopi1982","1","2","3"
"Goqda","1","2","3"
"Gor116","2","1","3"
"goranc12345","2","1","3"
"GoranK88","1","2","3"
"GorbynovMikhail","1","2","3"
"GORD036","2","1","3"
"GordeevUN","1","2","3"
"gordeiG","2","1","3"
"GordeyFedonyuk","1","2","3"
"GoreBatteChef","1","2","3"
"gosagosa1","2","1","3"
"Gosbeast","2","1","3"
"Goschumi","1","2","3"
"Gosha1331","2","1","3"
"goskov","1","2","3"
"Goswami02","2","1","3"
"Goswamiprachi","2","1","3"
"Gotham_lover","1","2","3"
"gotham32","2","1","3"
"Gothum","1","2","3"
"Gottardino","1","2","3"
"gottingguap","1","2","3"
"Gougsa","1","2","3"
"Gouhie","1","2","3"
"gouki109","1","2","3"
"GouravGagneja","1","2","3"
"gouravojha","2","1","3"
"goutch","2","1","3"
"governorlonely","1","2","3"
"Govindpawar","2","1","3"
"govindsubhash","1","2","3"
"govo3","1","2","3"
"gowickyoonjae","1","2","3"
"gowsalyan2021","1","2","3"
"gowthammahavir2016","1","2","3"
"Gowthammano_29","1","2","3"
"GoyoRamos","2","1","3"
"goztepeli35","2","1","3"
"gp071989","2","1","3"
"gp1950","1","2","3"
"GProk_ru","1","2","3"
"gr1mmer","2","1","3"
"gr8nite","2","1","3"
"gra-nat","1","2","3"
"graci378","1","2","3"
"Gracie123_123","1","2","3"
"Gracie28","2","1","3"
"Grafik25","1","2","3"
"grahammm","2","1","3"
"grajEwo","2","1","3"
"gramitos","2","1","3"
"gramm100","1","2","3"
"granCHICO","1","2","3"
"grand_master_supreme","1","2","3"
"grand427","1","2","3"
"GrandeChessTAL","1","2","3"
"Grandmaster_Gash","2","1","3"
"Grandmaster142","1","2","3"
"Grandmaster4545","2","1","3"
"GrandMasterBobby420","2","1","3"
"GrandmasterConCon","2","1","3"
"GrandmonsterFlash","2","1","3"
"GrandpaWorm","1","2","3"
"grandyess","2","1","3"
"grap1","2","1","3"
"grappy","2","1","3"
"grasmks","2","1","3"
"GravyPlays","2","1","3"
"GrayWolf2020","2","1","3"
"Great-thinker","1","2","3"
"greatmrtkz","1","2","3"
"GreatRussia2022","2","1","3"
"greatscott75","2","1","3"
"Grechishkin","2","1","3"
"greciam20","1","2","3"
"greekfox","1","2","3"
"Green_Bird-onlene","1","2","3"
"green_mist","2","1","3"
"Green-Bolsh","1","2","3"
"Gregattac","2","1","3"
"gregman93","2","1","3"
"Gregod","2","1","3"
"Gregor1717","2","1","3"
"gregor236","2","1","3"
"gregory1","2","1","3"
"Gregory77045690","1","2","3"
"GregRoffey","2","1","3"
"gregyboarding","2","1","3"
"greiner","2","1","3"
"Grekers","1","2","3"
"grenmaster","1","2","3"
"GrepAll","2","1","3"
"Greperg18","2","1","3"
"grewen","1","2","3"
"grews","1","2","3"
"greyshrike","1","2","3"
"greywolf1991","1","2","3"
"Grgich","2","1","3"
"gridguy","1","2","3"
"grifneo","2","1","3"
"grig5785","2","1","3"
"Griga_Zhiga","1","2","3"
"Grigoreva_an","2","1","3"
"Grigorii_Kr","1","2","3"
"GrigoriyFeldman","2","1","3"
"GrigoriyG","1","2","3"
"grigorybra2014","1","2","3"
"GrilledChickenMate","2","1","3"
"Grinkos44","2","1","3"
"grioghar","1","2","3"
"Grisha0201","1","2","3"
"Grisha1952","2","1","3"
"GRISHAGAVRILOV","2","1","3"
"GrishaPuzo88","2","1","3"
"griver87","1","2","3"
"Grivun","2","1","3"
"Grizllee","1","2","3"
"Grknsn209","2","1","3"
"Groefikaz","1","2","3"
"Grom78","1","2","3"
"Gromov17","1","2","3"
"groovymoni","1","2","3"
"GrosChaton","1","2","3"
"Gross-sim","1","2","3"
"grossegermaister","2","1","3"
"GrosWowa","1","2","3"
"Grozia","2","1","3"
"Grrott","2","1","3"
"GrSkiy","2","1","3"
"GruberNautilus","1","2","3"
"grugolfin","1","2","3"
"GrumpyClams","1","2","3"
"Gruvil","1","2","3"
"Gruzlik","1","2","3"
"GrzegorzG1","2","1","3"
"GS_talant","2","1","3"
"gscustodio","2","1","3"
"Gser","1","2","3"
"GSPORT","1","2","3"
"GSS986","1","2","3"
"gsttchs","2","1","3"
"gsv2207","1","2","3"
"GSVVDiamond","1","2","3"
"GT59am","1","2","3"
"GTBFL","2","1","3"
"gtoskov","2","1","3"
"gtxy770504","2","1","3"
"gtz_jvr","2","1","3"
"guaba21","2","1","3"
"Guadalupe_Vzla","1","2","3"
"gualro2020","1","2","3"
"GUANABACOA","1","2","3"
"Gubru_One","2","1","3"
"GucciMane7","2","1","3"
"guccin","1","2","3"
"GuDGame101","1","2","3"
"gudule37","2","1","3"
"guedig","2","1","3"
"guedon","2","1","3"
"guegush","2","1","3"
"gueldos","1","2","3"
"Guenni133","1","2","3"
"Guenterchen","2","1","3"
"Guenterj","2","1","3"
"guerfoton","2","1","3"
"Guerrieroscacchi","1","2","3"
"Gufomonte","2","1","3"
"Guguba","1","2","3"
"guidoriccio","1","2","3"
"guidotal","2","1","3"
"guiduchero","1","2","3"
"guilherme_f_d_s","2","1","3"
"GuilhermeSantanasg","2","1","3"
"Guili20","2","1","3"
"guillaume570","2","1","3"
"Guillaume75013","1","2","3"
"guillaumegg10","2","1","3"
"Guille136494","1","2","3"
"guillea30","1","2","3"
"guilleel8","1","2","3"
"guioba","1","2","3"
"Guitar-99","2","1","3"
"GuizzyL","2","1","3"
"Guleir-Witch","1","2","3"
"Gulli1234","2","1","3"
"GullibleGary366","1","2","3"
"Gullit15","2","1","3"
"gulsevery-bjksatranc","1","2","3"
"Gumarov_S","1","2","3"
"Gumno2","1","2","3"
"Gunboja","2","1","3"
"gundars35","2","1","3"
"Gundulf32","1","2","3"
"Guney_456","1","2","3"
"GUNEY-SAHAD","2","1","3"
"Gunit272","1","2","3"
"gunse64","1","2","3"
"Gunter1939","2","1","3"
"gunturangin_CCN","1","2","3"
"gupipal","1","2","3"
"Gur-Od","2","1","3"
"GurgenMK2010","2","1","3"
"gurhanakan","2","1","3"
"gurigu","2","1","3"
"Gurizola","2","1","3"
"Gurjistan389","1","2","3"
"gurmansingh","2","1","3"
"Gurol_A","1","2","3"
"gurrahul","2","1","3"
"Gurrry","2","1","3"
"gusah07","2","1","3"
"Gusgusupra","2","1","3"
"GussevN","1","2","3"
"GustavinNeVida","2","1","3"
"Gustavo_Pizza","1","2","3"
"Gustavo_Salas","2","1","3"
"GustavoGonzalez","1","2","3"
"GustavoLuckmann","1","2","3"
"GustavoNaruto","1","2","3"
"Gustavor05","2","1","3"
"GustavsM","2","1","3"
"Gutavi","1","2","3"
"gutdrauf33","1","2","3"
"guti33","1","2","3"
"Guto_Reis","1","2","3"
"Gutosimoes","1","2","3"
"guvzan","1","2","3"
"Guy2014Mar","2","1","3"
"guy4207","1","2","3"
"guyguylatulipe","2","1","3"
"Guzel_Sh","2","1","3"
"Guzikowski","2","1","3"
"Guzovat","1","2","3"
"GV_Saravanan","2","1","3"
"GV682","2","1","3"
"gvaddi2006","2","1","3"
"Gwakoh","1","2","3"
"Gwedashe","2","1","3"
"Gwibert","2","1","3"
"Gwindor92","2","1","3"
"Gwmamba","2","1","3"
"Gwynnbleid_66","2","1","3"
"gyanamphukanbro","1","2","3"
"gyasinni01","2","1","3"
"gygtg","2","1","3"
"Gyllean","1","2","3"
"Gymlie","2","1","3"
"Gyomj22","2","1","3"
"GyriG","1","2","3"
"Gythio","2","1","3"
"gyxi","2","1","3"
"gzygzy","1","2","3"
"H_Darkness15","1","2","3"
"H_Kob","2","1","3"
"H_Macho","2","1","3"
"H_newgame","1","2","3"
"H_Obaha","1","2","3"
"H0rat1us","2","1","3"
"h1an1n1e1s","1","2","3"
"H1K1Ta","2","1","3"
"h1kar1","2","1","3"
"h2schoor","1","2","3"
"h4l1l3","1","2","3"
"H7373","1","2","3"
"h8_melt","1","2","3"
"H8130179467","1","2","3"
"H8ob1","1","2","3"
"h9696hwin","1","2","3"
"Ha_Djazzax","1","2","3"
"ha100790tag","1","2","3"
"ha236","1","2","3"
"Haafil","2","1","3"
"HaakonMH","2","1","3"
"Haana1394","1","2","3"
"Haanah71091","2","1","3"
"Haardev","1","2","3"
"habeeshan123","1","2","3"
"habibijohn","1","2","3"
"habibthetunisian","2","1","3"
"Hacen-2020","2","1","3"
"hackerman743","2","1","3"
"hackeryarn","1","2","3"
"hadampark","2","1","3"
"hadan9968","2","1","3"
"hadi_hagverdi","1","2","3"
"Hadi_Julian","1","2","3"
"hadi_s","2","1","3"
"HaDi-naz","1","2","3"
"hadi0711","1","2","3"
"Hadikiya","1","2","3"
"hadimalekzadeh136103","2","1","3"
"HADIPSA","1","2","3"
"hadiyaparsin","2","1","3"
"Hadizul","2","1","3"
"Hadjahmed2001","2","1","3"
"hadkam86","1","2","3"
"HADL101","1","2","3"
"HADL201","2","1","3"
"HADL202","1","2","3"
"HADL203","1","2","3"
"HADL209","2","1","3"
"HADL301","2","1","3"
"HADL503","2","1","3"
"hadyshamseldeen","2","1","3"
"haedar5556667779","1","2","3"
"hafezali1353","2","1","3"
"hagavr","1","2","3"
"Haggaru_nakamura","2","1","3"
"haghgooy8960","1","2","3"
"hai_bar","1","2","3"
"haider_raed","1","2","3"
"HaIifax","2","1","3"
"Hail9","2","1","3"
"hailfisch","2","1","3"
"hailstorm30","2","1","3"
"Haiphong1505","2","1","3"
"haiphongHCM2016","1","2","3"
"HajiBabayev","2","1","3"
"Hakan2006","2","1","3"
"hakan2147","2","1","3"
"Hakan5353","1","2","3"
"HakanALTUN","2","1","3"
"hakangokk","2","1","3"
"HakanTheChesser","2","1","3"
"hakdel","1","2","3"
"Hakim_alg","1","2","3"
"Hakim_Hakim","2","1","3"
"HakimJr21","1","2","3"
"hakimredeyef","1","2","3"
"Hakob85","1","2","3"
"Hala2291","1","2","3"
"Halal_Harami","2","1","3"
"Hale0905","1","2","3"
"halildmrkl","1","2","3"
"Halilklky","1","2","3"
"Halipal","1","2","3"
"Halit_solomon","1","2","3"
"HalloweenChicken","1","2","3"
"halo89","1","2","3"
"Ham9Ik","1","2","3"
"Hamadaateef","2","1","3"
"hamadajmi","1","2","3"
"HamadaLF","1","2","3"
"hamarun","2","1","3"
"hamasa9","1","2","3"
"hamburger600","1","2","3"
"Hamdanove","1","2","3"
"hamdiess","1","2","3"
"hamdyzayed","2","1","3"
"hamed_66","2","1","3"
"hamed_m20","2","1","3"
"hamed481","1","2","3"
"hamedaraghi","2","1","3"
"hamedjazlaniyan","1","2","3"
"Hameo","1","2","3"
"hamhockers","1","2","3"
"hamid_haji","1","2","3"
"Hamid_mortezagholi","1","2","3"
"hamid007007","2","1","3"
"hamid114","2","1","3"
"hamid13581358","1","2","3"
"HamidAkbarzadehLaleh","1","2","3"
"hamidpage","1","2","3"
"hamidrezaghanbari","2","1","3"
"hamidrezakoosha","2","1","3"
"HamidrezaMaghsoodi","2","1","3"
"Hamidsaipa","1","2","3"
"hamidselmi","2","1","3"
"HAMMAM17104","2","1","3"
"Hampher","1","2","3"
"Hamsika_HK","1","2","3"
"Hamzah97","2","1","3"
"hamzahrazin","2","1","3"
"hamzakonur","1","2","3"
"hamzalam","2","1","3"
"hamzasaidi2201","1","2","3"
"hamzawy7","1","2","3"
"hanapsien","2","1","3"
"hanash70","1","2","3"
"Hand-deploy","2","1","3"
"handsworthjim","2","1","3"
"Haneke2021","1","2","3"
"HanHoHo","2","1","3"
"Hani_2308","2","1","3"
"HaniffHakimi","1","2","3"
"hanifidurak","1","2","3"
"Hanishnehan","1","2","3"
"Hankliff","1","2","3"
"Hanna2858","2","1","3"
"HannahGriffiths","2","1","3"
"Hannes83","1","2","3"
"hannibal_barca0","2","1","3"
"Hanry07","2","1","3"
"Hans_04","1","2","3"
"hans4747","1","2","3"
"hansgruberswaifu","1","2","3"
"Hansheinz","2","1","3"
"hansip1","2","1","3"
"HansJuergenMatthias","2","1","3"
"HansxElster","1","2","3"
"Hantuasap113","2","1","3"
"Hanvik07","1","2","3"
"hanyeid22","2","1","3"
"HanySalama","1","2","3"
"hanzaleh-kh","2","1","3"
"Hao302292","1","2","3"
"Hao999","1","2","3"
"happbanane07","1","2","3"
"happydayinplayingche","1","2","3"
"happyfanatic","2","1","3"
"happygrow","1","2","3"
"HappyPuppy123","1","2","3"
"happytoday","2","1","3"
"Haqiem0707","2","1","3"
"Haraldes","1","2","3"
"Harando","2","1","3"
"harcos212","1","2","3"
"HardcoreBlack","2","1","3"
"Hardhik_ranjan_ray","1","2","3"
"Hardhik2014","1","2","3"
"Hardik_6","1","2","3"
"hardik_lan","2","1","3"
"HardikV144","1","2","3"
"Hare0205","1","2","3"
"harhar6666","2","1","3"
"Hari_Putra","2","1","3"
"Hari-Om","2","1","3"
"Haricharan108","1","2","3"
"HaridasGiri","1","2","3"
"Harikesh_sadurangam","2","1","3"
"Harikrishnan_m","1","2","3"
"harimati","1","2","3"
"HarimauHitam","2","1","3"
"HARIPRASADKM_SKC","2","1","3"
"Harish_Rampage7","2","1","3"
"harishathome","2","1","3"
"Harishbala","1","2","3"
"harishchen","2","1","3"
"haritonuska13","1","2","3"
"harjan52","1","2","3"
"harman81","2","1","3"
"HarmitSingh","2","1","3"
"HarmonyWeasley3107","1","2","3"
"HaroldZhang","2","1","3"
"Haroutin","2","1","3"
"harrish30","1","2","3"
"Harrox","2","1","3"
"Harry-Potter934","1","2","3"
"Harry1955","1","2","3"
"Harry73","2","1","3"
"harrygod1","1","2","3"
"HarryPotter1234560","1","2","3"
"harsh_thakur2805","1","2","3"
"harsh29cool","2","1","3"
"Harsha_Jr","1","2","3"
"harshaurora","1","2","3"
"Harshavardhan16","2","1","3"
"harshi2430","1","2","3"
"harshigeeti2012","2","1","3"
"harshikarajasekaran","1","2","3"
"harshiking","2","1","3"
"harshnoobda","1","2","3"
"harshpatil2","2","1","3"
"HarshThakar210","2","1","3"
"HArslanS","2","1","3"
"hartebeest4ya","2","1","3"
"Hartmutffm","2","1","3"
"Harun_ccn","2","1","3"
"Harut1414","2","1","3"
"harvegicus","1","2","3"
"Hasan1986","2","1","3"
"Hasan210967","1","2","3"
"hasan7076","1","2","3"
"HasanAbdelMoety","1","2","3"
"Hasanain2017","1","2","3"
"hasankh93","2","1","3"
"hasansio99","1","2","3"
"hasantalha45","1","2","3"
"hasanyildirimlic","1","2","3"
"Hashas","1","2","3"
"hashem7","2","1","3"
"hasilmaster","1","2","3"
"Hasinto","1","2","3"
"HaskChess","1","2","3"
"hassan_hjz46","2","1","3"
"hassan31120","2","1","3"
"hassanalati","2","1","3"
"hassanali1997","1","2","3"
"hassanel313","2","1","3"
"Hassano","2","1","3"
"hassaon","1","2","3"
"Hassein55","2","1","3"
"hassenalghadhi","1","2","3"
"hassi24123","2","1","3"
"hasti_93","1","2","3"
"hasti89","1","2","3"
"hatahsin25","1","2","3"
"Hatem-Hadidene","1","2","3"
"HateQueen","1","2","3"
"Hathout555","1","2","3"
"hatipoglu","2","1","3"
"Hatkhr","1","2","3"
"hATZEnbrECHT","1","2","3"
"HavvaiianBeast","1","2","3"
"HawkFrost314","1","2","3"
"Haxis","2","1","3"
"haxoest","2","1","3"
"Hayapishdaaa","1","2","3"
"HaydeeHNN","1","2","3"
"Hayden23456","1","2","3"
"Hayko2016","2","1","3"
"haylinha","2","1","3"
"hayri_canavargil","1","2","3"
"haythemszcz2","2","1","3"
"hayyam21","2","1","3"
"HazemAboSakr","2","1","3"
"hazymoth","2","1","3"
"hbb2120ghilas","1","2","3"
"hbekirs","1","2","3"
"Hbsi68","1","2","3"
"hcan02","2","1","3"
"HCTR-30","1","2","3"
"HDCvubaokhang2011","1","2","3"
"HDDSS","2","1","3"
"Hdmx39","2","1","3"
"hduman","1","2","3"
"hdv2hdv","1","2","3"
"He7da","2","1","3"
"Head-vv","2","1","3"
"HealthyFanBat","2","1","3"
"heaven203","1","2","3"
"heavenshopper","1","2","3"
"HeberdeClay","1","2","3"
"hebreus11","1","2","3"
"Hechicer0","2","1","3"
"hector234","2","1","3"
"hectorduranmz","2","1","3"
"hectorlanza03","2","1","3"
"hectorpapas0","2","1","3"
"hedaralhomsy","2","1","3"
"HEEESH","2","1","3"
"hefflan","1","2","3"
"Heikoschach","2","1","3"
"Heikowestermann","1","2","3"
"heilman","1","2","3"
"Heimdall83","2","1","3"
"heimo","2","1","3"
"HeinrichUlrich","2","1","3"
"Heinzboesch","1","2","3"
"heinzelmann1941","1","2","3"
"heinzmyoui","2","1","3"
"Heisenbergg94","1","2","3"
"Heisenheimer","2","1","3"
"Hejoho","1","2","3"
"helay1","2","1","3"
"Helen_jon","1","2","3"
"helen1393","2","1","3"
"HelenDark","1","2","3"
"Helenista21","1","2","3"
"Helianthus_Vulpera","1","2","3"
"Heliloop","2","1","3"
"Helio_Vilchis","2","1","3"
"hellllas","1","2","3"
"Hello_hellolynley","1","2","3"
"HELLO_WORLD_234","1","2","3"
"hellohahaj","2","1","3"
"hellohovercraft","1","2","3"
"helloyoonj","1","2","3"
"Hellyaz","2","1","3"
"Helma1395honarvary","2","1","3"
"Helmfried83","2","1","3"
"helmuht3","2","1","3"
"Helofree","2","1","3"
"helytd","2","1","3"
"Hema132003","1","2","3"
"hemaezzat","1","2","3"
"hemaprakash03","2","1","3"
"hemoreal","1","2","3"
"hemu2288","2","1","3"
"hendrank81","1","2","3"
"HeninkajaAndonarivo","1","2","3"
"Hennytrb","1","2","3"
"HenriqueDronneau","2","1","3"
"Henry_Lathem","1","2","3"
"Henry-G","1","2","3"
"HenryAlonzoCalacday","2","1","3"
"henrykbal","1","2","3"
"hentry","2","1","3"
"Her44grego","2","1","3"
"Herald_337","1","2","3"
"Heran22","2","1","3"
"herawantarigan","2","1","3"
"herge31","2","1","3"
"Heringssalat","2","1","3"
"herkenstein","1","2","3"
"hermanda","2","1","3"
"hermionegranger2023","2","1","3"
"hermionegrangergpd","1","2","3"
"hermit_peaks","1","2","3"
"hernan_dudu01","1","2","3"
"hernan69","1","2","3"
"hernanrodrgomoran","1","2","3"
"hernz37","2","1","3"
"hero2010","1","2","3"
"Hero420mo","2","1","3"
"Heroic_Deity","2","1","3"
"Herthur","2","1","3"
"heruwala","1","2","3"
"herve1212","2","1","3"
"herzhorn","2","1","3"
"hesam908908","1","2","3"
"Hesammmmmmmm1391","2","1","3"
"heshamatef","2","1","3"
"HeshamDaher","1","2","3"
"HesuCrypto","2","1","3"
"hetmanik03","1","2","3"
"heuteheute","2","1","3"
"HeWhoHasTwoNips","1","2","3"
"hex0106","1","2","3"
"hey_human","1","2","3"
"Heyster231","2","1","3"
"HeyVan_Chemp","2","1","3"
"Hfdbkm","1","2","3"
"hffghhg","2","1","3"
"Hfrap","2","1","3"
"hfvil","2","1","3"
"hg777","2","1","3"
"HGMS-204","2","1","3"
"HGMS-212","2","1","3"
"HGMS-235","2","1","3"
"HGMS-236","1","2","3"
"HGMS-238","1","2","3"
"HGMS-247","1","2","3"
"HGMS-248","2","1","3"
"HGMS-252","2","1","3"
"HGMS-277","1","2","3"
"HGMS-278","1","2","3"
"HGMS-287","2","1","3"
"HGMS-307","2","1","3"
"HGMS-310","1","2","3"
"HGMS-324","1","2","3"
"HGSH001","2","1","3"
"HGSH003","2","1","3"
"HGSH019","2","1","3"
"Hhhhhhhhh000","2","1","3"
"Hichem007","2","1","3"
"Hichess1001","1","2","3"
"hiddenprospect","2","1","3"
"hiddondarwis","1","2","3"
"Hieigohan","1","2","3"
"HighlandFox","2","1","3"
"hihihiruvube","1","2","3"
"HIjaziRobin","1","2","3"
"Hikkido","2","1","3"
"hikmatwade","2","1","3"
"hilaltay","2","1","3"
"Hilde60","2","1","3"
"Hile56","2","1","3"
"himalaya2727","2","1","3"
"Himan2304","1","2","3"
"Himanid2016","1","2","3"
"HimanshJain18","2","1","3"
"Himanshu_Yadav","1","2","3"
"Himanshuudiwal","2","1","3"
"Himmelhund77","2","1","3"
"himnish123","1","2","3"
"hinduCoder","1","2","3"
"Hipolito1417","1","2","3"
"HIPOLITO22","2","1","3"
"Hippman","2","1","3"
"hippo_monkey","1","2","3"
"Hippongr","1","2","3"
"Hired_cat","1","2","3"
"hirenpatel12345","2","1","3"
"HiromiMisoMiso","2","1","3"
"hischmann","1","2","3"
"Hish_Babi","2","1","3"
"Hisham9090","2","1","3"
"HishamElSherif","1","2","3"
"HistoryExplorer","2","1","3"
"hitac","2","1","3"
"hitansh183","1","2","3"
"hitarthmehta","2","1","3"
"hitokirizac","2","1","3"
"Hitra23","1","2","3"
"hivanya","1","2","3"
"HJ71","2","1","3"
"hjho3990","1","2","3"
"hjkhuy7","2","1","3"
"HK_The_Great","2","1","3"
"HKVSD","2","1","3"
"hlelokuhleDH","2","1","3"
"HLI_DangQuocHuy2010","2","1","3"
"HlibRX","2","1","3"
"hlina-svida","1","2","3"
"hlq35","1","2","3"
"Hlwany1000","1","2","3"
"HM225","2","1","3"
"Hmada820","1","2","3"
"HManhTung2014NKT","1","2","3"
"hmirac1","2","1","3"
"HMLS008","1","2","3"
"HMLS039","2","1","3"
"HMLS040","2","1","3"
"Hmmd_karim","2","1","3"
"hmnyongesa","1","2","3"
"HMsenol","1","2","3"
"Hnbu_m","1","2","3"
"hnr63","1","2","3"
"ho3in_313_h","1","2","3"
"Hoang_2021607257","2","1","3"
"Hoang_Jaa-2k8","2","1","3"
"HoangAnhPham","1","2","3"
"hoanghhhhhhhhhhhhhh","2","1","3"
"hoanglong29z","2","1","3"
"hoangtuan2405","2","1","3"
"HoaSeven","2","1","3"
"HobbesVH","2","1","3"
"hobodom","1","2","3"
"hocapuriandrej","1","2","3"
"hockey49vt","2","1","3"
"Hockey86","1","2","3"
"Hockeyplayer18","1","2","3"
"hodca","2","1","3"
"hodjon","2","1","3"
"Hoffnungswille","2","1","3"
"Hofmeister","1","2","3"
"hohanthanhngan","1","2","3"
"Hojat70","1","2","3"
"hojjatkha","2","1","3"
"holkan","1","2","3"
"HolmenLimbong2020","1","2","3"
"HolmesOfTheCentury","1","2","3"
"HOLTCAP","2","1","3"
"Holubinka","2","1","3"
"HolyGabriel23","1","2","3"
"Holzstapel30","2","1","3"
"Homayoon2","1","2","3"
"homermaratoniano","1","2","3"
"homos1986","2","1","3"
"hondacb150","2","1","3"
"honestguy","2","1","3"
"honeydream","1","2","3"
"honzan209a","2","1","3"
"hoochi","1","2","3"
"hooda88","1","2","3"
"hoodieguy5","1","2","3"
"hoodman","2","1","3"
"hoofdorpp","2","1","3"
"hooomz","2","1","3"
"hoops77","2","1","3"
"Hopeless_Hope7","2","1","3"
"hopkilrty","2","1","3"
"hoptunetsav","2","1","3"
"HoracioDevitt","1","2","3"
"Hordiy2","1","2","3"
"Hormelcoco","1","2","3"
"hosam3fefe","2","1","3"
"hosam8","1","2","3"
"hoseinshams23","2","1","3"
"hoss771","1","2","3"
"hossam100","1","2","3"
"Hosseinkh27","2","1","3"
"HosseinLavasani","1","2","3"
"Hosseinr1355","2","1","3"
"hosseinsaberr","2","1","3"
"hotdogmaster","1","2","3"
"HotLine27","2","1","3"
"hotsauce9999","1","2","3"
"HotSteel","2","1","3"
"hotsunhot","2","1","3"
"Houari09","2","1","3"
"houarialpunch","2","1","3"
"Houssine43TM","2","1","3"
"Housssam","2","1","3"
"Hovo_Oho","1","2","3"
"Howdoudo5","1","2","3"
"hoygame7","1","2","3"
"hpy","2","1","3"
"Hrach1957","1","2","3"
"Hrca92","2","1","3"
"hrcm","2","1","3"
"Hridey17","2","1","3"
"hrith","1","2","3"
"Hritikrajchess","1","2","3"
"HritSwaroop","2","1","3"
"Hrpsq73","1","2","3"
"HS-BS-ACHIM","2","1","3"
"HsiehMingChih","2","1","3"
"HSimpson","2","1","3"
"hsinghania1","2","1","3"
"Hsrivah","1","2","3"
"HSV4thewin","2","1","3"
"httpROSSOL","2","1","3"
"huaanhtuan","1","2","3"
"Huaqthong2705","1","2","3"
"Hubert_S","2","1","3"
"HubertKosmala","1","2","3"
"hubi194","1","2","3"
"Hufnagel","2","1","3"
"hugo64","2","1","3"
"hugoalej","1","2","3"
"hugocer","1","2","3"
"hugofdeoro","2","1","3"
"HugooBoss","1","2","3"
"HUKODUM","1","2","3"
"HukuToc2288","2","1","3"
"Hulk1995","1","2","3"
"huluberlu","1","2","3"
"human2017","1","2","3"
"Humanonly","1","2","3"
"HumansAreAnimals","1","2","3"
"Humberto-1958","2","1","3"
"humbertoortega","1","2","3"
"Humildade2023","2","1","3"
"Hummie_mushroom12","1","2","3"
"hunanyan","1","2","3"
"hundrednumbers","1","2","3"
"hungrossi","1","2","3"
"hungry_plate","1","2","3"
"HungryHippo7","2","1","3"
"hungsoncva1234","1","2","3"
"Huntergr21","1","2","3"
"Hurrahesten","2","1","3"
"Huseyin1517","2","1","3"
"huseyin66","1","2","3"
"huseyin912","2","1","3"
"huseyincakir","2","1","3"
"huseyinnnakin","2","1","3"
"huseyinnoktenn","1","2","3"
"Huseyn1899","1","2","3"
"huseynsocar","2","1","3"
"husiq","1","2","3"
"Hussain62","1","2","3"
"hussainkar","2","1","3"
"Hussein_Hasso","1","2","3"
"Husseins","1","2","3"
"Hustler07","1","2","3"
"Hustler177","1","2","3"
"hutchj","2","1","3"
"huutung11","1","2","3"
"huynhbaonam2012","2","1","3"
"HuynhThanhTra","2","1","3"
"HuyPhuc2015","1","2","3"
"HuySoc-C43","1","2","3"
"Huzo11","1","2","3"
"hvvk","2","1","3"
"hwgqi726","1","2","3"
"hwtaksiap","1","2","3"
"Hxnny","1","2","3"
"Hxs8747","2","1","3"
"hyasarsoy3","1","2","3"
"Hyatay","1","2","3"
"hydracore","2","1","3"
"HyperExcalibur","1","2","3"
"hypergrid","1","2","3"
"Hyperia","2","1","3"
"HyruleZeld12","1","2","3"
"hystrion","1","2","3"
"hyw_565889","1","2","3"
"I_am_the_best_6","1","2","3"
"i_Harshsoni","2","1","3"
"i_identify_as_noob","2","1","3"
"I_live_be_victories","2","1","3"
"I_love_chess231","2","1","3"
"i_sedundnes","1","2","3"
"I-brahim","1","2","3"
"i-Leon","2","1","3"
"I-m_learning","1","2","3"
"i-q-M","2","1","3"
"I-really-dont-know","2","1","3"
"I2V3G","1","2","3"
"i56","2","1","3"
"i5rne","2","1","3"
"I6pinecones","1","2","3"
"I74-74_74_74","2","1","3"
"I8278","1","2","3"
"i8qc","2","1","3"
"Iaio40","2","1","3"
"IalwaysLoose63","1","2","3"
"iAlwaysss","2","1","3"
"iam_hooligan","2","1","3"
"iamakaza","2","1","3"
"IamanIndian123","1","2","3"
"IAmATree6298","1","2","3"
"Iambadatthegame","2","1","3"
"IamCmelmasbellog","2","1","3"
"IamDC2011","1","2","3"
"IAmDoublePawn","2","1","3"
"IAMFROMLATVIA","2","1","3"
"IAMKKHABIRI","2","1","3"
"iamnitishsah","1","2","3"
"iamomo","1","2","3"
"IAmSlightlyIdiot","1","2","3"
"iamthejuggernaut","2","1","3"
"Ian_Duhat","1","2","3"
"ian66","2","1","3"
"Ianmas","1","2","3"
"IanMendozaK","2","1","3"
"IanNaka","1","2","3"
"Ianzhao2015","1","2","3"
"iasos","1","2","3"
"Ibarguchova","1","2","3"
"IBAZ2","1","2","3"
"IBCG","1","2","3"
"iberiaz9","1","2","3"
"iBerserkHard","1","2","3"
"iBeyaz","1","2","3"
"ibim52","1","2","3"
"Ibinsdapoldi","2","1","3"
"ibleedhotsauce","2","1","3"
"ibraaagim","2","1","3"
"ibrahem007","1","2","3"
"ibrahim_2016","1","2","3"
"ibrahim_hemit","1","2","3"
"ibrahim144","2","1","3"
"ibrahim2535","2","1","3"
"Ibrahim292","2","1","3"
"ibrahim997755","2","1","3"
"ibrahimDen","2","1","3"
"ibrahimelhossary","2","1","3"
"ibrahimisba7","2","1","3"
"IBRAHIMMAKI999","2","1","3"
"IbrahimSeyi","1","2","3"
"Ibrox","1","2","3"
"Ibshaik2011","1","2","3"
"ic1101ha0203","2","1","3"
"IC3FACIAL","1","2","3"
"icardiolog9","1","2","3"
"Icarus417","2","1","3"
"icastlow","1","2","3"
"ice_wise","1","2","3"
"IceBurnEngine","2","1","3"
"icegsicegs","2","1","3"
"icejuice","2","1","3"
"IceLIKE","1","2","3"
"iceman983","2","1","3"
"icenindroid17","1","2","3"
"iceonboard","1","2","3"
"IceRocketJW","2","1","3"
"Ichigo-10","1","2","3"
"IchLiebeDich11","2","1","3"
"Ichnos21","1","2","3"
"iCOBRAxGuNneRz","1","2","3"
"IcyPublicTale","2","1","3"
"idahosa22","1","2","3"
"Idealforearth","2","1","3"
"idefix1","2","1","3"
"Idensi","1","2","3"
"idler76","1","2","3"
"idlevill","2","1","3"
"Idololodi","1","2","3"
"Idson","2","1","3"
"iehdoeveisv","1","2","3"
"iemad73","1","2","3"
"IEMHK","2","1","3"
"ierwnas","2","1","3"
"IFatin","2","1","3"
"ifav7","2","1","3"
"ifeellikesuperfly","2","1","3"
"IFIGENIus","1","2","3"
"iflisz","2","1","3"
"ifranplays","2","1","3"
"iftac","1","2","3"
"ig963","1","2","3"
"IGhostType","1","2","3"
"Iginio","2","1","3"
"Ignace_k","1","2","3"
"IgnacioAli","2","1","3"
"ignaciosancheztorrez","1","2","3"
"Igomon","2","1","3"
"igor_13","2","1","3"
"igor_palaguta","2","1","3"
"Igor_Petrov1","2","1","3"
"Igor-Ivanovich_66","1","2","3"
"Igor178002","2","1","3"
"IGOR196105","2","1","3"
"Igor6565","2","1","3"
"igor84mailru","1","2","3"
"igorb65","1","2","3"
"IgorBogart","1","2","3"
"IgorG17","1","2","3"
"igorkb1961","2","1","3"
"IgorKonkin","2","1","3"
"Igorlog","1","2","3"
"igorpatrin","2","1","3"
"IgorSagratini","2","1","3"
"IgorTihomirov","1","2","3"
"igorvlad2","2","1","3"
"IgorVZ","1","2","3"
"igorzabrodin","2","1","3"
"igorzh","1","2","3"
"IgorZoloto","2","1","3"
"igozaram1","2","1","3"
"Igrmuniz","1","2","3"
"igrok_24","2","1","3"
"igrok7777777","2","1","3"
"IgrokVG","1","2","3"
"igrverejjk","2","1","3"
"Igualador","1","2","3"
"IgumentsevOleg","1","2","3"
"igura","2","1","3"
"iheart_oofs","1","2","3"
"IhorKovalenko","2","1","3"
"ii_saxo","1","2","3"
"IIawka","2","1","3"
"iibrahimmourad","1","2","3"
"Iigg","2","1","3"
"IIJHALL002","2","1","3"
"ijagberg","2","1","3"
"Ijggggffgggggggggggg","2","1","3"
"Ikahjay","1","2","3"
"ikalawa","1","2","3"
"IkalKin","1","2","3"
"ikarus_56","2","1","3"
"Ikedilohimself","2","1","3"
"ikelol","2","1","3"
"IKenChessRO","1","2","3"
"Iker_Rizo","1","2","3"
"ikerromero10","2","1","3"
"Ikersarath","1","2","3"
"Ikhalid_AW","2","1","3"
"ikkoran","1","2","3"
"ikopli","2","1","3"
"IKortega","2","1","3"
"ikurallakashkar","1","2","3"
"IkWilLerenSchaken","1","2","3"
"IL_digicel","2","1","3"
"il_Ghibellino","2","1","3"
"IL-TAB","1","2","3"
"ilasegi","1","2","3"
"ilDanny","1","2","3"
"Ildmarde","1","2","3"
"Ilia_Aleksandrovich","2","1","3"
"Ilia37","1","2","3"
"Iliabarazandeh","1","2","3"
"iliacanada","2","1","3"
"Ilija777","2","1","3"
"Ilijadrazic","2","1","3"
"IlikeBlackWhiteChess","2","1","3"
"iliya-jan","2","1","3"
"IliyaAlex","1","2","3"
"Iljaz_8","1","2","3"
"ILKERFATIH","1","2","3"
"ilkermalcok","2","1","3"
"Ilkin345","1","2","3"
"illarionovdv","1","2","3"
"illegalGoose","1","2","3"
"Illya2705","1","2","3"
"IllyaKorotkiy","1","2","3"
"IlmyRaeqa","1","2","3"
"Ilnar231279","1","2","3"
"Ilona2017","2","1","3"
"ilosssss1","2","1","3"
"ilovebusty","1","2","3"
"IloveGongyuanXun","1","2","3"
"Ilschat_Schayahmetov","1","2","3"
"ilucasazogue","2","1","3"
"Ilucheca_25","2","1","3"
"iluha168","2","1","3"
"Ilusion_a","2","1","3"
"Ilux1997","1","2","3"
"Ilya_Buinevich","1","2","3"
"ilya_shahmatist","1","2","3"
"Ilya_Vostrikov","1","2","3"
"Ilya-11","1","2","3"
"ILYA-2014b","1","2","3"
"Ilya6969","1","2","3"
"Ilyachikcirev11","1","2","3"
"IlyaMonstor2015","2","1","3"
"IlyaortragerousYT","1","2","3"
"IlyaP_11","2","1","3"
"IlyaPon11","2","1","3"
"ilyapuzanovv","1","2","3"
"Ilyaszorba","1","2","3"
"IlyaZharkov","1","2","3"
"ilyeesx7","1","2","3"
"ilymmm","1","2","3"
"ILYSM","2","1","3"
"imad_dlm54","2","1","3"
"imaga","1","2","3"
"ImagineKnight","2","1","3"
"imalreadywinston","1","2","3"
"imamyunus","2","1","3"
"iman_norozi","2","1","3"
"Imangazy","1","2","3"
"ImanolNewells","1","2","3"
"imbetterthanhuazhe12","1","2","3"
"Imchesslana","2","1","3"
"Imeretinets","1","2","3"
"imhidden221163","2","1","3"
"Imhusnain","2","1","3"
"imioussaka12","2","1","3"
"Imkumarshubham","1","2","3"
"immamon","2","1","3"
"immature0009","1","2","3"
"Immenso","1","2","3"
"Immerser","1","2","3"
"Immortist","2","1","3"
"imon2013","1","2","3"
"imonclus","1","2","3"
"iMoonwalked","2","1","3"
"Impervious8","2","1","3"
"imrambo30","2","1","3"
"Imran_Shah0306","1","2","3"
"ImranAlamir","1","2","3"
"ImranJamadar","2","1","3"
"imredtea","1","2","3"
"imrek7","2","1","3"
"Imrvndr","2","1","3"
"imryry","1","2","3"
"imtherealsensei","1","2","3"
"ImThiking","1","2","3"
"Imthiyaz","1","2","3"
"imuval","2","1","3"
"ImyaFamiliya","2","1","3"
"Inakigs_09","1","2","3"
"inal71","1","2","3"
"Inamoses","2","1","3"
"Incognito1975","1","2","3"
"inconstant1905","2","1","3"
"incorrect_mercury","2","1","3"
"IND_RM","1","2","3"
"Indeion","1","2","3"
"Indepen9Dent","1","2","3"
"Inder-alamsyah","2","1","3"
"India_india","2","1","3"
"indiachander","1","2","3"
"indianeagle","1","2","3"
"indianen","1","2","3"
"IndianGamer_9_6_1_0","2","1","3"
"indianstroke","1","2","3"
"indican","2","1","3"
"indira007","1","2","3"
"indrabetter","1","2","3"
"INDRAsuryaarif","1","2","3"
"indromida17","1","2","3"
"indromoro","1","2","3"
"Inejgh45","1","2","3"
"Infatik","2","1","3"
"Infelix","1","2","3"
"infinitivum","2","1","3"
"Infinity_Factorial","1","2","3"
"Infinity9q","2","1","3"
"infinityrelic","1","2","3"
"infodanyboy21","1","2","3"
"ING_Bouhmiid","1","2","3"
"Ingipre","1","2","3"
"ingvion","1","2","3"
"Iniah15sweet","1","2","3"
"Inigo-2","2","1","3"
"inisal","1","2","3"
"Inkar2016","1","2","3"
"inkedchess88","2","1","3"
"Inngrimmsch_Pro","2","1","3"
"inourrainbow","2","1","3"
"inprah","2","1","3"
"inrockmate","1","2","3"
"INS_Pelesos","1","2","3"
"Insafsan","1","2","3"
"INSELPA","1","2","3"
"inspectordrokin","2","1","3"
"Inspektorkarate","2","1","3"
"Inst-danil_palyha","1","2","3"
"INSTAGRAMREEL","1","2","3"
"IntelligentDirt","1","2","3"
"intentdragon770","1","2","3"
"InteressantThisMove","2","1","3"
"Interstellanoob","2","1","3"
"InterYansula","1","2","3"
"Inthename","1","2","3"
"Inti9","2","1","3"
"Intizora_2023","1","2","3"
"intrech","2","1","3"
"intrestuscide","1","2","3"
"Inun_Koe","2","1","3"
"invalide_error112007","2","1","3"
"InVinoVeritas2006","1","2","3"
"invisibleeee","1","2","3"
"invisigram","2","1","3"
"invoker-666","1","2","3"
"Io333","2","1","3"
"IoannKL","2","1","3"
"ioapro","1","2","3"
"iob23","1","2","3"
"ioewpiopew","1","2","3"
"ioneione","2","1","3"
"IONESKU","2","1","3"
"IonicDean","1","2","3"
"ionutbuciuma","1","2","3"
"ioranger","2","1","3"
"ioriloco","2","1","3"
"IosifHalmur","1","2","3"
"iosonolasalsa","2","1","3"
"iPatch420","1","2","3"
"Ipek-Kaygusuz","2","1","3"
"ips33","2","1","3"
"IpsChawla","2","1","3"
"IQ1000000","2","1","3"
"Iqtedaruddin","2","1","3"
"iranmohamad","2","1","3"
"iratxo100","2","1","3"
"IrenMos","2","1","3"
"irgedwo","2","1","3"
"irianto74","2","1","3"
"Irie70","1","2","3"
"irina_ayesupyuh","1","2","3"
"Irina1337","1","2","3"
"IrinaNovikova","2","1","3"
"irisevan","1","2","3"
"irishhaileyb","2","1","3"
"irishman012","2","1","3"
"irkcom2","1","2","3"
"Irkutsk23","2","1","3"
"Irlan_1st","1","2","3"
"irmavalin","1","2","3"
"Iron_3nr1c0","2","1","3"
"Iron_Harvest","1","2","3"
"iron-cage","2","1","3"
"Iron0595","1","2","3"
"Iron243","2","1","3"
"IronArthur","1","2","3"
"irondlasammaiah","2","1","3"
"IronDragoon","2","1","3"
"Irontigergasser","1","2","3"
"Irudaya","1","2","3"
"Iruna04","2","1","3"
"Irusy8888","1","2","3"
"Irwanhadi","1","2","3"
"Isaac_Are","1","2","3"
"IsaacDamas","2","1","3"
"isabatuhanyildiz","1","2","3"
"Isabelle2014","2","1","3"
"isabelle29","2","1","3"
"IsacMachado","1","2","3"
"isaeskiocak","1","2","3"
"isaferneda","2","1","3"
"isak777","2","1","3"
"IsalloSafimerod","2","1","3"
"Isatai","2","1","3"
"isatrkci","2","1","3"
"ISC37","2","1","3"
"iscariote84","2","1","3"
"Iscaro","2","1","3"
"Iscra_Andrei","2","1","3"
"ISH_KAKKAR12","1","2","3"
"Isha2","2","1","3"
"Ishaanarun","2","1","3"
"IshaanMallya","1","2","3"
"ishak27","2","1","3"
"Ishan2003","2","1","3"
"ishmakov","2","1","3"
"IshoNS08","2","1","3"
"IshowSpeed_YT","2","1","3"
"Isiahy13","2","1","3"
"Isidro1976","2","1","3"
"IsItFutureOrIsitPast","2","1","3"
"Iskakov_Djanibek","1","2","3"
"Iskander-Z","2","1","3"
"Iskander8594","1","2","3"
"Iskandersierra","2","1","3"
"iskenderemir","1","2","3"
"iskoo","2","1","3"
"iskrabelic","2","1","3"
"Iskv-SF","1","2","3"
"IslakMavi","2","1","3"
"Islam_Shadouf","2","1","3"
"IslamovaAmalia","1","2","3"
"islamzafon","1","2","3"
"Ismaelfiol","2","1","3"
"ismail_Lider","2","1","3"
"Isman_WEST","2","1","3"
"ismeeh","1","2","3"
"ismet67","2","1","3"
"ISmurfWhenINeed","2","1","3"
"ISNSZ-Christoph","1","2","3"
"isnzpractice","1","2","3"
"Isocaedre","1","2","3"
"isofranco51","1","2","3"
"israfilzada","1","2","3"
"issamficher","2","1","3"
"issigoing","1","2","3"
"isso1987","1","2","3"
"IstominStepan","1","2","3"
"isttur","1","2","3"
"Isuckatchess90","2","1","3"
"Itachiuchiha2005","2","1","3"
"italics","1","2","3"
"italoborchert","1","2","3"
"italolelis","2","1","3"
"Itcj_775","1","2","3"
"Itfafg","1","2","3"
"Itilkan","2","1","3"
"ITISJOHNNY","1","2","3"
"its_amit_10","1","2","3"
"its_hikiko","1","2","3"
"ItsaJourney","2","1","3"
"itsAmjad","1","2","3"
"Itsane","1","2","3"
"itsFariD","2","1","3"
"itsmaiename","2","1","3"
"itsmeSue","2","1","3"
"itsmoha","2","1","3"
"itsrolemodel","1","2","3"
"ItuzeraGOD","1","2","3"
"ItzAadit","2","1","3"
"ItzFalcc","1","2","3"
"ItzMe999","2","1","3"
"Itzmebot","1","2","3"
"ItzProton","2","1","3"
"IU_fan","1","2","3"
"Iuliania","1","2","3"
"Iurii_Solovev","1","2","3"
"iurobi","2","1","3"
"ivaldo_greia","1","2","3"
"Ivan_028","2","1","3"
"Ivan_Kharitonov","2","1","3"
"IVAN_O_17","1","2","3"
"Ivan_Sergeevich13","1","2","3"
"Ivan_Terzi","2","1","3"
"Ivan_Zolotovskii","2","1","3"
"Ivan-07","1","2","3"
"Ivan0227","2","1","3"
"Ivan110291","1","2","3"
"Ivan13801","2","1","3"
"Ivan18112014","2","1","3"
"Ivan1B","2","1","3"
"IVAN973","2","1","3"
"IvanAgapov","1","2","3"
"IvanAndonov","2","1","3"
"ivanbulekov","1","2","3"
"IvanCalquinVolpi","1","2","3"
"ivancontm","2","1","3"
"Ivand345","2","1","3"
"ivanesens","2","1","3"
"IvanFilimonov","2","1","3"
"ivangaidau","1","2","3"
"IvanGeolog","2","1","3"
"IVANIV","2","1","3"
"IvanKliuchenko","1","2","3"
"IvanKolmakov","2","1","3"
"IvanKozor","2","1","3"
"ivankravec_ivano1975","2","1","3"
"ivanlavrenko","1","2","3"
"IvanLosev","1","2","3"
"ivanlya","1","2","3"
"IvanMotorin","2","1","3"
"IvanNazarov2014","1","2","3"
"Ivanninja","2","1","3"
"Ivannovic","2","1","3"
"Ivanoffmaxim","1","2","3"
"Ivanop","1","2","3"
"ivanovanatolii","1","2","3"
"Ivanovmont","1","2","3"
"ivanovodomnin","2","1","3"
"IvanParfenov","1","2","3"
"IvanPF","2","1","3"
"Ivanpop","2","1","3"
"IvanRyabtsev","1","2","3"
"ivant2016","2","1","3"
"ivanthuglife","1","2","3"
"IvanTr86","2","1","3"
"IvanUdovichenko","1","2","3"
"ivanyc","2","1","3"
"Ivanzhuk1973","1","2","3"
"ivatsi","2","1","3"
"iveluiz","2","1","3"
"Iveru","1","2","3"
"IVladimir07","2","1","3"
"ivlis23","1","2","3"
"ivm55","2","1","3"
"IvoHPLC","1","2","3"
"ivokepler","1","2","3"
"IvoryLi","1","2","3"
"ivvan16","1","2","3"
"iwan_jaki78","2","1","3"
"iwan-09_12","1","2","3"
"iwant2000fide","1","2","3"
"iwantkillpika","1","2","3"
"iwb0512","2","1","3"
"IWILLGETBETTER999","1","2","3"
"IwonSeanEom","1","2","3"
"iwtore","1","2","3"
"iyimserTR","1","2","3"
"iyiniyetlieflatun","1","2","3"
"iyjeong1108","1","2","3"
"IYY001","1","2","3"
"izeenat","2","1","3"
"izikomadrid","2","1","3"
"izlanda200","2","1","3"
"Izolovani","1","2","3"
"IZOTOV66","2","1","3"
"izqiv","2","1","3"
"izt3_GaMaRezCo","1","2","3"
"IZverk","2","1","3"
"izzyball","1","2","3"
"j__jat_-14","1","2","3"
"J_Ganpurev","2","1","3"
"J_Hasenfratz","1","2","3"
"j_yunse0o","2","1","3"
"J_Zerson","1","2","3"
"J-GR22","2","1","3"
"J-Michel35","2","1","3"
"J0eu123","2","1","3"
"J1420720_G1","1","2","3"
"J1D4P-T","2","1","3"
"J23m","2","1","3"
"J24kilates","1","2","3"
"J2an-Luc","2","1","3"
"J3sseB0sk3r","1","2","3"
"J8rgee","2","1","3"
"JAAMSoftware","1","2","3"
"jaantek","1","2","3"
"jaantek2","1","2","3"
"jab-E2-E4","1","2","3"
"jabaoalegre","1","2","3"
"jabaqus","1","2","3"
"Jabberwocky1983","1","2","3"
"JablokoZelenoe","2","1","3"
"jabrane55","2","1","3"
"Jabsy37","1","2","3"
"Jac86","1","2","3"
"Jace15","2","1","3"
"Jacek_Bo","2","1","3"
"jaceku1969","1","2","3"
"jack2707","2","1","3"
"jackcito","2","1","3"
"Jackdaw_93","2","1","3"
"Jackebab","1","2","3"
"jackhabbit10","1","2","3"
"Jackiepotato1","2","1","3"
"jackjar2_01","1","2","3"
"jackthescrub","2","1","3"
"JackWinterstone","1","2","3"
"Jacob_Edwards","1","2","3"
"Jacob_Philp","1","2","3"
"jacob3416","1","2","3"
"jacob857","2","1","3"
"jacobholst","2","1","3"
"Jacobl77","1","2","3"
"JacooPastorius","1","2","3"
"jacques_camatte","2","1","3"
"Jacques777","2","1","3"
"Jaddib1","1","2","3"
"JaDiah","2","1","3"
"Jadju","2","1","3"
"Jadszz","1","2","3"
"jae-won","2","1","3"
"Jaeger5","2","1","3"
"jafarmajidpoor","1","2","3"
"jafarovr","1","2","3"
"jagadishnanjegowda","1","2","3"
"jagan23","1","2","3"
"Jagdish7676","1","2","3"
"Jaggu_Amara","1","2","3"
"jaggu24","1","2","3"
"Jagmityadav","1","2","3"
"Jagratijoshi","1","2","3"
"jaha1360","2","1","3"
"jahblessed","2","1","3"
"JahFruit","1","2","3"
"JAHICONER","2","1","3"
"jahjahfue","1","2","3"
"Jai205","1","2","3"
"JaiArjun_K7","1","2","3"
"jaiathan","1","2","3"
"jaidenlee","2","1","3"
"Jaidermg87","2","1","3"
"jaikrish012","1","2","3"
"jaikrishnak7","2","1","3"
"jaikushwaha","1","2","3"
"JAIMEACV","1","2","3"
"jaimeby","1","2","3"
"jaimegalego","1","2","3"
"jaimegf2","2","1","3"
"jaimesparzaa","2","1","3"
"Jaimur12","2","1","3"
"Jain_Shubham","1","2","3"
"Jainax","1","2","3"
"jaineel7","1","2","3"
"jairxd18","1","2","3"
"jaivardhaan_0314","1","2","3"
"Jaiyehhh","1","2","3"
"JaJoRu","2","1","3"
"jajs7d7d8a","1","2","3"
"jake123a","2","1","3"
"Jakeshadvaith","2","1","3"
"Jakh1982","2","1","3"
"JakobLaesser","1","2","3"
"jakobrandecker","2","1","3"
"jakontoznalazl","2","1","3"
"jakub82","2","1","3"
"JakubB2008","1","2","3"
"Jalal_afkhami","1","2","3"
"jalal_meydanchi99","2","1","3"
"JalivanGOT","1","2","3"
"jamade","1","2","3"
"jamainsteve","1","2","3"
"jamal9999","1","2","3"
"jamalian1984","2","1","3"
"Jambi10","2","1","3"
"Jamcfarlane46","1","2","3"
"James_ChessK","2","1","3"
"james_otanga","1","2","3"
"james53840","1","2","3"
"JamesAdam","2","1","3"
"JamesCannon","2","1","3"
"jamesdennis","1","2","3"
"JamesGiri","2","1","3"
"JamesGRaritan","2","1","3"
"JamesJGarner","1","2","3"
"jamesjk1234","1","2","3"
"jamesmaxcasciato","1","2","3"
"JamesMcKenzie","1","2","3"
"jamesmir89","1","2","3"
"jamesrichshow","1","2","3"
"JamesRojas25","1","2","3"
"JamesSmith91","1","2","3"
"JamesTheChessHead","2","1","3"
"JamesTim_116","2","1","3"
"JamieHolland","1","2","3"
"jamisky21","2","1","3"
"Jamithium","1","2","3"
"jamsed","1","2","3"
"JamShid_3500","2","1","3"
"Jamshid702","2","1","3"
"Jan-64","2","1","3"
"jan150","2","1","3"
"Janbecha","1","2","3"
"JanBuescherhoff","1","2","3"
"Jane49620","2","1","3"
"Janeau","2","1","3"
"jangman","1","2","3"
"Jani60","2","1","3"
"Janialfa","1","2","3"
"janiboy007","1","2","3"
"janicko777","1","2","3"
"janiel8493","1","2","3"
"JanIIIsobieski09","2","1","3"
"janjonas03","1","2","3"
"Janko357","1","2","3"
"jankobruncic","2","1","3"
"janleung","2","1","3"
"janoktenerife","1","2","3"
"janpronk","1","2","3"
"Jansisanjay","1","2","3"
"janvanik","2","1","3"
"janwaclaw","1","2","3"
"jany66","1","2","3"
"janya01081954","1","2","3"
"Janys_e38","1","2","3"
"jaona22","1","2","3"
"Japadi","1","2","3"
"japhip","2","1","3"
"JAPlanas","1","2","3"
"japonxino","1","2","3"
"japradas","1","2","3"
"Jaqueton6","2","1","3"
"jar_23","2","1","3"
"jarda25","1","2","3"
"JARDINEROPALMERO","1","2","3"
"Jarett29","2","1","3"
"Jarfredik","1","2","3"
"jarmy","1","2","3"
"Jaro50","2","1","3"
"jaron333","1","2","3"
"Jaroslav003","2","1","3"
"Jaroslav2017","1","2","3"
"jas9","1","2","3"
"JaSamZid","1","2","3"
"JashanganSivaskaran","2","1","3"
"jasiuh","1","2","3"
"Jasmithea","2","1","3"
"jason0624","1","2","3"
"Jason7909","1","2","3"
"JasonBurkeProton","2","1","3"
"jasper_fforde","1","2","3"
"jaspercranberry","1","2","3"
"jassem84","2","1","3"
"jassieciak","1","2","3"
"jasskol","1","2","3"
"Jaszuu2","2","1","3"
"Jatin_Kataria","2","1","3"
"jatock","1","2","3"
"JAV13R_5OL15","1","2","3"
"javadkavyani","1","2","3"
"javadnajibi","1","2","3"
"Javasindustries","1","2","3"
"javasz","2","1","3"
"Javidovi","2","1","3"
"Javier-83","2","1","3"
"javier1008","2","1","3"
"javierletona","1","2","3"
"javiermarti","2","1","3"
"JavierMonti","2","1","3"
"javiersantillan","2","1","3"
"JaviJ","2","1","3"
"Javincia","2","1","3"
"JavinKimbrough","1","2","3"
"Javisanchess","2","1","3"
"Javohir1909","2","1","3"
"jawadmah","2","1","3"
"Jawan91","2","1","3"
"Jax0909","2","1","3"
"JAX1900","2","1","3"
"jaxie55","1","2","3"
"jaxman136","2","1","3"
"Jayadev_j7","1","2","3"
"Jayanisiva","2","1","3"
"Jayanth_21","2","1","3"
"Jayanth5372m","1","2","3"
"jayaraghavan05","1","2","3"
"jayavardhand","1","2","3"
"jaybalaram","1","2","3"
"JayC117","2","1","3"
"JaydenCtrn","1","2","3"
"jaydog79","2","1","3"
"jaykanojia","2","1","3"
"jayklein958","1","2","3"
"JaySun70","2","1","3"
"jaytwokay1111","2","1","3"
"JAZMINLOPEZ1985","2","1","3"
"Jb1234a","1","2","3"
"JB1337prost","1","2","3"
"JBaborovsky","1","2","3"
"Jbjude","2","1","3"
"jblicken54","2","1","3"
"jbm28","2","1","3"
"jbox84126","1","2","3"
"Jc-66Bottrop","1","2","3"
"jcacederaadriatico","2","1","3"
"jcanala","2","1","3"
"JCarlosCastro","2","1","3"
"jcbaraujo","1","2","3"
"jcgm01","2","1","3"
"jchaconp5","2","1","3"
"JChavezT","2","1","3"
"jck1991","2","1","3"
"Jcll61","2","1","3"
"Jcobo78","1","2","3"
"jcseiki","1","2","3"
"jcuba","2","1","3"
"JCurves09","1","2","3"
"Jd_gab0","2","1","3"
"jd0858","2","1","3"
"jd1414","1","2","3"
"jd660","1","2","3"
"jdas25","1","2","3"
"JDB_Clash","2","1","3"
"JDemeter","1","2","3"
"jdhejdbsgjsxihsjdjdh","2","1","3"
"jdmaster22","1","2","3"
"JDORAN26","2","1","3"
"jdww54","1","2","3"
"Jea21","2","1","3"
"Jean_Ren0","2","1","3"
"Jean140729","1","2","3"
"JeanEric","1","2","3"
"JeannotTurbo","2","1","3"
"jeanpierrirusso","2","1","3"
"jeanrouiller","2","1","3"
"Jebacpresretac","1","2","3"
"Jebat","2","1","3"
"Jeboux","2","1","3"
"JEBR298","2","1","3"
"Jebreal","1","2","3"
"jedm","1","2","3"
"jeemil","1","2","3"
"Jeemol","2","1","3"
"Jeeoo","2","1","3"
"Jeeooo","1","2","3"
"Jeexike","2","1","3"
"Jef_74_RU","2","1","3"
"jefePIA","2","1","3"
"Jeff_Ritter","2","1","3"
"jeffedavid01","2","1","3"
"jeffersonfrancoarqui","1","2","3"
"jeffganteng","2","1","3"
"jeffkangale","2","1","3"
"jeffod123","1","2","3"
"jeffrey5","2","1","3"
"JEFRIADY","1","2","3"
"Jefrinshahnajeeb","2","1","3"
"Jeik","1","2","3"
"Jeisonosoriougca","1","2","3"
"jeje2007","2","1","3"
"JEJEJEKum","1","2","3"
"jekscacco","1","2","3"
"JEKuchumov2014","2","1","3"
"jelamoto","2","1","3"
"jelepeno","1","2","3"
"jellepepermans","2","1","3"
"JELO15","2","1","3"
"Jemaotmo","2","1","3"
"Jemico-the-original","2","1","3"
"jems1336","2","1","3"
"jendpfobh","1","2","3"
"jenerpro2805","2","1","3"
"JenishGm","1","2","3"
"jennaaaaa","1","2","3"
"Jens_1702","2","1","3"
"JensHanf","1","2","3"
"Jeraldt","1","2","3"
"JERAME","2","1","3"
"jerem12","2","1","3"
"Jeremy0825","1","2","3"
"JerichoLTRNorth","2","1","3"
"Jero-yt","1","2","3"
"Jerome2000","2","1","3"
"jeson25","1","2","3"
"jessikhaki","2","1","3"
"jestemadam","2","1","3"
"Jestsam3000","2","1","3"
"Jesus207","1","2","3"
"Jesusesp","2","1","3"
"JetDahShark","1","2","3"
"Jetmaster","1","2","3"
"JetstreamSam164","1","2","3"
"jeu1s","2","1","3"
"jewelryblink","1","2","3"
"JewelTime","2","1","3"
"jewo198","2","1","3"
"Jeygo1999","1","2","3"
"jezer0","1","2","3"
"jezzi_tin","2","1","3"
"JFRB","1","2","3"
"JFWalter","2","1","3"
"jg221722","2","1","3"
"jgfernando","2","1","3"
"jgmaza","1","2","3"
"jgun","1","2","3"
"jhalber","2","1","3"
"jharder98","1","2","3"
"JhayLaJotta","2","1","3"
"JHeinz87","1","2","3"
"Jhennuel","2","1","3"
"jheyan007","1","2","3"
"jhg2017","2","1","3"
"jhissamae","1","2","3"
"jhon24k7","2","1","3"
"jhon8017","1","2","3"
"jhonb18","1","2","3"
"JHONCITO1","2","1","3"
"jhonice2003","1","2","3"
"jhoniiva","2","1","3"
"Jhonny177","2","1","3"
"jhonnyua1","2","1","3"
"JhonSL","2","1","3"
"jhurpty","1","2","3"
"JIBOUJNAPZ","2","1","3"
"jibryl","1","2","3"
"jidemaestri","2","1","3"
"JigarGohil","1","2","3"
"Jigeria","2","1","3"
"jilia_k","2","1","3"
"jim-bo","1","2","3"
"Jim93","2","1","3"
"Jimbo115","1","2","3"
"Jimbob99","2","1","3"
"JimGon","2","1","3"
"JimHickey222","1","2","3"
"JimHokkins","2","1","3"
"jimmyeas","2","1","3"
"JimNasty","1","2","3"
"jimy_rd","1","2","3"
"jimyjaymes","1","2","3"
"jingfeng06","1","2","3"
"jinnie1","2","1","3"
"JinxSolos","1","2","3"
"Jipina22","1","2","3"
"jipipipi","2","1","3"
"JIREMOVI","1","2","3"
"jisal","2","1","3"
"JitzBlitz","1","2","3"
"jiyanaram6521","1","2","3"
"JJ-Javitoh","2","1","3"
"jjc98","2","1","3"
"jjjaaahhheeeddd0","2","1","3"
"jjnogueron","2","1","3"
"JJP_09241984","2","1","3"
"jjrv05","1","2","3"
"JJTuvshin","1","2","3"
"jk1811","2","1","3"
"JKA014","2","1","3"
"jkeatonjr","2","1","3"
"Jkevg","2","1","3"
"JKM","1","2","3"
"Jktp","2","1","3"
"jl0524","1","2","3"
"jlaborda95","2","1","3"
"jlb123","1","2","3"
"JLChengZe","1","2","3"
"jldg1324","2","1","3"
"JLeonardRE","1","2","3"
"Jlichesztoime","1","2","3"
"jllave","1","2","3"
"jlmaroto","1","2","3"
"JLPapa2","1","2","3"
"JLUE2","1","2","3"
"JM-ANCEL","1","2","3"
"jmannion","1","2","3"
"jmapelpadam","1","2","3"
"JMartinGambit","1","2","3"
"JMbishop","2","1","3"
"Jmeirellesjr","2","1","3"
"Jmeyering","2","1","3"
"Jmichael30","2","1","3"
"JMJHALL0010","1","2","3"
"JMLegaspina_2008_Mla","2","1","3"
"jmumper","2","1","3"
"jMustang","2","1","3"
"JMYS","1","2","3"
"JNaranjo","1","2","3"
"jnva-2","2","1","3"
"JO135","1","2","3"
"Jo31415","1","2","3"
"Jo8ed","1","2","3"
"joa_2010","1","2","3"
"joacco","2","1","3"
"Joadz469","2","1","3"
"joambi","1","2","3"
"JoAna2010","1","2","3"
"JOANKILLER","1","2","3"
"joanlopezroa","1","2","3"
"Joao3Paulo","2","1","3"
"JoaoFelix0205","2","1","3"
"joaokj","2","1","3"
"JoaoMesa","1","2","3"
"JoaoMiguelFLopes","2","1","3"
"joaonever","1","2","3"
"JoaoPauloMM","1","2","3"
"Joaozinho97","1","2","3"
"Joaquim3124","2","1","3"
"jobe25","2","1","3"
"Jobino","2","1","3"
"joca0726","1","2","3"
"JochenBielefeld1956","2","1","3"
"jochi1106","2","1","3"
"jocoqui","1","2","3"
"jodhanu","2","1","3"
"jody2004","2","1","3"
"Joe_254","1","2","3"
"Joe_Lyn","1","2","3"
"joe_mugo2","2","1","3"
"Joe-Nabhan","1","2","3"
"Joe8841","2","1","3"
"JoeBarboza","1","2","3"
"joeborn","1","2","3"
"JoeBurrr","1","2","3"
"Joel_DePo","2","1","3"
"Joeldecmaster","2","1","3"
"joelmilitaodasilvago","2","1","3"
"joeltron","2","1","3"
"joep959","1","2","3"
"joerg888","2","1","3"
"JoeyJo-JoJrShabadoo","1","2","3"
"JoeyWH","2","1","3"
"Joeyyy06","2","1","3"
"Jofgar","2","1","3"
"jogahell","2","1","3"
"jogi0407","2","1","3"
"johaanlijish","1","2","3"
"johan_toney","2","1","3"
"johanakerman","2","1","3"
"johaneliberte","1","2","3"
"JohanMelon","2","1","3"
"johann77fr","2","1","3"
"JohannesH95","2","1","3"
"johansewalker","2","1","3"
"Johgurtsosse","2","1","3"
"Johku186","2","1","3"
"John_Blund","2","1","3"
"John_Mannix","2","1","3"
"John_Mulder","1","2","3"
"John_novice7","2","1","3"
"John_Stu","2","1","3"
"John-Taylor-Junior","1","2","3"
"john0987","1","2","3"
"John1905","2","1","3"
"Johnart","2","1","3"
"johnbae","1","2","3"
"JohnBertuk","2","1","3"
"johnjohnjohnjohnjohn","2","1","3"
"JohnJohny555","1","2","3"
"Johnjon71","1","2","3"
"Johnksmith1000","1","2","3"
"johnnlemon","2","1","3"
"Johnny_Cash","1","2","3"
"johnny_ner","1","2","3"
"Johnny62","1","2","3"
"johnnycbad","2","1","3"
"Johnnylats","1","2","3"
"Johnnyweight","1","2","3"
"JohnPetsios","2","1","3"
"johnrrankin","2","1","3"
"johns248","1","2","3"
"Johnsathish","2","1","3"
"Johnsobhi","1","2","3"
"Johnsylver","2","1","3"
"JOHNY_SZEF","2","1","3"
"johny1818","2","1","3"
"johnyfine","2","1","3"
"JohnySid","1","2","3"
"jojo519","2","1","3"
"jojo9015","1","2","3"
"jojodecombloux","2","1","3"
"jojohw","1","2","3"
"jojono1","2","1","3"
"joka6551","2","1","3"
"Joker1001","1","2","3"
"jokerji","1","2","3"
"jokerzozo","2","1","3"
"JokesRokes","2","1","3"
"jokicc","2","1","3"
"JOL15","1","2","3"
"Jolemerou","2","1","3"
"JollyHollyRoger","2","1","3"
"Jolololol","2","1","3"
"Jomaca117","2","1","3"
"jomagoga","1","2","3"
"jomanuell","1","2","3"
"Jon112233","1","2","3"
"Jona-Tor","1","2","3"
"jona22","1","2","3"
"jonaathansv","2","1","3"
"jonajiks","2","1","3"
"Jonas357","2","1","3"
"Jonas793","1","2","3"
"JonasBergstedt","2","1","3"
"JonasLanza","2","1","3"
"jonaslii","1","2","3"
"Jonassss13","2","1","3"
"JonasZiem","1","2","3"
"JONATAS_LP08","2","1","3"
"Jonathan_2111","1","2","3"
"Jonathan_ETM","1","2","3"
"jonathan-tony","2","1","3"
"JonathanLewittes","1","2","3"
"Jonathansundar","1","2","3"
"joniiiiiii","2","1","3"
"jonisar","2","1","3"
"Jonnykitty2016","2","1","3"
"Jonnypri","2","1","3"
"JonnyRembo","1","2","3"
"Jonrok","1","2","3"
"jonwofthechgows","1","2","3"
"jonzio","2","1","3"
"Joo790","2","1","3"
"jooo7","2","1","3"
"joopsloop","2","1","3"
"joora","2","1","3"
"Joossooo","2","1","3"
"Jopek22","1","2","3"
"JOR480","1","2","3"
"joraspb","1","2","3"
"JORDAN_CAI","2","1","3"
"jordanhegel","2","1","3"
"jordiguatgon","2","1","3"
"Jorge_Iglesias","2","1","3"
"jorge24","1","2","3"
"Jorge2604","1","2","3"
"jorge7621","1","2","3"
"jorgeAmadoBrasil","2","1","3"
"Jorgecor9","1","2","3"
"jorgeedu88","1","2","3"
"JorgeGomez06","2","1","3"
"jorgemiromiro","1","2","3"
"jorgemongan","1","2","3"
"Jorgeomargarro","1","2","3"
"jorgeprieto","1","2","3"
"jorgesolano2021","2","1","3"
"Jorgirio","1","2","3"
"jorgitoglogloglo","1","2","3"
"jorisami","2","1","3"
"jorjeous","1","2","3"
"jorqui","1","2","3"
"Jortebes","2","1","3"
"Joschi791","1","2","3"
"Joscosam","2","1","3"
"Jose_David88","1","2","3"
"jose_gaya","2","1","3"
"Jose_Manuel_Farca","2","1","3"
"jose-63","1","2","3"
"jose-luis-perez","1","2","3"
"jose1964","1","2","3"
"Josebruces","1","2","3"
"JosefCortes","1","2","3"
"josegeraldohasmann","1","2","3"
"Josegregorio27","1","2","3"
"joseLuca1090200l","2","1","3"
"Joseluislimabarreto","2","1","3"
"Joselyn-T14","1","2","3"
"josemamiq","2","1","3"
"josemanos","2","1","3"
"josemanuelcruz","1","2","3"
"JoseManuelKasparov","1","2","3"
"JoseMariaCorreaMoral","1","2","3"
"josemartins79","2","1","3"
"Josemato","1","2","3"
"JoseMenezes","1","2","3"
"josemi8878","1","2","3"
"josepaulino06","2","1","3"
"Joseph_Alcant","2","1","3"
"joseph046","1","2","3"
"Josepharul","2","1","3"
"Josephkr","1","2","3"
"Josephyous","2","1","3"
"josesallan","1","2","3"
"Josesito29","1","2","3"
"Josetohod","1","2","3"
"Joshgun_93","1","2","3"
"Joshstojkovic","1","2","3"
"Joshua_perez_10","1","2","3"
"joshua_wav","2","1","3"
"JoshuaMaster","2","1","3"
"Joshuasalem","1","2","3"
"Joshuatochuks","2","1","3"
"josip1996","1","2","3"
"josip2806","1","2","3"
"josipcapcap","1","2","3"
"joskii_yarik","2","1","3"
"JoSommer","1","2","3"
"josoyeldoritos","2","1","3"
"josu_123","1","2","3"
"Josue_18_90","2","1","3"
"Josue_Salvatierra","2","1","3"
"Josue2332008","2","1","3"
"JotaDoSmash","2","1","3"
"Jotama","1","2","3"
"jotemagnus","1","2","3"
"joud-sh","2","1","3"
"Joukin","1","2","3"
"jova2021","2","1","3"
"JOVENIAUX","2","1","3"
"JoWe9251","2","1","3"
"joya56","2","1","3"
"joycongrip26","1","2","3"
"joyzasa","2","1","3"
"Jozef-Janik","1","2","3"
"jp1100","1","2","3"
"jp195","1","2","3"
"Jp19592000","1","2","3"
"jpcorrea","1","2","3"
"JPeletro","1","2","3"
"jperezamuchasthdmm","2","1","3"
"jpica","2","1","3"
"jpking1982","1","2","3"
"jpkolind","2","1","3"
"Jplabrigue","1","2","3"
"jplsv","2","1","3"
"jpnyap","1","2","3"
"JPors","2","1","3"
"JPPushpast","2","1","3"
"jpqr","1","2","3"
"jprata","1","2","3"
"JPS-Polska","1","2","3"
"jpujara","2","1","3"
"jpweers","2","1","3"
"JR_24-7","1","2","3"
"JrACB2","1","2","3"
"jrgibson7","2","1","3"
"jrmello","1","2","3"
"jrocky","1","2","3"
"Jrod25","1","2","3"
"jros42","2","1","3"
"jrte24","1","2","3"
"Jsartorial","2","1","3"
"jsavaghebi","2","1","3"
"jsb712","2","1","3"
"Jsched","1","2","3"
"jsfurtad","1","2","3"
"jsilvetti9","1","2","3"
"Jsinghmithra","1","2","3"
"jsirkgtn","1","2","3"
"jsk961","2","1","3"
"jslats","1","2","3"
"jspngh","1","2","3"
"jsquebec360","2","1","3"
"jsun206","1","2","3"
"jsundmannorberg","2","1","3"
"jsung","2","1","3"
"jteh123","1","2","3"
"Jtgr3d","2","1","3"
"jtobin","1","2","3"
"JTomasz","2","1","3"
"jtracy312","1","2","3"
"jttt112","1","2","3"
"jtzam7","1","2","3"
"juafer2005","2","1","3"
"Juampi_Torrico","2","1","3"
"Juan_Cuadrado","2","1","3"
"Juan_Mestra","2","1","3"
"Juanan_Hostalric","1","2","3"
"juancarol","1","2","3"
"Juanchoelpollo","2","1","3"
"JuanDi19","2","1","3"
"JuanDiegoAvilaS","2","1","3"
"JuanDiegoGomezFranco","1","2","3"
"juandoradoc","1","2","3"
"juanestebanpg","2","1","3"
"juanguardiad","2","1","3"
"juanillocc","2","1","3"
"juankak","2","1","3"
"juanma1969","2","1","3"
"Juanma61","2","1","3"
"juanmartinprieto","2","1","3"
"juanmonti","2","1","3"
"juanpablo0308","2","1","3"
"JuanPabloMR","2","1","3"
"juanpi191016","2","1","3"
"juanprofe","1","2","3"
"Juanriverorodriguez","1","2","3"
"JuanRobelto","2","1","3"
"juanrusso","2","1","3"
"Juanse95","2","1","3"
"Jubaer113","2","1","3"
"jud2_2","2","1","3"
"Judelin","1","2","3"
"Judith_Hope","1","2","3"
"JudithHope","1","2","3"
"JuDu","1","2","3"
"JUEGOLINDO","1","2","3"
"juergen00","2","1","3"
"JuergenHaeuser","2","1","3"
"Jugador1973","1","2","3"
"JuhaniRuin","2","1","3"
"juicemia","1","2","3"
"juicerisss","2","1","3"
"julaymatei","2","1","3"
"JulD22","2","1","3"
"JuliaanSA","2","1","3"
"Julian5511","1","2","3"
"JulianAxe","1","2","3"
"JulianoMarsiho","1","2","3"
"julianplayer10","1","2","3"
"juliaotx","2","1","3"
"juliaswab","2","1","3"
"JulienBousquetPx","1","2","3"
"julio276","1","2","3"
"juliolizard","1","2","3"
"juliopirata35","2","1","3"
"juliovillalba","1","2","3"
"julitx-matt","2","1","3"
"July18","1","2","3"
"jumbaa1234","2","1","3"
"jun7608","1","2","3"
"junarenas","2","1","3"
"juniorcruz","1","2","3"
"Juniorjesus","1","2","3"
"juniorsan","1","2","3"
"JunioValerioBorghese","1","2","3"
"juppidu","1","2","3"
"Jurek_09","1","2","3"
"jurezd11","2","1","3"
"jurifr","1","2","3"
"JuriRakete","1","2","3"
"jurr","1","2","3"
"JussiVatanen","2","1","3"
"just_another_moron","1","2","3"
"just_to_go","1","2","3"
"just_us","2","1","3"
"justamado123","2","1","3"
"justapawnintheirgame","2","1","3"
"justhuseyin3762","2","1","3"
"justinharmse","2","1","3"
"justinmac34","1","2","3"
"justinstanley","2","1","3"
"justinxcorrea","1","2","3"
"JustJacob12","1","2","3"
"JustKing97","1","2","3"
"justpk778","1","2","3"
"justpracticing002","2","1","3"
"juwairen","2","1","3"
"juzxc","2","1","3"
"jv1983","1","2","3"
"JWalter","2","1","3"
"jwan_ibrahim","2","1","3"
"jwb0323","1","2","3"
"jwbeiter","2","1","3"
"JWOhjnasdkkfa","1","2","3"
"jxk01","2","1","3"
"JYATES12380","1","2","3"
"Jydp","1","2","3"
"JYO1994","2","1","3"
"jyork81","1","2","3"
"Jyske","2","1","3"
"jzamora72","1","2","3"
"JZNRP","1","2","3"
"K_a_f_i_r","2","1","3"
"K_H007","2","1","3"
"K_KaIseur","2","1","3"
"k_roohola","1","2","3"
"k_sarkar","1","2","3"
"K_Vince_ELTER","1","2","3"
"K-Armen","1","2","3"
"K-esar","1","2","3"
"K-Joe","1","2","3"
"k-yurtseven","1","2","3"
"k0mbat","1","2","3"
"k0nn1k","1","2","3"
"k0rkmz","2","1","3"
"K1908","1","2","3"
"K1koSenpai","1","2","3"
"K1N53LL4","1","2","3"
"k1nan0oban","1","2","3"
"K1pa","2","1","3"
"k1tty63","1","2","3"
"k2exchange","2","1","3"
"k4rmac","2","1","3"
"K4RPU5","1","2","3"
"k4ym11d4c2uc141","1","2","3"
"K9LawnPals","2","1","3"
"Ka1se","1","2","3"
"Kaan_2017","2","1","3"
"Kaanlp","2","1","3"
"kaantastekin","1","2","3"
"Kaarthi14","2","1","3"
"kaassaus","1","2","3"
"kaba4ok2012","2","1","3"
"KABALLOAZTEKA","1","2","3"
"kabar03","1","2","3"
"Kabarel","2","1","3"
"kabenj","2","1","3"
"kabenos","1","2","3"
"kabirthakral","1","2","3"
"KableDeLuz","1","2","3"
"Kaboke47","1","2","3"
"Kacem_9","1","2","3"
"kacioss","1","2","3"
"kacper022012","1","2","3"
"Kactorka450","2","1","3"
"KadBecker","2","1","3"
"kadenjtaylor","2","1","3"
"kadenz","2","1","3"
"kadi2022","2","1","3"
"kadikoylu","1","2","3"
"kadima01","2","1","3"
"Kadirovski","1","2","3"
"kadirtasci","1","2","3"
"kadismad","1","2","3"
"kadol","2","1","3"
"kadza","2","1","3"
"kaefff","1","2","3"
"kael_chavez","2","1","3"
"kaelwhit","2","1","3"
"Kafak","1","2","3"
"Kaffeine0","1","2","3"
"kaffetop","2","1","3"
"kahluman","1","2","3"
"KahYii","2","1","3"
"Kai_Proctor","1","2","3"
"Kai559","2","1","3"
"Kaiasss","1","2","3"
"Kaide22","2","1","3"
"kaijunlim","1","2","3"
"Kaikchu","1","2","3"
"Kairat7272","2","1","3"
"kais1978","2","1","3"
"KaiserKlaus","1","2","3"
"kaiserxavier","2","1","3"
"kaivalya_walker","2","1","3"
"kaizer1992","1","2","3"
"kajetanbayerkoehler","1","2","3"
"kajoM","2","1","3"
"Kak_Magnus","2","1","3"
"kaka13869","2","1","3"
"kaki_toni","2","1","3"
"kakuba07","1","2","3"
"kakugarg147","2","1","3"
"Kalach92","2","1","3"
"kalak_2","1","2","3"
"kalampazhagu","1","2","3"
"KalashnikovAndrey","1","2","3"
"kalbhairav_2795","2","1","3"
"kalczi","1","2","3"
"kalender2015","1","2","3"
"Kalibrian","2","1","3"
"kalite2018","2","1","3"
"kallikall74","2","1","3"
"kalluri_arnav","1","2","3"
"Kalos00","1","2","3"
"Kalos1107","1","2","3"
"KaLy627363833","1","2","3"
"kalyan10","1","2","3"
"kam81","2","1","3"
"kamalahn","1","2","3"
"Kamelobaer9000","2","1","3"
"kamiank","1","2","3"
"kamikaze88","2","1","3"
"Kamil_url","2","1","3"
"kamila_546","2","1","3"
"Kamila0407","1","2","3"
"KamilArs","2","1","3"
"KAMiNO_3","1","2","3"
"kamirhossein","2","1","3"
"Kamisato123","2","1","3"
"kammu","1","2","3"
"kamo_ogannisyan","2","1","3"
"KamothoDan","2","1","3"
"Kamran_Shikhiyev","2","1","3"
"Kamran222","2","1","3"
"kamranngh","1","2","3"
"kamrantagizade","2","1","3"
"Kamranz91","2","1","3"
"KamuiKameo","1","2","3"
"KananGU","1","2","3"
"kanatdank","1","2","3"
"Kanaya_CSI","1","2","3"
"kanayan777","1","2","3"
"kandiski","2","1","3"
"Kaneshiro","1","2","3"
"Kangboloon","1","2","3"
"kango902","2","1","3"
"kanishkaa_21","1","2","3"
"kanishkbohra18","2","1","3"
"kanishkkirmoliya","1","2","3"
"kannan2015","1","2","3"
"kanuniilkokulu","1","2","3"
"kanute1603","1","2","3"
"Kanzass","1","2","3"
"Kanzelspeck","2","1","3"
"kaomha","1","2","3"
"Kaostion","2","1","3"
"KAOU15","1","2","3"
"kapibarara","1","2","3"
"kapilit24","1","2","3"
"Kapitizki","2","1","3"
"KAPJLCOHP","1","2","3"
"kapkais","2","1","3"
"Kapoortarun","1","2","3"
"Kapowsky72","1","2","3"
"kapoza","2","1","3"
"kaput","2","1","3"
"kar1981","2","1","3"
"kar2000","2","1","3"
"Kar2000000","2","1","3"
"karakocfurkann","1","2","3"
"Karanja019","2","1","3"
"karannnnn","1","2","3"
"karanshallow","2","1","3"
"karapet1948a","2","1","3"
"KARARVI","1","2","3"
"Karatqw","2","1","3"
"Karbon0_0","1","2","3"
"karbov225","2","1","3"
"kardet01","2","1","3"
"kardinalgrimnir","1","2","3"
"kardoph","2","1","3"
"Kareh2","2","1","3"
"karenmkrt_1","1","2","3"
"karez_254","2","1","3"
"karga7","1","2","3"
"Karim_chergui","1","2","3"
"Karim228","2","1","3"
"karim965","1","2","3"
"KarimElShorbagi","2","1","3"
"karimfl","2","1","3"
"Karimnugmanov","1","2","3"
"karimtaher1","1","2","3"
"KarinaSarkisyan","1","2","3"
"karios17","1","2","3"
"karkovik","2","1","3"
"Karldroga","2","1","3"
"karlen1956","2","1","3"
"karlisseglins","1","2","3"
"karlmaks","2","1","3"
"KarlNapf","1","2","3"
"KARLOS2013","1","2","3"
"Karlutxo","2","1","3"
"KarmaEthan","2","1","3"
"karmaged0n","1","2","3"
"karmgeetraj","1","2","3"
"karmosh","1","2","3"
"Karolisko","1","2","3"
"karolovf","2","1","3"
"karposv","2","1","3"
"Karpovio","2","1","3"
"Karro28","1","2","3"
"Kartal55","2","1","3"
"KartelChess","2","1","3"
"kartheesan","1","2","3"
"Karthik_Arun0-7","2","1","3"
"karthikbh","1","2","3"
"kartika8","1","2","3"
"Kartikey_Chess","1","2","3"
"Kartikey1","2","1","3"
"kartikeyasuper","1","2","3"
"KartikHdhd","1","2","3"
"Kartoffel3000","2","1","3"
"kartoffel79","2","1","3"
"karu1511","2","1","3"
"karubii","1","2","3"
"Karurosu123","1","2","3"
"KarvasTapio","1","2","3"
"KarzanElin","2","1","3"
"Kas_black","2","1","3"
"KAS72","2","1","3"
"kasab128","2","1","3"
"kasamv","1","2","3"
"kasatura","2","1","3"
"Kasbarof1","1","2","3"
"kasborav","2","1","3"
"kaseke111","1","2","3"
"Kashif_Muntazir","1","2","3"
"Kashifislam","2","1","3"
"KashikM","2","1","3"
"Kashirin_Andrei","2","1","3"
"Kashoggi56","1","2","3"
"KASHUBIN_MV","1","2","3"
"kasian2012","1","2","3"
"KasigiYabu","2","1","3"
"KasiliMusa","1","2","3"
"kasilva","2","1","3"
"Kasoloka","1","2","3"
"kaspabob","1","2","3"
"Kasparof-1","2","1","3"
"kasparofffffefhii","2","1","3"
"kasparov_peru","2","1","3"
"Kasparov730","1","2","3"
"kasparoveporra","2","1","3"
"kasperof1972","2","1","3"
"kaspi007","1","2","3"
"Kasqit","1","2","3"
"kasraESKANDRY1389","2","1","3"
"kasska1022","1","2","3"
"kastamputrajaya","2","1","3"
"kastykasty","1","2","3"
"Katakypu","1","2","3"
"katapulta777","2","1","3"
"Katdmitrieva","2","1","3"
"kated228","2","1","3"
"katharina2112","1","2","3"
"Kathir100","1","2","3"
"Kathryn_Tagboto","1","2","3"
"kati11","1","2","3"
"Katlego_WS","2","1","3"
"KATTALAN1987","2","1","3"
"katya_merkusheva","1","2","3"
"Katyskate","1","2","3"
"kaud_7","1","2","3"
"kaumil2001","1","2","3"
"KAurum","2","1","3"
"KAUSHIKPAP","2","1","3"
"Kaustubhnayak0207","1","2","3"
"kaustubhsingh","2","1","3"
"Kaveh2004","2","1","3"
"kAvinDu-AMCC","1","2","3"
"kavita56","1","2","3"
"Kavithamenta","2","1","3"
"kavorka04","1","2","3"
"kawoosh","1","2","3"
"Kawther03","1","2","3"
"KayraSelhan","2","1","3"
"KayRB","2","1","3"
"Kaytillo","1","2","3"
"kayzerman","2","1","3"
"Kazap84","1","2","3"
"kazden","2","1","3"
"kazihossain","2","1","3"
"Kazimir07","2","1","3"
"kazmiii","1","2","3"
"KazoMeiSTeRR","2","1","3"
"Kazuo2020a","2","1","3"
"KBA4059_hirziH","2","1","3"
"kbaschko","2","1","3"
"kbgriff","1","2","3"
"kbhandari","2","1","3"
"KBR07","2","1","3"
"KC8_NTNgocHan_2013","1","2","3"
"KC8_Phamthaihoa_2015","2","1","3"
"Kcarter2323","2","1","3"
"kcirdec","2","1","3"
"kd24","2","1","3"
"kdavidk","1","2","3"
"KDivius","2","1","3"
"kdjm","1","2","3"
"Kdmnttt106","2","1","3"
"Kdoubledizz","1","2","3"
"Kdr14","1","2","3"
"keanegleeson","2","1","3"
"Kechessa","2","1","3"
"kedcap2011","1","2","3"
"keen_on","2","1","3"
"keengiftedhero","1","2","3"
"keenslimcatfish","2","1","3"
"keepdm","1","2","3"
"keerthi_sadurangam","2","1","3"
"kefrushaa","2","1","3"
"Keith_Grice","1","2","3"
"keithmathew77","2","1","3"
"Kejilong","2","1","3"
"kekechamps","1","2","3"
"kekibeltramone","2","1","3"
"keko132","2","1","3"
"keldup43","1","2","3"
"Kelheim","2","1","3"
"KELS119","2","1","3"
"KELS446","1","2","3"
"Kelvin306","1","2","3"
"kelvin69","2","1","3"
"Kemalistt","1","2","3"
"kemalsoydan80","1","2","3"
"kemo08","2","1","3"
"kemolokko","1","2","3"
"Kempesino10","1","2","3"
"Ken-89","2","1","3"
"ken11121","2","1","3"
"Kenan_kun","2","1","3"
"kenan09","2","1","3"
"Kenareb","2","1","3"
"KEND039","2","1","3"
"KendineNolduYa","1","2","3"
"KendrickRojas","2","1","3"
"kenjiehui","2","1","3"
"kenkenferry","2","1","3"
"Kenmash","1","2","3"
"KenMonarch21","2","1","3"
"Kenmuller","1","2","3"
"kennarown","2","1","3"
"kenny2273","1","2","3"
"kenny58","2","1","3"
"KennyC0643","1","2","3"
"kenpachi666","1","2","3"
"kent692","2","1","3"
"Kentavr_2140","2","1","3"
"Kentawr1401","2","1","3"
"Kenth17","1","2","3"
"KentVosmerka","2","1","3"
"Kenya85","2","1","3"
"kenyacrazy","1","2","3"
"kenyanlord","2","1","3"
"kenzhe160","2","1","3"
"Kenzy70","1","2","3"
"keon14","1","2","3"
"Keramik44","2","1","3"
"Kerem_2017","2","1","3"
"kerem-03","1","2","3"
"Kerem4949","2","1","3"
"keremalikorkmaz","2","1","3"
"keremdilsizzzz","1","2","3"
"keremeymenaygun","2","1","3"
"keremkumluca","1","2","3"
"Keremsaglanmak","2","1","3"
"KeremYildirim1","2","1","3"
"Keresch","2","1","3"
"kereteos","2","1","3"
"kerikerii","1","2","3"
"Kernellevici","1","2","3"
"kero_88","2","1","3"
"kero65","1","2","3"
"Kerrinkers","1","2","3"
"Kerston","2","1","3"
"keryaspb","1","2","3"
"kesdiricihan","2","1","3"
"Kesha_666_uiop","1","2","3"
"keskinac","2","1","3"
"Kess93","2","1","3"
"ketchup_Man","2","1","3"
"ketosis001","2","1","3"
"kety336","2","1","3"
"keupo001","2","1","3"
"keurnyokot","1","2","3"
"Kev-ppp","1","2","3"
"kevin_989","1","2","3"
"kevin_donaldo","2","1","3"
"KevinAVS","2","1","3"
"kevindurant35","1","2","3"
"Kevingonza","2","1","3"
"KevinJMV","2","1","3"
"kevinlumayno15","2","1","3"
"kevinplayschess123","2","1","3"
"Kevla","2","1","3"
"KeVoXtreme","1","2","3"
"kevsg1","2","1","3"
"kexto","1","2","3"
"Keyaksar","1","2","3"
"Keyarah","2","1","3"
"keykha","1","2","3"
"Keyler1985","2","1","3"
"keyller73","2","1","3"
"KeyserSoeze","2","1","3"
"KeyserSozee08","1","2","3"
"keysun-rayan","1","2","3"
"kffjfjjddjfjj","2","1","3"
"kfor","2","1","3"
"Kh8661","2","1","3"
"khabalov","2","1","3"
"KhachaturovDavid","1","2","3"
"Khadeli","2","1","3"
"khadersamara","2","1","3"
"Khaira_NurAisyah","2","1","3"
"khaldoun7777","1","2","3"
"Khaled_20","2","1","3"
"Khaled_7alawa","1","2","3"
"khaled_aly_570","1","2","3"
"khaled255","2","1","3"
"khaledAreda","2","1","3"
"KhaledElmasry0222","1","2","3"
"khaledmoham","2","1","3"
"KhaledXIII0","2","1","3"
"Khalefa84","1","2","3"
"Khalid_95","1","2","3"
"khalid3319","2","1","3"
"Khalidssssss","1","2","3"
"Khalil99sousse","2","1","3"
"Khalmuratov_nail","2","1","3"
"Khamba1996","2","1","3"
"KhanBurak","2","1","3"
"khangminhdeptraj","2","1","3"
"Khanhduy16","1","2","3"
"khanhhk","2","1","3"
"KHASHAYAR-SHAH","1","2","3"
"khayryy","1","2","3"
"kheirallah","1","2","3"
"kheiri8032","1","2","3"
"Khepu","2","1","3"
"khien3","1","2","3"
"khishig0113","1","2","3"
"Khochare_Advik","1","2","3"
"KhoirulRiz","1","2","3"
"khokha2009","1","2","3"
"KholikovB","2","1","3"
"kholyo","1","2","3"
"KhramshinArtem","1","2","3"
"khrbash","1","2","3"
"Khristian93","1","2","3"
"khumarvillalobos","2","1","3"
"Khunufseh","1","2","3"
"Khushal19998","1","2","3"
"Khvalynskiy","1","2","3"
"Kia1352137","2","1","3"
"kiaa_singh","2","1","3"
"kian-1394","2","1","3"
"Kian-N","2","1","3"
"kian1391norwzean","1","2","3"
"kian6522","2","1","3"
"Kian80061","2","1","3"
"KianAbadi","2","1","3"
"Kianz","2","1","3"
"kiaomidizadeh","1","2","3"
"Kiarashiran","2","1","3"
"KIARUS","2","1","3"
"kibberling","2","1","3"
"Kic21","2","1","3"
"kichumu","1","2","3"
"kid_pochoclo","2","1","3"
"KIDalways","2","1","3"
"Kidifi","1","2","3"
"KidInAfrica","1","2","3"
"kiekeboe","2","1","3"
"Kiepenkerl","2","1","3"
"kiet_dang","1","2","3"
"kiet1234m","2","1","3"
"KIgor71","1","2","3"
"KiKo777","1","2","3"
"Kikof3512","1","2","3"
"kikoreyne","1","2","3"
"KikoSchmitt","2","1","3"
"Kiksitwigsy","2","1","3"
"Kiku8815","1","2","3"
"KikuriHiroi","1","2","3"
"kilian037","1","2","3"
"kilic60","1","2","3"
"kiliche","1","2","3"
"kilili","1","2","3"
"Killer_-98","2","1","3"
"Killer_Indo_2009","1","2","3"
"killerking1196","2","1","3"
"killermove1111","1","2","3"
"killian777","1","2","3"
"KillingJoke91","1","2","3"
"killuah99","1","2","3"
"kilo2137","2","1","3"
"Kilometrogna","1","2","3"
"KimarenNaidoo","1","2","3"
"KIMCHI95","1","2","3"
"kimhyw","1","2","3"
"Kimi2007","1","2","3"
"kimiguzman","1","2","3"
"kimnganhau2901","2","1","3"
"Kimo_22","1","2","3"
"kimo_harby1","2","1","3"
"Kimonowa","1","2","3"
"KimuraKing","1","2","3"
"kindamo2023","1","2","3"
"kindarsurprise","2","1","3"
"Kindaura","2","1","3"
"Kindstar","1","2","3"
"king_Abdul","1","2","3"
"King_chek_m8","1","2","3"
"king_of_chess_russia","1","2","3"
"King_of_Jungle","2","1","3"
"King_prince","2","1","3"
"king_slayer33","2","1","3"
"King_Slayer6996","2","1","3"
"king-eye-bee","2","1","3"
"King-kingA","2","1","3"
"king-size22","2","1","3"
"King0fN00bs","1","2","3"
"King12_P","1","2","3"
"king1991king","1","2","3"
"King24_manuelfml","1","2","3"
"KingAmah","2","1","3"
"KingArthur16","1","2","3"
"KingBoO123123","2","1","3"
"kingcaid1001","1","2","3"
"kingcat1","2","1","3"
"kingcatfish","2","1","3"
"kingchess42","1","2","3"
"KingChessLightning","1","2","3"
"kingdatsweet","2","1","3"
"KingdomOfEnds","1","2","3"
"KINGEDWARD999","2","1","3"
"kingerchessou","1","2","3"
"kinggarras","1","2","3"
"KINGGEO","1","2","3"
"kingharish","2","1","3"
"KingJons17","1","2","3"
"kingkenny2580","2","1","3"
"KingKonane","1","2","3"
"KingkongK","2","1","3"
"KingKrishnaMaster","2","1","3"
"KinglySnake","1","2","3"
"KingMisterio","1","2","3"
"kingmohammad90","1","2","3"
"KingMontana","1","2","3"
"Kingnilotpaul","1","2","3"
"KingOfKabob","1","2","3"
"kingprawnhorsy","1","2","3"
"kingQueenSandy","1","2","3"
"Kingrenren021992","1","2","3"
"Kings-Gambet","2","1","3"
"Kingsac1","2","1","3"
"kingsalomon01","1","2","3"
"KingSethos","1","2","3"
"kingsgambit827","1","2","3"
"KingslayerXX","1","2","3"
"KingSmoophy","2","1","3"
"KingsP_awn","2","1","3"
"kingSSC","1","2","3"
"Kingsterok","1","2","3"
"KingSteve68","2","1","3"
"KingUikckx","2","1","3"
"kiniu86","2","1","3"
"KINL014","2","1","3"
"kinok1","1","2","3"
"KinsKlauski69","1","2","3"
"kintsugi1","1","2","3"
"kipsaju","2","1","3"
"kique05","2","1","3"
"Kiran0926","1","2","3"
"KiransKannoth","1","2","3"
"kirapolivets","2","1","3"
"Kire86","1","2","3"
"kirfox","2","1","3"
"KirfromOdessa","2","1","3"
"Kiria","1","2","3"
"kirik201108","1","2","3"
"kirikantolo","2","1","3"
"KiRiKoW","2","1","3"
"Kiril_Krupko","2","1","3"
"KirilGjorgjiev","1","2","3"
"kirilH201108G","2","1","3"
"Kirill_007","2","1","3"
"kirill_99_kirill","1","2","3"
"Kirill_Boldin","1","2","3"
"kirill_zaichenko1","1","2","3"
"Kirill-2010Z","2","1","3"
"KirillAngel","2","1","3"
"kirillsol","2","1","3"
"KirillSorokin2014","1","2","3"
"KirillSuntsov","1","2","3"
"KirillW","1","2","3"
"KirillZabelin001","2","1","3"
"KiritoSatou","2","1","3"
"KiritoUnkonwn","1","2","3"
"kirkhamn","2","1","3"
"Kiroski","1","2","3"
"kirsan_leper","2","1","3"
"Kirsi-Maus","1","2","3"
"Kirthikad","2","1","3"
"kirti2206","1","2","3"
"Kirun4ik","2","1","3"
"Kiruthikan29","1","2","3"
"KIRYABEST1892","2","1","3"
"kirych74","2","1","3"
"kish92","1","2","3"
"kishk","2","1","3"
"Kishorc1816","2","1","3"
"Kishore_P","1","2","3"
"KISHORECHINNA2013","2","1","3"
"kishormb","1","2","3"
"kisse0703","1","2","3"
"Kissendieb","2","1","3"
"Kisumo","2","1","3"
"kitaichina","1","2","3"
"kitaiza3","1","2","3"
"Kitsune_Zeppeli","1","2","3"
"kitsuni","2","1","3"
"KittyCat_3","1","2","3"
"KittyKoh","1","2","3"
"kivitasku","2","1","3"
"kiyana1389","1","2","3"
"Kizzie","1","2","3"
"KjelleH","2","1","3"
"kkacem12345","2","1","3"
"KKBhatia","2","1","3"
"kkk2201","1","2","3"
"kkkkkAaaaaa","1","2","3"
"KkPtHeGoAt1650","2","1","3"
"KKTTlovechess","1","2","3"
"Kl_Men","1","2","3"
"Klakson321","2","1","3"
"klam99","2","1","3"
"klapcior","1","2","3"
"Klarissa25","1","2","3"
"klarnest","2","1","3"
"klaudia2589","1","2","3"
"Klaus-E","2","1","3"
"Klavdiya89","1","2","3"
"kleinsa","2","1","3"
"Kleistermann","2","1","3"
"Kleitonpurple","2","1","3"
"klerick2","1","2","3"
"kletki64","1","2","3"
"KlimMih","1","2","3"
"KlimSamartsev","2","1","3"
"klonsers","2","1","3"
"kloun9","2","1","3"
"kloyn1207","1","2","3"
"Klubben","1","2","3"
"KLYKOVA_SOFIA","2","1","3"
"km223","1","2","3"
"km38","1","2","3"
"Kmedhat99","2","1","3"
"Kmiloski","2","1","3"
"kmistry999","1","2","3"
"kmivt0000","2","1","3"
"kml2043","2","1","3"
"kmsingh018","2","1","3"
"knagsted","2","1","3"
"Knallkopf","2","1","3"
"knancaca","2","1","3"
"knaphara","1","2","3"
"knappyrootz","2","1","3"
"Knife_Attack","1","2","3"
"knife01","2","1","3"
"kniffelgefahr","1","2","3"
"Knight_Elbin","2","1","3"
"knight_maneuver","1","2","3"
"Knight_RoslieMelaka","2","1","3"
"knight613","2","1","3"
"knight7years","2","1","3"
"Knight939","2","1","3"
"KNIGHTCRUSHOG","1","2","3"
"KnightKiribati","2","1","3"
"KnightlyMole","2","1","3"
"knightowlchess","1","2","3"
"knightrider2012","2","1","3"
"KnightsRadiant10","1","2","3"
"Knightsrcool","2","1","3"
"KnightyKnightCM","1","2","3"
"Knods3k","1","2","3"
"knox654","2","1","3"
"knoxby","2","1","3"
"knsm","2","1","3"
"KnudMIK","2","1","3"
"KNULLA","2","1","3"
"knuspi","2","1","3"
"Knyga","1","2","3"
"ko-soup","2","1","3"
"ko5z","1","2","3"
"Koalachess123","1","2","3"
"kobayashi_soze7","2","1","3"
"kobe_saucey","2","1","3"
"kobe12312312312","2","1","3"
"Kobracan","1","2","3"
"koenig05","2","1","3"
"Koeslingian","1","2","3"
"KOFTEME","2","1","3"
"kogan1986","1","2","3"
"KOGERE","2","1","3"
"koherra","2","1","3"
"kohzs","1","2","3"
"Kokaina23","2","1","3"
"KoKoEren","2","1","3"
"kokoko1x","2","1","3"
"Koksegen","2","1","3"
"Kokushibo6","2","1","3"
"Kol9777","2","1","3"
"kola000","2","1","3"
"kola1985","1","2","3"
"Kolar10","1","2","3"
"Kolcha12","1","2","3"
"kolkabo","1","2","3"
"kolob456","1","2","3"
"kolobok_ann","2","1","3"
"Kolobrod8","1","2","3"
"Koloman_K","1","2","3"
"Kolp1","1","2","3"
"Kolya32maya","2","1","3"
"KolyaMat","1","2","3"
"KolyaTip","1","2","3"
"Kolyha","2","1","3"
"koma-m","2","1","3"
"KomaChan","1","2","3"
"komanachi","2","1","3"
"Komar0888","1","2","3"
"kombucha_sloot","2","1","3"
"komodo_kmd","1","2","3"
"Kompany123","1","2","3"
"kompozitor77","1","2","3"
"Komrad15","1","2","3"
"kon123","2","1","3"
"konai","1","2","3"
"Kondr-75","1","2","3"
"kondrat76","1","2","3"
"Konfermat","2","1","3"
"KongSheng","2","1","3"
"Konkis","2","1","3"
"Konnn","2","1","3"
"konovik","1","2","3"
"KonR443","1","2","3"
"KonrDer","1","2","3"
"kons11","2","1","3"
"KonShoh","1","2","3"
"Konst4ncja3","1","2","3"
"Konstantin_cherkas","1","2","3"
"konstantin_lu","1","2","3"
"Konstantin_P-1408","2","1","3"
"Konstantin-LA","2","1","3"
"konstantin1206","2","1","3"
"Konstantin3006","2","1","3"
"KonstantinosDragases","1","2","3"
"konzHAc","2","1","3"
"Kooshk","1","2","3"
"Koosii","1","2","3"
"kop_786","1","2","3"
"kopew","2","1","3"
"Kopi72","1","2","3"
"kopras","2","1","3"
"KopteevD","2","1","3"
"korasdor","2","1","3"
"Koreansuh","1","2","3"
"Koreha","2","1","3"
"Korkmaz_23","1","2","3"
"Kornijchuk_Bohdan","1","2","3"
"kornRottinginvain","2","1","3"
"KorobVP","2","1","3"
"Korodo81","2","1","3"
"koroedov","1","2","3"
"koroush_moghtaderi","1","2","3"
"Korrigah","2","1","3"
"korvIn42","2","1","3"
"Korvstrand","1","2","3"
"kosar-gh","1","2","3"
"kosayen","1","2","3"
"kosbas13","1","2","3"
"Koshkin_Aleksei","2","1","3"
"kosikovq","1","2","3"
"Kosis","2","1","3"
"kosmon_out","2","1","3"
"Kosmonaut13","2","1","3"
"Kosmos1987","2","1","3"
"kosmosk","2","1","3"
"kosshah","1","2","3"
"kosssko","1","2","3"
"Kosta_Probishtip","2","1","3"
"Kostand","1","2","3"
"Kostas1714","2","1","3"
"kostastas","2","1","3"
"kostastef","2","1","3"
"kostek113","2","1","3"
"Kostezz","1","2","3"
"Kostik1803","1","2","3"
"kostokos","2","1","3"
"KostyaR123","1","2","3"
"koszal","2","1","3"
"Kota0313","1","2","3"
"Kotenko_Sofya","2","1","3"
"Kothekarvishal","2","1","3"
"kotiko1939","1","2","3"
"Kotov_10","1","2","3"
"KOToVASyA","1","2","3"
"kotyara60","1","2","3"
"kouider30","2","1","3"
"koursaros","1","2","3"
"kovdra","2","1","3"
"kovl_k","2","1","3"
"kovy217","1","2","3"
"kowsigan91","2","1","3"
"KOX_65","1","2","3"
"Koza1987","1","2","3"
"Kozak2011","2","1","3"
"Kozak878","2","1","3"
"Kozlov_246","2","1","3"
"Kozyr_Mark","1","2","3"
"kpadamala","2","1","3"
"kpasargad","2","1","3"
"kpcrmsj","1","2","3"
"kpdesheeb","2","1","3"
"kplee","2","1","3"
"KPRF2","2","1","3"
"KQBNRP_Kishan","2","1","3"
"kqnqryq","2","1","3"
"kr_55","1","2","3"
"KraahS","1","2","3"
"Kraai30","2","1","3"
"Kraamatoriy","1","2","3"
"kradlol","2","1","3"
"Kragust","2","1","3"
"KRAKENBOSS","2","1","3"
"Kraler27","1","2","3"
"kramDL","1","2","3"
"kranthi07","2","1","3"
"krao","2","1","3"
"KrasserDude","2","1","3"
"krassmaster_k","2","1","3"
"kratos-37","1","2","3"
"KratosMessi0","2","1","3"
"Krauol","1","2","3"
"krchmark2","2","1","3"
"krct","1","2","3"
"Krebsenbacher","1","2","3"
"Kreedoom467","2","1","3"
"Kremerov_Ethan","1","2","3"
"kres357","1","2","3"
"kretoes","2","1","3"
"Kriber369","2","1","3"
"Krichevskoy","2","1","3"
"kripig21","1","2","3"
"Kripta1995","2","1","3"
"krish_ksa","1","2","3"
"KrishaPCA","2","1","3"
"krishh777","1","2","3"
"Krishiv18","2","1","3"
"KrishKarekar","1","2","3"
"krishmeird","1","2","3"
"Krishna_patil2010","2","1","3"
"KrishnaAjay","2","1","3"
"krishnaArjuna","1","2","3"
"Krishnadandamudi","2","1","3"
"krishnakaliyuga","2","1","3"
"krishnamejia","1","2","3"
"Krishnan1111222","2","1","3"
"krishnaprasadhsharma","2","1","3"
"kriska","1","2","3"
"Kristallsalz","2","1","3"
"kristaqsugari","1","2","3"
"kristi_08","1","2","3"
"KristianRas","2","1","3"
"Kristina_E","1","2","3"
"KristinaBelugina","1","2","3"
"KristyPuzanova","2","1","3"
"kriszsak","2","1","3"
"kritinkush14","2","1","3"
"kritkh","2","1","3"
"kriviktoriya","1","2","3"
"krizu","2","1","3"
"krky33","2","1","3"
"KrlosCaballero","2","1","3"
"Krolik1606","1","2","3"
"Krom4ik","1","2","3"
"kropotkinship","1","2","3"
"Kroshikyarik","1","2","3"
"krpee","1","2","3"
"KrugerKrusher","1","2","3"
"Krunkinator","1","2","3"
"Krus-Genio","2","1","3"
"krutik_20","1","2","3"
"krvzl","2","1","3"
"kryg0123","1","2","3"
"Krzys1512","2","1","3"
"Krzysztofek","2","1","3"
"ks1982","2","1","3"
"KSA_99","2","1","3"
"KSAGAME","1","2","3"
"Ksandr24","1","2","3"
"ksbhai","2","1","3"
"ksca67","1","2","3"
"kscotch","1","2","3"
"Ksegeorc","1","2","3"
"Ksenia_Poludnicina4","1","2","3"
"Ksenia150115","1","2","3"
"KShoota","2","1","3"
"Ksmlksml","2","1","3"
"ksrichards","1","2","3"
"kss130704","1","2","3"
"kssnjss","1","2","3"
"Kstraub","1","2","3"
"Ksu_Harmon","1","2","3"
"Ksushka_LG","1","2","3"
"KT0_0N","1","2","3"
"ktenzin00","2","1","3"
"KTNEBESNY","1","2","3"
"Ktoblepas","1","2","3"
"Ktsan","1","2","3"
"KTTL_NgDuyDat_2011","2","1","3"
"Ku3idik","1","2","3"
"kualta","2","1","3"
"kuang0915","1","2","3"
"kubz69","1","2","3"
"kuchel","1","2","3"
"Kuczanov1952","1","2","3"
"kudaiap","1","2","3"
"kudaletish","1","2","3"
"KUDUZKALE","1","2","3"
"Kueke888","1","2","3"
"kuemmeltee","2","1","3"
"kukinfan","1","2","3"
"KuklinIvan","2","1","3"
"Kukuhyanuar","1","2","3"
"Kukuruza29","1","2","3"
"Kulbaev_Marat1964","2","1","3"
"Kulich-2009","2","1","3"
"Kulio54","2","1","3"
"kullipham","1","2","3"
"Kum75","2","1","3"
"Kumar44","2","1","3"
"Kumares2727","2","1","3"
"kunamaster","1","2","3"
"kundubrede","1","2","3"
"Kung_Fu_Panda3","2","1","3"
"Kungfuchessmaster","2","1","3"
"Kupa92","1","2","3"
"Kupandi","2","1","3"
"kuper99","2","1","3"
"Kuprichenkov","2","1","3"
"kuptoniusz","2","1","3"
"Kuralbekdulat","2","1","3"
"Kuran77","2","1","3"
"Kurban70","1","2","3"
"kurdish2","1","2","3"
"Kurenkov_Nikolay","1","2","3"
"Kurilov_KD","2","1","3"
"KurmangaliyevDulat","2","1","3"
"Kuroe1507","2","1","3"
"kurorolalla","1","2","3"
"kurph404","1","2","3"
"kurree","1","2","3"
"kurrman","2","1","3"
"kursadhawk","2","1","3"
"kurtbaba45","1","2","3"
"kurtumoz","2","1","3"
"kuschey","2","1","3"
"kush2011","2","1","3"
"Kushagra0806","1","2","3"
"KUSHGAWANKAR","1","2","3"
"kushjadwani","2","1","3"
"kUSHVERMA18","1","2","3"
"kusira","1","2","3"
"Kutuluk_jargan","2","1","3"
"kuulll","2","1","3"
"Kuvshinn","1","2","3"
"kuwsai","2","1","3"
"Kuya2001","2","1","3"
"Kuybi0888","1","2","3"
"kuzeyyasar100","1","2","3"
"kuzixx","2","1","3"
"Kuzkina_mat","2","1","3"
"Kuzmin_91","1","2","3"
"KuznetsovaA2010","1","2","3"
"KuznetsovMihail_2010","1","2","3"
"Kuznik264","2","1","3"
"KuzyaMilashKa","1","2","3"
"KV114","2","1","3"
"kvezis","2","1","3"
"kvikva123","1","2","3"
"KVPRs","2","1","3"
"Kwekie1111","2","1","3"
"kwekumensaho12","1","2","3"
"kwisathaderach","1","2","3"
"kwisstof","2","1","3"
"kwon46","1","2","3"
"kwrobert","1","2","3"
"kyal123","2","1","3"
"KYEKYE2017","2","1","3"
"KYKYRYC","1","2","3"
"Kyle-M-OHES","2","1","3"
"kylebradley223","1","2","3"
"kylelin0423","2","1","3"
"Kylewluder","1","2","3"
"Kyllalahtee","2","1","3"
"Kyndvk","1","2","3"
"kyriolexy","2","1","3"
"kyrnosov_kirill","1","2","3"
"Kyty","1","2","3"
"kyungh3980","1","2","3"
"kyupi","2","1","3"
"kyuss75","2","1","3"
"kyutinen","2","1","3"
"KZ001","2","1","3"
"L_117_99_105_102_10","1","2","3"
"L_e_o_2015","2","1","3"
"l_Hermes_l","1","2","3"
"L_ramesh_singh","1","2","3"
"L_senpai","2","1","3"
"L-imboscata","2","1","3"
"l00ll00l00l","1","2","3"
"l01a903a","1","2","3"
"L0g05","1","2","3"
"L0n3Wolf","1","2","3"
"l12Dk34","1","2","3"
"l16l16l16","2","1","3"
"l16lxj_a","1","2","3"
"L19Jason99","2","1","3"
"l1ger28","1","2","3"
"L1rainbird","2","1","3"
"L200IQ","1","2","3"
"l3fan","1","2","3"
"L3xr3x2","2","1","3"
"LA_DAGROID","2","1","3"
"LA7ARUS","1","2","3"
"Laanuks","2","1","3"
"laatikko2","1","2","3"
"Laatokan","1","2","3"
"Laax61","1","2","3"
"Label1977","2","1","3"
"labitocu","1","2","3"
"LabN","1","2","3"
"Lacasitos_Time","2","1","3"
"LaceDancer","2","1","3"
"lacg07","1","2","3"
"lacklan","1","2","3"
"Laconix","1","2","3"
"Lactogen","2","1","3"
"LaDamaDeEspadas","1","2","3"
"Ladijoun","2","1","3"
"LadisKaspar","1","2","3"
"Ladyka","2","1","3"
"laf1987","1","2","3"
"Lafosse","1","2","3"
"lagershp","1","2","3"
"LaGG_fighter","2","1","3"
"lagoni","2","1","3"
"Lahwassim","2","1","3"
"Laidemann","2","1","3"
"lailahcougar","2","1","3"
"Laimling","2","1","3"
"Lairil","1","2","3"
"lakarakaya","1","2","3"
"lakewordsworth","1","2","3"
"laki3","2","1","3"
"Lakipatel","1","2","3"
"lakovleff","2","1","3"
"Laksh_Sarda","1","2","3"
"LakshmananWCA","2","1","3"
"LAKSHMITEERTHAM","1","2","3"
"lal_ravi","2","1","3"
"laladelolo","1","2","3"
"Lalalaletsplay","1","2","3"
"lalawulalawu","1","2","3"
"lalitdamaraju","2","1","3"
"Lalo91ibarra","1","2","3"
"Lalomirr","2","1","3"
"laloves1972","2","1","3"
"Lamar2","2","1","3"
"LamaX","1","2","3"
"Lambaol","1","2","3"
"Lambonius83","2","1","3"
"lamedilla","1","2","3"
"LameOphil","2","1","3"
"lamppu5","1","2","3"
"Lancechess_09","2","1","3"
"Lancelot_21","2","1","3"
"Landaule","1","2","3"
"LanLanDe","1","2","3"
"lapatada","1","2","3"
"Lapille","2","1","3"
"Lapin1982","1","2","3"
"lapinotea","1","2","3"
"LaPizzaAuSaumon","1","2","3"
"LAPPYZAGONKE","1","2","3"
"lapraka","1","2","3"
"Laprikon","1","2","3"
"Laprovlaprlaprov","1","2","3"
"Laptev11","2","1","3"
"laptev8","1","2","3"
"larabe04","1","2","3"
"larasworld07","1","2","3"
"LaraWolf","2","1","3"
"larbino007","1","2","3"
"LardorProjet","2","1","3"
"Largemustardzombie","2","1","3"
"lariboiii","1","2","3"
"laromero","1","2","3"
"larshial","1","2","3"
"larsholmberg33","2","1","3"
"Larsi27","2","1","3"
"larsito04","1","2","3"
"Larss_J","1","2","3"
"Larza88","1","2","3"
"lasfisch","2","1","3"
"lashagiorgi123","2","1","3"
"lashi40","2","1","3"
"Laskerf1","1","2","3"
"Laskeristhebest","1","2","3"
"Last_hope13","2","1","3"
"lastchessplayer1","2","1","3"
"Lastfa","2","1","3"
"Lastmotion","2","1","3"
"lasyasree14","1","2","3"
"Lateefb","1","2","3"
"Latheef83","1","2","3"
"latilata1","1","2","3"
"latortuga0x71","2","1","3"
"Latte91","1","2","3"
"laughalone","2","1","3"
"LauOnof","2","1","3"
"laura109","1","2","3"
"Laura196","1","2","3"
"laureano31","1","2","3"
"Laurent_KING777","2","1","3"
"Laurent_koller","2","1","3"
"LaurentiaFrederico","2","1","3"
"Laurenzoc","1","2","3"
"lautaro9786","2","1","3"
"LautaroMartinez13","2","1","3"
"lavabits","2","1","3"
"Lavateinn","1","2","3"
"Lavinalbarakat800","2","1","3"
"Lavinchess","1","2","3"
"lavitragupta","2","1","3"
"Lavrenova-Masha1404","1","2","3"
"LawrenceC2","1","2","3"
"Laxata","2","1","3"
"Laxzlucas","2","1","3"
"LayaSuresh","1","2","3"
"laylaba","2","1","3"
"LayonzG","2","1","3"
"Laysanochka","1","2","3"
"laz3408","1","2","3"
"LazaB","1","2","3"
"lazarokarpov999","2","1","3"
"LazarusMann","1","2","3"
"lazarys","2","1","3"
"LazharM","1","2","3"
"Lazyrussian","1","2","3"
"lazyscholar","2","1","3"
"lazywazy20","1","2","3"
"lbdmks","2","1","3"
"Lboos","2","1","3"
"LBR_98","1","2","3"
"LC-Case","1","2","3"
"lcabotelho","2","1","3"
"lcandreu","2","1","3"
"lcgd92","2","1","3"
"ldball","1","2","3"
"ldgoodall","2","1","3"
"LDordaz","1","2","3"
"le_gasol","1","2","3"
"Le_l0uch","1","2","3"
"Le008Spectre","1","2","3"
"Leaf_me","1","2","3"
"Leafarrafa","1","2","3"
"Leandro_jaime12","2","1","3"
"leandro26h","1","2","3"
"leandroizidro","1","2","3"
"LeAnhDung","2","1","3"
"LEANRHCP","2","1","3"
"leapfrog","1","2","3"
"learn_me_play","1","2","3"
"learn022044","2","1","3"
"Learning0001","2","1","3"
"Learning9876","2","1","3"
"lebahGanteng33","1","2","3"
"Lebergrebel","2","1","3"
"leblebi","1","2","3"
"LEBZA-01","2","1","3"
"Lecathare31","2","1","3"
"lecc","1","2","3"
"lechapacan","2","1","3"
"LeChibreGeant","1","2","3"
"Lechu-102","2","1","3"
"leckerekloese","1","2","3"
"lecutinside","2","1","3"
"Led01","1","2","3"
"Ledik-704","2","1","3"
"ledinhhai","2","1","3"
"leead","1","2","3"
"leeando","1","2","3"
"LeeKeybum","1","2","3"
"LeelaStottlemeyer","2","1","3"
"Leevander","2","1","3"
"Leexia","2","1","3"
"leffspi","2","1","3"
"lefoufoumilanais","2","1","3"
"Leftraru2021","1","2","3"
"LegendsReload2612","2","1","3"
"legmageddon","2","1","3"
"lehan08f","1","2","3"
"lehmklumpen","2","1","3"
"Leila1108","2","1","3"
"Leilagiam777","1","2","3"
"Leilasd","1","2","3"
"Leinad_H","1","2","3"
"lejeuduMR","2","1","3"
"Lekering","1","2","3"
"Lekhang2510","1","2","3"
"lekonst45","2","1","3"
"leksus","1","2","3"
"Leksusi","1","2","3"
"Lele_56","1","2","3"
"lele74617","2","1","3"
"Lele80","1","2","3"
"leleSa","2","1","3"
"lelio58","2","1","3"
"lelu08","2","1","3"
"Lematplayer","1","2","3"
"lemecdesechecs","1","2","3"
"Lemons427","2","1","3"
"lemontree55","2","1","3"
"Lemoutherfoucker","2","1","3"
"lemrich","2","1","3"
"Lemusino8","2","1","3"
"lemy74","1","2","3"
"lenamarianna","1","2","3"
"lends","1","2","3"
"lengwich","2","1","3"
"Lenin1","2","1","3"
"lennabreo","2","1","3"
"Lennnart","1","2","3"
"LennyRam","2","1","3"
"Leno28","2","1","3"
"Lenzo77","2","1","3"
"Leo_fil_bernabeu","2","1","3"
"Leo_Leo_Leo_Leo","1","2","3"
"LEO_TYSON","1","2","3"
"Leo_Wang","2","1","3"
"Leo-tz13","2","1","3"
"leo10pvn","1","2","3"
"Leo12340987","2","1","3"
"Leo20-07","1","2","3"
"Leobrsp","2","1","3"
"LeoChees18","1","2","3"
"leochess24","1","2","3"
"leochessking10","2","1","3"
"leocremer","1","2","3"
"Leoinus88","1","2","3"
"leoj56","1","2","3"
"Leomarengao","1","2","3"
"leommelo20","2","1","3"
"Leon_SK","1","2","3"
"Leon_Zav","2","1","3"
"Leon200777","1","2","3"
"leon7070","2","1","3"
"leonard1948","1","2","3"
"leonard45","2","1","3"
"Leonardo01234","1","2","3"
"Leonardobonucci","1","2","3"
"LeonardoReyes90","2","1","3"
"leonardorfm","2","1","3"
"LeonardoSumi","1","2","3"
"leonardYero","1","2","3"
"Leonegreira","2","1","3"
"leonelluc2","2","1","3"
"Leonid_1973","1","2","3"
"Leonid_Gogolev","1","2","3"
"Leonid-23","1","2","3"
"Leonid-45","2","1","3"
"Leonid31","2","1","3"
"Leonid3121","2","1","3"
"Leonid58","1","2","3"
"leonidas1994","1","2","3"
"LeonidasLovesChess","1","2","3"
"leonields","1","2","3"
"Leonito2-0","2","1","3"
"leono92","2","1","3"
"leonrap","1","2","3"
"LEONXY","2","1","3"
"leopard2010","2","1","3"
"leopower","2","1","3"
"leotower","2","1","3"
"leovigildo1","2","1","3"
"Leoxa","2","1","3"
"leoxw2","2","1","3"
"LeoYee","1","2","3"
"LeoZyu","1","2","3"
"lepaingriller","1","2","3"
"lepidoptere2","1","2","3"
"lepvskvltvs","2","1","3"
"Lera_F","1","2","3"
"lerochkkkkkka","1","2","3"
"lerom_23","1","2","3"
"Lerooo","2","1","3"
"Lertuqin1","2","1","3"
"lescack","2","1","3"
"Lesechecss","2","1","3"
"lesed8","1","2","3"
"leshch-2205","2","1","3"
"leshchenkovv","2","1","3"
"leshchyovnikolay","1","2","3"
"Leshiy99","1","2","3"
"Leskhan","2","1","3"
"lesmesirables","2","1","3"
"lesniakowski","2","1","3"
"lesstetsenko","1","2","3"
"LessThanThreeLover","2","1","3"
"lester22","1","2","3"
"Lesthiesant","1","2","3"
"let_us_chess","1","2","3"
"Let_us_play","1","2","3"
"LeThaiHuyenTran","2","1","3"
"LEtrangerr","1","2","3"
"letsthinkahead","1","2","3"
"Lettremorte","1","2","3"
"Leugim1972","1","2","3"
"lev_arm","1","2","3"
"Lev_Borisenkov","1","2","3"
"Lev_k2011","1","2","3"
"Lev_Sin-15","2","1","3"
"Lev_tseplyaev73","1","2","3"
"lev32","2","1","3"
"leva_pro","1","2","3"
"LevChamp","1","2","3"
"levi351","1","2","3"
"levi76ers","2","1","3"
"Levia7an","2","1","3"
"Leviathan1057","2","1","3"
"LeviB770","2","1","3"
"levihefner","1","2","3"
"levilambright","2","1","3"
"levitate22","2","1","3"
"levizar","1","2","3"
"Levnagibatir","2","1","3"
"lewis1951","1","2","3"
"LewPlotkin2014","2","1","3"
"lex-man","2","1","3"
"Lexa1981","2","1","3"
"Lexi593ec","1","2","3"
"lexmat","1","2","3"
"LexVoluntatis","2","1","3"
"LFG_der_1","1","2","3"
"lfm2","2","1","3"
"LFMRB","1","2","3"
"lgnatkon","1","2","3"
"LGsw","2","1","3"
"lgtra","1","2","3"
"lguerrero","2","1","3"
"lh12345","2","1","3"
"lhe1493","1","2","3"
"LHP-minhquan2012","2","1","3"
"lI1_1Il","1","2","3"
"Li771","1","2","3"
"liamethenvalambhia","2","1","3"
"LiamGeyman","1","2","3"
"liamhudson11","1","2","3"
"LiaMorgana","1","2","3"
"LiamPay","2","1","3"
"liamph8","2","1","3"
"lians0n","2","1","3"
"libero2017","2","1","3"
"LiBot_ChessBot","1","2","3"
"libratus","1","2","3"
"LIC615192","2","1","3"
"licard","1","2","3"
"LICARICARLO","1","2","3"
"license2Pill","1","2","3"
"Licha237","2","1","3"
"LiCHEZZSTER","1","2","3"
"liciobat","1","2","3"
"liewyihming","1","2","3"
"lifeisbootch","2","1","3"
"lifeisun","2","1","3"
"lifevest","2","1","3"
"Lightburner","2","1","3"
"lightningpheonix9807","1","2","3"
"LightOo10","2","1","3"
"Lightweaver11","1","2","3"
"lightyagami777","2","1","3"
"Liia-26","1","2","3"
"like2hero","2","1","3"
"likeMTal","2","1","3"
"Lil_Owl","2","1","3"
"Lilacpawn","2","1","3"
"LilacSmartCat","2","1","3"
"LilacSyl","1","2","3"
"Lilisan","2","1","3"
"Lilkuvirok","1","2","3"
"lillumi","2","1","3"
"LilOrbitz","2","1","3"
"lilpirogue","2","1","3"
"LilSin8","2","1","3"
"lilyfreddymilo","1","2","3"
"Lilyuw1312","1","2","3"
"lima03","1","2","3"
"Limabryan","2","1","3"
"limits420","2","1","3"
"LIMJOONKAI","2","1","3"
"Limo2","1","2","3"
"LimoAK","2","1","3"
"Limox97","1","2","3"
"linares91","1","2","3"
"LinaReverse","1","2","3"
"linased","1","2","3"
"Lineplayer","1","2","3"
"Linfocito","2","1","3"
"lingyou","1","2","3"
"lini74","1","2","3"
"linischoki","2","1","3"
"Linishamohan_2023","1","2","3"
"links90","1","2","3"
"linoan_grew8","2","1","3"
"linopo","2","1","3"
"Linosicupira","2","1","3"
"linus16","1","2","3"
"linusvelo","2","1","3"
"LIO5913","2","1","3"
"lion_chess_zz","1","2","3"
"lion-bjksatranc","1","2","3"
"lion1992","2","1","3"
"lion77_new","2","1","3"
"Lionade2005","1","2","3"
"Lionel1974","2","1","3"
"LionelAaron","2","1","3"
"lionor","2","1","3"
"LionsNmG34","1","2","3"
"Lionthegreat","2","1","3"
"lipi1924","1","2","3"
"Lirake","1","2","3"
"liricowwww","2","1","3"
"lirikol","1","2","3"
"lis_tven","1","2","3"
"lisandrolacorte","2","1","3"
"LisaS2005","1","2","3"
"liserg100","1","2","3"
"lison2012","1","2","3"
"lissette95","1","2","3"
"Lisssssssssssssss_1","1","2","3"
"lisun_s","1","2","3"
"LiteratoChess","2","1","3"
"LITLEGOOSE","2","1","3"
"Litterbitter","2","1","3"
"littermark","1","2","3"
"Little_Carlsen","1","2","3"
"Little_Daemon","2","1","3"
"LittleAl55","1","2","3"
"LittleBattleCruiser","2","1","3"
"litTlEcUTeMonSTEr","2","1","3"
"Litwin3","2","1","3"
"liubba","1","2","3"
"liumatthew2357","1","2","3"
"livelaughchess","2","1","3"
"livgrigor","1","2","3"
"liy8101","2","1","3"
"Liya5566","1","2","3"
"Liz_Carlsen","1","2","3"
"Lizanalerin","2","1","3"
"Lizcano1995","2","1","3"
"lizmerino","2","1","3"
"lizvoi","2","1","3"
"lizzert","1","2","3"
"Lkerimeut","1","2","3"
"lkj20050102","2","1","3"
"lkuiv","1","2","3"
"ll2000","1","2","3"
"lLegitLegend","1","2","3"
"llemonchiik","1","2","3"
"llerson","1","2","3"
"llersta","1","2","3"
"LLLCCC","2","1","3"
"lllizbet","1","2","3"
"Llookkyy","1","2","3"
"LloydTheGreat2005","2","1","3"
"Lmin","2","1","3"
"Lmine","2","1","3"
"lmis57","2","1","3"
"ln2x","1","2","3"
"lncreas","1","2","3"
"loai77","2","1","3"
"Lobanovsv","1","2","3"
"Lobito_05","2","1","3"
"Lobori","1","2","3"
"lobot2000","2","1","3"
"local_leg_end","1","2","3"
"locki3","2","1","3"
"lofiKUSH4444","1","2","3"
"Logan-J-OHES","2","1","3"
"logikersechs","1","2","3"
"logoden","1","2","3"
"Logxagon","1","2","3"
"Lohithpremchess","2","1","3"
"lohri","2","1","3"
"Lokenk_lk_24","2","1","3"
"lokesh07","2","1","3"
"Loki21","1","2","3"
"LokiWi","2","1","3"
"lokoman007","1","2","3"
"LoLoFashoDoh","2","1","3"
"lomakov89","1","2","3"
"Lon8608","1","2","3"
"lonelywithnoon","1","2","3"
"LongchampsBoogie","1","2","3"
"lonimar","1","2","3"
"LonlyLokly","2","1","3"
"lookgagl97","1","2","3"
"Looking_fwd","2","1","3"
"Looneyjupiter","2","1","3"
"Loop56","2","1","3"
"looser5690","1","2","3"
"lopata7742","2","1","3"
"loperr","1","2","3"
"Lord_Blunderus","1","2","3"
"Lord_Keynes","2","1","3"
"Lord_MaRe","2","1","3"
"Lord_Mount_Tai","2","1","3"
"Lord_Refa","2","1","3"
"Lord_smerty","1","2","3"
"Lord7777","2","1","3"
"Lordbresco","1","2","3"
"lorddave","2","1","3"
"LordDavid","1","2","3"
"Lorde_Sagui","1","2","3"
"Lordfurz069","1","2","3"
"lordic","2","1","3"
"LordMilzbrand","2","1","3"
"Lordstier","2","1","3"
"lorenz22","2","1","3"
"lorenzenelias","2","1","3"
"Lorenzo-B","2","1","3"
"LorisChess99","2","1","3"
"lorisgr59","1","2","3"
"lorjamon","1","2","3"
"LornAuArcos","2","1","3"
"Lorokushu","1","2","3"
"lorpelflorpel1","2","1","3"
"Los_Polluelos","2","1","3"
"Los302","1","2","3"
"loser725","2","1","3"
"losergambit","2","1","3"
"Losestreak-eme","1","2","3"
"lospepardos","2","1","3"
"lothbrok90","2","1","3"
"lotizidayday","2","1","3"
"Lottatchess","1","2","3"
"Lou1skl","2","1","3"
"Loubiaa","2","1","3"
"loud99","2","1","3"
"Louisa001","1","2","3"
"LouisMB","2","1","3"
"LouKitsune","2","1","3"
"LouvinaAdonis","2","1","3"
"lovac23","2","1","3"
"love18rip","1","2","3"
"Lovely_H","1","2","3"
"lovemykidz","2","1","3"
"Lover99","2","1","3"
"lowrider12","2","1","3"
"lowyer4","1","2","3"
"LPBuslig","2","1","3"
"lps68","2","1","3"
"Lrb75","2","1","3"
"lSD-taker","2","1","3"
"LSOLeBaoSon2013","1","2","3"
"LSR064_B12P_AIMY","2","1","3"
"LSSleaux","2","1","3"
"lssnc","1","2","3"
"lsttmn","2","1","3"
"LTSerfer","2","1","3"
"lu_9363","2","1","3"
"LuanaSapori","1","2","3"
"luapvu","1","2","3"
"Lubha","2","1","3"
"luboshkavalek","1","2","3"
"Luc1dhaze","1","2","3"
"Luc47","1","2","3"
"Luca-Cava","1","2","3"
"LucA264","2","1","3"
"lucabrad","1","2","3"
"LucAlbert2005","1","2","3"
"lucas_abeja","2","1","3"
"lucasatu","2","1","3"
"Lucascouille","1","2","3"
"LucasK424","2","1","3"
"lucasmazur9","2","1","3"
"lucasOrtega999","1","2","3"
"Luccaveron","2","1","3"
"lucch23","2","1","3"
"Lucchung","2","1","3"
"Lucecito","1","2","3"
"Luceky","2","1","3"
"LucenCole","2","1","3"
"LuceroAjedrezCusco","2","1","3"
"luchador1515","1","2","3"
"LuchoCaban","1","2","3"
"luciano19831983","1","2","3"
"LucianoEstella","2","1","3"
"LUCIFERKRRISH","1","2","3"
"Lucio101","1","2","3"
"LucioAD","2","1","3"
"Lucipher_De_Vas","2","1","3"
"LUCIUSZGTS_02","2","1","3"
"LucjanFranciszek","1","2","3"
"luck6x","2","1","3"
"Lucker-in-chess","1","2","3"
"LuckForever","1","2","3"
"LUCKKY2003","1","2","3"
"lucky_caro","1","2","3"
"lucky_knights","2","1","3"
"Lucky_Melody","2","1","3"
"lucky-yankee","2","1","3"
"luckybuckypizza","2","1","3"
"LuckyDB306","2","1","3"
"luckygold4475","2","1","3"
"Luckystrangener","1","2","3"
"LucVeda","1","2","3"
"Ludenwurg","2","1","3"
"ludobar","2","1","3"
"Ludowico2","1","2","3"
"Ludwik2013","1","2","3"
"luedpa","1","2","3"
"luggipawn","2","1","3"
"luiggilindo","2","1","3"
"luigi-9","1","2","3"
"Luigi86","1","2","3"
"luis_115","1","2","3"
"luis_grandas","2","1","3"
"Luis_Nava","1","2","3"
"Luis_Omonte","2","1","3"
"Luis2750","1","2","3"
"LuisdeMolina","1","2","3"
"luisdivino","1","2","3"
"luisee19","1","2","3"
"LuisFPazos","1","2","3"
"LuisGilarmo","1","2","3"
"luisher54","2","1","3"
"Luisillo61","1","2","3"
"luismiarequipa","2","1","3"
"Luisr1971","2","1","3"
"LuisV0915","2","1","3"
"Luisvivas18","2","1","3"
"Luiszd","2","1","3"
"luiszxz","1","2","3"
"Luiz_Caroni","1","2","3"
"lujka_petrovic","2","1","3"
"luka_junior","2","1","3"
"Luka_Shamugia","2","1","3"
"Luka02_12","2","1","3"
"lukanthefirst","2","1","3"
"lukasleon1","2","1","3"
"LukasOoSantos","1","2","3"
"Lukasz147","1","2","3"
"luke1977","2","1","3"
"LukiHSV","2","1","3"
"Lukith09","1","2","3"
"Lukovoe_gore","2","1","3"
"LUKS29","2","1","3"
"LuksTuks","2","1","3"
"LuleaAndrei","1","2","3"
"lulina33","2","1","3"
"lulupet","1","2","3"
"lumberinglearner","1","2","3"
"Lumpi21","2","1","3"
"lunaigra","2","1","3"
"Lunarxa","2","1","3"
"Lundlassoapyaz","1","2","3"
"luowen9","1","2","3"
"lup8","2","1","3"
"LupettoCarino","2","1","3"
"Lupidol","2","1","3"
"luponero1955","1","2","3"
"lupopic","2","1","3"
"lupusmax","1","2","3"
"luquende","1","2","3"
"luquinhas","2","1","3"
"Lurchs420","2","1","3"
"lurym","1","2","3"
"Lustlights","1","2","3"
"lutz_kbl","1","2","3"
"lutzegrace","1","2","3"
"luuk23","1","2","3"
"luuletajaruudus","2","1","3"
"luuquocdat2017","1","2","3"
"LuvAgrawal","2","1","3"
"Luxi1","2","1","3"
"luzhin-gambit","1","2","3"
"LV8-Elevat8","2","1","3"
"lvntglr","1","2","3"
"lwr40","1","2","3"
"LxonxlBv","1","2","3"
"lyasan","1","2","3"
"LYC4NXI","2","1","3"
"lydbasco123","1","2","3"
"LyeimUstwar","1","2","3"
"Lygodactylus","1","2","3"
"lyh1123","2","1","3"
"Lymeon","1","2","3"
"Lymlym","2","1","3"
"LynxOd","1","2","3"
"Lysning91","1","2","3"
"Lyuty","2","1","3"
"lyuyarovmuhamed","2","1","3"
"M_009","2","1","3"
"m_1394_f","1","2","3"
"M_Asif_D","2","1","3"
"M_C_Scipio","1","2","3"
"M_E_M_O","2","1","3"
"M_Elshazly","2","1","3"
"m_freezee","2","1","3"
"M_K_2000_123","2","1","3"
"m_manny","1","2","3"
"M_Michael","1","2","3"
"M_Neuer_01","1","2","3"
"M_Reicke","1","2","3"
"M_sadegh","1","2","3"
"m_sofyan","2","1","3"
"M-Askar","2","1","3"
"M-Chestnut","2","1","3"
"m-memmedov13","2","1","3"
"M-Paz","2","1","3"
"m0_0nlol","2","1","3"
"M06121982","2","1","3"
"m09-a1","1","2","3"
"m09183758441","1","2","3"
"M0dest0","1","2","3"
"m123321pro","1","2","3"
"M13attistoni","2","1","3"
"M1949gre74aga","1","2","3"
"m1a2p1a3l0","2","1","3"
"M1keDunsb7","1","2","3"
"M1ky11","1","2","3"
"M1shan9","2","1","3"
"M1st-F1st","1","2","3"
"m1xalis","2","1","3"
"m1y1nk","2","1","3"
"M20Mateo11","2","1","3"
"M3kus_M3kus_na_Insan","2","1","3"
"m3rotti","1","2","3"
"m4lf0y","2","1","3"
"m4lix","2","1","3"
"M4lm4nz4","2","1","3"
"m4uriga","2","1","3"
"m6147","2","1","3"
"m61m","1","2","3"
"M63a","1","2","3"
"M699","2","1","3"
"m7med_hay","1","2","3"
"m9131","2","1","3"
"Ma_0082796","2","1","3"
"ma_ri_na_ma","2","1","3"
"ma-reine-la-fee","1","2","3"
"ma3354","2","1","3"
"MA81","1","2","3"
"Maahk","2","1","3"
"maalini","2","1","3"
"maan916031","1","2","3"
"Maannyy","1","2","3"
"MaanyaTS","1","2","3"
"maardn88","1","2","3"
"Maaxxaa","1","2","3"
"Mabiaee","1","2","3"
"mabinogi","1","2","3"
"mabmab","1","2","3"
"maboutgar","2","1","3"
"Mac64-52","1","2","3"
"macavelkova","1","2","3"
"Mach4d0","1","2","3"
"machakto","1","2","3"
"Machi_Ainti","1","2","3"
"machiavelli-reborn","2","1","3"
"MachiavellianCheru","1","2","3"
"Machiination","2","1","3"
"machine_base","1","2","3"
"MachineGunJohn","2","1","3"
"Maciej_Ci_5a","1","2","3"
"MaciekKamor","2","1","3"
"macinjo0717","2","1","3"
"macix95","1","2","3"
"MacJJ","1","2","3"
"MacMacFER","2","1","3"
"Macoscheck","1","2","3"
"macskasi","2","1","3"
"mad_desire","1","2","3"
"MadAndreyMan","2","1","3"
"madanosta","2","1","3"
"madfeller","1","2","3"
"madhacker","2","1","3"
"MadhuBAcharya","2","1","3"
"madi222","1","2","3"
"MadianAioub","1","2","3"
"Madik100","1","2","3"
"Madika_2014","1","2","3"
"madjid_ghods","1","2","3"
"Madjid3m","1","2","3"
"madkong","2","1","3"
"Madmartigan84","1","2","3"
"MadMerel","2","1","3"
"MADMONSTAMIKE","2","1","3"
"Madubalan","2","1","3"
"Madwarrior598d","1","2","3"
"maecomarcomarco","1","2","3"
"Maestro_234","2","1","3"
"maestro_Giovanni","2","1","3"
"maestro1805","1","2","3"
"MaestroVV","2","1","3"
"maff31","1","2","3"
"MaFiGat","2","1","3"
"Mafyn","2","1","3"
"Maga_doc","2","1","3"
"Maga_Imanov","2","1","3"
"Magabe91","1","2","3"
"Magadh","1","2","3"
"MagaGM","2","1","3"
"Magaiiver","2","1","3"
"magcaldito","2","1","3"
"Magda_Conradie","2","1","3"
"magderband","1","2","3"
"Magdie","2","1","3"
"magedss50","1","2","3"
"MagentaXZ","1","2","3"
"MAGF16","1","2","3"
"maggio_lana","2","1","3"
"magi26","2","1","3"
"magicede","1","2","3"
"MagicMoe","1","2","3"
"Magicomatias","2","1","3"
"MagicStic","1","2","3"
"magicunicorns","2","1","3"
"Magnarov1","2","1","3"
"magne_gamesv2023","2","1","3"
"magnesium_calacium","1","2","3"
"MagnetCaarlsen","2","1","3"
"magnificentbibi","2","1","3"
"MagnificentJames","2","1","3"
"Magnus_Hoplatan","2","1","3"
"magnus18c","1","2","3"
"MagnusCarlsonPro","1","2","3"
"MagnusDragon2013","2","1","3"
"magnussingh22","1","2","3"
"magzhan_kz","2","1","3"
"mah28","1","2","3"
"Mahaarat-M","1","2","3"
"Mahan-1394","1","2","3"
"mahan90","1","2","3"
"Mahapatih_GajahMada2","2","1","3"
"Maharashtra04","1","2","3"
"mahatejreddy21","1","2","3"
"Mahbod_88_2009","2","1","3"
"mahdesan_chess","2","1","3"
"Mahdi_204","2","1","3"
"mahdi_amanpoor","2","1","3"
"Mahdi341","1","2","3"
"mahdi8_01","2","1","3"
"mahdidamad","1","2","3"
"mahdikhaje81","1","2","3"
"mahdisalehi_2002","1","2","3"
"MaheeVK","1","2","3"
"mahendra76","2","1","3"
"mahimaekanayake119","1","2","3"
"MahinandhanM","2","1","3"
"mahirtuna","2","1","3"
"Mahith03","1","2","3"
"mahmod_ahmd","1","2","3"
"mahmod726","2","1","3"
"Mahmoud_has","2","1","3"
"mahmoud_lbx2000","2","1","3"
"mahmoud_shenawy","2","1","3"
"Mahmoud-992","1","2","3"
"Mahmoud000ali","1","2","3"
"mahmoud136161","2","1","3"
"Mahmoud55556","1","2","3"
"mahmoud9999990","2","1","3"
"Mahmoudchess1","2","1","3"
"mahmoudehaab","1","2","3"
"mahmoudhashim","2","1","3"
"mahmoudHhassib","2","1","3"
"mahmoudsalavati","2","1","3"
"MahmoudShawkat","1","2","3"
"Mahmud_ossama","1","2","3"
"Mahmud1078","2","1","3"
"mahmudhabid","1","2","3"
"MAHMUT_KARABULUT_03","1","2","3"
"mahmutcem","1","2","3"
"Mahmuttunc442","1","2","3"
"mahmuuuuud","2","1","3"
"MAHOAGA1453","1","2","3"
"mahoneyy","1","2","3"
"MaHor75","1","2","3"
"mahrezeus","1","2","3"
"mahrii_raj","1","2","3"
"mahsa_enayati_rad","1","2","3"
"mahsanz","1","2","3"
"Mahyar_yzd","2","1","3"
"mai2014","2","1","3"
"Maicam","1","2","3"
"MaicoRicardo","1","2","3"
"Maiddog","2","1","3"
"maikelmafla","2","1","3"
"Maikl1999","2","1","3"
"Maiklfree","2","1","3"
"mailsuresh52","1","2","3"
"MainBeachQLD","1","2","3"
"maingochan2012","2","1","3"
"Maioalfred","2","1","3"
"Maiqel","2","1","3"
"Maire33","1","2","3"
"Majd-Massoud","2","1","3"
"majed_82","1","2","3"
"majed1bb3","2","1","3"
"MajesticG1","2","1","3"
"majico","2","1","3"
"majid10","2","1","3"
"Majid221360","1","2","3"
"Majid3654","1","2","3"
"majid7070","2","1","3"
"majidhabibi58","2","1","3"
"majimarshal","2","1","3"
"Majistic","2","1","3"
"MajkelGejmer","1","2","3"
"Majkelmdc","1","2","3"
"Majo0112","1","2","3"
"majod_15","2","1","3"
"majorcloth","2","1","3"
"Majszi1111","2","1","3"
"Makabusung07","2","1","3"
"makah07","2","1","3"
"Makaha","1","2","3"
"Makar_Bandit","1","2","3"
"makar312","1","2","3"
"makarfoley","2","1","3"
"makaroni1223","2","1","3"
"MakarovN","1","2","3"
"MakedonskyGG","1","2","3"
"MakerofBlunders","2","1","3"
"makhs","1","2","3"
"maki_7","2","1","3"
"Maki_fenrir","2","1","3"
"makid","1","2","3"
"makimar","1","2","3"
"makkatiel","1","2","3"
"MaKlein81","1","2","3"
"maknalti","2","1","3"
"Makowsky","2","1","3"
"Maks_2011-9078","1","2","3"
"maks_srd1","1","2","3"
"maks-t","1","2","3"
"MAKS1490","1","2","3"
"maks1991","2","1","3"
"Maksans","2","1","3"
"Maksbass","2","1","3"
"Maksim_Chesnokov","1","2","3"
"Maksim-Abrosin","1","2","3"
"MaksiM197","1","2","3"
"MaksimBorodin","1","2","3"
"Maksimclown123","1","2","3"
"Maksprogres","1","2","3"
"Maksyt_Oytal","1","2","3"
"mali_tm","2","1","3"
"MalikaakilaM","2","1","3"
"MalikAbu","2","1","3"
"malikovas-3","1","2","3"
"Maliniakk","2","1","3"
"MalinoviyDesert","2","1","3"
"MALKOPOLO","2","1","3"
"mallinero","1","2","3"
"Malloc","1","2","3"
"MALM002","1","2","3"
"maloottytk","2","1","3"
"Malovits","2","1","3"
"Malpelo_88","1","2","3"
"malpkyn","1","2","3"
"maltocro","1","2","3"
"Malungo","1","2","3"
"malvado78","2","1","3"
"MAMADOF77","2","1","3"
"Mamamayaa","1","2","3"
"Maman1397","1","2","3"
"mamano90","2","1","3"
"MamaPaul_legend","1","2","3"
"mamapremium","2","1","3"
"Mambaforlife","1","2","3"
"Mambawiha_pa","2","1","3"
"mamboblero48","2","1","3"
"mamchuga","1","2","3"
"mAmE13","1","2","3"
"Mamidisrujan","1","2","3"
"Mamigol","2","1","3"
"Mamikon_S","1","2","3"
"mamiturhan","2","1","3"
"mamoste21","2","1","3"
"mamsi","2","1","3"
"mamunabdullah","2","1","3"
"Man-raj_2012","1","2","3"
"man6567","2","1","3"
"ManaMangu","2","1","3"
"Manan_05","1","2","3"
"manaspatka","2","1","3"
"Mancarist67","2","1","3"
"ManCityBOI","1","2","3"
"Mandalasairaja","1","2","3"
"mandalorick","1","2","3"
"mandeepkhatry","1","2","3"
"mandrysiak","2","1","3"
"mangabinha","2","1","3"
"MangaHu","1","2","3"
"mangesh_muley","2","1","3"
"mangiones","2","1","3"
"Mangisi_Napitupulu","2","1","3"
"manglee","2","1","3"
"MANIKANI","1","2","3"
"MANILACHESS","1","2","3"
"ManiRashvith123","2","1","3"
"manjunathan1981","1","2","3"
"MANJYOTH-1_2_3","1","2","3"
"Mankaev_Asker","2","1","3"
"manny_garcia","1","2","3"
"manny01","2","1","3"
"manny99","1","2","3"
"mano07","1","2","3"
"manoelmenezesjr","1","2","3"
"Manoftheworld11","2","1","3"
"manoj_pothula","1","2","3"
"ManojPaul123","2","1","3"
"Manojrk","2","1","3"
"Manon_1312","2","1","3"
"Manoochehr","1","2","3"
"Manoranjann","1","2","3"
"Manosverdes123","1","2","3"
"Manou456","1","2","3"
"Manouchka_solo_2021","2","1","3"
"manredsox","1","2","3"
"mansso","1","2","3"
"mansur_222","1","2","3"
"manti98","1","2","3"
"mantoinat9","1","2","3"
"Mantra24","1","2","3"
"Mantra3","2","1","3"
"Manuber_V","2","1","3"
"Manuel-A-92600","2","1","3"
"Manuel-Matos","1","2","3"
"Manuel5678910","1","2","3"
"ManuelEliz","1","2","3"
"Manuelvo82","2","1","3"
"manufx","1","2","3"
"MANUL_ENJOYER","2","1","3"
"manuxo1","1","2","3"
"Manvikvejendla","1","2","3"
"Manyofthat","1","2","3"
"MAOROBLES","2","1","3"
"Mapatovich","1","2","3"
"mapocho","2","1","3"
"mapsanganhe1","1","2","3"
"maqsudjon10","2","1","3"
"Mar_lon2","1","2","3"
"mar24gen","2","1","3"
"maraakame","1","2","3"
"Maradona2023","1","2","3"
"Marakuya","2","1","3"
"maraster","1","2","3"
"marat_kerimov","1","2","3"
"MaratBezruk020816","2","1","3"
"marbertpescado","1","2","3"
"marcabdo","2","1","3"
"Marccc68","2","1","3"
"Marcel_Jessen","1","2","3"
"marcellous","1","2","3"
"Marcelo_Garfunkel","1","2","3"
"Marcelo12Freire","1","2","3"
"Marcepia","2","1","3"
"marcesro","2","1","3"
"marchamp9","2","1","3"
"MarchingNapkin","1","2","3"
"Marchofthepawnguins","1","2","3"
"marcialbatule75","2","1","3"
"marcibal","1","2","3"
"marcio_lopes","1","2","3"
"marciopainas","2","1","3"
"marcks943","2","1","3"
"marclanc","2","1","3"
"Marco_lins","2","1","3"
"Marco-2Reps","1","2","3"
"MarcoAurelio78945","2","1","3"
"Marcochez","2","1","3"
"MarcoH72","2","1","3"
"MarcoKing07","2","1","3"
"Marcomelo","2","1","3"
"MarcoNavarro","2","1","3"
"marcopolo777","1","2","3"
"MarcoScarso","1","2","3"
"MarcosGoTo2200","2","1","3"
"marcosjunin","1","2","3"
"marcosmolina","2","1","3"
"marcospsd10","1","2","3"
"marcossanjurjo","1","2","3"
"MarcosTravassos52","2","1","3"
"marcosvl14","1","2","3"
"MarcoTom","2","1","3"
"Marcov_Robertov_2","2","1","3"
"marcozaza12","2","1","3"
"Marcus_Dayan","2","1","3"
"Marcus1287","2","1","3"
"marcusdeux","2","1","3"
"mardani","2","1","3"
"MardeevVV","2","1","3"
"Mardelima","1","2","3"
"mardimaster","2","1","3"
"Mardyy","1","2","3"
"mare367","2","1","3"
"MarekD007","1","2","3"
"MarengOscuro","2","1","3"
"Marenich","1","2","3"
"marfar","2","1","3"
"Marfis","1","2","3"
"margaridata","2","1","3"
"MargaVAton","1","2","3"
"Margelchopf","1","2","3"
"Margherita345","1","2","3"
"marginalis","1","2","3"
"margokuznetsova","2","1","3"
"Maria_Goreva97","2","1","3"
"maria_tarasova2705","1","2","3"
"maria1414","1","2","3"
"mARIA222","2","1","3"
"Mariahedgehog","1","2","3"
"Mariajose14","1","2","3"
"mariakokopolos1","2","1","3"
"marialimon","1","2","3"
"Mariami777","2","1","3"
"Marianmaae","1","2","3"
"Mariano313","1","2","3"
"marianoyp","2","1","3"
"MarichaTver","2","1","3"
"MarieJeanneKMSK","1","2","3"
"MariFAL","2","1","3"
"marifin","1","2","3"
"marin1978","2","1","3"
"marinabubnova","2","1","3"
"MarineNalbandian09","2","1","3"
"MARINGOOD","2","1","3"
"marinoparamo","2","1","3"
"marinosgr","2","1","3"
"MARIO_ALCAZAR2007","2","1","3"
"marioalonso87","2","1","3"
"marioam43","2","1","3"
"MarioBebekoski","1","2","3"
"Marioerby","1","2","3"
"Mariog1973","2","1","3"
"Mariomarkan-2021","2","1","3"
"mariomeier","2","1","3"
"marionkyros","2","1","3"
"MarioZii","1","2","3"
"Marita_Rambu","2","1","3"
"Marius0007","1","2","3"
"Marius232","1","2","3"
"MariusBonafede","1","2","3"
"mariuske","1","2","3"
"mariuslml","2","1","3"
"Mariusvell","1","2","3"
"Mariyamameera2008","1","2","3"
"Mark_Bagov","2","1","3"
"Mark_Iushko","2","1","3"
"Mark_Ok","2","1","3"
"Mark-n-da-dark","1","2","3"
"mark-schipper","2","1","3"
"Mark2006_dark","2","1","3"
"MARK283","2","1","3"
"mark76544","2","1","3"
"markbernales","2","1","3"
"Markiza_angelov","2","1","3"
"MarkKtz","2","1","3"
"markluice123","2","1","3"
"marknibb","1","2","3"
"Marko-15","2","1","3"
"marko220","2","1","3"
"Marko59617","2","1","3"
"markomacak","1","2","3"
"MarkoMilojevic","1","2","3"
"Markoni3","2","1","3"
"Markoooop","1","2","3"
"markorodh","1","2","3"
"markov_nola","2","1","3"
"Markovka-Chess05Mate","2","1","3"
"Markoz517","1","2","3"
"Markrenton82","1","2","3"
"MarkShahMat","2","1","3"
"Markus2709","2","1","3"
"Markus65","2","1","3"
"MarkVarad","1","2","3"
"markvdr","2","1","3"
"Marleon_13","2","1","3"
"Marlin_Ef","1","2","3"
"marlongodala","2","1","3"
"Marlupo12","1","2","3"
"MarnixDC","1","2","3"
"marquiz97","2","1","3"
"MarregZ","1","2","3"
"Mars-449","2","1","3"
"Marselxx","1","2","3"
"marseng","1","2","3"
"Marsfr","1","2","3"
"MarshalKumarSingh","1","2","3"
"Martemianov_Ivan05","1","2","3"
"Marthin78","1","2","3"
"Marti_Bonshoms","1","2","3"
"MarTiin43434363","1","2","3"
"Martin_Reale","1","2","3"
"MartinBenitBoipia7","2","1","3"
"Martincho007","1","2","3"
"MartinchoMar","2","1","3"
"martinmaioli","2","1","3"
"martinmarusic","1","2","3"
"martinpap","2","1","3"
"MartinSzpalek","1","2","3"
"MartinT512","2","1","3"
"martj42","2","1","3"
"martlebythescrivener","1","2","3"
"Marttinen","1","2","3"
"Martwell","2","1","3"
"martynasss","2","1","3"
"Marusaya","2","1","3"
"marv1929","2","1","3"
"Marvalenc","2","1","3"
"marvan_mk","2","1","3"
"Mary_Alex_123","2","1","3"
"MaryElen","1","2","3"
"maryha","1","2","3"
"Marykho","1","2","3"
"masal48","2","1","3"
"masaow","1","2","3"
"Maschineaufdemweg","2","1","3"
"masci502","1","2","3"
"Masd_ZZZ","2","1","3"
"mase2020","1","2","3"
"mashinist86","1","2","3"
"mashrafi966","2","1","3"
"mashudi","2","1","3"
"masia69","2","1","3"
"Masiero","2","1","3"
"mask_man45","1","2","3"
"Masmanov","1","2","3"
"Masne_Debiuty","1","2","3"
"Masochist_94","1","2","3"
"Mason-P-OHES","1","2","3"
"Masonville","2","1","3"
"masoud_imn","1","2","3"
"masoud117","2","1","3"
"Masoud321","1","2","3"
"Masoudshoa1988","1","2","3"
"masoumi95","1","2","3"
"massimo1981","2","1","3"
"Massimog","1","2","3"
"MastarDale369","1","2","3"
"Master_Nikunj","1","2","3"
"Master_Nolp","2","1","3"
"Master_salah","1","2","3"
"Master_T100","2","1","3"
"master8866","1","2","3"
"masterassasin9","2","1","3"
"Masterchess62553","2","1","3"
"masterchief9523","2","1","3"
"MasterClassChess86","2","1","3"
"MasterDefinitive","1","2","3"
"Masterdevansh","1","2","3"
"MasterFaruq","1","2","3"
"Mastergelap007","2","1","3"
"mastermelvin01","1","2","3"
"mastermindharry","1","2","3"
"MasterMollo","1","2","3"
"Mastero4ek","1","2","3"
"masterofblunders420","2","1","3"
"MasterOsmanAlp","1","2","3"
"MasterPointy","2","1","3"
"MasterSacrificer","2","1","3"
"mastersonic","2","1","3"
"MasterVitor","1","2","3"
"Mat-Vey_1706","1","2","3"
"MAT2850","1","2","3"
"mat3147vorn","1","2","3"
"mataBall8","1","2","3"
"MaTaDoR_908745","2","1","3"
"MATadorrePLUS","2","1","3"
"Matamoros1973","2","1","3"
"Matanidze","2","1","3"
"Matbleu","1","2","3"
"Mate_1104","1","2","3"
"Mate_Alreadyy","1","2","3"
"Matebence","2","1","3"
"Mateco","2","1","3"
"Matei_hashtag_8430","2","1","3"
"matejtop94","1","2","3"
"mateman470","1","2","3"
"mateo2903","1","2","3"
"MateoIsuani","1","2","3"
"Mateus_chess","2","1","3"
"Mateus25","2","1","3"
"mathandy","1","2","3"
"MatheuspAlves","2","1","3"
"MatheusVilares","2","1","3"
"Mathew_2016","1","2","3"
"mathew625-27","2","1","3"
"mathias_y_yaku","2","1","3"
"mathiasfranco173","2","1","3"
"mathiaskristiansen95","1","2","3"
"MathiasMedina2022","2","1","3"
"MATHIEU11","2","1","3"
"mathiguapo","1","2","3"
"MathInduction","2","1","3"
"mathirossi","2","1","3"
"Mati_Sosna","1","2","3"
"Matiangel","2","1","3"
"Matias_J","2","1","3"
"matiasgarcia1997","1","2","3"
"Matiasveraa","1","2","3"
"maticanlab","1","2","3"
"MatijaVZ","1","2","3"
"matin6121","1","2","3"
"matina1382","2","1","3"
"matinmostafazade","2","1","3"
"matinthm1387","2","1","3"
"matix2022","1","2","3"
"Matkashy","2","1","3"
"Matlamyus","1","2","3"
"Matmat1616","1","2","3"
"MatmoutEOL","2","1","3"
"MATOMO","1","2","3"
"matraim44","1","2","3"
"Matrix254","1","2","3"
"matrixalix","2","1","3"
"Matszhie","1","2","3"
"mattdinner","1","2","3"
"mattej45","1","2","3"
"matteoBb","1","2","3"
"MattewKab","2","1","3"
"Matthaeus13","1","2","3"
"matthewak2013","2","1","3"
"MatthewBecker27","1","2","3"
"MatthewLively_HF","2","1","3"
"Matthiaspaul","2","1","3"
"MattHummel","2","1","3"
"matti2018","1","2","3"
"MattiaG05","1","2","3"
"mattisjd","2","1","3"
"mattL1990","2","1","3"
"mattointre","2","1","3"
"mattpoin","2","1","3"
"MattSchach60","2","1","3"
"mattstaks","1","2","3"
"Matty1","2","1","3"
"matty1619","1","2","3"
"Maturin","2","1","3"
"matvamatva","1","2","3"
"matveev921","2","1","3"
"Matvejhik15","1","2","3"
"matveu17","2","1","3"
"Matvey314","2","1","3"
"matyash","1","2","3"
"Matyie90","1","2","3"
"matys211","2","1","3"
"mau120","1","2","3"
"maucheto","2","1","3"
"Maul-J","1","2","3"
"maurazos","2","1","3"
"Mauribahia","2","1","3"
"Mauricio_Ruiz231208","2","1","3"
"Mauricio8ed","1","2","3"
"MauricioelUruok","1","2","3"
"MauricioRego","2","1","3"
"Maushi","2","1","3"
"Mav3rick8","2","1","3"
"Maverick210","2","1","3"
"MaverickMate","2","1","3"
"Maverickrahul","1","2","3"
"maween","1","2","3"
"mawpmc","2","1","3"
"Max_1306","1","2","3"
"Max_33_1","1","2","3"
"Max_ponomarev91","2","1","3"
"Max_Verstappen_33","1","2","3"
"Max-potok","1","2","3"
"max0r1se","2","1","3"
"max123456654321","2","1","3"
"max1364","2","1","3"
"maxamad10","1","2","3"
"MaxBm","2","1","3"
"MaxBorges","2","1","3"
"Maxeuwi","2","1","3"
"maxfiredragon69","1","2","3"
"MaxG03","2","1","3"
"Maxgicien","2","1","3"
"maxhartmann1","1","2","3"
"MaxHo2014","2","1","3"
"Maxi_1702","1","2","3"
"MaxiBlitzz","2","1","3"
"maxigamer123","1","2","3"
"Maxik22","1","2","3"
"MaxikOwner","1","2","3"
"Maxim_A_Tokarev_2015","1","2","3"
"Maximal1111","2","1","3"
"MaximBakhtin1","1","2","3"
"maximglaz","1","2","3"
"Maximilian13","2","1","3"
"Maximilyan2017","1","2","3"
"MaximND","2","1","3"
"maximo1223","1","2","3"
"MaximoXD026","1","2","3"
"Maximrtr","1","2","3"
"maximtretyakov1985","2","1","3"
"MAXIMUSTAURUS","2","1","3"
"maximya54","2","1","3"
"Maxinz","1","2","3"
"Maxiste","2","1","3"
"Maxitos-1453","1","2","3"
"maxmudchimbergenov","2","1","3"
"maxseve","1","2","3"
"Maxskyqian","2","1","3"
"MaxTs778","1","2","3"
"MaxVolk","1","2","3"
"Maxwooll","2","1","3"
"may16vic","2","1","3"
"mayank_65joshi","1","2","3"
"mayank_8898","1","2","3"
"MayankChadha1609","1","2","3"
"mayankkapila","2","1","3"
"mayankraj1234","1","2","3"
"Mayasri","2","1","3"
"Mayayaua_29","2","1","3"
"maykeklk","1","2","3"
"mayno01","2","1","3"
"Mayorga09","2","1","3"
"Mayovu","2","1","3"
"Mayroo","1","2","3"
"maysm","1","2","3"
"mayukh999","2","1","3"
"mayung","1","2","3"
"MayurK999","2","1","3"
"mazaher90","2","1","3"
"mazetwil3","2","1","3"
"Mazioon","1","2","3"
"Mazutta","2","1","3"
"Mazza91","2","1","3"
"MazzSant_MC","1","2","3"
"Mb2396","1","2","3"
"Mb408080123456","2","1","3"
"mbahukhandi87","1","2","3"
"Mbali7","2","1","3"
"mbamd","2","1","3"
"mbarria","2","1","3"
"MBBBTH","2","1","3"
"Mbernuym","1","2","3"
"mbiernat","2","1","3"
"Mbikoversace999","2","1","3"
"MblascoZ","1","2","3"
"mbvfan","1","2","3"
"Mc-JofielVinOs","1","2","3"
"Mc-ThiagoSaPa","2","1","3"
"MC8MC8MC8M","2","1","3"
"mcahit06","1","2","3"
"Mcarter1","2","1","3"
"mcasey911","2","1","3"
"mcastro888","1","2","3"
"mcd8519","1","2","3"
"mcdevio","2","1","3"
"MCedrazCarvalho","1","2","3"
"mceline","1","2","3"
"mcfly2023","1","2","3"
"mcgcbfjpptmf9","1","2","3"
"mch1356","2","1","3"
"Mchess00","1","2","3"
"McJunker","1","2","3"
"MCKULBIT","2","1","3"
"McLimho","1","2","3"
"McNever","1","2","3"
"mco1984","1","2","3"
"mcom1","2","1","3"
"mcoverdale","1","2","3"
"mcquitco","1","2","3"
"mcrAzyaBin","2","1","3"
"mctnky","2","1","3"
"McTreffler","2","1","3"
"mcvh1997","2","1","3"
"mczuta","2","1","3"
"MD1717","2","1","3"
"mdetoma","2","1","3"
"mdkaberali1","2","1","3"
"mdkm","1","2","3"
"MDolunz","2","1","3"
"mdomine","2","1","3"
"Mdpgm","2","1","3"
"MDRiyaz","2","1","3"
"MdShuvo79","2","1","3"
"Mdx156","2","1","3"
"me_master","2","1","3"
"meadowsoprano","2","1","3"
"MEAT17","2","1","3"
"mecalbert","2","1","3"
"mechaGod11235","1","2","3"
"MeChamoLegend","2","1","3"
"Mechanic90","2","1","3"
"Mecudor","2","1","3"
"mecZpasha","2","1","3"
"medewand","1","2","3"
"MedievalPear","2","1","3"
"Mediocre_Kekboi","2","1","3"
"MediocreUsername","1","2","3"
"medons","2","1","3"
"medosontheride","2","1","3"
"medusajazz","1","2","3"
"Medvallkh","1","2","3"
"Meeklydim","1","2","3"
"Meellok","1","2","3"
"Meepro","2","1","3"
"Meetmethere12","2","1","3"
"Meez17","2","1","3"
"mefleh88","1","2","3"
"Mega-Mind-AM","1","2","3"
"MEGAKM","2","1","3"
"Megakurd","2","1","3"
"MegaMorpeh","2","1","3"
"Megan-M-OHES","2","1","3"
"megasstatous","2","1","3"
"MegaSt0nKs","1","2","3"
"meghthebot","1","2","3"
"mehadirifat","1","2","3"
"Mehdi_1385","2","1","3"
"Mehdi-Elahi2076","2","1","3"
"MEHDI-L","1","2","3"
"Mehdi110135","1","2","3"
"mehdi128835","1","2","3"
"mehdidashti66","1","2","3"
"mehdidr","2","1","3"
"mehISAC","1","2","3"
"mehmatcan","1","2","3"
"mehmet067","2","1","3"
"mehmet13asd","1","2","3"
"mehmet2881","2","1","3"
"mehmet6363","2","1","3"
"mehmetbulutt","1","2","3"
"mehmetotaci","2","1","3"
"mehmetsu","1","2","3"
"MehmetUldg","1","2","3"
"MeHoon","1","2","3"
"mehrad-the-dude","1","2","3"
"mehradfar","1","2","3"
"mehran-karimi","1","2","3"
"mehrave90","1","2","3"
"Mehrbod94","2","1","3"
"mehrzad2306","1","2","3"
"Mehul707","1","2","3"
"meichi","2","1","3"
"Meikaluka","2","1","3"
"meimnot","1","2","3"
"meisam_62","1","2","3"
"Meister_Franz","2","1","3"
"Mekans1z","1","2","3"
"Mekkro","1","2","3"
"meldaakdemir34","1","2","3"
"meleiroo","1","2","3"
"melihbaskurt","1","2","3"
"melihc15","2","1","3"
"Melik04","1","2","3"
"MelikaGh","1","2","3"
"melisatavasoli","2","1","3"
"Melissssa","2","1","3"
"Mellid9","1","2","3"
"Mello65","1","2","3"
"Melmacn","2","1","3"
"MelonLusk","1","2","3"
"Melvinmuiruri7","1","2","3"
"Memberr","2","1","3"
"memmedli1","1","2","3"
"memo1071","1","2","3"
"Memox67","2","1","3"
"MemX","2","1","3"
"MeMy22","2","1","3"
"Menageb","2","1","3"
"MenaKamel307","1","2","3"
"menay64","2","1","3"
"mendigo-go","2","1","3"
"mendinijayanath14","1","2","3"
"Meneghini","2","1","3"
"Menestre","1","2","3"
"meninn","1","2","3"
"MeninoMatraca","1","2","3"
"menna1999","2","1","3"
"Mennoo","1","2","3"
"Menny89","2","1","3"
"mentos4442","2","1","3"
"meowingtons","1","2","3"
"meowmeowmeowmeowhuh","2","1","3"
"merad77","1","2","3"
"Mercyjohn","1","2","3"
"merdoglu","2","1","3"
"MergenGR","1","2","3"
"MergenSh","1","2","3"
"Merhmerardatopcu","1","2","3"
"MerlinDs","1","2","3"
"MerMukhosranska","1","2","3"
"Merocks","2","1","3"
"merrior","2","1","3"
"MersanaEsm","1","2","3"
"Mersi-Mari","2","1","3"
"mert19","2","1","3"
"mert3366","1","2","3"
"mert413441","2","1","3"
"mertacaar","1","2","3"
"Mertbaba93","1","2","3"
"mertcanbakkal","2","1","3"
"mertdln","1","2","3"
"MertFischer","2","1","3"
"mertkara27","1","2","3"
"mertog09","1","2","3"
"Meruem017","2","1","3"
"meruem13meruem","1","2","3"
"Merv_chess","2","1","3"
"MerxasII","1","2","3"
"MesciuToto","2","1","3"
"Mese_ORION","1","2","3"
"Mesh3l81","1","2","3"
"meshare2036","2","1","3"
"Meshkat20","2","1","3"
"messi_Douman","1","2","3"
"messicampeondelmundo","1","2","3"
"MessiGrisha","1","2","3"
"Messina75","1","2","3"
"mesterd","1","2","3"
"MestreQueijeiro","1","2","3"
"metaldog","2","1","3"
"Metalexx","2","1","3"
"Metalheadheadbanger1","2","1","3"
"METALlll","2","1","3"
"METALLTIGER","1","2","3"
"metaparanoia","2","1","3"
"Metaru_sama","2","1","3"
"MetBoy","1","2","3"
"mete_5151","1","2","3"
"metedogan035","1","2","3"
"metekemalcanseven","1","2","3"
"Metelkov_1986","1","2","3"
"meteozcan","1","2","3"
"Methori","1","2","3"
"Methu_kz","1","2","3"
"Methul2013","2","1","3"
"metofox","2","1","3"
"Metrist","2","1","3"
"METSETT","2","1","3"
"metzi22","1","2","3"
"mevkha","2","1","3"
"Mexak_kloyan","2","1","3"
"Mexghost","2","1","3"
"Mexican_stoicism","1","2","3"
"MexPlayer","2","1","3"
"mexverrus","2","1","3"
"Mexxamilian","1","2","3"
"meysam1397","2","1","3"
"meyvesuyu12","2","1","3"
"mf_karga","2","1","3"
"Mfeyzi2000","2","1","3"
"MFG45556","1","2","3"
"mfilatov99","2","1","3"
"MG2411","1","2","3"
"Mgac150617","1","2","3"
"Mgika3","1","2","3"
"MGIMO","2","1","3"
"MGKibria","1","2","3"
"mgls85","1","2","3"
"Mgosse34","1","2","3"
"MGVARUNKUMAR-13","1","2","3"
"MgVer67","1","2","3"
"mgzephyrr","2","1","3"
"Mh_J","1","2","3"
"Mhamed_alhwameda","2","1","3"
"mhammad82","2","1","3"
"MhaSultan","2","1","3"
"MHendobendo","2","1","3"
"MHER043","2","1","3"
"Mhfyy","1","2","3"
"mhmaad","2","1","3"
"Mhmd3010","1","2","3"
"mhmdfayd","2","1","3"
"Mhmdtaha1394","1","2","3"
"mhmemar","2","1","3"
"Mhmood_Checkmate","1","2","3"
"mhmtbrk123","1","2","3"
"mholmes0073","2","1","3"
"MhonOfficialAccount","2","1","3"
"mhpo0987","2","1","3"
"mhramadhn404","2","1","3"
"MHSK2","1","2","3"
"mhyar","2","1","3"
"MiAbuelaSoliaDecir","2","1","3"
"miakov62","2","1","3"
"mialinx","2","1","3"
"MiamiHeat","1","2","3"
"miancama","1","2","3"
"Micha12345","2","1","3"
"Michael_3487","2","1","3"
"michael_50","1","2","3"
"michael_meier_20062","2","1","3"
"Michael_Neretin","2","1","3"
"Michael_Swagson","2","1","3"
"Michael2209","1","2","3"
"MichaelBruno83","2","1","3"
"MichaelErmantraut","2","1","3"
"michaeljflynn","2","1","3"
"michaellms","2","1","3"
"michaelm1","1","2","3"
"michaelmocci","1","2","3"
"MichaelRuiz96","2","1","3"
"michaelvinish","2","1","3"
"MichaelWolfff","1","2","3"
"Michail_13233","2","1","3"
"Michail84","2","1","3"
"michalb2","2","1","3"
"Michalek96","1","2","3"
"MichalK1990","1","2","3"
"MichalM2","2","1","3"
"Micheal_Hazoz","2","1","3"
"Michel0700","2","1","3"
"MichelMichelMichel","2","1","3"
"MichelZ13","1","2","3"
"michj1","2","1","3"
"Michlking88","1","2","3"
"michman2013","2","1","3"
"Michmich84","2","1","3"
"MichoMarwan","2","1","3"
"Michu_123","2","1","3"
"mickg2","1","2","3"
"Mickhail_A","2","1","3"
"micoldablo","1","2","3"
"MicroMouse","2","1","3"
"midcitychess23","1","2","3"
"middlingmagic","2","1","3"
"Midievel","1","2","3"
"midnight_rain88","1","2","3"
"mido11","1","2","3"
"Mido27","2","1","3"
"midoamer767","2","1","3"
"midoeid15","1","2","3"
"Miduwitsch","2","1","3"
"midyeoglan1","2","1","3"
"miechen","2","1","3"
"Mielikki_14","1","2","3"
"Mieserjay","1","2","3"
"mifa_new","1","2","3"
"MiFixYT1337","1","2","3"
"Migel1992","1","2","3"
"Mighty_Lejean2","1","2","3"
"Mightymek","2","1","3"
"Mightymiki","2","1","3"
"MightyPaperJam","1","2","3"
"migo999","2","1","3"
"migs6447","1","2","3"
"miguel_d","2","1","3"
"Miguel759","1","2","3"
"miguel800925","2","1","3"
"Miguel87","1","2","3"
"miguelitor","1","2","3"
"miguelpedromarques","2","1","3"
"miguelteixeira","1","2","3"
"miguelvalen","2","1","3"
"migz2023","1","2","3"
"miha1994","2","1","3"
"Mihail662","2","1","3"
"Mihailov_Vladimir","2","1","3"
"Mihal-ko","2","1","3"
"Mihandros","2","1","3"
"mihir_redekar","2","1","3"
"mihirches","1","2","3"
"miho79","1","2","3"
"miinipah","1","2","3"
"Mijaja","2","1","3"
"mijhail_tal1","2","1","3"
"mijoski","2","1","3"
"mik1940","1","2","3"
"Mikabwq","2","1","3"
"Mikael_Bat","2","1","3"
"mikaelchamp","1","2","3"
"MikaelKaz","1","2","3"
"mikapeth","1","2","3"
"mikavelo3","1","2","3"
"mike_bruin","2","1","3"
"mike_Malyshev","1","2","3"
"mikeand11","1","2","3"
"mikebd","1","2","3"
"Mikele79","2","1","3"
"MikeMBlitZ","2","1","3"
"mikeoverdue","2","1","3"
"MikePoland","2","1","3"
"MikeRodrigues","2","1","3"
"Mikerus07","2","1","3"
"Mikethehot","1","2","3"
"mikev2023","2","1","3"
"MikhaelS","2","1","3"
"Mikhail_Fedorov","1","2","3"
"mikhail_svisch","2","1","3"
"MikhailMikhail2002","2","1","3"
"MikhailRUS136","1","2","3"
"mikhailter","2","1","3"
"mikhailust","2","1","3"
"Mikhaischer","2","1","3"
"Mikiaraaa","2","1","3"
"Mikica1000","2","1","3"
"miklik","2","1","3"
"mikohardy","2","1","3"
"Mikolaj123abc","2","1","3"
"Mikorra","2","1","3"
"mikosamia","1","2","3"
"miksan12","2","1","3"
"mikuevas","1","2","3"
"mikuyt2","2","1","3"
"Mikybomber1987","1","2","3"
"MILA050","1","2","3"
"MILA051","1","2","3"
"Milad_alborzi","1","2","3"
"milad50","2","1","3"
"miladb7603","2","1","3"
"miladin63","1","2","3"
"Milana_Zhorovkova","1","2","3"
"MilanaKulagina","2","1","3"
"milanayrten09","2","1","3"
"milanb1","1","2","3"
"milanB1979","1","2","3"
"milanello22","1","2","3"
"milanivic88","1","2","3"
"milanjacob","2","1","3"
"Milankreten","1","2","3"
"milanlekovic","2","1","3"
"Milanx3","2","1","3"
"mile_a","1","2","3"
"MileMikovi","1","2","3"
"milena9","2","1","3"
"mililrc","2","1","3"
"MilKar07","1","2","3"
"Milkseee","1","2","3"
"milksteaks","1","2","3"
"milky-way2","2","1","3"
"Millcreek","2","1","3"
"Milogradov","1","2","3"
"miloradkralj","2","1","3"
"milos1986","1","2","3"
"milovan_pavlovic","2","1","3"
"MilovanovSI","1","2","3"
"milton555","2","1","3"
"miltondearaujjo","1","2","3"
"milutin-marsenic","1","2","3"
"Mimakter0022","1","2","3"
"mimi-mi","2","1","3"
"mimja","2","1","3"
"MIMOKLEZ","1","2","3"
"mimomanas","2","1","3"
"Min03","1","2","3"
"mina_abanoub","1","2","3"
"Mina_Lgnd","1","2","3"
"Mina_Samy","1","2","3"
"Mina5173","2","1","3"
"minaamir","1","2","3"
"MinaDemian","2","1","3"
"MinaRana","2","1","3"
"Minato212","1","2","3"
"mind_flash","2","1","3"
"Mind_Scourge","2","1","3"
"Mindblow54","1","2","3"
"MindHor","2","1","3"
"Mindtreak","1","2","3"
"Mineirosincero","1","2","3"
"miner1932","1","2","3"
"mingyung","2","1","3"
"minhdang189","1","2","3"
"minhdang2a7","2","1","3"
"Minhndn","1","2","3"
"minhtriet2012","2","1","3"
"minishan","1","2","3"
"MinnakPatron","1","2","3"
"Mino999","2","1","3"
"MINOX0","1","2","3"
"Mintkream","1","2","3"
"Mintu1212","2","1","3"
"minuses3000","1","2","3"
"Miqael60","2","1","3"
"Miquel17","2","1","3"
"mirakekecbk","1","2","3"
"miranner","2","1","3"
"MirayaSingla","1","2","3"
"Mirazez","2","1","3"
"Mircha56","2","1","3"
"mirkar","2","1","3"
"mirko2317","1","2","3"
"mirkw","2","1","3"
"MirMus","1","2","3"
"mirob54","1","2","3"
"Miron0915","2","1","3"
"Miron225080","1","2","3"
"Mironov_1964","1","2","3"
"MiroslavAlekseevich","1","2","3"
"mirzajani68","2","1","3"
"Misae1234","1","2","3"
"Misatu","1","2","3"
"Misc-Berlin","1","2","3"
"Mish_ko","2","1","3"
"Mish666","2","1","3"
"Misha-Reznichenko","2","1","3"
"Misha0612","1","2","3"
"Misha09S","1","2","3"
"mishaberman","2","1","3"
"MishaGaf","1","2","3"
"Mishakazaryan","1","2","3"
"MishaMukhorin","1","2","3"
"mishanya111777","2","1","3"
"MishchukYurii","2","1","3"
"Mishgan07","2","1","3"
"MishGun888","1","2","3"
"Mishka2014Sem","1","2","3"
"MishMish","2","1","3"
"Mishtibasera","1","2","3"
"misifurki","2","1","3"
"misiooo","1","2","3"
"miskino","2","1","3"
"Misorite","1","2","3"
"misos_35","2","1","3"
"Misraty","1","2","3"
"miss7071","1","2","3"
"Missing-Urinal","2","1","3"
"MissMango","1","2","3"
"Missubi","1","2","3"
"mister_mf","2","1","3"
"mister_snookums","1","2","3"
"misterfish3","2","1","3"
"MisterKot","1","2","3"
"misterm288","2","1","3"
"MisterMxyzptlk","2","1","3"
"MisterQ81","1","2","3"
"Mistral61","1","2","3"
"Mistrzanai","2","1","3"
"Mistyt2sim","1","2","3"
"mitalay","1","2","3"
"mitchell1959","1","2","3"
"MitchellKGM","1","2","3"
"Mithran_AB","2","1","3"
"mithularini","2","1","3"
"mitsanaullah","2","1","3"
"MiVaGo","2","1","3"
"mixa-xa2016","1","2","3"
"Mixa001","1","2","3"
"Mixa073","2","1","3"
"Mixie1974","2","1","3"
"miyami04","1","2","3"
"MiyamuraI","2","1","3"
"MizMichael","2","1","3"
"Mizou123","2","1","3"
"MizouFer","1","2","3"
"Mizuna","1","2","3"
"mizzmate4life","2","1","3"
"mj069","1","2","3"
"MJ129","1","2","3"
"mj7676","1","2","3"
"mja7991","2","1","3"
"MJac56","2","1","3"
"MJairo75","2","1","3"
"mjbhatt","1","2","3"
"MJC7","2","1","3"
"Mjerate","1","2","3"
"mjhey09","2","1","3"
"MjidMM","1","2","3"
"mjlsd","2","1","3"
"mjmonjit99","1","2","3"
"MJR_L10_LEEVINASSH","1","2","3"
"mjzamanian","1","2","3"
"mk05012023mk","1","2","3"
"Mk500","2","1","3"
"MKandil8","1","2","3"
"mkaru327","1","2","3"
"Mkhorsandi1368","1","2","3"
"Mkhota","1","2","3"
"MKHTDZ","1","2","3"
"mkhz4394","2","1","3"
"mkiavel","1","2","3"
"Mkinvari","1","2","3"
"Mkit","1","2","3"
"mkjjogi","1","2","3"
"MKMati","2","1","3"
"Mkonan3","1","2","3"
"MKpirasteh","1","2","3"
"mkshp400","1","2","3"
"mksonkar","1","2","3"
"MKSuperior","1","2","3"
"mkurugenzi","1","2","3"
"mkvasu","2","1","3"
"ML1965","1","2","3"
"ML1970","2","1","3"
"MLeontev","1","2","3"
"mlerrrlad","1","2","3"
"mlibx","1","2","3"
"mlms495","1","2","3"
"mlms497","2","1","3"
"MLMS555","1","2","3"
"mlyubb","1","2","3"
"MMadalan","1","2","3"
"mmaifudi","1","2","3"
"MMBenzo","2","1","3"
"mmcarrot","2","1","3"
"mMearaj1393","2","1","3"
"mmelmoonn","1","2","3"
"mmeyahi","2","1","3"
"mmhs29","1","2","3"
"MMJHALL007","1","2","3"
"mmohsenm","2","1","3"
"mMoustafa","2","1","3"
"mmrnznn","2","1","3"
"mmrtydn","2","1","3"
"MMS23","2","1","3"
"mmtra","2","1","3"
"Mn_Frans","1","2","3"
"Mn16111974","2","1","3"
"MNAGovan","1","2","3"
"Mnakib90","2","1","3"
"mngn8665","1","2","3"
"MnM_08","2","1","3"
"mnn_clm","2","1","3"
"MNN123mnn","2","1","3"
"Mo_Essam_V","2","1","3"
"mo_osmanli","2","1","3"
"mo_wa","1","2","3"
"mo-she7ta","2","1","3"
"Mo13st","1","2","3"
"Mo15fawzy","1","2","3"
"mo515sh2","2","1","3"
"Mo7amed555","1","2","3"
"Mo7amedMamdoo7","1","2","3"
"Mo7mednz","2","1","3"
"Moatassem_n","1","2","3"
"moataz4","2","1","3"
"moathhaj","1","2","3"
"mobin_namdari_07","1","2","3"
"mobinhedayati1234","2","1","3"
"MobyDucks","1","2","3"
"Mochan_Akki","2","1","3"
"Mockingbird666","2","1","3"
"modBlue","1","2","3"
"moddini","1","2","3"
"Modenia","2","1","3"
"Moder123","2","1","3"
"MODESTEBOLI","2","1","3"
"Modesto2037","2","1","3"
"Modesto77","1","2","3"
"modstrez","2","1","3"
"Mody33_elzeidy","2","1","3"
"moecon00","1","2","3"
"Moeen_Ahmed_Baloch","1","2","3"
"moein_stormy","2","1","3"
"moekid","1","2","3"
"moelhallaq","1","2","3"
"MoeMoe89","1","2","3"
"moerbeke","2","1","3"
"Moesei_gorenest","1","2","3"
"MoetezHafsa","2","1","3"
"moewells100","1","2","3"
"Moez_mahmoud","2","1","3"
"MofugginFish","2","1","3"
"mogatlaJM","2","1","3"
"Moghadam79","2","1","3"
"moghiny","1","2","3"
"Mogilanar","2","1","3"
"moh_sa55","2","1","3"
"moh-sa26","2","1","3"
"moh0002107","1","2","3"
"moh38840","1","2","3"
"Moha777","2","1","3"
"mohaks","2","1","3"
"Mohamad_26","1","2","3"
"mohamad_Al_Ahmad","1","2","3"
"Mohamad_kermanshi","2","1","3"
"MOHAMAD123BAKORA","2","1","3"
"Mohamad40","2","1","3"
"mohamadalibaibars","2","1","3"
"Mohamadhesame7","2","1","3"
"mohamadhoseinnn","1","2","3"
"Mohamadqaneiee1387","1","2","3"
"Mohamadrezatabriz","1","2","3"
"MohamadRp","1","2","3"
"mohamed_450","1","2","3"
"MohaMed_BakRei","2","1","3"
"Mohamed_crlsn","1","2","3"
"Mohamed_Ibrahim_19","1","2","3"
"mohamed_Khaled123","2","1","3"
"Mohamed_Mamdouh_99","2","1","3"
"Mohamed_Ragap","1","2","3"
"mohamed-g","1","2","3"
"Mohamed00Hamouda","1","2","3"
"Mohamed12345m","1","2","3"
"Mohamed1999914","2","1","3"
"Mohamed3Abo6elkasem","1","2","3"
"mohamed3dj","1","2","3"
"mohamed43026","2","1","3"
"Mohamedabdalslam","2","1","3"
"MohamedAboseada","2","1","3"
"mohamedashiq2002","2","1","3"
"mohamedayoubb","2","1","3"
"MOHAMEDDEGHIDY","2","1","3"
"mohamedelroby1","1","2","3"
"Mohamedelsheikh97","2","1","3"
"MohamedGad3","2","1","3"
"Mohamedhassan1234561","1","2","3"
"mohamedibra","2","1","3"
"mohamedkhalafallah","2","1","3"
"mohamedLalloui","2","1","3"
"Mohamedmesbah2020","1","2","3"
"MohamedSamy2023","2","1","3"
"Mohamedtaha5692","2","1","3"
"mohamedtalalseif","2","1","3"
"mohamedzz7","1","2","3"
"mohameed_RC","2","1","3"
"Mohammad_Allahham","1","2","3"
"Mohammad_p","2","1","3"
"Mohammad_ti","1","2","3"
"mohammad12deh","2","1","3"
"mohammad4411","2","1","3"
"Mohammada1992","2","1","3"
"mohammadamin8888","2","1","3"
"MohammadAsal","2","1","3"
"mohammadcz","1","2","3"
"Mohammadhossien1384","2","1","3"
"mohammadi1981","1","2","3"
"MohammadMasihaB","1","2","3"
"Mohammadreza0000","1","2","3"
"mohammadreza2612","2","1","3"
"mohammadsh91","2","1","3"
"mohammadzarEee","1","2","3"
"Mohammd12345borazjan","1","2","3"
"mohammd242","1","2","3"
"mohammdhossein","2","1","3"
"mohamme95","1","2","3"
"mohammed-hesan5","2","1","3"
"Mohammed58","2","1","3"
"Mohammed77Ali","2","1","3"
"mohammed8898","2","1","3"
"mohammed940","2","1","3"
"mohammedamy","2","1","3"
"MohammedBataRVP","2","1","3"
"mohammedE93","2","1","3"
"MohammedMoussa","1","2","3"
"mohammedyounisatia","1","2","3"
"MOHAN_RAJ_J","1","2","3"
"mohan136","1","2","3"
"mohanadelgamal","1","2","3"
"MohanLakshman","2","1","3"
"Mohannad12345","1","2","3"
"Mohanoe","2","1","3"
"MohanR777","2","1","3"
"Mohapi7","1","2","3"
"MOHASLY","2","1","3"
"Mohdamin2310","1","2","3"
"MohGomaaa","1","2","3"
"mohhaameed","1","2","3"
"Mohit702366","2","1","3"
"mohitrocks","2","1","3"
"Mohlomphehi","2","1","3"
"Mohmedjb","1","2","3"
"Mohmmad_007","2","1","3"
"Mohnnad_Smadi","1","2","3"
"mohofar2","1","2","3"
"mohsen_Ardi","2","1","3"
"mohsen_daneshi","1","2","3"
"Mohsen-S65","2","1","3"
"mohsen13771378","2","1","3"
"mohsen3367","2","1","3"
"mohsen65689","2","1","3"
"mohsony","2","1","3"
"MohssineB","1","2","3"
"moiche","2","1","3"
"mois12345","1","2","3"
"moisei333","1","2","3"
"moiseool","2","1","3"
"MoishaDudman","1","2","3"
"MoistvonLipwig","1","2","3"
"moji1402","1","2","3"
"Mojtaba_cr1371","1","2","3"
"Mojtaba_Dorbidi","2","1","3"
"mojtaba_rajabpoor","1","2","3"
"Mojtaba2202","2","1","3"
"Mokadio8","1","2","3"
"Mokgale","2","1","3"
"Mokhlesqqa","2","1","3"
"mokhtar_tahar","1","2","3"
"Moltack","1","2","3"
"Molvarth","2","1","3"
"Momanyi028","2","1","3"
"Mombaertslaurent","2","1","3"
"Momina663","1","2","3"
"momine","2","1","3"
"Mon52293","1","2","3"
"monaim99","2","1","3"
"Monarch39","2","1","3"
"moncada58","2","1","3"
"Mondardini","1","2","3"
"MongiMeziene","1","2","3"
"mongo_carlsen","2","1","3"
"Mongole","1","2","3"
"Monica2009","2","1","3"
"monir_2019","1","2","3"
"Monkees","1","2","3"
"MonkeyBut","1","2","3"
"monkeyf1st","2","1","3"
"monkeywithmachinegun","2","1","3"
"monlawis","1","2","3"
"monoidabdo","2","1","3"
"Monoilegal","2","1","3"
"Monsieur_Lizard","2","1","3"
"Monteiro1956","1","2","3"
"montesaari","1","2","3"
"Montforttony","1","2","3"
"monyve11","1","2","3"
"Monzer55a","1","2","3"
"moodierook","2","1","3"
"Moofathy","2","1","3"
"mooh210","1","2","3"
"moohamd_24","2","1","3"
"moohseen","2","1","3"
"Mookanza","2","1","3"
"moonchiild","1","2","3"
"Mooninnisah","1","2","3"
"moonllord","2","1","3"
"moonndog979","1","2","3"
"moonschess","1","2","3"
"Moorish_fury","1","2","3"
"mooselover","1","2","3"
"Mooskornett","1","2","3"
"Mopapa","1","2","3"
"moraa4","1","2","3"
"moraafat4","2","1","3"
"Morabeza1973","1","2","3"
"moradof","1","2","3"
"moragasai","1","2","3"
"morales8","2","1","3"
"MORALETVM","2","1","3"
"MoRayyan24","2","1","3"
"Morbid_Angel_666","2","1","3"
"MorbidAngel61","2","1","3"
"Moretask9","1","2","3"
"MORFEU28","1","2","3"
"Morfina10","1","2","3"
"Morgan_manroe","1","2","3"
"Moriart_i","2","1","3"
"Moriaso","1","2","3"
"moritzjuhu","1","2","3"
"morkera","2","1","3"
"mormor92","2","1","3"
"morotkaka","1","2","3"
"Morph3u5","1","2","3"
"Morphos33","1","2","3"
"Morphy_Forever","1","2","3"
"morris025","1","2","3"
"morrisj8","2","1","3"
"morrocobomba","2","1","3"
"Morsebird","1","2","3"
"Morskoj_Konyok","1","2","3"
"Mortar98","1","2","3"
"morte666","1","2","3"
"Mortenolsen","1","2","3"
"mortezansrz","2","1","3"
"Mortezas12345","1","2","3"
"Morty1b","2","1","3"
"moruginaleksey","2","1","3"
"morytez1365","2","1","3"
"mos_baba","1","2","3"
"Mosana9900","2","1","3"
"Moscatelli_Alejandro","1","2","3"
"moshe991","1","2","3"
"mosilvapi","2","1","3"
"mosky123","1","2","3"
"mosleem","2","1","3"
"Moslem110","1","2","3"
"mosnikov","1","2","3"
"mosqui","1","2","3"
"Mossa780","2","1","3"
"mostafa_shekar1234","2","1","3"
"Mostafa_Taha1972","2","1","3"
"Mostafa0098","2","1","3"
"mostafa3228","1","2","3"
"mostafa342","1","2","3"
"MostafaAljzoly","1","2","3"
"mostafahatim","1","2","3"
"MostafaSallam90","1","2","3"
"mostafazyainia","1","2","3"
"mosthas","1","2","3"
"motanica","2","1","3"
"motherofinvention","2","1","3"
"MotivatedChris","2","1","3"
"Motlomelo-Jnr-1273","2","1","3"
"Motorata","1","2","3"
"Motshome","2","1","3"
"Mottakinmandol","2","1","3"
"motzarts","2","1","3"
"MotzlV","2","1","3"
"moublet","1","2","3"
"Moudleo","2","1","3"
"MouEzzat","2","1","3"
"MoulinRouge_1337","1","2","3"
"Moustafa1982","2","1","3"
"MoutonChevalier","1","2","3"
"movahed88","2","1","3"
"mover12","2","1","3"
"mowalid12","1","2","3"
"Mowglifi","1","2","3"
"MoyoNyaku","1","2","3"
"mozalan76","2","1","3"
"MoZewail","2","1","3"
"MozzyMemba","1","2","3"
"MPALIAMHS","1","2","3"
"mpcgd","1","2","3"
"mph58","1","2","3"
"Mphephetse","2","1","3"
"MPranavanand","2","1","3"
"mprokoloco","1","2","3"
"MQ82WET","2","1","3"
"Mr_2000","1","2","3"
"mr_bigchess","2","1","3"
"mr_chessps","1","2","3"
"mr_dirp2","2","1","3"
"Mr_Genjutsu_17","2","1","3"
"Mr_Hamzus","1","2","3"
"Mr_Iktan","2","1","3"
"Mr_Kaban909","1","2","3"
"MR_mohamedmighri","2","1","3"
"Mr_Muravv120107","2","1","3"
"Mr_Nylander","2","1","3"
"Mr_Perfexcel","2","1","3"
"Mr_Potatoessuckswii","2","1","3"
"Mr_Rooker","2","1","3"
"MR_rootMan","1","2","3"
"Mr_Tavish","2","1","3"
"Mr_Venc","1","2","3"
"Mr_wick_04","1","2","3"
"Mr-Alekhine","1","2","3"
"mr-elxan","2","1","3"
"Mr-Omar1","1","2","3"
"mr1aarb23","2","1","3"
"mraj02088","2","1","3"
"mramor","1","2","3"
"mrazzu","2","1","3"
"MrBodhu","2","1","3"
"MRbrce","2","1","3"
"MrBrutoza","1","2","3"
"MrCandidate","2","1","3"
"MrChang96","2","1","3"
"mrcirtgn","2","1","3"
"Mrdavari","1","2","3"
"MrDionisio","2","1","3"
"MrDirtyPawn","2","1","3"
"mrdisco99","1","2","3"
"MrDrUnseen","2","1","3"
"MrEats","2","1","3"
"mrecond","1","2","3"
"MrEnex","1","2","3"
"mrfarzan","1","2","3"
"MrFD_god","1","2","3"
"mrfreedomchess","2","1","3"
"MrGarrison","1","2","3"
"MRGN037","1","2","3"
"MRGN047","2","1","3"
"MrGoliathus","2","1","3"
"MrGrandPants","2","1","3"
"MrIceberg","1","2","3"
"MridhulaaR8055","1","2","3"
"Mridul_Manoj","2","1","3"
"mris99","2","1","3"
"MrkiMedo","2","1","3"
"mrkwst","2","1","3"
"mrmaarten","2","1","3"
"mrmal","2","1","3"
"MrMatti420","2","1","3"
"MrMoszniak","1","2","3"
"Mrmuscle44","1","2","3"
"mrnoname87","2","1","3"
"mro60","2","1","3"
"mroku99","1","2","3"
"MrOnosa","1","2","3"
"mrphelko","1","2","3"
"mrphilmcgill","2","1","3"
"mrpollon","1","2","3"
"mrpotato119","2","1","3"
"MrProf85","2","1","3"
"MrRobust","1","2","3"
"MrRSM","1","2","3"
"Mrsian1n","1","2","3"
"Mrsocrate","2","1","3"
"MrSparrrow","1","2","3"
"mrsupersonik","2","1","3"
"mrswaz","2","1","3"
"mrt4747","2","1","3"
"mrtendulkar","1","2","3"
"MrThumbleweed","1","2","3"
"MrTimmTimm","1","2","3"
"MrToubar","2","1","3"
"mrVadim","1","2","3"
"mrvhp","1","2","3"
"MrVoldemar","2","1","3"
"MrX36","2","1","3"
"MrXerox","2","1","3"
"MrXpert","2","1","3"
"MSarmat","1","2","3"
"MSASA7","1","2","3"
"msaSugandhan","2","1","3"
"MSBolt","2","1","3"
"Msc1","2","1","3"
"msintescoll","1","2","3"
"mso94","2","1","3"
"mstafa-5567","2","1","3"
"mstfyalyasyn80","1","2","3"
"Mswarup","1","2","3"
"msZib","1","2","3"
"mtahack","1","2","3"
"Mtein_yBe","1","2","3"
"Mtokgoz","1","2","3"
"MTonsy97","2","1","3"
"MTRainBow","1","2","3"
"MTSavaghebi","2","1","3"
"Mu5","1","2","3"
"Mubariz-1978","2","1","3"
"MubinMujawar","2","1","3"
"mubwezanoahsimba","1","2","3"
"Muchus","1","2","3"
"muco1","2","1","3"
"Mucuquinho","1","2","3"
"mudavadkargeetey","2","1","3"
"Mudcius","2","1","3"
"Mudit-Bajaj","2","1","3"
"mudit2102","2","1","3"
"muditsingbal","2","1","3"
"Mudrets_Dz","2","1","3"
"Mudy7","2","1","3"
"MufasaMaui","1","2","3"
"mufittumba","1","2","3"
"mugglejj","2","1","3"
"MugheesAhmed2439","2","1","3"
"mugil22","1","2","3"
"muhamed_74","2","1","3"
"Muhammad_Ali06","2","1","3"
"Muhammad_Arshad1972","2","1","3"
"Muhammad-1892","1","2","3"
"muhammademad","2","1","3"
"Muhammed_Abdelftah","2","1","3"
"muhammed2020","1","2","3"
"MuhaMMed7007","2","1","3"
"Muhammed744","2","1","3"
"MuhammedKasum1986","1","2","3"
"Muhammet_Dokuyaner","1","2","3"
"Muhtaraja78","2","1","3"
"MUI33","2","1","3"
"mujarry","2","1","3"
"mukasgirl","2","1","3"
"mukesh1234","2","1","3"
"MukhailUshnitskiy","1","2","3"
"Mukhit1_2","2","1","3"
"muki_91","1","2","3"
"Mukoma243","1","2","3"
"mukurra","1","2","3"
"mulenga33","2","1","3"
"mulesandmud","2","1","3"
"MulletHeadMike","1","2","3"
"mullionman2","2","1","3"
"multicuenta2010","1","2","3"
"MULTIGOOSE","2","1","3"
"Multiverse-breaker","2","1","3"
"MultiVerZz","1","2","3"
"Mulvad73","2","1","3"
"Mumdoh","1","2","3"
"Mumuksha","2","1","3"
"MundoDpapel","2","1","3"
"Mundoy","2","1","3"
"Mundoye","2","1","3"
"munhuchaiye","1","2","3"
"Munich1234","1","2","3"
"Munjulwe_7","1","2","3"
"MunnOh","2","1","3"
"Murad200914","2","1","3"
"murad453","1","2","3"
"MuradDzh","1","2","3"
"Muradong_Rtg","1","2","3"
"MuraliDemonslayer","1","2","3"
"Murat_03","2","1","3"
"murat-kmz","2","1","3"
"Murat14578","1","2","3"
"Murat8666","1","2","3"
"muratcanakkaleli","1","2","3"
"muratm1993","2","1","3"
"Muratsumer36","2","1","3"
"MuriloT","1","2","3"
"murimoney","1","2","3"
"MuRRRZik","2","1","3"
"Mursagus","1","2","3"
"Murtaza228","2","1","3"
"murugesan0001","2","1","3"
"murvea","1","2","3"
"Murzina_maria","2","1","3"
"Mus-tafa-Celik","2","1","3"
"Mus2ryM","1","2","3"
"MusaCpr76","1","2","3"
"musashibrn","1","2","3"
"Mush329","1","2","3"
"mushussu12","1","2","3"
"MusingLemur","1","2","3"
"musmusculus1","2","1","3"
"Mussoco","1","2","3"
"Mustache1917","1","2","3"
"Mustafa1188432","2","1","3"
"mustafa190506","1","2","3"
"mustafa19991994","2","1","3"
"Mustafa54545454","1","2","3"
"mustafa80","1","2","3"
"MustafaBerkKaya","1","2","3"
"mustafabk","1","2","3"
"MustafaHamed1235","1","2","3"
"MustafaHard","2","1","3"
"mustafaktar","2","1","3"
"mustang2050","1","2","3"
"mustckl","1","2","3"
"mustftftafdarshjaafr","2","1","3"
"Mustor","1","2","3"
"musus1974","2","1","3"
"Musvai","2","1","3"
"Muti99","2","1","3"
"Muttchen","1","2","3"
"Mutttley","2","1","3"
"Muuuuuusttttttafa","1","2","3"
"muwalid1","1","2","3"
"muwket","1","2","3"
"Muzaffarli13","2","1","3"
"MuzcukAdam","1","2","3"
"Muzique_Muzaffer","2","1","3"
"mv1te","2","1","3"
"MVasip","2","1","3"
"mvg22","2","1","3"
"mvkkvm","1","2","3"
"mvminh","1","2","3"
"mvod","2","1","3"
"MVSTER","1","2","3"
"mw31046","1","2","3"
"mweiss427","1","2","3"
"Mxrcx","1","2","3"
"MYarmak","2","1","3"
"mycaner","1","2","3"
"mycose05","1","2","3"
"MyDucck","2","1","3"
"myjasonboourneid","1","2","3"
"Mykel-81","2","1","3"
"MykolaMykolai","2","1","3"
"MYMChessWarrenT","1","2","3"
"myn4m3","2","1","3"
"MyNameTarakan","1","2","3"
"Mynssen","2","1","3"
"MyPa","2","1","3"
"mypoorpawn","1","2","3"
"myrapana","1","2","3"
"Myrel124","2","1","3"
"Myron_15_2022","1","2","3"
"MyronRIS22","1","2","3"
"myselfraio","2","1","3"
"mysteryfreak","2","1","3"
"MysteryM00n","2","1","3"
"Mystiqal","2","1","3"
"mzarty","1","2","3"
"MzCorvo","2","1","3"
"MzhelskiySA","2","1","3"
"MZX0001","2","1","3"
"N_ikita-2015","2","1","3"
"N_Loyd","2","1","3"
"N-Nurlat","1","2","3"
"N0T_A_C0P","2","1","3"
"n0wt","2","1","3"
"N156CD","2","1","3"
"n1976n","2","1","3"
"n19moves","2","1","3"
"n1ckyw1cky","1","2","3"
"n1kford","2","1","3"
"N1RV4N42008","1","2","3"
"N1tan","2","1","3"
"n3manja","2","1","3"
"n4htr1s","2","1","3"
"N8p9x2y6","1","2","3"
"N9238","1","2","3"
"Na_SpaDe","2","1","3"
"nabi222","1","2","3"
"nabilzer","2","1","3"
"nabsmek","1","2","3"
"Nachiketaz","2","1","3"
"Nacho86000","1","2","3"
"NachoDelPinoR","2","1","3"
"nachom92","1","2","3"
"Nacxit","1","2","3"
"NaczoNazo","1","2","3"
"Nadalizadeh","2","1","3"
"NadavKelis","1","2","3"
"Nadbice","2","1","3"
"nader52","2","1","3"
"naderhosseinzadeh","1","2","3"
"NaderMklad","2","1","3"
"Nadezhda_2022","2","1","3"
"Nadhimustang","2","1","3"
"Nadia14nl","1","2","3"
"NadimM","2","1","3"
"nadjeb","1","2","3"
"nadya2010","1","2","3"
"Nadya2011","1","2","3"
"Naektokents","2","1","3"
"NaFa_11","1","2","3"
"nafasssss17","2","1","3"
"Naferist","1","2","3"
"Nafiseh_ab","1","2","3"
"Naftalanj","1","2","3"
"nafy","2","1","3"
"NagaAdhvaith","1","2","3"
"Nagar0x0","1","2","3"
"nagaraj1985","1","2","3"
"nagsgamer","2","1","3"
"nagu2017","2","1","3"
"Naguibooo","1","2","3"
"Nahal_Faraji_Azar","2","1","3"
"NAHORNYI","2","1","3"
"naidu735232","1","2","3"
"naik777","1","2","3"
"nailandcross","2","1","3"
"Naile_1980","1","2","3"
"Naivares","1","2","3"
"najawarx","2","1","3"
"najdorf_grandson","1","2","3"
"Najdorf8","2","1","3"
"Najib1975","1","2","3"
"naka_p","1","2","3"
"nakazan228322","2","1","3"
"nakedmasuri","2","1","3"
"nalojhop","1","2","3"
"Nam1231311","2","1","3"
"Namanh02","2","1","3"
"Namastee","1","2","3"
"Namdz1234","2","1","3"
"Name111","2","1","3"
"nameruse00","1","2","3"
"namhyun","1","2","3"
"Namith001","2","1","3"
"nammukrish","1","2","3"
"namsupperrrr","2","1","3"
"nana_7","2","1","3"
"NanahiraLover","2","1","3"
"NanAnhNguyen2011","2","1","3"
"NancyLiang","1","2","3"
"NandaMahendra","1","2","3"
"NandaniUpadhyay","1","2","3"
"nandanm98","2","1","3"
"nandika_sadurangam","1","2","3"
"nandofer","2","1","3"
"nandumohan172","2","1","3"
"nani92","1","2","3"
"nanobeto","1","2","3"
"nanoscopio044","1","2","3"
"Nans123","2","1","3"
"NanteRhak","1","2","3"
"nanu12345","1","2","3"
"naomietes","1","2","3"
"Naoto_Miura","1","2","3"
"Napaleon_ss","1","2","3"
"Naparije","2","1","3"
"naperstochnik64","1","2","3"
"Napoleonico","1","2","3"
"naprirfan","1","2","3"
"naqy","2","1","3"
"Narainsuhas","2","1","3"
"Narana_Batorova","1","2","3"
"narcissus_13","1","2","3"
"narcochess","1","2","3"
"NardLmao","1","2","3"
"NAREKHAKOBYAN","2","1","3"
"NARENDER05","1","2","3"
"Narendrasahan","1","2","3"
"Nareshsatrana","2","1","3"
"Narhiz322","2","1","3"
"Narikik","1","2","3"
"narnia_007","1","2","3"
"NARROGOOD","1","2","3"
"NarrThomas","2","1","3"
"nartde","2","1","3"
"NARTHURXD","1","2","3"
"naruilc19","2","1","3"
"nas66","2","1","3"
"Nasca","1","2","3"
"naser1999","2","1","3"
"naserasadian","2","1","3"
"NashikLemark","2","1","3"
"Nashrahery","2","1","3"
"nashriqidham","1","2","3"
"Nasibolla1964","2","1","3"
"nasifhanan","2","1","3"
"nasihetik72","2","1","3"
"nasiroll","1","2","3"
"Nasser94","1","2","3"
"nasta7779","1","2","3"
"Nastavnic","1","2","3"
"NastyOverNice","1","2","3"
"Nata1704","1","2","3"
"nata210","1","2","3"
"NataliiaSapozhkova","2","1","3"
"Natasha-76_76","1","2","3"
"natchoo","1","2","3"
"Nateball","2","1","3"
"natecole","1","2","3"
"natedogg1984","1","2","3"
"natedogg7070","1","2","3"
"Nathan_Deleage","2","1","3"
"NathanaelYang","2","1","3"
"NathanHough","2","1","3"
"Nathanskie","1","2","3"
"NathanStark12","2","1","3"
"Nathantheunwise","1","2","3"
"nathanworden","2","1","3"
"NathinduD","2","1","3"
"nathmich","2","1","3"
"Nathpam","2","1","3"
"natka_toky_0987","2","1","3"
"nato1010","1","2","3"
"Nato50","1","2","3"
"nato56","2","1","3"
"Natozzz","2","1","3"
"natural-time","2","1","3"
"Naturdoc","1","2","3"
"NatureLover1234","2","1","3"
"naturizo","1","2","3"
"Natzky","1","2","3"
"naughtySunShine","2","1","3"
"navachet","2","1","3"
"Navalneema","1","2","3"
"Navaneeth2016","2","1","3"
"Naveen20M","1","2","3"
"Naveenhsbhsbssmjsns","2","1","3"
"naveenuquveenu","2","1","3"
"NAVI100","2","1","3"
"Navian_King01","2","1","3"
"Navid_Nexolas","1","2","3"
"navid1402","1","2","3"
"NaViolant","2","1","3"
"Navya8912","1","2","3"
"NavyaKabra123","2","1","3"
"NavyaPCA","2","1","3"
"NavyHussar","2","1","3"
"nay_sh20","1","2","3"
"Naya_Tls","2","1","3"
"Nayan_Rishi","2","1","3"
"Naylaelis","1","2","3"
"naysa_thakkar","1","2","3"
"Nayukthan_sadurangam","1","2","3"
"Nazar_777","1","2","3"
"Nazar_Horst","2","1","3"
"Nazar_Panchenko_11","1","2","3"
"nazar13shumeiko13","1","2","3"
"Nazar20157","2","1","3"
"Nazar64q4","2","1","3"
"Nazar84","1","2","3"
"Nazarkin","1","2","3"
"NaZarSav12","1","2","3"
"NazHirah1008","1","2","3"
"nazokat_7777","2","1","3"
"nb3103","1","2","3"
"NBAH11111","2","1","3"
"nc_2000","2","1","3"
"nc73player","2","1","3"
"ncgnk76","2","1","3"
"NCK5055","1","2","3"
"ncko","2","1","3"
"ndevndev","1","2","3"
"Ndiene_2","2","1","3"
"ndjsiwiwjsj","1","2","3"
"Ndoumi50","1","2","3"
"ndrs_szb","1","2","3"
"ne_andrey","2","1","3"
"neahzoo","2","1","3"
"NearKheel","1","2","3"
"nearzero32","1","2","3"
"neatbacon","1","2","3"
"NeatTurtle","1","2","3"
"nebeyphz","2","1","3"
"nebukatnezar13","2","1","3"
"Necatiking","1","2","3"
"Necez","1","2","3"
"Nedko81","1","2","3"
"NedSnel","2","1","3"
"neel-muthyala","1","2","3"
"NeelaKU","1","2","3"
"Neelsetty","2","1","3"
"Neemanja","1","2","3"
"Neenad59","1","2","3"
"neenarneenar","2","1","3"
"Neetukiran","1","2","3"
"nefel4817","2","1","3"
"Neffka","1","2","3"
"neflyte64","1","2","3"
"negnuj","1","2","3"
"negomihai","2","1","3"
"negro5","2","1","3"
"negroi_030","2","1","3"
"neider678","2","1","3"
"neighomi","2","1","3"
"neilnarain","2","1","3"
"Neiron_set_01","2","1","3"
"Nejib_Eljawhari","1","2","3"
"NEKADROBOM","1","2","3"
"Nekloth","1","2","3"
"Nekro111","1","2","3"
"nel92","1","2","3"
"Nela_Aljidok","2","1","3"
"nelady","1","2","3"
"nelcar70","2","1","3"
"Nellacanella12","1","2","3"
"nelleamare","2","1","3"
"Nelli19","2","1","3"
"Nelornis","1","2","3"
"Nelox_pll","1","2","3"
"nelsonsanity","1","2","3"
"nelsonstwart","2","1","3"
"nemahego","2","1","3"
"nemecis","2","1","3"
"Nemesis_Newton","1","2","3"
"Nemesla","2","1","3"
"nemoabdu","2","1","3"
"NemoChess","2","1","3"
"nemojer","1","2","3"
"NenadDjukic","2","1","3"
"nenadl","2","1","3"
"NenTran","1","2","3"
"neo1113","2","1","3"
"Neo1979","2","1","3"
"Neocache","1","2","3"
"neonemesis","1","2","3"
"nepalsulav","1","2","3"
"Nephlhime","1","2","3"
"Nepobedimiy77777","1","2","3"
"Neptune_1917","2","1","3"
"NeptuneV","2","1","3"
"Nerdy007","1","2","3"
"nere08izaura","1","2","3"
"nerfe","1","2","3"
"Neria722","2","1","3"
"Nero22B","1","2","3"
"nerveandvolley","2","1","3"
"NerveDruid","2","1","3"
"nesdavo","2","1","3"
"Nest_o","2","1","3"
"Nestore53","2","1","3"
"nestorovic81","1","2","3"
"nethukaRAPID","1","2","3"
"netokender","2","1","3"
"Nette0169","1","2","3"
"NettoZ","2","1","3"
"netzacheliraz","2","1","3"
"neuronaxion","1","2","3"
"neuropolitics","1","2","3"
"neutroxdxd","1","2","3"
"Neva_58","1","2","3"
"nevadrn","1","2","3"
"Never_GG","2","1","3"
"NEVERDIEoNINE","1","2","3"
"NeverDreamed","2","1","3"
"NeverDuckSmoke","1","2","3"
"NeverLight","1","2","3"
"Nevermar","1","2","3"
"NeviwarTz","1","2","3"
"nevkanceylan","2","1","3"
"NevzatAli01","2","1","3"
"newaccounttoruleall","2","1","3"
"Newby38rus","1","2","3"
"Newchallenger666","1","2","3"
"Newcode","1","2","3"
"NewEdge","1","2","3"
"NewFox83","1","2","3"
"newgil","2","1","3"
"newking424","2","1","3"
"newparisa","2","1","3"
"newphonewhodis1337","2","1","3"
"newplmo","2","1","3"
"Newtant","1","2","3"
"NewToChess616","1","2","3"
"newton1989","1","2","3"
"newton9999","1","2","3"
"Newtonian52","1","2","3"
"nex3x","1","2","3"
"NEXD62","1","2","3"
"NexoKnight14","1","2","3"
"nexsus69","2","1","3"
"next1234","2","1","3"
"NextGen_Champion","1","2","3"
"nexus03","2","1","3"
"NexusDelta0p","2","1","3"
"NeymarPSG10","2","1","3"
"Neyzit","2","1","3"
"Nezarqsrawi","2","1","3"
"NEZNAYKA-na-LUNE","2","1","3"
"NFS_Rivals","2","1","3"
"Ngbrit","1","2","3"
"Nghiaocdog","2","1","3"
"NgNgocPhuongTrinh5","1","2","3"
"ngoc0105","2","1","3"
"ngochanhungNH","2","1","3"
"ngolenguyenlam","1","2","3"
"NgoThiThuyNguyen05","1","2","3"
"ngrden","2","1","3"
"ngs195","1","2","3"
"ngutierrezg","1","2","3"
"nguyenanhkhoi2015","1","2","3"
"nguyenbakien","1","2","3"
"nguyenbinh2016thvt","1","2","3"
"nguyenhuynhthanhthuy","1","2","3"
"nguyenlamlinh05","2","1","3"
"nguyenlenhathuy08","1","2","3"
"nguyenlongdz","2","1","3"
"nguyenngoctruyen","1","2","3"
"nguyennhattruong05","1","2","3"
"nguyenquanganhkhoa1","1","2","3"
"NguyenQuangHao2015","1","2","3"
"nguyenquangle2011HT1","2","1","3"
"NGUYENQUOCSON4A5","2","1","3"
"Nguyenthanhbinh2013","1","2","3"
"nguyenthanhhungthna","1","2","3"
"nguyenthevinhh","1","2","3"
"NguyenThiMaiUyen","2","1","3"
"NguyenThiThanhThuy95","1","2","3"
"nguyenthuyquynhnhu","2","1","3"
"nguyentrankieumy05","2","1","3"
"nguyentrihieu","2","1","3"
"nguyentutrinh207qt53","2","1","3"
"Nguyenvando","2","1","3"
"NguyenVuong2012","2","1","3"
"nhanle123","1","2","3"
"Nhimmmmmm","1","2","3"
"NiallCasey","1","2","3"
"niarlathotep","2","1","3"
"nibba_boy4ik","2","1","3"
"Nibhishp","1","2","3"
"NiBo99","2","1","3"
"nic-cho","1","2","3"
"NicatYarov","2","1","3"
"nicegamelol","1","2","3"
"NicEs1201","1","2","3"
"nicht_Pavel","2","1","3"
"Nick_barba_rossa","2","1","3"
"nick0312","2","1","3"
"Nickerman_0","2","1","3"
"nickiijones","2","1","3"
"Nickj44","2","1","3"
"NICKJOTHAM","1","2","3"
"NickMartins","2","1","3"
"NicKort1911Sr","1","2","3"
"nicksethelson","1","2","3"
"NickShevchenko14","2","1","3"
"Nicktagal","1","2","3"
"Nickyblack","2","1","3"
"niclassic","2","1","3"
"nico_14","2","1","3"
"nico2305","2","1","3"
"nicoarbogast","1","2","3"
"nicodansleau","2","1","3"
"nicograef","2","1","3"
"NicolaDe","2","1","3"
"nicolapuddu","2","1","3"
"nicolascp","1","2","3"
"NicolasPivenxcs","1","2","3"
"nicolassss1029","1","2","3"
"NicolasTam","1","2","3"
"Nicole1803","1","2","3"
"NICOLEPUNTAPINAS","2","1","3"
"NICOLICH","1","2","3"
"Nicolochess","2","1","3"
"nicoquena","1","2","3"
"Nicoracing1","2","1","3"
"nicos28130","2","1","3"
"nicouli","1","2","3"
"nicoya77","2","1","3"
"nicufu","2","1","3"
"Nidev","1","2","3"
"nidhee_1","2","1","3"
"NidhiArun","2","1","3"
"nidhima16","1","2","3"
"NidhiPCA","1","2","3"
"nidnidnid","1","2","3"
"nidre","2","1","3"
"niels56","1","2","3"
"Niemand0101","2","1","3"
"nierere","1","2","3"
"NiewiadomskiB","1","2","3"
"nigar198","2","1","3"
"nigelgeorge127908C","2","1","3"
"nightecek","2","1","3"
"nightrainfalls","2","1","3"
"nightstorm2023","1","2","3"
"nigol51","2","1","3"
"Nihaarika2002","1","2","3"
"Nihao333","1","2","3"
"niharsaik","1","2","3"
"Nihat704","2","1","3"
"Nik_25","2","1","3"
"Nik_bondar330","2","1","3"
"nik_freedom11","1","2","3"
"Nik0412","1","2","3"
"Nik3F-12","1","2","3"
"Nik78kolev","1","2","3"
"nikan1960","1","2","3"
"nikant93","1","2","3"
"Nikhil108","1","2","3"
"Nikhil2055","2","1","3"
"nikhilagrawal","2","1","3"
"nikhilbcpa","1","2","3"
"nikhilnbp","2","1","3"
"nikic","1","2","3"
"Nikilasha","1","2","3"
"nikisaberi95","1","2","3"
"NikishinaNastya","2","1","3"
"Nikit04","2","1","3"
"Nikita_2014321","2","1","3"
"Nikita_T9","2","1","3"
"Nikita0711","1","2","3"
"nikita20_12","1","2","3"
"Nikita2305248","1","2","3"
"nikita24234","1","2","3"
"NiKiTA4819","1","2","3"
"nikita5656","2","1","3"
"Nikita695","1","2","3"
"Nikita919979","2","1","3"
"nikitakahanovich","2","1","3"
"nikitared7","1","2","3"
"NikitaSerg13","2","1","3"
"NikitaShaferov","1","2","3"
"nikitaskier","1","2","3"
"nikitasusanin","1","2","3"
"NikitaTarasov","1","2","3"
"nikitinvi4600","2","1","3"
"nikitosb1","1","2","3"
"nikizhu","2","1","3"
"nikkel92","2","1","3"
"Nikki002","1","2","3"
"Nikki2345","2","1","3"
"Nikkolay-78","2","1","3"
"niklassht","1","2","3"
"nikmoroz","2","1","3"
"niko_ars","2","1","3"
"nikoala66","2","1","3"
"Nikoghosyan16","1","2","3"
"Nikolaeviches","1","2","3"
"Nikolai19662","1","2","3"
"Nikolai1982","2","1","3"
"Nikolai1983","1","2","3"
"Nikolai37","1","2","3"
"NikolaiChess1","2","1","3"
"NikolaiNaida2016","1","2","3"
"NikolaiTaylor","2","1","3"
"Nikolaussamara","1","2","3"
"Nikolay_Lukin","1","2","3"
"Nikolay110826","2","1","3"
"Nikolay1965","1","2","3"
"Nikolay253","2","1","3"
"NikolayKonnov","1","2","3"
"nikolicsasa","2","1","3"
"nikolion","2","1","3"
"Nikolomonjaro","2","1","3"
"nikomaitrerusse","2","1","3"
"nikotina00","1","2","3"
"Nikour","2","1","3"
"Niks23","1","2","3"
"niksi2003","2","1","3"
"niktezos","1","2","3"
"NiktubyeskelA","1","2","3"
"Nikulin_Vasily_777","2","1","3"
"Nikunj30","1","2","3"
"nikvlad","2","1","3"
"NikWiz","2","1","3"
"nil17679","2","1","3"
"Nila213141","1","2","3"
"nilay_117","2","1","3"
"nileshpatel","1","2","3"
"nilete","1","2","3"
"nille0809","1","2","3"
"nillsuvo","1","2","3"
"Niloexpert","1","2","3"
"NiloNilsNilsen","2","1","3"
"niloshaniathapaththu","1","2","3"
"nils-on","1","2","3"
"nimcoos","2","1","3"
"Nimgr3","2","1","3"
"nina_666","2","1","3"
"Nina_Babenko","1","2","3"
"NinaRocks","2","1","3"
"Ninel-llii1","2","1","3"
"Ninety-nine","2","1","3"
"NINIGazi","1","2","3"
"ninja_black","2","1","3"
"Ninja_SandCat","1","2","3"
"ninjaboy12345","2","1","3"
"ninu999","2","1","3"
"Nipun_S","2","1","3"
"nipunabuddika","1","2","3"
"nir12093","2","1","3"
"niraa1","2","1","3"
"Niraliplay","2","1","3"
"Nirmalsonowal1","1","2","3"
"Nirnroot91","2","1","3"
"nirujethwa","1","2","3"
"Nirvaan_Ashish_Modi","1","2","3"
"nisa-maya-deveci_1","2","1","3"
"Nisa0516","2","1","3"
"nisesabe","2","1","3"
"Nisha12","2","1","3"
"nishant_sutar5298","1","2","3"
"Nishant7277-A_E","2","1","3"
"nishanth2066","1","2","3"
"nishantmehra","1","2","3"
"Nishchal12","1","2","3"
"nishi13","2","1","3"
"Nishi20","1","2","3"
"nishiinoya","2","1","3"
"nissan_skyline","2","1","3"
"NisthulRaj","2","1","3"
"nitakucapture","2","1","3"
"Nitaylehrer","2","1","3"
"Nithellen_OISPTR","2","1","3"
"nithila2018","1","2","3"
"NiThIn_Genius","2","1","3"
"nithinoommenraju","2","1","3"
"Nitin_John","2","1","3"
"nitin525jains","1","2","3"
"nitinjainec","1","2","3"
"nitinkumaryadav1206","1","2","3"
"NitinSaini27","2","1","3"
"Nitish69","1","2","3"
"nitupok","1","2","3"
"nitz5050","2","1","3"
"Nivaaal","1","2","3"
"NivaanPCA","1","2","3"
"Nivikaarora_india","2","1","3"
"NivinKrishna333","2","1","3"
"nivinlee","2","1","3"
"NIVJAI","2","1","3"
"Nizar76","1","2","3"
"njl06","1","2","3"
"Njugush","1","2","3"
"NKnaveen2004","2","1","3"
"nktbg","1","2","3"
"NLance","2","1","3"
"nmdk","1","2","3"
"Nmlko","1","2","3"
"nmoya","2","1","3"
"nn7","2","1","3"
"NNLorenzo","1","2","3"
"NNNNNNNNNNNNNNNNNNNN","1","2","3"
"nntc","2","1","3"
"No_Reverse_Gear9","1","2","3"
"No-Yes-No-Yes-No-Yes","1","2","3"
"No1IndianBoy","2","1","3"
"no3am","2","1","3"
"noabandonespingui","2","1","3"
"NoaG","2","1","3"
"Noahchamp21","1","2","3"
"Noaltomate","2","1","3"
"Nobal01","1","2","3"
"NobleOdysseus","1","2","3"
"noblesavage","1","2","3"
"Nobody_3","2","1","3"
"Nobody214576","1","2","3"
"NoBodyChess","2","1","3"
"nocap12","1","2","3"
"noche_cabana","1","2","3"
"nodenolly","1","2","3"
"Noe_Portillo","1","2","3"
"NoelAngelo","2","1","3"
"noelypants","1","2","3"
"noesgabrielramirez","2","1","3"
"Nogachev","2","1","3"
"nogaz89","1","2","3"
"Noguera1","2","1","3"
"NoHaxJustSkillz","2","1","3"
"noinoo","1","2","3"
"NoisyWolf","2","1","3"
"NoJodes","1","2","3"
"Noldysumampow","2","1","3"
"Nolek","2","1","3"
"Noli29","2","1","3"
"NoloZ","1","2","3"
"nomad172","1","2","3"
"Nomadherder","1","2","3"
"nomcaller","2","1","3"
"NoMilkTodayY","1","2","3"
"Nomintsetseg04","2","1","3"
"non_valid_username","2","1","3"
"noo-one","1","2","3"
"noob_18","1","2","3"
"noob_player_224","2","1","3"
"noob5519","2","1","3"
"noor_kh","2","1","3"
"nora_fleta","1","2","3"
"noramdou","1","2","3"
"norbert605","2","1","3"
"Norberto-Velasquez","1","2","3"
"nordicmeatshield","1","2","3"
"noreply000009","2","1","3"
"Norestqinton","1","2","3"
"norjad","1","2","3"
"Normalperson2","1","2","3"
"Norman_av","1","2","3"
"Norman78","2","1","3"
"norou","1","2","3"
"NoSiPSo","2","1","3"
"Nosla","1","2","3"
"nosna","1","2","3"
"Nosxer","2","1","3"
"Not_goetz","2","1","3"
"NOT_PERFECT","1","2","3"
"NotABot98","1","2","3"
"notevil715","1","2","3"
"NOTFORDOGSAUSAGE","2","1","3"
"nothingiseverthing","1","2","3"
"nothingpersonal2","2","1","3"
"Notnice","2","1","3"
"NotNotBrouwer","2","1","3"
"Notorio","1","2","3"
"Notorious-Big","1","2","3"
"NotSoHappyCabbage","2","1","3"
"Nour_Eldien45","1","2","3"
"NourAlba","2","1","3"
"nouraldeen888","1","2","3"
"nouraldinn","2","1","3"
"noureldeennnn","1","2","3"
"NourEldinR4","1","2","3"
"nourWhite","2","1","3"
"Noute29","1","2","3"
"noux667","1","2","3"
"Nov09","1","2","3"
"Nova_I_kasparov","2","1","3"
"Nova_SVLJ","2","1","3"
"Nova_zone","1","2","3"
"Nova-legacy","2","1","3"
"novato021","1","2","3"
"NOVATOCHESS1945","1","2","3"
"noverisprochessgamer","2","1","3"
"NoviBoki","2","1","3"
"Novichok2009","1","2","3"
"noviyaasree","1","2","3"
"Novo21","1","2","3"
"NoWayOut22","2","1","3"
"NowEleanor","2","1","3"
"Noxious147","1","2","3"
"NoxiteNox","1","2","3"
"noxius16","1","2","3"
"npetropoulos","1","2","3"
"NPon","1","2","3"
"nravicha_1988","1","2","3"
"Nrilwrdani28","2","1","3"
"nrvous6","1","2","3"
"NS2030","2","1","3"
"nskgne","1","2","3"
"Ntaos","1","2","3"
"NTchess2237","2","1","3"
"ntekal","2","1","3"
"NtinArora1","2","1","3"
"NtomU","2","1","3"
"NTOS_V2","2","1","3"
"NTPhuongNam_05","2","1","3"
"NTzaros","2","1","3"
"nucho_97","2","1","3"
"NuclearArmsDeal","1","2","3"
"NUDefense","1","2","3"
"Nudie06","1","2","3"
"Nuel2718","1","2","3"
"nukko_fum","2","1","3"
"Nukof","1","2","3"
"nullpa","2","1","3"
"NumanAkarsu","2","1","3"
"Number07","2","1","3"
"NumberOne777","1","2","3"
"Numbian","1","2","3"
"numensod","1","2","3"
"NunaKz","2","1","3"
"nuno18","2","1","3"
"Nura11aa","2","1","3"
"Nurahmad8585","1","2","3"
"Nurali_2014_8","2","1","3"
"nurali2024","2","1","3"
"nuraxy","1","2","3"
"NurbolatovDaulet","2","1","3"
"nurgab","2","1","3"
"Nurgajn","1","2","3"
"NurikMatiev","2","1","3"
"Nuriman_2016","2","1","3"
"nurlaney","2","1","3"
"Nurmukhammed0703","1","2","3"
"NursAkishev","2","1","3"
"NurSofeaBalqis","1","2","3"
"NurulAfni777","2","1","3"
"nurullahemlikli","2","1","3"
"nurundynywbwgb","1","2","3"
"nusfe","1","2","3"
"Nutfullin","2","1","3"
"nutsh","2","1","3"
"nutsornot","1","2","3"
"NuttyWutty","1","2","3"
"nvanhare","1","2","3"
"nvss83","1","2","3"
"nwtour","2","1","3"
"nyamkacarlsen","1","2","3"
"Nyarlanthotep","1","2","3"
"nyave","2","1","3"
"nyborg","1","2","3"
"nydyinn","1","2","3"
"nyilmaz1980","2","1","3"
"Nys66","2","1","3"
"nysanti","1","2","3"
"Nytro01","1","2","3"
"Nyukiman","2","1","3"
"Nywok","2","1","3"
"Nzh1027","2","1","3"
"Nzscion","1","2","3"
"o_straus","2","1","3"
"O-Tal-do-Mikhael","2","1","3"
"o0--J--0o","2","1","3"
"o74655","1","2","3"
"o7Proteo","2","1","3"
"oady","2","1","3"
"oaprendiz2021","2","1","3"
"oArnavv","2","1","3"
"OatMew","1","2","3"
"obaida0981835885","1","2","3"
"obaodin","2","1","3"
"Obeid00","1","2","3"
"Oben18","1","2","3"
"obi94","1","2","3"
"Obijabi","2","1","3"
"obijeankenobi","2","1","3"
"obispooscuro","2","1","3"
"OBJuan","1","2","3"
"oblivious2u","1","2","3"
"oBoina","2","1","3"
"Oboltuss","2","1","3"
"OborinAr","2","1","3"
"obrigkna","2","1","3"
"obruxo7","2","1","3"
"obsidian01","1","2","3"
"OCaptain","2","1","3"
"Ocean_breath","2","1","3"
"oceanelsy","1","2","3"
"Ochiengjack","1","2","3"
"Ochiroff","2","1","3"
"OchWe","2","1","3"
"Oct4v","1","2","3"
"OctoMazz","2","1","3"
"OdapisLK","1","2","3"
"Oddle","1","2","3"
"Odeionakamura","1","2","3"
"Odetunde","2","1","3"
"OdinB23","2","1","3"
"Odkoo_0915","2","1","3"
"odracir77","2","1","3"
"Odraya","1","2","3"
"odsanchez","2","1","3"
"OdysseusPixel","1","2","3"
"OEC_redruM","1","2","3"
"oelkhatib","2","1","3"
"oemerziya","1","2","3"
"Of_Revenge_23","2","1","3"
"ofbaki","2","1","3"
"ofek31","1","2","3"
"offhandcomet","2","1","3"
"OfficeLosen","1","2","3"
"OfficialMoorii","1","2","3"
"Ofilos","1","2","3"
"ofliter","1","2","3"
"og_sundergarde","1","2","3"
"ogbazeeno","1","2","3"
"OGBobbyBaldo","2","1","3"
"ogbono","1","2","3"
"OGfella","1","2","3"
"Oggysaurus","2","1","3"
"ogheitun","2","1","3"
"Ognelis333","1","2","3"
"OgoidAzuos","1","2","3"
"Ogolbo","2","1","3"
"OGRO003","2","1","3"
"ogunn30","1","2","3"
"OGurgor","1","2","3"
"oguzkaan3411","1","2","3"
"oh-no-no-yes","2","1","3"
"ohad324","1","2","3"
"ohaio","2","1","3"
"OhBboy","1","2","3"
"Oheneba_h","2","1","3"
"ohislord","2","1","3"
"ohl11222","1","2","3"
"Ohmu","1","2","3"
"OhMyGomArt","2","1","3"
"Ohne_Reason","2","1","3"
"OhnoGaurav","2","1","3"
"ohowley93","1","2","3"
"oiooiooio","2","1","3"
"Oiuimachp2314","1","2","3"
"ojak86","1","2","3"
"Ojas_epic","1","2","3"
"OJDI","2","1","3"
"OjoVecino","2","1","3"
"OJUS038","1","2","3"
"ojus058","1","2","3"
"ojus073","1","2","3"
"ojus080","1","2","3"
"ojus084","1","2","3"
"ojus110","2","1","3"
"ojus111","2","1","3"
"okaymahesh","2","1","3"
"okeyr","2","1","3"
"okgad","2","1","3"
"okjack1","1","2","3"
"okjuarezr","2","1","3"
"okruga","2","1","3"
"Oksana_Maryniuk","1","2","3"
"Oksana777","2","1","3"
"OksanaSulin","1","2","3"
"oktay1963","1","2","3"
"Okustar","1","2","3"
"Ol_dok","1","2","3"
"ol2176","1","2","3"
"Ola_Halvorsen0977","2","1","3"
"olafamirov","2","1","3"
"olafff","2","1","3"
"olaleh","2","1","3"
"Olama","2","1","3"
"OlaPodolec","2","1","3"
"OLASE24","2","1","3"
"olbid","1","2","3"
"Olcay1717","1","2","3"
"olcn","1","2","3"
"old_ankeny","1","2","3"
"old_dawg","1","2","3"
"OldBones","1","2","3"
"oldboyozzy","1","2","3"
"OldChessCheese","2","1","3"
"OldFoolFromOdense","2","1","3"
"Oldik","1","2","3"
"oldleafybeard","2","1","3"
"oldman66-ii","1","2","3"
"oldtownboy","2","1","3"
"OldWeirdHarold--55","2","1","3"
"OldWing","2","1","3"
"olebrejnrod1","2","1","3"
"Olecha","2","1","3"
"Oleg_S7","2","1","3"
"Oleg-Kiev","1","2","3"
"oleg196801","1","2","3"
"Oleg1968Tula","1","2","3"
"Oleg93","1","2","3"
"olega5","1","2","3"
"Olegarken","2","1","3"
"OlegKalash","1","2","3"
"OlegKostev","2","1","3"
"OlegMolodec","1","2","3"
"OlegOsipov","2","1","3"
"OlehN","2","1","3"
"olejohn13","1","2","3"
"OLEKSANDR_171288","1","2","3"
"Oleksandr_kr","2","1","3"
"Olench","1","2","3"
"Olenzikus","2","1","3"
"OlesPushkaruk","1","2","3"
"OLESYA2013","1","2","3"
"Olexandr_Petrychuk","1","2","3"
"Olga_26ramirez","2","1","3"
"Olga_Smila","2","1","3"
"OlgaA","2","1","3"
"olgachizha","2","1","3"
"olgayakubovskaya","2","1","3"
"Oliver-Tran","2","1","3"
"olivercam13","2","1","3"
"OlivertenHoor","1","2","3"
"OliveSpotChemist","2","1","3"
"Olli_Jacobs","2","1","3"
"Olliweli","1","2","3"
"ollojo","1","2","3"
"Olmo123456789","1","2","3"
"olti90","2","1","3"
"olufnikolai","1","2","3"
"olzhas7p","1","2","3"
"OM-SAHU","2","1","3"
"om34ahm3d","1","2","3"
"OmakiBackspace","1","2","3"
"Omar_Hasanli","1","2","3"
"Omar_Hassan1","2","1","3"
"Omar_reda2gmeng-4","1","2","3"
"Omar-27","2","1","3"
"omar-haggag","2","1","3"
"omar9728","2","1","3"
"omaravogadro","2","1","3"
"omarCP","2","1","3"
"Omare4e9","1","2","3"
"Omarel92","1","2","3"
"OmarElsaide","1","2","3"
"omarhussein10","1","2","3"
"omarlala960","2","1","3"
"omarmustafaa","2","1","3"
"omarsyrger","2","1","3"
"omarthius_iv","2","1","3"
"omaryousef","2","1","3"
"ombati","2","1","3"
"ombora1","2","1","3"
"omdaawwy","1","2","3"
"omdaaxx","1","2","3"
"Omdessai","2","1","3"
"omdp","1","2","3"
"Omechess","2","1","3"
"Omegadam01","1","2","3"
"Omelia","1","2","3"
"omer-o-d","1","2","3"
"omer002","1","2","3"
"omer555352","1","2","3"
"omerali2016","2","1","3"
"omerbaturalp","1","2","3"
"omerbbtr","2","1","3"
"omercanik","2","1","3"
"Omerli","1","2","3"
"Omermuhtar1931","2","1","3"
"omersimpson","1","2","3"
"omerysfyildiz","2","1","3"
"omeryusuf1234","2","1","3"
"OmethASK","1","2","3"
"Omgl","2","1","3"
"omidrezam","2","1","3"
"omidsistani","1","2","3"
"omiit","1","2","3"
"OmiWanKenobi","2","1","3"
"omkolongolo","1","2","3"
"OmOn5sy","2","1","3"
"omosaicocristao","1","2","3"
"Omotcrown","1","2","3"
"OmPJamdar","1","2","3"
"onackin","2","1","3"
"Onairdaaaaa","1","2","3"
"Oncle","1","2","3"
"one_thioune1","2","1","3"
"one_thousand_miles","2","1","3"
"Onelituss","1","2","3"
"onerook","1","2","3"
"onesmo","2","1","3"
"OneVision","2","1","3"
"oniii_chan","2","1","3"
"only2Dwemon","2","1","3"
"onlycasual","1","2","3"
"onlynatural","2","1","3"
"Onlypersona","2","1","3"
"Onma","1","2","3"
"Onoopemipo","2","1","3"
"onthehillside","2","1","3"
"ontzr_20","2","1","3"
"Onur_haan","1","2","3"
"onuraktas7","2","1","3"
"onyemaduru47","2","1","3"
"Ooceanie","1","2","3"
"OOgway_The_Turtle","2","1","3"
"oolimpiev","1","2","3"
"oompalumpia","2","1","3"
"OOOJEK","2","1","3"
"Ooondre","1","2","3"
"OoopsWrongMove","2","1","3"
"OottaJetti","2","1","3"
"oozturkk","2","1","3"
"opa2022","2","1","3"
"OpalList","1","2","3"
"opauloromero","1","2","3"
"opek2","1","2","3"
"OpeningOdyssey","1","2","3"
"openingpracticeacc","1","2","3"
"Openseason1","1","2","3"
"Opeon","2","1","3"
"opethian","1","2","3"
"OPityO","2","1","3"
"opium44","1","2","3"
"Opp3nh3im3r","2","1","3"
"OppenheimerSmith","1","2","3"
"oppulent","2","1","3"
"opredo","2","1","3"
"opticat","1","2","3"
"Optimade","2","1","3"
"optometrista","1","2","3"
"Or2022","1","2","3"
"oracoolchess","1","2","3"
"orangefire01","2","1","3"
"Oranienplatz12","2","1","3"
"orc73","2","1","3"
"orchidjuicer","2","1","3"
"Orchis2022","1","2","3"
"Orchlonxd","2","1","3"
"Ordeall","1","2","3"
"Orel71","2","1","3"
"orenlistic","2","1","3"
"orestttt","2","1","3"
"Orfales","1","2","3"
"Orfei75","1","2","3"
"org1979","1","2","3"
"Orhanavc","2","1","3"
"Orhankuzeyugur","2","1","3"
"orhansahin6464","1","2","3"
"orienap","1","2","3"
"Orient959","2","1","3"
"OrientApache","1","2","3"
"origin405","1","2","3"
"Oriolchess","2","1","3"
"orion2016","2","1","3"
"Orishaman","2","1","3"
"Orite20-Rose23","2","1","3"
"OrjanJo","2","1","3"
"orjuna51","1","2","3"
"Orlaggagien","1","2","3"
"Orland","1","2","3"
"orlanskygambit","1","2","3"
"orli_betsalel","2","1","3"
"ORlinokeck","2","1","3"
"Ormeyer","2","1","3"
"OrokuSaki69","2","1","3"
"Orphanedchild","2","1","3"
"Orpheus_black","1","2","3"
"orquesan1970","2","1","3"
"OrsagS","1","2","3"
"ort364","1","2","3"
"orthopawn","1","2","3"
"Orthopod","2","1","3"
"Ortler","2","1","3"
"orun5027","1","2","3"
"Orxan_Mesimov999","2","1","3"
"osabry","2","1","3"
"Osama_Ghazy","1","2","3"
"OSAMA_ROQ","1","2","3"
"osama_salah01","1","2","3"
"Osama1989Ismail","2","1","3"
"osamaAbo123","1","2","3"
"osamataya","1","2","3"
"Oscar_y","1","2","3"
"Oscar8067","1","2","3"
"OscarContreras","2","1","3"
"OSCARDOCARMO","2","1","3"
"oscarmayerwiener","2","1","3"
"oscartamayo","2","1","3"
"OsergO2","1","2","3"
"oserkrem266","2","1","3"
"Osheaorwhatt","1","2","3"
"osi44","1","2","3"
"oskan54","1","2","3"
"Oskar-123","1","2","3"
"Oskar9333","1","2","3"
"oskarfy","2","1","3"
"Osliani","2","1","3"
"Oslo68","1","2","3"
"Osmanckmk","1","2","3"
"osmangazi1453","2","1","3"
"OsMaNik","1","2","3"
"osmar_nunes","1","2","3"
"osmedytrujillo1982","2","1","3"
"osmnatayy","2","1","3"
"osskr093","1","2","3"
"ossy123","2","1","3"
"ostap6735","2","1","3"
"ostblockpole","1","2","3"
"OsterBosna","1","2","3"
"OstyOst","1","2","3"
"osullsean","2","1","3"
"Osvald_Mosli","1","2","3"
"oswalddewinne","1","2","3"
"oswe","1","2","3"
"otChayannui","2","1","3"
"Otco","2","1","3"
"otesskedja","1","2","3"
"Otherone24","2","1","3"
"OtherworldlyOrigins","2","1","3"
"otifi","1","2","3"
"otimag","2","1","3"
"OtreborOnam","1","2","3"
"otselele","2","1","3"
"otten54","2","1","3"
"Otto_Ulysses","2","1","3"
"otto4","1","2","3"
"otub","1","2","3"
"Ouchy4","1","2","3"
"oufous","2","1","3"
"Oursithe","2","1","3"
"oussamamer","2","1","3"
"oussatireur","1","2","3"
"Outanbout","2","1","3"
"outsamor2","1","2","3"
"Ovannes","2","1","3"
"Overloadpawn","1","2","3"
"overlord55160","2","1","3"
"ovi_vamshi","2","1","3"
"OviyaVimalan","2","1","3"
"OvSP25","1","2","3"
"Owiti","1","2","3"
"OwlMilk","1","2","3"
"OwlyCaptain","1","2","3"
"Own_light","2","1","3"
"Owosam004","1","2","3"
"oxoOXOoxo","2","1","3"
"Oxxxyilyaz","2","1","3"
"Oxygen-AOD","1","2","3"
"oybek0898","1","2","3"
"oyes01","1","2","3"
"oymyong","2","1","3"
"oyunkhorol3","2","1","3"
"ozanozgann","1","2","3"
"ozanozgorduler","2","1","3"
"ozeneronur","2","1","3"
"Ozennn","1","2","3"
"ozgurbeyhan","1","2","3"
"Ozgurekin","1","2","3"
"oziel245x","1","2","3"
"Ozodbek_Mirzaev","2","1","3"
"ozodbek007","2","1","3"
"ozozzy24","2","1","3"
"Ozywarlock","2","1","3"
"OZZY_383","2","1","3"
"OzzyPlaysChess","2","1","3"
"P_I31424","1","2","3"
"p_laz","1","2","3"
"p_marin","2","1","3"
"P-Anton","1","2","3"
"P1118099250","2","1","3"
"P2460","1","2","3"
"P2MCQ","1","2","3"
"P37RU5","1","2","3"
"P45z20","2","1","3"
"p47phox","1","2","3"
"P7884","2","1","3"
"P81181","1","2","3"
"PA0401","2","1","3"
"paardoon215","1","2","3"
"paarsaa_sh","1","2","3"
"Pabboj","2","1","3"
"Pablo_S_M","2","1","3"
"Pablo8apa","2","1","3"
"pablocarnota1980","1","2","3"
"PabloFumatore1897","2","1","3"
"pablogener","1","2","3"
"Pablogodofchess","1","2","3"
"PabloMainetti","1","2","3"
"PabloPeralta","1","2","3"
"Pablorimoldi","1","2","3"
"pablosky6996","2","1","3"
"Pacesetter","2","1","3"
"Pachapre","1","2","3"
"Pachesss","1","2","3"
"Pacquio007","2","1","3"
"Pacynski","1","2","3"
"Padalam","2","1","3"
"Padam_et_Padam","2","1","3"
"padaveeran","2","1","3"
"Paddy-Duff","1","2","3"
"PaddyMac21","1","2","3"
"padrebud","2","1","3"
"Paerhc","1","2","3"
"Pahan_Belosnejki","1","2","3"
"pahlevan20","1","2","3"
"PaiEugene","1","2","3"
"painfullyobvious","2","1","3"
"painzor88","2","1","3"
"paiva007","1","2","3"
"paiwast79","2","1","3"
"PakAttack","2","1","3"
"pako-nava","1","2","3"
"Pakoluke","2","1","3"
"pakpod","2","1","3"
"Pal7","1","2","3"
"Pale9248","2","1","3"
"Palengen","2","1","3"
"paletivarunchowdary","2","1","3"
"palik1307","1","2","3"
"Pallash301212","1","2","3"
"Palmaa1","2","1","3"
"Palmtreegardenn","1","2","3"
"Palmziko","1","2","3"
"palusi1960","1","2","3"
"Palxen","1","2","3"
"Palych15","2","1","3"
"pampaszel","1","2","3"
"PANAGDAITDHABAI","1","2","3"
"panagiotis80","1","2","3"
"panameraturbo","2","1","3"
"panchess70","1","2","3"
"Pandaaby","2","1","3"
"pandaacolori","1","2","3"
"Pandarockroad","2","1","3"
"panditkautilya","2","1","3"
"pandyash","1","2","3"
"Panfi","2","1","3"
"Pank77","2","1","3"
"panosbarbas","1","2","3"
"panpatu","1","2","3"
"pantalbagsanjay","2","1","3"
"pantamjad","1","2","3"
"panther_style","1","2","3"
"panther56","2","1","3"
"Panxopino","2","1","3"
"PanzerIV5507","2","1","3"
"Paocorby77","2","1","3"
"Paojalos","1","2","3"
"PAOLA65","2","1","3"
"PAOLOB74","1","2","3"
"papa_waigo","2","1","3"
"papa76p","2","1","3"
"Papacelsus","1","2","3"
"papadiaws","2","1","3"
"papahaha2","1","2","3"
"papakralle","2","1","3"
"Papalegba1977","1","2","3"
"PapaMAG","2","1","3"
"papamezzanotte","2","1","3"
"PapaMobio","1","2","3"
"Papapera","1","2","3"
"paparealsmooth","2","1","3"
"PapashaOK","1","2","3"
"PapaShess","2","1","3"
"papasorce5","2","1","3"
"PAPenzo15","1","2","3"
"papermario17","2","1","3"
"Papett","1","2","3"
"papiloo","1","2","3"
"PaPlaysHockey","2","1","3"
"papochess","2","1","3"
"papuchote","1","2","3"
"ParaCo","1","2","3"
"Paradiso1707","2","1","3"
"paragmka","2","1","3"
"Paraguay5","2","1","3"
"Paragvai","1","2","3"
"parallel-liness","1","2","3"
"param_chess","1","2","3"
"paramachess","2","1","3"
"Paranoid_76","1","2","3"
"ParaSlav1956","2","1","3"
"parastoophm","1","2","3"
"parbarob","2","1","3"
"Pareek911","2","1","3"
"Parge_DE","2","1","3"
"Parham_ebrahimi94","1","2","3"
"Parhamghamari","1","2","3"
"Parhizkar1400","2","1","3"
"paria_mirzanejad","2","1","3"
"Paria1387","2","1","3"
"paridios96","2","1","3"
"Parinaz91","2","1","3"
"Parinitha-N","2","1","3"
"parisa58","1","2","3"
"ParisCake","2","1","3"
"Parkhe","2","1","3"
"parkhj7282","1","2","3"
"parkmeister","1","2","3"
"parkurkiller228","1","2","3"
"parmeet97637","1","2","3"
"Parmesh1234","2","1","3"
"paroes","1","2","3"
"Parrycat","1","2","3"
"parsa_NR","1","2","3"
"parsa10oc","2","1","3"
"parsa1388g","2","1","3"
"parsa139401","2","1","3"
"Parshukov_Stepan","2","1","3"
"Parsonose","1","2","3"
"parth_321","2","1","3"
"Parthasarathyv","2","1","3"
"parthithape","1","2","3"
"Parthivsanthosh06","2","1","3"
"parthoVCA","1","2","3"
"ParticlePhyiscs","1","2","3"
"partoni","2","1","3"
"Partygoer","1","2","3"
"Pasarea","2","1","3"
"pascual94","1","2","3"
"pashathecreator","1","2","3"
"Pashik_Mag","2","1","3"
"PashinAlexey","2","1","3"
"pashka5530","2","1","3"
"Paskulin","1","2","3"
"paslari1962","2","1","3"
"pasmadillo","2","1","3"
"pasque67","1","2","3"
"passarell","2","1","3"
"Passi8","1","2","3"
"Passionary_1","1","2","3"
"Pasticcione1971","1","2","3"
"pasuma","2","1","3"
"pat1987","1","2","3"
"Patago","1","2","3"
"patakfal1","2","1","3"
"patcube123","2","1","3"
"Patetescik2047","2","1","3"
"path_fndr","2","1","3"
"path2top","1","2","3"
"Pathibulaire","2","1","3"
"Patishi","1","2","3"
"patiss23","2","1","3"
"Patlemm2","2","1","3"
"Patless","1","2","3"
"Patlis","1","2","3"
"patmat26","2","1","3"
"patof1","1","2","3"
"Patomuhto","1","2","3"
"patoulouse","1","2","3"
"patpatleretour","1","2","3"
"Patricandgary","1","2","3"
"Patrick_B","2","1","3"
"Patrick-ndong31","2","1","3"
"patrickinmpls","2","1","3"
"patrickk42195k","2","1","3"
"PatrickOwen","1","2","3"
"patricksmith","1","2","3"
"Patrik1277","1","2","3"
"Patrixyy","2","1","3"
"Patrizio1957","1","2","3"
"Patronreis","1","2","3"
"Patto_cuac","1","2","3"
"Paui-Podole","1","2","3"
"Paul_Ochieng","2","1","3"
"Paul-Morphy-1","2","1","3"
"Paul-Muzo","1","2","3"
"paul1126","2","1","3"
"paulan","2","1","3"
"PaulAndersonPham","2","1","3"
"paulboettinger","2","1","3"
"PaulCEA","1","2","3"
"pauldebnil","1","2","3"
"Paullli","2","1","3"
"paulluedi","1","2","3"
"PaulMism","1","2","3"
"paulo_1999","2","1","3"
"pauloadpires","1","2","3"
"paulotaruc","1","2","3"
"Paulsui","1","2","3"
"paulvazo","2","1","3"
"Paulwaite","2","1","3"
"paulxluis","1","2","3"
"pavan_98","2","1","3"
"pavanChess007","2","1","3"
"PavanKumarNagartha","1","2","3"
"pavanreddy242","1","2","3"
"PavanShahGM2023","2","1","3"
"Pavel_0748","1","2","3"
"Pavel_Fantasma","1","2","3"
"Pavel_Krasnodar","1","2","3"
"Pavel_Ru","1","2","3"
"pavel-b","2","1","3"
"Pavel0203","1","2","3"
"Pavel117","2","1","3"
"Pavel1984com","2","1","3"
"Pavel4","2","1","3"
"Pavel499","1","2","3"
"pavelano","2","1","3"
"paveldrabek","1","2","3"
"pavelhockey9","2","1","3"
"Pavell_V","1","2","3"
"PavelLaptev","2","1","3"
"PavelLeb","2","1","3"
"Pavelmi1980","1","2","3"
"PavelPonich","2","1","3"
"pavelshmelyov1","1","2","3"
"PavelTopsky","2","1","3"
"Pavelval1989","2","1","3"
"PAVITRAPAAPI","2","1","3"
"Pavle_192","1","2","3"
"Pavlik_Zhuravlik","1","2","3"
"Pavlik1118","2","1","3"
"pavlo_yehor","1","2","3"
"PavloVeretelnykov","1","2","3"
"Pawan423","1","2","3"
"Pawelnmw","2","1","3"
"PawelPamula","2","1","3"
"pawn_ester","1","2","3"
"Pawn1986","2","1","3"
"pawn2611","2","1","3"
"pawnAbuser","1","2","3"
"Pawnexwel","2","1","3"
"PawnMover-1012","2","1","3"
"pawnpush69","2","1","3"
"Payam12284","2","1","3"
"payasiji","2","1","3"
"PAyChO_rahUl","1","2","3"
"PayKaron6","1","2","3"
"Payne27","2","1","3"
"PAZIFISTinRAGE","1","2","3"
"PAZVANTOV","1","2","3"
"pb_shooter","1","2","3"
"PBEL012","1","2","3"
"Pc-tele","2","1","3"
"PC117","2","1","3"
"pcarballeira","2","1","3"
"pcardenasb","2","1","3"
"PCH_TiQua","1","2","3"
"pchavan","1","2","3"
"pchelkin_chesss","2","1","3"
"pchillak","1","2","3"
"pchpro","1","2","3"
"pcorradi","2","1","3"
"Pcrever","1","2","3"
"PCThara","1","2","3"
"pctra266","2","1","3"
"pdw0908","1","2","3"
"Peaaace","1","2","3"
"peace372","2","1","3"
"Peakz_97","2","1","3"
"peanut0123","1","2","3"
"Peci99","2","1","3"
"peck34","1","2","3"
"peckabang","1","2","3"
"peco1272020","2","1","3"
"peco9","2","1","3"
"PEDDINTI_RAGHU","1","2","3"
"pedikk","1","2","3"
"pedr0prs","1","2","3"
"Pedro7MON","1","2","3"
"pedrobntti","2","1","3"
"PedroCruzRamirez_P53","1","2","3"
"pedrohcg","2","1","3"
"PedroHernandez2","1","2","3"
"PedroMendesEXP","2","1","3"
"PedroPelegriniLazari","2","1","3"
"Pedrorapello","1","2","3"
"Pedrou7","1","2","3"
"PeePigeon","1","2","3"
"peergyntsuper","2","1","3"
"pegatrix4","2","1","3"
"pelenlajt","1","2","3"
"Pelihang123","2","1","3"
"Pelimies","1","2","3"
"Pell0293","1","2","3"
"Pelon_n","2","1","3"
"PEMALANK","1","2","3"
"Pemguim","2","1","3"
"penguin2498","2","1","3"
"penjoki","2","1","3"
"penkovm","1","2","3"
"Pentatone","2","1","3"
"Penuca","2","1","3"
"Peon1945","2","1","3"
"peona1","1","2","3"
"peonasesino71","2","1","3"
"Peonderey-Diego","2","1","3"
"PeonDobl4do","2","1","3"
"peonjarocho","1","2","3"
"Pepau","1","2","3"
"PepeleFiou","2","1","3"
"PEPELU2323","2","1","3"
"pepemunu","1","2","3"
"Peperragorda","2","1","3"
"pepesand09","2","1","3"
"pepeslim","2","1","3"
"pepesmith","1","2","3"
"PepeWalls7","1","2","3"
"pepinpineda","1","2","3"
"Pepito2700","1","2","3"
"peppypingo","1","2","3"
"Pepsyboy","1","2","3"
"PERALES_PATRICIO","1","2","3"
"PereACDC","2","1","3"
"perez550","2","1","3"
"PerezKastle","1","2","3"
"PerezS","2","1","3"
"pericu123","2","1","3"
"perkan2","1","2","3"
"pernite","1","2","3"
"Perramus","1","2","3"
"PerrinCx","2","1","3"
"PERUANO2005","1","2","3"
"pervert3","2","1","3"
"Pervomaysk","2","1","3"
"pesaredanjuma8inches","1","2","3"
"Peseso","1","2","3"
"peskypawn07","2","1","3"
"pespa","2","1","3"
"pesty","2","1","3"
"pesu16ab","2","1","3"
"Petangy","1","2","3"
"petar0404","1","2","3"
"Pete_Sahut","2","1","3"
"petemitchell87","2","1","3"
"Peter_Belik","2","1","3"
"Peter_John_Paul","1","2","3"
"Peter-Tawdinskiy","2","1","3"
"peter-vogt","1","2","3"
"peter44ihabzaki","2","1","3"
"PETeREtTINGer","1","2","3"
"peterka021","2","1","3"
"peterm90","2","1","3"
"PeterNorton740505","2","1","3"
"petersauerwald","2","1","3"
"petinicolas","1","2","3"
"Petitaigleroyal","2","1","3"
"Petkov-Vladimir","2","1","3"
"Petr_2000","2","1","3"
"Petr1955","2","1","3"
"petr1973","2","1","3"
"Petra_Divert","2","1","3"
"Petrachenkov_A","1","2","3"
"PETRIASHVILI","1","2","3"
"Petros_Keyyan","2","1","3"
"petrosian516118","2","1","3"
"PetrovskayaL","2","1","3"
"Petrucho04","2","1","3"
"petuhov_net","1","2","3"
"Petuniya_11","1","2","3"
"Petusmester","1","2","3"
"Pevu24","1","2","3"
"peygamberadayi3131","2","1","3"
"peyman_23","2","1","3"
"Peyman_Mj","2","1","3"
"Peyman008","2","1","3"
"pez19e","1","2","3"
"PezPayaso","1","2","3"
"Pfleger70","1","2","3"
"pga55","1","2","3"
"PHAAAAAR","1","2","3"
"PhamAnhPhuong","1","2","3"
"phamgiabao0912","2","1","3"
"phamminhphuong0309","1","2","3"
"phamphat9123","2","1","3"
"PhamThaiTuan2016","2","1","3"
"PhamThienKim","2","1","3"
"PhanNgoclua5","2","1","3"
"Phanos78","2","1","3"
"phantom-zagor","2","1","3"
"Phantom1998","2","1","3"
"Phantom2021","1","2","3"
"Phantomias1","2","1","3"
"phantomstrikr","1","2","3"
"pharmacist21","2","1","3"
"Phaulgo","2","1","3"
"pheneas10","2","1","3"
"Phenomenon2","2","1","3"
"phi-sal","2","1","3"
"Phibg","1","2","3"
"phil1986n00b","2","1","3"
"phileas74","2","1","3"
"Philip_Tagboto","1","2","3"
"Philip34","2","1","3"
"Philip68","2","1","3"
"philipossobl","1","2","3"
"Philipp_0","2","1","3"
"Philipp_Roesch","1","2","3"
"philippe73","2","1","3"
"philippeb","1","2","3"
"PhilipW12","2","1","3"
"Phillaman_89DP","2","1","3"
"PhillBoBaggins","1","2","3"
"phillyk365","1","2","3"
"phillyphil32","2","1","3"
"PhilMcCracken","2","1","3"
"Philmeee","1","2","3"
"Philo_Annvia","1","2","3"
"philo_o_o","2","1","3"
"Philoscacchi","2","1","3"
"Philriff","2","1","3"
"PhilShepard","2","1","3"
"PhilSquire","2","1","3"
"Phoenix_ChessI","2","1","3"
"phoenix_fischer","2","1","3"
"Phoenix-sun","1","2","3"
"phone12345678910111","1","2","3"
"phoneU53r","1","2","3"
"phoneyboy","1","2","3"
"Phonneo","2","1","3"
"phov","2","1","3"
"Phranque","1","2","3"
"Phulvir","1","2","3"
"phyicalcat227","2","1","3"
"PHYL006","1","2","3"
"PHYL032","1","2","3"
"PHYL036","2","1","3"
"PHYL040","2","1","3"
"PHYL047","2","1","3"
"PHYL048","2","1","3"
"PHYL050","1","2","3"
"phystech_mipt","2","1","3"
"pianomanfromadam","1","2","3"
"pianoskater","2","1","3"
"Pica-foices","2","1","3"
"Piccipicce13","1","2","3"
"PictureOfRedDragon","1","2","3"
"PiDelPi","2","1","3"
"pierangela","1","2","3"
"Pierre_54","1","2","3"
"pierreadrien","1","2","3"
"pierredelabierre","2","1","3"
"pierregmoc","2","1","3"
"PierreKassar","1","2","3"
"pierreKing","1","2","3"
"pierrevanhoudt","2","1","3"
"pietrodelbene","2","1","3"
"pietroemanuel","2","1","3"
"PifoteLoco","1","2","3"
"piggyteo","2","1","3"
"PiiChess","1","2","3"
"PikaPikaa","2","1","3"
"Pikimax","1","2","3"
"Pilgrim1978","1","2","3"
"PilguzAndrew","1","2","3"
"PIlia2013","1","2","3"
"Pilzy","2","1","3"
"pimmelsimmel","2","1","3"
"pinchecaballoloco","1","2","3"
"pincopall","2","1","3"
"Pindapoy71","2","1","3"
"Pindonga","2","1","3"
"Pinetti","1","2","3"
"pingopampa","2","1","3"
"Pinguit_3","1","2","3"
"Pinino1801","2","1","3"
"pinkawakepopsicle","1","2","3"
"PinkBeneficWeasel","1","2","3"
"PinkyBrain","2","1","3"
"pinkyracing","1","2","3"
"pinpinol80560","2","1","3"
"Pio312","2","1","3"
"PiolineVadim","2","1","3"
"Pion_Keuramat","1","2","3"
"pionek_bije_goniec","1","2","3"
"PionRic","1","2","3"
"Piotr1979","1","2","3"
"Piotrek911","2","1","3"
"pipi008","1","2","3"
"pipiprout","2","1","3"
"Pipoca13","2","1","3"
"pipoter1","1","2","3"
"pipozeus","2","1","3"
"Pipunn","2","1","3"
"piqmalion","1","2","3"
"pirada","2","1","3"
"pirana61","1","2","3"
"piranij","1","2","3"
"Pirsanalex","2","1","3"
"piruore04","2","1","3"
"Pisicuta13","1","2","3"
"piskovoi","1","2","3"
"pista_fi","2","1","3"
"PitBull1913","2","1","3"
"piter76","2","1","3"
"Pitta34","1","2","3"
"Pituaitin","1","2","3"
"PITUFOCHESS","2","1","3"
"PivasnuiHleb","2","1","3"
"pivdenny","1","2","3"
"Pixelarchy","2","1","3"
"piyisheng","1","2","3"
"piyush_404","2","1","3"
"piyush123","1","2","3"
"Piyushkothari2012","2","1","3"
"pizzacookie19","1","2","3"
"Pizzapuntje14","1","2","3"
"pj353","1","2","3"
"pj90019001","2","1","3"
"pjcorp","1","2","3"
"pjgarcia123","1","2","3"
"PJJ-Mohamed","2","1","3"
"PK4_Wins","2","1","3"
"pkdKV13","1","2","3"
"Pl4y3r1","1","2","3"
"plab59","2","1","3"
"placedeclichy","2","1","3"
"PlainSummer","2","1","3"
"Plampatsch","2","1","3"
"Planchik2025","1","2","3"
"plantas","1","2","3"
"Plater009","1","2","3"
"Platon-202","2","1","3"
"Platonik1234","1","2","3"
"Platonova2014","1","2","3"
"PlatonP","1","2","3"
"Plautus200","2","1","3"
"plauwers","1","2","3"
"plavi12","1","2","3"
"play_corect","2","1","3"
"Playchess151","2","1","3"
"playchess640","1","2","3"
"player007nandy","1","2","3"
"player01010101","1","2","3"
"player14159","1","2","3"
"player174","2","1","3"
"player2102999","1","2","3"
"player2341","2","1","3"
"playerKKK1","2","1","3"
"PlayerLose_Win","1","2","3"
"playonhandy","2","1","3"
"playwithcr","2","1","3"
"Plazmat","1","2","3"
"pleasedontbelong","2","1","3"
"pleasefireme2517","1","2","3"
"PleasePleaseBeatMe","2","1","3"
"pleat_man","1","2","3"
"Plechaceknakafe","2","1","3"
"PleezRezine","2","1","3"
"pljevlja2016","1","2","3"
"pllkllc","1","2","3"
"ploditelj","1","2","3"
"Ploikin","2","1","3"
"PlumVictorWren","1","2","3"
"plush91","1","2","3"
"Plusultra86","1","2","3"
"plutarco177new","2","1","3"
"Pluto-is-planet-9","1","2","3"
"pmatuszy","2","1","3"
"pmelin","2","1","3"
"Pmh2912","2","1","3"
"PMH64","1","2","3"
"pml123","2","1","3"
"PN2020","2","1","3"
"PNG07","2","1","3"
"pngboys","2","1","3"
"pnizzle","2","1","3"
"pnuzhdin","2","1","3"
"po6ept","1","2","3"
"po99","2","1","3"
"pobae0404","1","2","3"
"PobedaWinner","2","1","3"
"poberezhny1","2","1","3"
"Poblado","2","1","3"
"pocahontas7","1","2","3"
"Pochai","1","2","3"
"pocketkings13","2","1","3"
"podobnil","2","1","3"
"Podolchanin228","2","1","3"
"Podtynkin_Alex-2016","2","1","3"
"poehlinho","1","2","3"
"pogaking","2","1","3"
"pohan13","2","1","3"
"pohhg","2","1","3"
"poipoi123","1","2","3"
"poiuztrewq1","1","2","3"
"poizy","2","1","3"
"pokekid500","1","2","3"
"pokemon-chess55","2","1","3"
"PokemonMasterADad","1","2","3"
"Pokesito","1","2","3"
"Polaku2022","2","1","3"
"polar5555","1","2","3"
"PolarAdventurer","2","1","3"
"PolarBearPanda","2","1","3"
"PolarisII","1","2","3"
"Pole33","2","1","3"
"polecheck","2","1","3"
"Polekop","1","2","3"
"polerio14","2","1","3"
"PoliCAB","1","2","3"
"Police_No_MERCY","2","1","3"
"Polikarpow1950","2","1","3"
"Polina_Erina","2","1","3"
"Polina_Kotova","1","2","3"
"polina_volkova","1","2","3"
"Polina_Vologz2203","1","2","3"
"polinatolkun","2","1","3"
"Poliovyi_Roman","2","1","3"
"politoksykoman","2","1","3"
"poliu10","2","1","3"
"Pollini","2","1","3"
"polo77j","1","2","3"
"polo97v","2","1","3"
"polona_cHess_v","2","1","3"
"Poltava92","1","2","3"
"polyesterjochen","2","1","3"
"PolytopeBoy","2","1","3"
"PommeDeMer","1","2","3"
"Pompeyohg","1","2","3"
"Ponaixalo","1","2","3"
"Ponchik__96","2","1","3"
"Ponchikvchocolade","1","2","3"
"Pondage","1","2","3"
"pons-Varolli","2","1","3"
"pony_hunter","1","2","3"
"PonyPhobic","2","1","3"
"POOLGUARD","1","2","3"
"pooos","1","2","3"
"PoornaSai_6","1","2","3"
"PooryaBakhtoo","1","2","3"
"Pooshan_12","1","2","3"
"Popan4ek","1","2","3"
"Pope_John_III","2","1","3"
"popoganzone","2","1","3"
"poppunklove","1","2","3"
"poraony","2","1","3"
"poria30693","2","1","3"
"Porphyrio","1","2","3"
"Port_70","2","1","3"
"portus21","2","1","3"
"porvkars","2","1","3"
"Porychik_Rzevskei","1","2","3"
"posadea","1","2","3"
"Poseidon16","1","2","3"
"Posholi","1","2","3"
"position100","2","1","3"
"PositionalPlayerrr","1","2","3"
"Pospelov_Alexander","1","2","3"
"pospinapolu","1","2","3"
"PossiblyAndres","1","2","3"
"Postas","1","2","3"
"Postolar","2","1","3"
"Potato23367","2","1","3"
"PotatoPolice","1","2","3"
"potatopotaato","1","2","3"
"PotatoSol","1","2","3"
"Potexin","2","1","3"
"Potifiti","2","1","3"
"potloy13","2","1","3"
"poulanzas","1","2","3"
"Pounar89","1","2","3"
"Poupoupanda","2","1","3"
"Pouria69","2","1","3"
"Pourmann","1","2","3"
"pournima_101","1","2","3"
"poverty1234567","1","2","3"
"PowerKing30","1","2","3"
"PowerPlay-Chess","2","1","3"
"powerwhale","2","1","3"
"Poxreny","2","1","3"
"poyraztozun","2","1","3"
"Poyurova_Katya","1","2","3"
"pozashlyhovic","2","1","3"
"Pozdnykovalex-84","2","1","3"
"poziomk4","2","1","3"
"Pozitivo4ka","1","2","3"
"ppawelx1","1","2","3"
"PPCM8","1","2","3"
"PPDziobak","1","2","3"
"PPM2020","1","2","3"
"ppm76","1","2","3"
"Pppr45","2","1","3"
"pprroo_228","2","1","3"
"PPSDR","1","2","3"
"ppuuua","1","2","3"
"Praashsan","1","2","3"
"prabathdee2","2","1","3"
"prabhanjan_a","1","2","3"
"Prabhatc","1","2","3"
"Prabhatkolkata","2","1","3"
"prabmeha","2","1","3"
"PRAcioli","2","1","3"
"Practica1005","2","1","3"
"practicerepetition","1","2","3"
"PRADAlover","2","1","3"
"pradeep_001","1","2","3"
"pradyumnd","1","2","3"
"praganda","2","1","3"
"Praiger","2","1","3"
"prajith01010","1","2","3"
"Prakash_25","1","2","3"
"prakash_reiki","1","2","3"
"Praksh","2","1","3"
"pramilajain94","1","2","3"
"pramo2011","2","1","3"
"pramod1975","2","1","3"
"Pramudyana","1","2","3"
"pran27","1","2","3"
"pranav20735364","2","1","3"
"Pranavdsj","2","1","3"
"pranavisrivalli","1","2","3"
"pranavmahesh15","1","2","3"
"pranavsbk","2","1","3"
"PranavVarma15","2","1","3"
"prasan_ak","1","2","3"
"Prasanna1985","2","1","3"
"PrasannaSri2011","1","2","3"
"Prasannaub","2","1","3"
"prashant021","1","2","3"
"Prashess","1","2","3"
"prasiddhi07","2","1","3"
"prasmitsamal","2","1","3"
"Prastarikus","1","2","3"
"PRATHAM_MV","2","1","3"
"Pratham5817","2","1","3"
"prathamgoyal","1","2","3"
"prathamlodha","2","1","3"
"Prathyunr2012","2","1","3"
"pratik1192","2","1","3"
"pratikmuz","1","2","3"
"pratochess","1","2","3"
"pratz","2","1","3"
"Praveen_Chess2610","1","2","3"
"praveen40010","2","1","3"
"praveenkatragadda","1","2","3"
"prawinjovi","2","1","3"
"Praxrer","2","1","3"
"prayit","1","2","3"
"prc_boris","2","1","3"
"Predator3D","1","2","3"
"Preetish123","2","1","3"
"Pregassona55","1","2","3"
"Prem_786","1","2","3"
"PREMKUMAR88","2","1","3"
"premonition1981","1","2","3"
"prenchess38","1","2","3"
"prensyunus2","2","1","3"
"Pretzalcoatl","2","1","3"
"prevemmanouil","2","1","3"
"prevot","2","1","3"
"prezeskuchar","1","2","3"
"prezofchess","1","2","3"
"pribytov","2","1","3"
"Pridhviraj3286","1","2","3"
"pridster88","2","1","3"
"primaveraa","2","1","3"
"Prime0013","2","1","3"
"primechess3","2","1","3"
"primoprnc_0704","2","1","3"
"primord1al","2","1","3"
"Prince10of","2","1","3"
"Princeibrahim47","1","2","3"
"princeoyem","2","1","3"
"Princess1989","2","1","3"
"Princessbiz","2","1","3"
"PRINCESSE02","1","2","3"
"PrinceT22","2","1","3"
"PrinceYoshi","1","2","3"
"Princialeonis","2","1","3"
"prinzjr","2","1","3"
"prisonPony","1","2","3"
"pristinewaters","1","2","3"
"PritchardM63","1","2","3"
"Prite","2","1","3"
"Pritesh5in","2","1","3"
"private_rk","1","2","3"
"Priyangshu023","1","2","3"
"priyankarpatil31","1","2","3"
"Priyeshtk","2","1","3"
"prizmatriangle","2","1","3"
"ProbablyRaging","1","2","3"
"problemli16","2","1","3"
"proceduralplay","1","2","3"
"Prochessgame","1","2","3"
"proDG685","2","1","3"
"prof-dctlkkf","2","1","3"
"Profemir26","1","2","3"
"Professor_90","1","2","3"
"Professor200","1","2","3"
"professormgz","1","2","3"
"profeta2222","1","2","3"
"profilovicente","2","1","3"
"profingeniero-99","2","1","3"
"ProJamz","1","2","3"
"Prokaktyc","2","1","3"
"Prokop79","2","1","3"
"Prolikeapro","1","2","3"
"Promagaz","1","2","3"
"PromajaDuva","2","1","3"
"promanchenko","1","2","3"
"PROMETHEUSMS","1","2","3"
"prompt0","2","1","3"
"pronaybala12","1","2","3"
"Prongs741","1","2","3"
"proooooooooooooo","1","2","3"
"propafenone","1","2","3"
"propalyer","2","1","3"
"Prosenjiit_Saha","2","1","3"
"PrOsTo_VlAdIsLaV4iK","2","1","3"
"ProteinDschan","2","1","3"
"Proteinriegel1234","2","1","3"
"Provoe","1","2","3"
"Proximatura","2","1","3"
"Proxladno","1","2","3"
"Prusakov_Andrey","1","2","3"
"prusso","2","1","3"
"Ps_87","1","2","3"
"ps_ly","2","1","3"
"psa1910","1","2","3"
"PSChessMat","1","2","3"
"Psenix","1","2","3"
"PSPM162","1","2","3"
"PSPM262","1","2","3"
"PSPM646","1","2","3"
"psspsspoo","2","1","3"
"psv2012","1","2","3"
"psvpro","2","1","3"
"psw0908","1","2","3"
"PsychoCox","1","2","3"
"PsychoFrenchie","2","1","3"
"Psycholog90","1","2","3"
"Psychologyrw","2","1","3"
"PSYCHOPATHIC6","1","2","3"
"Ptah-de-Grill","1","2","3"
"ptcrealtor","1","2","3"
"ptn-pnx","1","2","3"
"ptt05082007","1","2","3"
"Pubipubi","1","2","3"
"pudchess","2","1","3"
"puertoricanec","1","2","3"
"Pugazh-Chess","2","1","3"
"puhurcu","2","1","3"
"Pukararumi","2","1","3"
"pullinupontheyheads","2","1","3"
"Pumped_Luy","2","1","3"
"Pumpf","2","1","3"
"pumpy","1","2","3"
"punjab","2","1","3"
"punkout117PK","1","2","3"
"Punyasith","2","1","3"
"Puppet13","1","2","3"
"pure24","2","1","3"
"Pureum","1","2","3"
"purple_capybara","2","1","3"
"Purple_elixer","1","2","3"
"PurpleSeaHorse3","2","1","3"
"Push-the-pawn","2","1","3"
"pushistiy_voin_13","2","1","3"
"Pushnia","2","1","3"
"pushpraaj","1","2","3"
"putbacktopieces","2","1","3"
"putu_arsana","2","1","3"
"PVMUSTAFIN","2","1","3"
"pvr99","1","2","3"
"pvyazankin","1","2","3"
"PWBonn","1","2","3"
"pwin2","2","1","3"
"pwned11","2","1","3"
"pword_getta","2","1","3"
"pwrbauer","1","2","3"
"Pyc9","2","1","3"
"Pyewacket","1","2","3"
"Pyexxy","1","2","3"
"pymichelsen","2","1","3"
"PyPaShAz","1","2","3"
"pyrrhus777","2","1","3"
"Pyth_M","1","2","3"
"Python300","2","1","3"
"q-_0_-p","1","2","3"
"Q1984","2","1","3"
"Qahtan88","1","2","3"
"qanbarii","2","1","3"
"qarbc7482","2","1","3"
"qasem43362","1","2","3"
"qashqaiee","2","1","3"
"Qawi123","2","1","3"
"qbienprros12","2","1","3"
"qbit_base","1","2","3"
"QDB","1","2","3"
"qdyer","2","1","3"
"qeddeq53","2","1","3"
"qemuemu","1","2","3"
"qf_2024","2","1","3"
"QGChelle","1","2","3"
"QH2005","2","1","3"
"QHAFDOW","1","2","3"
"QHog","1","2","3"
"Qhung145","2","1","3"
"Qillakaas07","1","2","3"
"qimingzhennan","1","2","3"
"Qla2137","1","2","3"
"QNIBAONHI2015","2","1","3"
"QNIDaiQuang2014","1","2","3"
"qoziev","2","1","3"
"QPloaded","1","2","3"
"qqeerrtt","1","2","3"
"qqunit","2","1","3"
"qristi_ninua","2","1","3"
"Qrizza","2","1","3"
"qs-toan3a","2","1","3"
"qtr974","1","2","3"
"QualityBaker","2","1","3"
"quanchess2012","1","2","3"
"quartermane","2","1","3"
"Quazsimodo","2","1","3"
"queasyguava","2","1","3"
"QUEEN-Mercury","2","1","3"
"queenbs","2","1","3"
"Queenbumble","1","2","3"
"QueenGamble","1","2","3"
"Queenmaker","2","1","3"
"QueenPawn9","2","1","3"
"Queens_Guard","1","2","3"
"Queenwin1","1","2","3"
"Quentin33270","1","2","3"
"Questionablle","1","2","3"
"Quetan","2","1","3"
"QuickAndQuiet","1","2","3"
"Quimorax","1","2","3"
"quinquera","1","2","3"
"QuintanaAhdmm","1","2","3"
"QuinzDra","2","1","3"
"Quique62","1","2","3"
"quiquedeboja","1","2","3"
"quirky_lemonaide","2","1","3"
"QuiteKnight15179176","1","2","3"
"QuotableSnail","2","1","3"
"QurbanEsedov","2","1","3"
"Qvinser","2","1","3"
"qVova2015","1","2","3"
"qw23vovim","1","2","3"
"qwerty12340","1","2","3"
"qwerty192","2","1","3"
"qwerty7410","2","1","3"
"Qwrts","2","1","3"
"qwuxsc","2","1","3"
"qypak","1","2","3"
"Qypees","2","1","3"
"QZGOOD","1","2","3"
"R_0043541","2","1","3"
"R_A_N_i_11","1","2","3"
"R_Ashari","1","2","3"
"R_boikov","1","2","3"
"r_c_l_76","1","2","3"
"R_J_R07","1","2","3"
"R_o_n_i_n","2","1","3"
"r_sanghvi","2","1","3"
"R_Tahmorasi","2","1","3"
"R-AugusteTTHS","1","2","3"
"r-vuong","2","1","3"
"R0ME0oo","1","2","3"
"R0tckiv2101","2","1","3"
"r0ver","1","2","3"
"R1ntar0","2","1","3"
"r20132013","2","1","3"
"R21524","2","1","3"
"r2akhi","1","2","3"
"R2JP","2","1","3"
"r3buz","1","2","3"
"r3g1s","2","1","3"
"R4153i","1","2","3"
"R4SCHESS","1","2","3"
"ra1976","1","2","3"
"RA69","1","2","3"
"raaaaghu","1","2","3"
"raajas231","1","2","3"
"Raana0515","2","1","3"
"Raazi_123","1","2","3"
"Rabbi_Ruth_Corleone","2","1","3"
"rabeenaeem12","1","2","3"
"rabentin","2","1","3"
"rabiaeflin09","1","2","3"
"Rachel009","1","2","3"
"rachidox","2","1","3"
"RachikaPro","2","1","3"
"rachit_121","1","2","3"
"rachith10","1","2","3"
"racingclub2023","2","1","3"
"racingtitan","2","1","3"
"rad64","1","2","3"
"Radek_sz","2","1","3"
"Radfan","1","2","3"
"RadhaKrysna","1","2","3"
"Radhika_sarswat","2","1","3"
"Radicalturtle","1","2","3"
"radin-1393","1","2","3"
"radin13892010","2","1","3"
"radinghaderpanah","2","1","3"
"radioheavy","2","1","3"
"RadioMaryjak","1","2","3"
"Radioschildkroete2","1","2","3"
"Radlah","2","1","3"
"Radmanaligol","1","2","3"
"Radmir1908","1","2","3"
"Rado-Bulgaria","1","2","3"
"Radvindavoodi2000","2","1","3"
"Radvuk","1","2","3"
"Raeysah12","2","1","3"
"rafa_pp","2","1","3"
"rafachap","2","1","3"
"RafaDoCelta","2","1","3"
"rafael_khe","1","2","3"
"Rafael352005","2","1","3"
"RafaelBurn","2","1","3"
"RafaeldeCastilho","1","2","3"
"Rafaella2009","1","2","3"
"RafaelTomm","1","2","3"
"rafakus","2","1","3"
"rafal9511k","1","2","3"
"rafallbn1981","2","1","3"
"Rafatov","1","2","3"
"RafCamora","1","2","3"
"Rafee_Zoubi","2","1","3"
"Rafelios","1","2","3"
"Raffaele62","1","2","3"
"Raffe1","1","2","3"
"rafik_samy_2006","1","2","3"
"Rafil26","1","2","3"
"RafirafoxX","1","2","3"
"rafischess","2","1","3"
"RafNinjaX","2","1","3"
"Rafpict","1","2","3"
"rafpifpaf","1","2","3"
"RAFRK","1","2","3"
"raftsman17","1","2","3"
"Ragab111112323","2","1","3"
"rageofsun","1","2","3"
"raggio00","1","2","3"
"raghavanak","2","1","3"
"raghavpatodia","1","2","3"
"raghdan1-17","1","2","3"
"RagnarRahl","1","2","3"
"Ragnarworld","1","2","3"
"raha2222","1","2","3"
"rahan971","1","2","3"
"RahikSumail","2","1","3"
"RAHiM2887","2","1","3"
"RAHIMRC","2","1","3"
"rahmanowamaral2016","1","2","3"
"raho0","1","2","3"
"Rahul_0707","2","1","3"
"Rahul_Jaiswal","2","1","3"
"Rahul_Mulane","1","2","3"
"rahul0811","2","1","3"
"rahul17","2","1","3"
"rahul28k","2","1","3"
"RahulAlvarez","2","1","3"
"RahulDixit","2","1","3"
"rahulgreenvalley","2","1","3"
"rahultprahul","2","1","3"
"raicesserranas","1","2","3"
"Raiden19","2","1","3"
"RaidenShogun007","2","1","3"
"raimirai","1","2","3"
"raimundonvsjr","1","2","3"
"RainBPete","2","1","3"
"Rainer6390","2","1","3"
"Rainervwxyz","2","1","3"
"RainRash","1","2","3"
"rainyear","2","1","3"
"Raionechess","2","1","3"
"raismaroc","1","2","3"
"raistar15911","2","1","3"
"raj2717","2","1","3"
"raj6935","1","2","3"
"Raja_1234","2","1","3"
"raja1234kpp","1","2","3"
"rajaab17","2","1","3"
"Rajarao2473","2","1","3"
"rajath_2013","1","2","3"
"Rajavs","2","1","3"
"rajdeep1249","1","2","3"
"Rajeeth05","1","2","3"
"RajeevSharma","1","2","3"
"rajendersingh","2","1","3"
"Rajesh007999","1","2","3"
"rajeshk81000","1","2","3"
"rajeshkaluana","1","2","3"
"rajeshtumuganti","2","1","3"
"rajibchakraborty1990","2","1","3"
"rajiv2516","2","1","3"
"RajKumarSingha","2","1","3"
"rajpotato","2","1","3"
"RAJSTCCWA","1","2","3"
"Rajsubodh","2","1","3"
"rajukadamus","1","2","3"
"rajvanshsoni","2","1","3"
"rajvikolapkar0509","2","1","3"
"Rajwin777","2","1","3"
"Rak0208","1","2","3"
"rak1116","1","2","3"
"RAKAY","1","2","3"
"rakesh6","1","2","3"
"Raketenpups7","2","1","3"
"rakhimiasyrov","1","2","3"
"Rakkicamus","1","2","3"
"raklyoxcito","2","1","3"
"Rakotondrambola","1","2","3"
"rakshakmalhotra","2","1","3"
"raksht7sikar","1","2","3"
"rakshu-16chess","1","2","3"
"RakuRakievicius","1","2","3"
"raliisss","2","1","3"
"ralion","1","2","3"
"RalleDrengen","1","2","3"
"Ralpex","1","2","3"
"RAlvarez-DSA","2","1","3"
"Ram2306","2","1","3"
"RAM81","1","2","3"
"rama2727","1","2","3"
"ramadanshehu","1","2","3"
"Ramakrishnak","2","1","3"
"ramakrishnanv","1","2","3"
"RamanChessPlayer","2","1","3"
"ramaprasad4u","1","2","3"
"Ramar_263","2","1","3"
"Ramavinay","1","2","3"
"Ramazan_09","2","1","3"
"Ramazan111103","1","2","3"
"ramazan2022","2","1","3"
"Rambay_029","1","2","3"
"Rambo254","2","1","3"
"ramesh270580","2","1","3"
"ramesh536","1","2","3"
"ramesh9885","2","1","3"
"Rameshdhar","1","2","3"
"Ramiboussaa67","1","2","3"
"RamiDabou3a","2","1","3"
"Ramil2407","1","2","3"
"RamiLuis","1","2","3"
"ramin1234ranthaka","1","2","3"
"ramin5356","1","2","3"
"RaminAhmad","2","1","3"
"raminfbii","1","2","3"
"raminoson","1","2","3"
"Ramirez2311","2","1","3"
"RamizJ","1","2","3"
"ramKsmine","2","1","3"
"ramm1385","2","1","3"
"rammark","1","2","3"
"Rammvier","2","1","3"
"Ramnaiks11","2","1","3"
"ramonching816roxas","1","2","3"
"Ramone_jpg","1","2","3"
"Ramose4","1","2","3"
"rampool","2","1","3"
"Ramsarvesh14","1","2","3"
"ramses3018","1","2","3"
"ramtin88_13","2","1","3"
"ramyur76","2","1","3"
"RaMZeSSxxx","1","2","3"
"ramzi-tun","1","2","3"
"Ramzouille35","1","2","3"
"Ranajay_1509","1","2","3"
"Random141","2","1","3"
"Random1589","1","2","3"
"Random209","2","1","3"
"randybones","1","2","3"
"Rangan1105","1","2","3"
"Ranger89","2","1","3"
"Ranitachess","1","2","3"
"Ranjeetpaswan","1","2","3"
"Rankind","2","1","3"
"RantzLord","2","1","3"
"rany11","2","1","3"
"Ranzpogi","1","2","3"
"raouafi","1","2","3"
"rap12355","2","1","3"
"rapetla","1","2","3"
"RaphaelCB","2","1","3"
"Raphustin","2","1","3"
"rapid_to_develop","1","2","3"
"RapidOnly12","2","1","3"
"rappala","2","1","3"
"rara83","1","2","3"
"Rararasputinn","2","1","3"
"rarcila","1","2","3"
"Rarielllllllll","2","1","3"
"RArjun277","2","1","3"
"Rartot23","1","2","3"
"RAS14","2","1","3"
"Ras1994","1","2","3"
"rash1982","1","2","3"
"rashalj","2","1","3"
"Rashf0rd","1","2","3"
"Rashica31","1","2","3"
"Rashid2004","1","2","3"
"Rashid5","2","1","3"
"Rasim_Muradxan","1","2","3"
"rasoolmoradi","2","1","3"
"Rasoul1986","1","2","3"
"RasPaje","2","1","3"
"Raspberry04","1","2","3"
"rassis2","1","2","3"
"Rastin2012","1","2","3"
"rastyothman","2","1","3"
"Rasulash","1","2","3"
"RasulRussia","1","2","3"
"Rateb1982","2","1","3"
"Rated_y2j","2","1","3"
"Rathan_since_1996","1","2","3"
"Rathore_sr7","2","1","3"
"ratin","1","2","3"
"ratingreaper","2","1","3"
"Rattacouille","2","1","3"
"Rattler44","1","2","3"
"raul_fer","2","1","3"
"Raul03","1","2","3"
"RaulCapBlcaFisher007","1","2","3"
"raulcarlsen","2","1","3"
"raulcayanan","1","2","3"
"raulfurki86","1","2","3"
"raulg","2","1","3"
"Raullafuente","1","2","3"
"RaulLeo2007","2","1","3"
"raulo1956","1","2","3"
"raunaqchatterjee2011","1","2","3"
"ravi1020","2","1","3"
"ravichesskumar","1","2","3"
"Ravindra_Kurtikar","1","2","3"
"ravindranathredd","1","2","3"
"ravinikolatesla","2","1","3"
"rawan4-6","1","2","3"
"rawhide23","2","1","3"
"Rawshana","2","1","3"
"Ray_Azalea","1","2","3"
"Rayaan12","1","2","3"
"rayanhriyas0409","2","1","3"
"Rayanwijesinghe","2","1","3"
"rayenbaari","1","2","3"
"Rayloma","2","1","3"
"raymiray","2","1","3"
"raymond69200","2","1","3"
"Raypan","1","2","3"
"rayzilli","2","1","3"
"razAfr","2","1","3"
"razia21","1","2","3"
"raziarahaman","1","2","3"
"razieltk","1","2","3"
"Razil2","1","2","3"
"Raznasi","1","2","3"
"Razor1903","2","1","3"
"Razumov_Dmitriy","1","2","3"
"razxachatrian","2","1","3"
"rb8574747834838","1","2","3"
"Rbb3k","2","1","3"
"RBRENTON1","2","1","3"
"RBRO008","1","2","3"
"RBRO016","2","1","3"
"RBRO021","1","2","3"
"RBRO039","1","2","3"
"RBRO071","2","1","3"
"RBRO075","1","2","3"
"rbro085","2","1","3"
"rbro088","2","1","3"
"rbro092","1","2","3"
"rbro101","2","1","3"
"RBRO105","2","1","3"
"rbro106","2","1","3"
"rbro107","1","2","3"
"rc_bandit","1","2","3"
"Rcastellvilluis80","2","1","3"
"RCG-Liyanage321","1","2","3"
"rcklobstr","1","2","3"
"rcofb","2","1","3"
"Rcp_te9","1","2","3"
"rcsatrancekin","1","2","3"
"rcsatrancersad2014","1","2","3"
"RD202021","2","1","3"
"rderumrum","2","1","3"
"rdesamparado","1","2","3"
"rDivandary","2","1","3"
"RDKN","2","1","3"
"rdpais","1","2","3"
"rdxxx","2","1","3"
"RDzukfan1378","2","1","3"
"Readie_97","1","2","3"
"reaganmaxzenkanawa","1","2","3"
"Reagonomy","2","1","3"
"Realboy9000","1","2","3"
"realcrushergamer","1","2","3"
"RealDavez","2","1","3"
"realdurden","2","1","3"
"realfefe","2","1","3"
"RealGrivet","1","2","3"
"RealKingValmond","1","2","3"
"Realmodd","2","1","3"
"realstsb","1","2","3"
"realwrinkled","2","1","3"
"Reaq","1","2","3"
"reasonator","1","2","3"
"reavan1881","2","1","3"
"Rebekka0910","2","1","3"
"Rec4","1","2","3"
"recakara","1","2","3"
"recep_karakose_17","2","1","3"
"recep-cao","2","1","3"
"receptekerea","2","1","3"
"rechmanal","1","2","3"
"Reda_Mate","2","1","3"
"reda_read","1","2","3"
"Reda72","1","2","3"
"redagoda22","2","1","3"
"RedAngel1","1","2","3"
"REDFIREKNIGHT88","1","2","3"
"Redgunner","2","1","3"
"redifikrio","1","2","3"
"Reditay","2","1","3"
"REDKEDS","2","1","3"
"RedLeicester","2","1","3"
"ReDMooNN","2","1","3"
"redsnow364","1","2","3"
"RedSupergiant","2","1","3"
"RedSword69","1","2","3"
"RedYoshi","1","2","3"
"reemisland","1","2","3"
"REEV008","1","2","3"
"Referu","2","1","3"
"refscacchi","1","2","3"
"Regal25","1","2","3"
"regalo1","2","1","3"
"Regensburger","2","1","3"
"reggiegibs","2","1","3"
"Reggino","1","2","3"
"regienotknowchess","1","2","3"
"regifi","1","2","3"
"Reginaldo21","1","2","3"
"Regis_Vastator","1","2","3"
"Regnieryohann","2","1","3"
"regoratilephala","1","2","3"
"RehaanJain2023","1","2","3"
"RehabilitatedRandy","2","1","3"
"rehan-sultan","2","1","3"
"Rehasus","1","2","3"
"rehusend","1","2","3"
"reidd","2","1","3"
"ReiDj","2","1","3"
"ReiDoJogos","2","1","3"
"reidoXADRAZ","1","2","3"
"reidy69","1","2","3"
"Reiga","2","1","3"
"Reilz","2","1","3"
"reinaldomuneton","1","2","3"
"Reindeerdrover","2","1","3"
"Reinhard48","1","2","3"
"Reinhardschu","1","2","3"
"Reiwix","2","1","3"
"Reiz_Reaktion_Raum","2","1","3"
"Rejden","1","2","3"
"rekamor","1","2","3"
"relaxmax68","2","1","3"
"Releze","2","1","3"
"ReMatto864","2","1","3"
"Reme77","1","2","3"
"remember12","1","2","3"
"remidekermadec","2","1","3"
"remjester","1","2","3"
"Remycoupduberger","2","1","3"
"Renat116","1","2","3"
"Renataukupov","2","1","3"
"renatoguara","1","2","3"
"Rendyyy101","1","2","3"
"rene_jimenezz","2","1","3"
"Renegade2004","1","2","3"
"renexo","2","1","3"
"rennie777","2","1","3"
"RENO_99CCN","2","1","3"
"RenoDwa","2","1","3"
"RenzoCA","1","2","3"
"reqdjd","1","2","3"
"requietg","2","1","3"
"rermes","1","2","3"
"res-arcana","1","2","3"
"residentevil4","1","2","3"
"Resilieud","2","1","3"
"Resix237","2","1","3"
"ResoBot","1","2","3"
"RESOLPROSKY","2","1","3"
"ResoluteSir","1","2","3"
"Respiroe","1","2","3"
"Restrankhill","2","1","3"
"Restuazi130304","1","2","3"
"Reth03","2","1","3"
"retrospectives","1","2","3"
"returnofthequeen","2","1","3"
"Reuben134","2","1","3"
"revansiddayya","2","1","3"
"revenrico","1","2","3"
"rewanco","2","1","3"
"rexanxan2005","2","1","3"
"rey767","1","2","3"
"Reyaan_GH","2","1","3"
"Reyaan_jain","1","2","3"
"ReyaanshSinha","1","2","3"
"Reyansh_Agarwal","1","2","3"
"ReyanshDP","1","2","3"
"ReyanshJaiswal_Cnova","1","2","3"
"Reyanshshah2014","1","2","3"
"reydereynas","2","1","3"
"ReyNerlingo","1","2","3"
"REYNOdeLEON","1","2","3"
"reyvua888","1","2","3"
"reywebb","2","1","3"
"Reza_gh_1382","2","1","3"
"reza_mohmadzadeh","2","1","3"
"Reza_rabi1996","1","2","3"
"Reza_Razmi","2","1","3"
"REZA1351","1","2","3"
"reza5811rF5811","1","2","3"
"reza7617018","1","2","3"
"rezaariesta","1","2","3"
"rezaatashkade","1","2","3"
"rezachoodaran","2","1","3"
"REZAneghad","1","2","3"
"rezayagobirad","2","1","3"
"Rezvi","1","2","3"
"RezyJazz","2","1","3"
"rft704","2","1","3"
"rgalrito","2","1","3"
"rgarcia241","1","2","3"
"RGJHALL009","1","2","3"
"rgm2105060148","1","2","3"
"rgmusic93","2","1","3"
"rhalts","1","2","3"
"RHargrove","2","1","3"
"rhcekih","2","1","3"
"Rheinhesse","2","1","3"
"rhemmy","1","2","3"
"RhInO_ThE_ArChEr","2","1","3"
"rhinocerosareunicorn","2","1","3"
"rhoenkind","1","2","3"
"Rhonorat","2","1","3"
"RHPerez","1","2","3"
"rhuanelias","1","2","3"
"Rhushank","1","2","3"
"rhysie_boyyy","2","1","3"
"ri99ltieri","1","2","3"
"riaanthepro4","1","2","3"
"riandospeedcubing","1","2","3"
"Riblon","2","1","3"
"rica2412","2","1","3"
"Ricah_kun","2","1","3"
"ricap","1","2","3"
"Ricarditoeldelanena","2","1","3"
"ricardo_94","1","2","3"
"Ricardo955","1","2","3"
"Ricardodelave","2","1","3"
"ricardodl12","1","2","3"
"ricardorrc14","2","1","3"
"RicardoUguet2016","2","1","3"
"Riccardo98","2","1","3"
"Richard_Allrich","1","2","3"
"Richard31988","1","2","3"
"Richardberns","2","1","3"
"richardregueiro19","1","2","3"
"RichardSparrow81","1","2","3"
"richardwhitehead","2","1","3"
"Richie_02","1","2","3"
"Richie27","1","2","3"
"RichiRuiz","1","2","3"
"richniftyrabbit","2","1","3"
"Richy3030","1","2","3"
"Richy444","1","2","3"
"RicketyRooked","1","2","3"
"rickjeschess","1","2","3"
"Rickpat69","2","1","3"
"RickSorelli","2","1","3"
"ricky26","2","1","3"
"RickyJSmith7111","1","2","3"
"RicPal76","2","1","3"
"ricplayer","2","1","3"
"RIDDHIMAN_DEB2010","1","2","3"
"RiddhiMuduli","1","2","3"
"Ridhansah","2","1","3"
"Rielej","2","1","3"
"Rig1979","2","1","3"
"Rigoberto_Rey_Mass","2","1","3"
"rigorbody","2","1","3"
"rihik99","1","2","3"
"Rikand","1","2","3"
"Rikimartin_666","2","1","3"
"rikki13","1","2","3"
"rilind","1","2","3"
"RimidalvSE","2","1","3"
"RIMMIR777","1","2","3"
"rimonsalman","2","1","3"
"Rinat_King","1","2","3"
"rinata_13","1","2","3"
"rindela","2","1","3"
"rindumuhamad","2","1","3"
"ringo3400","1","2","3"
"rino-kun","2","1","3"
"Rinox001","2","1","3"
"Rinu_Joseph","1","2","3"
"RiO7","1","2","3"
"RioAzul96","1","2","3"
"RioSenaAluno","2","1","3"
"riot_pawn","1","2","3"
"RIP_BRO","1","2","3"
"Rip_NooBro001","1","2","3"
"RIP04","2","1","3"
"RIPKeeplivin","2","1","3"
"Rirub","2","1","3"
"Ris-Of_thebeast","2","1","3"
"rish3","1","2","3"
"rishaanh","2","1","3"
"rishaanjhaveri","1","2","3"
"rishaanrajan","2","1","3"
"Rishabhsinghvvi","2","1","3"
"RISHAN_RASHEED_2013","1","2","3"
"rishat1361","2","1","3"
"rishav_sharma","1","2","3"
"rishav94805","1","2","3"
"RishawnV","1","2","3"
"rishhhhhhhhhhhhhhhhh","2","1","3"
"rishik21","1","2","3"
"rishika18","1","2","3"
"Rishikkalluru","1","2","3"
"Rishin1","1","2","3"
"RishiNarayan1410","2","1","3"
"Rishiraj14","1","2","3"
"Rising_warrior","2","1","3"
"Riskiuki","2","1","3"
"riskyrain","2","1","3"
"rispect","2","1","3"
"RissaRius","2","1","3"
"RiteshLaddha","2","1","3"
"Rithvik6","1","2","3"
"Rithwik2017","2","1","3"
"ritro070","2","1","3"
"ritschie","2","1","3"
"RITVIPANDEY30","1","2","3"
"riuuaz","2","1","3"
"rivabansal","1","2","3"
"rivareus","1","2","3"
"rivershess","2","1","3"
"rixxa","2","1","3"
"Riya_Gujar","1","2","3"
"rizayalcin","1","2","3"
"Rizbul007","1","2","3"
"RizGS","2","1","3"
"Rizkyy08","2","1","3"
"rjfyla","2","1","3"
"Rjlc10","1","2","3"
"RJosling","1","2","3"
"RK71","1","2","3"
"RKidd400","1","2","3"
"RKK1111","2","1","3"
"rkkarri","1","2","3"
"rleto98","2","1","3"
"RLo_92","2","1","3"
"rlychess","2","1","3"
"RM-GUACHALADANIEL","2","1","3"
"RMDSantos","2","1","3"
"rmendes","1","2","3"
"rmj25","2","1","3"
"RMT06","2","1","3"
"rmxk","2","1","3"
"Rnasic","1","2","3"
"rnlevene","1","2","3"
"RnnAlb","2","1","3"
"ro1997","1","2","3"
"Ro2a12","2","1","3"
"Road_Master","2","1","3"
"RoadeRor","1","2","3"
"RoadRunnerBishop","2","1","3"
"roadster252","2","1","3"
"roadto-2000","2","1","3"
"Roar89","2","1","3"
"rob3827","2","1","3"
"ROBE002","1","2","3"
"ROBE005","1","2","3"
"Robe014","2","1","3"
"ROBE015","1","2","3"
"Robert_23_05_2016","1","2","3"
"Robert_G1992","1","2","3"
"Robert_Ramazanov","1","2","3"
"RobertCardozo","1","2","3"
"robertino1210","2","1","3"
"RobertLG","1","2","3"
"Roberto_Vinci","1","2","3"
"robertoj24","1","2","3"
"ROBERTOLEEM","1","2","3"
"RobertQuilca2012","2","1","3"
"Robertro1","2","1","3"
"Robertus_23","2","1","3"
"roberv27","2","1","3"
"ROBGRIGORYAN-chess","2","1","3"
"Robi1985","2","1","3"
"robincarter","1","2","3"
"robinchristopher","2","1","3"
"robo20","2","1","3"
"robot37","1","2","3"
"robotdub","1","2","3"
"RobotTavukk","1","2","3"
"Robpsy","2","1","3"
"robroblinson","2","1","3"
"Robson2","2","1","3"
"robsonbjj","2","1","3"
"Robung","1","2","3"
"Robz42","1","2","3"
"ROCHACRUZ","2","1","3"
"rochacv","1","2","3"
"rochakshrestha","1","2","3"
"rochee","2","1","3"
"rochessjump","2","1","3"
"Rochev","2","1","3"
"Rock_Ed","2","1","3"
"Rocket322","2","1","3"
"rockingking","2","1","3"
"RockSmasher10","2","1","3"
"Rocksterhemanth","1","2","3"
"rodeokuchen","1","2","3"
"Rodion2022","2","1","3"
"Rodion29091981","1","2","3"
"RodislavVq","1","2","3"
"RodMan2","1","2","3"
"rodmer","1","2","3"
"Rodok15","2","1","3"
"rodolfo-sjc","2","1","3"
"rodolfo10","2","1","3"
"rodq524","2","1","3"
"Rodri7772017","1","2","3"
"Rodrich89","1","2","3"
"rodrickm","1","2","3"
"rodrigo-orihuela","2","1","3"
"Rodrigoben","1","2","3"
"rodrigocroce","1","2","3"
"RodrigoFigueroa","2","1","3"
"rodriguesm","1","2","3"
"Rodrizoro","1","2","3"
"Roedor2010","1","2","3"
"Roel-107","2","1","3"
"Rogalskiy","1","2","3"
"Roger_09","1","2","3"
"rogergibson","1","2","3"
"rogerj23","2","1","3"
"RogerKnight","2","1","3"
"RogersDaniels","1","2","3"
"rogi95","2","1","3"
"RogoC","1","2","3"
"rohammavali","2","1","3"
"Rohan_Nsingh","1","2","3"
"Rohana2009","1","2","3"
"rohanpalla777","2","1","3"
"rohansangada","1","2","3"
"Rohit_1201","2","1","3"
"Rohit_mayekar","1","2","3"
"Rohit324","2","1","3"
"roi_norris","1","2","3"
"Rokatis","1","2","3"
"roky2021","2","1","3"
"Rolandio_saori","1","2","3"
"Rolando2021","2","1","3"
"rolandslapa","1","2","3"
"RolfArancibia","2","1","3"
"rollofdimes","2","1","3"
"rolypolly","2","1","3"
"rom-apelsin10_lis","1","2","3"
"Rom1995Rom","2","1","3"
"RomaAlena","2","1","3"
"romain73100","1","2","3"
"Roman_2016G","1","2","3"
"ROMAN_4050","1","2","3"
"Roman_567","2","1","3"
"RomaN_Empire_W","1","2","3"
"Roman_Nikichkin","1","2","3"
"roman_poutanen","2","1","3"
"Roman-19","2","1","3"
"Roman0509","1","2","3"
"Roman2002","2","1","3"
"Roman4-30","1","2","3"
"Roman8287","1","2","3"
"Roman9130","2","1","3"
"RomanAiupov","2","1","3"
"RomanAnd","1","2","3"
"RomanBizon","2","1","3"
"romanermishin","1","2","3"
"RomanGuru46","1","2","3"
"RomanIlyin","2","1","3"
"romanizusov","1","2","3"
"RomanKul14","2","1","3"
"romanmodin","1","2","3"
"Romanones","1","2","3"
"Romanoski","1","2","3"
"Romant1k","1","2","3"
"RomanVasiltsov","1","2","3"
"Romanzez","2","1","3"
"Romasito","1","2","3"
"Romassanta","1","2","3"
"RomaStaT","2","1","3"
"romb42","1","2","3"
"romchik19","2","1","3"
"Rome16003","1","2","3"
"ROMEMO","1","2","3"
"romeo12728","1","2","3"
"RomeoMoreno","2","1","3"
"romerokkk","1","2","3"
"Romje77","1","2","3"
"romka20","1","2","3"
"Romsaw","1","2","3"
"Romulya250","1","2","3"
"Ron82","2","1","3"
"Ronald_McCheckmate","1","2","3"
"Ronald6447","1","2","3"
"Ronaldin_kasim","1","2","3"
"Ronaldo1983","1","2","3"
"RonaldoManu77","1","2","3"
"ronaldor0","1","2","3"
"Ronaldsosa","1","2","3"
"Ronan974","2","1","3"
"ronavrupesh","1","2","3"
"rondeno","2","1","3"
"rOne1","1","2","3"
"RONIEL","2","1","3"
"ronin1331","1","2","3"
"roniron","2","1","3"
"RonKroening","1","2","3"
"Ronninc","2","1","3"
"Ronnny","2","1","3"
"Ronok","2","1","3"
"ronroneo95","1","2","3"
"RonyDey","2","1","3"
"rookboy","1","2","3"
"ROOKIEBOYZZ","1","2","3"
"ROOKY35","1","2","3"
"RookyPhil","1","2","3"
"Roosh007","1","2","3"
"roosmic","2","1","3"
"Rooth88","2","1","3"
"roro_pirroro","2","1","3"
"roryd97","2","1","3"
"roscoe447","1","2","3"
"rose972","1","2","3"
"RoseDancer","2","1","3"
"RoseGrand3","2","1","3"
"Rosen_Petrov","1","2","3"
"rosenfim","1","2","3"
"Rosh18","2","1","3"
"roshada","1","2","3"
"roshan0034","2","1","3"
"Roshao","2","1","3"
"rosko_t","1","2","3"
"rossar","2","1","3"
"Rost2016","2","1","3"
"rost66","1","2","3"
"Rostislav_Domashenko","1","2","3"
"rostislav2014","1","2","3"
"rota29","2","1","3"
"RounakPassari","2","1","3"
"Roximous","2","1","3"
"roy0922","1","2","3"
"Royenroy","2","1","3"
"royeritavera","1","2","3"
"RoyJennings","2","1","3"
"royoi","2","1","3"
"rozesky2","2","1","3"
"RP32-1","2","1","3"
"rpelayo","2","1","3"
"rplanas","2","1","3"
"rpvaidya","1","2","3"
"rrijcken","2","1","3"
"Rrk9988","1","2","3"
"rrrchess0707","1","2","3"
"RRRodrigo","2","1","3"
"RRrr12345","2","1","3"
"RSasha_11","2","1","3"
"rslarslan","1","2","3"
"rsudhs","2","1","3"
"rsve","2","1","3"
"rtk_74_S","2","1","3"
"rtnewlon","1","2","3"
"RTNSCION","2","1","3"
"rtobi","2","1","3"
"rtropp","1","2","3"
"Rtucci1995","1","2","3"
"ruahypnotist1356","1","2","3"
"Ruairi_G","1","2","3"
"RubberDuckRider","2","1","3"
"RUBE1403","1","2","3"
"ruben_laan","2","1","3"
"rubens876","1","2","3"
"Ruberval","2","1","3"
"rubio0","1","2","3"
"Ruby_KabBogor","1","2","3"
"Rucoide","1","2","3"
"rudolfrednosepanda","1","2","3"
"Rudowil","1","2","3"
"rudrarathi1234","2","1","3"
"ruDveD","2","1","3"
"RudyLegend","2","1","3"
"Ruenrin","2","1","3"
"Ruessel11","2","1","3"
"Ruesselmaus","2","1","3"
"Rufan","2","1","3"
"RufusStones","1","2","3"
"Ruha777","1","2","3"
"ruholla_j","1","2","3"
"RuisseauXVII","2","1","3"
"Ruletenburg","1","2","3"
"rulevvita","1","2","3"
"rumgeorge2","2","1","3"
"rumkokos","1","2","3"
"RumpelsArmee","2","1","3"
"Rumput_laut","1","2","3"
"runamuck","2","1","3"
"Runner2020","2","1","3"
"runnerduck","2","1","3"
"Runnerpinza","1","2","3"
"RupayaanGuha","2","1","3"
"Rupesh07369","2","1","3"
"Rupeshjca1","1","2","3"
"rupeshkothari0190","2","1","3"
"rusanmykurs_1","2","1","3"
"RusCherry","2","1","3"
"rusHilRaval1711","1","2","3"
"Rushrox","1","2","3"
"RusJRC_005","1","2","3"
"ruslanmaksytov","1","2","3"
"RuslanMaster","1","2","3"
"ruslannk","1","2","3"
"RuslanPopov","2","1","3"
"Ruslanramil","1","2","3"
"RuslanSattarov","1","2","3"
"rusocon437","2","1","3"
"rusone","1","2","3"
"RussellCrow","1","2","3"
"RussianRoulette84","1","2","3"
"Russo501","2","1","3"
"russpearce","1","2","3"
"Rustam_Hakimov","1","2","3"
"RustamK_2","2","1","3"
"RustyShacklford","1","2","3"
"Ruta66","1","2","3"
"RutgerFot","1","2","3"
"Ruth-28a","1","2","3"
"ruthlessdr","2","1","3"
"ruthruth","1","2","3"
"Ruttu","2","1","3"
"Rutx14","1","2","3"
"RuubenJD","2","1","3"
"Ruyan2004","1","2","3"
"RvaHfz","1","2","3"
"rvlieshout","2","1","3"
"rvm123","1","2","3"
"RVUchess","2","1","3"
"Ryal8","2","1","3"
"RyanAgbunag_Frisco05","1","2","3"
"ryann23m","1","2","3"
"ryansharma2016","1","2","3"
"Rycman","1","2","3"
"Rydeezy2222","2","1","3"
"rynok90","1","2","3"
"Ryrikov1977","1","2","3"
"Ryugine","2","1","3"
"Ryyoo0o","2","1","3"
"Rzavaya_Lyarva","1","2","3"
"rzenma","1","2","3"
"Rzqabazyd","2","1","3"
"s_1","1","2","3"
"S_Azola31-23","2","1","3"
"S_Burrito","1","2","3"
"S_Doctor_Doom_S","2","1","3"
"S_E_98","1","2","3"
"S_ficher","1","2","3"
"S_Forward33","1","2","3"
"s_gavrilov","2","1","3"
"S_m11","2","1","3"
"s_pozharskiy","2","1","3"
"s_sr_dibaji","2","1","3"
"S_Vickash","1","2","3"
"S-okol","2","1","3"
"s0bakamazafaka","1","2","3"
"S0crates19","2","1","3"
"s0sid7","1","2","3"
"S1967-K","2","1","3"
"s1ngergod","2","1","3"
"S27003081","2","1","3"
"S2939m1390","2","1","3"
"S3rgefaberge","2","1","3"
"S4an4ik","2","1","3"
"s4msky","2","1","3"
"s4nk4t","2","1","3"
"S4nonyms","2","1","3"
"s777money77","1","2","3"
"Saadatjou0","1","2","3"
"SaadIbrahim","1","2","3"
"saadshaheen","2","1","3"
"SAAndrew0205","1","2","3"
"Saathvik_om_2015","2","1","3"
"Saatvik1256","1","2","3"
"saavigps","2","1","3"
"sabansaban","1","2","3"
"Sabar0","1","2","3"
"Sabarish_Sureshkumar","1","2","3"
"SABBEthanNewman","1","2","3"
"Sabinol","1","2","3"
"Sabir111","1","2","3"
"SaboorYunus","1","2","3"
"saboteamos","2","1","3"
"sabri2588","2","1","3"
"sabry12","2","1","3"
"sabry22","2","1","3"
"SabryBei","2","1","3"
"SabuJacob","1","2","3"
"SABWJensM","2","1","3"
"saccal","2","1","3"
"Sacha1960","1","2","3"
"sachatenea","2","1","3"
"Sachin-Aryal","2","1","3"
"sachinjais","2","1","3"
"sachistaradek4","1","2","3"
"sachovekure2100","1","2","3"
"sad_loon","1","2","3"
"sadamc12","2","1","3"
"Sadashiii","1","2","3"
"Sade200705","1","2","3"
"Sadegh22-iran","1","2","3"
"sadegh9332","2","1","3"
"sadettinyumusak","2","1","3"
"sadgen","1","2","3"
"sadikusta","2","1","3"
"Sadilla_Arif_2015","2","1","3"
"Sadjar","1","2","3"
"sadkilefo","1","2","3"
"sadmoro","2","1","3"
"sadocelik","1","2","3"
"sadouom00","1","2","3"
"sadra_k","2","1","3"
"Sadradehghani93","1","2","3"
"sadrarashidi2018","1","2","3"
"SADUEV_MALIK99","1","2","3"
"saeed_mp","1","2","3"
"saeed_n13","1","2","3"
"saeed3030","1","2","3"
"saeedjalal","2","1","3"
"Saeedmehrabi","2","1","3"
"Saeid-BDK","2","1","3"
"Saeidkarimzadeh","1","2","3"
"saerdnaa","1","2","3"
"SaFa12","1","2","3"
"Safi0698606069","1","2","3"
"Safiia2204","1","2","3"
"safron","2","1","3"
"saftlecker","1","2","3"
"sagarpareek","1","2","3"
"Sagatara","1","2","3"
"sagaz2023","1","2","3"
"sagemaster01","1","2","3"
"sagert","2","1","3"
"sagiee","1","2","3"
"sah35","1","2","3"
"SAH6Landen","2","1","3"
"sahana_sadurangam","2","1","3"
"sahapvandal","2","1","3"
"Sahibenkimim","2","1","3"
"sahil01","1","2","3"
"sahilsucksatlife","1","2","3"
"sahiprah","2","1","3"
"Sahithi14","1","2","3"
"Sahivan22","1","2","3"
"SaHMaT-54","2","1","3"
"sahmatkrsm","1","2","3"
"sahs2ci","2","1","3"
"sahyarthur","1","2","3"
"SAHYConnor","1","2","3"
"SAHYMichaela","1","2","3"
"sahynathan","2","1","3"
"sai_0149","1","2","3"
"sai_222","2","1","3"
"sai_zelda","1","2","3"
"Sai2013Vijayakumar","2","1","3"
"saibot45","2","1","3"
"Saichess246","2","1","3"
"said2016","1","2","3"
"said63","2","1","3"
"Saida25","2","1","3"
"Saidabdivahob","2","1","3"
"Saiddjafer","2","1","3"
"saidelmasry11","1","2","3"
"saigar","2","1","3"
"Saigowtham19","1","2","3"
"Saikat360","2","1","3"
"SaikumarBali","1","2","3"
"SAIMKAMAL","1","2","3"
"Sainbayar_1973","1","2","3"
"saint_martin7","2","1","3"
"Saisamar16","2","1","3"
"saisamruddhi","1","2","3"
"saiskanda1ha","1","2","3"
"saisridhruthi","1","2","3"
"saitberk","2","1","3"
"Sajad13841395","2","1","3"
"sajad87","1","2","3"
"sajadalinia2","2","1","3"
"sajadazizi","2","1","3"
"sajadbahar","1","2","3"
"sajadkarimi78","2","1","3"
"sajal","2","1","3"
"sajeebhossain","2","1","3"
"sajeevk","1","2","3"
"Sajeevkumaros","2","1","3"
"sajeshkuttapy","2","1","3"
"Sajib","1","2","3"
"sajib_readd","1","2","3"
"sajjad7234","1","2","3"
"sajmons","2","1","3"
"Sakamitsu","1","2","3"
"Sakanesashi","1","2","3"
"saketh016","2","1","3"
"Saketsahu","2","1","3"
"Sakhalinec86","2","1","3"
"sakisa14","2","1","3"
"Sakkmatt2012","1","2","3"
"SaKoHii","1","2","3"
"Saksaa","1","2","3"
"Sakshamgupta11","2","1","3"
"Sakshamsethia","2","1","3"
"Sakshi_0400","1","2","3"
"Sakthi20","2","1","3"
"salaba","1","2","3"
"SaladFingersUnchain","1","2","3"
"Salah_legend","2","1","3"
"Salah_Sareeh","1","2","3"
"SALAH-7","2","1","3"
"Salah01","2","1","3"
"SalaiDharun","1","2","3"
"Salam03","1","2","3"
"salama3651","2","1","3"
"Salamasond","2","1","3"
"SalamonPrime","2","1","3"
"Saleh_27","2","1","3"
"saleh1993","1","2","3"
"salehtoofan","1","2","3"
"salemioche","2","1","3"
"salfer","2","1","3"
"salgaonkar_s","2","1","3"
"Salih_167","2","1","3"
"salih_89","2","1","3"
"Salihgenel_2","1","2","3"
"Salim69500","1","2","3"
"SalioniPaulo","1","2","3"
"Salli28","1","2","3"
"Salling","2","1","3"
"Salm22","1","2","3"
"Salman_MA","2","1","3"
"Salman0404","2","1","3"
"Salman3995","2","1","3"
"SalmanMurshed","2","1","3"
"Salmone1993","1","2","3"
"Salomancer07","1","2","3"
"salosti","2","1","3"
"Saltcandy03","1","2","3"
"saltymaccas","2","1","3"
"salvamarEd","1","2","3"
"Salvaz","1","2","3"
"Sam_20101999","1","2","3"
"Sam_20133","2","1","3"
"Sam_Boadas","1","2","3"
"Sam_Cambuci","2","1","3"
"Sam_Johns","1","2","3"
"Sam_Shahhosseini","2","1","3"
"sam020603","1","2","3"
"sam5566","2","1","3"
"Sama1971","2","1","3"
"samabite","1","2","3"
"samad_asl","2","1","3"
"Samaneh91","1","2","3"
"samanvay1997","2","1","3"
"Samar0504","1","2","3"
"Samara-222","1","2","3"
"Samara-NWC","2","1","3"
"Samarth012","2","1","3"
"SAMARTH3KAMERKAR","2","1","3"
"SamAskew","2","1","3"
"Samat199","1","2","3"
"SamayRajat","1","2","3"
"samaz01","2","1","3"
"Sambaae","2","1","3"
"Sambolero","1","2","3"
"SamboraHak","1","2","3"
"Samchess321","1","2","3"
"samedsen","1","2","3"
"Sameer_agarwal","1","2","3"
"sameerchess7","2","1","3"
"sameh_Jacob","1","2","3"
"samehomran1194","2","1","3"
"samerh1974","2","1","3"
"Samesios","1","2","3"
"sametaliege","2","1","3"
"sametkosar","1","2","3"
"SamFisher","1","2","3"
"SAMI10K","2","1","3"
"Samialp78","1","2","3"
"samida","1","2","3"
"samihHassan77","1","2","3"
"Samiii7","2","1","3"
"samiijunior","2","1","3"
"SamikIndian","1","2","3"
"samilieva","1","2","3"
"samilkivanc","1","2","3"
"samim_qayssar","2","1","3"
"samirElhanafy","1","2","3"
"SAMIRSAMIR2023","1","2","3"
"samirtaleb1984","1","2","3"
"samirzanaty","1","2","3"
"samitrailleadjire","1","2","3"
"samkebb","2","1","3"
"samkof","1","2","3"
"samkyoto","1","2","3"
"Sammy0709","2","1","3"
"Sammy1002","1","2","3"
"sammyp","2","1","3"
"samoss","2","1","3"
"SamovolE","1","2","3"
"Sampath_06","1","2","3"
"Sampolof","1","2","3"
"Samsaad50","2","1","3"
"samsidd13","2","1","3"
"samstlaurent","2","1","3"
"samT-T","2","1","3"
"SamT120","2","1","3"
"Samtal333","1","2","3"
"SamtheStoic37","1","2","3"
"Samu1729","1","2","3"
"Samu2804","2","1","3"
"Samuel_marques","1","2","3"
"Samuel_Medina116","2","1","3"
"Samuel2010M","2","1","3"
"samuel2223","1","2","3"
"Samuel64400","2","1","3"
"SamuelD1","2","1","3"
"Samuele_Gentilino","1","2","3"
"samuelmbar","1","2","3"
"samuelogu","1","2","3"
"samuraibattal","1","2","3"
"samved28","1","2","3"
"samwells210","1","2","3"
"samyak3412","2","1","3"
"samyakjain3112","2","1","3"
"Samyragb","2","1","3"
"San-130667","2","1","3"
"sanades_chan","1","2","3"
"sanaii","1","2","3"
"sanbunzakara","1","2","3"
"sanchezsuperyury","1","2","3"
"Sancho_Panso","2","1","3"
"Sand69","2","1","3"
"sandeep1199","1","2","3"
"sandeepsingh_81","2","1","3"
"SandeepT007","2","1","3"
"Sanderos7","2","1","3"
"sandi2000","1","2","3"
"sandipraj100","1","2","3"
"sandipvchavan9","1","2","3"
"Sandokan_K","2","1","3"
"Sandor-Clegane","2","1","3"
"SandraM31","2","1","3"
"sandrao4004","1","2","3"
"Sandreiven","1","2","3"
"sandrine61","1","2","3"
"sandrojr","1","2","3"
"sandsotormworm","1","2","3"
"SandwichMaster","2","1","3"
"SandwichTheorum","1","2","3"
"SandyDanger","2","1","3"
"sandyraj","2","1","3"
"Sane4eg","1","2","3"
"sanechka198","2","1","3"
"sanek_vasilek","2","1","3"
"SaneleMdluli","2","1","3"
"sanfire_btw","2","1","3"
"Sanflogal","2","1","3"
"sangeetha113","2","1","3"
"Sanghiatoru","2","1","3"
"SanGot","2","1","3"
"sangucherito","1","2","3"
"sangvu","1","2","3"
"SANJAYK8722","2","1","3"
"SanjeevSreekanth","2","1","3"
"sanjula_ihinsa","1","2","3"
"sankalpkundu","2","1","3"
"Sankar_v","2","1","3"
"Sanket120607","1","2","3"
"sanlee1024","2","1","3"
"SannyM","2","1","3"
"Sanojviswam","2","1","3"
"sanosf","2","1","3"
"sanpedrosula1993","2","1","3"
"Sanrio123go","1","2","3"
"SanS35","2","1","3"
"Sansara16","1","2","3"
"Sansen1","2","1","3"
"SANSGURU","1","2","3"
"sanskar_2965","1","2","3"
"sanssoleil87","1","2","3"
"Santaclaus101","1","2","3"
"santhaguru","1","2","3"
"santhob1983","1","2","3"
"santhoshinikotra","1","2","3"
"santiago_655","2","1","3"
"Santiago_L","2","1","3"
"Santiago-Beltrame","1","2","3"
"Santiago1300","2","1","3"
"santiago26rivera","1","2","3"
"Santiago4-69","1","2","3"
"santiagoandres","1","2","3"
"SantiagoChaves","1","2","3"
"SantiagoCLEM","1","2","3"
"santileon2022","2","1","3"
"santisantos","1","2","3"
"santo_boii","1","2","3"
"santoghosh","2","1","3"
"santos1102","2","1","3"
"Santoshaaaaaaaa","1","2","3"
"SantRafVer","2","1","3"
"santrinesia","1","2","3"
"SaNwAliStIc","1","2","3"
"Sany-2021-1973","1","2","3"
"SanyaChempik","2","1","3"
"SanyiEgyszerCsak","2","1","3"
"saphinidy","2","1","3"
"Sapoo76","2","1","3"
"sapphophaon","1","2","3"
"Sappy1907","2","1","3"
"Sapqrol3929","1","2","3"
"sapta18","2","1","3"
"saptonodhaf","1","2","3"
"SaqibHussain","2","1","3"
"sar16","1","2","3"
"sara4400","1","2","3"
"sarangdeshpande","1","2","3"
"Sarath_Chandra","2","1","3"
"Sarath1991","2","1","3"
"saravana_Bruce","1","2","3"
"Sarcar_122","1","2","3"
"sarcartik","2","1","3"
"Sarda_chess","1","2","3"
"Sardar2022","2","1","3"
"sardinia","2","1","3"
"Sardur","1","2","3"
"SARGISHAKOBIAN","1","2","3"
"SargsyanGor","2","1","3"
"sarika06092013","2","1","3"
"SarisinBomba","1","2","3"
"Sarjanajanu","2","1","3"
"sarkankarim","1","2","3"
"sarkuysan1974","1","2","3"
"SARONoahBalderas","1","2","3"
"sarpkrkmz","2","1","3"
"Sarriste","1","2","3"
"Sarrom123","2","1","3"
"Sarthakkm","2","1","3"
"sarvagyatiwarii","2","1","3"
"Sarvesh_Saravanan","1","2","3"
"sarveshjoshi8","1","2","3"
"SAS-88","1","2","3"
"sasa1111","2","1","3"
"Sasa1966","2","1","3"
"Sasa1970","2","1","3"
"sasalukic69","2","1","3"
"sasan11111111","1","2","3"
"sasansosmar","2","1","3"
"sascha05","2","1","3"
"Sash_A","1","2","3"
"sasha_chornyi","1","2","3"
"Sasha_Kraybeda2015","1","2","3"
"SASHA-1328","1","2","3"
"sasha-Or","1","2","3"
"Sasha122013","2","1","3"
"Sasha545818","1","2","3"
"Sasha567889","1","2","3"
"Sashaqqqqqqq","2","1","3"
"SashaRozov","2","1","3"
"SashaYunusov","2","1","3"
"SashaZaika","1","2","3"
"SASHOK_601","1","2","3"
"sasikiranm","1","2","3"
"Sasmi_Sanalya2","1","2","3"
"sastidev","1","2","3"
"sate2517","1","2","3"
"Satelyx","2","1","3"
"sathChess06","2","1","3"
"sathvik_s10","2","1","3"
"sathyaraja","2","1","3"
"sathyarocker","1","2","3"
"Sathyavarman","1","2","3"
"Sati27","2","1","3"
"satiar1","2","1","3"
"SatishPrajapati_92","2","1","3"
"Satoru735","2","1","3"
"satrancin_fatihi","2","1","3"
"satrancmiri","2","1","3"
"satrio_gaming","1","2","3"
"sattar_mombeini30","1","2","3"
"sattari","1","2","3"
"Sattorov_Zafar","2","1","3"
"sattuu7","2","1","3"
"Saturn555","2","1","3"
"saturne01","1","2","3"
"Saturnlu","2","1","3"
"Satvik1716","1","2","3"
"Satyamtomer","2","1","3"
"Saudi_Tiger","2","1","3"
"Saug","2","1","3"
"Saul_Tarvitz","1","2","3"
"SaulesStars","1","2","3"
"saulgeitz","1","2","3"
"saulodanone","2","1","3"
"Saumikbiswas2022","2","1","3"
"SaurabhShuklaUP","2","1","3"
"sauravdas","2","1","3"
"saurom21","2","1","3"
"Savchuk1279","2","1","3"
"SavCIK38","1","2","3"
"SaveliiPasuev","1","2","3"
"Savigos","1","2","3"
"savkee","2","1","3"
"SavkinArtem","1","2","3"
"savyashachi","2","1","3"
"sawanakomagchess","1","2","3"
"SAWBStanley","1","2","3"
"SAWHanjyu","1","2","3"
"saxmanchess","2","1","3"
"saxwarrior","2","1","3"
"sayan2005","1","2","3"
"Sayana_makhmut_2012","2","1","3"
"SayedElbaz55","1","2","3"
"sayrussk","2","1","3"
"sayurulonidu2017","1","2","3"
"Sayuti_AR","2","1","3"
"sb143","2","1","3"
"sb2000001","1","2","3"
"SB422","2","1","3"
"SBbhat","1","2","3"
"SBEA314","2","1","3"
"sbeld1985","1","2","3"
"sbGross","1","2","3"
"SBHN_01","2","1","3"
"sbr37","2","1","3"
"SC2_GrandMaster","1","2","3"
"Sca3","2","1","3"
"Scaabiline","2","1","3"
"scare4e5","2","1","3"
"scavare","1","2","3"
"scha79","1","2","3"
"Schaakheer","1","2","3"
"Schabello","2","1","3"
"Schach_und_matt","2","1","3"
"schachking1","1","2","3"
"schachmatt69","2","1","3"
"schachpelz","1","2","3"
"Schachrin","2","1","3"
"Schachspielen26","2","1","3"
"SchaftO","2","1","3"
"scheltiw","2","1","3"
"schevesnikov","1","2","3"
"Schimmelschafer","2","1","3"
"schizophrenic008","1","2","3"
"SCHLAGBAU","2","1","3"
"schlau3000","1","2","3"
"schleb","2","1","3"
"Schleicher-SWE","1","2","3"
"Schlepphoden","1","2","3"
"Schlotti","2","1","3"
"schnicomuck","2","1","3"
"schnitGurl","2","1","3"
"schoeni123","1","2","3"
"schogux","2","1","3"
"Schoolboi_D","1","2","3"
"Schopenhauer_leGoat","2","1","3"
"schorse070750","1","2","3"
"Schtorm","1","2","3"
"schultz46","2","1","3"
"Schwan111","1","2","3"
"SchwarzerSamurai","2","1","3"
"Schwarzkopf123","1","2","3"
"schwimmel69","1","2","3"
"Sciemek","1","2","3"
"Scofield0227","2","1","3"
"sconvolt","2","1","3"
"Scorbton","1","2","3"
"ScoreggiaCalda","1","2","3"
"scorp10n88","1","2","3"
"Scorp3P","2","1","3"
"ScorpionWyatt","2","1","3"
"Scourgeeeeeee","2","1","3"
"Scrip_qr","1","2","3"
"Scrivs","1","2","3"
"ScrotoDiPollo","1","2","3"
"scthiago01","2","1","3"
"Sculp","1","2","3"
"scumbird","2","1","3"
"sd03112012","1","2","3"
"SDAD-ALopez","2","1","3"
"SDAD-AReyes","1","2","3"
"SDAD-JaazielRod","1","2","3"
"SDAD-SPerez","2","1","3"
"SDAD-wOrantes","1","2","3"
"sdhes15","1","2","3"
"sdorf","2","1","3"
"sdsD1","2","1","3"
"SDTKHAN","1","2","3"
"Se_Que_Ves","1","2","3"
"se-we-ryn","1","2","3"
"seagrave333","2","1","3"
"sean_but_late","1","2","3"
"sean853","2","1","3"
"seanherrera","1","2","3"
"seankyng","2","1","3"
"Seanpoe85","2","1","3"
"SeanWiseman","2","1","3"
"Seawalker","1","2","3"
"Seb4b","2","1","3"
"Seba_79","1","2","3"
"sebaha","1","2","3"
"sebamallo","1","2","3"
"sebams92","1","2","3"
"Sebascia","2","1","3"
"SebasN","2","1","3"
"Sebastian_Ml","2","1","3"
"sebastian_STJ124","1","2","3"
"Sebastianalves","2","1","3"
"SebastianCarlo","2","1","3"
"sebastiangon","1","2","3"
"SebastianSS-LFA","2","1","3"
"Sebastianuribe","2","1","3"
"SebCay","2","1","3"
"Sebdu92","1","2","3"
"sebpad","2","1","3"
"SecondaryDominant","1","2","3"
"SecondBathtub","2","1","3"
"secretmane","2","1","3"
"Sedanova","2","1","3"
"Seeelefant","1","2","3"
"seefck","1","2","3"
"seeluk","2","1","3"
"seezar_974","2","1","3"
"sefasenturk2012","2","1","3"
"Segamegadrive1985","2","1","3"
"SeguChess","2","1","3"
"sehasvindeeu2016","2","1","3"
"Sehope","1","2","3"
"Sei_31","2","1","3"
"seifeer","1","2","3"
"seiframy","1","2","3"
"SejunUrban_202020","2","1","3"
"sekersukiz","2","1","3"
"sekoz128","1","2","3"
"Selenelion","1","2","3"
"selgiuchide2","1","2","3"
"seli1976","1","2","3"
"Selim_babacan","2","1","3"
"Selinker","2","1","3"
"Sellier","1","2","3"
"Selmonbhoi2004","2","1","3"
"selo68","2","1","3"
"Selo7373","1","2","3"
"selovarian","2","1","3"
"Selvajan","1","2","3"
"Selvamanasas","2","1","3"
"sema2012","2","1","3"
"semaoui47","2","1","3"
"semen_kosyachenko","1","2","3"
"Semenov-Nikita","2","1","3"
"SemenVE","1","2","3"
"semih200","1","2","3"
"semih3366","1","2","3"
"SemihDemir","2","1","3"
"Semkovo","1","2","3"
"Semmelfisch","1","2","3"
"semolesifile","2","1","3"
"Semurg7","2","1","3"
"sencherat","2","1","3"
"Sene-ca","2","1","3"
"seneca99104","1","2","3"
"sengoz","2","1","3"
"seniorrossi2","2","1","3"
"Senor_Wule","1","2","3"
"senseiontheblock","2","1","3"
"senseofhumour-s","2","1","3"
"sentiXmental","2","1","3"
"sentorr","2","1","3"
"Senuja_Udugampola","1","2","3"
"SenujiDNL","2","1","3"
"senuruwan","2","1","3"
"Senya_14","2","1","3"
"Senya87","1","2","3"
"Senzor","1","2","3"
"Seo46","1","2","3"
"seowzhiyong","1","2","3"
"sepehrikhatibi","2","1","3"
"sepehrsoltani88","1","2","3"
"sepulvedark","2","1","3"
"ser7308","1","2","3"
"Seraj00","2","1","3"
"seraksuba","2","1","3"
"serbi","2","1","3"
"serbianbrynza","1","2","3"
"serbindmitry","1","2","3"
"serdar0072001","1","2","3"
"serdarkocc","2","1","3"
"serdarkrc00","1","2","3"
"SERDCEED24","1","2","3"
"Serder70","2","1","3"
"SeregaSad","1","2","3"
"Seregasb82","1","2","3"
"Seregunchic","2","1","3"
"serejayka","1","2","3"
"serenevenkiy","2","1","3"
"serensariyar","1","2","3"
"serg_m_123","2","1","3"
"Serg21150","2","1","3"
"Sergei_Al","1","2","3"
"SergeiBov","2","1","3"
"SergeiGaideek","1","2","3"
"sergejj-domrachev","2","1","3"
"sergeverdi","1","2","3"
"sergey_cherkaev","2","1","3"
"Sergey_GoR","2","1","3"
"sergey_khizhnyak","1","2","3"
"Sergey_Saushev","2","1","3"
"Sergey_Tula","2","1","3"
"Sergey_Vet","2","1","3"
"Sergey_Vorobyov","1","2","3"
"Sergey1202","1","2","3"
"Sergey224","1","2","3"
"Sergey2403","1","2","3"
"sergey487","1","2","3"
"Sergey707","2","1","3"
"SergeyKolomytsev","1","2","3"
"SergeyKovalev","1","2","3"
"SergeySG1967","1","2","3"
"sergeysni888","1","2","3"
"sergeysvrm","2","1","3"
"SergeyTIM","1","2","3"
"SergeyZaitsev","2","1","3"
"SergFilippov","2","1","3"
"SergFill","2","1","3"
"Sergi-s","1","2","3"
"sergiksv","2","1","3"
"Serginhobr25","1","2","3"
"Sergio_Vazquez_Val","2","1","3"
"Sergio_X","2","1","3"
"Sergio1712","2","1","3"
"Sergio2311","1","2","3"
"Sergio2410","2","1","3"
"Sergioa83","2","1","3"
"sergiobr1996","2","1","3"
"SergioDennis","2","1","3"
"sergiodias123","1","2","3"
"sergiogallo94","1","2","3"
"sergita","2","1","3"
"Sergiu-Andrei_150515","2","1","3"
"Sergiuspolis","2","1","3"
"Sergiysss","2","1","3"
"sergnikred","2","1","3"
"sergo48","2","1","3"
"SERGOGEORGIEV","2","1","3"
"SergoSochi24","1","2","3"
"Sergychess92","1","2","3"
"Serhiiz","1","2","3"
"serif_bingll","2","1","3"
"seriousTomato","1","2","3"
"Serj_se","2","1","3"
"Serj1ksm","1","2","3"
"Serjeus","1","2","3"
"serkancambazzz","2","1","3"
"sermak2808","2","1","3"
"serpanteen","1","2","3"
"serrgent","1","2","3"
"serrojo","1","2","3"
"Sersuper","2","1","3"
"sertino1","1","2","3"
"SeryiVolk683","1","2","3"
"Seryoga-Zolotukhin","2","1","3"
"Sesali09","2","1","3"
"sesanilim","1","2","3"
"setcenter","1","2","3"
"SetecAstronomy","2","1","3"
"sethu-sriram","1","2","3"
"sethunathkm","2","1","3"
"Seva16","2","1","3"
"sevast14","2","1","3"
"sevastianenko2015","1","2","3"
"sevawzi10","2","1","3"
"seven_august","1","2","3"
"seven2209","1","2","3"
"seventeen_5ve","1","2","3"
"SeVeR90","1","2","3"
"severelyoverrated","1","2","3"
"sevginaltin","1","2","3"
"sevilamz2018","2","1","3"
"Sevilmiyorum2","2","1","3"
"sevket01","2","1","3"
"sevmem54","2","1","3"
"SexySchachDieter","2","1","3"
"Seyf89","2","1","3"
"Seyfetti","1","2","3"
"seyidov_grandmaster2","1","2","3"
"Seymur07-01","2","1","3"
"SEZAI_H","1","2","3"
"sfaridus","1","2","3"
"Sfhjklmm20","1","2","3"
"sflores72391","2","1","3"
"SG017","1","2","3"
"sg205235","2","1","3"
"sgmfrht","1","2","3"
"sgreiner90","1","2","3"
"SGT26","2","1","3"
"SH_008","2","1","3"
"sh1ftik","2","1","3"
"Sh4raf","2","1","3"
"SHA-verma","2","1","3"
"sha99y","2","1","3"
"shaabanyusuf","1","2","3"
"Shaabullaz","1","2","3"
"ShaanMitra","1","2","3"
"ShaaravUdupa12345","2","1","3"
"shaartah","2","1","3"
"SHABANWOLW","2","1","3"
"Shabdan_321","1","2","3"
"shabona","2","1","3"
"ShadikGame","2","1","3"
"shadow_1505","1","2","3"
"shadow2shek","1","2","3"
"ShadowKnight27","1","2","3"
"SHADOWv001","1","2","3"
"shadowx-2","2","1","3"
"shady_avao","1","2","3"
"shaell","2","1","3"
"Shafranova_Darya","1","2","3"
"shagerd980","1","2","3"
"shaggyswaggy","1","2","3"
"Shagval","1","2","3"
"shah-ali","2","1","3"
"Shah-bangladesh","2","1","3"
"shahab1497","1","2","3"
"ShahabNorouzi","1","2","3"
"shahabtheking","2","1","3"
"shahini1394","2","1","3"
"shahmarAli","2","1","3"
"Shahmatyga","2","1","3"
"shahram13477","2","1","3"
"shahramp","2","1","3"
"shahramtahmasebi","2","1","3"
"shahreszan80","2","1","3"
"shahrokhshafie","2","1","3"
"shailesh94","1","2","3"
"Shaileshdorle","1","2","3"
"Shaileshsaminathan","1","2","3"
"shake68","2","1","3"
"shaked789","2","1","3"
"shakhmotist","1","2","3"
"shaki15","1","2","3"
"shakibm83","1","2","3"
"shakmatte","1","2","3"
"Shalintheking","1","2","3"
"Shama81788","1","2","3"
"shamamed","2","1","3"
"Shamannov","1","2","3"
"Shamil_Saifutdinov","2","1","3"
"Shamil0588","2","1","3"
"SHAMITH_25","1","2","3"
"shamly_hasan","2","1","3"
"shammifiroz","1","2","3"
"shamoil_kazi","2","1","3"
"Shamooo","2","1","3"
"ShamyRKO","1","2","3"
"shanayaabraham","1","2","3"
"shanayafernando","1","2","3"
"Shane_Wolf","1","2","3"
"shanebot3000","1","2","3"
"shankariRanjith","2","1","3"
"Shankszuro","2","1","3"
"shanky1991","1","2","3"
"ShantanuR","2","1","3"
"shanthu1980","2","1","3"
"shantoman","1","2","3"
"shanvanvocht","1","2","3"
"Shanvitha06","2","1","3"
"shaohanyang","2","1","3"
"Shar99","2","1","3"
"sharedaccount01","2","1","3"
"sharikaskumar","1","2","3"
"shark-chess","1","2","3"
"shark96","2","1","3"
"SharkBlueKing9879","1","2","3"
"sharknot","2","1","3"
"sharmakyu","1","2","3"
"sharmi05","1","2","3"
"SHARMISTHA2001","2","1","3"
"sharprokc","1","2","3"
"Shart777","1","2","3"
"shartypants","1","2","3"
"Sharu82","1","2","3"
"SHARVILBHAGURKAR","2","1","3"
"Sharwari17","2","1","3"
"shas19","1","2","3"
"Shashank_REDDY","2","1","3"
"Shashank786","1","2","3"
"shashk","2","1","3"
"ShashwatSrivast","1","2","3"
"shaspen","1","2","3"
"Shastikjayaan","1","2","3"
"ShatailoKirill","2","1","3"
"shatner126","1","2","3"
"shatranj_100","1","2","3"
"Shatranjhub","2","1","3"
"shaunak045","2","1","3"
"shaundestroyer","1","2","3"
"shaurya1324564","2","1","3"
"shaurya1643L","1","2","3"
"Shaveendren_2023","2","1","3"
"ShaveenNambiar","2","1","3"
"Shavkat69","1","2","3"
"shavoi","2","1","3"
"ShavrinIvan","2","1","3"
"SHAWN_SCHAAD","2","1","3"
"shayaanshameem","2","1","3"
"shayan080411","2","1","3"
"Shaynex2","2","1","3"
"SHAYTARN","1","2","3"
"shazamel","2","1","3"
"Shazmant","1","2","3"
"Shazrol_Shah99","2","1","3"
"Shazzy1985","2","1","3"
"shc10525","2","1","3"
"SheaLesotho","2","1","3"
"Shedaim","2","1","3"
"SHEEEEESHLOUIE","1","2","3"
"SheetRange","2","1","3"
"Shefer6713","1","2","3"
"Sheff92","2","1","3"
"Shehab_saqr","2","1","3"
"shehan2000","2","1","3"
"Sheidheda98","2","1","3"
"SHEILDROBO","2","1","3"
"shekwolodan","2","1","3"
"shelept","1","2","3"
"shen0055","1","2","3"
"shen0058","1","2","3"
"shen0079","2","1","3"
"shen112","1","2","3"
"shen115","1","2","3"
"shen118","1","2","3"
"shen125","1","2","3"
"shen130","2","1","3"
"shenaniganschess","2","1","3"
"sheng-huang","2","1","3"
"shepzinte12e","2","1","3"
"Sheracon","2","1","3"
"Sherbek1986","2","1","3"
"Sherifff13","2","1","3"
"Sherifmenem9579","2","1","3"
"Sherlock612","2","1","3"
"SherMi6593","1","2","3"
"SHESH556","2","1","3"
"sheshtenkooo","1","2","3"
"Sheterahul609","2","1","3"
"sheun_01","2","1","3"
"ShevchenkoM150","2","1","3"
"shevekk","2","1","3"
"shewolf1213","1","2","3"
"Shewquette","2","1","3"
"sheyshey09","1","2","3"
"shhada","2","1","3"
"shi_va_iztrepa","2","1","3"
"shi94","2","1","3"
"Shibu2011","2","1","3"
"Shidechess","2","1","3"
"Shijil_Amin","1","2","3"
"shiju84","1","2","3"
"ShikharSri1576","1","2","3"
"Shikirohan","1","2","3"
"Shimonee","2","1","3"
"Shinigami59","2","1","3"
"Shinivhikudoo","2","1","3"
"shinkarsn","2","1","3"
"Shipsi2de","1","2","3"
"Shirish_k","1","2","3"
"Shirkan2","2","1","3"
"ShirleyL","2","1","3"
"shiroe_29","1","2","3"
"Shishtawy69","2","1","3"
"shisui-uchiha-69","2","1","3"
"Shiv1596","1","2","3"
"shiva_12345","1","2","3"
"shiva_1803","2","1","3"
"shiva012016","2","1","3"
"shivaansinha","1","2","3"
"Shivam_bundi","1","2","3"
"shivam1324","1","2","3"
"shivamkumar1253434","2","1","3"
"shivamnavy03","1","2","3"
"Shivang199","1","2","3"
"shivangdugar","1","2","3"
"shivansh4","1","2","3"
"shivasm","2","1","3"
"SHIVAZY","1","2","3"
"ShivendraNarayan","1","2","3"
"ShivenJ","1","2","3"
"Shivesh_blr","1","2","3"
"shivshankarshambhu","1","2","3"
"Shivubhala","1","2","3"
"shize81","1","2","3"
"Shkiper2007","1","2","3"
"shlabby","1","2","3"
"Shlecht","2","1","3"
"Shlok_j","2","1","3"
"Shlokka_2008","2","1","3"
"ShlokKshirsagar75","2","1","3"
"shlumberg","1","2","3"
"shmilly","1","2","3"
"shmy61","1","2","3"
"shnimmala","1","2","3"
"sho_ya","2","1","3"
"shodhan2022","2","1","3"
"shokimookicookie","1","2","3"
"Shontu05Chess","1","2","3"
"Shooma","2","1","3"
"shooter63","1","2","3"
"shori_63","1","2","3"
"shortfatdude","1","2","3"
"Shotakoe","1","2","3"
"shouibalali","1","2","3"
"should_be_workin","2","1","3"
"Shounensid","1","2","3"
"shraeyrao_sadurangam","2","1","3"
"Shrawanr3123","2","1","3"
"ShredLikeFred","1","2","3"
"ShreeBold","2","1","3"
"shreekantvish","1","2","3"
"shreeyashetty9","1","2","3"
"Shreshth007","1","2","3"
"Shreya2404","2","1","3"
"Shreyanshi2018","2","1","3"
"shreyas_srivastava","2","1","3"
"Shreyashg1712","1","2","3"
"Shreyss10","2","1","3"
"shrihan_09","2","1","3"
"shrikantsalke","2","1","3"
"shrimptails","1","2","3"
"shrinivas1144","2","1","3"
"Shrivardhanagarwal","2","1","3"
"ShriyanSriram","1","2","3"
"shshlomy","1","2","3"
"shshshsh-rrrr","2","1","3"
"shtamik","1","2","3"
"shtuyotgilad","1","2","3"
"shtylgryb","2","1","3"
"shuaip48","1","2","3"
"shuba11","2","1","3"
"Shubh726","1","2","3"
"Shubham127019","1","2","3"
"shubham13031995","1","2","3"
"shubham9968","2","1","3"
"shubhuz","1","2","3"
"shuga07","1","2","3"
"shuhangishah","2","1","3"
"Shuhrat_8309","1","2","3"
"ShuhTal","2","1","3"
"shujau","1","2","3"
"Shukalov","2","1","3"
"Shukrullo2001","2","1","3"
"shulinec","2","1","3"
"Shulmi","2","1","3"
"Shumachine","2","1","3"
"shura555","2","1","3"
"shuraaleks65","2","1","3"
"shuravi64","1","2","3"
"shurickk","2","1","3"
"Shurik1980","1","2","3"
"ShurYamBa","2","1","3"
"Shutov78","2","1","3"
"Shutupnjustplaychess","1","2","3"
"shuvradeep","1","2","3"
"shy2023","2","1","3"
"shyamdixit","2","1","3"
"shymanovsky1985","1","2","3"
"Shyngys_serikpai","2","1","3"
"ShzAco","1","2","3"
"Si_oyen","1","2","3"
"Siana234","2","1","3"
"siavici","1","2","3"
"siaVincent","1","2","3"
"Sibarita","2","1","3"
"siberta","2","1","3"
"sibimohan30","2","1","3"
"Sibir72","1","2","3"
"siburton83","2","1","3"
"SiC_Dragon","1","2","3"
"Sic_Parvis-Magna","1","2","3"
"sicario_1080","1","2","3"
"Sichinga","1","2","3"
"sichkoriz","1","2","3"
"SicilianAadhyaansh","2","1","3"
"SicilianSchemer4","1","2","3"
"sid27","2","1","3"
"sidc1985","1","2","3"
"Sidchess777","1","2","3"
"siddbanerjee95","2","1","3"
"SidDey","2","1","3"
"Siddhant4","1","2","3"
"Siddhant52035","2","1","3"
"SiddhantChauhan","2","1","3"
"Siddharth0304","1","2","3"
"siddharththamaran","2","1","3"
"Siddhi1320","2","1","3"
"siddhu_2013","1","2","3"
"SiDett","1","2","3"
"sidgee","1","2","3"
"sidkkkk","1","2","3"
"Sidletsky_Andrey","1","2","3"
"sidonio75","2","1","3"
"sidoriova_a_cat","2","1","3"
"SIDOU23","2","1","3"
"Sieio","1","2","3"
"siemprejones","1","2","3"
"SierraFoxtrot","1","2","3"
"sieve30","1","2","3"
"sigi1","1","2","3"
"Sigmagoldanenabalike","2","1","3"
"SigmaKaiser","1","2","3"
"signat77","2","1","3"
"SigurdIngvarson","2","1","3"
"Sihosnarf","1","2","3"
"Siina320p","1","2","3"
"SilayMister","1","2","3"
"Silent_Skull_Warrior","1","2","3"
"silentkiwi","2","1","3"
"Silentnois3","1","2","3"
"SilentTherapist","1","2","3"
"Silly_Elephant","1","2","3"
"Silo2","2","1","3"
"silv-nata-khan","1","2","3"
"SilverTongue26","1","2","3"
"silverword","2","1","3"
"silvestro_j","2","1","3"
"silvestro-1","2","1","3"
"Silviapresta","2","1","3"
"silvo61","1","2","3"
"simarrrr","2","1","3"
"Simas213","1","2","3"
"simbirsky","2","1","3"
"Simgua28","2","1","3"
"similyago","1","2","3"
"simit65","2","1","3"
"simmadi","2","1","3"
"simnandi","1","2","3"
"Simon_as","2","1","3"
"SimonClein","1","2","3"
"Simoncombes","2","1","3"
"Simone_997","1","2","3"
"SimoneALM","1","2","3"
"simonism1031","2","1","3"
"Simonp00","1","2","3"
"Simpeller","2","1","3"
"simplychessy","1","2","3"
"simrsx","2","1","3"
"simsi331","2","1","3"
"sinatmo","2","1","3"
"sinchrofazotron727","1","2","3"
"sindong5395","1","2","3"
"sinence","2","1","3"
"singhkarank","1","2","3"
"Singhkuldeep99","1","2","3"
"singhpartima","2","1","3"
"SingleE","1","2","3"
"sinhasoumen","2","1","3"
"Sinisa2003","1","2","3"
"SinistersLen","2","1","3"
"sinner6","2","1","3"
"sinoglio","1","2","3"
"SinonD","1","2","3"
"SinyorKecici","1","2","3"
"siola18","2","1","3"
"Siomatolog","2","1","3"
"SIPEC","1","2","3"
"Siphephelo_Mncam","2","1","3"
"sir_cums_alot","1","2","3"
"Sir_Gerrard","1","2","3"
"siradisi85","2","1","3"
"SirBlues","1","2","3"
"sirenetta80","1","2","3"
"SirGoodman","1","2","3"
"sirius1601","2","1","3"
"sirloinsteaks","2","1","3"
"Sirrcacti","2","1","3"
"SirSeal","2","1","3"
"sirsnakerb","1","2","3"
"SirStockFish","1","2","3"
"SirWump","1","2","3"
"sissil","1","2","3"
"sitarawatwani","1","2","3"
"Sitnianskii","1","2","3"
"Sitrian","2","1","3"
"Siul1312","1","2","3"
"sivajigsaw","1","2","3"
"Sivaprakash1982","1","2","3"
"sixandfo","1","2","3"
"sixmanwaddup","1","2","3"
"sixmaster","1","2","3"
"sixvodul","2","1","3"
"SiyavushTeymurov","2","1","3"
"Siyonizm_idt","2","1","3"
"sj_parmar","2","1","3"
"sj1983","1","2","3"
"sj2703","1","2","3"
"Sj360","2","1","3"
"sj86","2","1","3"
"sjkeoiefowfe122","1","2","3"
"sjo26","1","2","3"
"Sjoerd-towerplay","1","2","3"
"sjoshi","1","2","3"
"Sk_Veternik52","2","1","3"
"sk15","1","2","3"
"sk642","2","1","3"
"skabichevskiy","1","2","3"
"skagrawal1502","1","2","3"
"skakinikolaos","2","1","3"
"skakker","2","1","3"
"skandal9999","1","2","3"
"skankycow","2","1","3"
"skaplat","2","1","3"
"skare","1","2","3"
"Skaur","2","1","3"
"skayashi","1","2","3"
"SkaZoi","2","1","3"
"skeetesox","1","2","3"
"SKG777","2","1","3"
"skhi","2","1","3"
"Ski-Vermont","1","2","3"
"skidondan","2","1","3"
"skillet3","1","2","3"
"sking16","2","1","3"
"skinnyjoppe","1","2","3"
"Skipper-182330","2","1","3"
"Skith_71","1","2","3"
"skittles1221","2","1","3"
"Sklave-des-Lewaltan","1","2","3"
"SKlyushnichenko","1","2","3"
"SKMohapatra55","1","2","3"
"Skn_wittur","1","2","3"
"Skodaby","1","2","3"
"Skollati","2","1","3"
"SkomorohovAndrei","2","1","3"
"skoromat","1","2","3"
"skorpionipotku","1","2","3"
"skosarvladimir","1","2","3"
"Skqoobany","2","1","3"
"skrizhalin","1","2","3"
"sksmschlrhek","2","1","3"
"skurwol-po-miesnym","1","2","3"
"sky1339","1","2","3"
"Skychess_39","1","2","3"
"skyirezumi","1","2","3"
"SkyOf","2","1","3"
"SkyWalker4","1","2","3"
"Sla-ven","1","2","3"
"Slaanesh_NwN","2","1","3"
"slabmajstor","1","2","3"
"SlalomStrong","2","1","3"
"Slam14","1","2","3"
"slana_kita","2","1","3"
"Slang3331","2","1","3"
"slante","1","2","3"
"slasher72","2","1","3"
"slav-XpXz","2","1","3"
"Slava_Che_2016","1","2","3"
"Slava_iva","1","2","3"
"Slava2013","1","2","3"
"slavakg","1","2","3"
"slavauva","2","1","3"
"Slavikkk2802","1","2","3"
"slavisamatic","1","2","3"
"Slavonian0","1","2","3"
"Slawan","2","1","3"
"slaweksk","2","1","3"
"slawomircz63","2","1","3"
"slawus313","1","2","3"
"Slay959","1","2","3"
"slb4","1","2","3"
"sleepinglogistik","1","2","3"
"SleepK","2","1","3"
"sleepy6577","2","1","3"
"sleepysloo","1","2","3"
"SleepyTurtle","1","2","3"
"sleepyworm","2","1","3"
"slesar_5r","1","2","3"
"slibinas","2","1","3"
"SLiDeR1992","2","1","3"
"Slik187","2","1","3"
"sliman1200","1","2","3"
"slimi1993","1","2","3"
"Sliskorm","2","1","3"
"slithytove","2","1","3"
"slixperi","2","1","3"
"Slonkfish","1","2","3"
"slonsoid","1","2","3"
"slowhand1975","1","2","3"
"SlowLeadMcCey","2","1","3"
"SLTx","1","2","3"
"slumpillo","2","1","3"
"slydini1967","2","1","3"
"slyfox3","1","2","3"
"Slylos","1","2","3"
"Slymnakdnz","1","2","3"
"slyrazor88","1","2","3"
"sm132435","2","1","3"
"Smad4","1","2","3"
"SmallSun","1","2","3"
"SMANDAL","2","1","3"
"smarosi","2","1","3"
"SmartArab","2","1","3"
"SmartBering","2","1","3"
"Smartleo","2","1","3"
"smartmoves2020","2","1","3"
"smashno","1","2","3"
"smehdi1983","1","2","3"
"Smellblood","1","2","3"
"smeshk","2","1","3"
"SMHE001","2","1","3"
"SMHE008","1","2","3"
"SMHE052","2","1","3"
"SMHE110","2","1","3"
"SMHE112","2","1","3"
"SMHE130","1","2","3"
"smic223","2","1","3"
"Smiikel","1","2","3"
"Smiladon","1","2","3"
"smile717","2","1","3"
"smiles_for_miles","1","2","3"
"Smit0044","1","2","3"
"SmithWBC","2","1","3"
"SMKN30","1","2","3"
"smn97","2","1","3"
"smoki103","1","2","3"
"smokinggun","1","2","3"
"Smol_Brain","2","1","3"
"smolfiddle","2","1","3"
"smrashad","2","1","3"
"SMSH031","1","2","3"
"SMSH042","2","1","3"
"SMSH046","2","1","3"
"smurfJJ","1","2","3"
"SN28000","1","2","3"
"snabel-a","2","1","3"
"snaga1004","2","1","3"
"Snailor_Moon","2","1","3"
"Snakehead84","2","1","3"
"Snaleks","1","2","3"
"snehilk10","2","1","3"
"Snejinocka","2","1","3"
"sniperkings","2","1","3"
"snirperetz","1","2","3"
"snooky06200","1","2","3"
"snow_monkey","2","1","3"
"snowblind33","1","2","3"
"Snowfatemeh","1","2","3"
"snowsuncity12","2","1","3"
"SnowToaster","1","2","3"
"snrsari","2","1","3"
"sntraju","2","1","3"
"Sntsh87","1","2","3"
"snuhhh","1","2","3"
"snuhoglu","1","2","3"
"So_mya-1","1","2","3"
"soanxhd","2","1","3"
"soaoe12","1","2","3"
"Soapyrug","2","1","3"
"sobhansbn","2","1","3"
"Sobichenko","2","1","3"
"SOBINARPOOKARA","2","1","3"
"soc975","2","1","3"
"Socks04","1","2","3"
"Sofa_059","1","2","3"
"Sofazludova23","1","2","3"
"sofia_iliashenko","2","1","3"
"Sofia_Lukyanova","1","2","3"
"sofien","2","1","3"
"sofiucaig","1","2","3"
"Sofronije12","1","2","3"
"soha94","1","2","3"
"sohaib75","1","2","3"
"sohailindikar","2","1","3"
"soham1352","1","2","3"
"sohamdutta2001","1","2","3"
"sohamk04","1","2","3"
"SohamPadki","2","1","3"
"sohmax","2","1","3"
"sohrabsitaram","2","1","3"
"sohsah","2","1","3"
"sokolspb","2","1","3"
"sokratik","2","1","3"
"SOLEy","1","2","3"
"SolidSnake04","1","2","3"
"soligorigor","2","1","3"
"solnceplayer007","1","2","3"
"solodzol","2","1","3"
"Solomacho","2","1","3"
"Solomaniii","1","2","3"
"Solooscar1","1","2","3"
"solovei999","1","2","3"
"solymandayoub","2","1","3"
"SomavillaJCS","1","2","3"
"sombra1523","1","2","3"
"Some_Nerdo","1","2","3"
"sommeridyll","1","2","3"
"sompallikusuma","1","2","3"
"Sonaluck","1","2","3"
"SonderLiam","2","1","3"
"Sonecarov","2","1","3"
"songkolo","1","2","3"
"SongTurtle","2","1","3"
"Sonia_146","1","2","3"
"sonipraveen","1","2","3"
"Sonk3","1","2","3"
"Sonny4Real","2","1","3"
"sonnysonny","2","1","3"
"SonOfUpland","2","1","3"
"sonoo11","2","1","3"
"SonOyuncu","1","2","3"
"sony_zul","2","1","3"
"Sonya_546","2","1","3"
"SOoDyu","2","1","3"
"sooraj1ks3suraj","1","2","3"
"sooze666","1","2","3"
"Sophia-123","1","2","3"
"SoquanMadique","1","2","3"
"Sorabh860","1","2","3"
"SorBanana","1","2","3"
"SorbOne","1","2","3"
"SorenZz","1","2","3"
"sorin_1971_m","1","2","3"
"Sorkmaneten11","2","1","3"
"Soroket89","2","1","3"
"soroushpourzohrab","1","2","3"
"SorrowJiro","1","2","3"
"Sortesol67","2","1","3"
"Sorushrezaee1389","1","2","3"
"Sorvantsa","1","2","3"
"sosana14","1","2","3"
"sosed43","2","1","3"
"sosiska200","1","2","3"
"soskyh","1","2","3"
"soso_10","2","1","3"
"soso34ze","2","1","3"
"SotDev","2","1","3"
"sotoland","2","1","3"
"Soufien-zagmou","1","2","3"
"Soumatinga","2","1","3"
"soumyendu_2024","1","2","3"
"sourabhchessmaster","1","2","3"
"souradipguha","1","2","3"
"Sourapplesauce","1","2","3"
"sourav1064","2","1","3"
"sourfcko","1","2","3"
"sourishsikdar","2","1","3"
"SouthAfricanBush","1","2","3"
"SouthernFury","2","1","3"
"sovet_da_lubov","1","2","3"
"Sovetskaya","1","2","3"
"SovetskiyIgor","2","1","3"
"sovietrussiafreesyou","2","1","3"
"Sowrry1953","2","1","3"
"Sozhino","2","1","3"
"sp_404","1","2","3"
"spaccatella65","2","1","3"
"Spacecap39","2","1","3"
"SpaceCat28","1","2","3"
"spacemanonearth20","1","2","3"
"spacenerdy","2","1","3"
"spacepunker","1","2","3"
"Spade7","2","1","3"
"Spadgely","2","1","3"
"SpagettiEddie","1","2","3"
"spaghettification420","1","2","3"
"Spagoot_God","2","1","3"
"Spaniard63","1","2","3"
"spar-tak","1","2","3"
"sparfotz","2","1","3"
"Spark1nS","2","1","3"
"sparlampe","2","1","3"
"Spartaco7777","2","1","3"
"Spartak67","2","1","3"
"SpartaK79","1","2","3"
"spartak96","2","1","3"
"spartanlopez","1","2","3"
"SPARTANMAN","2","1","3"
"Spartansku","2","1","3"
"Spasskysofonia10","2","1","3"
"spavanbr","2","1","3"
"spaxxts","1","2","3"
"spck","1","2","3"
"Spear0","1","2","3"
"spectrallore","1","2","3"
"Speed_Run_To_2000","2","1","3"
"speede","2","1","3"
"Speedy05","2","1","3"
"SpeedyBe4ver","1","2","3"
"Speelancos","2","1","3"
"speriatu_palau","1","2","3"
"spes14","1","2","3"
"sphinx149","1","2","3"
"spichenok1979","1","2","3"
"Spicywings374","2","1","3"
"spider66","2","1","3"
"Spidwagonhnhnhnhn","2","1","3"
"SpielerXY","2","1","3"
"spift","2","1","3"
"Spillpants","2","1","3"
"Spin_States","1","2","3"
"spinass","1","2","3"
"Spinnaj1913","1","2","3"
"SpinToWin11","2","1","3"
"spitre","2","1","3"
"Splendorfire","2","1","3"
"Splodge4","1","2","3"
"Spnashe","2","1","3"
"spoken-stock","2","1","3"
"spoorti_nayak10","2","1","3"
"sporezokker","2","1","3"
"sportnovo","2","1","3"
"SpottedGinger","1","2","3"
"SPP5","2","1","3"
"SPQR88","2","1","3"
"spqrneptune","1","2","3"
"sprathap","1","2","3"
"Springfuture","2","1","3"
"spruceemma","2","1","3"
"Sprutpromp","2","1","3"
"spumeggiante","2","1","3"
"spuppis","2","1","3"
"SPwww111","2","1","3"
"squarecube","2","1","3"
"squaredog","1","2","3"
"SquashR","2","1","3"
"squidgame007","2","1","3"
"Sradchenko","1","2","3"
"SrajatdinUsnatdinov","2","1","3"
"Sredney_ruki_igrok","2","1","3"
"sree3344","1","2","3"
"sree7","2","1","3"
"sreeharisasi","2","1","3"
"Sreeharivijayan","1","2","3"
"sreejesh135885","2","1","3"
"SREEJITA","1","2","3"
"SreejithPR","1","2","3"
"SREEKANTH_2001","1","2","3"
"Sreekanth1","1","2","3"
"sreelakshmi5959","2","1","3"
"sreenivasv90","2","1","3"
"Sreeragsinn","2","1","3"
"sresthyadav","1","2","3"
"srezpervix","2","1","3"
"srfemreavci","1","2","3"
"srhtadnr","1","2","3"
"Sri_harneesh","1","2","3"
"SriaanshBattula","1","2","3"
"Sridhar2002","2","1","3"
"Srihaanm123","1","2","3"
"sriharishenil","2","1","3"
"Sriharsh123","2","1","3"
"srijanmurali","2","1","3"
"SrijitaN","2","1","3"
"srikanta123","2","1","3"
"srikanth84","2","1","3"
"srineshK123","2","1","3"
"Srinika_Sharon","1","2","3"
"Srinivasnaik","2","1","3"
"srinjoychess","1","2","3"
"SrinuYarlagadda","1","2","3"
"srirampatil","1","2","3"
"SRISHIKESH","1","2","3"
"Srishti876373","2","1","3"
"Srnr_klcsln","1","2","3"
"SRokkala","1","2","3"
"SRS9900","1","2","3"
"SRV05","2","1","3"
"srxx","1","2","3"
"ssaasvathsrinivasan","1","2","3"
"ssami91","2","1","3"
"SSantos-SDMS","1","2","3"
"Ssapiens","1","2","3"
"ssarahredz","1","2","3"
"ssaroff","1","2","3"
"SSAsterix","2","1","3"
"SSavva12","1","2","3"
"ssehc_321","2","1","3"
"ssfefo20","2","1","3"
"sshalk24","1","2","3"
"sshxro","2","1","3"
"SsierickGaming","2","1","3"
"ssk5094","1","2","3"
"SSKarmakar","2","1","3"
"sslavus","1","2","3"
"ssshagai","1","2","3"
"sssovrano","1","2","3"
"Sssss79","2","1","3"
"Ssumire2","1","2","3"
"SSuyo_PFRET","2","1","3"
"St_Chris11","1","2","3"
"ST4R3","1","2","3"
"ST8TE","1","2","3"
"stach231","2","1","3"
"stacya","2","1","3"
"stagiraldoce","2","1","3"
"stahanov1","1","2","3"
"STALAD","1","2","3"
"StaLinSki","1","2","3"
"Stalk87","2","1","3"
"Stalker_of_chess","1","2","3"
"stamin44","1","2","3"
"stampenfjeldske","1","2","3"
"stan202","1","2","3"
"Standartkeglick","2","1","3"
"StanDoori","1","2","3"
"stanislass","1","2","3"
"Stanislav_Rategov","1","2","3"
"StanislavP","1","2","3"
"StanleyStanfordStan","1","2","3"
"Star_ofChess","2","1","3"
"Star_Strekk","1","2","3"
"Staraadama","1","2","3"
"Starboy_Adrian","1","2","3"
"StarGrazer13","1","2","3"
"starikAndrey72","1","2","3"
"Stark123","2","1","3"
"starkeadler","2","1","3"
"StarkSouls","2","1","3"
"starshervesh_0976","2","1","3"
"Startower","2","1","3"
"StartPrime","1","2","3"
"Stas-on","2","1","3"
"Staslider_dyakov89","1","2","3"
"stasyaao","2","1","3"
"Staszek2020","1","2","3"
"statelessprincess","1","2","3"
"StaticSesame","2","1","3"
"stavitskiy_junior","1","2","3"
"Stavlix","1","2","3"
"Stayan83","1","2","3"
"staydangerous","2","1","3"
"steady789","2","1","3"
"stealthyunic0rn","1","2","3"
"steam_boiler","2","1","3"
"stecek","2","1","3"
"steepoffical","2","1","3"
"stefane21","1","2","3"
"Stefaninski","2","1","3"
"stefanjoh","1","2","3"
"Stefankan","2","1","3"
"StefanLinde","1","2","3"
"stefanodeboni","2","1","3"
"stefanodogtrainer","1","2","3"
"stefansnthmr","2","1","3"
"StefanSquaredMe","2","1","3"
"steffen91","1","2","3"
"steffTheKing","2","1","3"
"StefSiv14","2","1","3"
"StefyTox","1","2","3"
"SteHe","2","1","3"
"Steiner76","1","2","3"
"stek8888","2","1","3"
"SteLaz1","1","2","3"
"Stellarmars","2","1","3"
"Stembridge","1","2","3"
"stepaN_6738","2","1","3"
"Stepan_Sazykin","1","2","3"
"StepanAndreevvv","1","2","3"
"stepangerrardov","2","1","3"
"stepanng","2","1","3"
"stepanov74","1","2","3"
"Steparik","1","2","3"
"Stepashka_na_ohte","1","2","3"
"steph237","1","2","3"
"Steph69009","2","1","3"
"StephanieElena","1","2","3"
"stephanmoin","2","1","3"
"StephanRosin","1","2","3"
"stephen021","1","2","3"
"stephen30curry28","2","1","3"
"StephenCarry","2","1","3"
"StephenCoetzee","1","2","3"
"StephenPorter84","1","2","3"
"stephi_kobsar","2","1","3"
"Stergios74","2","1","3"
"stetsh","2","1","3"
"Stev01","1","2","3"
"Steve-North","1","2","3"
"steveb120","1","2","3"
"steveneleven11","2","1","3"
"stevenolmedo","1","2","3"
"Stevens08","2","1","3"
"stevesmith6644","1","2","3"
"stevo1","2","1","3"
"stew13777","1","2","3"
"stewartlittle41","1","2","3"
"stewbrew2","2","1","3"
"Stewpot","1","2","3"
"stfoking","1","2","3"
"STFUGoofyAh","1","2","3"
"StGewehr","1","2","3"
"sthita","2","1","3"
"sthithapragnyan","2","1","3"
"stichsebas","1","2","3"
"stickkcuf","2","1","3"
"Stiiler420","1","2","3"
"stivenn30","1","2","3"
"stk2050","1","2","3"
"STKA1969","2","1","3"
"StMo21","1","2","3"
"StochasticVolatility","2","1","3"
"Stockfish109","2","1","3"
"Stockfish2020","2","1","3"
"Stofi","1","2","3"
"Stokkies55","1","2","3"
"Stonecrasher","1","2","3"
"StonedWalldefence","1","2","3"
"stonefred","2","1","3"
"Stonkfish2","2","1","3"
"stop_losyng","2","1","3"
"stopandchat1975","1","2","3"
"StopPlease77","1","2","3"
"stOrM_69","1","2","3"
"Storm32","1","2","3"
"Stormzzguy","1","2","3"
"StotheA","1","2","3"
"stozeebee","1","2","3"
"Stranster25","2","1","3"
"Strategic_Sultan","2","1","3"
"strawelder","2","1","3"
"StrawTempest","1","2","3"
"streetchees","1","2","3"
"sTrembly","1","2","3"
"strengthhonour","1","2","3"
"strika_nikola","2","1","3"
"Strikins78235","2","1","3"
"STRNCBHDR","2","1","3"
"StrongMemory","2","1","3"
"strudlamakova","2","1","3"
"struja380","1","2","3"
"STS1000","1","2","3"
"Stu_Mackenzie1049","2","1","3"
"StuckFish0","2","1","3"
"Stufffen","2","1","3"
"Stumakokha","2","1","3"
"Stupid_Move","1","2","3"
"stupidfox1","2","1","3"
"StuthiNayak","2","1","3"
"stutzand","1","2","3"
"StWilfrid","1","2","3"
"styleblender22","2","1","3"
"su_h_ib","2","1","3"
"su123456789","1","2","3"
"Suara_ikrim","2","1","3"
"subha544","1","2","3"
"Subhadeep_Majhi","1","2","3"
"subhakrishna","1","2","3"
"subhash54","1","2","3"
"Subin_DS","1","2","3"
"subinfernum","1","2","3"
"Subirroy","2","1","3"
"subkhan228","1","2","3"
"Sublake","1","2","3"
"SublimeGenius","1","2","3"
"SubodhKolhar","1","2","3"
"Subodhrijal","2","1","3"
"SubornoChess","1","2","3"
"Subudai-bagatur18","1","2","3"
"SuccesfullQueen","1","2","3"
"suchandranandy","2","1","3"
"Suchara3","2","1","3"
"Sucunira","2","1","3"
"sudarshan_shar","1","2","3"
"sudeeb","2","1","3"
"Sudhanshu082004","2","1","3"
"sudhanshumishra9625","1","2","3"
"sudharsa","2","1","3"
"sudikshakottha","1","2","3"
"sugarry1978","2","1","3"
"Sugasouf","1","2","3"
"Sugso1975","2","1","3"
"suguna11","1","2","3"
"Suhaib_Alhyali","1","2","3"
"suheil_ali","2","1","3"
"Suhoy_OFF","1","2","3"
"Suicidal_tactics","2","1","3"
"sujanram0","2","1","3"
"Sujith2012chess","1","2","3"
"Sujoyfema","1","2","3"
"sukhrajqh","2","1","3"
"sulaberidze11111","2","1","3"
"Sulaev_Al82","2","1","3"
"Sulaiman76","2","1","3"
"Suleiman_Naiyl","2","1","3"
"Suleyman1001","2","1","3"
"SuleymanSultanli","1","2","3"
"Sulfer19","1","2","3"
"Suliman-55","1","2","3"
"sulimanalaa","1","2","3"
"sultan_badawy","2","1","3"
"sultan10","1","2","3"
"sultan88","2","1","3"
"SultanCrypto","1","2","3"
"Sulu_k","2","1","3"
"suly7amma","2","1","3"
"sum-sud","1","2","3"
"sumeet_mishra","2","1","3"
"SUMESH2314","2","1","3"
"Sumun27","2","1","3"
"sundar74","2","1","3"
"Sundarsanjay","1","2","3"
"suneelk","1","2","3"
"sunelraju","2","1","3"
"SunflowerMSK","1","2","3"
"sunjuq_bara","1","2","3"
"Sunny177","2","1","3"
"SunnyFloral","2","1","3"
"sunnyshines","2","1","3"
"SUNS032DT","1","2","3"
"sunskyblue1","1","2","3"
"SUNSO23","2","1","3"
"Sunty7887","2","1","3"
"suomenmestari","1","2","3"
"Super1or_26","2","1","3"
"superartis","1","2","3"
"SuperBarsik","2","1","3"
"SUPERCALISE","1","2","3"
"Superchess54","1","2","3"
"Superchouette","2","1","3"
"SuperContent","1","2","3"
"supercoolbro","2","1","3"
"superdevfavour","1","2","3"
"Supergilli","1","2","3"
"SuperiorChez","1","2","3"
"SuperKiller71","2","1","3"
"Superman0069","1","2","3"
"SuperMatrix1907","1","2","3"
"SuperNickJr","1","2","3"
"supernoob78","1","2","3"
"SuperNova2024","2","1","3"
"superp1","2","1","3"
"Supershahmaher","1","2","3"
"SuperSidharth","2","1","3"
"superslama","2","1","3"
"supersmartnoob","2","1","3"
"superstef21","2","1","3"
"Supertaxxx1","1","2","3"
"SuperUtka","2","1","3"
"supreme_222","2","1","3"
"Supremo19","2","1","3"
"supritichess1","2","1","3"
"Suqrot","1","2","3"
"sur64","2","1","3"
"Suraj00","1","2","3"
"surajnani","2","1","3"
"surayu","1","2","3"
"Suren1968","2","1","3"
"Suresh1611","2","1","3"
"Surfas_adil","1","2","3"
"Surgut_igraet","2","1","3"
"surirajan","1","2","3"
"surprise_10","2","1","3"
"surya2015","2","1","3"
"Surya55605","1","2","3"
"Surya9117","1","2","3"
"Suryakilli","2","1","3"
"Suryansyah_Mpw","2","1","3"
"SuryaPrabhas","1","2","3"
"suryaputhrah","2","1","3"
"sushwanth1010","2","1","3"
"susmate","2","1","3"
"SUSOH","2","1","3"
"Suspiral","2","1","3"
"sutamdo","1","2","3"
"sutuneliagazade12","2","1","3"
"suu_2","1","2","3"
"SuvarSvarogich","1","2","3"
"SuviLukavac","1","2","3"
"suvo_palit","2","1","3"
"Suxiao","1","2","3"
"suzuki1017","1","2","3"
"sv160981","1","2","3"
"SVagovic","2","1","3"
"Svalle","1","2","3"
"svaniknaik","2","1","3"
"svcurcio","1","2","3"
"svdmheen","2","1","3"
"Svenergy77","2","1","3"
"SvenjaB","2","1","3"
"SvenLykke","1","2","3"
"sverma2023","2","1","3"
"Sviatoslav_2013","1","2","3"
"SviatoslavDubovyk","1","2","3"
"Sviderskiy","2","1","3"
"svoboda25","1","2","3"
"svolkov","2","1","3"
"svrd","1","2","3"
"SvyatoslavRichter","2","1","3"
"Svyatosval8","1","2","3"
"swaify","2","1","3"
"Swarley01","1","2","3"
"SWARNAVA21","1","2","3"
"swaroopasmile","2","1","3"
"swarup343","1","2","3"
"Swasha","1","2","3"
"swastik5678","2","1","3"
"SwatmyZ","1","2","3"
"SwayamSS456","1","2","3"
"SweatyPiglet51","2","1","3"
"Sweet1985","2","1","3"
"Sweig","1","2","3"
"swetlanapower88","2","1","3"
"swguynos","2","1","3"
"swisscheesemagician","1","2","3"
"swizzjonks","2","1","3"
"SwordsOfSpirit","2","1","3"
"SWST036","1","2","3"
"Syamthanda10111","1","2","3"
"SYARIF1710","1","2","3"
"syco49","1","2","3"
"SYLV000","1","2","3"
"SYLV001","2","1","3"
"SYLV005","1","2","3"
"SYLV006","1","2","3"
"SYLV016","2","1","3"
"SYLV051","2","1","3"
"SYLV053","1","2","3"
"SYLV077","1","2","3"
"SYLV084","2","1","3"
"Sylvess","1","2","3"
"symoo","1","2","3"
"SyomaBusiness","1","2","3"
"syous780","2","1","3"
"syrinx24","2","1","3"
"syskar","1","2","3"
"sysy_cop","1","2","3"
"sysy89","1","2","3"
"syukri-s","1","2","3"
"Szaby1","1","2","3"
"Szachacz2122","1","2","3"
"szachista_dexter","2","1","3"
"Szachowy_zyd","2","1","3"
"szakul77","1","2","3"
"szczoch","1","2","3"
"szda","2","1","3"
"SzGy167","2","1","3"
"Szpicruta","1","2","3"
"szukur","1","2","3"
"Szymek_100","2","1","3"
"szymek91","1","2","3"
"t_architektor","2","1","3"
"T_inoe-2","1","2","3"
"t_m_zugzwang","2","1","3"
"T-Luck","1","2","3"
"T-R-P","1","2","3"
"t1thakung","1","2","3"
"t4werka13","1","2","3"
"T7iTo","2","1","3"
"T7O1L9I4C","1","2","3"
"T80_BVM","1","2","3"
"taayaab","2","1","3"
"tabbr","2","1","3"
"TABLDOD","1","2","3"
"tabun-dareka","1","2","3"
"Tacarazao","1","2","3"
"tacotrader","1","2","3"
"Tactical_Bharati","2","1","3"
"TacticalBlunderr","1","2","3"
"tacticstowin","2","1","3"
"TaDani","2","1","3"
"Tadeu13","2","1","3"
"taekw","2","1","3"
"taelung","1","2","3"
"Tafic","2","1","3"
"Tafresh-Tafresh","1","2","3"
"TAG1950","2","1","3"
"Tagaibekov","2","1","3"
"tagamon3","1","2","3"
"Tage59","1","2","3"
"tagibrahim","1","2","3"
"Tagikistan","1","2","3"
"tagir_104","1","2","3"
"Taha_Kh2015","2","1","3"
"Taha_king_12","2","1","3"
"Taha-Mahmoodi","2","1","3"
"Taha91","2","1","3"
"tahaesmamurat","2","1","3"
"Tahafoladi","2","1","3"
"tahakarami882","2","1","3"
"tahammnour","2","1","3"
"tahamohammadi1393","2","1","3"
"Tahanoglu","1","2","3"
"Tahashamse94","2","1","3"
"TahaxPJ","1","2","3"
"tahirgcr","1","2","3"
"TahiryN","1","2","3"
"taht1393","1","2","3"
"Tairelza","2","1","3"
"TAJILOR","2","1","3"
"takataye","1","2","3"
"take-one","1","2","3"
"takerslow0128","1","2","3"
"taksilafabor1977","2","1","3"
"talbertini","1","2","3"
"Talelchakroun","2","1","3"
"Talence33","1","2","3"
"Talgares","2","1","3"
"Talgat_KZ","2","1","3"
"taliamilagrostafurco","2","1","3"
"Talidan","1","2","3"
"Taligent","2","1","3"
"tallfish","2","1","3"
"taloby","1","2","3"
"talregen","2","1","3"
"talwarmridula2023","2","1","3"
"Tamiaescargot02","2","1","3"
"Tamik_416","1","2","3"
"TamilVJ555","1","2","3"
"tamizhanban","1","2","3"
"Tamjeed64","1","2","3"
"tanatosm","1","2","3"
"tanavkrishna","1","2","3"
"TANAY9999","2","1","3"
"Tandem01","2","1","3"
"Tandindrukntn","2","1","3"
"tangefine","1","2","3"
"TangerineVastCod","2","1","3"
"Tangle_SLCA","2","1","3"
"TangoNuevo","1","2","3"
"Tangyn","1","2","3"
"Tania2015","2","1","3"
"Tanishapurohit001","1","2","3"
"Tanishka_AS","2","1","3"
"tanishkotecha2022","2","1","3"
"Tanishydv","1","2","3"
"Tanjona777","1","2","3"
"tannergreen20","1","2","3"
"tanob","2","1","3"
"tanotrone434","1","2","3"
"tantin","2","1","3"
"Tanujsolanki","1","2","3"
"Tanvijoshi1410","1","2","3"
"Tanya1970","1","2","3"
"TanYanzie","1","2","3"
"tanzmitjona","2","1","3"
"TaP04eK","1","2","3"
"Tapas29","2","1","3"
"TapeshTripathi","2","1","3"
"taqi789","1","2","3"
"tarasHri","1","2","3"
"target1995","1","2","3"
"tariel777","1","2","3"
"TARIK5142","2","1","3"
"tarochi","2","1","3"
"tarowo","2","1","3"
"tarriq","1","2","3"
"Tartarufos","1","2","3"
"tartufo_abituro","1","2","3"
"Taruna1","1","2","3"
"tarunkumra","2","1","3"
"tarusesopzay","1","2","3"
"tas2023","1","2","3"
"Tashi_Lekden","2","1","3"
"Tashu2012","2","1","3"
"Tasiboi","2","1","3"
"taskani","2","1","3"
"Tasmil","2","1","3"
"tAsRiF10","1","2","3"
"Tassang","2","1","3"
"tassini","1","2","3"
"tassssa","1","2","3"
"Tastywinegum","1","2","3"
"tatamsobakanasene","2","1","3"
"Tatar_Necmettin_Pasa","1","2","3"
"Tatarin70","2","1","3"
"tatchessq","2","1","3"
"Tathanluna0803","1","2","3"
"tatiana55","2","1","3"
"Tatianaaa","2","1","3"
"tatic2022","2","1","3"
"tatliersan","2","1","3"
"Tatyana_MARIYA_30","1","2","3"
"tatyana_volodina","2","1","3"
"TatyanaChessmaster","2","1","3"
"Tatyna-58","2","1","3"
"Taufik_190","2","1","3"
"Taumi","2","1","3"
"taur1n","1","2","3"
"Tautico","1","2","3"
"taxi4477","1","2","3"
"tayfunyavuz","2","1","3"
"tbear6","1","2","3"
"tbell5488","2","1","3"
"tbg99","2","1","3"
"Tbo707","1","2","3"
"tbowle1b","1","2","3"
"tby222","1","2","3"
"TC01TC","1","2","3"
"TCH_BaoNam2015","1","2","3"
"tchandan005","1","2","3"
"Tchemr","2","1","3"
"Tchigowo","1","2","3"
"Tchingizid","2","1","3"
"Tchokonorris","2","1","3"
"TCM1","1","2","3"
"tcomp7","1","2","3"
"TCP53","2","1","3"
"tcrk07","1","2","3"
"tcrowley","2","1","3"
"TD18793","2","1","3"
"teaCal","1","2","3"
"Tealspawn","1","2","3"
"Tearth","1","2","3"
"tebeko","1","2","3"
"TebsJohannesburg","1","2","3"
"Tech2718","2","1","3"
"TechBillionaire","2","1","3"
"techess1","1","2","3"
"Technik007","1","2","3"
"teddy_c","2","1","3"
"Teddy_Kaczynski","2","1","3"
"teddy93","1","2","3"
"teddyg43","2","1","3"
"Tedlight","2","1","3"
"teefeinkost","1","2","3"
"TeemoTM","1","2","3"
"Teesha2017","1","2","3"
"Teftelka_ksu","2","1","3"
"Teg_1995","2","1","3"
"tehburo","2","1","3"
"Tejas_0617","1","2","3"
"Tejas_Padhye","1","2","3"
"TeJaS_sA","2","1","3"
"tejaskunala","1","2","3"
"Tejasvi18","2","1","3"
"teknomud","2","1","3"
"Teldja54","1","2","3"
"telemaxos","1","2","3"
"teleph0nes","2","1","3"
"telmo2714","2","1","3"
"Tem100","1","2","3"
"Temas11","2","1","3"
"Temiloluwa2374","1","2","3"
"temirlenk77","1","2","3"
"TemirSasha","2","1","3"
"TempesT_2510","1","2","3"
"TempleofGod","1","2","3"
"templo","1","2","3"
"Temurlane","2","1","3"
"TenAnton","1","2","3"
"TendyCanalleo","1","2","3"
"tenmove","2","1","3"
"TenrouHa","1","2","3"
"tenyrz7","2","1","3"
"Teo62442","2","1","3"
"teosdoki","2","1","3"
"TeoStamides","2","1","3"
"tepen","1","2","3"
"TequilaDavid","2","1","3"
"Tera-Baap69","1","2","3"
"TeraBazz","1","2","3"
"TeraSinube","1","2","3"
"Tere17Serrano","2","1","3"
"terqu","2","1","3"
"Terra-ReX","1","2","3"
"terraqueo","1","2","3"
"Terrence_Malicks_Hat","1","2","3"
"territory_of_chess","2","1","3"
"Terrorrizz","1","2","3"
"Terrye10","2","1","3"
"Tersee","2","1","3"
"terti45","1","2","3"
"tertian","2","1","3"
"test_account_69","1","2","3"
"test4knights","1","2","3"
"tesygonzalez1970","1","2","3"
"tetas8834","1","2","3"
"tetritolia","1","2","3"
"Teuku_lucan","1","2","3"
"Teveldal","2","1","3"
"Texothemexo","2","1","3"
"tey19777","2","1","3"
"Teymurbala","1","2","3"
"TeZ1111","2","1","3"
"tezec","1","2","3"
"tgaleev82","1","2","3"
"tgstclair90","1","2","3"
"TGueye","1","2","3"
"Thabit_mtz","2","1","3"
"Thadd3us","2","1","3"
"Thaddeuslee","1","2","3"
"ThaiBenwahwah","2","1","3"
"thaifoon","1","2","3"
"Thakursanju12","2","1","3"
"thalesbecker","2","1","3"
"thamer111","1","2","3"
"Thamoo","1","2","3"
"ThanasisSam","1","2","3"
"Thangaram","2","1","3"
"Thangaram89","1","2","3"
"Thangavelushanmugam","1","2","3"
"ThanhPhong3C6","1","2","3"
"ThanksLio","2","1","3"
"thanrag","2","1","3"
"ThanThiToNhu05","2","1","3"
"Tharun_2023","1","2","3"
"Tharunrajasekar","2","1","3"
"ThatGoodKnight","2","1","3"
"ThatOneProdigy","1","2","3"
"Thavanesh2011","1","2","3"
"ThaviruThevsas","1","2","3"
"THChilli","1","2","3"
"The_Basilisk420","2","1","3"
"The_basota","2","1","3"
"the_batman01274","1","2","3"
"the_blurst_of_times","2","1","3"
"the_champ_21","2","1","3"
"The_Chinchillas","2","1","3"
"The_Colonel_72","2","1","3"
"The_Cricketer","2","1","3"
"The_death_king","2","1","3"
"The_EquALiZeRr","1","2","3"
"The_Error_Code404","1","2","3"
"The_Foxy","1","2","3"
"The_Jack_Sparrow","1","2","3"
"the_Kostian","1","2","3"
"The_Mad_King77","2","1","3"
"The_Old_Tantrik","1","2","3"
"the_one_chess_noob","2","1","3"
"the_presi","1","2","3"
"THE_PUNISHER_ALIEN","1","2","3"
"The_Queen_of_Katwe","2","1","3"
"THE_REAL_PAWN_TRADER","2","1","3"
"THE_VIPER2000","1","2","3"
"The_White_Tusker_YT","2","1","3"
"the-enigma","1","2","3"
"THE-HAWK","1","2","3"
"The-muffin-man","1","2","3"
"the-vip-er","1","2","3"
"The214G","2","1","3"
"theal72","2","1","3"
"TheAlterMind","1","2","3"
"theandman012","2","1","3"
"TheApple057","1","2","3"
"thebeatles2020","2","1","3"
"TheBigO123","2","1","3"
"TheBigRedOrb","1","2","3"
"TheBlackSpot","1","2","3"
"TheBlueMeanie","2","1","3"
"TheBongKnight","1","2","3"
"TheBoyConzy","1","2","3"
"thebryantsev123","2","1","3"
"TheCaptain14","2","1","3"
"TheChessCook","1","2","3"
"TheChessQueen17","1","2","3"
"theCloughNetwork","1","2","3"
"TheColdIce","1","2","3"
"THED84","1","2","3"
"TheDailyBugle","2","1","3"
"THEDARK_13","1","2","3"
"theed7979","1","2","3"
"TheEdwarduquitz","1","2","3"
"Theeoussi","1","2","3"
"Theepak","2","1","3"
"TheEvolutionOfAyzeen","2","1","3"
"TheExpensive88","1","2","3"
"thefakeslimshady","1","2","3"
"thefirstleader22","1","2","3"
"TheForchess","2","1","3"
"TheFryingPanMethod","1","2","3"
"TheFunsBit","2","1","3"
"thegainster1","1","2","3"
"thegambit5130","1","2","3"
"TheGarratt","1","2","3"
"theGGreatDane","1","2","3"
"thegod_3009","1","2","3"
"TheGodOfChess10","2","1","3"
"TheGoodKnight0","1","2","3"
"Thegranddaddy","2","1","3"
"Thegreat360","2","1","3"
"Thegreatblunderer123","1","2","3"
"ThehanK","1","2","3"
"thehasnainraza","2","1","3"
"TheHett","1","2","3"
"thehordash","1","2","3"
"TheJacksHallowGlove","2","1","3"
"thejacobian","2","1","3"
"thejedidaughter","2","1","3"
"TheJeromeGambit","1","2","3"
"TheJudge1","2","1","3"
"theKhan1811","2","1","3"
"TheKingJames23","2","1","3"
"thekoushiks","2","1","3"
"thelegend1980","2","1","3"
"thelyonsblaze","2","1","3"
"TheMan-Maker","2","1","3"
"thematetrix","2","1","3"
"Themba217598508","1","2","3"
"themercian","2","1","3"
"TheMorze","2","1","3"
"Themukkesh12","2","1","3"
"themustaf","2","1","3"
"themustydudefromlotr","2","1","3"
"TheNeatChess","1","2","3"
"thenecromancernecro","2","1","3"
"thenikiscooking","1","2","3"
"Thenonschein","2","1","3"
"Theo5217","2","1","3"
"theogantz","2","1","3"
"theonlykevinstewart","2","1","3"
"Theorangedoor","1","2","3"
"theothephrog","1","2","3"
"Theotyst","2","1","3"
"ThePenguinuwu","2","1","3"
"ThePentalgin","1","2","3"
"ThePinwheel","2","1","3"
"ThePoatan14","1","2","3"
"ThePoisonRook_7","2","1","3"
"TheProfessorLM","2","1","3"
"TheProofngPinas","1","2","3"
"thequickbrown_fox","1","2","3"
"TheRaptor5988","2","1","3"
"TheRayanshDadheech","1","2","3"
"therealgab","1","2","3"
"therealmgeezy","1","2","3"
"Thereligionprof","2","1","3"
"Theseus1235","1","2","3"
"TheShadowDweller","1","2","3"
"TheSheevPalpatine","2","1","3"
"TheSleepyPanda","2","1","3"
"thesmurfofsmurfs","1","2","3"
"thespoilsport","2","1","3"
"thestag","1","2","3"
"thestanleycup","1","2","3"
"thesunway12","2","1","3"
"thetitu","1","2","3"
"TheTr1ckst3r","2","1","3"
"Theus69c","2","1","3"
"TheVolpon","2","1","3"
"theWellHopeErr","2","1","3"
"TheWizard-06","1","2","3"
"thexbear","1","2","3"
"thexxxking69","2","1","3"
"TheyCallMeImba","2","1","3"
"theyCallMePatzer","1","2","3"
"theyluvs_marce1","2","1","3"
"theyusau","1","2","3"
"thezellerfeller","1","2","3"
"thgdefreitas","1","2","3"
"Thiago_T","2","1","3"
"thiagodavila16","1","2","3"
"Thiagonvcardoso","1","2","3"
"Thiagorock5","2","1","3"
"Thib88","2","1","3"
"Thibaultcrabeels","1","2","3"
"ThicccLuigi","2","1","3"
"thick_carrot","2","1","3"
"ThienAn14","1","2","3"
"thierrypujolle","2","1","3"
"thieved","2","1","3"
"Thishanth2016mar","2","1","3"
"thisisforwork","2","1","3"
"thismatrixx","2","1","3"
"ThiveshPravin","1","2","3"
"THO22MAS2","2","1","3"
"thobiasp","2","1","3"
"thodorisdeli","1","2","3"
"Thogs","1","2","3"
"thokozani","2","1","3"
"ThomasAb","1","2","3"
"ThomasCa","2","1","3"
"Thomasgia","2","1","3"
"thomasguillaux","2","1","3"
"ThomasLynn","2","1","3"
"ThomasPala","1","2","3"
"thongnhatk8","1","2","3"
"ThoNgoc","2","1","3"
"Thor-61","1","2","3"
"thorirhrafn","2","1","3"
"THOT200815","1","2","3"
"Thougthoul","1","2","3"
"thrasherboy","2","1","3"
"threads1","2","1","3"
"ThreestarNDsun","1","2","3"
"thuan201087","1","2","3"
"Thuj_03","1","2","3"
"thumbup","1","2","3"
"Thunder73","2","1","3"
"ThyDodin","2","1","3"
"thyskillnone","1","2","3"
"Ti_zaebal","1","2","3"
"Tiagokat","2","1","3"
"TianshuoZhang_813","1","2","3"
"Tibayan","1","2","3"
"tibiaforever","1","2","3"
"Tichon2016","1","2","3"
"ticiano62","1","2","3"
"Ticking","2","1","3"
"Tide0","1","2","3"
"TidyFastAirPlane","1","2","3"
"tigare40","2","1","3"
"tiger-86","2","1","3"
"Tiger121","1","2","3"
"TigerMuaiThai","2","1","3"
"Tigran301","1","2","3"
"Tigran400","2","1","3"
"Tigranhun","1","2","3"
"Tigreblanc5","1","2","3"
"tigton1804","2","1","3"
"tihomir67","1","2","3"
"tijana82","2","1","3"
"TIJUANA-MARIA","1","2","3"
"tikie","1","2","3"
"tikpet","1","2","3"
"til_game_end","2","1","3"
"tilda_here","2","1","3"
"tilewen","2","1","3"
"Tilikum22","2","1","3"
"Tima-chumakov_2004","2","1","3"
"tima-malina","1","2","3"
"Tima2311","2","1","3"
"timachessmaster","2","1","3"
"Timah27","2","1","3"
"TimBau","2","1","3"
"timbo2205","2","1","3"
"TimDeLaKeth","2","1","3"
"time00","1","2","3"
"timebet","2","1","3"
"TimEmmelmann","2","1","3"
"timeofzero","1","2","3"
"timfromtasmania","2","1","3"
"TimGreytta","1","2","3"
"TimiliusHugos","2","1","3"
"Timka44","2","1","3"
"Timmy2032","1","2","3"
"timofei_yukhnik_14","2","1","3"
"Timofej775","2","1","3"
"Timofey_igonin37","2","1","3"
"Timofeylikes","2","1","3"
"Timoffey","2","1","3"
"timoha_1996","2","1","3"
"timoiscool","2","1","3"
"Timoruas","2","1","3"
"timouth44","2","1","3"
"Tims_chess","2","1","3"
"TimST","1","2","3"
"Timsy92","2","1","3"
"TimTom22","2","1","3"
"Timtonial","1","2","3"
"Timur_Gabbasov","2","1","3"
"Timur230720","2","1","3"
"Timurgin77","1","2","3"
"TIMURTHULE2014","1","2","3"
"timzac","1","2","3"
"tinajero70","2","1","3"
"tinap17","2","1","3"
"Tincturius","2","1","3"
"tinh-tinh","2","1","3"
"Tinki23","2","1","3"
"Tinnesh","2","1","3"
"tinocchio","2","1","3"
"tipoliani","1","2","3"
"TippuJannu2022","1","2","3"
"tirel1312","1","2","3"
"Tirolskiy","1","2","3"
"tirzan","2","1","3"
"tis97","1","2","3"
"tismejustin","2","1","3"
"TitanYuri","2","1","3"
"titi6","1","2","3"
"titijuju208","1","2","3"
"Titikasparov","1","2","3"
"titiomcrepe","2","1","3"
"Tito4231989","2","1","3"
"titooo95","1","2","3"
"Titubeos13","1","2","3"
"TitunovIvan","2","1","3"
"TiwBronwenTew","2","1","3"
"tixas222707","2","1","3"
"Tizeru","2","1","3"
"TJ040","1","2","3"
"tjasa","1","2","3"
"TjRado","2","1","3"
"tkachenko890","1","2","3"
"tkhlax1","2","1","3"
"tkn1","1","2","3"
"Tkn5050","2","1","3"
"tkokolas","1","2","3"
"tkortay","2","1","3"
"TKS-DC-GregoryH","1","2","3"
"tkuruoglu","2","1","3"
"tlax38","1","2","3"
"tlc23","2","1","3"
"Tlhokr123","1","2","3"
"tlj1309","2","1","3"
"tllcentral","2","1","3"
"tluez1","2","1","3"
"Tmac14","1","2","3"
"TMD102","2","1","3"
"tmtm2626","2","1","3"
"tmttm","1","2","3"
"tmukesh","1","2","3"
"TMuthuprakash","1","2","3"
"TNC_NgocHung2015","1","2","3"
"tnv_truongtienmi2014","2","1","3"
"TNZ13","1","2","3"
"to_278","2","1","3"
"to-bi-1021963","1","2","3"
"To16","2","1","3"
"Toad2013","1","2","3"
"Toan_C2_KP","2","1","3"
"tob11111","2","1","3"
"Toba_der_Zocker","1","2","3"
"Tobacco_Django","1","2","3"
"tobiasium","1","2","3"
"tobiaswillier","2","1","3"
"tobilyn77","2","1","3"
"tobsen49","2","1","3"
"toby022","1","2","3"
"tobybo","2","1","3"
"TobyReckless","2","1","3"
"Tochipan","2","1","3"
"toddwynn","2","1","3"
"TODS_19","1","2","3"
"TOFAL99","1","2","3"
"tofast","2","1","3"
"toffers","1","2","3"
"ToGani","1","2","3"
"Tohfa","1","2","3"
"tohma5629","2","1","3"
"ToinouHS","1","2","3"
"tokatAtarkenYendim","2","1","3"
"Tokattttt","1","2","3"
"TOKERTahsin2012","1","2","3"
"Tokkei","2","1","3"
"Tokyo2706","2","1","3"
"Toleoneect","1","2","3"
"Tolgas-Chess","2","1","3"
"Toli29","1","2","3"
"tolik-43","1","2","3"
"tolpa01","1","2","3"
"TolyanR","1","2","3"
"Tom_007","2","1","3"
"Tom0hawk","1","2","3"
"Tom21lol","1","2","3"
"tom9798","1","2","3"
"Toma2107","2","1","3"
"tomas_awad","1","2","3"
"TomasArico","2","1","3"
"tomasmarv","2","1","3"
"TomasO_o","2","1","3"
"tomasprg","2","1","3"
"tomasz770","1","2","3"
"tomaszpl88","1","2","3"
"tomekpro","2","1","3"
"Tomeufiguera","2","1","3"
"TomikuS22","1","2","3"
"Tomila_9","1","2","3"
"Tominator99","2","1","3"
"TomiQ7","1","2","3"
"tomirose","2","1","3"
"Tomis92","1","2","3"
"tommaso85","2","1","3"
"Tommy_Artu","2","1","3"
"Tommy-J","2","1","3"
"tommy100","2","1","3"
"Tommychess64","1","2","3"
"TommyLee14","1","2","3"
"TommyLeeJones60","2","1","3"
"TommyTheWorst","1","2","3"
"Tomnan0325","1","2","3"
"tomroc","1","2","3"
"TomSlon","2","1","3"
"TomSoere","1","2","3"
"Ton29","2","1","3"
"Toni_Guardilla","2","1","3"
"toni66","1","2","3"
"ToniLoup","2","1","3"
"Tonio06","1","2","3"
"tonjohans","2","1","3"
"Tonnerre-de-Zeus","2","1","3"
"tonoppa","1","2","3"
"tony_montana0","2","1","3"
"TONY-NO","2","1","3"
"tony4815162342","2","1","3"
"tony68it","2","1","3"
"Tonyblanco82","1","2","3"
"tonykhattar","1","2","3"
"TonyKosten","1","2","3"
"TonyLoSqualo","2","1","3"
"TonyMiyamoto","1","2","3"
"TonyTonyTony","2","1","3"
"TonyYak","2","1","3"
"too_ezz","1","2","3"
"TOOCK","1","2","3"
"tookadeepnap","1","2","3"
"Toontamer","2","1","3"
"Toooir","2","1","3"
"toopie4eyes","1","2","3"
"toorky","2","1","3"
"Tootsal","1","2","3"
"Top_LLlypa","1","2","3"
"top-secret-54","2","1","3"
"topa150","2","1","3"
"topcat256","1","2","3"
"TopGTate1","2","1","3"
"tophbbq","1","2","3"
"Topheroc","2","1","3"
"TOPNOOB101","2","1","3"
"toprongyos","2","1","3"
"TopSpartanII","1","2","3"
"Tor1709","2","1","3"
"torabiazad","2","1","3"
"Torbjoern90","2","1","3"
"torfune420","2","1","3"
"TORGOT877","1","2","3"
"Tornado9","1","2","3"
"Tornet2020","2","1","3"
"Tornikkkkee","2","1","3"
"toroghian38","1","2","3"
"torolino","2","1","3"
"ToroMartinez","1","2","3"
"Toroni","1","2","3"
"torpi67","1","2","3"
"TorresLeon","2","1","3"
"Torsa2023","1","2","3"
"Torsten81","1","2","3"
"Tortoretto","2","1","3"
"Torvakleterrible","2","1","3"
"Torymmah","1","2","3"
"tostaditens","2","1","3"
"TotalNoob","1","2","3"
"totcheer","2","1","3"
"totemuegerli","2","1","3"
"TOTIN2007","2","1","3"
"toto-gaudioso","1","2","3"
"totsamiyvolodya","2","1","3"
"Totti1985","2","1","3"
"Tottix","1","2","3"
"TouchyxStepdad","2","1","3"
"ToukoT","2","1","3"
"TovaniMonza","1","2","3"
"TovarischIvanov","1","2","3"
"toweceed","1","2","3"
"Tower_Guard","1","2","3"
"toxip","2","1","3"
"tozkoparan","1","2","3"
"tparratte","1","2","3"
"TPD-F104","1","2","3"
"Tpunkt","2","1","3"
"Tr1ton","1","2","3"
"TracWar","2","1","3"
"tradiridum","1","2","3"
"TrailerParkBoy","1","2","3"
"trainer777","1","2","3"
"training_for_rating","2","1","3"
"trajaniko","1","2","3"
"Trajero","2","1","3"
"Trancongtriet","1","2","3"
"Trandloi2010HL","1","2","3"
"Trandongquang","1","2","3"
"TRANHIEN","2","1","3"
"TranLeThuThao","2","1","3"
"TranMinhThu","1","2","3"
"TranThiTuongVi05","1","2","3"
"Trapoid","2","1","3"
"trashtactics","1","2","3"
"TrauGottSimon","1","2","3"
"Travieso123","2","1","3"
"travisperro","1","2","3"
"Trayc4","1","2","3"
"Trayko","2","1","3"
"Trcarmo","1","2","3"
"Trebol0ri0n","2","1","3"
"Trebreh946","1","2","3"
"Treeco282","1","2","3"
"tresletras","1","2","3"
"trevolkv","2","1","3"
"Trex2013","1","2","3"
"trexerdem","1","2","3"
"TRG80","2","1","3"
"Triangle777","1","2","3"
"TriChess2k","2","1","3"
"tricked2","2","1","3"
"TrickyFischer_Master","1","2","3"
"Trickythrapp","2","1","3"
"Trifid77","1","2","3"
"Trijodar","2","1","3"
"trikismitis13","2","1","3"
"TrikmenidiG","2","1","3"
"TrinhThiHoaiAn_05","2","1","3"
"Trishona576","2","1","3"
"tristan-bantan","2","1","3"
"tristan-j-OHES","1","2","3"
"tristan1414","1","2","3"
"Tristan98","2","1","3"
"TristanE","2","1","3"
"TrivanIbiza","1","2","3"
"Trivillimsi","1","2","3"
"triz","1","2","3"
"trksaiedo","1","2","3"
"trnova30","1","2","3"
"trocheddazz","1","2","3"
"Trogen_138","1","2","3"
"troi-p","2","1","3"
"Troli-B","1","2","3"
"Trollfish-Bot","1","2","3"
"Trollsjakk","2","1","3"
"Tromboneski","1","2","3"
"Tron-andr","2","1","3"
"troneras","2","1","3"
"TRONGHOANG20129","1","2","3"
"trongkhiem2654","1","2","3"
"Trongnhan2016","2","1","3"
"Tropicalvibes","2","1","3"
"Troubadorrohan","2","1","3"
"TroubleRanger","2","1","3"
"trouser_snake","2","1","3"
"Troy101999","1","2","3"
"troyan139","1","2","3"
"troyanouma","2","1","3"
"Troytolkien","1","2","3"
"trsv","2","1","3"
"trtas","1","2","3"
"Trubnik","1","2","3"
"truciolo","1","2","3"
"TrudelGeratella","1","2","3"
"TrueStatic","2","1","3"
"truknight","1","2","3"
"trumjeter","1","2","3"
"trunekPopaja","2","1","3"
"Trustler","2","1","3"
"truthseeker17","2","1","3"
"truuten","2","1","3"
"Try_my_1100_rate","2","1","3"
"TRY_TO_THINK","1","2","3"
"TryCard","1","2","3"
"TryhardTyler","1","2","3"
"Tryiix","2","1","3"
"Tryingchess002","2","1","3"
"tryingkaraoke","1","2","3"
"trysmt","2","1","3"
"Ts-Sanchir","2","1","3"
"tsax9","1","2","3"
"tschirmer","2","1","3"
"Tsegbemi","2","1","3"
"tserman","1","2","3"
"tshelokekana","2","1","3"
"tsilanizarah","1","2","3"
"TSM01","2","1","3"
"Tsogoo9905","1","2","3"
"tsudrez","1","2","3"
"tsukalamink","1","2","3"
"Tsukihama-Rui","2","1","3"
"Tsukuru-Tazaki","1","2","3"
"tsukuyomiro","1","2","3"
"Tsulim","2","1","3"
"tsv14","1","2","3"
"Ttd04","2","1","3"
"TTM2012","2","1","3"
"ttolkin","1","2","3"
"tttttcvvvcc","2","1","3"
"Tturk_merve","1","2","3"
"Tubby2010","2","1","3"
"Tuboo","1","2","3"
"Tuck_Fheory","1","2","3"
"tuckerhazel","1","2","3"
"tuco84","2","1","3"
"tud_fixkt_chris","2","1","3"
"TudosIvanTudosIvan","1","2","3"
"tueminh_chess","1","2","3"
"Tueminh1609","1","2","3"
"Tufanyagci47","2","1","3"
"tugranferhat","2","1","3"
"tujh05","1","2","3"
"Tulang","2","1","3"
"Tulegen55reg","2","1","3"
"TuliBull97","1","2","3"
"Tumen778","1","2","3"
"tumuget12976710","2","1","3"
"Tunahan33","1","2","3"
"Tuncay62","2","1","3"
"Tupi7","2","1","3"
"TupikVasiliy","1","2","3"
"Tupwing","2","1","3"
"tuq","1","2","3"
"Turajafruzeh","2","1","3"
"turan_araz2020","1","2","3"
"Turan_Askerov","2","1","3"
"Turbo_Boost","1","2","3"
"TurboBaby","2","1","3"
"turbonormich","1","2","3"
"TurboTears","2","1","3"
"turcofranco","1","2","3"
"Turekzary","2","1","3"
"turgayatacan_075","2","1","3"
"TurgutGuney","2","1","3"
"turhan33","1","2","3"
"Turkana018","2","1","3"
"turkidhak","2","1","3"
"Turkmenka1","1","2","3"
"TurmHardy","1","2","3"
"turr_ican","1","2","3"
"turun1","2","1","3"
"Turzzo","2","1","3"
"tusawn","1","2","3"
"Tushar_JR","1","2","3"
"tushkan70","1","2","3"
"tutuferrari","2","1","3"
"tutugly","2","1","3"
"TutupSarden","1","2","3"
"Tutuska","2","1","3"
"TutyhinErkin","1","2","3"
"tuutunamayan","2","1","3"
"Tuzova_Darya","1","2","3"
"Tuzunsu02","1","2","3"
"tvaiapisdaloch","2","1","3"
"tValla","1","2","3"
"TvD23","1","2","3"
"tvoryow","2","1","3"
"tvou_nanik","1","2","3"
"tweagrey2","2","1","3"
"Tweezers3082","1","2","3"
"twelvejewels","2","1","3"
"TwelveSantos","2","1","3"
"Twhitt","1","2","3"
"TwickyTwickster","2","1","3"
"Twist59","2","1","3"
"Twitchy77","1","2","3"
"twolf33","2","1","3"
"Txam","1","2","3"
"Txindoki","1","2","3"
"txjusn","1","2","3"
"Ty364gab","2","1","3"
"TyagiTyagi","2","1","3"
"Tylerdurden9591","2","1","3"
"tymofeev","1","2","3"
"TymofiiUfintsev","2","1","3"
"TYObot","1","2","3"
"tyounger219","1","2","3"
"TYR2","1","2","3"
"Tyrboboy","2","1","3"
"tyrojay","1","2","3"
"tyronemitchell","2","1","3"
"tyRoxk","1","2","3"
"tysmith10511","1","2","3"
"tyson12121","2","1","3"
"tysondirksen","1","2","3"
"Tysonsmind101","2","1","3"
"tyster","1","2","3"
"tzccccc","2","1","3"
"U_L_F","1","2","3"
"U40","1","2","3"
"u6591","2","1","3"
"uaberkay87","2","1","3"
"uacbira1","2","1","3"
"uaquo","1","2","3"
"Uarije","1","2","3"
"UAXYQ","2","1","3"
"UB-2357","2","1","3"
"ubaldonaldo","2","1","3"
"Ubermensch_4","1","2","3"
"Ubirov","1","2","3"
"Ublessed","1","2","3"
"ububob","2","1","3"
"ubyambasuren","1","2","3"
"ucarmustafakadir","2","1","3"
"Uchiha000","2","1","3"
"uchugaevss","2","1","3"
"uda_in","2","1","3"
"udaan2014","1","2","3"
"Udav18","1","2","3"
"Udi_iz_here","1","2","3"
"UDITdubey1999","2","1","3"
"Uditi_Kalra","1","2","3"
"uebomber","2","1","3"
"uert5011","2","1","3"
"UFA7229","2","1","3"
"UFAcity","1","2","3"
"uffffffhhhh","2","1","3"
"ufk200137","1","2","3"
"Ufo_diaz","1","2","3"
"ufriendlyghostcasper","2","1","3"
"Ugenix","1","2","3"
"Uglanov","2","1","3"
"uglymanirl","1","2","3"
"UGOFLORES","2","1","3"
"ugolosn","2","1","3"
"ugra86","2","1","3"
"ugur3244","2","1","3"
"Ugurgs_18","2","1","3"
"UgurSelcukTR","2","1","3"
"ui_senior","2","1","3"
"uilamesbarbudo","1","2","3"
"UivoDasu","2","1","3"
"ujal007","1","2","3"
"ujif54","1","2","3"
"UjjwalQo","1","2","3"
"ujonaz007","1","2","3"
"ul401","2","1","3"
"Ulan_N","1","2","3"
"ulas-bjksatranc","2","1","3"
"ulazar3","2","1","3"
"Ulfan1986","1","2","3"
"Ulisesguzmanmx","2","1","3"
"Ulkusatranc","2","1","3"
"ultimaratio1","2","1","3"
"ultimatenub","1","2","3"
"Ultrabright","2","1","3"
"ultramiga","1","2","3"
"ultranet","1","2","3"
"Ultraskrip","1","2","3"
"UltraSonic07","1","2","3"
"Ulukaj","2","1","3"
"Ulukiora123","2","1","3"
"umar_fahiyudin","2","1","3"
"umer798","1","2","3"
"Umidjan21","1","2","3"
"umitttt","1","2","3"
"Umnix1","2","1","3"
"umtcn00","1","2","3"
"Umut_69","1","2","3"
"Umutbulbul16","1","2","3"
"umutcagan1903","2","1","3"
"umutgry","1","2","3"
"Umuttas2015","2","1","3"
"umutu","2","1","3"
"umutxsins","2","1","3"
"UnamourdeSwann","2","1","3"
"unasproblemi","2","1","3"
"unatropical","2","1","3"
"unbekannte-KI","2","1","3"
"unbot","1","2","3"
"Uncheck44","1","2","3"
"Unchicoroto","1","2","3"
"UncleGlen","1","2","3"
"UncrownedPawn","1","2","3"
"under1ink","1","2","3"
"Underdisc","2","1","3"
"UneBelleBiche","2","1","3"
"UnhappyF","2","1","3"
"unholymountain","2","1","3"
"UnicornMove","2","1","3"
"unicorns4life","2","1","3"
"unidentified255","1","2","3"
"uniqe96","1","2","3"
"unique_amin","2","1","3"
"Uniquegamer","1","2","3"
"Unkey","2","1","3"
"unknown-vortex","2","1","3"
"Unluer","2","1","3"
"UnNoOne","1","2","3"
"Unspec1fied","1","2","3"
"Unstoppableforcev1","2","1","3"
"Unteroffizer","1","2","3"
"Unus","2","1","3"
"UOYahyaDorukDemirkan","1","2","3"
"Up4aRook","1","2","3"
"upsidedownpl","1","2","3"
"uranous","1","2","3"
"urasali","1","2","3"
"urasyesil","1","2","3"
"urens1981","2","1","3"
"urfavNoor","1","2","3"
"urijbosenko","2","1","3"
"Urip_carlsen","2","1","3"
"urjasvinsingh","2","1","3"
"uro8oros","2","1","3"
"UrosTadic","2","1","3"
"Urquhart","2","1","3"
"Ursus_2","2","1","3"
"usamamamoon","2","1","3"
"usamazoraiz","2","1","3"
"uschreck","1","2","3"
"Usekw","2","1","3"
"user064","1","2","3"
"user09091","1","2","3"
"User108956","1","2","3"
"UserM2014","2","1","3"
"username-123","1","2","3"
"Ush83","2","1","3"
"UsmanFayyazAUASMR","1","2","3"
"Usmehan","1","2","3"
"UsmonjonD","2","1","3"
"Uss2010","1","2","3"
"UstinovAlexey","2","1","3"
"ustja","1","2","3"
"UsulKwisatz","2","1","3"
"UTE_Istvan","1","2","3"
"utges02","1","2","3"
"utharalisenie","2","1","3"
"Utku2016","1","2","3"
"utkudemir","1","2","3"
"Utn404","1","2","3"
"Utopian1","1","2","3"
"utsav820","1","2","3"
"uugens","1","2","3"
"uuguur","1","2","3"
"uuullllllllll","2","1","3"
"UV041","2","1","3"
"Uvajaemiy","1","2","3"
"uvuv643","2","1","3"
"uwaisms","1","2","3"
"Uwat","1","2","3"
"UYGAR2010_-9","1","2","3"
"uygarkaplan","2","1","3"
"UZBEKISTAN2012","2","1","3"
"Uzii","2","1","3"
"uzovkamarek","2","1","3"
"uzunR5149","1","2","3"
"Uzziduzzit","1","2","3"
"v_alexander_v","1","2","3"
"v_an","1","2","3"
"v_lena2023","1","2","3"
"V_smir","1","2","3"
"v323232","2","1","3"
"v3nur","2","1","3"
"V3rtix","2","1","3"
"V4lium","1","2","3"
"v9sevos","2","1","3"
"VaasLa","2","1","3"
"vachikus91","2","1","3"
"Vaderkip","2","1","3"
"Vadim_2306","1","2","3"
"vadim_trubkin","2","1","3"
"Vadim_V_V","2","1","3"
"VadimBob","2","1","3"
"vadimdim","2","1","3"
"VadimGlazkov","1","2","3"
"vadimmil1984","2","1","3"
"VadimPro","2","1","3"
"vadimverein","2","1","3"
"Vaflya-123_9","1","2","3"
"Vagaldav","2","1","3"
"VAGANAY","2","1","3"
"vagmansisma","1","2","3"
"VagueHalvah","2","1","3"
"Vahid2003","1","2","3"
"vahid30","1","2","3"
"vaibhavj20","1","2","3"
"vaigult","2","1","3"
"vaishnavi20112013","2","1","3"
"vaksa3000","1","2","3"
"VakuzaJones","1","2","3"
"valaxx","1","2","3"
"Valde95","1","2","3"
"valdiraprendiz","2","1","3"
"valdis63","1","2","3"
"valemora12","1","2","3"
"valenteenstoyanov","1","2","3"
"valenti23","1","2","3"
"Valera-19_53","1","2","3"
"Valera196","1","2","3"
"Valera76174","1","2","3"
"Valeraefreval","2","1","3"
"VALERAIA-2011","2","1","3"
"ValeraKodz","1","2","3"
"valeraps","2","1","3"
"valeratimakov","1","2","3"
"valeraua","2","1","3"
"Valerco","1","2","3"
"valere27","1","2","3"
"Valeria_Lukyanova","2","1","3"
"Valeria_supergirl","1","2","3"
"Valeria1309","2","1","3"
"VALERIAN888","2","1","3"
"valerij101448","2","1","3"
"valeriusballa","2","1","3"
"Valeriy_N_VELICHKO","2","1","3"
"ValeriyKo","1","2","3"
"ValeriyM","1","2","3"
"Valeroku","2","1","3"
"ValGav","2","1","3"
"valguitar","2","1","3"
"valik4_4","2","1","3"
"Valkiria10","1","2","3"
"Vallabhai","2","1","3"
"VallejoGod","2","1","3"
"valley_puma","2","1","3"
"Valour4eva","1","2","3"
"ValPascali","1","2","3"
"Valpito","1","2","3"
"valran-280","1","2","3"
"valsax","1","2","3"
"value1","1","2","3"
"ValyT","2","1","3"
"vamosss","1","2","3"
"van1sle","1","2","3"
"Van47Gogh","1","2","3"
"vandeka","1","2","3"
"vandi19","1","2","3"
"VanHousen12","2","1","3"
"VannNecker","2","1","3"
"Vano3005","2","1","3"
"VanoKavero","1","2","3"
"vanorton","1","2","3"
"Vansh22raj","1","2","3"
"VantaRabbit","2","1","3"
"vanya2015","2","1","3"
"VanyaAnB","1","2","3"
"varaprasad7","2","1","3"
"VARDANGER-25","1","2","3"
"varena","2","1","3"
"Vargeloglu","1","2","3"
"varicocha","1","2","3"
"Varryag","1","2","3"
"Varshsid2013","2","1","3"
"VarunRaj2008","2","1","3"
"VarunSwami","2","1","3"
"Varuntej_bethala1","2","1","3"
"Varvara_21-03-2015","2","1","3"
"varyans","1","2","3"
"varyg2010","2","1","3"
"vas_ebet_evgeny","1","2","3"
"Vasco_da_Brahma","2","1","3"
"Vasconcelos127","1","2","3"
"VasifShukur","2","1","3"
"Vasil0","1","2","3"
"Vasilchenko-Oleg","1","2","3"
"vasilevs196","2","1","3"
"VasilisaKaraseva","2","1","3"
"Vasilisch","2","1","3"
"vasiliy1946","1","2","3"
"VasillisaPotrebina","1","2","3"
"VasilR","1","2","3"
"VasilyBlokhin","2","1","3"
"vasinho","1","2","3"
"vasjabr","1","2","3"
"vaskov11","2","1","3"
"Vasyapapuasik","2","1","3"
"Vasyzas1974","2","1","3"
"VAT72","1","2","3"
"VatniK111","1","2","3"
"VatsalyaGupta","1","2","3"
"Vaulxois","2","1","3"
"VaZzIR_Saab","1","2","3"
"vbaGuru","2","1","3"
"vbashok","1","2","3"
"vbiftrk","1","2","3"
"Vbnd","2","1","3"
"vcataldi93","2","1","3"
"vchess2901","1","2","3"
"vcuasquer","2","1","3"
"Vdibya","2","1","3"
"vdvgur_63","1","2","3"
"veamise","1","2","3"
"Vector1116ggpro","1","2","3"
"Vector3937","2","1","3"
"Vedaant13","2","1","3"
"Vedang_Asnikar","2","1","3"
"Vedansh_bhatt50","1","2","3"
"Vedanshu_B2014","1","2","3"
"Vedant_Agarwal","2","1","3"
"vedant_pujara","2","1","3"
"vedant25shiv","2","1","3"
"vedatsahin52","1","2","3"
"vedayaazhinis","1","2","3"
"vedhachalam","2","1","3"
"VedmankinAkex","2","1","3"
"VedSriram","1","2","3"
"Veer8singh","2","1","3"
"veeranithin","1","2","3"
"veetore","2","1","3"
"Vega717","1","2","3"
"veirab","2","1","3"
"veldicusbflcpdlqvyl","1","2","3"
"velinalex","2","1","3"
"velissarios","1","2","3"
"velmkris","1","2","3"
"Velobender","1","2","3"
"velykiy_pryanik","1","2","3"
"Vendetta22","1","2","3"
"Vendorex123","2","1","3"
"Venera45","1","2","3"
"Vengeful_Rogue","2","1","3"
"Veniamin_Par","2","1","3"
"venkat_beloved","1","2","3"
"venkat749","2","1","3"
"VENKATESAN1981","1","2","3"
"venkatsai4072","2","1","3"
"Venom_brun","1","2","3"
"Venomraghav","1","2","3"
"Venti222","2","1","3"
"VentosaPerez","2","1","3"
"Ventouris19","1","2","3"
"ventricule","1","2","3"
"ventseslavilev","2","1","3"
"Venugopal_GJ_19","2","1","3"
"venuvirat","2","1","3"
"ver156forever","1","2","3"
"Ver2flung","1","2","3"
"Vera_Kazakova","1","2","3"
"vera_rozova","2","1","3"
"verbasundae","2","1","3"
"verbel77","1","2","3"
"verbicide","1","2","3"
"Verboloz","2","1","3"
"Verbutl","2","1","3"
"Vercingetorix-LXXVI","1","2","3"
"veredave","2","1","3"
"veremsavas","2","1","3"
"VereSurrexit","2","1","3"
"vergel303","1","2","3"
"verloren_27","1","2","3"
"verlove","1","2","3"
"verma0073","1","2","3"
"Vermillion93","2","1","3"
"vErmisz","2","1","3"
"Veronica_mun","1","2","3"
"veronicas4","1","2","3"
"Veronika_Kratzerova","2","1","3"
"Veronika-Kolos","1","2","3"
"VeronikaB_14","2","1","3"
"verprot","2","1","3"
"verrama","2","1","3"
"vertig0o","2","1","3"
"vertuzet","2","1","3"
"verty21","2","1","3"
"Verucciachesss","1","2","3"
"very-smart","1","2","3"
"verywellit","2","1","3"
"vesseli","2","1","3"
"Vet105","1","2","3"
"Veter_ok77","1","2","3"
"veter1297","2","1","3"
"Vetri0206","1","2","3"
"vetrisoaia","1","2","3"
"vetrovova","2","1","3"
"Vexotos","2","1","3"
"vfksirby","2","1","3"
"vfv-kml","2","1","3"
"VGp49","1","2","3"
"vgupta001","1","2","3"
"vharishman","2","1","3"
"VHDpex","2","1","3"
"vhu_phucgiac-2016","1","2","3"
"vi_boii_x","2","1","3"
"Vi_Vl","1","2","3"
"Vi29","1","2","3"
"viaan02","1","2","3"
"ViAaNjS","1","2","3"
"Viaanraval","2","1","3"
"Viaderm2004","1","2","3"
"viaggiatore971","1","2","3"
"Viajero66","2","1","3"
"VianArdene","2","1","3"
"ViatorSihole","1","2","3"
"VIatrix14","1","2","3"
"vibindasp007","1","2","3"
"vibRibbon","1","2","3"
"vic1993","1","2","3"
"Vicente_07","1","2","3"
"vichuque","1","2","3"
"vicious-ems","1","2","3"
"vicjufu","1","2","3"
"vicky_don","2","1","3"
"vicky_justin","1","2","3"
"vicky_vk_sathriyan","1","2","3"
"VICKY307","1","2","3"
"vickyrao412","1","2","3"
"Vickyvadhwa","1","2","3"
"vickyvikas","1","2","3"
"Vicmaki","1","2","3"
"VicMan82","1","2","3"
"vicmanbeta","2","1","3"
"vicmar80","1","2","3"
"Vicroc","2","1","3"
"victirin","2","1","3"
"Victor-2012","2","1","3"
"Victor050612","2","1","3"
"Victor150905","1","2","3"
"victor3870","1","2","3"
"Victor5038","1","2","3"
"victoria39","2","1","3"
"VictorioHerrera","1","2","3"
"VictorMaRa","2","1","3"
"victormitin1","2","1","3"
"VictorTeng2020","1","2","3"
"VictorTigay","2","1","3"
"Vicwise","2","1","3"
"vid-pro","1","2","3"
"Vidadi1964","2","1","3"
"Vidda_lavid","2","1","3"
"viDoppio","1","2","3"
"VIDYUTASHOKKUMAR_8","1","2","3"
"Vie_HuynhLeHung2015","2","1","3"
"vielha88","2","1","3"
"VierDrittelPiRhoch3","2","1","3"
"vigintiseptem","2","1","3"
"vignesh_007","1","2","3"
"vignesh21803","2","1","3"
"vigwh","1","2","3"
"vihaan_cool","1","2","3"
"Vihaan_deshmukh","1","2","3"
"Vihaan_Divekar","1","2","3"
"Vihaanchandan","2","1","3"
"vihaanpen","2","1","3"
"VihaanVishwanath","1","2","3"
"vihan02","1","2","3"
"vihanga_dilsara","1","2","3"
"vihris","2","1","3"
"Viikate","1","2","3"
"vij345","2","1","3"
"Vijay_Kandukuri","2","1","3"
"Vijay_Zoe","1","2","3"
"Vijayendran","1","2","3"
"vijaymandloi","1","2","3"
"vijaysandoria","1","2","3"
"vijuBalan","1","2","3"
"Vik_chess","2","1","3"
"vik-aksu","2","1","3"
"Vik58pro","1","2","3"
"Vikas291070","2","1","3"
"Vikasbu24","2","1","3"
"vikash_tiwary","2","1","3"
"vikaskhatri","2","1","3"
"vikasraichess","2","1","3"
"Vikesh_poojary015","1","2","3"
"Viki1246","2","1","3"
"Viking2500","2","1","3"
"vikingo77","1","2","3"
"vikmartini","1","2","3"
"VikP19","1","2","3"
"vikram6174","2","1","3"
"Vikram889","2","1","3"
"Vikramvetal","1","2","3"
"Vikthor4","2","1","3"
"viktohbrown49","2","1","3"
"Viktol","1","2","3"
"Viktor_Ka","1","2","3"
"Viktor_Melnikov","1","2","3"
"Viktor191127","1","2","3"
"Viktorartanov","1","2","3"
"ViktorE77","1","2","3"
"viktorekb","1","2","3"
"Viktoriia_St","2","1","3"
"ViktoriiaMaksymiv","1","2","3"
"Viktoriya_Maltseva","2","1","3"
"viktormakar","2","1","3"
"ViktorScheiermann","2","1","3"
"ViktorTrifonov","1","2","3"
"viliuschess","1","2","3"
"villasayas","2","1","3"
"villium99","2","1","3"
"vilpero","2","1","3"
"Vinayak_khavnekar","2","1","3"
"vinayak14631","1","2","3"
"Vinayak443","2","1","3"
"VinaykumarS","2","1","3"
"vinaypatil93","1","2","3"
"vinaysbhat","1","2","3"
"vinaysgambit","2","1","3"
"vincam","1","2","3"
"Vincenerator","2","1","3"
"Vincent_Hajji","1","2","3"
"Vincentdimasuhid","2","1","3"
"VincentPaolo08","2","1","3"
"vincenzoopportuno","2","1","3"
"VincenzoPetruzzo","2","1","3"
"vincevincevvv","1","2","3"
"Vinci30","1","2","3"
"Vindhyawagh17","1","2","3"
"ViNi2023","2","1","3"
"viniciusre","1","2","3"
"viniciusTMT","2","1","3"
"Vinisirius","2","1","3"
"Vinit7","1","2","3"
"vinni3012","1","2","3"
"Vinny19269","1","2","3"
"vinodpvr","1","2","3"
"vinothm","1","2","3"
"Vintosyan_1","1","2","3"
"VinuHarsith","2","1","3"
"Vinyls_7","2","1","3"
"Vinz_19","1","2","3"
"Vinzenz87","2","1","3"
"VINZKURDI","1","2","3"
"vioeg","1","2","3"
"ViolettaPod","2","1","3"
"Vioz235","2","1","3"
"vip1500","1","2","3"
"Vip2222","1","2","3"
"vipethehell","1","2","3"
"Vir2ual","2","1","3"
"Viraajbestie","2","1","3"
"ViraajKapoor","2","1","3"
"Virac","2","1","3"
"VirajSingh9891","2","1","3"
"viranchi007","2","1","3"
"Virat_2008","1","2","3"
"Viratkohli15","1","2","3"
"virjayeshgo","2","1","3"
"Vischan14","2","1","3"
"vish_09","2","1","3"
"Vishal676767","2","1","3"
"Vishal9856","2","1","3"
"Vishalanam","2","1","3"
"vishalvkunnath","1","2","3"
"Vishesh1DFR3","2","1","3"
"vishnevetskayag","1","2","3"
"vishnu_1008","1","2","3"
"VISHNU-GODMODE","1","2","3"
"Vishwajeet7784","1","2","3"
"Vishwajith26","1","2","3"
"Vishwavurla","1","2","3"
"visionaryman","1","2","3"
"vislavathsairam","2","1","3"
"vistfil","2","1","3"
"vitalalex","2","1","3"
"vitalik_4444","1","2","3"
"Vitalik_Kozlovsckij","1","2","3"
"Vitalik891","1","2","3"
"VitalityPiano","2","1","3"
"Vitaliy_Slovyansk","2","1","3"
"Vitaliy57575","1","2","3"
"VitaliYuzhnyi","2","1","3"
"Vitaly-1981","2","1","3"
"Vitaly1969","2","1","3"
"Vitalyi2010","2","1","3"
"VitalyVladimirovich","2","1","3"
"VitalyZykov","2","1","3"
"VitaminDznuts","1","2","3"
"vitandaniel","1","2","3"
"vitchodar","1","2","3"
"vitek88","2","1","3"
"viththiya","1","2","3"
"VITHURRAN","1","2","3"
"VitSema","2","1","3"
"VitSR","2","1","3"
"vittopio","1","2","3"
"vittoryugi7","1","2","3"
"VittuL","1","2","3"
"vivaan12365","1","2","3"
"Vivaanboi","2","1","3"
"vivaangoyal22","2","1","3"
"vivaanthakur_chess","2","1","3"
"vivek11111","2","1","3"
"Vivek4Solanki","2","1","3"
"vivek756","2","1","3"
"Vivekk008","2","1","3"
"Vivekkhaab","2","1","3"
"VivekRawat","1","2","3"
"vivelefun3","1","2","3"
"Vivena2023","1","2","3"
"vivonzululul","1","2","3"
"vivymony","2","1","3"
"vixi007","2","1","3"
"Vixvizz","2","1","3"
"vj2018","2","1","3"
"VJZALA","2","1","3"
"vk720703","2","1","3"
"vk82","1","2","3"
"VKAnonymous444","2","1","3"
"vktrbegin","2","1","3"
"vlad_1734","1","2","3"
"VLAD_1999","2","1","3"
"vlad_dracula69","2","1","3"
"Vlad_Grebnov","1","2","3"
"Vlad_LOL","1","2","3"
"vlad0711","1","2","3"
"Vlad0711k","2","1","3"
"VladBoldyrev","1","2","3"
"vladdobr","2","1","3"
"vladdobrinka","1","2","3"
"VladikBobrenko","2","1","3"
"vladikmank","2","1","3"
"Vladimir_62","2","1","3"
"Vladimir_bespalov","2","1","3"
"vladimir_chimitov","1","2","3"
"Vladimir_Monamach","1","2","3"
"Vladimir-17-b","1","2","3"
"Vladimir-1957","1","2","3"
"Vladimir-G_84","2","1","3"
"Vladimir0204","1","2","3"
"vladimirlenin-tr","1","2","3"
"VladimirOrlov79","2","1","3"
"vladimirov_i","2","1","3"
"VladimirQWERT","1","2","3"
"VladimirTVA","2","1","3"
"VLADIMUR19","2","1","3"
"vladis6666","2","1","3"
"Vladislav70000","2","1","3"
"VladislavNesterov21","2","1","3"
"VladislavSekatskiy","2","1","3"
"Vladivir60","2","1","3"
"vladivodic","2","1","3"
"Vladizor","1","2","3"
"vladmc1009","1","2","3"
"vladonikolovski","1","2","3"
"Vlados_kokos","2","1","3"
"vladosy","2","1","3"
"vladpip","2","1","3"
"VladStefanM","2","1","3"
"vladterehov31","2","1","3"
"Vladyslav_Petrov17","1","2","3"
"vladzored","2","1","3"
"vlajkolevic","2","1","3"
"VlasovE","2","1","3"
"VlasovNazar","1","2","3"
"vlastikv","2","1","3"
"VlatkoPrimorac","2","1","3"
"vlknzdmr","1","2","3"
"Vlvic","2","1","3"
"Vlxdi7","1","2","3"
"vmaitret","1","2","3"
"vmanav","1","2","3"
"vmaocubo","1","2","3"
"vmarmuz","1","2","3"
"vmaster2911","1","2","3"
"Vmt_dee","1","2","3"
"vnkhimutin","1","2","3"
"vns_2002","2","1","3"
"Vnuk_Stolypina","1","2","3"
"VodnitskyiO91","2","1","3"
"VOGEIN","2","1","3"
"voha55","1","2","3"
"Voin57","2","1","3"
"Voittaja423","2","1","3"
"vokerflin","2","1","3"
"VOLDX2","1","2","3"
"Volgograd1987","2","1","3"
"VolkanTR","2","1","3"
"volkov_yarik99","2","1","3"
"VolkovA73","2","1","3"
"VolleyballA444","1","2","3"
"Volodimir_78","2","1","3"
"Volodimir7777","1","2","3"
"Volodymyr_Degurko","2","1","3"
"Volodymyr_Nevidomiy","2","1","3"
"Volokolamck","1","2","3"
"Voloznik","2","1","3"
"VolpeIntraprendente","1","2","3"
"VolssUng","2","1","3"
"Voltic_47","2","1","3"
"volvoxc60","1","2","3"
"VonHegubert","2","1","3"
"voolkan1","1","2","3"
"VOPAEV","2","1","3"
"Voronchaka","2","1","3"
"Vortex95","2","1","3"
"voslin05","2","1","3"
"VotKash","1","2","3"
"Vottivar","1","2","3"
"vourdoul","1","2","3"
"Vova30","1","2","3"
"VOVA55009","2","1","3"
"VovaDanilov","2","1","3"
"vovan905","1","2","3"
"Vovannello","1","2","3"
"Vovavdv777","1","2","3"
"Vovk_Roman","1","2","3"
"voyager82","2","1","3"
"voytecPL","2","1","3"
"vpp10","1","2","3"
"Vpss02","2","1","3"
"Vpushkaryov1964","2","1","3"
"Vrabli","1","2","3"
"vragu86","1","2","3"
"Vrbas42","1","2","3"
"vricar","2","1","3"
"Vrotdavator","1","2","3"
"Vruchtvet","1","2","3"
"vs_m","2","1","3"
"vs-sam16","2","1","3"
"vsadnik_13","2","1","3"
"VSatyaSampath","2","1","3"
"Vsenna","1","2","3"
"Vseva-2012","2","1","3"
"vsevolodeletskiy","1","2","3"
"vsezanato","1","2","3"
"vshaft","2","1","3"
"vsherr","2","1","3"
"vskumar0511","1","2","3"
"vsmastiv","1","2","3"
"vsrb2006","1","2","3"
"VsRithik_2016","2","1","3"
"vstg","1","2","3"
"vtehno","2","1","3"
"Vtrrk","1","2","3"
"Vttmonstre","2","1","3"
"vuanhthu05","1","2","3"
"vugarbakhishli","1","2","3"
"Vujadinovic_Boris","1","2","3"
"vukeli","2","1","3"
"VukoTreci","1","2","3"
"Vulcanian","2","1","3"
"Vunna69","1","2","3"
"VuongAnhKim5","1","2","3"
"vupl","2","1","3"
"VuqarKarimov","1","2","3"
"Vus570","2","1","3"
"VusalMeherremov","1","2","3"
"vvaassee","2","1","3"
"vvaldas","1","2","3"
"vvALEXvv","2","1","3"
"Vvanoo","1","2","3"
"vvith3ase","1","2","3"
"vvodim005","2","1","3"
"vvpopkov68","2","1","3"
"vvvaa97","2","1","3"
"Vwbuscamdust","1","2","3"
"VWV755","2","1","3"
"vylienminh0598","2","1","3"
"Vyomkchess","1","2","3"
"vyuhalakshmi","1","2","3"
"w_rishi","1","2","3"
"w129119","2","1","3"
"W1939","1","2","3"
"w1x414","1","2","3"
"W4tchm4n","2","1","3"
"W4terwavers","1","2","3"
"wa_otek","2","1","3"
"WAA_Clemens_M_St2","1","2","3"
"waaa3wa3","1","2","3"
"Waarior","2","1","3"
"wabra","1","2","3"
"wachmistrz54","2","1","3"
"WackSnatcher","1","2","3"
"Wadah","1","2","3"
"wade__the_great","2","1","3"
"Wadjack","2","1","3"
"waelj","2","1","3"
"wafa_karmosh","1","2","3"
"Wagcollins","2","1","3"
"Wailer7","1","2","3"
"wairp","2","1","3"
"wait4son","1","2","3"
"waitaminut","1","2","3"
"Waitrose2","2","1","3"
"wajidrangrej","1","2","3"
"WakandanExpat","1","2","3"
"wakekitesurf","2","1","3"
"Walchy","2","1","3"
"waldemarov","2","1","3"
"waldenruidoso","1","2","3"
"waleedsayed777","1","2","3"
"walex19","1","2","3"
"WalfredoSampaio","2","1","3"
"Walid1331","2","1","3"
"Walidalastah","1","2","3"
"walidmerrad","2","1","3"
"waliduniverse","1","2","3"
"walisa77","2","1","3"
"WalledMahmoud","1","2","3"
"wallykiss","2","1","3"
"Walonderro","1","2","3"
"Walter_P","2","1","3"
"walter-de","2","1","3"
"Walter2988","2","1","3"
"walter313","2","1","3"
"walter65","1","2","3"
"walterHD","1","2","3"
"WalterMallqui","2","1","3"
"WalterXxv","1","2","3"
"wamaka","2","1","3"
"wambo2018","1","2","3"
"Wan1966derer25","2","1","3"
"Wandrews","1","2","3"
"WannabeRegicide","2","1","3"
"want2losebro","2","1","3"
"waqqq188","2","1","3"
"WaraCopa","1","2","3"
"Warhack821","1","2","3"
"warisachess","1","2","3"
"warisvarn","1","2","3"
"warkimm","2","1","3"
"Warrior877","2","1","3"
"warroing","2","1","3"
"WarSamer","1","2","3"
"warumnichr","1","2","3"
"Waruni1984","1","2","3"
"Washingup","1","2","3"
"waso0","2","1","3"
"wassermax","2","1","3"
"WassimLp","1","2","3"
"watek2000","2","1","3"
"Water92","1","2","3"
"watermelon_42","1","2","3"
"Wattar","2","1","3"
"watzkuh","1","2","3"
"Wauwturr","2","1","3"
"wawan_ccn","2","1","3"
"wax00","2","1","3"
"wayfinder34","1","2","3"
"Wayne94","2","1","3"
"WayneBings","2","1","3"
"WAYNER2","2","1","3"
"Wayoffreedom1","1","2","3"
"wayomusd","2","1","3"
"Wayzata-Scott","1","2","3"
"Wayzata-Zahir","2","1","3"
"wazir28","2","1","3"
"waznypionek","2","1","3"
"wdbouterse","1","2","3"
"Wealalsaydi","1","2","3"
"Weasley007","1","2","3"
"webcakes1","1","2","3"
"Webydt","2","1","3"
"Wednesday-VA","1","2","3"
"weegspro","1","2","3"
"weekey","1","2","3"
"weeloser01","2","1","3"
"weeniehall","2","1","3"
"Weenink","2","1","3"
"WEEYC","2","1","3"
"WEEZERBX","2","1","3"
"weihe2017","1","2","3"
"weimann","1","2","3"
"WeinWald","1","2","3"
"weirdfish","1","2","3"
"Wekedew","1","2","3"
"welshready","1","2","3"
"welzer","2","1","3"
"wemby","1","2","3"
"WendellMourax","2","1","3"
"Wendy_Go","2","1","3"
"Wennn","2","1","3"
"weran","1","2","3"
"wermianin","2","1","3"
"Werner_K","2","1","3"
"WESLEYRIBEIRO","1","2","3"
"wesxxx","2","1","3"
"WeTaM","2","1","3"
"Wfwr","2","1","3"
"whaaat23","1","2","3"
"whateew","2","1","3"
"whats_up_danger","2","1","3"
"whatsGM","2","1","3"
"whersmyqueenIneedher","1","2","3"
"WhiskeyTactics","1","2","3"
"White_Choclate_82","1","2","3"
"White_Rock_26","2","1","3"
"whitefox_90s","2","1","3"
"WhiteMagicalOx","2","1","3"
"WhiteOmegaRanger","1","2","3"
"whiterex","1","2","3"
"Whoamibro","1","2","3"
"WhoisAleks","2","1","3"
"WhoIsMendoza","1","2","3"
"whoknows0x3","1","2","3"
"why_so_serious4","2","1","3"
"Whyel1979","1","2","3"
"wHynOt911","1","2","3"
"Whyteflamez","2","1","3"
"WickedJackal69","1","2","3"
"WidmoSG","1","2","3"
"widowido","2","1","3"
"wilburhong","1","2","3"
"wilczek86","1","2","3"
"wildbar","2","1","3"
"wilder1rey","2","1","3"
"WildPrincelyFog","2","1","3"
"WildyHildy","2","1","3"
"wilhowes","2","1","3"
"Wilkeyyy","1","2","3"
"wilkikrosno","2","1","3"
"Will_0f_D","1","2","3"
"Will23425","2","1","3"
"Willem-Meulenbeld","2","1","3"
"willemvogel","2","1","3"
"willenotwillie","2","1","3"
"willgeary","2","1","3"
"willhillz","2","1","3"
"Willi_aus_Biene_Maja","2","1","3"
"William_Carlos","2","1","3"
"William1971","2","1","3"
"william82","2","1","3"
"williamgo107","2","1","3"
"williamgrazmann","2","1","3"
"williammb","2","1","3"
"williamscg76","2","1","3"
"willy77186","1","2","3"
"WillyBChessin","1","2","3"
"WillyCasanova","1","2","3"
"WilsonLYW","2","1","3"
"WilsonMathias97","1","2","3"
"wilsonprakash","2","1","3"
"WilsonSilva","2","1","3"
"wilt0m","1","2","3"
"wimawi","1","2","3"
"WinAgain","1","2","3"
"Winatchess23","1","2","3"
"WinayB","1","2","3"
"windich","2","1","3"
"Window-Licker","2","1","3"
"windy2","1","2","3"
"WingBoots","2","1","3"
"wingdingswendigo","1","2","3"
"wingman86","1","2","3"
"WINNER3030","2","1","3"
"winner630263","1","2","3"
"Winnnnnnner","2","1","3"
"Winstar","2","1","3"
"winston93","1","2","3"
"Winter_09","2","1","3"
"Winterisc","2","1","3"
"WisconsinChesshead","1","2","3"
"WiseChessman12","2","1","3"
"wisemanmtf","1","2","3"
"wisndnud","2","1","3"
"wiso1","2","1","3"
"Witek_Es","1","2","3"
"withfoldedhands","2","1","3"
"Witreem","1","2","3"
"Witty_banter","2","1","3"
"witzka10","1","2","3"
"wiwit01","1","2","3"
"wizardo88","1","2","3"
"wladzian127271","2","1","3"
"Wlan_Schrank","1","2","3"
"wlpuah","2","1","3"
"wmatheuslacerda","1","2","3"
"Wmcgreat","1","2","3"
"wmwinfield","2","1","3"
"wnzr03","2","1","3"
"Wobbanz","2","1","3"
"wobblypop","2","1","3"
"Wogen","1","2","3"
"wojtekzoltak","2","1","3"
"wolderdog08","1","2","3"
"Wolf_013","1","2","3"
"wolf20-06","2","1","3"
"Wolfclimbing","2","1","3"
"Wolfcub818","2","1","3"
"WolfiHTR","1","2","3"
"WolfMacke","1","2","3"
"wolven05","1","2","3"
"WolvVez13","2","1","3"
"wonderful1953","2","1","3"
"wonderw1732","2","1","3"
"wong_guan-teng","1","2","3"
"WongsoTitus","2","1","3"
"WooJung_E","1","2","3"
"WookieRookie1984","2","1","3"
"Word_2023","1","2","3"
"WoriworiChampion","1","2","3"
"World-Loser","1","2","3"
"Worolga","1","2","3"
"Worse_than_Tottenham","2","1","3"
"worstPlayerInWorld","2","1","3"
"Wowa-114-f","1","2","3"
"Wowa1","1","2","3"
"wowan2338","1","2","3"
"wrekinballz","2","1","3"
"WritingKiff","2","1","3"
"wronsk","1","2","3"
"Wroogl","2","1","3"
"wrtysfdgsdfgwe4213","1","2","3"
"wruv4401","2","1","3"
"WSCC7D04","1","2","3"
"wsingg","1","2","3"
"WTC_enjoer","2","1","3"
"Wtf_Rebel","1","2","3"
"wtong","1","2","3"
"wtyusjkz","2","1","3"
"wuerschum","1","2","3"
"wuflon","1","2","3"
"wuhoo","2","1","3"
"WULFGOR","1","2","3"
"Wunderbruh","2","1","3"
"wvugrad2000","1","2","3"
"wwpost1292","2","1","3"
"wwwaaaeeelll","2","1","3"
"wwwvx","1","2","3"
"wylwegching","1","2","3"
"WynExplode","2","1","3"
"X__Gandalf__X","2","1","3"
"X_ViT","2","1","3"
"x000YOUSSEF000x","1","2","3"
"xabilan","1","2","3"
"xacagi","2","1","3"
"xadrezlauro","2","1","3"
"xaiki","2","1","3"
"XAJIBAMEC","2","1","3"
"xAlce","2","1","3"
"xamogelasth","1","2","3"
"xamugov63","2","1","3"
"Xamyt_57","2","1","3"
"xandergull","2","1","3"
"Xanier","2","1","3"
"xaratorx","1","2","3"
"Xardos05","2","1","3"
"Xasapis1","2","1","3"
"Xatoros","2","1","3"
"XAV1","2","1","3"
"Xaver09","1","2","3"
"XavierMourelo","1","2","3"
"XaviErnesto","2","1","3"
"XayZay","1","2","3"
"XB_DEVIL_IT","2","1","3"
"xcliment88","1","2","3"
"XCX_REY_BV","2","1","3"
"XDewInfinity","2","1","3"
"xDtjvn","2","1","3"
"Xebrets","2","1","3"
"xechiev","1","2","3"
"xeijay","2","1","3"
"xeis1","1","2","3"
"XejgaToast","2","1","3"
"xela1234","2","1","3"
"xelgan13","1","2","3"
"Xelilo","2","1","3"
"Xenadrine","1","2","3"
"Xenotronn","1","2","3"
"XerxthePhyrst","2","1","3"
"xescoebert","1","2","3"
"Xeyal005","1","2","3"
"Xgdgsfdhfxgdg","2","1","3"
"XGolemanSamX","1","2","3"
"xgxgxg13","1","2","3"
"xianjianxl","2","1","3"
"xiaogouziwilliam","1","2","3"
"xiaoxin_bingbao111","1","2","3"
"xiaoyueyue","2","1","3"
"Ximemariel","2","1","3"
"ximera","1","2","3"
"Ximmerssion","2","1","3"
"Xingjieee06","2","1","3"
"xinzhic180","1","2","3"
"Xirosaki","2","1","3"
"Xitizz01","1","2","3"
"Xiutian","1","2","3"
"xixbd","2","1","3"
"Xizong","1","2","3"
"XLglain","1","2","3"
"xm_h88","2","1","3"
"XMercredi200","1","2","3"
"xmohamed","2","1","3"
"xmohdhm","2","1","3"
"xnbsjsbdjsndb","2","1","3"
"xoceankingx","1","2","3"
"Xocee","1","2","3"
"XOKINS","2","1","3"
"xon-dev","2","1","3"
"Xopas","1","2","3"
"Xopb","2","1","3"
"XopBaT","1","2","3"
"Xopiad","1","2","3"
"XPAQC","1","2","3"
"xr21","1","2","3"
"xraydiffraction","2","1","3"
"xRec1997","2","1","3"
"xrest888","2","1","3"
"xREVILEx","2","1","3"
"XRP001","2","1","3"
"xrt3","2","1","3"
"Xshaka","1","2","3"
"xslavik","2","1","3"
"xsufi13","2","1","3"
"xsurya","2","1","3"
"Xtroyer738","2","1","3"
"XTTanux","1","2","3"
"xuanquangchess","1","2","3"
"XuTpbIu1985","1","2","3"
"xuusjsj","1","2","3"
"xxALEGATORxx","1","2","3"
"XxDiCaprioxX","2","1","3"
"xXElCacas777ProXx","1","2","3"
"xXelmagnate99xX","1","2","3"
"xxSidox","2","1","3"
"xyste","1","2","3"
"xyuuy","2","1","3"
"xyz230695","1","2","3"
"Xzyvier66","1","2","3"
"y_attia","1","2","3"
"Y_e_v_h_e_n","2","1","3"
"Y_Natsu06","1","2","3"
"y_usuf764","1","2","3"
"Y012","1","2","3"
"Y0uRa","2","1","3"
"y1970","2","1","3"
"y266685730","2","1","3"
"y3tiii","2","1","3"
"Y8R8E","1","2","3"
"Ya_russk1y","2","1","3"
"yaayyyyy","2","1","3"
"yabrovkov","2","1","3"
"Yac1ne","2","1","3"
"YadavVijay7273","1","2","3"
"yadeghari","2","1","3"
"yadhulanramesh","1","2","3"
"Yadunand","2","1","3"
"yaeijuju","2","1","3"
"Yafizov82","2","1","3"
"Yaghobzade","2","1","3"
"Yagiz-2017","1","2","3"
"yagizmete","1","2","3"
"Yagoob1834","2","1","3"
"Yahvelk","2","1","3"
"Yahya_Chess","2","1","3"
"YahyaChes","2","1","3"
"Yaimai12","1","2","3"
"yak42","1","2","3"
"yakshu0528","1","2","3"
"yalcinkayam-bjk","1","2","3"
"yaliou","2","1","3"
"Yaman_Mahore","1","2","3"
"yamanyenilmez","2","1","3"
"Yan_vict","2","1","3"
"Yan325key","1","2","3"
"Yanaev01","1","2","3"
"Yanhaiochessfriend","2","1","3"
"YaniPerea99","2","1","3"
"yankost","1","2","3"
"Yannd440","1","2","3"
"Yanotstatish","1","2","3"
"YanTema","1","2","3"
"YaqubDunyamali","2","1","3"
"yar999","1","2","3"
"Yarik-serd","2","1","3"
"Yarik15Sav","2","1","3"
"Yarilin_Alex","1","2","3"
"YaromiSlusar","1","2","3"
"yarongilo","1","2","3"
"YaroshDmytro","2","1","3"
"Yaroslav_Evdokimov","2","1","3"
"Yaroslav_Petriv","2","1","3"
"Yaroslav0409","2","1","3"
"Yaroslav1909","1","2","3"
"YarosT34","2","1","3"
"Yarr0wTTV","1","2","3"
"yarvmorozov","1","2","3"
"yas_sadi_1392","2","1","3"
"Yas8ser","1","2","3"
"Yasami66","2","1","3"
"yasarkumru","1","2","3"
"Yasarmert2015","1","2","3"
"Yaserakhondi","2","1","3"
"yaserdarabi","2","1","3"
"yash060601","2","1","3"
"Yash25ajmera","1","2","3"
"yashplaychess","1","2","3"
"YASHUPRO","2","1","3"
"yashveerj","2","1","3"
"YashWadhwa39","2","1","3"
"Yashwanth0412","1","2","3"
"Yashwish1","1","2","3"
"Yashwitha","1","2","3"
"Yasin_Tombaki","2","1","3"
"yasin1390","1","2","3"
"yasin1395","1","2","3"
"yasin2313","2","1","3"
"yasin3437","1","2","3"
"Yasin99","1","2","3"
"yasinjammal","1","2","3"
"yasinsorkhabi","1","2","3"
"YasinTosun","2","1","3"
"yasir-123456","1","2","3"
"Yasoo2014","2","1","3"
"yasseen38","1","2","3"
"Yasser_38","2","1","3"
"Yasser27","1","2","3"
"yasser28","2","1","3"
"Yassiir69","2","1","3"
"yassin73","2","1","3"
"YassinBNKH","2","1","3"
"yassineklahlou22","2","1","3"
"yasudaneboltovatpris","1","2","3"
"Yavizara","1","2","3"
"Yavuzerdem33v2","2","1","3"
"yazan-507","2","1","3"
"yazanaja","2","1","3"
"yazankh07","2","1","3"
"yazdann","2","1","3"
"YazenX","1","2","3"
"Ybelskiy","1","2","3"
"YCISPD-SoiU","1","2","3"
"ycpatel","1","2","3"
"YDLeducanh2008","1","2","3"
"ydx52","2","1","3"
"ydx987","2","1","3"
"Yearn_for_GrandM","2","1","3"
"Yedrex","1","2","3"
"Yee0701","2","1","3"
"Yeeeeeeaaaaahhhhhhhh","2","1","3"
"yeezy0","2","1","3"
"YegorPro","1","2","3"
"yehiamamdouh17","2","1","3"
"Yekka1453","2","1","3"
"Yelfak","1","2","3"
"Yellow_bananas","1","2","3"
"yelpan","2","1","3"
"yentrang1403","1","2","3"
"YEO74","2","1","3"
"yeraldev","1","2","3"
"yerbol12","2","1","3"
"YERBOLAT_L","1","2","3"
"Yeshuia18","2","1","3"
"Yeshwanthkrishna","1","2","3"
"YevheniiBlokh","2","1","3"
"yeyezomer","2","1","3"
"YferWendigo","2","1","3"
"Ygal7","2","1","3"
"ygprep23","2","1","3"
"YgrikChess","1","2","3"
"Yhctud","1","2","3"
"yhhko","1","2","3"
"yhya75","2","1","3"
"YielDuck","2","1","3"
"yigit-yonet-33","2","1","3"
"Yigit2535","2","1","3"
"Yigitgokturk","2","1","3"
"YiliHsieh","1","2","3"
"yiming2016","1","2","3"
"yinks_omg","1","2","3"
"yitfyitiiotu","1","2","3"
"yiurigag","2","1","3"
"Yizhe11","2","1","3"
"YiZhou1","2","1","3"
"yjiang128","2","1","3"
"Ykerem38","2","1","3"
"ykozak","2","1","3"
"yksl_isler","2","1","3"
"Yl6877","2","1","3"
"Ynnteull","2","1","3"
"ynsbhrmi1989","1","2","3"
"ynwa95","2","1","3"
"Yo_Kuzah","1","2","3"
"YO000O000","2","1","3"
"yoav12","1","2","3"
"yoavgold","2","1","3"
"Yobayer","1","2","3"
"Yodajedimasteriam","1","2","3"
"yogesh10032005","2","1","3"
"Yogeshkandpal12345","1","2","3"
"Yogi_2001","2","1","3"
"yogimani","2","1","3"
"yolomaeus","2","1","3"
"Yomano","2","1","3"
"yomique","1","2","3"
"YonatanCP","2","1","3"
"Yonathan-elpro875","1","2","3"
"yonathan-Stanton","1","2","3"
"Yonce7","2","1","3"
"yongez","2","1","3"
"yoomm","2","1","3"
"YoonChoi","2","1","3"
"Yoonyi","1","2","3"
"yoouusseeff","1","2","3"
"yoppyagustia","1","2","3"
"YorchZM","1","2","3"
"yorkie123","1","2","3"
"yorumcu44","1","2","3"
"yos400","2","1","3"
"yosefi_sh","2","1","3"
"YoshnaM","1","2","3"
"Yossu","2","1","3"
"yotenysf1212","2","1","3"
"youfaess","1","2","3"
"Younes-vex","2","1","3"
"younessdkhissi","1","2","3"
"YoungFrezy","1","2","3"
"YOUNGKOVAN","2","1","3"
"youngminido","1","2","3"
"YourBackToTheLight","2","1","3"
"YourGrandMommy","1","2","3"
"Youri49","2","1","3"
"YouriGerritse","2","1","3"
"YourNewStepDad12","2","1","3"
"yousef_alhaj","2","1","3"
"yousef_JOU","1","2","3"
"Yousefnabel5558","1","2","3"
"Youssef_hassan","1","2","3"
"Youssef73","1","2","3"
"youssefaymanttttt","2","1","3"
"Youssefbahig2006","1","2","3"
"youssefelbaroki2006","2","1","3"
"YoussefN","1","2","3"
"youssefsaraya","1","2","3"
"YoussefSheriF2020","2","1","3"
"youssefzeddini","2","1","3"
"YOUT301","2","1","3"
"YOUT401","1","2","3"
"YOUT501","2","1","3"
"YOUT502","2","1","3"
"YOUT602","2","1","3"
"YOUT603","2","1","3"
"YOUT703","1","2","3"
"YOUT705","1","2","3"
"Youth_Star","2","1","3"
"yoyoleg","1","2","3"
"YozgatHayvanBakimi31","1","2","3"
"yPEktor","1","2","3"
"YRIK","1","2","3"
"Ysf_Alan66","1","2","3"
"ysf333","2","1","3"
"ysimon","1","2","3"
"ySnK","1","2","3"
"ysrydn","2","1","3"
"YSSOO","1","2","3"
"ytagan","2","1","3"
"yucaas","1","2","3"
"yudgimel","1","2","3"
"yudy234","1","2","3"
"yuginsai","2","1","3"
"YugKhandelwal25","1","2","3"
"YUHAO_ZHOU","2","1","3"
"Yukabed2018","2","1","3"
"yukalmu","2","1","3"
"Yukimimon","1","2","3"
"Yukt","2","1","3"
"Yulia85","1","2","3"
"YuliaC01","1","2","3"
"yuliss88","1","2","3"
"Yulius","2","1","3"
"YumYumChicken1","1","2","3"
"yuniekyhorta","2","1","3"
"Yunier266542","2","1","3"
"yunsur","1","2","3"
"Yunus_53","1","2","3"
"yunus131313","2","1","3"
"yunustmkn","2","1","3"
"Yura_2009_13","1","2","3"
"YuraKonst","1","2","3"
"yurboiaaron","2","1","3"
"YuriGR","2","1","3"
"yurii_sych","2","1","3"
"YURIIVS","1","2","3"
"yuriizhuk_1","2","1","3"
"Yurik777","2","1","3"
"YuriPeep","2","1","3"
"Yuriykuzmin10011","1","2","3"
"yurladanov","2","1","3"
"yurok15","2","1","3"
"yusein-ali","1","2","3"
"YusifAliyev","2","1","3"
"YusifSharifzade-2014","1","2","3"
"yuskecndn","1","2","3"
"yusuf_xdl","2","1","3"
"yusuf-2011","1","2","3"
"YuSuF2416","2","1","3"
"yusufkose","2","1","3"
"YusufLeg","2","1","3"
"yusufvan","1","2","3"
"Yuvaan_261_YOH","1","2","3"
"yuvalb144","1","2","3"
"yuvrajDahale","1","2","3"
"Yuvrajkingdomofchess","2","1","3"
"Yuvrajpandey_Rashi","1","2","3"
"yxcb","2","1","3"
"Yy223","1","2","3"
"Yyeeggoo","1","2","3"
"yyproxd","1","2","3"
"yyy123456","2","1","3"
"z_artin_1392","1","2","3"
"z_ripley","1","2","3"
"Z-non","1","2","3"
"z0m31en7","1","2","3"
"Z1RR0N","2","1","3"
"Z2090s","2","1","3"
"Z2o2o2Z","2","1","3"
"z3edi","1","2","3"
"Z4RN","1","2","3"
"za-za","2","1","3"
"Zaan2015","2","1","3"
"zacary123123","2","1","3"
"zacawid","1","2","3"
"Zach-b","2","1","3"
"ZacharyLT","2","1","3"
"ZachDaniel937","2","1","3"
"Zacherie","1","2","3"
"zachwinsgames","2","1","3"
"zack34433","1","2","3"
"zackchess0","1","2","3"
"Zade_1234","2","1","3"
"zafpablo","1","2","3"
"Zafra36","1","2","3"
"zafyr","1","2","3"
"zagadochnik_D","2","1","3"
"Zagasy","2","1","3"
"zagcros","1","2","3"
"zagi75","1","2","3"
"zagor1299","2","1","3"
"zagor740","2","1","3"
"Zaharchukovich","1","2","3"
"zahrabarzegr","2","1","3"
"zahramsv94","1","2","3"
"zahras1387","1","2","3"
"zahrito","1","2","3"
"Zahroni","1","2","3"
"Zaid_1756","2","1","3"
"Zaid_Alhakeem","2","1","3"
"zaidaldamen11","2","1","3"
"ZaidEspinoza","1","2","3"
"Zaidzxz","2","1","3"
"Zain_Ahmad_1","2","1","3"
"Zain416","2","1","3"
"Zainal123","2","1","3"
"ZAIWA2003","2","1","3"
"zajazi","1","2","3"
"Zak_L","2","1","3"
"ZAKARAAAAAAAAAAA","1","2","3"
"Zakarichess","2","1","3"
"Zakat_123","2","1","3"
"Zakhrulloev","1","2","3"
"ZAKIQ8","1","2","3"
"zakirnovruzov","2","1","3"
"zakitis123","1","2","3"
"zamayka","1","2","3"
"Zanjan7","2","1","3"
"ZAPATEIRA","1","2","3"
"zaquielV","2","1","3"
"zarababal","1","2","3"
"zareroz","1","2","3"
"ZarubinAleksander","1","2","3"
"Zasada2908","1","2","3"
"zaswiatlych","2","1","3"
"Zatoka-Bugaz","1","2","3"
"Zaur_Qadim","2","1","3"
"Zaur76929","2","1","3"
"Zava82","1","2","3"
"Zavaleta_Morgan","1","2","3"
"zavarchika","2","1","3"
"zawang10","1","2","3"
"ZaWaruddo","2","1","3"
"Zayanshameer","1","2","3"
"zazerbayev","2","1","3"
"Zbazan11","1","2","3"
"Zbynek_Jezek","1","2","3"
"zChess134","1","2","3"
"ZCQM1","1","2","3"
"zd0612","2","1","3"
"Zddm1969","2","1","3"
"zdena22","1","2","3"
"Zdenek-113","1","2","3"
"ZDopoBuu_cJloH","2","1","3"
"ZDP42","1","2","3"
"zdyounes","1","2","3"
"Ze_Artist","1","2","3"
"zebracrossin","1","2","3"
"zebranotcrossing","2","1","3"
"zecarneiro67","2","1","3"
"Zeddif","2","1","3"
"zedofgod","2","1","3"
"zedoju","1","2","3"
"Zedoyghnvgf","1","2","3"
"zeekoder","2","1","3"
"zeffyar","1","2","3"
"zeiado","2","1","3"
"Zeili","2","1","3"
"Zekaik","1","2","3"
"zeki07","2","1","3"
"Zekn","2","1","3"
"Zekrom1226","1","2","3"
"zelenazoga","2","1","3"
"Zelens_2010-12","1","2","3"
"Zema1401","1","2","3"
"zendrix","1","2","3"
"zeno46","1","2","3"
"Zenobiarizky","1","2","3"
"ZenoI","2","1","3"
"ZensLau","2","1","3"
"ZeonLeon","1","2","3"
"zephyrash","1","2","3"
"ZephyriiS","1","2","3"
"zer08_ray","1","2","3"
"ZeRaMGaD","1","2","3"
"ZeratulOL","1","2","3"
"zerena","2","1","3"
"Zerkah","1","2","3"
"zermelo1912","2","1","3"
"Zero0_0","2","1","3"
"Zero20000","2","1","3"
"zerocool26","1","2","3"
"ZeroOo0000","1","2","3"
"zeroqautre","2","1","3"
"zerorid","2","1","3"
"zerovl","1","2","3"
"zeroxeeee","2","1","3"
"zeroxoxo","1","2","3"
"Zestoooo","2","1","3"
"zethon","2","1","3"
"zetos","2","1","3"
"Zeus031588","1","2","3"
"zeven100","1","2","3"
"zexxez","2","1","3"
"zeydpolat","2","1","3"
"Zeyneb0901","2","1","3"
"zeynel291","2","1","3"
"Zeynep_sr","2","1","3"
"zeynepcelik16","1","2","3"
"zeytinpeynir","1","2","3"
"zezo1119089","1","2","3"
"ZhabskiyStas","1","2","3"
"Zhaga_2012","2","1","3"
"zhakamanovmarat","1","2","3"
"Zhakebay_88","1","2","3"
"ZhamiAlina","2","1","3"
"zhamimsk","1","2","3"
"Zhandos_nurzhanuly","2","1","3"
"Zhangir_y11","2","1","3"
"zhangir337","1","2","3"
"zhangjia","1","2","3"
"zhangyixing","1","2","3"
"zharb","2","1","3"
"Zhasl","1","2","3"
"ZhayrMontero","1","2","3"
"zheka12000","1","2","3"
"Zhelezny-kaput","2","1","3"
"Zhernov","1","2","3"
"Zhil1n","1","2","3"
"zhouquan","2","1","3"
"ZhovnerAgniya","2","1","3"
"zhqkk","1","2","3"
"ZhuGeLiang88","2","1","3"
"ZhukovSemen","2","1","3"
"zhyihenn","2","1","3"
"ZIAD1110","1","2","3"
"ZIADAM","1","2","3"
"ziadtamer200","2","1","3"
"ziadv","1","2","3"
"ziadyehia","1","2","3"
"zibiszek","1","2","3"
"ZICOCRATO","2","1","3"
"zieedd","2","1","3"
"ZihinChay","1","2","3"
"ziizou22","2","1","3"
"ziko76","2","1","3"
"Zilberman23","2","1","3"
"Zildj1an","1","2","3"
"Zima-Ziro","2","1","3"
"zimasurovay","2","1","3"
"zinchess","2","1","3"
"Zino_bensaci","2","1","3"
"Zinour","1","2","3"
"Zinoviev007","1","2","3"
"ZioCe","1","2","3"
"Ziozeb63","2","1","3"
"zirrizirri","2","1","3"
"zishan451956","1","2","3"
"ZiVit","2","1","3"
"zivop11","1","2","3"
"ZiyadGamal","2","1","3"
"zizi1","1","2","3"
"Zizo757","1","2","3"
"zkrakower","2","1","3"
"zladu","1","2","3"
"zlajo6","2","1","3"
"Zlata1404","1","2","3"
"Zlatan-I","1","2","3"
"ZlataPN","1","2","3"
"zlikowski","1","2","3"
"zmaj142","1","2","3"
"ZMarci","1","2","3"
"ZMEI---1982","1","2","3"
"zmikund","1","2","3"
"zmpark0618","1","2","3"
"zobs","2","1","3"
"Zocato50","1","2","3"
"zocoban","1","2","3"
"zocoo","2","1","3"
"zodiacnr","1","2","3"
"ZoeGonzalez_97","1","2","3"
"Zohir_04","1","2","3"
"zoir-radzhabov1992","2","1","3"
"zoka87","2","1","3"
"ZOKI77","1","2","3"
"zokologaic545","1","2","3"
"Zolooo","1","2","3"
"zolotarevatatyana_23","1","2","3"
"Zoltinho","1","2","3"
"zomacarsen","2","1","3"
"zombasch","1","2","3"
"Zombet","2","1","3"
"ZooZ-9B","2","1","3"
"Zorman","2","1","3"
"zoro55","1","2","3"
"zotix","2","1","3"
"Zou_KI","1","2","3"
"zoug","2","1","3"
"Zout_7","2","1","3"
"ZOZO6","1","2","3"
"Zpada","2","1","3"
"Zsex","1","2","3"
"ZT1703","2","1","3"
"ztroxiNn","1","2","3"
"ztsapurova","2","1","3"
"Zu_Hiper_Tornado","1","2","3"
"zubaydullo42","2","1","3"
"Zubenelgenubi","1","2","3"
"zubenko1592","1","2","3"
"zubeyde09","1","2","3"
"Zucagt3","1","2","3"
"Zugzwang73Venice","2","1","3"
"Zuil-2011","1","2","3"
"zuka12","2","1","3"
"zul1k","2","1","3"
"zulfiqar100","1","2","3"
"Zumruduanka447","2","1","3"
"Zuperzky","1","2","3"
"zur5","1","2","3"
"zurikozura1957","1","2","3"
"zuzu1","2","1","3"
"Zuzzisonne","1","2","3"
"zveroboy1111","2","1","3"
"zweicsx","1","2","3"
"Zwttt9","1","2","3"
"zxclownzxc","2","1","3"
"ZXCursed_Lens","1","2","3"
"zxcvr9","2","1","3"
"ZyeanFPS","1","2","3"
"zynbandit","1","2","3"
"zyphode","1","2","3"
"zyvtc0926","1","2","3"
"ZZchris99","1","2","3"
"zzolazmaj","1","2","3"
"ZzXxYy123","1","2","3"
"zzzOzzzzzOzzz","2","1","3"
"A_Abdrabo","1","1","2"
"A_Atallah","1","1","2"
"A_Ghorbani","1","1","2"
"A_Hen","1","1","2"
"A_K_boss","1","1","2"
"A_L_B_S","1","1","2"
"a_m_i_r_103","1","1","2"
"a_mistress","1","1","2"
"A_mmatyasser123","1","1","2"
"a_napa","1","1","2"
"a_s_t_r_0","1","1","2"
"A_samir-1985","1","1","2"
"A_ustin_10","1","1","2"
"a_zooz123","1","1","2"
"a-b_c-d","1","1","2"
"a-h-m-sa","1","1","2"
"A-IIVII","1","1","2"
"A-J-Windless","1","1","2"
"A-Jaleel","1","1","2"
"A-kazakov","1","1","2"
"A-Kobozei-F","1","1","2"
"a-l-c1983","1","1","2"
"A-l-e-k-s-a-n-d-r1","1","1","2"
"A-nd-r-ey","1","1","2"
"A-Quelo","1","1","2"
"A0108aarush","1","1","2"
"a01ali01ada","1","1","2"
"A0313","1","1","2"
"a05a","1","1","2"
"A123W","1","1","2"
"A1965","1","1","2"
"A1986892020","1","1","2"
"A1essandro","1","1","2"
"a1exta1r","1","1","2"
"a1ienist","1","1","2"
"a2018alex","1","1","2"
"A211222","1","1","2"
"a24sharma","1","1","2"
"a2528935088","1","1","2"
"A27Kumar","1","1","2"
"A2tist","1","1","2"
"a2zaruna","1","1","2"
"a321angelodejesus","1","1","2"
"A36Wu","1","1","2"
"A3IDDAHI","1","1","2"
"A4ptyp7","1","1","2"
"A546Shekhar123","1","1","2"
"A61923120MEDALITH","1","1","2"
"a62156","1","1","2"
"A64SquareRumble","1","1","2"
"A664Matthew","1","1","2"
"A7a0","1","1","2"
"A7madent","1","1","2"
"A7med65","1","1","2"
"a957m","1","1","2"
"A9724","1","1","2"
"a99Nikolay_Shilin","1","1","2"
"Aa_shi","1","1","2"
"aa0512","1","1","2"
"AA200300_PPD","1","1","2"
"AAADaddy","1","1","2"
"AAALLLEEksey","1","1","2"
"aaasd","1","1","2"
"aabattery33","1","1","2"
"Aadadi72","1","1","2"
"Aadamkhor","1","1","2"
"Aaddittya","1","1","2"
"aadeleye","1","1","2"
"aadijk01","1","1","2"
"AADINATH_SWAROOP","1","1","2"
"Aadityaa_Kumar","1","1","2"
"aadityaprabhu123","1","1","2"
"aadiveerganjoo","1","1","2"
"Aadvika2309","1","1","2"
"Aadyagudur","1","1","2"
"aahaank","1","1","2"
"Aahan_02","1","1","2"
"Aaironman","1","1","2"
"Aaish01","1","1","2"
"Aakash1212","1","1","2"
"aakashkc","1","1","2"
"aalfath","1","1","2"
"Aalokmm","1","1","2"
"aalomi","1","1","2"
"AAlwaysSober","1","1","2"
"Aanchal1711","1","1","2"
"Aanonymou5","1","1","2"
"Aaquil-abdz","1","1","2"
"Aaradhya_20123","1","1","2"
"Aarauer41","1","1","2"
"aarav_2022","1","1","2"
"aaravbajpai101","1","1","2"
"aaravdashh","1","1","2"
"Aaravgangula","1","1","2"
"AaravGujjal","1","1","2"
"aaravjalan2010","1","1","2"
"Aarcb51","1","1","2"
"Aardappels","1","1","2"
"Aarin_123","1","1","2"
"aarjoo","1","1","2"
"aarkindamani","1","1","2"
"aarna_nitin","1","1","2"
"AARNAV0406","1","1","2"
"aarnavmaster","1","1","2"
"aaron523378","1","1","2"
"aaroncastelino17","1","1","2"
"AaronGarcia1394","1","1","2"
"Aarrav","1","1","2"
"aarushanand15","1","1","2"
"AarushArockia","1","1","2"
"AarushBhat512","1","1","2"
"aArUsHdEv","1","1","2"
"aarushnoothi","1","1","2"
"Aarya-shah","1","1","2"
"AaryaChopade","1","1","2"
"AARYAMANNRANA","1","1","2"
"Aaryanpca","1","1","2"
"Aaryav9_2013","1","1","2"
"AaryavAyan","1","1","2"
"AashirthN","1","1","2"
"Aashishpanwar","1","1","2"
"AashishRavindrakuma","1","1","2"
"aashrayadahal114","1","1","2"
"Aashritha999","1","1","2"
"aashrithvithana","1","1","2"
"aastalavista15","1","1","2"
"aasy1399","1","1","2"
"aatgarcia","1","1","2"
"AATL73","1","1","2"
"AAVEJ","1","1","2"
"aayan1802","1","1","2"
"Aayan2015","1","1","2"
"AayanDas","1","1","2"
"Aayansh0912","1","1","2"
"AayanshSaha","1","1","2"
"Aayatfirdush","1","1","2"
"aayatoofan","1","1","2"
"Aayush345","1","1","2"
"aayush746","1","1","2"
"aayushproinchess","1","1","2"
"ab_1221","1","1","2"
"AB_chessmaster","1","1","2"
"AB001","1","1","2"
"Aba_chess1234","1","1","2"
"Abacus1407","1","1","2"
"abadcaseyof","1","1","2"
"AbangBotak","1","1","2"
"abangmalik","1","1","2"
"abangriki","1","1","2"
"Abanoubjesus","1","1","2"
"abarpan3","1","1","2"
"abbadabbajabba","1","1","2"
"abbassam","1","1","2"
"abbs_h-15thf","1","1","2"
"abc007","1","1","2"
"abd_alrhman1122","1","1","2"
"abd_bulbul","1","1","2"
"Abd_ullah7","1","1","2"
"abdaczyk","1","1","2"
"Abdalla1988","1","1","2"
"Abdallah1098","1","1","2"
"Abdallah419","1","1","2"
"Abdallahassan3770","1","1","2"
"Abdalmnem","1","1","2"
"Abdalmuhsenishere","1","1","2"
"Abdelaziz_Mohammed","1","1","2"
"Abdelfattah_93","1","1","2"
"abdelhay184","1","1","2"
"abdelmonem1_zidan","1","1","2"
"Abdelnasser99","1","1","2"
"Abdelrahman_Khater","1","1","2"
"Abdelrahman86","1","1","2"
"Abdelrahman979","1","1","2"
"Abdelrhman_Zizo","1","1","2"
"Abdelrhman647","1","1","2"
"abdelwali99","1","1","2"
"abdi7364","1","1","2"
"Abdihakim777","1","1","2"
"Abdinn","1","1","2"
"abdkk","1","1","2"
"abdllhmsl2018","1","1","2"
"abdlwafi11111","1","1","2"
"abdnana","1","1","2"
"ABDO56","1","1","2"
"AbdoSaed","1","1","2"
"abdouiraqui729","1","1","2"
"abdoulemia","1","1","2"
"ABDOXXXX","1","1","2"
"abdrafiee","1","1","2"
"Abdulahad_89","1","1","2"
"abdulakk","1","1","2"
"Abdulla11042013","1","1","2"
"abdullah_alharbi200","1","1","2"
"abdullah08","1","1","2"
"abdullah7akim","1","1","2"
"abdullahmohamed00","1","1","2"
"AbdullahNegro","1","1","2"
"abdullahomar19","1","1","2"
"AbdullahS11","1","1","2"
"abdullahyildirim","1","1","2"
"abdullayev777","1","1","2"
"Abdullazade_Haci","1","1","2"
"abdulloh12345","1","1","2"
"Abdulrahman_0A7","1","1","2"
"Abdulrahman7676","1","1","2"
"abdulrahman93","1","1","2"
"abdulraqeebalamery","1","1","2"
"abdulrazak1981","1","1","2"
"Abdulrazzaq1997","1","1","2"
"Abdulrhmanfikre","1","1","2"
"abdulsamadtk78","1","1","2"
"AbdulWasayAwak","1","1","2"
"Abdurashid05","1","1","2"
"abdurrahman-aydin","1","1","2"
"abel_arrieta","1","1","2"
"abelalbertorojas","1","1","2"
"Abh1e","1","1","2"
"abhi_29","1","1","2"
"Abhi_R08","1","1","2"
"Abhi_Rocky25","1","1","2"
"abhi_tawar","1","1","2"
"Abhi0414","1","1","2"
"abhi41056","1","1","2"
"abhi88","1","1","2"
"abhijeethanthari","1","1","2"
"Abhijeetj","1","1","2"
"Abhinavjaju","1","1","2"
"abhinavjakesh_aka_aj","1","1","2"
"abhinavvvvv","1","1","2"
"Abhipatra","1","1","2"
"abhiraj_das1","1","1","2"
"Abhiraj99","1","1","2"
"Abhirami2496","1","1","2"
"AbhishaSinha","1","1","2"
"ABHISHEK_88","1","1","2"
"abhishek0142","1","1","2"
"abhishek0807","1","1","2"
"Abhishek621","1","1","2"
"AbhishekDhone","1","1","2"
"AbhishekPatodiya","1","1","2"
"abhivc","1","1","2"
"AbhixChess10","1","1","2"
"Abhixtr","1","1","2"
"AbhxshekSharma","1","1","2"
"abhyodayamittal","1","1","2"
"Abid_Hasan_Antor","1","1","2"
"abidzar_aam","1","1","2"
"Abigailschan","1","1","2"
"Abigzero","1","1","2"
"Abimael20","1","1","2"
"Abishalakshmanan","1","1","2"
"ABK21SMR","1","1","2"
"Able-x","1","1","2"
"Abnormal-Eater","1","1","2"
"Abo_El3zz","1","1","2"
"abo_taleen","1","1","2"
"abo3adel2100king","1","1","2"
"aBoba263009","1","1","2"
"Abody191907","1","1","2"
"AbodyAltaki","1","1","2"
"aboelezzz","1","1","2"
"ABOHAMZA963","1","1","2"
"abokamal01","1","1","2"
"abolfazl-charkhandeh","1","1","2"
"abolfazlabbasi8788","1","1","2"
"abolfazlsaleh13400","1","1","2"
"aboobaida","1","1","2"
"abood_br","1","1","2"
"aboodmostafa","1","1","2"
"aboodqudah3","1","1","2"
"aboohanafi","1","1","2"
"aboryankov","1","1","2"
"aboselim2004","1","1","2"
"Abou_Ali","1","1","2"
"abou_Houssem","1","1","2"
"aboud65","1","1","2"
"Aboujaafar","1","1","2"
"abouzeid92","1","1","2"
"AbracadabraUSSR","1","1","2"
"Abraham_G2023","1","1","2"
"Abrahanmallqui","1","1","2"
"abrakapadabra","1","1","2"
"Abrakov","1","1","2"
"abram000777","1","1","2"
"AbramEmad","1","1","2"
"abRAMovaD27","1","1","2"
"Abreu99","1","1","2"
"abrhamabay","1","1","2"
"abs-k","1","1","2"
"absoluteBerserk","1","1","2"
"ABSSOLUT","1","1","2"
"aBtop1TeT","1","1","2"
"Abu_Malek","1","1","2"
"Abubakr_CA","1","1","2"
"Abubeker162006","1","1","2"
"Abukraine_Jkt","1","1","2"
"abuyaqeen","1","1","2"
"Abzal123ij","1","1","2"
"acabriles15","1","1","2"
"Acasarda1","1","1","2"
"AcceleratedGuy","1","1","2"
"accitano_gr","1","1","2"
"ACConsuli99","1","1","2"
"AceCrushesHulk","1","1","2"
"aceitunator","1","1","2"
"acelikk7","1","1","2"
"Acemi_ustasi","1","1","2"
"AceTrout","1","1","2"
"ACG-Academic","1","1","2"
"Achiever2011","1","1","2"
"achik7","1","1","2"
"Achim321","1","1","2"
"Achintya-123","1","1","2"
"Achintya123Achintya","1","1","2"
"Achmatov","1","1","2"
"achyut_gupta","1","1","2"
"acincinar","1","1","2"
"ackerman1","1","1","2"
"Ackreon","1","1","2"
"ACookie2018","1","1","2"
"ACorpuz_2011DavNorte","1","1","2"
"ACPS33","1","1","2"
"acromatic07","1","1","2"
"acrules","1","1","2"
"Acruz1998","1","1","2"
"ACS1955","1","1","2"
"actihand","1","1","2"
"ActurusAngel","1","1","2"
"acuciureanu","1","1","2"
"ada_aygul","1","1","2"
"adalalba","1","1","2"
"Adam_Lundvall","1","1","2"
"adam0902","1","1","2"
"Adam123456798","1","1","2"
"adambobs","1","1","2"
"ADAMI12345","1","1","2"
"adamibrahim1","1","1","2"
"AdamicskaDaniel","1","1","2"
"adamintoronto","1","1","2"
"Adammie","1","1","2"
"AdamMorphy","1","1","2"
"Adamovich","1","1","2"
"Adamwilliam","1","1","2"
"Adanali0123","1","1","2"
"Adas1992","1","1","2"
"adautochess","1","1","2"
"adaykin","1","1","2"
"Addictedmaniac","1","1","2"
"addie11011","1","1","2"
"Adebobo","1","1","2"
"adeebarakkal","1","1","2"
"Adekvat111","1","1","2"
"adel_1982","1","1","2"
"Adel_Aldamzharova","1","1","2"
"Adel_Yasser","1","1","2"
"AdelChessy","1","1","2"
"Adele_T","1","1","2"
"adeleto","1","1","2"
"adelirfan","1","1","2"
"Adelphi900","1","1","2"
"AdeobaDBabz","1","1","2"
"Adesoja","1","1","2"
"Adham1mohammed","1","1","2"
"AdhamAbdelbakii","1","1","2"
"AdhamAldwo","1","1","2"
"Adharsh25","1","1","2"
"adharv2015","1","1","2"
"Adhav_S","1","1","2"
"Adheena321","1","1","2"
"adhishj","1","1","2"
"AdhvikDhamija","1","1","2"
"adhvita_rajkumar","1","1","2"
"adi_maun","1","1","2"
"ADI_PADI","1","1","2"
"AdiA432","1","1","2"
"Adiaan_Vlok","1","1","2"
"Adik9999","1","1","2"
"adil_2000","1","1","2"
"adil_kadyrgali","1","1","2"
"Adil57","1","1","2"
"AdilArasTaskin","1","1","2"
"Adildamanov112","1","1","2"
"Adilka1101","1","1","2"
"adilmiki","1","1","2"
"AdIm14913","1","1","2"
"adimain","1","1","2"
"AdindaVH","1","1","2"
"AdiOP7","1","1","2"
"adireddevil","1","1","2"
"Adiseeker","1","1","2"
"AdissonLee","1","1","2"
"Adit9542","1","1","2"
"Adithya3101","1","1","2"
"Aditi-A","1","1","2"
"aditi101156","1","1","2"
"aditya_bagade00","1","1","2"
"aditya-bhangale","1","1","2"
"AdItYa2006saini","1","1","2"
"Aditya231123","1","1","2"
"Aditya65","1","1","2"
"Aditya7512","1","1","2"
"AdityaJujaray","1","1","2"
"adityavsingh95","1","1","2"
"adityawarmannew9","1","1","2"
"adjinacou2036","1","1","2"
"AdliAzmil","1","1","2"
"Admin_z","1","1","2"
"admirseha1986","1","1","2"
"Adnan_M","1","1","2"
"adnan_oztkn","1","1","2"
"adnan_samuod","1","1","2"
"adnan_sohag","1","1","2"
"ado1907","1","1","2"
"AdolfoSEC","1","1","2"
"Adoline_10_10","1","1","2"
"ADomRiv","1","1","2"
"Adonin_Denys","1","1","2"
"Adouze","1","1","2"
"adpecsa","1","1","2"
"adpra","1","1","2"
"Adr35","1","1","2"
"Adra01","1","1","2"
"Adrej1","1","1","2"
"adrian_frei","1","1","2"
"AdrianAha","1","1","2"
"adrianarrue","1","1","2"
"adrianbreno","1","1","2"
"AdrianCastano","1","1","2"
"AdrianDrP","1","1","2"
"AdrianHellerstein","1","1","2"
"adrianmadera","1","1","2"
"AdrianoBono","1","1","2"
"Adrianoffalex","1","1","2"
"AdrianVasquez_PM","1","1","2"
"adriel_perez","1","1","2"
"Adriiiano","1","1","2"
"Adrija14","1","1","2"
"AdritaaChess","1","1","2"
"Adsterguy","1","1","2"
"adt2202","1","1","2"
"advait16","1","1","2"
"AdvaitK","1","1","2"
"advancedpizza","1","1","2"
"advikj05","1","1","2"
"advitya","1","1","2"
"Advocate28","1","1","2"
"Advokat2000","1","1","2"
"advonaut","1","1","2"
"Adyl54","1","1","2"
"adzmal","1","1","2"
"aeguibar","1","1","2"
"aekin","1","1","2"
"aembe","1","1","2"
"Aemir34","1","1","2"
"Aeolo","1","1","2"
"aepars","1","1","2"
"AEROxY250","1","1","2"
"aershov","1","1","2"
"Aesculapp","1","1","2"
"aetgok","1","1","2"
"Aethelwulff","1","1","2"
"AetherMaster101Chess","1","1","2"
"AFAMH2020","1","1","2"
"afercar","1","1","2"
"affable","1","1","2"
"AfghanTiger","1","1","2"
"AFMA7S","1","1","2"
"Afnan004","1","1","2"
"AFR6","1","1","2"
"AfranioSanti","1","1","2"
"AfricanChess","1","1","2"
"africanmate","1","1","2"
"Afrikello","1","1","2"
"afroyusuf","1","1","2"
"afsalpb","1","1","2"
"afshin18","1","1","2"
"Afzal12345","1","1","2"
"AGA-2016","1","1","2"
"AGABALA_23","1","1","2"
"Agano444","1","1","2"
"Agapou77","1","1","2"
"agars1","1","1","2"
"agata_yudina","1","1","2"
"AGC036539","1","1","2"
"agcanta","1","1","2"
"ageevkolia","1","1","2"
"agent-g","1","1","2"
"Agent0070707","1","1","2"
"agetown21","1","1","2"
"aggelos_6","1","1","2"
"Agni_06","1","1","2"
"agnivo_blind","1","1","2"
"AgoodTuesday","1","1","2"
"Agr_Wolf","1","1","2"
"Agreshgarg","1","1","2"
"agrojo","1","1","2"
"agropuls","1","1","2"
"AGrouGrou","1","1","2"
"Agu2015","1","1","2"
"aguasucia","1","1","2"
"Agudo1","1","1","2"
"AGUSDEUSTO","1","1","2"
"agusraju","1","1","2"
"Agustin_Jerez_B","1","1","2"
"AH-15","1","1","2"
"Ah3ron","1","1","2"
"ahadzabarjad","1","1","2"
"ahaega","1","1","2"
"AHD120725","1","1","2"
"Ahekisalingebruik","1","1","2"
"Aheles16","1","1","2"
"ahhhhhhhhhhhhhh","1","1","2"
"ahihiehehe","1","1","2"
"ahikernamedgq","1","1","2"
"Ahm_Elkholy","1","1","2"
"Ahm3d3zz3ldin","1","1","2"
"ahmad_mzdh","1","1","2"
"ahmad_sfd3295","1","1","2"
"ahmad6666","1","1","2"
"ahmadajame","1","1","2"
"ahmadalai1370","1","1","2"
"ahmadaltal","1","1","2"
"ahmadbaijuri","1","1","2"
"ahmaddehdar","1","1","2"
"ahmadelsayed6","1","1","2"
"ahmadfaiznurmajid","1","1","2"
"AhmadIssa29","1","1","2"
"AhmadQassas","1","1","2"
"ahmadreza1885","1","1","2"
"Ahmadsaid8","1","1","2"
"ahmadtoopy","1","1","2"
"ahmadziai","1","1","2"
"Ahmatbek1973","1","1","2"
"ahmd_m01","1","1","2"
"Ahmdnjr12512","1","1","2"
"Ahmed_Abid","1","1","2"
"Ahmed_Alternative","1","1","2"
"ahmed_fathi","1","1","2"
"ahmed_fathy_mesallam","1","1","2"
"Ahmed_fcih","1","1","2"
"ahmed_ghareeb","1","1","2"
"Ahmed_Karim7","1","1","2"
"Ahmed_Poyraz03","1","1","2"
"Ahmed_Sabri","1","1","2"
"Ahmed_usta","1","1","2"
"Ahmed-E22","1","1","2"
"AHMED-El3ndaleeb","1","1","2"
"ahmed153hassan","1","1","2"
"ahmed232323","1","1","2"
"Ahmed3gmy","1","1","2"
"Ahmed611","1","1","2"
"Ahmed77G1","1","1","2"
"Ahmed78sarhan","1","1","2"
"Ahmed8Barhou9767mi99","1","1","2"
"ahmedadawy00","1","1","2"
"Ahmedahmedahmed_091","1","1","2"
"Ahmedalalawy","1","1","2"
"AhmedAlhouthi","1","1","2"
"Ahmedalioo34","1","1","2"
"Ahmedboulahsen","1","1","2"
"AhmedELtokhy","1","1","2"
"ahmedelzareef","1","1","2"
"ahmedema","1","1","2"
"ahmedezz12","1","1","2"
"ahmedezzatabdelkader","1","1","2"
"ahmedgalal231","1","1","2"
"Ahmedjames7","1","1","2"
"AhmedMaksoud_1010","1","1","2"
"Ahmedomara00","1","1","2"
"Ahmedreda200013","1","1","2"
"ahmedsherif9091","1","1","2"
"ahmedshr","1","1","2"
"ahmedslh202","1","1","2"
"Ahmedsweed1","1","1","2"
"AhmedTamer66","1","1","2"
"ahmedtawfiik","1","1","2"
"AhmedWaer","1","1","2"
"Ahmedwahba340289","1","1","2"
"ahmedytawfik7","1","1","2"
"AhmedZ12345","1","1","2"
"Ahmedzeroo","1","1","2"
"ahmedzodic","1","1","2"
"Ahmet-emin_2016","1","1","2"
"AHMET-SALIH","1","1","2"
"ahmet0075","1","1","2"
"ahmet4735","1","1","2"
"ahmet6153","1","1","2"
"ahmetbaran2016","1","1","2"
"AhmetcanEz","1","1","2"
"Ahmetcmk","1","1","2"
"ahmetfatihotlu","1","1","2"
"Ahmetgurgoll","1","1","2"
"Ahmethan20","1","1","2"
"ahmetkayan2016","1","1","2"
"ahmetovic21","1","1","2"
"ahmetyayli","1","1","2"
"ahmetyzc","1","1","2"
"Ahmoud3637","1","1","2"
"AHMRM","1","1","2"
"ahok16","1","1","2"
"Ahoora-1392","1","1","2"
"ahorasss","1","1","2"
"Ahreas","1","1","2"
"ahuebel","1","1","2"
"Ahynferose","1","1","2"
"AI_49","1","1","2"
"Ai_91","1","1","2"
"Aiaru","1","1","2"
"Aiasan","1","1","2"
"aibek_ryskulovic1","1","1","2"
"AibynChess","1","1","2"
"AICHECKMATE07","1","1","2"
"aidanpero","1","1","2"
"Aidasneniskis","1","1","2"
"aiden_singarapu","1","1","2"
"aifel","1","1","2"
"Aigul_Uteuova08","1","1","2"
"AII7W","1","1","2"
"aika14let","1","1","2"
"Aikitu2","1","1","2"
"AikosPhelipe","1","1","2"
"AikynChess","1","1","2"
"Ailina2015","1","1","2"
"AiManNaJMI3783","1","1","2"
"ainarafajardo","1","1","2"
"ainnik","1","1","2"
"AinoLux","1","1","2"
"Airat17","1","1","2"
"airos11","1","1","2"
"Airoude-Rayan","1","1","2"
"AiRuslan","1","1","2"
"Airy123","1","1","2"
"Aisultan_2016","1","1","2"
"AiSuLtAn08","1","1","2"
"Aisw_d","1","1","2"
"aitbek10a","1","1","2"
"AivAR","1","1","2"
"Aiwest","1","1","2"
"Aizen_Soske1","1","1","2"
"Aizohiith","1","1","2"
"aj0917","1","1","2"
"Aj123s","1","1","2"
"Aj2709","1","1","2"
"AjarnNeo","1","1","2"
"AJason1","1","1","2"
"Ajax1984","1","1","2"
"ajay_lionsplay","1","1","2"
"Ajay999","1","1","2"
"AjayUnverified","1","1","2"
"AJEDRETOTO","1","1","2"
"AjedrezYaser","1","1","2"
"ajflm","1","1","2"
"ajinkya98","1","1","2"
"Ajithajju","1","1","2"
"ajneves47","1","1","2"
"ajnffunvcrukb","1","1","2"
"ajp2004","1","1","2"
"ajshaz17","1","1","2"
"AJT68","1","1","2"
"ajzout","1","1","2"
"AK_DXB","1","1","2"
"ak2105","1","1","2"
"AK92-Chess","1","1","2"
"akaaka72","1","1","2"
"AkademikR","1","1","2"
"akanagi","1","1","2"
"Akara52","1","1","2"
"akaritogago","1","1","2"
"akarkar","1","1","2"
"Akarsh_2010","1","1","2"
"akarshanand","1","1","2"
"akaS00","1","1","2"
"akash_786220","1","1","2"
"Akash_TG","1","1","2"
"akash2016","1","1","2"
"akash991309","1","1","2"
"AkashChessChamp","1","1","2"
"Akashks2","1","1","2"
"Akashsharma2525","1","1","2"
"Akashuro","1","1","2"
"akashxyz5","1","1","2"
"AkatovAndrey","1","1","2"
"Akatwarrior","1","1","2"
"akawuero","1","1","2"
"akazad","1","1","2"
"Akbarshox_Sherjanov","1","1","2"
"AKD_2011","1","1","2"
"Akeben1","1","1","2"
"akgunkerim","1","1","2"
"akhiladr","1","1","2"
"Akhilajay","1","1","2"
"AkhilC016","1","1","2"
"akhilmallakedi","1","1","2"
"AKiamehr","1","1","2"
"Akib2019","1","1","2"
"Akibart","1","1","2"
"AkibaRubinstein2022","1","1","2"
"akift94","1","1","2"
"akihayakawa86","1","1","2"
"Akihiro05","1","1","2"
"akii4377","1","1","2"
"Akileo","1","1","2"
"AKILLESH_Student","1","1","2"
"Akim777","1","1","2"
"AkimBagdasarov","1","1","2"
"akin4146","1","1","2"
"Akindu_19","1","1","2"
"Akiseweed","1","1","2"
"Akita52","1","1","2"
"Akiyama-Shinichi","1","1","2"
"AKkaradeniz","1","1","2"
"akmal95","1","1","2"
"akman1604","1","1","2"
"akond","1","1","2"
"AKondurtsev","1","1","2"
"akonst","1","1","2"
"Akopovich","1","1","2"
"akorede234","1","1","2"
"akram0525","1","1","2"
"Akramizo","1","1","2"
"Akramking1","1","1","2"
"akrammontazeri","1","1","2"
"AKRJourno","1","1","2"
"Akrogun","1","1","2"
"aKS0493","1","1","2"
"Aks711","1","1","2"
"Akshajr","1","1","2"
"akshajsingh05","1","1","2"
"akshajyarasuri","1","1","2"
"akshar23","1","1","2"
"akshara_pra1","1","1","2"
"AksharanCode","1","1","2"
"akshaya001","1","1","2"
"AkshayaChandak2013","1","1","2"
"AkshayCh5ss","1","1","2"
"Akshayyh","1","1","2"
"Akshi_MCS","1","1","2"
"AkshishA","1","1","2"
"akshobhyajoshi","1","1","2"
"aktasresul","1","1","2"
"Akubarubah","1","1","2"
"akula-matata","1","1","2"
"akv0493","1","1","2"
"akvan1","1","1","2"
"akylbek_2012","1","1","2"
"Al_beshr_rababah","1","1","2"
"Al_Dik","1","1","2"
"AL_M4hdi","1","1","2"
"Al_Mur","1","1","2"
"Al-Khader","1","1","2"
"Al-stxlkex","1","1","2"
"Al13n1g3na","1","1","2"
"al23435","1","1","2"
"al857","1","1","2"
"Al94hf","1","1","2"
"Alaa7700","1","1","2"
"Alaa9090","1","1","2"
"AlaaAldenhallak","1","1","2"
"alaaeldinkhalil","1","1","2"
"AlaaMoftah","1","1","2"
"AlaaOkasha01","1","1","2"
"AladinCleber","1","1","2"
"AlaELGARF8777","1","1","2"
"Alahdini","1","1","2"
"alahmdnwry","1","1","2"
"Alain_Deloin","1","1","2"
"AlainBoy","1","1","2"
"alainwalter","1","1","2"
"alaitz8","1","1","2"
"alaiyekeykubat","1","1","2"
"Alakhle90","1","1","2"
"alaladin357","1","1","2"
"Alan_75","1","1","2"
"Alan_Gol","1","1","2"
"alan1981","1","1","2"
"AlanKrupa","1","1","2"
"alanlgz","1","1","2"
"Alannav","1","1","2"
"Alanof","1","1","2"
"alanvale","1","1","2"
"Alashar","1","1","2"
"Alavere","1","1","2"
"Alayoika","1","1","2"
"AlazariMD","1","1","2"
"alb2020","1","1","2"
"albaslug","1","1","2"
"Albatross007","1","1","2"
"Albaybulkans3","1","1","2"
"Albbewohner2020","1","1","2"
"Albechess","1","1","2"
"alberix54o42","1","1","2"
"Albert_Bortsov","1","1","2"
"Albert7508","1","1","2"
"AlbertDan","1","1","2"
"AlbertineSmnt","1","1","2"
"Alberto_Chess12","1","1","2"
"Albertolate2009","1","1","2"
"albertomiblueblue","1","1","2"
"Albertopambo123","1","1","2"
"AlbertoPedemonte","1","1","2"
"AlbertShahbazyan","1","1","2"
"albesteanulgradinar","1","1","2"
"albiexdx","1","1","2"
"ALBIROUNI","1","1","2"
"AlborzGamers","1","1","2"
"AlBratNdao","1","1","2"
"alcan1313","1","1","2"
"alcazarlelascar","1","1","2"
"Alchemy_Profi","1","1","2"
"alcides10","1","1","2"
"alcort234567891","1","1","2"
"Alda97","1","1","2"
"aldahird","1","1","2"
"Aldajan","1","1","2"
"aldeirop","1","1","2"
"aldex","1","1","2"
"Aldi_20","1","1","2"
"aldiarsuper","1","1","2"
"AldoBD","1","1","2"
"Aldoski","1","1","2"
"Ale_Campbell","1","1","2"
"Ale_Iciar","1","1","2"
"ale-boni2509","1","1","2"
"Ale0707","1","1","2"
"Ale42rubik","1","1","2"
"alebel","1","1","2"
"alebon123","1","1","2"
"alebutano","1","1","2"
"Alechess147","1","1","2"
"aleciorss","1","1","2"
"aledui","1","1","2"
"ALEGENDARY13","1","1","2"
"aleinkentigerna","1","1","2"
"alejandro_1021","1","1","2"
"Alejandro_31","1","1","2"
"AlejandroBruno","1","1","2"
"AlejandroFernandez","1","1","2"
"AlejandroRiveroMaya","1","1","2"
"ALEJANDROSANCH_S2MCO","1","1","2"
"Alejandrotheplayer","1","1","2"
"aleke86","1","1","2"
"Alekh_al","1","1","2"
"Alekhin_kotar","1","1","2"
"AlekhinesGambit","1","1","2"
"Aleking666","1","1","2"
"ALeKS_G1","1","1","2"
"Aleks_sky","1","1","2"
"aleks196vip","1","1","2"
"Aleks310","1","1","2"
"aleks67291913","1","1","2"
"Aleksandr_Chess","1","1","2"
"aleksandr_trushnikov","1","1","2"
"Aleksandr-2023","1","1","2"
"Aleksandr2104","1","1","2"
"Aleksandra_Shirokova","1","1","2"
"AlekSAnDRa0506","1","1","2"
"AleksandrKosonog","1","1","2"
"AleksandrMakedonskii","1","1","2"
"AleksandrovFedor2016","1","1","2"
"AleksAndrza83","1","1","2"
"Aleksandyr","1","1","2"
"Aleksej83","1","1","2"
"Alekses111","1","1","2"
"Aleksey_1024","1","1","2"
"Aleksey-77","1","1","2"
"ALEKSEY056","1","1","2"
"Aleksey197530","1","1","2"
"aleksey212","1","1","2"
"Aleksey31","1","1","2"
"AlekseyStep","1","1","2"
"alekstashan","1","1","2"
"alekstrey","1","1","2"
"Aleksus58","1","1","2"
"aleksve","1","1","2"
"alekvi","1","1","2"
"Alena7869","1","1","2"
"alenchik_20","1","1","2"
"alenerim","1","1","2"
"Alenfiqueroa7","1","1","2"
"AlenRozaLen","1","1","2"
"AleRambo","1","1","2"
"alesakasl9","1","1","2"
"Aleshkaaaaaa689","1","1","2"
"Alessandrolobos","1","1","2"
"AlessandroTodde","1","1","2"
"Alessio_Malavolta","1","1","2"
"Alessio_Z","1","1","2"
"Alevtina15","1","1","2"
"Alex_20-13","1","1","2"
"Alex_836","1","1","2"
"Alex_Bello","1","1","2"
"alex_blunder","1","1","2"
"alex_byalon","1","1","2"
"alex_chub","1","1","2"
"alex_ivankova","1","1","2"
"alex_KSCC-79","1","1","2"
"Alex_Morozov","1","1","2"
"Alex_Pownall","1","1","2"
"Alex_the_Chess_God","1","1","2"
"alex_vis","1","1","2"
"Alex_W","1","1","2"
"alex-fox22","1","1","2"
"Alex-sandr","1","1","2"
"Alex-Sasha","1","1","2"
"alex-under-pressure","1","1","2"
"Alex-ZAM","1","1","2"
"Alex0101001","1","1","2"
"Alex01ander","1","1","2"
"alex068384","1","1","2"
"Alex160861","1","1","2"
"Alex1971-12","1","1","2"
"Alex199408","1","1","2"
"Alex250810","1","1","2"
"alex582","1","1","2"
"Alex6969","1","1","2"
"Alex778811","1","1","2"
"alex9684","1","1","2"
"Alexander__S","1","1","2"
"Alexander_Bykov","1","1","2"
"alexander_lane","1","1","2"
"Alexander_Nikitenko","1","1","2"
"Alexander1234555","1","1","2"
"alexander19411","1","1","2"
"Alexander20-09","1","1","2"
"Alexander2303","1","1","2"
"AlexanderAndreCercad","1","1","2"
"AlexanderChess1337","1","1","2"
"AlexanderLerikh","1","1","2"
"AlexanderLeveHang","1","1","2"
"AlexanderLoayza","1","1","2"
"AlexanderMane","1","1","2"
"AlexanderMogilnikov","1","1","2"
"Alexanderrrrrrrr23","1","1","2"
"Alexandor142","1","1","2"
"Alexandr_Kalugin","1","1","2"
"ALEXANDR2008","1","1","2"
"Alexandr561","1","1","2"
"alexandr64","1","1","2"
"Alexandra2015","1","1","2"
"AlexandreChessRR","1","1","2"
"Alexandro2020","1","1","2"
"AlexandrSanych","1","1","2"
"AlexandrScherbakov","1","1","2"
"AlexandrSolodovnik","1","1","2"
"Alexbel1971","1","1","2"
"AlexBEZ62","1","1","2"
"AlexBondar","1","1","2"
"alexcarto","1","1","2"
"alexchesser65","1","1","2"
"AlexChucky","1","1","2"
"Alexcocok","1","1","2"
"AlexD14","1","1","2"
"AlexDimitro","1","1","2"
"alexdlt","1","1","2"
"alexdudarev03","1","1","2"
"alexdyn","1","1","2"
"alexei_2911","1","1","2"
"Alexeiyrevich","1","1","2"
"Alexey_Zalesnov","1","1","2"
"alexey1425","1","1","2"
"AlexeyKP1201","1","1","2"
"alexf12005","1","1","2"
"alexfelske","1","1","2"
"Alexfm2909","1","1","2"
"Alexfox11","1","1","2"
"AlexGNZ","1","1","2"
"Alexgotovchik","1","1","2"
"Alexgrommmmm","1","1","2"
"AlexHortis5","1","1","2"
"alexi_prieto","1","1","2"
"AlexID","1","1","2"
"alexiehuynh","1","1","2"
"Alexis_16_17","1","1","2"
"Alexis_chess7","1","1","2"
"Alexis_Mihailovich","1","1","2"
"alexis12-gf","1","1","2"
"alexkel","1","1","2"
"Alexkhinine","1","1","2"
"alexkoks","1","1","2"
"alexlabozin","1","1","2"
"AlexLawrence_22","1","1","2"
"alexlele","1","1","2"
"alexlitvin","1","1","2"
"AlexMars80","1","1","2"
"AlexMorron","1","1","2"
"Alexmrns","1","1","2"
"AlexMujat","1","1","2"
"alexpochemu","1","1","2"
"alexrad1347","1","1","2"
"AlexRojas1985","1","1","2"
"AlexRU50","1","1","2"
"alexrules82","1","1","2"
"Alexsander_SAA","1","1","2"
"AlexsandrChalov","1","1","2"
"alextontger","1","1","2"
"AlexTur","1","1","2"
"Alexvlastelin_72","1","1","2"
"alexvod_56","1","1","2"
"AlexWander","1","1","2"
"alexx108","1","1","2"
"Alexxx1284","1","1","2"
"AlexY34","1","1","2"
"alexyugov","1","1","2"
"Alexyzf","1","1","2"
"AlexZakharova16","1","1","2"
"alexzandeer","1","1","2"
"Alexzhgunov","1","1","2"
"Alexzor","1","1","2"
"aleyna20","1","1","2"
"aleyoshi","1","1","2"
"aleyush_lev","1","1","2"
"Alfa_Omega13","1","1","2"
"Alfabird","1","1","2"
"Alferzin","1","1","2"
"Alfetore10","1","1","2"
"alfiebrook","1","1","2"
"Alfiere_Cieco","1","1","2"
"Alfiere1245","1","1","2"
"alfiere777","1","1","2"
"Alfil95","1","1","2"
"AlfilOscuro","1","1","2"
"alfista","1","1","2"
"Alfonso_6TD","1","1","2"
"ALFRED29","1","1","2"
"alfredo59","1","1","2"
"Algebraic_Torus","1","1","2"
"Algnov","1","1","2"
"Algoat2025","1","1","2"
"Algocraft","1","1","2"
"alhadorian","1","1","2"
"AlHaram","1","1","2"
"alhareth_93","1","1","2"
"Alhassan123","1","1","2"
"AlhiAlaswny","1","1","2"
"alhifar97","1","1","2"
"ali_an00pali0Aloo567","1","1","2"
"ali_anvarow","1","1","2"
"Ali_cje","1","1","2"
"Ali_engg89","1","1","2"
"ali_gezmen","1","1","2"
"Ali_haleem","1","1","2"
"ali_sakarneh99","1","1","2"
"ALI_TARIQ20","1","1","2"
"Ali_Yzyl","1","1","2"
"Ali-asal","1","1","2"
"Ali-Askari-2009-17","1","1","2"
"ali-n99","1","1","2"
"Ali117777","1","1","2"
"Ali12380","1","1","2"
"ALI13Ash","1","1","2"
"ali1592","1","1","2"
"Ali19799","1","1","2"
"Ali2362","1","1","2"
"Ali454","1","1","2"
"ali933","1","1","2"
"aliaga54","1","1","2"
"Aliahm3dkhan","1","1","2"
"aliakbar_sh","1","1","2"
"Aliakbarvkpadi","1","1","2"
"aliaksand_h","1","1","2"
"Alialkfrawy","1","1","2"
"alibabai2112","1","1","2"
"AliBabayExpress","1","1","2"
"Alibek_chess","1","1","2"
"alibgn","1","1","2"
"alibirol17","1","1","2"
"AliceRise","1","1","2"
"aliciamay2","1","1","2"
"Alicounette37","1","1","2"
"Alidandis12","1","1","2"
"AliDeep","1","1","2"
"alidehdashti","1","1","2"
"Aliefe58","1","1","2"
"aliemianna","1","1","2"
"alien_7anfyy","1","1","2"
"alien-alien","1","1","2"
"Alien001","1","1","2"
"alienbangers","1","1","2"
"Alieninjar","1","1","2"
"Alienvanov","1","1","2"
"alierolae","1","1","2"
"alifatov","1","1","2"
"alifsaduri","1","1","2"
"aligharaeini","1","1","2"
"aligopo","1","1","2"
"ALIK_2013","1","1","2"
"alik_garai","1","1","2"
"alikemla","1","1","2"
"Alikhalil12340","1","1","2"
"Alil_irani","1","1","2"
"Alim07kbr","1","1","2"
"Alimaher011","1","1","2"
"AliMamaClaudette","1","1","2"
"alimo3nian","1","1","2"
"Alimuito","1","1","2"
"Alina_71","1","1","2"
"AlinaSweet","1","1","2"
"aliniet","1","1","2"
"alirazaramzani","1","1","2"
"Alireza_Hejazi","1","1","2"
"Alireza_sabouri","1","1","2"
"Alireza102","1","1","2"
"Alireza127127127","1","1","2"
"alireza144a","1","1","2"
"alireza2904","1","1","2"
"Alireza46845","1","1","2"
"alireza9090","1","1","2"
"alireza97torab","1","1","2"
"alireza99hj","1","1","2"
"AliRezaaa007","1","1","2"
"alirezagaeeni","1","1","2"
"alirezaking1400","1","1","2"
"Alirezamohamadian","1","1","2"
"ALIREZARASOULIFAR","1","1","2"
"alirsd","1","1","2"
"alis1398","1","1","2"
"alisafari10","1","1","2"
"AliSahi","1","1","2"
"AlisaRomanchenko","1","1","2"
"alish898980","1","1","2"
"Alishahidi1350","1","1","2"
"Alishercuba","1","1","2"
"alisherrrDePablo","1","1","2"
"alisiavash1361","1","1","2"
"Aliska_rediska","1","1","2"
"alissonlucas","1","1","2"
"alisuleymanliresiten","1","1","2"
"alitahanizadeh","1","1","2"
"aliterax","1","1","2"
"AliTomeh","1","1","2"
"alitrick007","1","1","2"
"alittlerook","1","1","2"
"aliulas24","1","1","2"
"Alivahid","1","1","2"
"AliYousefii","1","1","2"
"Aliyuoare","1","1","2"
"Alizadeh128","1","1","2"
"ALIZR2","1","1","2"
"Aljahbaz","1","1","2"
"aljechin2020","1","1","2"
"aljethmy1989","1","1","2"
"alk1989","1","1","2"
"ALK97","1","1","2"
"Alkanke","1","1","2"
"alkeydf","1","1","2"
"Allanonshann","1","1","2"
"AllaShu","1","1","2"
"Allexeyv","1","1","2"
"Allexvs","1","1","2"
"Allez-vousF","1","1","2"
"alliechess","1","1","2"
"allknightandallday","1","1","2"
"AllooshxGamer","1","1","2"
"allord82","1","1","2"
"AllPawnsMaster","1","1","2"
"allsingle","1","1","2"
"allyleon","1","1","2"
"Alm4rtin","1","1","2"
"Almas-Karabasov","1","1","2"
"Almas04taj","1","1","2"
"Almatinsky1986","1","1","2"
"Almatulhasnain","1","1","2"
"ALMAZINHO","1","1","2"
"AlmazTuhvaullin","1","1","2"
"almeidajama","1","1","2"
"Almerer","1","1","2"
"almimila","1","1","2"
"AlmirBiser","1","1","2"
"almironjose","1","1","2"
"Almond_Girl","1","1","2"
"almondarker","1","1","2"
"alnxyz","1","1","2"
"AlO1977","1","1","2"
"alohahejahej","1","1","2"
"Alojera","1","1","2"
"ALOJOMORA77","1","1","2"
"Alojzy_Trabka","1","1","2"
"Alok009988","1","1","2"
"AlOlMich","1","1","2"
"alomak","1","1","2"
"alompak_aGoGo","1","1","2"
"Alona7","1","1","2"
"alone369","1","1","2"
"Alonekiller","1","1","2"
"alonsoADNc","1","1","2"
"AlonsoB","1","1","2"
"aloosh_pro","1","1","2"
"alorpm47","1","1","2"
"ALP-KAMILGUZMAN","1","1","2"
"ALPACHINO2","1","1","2"
"alpagu25","1","1","2"
"Alparslan0907","1","1","2"
"Alpeneshho","1","1","2"
"alperad","1","1","2"
"Alpha_17","1","1","2"
"Alpha95000","1","1","2"
"alphacero","1","1","2"
"AlphaII","1","1","2"
"Alphaiscool","1","1","2"
"AlphaKenny","1","1","2"
"alpikizoglu","1","1","2"
"alprazolamratio1mg","1","1","2"
"Alquimista_AR","1","1","2"
"alreadybroken23","1","1","2"
"alruiz","1","1","2"
"Alsadlan","1","1","2"
"Alsh31kh","1","1","2"
"alshahovskiy","1","1","2"
"alsrgv","1","1","2"
"alst7","1","1","2"
"Alster","1","1","2"
"alsyaaf","1","1","2"
"Alt3rEg0","1","1","2"
"Altair07072","1","1","2"
"altann1","1","1","2"
"Altantulkhuur","1","1","2"
"altgovzen1985","1","1","2"
"althoma","1","1","2"
"altred","1","1","2"
"altrintitus","1","1","2"
"Altunomer","1","1","2"
"Alucady","1","1","2"
"Alucard_2137","1","1","2"
"AlunoOtavio","1","1","2"
"Alvarodasha_1505","1","1","2"
"ALVAROg923","1","1","2"
"AlvaroRincon","1","1","2"
"alvarors","1","1","2"
"Alvas76","1","1","2"
"alverrr","1","1","2"
"Alvin2011","1","1","2"
"Alvinator_257","1","1","2"
"alvinfarshbaf","1","1","2"
"alvis-17","1","1","2"
"alviseee","1","1","2"
"AlVoronin","1","1","2"
"Alwazzan","1","1","2"
"alwerty","1","1","2"
"alxkck","1","1","2"
"Aly_andria","1","1","2"
"alyani","1","1","2"
"Alyiaseitbekova","1","1","2"
"alyosha21","1","1","2"
"Alz_vs","1","1","2"
"AM_47","1","1","2"
"AM_Fighter","1","1","2"
"am1972","1","1","2"
"Ama-Spieler","1","1","2"
"Amadan100","1","1","2"
"Amadsky5272","1","1","2"
"AmagamA2000","1","1","2"
"amagomedovich","1","1","2"
"amajbar","1","1","2"
"AMALFEKK","1","1","2"
"Aman_2710","1","1","2"
"aman07krish","1","1","2"
"Aman39906","1","1","2"
"AmanGupta17","1","1","2"
"amank8767","1","1","2"
"amansingh4058","1","1","2"
"Amantiwarii","1","1","2"
"Amapola08","1","1","2"
"amaranwer","1","1","2"
"amarbara2","1","1","2"
"amarelhachemi","1","1","2"
"amarendra30","1","1","2"
"Amaru_X7","1","1","2"
"amatar83","1","1","2"
"Amator47","1","1","2"
"Amaury21","1","1","2"
"AmayaLaude-300","1","1","2"
"Amazing_Kasparov","1","1","2"
"ambatuchess101","1","1","2"
"ambe2110","1","1","2"
"ambros53","1","1","2"
"ambruseti","1","1","2"
"AME_2005","1","1","2"
"ameddd","1","1","2"
"ameeralwaali","1","1","2"
"Amelia1979","1","1","2"
"americano18","1","1","2"
"AmeriMohammad","1","1","2"
"amg123ag","1","1","2"
"AMgotBanned","1","1","2"
"amigochulo","1","1","2"
"amiinz","1","1","2"
"Amin_009","1","1","2"
"Amin_88unipa","1","1","2"
"Amin_khasteh","1","1","2"
"Amin_mirmomen","1","1","2"
"amin_roudgar","1","1","2"
"amin0066","1","1","2"
"Amin16230","1","1","2"
"amin2004_5","1","1","2"
"aminat14","1","1","2"
"AminatGadzhieva05","1","1","2"
"Amine_Sahraoui","1","1","2"
"Amine-2020","1","1","2"
"amineak19","1","1","2"
"Aminexh100","1","1","2"
"Aminrezaorg","1","1","2"
"Amir_9000","1","1","2"
"Amir_arsalan94_b","1","1","2"
"amir_j73","1","1","2"
"AMIR_MRG","1","1","2"
"Amir_UT_Malang","1","1","2"
"Amir-13801424","1","1","2"
"Amir-Amirchik_14","1","1","2"
"amir1386nasiri","1","1","2"
"amir1390A","1","1","2"
"amir191k","1","1","2"
"Amir202324","1","1","2"
"Amir41861","1","1","2"
"amirabbas_alikhai","1","1","2"
"amirabbas138","1","1","2"
"amirabbas1387","1","1","2"
"amirali_098","1","1","2"
"Amirali_rajabi","1","1","2"
"Amiralii2011","1","1","2"
"amiraliii1402","1","1","2"
"amiralimalakuti","1","1","2"
"Amiralit","1","1","2"
"AmirarsalanHoseinzad","1","1","2"
"amirb222","1","1","2"
"amirbrgi","1","1","2"
"Amirhosein_mebrahimi","1","1","2"
"Amirhosein_Nademi","1","1","2"
"Amirhosein7769","1","1","2"
"amirhoseinabastabar","1","1","2"
"amiriliano","1","1","2"
"Amirkhan_Sitdikov","1","1","2"
"Amirkhana539","1","1","2"
"AmirM_Doosti","1","1","2"
"amirmamiro","1","1","2"
"AmirMishel","1","1","2"
"amirmohamad1388","1","1","2"
"amirnaghash","1","1","2"
"amirpolice1372","1","1","2"
"amirr9767","1","1","2"
"AmirReza132","1","1","2"
"amirrezashamsy","1","1","2"
"amirsep","1","1","2"
"amirtalebzadeh","1","1","2"
"Amirzxser746883","1","1","2"
"Amisha42Pant","1","1","2"
"amishhitman","1","1","2"
"amit12","1","1","2"
"amit2694","1","1","2"
"amitgandhi","1","1","2"
"Amitk4508","1","1","2"
"amitmohantybbsr","1","1","2"
"amitranjan770","1","1","2"
"Amits456","1","1","2"
"amitsnd55","1","1","2"
"Amiurgo","1","1","2"
"amjad91","1","1","2"
"Ammar_Yasser22","1","1","2"
"AmmarRadwan","1","1","2"
"ammartakpandai","1","1","2"
"AmmarTelfah","1","1","2"
"Amnay_aberkan","1","1","2"
"Amo3mo1984","1","1","2"
"Amo54","1","1","2"
"Amogh28","1","1","2"
"Amoghathavale","1","1","2"
"amogusb","1","1","2"
"amohamadk50","1","1","2"
"amoksicillin","1","1","2"
"amollearning","1","1","2"
"amongus100","1","1","2"
"Amoore_7","1","1","2"
"amordz72","1","1","2"
"AmosMusonda","1","1","2"
"amosxe","1","1","2"
"amoustafa338","1","1","2"
"amoy","1","1","2"
"Ampath","1","1","2"
"amper708","1","1","2"
"Ampersock","1","1","2"
"Ampheline","1","1","2"
"Ampupu","1","1","2"
"ampyrgos","1","1","2"
"amr957","1","1","2"
"Amradel6666","1","1","2"
"Amrfarghly","1","1","2"
"Amrinder_singh","1","1","2"
"amrmansour22","1","1","2"
"amruta0511","1","1","2"
"AmrutaVarshini","1","1","2"
"Ams90","1","1","2"
"Amywol","1","1","2"
"an_cello","1","1","2"
"an-gi","1","1","2"
"anaagus123","1","1","2"
"anabe823","1","1","2"
"anachuquizuta15215","1","1","2"
"anacolak","1","1","2"
"anag007","1","1","2"
"anaghachyut","1","1","2"
"AnahiShah","1","1","2"
"anaiahiqt","1","1","2"
"anaksuntili","1","1","2"
"AnaLorak","1","1","2"
"AnalystAhmed","1","1","2"
"anamorfose","1","1","2"
"Ananas8559","1","1","2"
"AnandhiP","1","1","2"
"anandi10","1","1","2"
"AnandKC","1","1","2"
"Anandkhot","1","1","2"
"ANANDYADAV1234","1","1","2"
"ananthuraj008","1","1","2"
"anantvijqyqm","1","1","2"
"Ananya_Sadurangam","1","1","2"
"anapedrini","1","1","2"
"Anarcorachess","1","1","2"
"Anas_platyrhynchos","1","1","2"
"Anas_Waled90","1","1","2"
"Anasbrsy","1","1","2"
"anasda1996","1","1","2"
"anasorochi","1","1","2"
"Anasparov","1","1","2"
"Anastasia_leto","1","1","2"
"Anastasia-2018","1","1","2"
"Anastasiya2204","1","1","2"
"Anastasya585","1","1","2"
"AnastasyaP","1","1","2"
"Anasvghh","1","1","2"
"Anat0ly","1","1","2"
"Anatol003","1","1","2"
"Anatoliy_Karpov","1","1","2"
"Anatoliy-76","1","1","2"
"Anaya10","1","1","2"
"AnayMittalChess","1","1","2"
"anbuaa","1","1","2"
"Anchel","1","1","2"
"anchitb","1","1","2"
"ancientmoon","1","1","2"
"ancorr","1","1","2"
"AndaGil","1","1","2"
"andaklok","1","1","2"
"Andatra01","1","1","2"
"andevel","1","1","2"
"andful","1","1","2"
"Andi_3","1","1","2"
"andiarbeit123","1","1","2"
"Andique","1","1","2"
"andkuc","1","1","2"
"andr0i","1","1","2"
"AndradeBR","1","1","2"
"Andralin","1","1","2"
"Andratheworstplayer","1","1","2"
"andre_alvarez1BSJ","1","1","2"
"Andre_Hendriks","1","1","2"
"ANDRE_UNMAS","1","1","2"
"andre-205","1","1","2"
"Andre-B","1","1","2"
"Andrea_cute","1","1","2"
"AndreaBononi","1","1","2"
"AndreaFuorvito","1","1","2"
"andreapepeta","1","1","2"
"Andreas112233","1","1","2"
"AndreasNass","1","1","2"
"AndreaStarsChess","1","1","2"
"AndreBDR","1","1","2"
"andredebernex","1","1","2"
"AndreDimitrin","1","1","2"
"AndreHan","1","1","2"
"Andrei20150523","1","1","2"
"Andreibn","1","1","2"
"andreiionita","1","1","2"
"Andrej_Pilnikof","1","1","2"
"AndreLuisVR","1","1","2"
"Andres_LR","1","1","2"
"andres0305","1","1","2"
"andres11111","1","1","2"
"Andres1949","1","1","2"
"andres721","1","1","2"
"AndresB01","1","1","2"
"andresgon86","1","1","2"
"andreshf","1","1","2"
"andrestein007","1","1","2"
"ANDRETUSOUL","1","1","2"
"andreu666","1","1","2"
"andrew_be","1","1","2"
"Andrew_Mango","1","1","2"
"Andrew-Laboste","1","1","2"
"Andrew06102014","1","1","2"
"andrew1130","1","1","2"
"andrewbal","1","1","2"
"Andrewchess80","1","1","2"
"AndrewEz","1","1","2"
"AndrewIvan69","1","1","2"
"AndrewOlgaAlex","1","1","2"
"andrewpty80","1","1","2"
"Andrey_13_12_1972","1","1","2"
"Andrey_15012013","1","1","2"
"Andrey_Goffman_1","1","1","2"
"Andrey_KYT","1","1","2"
"Andrey_Russkiy","1","1","2"
"Andrey_Sasha","1","1","2"
"Andrey_taran","1","1","2"
"Andrey04061974","1","1","2"
"AnDrEy0505","1","1","2"
"andrey20364","1","1","2"
"ANDREY3-1415","1","1","2"
"AndreyBurnyashww","1","1","2"
"Andreych07","1","1","2"
"AndreyHS","1","1","2"
"AndreyMamaev","1","1","2"
"AndriA9977","1","1","2"
"andrianaly","1","1","2"
"Andrii_Shadura","1","1","2"
"Andrii2001","1","1","2"
"Andrija2015","1","1","2"
"Andris0204","1","1","2"
"Androidt","1","1","2"
"Andromeda15389","1","1","2"
"Androsof0709","1","1","2"
"Andru-11","1","1","2"
"andrushasss","1","1","2"
"andrushnimus","1","1","2"
"Andy_Panda","1","1","2"
"Andy0123","1","1","2"
"Andy118","1","1","2"
"andy141","1","1","2"
"Andy1924","1","1","2"
"andy19642301","1","1","2"
"Andygenerali","1","1","2"
"andyham","1","1","2"
"AndyK97","1","1","2"
"Andymen","1","1","2"
"andyshera","1","1","2"
"AndyTekkers","1","1","2"
"Andz1375","1","1","2"
"AnelDarkhan","1","1","2"
"anes118","1","1","2"
"AnestCG","1","1","2"
"Anesthesier","1","1","2"
"Anfisa2022","1","1","2"
"Angah147","1","1","2"
"Angass21","1","1","2"
"Angel_Gupta","1","1","2"
"angel_moraless","1","1","2"
"AngeL9994","1","1","2"
"Angelatos11","1","1","2"
"Angeldanielmerchan08","1","1","2"
"angeler13","1","1","2"
"AngelishaShest2013","1","1","2"
"angello0616","1","1","2"
"angelmaharjan","1","1","2"
"Angelmsmsms","1","1","2"
"Angelo_Gianfelice","1","1","2"
"ANGELO2022","1","1","2"
"angeloreycalvis1","1","1","2"
"angelsgarcia","1","1","2"
"Angriff07","1","1","2"
"angsusen","1","1","2"
"anguerran","1","1","2"
"angusmacbadger","1","1","2"
"Angy000","1","1","2"
"Angy9","1","1","2"
"anhminh_Mary","1","1","2"
"ani_kokos","1","1","2"
"Anibal117","1","1","2"
"Anickakakanova","1","1","2"
"anik2012in","1","1","2"
"anika_23","1","1","2"
"AnikethR","1","1","2"
"aniketrathod2406","1","1","2"
"anil_jangir","1","1","2"
"AnilK_68","1","1","2"
"AnilKandampulli","1","1","2"
"AniOC","1","1","2"
"Anirudh_Jeeju","1","1","2"
"Anirudhg_2014","1","1","2"
"anisgilani","1","1","2"
"anish_pagadala","1","1","2"
"anish-k10","1","1","2"
"anishka_18","1","1","2"
"anishverma0431","1","1","2"
"AnisiaN","1","1","2"
"Anisotropic","1","1","2"
"anivardhvihari","1","1","2"
"ANJANEYYULU","1","1","2"
"AnjinEnzo","1","1","2"
"anjonolu","1","1","2"
"ankaraukdsefiri","1","1","2"
"aNke_qq","1","1","2"
"Ankeedo","1","1","2"
"Ankit_Raj_123","1","1","2"
"ankit4968","1","1","2"
"ankitpatel30","1","1","2"
"ankolondonboy","1","1","2"
"Anloren","1","1","2"
"ann_dec","1","1","2"
"Anna_Lebedeva1987","1","1","2"
"Anna_Mary_123","1","1","2"
"AnnAlphonsa","1","1","2"
"annanowak","1","1","2"
"annapa13","1","1","2"
"AnnaPankova","1","1","2"
"AnnaRandom","1","1","2"
"Annashish","1","1","2"
"annehathherway","1","1","2"
"AnneJeanBasill","1","1","2"
"AnnelizzeRademacher","1","1","2"
"annilem","1","1","2"
"annu_malu_12","1","1","2"
"Annunakill","1","1","2"
"ANNURASYFA","1","1","2"
"ANNYSHKA_A","1","1","2"
"annyuk96","1","1","2"
"Anomandar_rake","1","1","2"
"anonnymous111","1","1","2"
"Anonyme321","1","1","2"
"anonymous_human67","1","1","2"
"Anonymous397","1","1","2"
"anonymous712","1","1","2"
"Anonymous940","1","1","2"
"AnonymousYT","1","1","2"
"anorcazet","1","1","2"
"Anotherstani","1","1","2"
"Anpu24680","1","1","2"
"Ansar2021","1","1","2"
"AnselNinja","1","1","2"
"Ansh_kumar230","1","1","2"
"ansh_sakti","1","1","2"
"anshikaashok","1","1","2"
"ansieujippro2","1","1","2"
"Ant_Jimeimah","1","1","2"
"Ant_Mark","1","1","2"
"Ant99","1","1","2"
"antekkkkk","1","1","2"
"antekkuras","1","1","2"
"AnterDelta","1","1","2"
"antevhtc","1","1","2"
"Anthistenes","1","1","2"
"Anthony-P-OHES","1","1","2"
"AnthonyOwl","1","1","2"
"AnthonyRhn","1","1","2"
"Anti-ateis","1","1","2"
"Anticlimax17","1","1","2"
"antidepresan61","1","1","2"
"antifa7","1","1","2"
"antifaith","1","1","2"
"AntivaporWaves","1","1","2"
"antman250","1","1","2"
"Anton_Vitalievich","1","1","2"
"Anton1246","1","1","2"
"anton610937","1","1","2"
"Anton8838","1","1","2"
"antonb2009","1","1","2"
"antonberdnik","1","1","2"
"AntonChigurh1","1","1","2"
"Antonekb","1","1","2"
"Antonfdez93","1","1","2"
"AntonGromosyak","1","1","2"
"antonico82","1","1","2"
"Antonin-Vertou","1","1","2"
"Antonina111","1","1","2"
"Antonina15","1","1","2"
"Antonio-montana2000","1","1","2"
"AntonioCardosoPiano","1","1","2"
"antoniodanteg","1","1","2"
"antoniogebe","1","1","2"
"Antonioll71","1","1","2"
"antoniomartin1950","1","1","2"
"AntonioMille","1","1","2"
"AntonioRosales","1","1","2"
"antonioscacchista","1","1","2"
"antonisbchess0","1","1","2"
"AntoniusBlock2","1","1","2"
"antoniusblockriviera","1","1","2"
"AntoniusSkv","1","1","2"
"antonnnny","1","1","2"
"AntonPav1ov","1","1","2"
"Antonrubol","1","1","2"
"AntonRuh","1","1","2"
"antontes","1","1","2"
"AntonVerter","1","1","2"
"Antonxuk","1","1","2"
"Antonyuk_Sergey","1","1","2"
"antorioB","1","1","2"
"antrzz","1","1","2"
"Antun61","1","1","2"
"Anu_Anu","1","1","2"
"anu_kandasamy_2010","1","1","2"
"Anuar_Agylshyn","1","1","2"
"anubis_007","1","1","2"
"Anuj_khude","1","1","2"
"anukritha1959","1","1","2"
"Anumitam1","1","1","2"
"anunaki73","1","1","2"
"Anung123","1","1","2"
"anurag023","1","1","2"
"anuragsaxena25","1","1","2"
"ANURAGWYD","1","1","2"
"anvarrr5","1","1","2"
"AnvithaD","1","1","2"
"anwarazmi","1","1","2"
"anyaborodulina","1","1","2"
"Anyel117","1","1","2"
"AnyWay06","1","1","2"
"anzorika","1","1","2"
"Aodhagan1","1","1","2"
"aoo_137","1","1","2"
"aott12","1","1","2"
"AP_Tony","1","1","2"
"Apakpa","1","1","2"
"apanatscha","1","1","2"
"aparker","1","1","2"
"apazasmar123","1","1","2"
"apbhu","1","1","2"
"apdavies86","1","1","2"
"apduglas","1","1","2"
"APE75","1","1","2"
"Apelsinov88","1","1","2"
"aperdomo003","1","1","2"
"apesemos","1","1","2"
"apexhuman","1","1","2"
"apg51","1","1","2"
"apharpus","1","1","2"
"AphTesla","1","1","2"
"APJ11","1","1","2"
"APkek","1","1","2"
"aplaurencon","1","1","2"
"apollobikeboy","1","1","2"
"Apollomgebro","1","1","2"
"Apollon1958","1","1","2"
"apolo05","1","1","2"
"apon318","1","1","2"
"Apoorvmehta2468","1","1","2"
"ApophisSS","1","1","2"
"AporUvas","1","1","2"
"appenzell","1","1","2"
"AppieBieze","1","1","2"
"aprate","1","1","2"
"AprendizdeFischer","1","1","2"
"apsizzler","1","1","2"
"Apusquisqui","1","1","2"
"aqeefdina","1","1","2"
"AqeelQayyum","1","1","2"
"aqil00","1","1","2"
"Aqilaisme14","1","1","2"
"Aqqum","1","1","2"
"aquaman_009","1","1","2"
"aquarium2bg","1","1","2"
"AquariuSlava","1","1","2"
"Aquarook","1","1","2"
"aquvvvaq","1","1","2"
"Ar_anv","1","1","2"
"Ar-Pa","1","1","2"
"ar2di2_x","1","1","2"
"Ara_Avetisyan","1","1","2"
"arabian1knight","1","1","2"
"arad09052308671","1","1","2"
"Aragorn14","1","1","2"
"ARahmat12","1","1","2"
"aram_ashrafzade","1","1","2"
"aram1974","1","1","2"
"aramtunc76","1","1","2"
"Arana_Luz_Carla","1","1","2"
"Aras99","1","1","2"
"arash1361","1","1","2"
"arash99s","1","1","2"
"arashalirezaei1995","1","1","2"
"Arashsaharkhiz1390","1","1","2"
"arasosdemiros","1","1","2"
"AratKilo","1","1","2"
"Aratratamh","1","1","2"
"AravGupta20","1","1","2"
"Aravindi2004","1","1","2"
"aravkansagara","1","1","2"
"arax-65","1","1","2"
"aray26","1","1","2"
"araytoracai","1","1","2"
"Araz73","1","1","2"
"arcadia-hendrix","1","1","2"
"Arcadyi","1","1","2"
"Arcangel2516","1","1","2"
"arcangell","1","1","2"
"ArchambaultMael","1","1","2"
"Archi1958","1","1","2"
"Archit_jain30","1","1","2"
"Archit0802","1","1","2"
"Architecturesonjob","1","1","2"
"Arctic_buddies","1","1","2"
"ArcyBlancior","1","1","2"
"Arda_42","1","1","2"
"ARDAEGEA","1","1","2"
"Ardan1356","1","1","2"
"ardatoprakayanoglu","1","1","2"
"ardazt","1","1","2"
"Ardhaa","1","1","2"
"Ardian_123","1","1","2"
"ardit_fier","1","1","2"
"Ardo2071","1","1","2"
"Areare2","1","1","2"
"arefparvak","1","1","2"
"arelsume","1","1","2"
"Arevcher","1","1","2"
"Argeifontis","1","1","2"
"Argent12","1","1","2"
"Arhichessmed","1","1","2"
"Ari_styles","1","1","2"
"Ari180815","1","1","2"
"Aria-21","1","1","2"
"Ariaan93","1","1","2"
"Arian_2010","1","1","2"
"arian_24","1","1","2"
"arianBRJ","1","1","2"
"Arianedp","1","1","2"
"Ariangolipour","1","1","2"
"Arianmousazade95","1","1","2"
"AriaVij","1","1","2"
"Aridoski01","1","1","2"
"AriefKlpGdg","1","1","2"
"ariel7070","1","1","2"
"Arielf94","1","1","2"
"ArielG5","1","1","2"
"arielkrei","1","1","2"
"arif_malik","1","1","2"
"ARIMTH","1","1","2"
"arinapak","1","1","2"
"AriRankoo","1","1","2"
"Aris_LatubayaJatim","1","1","2"
"Arisoy","1","1","2"
"AritraBhaumik","1","1","2"
"AriyaZare1394","1","1","2"
"Arjanbanana","1","1","2"
"Arjin_21","1","1","2"
"Arjun7987","1","1","2"
"ArjunGameChanger","1","1","2"
"Arjunkrishna123","1","1","2"
"Arjunr08","1","1","2"
"Arjunrathod09","1","1","2"
"Arkadinio","1","1","2"
"arkadiybond","1","1","2"
"ARKANY74","1","1","2"
"arkapravo21","1","1","2"
"Arkasnake","1","1","2"
"Arktyka","1","1","2"
"Arlan_Jumayev","1","1","2"
"ArleyCarvajal","1","1","2"
"Arlo_lolo","1","1","2"
"arlopo","1","1","2"
"ARM_ABEL","1","1","2"
"Arman_080514","1","1","2"
"arman13851395","1","1","2"
"ARMANDO_BARDO","1","1","2"
"armandoinga","1","1","2"
"armanka001","1","1","2"
"Armanm06","1","1","2"
"armanoelsa","1","1","2"
"Armarder","1","1","2"
"Armel-b","1","1","2"
"Armen013","1","1","2"
"Armen2888","1","1","2"
"ArmenNikoghosyan","1","1","2"
"Armin_Z","1","1","2"
"arminakaramy","1","1","2"
"arminasyan19","1","1","2"
"Arminn92","1","1","2"
"arminrashidi","1","1","2"
"armitaa91","1","1","2"
"ARMritunjay","1","1","2"
"Arnavmori","1","1","2"
"arnavrajpal7","1","1","2"
"ArnavTD","1","1","2"
"arnelaerdal","1","1","2"
"Arnesta06","1","1","2"
"arni123user","1","1","2"
"ArniB","1","1","2"
"ArnitaJaunzeme","1","1","2"
"Arnold_jnr","1","1","2"
"Aro3l","1","1","2"
"arocha27","1","1","2"
"Arold2","1","1","2"
"aromot","1","1","2"
"Aron_Sokol","1","1","2"
"Aronian121212","1","1","2"
"AroniXx","1","1","2"
"AronPMyt","1","1","2"
"arosh237","1","1","2"
"arpad948","1","1","2"
"ArpanKumar13","1","1","2"
"arpita123a","1","1","2"
"ArrakisBrebis","1","1","2"
"Arretado","1","1","2"
"arrichman","1","1","2"
"arro2022","1","1","2"
"Arro97","1","1","2"
"Arrochisma","1","1","2"
"arrozamarillo","1","1","2"
"Arrrtemmm","1","1","2"
"ArrweNN","1","1","2"
"ars_b83","1","1","2"
"Ars2301","1","1","2"
"Ars71","1","1","2"
"ARSA4Chess","1","1","2"
"arsalan44","1","1","2"
"Arsalangolshan","1","1","2"
"Arsen_Mukutyk","1","1","2"
"Arsen04032011","1","1","2"
"Arsenal16","1","1","2"
"arsencho12","1","1","2"
"ArsenIgroman","1","1","2"
"ArseniiMS","1","1","2"
"arseniy_87","1","1","2"
"arseses","1","1","2"
"ArshadAliDahri","1","1","2"
"arshambakhshi902","1","1","2"
"Arsheiya","1","1","2"
"ArshiaXray","1","1","2"
"Arshiaz","1","1","2"
"Arshiya_moradi","1","1","2"
"ArsProMax2012","1","1","2"
"arsyadilyas","1","1","2"
"Art_Kip2","1","1","2"
"art_lecta","1","1","2"
"art-art8989","1","1","2"
"Art1ka","1","1","2"
"Art2108","1","1","2"
"Art33m","1","1","2"
"Art501","1","1","2"
"artefact75","1","1","2"
"artem_1211","1","1","2"
"Artem_Klochkov2013","1","1","2"
"artem_pavlovskiy1989","1","1","2"
"Artem_Riabokon","1","1","2"
"Artem_Sobolev2015","1","1","2"
"Artem_Volchkov","1","1","2"
"Artem-2012","1","1","2"
"artem-rudskyy","1","1","2"
"Artem0001","1","1","2"
"Artem058","1","1","2"
"Artem111116","1","1","2"
"artem19911991","1","1","2"
"Artem21042016","1","1","2"
"Artemidium","1","1","2"
"artemiiprokhorov","1","1","2"
"artemisia2024","1","1","2"
"Artemius16","1","1","2"
"ArtemiyStadnikVinn12","1","1","2"
"ArtemRazin","1","1","2"
"ArtemSayapin","1","1","2"
"ArtemShkriba","1","1","2"
"ArtemZadorozhnyi","1","1","2"
"ArtemZu","1","1","2"
"Artenjafari","1","1","2"
"ArtFle","1","1","2"
"ArthB","1","1","2"
"Arthem7","1","1","2"
"Artholm","1","1","2"
"Arthur_Anayan","1","1","2"
"Arthur_Schoppenbauer","1","1","2"
"Arthur-godlife","1","1","2"
"Arthur221194","1","1","2"
"ArthurBatuli","1","1","2"
"Arthurmetz12","1","1","2"
"arthuro1964","1","1","2"
"ArthurTumenov","1","1","2"
"arti_31337","1","1","2"
"ArtificiallyConcious","1","1","2"
"artillero","1","1","2"
"Artiman2020","1","1","2"
"Artinjahanafrooz","1","1","2"
"artisnomore","1","1","2"
"ARTJ_official","1","1","2"
"artkis097","1","1","2"
"Artorio","1","1","2"
"arttifex","1","1","2"
"Artur_Wax","1","1","2"
"Artur762","1","1","2"
"Arturik_ez","1","1","2"
"arturoro","1","1","2"
"Arturstyle1981","1","1","2"
"arturvlv","1","1","2"
"ArtyomkaV","1","1","2"
"Arun_theknight","1","1","2"
"Aruna_gambit64","1","1","2"
"aruna1205","1","1","2"
"arundhadhy","1","1","2"
"Arungopal95","1","1","2"
"Arunrwt77","1","1","2"
"arupsaha","1","1","2"
"Arush548","1","1","2"
"Arutyun22","1","1","2"
"arvapallinehanth","1","1","2"
"arvinnayuni","1","1","2"
"Arwinraj6688","1","1","2"
"arya_murthy","1","1","2"
"ArYaDeV88","1","1","2"
"aryaharsha","1","1","2"
"ARYAMANN2010","1","1","2"
"Aryan_garg11","1","1","2"
"aryan-ahmadi94","1","1","2"
"Aryan0099","1","1","2"
"Aryan686","1","1","2"
"AryanB2014","1","1","2"
"ARYANCHAUDHARY14","1","1","2"
"aryanpaneesh","1","1","2"
"aryaxyz","1","1","2"
"AryRDW","1","1","2"
"Aryslan09","1","1","2"
"Arzardirest","1","1","2"
"AS_36","1","1","2"
"as_skirina","1","1","2"
"as1977","1","1","2"
"As7r0","1","1","2"
"as92","1","1","2"
"asad1977","1","1","2"
"Asad96","1","1","2"
"asado34791","1","1","2"
"asadorcastell4","1","1","2"
"asadraptor","1","1","2"
"asanov_e","1","1","2"
"asanovski","1","1","2"
"Asao","1","1","2"
"asbertino","1","1","2"
"Asch789","1","1","2"
"Aschess_08","1","1","2"
"Aschi96","1","1","2"
"ASD_Uras","1","1","2"
"asdAzzam","1","1","2"
"asdjafgad","1","1","2"
"aself","1","1","2"
"Asema12345","1","1","2"
"Aseman-chess","1","1","2"
"ASerobaba","1","1","2"
"asffanat","1","1","2"
"asgar66","1","1","2"
"ash2213","1","1","2"
"Ashbyseanmac","1","1","2"
"ASHE023","1","1","2"
"ASHERJADEN2016","1","1","2"
"ashghost1027","1","1","2"
"ashida","1","1","2"
"Ashik-vs00710","1","1","2"
"Ashikin_Soad","1","1","2"
"ashil2016","1","1","2"
"ashilke","1","1","2"
"Ashish89","1","1","2"
"AshishBahubali2022","1","1","2"
"AshishBeast","1","1","2"
"ashkan014","1","1","2"
"Ashkanmomenish","1","1","2"
"Ashkec","1","1","2"
"ashketchung","1","1","2"
"ashlint","1","1","2"
"ashnorde","1","1","2"
"ASholatayev88","1","1","2"
"Ashraf_elgyar_1986","1","1","2"
"ashraf3111992","1","1","2"
"ashrafab","1","1","2"
"ashrafghreebreeb","1","1","2"
"Ashta67","1","1","2"
"Ashtibs","1","1","2"
"ashu440","1","1","2"
"AshutoshHede","1","1","2"
"Ashwajeet_choukikar","1","1","2"
"Ashwani_Lall","1","1","2"
"Ashwath06","1","1","2"
"ashwathaman","1","1","2"
"Ashwin2701","1","1","2"
"AshwiniRawat","1","1","2"
"Asike","1","1","2"
"asilbek_0808","1","1","2"
"asinnsks","1","1","2"
"asiyamohamed","1","1","2"
"ASK200593","1","1","2"
"ASK787","1","1","2"
"askarv6","1","1","2"
"askdralex","1","1","2"
"askeills","1","1","2"
"Aslan_Abi","1","1","2"
"aslanmate","1","1","2"
"AslanTurker","1","1","2"
"Aslmehmt","1","1","2"
"asma-zamani94","1","1","2"
"asmatigiorgadze","1","1","2"
"Asone11","1","1","2"
"Asparuj","1","1","2"
"assamboi","1","1","2"
"Assassins_9","1","1","2"
"Assassinsn","1","1","2"
"ASSEDIO","1","1","2"
"Assoner","1","1","2"
"ast-fener1907","1","1","2"
"Ast4n","1","1","2"
"AstafAV","1","1","2"
"astatke196","1","1","2"
"astaylor","1","1","2"
"astedisco","1","1","2"
"asterino","1","1","2"
"asterix65","1","1","2"
"AsterScacchi","1","1","2"
"Astha-30","1","1","2"
"Asthana123","1","1","2"
"Astraehler","1","1","2"
"Astrid_SofiaS","1","1","2"
"astroboyzz","1","1","2"
"Astrobrandy","1","1","2"
"Astrocit","1","1","2"
"Astronics","1","1","2"
"Asuman_2","1","1","2"
"asurim","1","1","2"
"ASV_2016","1","1","2"
"asvilen","1","1","2"
"Aswath28","1","1","2"
"Aswathynair23","1","1","2"
"Aswin_BS","1","1","2"
"aswood","1","1","2"
"Asya11_2010","1","1","2"
"Asya2460","1","1","2"
"Asylzada","1","1","2"
"Asyos","1","1","2"
"AT341","1","1","2"
"AT91","1","1","2"
"AT95","1","1","2"
"ata260922","1","1","2"
"ataaltunbulak","1","1","2"
"atalsalat","1","1","2"
"atanas_taskov","1","1","2"
"atandra2020","1","1","2"
"Atariko","1","1","2"
"Atatrtkl","1","1","2"
"atenagoras","1","1","2"
"Atercandidus","1","1","2"
"AtesFerrari","1","1","2"
"atharpathan","1","1","2"
"atharv0412","1","1","2"
"AtharvaAhire","1","1","2"
"AtharvaYemul","1","1","2"
"AtharvGupta101","1","1","2"
"Atharvrajmannu","1","1","2"
"Atheistbadger","1","1","2"
"Atheneule","1","1","2"
"Athosberg","1","1","2"
"athulithgundala","1","1","2"
"Atil88","1","1","2"
"Atila223","1","1","2"
"atilioaman","1","1","2"
"atiliotbo","1","1","2"
"atiqshamim","1","1","2"
"atkn27","1","1","2"
"AtlasDoraEmir","1","1","2"
"ATLASik","1","1","2"
"AtlasK2017","1","1","2"
"ATLS0","1","1","2"
"atmacax57","1","1","2"
"atoll53","1","1","2"
"atom_69","1","1","2"
"Atomic_Sharma","1","1","2"
"atomiccouscous","1","1","2"
"atomicCP","1","1","2"
"AtomicDoc","1","1","2"
"atompro","1","1","2"
"Atoother","1","1","2"
"Atos346","1","1","2"
"Atreju88","1","1","2"
"atreyu007","1","1","2"
"atrociousatchess","1","1","2"
"ATSTOUR","1","1","2"
"attar1000","1","1","2"
"Attila_UJ","1","1","2"
"Attrito1","1","1","2"
"atulkevat","1","1","2"
"atwok131","1","1","2"
"aubacke007","1","1","2"
"Aubumeyang","1","1","2"
"auf_lock","1","1","2"
"aug13","1","1","2"
"AuGbrl","1","1","2"
"Augg","1","1","2"
"augustblackwood","1","1","2"
"augustodelosrios2019","1","1","2"
"aupatu","1","1","2"
"AuraTH","1","1","2"
"auratusc","1","1","2"
"Aurel-Dup","1","1","2"
"aurele1769","1","1","2"
"aurelien-alb","1","1","2"
"aurorachessqueen","1","1","2"
"Aurthohin_Shuvo","1","1","2"
"auser93","1","1","2"
"Aushev1","1","1","2"
"Auspiciousartist","1","1","2"
"austinjinto","1","1","2"
"austinlzy","1","1","2"
"Autism1337","1","1","2"
"autro","1","1","2"
"auzyak","1","1","2"
"ava_91","1","1","2"
"Avadhh","1","1","2"
"Avah2016","1","1","2"
"Avalex","1","1","2"
"avaMasterChess","1","1","2"
"Avaneesh24","1","1","2"
"AVANEESH2604","1","1","2"
"avaro","1","1","2"
"avatar71","1","1","2"
"avbattagin","1","1","2"
"avdesha","1","1","2"
"Aveer_chess","1","1","2"
"Avela1309","1","1","2"
"AveLoN","1","1","2"
"Avemo","1","1","2"
"AVENCO","1","1","2"
"avenger2015","1","1","2"
"Average600EloPlayer","1","1","2"
"AverageChessPlayer62","1","1","2"
"AveshKannan","1","1","2"
"avi22122","1","1","2"
"Avi45","1","1","2"
"aviiiiiiii","1","1","2"
"Avijoshi777","1","1","2"
"avika149","1","1","2"
"AVILIPSA","1","1","2"
"avin90","1","1","2"
"Avinandanpal","1","1","2"
"avinash_alurkar","1","1","2"
"Avinash4","1","1","2"
"Avioni","1","1","2"
"Avirnewx","1","1","2"
"Avninamdev","1","1","2"
"Avnishshaw13","1","1","2"
"AVOGADRO59","1","1","2"
"AVOsh","1","1","2"
"avrellus","1","1","2"
"AvrilC1","1","1","2"
"AvtoKoshka","1","1","2"
"AVUKAT0606","1","1","2"
"avyaanmodi25","1","1","2"
"avyaansinha1","1","1","2"
"AvyanNuti","1","1","2"
"Avyukt-Verma","1","1","2"
"Awadmd","1","1","2"
"awanish1986","1","1","2"
"Awasis","1","1","2"
"awefla","1","1","2"
"awertyp","1","1","2"
"awesome1396M","1","1","2"
"Awesomeduck","1","1","2"
"awhitin2","1","1","2"
"Awlizkri","1","1","2"
"awszuhair","1","1","2"
"axeaa","1","1","2"
"AXEL_AMO","1","1","2"
"Axel_J","1","1","2"
"axelen","1","1","2"
"axelfernan","1","1","2"
"axelgpro_2666","1","1","2"
"Axelild","1","1","2"
"AxelRose","1","1","2"
"AXENAT2021","1","1","2"
"Axenemy","1","1","2"
"ay_in","1","1","2"
"ayaal","1","1","2"
"ayaanchess2015","1","1","2"
"AyaChinoame","1","1","2"
"ayamkremes","1","1","2"
"AYAN0_1729","1","1","2"
"ayanaaa","1","1","2"
"AyaNiCkita","1","1","2"
"Ayanokl","1","1","2"
"Ayanqoba","1","1","2"
"ayansh11","1","1","2"
"AyanshSaxena","1","1","2"
"ayanshtata","1","1","2"
"ayd-bjksatranc","1","1","2"
"aydiiin2012","1","1","2"
"aye2022","1","1","2"
"ayham095","1","1","2"
"Ayhanmaster21","1","1","2"
"Ayiga","1","1","2"
"aykan1634","1","1","2"
"aykvur","1","1","2"
"Ayla79","1","1","2"
"AylaDohn","1","1","2"
"aylin_ozturk","1","1","2"
"Aylin1386","1","1","2"
"aym75015","1","1","2"
"Ayman_Ali","1","1","2"
"ayman_eldarweeshy","1","1","2"
"ayman626","1","1","2"
"Aymanelsharnoby566","1","1","2"
"aymanmadadha","1","1","2"
"aymanmarae","1","1","2"
"aymazim","1","1","2"
"Aymen112","1","1","2"
"Aynaaa29","1","1","2"
"Aynaraynara","1","1","2"
"Ayoboy","1","1","2"
"ayoub_1318","1","1","2"
"ayoubbendehiba","1","1","2"
"ayoubosman","1","1","2"
"ayrtonrodrigo","1","1","2"
"Ayrtonsennablanca","1","1","2"
"aysahal","1","1","2"
"Ayur_2013","1","1","2"
"ayush00kr","1","1","2"
"Ayush2604","1","1","2"
"ayushbodhani","1","1","2"
"Ayushi25","1","1","2"
"AyushMaghade04","1","1","2"
"ayushman_229","1","1","2"
"Ayushman1909","1","1","2"
"Ayushmann_Ghosh","1","1","2"
"ayushs000","1","1","2"
"AZ30","1","1","2"
"AZ55","1","1","2"
"az73","1","1","2"
"azaanbansal01","1","1","2"
"Azad_Darwish","1","1","2"
"Azad_Qurbanov","1","1","2"
"azad2171","1","1","2"
"AzadAkhond507","1","1","2"
"Azam_Fahmi","1","1","2"
"Azamat789","1","1","2"
"AzamatJ","1","1","2"
"aZamboni","1","1","2"
"Azamjon07","1","1","2"
"AZAMQU","1","1","2"
"Azat8787","1","1","2"
"Azazello03","1","1","2"
"Aze-aziz","1","1","2"
"azeddin","1","1","2"
"azelea05","1","1","2"
"azer3800","1","1","2"
"Azez9","1","1","2"
"Azfandak","1","1","2"
"Azhar02","1","1","2"
"azhdeha2005","1","1","2"
"Azhr","1","1","2"
"Azimov_Muhammadali12","1","1","2"
"Azimxon_Kimsanboyev","1","1","2"
"Azip_38TOGS","1","1","2"
"Aziz_Aze","1","1","2"
"aziz0099","1","1","2"
"Aziz2016","1","1","2"
"Azizaca","1","1","2"
"AzizaMenlazhieva","1","1","2"
"AZNUNEZ","1","1","2"
"azot84","1","1","2"
"AZTECA-MEXICO","1","1","2"
"Azur2","1","1","2"
"azzam2011","1","1","2"
"Azzou-As","1","1","2"
"b_betterr","1","1","2"
"B_Flyer","1","1","2"
"b_ishi","1","1","2"
"B_like_J_2022","1","1","2"
"B_SM","1","1","2"
"B-Erken","1","1","2"
"B-Factor","1","1","2"
"B-millou","1","1","2"
"B-Zone2010","1","1","2"
"B032210033","1","1","2"
"B04K","1","1","2"
"b0w0nd","1","1","2"
"b1503","1","1","2"
"b228","1","1","2"
"B2308U","1","1","2"
"b2942","1","1","2"
"b2b","1","1","2"
"b2bz","1","1","2"
"b30100","1","1","2"
"b3dsecure","1","1","2"
"B4RI","1","1","2"
"B56NOA","1","1","2"
"BaatuhannKayaa","1","1","2"
"bab16","1","1","2"
"baba2323","1","1","2"
"bababro1265","1","1","2"
"babalargibi","1","1","2"
"babata555","1","1","2"
"BabavaPrince","1","1","2"
"Babiak82msk","1","1","2"
"Babich77","1","1","2"
"babier69","1","1","2"
"babious","1","1","2"
"bablumazumder","1","1","2"
"BabushkinDomofon","1","1","2"
"BabyFrench","1","1","2"
"Babyin777","1","1","2"
"BabyWhiteCape","1","1","2"
"bac_atkal","1","1","2"
"Bacaking","1","1","2"
"Back_To_Ba6","1","1","2"
"BackBandy","1","1","2"
"backgammonblows","1","1","2"
"BackSpaceH","1","1","2"
"BacticBoy","1","1","2"
"BacuJlbeBu4","1","1","2"
"Bad_Boy2014","1","1","2"
"Bad_Narrator","1","1","2"
"badaboum75","1","1","2"
"BadaraevaDaria_2014","1","1","2"
"badawyeko","1","1","2"
"badboy8099","1","1","2"
"Badbunny69","1","1","2"
"badchessallthetime","1","1","2"
"baderx9","1","1","2"
"Badgame_e","1","1","2"
"badgergo","1","1","2"
"badilla25","1","1","2"
"badlacie","1","1","2"
"BadmoshChora","1","1","2"
"Badot_Lincah","1","1","2"
"Badre_Eddine_07","1","1","2"
"Badrunxemal1212","1","1","2"
"Baekdou","1","1","2"
"baeren","1","1","2"
"baerf","1","1","2"
"BaeRidge","1","1","2"
"bafise56","1","1","2"
"Bagalume","1","1","2"
"bageros1","1","1","2"
"Bagheera6533","1","1","2"
"bagher1361","1","1","2"
"bagofspanners","1","1","2"
"Bagroff_IvaN","1","1","2"
"Bags2012","1","1","2"
"BagTigran","1","1","2"
"bahaasahan","1","1","2"
"bahadrdkc","1","1","2"
"BAHALI_YAKE","1","1","2"
"bahar7585","1","1","2"
"bahischess","1","1","2"
"bahmad24","1","1","2"
"bahmanbonab","1","1","2"
"Bahreyni","1","1","2"
"BaHrI_efe_06","1","1","2"
"bahy11","1","1","2"
"Baiduspark","1","1","2"
"Baiken_2009","1","1","2"
"bailar123","1","1","2"
"bair072016","1","1","2"
"bajrami321","1","1","2"
"BAKED_MASTER","1","1","2"
"baki221b","1","1","2"
"bakkor","1","1","2"
"bakry_dafalla","1","1","2"
"baktybek007","1","1","2"
"Baladasdemnevani","1","1","2"
"baladeabacate","1","1","2"
"Balaggio","1","1","2"
"balaji2015","1","1","2"
"balajikn","1","1","2"
"balajiS_05012002","1","1","2"
"balakrishnancvk","1","1","2"
"BalakrishnanS","1","1","2"
"Balakrishpt1","1","1","2"
"Balan1610","1","1","2"
"BalaniSaysHi","1","1","2"
"Balarisi12","1","1","2"
"Balasubramani28","1","1","2"
"Balasubramanian7","1","1","2"
"balatom79","1","1","2"
"BalatoniPeti","1","1","2"
"Balbrat","1","1","2"
"Baldrick44","1","1","2"
"Balecsmorb","1","1","2"
"BalkanBandi","1","1","2"
"Balkiss-s","1","1","2"
"Balkus","1","1","2"
"balloonsarah","1","1","2"
"BALMEEKY-95","1","1","2"
"balony","1","1","2"
"Balu6700","1","1","2"
"bamabec","1","1","2"
"BamBaBam","1","1","2"
"Bambam07","1","1","2"
"Bambi1995","1","1","2"
"Bambishka228","1","1","2"
"BamdadQQ","1","1","2"
"Bamdadshakiba","1","1","2"
"bamezz","1","1","2"
"Ban-Teng","1","1","2"
"BananaBeaver","1","1","2"
"bander10","1","1","2"
"bandershtat001","1","1","2"
"bandidoteylor21_1344","1","1","2"
"Bandika1975","1","1","2"
"BandungChessAcademy","1","1","2"
"bang02","1","1","2"
"bangland7","1","1","2"
"bansalpankaj","1","1","2"
"bante1941","1","1","2"
"BANU26_DARUMA","1","1","2"
"bao_nam2013","1","1","2"
"bao09012010","1","1","2"
"baongan2018","1","1","2"
"baotrangtq1","1","1","2"
"BAOWDHAN","1","1","2"
"bappaditya16","1","1","2"
"Baqer221x","1","1","2"
"Bar7","1","1","2"
"barabashka007","1","1","2"
"barabashka97","1","1","2"
"Barabasko","1","1","2"
"baracuda","1","1","2"
"Barad_sjd","1","1","2"
"BaraOdeen","1","1","2"
"Barapzt","1","1","2"
"barathanbb","1","1","2"
"BARBATUS","1","1","2"
"Barboriska","1","1","2"
"Barbosovic","1","1","2"
"BarcaOwl","1","1","2"
"Barcellos_hugo","1","1","2"
"barchef","1","1","2"
"Barcode111","1","1","2"
"BarCohen369","1","1","2"
"bardia_dehghan","1","1","2"
"Bareghamyan13","1","1","2"
"barenerve","1","1","2"
"BarfBags","1","1","2"
"barganxd","1","1","2"
"Barhuje","1","1","2"
"Baria_87","1","1","2"
"barialibasov38","1","1","2"
"barkan1","1","1","2"
"Barkas216","1","1","2"
"barlegends","1","1","2"
"barmanparsa","1","1","2"
"barmy_phipps","1","1","2"
"barnacleboii","1","1","2"
"barobir","1","1","2"
"barraan","1","1","2"
"barriljda","1","1","2"
"Barrunt0","1","1","2"
"BarryBenson123","1","1","2"
"BarryCarlsen","1","1","2"
"bars2517","1","1","2"
"Barselona2014messi","1","1","2"
"Barshall","1","1","2"
"bartekchess","1","1","2"
"Bartekja","1","1","2"
"bartekk8","1","1","2"
"BartKa","1","1","2"
"bartoletta123","1","1","2"
"Bartoszek2016","1","1","2"
"Bartu_0","1","1","2"
"BartWinterAZ","1","1","2"
"Barut2015","1","1","2"
"Baryskhan_bestt","1","1","2"
"barzanzargeh","1","1","2"
"BASAAM1","1","1","2"
"basakf97","1","1","2"
"basam1111","1","1","2"
"BaSaVaNjAlIgMaIl124","1","1","2"
"BaseKrawler","1","1","2"
"BASEMENT011","1","1","2"
"bashar77","1","1","2"
"Basher-Ghazal","1","1","2"
"Bashkatova_Lida","1","1","2"
"BasikG","1","1","2"
"BasilChess2020","1","1","2"
"basilico2","1","1","2"
"Basilioss","1","1","2"
"basilrawl","1","1","2"
"BasSaid","1","1","2"
"Bassam1987rabaa","1","1","2"
"bassamthewise","1","1","2"
"Basstaff","1","1","2"
"Bassyouny_Bassyouny","1","1","2"
"bastelmann","1","1","2"
"Bastian77","1","1","2"
"bastianXx","1","1","2"
"BastioneSaintRemy","1","1","2"
"bat_MANGIO_ngiangela","1","1","2"
"Bat-ochir03","1","1","2"
"batakonda","1","1","2"
"batdu","1","1","2"
"Batek_Lutii21","1","1","2"
"Batikhan94","1","1","2"
"batireedui0830","1","1","2"
"Batman2015","1","1","2"
"Batmunkh-hh","1","1","2"
"Batoni007","1","1","2"
"Battledroids36","1","1","2"
"batuhan_karakoc","1","1","2"
"batutopaloglu2022","1","1","2"
"baulin","1","1","2"
"bautibau","1","1","2"
"Bavishyaa_2006","1","1","2"
"Bawel1917","1","1","2"
"Bayansh1234","1","1","2"
"Bayartsengel","1","1","2"
"Bayatamirali2010","1","1","2"
"Bayernbaze_1900","1","1","2"
"BayernsJ","1","1","2"
"BAYRAKTEPE","1","1","2"
"bayram1335","1","1","2"
"bayron45","1","1","2"
"BazaUA","1","1","2"
"Bazelnut","1","1","2"
"BazingaMaster420","1","1","2"
"bb_physio","1","1","2"
"BB2357","1","1","2"
"bballer85","1","1","2"
"bbassgoogle","1","1","2"
"BBBU2","1","1","2"
"bbenge","1","1","2"
"bberekashvili","1","1","2"
"Bblking","1","1","2"
"bbourbonKidd","1","1","2"
"bbqchips","1","1","2"
"bbth_1215","1","1","2"
"BBY94","1","1","2"
"bces1","1","1","2"
"bcherch","1","1","2"
"BCilla16","1","1","2"
"bcsabinko98","1","1","2"
"bdawg3451","1","1","2"
"bdewe","1","1","2"
"Beacon777","1","1","2"
"beakerw","1","1","2"
"bearstyle","1","1","2"
"bearv","1","1","2"
"Beat58","1","1","2"
"Beaten_by_Microsoft","1","1","2"
"beatnik10000","1","1","2"
"BeatrizSanchezrodrig","1","1","2"
"beautiful_game","1","1","2"
"bebe1988","1","1","2"
"Bebeen13","1","1","2"
"bebeff12_12","1","1","2"
"bebeto66","1","1","2"
"beccoess","1","1","2"
"Bechessforme","1","1","2"
"Becs1683","1","1","2"
"BedfordSlim","1","1","2"
"Bedirhan1234","1","1","2"
"Bedo081","1","1","2"
"Beee21","1","1","2"
"Beelezbub","1","1","2"
"Beergk88","1","1","2"
"BeestVanErp","1","1","2"
"beetlebit42","1","1","2"
"Begad7","1","1","2"
"BegOoOo","1","1","2"
"begum_t","1","1","2"
"Behinderter-Haushalt","1","1","2"
"Behrooz-Halalzadeh","1","1","2"
"behrooz12312","1","1","2"
"behzadmfs","1","1","2"
"beigebish","1","1","2"
"BeingRowdy","1","1","2"
"beizahn","1","1","2"
"bek1122","1","1","2"
"bek87","1","1","2"
"bekmamat777","1","1","2"
"Beko_Recep","1","1","2"
"beksultan-turdykul","1","1","2"
"belal108","1","1","2"
"belbinkbiju","1","1","2"
"Belgarode","1","1","2"
"Beliede","1","1","2"
"believe13","1","1","2"
"believetome","1","1","2"
"belinay123321543","1","1","2"
"BeliPrashak","1","1","2"
"belisadasekmen","1","1","2"
"belka6765","1","1","2"
"belloffa","1","1","2"
"Belmaza","1","1","2"
"belmonde","1","1","2"
"BeLNDR","1","1","2"
"belov-2006","1","1","2"
"Beluga0207","1","1","2"
"bembo0416","1","1","2"
"bemcerto","1","1","2"
"Ben_Evelyn","1","1","2"
"ben-mathou","1","1","2"
"benagt","1","1","2"
"benalizaki","1","1","2"
"BenanB","1","1","2"
"BenAvrons","1","1","2"
"benbc","1","1","2"
"benbfla","1","1","2"
"benboune","1","1","2"
"bencaesr928","1","1","2"
"Benchstone","1","1","2"
"bencotiger","1","1","2"
"bend0o0","1","1","2"
"Bender_Ostap1318","1","1","2"
"Benderis","1","1","2"
"Bendiago","1","1","2"
"bendor69","1","1","2"
"bendrd","1","1","2"
"bendywendyy","1","1","2"
"Benettigambit","1","1","2"
"bengao2013","1","1","2"
"beniam97chris","1","1","2"
"BenjaminBishop","1","1","2"
"BenjaminM01","1","1","2"
"BenjaPinto","1","1","2"
"benjatron100-rey","1","1","2"
"benjidenji","1","1","2"
"BEnkhbayar_10-14","1","1","2"
"Benkld","1","1","2"
"benlaib","1","1","2"
"BennieSteffens","1","1","2"
"BennyHarvey_RIP","1","1","2"
"bennylak","1","1","2"
"benoitpare_60","1","1","2"
"benotido","1","1","2"
"benpayet","1","1","2"
"BenSailman","1","1","2"
"bensonaoro","1","1","2"
"bentaqasarka","1","1","2"
"benthemorales","1","1","2"
"bentonzy","1","1","2"
"benyaminhadian5757","1","1","2"
"benzirar","1","1","2"
"Beorelviejo","1","1","2"
"BeoW","1","1","2"
"BEOWULF14","1","1","2"
"Bepsommer","1","1","2"
"Beratergin","1","1","2"
"Beratergul21","1","1","2"
"Beratt_1","1","1","2"
"Berberver2","1","1","2"
"Bercobalogh","1","1","2"
"Bereizso1975","1","1","2"
"bereza1977","1","1","2"
"bergfex","1","1","2"
"Bergkamp010","1","1","2"
"berj_k","1","1","2"
"Berk_AyazDurak19","1","1","2"
"berkancaliskan","1","1","2"
"berke2020","1","1","2"
"Berkey20","1","1","2"
"berkuyars","1","1","2"
"bernado63","1","1","2"
"BernarCruz","1","1","2"
"Bernard_Werner","1","1","2"
"Bernardo12","1","1","2"
"Bernayo","1","1","2"
"bernhard84","1","1","2"
"Berong","1","1","2"
"Berrozahraa","1","1","2"
"Berschrek_2","1","1","2"
"Berserk_333","1","1","2"
"Berserker-00","1","1","2"
"BerserkGriffith","1","1","2"
"BershkaGucciDior","1","1","2"
"Bert213","1","1","2"
"Bertgold","1","1","2"
"bertschaken84","1","1","2"
"Bertug00","1","1","2"
"Besasa","1","1","2"
"beshoynabil","1","1","2"
"beskaska","1","1","2"
"besolo690","1","1","2"
"besplash","1","1","2"
"bessaoud","1","1","2"
"Best_the-Beast7","1","1","2"
"bestchessplayer18","1","1","2"
"BestDeityGod","1","1","2"
"betangin","1","1","2"
"bethel","1","1","2"
"BETHRICK","1","1","2"
"betijump","1","1","2"
"Beto007","1","1","2"
"BetochF","1","1","2"
"Betonlois","1","1","2"
"BettyDavis","1","1","2"
"bey24","1","1","2"
"Beyazit1956","1","1","2"
"Bezartleon","1","1","2"
"BezBezBez","1","1","2"
"bf_andrey","1","1","2"
"BGonz94","1","1","2"
"Bgvml","1","1","2"
"BHAIGAMERZ97","1","1","2"
"bhakun","1","1","2"
"Bhanudhapola","1","1","2"
"bharboza","1","1","2"
"Bhargav999","1","1","2"
"Bhaskarsharmacr7","1","1","2"
"bhaskarsrao","1","1","2"
"Bhattacharjee2010","1","1","2"
"bhaveshgosavi","1","1","2"
"Bhavik135","1","1","2"
"bhavvessh","1","1","2"
"Bhavyajain1","1","1","2"
"bhavyashah1","1","1","2"
"bhimjee","1","1","2"
"Bhjuyhfgdhfg","1","1","2"
"BHobbs0827e","1","1","2"
"BHRM003","1","1","2"
"bhulbhulaiya7512","1","1","2"
"Bhuvika_malhotra","1","1","2"
"BHYou1976","1","1","2"
"bi1941cm","1","1","2"
"biaakvela","1","1","2"
"Biban94","1","1","2"
"bibataboba","1","1","2"
"bic2703","1","1","2"
"bicakci42","1","1","2"
"BiciBici3","1","1","2"
"bickin","1","1","2"
"bicuy","1","1","2"
"Bielert","1","1","2"
"BIELZERAAAA","1","1","2"
"Biereck","1","1","2"
"Big_BenLondoker","1","1","2"
"big_fat_mom","1","1","2"
"Big_Fish_09","1","1","2"
"Big_Kratas","1","1","2"
"Big_Perm","1","1","2"
"Big_Vince","1","1","2"
"big_water","1","1","2"
"BigArabDaddy","1","1","2"
"BigBiller","1","1","2"
"BigBilliam","1","1","2"
"bigBrainKingSac","1","1","2"
"bigE65","1","1","2"
"BigGarga20","1","1","2"
"BiggusCatalinus","1","1","2"
"bigjas1uk","1","1","2"
"Bigjoeychops","1","1","2"
"Biglarry78","1","1","2"
"BigM1899","1","1","2"
"bigmaak","1","1","2"
"BigMaccko","1","1","2"
"BigMode69","1","1","2"
"bigmook14","1","1","2"
"bignikkit","1","1","2"
"bigoog","1","1","2"
"bigpapouze","1","1","2"
"BigProGamer4765","1","1","2"
"Bigshark2607","1","1","2"
"BigSlaw","1","1","2"
"BigTACO","1","1","2"
"Bigwestking","1","1","2"
"bigwilvin","1","1","2"
"BigYellowSalamander","1","1","2"
"BijelaKraljica123","1","1","2"
"bijoubijou","1","1","2"
"bik-14","1","1","2"
"Bikersoul","1","1","2"
"Bikoloji","1","1","2"
"Bikram_007","1","1","2"
"BikTim17","1","1","2"
"bikupaa","1","1","2"
"Bilalarbana","1","1","2"
"bilalderky","1","1","2"
"BilalYalcin1987","1","1","2"
"bilardocu0616","1","1","2"
"bilel41","1","1","2"
"billebrooks","1","1","2"
"Billeton","1","1","2"
"BilliKaBacha","1","1","2"
"billsem_123","1","1","2"
"BillsMafia","1","1","2"
"BillsMafiaRUS","1","1","2"
"billybodybuilder","1","1","2"
"BillyJames","1","1","2"
"Bilo33korovi","1","1","2"
"bilsaid","1","1","2"
"bimbolimbojimbo","1","1","2"
"Bimmer5er","1","1","2"
"Bina-zoe","1","1","2"
"Binarytu","1","1","2"
"Bingo11111","1","1","2"
"bingobangos","1","1","2"
"BinhoAKS","1","1","2"
"Binignitas","1","1","2"
"binkz2020","1","1","2"
"binnyloveless","1","1","2"
"biomerene","1","1","2"
"biorno11","1","1","2"
"bipinbabu_official","1","1","2"
"Bira_vw","1","1","2"
"BirdAndSunset","1","1","2"
"Birdiehaan","1","1","2"
"BirisChang33","1","1","2"
"birolyuce","1","1","2"
"birvictor55","1","1","2"
"Birzhan_sagymbayev","1","1","2"
"Biserp83","1","1","2"
"bishnu_24","1","1","2"
"Bishop_101","1","1","2"
"Bishop_Actual","1","1","2"
"Bishop_Bc4","1","1","2"
"bishop_mate","1","1","2"
"biswa1111","1","1","2"
"bitbend","1","1","2"
"bitbuck","1","1","2"
"bitnulll","1","1","2"
"bitter633","1","1","2"
"bixi05","1","1","2"
"Bizooo12321","1","1","2"
"Bj04","1","1","2"
"Bj997","1","1","2"
"bjam5","1","1","2"
"bjargjo1","1","1","2"
"BJCCPaul","1","1","2"
"bjkartracer","1","1","2"
"bjorking","1","1","2"
"BjornErik02","1","1","2"
"BKF808","1","1","2"
"Bl0bbs","1","1","2"
"Black_Adam_SLCA","1","1","2"
"black_cro","1","1","2"
"black_diamond_22","1","1","2"
"Black_Magix","1","1","2"
"black_marduk","1","1","2"
"BLACK_SAMURAIX","1","1","2"
"Black-Chang","1","1","2"
"Black-Maned","1","1","2"
"Black1988","1","1","2"
"black989","1","1","2"
"Blackbird_magus","1","1","2"
"blackcrow006","1","1","2"
"BlackDissident","1","1","2"
"Blackeaglegny","1","1","2"
"Blacker64","1","1","2"
"blackfury23","1","1","2"
"blackhole171","1","1","2"
"blackknight2614","1","1","2"
"BlackList89","1","1","2"
"blackmole","1","1","2"
"Blackout0815","1","1","2"
"blackpawn70","1","1","2"
"BLACKSTAR0","1","1","2"
"BlackSteel753","1","1","2"
"BlackStones","1","1","2"
"blackswordknight","1","1","2"
"bladhviktor","1","1","2"
"Blah94","1","1","2"
"Blaise419","1","1","2"
"blajar77","1","1","2"
"Blanche-L","1","1","2"
"blankee","1","1","2"
"Blarchi","1","1","2"
"blasky","1","1","2"
"blasteryxy","1","1","2"
"Blatsiou1991","1","1","2"
"Blazerion","1","1","2"
"BlazingBishop","1","1","2"
"bLb_0","1","1","2"
"bleedingromeo","1","1","2"
"bleeken","1","1","2"
"bleki2505","1","1","2"
"Blendererzuhair","1","1","2"
"Blez","1","1","2"
"blg43","1","1","2"
"BlickEmm","1","1","2"
"Bliendcheckmate","1","1","2"
"blindersmaster","1","1","2"
"Blink1986","1","1","2"
"blinker_fluid21","1","1","2"
"Blitstream","1","1","2"
"blitzeblank","1","1","2"
"blitzen1","1","1","2"
"blitzert007","1","1","2"
"BlitzingPelican","1","1","2"
"Blitzrakete1","1","1","2"
"blitzwas05","1","1","2"
"blixen11","1","1","2"
"bljacobs1959","1","1","2"
"Blobbe","1","1","2"
"Blomdahl","1","1","2"
"Bloodbath_dante","1","1","2"
"BloodnLust","1","1","2"
"bloodyFool","1","1","2"
"bloomintheroom","1","1","2"
"blowson","1","1","2"
"Blue_Krk","1","1","2"
"Blue_Milk","1","1","2"
"Blue88888","1","1","2"
"blueboathome","1","1","2"
"BlueDog56","1","1","2"
"BlueHelmet","1","1","2"
"BlueJay76","1","1","2"
"bluesbishop","1","1","2"
"Blueshark23456","1","1","2"
"blueyfamily","1","1","2"
"bluffediv","1","1","2"
"bluhm","1","1","2"
"blunder_mifflin28","1","1","2"
"Blunder84","1","1","2"
"BlunderBoy101","1","1","2"
"blunderboygetsforked","1","1","2"
"Blundered_Queen","1","1","2"
"BlunderingChessman","1","1","2"
"blundermeister_1","1","1","2"
"bluntz62","1","1","2"
"Bluzinnn","1","1","2"
"BLV17","1","1","2"
"Bmac1974","1","1","2"
"bmfcarvalho","1","1","2"
"BMKZmedikal","1","1","2"
"BMT_007","1","1","2"
"BMW1395","1","1","2"
"BMZodiac","1","1","2"
"bnl","1","1","2"
"bnm64","1","1","2"
"Bo713","1","1","2"
"Boaya2000","1","1","2"
"bob1000bob","1","1","2"
"bob1791","1","1","2"
"boba1111","1","1","2"
"bobankost","1","1","2"
"bobasode","1","1","2"
"Bobby-79","1","1","2"
"Bobby121","1","1","2"
"bobby12378","1","1","2"
"bobby187","1","1","2"
"bobbyfisher95","1","1","2"
"Bobbyland","1","1","2"
"bobbym7ch","1","1","2"
"bobchess77","1","1","2"
"BobdaRocket","1","1","2"
"BobDobbsLives","1","1","2"
"Bober_Borodach","1","1","2"
"bobevers","1","1","2"
"bobi1075","1","1","2"
"bobkit","1","1","2"
"Bobmihasy","1","1","2"
"Bobo744","1","1","2"
"boboboai","1","1","2"
"Bobofruit","1","1","2"
"bobozzius","1","1","2"
"bobplanet","1","1","2"
"Bobr5","1","1","2"
"bobrenjc93","1","1","2"
"bobz10","1","1","2"
"bobzavras","1","1","2"
"Bockwurstpilot","1","1","2"
"BODA_6","1","1","2"
"boddasrijayyamohan","1","1","2"
"Bodlili","1","1","2"
"bodo82","1","1","2"
"BodoFreutlin","1","1","2"
"Body007","1","1","2"
"Body54","1","1","2"
"boesemade","1","1","2"
"Bog_dan2013","1","1","2"
"bogart101","1","1","2"
"Bogdan_Rudnytskyi","1","1","2"
"Bogdan0309","1","1","2"
"Bogdan0491","1","1","2"
"Bogdan2515","1","1","2"
"BogdanaBK","1","1","2"
"BogdanKarachentsev","1","1","2"
"bogdanovic1","1","1","2"
"boggrecu","1","1","2"
"bogner","1","1","2"
"Bogomol03","1","1","2"
"bohemscik","1","1","2"
"Bohnapfel","1","1","2"
"boishnoish","1","1","2"
"Boka13","1","1","2"
"boka519","1","1","2"
"Bokito10","1","1","2"
"bokoro","1","1","2"
"bolbyinbound","1","1","2"
"BoldyshDayana","1","1","2"
"BoldZomb","1","1","2"
"Boles_isaac","1","1","2"
"boleslavsky1","1","1","2"
"bolkum-20","1","1","2"
"bolo1966","1","1","2"
"bolo2","1","1","2"
"bolo33","1","1","2"
"bolosdu35","1","1","2"
"Bolshei","1","1","2"
"boltrog","1","1","2"
"bolu2134","1","1","2"
"bomb_Stas","1","1","2"
"BombaWeistt","1","1","2"
"BombBurger","1","1","2"
"bombinaboy92","1","1","2"
"BOMethsena","1","1","2"
"Bon5603","1","1","2"
"bon8008the2nd","1","1","2"
"Bonaldini","1","1","2"
"Bond689","1","1","2"
"bondle","1","1","2"
"boney_nalanickal","1","1","2"
"BONGUMENZI0897","1","1","2"
"bonka1","1","1","2"
"bonnetof","1","1","2"
"Booba2015","1","1","2"
"BoodyNash26","1","1","2"
"book78","1","1","2"
"Boombastic66","1","1","2"
"boombomo00","1","1","2"
"BoomerWoke","1","1","2"
"BooNiE909","1","1","2"
"bopohasii","1","1","2"
"bora_kalafat03","1","1","2"
"boranakajesus","1","1","2"
"Boranaras","1","1","2"
"borboletta1137","1","1","2"
"borek1","1","1","2"
"borente","1","1","2"
"Borian895","1","1","2"
"Boris_Star","1","1","2"
"BORIS082012","1","1","2"
"boris39","1","1","2"
"Borisbudakbageur","1","1","2"
"Boriskolbasa","1","1","2"
"Borismoris","1","1","2"
"BorisRed","1","1","2"
"BorlandAnton","1","1","2"
"born_to_be_the_best","1","1","2"
"BornSen","1","1","2"
"boroosvetnik","1","1","2"
"borpatra22","1","1","2"
"bors_s","1","1","2"
"borsevichse","1","1","2"
"bortakci","1","1","2"
"Borujerd","1","1","2"
"bory1","1","1","2"
"Borya_Black","1","1","2"
"boryathedog","1","1","2"
"Borys88","1","1","2"
"bosco2404","1","1","2"
"Bosco83980","1","1","2"
"Bosorgmehr","1","1","2"
"bospoeper","1","1","2"
"Boss_Boy","1","1","2"
"BossPro","1","1","2"
"bostonbobm2","1","1","2"
"Botakseng","1","1","2"
"botanik36","1","1","2"
"botanist76","1","1","2"
"BOtarek","1","1","2"
"BotGamer","1","1","2"
"Botvinic64","1","1","2"
"boucherhgg","1","1","2"
"Bouffardf","1","1","2"
"Bougie","1","1","2"
"Bougoumpeogo17","1","1","2"
"Bouka86","1","1","2"
"boul530","1","1","2"
"Boulangerie","1","1","2"
"boulo","1","1","2"
"Bourricot92","1","1","2"
"bousbahi","1","1","2"
"Bovbul","1","1","2"
"bowden","1","1","2"
"bowser2004","1","1","2"
"boxlucky","1","1","2"
"Boy_Tulak","1","1","2"
"BoyanP","1","1","2"
"bozpanos","1","1","2"
"bpartha","1","1","2"
"bpboayn","1","1","2"
"bpnsharma4585","1","1","2"
"BQHNam","1","1","2"
"BR_Prien","1","1","2"
"br3g","1","1","2"
"Bracktus","1","1","2"
"Bradtanka","1","1","2"
"Brady69420","1","1","2"
"BradypusTorquatus","1","1","2"
"bragamanso","1","1","2"
"brahim-sfr","1","1","2"
"Braiiiiilll","1","1","2"
"brainandbrain","1","1","2"
"Brainiac5","1","1","2"
"BrainlessBedlam","1","1","2"
"brainsoft","1","1","2"
"brainy6634","1","1","2"
"Brambleyes","1","1","2"
"branders","1","1","2"
"Brandon128","1","1","2"
"brandon20222","1","1","2"
"brandonchinn178","1","1","2"
"BrandonHolman","1","1","2"
"Bras2u","1","1","2"
"Brat55","1","1","2"
"Bratten","1","1","2"
"bravem","1","1","2"
"Bravinetone","1","1","2"
"brawlstarscibabapuro","1","1","2"
"BrawnyArtistSheep","1","1","2"
"brayanarredondoureta","1","1","2"
"BrayanNava","1","1","2"
"Brayden_Chess","1","1","2"
"BraydenIsDooDoo","1","1","2"
"Brayn1","1","1","2"
"Brazzelhuber","1","1","2"
"brcantarelli","1","1","2"
"breakingbadboy","1","1","2"
"Breeva_Elizaveta","1","1","2"
"breibrei","1","1","2"
"brememe","1","1","2"
"brench1945","1","1","2"
"Brendan1Jeremy2Chan3","1","1","2"
"brenner123","1","1","2"
"Brenton1987","1","1","2"
"brettmauro","1","1","2"
"brettrat","1","1","2"
"Brfx2004","1","1","2"
"Brg49","1","1","2"
"BRHNNC","1","1","2"
"brian121213","1","1","2"
"Brico_ferro","1","1","2"
"Briks72ru","1","1","2"
"brilliant988","1","1","2"
"Brimsby","1","1","2"
"Brinkman95","1","1","2"
"BrinyTeam","1","1","2"
"britcker","1","1","2"
"briun999","1","1","2"
"brkloeck","1","1","2"
"Brkmrt1","1","1","2"
"Brn3556","1","1","2"
"Brobcat","1","1","2"
"brobro42","1","1","2"
"BrodieSpark","1","1","2"
"Brodo98","1","1","2"
"brofarooq","1","1","2"
"brokenmike777","1","1","2"
"Brokypoo","1","1","2"
"bronaz","1","1","2"
"Bronislav200714","1","1","2"
"BronzeDaddy","1","1","2"
"BroomhayesKnight","1","1","2"
"Broovsemhi88","1","1","2"
"brosky8a","1","1","2"
"brosmario","1","1","2"
"Brosslee","1","1","2"
"brother52","1","1","2"
"brotherhui","1","1","2"
"brouillard43","1","1","2"
"browningchess","1","1","2"
"Brp20","1","1","2"
"BrSa1","1","1","2"
"BruhdaV","1","1","2"
"bruhnks","1","1","2"
"Brujo_Chess","1","1","2"
"BrujoBob","1","1","2"
"Brunelis1995","1","1","2"
"brunito45","1","1","2"
"bruno04120","1","1","2"
"brunobibi","1","1","2"
"BrunoFF","1","1","2"
"brunohenriqueb07","1","1","2"
"Brunoinformatica","1","1","2"
"brunolamaral","1","1","2"
"BrunoPinheiro82","1","1","2"
"brunoribeiromadmax","1","1","2"
"brunorockenbach","1","1","2"
"Brunoverri","1","1","2"
"Bruss003","1","1","2"
"BrutalCharge","1","1","2"
"BryancevA","1","1","2"
"BryancevS","1","1","2"
"brYANfaRIDA","1","1","2"
"Bryantweezy13","1","1","2"
"bryukvahunter","1","1","2"
"bs-123","1","1","2"
"bsihgslakd","1","1","2"
"bsongoz","1","1","2"
"BSSSB","1","1","2"
"BSVnaBMW","1","1","2"
"Btaber94","1","1","2"
"btato","1","1","2"
"btcarlsen","1","1","2"
"Btsiev","1","1","2"
"btsween","1","1","2"
"bubbking","1","1","2"
"Bubblebunhead","1","1","2"
"BubblePrincess","1","1","2"
"bubilloman","1","1","2"
"Bubleynik","1","1","2"
"Bubushi","1","1","2"
"buchgsm","1","1","2"
"Buchugas25","1","1","2"
"bucko-mcghee","1","1","2"
"buckwildbill","1","1","2"
"Buddel13","1","1","2"
"Buddhist-Monk","1","1","2"
"BUDDIMA20","1","1","2"
"buddy_love01","1","1","2"
"Budi_Andrian","1","1","2"
"BUDITOP","1","1","2"
"Bufdi2019","1","1","2"
"BUFF_92","1","1","2"
"Buffalo61","1","1","2"
"buffedpuff","1","1","2"
"bugor07","1","1","2"
"BUHOKRAD","1","1","2"
"BuHuMan-2016","1","1","2"
"bukan-rafathar","1","1","2"
"Bukkapu","1","1","2"
"buknoyungas","1","1","2"
"Bulat3006","1","1","2"
"bulat729","1","1","2"
"bulbachss","1","1","2"
"buldig","1","1","2"
"Bulkozavr","1","1","2"
"bulldog7221","1","1","2"
"Bullsky00","1","1","2"
"Bullterrie","1","1","2"
"Bulut38","1","1","2"
"Bulut509","1","1","2"
"bulutayaz","1","1","2"
"buluteyidogan","1","1","2"
"Bumblebee1509","1","1","2"
"bumesh","1","1","2"
"Bumper988","1","1","2"
"bundz","1","1","2"
"bungasamongus","1","1","2"
"Bunski","1","1","2"
"Bunskie","1","1","2"
"buntea02","1","1","2"
"bunyamin0165","1","1","2"
"Buqefalus","1","1","2"
"burakakin","1","1","2"
"burakbeyy31","1","1","2"
"burakcandogan","1","1","2"
"burakk07070","1","1","2"
"buranskiteam","1","1","2"
"Burger69","1","1","2"
"burgii","1","1","2"
"burkaai","1","1","2"
"Burning_Rook","1","1","2"
"BurningElements999","1","1","2"
"burnobruno","1","1","2"
"burnttoad","1","1","2"
"Busch64","1","1","2"
"Buschbaum","1","1","2"
"BusinessmaN_Yarik","1","1","2"
"BusinessMeme","1","1","2"
"Butcherboy123","1","1","2"
"butterfingers16","1","1","2"
"butvn","1","1","2"
"Buxpiter","1","1","2"
"Buy_4_Others","1","1","2"
"Buyyi","1","1","2"
"buzzmcclune","1","1","2"
"Bv813","1","1","2"
"BVB-Forum","1","1","2"
"BViner","1","1","2"
"BWASSIM4","1","1","2"
"bwca77hegman","1","1","2"
"Bxoxx","1","1","2"
"Bydd","1","1","2"
"ByJhota","1","1","2"
"BykovNvr","1","1","2"
"ByQuadrix","1","1","2"
"Byresh","1","1","2"
"Byrmalbn1","1","1","2"
"ByterBredik","1","1","2"
"BZDragon","1","1","2"
"C_squad","1","1","2"
"C_YAVUZ","1","1","2"
"C-Bear","1","1","2"
"C-Crystal_Starlord","1","1","2"
"c-g-walter","1","1","2"
"C-MICAELA-10","1","1","2"
"C-Ronaldo7","1","1","2"
"C-VixamaTTHS","1","1","2"
"c00kiem0nster","1","1","2"
"C08marquez","1","1","2"
"c0uk2","1","1","2"
"C2312ST","1","1","2"
"C4_is_Explosive","1","1","2"
"C4LYashR","1","1","2"
"ca5p3r14","1","1","2"
"CaAESAR","1","1","2"
"Caballo_loko","1","1","2"
"Caballoc4","1","1","2"
"caballonegro73","1","1","2"
"CaballoSentado","1","1","2"
"cabineer","1","1","2"
"cablebee","1","1","2"
"Cabreratasio","1","1","2"
"Cabster8","1","1","2"
"Cabudzky","1","1","2"
"cachaulo","1","1","2"
"Cachorro62","1","1","2"
"cacopera14","1","1","2"
"cadbury-world-1978","1","1","2"
"cadelfreak","1","1","2"
"CadenK-JMHS","1","1","2"
"Caditya","1","1","2"
"Cadufera","1","1","2"
"CAEG2107","1","1","2"
"CaesarLg","1","1","2"
"cafe008","1","1","2"
"cafeconleche9","1","1","2"
"caffeiiina","1","1","2"
"Cafune7","1","1","2"
"caganm201525","1","1","2"
"cage117","1","1","2"
"caggionetti","1","1","2"
"Caglar9021","1","1","2"
"cagruno33","1","1","2"
"caibro","1","1","2"
"Caida_Regia","1","1","2"
"Cain13","1","1","2"
"Caio_Ferreira","1","1","2"
"caitnota","1","1","2"
"caki81","1","1","2"
"Cakratma","1","1","2"
"CaKyKelli","1","1","2"
"Calaf77","1","1","2"
"calcalamerida","1","1","2"
"calcifer-Atafen1A","1","1","2"
"Caleb_Steven","1","1","2"
"CalebmW","1","1","2"
"CalebTheKoolAid","1","1","2"
"Caleruela","1","1","2"
"CaliFa11","1","1","2"
"CaliforniaCastle","1","1","2"
"californiatolima","1","1","2"
"Call_Me_Chaos","1","1","2"
"Call_Me_Senorita","1","1","2"
"callboy1378","1","1","2"
"CallMeBarry","1","1","2"
"Callmebetter","1","1","2"
"Callmeexpert","1","1","2"
"CallumMaydon","1","1","2"
"callvg","1","1","2"
"calm-mind","1","1","2"
"calochess","1","1","2"
"calvich","1","1","2"
"camacke19","1","1","2"
"camaradebaka","1","1","2"
"cambiando","1","1","2"
"camelopniky","1","1","2"
"CAMILA-FVL","1","1","2"
"CamilloWilcocks","1","1","2"
"Camilo_Anacardos","1","1","2"
"CamiloRamirewhathace","1","1","2"
"camilosuarezz","1","1","2"
"Caminado","1","1","2"
"Caminante1975","1","1","2"
"CAMPAGNAF1947","1","1","2"
"Camus181177","1","1","2"
"Can111111111111_1","1","1","2"
"canbalcan","1","1","2"
"canbartu35","1","1","2"
"candychessboard","1","1","2"
"cangel2008","1","1","2"
"cani_i_mannara","1","1","2"
"canikhil","1","1","2"
"Cankathcl","1","1","2"
"canon-erumess","1","1","2"
"Canosh458","1","1","2"
"canselgfer","1","1","2"
"Cap_Santana","1","1","2"
"Capablanca_N1","1","1","2"
"Capablanca67","1","1","2"
"CapCrackSparrow","1","1","2"
"CapitanCaveman","1","1","2"
"Capitano69","1","1","2"
"capitanocrap","1","1","2"
"CaporalX","1","1","2"
"CAPPI5254","1","1","2"
"Cappy1206","1","1","2"
"Capr1","1","1","2"
"capricorno64","1","1","2"
"Capricornus54","1","1","2"
"Captain_Prokopios","1","1","2"
"captainchaos97","1","1","2"
"CaptainDelta4","1","1","2"
"CaptainKJB","1","1","2"
"captainktn","1","1","2"
"CAPTAINrottenPlant","1","1","2"
"CaptainTacoface","1","1","2"
"Captainzok","1","1","2"
"captdks","1","1","2"
"Captjacksparow","1","1","2"
"CaptRnB7768","1","1","2"
"CaptSpark","1","1","2"
"caracatoa","1","1","2"
"caradogrupodexadrez","1","1","2"
"CaramelGlade","1","1","2"
"CarbajalZzz","1","1","2"
"carbo2000","1","1","2"
"carcunda123","1","1","2"
"Cardinal-des-MTX","1","1","2"
"cardinalheart27","1","1","2"
"cardinalviper","1","1","2"
"cardiologisst","1","1","2"
"CardoChess69","1","1","2"
"CardosoTal","1","1","2"
"careta_31520","1","1","2"
"Carl_McLennon","1","1","2"
"Carlamag","1","1","2"
"CarlAmaris","1","1","2"
"CarleyNTRNoth","1","1","2"
"Carlgustaf","1","1","2"
"CARLO11","1","1","2"
"carlos_magseen","1","1","2"
"carlos_pdf","1","1","2"
"Carlos_Pelaez","1","1","2"
"carlos_sanchez141","1","1","2"
"Carlos_Vega_Cortes","1","1","2"
"carlos-almeida","1","1","2"
"Carlos2509","1","1","2"
"CarlosBenavides_UTP","1","1","2"
"CarlosERestrepo","1","1","2"
"carlosgui","1","1","2"
"Carlosj","1","1","2"
"CARLOSMORAIS","1","1","2"
"CarlosMR43","1","1","2"
"carlosp951","1","1","2"
"Carlosrrn","1","1","2"
"carlosstarke","1","1","2"
"Carloszapatab","1","1","2"
"CarlParovTr","1","1","2"
"Carlsen1987","1","1","2"
"Carlsen75356","1","1","2"
"Carlsenssnightmare","1","1","2"
"Carlsonos","1","1","2"
"CarolinaBarra77","1","1","2"
"carotte_sauce","1","1","2"
"carp120918","1","1","2"
"carpeyolo","1","1","2"
"carpool","1","1","2"
"Carrizo49","1","1","2"
"Carsten_Treudler","1","1","2"
"Carter_Chess","1","1","2"
"caruso","1","1","2"
"CarvalhoA3","1","1","2"
"CasaStark","1","1","2"
"CasaTula","1","1","2"
"cashridharbhat","1","1","2"
"casilla66","1","1","2"
"casports","1","1","2"
"cassepipe","1","1","2"
"Castiblanco12","1","1","2"
"castlevannais","1","1","2"
"Casualteez","1","1","2"
"Cat_Hatter2099","1","1","2"
"Cat911825","1","1","2"
"catchingstreys","1","1","2"
"catchthechess","1","1","2"
"Cato_Maior","1","1","2"
"Catoclysma","1","1","2"
"catona00","1","1","2"
"catratmousedogpig","1","1","2"
"caty45","1","1","2"
"cauachess34","1","1","2"
"Cavalcatura","1","1","2"
"CavalloMatto82","1","1","2"
"Cavalof4","1","1","2"
"cavidsuleymanov01","1","1","2"
"cavireddy","1","1","2"
"Caydentzy","1","1","2"
"Caylak-0007","1","1","2"
"Caypolat","1","1","2"
"caza3000","1","1","2"
"cazadeps","1","1","2"
"CazaresEnrique","1","1","2"
"Caze09","1","1","2"
"cazziante","1","1","2"
"CB_Advik","1","1","2"
"CB_Ibhanaabih","1","1","2"
"CB_Ivan","1","1","2"
"CB_Rohan","1","1","2"
"CB_Vishaanth","1","1","2"
"cba26","1","1","2"
"cbaezamarquezgmail","1","1","2"
"Cbazi","1","1","2"
"cbh630038","1","1","2"
"Cbon","1","1","2"
"cbower981","1","1","2"
"cbsonic2","1","1","2"
"cbwen","1","1","2"
"CCAndy","1","1","2"
"ccarr44","1","1","2"
"CCCP100let","1","1","2"
"Cchampion01","1","1","2"
"cchriss1","1","1","2"
"ccssss","1","1","2"
"cdavefenix64","1","1","2"
"cdbic","1","1","2"
"cdixon3","1","1","2"
"cdsalgado","1","1","2"
"CDtalks","1","1","2"
"cebollinaco","1","1","2"
"Ceccojoe","1","1","2"
"Cece381","1","1","2"
"cecylia123","1","1","2"
"cedric12199","1","1","2"
"Cedric17","1","1","2"
"cedricge","1","1","2"
"cedvi","1","1","2"
"ceemerson","1","1","2"
"CEGINYS","1","1","2"
"ceheginero","1","1","2"
"Ceht21","1","1","2"
"cekmasterTK","1","1","2"
"CelalCatma1907","1","1","2"
"Celf_legenda","1","1","2"
"Celina","1","1","2"
"Cemal88","1","1","2"
"Cemalgerboga","1","1","2"
"cemilalper","1","1","2"
"cenacle","1","1","2"
"cengiz65","1","1","2"
"cengo2410","1","1","2"
"Cent1991","1","1","2"
"Centelles1312","1","1","2"
"Centore","1","1","2"
"Century21immo","1","1","2"
"cerebrum001","1","1","2"
"cerega82","1","1","2"
"Cerkovniy","1","1","2"
"cerone20","1","1","2"
"cerveca","1","1","2"
"cesar_1984","1","1","2"
"CESAR10_2003","1","1","2"
"CesarA-Mo","1","1","2"
"cesaralans","1","1","2"
"cesarelmalo","1","1","2"
"cesareus2023","1","1","2"
"Cesariovitorino","1","1","2"
"CesarLozada","1","1","2"
"CesarRI81","1","1","2"
"CesarSantos","1","1","2"
"ceslavs2","1","1","2"
"cesus","1","1","2"
"cethunez","1","1","2"
"cevizciguven","1","1","2"
"ceylinsahra12","1","1","2"
"ceyu8","1","1","2"
"cezary1970","1","1","2"
"cezurita9","1","1","2"
"CFIE009","1","1","2"
"CFIEMOlaya","1","1","2"
"CFIEVPatel","1","1","2"
"cgalvez0828","1","1","2"
"cgizquierdosan","1","1","2"
"CGR055","1","1","2"
"CGR057","1","1","2"
"CGR059","1","1","2"
"CGR061","1","1","2"
"CGR063","1","1","2"
"CGR068","1","1","2"
"CGRO002","1","1","2"
"cgsUcanRead","1","1","2"
"cgyoung","1","1","2"
"ch233","1","1","2"
"Ch3ckmat371","1","1","2"
"Ch4ru","1","1","2"
"ch87d","1","1","2"
"chabalmandy","1","1","2"
"Chabeza","1","1","2"
"Chacco","1","1","2"
"chachine","1","1","2"
"Chad0490","1","1","2"
"Chadi4","1","1","2"
"ChadyDaddy","1","1","2"
"chairoAutista","1","1","2"
"ChaitanyaS2","1","1","2"
"Chakemate","1","1","2"
"Chakexkaz","1","1","2"
"ChakriRajalbandi3","1","1","2"
"Chalan64","1","1","2"
"ChaMarTambo","1","1","2"
"champ_shri","1","1","2"
"Champi34647","1","1","2"
"Champian0","1","1","2"
"championinfuture","1","1","2"
"championman3838","1","1","2"
"championstar1","1","1","2"
"ChampionXYZ","1","1","2"
"Champman11","1","1","2"
"Chamseddine77","1","1","2"
"chan_mommy","1","1","2"
"chan09096839356","1","1","2"
"chandaje","1","1","2"
"chandana05koduri","1","1","2"
"chandannnnnn","1","1","2"
"chandra_natarajan","1","1","2"
"chandra03","1","1","2"
"chandradhurjee","1","1","2"
"chandu450","1","1","2"
"chandula007","1","1","2"
"chanhyung","1","1","2"
"chanirudh2007","1","1","2"
"CHANSA-MULUNDU","1","1","2"
"Chaos21","1","1","2"
"chaosdemon","1","1","2"
"chaosu08","1","1","2"
"ChaoticZugzwanger","1","1","2"
"chapi20","1","1","2"
"chappizzle","1","1","2"
"chapuk","1","1","2"
"Chapuli","1","1","2"
"Charf","1","1","2"
"charisse_bare","1","1","2"
"charles_go","1","1","2"
"Charles_patmos","1","1","2"
"CharlesMxy","1","1","2"
"CharleyMc","1","1","2"
"charlie1123","1","1","2"
"Charlie176","1","1","2"
"charlie365v2","1","1","2"
"Charlie59","1","1","2"
"Charliefelipe","1","1","2"
"charlizedavid","1","1","2"
"Charlosalie","1","1","2"
"charls112","1","1","2"
"charlugo","1","1","2"
"charly000009","1","1","2"
"Charly1420","1","1","2"
"Charon_0806","1","1","2"
"Chasamba","1","1","2"
"Chase_McKinney","1","1","2"
"chasq","1","1","2"
"Chassagi","1","1","2"
"chaturanga64","1","1","2"
"ChaturangaPlayer","1","1","2"
"chaudar","1","1","2"
"chaudharyamol9","1","1","2"
"Chauff","1","1","2"
"Chaun-Sox","1","1","2"
"Chaun2735","1","1","2"
"chavosh","1","1","2"
"che_kid","1","1","2"
"Che-lovek_02","1","1","2"
"Cheahlikim","1","1","2"
"chebonus","1","1","2"
"CHEBSAAD","1","1","2"
"Checheviza","1","1","2"
"CheckersMaster777","1","1","2"
"CheckmateBrain","1","1","2"
"checkmated_1","1","1","2"
"CheckmateKevin","1","1","2"
"checkoutthismate","1","1","2"
"checkyourface","1","1","2"
"CHEEHENG34300","1","1","2"
"cheese88","1","1","2"
"CheeseHead047","1","1","2"
"cheesser061","1","1","2"
"cheetermo982","1","1","2"
"Chegevara04","1","1","2"
"ChegiD","1","1","2"
"cheguer_a","1","1","2"
"cheguevara56","1","1","2"
"cheister25","1","1","2"
"cheken3yer","1","1","2"
"Chekist_2005","1","1","2"
"chel-over","1","1","2"
"chelima","1","1","2"
"Chelo110","1","1","2"
"chema16","1","1","2"
"chemajaque","1","1","2"
"ChemicalMe","1","1","2"
"chemin0","1","1","2"
"chen1171","1","1","2"
"ChengYunze","1","1","2"
"Chenzhuoran","1","1","2"
"chephymath100","1","1","2"
"ChepsinGY","1","1","2"
"cheptsa","1","1","2"
"cheriMumu","1","1","2"
"Cherneevo23","1","1","2"
"chernovdv","1","1","2"
"chernyankaman","1","1","2"
"CherryDar","1","1","2"
"Cherub0607","1","1","2"
"ches5no0b","1","1","2"
"Chess___Wizard","1","1","2"
"Chess_1_ACE","1","1","2"
"Chess_11Dasha","1","1","2"
"chess_Ab26","1","1","2"
"chess_ben5","1","1","2"
"chess_bogdan","1","1","2"
"chess_clubtr","1","1","2"
"chess_com_d4mb","1","1","2"
"CHESS_CUTE","1","1","2"
"Chess_DMT","1","1","2"
"Chess_Funny_Moments","1","1","2"
"chess_ger","1","1","2"
"chess_master_supreme","1","1","2"
"chess_poet_1","1","1","2"
"Chess_sensei9001","1","1","2"
"CHESS_SUBZERO","1","1","2"
"Chess_time_control","1","1","2"
"chess-buzz","1","1","2"
"CHESS-COM_better","1","1","2"
"Chess-Goat123","1","1","2"
"chess-shark-98","1","1","2"
"chess-underground","1","1","2"
"chess01med","1","1","2"
"Chess051087","1","1","2"
"chess1808808","1","1","2"
"chess365n","1","1","2"
"Chess437","1","1","2"
"Chess4jesus","1","1","2"
"Chess4LiFe9529","1","1","2"
"chess956","1","1","2"
"chessagarwal","1","1","2"
"Chessamics","1","1","2"
"chessarjukrishnan","1","1","2"
"ChessBeast0882","1","1","2"
"Chessbeginner1704","1","1","2"
"ChessBeginnerLearn","1","1","2"
"ChessBishopPlayer","1","1","2"
"chessbon4","1","1","2"
"chessboss100s","1","1","2"
"chessbot30000","1","1","2"
"chessboxin1312","1","1","2"
"chessboy_yusuf","1","1","2"
"chessbummed","1","1","2"
"ChesschampR","1","1","2"
"chesschampRaj","1","1","2"
"chesscHamster","1","1","2"
"chesscom1500","1","1","2"
"chesscrunchy","1","1","2"
"Chessdad1979","1","1","2"
"chessdarsh12","1","1","2"
"Chessdeath12","1","1","2"
"ChessDev132","1","1","2"
"ChessDev66","1","1","2"
"chessDhiyanesh","1","1","2"
"Chessdotchess","1","1","2"
"Chessdownstairs","1","1","2"
"chessdragon10956","1","1","2"
"chessegloo","1","1","2"
"ChessEnjoyer62","1","1","2"
"ChessFiness99","1","1","2"
"Chessforakhil","1","1","2"
"ChessForDhilipan","1","1","2"
"ChessFrido","1","1","2"
"Chessfro","1","1","2"
"chessgarcon","1","1","2"
"Chessgenius08","1","1","2"
"CHESSGUY1234hto4","1","1","2"
"chessHritik29","1","1","2"
"chessishard421","1","1","2"
"chessisking77","1","1","2"
"Chessislife213","1","1","2"
"chessistheUAE","1","1","2"
"Chessitron","1","1","2"
"chessjackpot","1","1","2"
"chessjess93","1","1","2"
"Chesska_Queen","1","1","2"
"chessKAVIR","1","1","2"
"Chesskid234633","1","1","2"
"chessking1111","1","1","2"
"ChessKing11111111","1","1","2"
"chesskingashu","1","1","2"
"ChessKingDavis101","1","1","2"
"Chessland99","1","1","2"
"Chesslearner_001","1","1","2"
"ChessLessDude","1","1","2"
"CHESSLIFEDAVID","1","1","2"
"chesslikeplayer","1","1","2"
"Chesslive2","1","1","2"
"chesslord_tristan","1","1","2"
"chesslover135","1","1","2"
"Chessmaestro-2022","1","1","2"
"ChessMamba86","1","1","2"
"chessmancometh","1","1","2"
"Chessmaster_PRO555","1","1","2"
"chessmaster512","1","1","2"
"ChessMasterAbeer","1","1","2"
"ChessMasterEshu","1","1","2"
"ChessMasterTop200","1","1","2"
"Chessmate7","1","1","2"
"CHESSMIKEDJ","1","1","2"
"chessmmmm","1","1","2"
"Chessmonster10","1","1","2"
"Chessmonster1109","1","1","2"
"Chessmouse98","1","1","2"
"ChessMoveException","1","1","2"
"ChessNinja2020","1","1","2"
"chessninja811","1","1","2"
"Chessnoobb1","1","1","2"
"ChessNoobiePawn","1","1","2"
"Chessnookout","1","1","2"
"Chessnut1995","1","1","2"
"Chessomatico","1","1","2"
"ChessOMon","1","1","2"
"chessotoni","1","1","2"
"Chesspadawan2","1","1","2"
"Chessplayer_2021","1","1","2"
"chessplayer2089","1","1","2"
"chessplayer222221","1","1","2"
"chessplayer45555","1","1","2"
"chessplayer62831","1","1","2"
"chessplayerdodi","1","1","2"
"Chessplayervivaan","1","1","2"
"ChessPlayingLama","1","1","2"
"chessRX450","1","1","2"
"Chesss_372","1","1","2"
"Chesss76893929837728","1","1","2"
"ChessSpaceTraveller","1","1","2"
"ChessSweden1","1","1","2"
"ChessTheory64","1","1","2"
"ChessToSuccess","1","1","2"
"chessTriceps","1","1","2"
"ChesSvenn","1","1","2"
"Chesswelder","1","1","2"
"ChessWithRishi","1","1","2"
"ChessWizard16","1","1","2"
"ChessWolf1003","1","1","2"
"chesswrld","1","1","2"
"ChessXA0","1","1","2"
"Chessy59","1","1","2"
"chessyash18","1","1","2"
"chessyboy_98","1","1","2"
"ChessYegorF","1","1","2"
"ChesterGuy","1","1","2"
"Cheszpl","1","1","2"
"chetan1a","1","1","2"
"Chetan1chess","1","1","2"
"ChetanVuppala","1","1","2"
"chevalice","1","1","2"
"ChevyMaganty666","1","1","2"
"ChewJP","1","1","2"
"chex_44","1","1","2"
"cheyyenne","1","1","2"
"chez_tu","1","1","2"
"ChezChesser","1","1","2"
"chezentino13","1","1","2"
"chezmomopolis","1","1","2"
"chezz-player","1","1","2"
"chf1dz","1","1","2"
"Chfinsess","1","1","2"
"chhssiasongjun","1","1","2"
"Chiara_Tab","1","1","2"
"Chiba777","1","1","2"
"chibwe","1","1","2"
"chichie1011","1","1","2"
"CHIDIKE","1","1","2"
"Chief_gogo","1","1","2"
"Chikamso","1","1","2"
"Chikg99","1","1","2"
"Chikin_Ilya","1","1","2"
"childishscampino","1","1","2"
"childprodigy007","1","1","2"
"chillaroo","1","1","2"
"chillybatman","1","1","2"
"chinchan2023","1","1","2"
"ChineseCappuccino","1","1","2"
"chingchong1908","1","1","2"
"Chingiz_Khanov","1","1","2"
"chingiz0708","1","1","2"
"Chinook1466","1","1","2"
"chiorbII","1","1","2"
"chipaps","1","1","2"
"ChipSmreks","1","1","2"
"chiquito_2386","1","1","2"
"Chirag_Shaha18","1","1","2"
"Chirag_sharma","1","1","2"
"chiramongus","1","1","2"
"chirath_chamakara","1","1","2"
"chirkinpetrysya2007","1","1","2"
"CHITEVIVE","1","1","2"
"Chittamuru","1","1","2"
"ChiumeChan","1","1","2"
"chokherbali","1","1","2"
"Cholliday31","1","1","2"
"choloq","1","1","2"
"chomik2011","1","1","2"
"chooserxx","1","1","2"
"Chopptimus","1","1","2"
"Choquito22","1","1","2"
"chorde","1","1","2"
"Choro","1","1","2"
"Chortik","1","1","2"
"Choskitar","1","1","2"
"chotkyi","1","1","2"
"chou-kris","1","1","2"
"chrichri77","1","1","2"
"Chris_wang","1","1","2"
"chris101122","1","1","2"
"chris20202020","1","1","2"
"Chris42400","1","1","2"
"chris699","1","1","2"
"ChrisAEM","1","1","2"
"chrisajedrezfischer8","1","1","2"
"CHRISBR777","1","1","2"
"CHRISDAA2014","1","1","2"
"Chrisdude","1","1","2"
"Chriselcinco","1","1","2"
"chrisfoxsr","1","1","2"
"Chrisfreecs","1","1","2"
"ChrisHDEZ","1","1","2"
"chrishunt04","1","1","2"
"chriskie","1","1","2"
"chrisotto","1","1","2"
"Christian_DavidC","1","1","2"
"Christian_Moenter","1","1","2"
"Christian_Sanchess","1","1","2"
"Christian_x","1","1","2"
"Christian-T","1","1","2"
"christianingram","1","1","2"
"ChristianRT12","1","1","2"
"christina_couchie","1","1","2"
"christof26","1","1","2"
"Christophe-Jouannis","1","1","2"
"ChristopherColombus","1","1","2"
"christopherloom","1","1","2"
"Christopherthomas123","1","1","2"
"Christos682","1","1","2"
"Christy-xx","1","1","2"
"chriz_23","1","1","2"
"chrtzb","1","1","2"
"chrusher97","1","1","2"
"chrzomszcz","1","1","2"
"ChSergey1","1","1","2"
"chshuhair","1","1","2"
"Chtin12","1","1","2"
"chuddy","1","1","2"
"chudy","1","1","2"
"chugukst","1","1","2"
"Chukathegoat","1","1","2"
"chuleaf","1","1","2"
"Chunguz_Karimov","1","1","2"
"chupacabra_x","1","1","2"
"churroboy","1","1","2"
"Chusik","1","1","2"
"chxfm","1","1","2"
"chxssmxnic","1","1","2"
"Chxssnoobie1","1","1","2"
"Chydremion","1","1","2"
"Cianra","1","1","2"
"ciaopal","1","1","2"
"Ciarin","1","1","2"
"CiberTechAtlantico","1","1","2"
"cicciocriscore","1","1","2"
"cienias_szachowy_77","1","1","2"
"Ciequ40","1","1","2"
"Ciferouse","1","1","2"
"cifonte2870","1","1","2"
"ciggiesaftersex","1","1","2"
"Cihan236453","1","1","2"
"cikarale1","1","1","2"
"cileklipudingg","1","1","2"
"cimcimcaku","1","1","2"
"Cinare199321","1","1","2"
"Cinarkandemir","1","1","2"
"cinderellaman81","1","1","2"
"cinematic500","1","1","2"
"cinnamon_winner","1","1","2"
"cipiti","1","1","2"
"cipriano_jean","1","1","2"
"Ciprianopqdt","1","1","2"
"cirujanodehierro","1","1","2"
"Cise73","1","1","2"
"Cista22","1","1","2"
"citizen-v","1","1","2"
"Citizen2021","1","1","2"
"cjacobs011","1","1","2"
"Cjdimsdale","1","1","2"
"cjheeezy","1","1","2"
"cjlean","1","1","2"
"CK47Penalty","1","1","2"
"ckaganc","1","1","2"
"CKAKAVedanth","1","1","2"
"Ckavirajj","1","1","2"
"ckblue","1","1","2"
"CKCvixuan2016","1","1","2"
"cl0ne6","1","1","2"
"cla3770","1","1","2"
"cLaeiN","1","1","2"
"Clairvocation","1","1","2"
"clam3851","1","1","2"
"claralai09","1","1","2"
"Clarisseeee","1","1","2"
"classicocg","1","1","2"
"classy_black","1","1","2"
"claudage","1","1","2"
"claudio_2014","1","1","2"
"Claudiodibba","1","1","2"
"clavonrus","1","1","2"
"claywise725","1","1","2"
"cleaciel","1","1","2"
"Cleanandchess","1","1","2"
"Cleanical","1","1","2"
"ClearlyNotMe","1","1","2"
"clebson_gon","1","1","2"
"Cleidson_Almeida","1","1","2"
"clekO5715147","1","1","2"
"Clemcoucou","1","1","2"
"clemley99","1","1","2"
"CleveDragon","1","1","2"
"CleverHunter","1","1","2"
"click_sas","1","1","2"
"Cliff21","1","1","2"
"Climaxx98","1","1","2"
"Climbick","1","1","2"
"Climent16","1","1","2"
"Climerio","1","1","2"
"clinthodges","1","1","2"
"Clintmageni","1","1","2"
"Clo45","1","1","2"
"closerfastlane","1","1","2"
"cloud909","1","1","2"
"clown3m","1","1","2"
"CLUB_CHESS_TUTORS","1","1","2"
"Cluckr","1","1","2"
"cluczynski","1","1","2"
"cluelessblueglue","1","1","2"
"ClydeBud","1","1","2"
"cmaud","1","1","2"
"cmc123cmc","1","1","2"
"cmdplease","1","1","2"
"cmerhn","1","1","2"
"cmjegadesh","1","1","2"
"cmrsantos","1","1","2"
"cmx-wt","1","1","2"
"Cnce","1","1","2"
"CNDBLOOD","1","1","2"
"CoachB70","1","1","2"
"coachdrew1","1","1","2"
"CoachFeratu","1","1","2"
"CoachG","1","1","2"
"Cobi1250","1","1","2"
"Cobra760","1","1","2"
"CobraKai67","1","1","2"
"cocacolaenjoyer","1","1","2"
"coccojamb0","1","1","2"
"coccym","1","1","2"
"coco132012","1","1","2"
"Coco1981","1","1","2"
"cocobeaches","1","1","2"
"Coconop","1","1","2"
"cocororo","1","1","2"
"code_wani","1","1","2"
"Codfish0707","1","1","2"
"Codo1","1","1","2"
"coescou","1","1","2"
"coffee247","1","1","2"
"Cogar7","1","1","2"
"cogen","1","1","2"
"Coheniano","1","1","2"
"Coinduction","1","1","2"
"Cokelek8903","1","1","2"
"cokeman72","1","1","2"
"cokka","1","1","2"
"cokoy","1","1","2"
"Col_Moreau","1","1","2"
"Col363","1","1","2"
"colbaca123","1","1","2"
"ColbysSuccessor","1","1","2"
"ColChomp","1","1","2"
"cold_as_ice","1","1","2"
"coldworld8","1","1","2"
"Coldy56","1","1","2"
"cole3133","1","1","2"
"ColeMillar","1","1","2"
"ColeQxe5","1","1","2"
"coletango","1","1","2"
"colincl","1","1","2"
"collectionyc","1","1","2"
"Collinsmaina","1","1","2"
"Colly254","1","1","2"
"colombian100spb","1","1","2"
"Com77","1","1","2"
"comedyChess","1","1","2"
"ComeonBarbie","1","1","2"
"cometoplay","1","1","2"
"comgang","1","1","2"
"comicninjaIsNotHere","1","1","2"
"commerce","1","1","2"
"Commissar_Shuee","1","1","2"
"commissionerlogatto","1","1","2"
"commonsenseii","1","1","2"
"CompErr","1","1","2"
"CompetitiveYoghurt7","1","1","2"
"Completelimit","1","1","2"
"completely_ignorant","1","1","2"
"computerassistedtoo","1","1","2"
"comwolf","1","1","2"
"ConanX7","1","1","2"
"ConciseKnightMove12","1","1","2"
"ConcreteCapa","1","1","2"
"ConditionalStatement","1","1","2"
"Confield","1","1","2"
"Confou1973","1","1","2"
"conke1","1","1","2"
"Conmano6o0f","1","1","2"
"Consortium","1","1","2"
"Constantayn","1","1","2"
"constantinuo","1","1","2"
"consul78","1","1","2"
"contr3","1","1","2"
"conz75","1","1","2"
"Cooca2001","1","1","2"
"CookedEggs23","1","1","2"
"cool900","1","1","2"
"CoolDeath","1","1","2"
"coolibuli","1","1","2"
"coolmane65","1","1","2"
"coolmoney","1","1","2"
"coolnit","1","1","2"
"coolraggedhope","1","1","2"
"CoolSlime1212","1","1","2"
"Cooper95","1","1","2"
"copernickas42","1","1","2"
"corcon","1","1","2"
"cordeiro2005","1","1","2"
"CoreSystem","1","1","2"
"Corgay","1","1","2"
"corificus","1","1","2"
"Corky50","1","1","2"
"CornBerryChessHeeeee","1","1","2"
"corner_of_chessboard","1","1","2"
"Cornerrr","1","1","2"
"CORNN","1","1","2"
"CORONERlost","1","1","2"
"corrazzzzz","1","1","2"
"CorujaMineira","1","1","2"
"Corvanno","1","1","2"
"coryh12345","1","1","2"
"CoSal","1","1","2"
"CosEmir","1","1","2"
"cosimo79","1","1","2"
"CosmicAlpha","1","1","2"
"CosmicCheckmate","1","1","2"
"cosmos3737","1","1","2"
"cosmos4","1","1","2"
"cosxdx","1","1","2"
"coszack","1","1","2"
"CountrysideM","1","1","2"
"Coussam","1","1","2"
"covart","1","1","2"
"cowerofheaven","1","1","2"
"cowmilkman","1","1","2"
"coysgran8","1","1","2"
"CozzlyCoz","1","1","2"
"CPMeena","1","1","2"
"cprezgar","1","1","2"
"cprudhom","1","1","2"
"cpstan","1","1","2"
"CpyPanosicom","1","1","2"
"cr00kshanks","1","1","2"
"Cr1155555","1","1","2"
"Cr4sti","1","1","2"
"CR7chessDos","1","1","2"
"Cra_ycusik","1","1","2"
"Crabistouille","1","1","2"
"craie","1","1","2"
"craigspigdavids","1","1","2"
"craitor","1","1","2"
"Cranyuri","1","1","2"
"Crapviller","1","1","2"
"Crasyrider64","1","1","2"
"Crazex","1","1","2"
"crazy_blunderman","1","1","2"
"Crazy07angel","1","1","2"
"Crazyboy0707","1","1","2"
"CRAZYDOG35","1","1","2"
"CrazyDuck66","1","1","2"
"crazyfoxs","1","1","2"
"CrazyJuice","1","1","2"
"crazySwede1981","1","1","2"
"creamsons","1","1","2"
"creatcond","1","1","2"
"Creative_thinkers","1","1","2"
"creatorbeats","1","1","2"
"Creeptonacio","1","1","2"
"crestuno","1","1","2"
"cretinowski","1","1","2"
"Cri11cio","1","1","2"
"cri2023","1","1","2"
"cricketbrain","1","1","2"
"Cricri68","1","1","2"
"Criftenma","1","1","2"
"crime_punishment","1","1","2"
"Criminal_Bishop","1","1","2"
"CriminalBizzy","1","1","2"
"cringeproducer","1","1","2"
"cris_08","1","1","2"
"cris2903","1","1","2"
"Criscrackosk","1","1","2"
"criscunha123","1","1","2"
"Crisispawn","1","1","2"
"criss12","1","1","2"
"Cristian-z","1","1","2"
"cristiancabe","1","1","2"
"CristianIC","1","1","2"
"cristiankantiano","1","1","2"
"cristianperez","1","1","2"
"CristianPessatti","1","1","2"
"CristianSonny","1","1","2"
"cristifero","1","1","2"
"Cristizero","1","1","2"
"cristobal010","1","1","2"
"Cristopher4i","1","1","2"
"criterfer","1","1","2"
"Crithaian","1","1","2"
"criticalrogue","1","1","2"
"cRMSD","1","1","2"
"crocodile-14","1","1","2"
"Crolmatrol","1","1","2"
"CroppKit","1","1","2"
"Crossroad1","1","1","2"
"crown3","1","1","2"
"CRRudra","1","1","2"
"crt999","1","1","2"
"cruffa","1","1","2"
"crush_gab","1","1","2"
"Crx54","1","1","2"
"Crydes","1","1","2"
"CryFox1812","1","1","2"
"Cryiin","1","1","2"
"Cryptiq","1","1","2"
"CryptoMailMan","1","1","2"
"CryptoVoodoo","1","1","2"
"Crystal_964","1","1","2"
"crystalhorizon","1","1","2"
"Crystalizing","1","1","2"
"cserhatijudit","1","1","2"
"cshallee","1","1","2"
"csniped","1","1","2"
"cso0403","1","1","2"
"CSpaete","1","1","2"
"cssns","1","1","2"
"ctacskill","1","1","2"
"ctawfik11","1","1","2"
"ctdchessdn011","1","1","2"
"cten547","1","1","2"
"Ctra105","1","1","2"
"cuadrado99","1","1","2"
"CuattroPrincesses","1","1","2"
"cuauhtemocvalencia","1","1","2"
"cucacho","1","1","2"
"cucarachaveloz","1","1","2"
"Cuchunitor","1","1","2"
"cuddlythroat","1","1","2"
"CUEN1974","1","1","2"
"CuevasGG","1","1","2"
"culito","1","1","2"
"cumulus200","1","1","2"
"cunbit","1","1","2"
"cuneytu","1","1","2"
"Cupcake1806","1","1","2"
"cupcakeseller420","1","1","2"
"Cupia","1","1","2"
"curiousguy2134","1","1","2"
"curruchurtu","1","1","2"
"curtarelli","1","1","2"
"CurtisLoew","1","1","2"
"Curv","1","1","2"
"cute_koala123","1","1","2"
"cutekiller","1","1","2"
"Cuthbert88","1","1","2"
"CutterFlam","1","1","2"
"cuttsy1974","1","1","2"
"CVSG_BTD","1","1","2"
"Cyanics","1","1","2"
"CyanideTablet","1","1","2"
"Cyanude","1","1","2"
"Cyb008800","1","1","2"
"cyb3r_k","1","1","2"
"cyberbrocoli","1","1","2"
"CyberC","1","1","2"
"Cybjorgen","1","1","2"
"cyborggeorge","1","1","2"
"cyclone_bzh","1","1","2"
"Cyclops27","1","1","2"
"Cyper1on","1","1","2"
"CypisM","1","1","2"
"CyrilPascal","1","1","2"
"cyrusvajifdar","1","1","2"
"czan7","1","1","2"
"czechmate420","1","1","2"
"d_amova","1","1","2"
"D_at_Epicenter","1","1","2"
"d_Ephesian","1","1","2"
"D_K_1","1","1","2"
"D_Nikol","1","1","2"
"d_viaan","1","1","2"
"D-Grandmaster","1","1","2"
"D-wight","1","1","2"
"D0n_Pabl0","1","1","2"
"d12111211211","1","1","2"
"D2WA","1","1","2"
"D3v1LMAYCRY","1","1","2"
"d4dandy","1","1","2"
"Da_Mascot","1","1","2"
"da-du","1","1","2"
"dabaaaa","1","1","2"
"Dabo30","1","1","2"
"daboi63","1","1","2"
"dacabeza1","1","1","2"
"dacasws","1","1","2"
"Dachuan557","1","1","2"
"Dad3G","1","1","2"
"dad42430","1","1","2"
"dadabro0707","1","1","2"
"dadbodomega","1","1","2"
"Daddy_large","1","1","2"
"daddymagnus1","1","1","2"
"Dadesh5","1","1","2"
"dadioloji0861","1","1","2"
"Dadopappo","1","1","2"
"DadoPogito","1","1","2"
"Dads1302","1","1","2"
"Dadyigor","1","1","2"
"daeeali","1","1","2"
"dafakim","1","1","2"
"dagadadamn_Son","1","1","2"
"Dai_Shan","1","1","2"
"dai12312","1","1","2"
"DaiJonesfromwales","1","1","2"
"DailyKorean","1","1","2"
"daire","1","1","2"
"Daisukex1","1","1","2"
"Daisy_Destroyer","1","1","2"
"Daisy82","1","1","2"
"daiwikjain221","1","1","2"
"Daiyizhe","1","1","2"
"dajj","1","1","2"
"Daksh_08_Grover","1","1","2"
"dakshsaxena2009","1","1","2"
"dakshu_thirumal","1","1","2"
"Daktari17","1","1","2"
"DalanN14","1","1","2"
"Dalili030512","1","1","2"
"DalMas71","1","1","2"
"Dalmatinac","1","1","2"
"Dalni","1","1","2"
"dalton759123","1","1","2"
"dalubor","1","1","2"
"daluwr1","1","1","2"
"damajj","1","1","2"
"Damann","1","1","2"
"damar2011","1","1","2"
"Damaso","1","1","2"
"Dambaev1980","1","1","2"
"Damian_Gonzalez","1","1","2"
"Damian0414","1","1","2"
"Damil666","1","1","2"
"Damir06092015","1","1","2"
"DamMakdak","1","1","2"
"DamNof","1","1","2"
"DamnXit","1","1","2"
"damonator93","1","1","2"
"DamonParsley","1","1","2"
"Damonyr","1","1","2"
"dan_zee","1","1","2"
"Dana-kh","1","1","2"
"danax2014","1","1","2"
"danbzg","1","1","2"
"DanceofTheKings","1","1","2"
"DanceOfTheKnights","1","1","2"
"danchess3","1","1","2"
"dancole10","1","1","2"
"DanCVLCNT","1","1","2"
"dandarie","1","1","2"
"dane4ka123427","1","1","2"
"Danesch74","1","1","2"
"Danessz","1","1","2"
"danet1959","1","1","2"
"DangerousDragon2011","1","1","2"
"DanGGTV","1","1","2"
"DangHoangAnh2015","1","1","2"
"DangKhoi2016THDT123","1","1","2"
"dangrs","1","1","2"
"dangtam33","1","1","2"
"dani_n91","1","1","2"
"Dani9217","1","1","2"
"DaniAlex98","1","1","2"
"danianchess2005","1","1","2"
"Danibls","1","1","2"
"danicaccin_9","1","1","2"
"Danichessibarz","1","1","2"
"Daniel_300","1","1","2"
"Daniel_Alberti_Ator","1","1","2"
"Daniel_Blunderberg","1","1","2"
"Daniel_carcamo","1","1","2"
"daniel_Cardenas95","1","1","2"
"daniel_cortez12","1","1","2"
"daniel_novotny","1","1","2"
"daniel_park_01","1","1","2"
"Daniel-Dey","1","1","2"
"Daniel-sandoval","1","1","2"
"Daniel0427","1","1","2"
"Daniel1261","1","1","2"
"daniel2son","1","1","2"
"Daniel379","1","1","2"
"daniel9310","1","1","2"
"danielalwayswins","1","1","2"
"DanielaOlivieri","1","1","2"
"danielatro97","1","1","2"
"DanielDM3","1","1","2"
"DanielDublin","1","1","2"
"daniele0698","1","1","2"
"Daniele71990","1","1","2"
"DanieleGtr95","1","1","2"
"danieleharunobu","1","1","2"
"Danielino2001","1","1","2"
"danieljunbob","1","1","2"
"Danielle_Unuigboje","1","1","2"
"DanielNC93","1","1","2"
"danieloviedo21","1","1","2"
"DanielPinto74","1","1","2"
"Danielrook","1","1","2"
"danielrp2698","1","1","2"
"danielsalvalaio","1","1","2"
"danielva13","1","1","2"
"Daniil_Turchak","1","1","2"
"Daniil-checkmate","1","1","2"
"DaniilIk","1","1","2"
"DaniilK_v","1","1","2"
"DaniilMakar","1","1","2"
"DaniilMukhatayev","1","1","2"
"DaniilsP","1","1","2"
"daniilzagornyi28","1","1","2"
"Danik_Hvo","1","1","2"
"danikmikhalevich","1","1","2"
"danil_shirik","1","1","2"
"danil15006","1","1","2"
"Danil47","1","1","2"
"Danila_Matyushenko","1","1","2"
"DanilAbdrazakov","1","1","2"
"DanilaSerg","1","1","2"
"DanilaSHMYGIN","1","1","2"
"DanilaUr","1","1","2"
"Danilinosan","1","1","2"
"danilohm","1","1","2"
"danilopretchaco","1","1","2"
"Daniloz","1","1","2"
"DanilVH","1","1","2"
"Daniosek","1","1","2"
"Danish_Haz","1","1","2"
"danishx","1","1","2"
"daniyalalikhany","1","1","2"
"Daniyar_Bekmatov","1","1","2"
"daniyar22","1","1","2"
"Danjyboi","1","1","2"
"DankUser556","1","1","2"
"DANNA_Y_RIOS_C","1","1","2"
"dannbagayaua","1","1","2"
"Danny0101O","1","1","2"
"Dannylee12","1","1","2"
"DannyMax","1","1","2"
"danoo26","1","1","2"
"Danoxes","1","1","2"
"danstiurca","1","1","2"
"danx461","1","1","2"
"Danya_kh","1","1","2"
"danya272","1","1","2"
"DanyaFedorov","1","1","2"
"DanyaGol","1","1","2"
"Danyaka_2016","1","1","2"
"DanyOk87","1","1","2"
"daoizm","1","1","2"
"daoying817","1","1","2"
"Dapro1234","1","1","2"
"daproguy","1","1","2"
"daraw","1","1","2"
"Daredemir","1","1","2"
"daredevil1729","1","1","2"
"DariBadmadorzhieva","1","1","2"
"DarienKarim","1","1","2"
"Darija2016","1","1","2"
"Darina_2014","1","1","2"
"darinap_2012","1","1","2"
"Dario_Presza","1","1","2"
"Dario0","1","1","2"
"dariofly","1","1","2"
"DarioMarz","1","1","2"
"DarioOssandon","1","1","2"
"Dariotis","1","1","2"
"Darius_Vamanu","1","1","2"
"Dariusa","1","1","2"
"dariush66","1","1","2"
"DariusMarsius","1","1","2"
"Dariuswins","1","1","2"
"darjeeling_A","1","1","2"
"dark_warlock","1","1","2"
"DarkDrago02","1","1","2"
"DarkElevate","1","1","2"
"darkhan228","1","1","2"
"darkhorse78","1","1","2"
"darkkblaze","1","1","2"
"darkknip","1","1","2"
"DarkLove224","1","1","2"
"DarkMessiah666","1","1","2"
"darkness01","1","1","2"
"darknessh","1","1","2"
"Darknessisyourcandle","1","1","2"
"DarkNight35","1","1","2"
"Darkoackerman","1","1","2"
"darkobb","1","1","2"
"DarkPhoenix010","1","1","2"
"Darkprincekiran","1","1","2"
"Darksowrd","1","1","2"
"DarkStarDashy","1","1","2"
"DarkWarrior07","1","1","2"
"darmawansyah","1","1","2"
"Darmo13","1","1","2"
"Darnet","1","1","2"
"daroach","1","1","2"
"Darrellbowl777","1","1","2"
"Darrencunny","1","1","2"
"darria_borisova21","1","1","2"
"darrie16","1","1","2"
"darsh_ahluwalia","1","1","2"
"Darsh_sh","1","1","2"
"darshan1947","1","1","2"
"Darshapp","1","1","2"
"Dart_Groznyi","1","1","2"
"Dartez","1","1","2"
"Darth_Miaule","1","1","2"
"Darth_Nihilist","1","1","2"
"DarthVaderVlad","1","1","2"
"Daruk2015","1","1","2"
"darush-lat","1","1","2"
"DarwinCreeper","1","1","2"
"Darwisy1233","1","1","2"
"darwisyabqory","1","1","2"
"Darwisyah_Eszrafiq","1","1","2"
"Darya_Kravchuk","1","1","2"
"Darya1386","1","1","2"
"darya999","1","1","2"
"Dasha-SKI","1","1","2"
"Dasha3002","1","1","2"
"dashaaleshina","1","1","2"
"DashaMaslova","1","1","2"
"DashaSmesharik","1","1","2"
"Dashka2000","1","1","2"
"dasHorsti","1","1","2"
"DasTierHund","1","1","2"
"Dastons","1","1","2"
"DasvirgensAnderson_2","1","1","2"
"Dati220611","1","1","2"
"Datophono","1","1","2"
"DattarajKvolvoikar","1","1","2"
"dauergolfer","1","1","2"
"Daulet123","1","1","2"
"DauletNurma","1","1","2"
"Daun166548","1","1","2"
"DauntlessEleven","1","1","2"
"Dauren1094","1","1","2"
"Dav1088","1","1","2"
"davabbb","1","1","2"
"davaro365bjk","1","1","2"
"Dave_0426","1","1","2"
"dave0","1","1","2"
"davebrenn","1","1","2"
"DaveKorir","1","1","2"
"Daverambo","1","1","2"
"davereich","1","1","2"
"David_099","1","1","2"
"David_HTV","1","1","2"
"David_Tito","1","1","2"
"David_x","1","1","2"
"David_z1987","1","1","2"
"David0133","1","1","2"
"David1955","1","1","2"
"david2619","1","1","2"
"David95331","1","1","2"
"Davidab","1","1","2"
"Davidchamp007","1","1","2"
"DavidCraig2020","1","1","2"
"davide9","1","1","2"
"davidfiorella","1","1","2"
"davidIP","1","1","2"
"Davidmetz","1","1","2"
"DaviDNP","1","1","2"
"Davidone777","1","1","2"
"davidoq","1","1","2"
"Davidpadel","1","1","2"
"DavidSanabria","1","1","2"
"DavidsGuterBot","1","1","2"
"Davidshaxmat","1","1","2"
"davidso94","1","1","2"
"DavidStahr","1","1","2"
"davidvalen","1","1","2"
"Davidwc","1","1","2"
"DavidWHS","1","1","2"
"davietwez","1","1","2"
"DaVinci265","1","1","2"
"davizoka113","1","1","2"
"davlat2009","1","1","2"
"Davosim","1","1","2"
"davronsattarov93","1","1","2"
"Davudov_Alex90887","1","1","2"
"davyd277","1","1","2"
"dawidkamil41","1","1","2"
"daxtersky","1","1","2"
"Dazed83","1","1","2"
"Dazhgra","1","1","2"
"Dazhrn_Giama","1","1","2"
"dazzZ13","1","1","2"
"DBHFB","1","1","2"
"dblinovsky","1","1","2"
"dc4t","1","1","2"
"dcera","1","1","2"
"DCLERCQ","1","1","2"
"dcoder_kz","1","1","2"
"dcole4","1","1","2"
"dcooper63","1","1","2"
"dcross","1","1","2"
"dcubas","1","1","2"
"dd22c4","1","1","2"
"dd33290","1","1","2"
"ddeniz65","1","1","2"
"ddiikk666","1","1","2"
"ddjcosta","1","1","2"
"ddlebouniouf","1","1","2"
"ddongchim","1","1","2"
"Ddx32","1","1","2"
"Ddyracer","1","1","2"
"Dead_Dreams","1","1","2"
"Deadlines_Over","1","1","2"
"deadsh0t_0","1","1","2"
"Deagoll","1","1","2"
"Dean_Omrad","1","1","2"
"Deandertalczyk","1","1","2"
"DeanLoo","1","1","2"
"dearmrkiran","1","1","2"
"Dearth_IQ","1","1","2"
"Debanjan_Dey555","1","1","2"
"Debany9126","1","1","2"
"Debasering","1","1","2"
"Debasish01","1","1","2"
"Debrajane","1","1","2"
"decentsoup","1","1","2"
"decmca","1","1","2"
"Decodering","1","1","2"
"decognito","1","1","2"
"ded_Zik","1","1","2"
"ded-victor","1","1","2"
"dedale59","1","1","2"
"dedekoyyy","1","1","2"
"dedichristian","1","1","2"
"DedMa3ajjj","1","1","2"
"Dedpool-177","1","1","2"
"DEEEVIL","1","1","2"
"deemark","1","1","2"
"DeeMON1983","1","1","2"
"Deeniz2003","1","1","2"
"DEEPAK2020UMT1422","1","1","2"
"deepakahaan","1","1","2"
"deepakarnav651","1","1","2"
"Deepaksingla1209","1","1","2"
"Deepamma","1","1","2"
"DeepBlue07","1","1","2"
"DeepBlue2023","1","1","2"
"DeepBlue55","1","1","2"
"deepblue785","1","1","2"
"deepknightking","1","1","2"
"DeepThoughtless","1","1","2"
"deepu_2023","1","1","2"
"Deepu_42","1","1","2"
"deestreet68","1","1","2"
"Deetlefry","1","1","2"
"DeezApplez","1","1","2"
"defaultzone","1","1","2"
"defender1234","1","1","2"
"DefinetelyNotSean","1","1","2"
"DefinitlyNotAChesPro","1","1","2"
"defrost","1","1","2"
"DeFun","1","1","2"
"DEGOD64","1","1","2"
"degster","1","1","2"
"Degwy94","1","1","2"
"DEHA2011","1","1","2"
"Deimos2023","1","1","2"
"Dekisa74","1","1","2"
"Dekliff1","1","1","2"
"Del-Castillo","1","1","2"
"DelboyTrotter","1","1","2"
"Delca_98","1","1","2"
"Delfo2020","1","1","2"
"Delice_Danone","1","1","2"
"Deliluca","1","1","2"
"delineo","1","1","2"
"dellfo","1","1","2"
"delpapakevin","1","1","2"
"delphbeast","1","1","2"
"deltacommand","1","1","2"
"deltauae","1","1","2"
"Delter87","1","1","2"
"Deltoid11","1","1","2"
"delvi911","1","1","2"
"Dema1979","1","1","2"
"Demande","1","1","2"
"Demian2707","1","1","2"
"Demid907","1","1","2"
"DemiGodAsura","1","1","2"
"demir1985","1","1","2"
"DemitryA","1","1","2"
"demoebius","1","1","2"
"demon656","1","1","2"
"demonio_mediador","1","1","2"
"DemonKing25","1","1","2"
"DemoNLogiC","1","1","2"
"Den12390","1","1","2"
"Den2810","1","1","2"
"Den35972","1","1","2"
"dencedence","1","1","2"
"Denchics","1","1","2"
"denima_m","1","1","2"
"Deniru_1991","1","1","2"
"Denis_44","1","1","2"
"Denis_Elizarov","1","1","2"
"Denis_Mizin","1","1","2"
"Denis_Zhila","1","1","2"
"Denis-Segin","1","1","2"
"Denis12345678","1","1","2"
"Denis198221","1","1","2"
"Denis86sw","1","1","2"
"DENISBernardNts","1","1","2"
"Denise79","1","1","2"
"deniseandh","1","1","2"
"denisgolubev82","1","1","2"
"DenisHaugh","1","1","2"
"denisizsibiri","1","1","2"
"DenisMaevsky","1","1","2"
"denistak","1","1","2"
"DenisTodirisca","1","1","2"
"denitopap","1","1","2"
"deniz_gokmen","1","1","2"
"denizenxx","1","1","2"
"denizozcn","1","1","2"
"deniztusuba31","1","1","2"
"denjo8618","1","1","2"
"Denmar1965","1","1","2"
"dennight","1","1","2"
"Dennis1000","1","1","2"
"Dennismendoza","1","1","2"
"dennkoff","1","1","2"
"Dentazor","1","1","2"
"DentMan89","1","1","2"
"Denver555","1","1","2"
"Denverisweak","1","1","2"
"DenverZorro84","1","1","2"
"DenVriskwName","1","1","2"
"Denys164","1","1","2"
"Denysfisenko","1","1","2"
"DeOkland","1","1","2"
"depense","1","1","2"
"DepeshJK","1","1","2"
"depik","1","1","2"
"Depinder","1","1","2"
"dEPuSf","1","1","2"
"Der_Absolute","1","1","2"
"der_glueckspilz","1","1","2"
"Der_Jasch","1","1","2"
"Der_ohne-Namen","1","1","2"
"Der_Schaufler","1","1","2"
"der-brutalla007","1","1","2"
"derakhshanian","1","1","2"
"DerBonner84","1","1","2"
"dercanzerstoerer","1","1","2"
"Derdennis1997","1","1","2"
"DerDerDuNichtBist","1","1","2"
"DerEchte0","1","1","2"
"DerEisenMaker","1","1","2"
"derekd2","1","1","2"
"derenbade_platin","1","1","2"
"Derfs204","1","1","2"
"Deridevil","1","1","2"
"Derik07","1","1","2"
"DerKritische","1","1","2"
"DerKultDesSoz","1","1","2"
"DERROTADOR","1","1","2"
"DerSachse","1","1","2"
"Dertukos","1","1","2"
"derunovsacha","1","1","2"
"DervisAjkic","1","1","2"
"DerWahreFuchs","1","1","2"
"derziger","1","1","2"
"Des94","1","1","2"
"desaenko","1","1","2"
"deshaa98mu","1","1","2"
"despetnik","1","1","2"
"Despicable_MT","1","1","2"
"dest_y","1","1","2"
"detderpoet","1","1","2"
"dev_radadia","1","1","2"
"deva_123456789","1","1","2"
"devamomp","1","1","2"
"Devanandan12","1","1","2"
"DevaNandhan","1","1","2"
"devanshlakhani","1","1","2"
"Devathageetanjali3","1","1","2"
"Devavrat03","1","1","2"
"devcam","1","1","2"
"Devere2023","1","1","2"
"Devesh_09","1","1","2"
"Devilblos","1","1","2"
"devilsgambit_1234","1","1","2"
"Devipriya","1","1","2"
"DevsharanDS","1","1","2"
"devu_rayaroth","1","1","2"
"dewa_catur99","1","1","2"
"DEWA_OCA_313","1","1","2"
"dewabrata","1","1","2"
"Dewey92","1","1","2"
"Dewmajster","1","1","2"
"Dewminachess","1","1","2"
"dewqq","1","1","2"
"dex-ter1","1","1","2"
"DexStarMafia","1","1","2"
"Dexter114","1","1","2"
"dextross","1","1","2"
"dexwaz","1","1","2"
"Deychess50","1","1","2"
"Deydiptayan","1","1","2"
"deyerson24","1","1","2"
"Deymon","1","1","2"
"dezn66","1","1","2"
"df63","1","1","2"
"Dfed34","1","1","2"
"dfilin","1","1","2"
"Dflach","1","1","2"
"dfreeman02","1","1","2"
"dftplayzchess","1","1","2"
"DG2015","1","1","2"
"dgbb","1","1","2"
"DGE_Ajedrez","1","1","2"
"dgkntr76","1","1","2"
"dGourav109","1","1","2"
"dgriffith4625","1","1","2"
"dgs_Chess","1","1","2"
"dh_aus_nh","1","1","2"
"dha-nush","1","1","2"
"Dhairyachess12","1","1","2"
"Dhananjay_12","1","1","2"
"DhaneshNeelraj","1","1","2"
"Dhanvanthdev","1","1","2"
"Dhaonan","1","1","2"
"Dhara18","1","1","2"
"Dharam_982","1","1","2"
"Dharmadog","1","1","2"
"Dharmendra_12","1","1","2"
"Dharmendra19831","1","1","2"
"Dharmik_vinod","1","1","2"
"Dhayaa","1","1","2"
"dhayor183","1","1","2"
"dhdd","1","1","2"
"dheerajmuvvala2014","1","1","2"
"dheerneel","1","1","2"
"dhen1217","1","1","2"
"DHGHS","1","1","2"
"Dhib","1","1","2"
"Dhiogo_Oliveira","1","1","2"
"DhirajGolani","1","1","2"
"Dhiru15","1","1","2"
"Dhivaaaa","1","1","2"
"DhIvYeEsH","1","1","2"
"Dhrishjibin","1","1","2"
"DHRUV_146","1","1","2"
"Dhruv3pm","1","1","2"
"Dhruva_Das","1","1","2"
"dhruvmaheshwarichess","1","1","2"
"DhruvN2014","1","1","2"
"Dhruvpalwai","1","1","2"
"DhruvyChaudhary","1","1","2"
"dhs918","1","1","2"
"Dhwanit1","1","1","2"
"DHYAN_DHYEY13","1","1","2"
"dia_kon","1","1","2"
"Diam64","1","1","2"
"Diamond_gol","1","1","2"
"Diana5552311","1","1","2"
"Diana5green_light","1","1","2"
"dianajaniyarova","1","1","2"
"diansr","1","1","2"
"Dias2_chess","1","1","2"
"dibe27","1","1","2"
"Dibha","1","1","2"
"Dibiboy","1","1","2"
"DibsJalandoni","1","1","2"
"dick_doang","1","1","2"
"Didepanku","1","1","2"
"DidierVC","1","1","2"
"DidiLilge","1","1","2"
"diego_Alvar3z","1","1","2"
"Diego_castellano","1","1","2"
"diego_rules","1","1","2"
"diego1983torres","1","1","2"
"diego69a","1","1","2"
"Diegoaguirrealdama","1","1","2"
"diegobarth","1","1","2"
"Diegogonzalez1979","1","1","2"
"Diegoro","1","1","2"
"Diekbeck","1","1","2"
"Diemer85","1","1","2"
"diemhangneeee","1","1","2"
"Dierk1961","1","1","2"
"diesz10","1","1","2"
"Dietapieta","1","1","2"
"Dietmar-the-destroye","1","1","2"
"diex10","1","1","2"
"difomin","1","1","2"
"digestiv","1","1","2"
"digestivemoney9","1","1","2"
"Dihego","1","1","2"
"DIK88","1","1","2"
"Dikons","1","1","2"
"dilai","1","1","2"
"Dileep_P_NamBiaR","1","1","2"
"dillon2006","1","1","2"
"Dim678","1","1","2"
"dima_adamenko_2016","1","1","2"
"Dima-2013","1","1","2"
"Dima-777","1","1","2"
"dima146","1","1","2"
"Dima2017g","1","1","2"
"Dima2024","1","1","2"
"Dima21082013","1","1","2"
"dimaad78","1","1","2"
"DimanLey","1","1","2"
"Dimano_Moosklau","1","1","2"
"Dimas111jr","1","1","2"
"Dimas692","1","1","2"
"DimasA123","1","1","2"
"dimasik2015","1","1","2"
"Dimasiks97","1","1","2"
"DimasikZub","1","1","2"
"Dimasindo","1","1","2"
"DimaSonn","1","1","2"
"Dimath2022","1","1","2"
"dimauno36","1","1","2"
"DimaZ_2014","1","1","2"
"DimaZvenigorod","1","1","2"
"DimBlack","1","1","2"
"dimchik04","1","1","2"
"dimcim","1","1","2"
"dimedd","1","1","2"
"dimitar1986","1","1","2"
"DimitriOrtega","1","1","2"
"DIMITRIS7","1","1","2"
"DimitrisKost","1","1","2"
"dimka-ua","1","1","2"
"dimkapianista","1","1","2"
"dimochak","1","1","2"
"Dimon2706","1","1","2"
"Dimon4elo","1","1","2"
"Dimon66","1","1","2"
"dimonrubin86","1","1","2"
"Dimsan69","1","1","2"
"dimthv","1","1","2"
"Dimuthuh","1","1","2"
"Din01","1","1","2"
"Din3sh","1","1","2"
"dina_tutu","1","1","2"
"dinar8707","1","1","2"
"Dinazor_Abi","1","1","2"
"dineshpatil","1","1","2"
"DineshRajput","1","1","2"
"DinGrogu64","1","1","2"
"Dinhomoreno","1","1","2"
"Dinios","1","1","2"
"DinithaN","1","1","2"
"dinlereren","1","1","2"
"Dinobugy","1","1","2"
"Dinoluk","1","1","2"
"dinzay","1","1","2"
"diogomeira","1","1","2"
"DIOMAIALeo","1","1","2"
"Dioneth","1","1","2"
"Dionisio2TC","1","1","2"
"DioShrewd","1","1","2"
"dioxidesss","1","1","2"
"Dipak-007","1","1","2"
"Dipakindia","1","1","2"
"dipakmehta","1","1","2"
"dipdj99","1","1","2"
"diplomat_077","1","1","2"
"diplovaw","1","1","2"
"DIPod","1","1","2"
"Dirk52","1","1","2"
"dirtlint","1","1","2"
"dirusequus","1","1","2"
"Disandu25","1","1","2"
"disant112","1","1","2"
"disembodied_brain","1","1","2"
"dishank01","1","1","2"
"dislikecheetahs","1","1","2"
"Distorter","1","1","2"
"ditchi75","1","1","2"
"DiurnalCat","1","1","2"
"Divanshu_chouhan","1","1","2"
"Divauc","1","1","2"
"DIVENIL","1","1","2"
"Divergeent","1","1","2"
"diverspongers","1","1","2"
"divi_na_v","1","1","2"
"Divine_Blaze","1","1","2"
"divyahlm","1","1","2"
"divyakavitha","1","1","2"
"DIVYANSH_LovesChess","1","1","2"
"Divyarajsinh0909","1","1","2"
"dixie7","1","1","2"
"dixsvihisiks","1","1","2"
"diyani_1234","1","1","2"
"diyar_sailau","1","1","2"
"Dj_BETOO","1","1","2"
"dj_Jakes_sa","1","1","2"
"dj_misha","1","1","2"
"DJ_Stalemate","1","1","2"
"Dja-Barra","1","1","2"
"djakprejak","1","1","2"
"DJALIN92","1","1","2"
"djamel_39","1","1","2"
"djay1976","1","1","2"
"Djazzy","1","1","2"
"djblacksheep","1","1","2"
"DjehutiTheScribe","1","1","2"
"djett21","1","1","2"
"djfjdkrjfn","1","1","2"
"Djobs","1","1","2"
"Djtof909","1","1","2"
"Djuguran","1","1","2"
"dkabanov","1","1","2"
"dkavyan","1","1","2"
"dkhafu","1","1","2"
"dkheyfets","1","1","2"
"dksady2","1","1","2"
"DL_CRONUS","1","1","2"
"dla77","1","1","2"
"dlearnerm","1","1","2"
"dllor","1","1","2"
"dlmarche","1","1","2"
"dlwyatt","1","1","2"
"dm159159","1","1","2"
"dm1trio","1","1","2"
"dmamujee","1","1","2"
"DMATH","1","1","2"
"DMBreda","1","1","2"
"DMIST13","1","1","2"
"dmitiv","1","1","2"
"Dmitri1952","1","1","2"
"Dmitrii_Y","1","1","2"
"Dmitrii-K","1","1","2"
"Dmitriy_2010","1","1","2"
"Dmitriy_51-08","1","1","2"
"DMITRIY_MDS","1","1","2"
"Dmitriy2022","1","1","2"
"Dmitriy2718","1","1","2"
"Dmitriycat85","1","1","2"
"DmitriZaharin","1","1","2"
"DMITRY_Gomel","1","1","2"
"Dmitry_T_2013","1","1","2"
"Dmitry1750","1","1","2"
"Dmitry71","1","1","2"
"DmitryDubin","1","1","2"
"DmitryFes","1","1","2"
"dmitrykm","1","1","2"
"DmitryLinnik","1","1","2"
"DmitryPopov_48","1","1","2"
"DmitryTim65","1","1","2"
"DMKa248","1","1","2"
"dmoritz","1","1","2"
"DmT34","1","1","2"
"dmuigo","1","1","2"
"Dmull20","1","1","2"
"Dmytrislavo","1","1","2"
"Dmytro_27_11","1","1","2"
"DMZ_RU","1","1","2"
"DNKlesov","1","1","2"
"dnns_dx","1","1","2"
"dnp_4","1","1","2"
"DNRook","1","1","2"
"dnzygt","1","1","2"
"do44nantes","1","1","2"
"Dobrey_kustic","1","1","2"
"Dobriyveter","1","1","2"
"DobrodeyUA","1","1","2"
"Dobrovsky","1","1","2"
"DobryZlyBrzydki","1","1","2"
"Doc_karim","1","1","2"
"Doc-Loose-Goose","1","1","2"
"doc6jv","1","1","2"
"docent90","1","1","2"
"DocLivsi","1","1","2"
"Doctor_RaDY","1","1","2"
"doctor_sasa","1","1","2"
"Doctor1975","1","1","2"
"doctorlupi","1","1","2"
"doctormhmd","1","1","2"
"DoctorVashist","1","1","2"
"dodongsuan","1","1","2"
"Dog18","1","1","2"
"dogan_2","1","1","2"
"dogikuti","1","1","2"
"dogron","1","1","2"
"dogukankarakocc","1","1","2"
"Doichaos","1","1","2"
"DOJLID","1","1","2"
"DOksana","1","1","2"
"Doktor_Sanchez","1","1","2"
"Doktor-L","1","1","2"
"dokz","1","1","2"
"Dolf_D","1","1","2"
"dolfin2016","1","1","2"
"Dolgogitel","1","1","2"
"Dollamani_chess","1","1","2"
"dollyesm","1","1","2"
"dolsinea48","1","1","2"
"DOMADORDEVENECAS_123","1","1","2"
"Domatron","1","1","2"
"Domeczek","1","1","2"
"DomenicoGuglielmi","1","1","2"
"domgarcia","1","1","2"
"DominguezYates","1","1","2"
"Dominik_Dumanskyi","1","1","2"
"domlovemaikk","1","1","2"
"dommay","1","1","2"
"domytoo","1","1","2"
"Don_Hulio","1","1","2"
"don_saharok","1","1","2"
"Don_wawi","1","1","2"
"Don333","1","1","2"
"Don4ick","1","1","2"
"DonaldTrompus","1","1","2"
"DonerCurcan","1","1","2"
"DonieDarko","1","1","2"
"Donker","1","1","2"
"Donkeykiller15","1","1","2"
"DonkeyWinsChess","1","1","2"
"Donkianek","1","1","2"
"DonkyShot","1","1","2"
"Donney","1","1","2"
"DonnieDarko86","1","1","2"
"Donny_Trump","1","1","2"
"donny1975","1","1","2"
"Donnywas","1","1","2"
"donozaurus","1","1","2"
"DonQuijote72","1","1","2"
"donriii","1","1","2"
"DONSKI007","1","1","2"
"DonSosa666","1","1","2"
"donThotta","1","1","2"
"DonTonhio","1","1","2"
"DontTakeYourTimePLZ","1","1","2"
"dooon13","1","1","2"
"Dooonia","1","1","2"
"dooop","1","1","2"
"Dora_x","1","1","2"
"Doraemon1293","1","1","2"
"dorelchircea","1","1","2"
"doriath","1","1","2"
"dorinand","1","1","2"
"doroliva22","1","1","2"
"doronkas63","1","1","2"
"Dorrego","1","1","2"
"Dorsdt","1","1","2"
"Dorzh0","1","1","2"
"dos_torres","1","1","2"
"Doshik9","1","1","2"
"Dot_X3","1","1","2"
"dotalg","1","1","2"
"dotaliens","1","1","2"
"Douayou","1","1","2"
"Double77G","1","1","2"
"doublebarrel","1","1","2"
"doubzii","1","1","2"
"dougedennis","1","1","2"
"douglassfashionable","1","1","2"
"Douroucoulii","1","1","2"
"DouSpinoza","1","1","2"
"doutcho","1","1","2"
"Dovahkiin001","1","1","2"
"dovebrami","1","1","2"
"doxaburi","1","1","2"
"doyeonkim","1","1","2"
"DozenPlays","1","1","2"
"dozzleone","1","1","2"
"Dp_2gammaR_1","1","1","2"
"Dpanos","1","1","2"
"dparron","1","1","2"
"Dpb22","1","1","2"
"Dr_Drunk_Einstein","1","1","2"
"Dr_Drunky","1","1","2"
"dr_ghassan","1","1","2"
"Dr_Grubby","1","1","2"
"Dr_Mahdi","1","1","2"
"Dr_MoHaMeD00","1","1","2"
"Dr_MustDieKa","1","1","2"
"Dr_N00B","1","1","2"
"Dr_Openheineken","1","1","2"
"Dr_Parad0x","1","1","2"
"Dr_RBB","1","1","2"
"Dr_Sammy","1","1","2"
"Dr_Vyser","1","1","2"
"Dr-LioN","1","1","2"
"Dr-Moaz","1","1","2"
"Drachenfestung","1","1","2"
"DracoSpyro","1","1","2"
"dracoviron","1","1","2"
"dracoxx31","1","1","2"
"Dracula146","1","1","2"
"dracula1977","1","1","2"
"Drademo","1","1","2"
"dradm19","1","1","2"
"dragdrag","1","1","2"
"Dragerton","1","1","2"
"dragmen001cz","1","1","2"
"dragnar07","1","1","2"
"Dragola98","1","1","2"
"dragon_ken","1","1","2"
"dragon-head-pig","1","1","2"
"dragonchess63","1","1","2"
"dragwan","1","1","2"
"drainceo","1","1","2"
"Drake36555","1","1","2"
"Dralsaadi","1","1","2"
"DrAnurag","1","1","2"
"drath29","1","1","2"
"DraugLuin","1","1","2"
"DrBadger","1","1","2"
"DrBalkrishnaSharma","1","1","2"
"DrBerms","1","1","2"
"DrBlue9","1","1","2"
"drchessmaster_tr","1","1","2"
"drdaga","1","1","2"
"Drdentchess","1","1","2"
"drdoremonkk21","1","1","2"
"DrDrunkenstein1234","1","1","2"
"DrDubious","1","1","2"
"dreamdimdreamdim","1","1","2"
"Drecapf","1","1","2"
"DreckamsteckenNicht","1","1","2"
"Dreco1972","1","1","2"
"Dreesu","1","1","2"
"Dreke1956","1","1","2"
"drente120","1","1","2"
"Drew_04","1","1","2"
"drewcanine","1","1","2"
"Drewimus","1","1","2"
"DrHamzawy99999","1","1","2"
"Drhanijo","1","1","2"
"DrianInnocent","1","1","2"
"drieu92","1","1","2"
"drift618","1","1","2"
"driftmen333","1","1","2"
"drimo_dile","1","1","2"
"drip_philipp","1","1","2"
"dritchy","1","1","2"
"driver01","1","1","2"
"drivera17","1","1","2"
"Drivereasy","1","1","2"
"Drjalol65","1","1","2"
"DrJealousAhoIDII","1","1","2"
"drkhrs26","1","1","2"
"DrLecter00","1","1","2"
"DrLuksch","1","1","2"
"DRMelo45","1","1","2"
"drmgmegy","1","1","2"
"DRmohammedsherif","1","1","2"
"DrNoBody97","1","1","2"
"drokonov","1","1","2"
"Dron79","1","1","2"
"DronPatriot","1","1","2"
"Droptozero","1","1","2"
"Drozos","1","1","2"
"DrPande","1","1","2"
"DrPFTB","1","1","2"
"drravirt","1","1","2"
"drreal33","1","1","2"
"drrnaty","1","1","2"
"DrSnuggles13","1","1","2"
"DrSoeKK","1","1","2"
"DrST0NED","1","1","2"
"DrTechnique","1","1","2"
"DrTre7","1","1","2"
"drunicorn","1","1","2"
"drunken_fool","1","1","2"
"drunken_knight69","1","1","2"
"DrunkSean","1","1","2"
"druv_0202","1","1","2"
"DrWuo","1","1","2"
"dryman2","1","1","2"
"DrYounes","1","1","2"
"DrZezo","1","1","2"
"dsaltiveri","1","1","2"
"dscheremnykh","1","1","2"
"dscorpio0","1","1","2"
"DShehan99","1","1","2"
"dsj123","1","1","2"
"dsolan","1","1","2"
"Dsowsy","1","1","2"
"DSPking","1","1","2"
"dspush","1","1","2"
"Dsrk22","1","1","2"
"dsstepien","1","1","2"
"DSTV12345678","1","1","2"
"dt_Stefaniya_12St","1","1","2"
"dtdevens","1","1","2"
"DTH_chaungan","1","1","2"
"DTH_liam","1","1","2"
"dtinevra","1","1","2"
"dtjut8u","1","1","2"
"dtkanashiro","1","1","2"
"dtlmetsfan","1","1","2"
"DTmers","1","1","2"
"Dtravailloux","1","1","2"
"dturkar","1","1","2"
"dubey_aditi","1","1","2"
"Dubov88","1","1","2"
"ducanhlai","1","1","2"
"ducber","1","1","2"
"duck968","1","1","2"
"duckboy5525","1","1","2"
"ducklogico","1","1","2"
"ducky1950","1","1","2"
"ducky818","1","1","2"
"DudaF","1","1","2"
"dudasantos01","1","1","2"
"Dudi13","1","1","2"
"dudinha26","1","1","2"
"dudoy21","1","1","2"
"dudz07","1","1","2"
"Duedon","1","1","2"
"DueesDerDrucker","1","1","2"
"Duemossealloro","1","1","2"
"Duesseldorf-Andy","1","1","2"
"Duf-Px1","1","1","2"
"duggu008","1","1","2"
"dugguSamir","1","1","2"
"duhboss","1","1","2"
"Duhmuch","1","1","2"
"Duke39","1","1","2"
"DukeSilver03","1","1","2"
"dulat12","1","1","2"
"dulbrev","1","1","2"
"dum-ASF_76","1","1","2"
"dumami","1","1","2"
"dumd98","1","1","2"
"Dumspirosper0","1","1","2"
"Duncan3411","1","1","2"
"DuncanIdaho81","1","1","2"
"Dunning-Kruger97","1","1","2"
"dunzinmaster","1","1","2"
"duonggranhmatto","1","1","2"
"DuoSonic","1","1","2"
"Dupk001","1","1","2"
"dupu202","1","1","2"
"dupu203","1","1","2"
"Duque_de_Iguataua","1","1","2"
"duracell314","1","1","2"
"durachyok","1","1","2"
"durgesh697","1","1","2"
"durimsha","1","1","2"
"durjoyshamim","1","1","2"
"Durma_X","1","1","2"
"durvaBomble","1","1","2"
"durvang","1","1","2"
"dusandavidovic","1","1","2"
"dusann28","1","1","2"
"DusanTop","1","1","2"
"Dushes_Andreev","1","1","2"
"DushesA","1","1","2"
"dushyant12rose","1","1","2"
"dusiawise","1","1","2"
"dusic","1","1","2"
"dusqobil","1","1","2"
"dust_brother","1","1","2"
"dustbek","1","1","2"
"dustimus","1","1","2"
"dustinshim13","1","1","2"
"DutchDestroyer1989","1","1","2"
"DutchVader","1","1","2"
"Dutydad","1","1","2"
"Duvan_Durango","1","1","2"
"Duxinzhe1009","1","1","2"
"duythyt","1","1","2"
"Dvanterprise","1","1","2"
"dvdlpg","1","1","2"
"dveggalam","1","1","2"
"Dvyne","1","1","2"
"dw2bs","1","1","2"
"Dwayne_Bren","1","1","2"
"DweejSharma","1","1","2"
"dwij3","1","1","2"
"dws","1","1","2"
"dxzeek","1","1","2"
"dy8s","1","1","2"
"Dyachkov","1","1","2"
"Dyamesh2011","1","1","2"
"dyb4hzvo","1","1","2"
"Dyiaaeldeen","1","1","2"
"dying_star","1","1","2"
"Dylan1ETDA","1","1","2"
"DylanCarroll","1","1","2"
"dylanemilwalter","1","1","2"
"dylanlanz10","1","1","2"
"DYLANLEN","1","1","2"
"Dylwins321","1","1","2"
"dyma77","1","1","2"
"DYOD","1","1","2"
"dyutismita2022","1","1","2"
"Dyyno5608","1","1","2"
"Dzakiur","1","1","2"
"dzakiyy","1","1","2"
"dzanett","1","1","2"
"dzejkobjepan","1","1","2"
"dzhdan","1","1","2"
"Dzhigoriy","1","1","2"
"dzibbu","1","1","2"
"Dzidoris","1","1","2"
"DzmitryK","1","1","2"
"DZOKAR","1","1","2"
"dzoni_haubica","1","1","2"
"Dzumba","1","1","2"
"Dzzoma19","1","1","2"
"E_acan18","1","1","2"
"E_mcc","1","1","2"
"E_Mouawad","1","1","2"
"E-l-e-c-t-r-o","1","1","2"
"e4e5f4exf4nicht","1","1","2"
"eagerbeagle","1","1","2"
"Eagertolearn","1","1","2"
"Eaglee42","1","1","2"
"eagleflyinginthesky","1","1","2"
"EAleksE","1","1","2"
"Eaming1","1","1","2"
"Eant","1","1","2"
"earlbach","1","1","2"
"Earv313","1","1","2"
"EasyWin4U1959","1","1","2"
"EatWasps","1","1","2"
"Eaucine_AB","1","1","2"
"ebanator2281","1","1","2"
"Ebar_v_chess","1","1","2"
"ebcsont","1","1","2"
"Eberbacheroldman","1","1","2"
"eberth43545353534534","1","1","2"
"ebnerbonur","1","1","2"
"eboluk34","1","1","2"
"EbonowySzyderca","1","1","2"
"ebra997","1","1","2"
"ebram_gampet","1","1","2"
"Ecaleia","1","1","2"
"ecarulla","1","1","2"
"Ecgos","1","1","2"
"echec-et-math-arthur","1","1","2"
"Ecneret74","1","1","2"
"ecrin4102","1","1","2"
"Ecrub_54","1","1","2"
"Ed_102","1","1","2"
"Ed-wins","1","1","2"
"Ed1967","1","1","2"
"Ed2828","1","1","2"
"EdBeck365","1","1","2"
"Edd_Casper","1","1","2"
"eddaaa","1","1","2"
"eddichess","1","1","2"
"eddie_paras","1","1","2"
"eddyabdo98","1","1","2"
"EddyBb","1","1","2"
"Eddysam1","1","1","2"
"eddyvargas2000","1","1","2"
"Edel_Joschek","1","1","2"
"Edgar_Eliel","1","1","2"
"Edgar73","1","1","2"
"EdgarPo1849","1","1","2"
"edi039","1","1","2"
"edik1975","1","1","2"
"Edilso_Campos","1","1","2"
"edisonareco","1","1","2"
"ediz2352","1","1","2"
"Edluzan1234","1","1","2"
"edmure","1","1","2"
"Edo_97","1","1","2"
"Edo_BapasTPI","1","1","2"
"edofra1312","1","1","2"
"edogiacomo","1","1","2"
"Edris786","1","1","2"
"EdSaPe","1","1","2"
"Edster","1","1","2"
"Edu_merlo","1","1","2"
"edu_pereira","1","1","2"
"Edu_R","1","1","2"
"EduardDuca","1","1","2"
"EduardDyckman","1","1","2"
"Eduardo_201023","1","1","2"
"EDUARDO_A_RIOS_C","1","1","2"
"EduardoBrasil305","1","1","2"
"EduardoMagalhaes","1","1","2"
"eduardoP","1","1","2"
"EduardoR86","1","1","2"
"EduardoRaulCimolai","1","1","2"
"edubace1","1","1","2"
"edudavid_D","1","1","2"
"Edujanduis001","1","1","2"
"eduuf","1","1","2"
"eduzor","1","1","2"
"edvard_888","1","1","2"
"Edvard220701","1","1","2"
"Edward626","1","1","2"
"EdwardAlcedo","1","1","2"
"edwarddapogi","1","1","2"
"edwin_lg1","1","1","2"
"Edwin311525","1","1","2"
"edwincv0","1","1","2"
"EdwinLauByon","1","1","2"
"EdwinrajP","1","1","2"
"edyhoro","1","1","2"
"Edzie","1","1","2"
"eeeeeeeeeeeeno","1","1","2"
"Eeksk","1","1","2"
"EenkheE","1","1","2"
"Efecan","1","1","2"
"EfeKemendi4","1","1","2"
"efetal08","1","1","2"
"effectt","1","1","2"
"Effray","1","1","2"
"efil_ym_fo_flah","1","1","2"
"Efkan57","1","1","2"
"EFOS","1","1","2"
"efourefiveffour","1","1","2"
"Efren047","1","1","2"
"efstfeyf","1","1","2"
"EFT20","1","1","2"
"Egamov","1","1","2"
"Egbaboy","1","1","2"
"Ege_Turnuva","1","1","2"
"Ege-06","1","1","2"
"EGE1010","1","1","2"
"Egeans","1","1","2"
"egedfgtt","1","1","2"
"egeege123","1","1","2"
"egehancumali123","1","1","2"
"EgemenCiftci","1","1","2"
"egemenerdem5","1","1","2"
"egerkiralyno","1","1","2"
"egeunlu1","1","1","2"
"Egg-Cat","1","1","2"
"eggywaffle24","1","1","2"
"egor_saltykovss","1","1","2"
"egor1805","1","1","2"
"EgoRaptor7","1","1","2"
"egorbatov","1","1","2"
"Egorcogan","1","1","2"
"egorcs","1","1","2"
"Egorios213","1","1","2"
"egorkagork","1","1","2"
"EgorOnufriychuk","1","1","2"
"EgorovPV2013","1","1","2"
"EgorPerepecho","1","1","2"
"EgorPetrovi4","1","1","2"
"EgorPshennikov","1","1","2"
"EgorShev","1","1","2"
"EgorTyrichev","1","1","2"
"egospb","1","1","2"
"eguevara0728","1","1","2"
"Egyz","1","1","2"
"Ehab_95","1","1","2"
"Ehab_Mohammed","1","1","2"
"EHchesshacks","1","1","2"
"ehddnths","1","1","2"
"Ehr1men","1","1","2"
"ehsanrahmati41903218","1","1","2"
"ehsanshahin","1","1","2"
"ehsanzare375","1","1","2"
"Ehsv123","1","1","2"
"Ehte1","1","1","2"
"ehteshamzaka1983","1","1","2"
"EHWood","1","1","2"
"Eichelober","1","1","2"
"Eigon24","1","1","2"
"eiliam","1","1","2"
"einar54","1","1","2"
"einilvillca","1","1","2"
"Einm","1","1","2"
"einmysterium","1","1","2"
"eiontoll","1","1","2"
"eircsan","1","1","2"
"Eisuza","1","1","2"
"ejazameera","1","1","2"
"ejbolanost","1","1","2"
"ejegiof","1","1","2"
"EJH-1123","1","1","2"
"EJWAB","1","1","2"
"ekani12","1","1","2"
"Ekanshpralin","1","1","2"
"ekateri01","1","1","2"
"eke83","1","1","2"
"ekelms","1","1","2"
"ekfreeman","1","1","2"
"eKimz21","1","1","2"
"ekmitha1234","1","1","2"
"Ekoca2","1","1","2"
"ekraj","1","1","2"
"Ekremofficial","1","1","2"
"Ekvatorlu","1","1","2"
"el_casino","1","1","2"
"el_gato29","1","1","2"
"el_gendy","1","1","2"
"El_Murad","1","1","2"
"El_Primch","1","1","2"
"EL_TRANSPORTISTA","1","1","2"
"El_Vinzoo","1","1","2"
"EL-alcande","1","1","2"
"el-escorpion_84","1","1","2"
"EL-EXTERMINADOR1","1","1","2"
"EL-mohands","1","1","2"
"El-Rey-Perdedor","1","1","2"
"El-Zoco","1","1","2"
"EL3VEN","1","1","2"
"elaangel","1","1","2"
"Elamin18","1","1","2"
"ElangPutih_98","1","1","2"
"elaoudy","1","1","2"
"ElaOzkozaci","1","1","2"
"ElarabyMD","1","1","2"
"Elastok","1","1","2"
"elastro","1","1","2"
"Elavator","1","1","2"
"ELBALDOO","1","1","2"
"ElBanna","1","1","2"
"elbartom","1","1","2"
"Elbasco64","1","1","2"
"elbdr85","1","1","2"
"elbob2004","1","1","2"
"ElBollo","1","1","2"
"Elbot5223","1","1","2"
"Elbtochetas","1","1","2"
"Elcheikh77","1","1","2"
"elchu999","1","1","2"
"elcinumid","1","1","2"
"ElCipres","1","1","2"
"elcoronely","1","1","2"
"EldarNR","1","1","2"
"Elden","1","1","2"
"eldesokey012013","1","1","2"
"eleazarsam83","1","1","2"
"Electro_1315","1","1","2"
"ElectroN4ick","1","1","2"
"elektrikar","1","1","2"
"elena1394","1","1","2"
"elenabeauty091","1","1","2"
"ElenaTer","1","1","2"
"Eleodoro","1","1","2"
"eleonora65","1","1","2"
"Elephant1963","1","1","2"
"Elephant5","1","1","2"
"ElephantCastle","1","1","2"
"Elevenevele11","1","1","2"
"elfangorhs","1","1","2"
"Elfenpopo","1","1","2"
"elgalgo72","1","1","2"
"elgohary3121","1","1","2"
"elgorrion","1","1","2"
"Elgrandedyonisos","1","1","2"
"Elhamamsy777","1","1","2"
"Elhedek777","1","1","2"
"Eli_Elmer","1","1","2"
"Eli-Jahu","1","1","2"
"eli31275","1","1","2"
"elia5364","1","1","2"
"EliaMF","1","1","2"
"eliasabedi","1","1","2"
"Eliasburvenich","1","1","2"
"EliasMabotja","1","1","2"
"Elif61-61","1","1","2"
"elifcetinn","1","1","2"
"elifdefneavgan","1","1","2"
"Elifnazkzr2015","1","1","2"
"Elimini101","1","1","2"
"Elina3737","1","1","2"
"Elina5752310","1","1","2"
"Eliolhenry","1","1","2"
"Elisa222","1","1","2"
"Elisan556","1","1","2"
"elitaliano","1","1","2"
"Elite_Dangerous","1","1","2"
"EliteWasTaken","1","1","2"
"Elitoncsd","1","1","2"
"eliyabm","1","1","2"
"eliz1586","1","1","2"
"Elizabethch67","1","1","2"
"Elizarraraz","1","1","2"
"ElizaSin0807","1","1","2"
"Elizavita-rt","1","1","2"
"ElizeEdwards","1","1","2"
"EljaSoulrare","1","1","2"
"eljuanCHINO","1","1","2"
"ELKADY94","1","1","2"
"elkadyOmar","1","1","2"
"ElkingHesham2006","1","1","2"
"Ell_ob","1","1","2"
"ellie100","1","1","2"
"Elliexa","1","1","2"
"elliotlong","1","1","2"
"Elloxzy","1","1","2"
"ellsworthng","1","1","2"
"ELLUAL1","1","1","2"
"elluif","1","1","2"
"Ellure","1","1","2"
"ellyc4096","1","1","2"
"Elmady","1","1","2"
"elman1392","1","1","2"
"Elmar","1","1","2"
"Elmasterdeajedrez","1","1","2"
"elmejordesrgentina","1","1","2"
"ElMesias4000","1","1","2"
"elnegropablo","1","1","2"
"Elnoni14","1","1","2"
"ElnurRzayev","1","1","2"
"elo100tryhard","1","1","2"
"eloherbapol","1","1","2"
"eloigi","1","1","2"
"Elokdagm","1","1","2"
"elolavo","1","1","2"
"elonelon2021","1","1","2"
"eloniq","1","1","2"
"Elpeonjdf","1","1","2"
"ElPepe10-1","1","1","2"
"ElRood","1","1","2"
"Elsa_shakouri","1","1","2"
"elsaamo","1","1","2"
"elsaanna165","1","1","2"
"elsaisla","1","1","2"
"elsba3i22","1","1","2"
"elses_hoseinzadeh","1","1","2"
"Elshat1998","1","1","2"
"elsuico","1","1","2"
"elsuperpepe","1","1","2"
"elthamare","1","1","2"
"ElthonTaopan07","1","1","2"
"ElTocho13131313","1","1","2"
"eltominator","1","1","2"
"eltonpotter","1","1","2"
"eltototo","1","1","2"
"Elvec","1","1","2"
"elvin2004","1","1","2"
"elvryn","1","1","2"
"Elwerion-Ryladi","1","1","2"
"elyanevolina23","1","1","2"
"Elyar2012","1","1","2"
"elyar91","1","1","2"
"elzarman","1","1","2"
"elze_emizt","1","1","2"
"ElZOZ565553","1","1","2"
"eman789","1","1","2"
"Emanuel_miguel","1","1","2"
"emara2553","1","1","2"
"EmaSega","1","1","2"
"ematoma5","1","1","2"
"Emayg","1","1","2"
"eMCBass33","1","1","2"
"Emelyanov_87","1","1","2"
"Emeraldmind","1","1","2"
"Emerson0823","1","1","2"
"EmersonWl","1","1","2"
"emeute","1","1","2"
"EMGRI714","1","1","2"
"Emil1310","1","1","2"
"emilchess1","1","1","2"
"Emileagle","1","1","2"
"emilewillmott","1","1","2"
"EmilianGoethe","1","1","2"
"Emiliano_deleija","1","1","2"
"emiliano094","1","1","2"
"emiliano83","1","1","2"
"emilianozapata","1","1","2"
"EMILIOER2015","1","1","2"
"EmilioGutierrezCep","1","1","2"
"EmilioMeregalli","1","1","2"
"emilioop","1","1","2"
"emiliorodriguezlopez","1","1","2"
"Emilious","1","1","2"
"emilnedisan","1","1","2"
"Emilo_Ayora10","1","1","2"
"emilsone","1","1","2"
"Emily04vayne","1","1","2"
"Emin_G11","1","1","2"
"emir55emir55","1","1","2"
"emir5tk","1","1","2"
"Emiraliii01","1","1","2"
"emirbatu33","1","1","2"
"Emirhan_3890v2","1","1","2"
"Emirshn55","1","1","2"
"EmirSurmelioglu","1","1","2"
"emirtvsn2","1","1","2"
"emirvardar","1","1","2"
"EmirY13","1","1","2"
"emKayylmao","1","1","2"
"Emma2103","1","1","2"
"emmaliebtdich1312","1","1","2"
"emmanjeanation28","1","1","2"
"Emmanuel183197","1","1","2"
"EmmasHouse","1","1","2"
"Emmettiscool","1","1","2"
"emmmasonic","1","1","2"
"Emmo-Maldives","1","1","2"
"Emotionsbefreit","1","1","2"
"emp17344","1","1","2"
"Emperorbigboi","1","1","2"
"EmpEvangelos","1","1","2"
"EMPIRE_OF_NIMOT","1","1","2"
"Empty1nside","1","1","2"
"emrekrks2","1","1","2"
"emrepayne","1","1","2"
"emreuzun1","1","1","2"
"emreygtt","1","1","2"
"emsicute","1","1","2"
"emsocher","1","1","2"
"EmunahAletheia","1","1","2"
"emvl","1","1","2"
"emyouramzi","1","1","2"
"en_Rock_and_Roll","1","1","2"
"En6L3ss","1","1","2"
"Enamame","1","1","2"
"endeed_12","1","1","2"
"EnderblazeTGS","1","1","2"
"endersk","1","1","2"
"endlesssurfinggg","1","1","2"
"Endokern","1","1","2"
"endone52","1","1","2"
"EnergeticTuna","1","1","2"
"Energy_Pawn3000","1","1","2"
"energypositive","1","1","2"
"Enerlife","1","1","2"
"Enesaltin","1","1","2"
"enesb852","1","1","2"
"eneskececi","1","1","2"
"enferpe","1","1","2"
"enginoktay","1","1","2"
"EnglishGood","1","1","2"
"Englund_Gambit","1","1","2"
"Enkedo","1","1","2"
"EnkhbaatarO","1","1","2"
"Enkhbayarub","1","1","2"
"EnlightenedSloth","1","1","2"
"enma_sg","1","1","2"
"Enne_gi_emme","1","1","2"
"Enneas","1","1","2"
"ennioviola","1","1","2"
"enoefomj","1","1","2"
"enosz13","1","1","2"
"Enoy87","1","1","2"
"EnPeasant1","1","1","2"
"enroquesantacruz","1","1","2"
"ensar2022","1","1","2"
"ensbingol","1","1","2"
"EnSeaJay","1","1","2"
"Ensg","1","1","2"
"Ent_passant","1","1","2"
"Ente66_the_Paranoid","1","1","2"
"enteryak","1","1","2"
"Enthoozee","1","1","2"
"Entreria","1","1","2"
"enubbsenub","1","1","2"
"EnverBey26","1","1","2"
"enws0","1","1","2"
"EnxadristaMascaradoo","1","1","2"
"enzo19862010","1","1","2"
"Enzoakalanadelrey","1","1","2"
"enzoprogamer81","1","1","2"
"Eorl55","1","1","2"
"epc1979","1","1","2"
"EPerez-SDMS","1","1","2"
"epgs","1","1","2"
"Ephrem007","1","1","2"
"EpicChoice","1","1","2"
"Epilith","1","1","2"
"eproksh","1","1","2"
"Epsilon3","1","1","2"
"EpsilonZeko","1","1","2"
"Epstud1","1","1","2"
"eqnii","1","1","2"
"EquinoxT","1","1","2"
"Er_Tigna_66","1","1","2"
"Era_bro","1","1","2"
"Era010909","1","1","2"
"eram21251","1","1","2"
"ercannecmettinov","1","1","2"
"ercnt","1","1","2"
"erdal","1","1","2"
"Erdel03","1","1","2"
"Erdem_chess","1","1","2"
"Erdemb1leg","1","1","2"
"erdembasaran","1","1","2"
"erdemhalici","1","1","2"
"erdemk61","1","1","2"
"Erdemkhishig_B","1","1","2"
"erdemkocer","1","1","2"
"erdilcan","1","1","2"
"ereaq","1","1","2"
"EREDELI","1","1","2"
"ereiebl","1","1","2"
"eremqa","1","1","2"
"Eren35","1","1","2"
"Erencangultekin","1","1","2"
"erengungor2008","1","1","2"
"Erenkaratekin","1","1","2"
"erezcarmelli","1","1","2"
"erfanbagheri","1","1","2"
"ErfanPiltan23","1","1","2"
"Ergulan","1","1","2"
"Eric33500","1","1","2"
"Erick03","1","1","2"
"ErickJonas","1","1","2"
"ericsh123","1","1","2"
"Erigin","1","1","2"
"erik-mate","1","1","2"
"erik9761","1","1","2"
"ErikB1996","1","1","2"
"Erikchess1","1","1","2"
"ErikSjo","1","1","2"
"Eriliken_01","1","1","2"
"Eriotciv","1","1","2"
"Erkamakd","1","1","2"
"ErkanC","1","1","2"
"Erkanerkan","1","1","2"
"Erkaracam","1","1","2"
"erlanflores2023","1","1","2"
"ermanzoeto","1","1","2"
"ermia1393","1","1","2"
"Ermilov_2014","1","1","2"
"Ermolinmisha7","1","1","2"
"Ern831","1","1","2"
"Ernest777","1","1","2"
"ERNESTOBOSS","1","1","2"
"ernestomf","1","1","2"
"ErnestoPatriarcado","1","1","2"
"ErnestoUdd","1","1","2"
"ernestzeidman","1","1","2"
"Eron387","1","1","2"
"erowo","1","1","2"
"erpelev20","1","1","2"
"Erraserhead","1","1","2"
"ErreTeEse","1","1","2"
"Error_12","1","1","2"
"error000by","1","1","2"
"erselunturk","1","1","2"
"ersinagin","1","1","2"
"ertugozan","1","1","2"
"Ervand-13121990","1","1","2"
"ervo22","1","1","2"
"Erwin_nsp","1","1","2"
"eryol_k","1","1","2"
"Eryuerue","1","1","2"
"Erzi3HR","1","1","2"
"Es_ist_ImPoSand","1","1","2"
"eS100","1","1","2"
"es5699es","1","1","2"
"esad_2209","1","1","2"
"esahyilmaz","1","1","2"
"Esandinavinya","1","1","2"
"Esara1E2022","1","1","2"
"esbitazi","1","1","2"
"escaladejke","1","1","2"
"escorpion1783","1","1","2"
"Escorpyy","1","1","2"
"Esdras85","1","1","2"
"esegme","1","1","2"
"ESELDoGG","1","1","2"
"Esenia_Filimonova1","1","1","2"
"Eseniya2018","1","1","2"
"eseven","1","1","2"
"Esh111","1","1","2"
"eshan_12","1","1","2"
"Eshenekasparov","1","1","2"
"esherlon","1","1","2"
"eshevictor","1","1","2"
"eshmaki666","1","1","2"
"EshuNad","1","1","2"
"esiesi44","1","1","2"
"esifhcjvhdifgiuewyis","1","1","2"
"esipovich","1","1","2"
"Eskelin","1","1","2"
"Esken_1966_1966","1","1","2"
"ESKETDID","1","1","2"
"Eskilerden95","1","1","2"
"Eslamali91","1","1","2"
"eslambesa","1","1","2"
"eslamkhalef","1","1","2"
"esmaeilloo","1","1","2"
"ESN1953","1","1","2"
"Espartaco-83","1","1","2"
"ESPINETE1982","1","1","2"
"esquinazau","1","1","2"
"esrfozr1903","1","1","2"
"essa4","1","1","2"
"estanys16","1","1","2"
"Esteban12mmsk","1","1","2"
"Esteban999","1","1","2"
"Estebanjosico","1","1","2"
"EstelaAugusto1506","1","1","2"
"ESTERGOM","1","1","2"
"estetics","1","1","2"
"Estrella_de_manana","1","1","2"
"Eszter11","1","1","2"
"ET-4444","1","1","2"
"et61","1","1","2"
"etaredafenc","1","1","2"
"etatrevor","1","1","2"
"etedgi3","1","1","2"
"etepperman","1","1","2"
"Eternal91","1","1","2"
"ETERNALKING666","1","1","2"
"EternalManuel","1","1","2"
"Eth_nnnn","1","1","2"
"Ethancraft","1","1","2"
"EthicalAshish","1","1","2"
"etiennezoo","1","1","2"
"Etlbh100","1","1","2"
"Eugene_1399","1","1","2"
"eugenijusxxx","1","1","2"
"EugeniuszObuchovicz","1","1","2"
"EugenTAG7891","1","1","2"
"eukruk","1","1","2"
"EullerFeelix","1","1","2"
"eulmelk","1","1","2"
"eumesagain","1","1","2"
"eun_yssa","1","1","2"
"EustaceMwansazaninge","1","1","2"
"eutoxeres","1","1","2"
"eV27","1","1","2"
"EVA-03012013","1","1","2"
"Eva2305","1","1","2"
"evaaam","1","1","2"
"Evacapli","1","1","2"
"Evan2424","1","1","2"
"EvanTSYEET","1","1","2"
"evapokidova","1","1","2"
"evares","1","1","2"
"evenini","1","1","2"
"everest_joe","1","1","2"
"EveRseD","1","1","2"
"evg7","1","1","2"
"evgenii0301","1","1","2"
"Evgenij607821","1","1","2"
"EvgeniyChess459","1","1","2"
"EvgeniyShalnev2011","1","1","2"
"EvgenTsibulin","1","1","2"
"Evgeny_Pustyryov","1","1","2"
"Evgeny_Tr","1","1","2"
"Evgeny203549","1","1","2"
"evgevg2008","1","1","2"
"EvgheniiAndonii","1","1","2"
"Evglz","1","1","2"
"Evhen_old_box","1","1","2"
"eviabloch","1","1","2"
"Evil_Daddy007","1","1","2"
"Evilcore","1","1","2"
"EvilDevil788515","1","1","2"
"evolution2023","1","1","2"
"evrenZe","1","1","2"
"EvstoliyA","1","1","2"
"Evycream","1","1","2"
"evygod","1","1","2"
"evysezosu","1","1","2"
"ewan27315","1","1","2"
"EwenEsnault2014","1","1","2"
"EWIII","1","1","2"
"Ex_dragon22","1","1","2"
"ExcalibuFighter","1","1","2"
"exce1","1","1","2"
"excycleism","1","1","2"
"Exlibrix","1","1","2"
"exolnet","1","1","2"
"Exorciccio","1","1","2"
"Exson-M-OHES","1","1","2"
"EXTAZIA","1","1","2"
"Extrins1c","1","1","2"
"EYADELTRABLY4","1","1","2"
"eyal2020","1","1","2"
"Eye-Brain","1","1","2"
"eyeofthejag","1","1","2"
"EymenYeteroglu","1","1","2"
"eyrikh","1","1","2"
"eyzeywinnn","1","1","2"
"ezarzea","1","1","2"
"Ezdin","1","1","2"
"Ezequiel_82","1","1","2"
"ezequiel006L","1","1","2"
"Ezid_Mrid","1","1","2"
"Ezio_11","1","1","2"
"Ezio_Auditore1","1","1","2"
"ezua","1","1","2"
"ezyebfyzvfewyfzvewyz","1","1","2"
"Ezzaky","1","1","2"
"EZZII","1","1","2"
"F_Hand268","1","1","2"
"F_K-1397","1","1","2"
"F0revrr","1","1","2"
"f1Xaze","1","1","2"
"F4123","1","1","2"
"F418j8","1","1","2"
"F4rley","1","1","2"
"f7z6hr27mm","1","1","2"
"Fab000","1","1","2"
"fab84","1","1","2"
"fabbro79","1","1","2"
"Faberl1ck","1","1","2"
"faberrr95","1","1","2"
"Fabian_87","1","1","2"
"fabian0713","1","1","2"
"FabianPiscoya","1","1","2"
"fabien1327","1","1","2"
"fabiiomoises","1","1","2"
"fabio1808","1","1","2"
"fabio2620","1","1","2"
"Fabio31er","1","1","2"
"Fabio6anoo","1","1","2"
"FabioLap","1","1","2"
"FabioSch","1","1","2"
"fabricio4444","1","1","2"
"FABRIZIODE_6BEL","1","1","2"
"fabrizziovasquez","1","1","2"
"Fac2nd","1","1","2"
"facua123","1","1","2"
"FacuChavezz","1","1","2"
"Fadi_Haddad","1","1","2"
"fadyadel56","1","1","2"
"Fadzched","1","1","2"
"Faelgr","1","1","2"
"Fahad098","1","1","2"
"fahed8x8","1","1","2"
"faheel","1","1","2"
"fahmisaadi","1","1","2"
"Fahmybadran","1","1","2"
"Fahoooood_11","1","1","2"
"faintcone","1","1","2"
"FairPlay_123","1","1","2"
"Faisal55551111","1","1","2"
"Faix77","1","1","2"
"Faizah_Rahmillah","1","1","2"
"fajaryus","1","1","2"
"Fajedrez","1","1","2"
"Fakel6","1","1","2"
"Fakiry","1","1","2"
"fala7oo","1","1","2"
"falakian","1","1","2"
"Falcon12312","1","1","2"
"falconf7","1","1","2"
"Fallsview","1","1","2"
"faltulok","1","1","2"
"famedlion","1","1","2"
"familyfriendlyfelix","1","1","2"
"Fana1tik","1","1","2"
"fanceINC123","1","1","2"
"Fanfarr","1","1","2"
"Fanshi","1","1","2"
"FanSuuuuuu","1","1","2"
"Fantik344","1","1","2"
"fantom08","1","1","2"
"fapatime316","1","1","2"
"FAPmasina","1","1","2"
"far4ikzpua","1","1","2"
"faragelyan","1","1","2"
"farahmohdzaki","1","1","2"
"Faraone79","1","1","2"
"farazfattahi","1","1","2"
"Farbod1391_ghasemi","1","1","2"
"Farder17","1","1","2"
"Fares1956","1","1","2"
"faresalharbi","1","1","2"
"FaresElrazkey","1","1","2"
"Farhad1348","1","1","2"
"farhad4f","1","1","2"
"Farhadflh","1","1","2"
"farham_bachdar","1","1","2"
"Farid_abdala","1","1","2"
"farid1980","1","1","2"
"farida_wael","1","1","2"
"farifari","1","1","2"
"faris_sa","1","1","2"
"faris2004","1","1","2"
"Farisbaniamer","1","1","2"
"farrascellofficial","1","1","2"
"farshidabbasi","1","1","2"
"Faruqe50","1","1","2"
"farzadcr7","1","1","2"
"farzadpashaki","1","1","2"
"farzin_nmn","1","1","2"
"fasciad","1","1","2"
"fasco710","1","1","2"
"fasol112","1","1","2"
"fasteddie121","1","1","2"
"fastpopgun","1","1","2"
"FatalFork21","1","1","2"
"Fatality_01","1","1","2"
"fatblackcat","1","1","2"
"Fateh0515","1","1","2"
"fatehm","1","1","2"
"Fatemeeeee","1","1","2"
"fatemehtaheri","1","1","2"
"FatGooseRembo","1","1","2"
"Fatih_haze","1","1","2"
"Fatih-Alaybeyoglu","1","1","2"
"fatimaamer6","1","1","2"
"Fatmin","1","1","2"
"fattyfredy","1","1","2"
"fattywombat1966","1","1","2"
"faustfa","1","1","2"
"faustik","1","1","2"
"faustus15052014","1","1","2"
"FauStVIII33","1","1","2"
"Favegars","1","1","2"
"favorettichequemate","1","1","2"
"favour2","1","1","2"
"Fawzy2002","1","1","2"
"Faylenzer","1","1","2"
"fazespartacus","1","1","2"
"fba1978","1","1","2"
"fcarpinato","1","1","2"
"FCF3","1","1","2"
"fchapman","1","1","2"
"fclaude","1","1","2"
"Fco78","1","1","2"
"fcrrlli","1","1","2"
"FDAYOUB_05","1","1","2"
"fdrsaroka","1","1","2"
"Fe_Ampuero","1","1","2"
"fe0fan","1","1","2"
"feanorsgambit","1","1","2"
"FearlessFoe","1","1","2"
"FearUS-28","1","1","2"
"FebbreDaCavallo","1","1","2"
"fed_zyranin","1","1","2"
"fedar","1","1","2"
"fedchenko_m","1","1","2"
"fede1556","1","1","2"
"fedeabaday","1","1","2"
"fedeh79","1","1","2"
"fedeknaruto","1","1","2"
"federico64","1","1","2"
"FedericoM","1","1","2"
"federspiel","1","1","2"
"FeDeRxX","1","1","2"
"fedetennis","1","1","2"
"Fedor_2008","1","1","2"
"Fedor_Dubasov","1","1","2"
"Fedor_Shestakov","1","1","2"
"Fedor0904","1","1","2"
"fedor145","1","1","2"
"fedorchest","1","1","2"
"FedorKart","1","1","2"
"FedorKozlov","1","1","2"
"FedorovAkim","1","1","2"
"Fedotov_Oleg","1","1","2"
"Fedotovmihail","1","1","2"
"fedrosrasti","1","1","2"
"Fedua2011","1","1","2"
"Fedya2605","1","1","2"
"Fefe44","1","1","2"
"fehimland","1","1","2"
"felbi85","1","1","2"
"Feldmann_1","1","1","2"
"FelDo","1","1","2"
"FeleeDeji","1","1","2"
"FeliksKwiatkowski","1","1","2"
"felipe_fm87","1","1","2"
"Felipe29","1","1","2"
"FelipeCordeiroPta","1","1","2"
"Felipefenix","1","1","2"
"FelipeHeinrichs","1","1","2"
"Felipenses","1","1","2"
"FelipeXLR8","1","1","2"
"Felix7Six","1","1","2"
"felixglindy","1","1","2"
"FelixMburson","1","1","2"
"felixthewinner","1","1","2"
"Fellah_mohamed_2020","1","1","2"
"fEndYyInChesS","1","1","2"
"Fenerbahce_Pro45","1","1","2"
"Fengiran13","1","1","2"
"fenix15","1","1","2"
"FenixFighter","1","1","2"
"Feoctist","1","1","2"
"feoskinx","1","1","2"
"feracenso","1","1","2"
"Feras76","1","1","2"
"Ferchurey","1","1","2"
"Ferdegea","1","1","2"
"Ferdens","1","1","2"
"Ferdous4254","1","1","2"
"FERG018A","1","1","2"
"fergius","1","1","2"
"Ferhad002","1","1","2"
"ferhad1994","1","1","2"
"Ferhaterentelli","1","1","2"
"Feriaz","1","1","2"
"Feritaka","1","1","2"
"ferjani","1","1","2"
"ferlahozseg","1","1","2"
"fermanchuela","1","1","2"
"Fernandito0011","1","1","2"
"FERNANDO_FONTALVO","1","1","2"
"fernando_hzt","1","1","2"
"Fernando_Ibarra","1","1","2"
"fernandobobby","1","1","2"
"FernandoIsaac","1","1","2"
"FernandoJose7574858","1","1","2"
"Fernandolopezsoler","1","1","2"
"ferno1968","1","1","2"
"FerOsias","1","1","2"
"FerowSun","1","1","2"
"ferrettifrancesco90","1","1","2"
"ferri99","1","1","2"
"Ferundio","1","1","2"
"feryon2023","1","1","2"
"FERZ-2022","1","1","2"
"Ferzevaui_gam2012","1","1","2"
"FeSee","1","1","2"
"Feti25","1","1","2"
"fettbemme","1","1","2"
"fetznschedl76","1","1","2"
"feuer_drache","1","1","2"
"Feuerfreier","1","1","2"
"Feyzullah1224","1","1","2"
"ffdemirel","1","1","2"
"ffede9181050944","1","1","2"
"ffeenniikkss777","1","1","2"
"FFEI","1","1","2"
"fferyal","1","1","2"
"fffztc","1","1","2"
"ffsgushsvdgsu","1","1","2"
"Ffurkan35","1","1","2"
"fgaezr","1","1","2"
"fgarcia40","1","1","2"
"FGC1982","1","1","2"
"FGergo2006","1","1","2"
"fgiuliani2000","1","1","2"
"fgj1971","1","1","2"
"fguru","1","1","2"
"FHdesmond","1","1","2"
"FHfred","1","1","2"
"fhhhggjjh","1","1","2"
"FI_RicardoTepe","1","1","2"
"Fidel_Askeri","1","1","2"
"Fidel2016","1","1","2"
"Fidel344","1","1","2"
"fieuqiqiq","1","1","2"
"Fifc7888","1","1","2"
"FIFOU13600","1","1","2"
"fifti92","1","1","2"
"figaro1756","1","1","2"
"fighter-z","1","1","2"
"Fighter220","1","1","2"
"FiiiFiii","1","1","2"
"fijiqil","1","1","2"
"FikriBeraKarabulut4","1","1","2"
"Filchev_R","1","1","2"
"Filelfo","1","1","2"
"FilinovYuriy","1","1","2"
"filip1802","1","1","2"
"FilipH10","1","1","2"
"FilipIlchenko","1","1","2"
"filippo12345","1","1","2"
"filipyd2","1","1","2"
"filmyname","1","1","2"
"Filosofango","1","1","2"
"FiLOsofOv","1","1","2"
"filou06","1","1","2"
"Filus13","1","1","2"
"fimatex","1","1","2"
"fimp","1","1","2"
"FinaevAnton","1","1","2"
"FinBonPassons","1","1","2"
"findmeinfuturealice","1","1","2"
"fine_tuning","1","1","2"
"Finelly","1","1","2"
"FinerGeologist","1","1","2"
"finito7","1","1","2"
"Finn-V","1","1","2"
"finn2749","1","1","2"
"Finnster87","1","1","2"
"Finoshkin_Liron","1","1","2"
"Finthewin","1","1","2"
"FionnTheKnight","1","1","2"
"fiorellinocirne","1","1","2"
"firas1234","1","1","2"
"firaszhafran","1","1","2"
"FiraTheGamer","1","1","2"
"Firdavs_Soliev","1","1","2"
"fire_ninja_2603","1","1","2"
"Fireblade89","1","1","2"
"Firebob77","1","1","2"
"FireboltDragon2014","1","1","2"
"FirebreathingBishop","1","1","2"
"FIREFLASH851","1","1","2"
"FireFlyAGO","1","1","2"
"fireman35","1","1","2"
"Fireplace123","1","1","2"
"Firmanweld","1","1","2"
"firoj007","1","1","2"
"Firouzhadi","1","1","2"
"First_Eleven","1","1","2"
"FirstPinguin","1","1","2"
"FirTailisg","1","1","2"
"Firuzjon91","1","1","2"
"fischerbobb","1","1","2"
"FischerRob","1","1","2"
"Fisherman7785","1","1","2"
"fishfood8","1","1","2"
"Fishmanfu","1","1","2"
"Fishyhardy","1","1","2"
"Fistiniered","1","1","2"
"FITPresenter","1","1","2"
"Fitzytron","1","1","2"
"fiugi","1","1","2"
"fizinro","1","1","2"
"fjboasjfkas","1","1","2"
"Fjiya","1","1","2"
"fjkc","1","1","2"
"fjmedina13","1","1","2"
"FJSoria","1","1","2"
"fjzaballos","1","1","2"
"fk1cfif","1","1","2"
"fklo0v","1","1","2"
"fknfish","1","1","2"
"Fl04","1","1","2"
"fl112","1","1","2"
"flagmanmass","1","1","2"
"flah2000","1","1","2"
"FlameShadic2712","1","1","2"
"flani","1","1","2"
"FlaredFriend146","1","1","2"
"Flaro_T","1","1","2"
"Flascheleer04","1","1","2"
"flash_g0rd0n","1","1","2"
"Flash20082011","1","1","2"
"flasu","1","1","2"
"Flatrate","1","1","2"
"Flavio_Resplandes","1","1","2"
"Flaviotito","1","1","2"
"Flavius2","1","1","2"
"Flaxtor22","1","1","2"
"FldO78","1","1","2"
"FldzHerminaDorthy870","1","1","2"
"flechaveloz85","1","1","2"
"fleemming","1","1","2"
"fles9","1","1","2"
"Flintern","1","1","2"
"Flippo159","1","1","2"
"Flips_board","1","1","2"
"Flipstra","1","1","2"
"flo01_1","1","1","2"
"FLO1988","1","1","2"
"Flo56","1","1","2"
"FLOCHICHOUM","1","1","2"
"floguev","1","1","2"
"FlokiViking02","1","1","2"
"Flomb1k","1","1","2"
"Floodyboy","1","1","2"
"FloraJayarani59","1","1","2"
"Florencia2114","1","1","2"
"Florensky","1","1","2"
"florian_96","1","1","2"
"FlorianMarwede","1","1","2"
"florin89","1","1","2"
"FloRng","1","1","2"
"flow224455","1","1","2"
"flowerish","1","1","2"
"flowermusic","1","1","2"
"flowmon","1","1","2"
"flowthought","1","1","2"
"FloydMeia","1","1","2"
"FLPngr","1","1","2"
"flubbbb77","1","1","2"
"FluffyMcMuffins","1","1","2"
"Flugabwaerts","1","1","2"
"fluorescenza","1","1","2"
"flursu","1","1","2"
"flyhi","1","1","2"
"FlyingDoves","1","1","2"
"flyingjfish","1","1","2"
"FlyingLemon","1","1","2"
"flyingnome","1","1","2"
"flyto2moon","1","1","2"
"fmanclossi","1","1","2"
"fmfreezer","1","1","2"
"fmheitor","1","1","2"
"Fmuh","1","1","2"
"FNICAN","1","1","2"
"Fnnd","1","1","2"
"Fnp","1","1","2"
"Fo2sh52","1","1","2"
"fobov","1","1","2"
"Fodonguisnews","1","1","2"
"Foedy","1","1","2"
"fokof","1","1","2"
"fomazchess","1","1","2"
"FomichenkoMakar","1","1","2"
"Fominykh_Dmitriy","1","1","2"
"Fonsefons","1","1","2"
"FontesRafael","1","1","2"
"footballingchess","1","1","2"
"foren","1","1","2"
"Forest7939","1","1","2"
"forest888","1","1","2"
"foreveronin","1","1","2"
"forgottenebanat","1","1","2"
"Formegravy","1","1","2"
"Formiga89","1","1","2"
"formikina","1","1","2"
"formysons","1","1","2"
"Fornite46678","1","1","2"
"Fort9","1","1","2"
"FortifyIllusion","1","1","2"
"Fortuna1962","1","1","2"
"Fortuna4","1","1","2"
"forz333n","1","1","2"
"Forzaaa1234","1","1","2"
"FouadalIraqi255","1","1","2"
"foulsmate77","1","1","2"
"fouzdoo","1","1","2"
"fox323","1","1","2"
"Foxe42","1","1","2"
"foxnet","1","1","2"
"foxxid","1","1","2"
"FoxxyWantsPie","1","1","2"
"fpgaman","1","1","2"
"fr3akazoid","1","1","2"
"fraalorenzo","1","1","2"
"Fraguel_Chess","1","1","2"
"FRAMA1","1","1","2"
"framewerk","1","1","2"
"FRANBEN","1","1","2"
"francescobonelli","1","1","2"
"FranceseSempre","1","1","2"
"francis464","1","1","2"
"Francis8jan","1","1","2"
"francisco_guty","1","1","2"
"francisco_neves","1","1","2"
"Franciscofi9","1","1","2"
"franciscorearte_b","1","1","2"
"Francklerenoi","1","1","2"
"Franco_Quicer","1","1","2"
"Franco1995","1","1","2"
"FrancoCuya3","1","1","2"
"francois41","1","1","2"
"francoplay","1","1","2"
"Frank1970","1","1","2"
"FrankBuck247","1","1","2"
"Franklin_Lotufo","1","1","2"
"FrankSalmon","1","1","2"
"frankua","1","1","2"
"Franma777","1","1","2"
"FRANNADIA7","1","1","2"
"Franpozo","1","1","2"
"fransvh","1","1","2"
"franvidal96","1","1","2"
"Franz73","1","1","2"
"franzakfak","1","1","2"
"FranzDerEchte","1","1","2"
"FranzVremja","1","1","2"
"FraP94","1","1","2"
"Fratress","1","1","2"
"frattciftcii","1","1","2"
"Freaky_D","1","1","2"
"Freakymax61","1","1","2"
"Fred_I","1","1","2"
"Fred_T","1","1","2"
"Fredaj83","1","1","2"
"FredAster36","1","1","2"
"Fredchup","1","1","2"
"FreddieUK","1","1","2"
"Freddy43","1","1","2"
"Freddy99","1","1","2"
"FreddyWaffle","1","1","2"
"FredericFerdinand","1","1","2"
"FredyCo","1","1","2"
"free_dom_91","1","1","2"
"Freechess17","1","1","2"
"Freedomartin","1","1","2"
"freeelo245","1","1","2"
"freegeof","1","1","2"
"FREEMAN2022","1","1","2"
"freeplastin","1","1","2"
"FREEZICE","1","1","2"
"FrejacVach","1","1","2"
"frenchcroissant","1","1","2"
"frenchgentlemen","1","1","2"
"frenchyman","1","1","2"
"Frendbordist","1","1","2"
"freshup69","1","1","2"
"fresto7","1","1","2"
"FRFF","1","1","2"
"Frfshawy","1","1","2"
"Frgul","1","1","2"
"friba6294","1","1","2"
"FridolinDerErste","1","1","2"
"FridolinXIII","1","1","2"
"Friese8","1","1","2"
"frigwistpg","1","1","2"
"friiky2","1","1","2"
"frimo1","1","1","2"
"Fritz-Paul","1","1","2"
"Frivole18","1","1","2"
"frizlusert","1","1","2"
"frkcc","1","1","2"
"Frkn41","1","1","2"
"frleg18","1","1","2"
"FRN_szsz","1","1","2"
"FroilanDaniel117","1","1","2"
"from111","1","1","2"
"fromNL","1","1","2"
"fromPisaItaly","1","1","2"
"Froncero","1","1","2"
"FrozenFruit","1","1","2"
"Fru13","1","1","2"
"frugalityreality","1","1","2"
"FruitKing","1","1","2"
"Fruloops","1","1","2"
"Frumka","1","1","2"
"frustrated_n00b","1","1","2"
"Fruzer76","1","1","2"
"FRZ1981","1","1","2"
"Fsanchez72","1","1","2"
"fsilvaoliveira","1","1","2"
"fsqf","1","1","2"
"FSterdjy24","1","1","2"
"FSV4747","1","1","2"
"ftalkan","1","1","2"
"FTH488","1","1","2"
"Fthshn54","1","1","2"
"ftjac","1","1","2"
"fuadatilla","1","1","2"
"Fudgie-Fudge","1","1","2"
"Fuegoeterno","1","1","2"
"Fulgen","1","1","2"
"Fumblerr","1","1","2"
"Funchessko","1","1","2"
"funegra05","1","1","2"
"funikulyor","1","1","2"
"Funnymeatgrinder","1","1","2"
"furkan_ww","1","1","2"
"Furkancekic","1","1","2"
"FurkanErim","1","1","2"
"furkansnsj","1","1","2"
"Fury111","1","1","2"
"FutbolcuOrhan","1","1","2"
"futGswork","1","1","2"
"FutureMasterAbhi","1","1","2"
"Fuzzy_B_Hive","1","1","2"
"FValeF","1","1","2"
"fvdcgecbt","1","1","2"
"FVKONSTANTIN","1","1","2"
"fwtxchess","1","1","2"
"Fxcktangular","1","1","2"
"FXRTHEWIN","1","1","2"
"fxtroot","1","1","2"
"Fxzil07","1","1","2"
"FyCasablanca","1","1","2"
"Fyrkd_4573","1","1","2"
"G_0_l_l_u_M","1","1","2"
"G_A_Zalitis","1","1","2"
"G_rithvikrayal2011","1","1","2"
"G_sores","1","1","2"
"G0thamB0t","1","1","2"
"G123ELVISH","1","1","2"
"g12g12g12","1","1","2"
"G1enw","1","1","2"
"G33S3R","1","1","2"
"g456779","1","1","2"
"g4mbitt","1","1","2"
"G57777","1","1","2"
"g5kostja","1","1","2"
"Gaaden","1","1","2"
"gaana","1","1","2"
"gaanaMahn","1","1","2"
"gab_chess_01","1","1","2"
"GabbarHero","1","1","2"
"Gabby-doche84","1","1","2"
"Gabdelbarieva_Sevil","1","1","2"
"Gabdo_dz","1","1","2"
"Gabegonzalez","1","1","2"
"Gabegullidge","1","1","2"
"Gabi_2004","1","1","2"
"Gabinette","1","1","2"
"Gabor111","1","1","2"
"Gabpe","1","1","2"
"Gabr13lBarr1os","1","1","2"
"gabr3039","1","1","2"
"gabridaponte","1","1","2"
"Gabridipa2009","1","1","2"
"Gabriel_Eddy","1","1","2"
"Gabriel-Mota","1","1","2"
"Gabriel-Xavier","1","1","2"
"gabriel2606","1","1","2"
"Gabrielaugdeus","1","1","2"
"Gabriele01010101","1","1","2"
"gabriele74","1","1","2"
"Gabrielhu","1","1","2"
"Gabrieliara13","1","1","2"
"gabrielrumsey","1","1","2"
"gabsi-youssef","1","1","2"
"gabsssssss","1","1","2"
"gabszk23","1","1","2"
"gaby242014","1","1","2"
"gaby42","1","1","2"
"Gad3007","1","1","2"
"Gaddaki","1","1","2"
"Gael_Silverio","1","1","2"
"Gaeldir","1","1","2"
"gafar555","1","1","2"
"GAFaro711","1","1","2"
"gaferjasim","1","1","2"
"gafranky","1","1","2"
"Gagai","1","1","2"
"Gaismayer","1","1","2"
"gaithmuhtadii","1","1","2"
"galamena","1","1","2"
"Galant52","1","1","2"
"GalaxyAG","1","1","2"
"Galbae","1","1","2"
"GALI7","1","1","2"
"Galinka_Buslaeva","1","1","2"
"GaliusAndrew","1","1","2"
"galleze","1","1","2"
"gallito_xd123","1","1","2"
"Gallodepelea2000","1","1","2"
"GallT","1","1","2"
"Galperovich","1","1","2"
"galvenite","1","1","2"
"Gam6it0","1","1","2"
"gama_2333","1","1","2"
"gamal_khalil","1","1","2"
"Gaman2012","1","1","2"
"GamarCobaaa","1","1","2"
"gambeed","1","1","2"
"gambisco1969","1","1","2"
"Gambita_Rodriguez","1","1","2"
"GambitFrajera","1","1","2"
"gambitkunal","1","1","2"
"GambitMati","1","1","2"
"Gambito12","1","1","2"
"Gambitobarber12","1","1","2"
"GambitodeRouss","1","1","2"
"GambitoXadrez","1","1","2"
"gambitspecialist","1","1","2"
"Gambitting_the_Clock","1","1","2"
"Gamblignant","1","1","2"
"GameOfBoris","1","1","2"
"gamingghostxd","1","1","2"
"Gamlet_Kk","1","1","2"
"Gammaflame","1","1","2"
"Gamnatrox","1","1","2"
"gana_1806","1","1","2"
"Ganapov","1","1","2"
"ganbatpaund","1","1","2"
"ganesh1155","1","1","2"
"ganeshdileepccs","1","1","2"
"GANESHPRABANJAN","1","1","2"
"Gangster26","1","1","2"
"GaninGI","1","1","2"
"ganith","1","1","2"
"Gankhaki","1","1","2"
"gany_12","1","1","2"
"Ganymede_Sirius","1","1","2"
"Ganymede86","1","1","2"
"Gape22","1","1","2"
"Garan0593","1","1","2"
"garcesdelatorre","1","1","2"
"GarenBekarian","1","1","2"
"GargiChoudhari14","1","1","2"
"gargtaisiya54","1","1","2"
"Garik1607","1","1","2"
"Garochou","1","1","2"
"Garolo","1","1","2"
"Garpastum","1","1","2"
"Garri_Caparros","1","1","2"
"GarriK1984","1","1","2"
"Garruleitor","1","1","2"
"Garsed","1","1","2"
"GartenSchein","1","1","2"
"garv420","1","1","2"
"Garvitagarwal","1","1","2"
"gary_topor","1","1","2"
"GaryAMS98","1","1","2"
"Garygoals84","1","1","2"
"garymichael","1","1","2"
"Garynych13","1","1","2"
"garyoawesome","1","1","2"
"Gasparma","1","1","2"
"Gasper13x","1","1","2"
"Gaspo19","1","1","2"
"gastkdChess","1","1","2"
"gaston49","1","1","2"
"gasypetaka","1","1","2"
"GATE116","1","1","2"
"GateIsDown","1","1","2"
"GateMan1357","1","1","2"
"gatorblue","1","1","2"
"gatsolay","1","1","2"
"Gattusovcp","1","1","2"
"gauravgarwa","1","1","2"
"Gauravi9joshi","1","1","2"
"GauravPokhriyal","1","1","2"
"gauravtamhankar","1","1","2"
"Gautham2013","1","1","2"
"gauthamaryan","1","1","2"
"gaychodi","1","1","2"
"GazH49","1","1","2"
"Gazi_Faruk","1","1","2"
"gbark92","1","1","2"
"GBGRICH79","1","1","2"
"gbitten","1","1","2"
"gbleidd","1","1","2"
"GBMJ","1","1","2"
"gbordes","1","1","2"
"GBTOO","1","1","2"
"GC_Wizz1","1","1","2"
"Gchessnov23","1","1","2"
"gchkchanszeching","1","1","2"
"gd1973","1","1","2"
"gdebrecz","1","1","2"
"gdesai","1","1","2"
"GDEVARAJ","1","1","2"
"Ge0ge0","1","1","2"
"Ge0Net","1","1","2"
"gebailey1951","1","1","2"
"Gecko155","1","1","2"
"Gedletaz","1","1","2"
"geebee1980","1","1","2"
"geeforce272","1","1","2"
"Geek_Ssy","1","1","2"
"Geelvis","1","1","2"
"Geenius101","1","1","2"
"Geetanjaliyashi","1","1","2"
"geethasreed","1","1","2"
"Gege66","1","1","2"
"Geiorginashvili","1","1","2"
"gektor11eu","1","1","2"
"Gektor27","1","1","2"
"gelain","1","1","2"
"Gelbinator","1","1","2"
"gelistirici","1","1","2"
"GeMagician","1","1","2"
"Gembel-Elit-MCS","1","1","2"
"GemLord","1","1","2"
"gena2050ua","1","1","2"
"genakrokodil1959","1","1","2"
"Genaromillas","1","1","2"
"genaronerpiti","1","1","2"
"genashapirov","1","1","2"
"Genchosoft","1","1","2"
"Gendoline03","1","1","2"
"general_meow","1","1","2"
"General_ponchik","1","1","2"
"geneRALI72","1","1","2"
"Generalissimo_Griv","1","1","2"
"genieva","1","1","2"
"Genium8008","1","1","2"
"Genius_5","1","1","2"
"Geniusx77","1","1","2"
"genivalmaximize","1","1","2"
"genki_rion","1","1","2"
"Gennadii_K3023","1","1","2"
"gennadiy1978","1","1","2"
"gennarodario","1","1","2"
"Genos88","1","1","2"
"gentadodogan","1","1","2"
"Gentian89","1","1","2"
"geo1985","1","1","2"
"GeoBoss","1","1","2"
"GeoCap","1","1","2"
"GeoffreyH","1","1","2"
"geogal7","1","1","2"
"GeoHajj","1","1","2"
"Georg_471","1","1","2"
"Georg1872","1","1","2"
"george1010101010","1","1","2"
"George14x","1","1","2"
"George16-05","1","1","2"
"George666999","1","1","2"
"Georgefirst1","1","1","2"
"georges1234","1","1","2"
"Georges5400","1","1","2"
"GeorgesAndraos","1","1","2"
"GeorgesTouma","1","1","2"
"GeorgeWBush","1","1","2"
"Georgiy_L_16_07_2013","1","1","2"
"GeorgPopov","1","1","2"
"geovoidl","1","1","2"
"Gepy","1","1","2"
"Gequah2","1","1","2"
"GER-2008","1","1","2"
"GER-NEWS","1","1","2"
"ger001","1","1","2"
"Gera111","1","1","2"
"gerajgs","1","1","2"
"Gerald860","1","1","2"
"GeraldofBolivia","1","1","2"
"geranimo80","1","1","2"
"Gerardo_Morales","1","1","2"
"GerardoOr","1","1","2"
"gerardrusconi","1","1","2"
"Gerargu","1","1","2"
"GerasimPatrik","1","1","2"
"gergelyt4","1","1","2"
"germ22","1","1","2"
"GERMA66","1","1","2"
"german567","1","1","2"
"GermanLoren","1","1","2"
"germanwani","1","1","2"
"Gernspieler","1","1","2"
"gerogirograin","1","1","2"
"GeronimoKings","1","1","2"
"GERRYBOY2232","1","1","2"
"gerryjohnstone","1","1","2"
"gers18","1","1","2"
"Gerthoi","1","1","2"
"Gertjan68","1","1","2"
"gertzen","1","1","2"
"GesiHasheem","1","1","2"
"Getsotochess","1","1","2"
"getuliodutra","1","1","2"
"GetWhackd","1","1","2"
"gev46","1","1","2"
"Gfetahi","1","1","2"
"gfttfg","1","1","2"
"Gg6161","1","1","2"
"ggfelipes","1","1","2"
"GgghhhhjjjjuzggbbmkK","1","1","2"
"Gghfgg","1","1","2"
"gglazier","1","1","2"
"ggmon23","1","1","2"
"Ggta3mia","1","1","2"
"GGum","1","1","2"
"GGW_AmelieW","1","1","2"
"Gh05t12d0sjlasidhdkj","1","1","2"
"gh0st2c0ast","1","1","2"
"gh78","1","1","2"
"ghaith75","1","1","2"
"ghanavat","1","1","2"
"Ghassanabaada","1","1","2"
"ghazza7oct","1","1","2"
"gheca","1","1","2"
"GhengisKhan","1","1","2"
"gheppo75","1","1","2"
"gherhar","1","1","2"
"ghilbey","1","1","2"
"Ghis14","1","1","2"
"Ghobara74","1","1","2"
"ghobiopl","1","1","2"
"ghoghnos61","1","1","2"
"ghorn102","1","1","2"
"GHOST_777","1","1","2"
"Ghost_daddy","1","1","2"
"Ghost31KS","1","1","2"
"ghostdog2003","1","1","2"
"GhostGirl1986","1","1","2"
"GhostPop969","1","1","2"
"GhostrB11","1","1","2"
"ghowie","1","1","2"
"Gi0n","1","1","2"
"Giaan2016","1","1","2"
"Giacbe","1","1","2"
"giackson","1","1","2"
"GiacominoZen","1","1","2"
"Giacomolagaetana","1","1","2"
"giahuy_iqeq","1","1","2"
"giahuy222","1","1","2"
"Gian_andrianarisata","1","1","2"
"Gian2810384729","1","1","2"
"giancat2010","1","1","2"
"giandanello","1","1","2"
"gianfast","1","1","2"
"Giangbvutruong","1","1","2"
"Gianki51","1","1","2"
"giannis97","1","1","2"
"giannosre1","1","1","2"
"GiantStepss","1","1","2"
"GibaMorphy13","1","1","2"
"GIBESIMO","1","1","2"
"gidrasamolet","1","1","2"
"GIGI899","1","1","2"
"gigighc","1","1","2"
"Gigithegigi","1","1","2"
"gijah","1","1","2"
"Gil342","1","1","2"
"gilbertoemel2016","1","1","2"
"gile8811","1","1","2"
"Gileff_2008","1","1","2"
"Gilej","1","1","2"
"gilgaenkoss","1","1","2"
"Giljc","1","1","2"
"GillesChess","1","1","2"
"GilsonGuedes","1","1","2"
"gilsonviola6","1","1","2"
"gimamagi","1","1","2"
"GingerBiscuit16","1","1","2"
"gink973","1","1","2"
"Ginogigo","1","1","2"
"Gintautas123","1","1","2"
"GintoGeorgeIndia","1","1","2"
"Gio_horse","1","1","2"
"gio80","1","1","2"
"Giogio4family5328","1","1","2"
"giogn1","1","1","2"
"GiorgiaMeloni69","1","1","2"
"giorgisule","1","1","2"
"Giorgo4","1","1","2"
"giorizi","1","1","2"
"GiovanBattista","1","1","2"
"Giovanni1Robbiano2","1","1","2"
"giovanni20","1","1","2"
"Giovannisuwh","1","1","2"
"Giovanov12","1","1","2"
"giovas","1","1","2"
"GiovBaro","1","1","2"
"Giperbolat","1","1","2"
"giraffe_g","1","1","2"
"Girdharilalmandla","1","1","2"
"GiRex_JKNL","1","1","2"
"girgine-bjksatranc","1","1","2"
"Girinandhu","1","1","2"
"girioli_juju","1","1","2"
"Giriraaj932","1","1","2"
"GirlsWantToHaveFun","1","1","2"
"Gismo411","1","1","2"
"GitaMutia_majalengka","1","1","2"
"giu_mo","1","1","2"
"giu7782","1","1","2"
"GiuliaDF","1","1","2"
"Giuri97","1","1","2"
"Gius992","1","1","2"
"Givemecredit","1","1","2"
"givick","1","1","2"
"Gizmo88DC","1","1","2"
"gizo329","1","1","2"
"gjjg77","1","1","2"
"gjkpolly","1","1","2"
"GJover","1","1","2"
"GJRolo","1","1","2"
"GK900","1","1","2"
"gkherts","1","1","2"
"GKNDUKU","1","1","2"
"GKRabby","1","1","2"
"gkvarsha","1","1","2"
"gkychess","1","1","2"
"GLAD010","1","1","2"
"Gladiateurs","1","1","2"
"Gladiator1980","1","1","2"
"GLADM","1","1","2"
"glakshan","1","1","2"
"GlasoKk","1","1","2"
"gle0","1","1","2"
"Gleb_Puchkov","1","1","2"
"Gleb4_201314","1","1","2"
"glebbus","1","1","2"
"Glebhod","1","1","2"
"GlebU","1","1","2"
"glebus_fecysmecys","1","1","2"
"gledson2031","1","1","2"
"gleetFqwkka","1","1","2"
"glenmags","1","1","2"
"glenn59","1","1","2"
"GLITCHED-OLIVER","1","1","2"
"glitteryballet","1","1","2"
"gliza","1","1","2"
"Globall1802","1","1","2"
"globusaver1","1","1","2"
"gloooomph","1","1","2"
"Glueckritter","1","1","2"
"glxazad","1","1","2"
"gmail_2015","1","1","2"
"gmalamsi","1","1","2"
"gmary692","1","1","2"
"gmB87","1","1","2"
"Gmhartig","1","1","2"
"GmmahmoudGm","1","1","2"
"Gmmohyasser","1","1","2"
"gmoataz","1","1","2"
"Gmronikov","1","1","2"
"Gmsebastian33","1","1","2"
"gmsukwa","1","1","2"
"Gmthekboi","1","1","2"
"gnaofix","1","1","2"
"gnawali_gaurav","1","1","2"
"gneises","1","1","2"
"gnymthfjy","1","1","2"
"Go_cool14","1","1","2"
"go_slowly","1","1","2"
"Go6gle","1","1","2"
"goatsplay","1","1","2"
"goatyakup30","1","1","2"
"gobblehopper","1","1","2"
"god_complex","1","1","2"
"God_Of_Gambit_97","1","1","2"
"godalmeida","1","1","2"
"Godiai473","1","1","2"
"godmoney","1","1","2"
"godopuff","1","1","2"
"GodReignsOverAll","1","1","2"
"Godric28","1","1","2"
"GodshavetheQueenlol","1","1","2"
"Godsminion777","1","1","2"
"Godspowerkoszar","1","1","2"
"godwoken","1","1","2"
"Godzilla2808","1","1","2"
"GodZRX","1","1","2"
"Goezinho","1","1","2"
"gofish88","1","1","2"
"Gofret60","1","1","2"
"gofyahhplayer","1","1","2"
"Gogi-kralj","1","1","2"
"gOGo12345","1","1","2"
"goha9005","1","1","2"
"Gokhan_Faruk_fan","1","1","2"
"gokhanaltan39","1","1","2"
"gokhaner","1","1","2"
"Gokmen-Izmirlim","1","1","2"
"goksenin2017","1","1","2"
"goktug151515","1","1","2"
"GOKTURK4861","1","1","2"
"Goku_sama","1","1","2"
"gokulad","1","1","2"
"Gokulsb","1","1","2"
"Gokuvenoct","1","1","2"
"gold_1618","1","1","2"
"Goldchase","1","1","2"
"golden_momentz","1","1","2"
"golden-sands","1","1","2"
"golden90","1","1","2"
"GoldenCrucian","1","1","2"
"goldenHolga","1","1","2"
"GoldenLion15","1","1","2"
"goldsmith-x","1","1","2"
"golened","1","1","2"
"goli13","1","1","2"
"Golsa_saraf","1","1","2"
"Golubev_A","1","1","2"
"Golubev_Andrey_2013","1","1","2"
"Goluboay","1","1","2"
"Golzadeh","1","1","2"
"gomesotavio","1","1","2"
"gomezj27","1","1","2"
"gomezmagdala","1","1","2"
"gomnoed","1","1","2"
"GONG08","1","1","2"
"gongorov","1","1","2"
"Gongubas","1","1","2"
"gonnhal","1","1","2"
"gonojuarez","1","1","2"
"GonsoCadiz","1","1","2"
"GonzalezUsh","1","1","2"
"Gonzikk02","1","1","2"
"Goodwilll","1","1","2"
"Goodzil9","1","1","2"
"Goofyah","1","1","2"
"Google9","1","1","2"
"Gopalchess007","1","1","2"
"Gopinath_krishnan","1","1","2"
"gopupan","1","1","2"
"Gorcha82","1","1","2"
"Gordeev_Roman","1","1","2"
"GordyI_03","1","1","2"
"gorgo57","1","1","2"
"GorianGray","1","1","2"
"Gorib2134","1","1","2"
"gorila555","1","1","2"
"Gorilla555","1","1","2"
"Goro_Majima","1","1","2"
"GorszySort2","1","1","2"
"gosent","1","1","2"
"gosha_lover","1","1","2"
"Gosha87","1","1","2"
"GoSLeNDeR","1","1","2"
"gothoth95","1","1","2"
"Gotico4445","1","1","2"
"gottagofaster236","1","1","2"
"goudagouda","1","1","2"
"GoudaLips","1","1","2"
"Gourab_Bistu","1","1","2"
"Gouthi43","1","1","2"
"Govarzzz","1","1","2"
"gowtham1015","1","1","2"
"goxan23","1","1","2"
"gpalaga","1","1","2"
"gpk666","1","1","2"
"gpkanders","1","1","2"
"gpmuthu","1","1","2"
"Gppmont","1","1","2"
"Gr-magela1965","1","1","2"
"gr8dar","1","1","2"
"GraciaArden2008","1","1","2"
"gracielle_layam","1","1","2"
"gradoboevg","1","1","2"
"GrafM","1","1","2"
"GrainneNiMhaille","1","1","2"
"gramshri","1","1","2"
"Gran-a","1","1","2"
"Granbird","1","1","2"
"grand_python","1","1","2"
"GrandEgge","1","1","2"
"GRANDMASTER336","1","1","2"
"grandmasterk123","1","1","2"
"GrandMasterShivam","1","1","2"
"GrandMasterTertale","1","1","2"
"Grandmastervarya","1","1","2"
"grandmere56","1","1","2"
"Granitius","1","1","2"
"GrannyA","1","1","2"
"granovsky","1","1","2"
"granrok","1","1","2"
"Grant_Lion","1","1","2"
"grant93","1","1","2"
"grantc","1","1","2"
"GrauerBauer","1","1","2"
"grauscheragon","1","1","2"
"Gray222","1","1","2"
"Grayson5400","1","1","2"
"grazysrevenge","1","1","2"
"greatlifewarrior","1","1","2"
"Greb-Vanek","1","1","2"
"green_ninjaaa","1","1","2"
"green-smile","1","1","2"
"Green188","1","1","2"
"green5567","1","1","2"
"greenranger2","1","1","2"
"GreenSpiRiT974","1","1","2"
"GreenyRepublic","1","1","2"
"greerson","1","1","2"
"Greesha","1","1","2"
"Gregerius","1","1","2"
"GreggHatcher","1","1","2"
"GregKh2014","1","1","2"
"gregmind","1","1","2"
"Gregor4","1","1","2"
"Gregory_Tsybulko","1","1","2"
"Gregory_W","1","1","2"
"GretaMP","1","1","2"
"Grey_Gambit","1","1","2"
"greyfriarbobby","1","1","2"
"GreyHeron","1","1","2"
"grhnunluu","1","1","2"
"GRI_GOR","1","1","2"
"Griffiso","1","1","2"
"Grigor1968","1","1","2"
"Grigorcha_Evgenii","1","1","2"
"grigorenko_varya1","1","1","2"
"Grigori_Artist","1","1","2"
"Grigori2017","1","1","2"
"grigoriy_mur","1","1","2"
"Grigoriy1234","1","1","2"
"grigoriytoropets","1","1","2"
"Grigrouton","1","1","2"
"grimlock369","1","1","2"
"Grinesh","1","1","2"
"griq333","1","1","2"
"Grisell21","1","1","2"
"Grisha0921","1","1","2"
"GrishaRobert","1","1","2"
"grishkevichus","1","1","2"
"Griv28","1","1","2"
"GrixisControl","1","1","2"
"griyesil","1","1","2"
"grizzly66","1","1","2"
"grizzy-lemming1633","1","1","2"
"GRM1991","1","1","2"
"grognaak","1","1","2"
"gromdim","1","1","2"
"Grongersss99","1","1","2"
"GrooFik","1","1","2"
"groovinbass","1","1","2"
"Grosnuled","1","1","2"
"GROSSPATZER17","1","1","2"
"GROSSPLAY","1","1","2"
"GrossRichard","1","1","2"
"grouchopatachin","1","1","2"
"Groumfoss","1","1","2"
"GroundPound","1","1","2"
"Growth29","1","1","2"
"GrozaPukanoff","1","1","2"
"GrozdM","1","1","2"
"GrozniyNoona","1","1","2"
"GRRMN","1","1","2"
"grsesebo","1","1","2"
"grtIIan","1","1","2"
"grundoom","1","1","2"
"GRUNGE7","1","1","2"
"grunzi","1","1","2"
"Grupodepez","1","1","2"
"GRUSOMENOMARD","1","1","2"
"gruzin777","1","1","2"
"Grzegorz-K","1","1","2"
"Grzesiek-412","1","1","2"
"GS3Gianp","1","1","2"
"gs64","1","1","2"
"GS73","1","1","2"
"gsa138","1","1","2"
"GSACKETT","1","1","2"
"gscogna","1","1","2"
"gselevsek","1","1","2"
"gsharma15","1","1","2"
"gsinghmahesh","1","1","2"
"Gspnight","1","1","2"
"gtave91","1","1","2"
"gtchess","1","1","2"
"gte340j","1","1","2"
"GTEtron800PS","1","1","2"
"Gtrmes65","1","1","2"
"GTS110603","1","1","2"
"GU5FRING","1","1","2"
"gu6oBuK","1","1","2"
"guagum","1","1","2"
"guapitoo","1","1","2"
"GuardiolafluRJ","1","1","2"
"guca-2945","1","1","2"
"Guelfus","1","1","2"
"Gueme95","1","1","2"
"guenver","1","1","2"
"Guerrero_esqueleto","1","1","2"
"guerreroverde","1","1","2"
"GuessWhatYouLost","1","1","2"
"Guest6318551858","1","1","2"
"gugyp","1","1","2"
"Guhansrimaan","1","1","2"
"Gui5000","1","1","2"
"Guido_46","1","1","2"
"Guido-Cesare","1","1","2"
"guidoerwis","1","1","2"
"guidoguitarrista","1","1","2"
"GUIGUMAN","1","1","2"
"guilhem_715_b","1","1","2"
"guilherme_silveira","1","1","2"
"Guilhermefalconni","1","1","2"
"GuilhermeMaster","1","1","2"
"guille1942","1","1","2"
"guillegm84","1","1","2"
"Guindaste","1","1","2"
"GuiPimenta","1","1","2"
"guitartheist","1","1","2"
"guja4","1","1","2"
"GUKU32","1","1","2"
"gulalekn3","1","1","2"
"guldi","1","1","2"
"Gulia64","1","1","2"
"Guliver_52","1","1","2"
"gumanitarij","1","1","2"
"Gump5","1","1","2"
"gundamx01","1","1","2"
"gunic","1","1","2"
"gunilope65","1","1","2"
"Gunjan_Tiwari_2708","1","1","2"
"gunjannnn","1","1","2"
"gunk_gunk","1","1","2"
"Gup_Pug","1","1","2"
"gurb77","1","1","2"
"Gurbey","1","1","2"
"gurbuz38arik","1","1","2"
"Gurjar_01","1","1","2"
"GURKIG","1","1","2"
"GurpreetsinghDang","1","1","2"
"GuruGanesh2011","1","1","2"
"GuruVinayak","1","1","2"
"Gus_Heringer","1","1","2"
"gusman24","1","1","2"
"gusox","1","1","2"
"gussvald","1","1","2"
"gustaavomoraales","1","1","2"
"Gustabojr10","1","1","2"
"gustav1","1","1","2"
"gustavo_bugao","1","1","2"
"gustavocerles","1","1","2"
"gustavoofferman","1","1","2"
"Gustaw999","1","1","2"
"Gustofa_007","1","1","2"
"gutescuandrei","1","1","2"
"gutschach","1","1","2"
"guuk","1","1","2"
"Guyshapiro","1","1","2"
"gvmkk","1","1","2"
"Gvt4ll","1","1","2"
"Gvzik_RE","1","1","2"
"Gxcfz","1","1","2"
"Gyawali_Gopal","1","1","2"
"Gybbon","1","1","2"
"gyfccff","1","1","2"
"GYORGIS","1","1","2"
"Gyorgy_Ligeti_1923","1","1","2"
"Gytisk","1","1","2"
"Gyulamiryan_Koryun","1","1","2"
"Gyuriba","1","1","2"
"Gyurisakk","1","1","2"
"gzim123","1","1","2"
"h_comendeiro","1","1","2"
"h-m64","1","1","2"
"H-Nasri","1","1","2"
"H1midou","1","1","2"
"H20iswater","1","1","2"
"H2FTW","1","1","2"
"H2Ostrander","1","1","2"
"H4LFBLOOD_PRINCE","1","1","2"
"H5-H4","1","1","2"
"H7moDe","1","1","2"
"h7skm","1","1","2"
"H8you","1","1","2"
"ha2san","1","1","2"
"hab1l","1","1","2"
"Habewe","1","1","2"
"habiboz","1","1","2"
"habo58","1","1","2"
"haceuzne","1","1","2"
"HacheD","1","1","2"
"hachi_sosut","1","1","2"
"hacker_1947T","1","1","2"
"hackinoselov","1","1","2"
"Hackmind123","1","1","2"
"hackode","1","1","2"
"hacohen","1","1","2"
"Hadi_ezzatzadeh80","1","1","2"
"hadi_tehrani5","1","1","2"
"Hadi79","1","1","2"
"Hadichess1369","1","1","2"
"Hadid07","1","1","2"
"hadiedalati1992","1","1","2"
"HADL102","1","1","2"
"HADL401","1","1","2"
"HADL406","1","1","2"
"HADL501","1","1","2"
"HADL505","1","1","2"
"hafezim","1","1","2"
"Hafiy_Eimran","1","1","2"
"hafshan","1","1","2"
"hagerkamel","1","1","2"
"Hagttac","1","1","2"
"hahahahahahahaha2","1","1","2"
"haidak","1","1","2"
"Haiderjan1","1","1","2"
"haikku","1","1","2"
"Haiminh1505","1","1","2"
"Hainkostoq","1","1","2"
"hairyhounds","1","1","2"
"Hairysamarian","1","1","2"
"haiyhungog","1","1","2"
"HAJANG225","1","1","2"
"Hajduk78","1","1","2"
"hakan_20","1","1","2"
"Hakan1085","1","1","2"
"Hakan1254","1","1","2"
"hakancha","1","1","2"
"Hakanpasa1970","1","1","2"
"Hakimi-Hukomjan","1","1","2"
"hakkicanakgun","1","1","2"
"hakkkito","1","1","2"
"haklgr","1","1","2"
"hakobabaa","1","1","2"
"Hakou1976","1","1","2"
"Hakyur","1","1","2"
"hal1907","1","1","2"
"haldir2705","1","1","2"
"HalfDanish","1","1","2"
"halilhaluk10","1","1","2"
"haliltakci","1","1","2"
"halkhujen13","1","1","2"
"Halleluwah","1","1","2"
"hallihetdkween","1","1","2"
"Halobeams","1","1","2"
"HALOGEN15","1","1","2"
"HalPilotte","1","1","2"
"Ham-Ham19","1","1","2"
"hamadaramadan","1","1","2"
"Hamed1255","1","1","2"
"hamed1345","1","1","2"
"HaMeDoV","1","1","2"
"hamedrj93","1","1","2"
"Hamedsaleh","1","1","2"
"Hamelito","1","1","2"
"hamid-irankara","1","1","2"
"hamid442","1","1","2"
"hamiddhosseini","1","1","2"
"Hamido86","1","1","2"
"Hamilton_53_52","1","1","2"
"Hamizhashiq","1","1","2"
"Hammamux","1","1","2"
"Hammonia","1","1","2"
"HAMTON26","1","1","2"
"Hamza_Abazov","1","1","2"
"HAMZA_LIOn","1","1","2"
"Hamza-koriem","1","1","2"
"Hamza127","1","1","2"
"Hamza1611","1","1","2"
"Hamza622","1","1","2"
"HAMZABAJWA_007","1","1","2"
"hamzah8","1","1","2"
"hamzamakhloufiiii","1","1","2"
"HamzaMuk2018","1","1","2"
"Hamzaoy","1","1","2"
"hamzasaeed831","1","1","2"
"Hamzat0209","1","1","2"
"hamzaterzi","1","1","2"
"hamzatoun","1","1","2"
"hananmhthir","1","1","2"
"Hanasafiy","1","1","2"
"hanasemsem","1","1","2"
"Hand_Of_Mephisto","1","1","2"
"Handicap20","1","1","2"
"Hani78","1","1","2"
"hanifda","1","1","2"
"haninii","1","1","2"
"hank9918","1","1","2"
"hanna1975","1","1","2"
"hannahjiss","1","1","2"
"hannasusan","1","1","2"
"Hannes999","1","1","2"
"Hannu92","1","1","2"
"HannuKristian","1","1","2"
"hanres","1","1","2"
"Hans_Katz","1","1","2"
"hans160729","1","1","2"
"hansel2912","1","1","2"
"hansemac","1","1","2"
"Hansika-Sai-K","1","1","2"
"HansSagmeister","1","1","2"
"Hansson111","1","1","2"
"Hantenguu_4th","1","1","2"
"hanu2019","1","1","2"
"HanumanRu","1","1","2"
"Hany_Menoufy89","1","1","2"
"Hany_youssre1","1","1","2"
"Hany404","1","1","2"
"hanymogahed","1","1","2"
"hanzys","1","1","2"
"HAPKOMAN777","1","1","2"
"Happy4u_16","1","1","2"
"happykid0000","1","1","2"
"happylevel","1","1","2"
"happyLipton","1","1","2"
"happymaker24","1","1","2"
"happypawns58","1","1","2"
"HappyRomani","1","1","2"
"HapTap123","1","1","2"
"har2509","1","1","2"
"Hardcase007","1","1","2"
"hardof_5","1","1","2"
"hardr14","1","1","2"
"HardTack","1","1","2"
"hardy592","1","1","2"
"Hareshkugen","1","1","2"
"Hari_ghimire","1","1","2"
"Hari2016","1","1","2"
"hariarun321123","1","1","2"
"HariCharan","1","1","2"
"harinimi01","1","1","2"
"HARINISHKRISHNA","1","1","2"
"Harinithin","1","1","2"
"hariom12ka4","1","1","2"
"HaripriyaChoothupara","1","1","2"
"haripudukad","1","1","2"
"haris_06","1","1","2"
"HarishSurya2021","1","1","2"
"harith0413","1","1","2"
"harith3","1","1","2"
"harlipogi","1","1","2"
"harmik_gamechanger","1","1","2"
"Harold_Toro","1","1","2"
"HARON111","1","1","2"
"HarpoMarx","1","1","2"
"HarrenB","1","1","2"
"Harrison202222","1","1","2"
"harronher","1","1","2"
"Harry_Nel","1","1","2"
"Harry2424","1","1","2"
"Harry6108","1","1","2"
"harryc50","1","1","2"
"HarryHeinrich27","1","1","2"
"Harryisgood","1","1","2"
"Harsh235","1","1","2"
"harsh254","1","1","2"
"Harshabellur","1","1","2"
"harshalllal_123","1","1","2"
"harshey1127","1","1","2"
"Harshsetiya","1","1","2"
"harshtambay","1","1","2"
"harshvardhan8695","1","1","2"
"harshyp","1","1","2"
"Hartmutb","1","1","2"
"Harun1212","1","1","2"
"Harvard77","1","1","2"
"harvey8specter","1","1","2"
"HarviDent","1","1","2"
"HaryDerEchte","1","1","2"
"Harys","1","1","2"
"hasaan99","1","1","2"
"Hasan_H1917","1","1","2"
"Hasan-2011","1","1","2"
"Hasan6629","1","1","2"
"Hasancan2015","1","1","2"
"hasancorp","1","1","2"
"hasanmrt1907","1","1","2"
"Hasanstaplar","1","1","2"
"haschky","1","1","2"
"Hashem_sh","1","1","2"
"Hashempour19","1","1","2"
"HashidZ","1","1","2"
"Hasibeebrar12","1","1","2"
"hasithsarvan","1","1","2"
"hassan1124","1","1","2"
"hassan205515","1","1","2"
"hassanmusa1997","1","1","2"
"hassanRj","1","1","2"
"hassegeld","1","1","2"
"hatemfawzy","1","1","2"
"haternoster","1","1","2"
"haticemg","1","1","2"
"hattanu","1","1","2"
"haungoctrung","1","1","2"
"haunteddude","1","1","2"
"Hauradou","1","1","2"
"Hausher","1","1","2"
"Havishk2013","1","1","2"
"HawaiianShirt","1","1","2"
"Haxos","1","1","2"
"hayaletoyuncu76","1","1","2"
"hayanoov","1","1","2"
"Hayati3636","1","1","2"
"hayder10acem","1","1","2"
"haydharayyubi","1","1","2"
"HayDot08","1","1","2"
"haykavdal","1","1","2"
"Haytham27","1","1","2"
"Haythemboss1","1","1","2"
"haythemhd","1","1","2"
"hazal_y13","1","1","2"
"Hazardcat","1","1","2"
"HazBulat","1","1","2"
"HazeCeruzz","1","1","2"
"hazelhull11","1","1","2"
"Hazem_96","1","1","2"
"Hazem0Mohamed","1","1","2"
"hazem72722662","1","1","2"
"Hazemaldon1911","1","1","2"
"hazemomer98","1","1","2"
"HaziM77","1","1","2"
"Haziqfikri05","1","1","2"
"HaznAli","1","1","2"
"HBenoit","1","1","2"
"HBO2410","1","1","2"
"hboys","1","1","2"
"HCapa38","1","1","2"
"Hdestroyer","1","1","2"
"HDP17","1","1","2"
"HDuy","1","1","2"
"hdy0306","1","1","2"
"Hdyj","1","1","2"
"HE1MD4LL","1","1","2"
"Hea_ven","1","1","2"
"Head_Hunterrr","1","1","2"
"HeadlessKn1ght","1","1","2"
"heallan","1","1","2"
"healwa","1","1","2"
"Hearthstone777","1","1","2"
"heavenly45","1","1","2"
"HeBuHoBeH","1","1","2"
"hechem23","1","1","2"
"heckenrosen","1","1","2"
"Hector_200","1","1","2"
"hector12367","1","1","2"
"hector88878","1","1","2"
"hectorsann","1","1","2"
"hedge1991","1","1","2"
"HedgesPegasus","1","1","2"
"HedonyBot","1","1","2"
"heebsy","1","1","2"
"heeradigar","1","1","2"
"heetgandhi5","1","1","2"
"Hefesto2020","1","1","2"
"hehesiuuuu","1","1","2"
"Heiberg","1","1","2"
"HeikeChiemsee","1","1","2"
"heiperg","1","1","2"
"Heisemberg_Colorao","1","1","2"
"heisenberk33","1","1","2"
"Heisenberrg","1","1","2"
"heisenluc","1","1","2"
"heises22","1","1","2"
"HeitorCarnio","1","1","2"
"hekmatian99","1","1","2"
"hekmatof","1","1","2"
"Hekmatov1997","1","1","2"
"helendelon","1","1","2"
"Helia_Khanbaz93","1","1","2"
"helinelly","1","1","2"
"helios_erebus","1","1","2"
"heliumi","1","1","2"
"hell_wheel","1","1","2"
"hellerf","1","1","2"
"hellgedableh","1","1","2"
"hellmage","1","1","2"
"hellochapesrip1","1","1","2"
"HelloIamNotGood","1","1","2"
"hellomarkis","1","1","2"
"hellomrking","1","1","2"
"hellosatshriakal","1","1","2"
"HelloxD","1","1","2"
"HellWalker-12","1","1","2"
"helma-hasani","1","1","2"
"helma9696","1","1","2"
"Helmy_03","1","1","2"
"hema-sayed","1","1","2"
"Hemaadry","1","1","2"
"hemaelharery","1","1","2"
"Hemanikahaan","1","1","2"
"Hemanshu143","1","1","2"
"hemp2184","1","1","2"
"hemra_7011","1","1","2"
"henfelix","1","1","2"
"HeNingAn","1","1","2"
"Hennie1951","1","1","2"
"HenriqueDucanges","1","1","2"
"HenryBastidas","1","1","2"
"HenryGondorff","1","1","2"
"HenryVil","1","1","2"
"HensenT","1","1","2"
"Hensman_007","1","1","2"
"Heraldwong","1","1","2"
"heravang","1","1","2"
"HerbergMar","1","1","2"
"Herbert6","1","1","2"
"HerbertMFBurns","1","1","2"
"Hercoom","1","1","2"
"herczegattila91","1","1","2"
"HERDINANDVS","1","1","2"
"HerlockSholmes17","1","1","2"
"herman-Bergov","1","1","2"
"hermergen","1","1","2"
"HermesRodriguez","1","1","2"
"hermionechess63","1","1","2"
"hermsi79","1","1","2"
"herneysmp","1","1","2"
"hernymet","1","1","2"
"Hero_Kalra","1","1","2"
"heroArmin","1","1","2"
"HeronSilva10","1","1","2"
"hervethefather","1","1","2"
"HerzsjeMZ","1","1","2"
"HeSacrifacedTheRook","1","1","2"
"Hesam_kh2014","1","1","2"
"hesamalipour","1","1","2"
"hesamdinsahdnia","1","1","2"
"Hesandu2014","1","1","2"
"heschan","1","1","2"
"HeshamAwA","1","1","2"
"Heshammesho","1","1","2"
"hesoyam2","1","1","2"
"Hetanshjoshi","1","1","2"
"hetwillem","1","1","2"
"Heuquatre","1","1","2"
"Hev","1","1","2"
"heval7265","1","1","2"
"Hewson67","1","1","2"
"Heyanshmohta","1","1","2"
"heyhii","1","1","2"
"Heylaender","1","1","2"
"heyyybenbatu","1","1","2"
"hezhexuan","1","1","2"
"hfpino","1","1","2"
"Hfz_259","1","1","2"
"Hg0009","1","1","2"
"HG75","1","1","2"
"HGarli","1","1","2"
"HGES021","1","1","2"
"HGMS-208","1","1","2"
"HGMS-265","1","1","2"
"HGMS-311","1","1","2"
"HGSH030","1","1","2"
"hhoppi","1","1","2"
"hhuds","1","1","2"
"hi013","1","1","2"
"Hibiscus0973","1","1","2"
"Hichem800","1","1","2"
"Hichevil","1","1","2"
"Hici","1","1","2"
"hidayat0129","1","1","2"
"HiddenValue","1","1","2"
"Hiem","1","1","2"
"Hiennb","1","1","2"
"Hietham","1","1","2"
"hieuvuong","1","1","2"
"higamajiger","1","1","2"
"HighFishInk","1","1","2"
"highKYIV","1","1","2"
"Highlander156","1","1","2"
"HighLeif","1","1","2"
"higuy332","1","1","2"
"Hihon1412","1","1","2"
"HiIamnoob","1","1","2"
"Hik4ruNagmumura","1","1","2"
"Hikari2002","1","1","2"
"hikarou2011","1","1","2"
"hikaru_manamuna","1","1","2"
"HikarusSmellyRook","1","1","2"
"HIKIMO","1","1","2"
"hikmethuseynov","1","1","2"
"HillePille","1","1","2"
"Hilton_01","1","1","2"
"HiltonEvangelista","1","1","2"
"HimaSahasraa1234","1","1","2"
"Himeetoe","1","1","2"
"Himkantverma","1","1","2"
"himmy_man","1","1","2"
"himsice","1","1","2"
"himson69","1","1","2"
"Hina1s","1","1","2"
"Hinaai","1","1","2"
"Hipotalamo","1","1","2"
"hipparkus","1","1","2"
"Hippo92","1","1","2"
"hippopomme","1","1","2"
"Hirad1402","1","1","2"
"Hiradkhosravi","1","1","2"
"HirenjoeTG","1","1","2"
"hirohd","1","1","2"
"Hirohito159","1","1","2"
"Hiru07","1","1","2"
"Hirunjaya","1","1","2"
"Hisham_Hisham","1","1","2"
"Hisore","1","1","2"
"History96","1","1","2"
"hitarth365","1","1","2"
"Hitesh_Patel","1","1","2"
"hitesh1030","1","1","2"
"Hitesh44","1","1","2"
"HiteshChandpa","1","1","2"
"hitha2117","1","1","2"
"hitmantp","1","1","2"
"Hitomi_Dragon","1","1","2"
"hitttttrr","1","1","2"
"Hiyo1256","1","1","2"
"hjain032","1","1","2"
"HJava020","1","1","2"
"Hjelde","1","1","2"
"hjlee07","1","1","2"
"hjnjh34","1","1","2"
"hjul2","1","1","2"
"HK76","1","1","2"
"HKose74","1","1","2"
"hlj-talentudo","1","1","2"
"hm3842","1","1","2"
"Hm711","1","1","2"
"hmdklync","1","1","2"
"hmdtt","1","1","2"
"hmehulic","1","1","2"
"hmgraham45","1","1","2"
"hmj23","1","1","2"
"HMLS017","1","1","2"
"HMMM20","1","1","2"
"hmorter","1","1","2"
"hmr1973","1","1","2"
"hMWdada","1","1","2"
"hnbs","1","1","2"
"HND63UET","1","1","2"
"hnfygt","1","1","2"
"Ho3inValipour","1","1","2"
"hoa_207qt36390","1","1","2"
"Hoangdangkhoi2016","1","1","2"
"Hoangden","1","1","2"
"hoanglam11052016","1","1","2"
"HoangLongTD","1","1","2"
"HoangTruongSacuaVN1","1","1","2"
"hodanew","1","1","2"
"hog26","1","1","2"
"Hoidonk","1","1","2"
"hojopa","1","1","2"
"hokanew","1","1","2"
"Hokkaido01","1","1","2"
"HOkkins","1","1","2"
"holbol","1","1","2"
"hollandpault","1","1","2"
"HollaQ","1","1","2"
"HolmenLimbong","1","1","2"
"HolS757","1","1","2"
"HolyCataphract","1","1","2"
"holyhenny2005","1","1","2"
"Homam_yosuf","1","1","2"
"HomePiece","1","1","2"
"Homer_01","1","1","2"
"HomesickPawn","1","1","2"
"Homonym","1","1","2"
"Homyachok555","1","1","2"
"Hondrova_Varvara","1","1","2"
"Honey2013","1","1","2"
"honeybee12","1","1","2"
"honlycasho","1","1","2"
"Honzula1976","1","1","2"
"hoodgepoodge","1","1","2"
"hook11","1","1","2"
"hooman_90","1","1","2"
"hooman_kz","1","1","2"
"HoomanHZ","1","1","2"
"Hope_0903","1","1","2"
"hoppalanisa","1","1","2"
"hoppityhop","1","1","2"
"Horamia","1","1","2"
"horse1984","1","1","2"
"HorseManoflight","1","1","2"
"Horseon","1","1","2"
"horsie_blunder","1","1","2"
"horstfuksstar","1","1","2"
"Horty68","1","1","2"
"horuga","1","1","2"
"HosamTar","1","1","2"
"hoseinlarsson","1","1","2"
"hosen87","1","1","2"
"hosin1980","1","1","2"
"Hossam_Abbas","1","1","2"
"HossaM0","1","1","2"
"hossam2008","1","1","2"
"hossam82646","1","1","2"
"hossama1","1","1","2"
"hossamaladdin","1","1","2"
"hossein989898","1","1","2"
"hosseindaghigh444","1","1","2"
"HosseinMK","1","1","2"
"hotblack","1","1","2"
"hotguylooking4mate","1","1","2"
"houan","1","1","2"
"Houdi16","1","1","2"
"houssam","1","1","2"
"Houwwie","1","1","2"
"hovnowr","1","1","2"
"Hovsep84","1","1","2"
"Howard_Hoo","1","1","2"
"Howard1014","1","1","2"
"howard195","1","1","2"
"howeman","1","1","2"
"HOWIE2016","1","1","2"
"howiedo","1","1","2"
"hpoi","1","1","2"
"Hrabra_Damka","1","1","2"
"hrezaii","1","1","2"
"hrgh","1","1","2"
"hridhaan1502","1","1","2"
"Hrkhrishikesh","1","1","2"
"HRO","1","1","2"
"Hrp_Ok","1","1","2"
"Hrpkeremturabi","1","1","2"
"hrpzeynepgunes11","1","1","2"
"hrrezaei64","1","1","2"
"hrs1201","1","1","2"
"hrs1978","1","1","2"
"Hrsht00797","1","1","2"
"hrudhaybejoy","1","1","2"
"Hrva","1","1","2"
"hryeshwanth","1","1","2"
"hsks","1","1","2"
"hsnblgn08","1","1","2"
"hsoedan4","1","1","2"
"htoohla","1","1","2"
"Htv77","1","1","2"
"hu1tzilopochtli","1","1","2"
"Huba444","1","1","2"
"hubi557","1","1","2"
"huckleberryrae","1","1","2"
"Hudlommen","1","1","2"
"hudoyyyy","1","1","2"
"hudy2015","1","1","2"
"Huggy_Wuggy12","1","1","2"
"Hughtower","1","1","2"
"huginsamuelsen","1","1","2"
"hugoary","1","1","2"
"hugoboss10","1","1","2"
"Hugohermitte","1","1","2"
"Hugok80","1","1","2"
"HugoStjepanovic","1","1","2"
"huguitomanuel","1","1","2"
"hUKbRUH12","1","1","2"
"HukoJlka-ADckuii","1","1","2"
"huligan787","1","1","2"
"HulkSierra","1","1","2"
"HULLK77","1","1","2"
"HumanDildo","1","1","2"
"humanrocketship98","1","1","2"
"Humansuit","1","1","2"
"HumbertHu","1","1","2"
"HumbertoPrr","1","1","2"
"Humble_Pi","1","1","2"
"humble_player68","1","1","2"
"Humme95","1","1","2"
"HumphreY05","1","1","2"
"HunarS","1","1","2"
"Hungarianhorntail123","1","1","2"
"hunihuni","1","1","2"
"HunterKilua","1","1","2"
"hupske","1","1","2"
"Husaria1990","1","1","2"
"HusdelL","1","1","2"
"huseyin06","1","1","2"
"huseyinkarakus","1","1","2"
"huseyinkyncu","1","1","2"
"huseynov_yusif","1","1","2"
"hush314","1","1","2"
"Husky72","1","1","2"
"Hussam-21","1","1","2"
"hussam14041991","1","1","2"
"hussam444","1","1","2"
"hussein_9","1","1","2"
"Hussein75","1","1","2"
"husseinzidan97","1","1","2"
"Husssssssseinnnnn97","1","1","2"
"HustlerK","1","1","2"
"hustleweber","1","1","2"
"hutir","1","1","2"
"Huumy","1","1","2"
"HuyHoang511","1","1","2"
"huylove1201","1","1","2"
"huzn","1","1","2"
"hvck13b3erry","1","1","2"
"hvedrun9","1","1","2"
"HVeer","1","1","2"
"Hvldk_20","1","1","2"
"HVSA","1","1","2"
"Hwang_Jang_Lee","1","1","2"
"hydralbktashy","1","1","2"
"hydrixone","1","1","2"
"hydro79","1","1","2"
"HydroK","1","1","2"
"Hydt","1","1","2"
"HYO_RIN","1","1","2"
"hyper_dave","1","1","2"
"HyperHagen","1","1","2"
"Hypokeimenon_31883","1","1","2"
"Hyrkas2013","1","1","2"
"Hyrum123","1","1","2"
"Hyu4e","1","1","2"
"hyujhtgr","1","1","2"
"HZ582","1","1","2"
"hz68","1","1","2"
"Hzzz21","1","1","2"
"I_am_Grin-DeVald","1","1","2"
"I_D_Olisov","1","1","2"
"I_Savelyev","1","1","2"
"i_t_s_m_e","1","1","2"
"I-Blunder-Queens","1","1","2"
"I-dont-get-Lucky","1","1","2"
"i0ijafari0i","1","1","2"
"I3urn","1","1","2"
"i98456","1","1","2"
"iabbax","1","1","2"
"IaBobrik","1","1","2"
"Iago232","1","1","2"
"Iakopo","1","1","2"
"IAM_Chris","1","1","2"
"iam_vlakshman","1","1","2"
"IAM-KING","1","1","2"
"IamAdvithi","1","1","2"
"iamakshayraj","1","1","2"
"Iamalegends","1","1","2"
"IamBassem","1","1","2"
"iambetteratsmash","1","1","2"
"iamcassandra","1","1","2"
"iAMCROW","1","1","2"
"IamDisaster04","1","1","2"
"Iamfluffyjoe","1","1","2"
"IamlilGriffel","1","1","2"
"IamMayank","1","1","2"
"IamNotRobut","1","1","2"
"iamokinreallife","1","1","2"
"Iamprobaby","1","1","2"
"IamreyansH","1","1","2"
"Iamstillme123","1","1","2"
"IamTheGreat3512","1","1","2"
"Iamubaraak","1","1","2"
"iamveeksha","1","1","2"
"ian_rojas","1","1","2"
"ianarakakisap","1","1","2"
"IanBarker","1","1","2"
"IanCasper","1","1","2"
"Ianchessstjo","1","1","2"
"IanMajawat","1","1","2"
"iappo","1","1","2"
"iarsen5","1","1","2"
"iattaman","1","1","2"
"Iavo-Mamitiana","1","1","2"
"iazevedo","1","1","2"
"IbadGamerX","1","1","2"
"ibigibreson","1","1","2"
"IbisII","1","1","2"
"iblis_1002","1","1","2"
"Ibn-Murat","1","1","2"
"ibnmushtaq","1","1","2"
"ibntup666","1","1","2"
"IBOPUNIT","1","1","2"
"IbouB","1","1","2"
"ibraa1","1","1","2"
"ibraforever","1","1","2"
"IbragimSkif","1","1","2"
"Ibragimushka","1","1","2"
"Ibrahim_Eliot","1","1","2"
"Ibrahim0x1027","1","1","2"
"Ibrahim254200","1","1","2"
"ibrahim33e","1","1","2"
"ibrahimcaganbulut","1","1","2"
"Ibrahimege1","1","1","2"
"Ibrahimfarhan2","1","1","2"
"Ibrahimhasan","1","1","2"
"Ibrahimkhedr2020","1","1","2"
"ibrahimz99","1","1","2"
"iCaM8","1","1","2"
"ICARO8","1","1","2"
"Iceberg60","1","1","2"
"icecoldgeri","1","1","2"
"IcedOutKnight","1","1","2"
"iceman14091992","1","1","2"
"Iceman2007","1","1","2"
"icemanic","1","1","2"
"icemocha","1","1","2"
"IckyBubblingSkeleton","1","1","2"
"icon24","1","1","2"
"ictiologo","1","1","2"
"icyknt","1","1","2"
"idadomdam","1","1","2"
"idanGib","1","1","2"
"IdanielP","1","1","2"
"Idegis","1","1","2"
"Identikit94","1","1","2"
"identity99","1","1","2"
"idiota1974","1","1","2"
"idontwannamakeone","1","1","2"
"idsaras","1","1","2"
"iDSurv","1","1","2"
"ieranieran","1","1","2"
"ifanythingpeh","1","1","2"
"Ifdylbjtr61","1","1","2"
"ifElseFor","1","1","2"
"Ifhazoro","1","1","2"
"Ifkaluva","1","1","2"
"Iftekhar-2000","1","1","2"
"Igemonium79","1","1","2"
"IgGarr","1","1","2"
"igm2103","1","1","2"
"Ignasss","1","1","2"
"ignisaction","1","1","2"
"Ignissis","1","1","2"
"ignrnt","1","1","2"
"Igor_Fedorov_Officer","1","1","2"
"Igor_Goffman","1","1","2"
"IGOR_Vyborg2011","1","1","2"
"igor-gamaev","1","1","2"
"Igor-Pechenov_72","1","1","2"
"Igor1070","1","1","2"
"igor369","1","1","2"
"Igor6115Gaiduk","1","1","2"
"igor6612","1","1","2"
"IgorBut","1","1","2"
"IgorLouzado","1","1","2"
"IgorMusin888","1","1","2"
"IgorPET","1","1","2"
"IgorRadchenko","1","1","2"
"igorsidorov18122011","1","1","2"
"Igorsin51","1","1","2"
"Igorst","1","1","2"
"Igoryak21","1","1","2"
"Igoryan0042","1","1","2"
"IgorZhmudenko","1","1","2"
"IGREEDI","1","1","2"
"IGroFFmeister","1","1","2"
"igur44","1","1","2"
"iheay","1","1","2"
"ihelmy","1","1","2"
"ihor_malakov","1","1","2"
"ihsann7777","1","1","2"
"Ihsnaga","1","1","2"
"iigaev_DT","1","1","2"
"iii_Neil","1","1","2"
"iiiioks","1","1","2"
"iilya","1","1","2"
"iimm257","1","1","2"
"iissiimmssiizz","1","1","2"
"IIvannnnn","1","1","2"
"ikankes","1","1","2"
"Ikaras","1","1","2"
"Ike-3nd6","1","1","2"
"ikenice","1","1","2"
"Iker8Rayo","1","1","2"
"Ikerpbudd","1","1","2"
"ikin_solikin","1","1","2"
"ikklapjekipje","1","1","2"
"iknowuknowme","1","1","2"
"Ikonwnoopenings","1","1","2"
"ikpevictor","1","1","2"
"ikra046","1","1","2"
"ikusha","1","1","2"
"IL7","1","1","2"
"Ilamathi005","1","1","2"
"ilan2012","1","1","2"
"Ilana14","1","1","2"
"IlanaOstapenko","1","1","2"
"ilanfayis_2014","1","1","2"
"ilanthirayan","1","1","2"
"ilary90","1","1","2"
"ilbeycn","1","1","2"
"Ildar_KIA","1","1","2"
"Ilfat1972","1","1","2"
"ilgiz1977","1","1","2"
"Ilgiz1982","1","1","2"
"IlgladiatoreMassimo","1","1","2"
"Ilhomjon0202","1","1","2"
"ilhomtojiboyev","1","1","2"
"ILIA_328","1","1","2"
"Ilia_Lukianov","1","1","2"
"Ilia_spb","1","1","2"
"Ilia_Zhadanov","1","1","2"
"ILIA2011ilia","1","1","2"
"Ilia59","1","1","2"
"Ilia986","1","1","2"
"Ilias-77","1","1","2"
"Ilija1410","1","1","2"
"Ilin_Ilya13","1","1","2"
"Ilitchlingenieux","1","1","2"
"ILiuxa","1","1","2"
"Iliya_63","1","1","2"
"Iliya20071007","1","1","2"
"ilker3334","1","1","2"
"ilkerksc","1","1","2"
"ilkorg","1","1","2"
"ILLDJ","1","1","2"
"Illmaticz","1","1","2"
"illusional_biz","1","1","2"
"Illusive4","1","1","2"
"IllyaGonzo","1","1","2"
"ilmefa","1","1","2"
"Ilnaz_U","1","1","2"
"ILNUR19831983","1","1","2"
"ILonMAsk12321","1","1","2"
"ilrossoneri","1","1","2"
"Ilshat-Rakhman","1","1","2"
"IluhaIva","1","1","2"
"iluminao40","1","1","2"
"Ilunyaaa","1","1","2"
"ILuvFeet","1","1","2"
"ilya_hypik","1","1","2"
"ilya08152005","1","1","2"
"ilyaakkhuzin","1","1","2"
"IlyaK_v","1","1","2"
"ilyalego123","1","1","2"
"ilysic","1","1","2"
"ILYUSHAMASTER","1","1","2"
"Imadsh","1","1","2"
"Imaetos_YT","1","1","2"
"imaginopia","1","1","2"
"Imalistar","1","1","2"
"imam003","1","1","2"
"imam123","1","1","2"
"imanta200500","1","1","2"
"imanzahari","1","1","2"
"imatcarskii","1","1","2"
"imberlinares","1","1","2"
"Imedking09","1","1","2"
"Imfranky","1","1","2"
"imichess","1","1","2"
"imirzal79","1","1","2"
"imjustsmarterthanyou","1","1","2"
"imlegendofcringe","1","1","2"
"imma4kuuprn","1","1","2"
"immemory","1","1","2"
"immortal4804","1","1","2"
"Immortally","1","1","2"
"Imnewname","1","1","2"
"imnotrosen","1","1","2"
"imohamedkhalaf1","1","1","2"
"Imovane","1","1","2"
"imparoc","1","1","2"
"Impecceable","1","1","2"
"Imperaa","1","1","2"
"imprettygood13444","1","1","2"
"improvementacc","1","1","2"
"Imprrezza","1","1","2"
"imreallysosorry","1","1","2"
"ImreKochanHUN","1","1","2"
"Imreza_a","1","1","2"
"Imsabari","1","1","2"
"Imstillhere","1","1","2"
"imthenightrider","1","1","2"
"Imtr1","1","1","2"
"imvish13","1","1","2"
"imwalkinere","1","1","2"
"Imyourinstrusion","1","1","2"
"Imzy1","1","1","2"
"in_ga","1","1","2"
"inac1903","1","1","2"
"Inakivv","1","1","2"
"inanaydin","1","1","2"
"inandoutofcontrol","1","1","2"
"inanyns","1","1","2"
"inbaa2015","1","1","2"
"Incandescent1","1","1","2"
"Incanus","1","1","2"
"Incapacity","1","1","2"
"ince1907","1","1","2"
"incisss","1","1","2"
"incorrectname1","1","1","2"
"inct","1","1","2"
"iND0LENt","1","1","2"
"Indarbi","1","1","2"
"inder322","1","1","2"
"INDIANFALCON","1","1","2"
"Indianfighter1129","1","1","2"
"Indianocean74","1","1","2"
"indienne","1","1","2"
"Indigo_Ser","1","1","2"
"indigoadder","1","1","2"
"indonesiatrue","1","1","2"
"indrajeet4ever","1","1","2"
"indrajitdas","1","1","2"
"indrapermanatrx","1","1","2"
"IndykPL","1","1","2"
"iNdyro","1","1","2"
"indysigner","1","1","2"
"inedit","1","1","2"
"inefff","1","1","2"
"infamy231","1","1","2"
"infiniteloop1776","1","1","2"
"InfinityLeague","1","1","2"
"InfinityPlans","1","1","2"
"Infinitystar77","1","1","2"
"influxeter","1","1","2"
"infowarsstoredotcom","1","1","2"
"ingenspino","1","1","2"
"InGrandeur","1","1","2"
"Iniaky_Rovira","1","1","2"
"inke911","1","1","2"
"inkman780","1","1","2"
"InkognitoBY","1","1","2"
"inmortalium","1","1","2"
"inogamov74","1","1","2"
"Inonix3","1","1","2"
"inrealtika55","1","1","2"
"InsafSial","1","1","2"
"Insalvbre","1","1","2"
"insan_official","1","1","2"
"insaneconquer0r","1","1","2"
"insanity00","1","1","2"
"insidiousss","1","1","2"
"INSPECTOR_24","1","1","2"
"Inspiration_wow","1","1","2"
"Instrybutor","1","1","2"
"Intelligence_copy","1","1","2"
"intense2121","1","1","2"
"intinau","1","1","2"
"IntoCircus","1","1","2"
"introproboy","1","1","2"
"Inula78","1","1","2"
"Inv-1133","1","1","2"
"Inv3rse1","1","1","2"
"invokermaster","1","1","2"
"InYoFace","1","1","2"
"IoanArt-com","1","1","2"
"iohi13","1","1","2"
"ION_UGA","1","1","2"
"ion33l","1","1","2"
"ionov_vlad53","1","1","2"
"iosuarri","1","1","2"
"Ip_K","1","1","2"
"ipan89","1","1","2"
"Ipeeps2","1","1","2"
"IPFountains","1","1","2"
"ipiyer","1","1","2"
"Iplaybulletchess","1","1","2"
"ipotekaMD","1","1","2"
"IpritAsMedicine","1","1","2"
"IQ_17x","1","1","2"
"Irada_Bass","1","1","2"
"irag258","1","1","2"
"iramuza","1","1","2"
"iranianlegend","1","1","2"
"irati99","1","1","2"
"irdmoreno86","1","1","2"
"IrDr","1","1","2"
"ireallyneedtostudy","1","1","2"
"iremxql","1","1","2"
"Iren_Asadzadeh92","1","1","2"
"IRFAN_FADIL","1","1","2"
"IRGY2","1","1","2"
"Irina_Kruti","1","1","2"
"Iris-Piris","1","1","2"
"irkia92","1","1","2"
"irma311","1","1","2"
"irmafuentes23","1","1","2"
"Irmm","1","1","2"
"Irmmsrar","1","1","2"
"irolli","1","1","2"
"ironchezts","1","1","2"
"Irondamn","1","1","2"
"IronEagle_1","1","1","2"
"ironman2024","1","1","2"
"IronPranda","1","1","2"
"ironvbn","1","1","2"
"irreparablemarch5","1","1","2"
"Irving_supremo","1","1","2"
"ISAAAAAAAAAAC","1","1","2"
"isaac_ad","1","1","2"
"Isaac_Cardozo","1","1","2"
"IsaacJr0604","1","1","2"
"isaackyodai","1","1","2"
"IsaacMengyuanWu","1","1","2"
"isaacp1","1","1","2"
"Isabelapinhao12","1","1","2"
"IsabellaK8","1","1","2"
"isabri10","1","1","2"
"Isacada","1","1","2"
"Isaias_5478","1","1","2"
"Isaias_Cond3","1","1","2"
"Isakus","1","1","2"
"Isan80","1","1","2"
"isaquebrolo","1","1","2"
"Isarnon","1","1","2"
"iSashke","1","1","2"
"Isaxan1986","1","1","2"
"Iscomax","1","1","2"
"IshaanMS_ccs","1","1","2"
"ishaansharma17","1","1","2"
"ishallwooopyoass","1","1","2"
"Ishan13579","1","1","2"
"Ishan29","1","1","2"
"IshanBalaji","1","1","2"
"IshanRahul","1","1","2"
"ISHIKA_RANA154","1","1","2"
"ishmannar","1","1","2"
"Ishrak95","1","1","2"
"Ishu_2013","1","1","2"
"Ishu_man","1","1","2"
"ishup","1","1","2"
"isi-tks","1","1","2"
"isid90","1","1","2"
"isidro58","1","1","2"
"ISISAVI","1","1","2"
"Isisss9998","1","1","2"
"Iskierka","1","1","2"
"IskPa","1","1","2"
"ISLa2217","1","1","2"
"islam_abdullaev2010","1","1","2"
"islam_atm","1","1","2"
"ISLAM017","1","1","2"
"islambou23","1","1","2"
"Islamezz","1","1","2"
"islamma16","1","1","2"
"Islammostafe","1","1","2"
"ISLC","1","1","2"
"islifebeautiful","1","1","2"
"Ismael_Antonelli","1","1","2"
"ismagilmuslim","1","1","2"
"Ismail-Gh","1","1","2"
"ismailsergin","1","1","2"
"ismet_jonson","1","1","2"
"Ismurfs","1","1","2"
"Isny","1","1","2"
"ispup","1","1","2"
"israelbm","1","1","2"
"Israhanli","1","1","2"
"Isralehidlago","1","1","2"
"israr_khan","1","1","2"
"issam05","1","1","2"
"issei_123","1","1","2"
"istaryuyu","1","1","2"
"Isterling","1","1","2"
"istiak3003","1","1","2"
"istichnikzla","1","1","2"
"IstvanTheKing","1","1","2"
"IsukaOne","1","1","2"
"isyabagus","1","1","2"
"ITA46","1","1","2"
"itachessy","1","1","2"
"ITACHI_37","1","1","2"
"ItachiY","1","1","2"
"Itachl_94","1","1","2"
"ITAITAITA","1","1","2"
"ItalianStallion13","1","1","2"
"italogiova134","1","1","2"
"italynec1985","1","1","2"
"itgtovar","1","1","2"
"ithi27","1","1","2"
"itlo2","1","1","2"
"itrdty","1","1","2"
"Its_America","1","1","2"
"Its_Avaarabella","1","1","2"
"its_gaurav8","1","1","2"
"its_rohan","1","1","2"
"its_sarthakkk","1","1","2"
"Its_Showtime","1","1","2"
"its1me","1","1","2"
"ItsABlunderfulDay","1","1","2"
"itsachyutkrishna","1","1","2"
"itsallknight","1","1","2"
"itsdiseez","1","1","2"
"itsjustblue","1","1","2"
"ItsJustVince","1","1","2"
"itsKs_Rajput","1","1","2"
"itslittlewatermelon","1","1","2"
"ITSMahendra97","1","1","2"
"itsnotle","1","1","2"
"Itssreerajr","1","1","2"
"itsxuif224","1","1","2"
"Itz_DeronIX","1","1","2"
"itz_sasarah","1","1","2"
"itzAK01","1","1","2"
"itzjjana","1","1","2"
"iTzRahul","1","1","2"
"Itzz_Ojlex","1","1","2"
"iuobqmbi","1","1","2"
"iuriiivanov","1","1","2"
"iuriimaliukin","1","1","2"
"iv1las","1","1","2"
"Iv3n","1","1","2"
"iv57rp","1","1","2"
"Iva0777","1","1","2"
"ivair71","1","1","2"
"IvairGontijo","1","1","2"
"Ivakov-Arseniy_2013","1","1","2"
"IVAN_1810","1","1","2"
"ivan_corredor","1","1","2"
"Ivan_iz_Kurulki","1","1","2"
"Ivan_Kkoban","1","1","2"
"Ivan_Minenko","1","1","2"
"Ivan_Ovdiienko2013","1","1","2"
"ivan_salyga","1","1","2"
"Ivan_the_Grozni","1","1","2"
"ivan_trushnikov-2014","1","1","2"
"ivan_tsventukh","1","1","2"
"Ivan_Zvyagin","1","1","2"
"ivan-ponosov19","1","1","2"
"Ivan19800","1","1","2"
"Ivan22811111","1","1","2"
"Ivan2684","1","1","2"
"Ivan27373","1","1","2"
"ivan74_-_77","1","1","2"
"Ivan8791","1","1","2"
"ivan887p","1","1","2"
"IvanAranda","1","1","2"
"IvanBalanar1","1","1","2"
"IvanBender","1","1","2"
"ivanbl1975","1","1","2"
"ivanc527","1","1","2"
"IvanChi22","1","1","2"
"ivanchich","1","1","2"
"IvanDanilivich","1","1","2"
"IvanDeMachette","1","1","2"
"ivandols","1","1","2"
"IvAndrSh","1","1","2"
"Ivanes5","1","1","2"
"IvanGo2000","1","1","2"
"ivanhsu0201","1","1","2"
"Ivanisevic","1","1","2"
"IvanJalonen2018","1","1","2"
"Ivanko4kin","1","1","2"
"IvanKuzmin2015","1","1","2"
"Ivanmaker","1","1","2"
"IVANOV10081980","1","1","2"
"ivanpaleev","1","1","2"
"ivanpuce","1","1","2"
"ivanpyn","1","1","2"
"IvanPZ","1","1","2"
"ivanqmx","1","1","2"
"IvanShahlevich1","1","1","2"
"ivantuksin","1","1","2"
"ivanVaGo","1","1","2"
"IvanWong1217","1","1","2"
"Ivanyaa","1","1","2"
"Ivaon_M","1","1","2"
"IVchess","1","1","2"
"Ive09RA","1","1","2"
"ives_juri777","1","1","2"
"IVIuxaul","1","1","2"
"ivlev1981","1","1","2"
"IVZROZT","1","1","2"
"IWanMarwanI","1","1","2"
"IwatchtheBoard","1","1","2"
"iwiilwinyou","1","1","2"
"iWinter","1","1","2"
"iwinuloss","1","1","2"
"iwokosowski","1","1","2"
"Ixazi","1","1","2"
"Ixidor89","1","1","2"
"Ixtrial","1","1","2"
"Iyadess","1","1","2"
"iyanbot526","1","1","2"
"iylyrjf1","1","1","2"
"Izabella-chess","1","1","2"
"izackblured","1","1","2"
"izarakashvis2015","1","1","2"
"izaryha","1","1","2"
"Izel_Alexandra_Mote","1","1","2"
"izelgard","1","1","2"
"izet0","1","1","2"
"Izgorel_Ekser","1","1","2"
"Izhi1","1","1","2"
"izketa135","1","1","2"
"izmajlov","1","1","2"
"Izmir269","1","1","2"
"Izotova_Yeva_2016","1","1","2"
"izqa","1","1","2"
"Izt2_joel_rios","1","1","2"
"Izver_212","1","1","2"
"izzet1981","1","1","2"
"izzy581","1","1","2"
"j_ayy","1","1","2"
"J_Davis013","1","1","2"
"J_Fenix_1156","1","1","2"
"J_Martins","1","1","2"
"J_pet","1","1","2"
"J_Zagurskiy","1","1","2"
"J079","1","1","2"
"J0fear","1","1","2"
"J0lf","1","1","2"
"J1993X","1","1","2"
"J1O8E7","1","1","2"
"J1TDR","1","1","2"
"j2027594jw","1","1","2"
"j27jvaj","1","1","2"
"J3esT","1","1","2"
"J3r03ntjuh88","1","1","2"
"Jaaack_aa","1","1","2"
"JAAB12","1","1","2"
"jaads","1","1","2"
"Jaafar_Makki","1","1","2"
"Jaanvi915","1","1","2"
"jaasaaj","1","1","2"
"jab1411","1","1","2"
"jabolbart88","1","1","2"
"jac010","1","1","2"
"Jaceventura972","1","1","2"
"Jack_Bandito","1","1","2"
"jack_major","1","1","2"
"Jack_the_Adler","1","1","2"
"Jack1011","1","1","2"
"jackal74","1","1","2"
"jackaskhim","1","1","2"
"jackburrs","1","1","2"
"Jacket_Tayto","1","1","2"
"JackieVH","1","1","2"
"JackKolbaskin","1","1","2"
"jackkom","1","1","2"
"Jackky089","1","1","2"
"jackmack050","1","1","2"
"jackmaher08","1","1","2"
"Jackmortino17","1","1","2"
"JackSchnorr","1","1","2"
"jacksmirks","1","1","2"
"Jackson011111","1","1","2"
"Jacky1961","1","1","2"
"jacobshefchik","1","1","2"
"Jacopello","1","1","2"
"jacopo98v","1","1","2"
"jacopolabo","1","1","2"
"jacopomazzo","1","1","2"
"jacoxd","1","1","2"
"Jacques55","1","1","2"
"Jade-1","1","1","2"
"jaden1109","1","1","2"
"Jaden122","1","1","2"
"JADLibera","1","1","2"
"jadojoud","1","1","2"
"jaemsujaemsu","1","1","2"
"Jaewon1111","1","1","2"
"JaFar1","1","1","2"
"JafarGm","1","1","2"
"jaffacakes2323","1","1","2"
"jaflores09","1","1","2"
"JAGarg","1","1","2"
"jagav","1","1","2"
"JagerMasher","1","1","2"
"jagguuar","1","1","2"
"jaguat200kmh","1","1","2"
"Jahan_K","1","1","2"
"Jahr_07","1","1","2"
"Jailin40_LF","1","1","2"
"Jaime_Lennister","1","1","2"
"JAIME255","1","1","2"
"jaime32","1","1","2"
"Jaimecar007","1","1","2"
"JaimeLaRaclette","1","1","2"
"jaimeomequiahuitl","1","1","2"
"JAIN_NITIN","1","1","2"
"Jainepc","1","1","2"
"jaintanisha","1","1","2"
"jaintruder","1","1","2"
"JairamKannappan","1","1","2"
"JAISK2011","1","1","2"
"JaivikMukesh_1404","1","1","2"
"jaivk","1","1","2"
"Jajiwill","1","1","2"
"jakautama_KBPL","1","1","2"
"jakawaka","1","1","2"
"Jake666","1","1","2"
"JakeArmstrong","1","1","2"
"JakeJK","1","1","2"
"jakelee08","1","1","2"
"jakinsky","1","1","2"
"jakobbrgstnr","1","1","2"
"jakovodra","1","1","2"
"jaksena","1","1","2"
"jakubu43lek343","1","1","2"
"jalev_282904","1","1","2"
"Jama12","1","1","2"
"Jamaicanicks","1","1","2"
"jamakaaa","1","1","2"
"jamal022","1","1","2"
"jamalabdou","1","1","2"
"jamelb","1","1","2"
"James_Glare","1","1","2"
"James_R_A","1","1","2"
"JamesB-hces","1","1","2"
"jameschess02","1","1","2"
"jamesfourfourteen","1","1","2"
"JamesJemara","1","1","2"
"jamesleavett","1","1","2"
"JamiesVideowelt","1","1","2"
"jamjr","1","1","2"
"jammal_77","1","1","2"
"Jammerojas","1","1","2"
"JammyD","1","1","2"
"JamoliddinF","1","1","2"
"jamos10","1","1","2"
"jamshid555","1","1","2"
"JamshidMuhammadyasin","1","1","2"
"JAN1887","1","1","2"
"janan_adabi","1","1","2"
"janciu","1","1","2"
"Janco73","1","1","2"
"Jancs","1","1","2"
"jandrewb","1","1","2"
"Jane_jo","1","1","2"
"Janeczek69","1","1","2"
"Janes_07","1","1","2"
"JanethMariscal_20","1","1","2"
"janggalf","1","1","2"
"JangsJD","1","1","2"
"Janine999","1","1","2"
"Jankerbolt","1","1","2"
"Janmer_Naibaho","1","1","2"
"JannaBanana","1","1","2"
"jano2022","1","1","2"
"Janooar","1","1","2"
"Janudi02","1","1","2"
"janurbina26","1","1","2"
"JAOS10","1","1","2"
"japachess","1","1","2"
"Japanese007","1","1","2"
"japeso","1","1","2"
"JappieKrekel89","1","1","2"
"JaqueMateConKarate","1","1","2"
"jara2020","1","1","2"
"Jara2745","1","1","2"
"jaredkoz","1","1","2"
"JArielMG","1","1","2"
"Jarllyson91","1","1","2"
"Jaro0502","1","1","2"
"jarosad","1","1","2"
"jarsj","1","1","2"
"Jarvis268","1","1","2"
"JAS-Andrade","1","1","2"
"Jas3444","1","1","2"
"Jasieczek123456","1","1","2"
"Jasiek2r","1","1","2"
"jasiekgorski","1","1","2"
"jasithchess2021","1","1","2"
"jasminastevanovic","1","1","2"
"jason5871","1","1","2"
"Jasper_0212","1","1","2"
"jaspionbandido","1","1","2"
"Jassim94","1","1","2"
"JASully65","1","1","2"
"JasurNaser7","1","1","2"
"JaswinderSingh106","1","1","2"
"jatibenings","1","1","2"
"JaumeBB","1","1","2"
"JaumeCami","1","1","2"
"javad_kaberi","1","1","2"
"javad994","1","1","2"
"javadjoleini75","1","1","2"
"javadmimo","1","1","2"
"Javalino","1","1","2"
"javanci","1","1","2"
"Javi-nieto","1","1","2"
"javi8","1","1","2"
"javicholo","1","1","2"
"Javidvahedi","1","1","2"
"javiechess","1","1","2"
"javier_30","1","1","2"
"Javier_L","1","1","2"
"Javier_RR","1","1","2"
"Javier8711","1","1","2"
"javiercedenot","1","1","2"
"Javiernomo","1","1","2"
"Javierpl","1","1","2"
"JavierSV","1","1","2"
"javiersz","1","1","2"
"javiko2","1","1","2"
"javiplaza","1","1","2"
"javirivo","1","1","2"
"javrey","1","1","2"
"javsaviola","1","1","2"
"Javvs6818","1","1","2"
"JawadRouen","1","1","2"
"Jawagowitz","1","1","2"
"jawesly","1","1","2"
"jay123j","1","1","2"
"jay9450","1","1","2"
"JayadevBolledu","1","1","2"
"jayantaneja32","1","1","2"
"jayanth_jaya_27","1","1","2"
"jayaramaiah66","1","1","2"
"jaybyrd","1","1","2"
"Jayden_j2015","1","1","2"
"JaydenKw","1","1","2"
"jaydensharky","1","1","2"
"Jaydon_Franco","1","1","2"
"jayjaybr","1","1","2"
"jayjaywimo","1","1","2"
"Jaylen_Brown","1","1","2"
"jaymarcerezo","1","1","2"
"jaynura","1","1","2"
"jaypandya18","1","1","2"
"jaysmit","1","1","2"
"jayson2009","1","1","2"
"jazthewaz","1","1","2"
"Jazz_sax_moscow","1","1","2"
"jazz-bass","1","1","2"
"Jazzjolly","1","1","2"
"jazzpcn","1","1","2"
"Jazzzzie","1","1","2"
"JB874","1","1","2"
"Jbaca","1","1","2"
"JBechess","1","1","2"
"jbesky","1","1","2"
"JBisc","1","1","2"
"jblake","1","1","2"
"jboncompte","1","1","2"
"Jbone1969","1","1","2"
"JBSchess","1","1","2"
"JC63","1","1","2"
"JC781","1","1","2"
"jcampomori","1","1","2"
"jchm1956","1","1","2"
"jcmoreno90","1","1","2"
"Jcotl11","1","1","2"
"jcouto","1","1","2"
"jcp","1","1","2"
"jcpinto1959","1","1","2"
"jcrjcr42","1","1","2"
"jdavalox","1","1","2"
"jdd_ms10","1","1","2"
"jDead","1","1","2"
"jdelay","1","1","2"
"jdfrkjd","1","1","2"
"jdiggles","1","1","2"
"jdip0112","1","1","2"
"jdocbd","1","1","2"
"JDRule","1","1","2"
"jdsec","1","1","2"
"jdsfrmhvn","1","1","2"
"JDSTL","1","1","2"
"JDUKE_2013","1","1","2"
"jdv1","1","1","2"
"Je_Su5","1","1","2"
"Jean_Mtl","1","1","2"
"jean-emarre","1","1","2"
"Jean-Hubz","1","1","2"
"jeanbi2","1","1","2"
"JeanDujardin117","1","1","2"
"Jeanineketutsi","1","1","2"
"JeanJulien59","1","1","2"
"Jeankmeza","1","1","2"
"JeAnPF","1","1","2"
"Jeanphi250","1","1","2"
"Jeansayrien","1","1","2"
"Jeaw","1","1","2"
"Jebotto","1","1","2"
"jebzhem","1","1","2"
"jedadolfo23","1","1","2"
"Jedalo","1","1","2"
"Jeddersfield","1","1","2"
"jedishilow","1","1","2"
"jeeash","1","1","2"
"jeeshanjee","1","1","2"
"jeetborisa","1","1","2"
"jeevarth","1","1","2"
"Jefersonramone","1","1","2"
"JeferssonC","1","1","2"
"Jeff2648","1","1","2"
"jefferson-9201","1","1","2"
"jeffgeorge1","1","1","2"
"Jeffrey-Tan_123","1","1","2"
"Jehele","1","1","2"
"jehemias9","1","1","2"
"jeimov","1","1","2"
"Jekkepin","1","1","2"
"Jekwu-247","1","1","2"
"jellyyams","1","1","2"
"jeloz","1","1","2"
"JelSousa","1","1","2"
"jembeyyy","1","1","2"
"JEmiAR","1","1","2"
"jemp9612","1","1","2"
"jenever100","1","1","2"
"jenniekennie","1","1","2"
"JensUbb","1","1","2"
"Jenya27","1","1","2"
"jepp7140","1","1","2"
"Jeremiah_Joseph","1","1","2"
"JeremLS","1","1","2"
"Jeremy__Corbyn","1","1","2"
"Jeremy111","1","1","2"
"jeremyangie","1","1","2"
"jericho216","1","1","2"
"jericho5403","1","1","2"
"jericomatias","1","1","2"
"Jerjes","1","1","2"
"JermaineClements","1","1","2"
"JeroAZ","1","1","2"
"jeromeletricoteur","1","1","2"
"Jerosam","1","1","2"
"Jerry520","1","1","2"
"Jerwinnopal","1","1","2"
"Jesaja911","1","1","2"
"jesf67","1","1","2"
"jesirekonest","1","1","2"
"Jesper73","1","1","2"
"Jesse45","1","1","2"
"Jessica0987","1","1","2"
"jesssus1234","1","1","2"
"jessy07","1","1","2"
"Jester_Rogue","1","1","2"
"Jesu83","1","1","2"
"Jesus_marron80","1","1","2"
"Jesus_my_Lord","1","1","2"
"JesusOmar1","1","1","2"
"jesusquihui","1","1","2"
"JesusWinter","1","1","2"
"jetcan","1","1","2"
"Jethro001","1","1","2"
"jethrotool56","1","1","2"
"jevo44","1","1","2"
"JewinJose","1","1","2"
"jexiefe","1","1","2"
"JeXmonds","1","1","2"
"Jey39","1","1","2"
"Jeyckosnuff","1","1","2"
"jeyka","1","1","2"
"jeyramos","1","1","2"
"jeysonpe","1","1","2"
"Jeyzes","1","1","2"
"Jezrel-Obanai10","1","1","2"
"jezzar","1","1","2"
"JFBauernwalze","1","1","2"
"JFL26","1","1","2"
"JfPaez06","1","1","2"
"jfraser537","1","1","2"
"JGabiSouza","1","1","2"
"JGADHAVI9090","1","1","2"
"JGarcia9","1","1","2"
"jgmc101","1","1","2"
"jhapi","1","1","2"
"Jhay1998","1","1","2"
"JHens2024","1","1","2"
"jhinsaidFOUR","1","1","2"
"Jhngarrido","1","1","2"
"Jhon_Velandia","1","1","2"
"Jhon10polo","1","1","2"
"Jhon1198","1","1","2"
"Jhonatan_5454","1","1","2"
"JHONPETER","1","1","2"
"jhosue111","1","1","2"
"jia0307","1","1","2"
"jibijo","1","1","2"
"jiboulov","1","1","2"
"jibouser","1","1","2"
"Jicua","1","1","2"
"jiddah382","1","1","2"
"jidenna","1","1","2"
"JideShadipe","1","1","2"
"jifningr","1","1","2"
"jifor","1","1","2"
"Jiggi_001","1","1","2"
"jignesh447","1","1","2"
"jihad_alhamid","1","1","2"
"jihed86","1","1","2"
"JiiPeeKoo","1","1","2"
"jijabaivishal","1","1","2"
"jikmi","1","1","2"
"JildoeLammetje","1","1","2"
"jils001","1","1","2"
"Jim_20_10","1","1","2"
"Jim_Crowd","1","1","2"
"Jim2500","1","1","2"
"Jimbo_the_Man","1","1","2"
"jimbo0201","1","1","2"
"JimboThe1st","1","1","2"
"JimenezS","1","1","2"
"jimin352011","1","1","2"
"JimiVitali","1","1","2"
"JimmieJom","1","1","2"
"Jimmijyou1","1","1","2"
"Jimmy_76","1","1","2"
"Jimmy2060","1","1","2"
"jimmyt12345","1","1","2"
"jimpat","1","1","2"
"jimpunch8808","1","1","2"
"jin324","1","1","2"
"jinhovb","1","1","2"
"Jinno2k","1","1","2"
"jinx47","1","1","2"
"jinxed69","1","1","2"
"JIPerez","1","1","2"
"Jirisach","1","1","2"
"Jiro69","1","1","2"
"jishasawant","1","1","2"
"jital","1","1","2"
"jiten76","1","1","2"
"jithilseb","1","1","2"
"Jivaerty","1","1","2"
"Jiyashree","1","1","2"
"jjamalzade","1","1","2"
"Jjbh09","1","1","2"
"jjeboline","1","1","2"
"jjg0406","1","1","2"
"jjgems101","1","1","2"
"JJH14","1","1","2"
"jjjaaattiiiinnn","1","1","2"
"jjjserrrg","1","1","2"
"JJmix","1","1","2"
"jjobs","1","1","2"
"JJRJ","1","1","2"
"jk030303","1","1","2"
"Jkells78","1","1","2"
"jkfhkgggk","1","1","2"
"JKino1","1","1","2"
"JKopp84","1","1","2"
"JKR1","1","1","2"
"JKvsJK","1","1","2"
"jl-legrix","1","1","2"
"jlausta","1","1","2"
"jld59","1","1","2"
"jleomueller","1","1","2"
"JLetDino39","1","1","2"
"JLima44","1","1","2"
"jliu0101","1","1","2"
"jlkamal","1","1","2"
"Jlrm_78","1","1","2"
"JlTiz","1","1","2"
"jm_lacabs","1","1","2"
"jm3699","1","1","2"
"jm94","1","1","2"
"Jmac0802","1","1","2"
"jmacdougall","1","1","2"
"JMacT12","1","1","2"
"jmar001","1","1","2"
"JMCM68","1","1","2"
"jmick","1","1","2"
"jmmeylan","1","1","2"
"jmmrad","1","1","2"
"jmoneybigpawnjohn","1","1","2"
"jmpatel99","1","1","2"
"jmuelle","1","1","2"
"jmulder","1","1","2"
"JN17619","1","1","2"
"jnry9","1","1","2"
"jo_blek","1","1","2"
"Jo_VJ","1","1","2"
"joaan_s","1","1","2"
"Joacoa111","1","1","2"
"JoacoFer","1","1","2"
"JoacoNahuel","1","1","2"
"Joan_Quart","1","1","2"
"JOANchesd","1","1","2"
"joanfarreras","1","1","2"
"JoannaPuspha","1","1","2"
"Joao_Paulo_Neves","1","1","2"
"joaolenhador","1","1","2"
"joaomachini","1","1","2"
"joaomb","1","1","2"
"joaopedroleite","1","1","2"
"joaquimxneto","1","1","2"
"JoaquinCD2209","1","1","2"
"JoaquinMCS","1","1","2"
"Joas2903","1","1","2"
"Jobaboun","1","1","2"
"JobavaTheHut","1","1","2"
"jobmajor00000","1","1","2"
"jochabeth","1","1","2"
"jochen187laser","1","1","2"
"jockeljockel","1","1","2"
"Joda_Jr","1","1","2"
"jodan01","1","1","2"
"jodbox","1","1","2"
"Joe_n_Candice","1","1","2"
"JOE_sarva","1","1","2"
"JoeDartOnTheJoeDart","1","1","2"
"joee10","1","1","2"
"JOEERY82","1","1","2"
"joeganiev","1","1","2"
"Joel_PeranginAngin","1","1","2"
"Joel-Embiid","1","1","2"
"Joelandal888","1","1","2"
"joelchrist","1","1","2"
"joelrajan471996","1","1","2"
"Joelshijo","1","1","2"
"Joeofficial","1","1","2"
"joepakz025","1","1","2"
"joeport70","1","1","2"
"JoernOE","1","1","2"
"joerouldug","1","1","2"
"joesmoe69","1","1","2"
"JoeTheExpert","1","1","2"
"joethemaestro","1","1","2"
"joeymata","1","1","2"
"Joeyxalfa19","1","1","2"
"joferod","1","1","2"
"joga10rafa","1","1","2"
"jogador-brasileiro","1","1","2"
"JOGARFE","1","1","2"
"Jogoes8","1","1","2"
"JoGomez","1","1","2"
"jogrequena","1","1","2"
"JoGuPeCa","1","1","2"
"JogvanK","1","1","2"
"Johandelacrumore1306","1","1","2"
"Johaneses","1","1","2"
"Johanhuang","1","1","2"
"Johann0807","1","1","2"
"johann1103","1","1","2"
"JOHANSEN2002","1","1","2"
"johdeath","1","1","2"
"johhnybravo","1","1","2"
"johman","1","1","2"
"John_2011_mp","1","1","2"
"John_keles","1","1","2"
"John_Tornton","1","1","2"
"john-warner","1","1","2"
"John12aa","1","1","2"
"johnbarrogo","1","1","2"
"JohnCanSevimtas","1","1","2"
"JohnCarlo12","1","1","2"
"JohnDoeJohnDoe","1","1","2"
"johndonwood","1","1","2"
"Johney_Test_SLCA","1","1","2"
"JohnFRC","1","1","2"
"JohnGun","1","1","2"
"Johnlemuel_29","1","1","2"
"johnmarkjm","1","1","2"
"JohnMoha","1","1","2"
"Johnmoss","1","1","2"
"JohnNefedov","1","1","2"
"johnny3_2022","1","1","2"
"johnny87547","1","1","2"
"johnnyber","1","1","2"
"johnnykaid","1","1","2"
"JohnnyLancaster","1","1","2"
"JohnPastis","1","1","2"
"JohnSky801","1","1","2"
"JOHNTHONGAM","1","1","2"
"johnwilliampir","1","1","2"
"Johnwsrx","1","1","2"
"johny6007","1","1","2"
"Johnzlom2137","1","1","2"
"Johohonas","1","1","2"
"Joicefabianask","1","1","2"
"Joilec25","1","1","2"
"JoJeyyo","1","1","2"
"jojimen","1","1","2"
"jojjan12","1","1","2"
"Jojje007","1","1","2"
"jojo2","1","1","2"
"jojoba49","1","1","2"
"jojoflow","1","1","2"
"JoJoysDev","1","1","2"
"jojubbjanjadejohn","1","1","2"
"Joker_786","1","1","2"
"joker-alone","1","1","2"
"joker0818","1","1","2"
"Joklef","1","1","2"
"joko2002","1","1","2"
"JoLager","1","1","2"
"JomariAcevedo","1","1","2"
"jomox","1","1","2"
"jonah_morningstar","1","1","2"
"Jonahcw07","1","1","2"
"jonahl111","1","1","2"
"Jonas_Banda","1","1","2"
"Jonas242","1","1","2"
"jonaskp_89","1","1","2"
"Jonathan_debutant","1","1","2"
"Jonathan-amaral","1","1","2"
"Jonathan9611","1","1","2"
"JonathanAD","1","1","2"
"jonathanaustin72","1","1","2"
"jonathandijv3","1","1","2"
"Jonathanlsj","1","1","2"
"jonathas93","1","1","2"
"Jonbeef","1","1","2"
"Jones16","1","1","2"
"Jones196500","1","1","2"
"JonEsser","1","1","2"
"Jongorham","1","1","2"
"jonhalmeida","1","1","2"
"Jonian","1","1","2"
"Jonitarditti","1","1","2"
"Jonny_1","1","1","2"
"jonny_bonsall","1","1","2"
"JonnyAL","1","1","2"
"jonnydmo","1","1","2"
"JonnyFTK","1","1","2"
"jonnywenger","1","1","2"
"JonRokie","1","1","2"
"jonzenriq19","1","1","2"
"jooni13","1","1","2"
"Jorba22","1","1","2"
"JordanLoveMVP","1","1","2"
"jordy4life","1","1","2"
"Jorgebolivar","1","1","2"
"JorgeCresidio","1","1","2"
"JorgeEmiliano007","1","1","2"
"JorgeFerrari","1","1","2"
"jorgehdz13","1","1","2"
"jorgeivanzapata","1","1","2"
"jorgelanbo1956","1","1","2"
"jorgenuggets","1","1","2"
"Jorik18","1","1","2"
"jorni86","1","1","2"
"jorval-1953","1","1","2"
"Jos365_Extreme","1","1","2"
"Josant0","1","1","2"
"josbar31","1","1","2"
"joscham","1","1","2"
"josE_1w","1","1","2"
"Jose_Grillo","1","1","2"
"jose_manuel","1","1","2"
"jose1234567890234","1","1","2"
"joseangel129","1","1","2"
"JOSEANTONIOAGUI","1","1","2"
"josebaquero","1","1","2"
"Josec75","1","1","2"
"josecandia","1","1","2"
"josecarmen","1","1","2"
"Josechavarria","1","1","2"
"JoseChupin","1","1","2"
"joseco96","1","1","2"
"JOseH77","1","1","2"
"Joselcraft","1","1","2"
"Joselitoapache","1","1","2"
"josemc3","1","1","2"
"Josemlt75","1","1","2"
"JoseOlivos","1","1","2"
"JoseP-10_Valda","1","1","2"
"Josepanadero","1","1","2"
"Joseph2011","1","1","2"
"joseph77","1","1","2"
"Joseph80","1","1","2"
"joseph95","1","1","2"
"josephjlambert","1","1","2"
"josephmichael","1","1","2"
"JosephRyan_20","1","1","2"
"josephzilla","1","1","2"
"Josepov2171","1","1","2"
"Josh4213","1","1","2"
"joshe20","1","1","2"
"joshkareem061117","1","1","2"
"JoshStank","1","1","2"
"JoshuaB1","1","1","2"
"joshuafreeman","1","1","2"
"joshuagerona","1","1","2"
"joshuva_george","1","1","2"
"josias101384","1","1","2"
"josicgoran","1","1","2"
"josip36","1","1","2"
"josipkatanic","1","1","2"
"joslan","1","1","2"
"josoft","1","1","2"
"josst","1","1","2"
"Josue369258","1","1","2"
"Josuwin","1","1","2"
"joswin58","1","1","2"
"jotawatt","1","1","2"
"JOTR","1","1","2"
"jotsch41","1","1","2"
"joud-radwan","1","1","2"
"Jovanni_13","1","1","2"
"jovencio133","1","1","2"
"Joviano4","1","1","2"
"jowi08","1","1","2"
"JowinJose","1","1","2"
"joy1080","1","1","2"
"Joyc2020","1","1","2"
"joyppp","1","1","2"
"joze12","1","1","2"
"JozeVazquez","1","1","2"
"jpabakker","1","1","2"
"jpadisar","1","1","2"
"JPAF023","1","1","2"
"Jpds","1","1","2"
"JPF2017","1","1","2"
"JPhawn","1","1","2"
"jpm511","1","1","2"
"jpoloza","1","1","2"
"jprgoldman","1","1","2"
"jprw747","1","1","2"
"jpsalas00","1","1","2"
"jpweber28","1","1","2"
"jr_landicho14","1","1","2"
"jrafacruz","1","1","2"
"JRCabamalanIII","1","1","2"
"Jreddj","1","1","2"
"Jrene009","1","1","2"
"JRF2010","1","1","2"
"jrg318","1","1","2"
"jrii49","1","1","2"
"jrjrjh","1","1","2"
"JRLDTYC","1","1","2"
"jrm0307","1","1","2"
"Jrono","1","1","2"
"JRowns4","1","1","2"
"jrplayer1425","1","1","2"
"jrqjet","1","1","2"
"jru021","1","1","2"
"Jrussell8","1","1","2"
"jrvarga","1","1","2"
"js284","1","1","2"
"JSchwrz","1","1","2"
"jseanm1","1","1","2"
"jseburns","1","1","2"
"jsoriiano","1","1","2"
"jsteru","1","1","2"
"jt3010jt","1","1","2"
"jtayachau","1","1","2"
"jtolbar","1","1","2"
"Jtorvic1210","1","1","2"
"Jtovat","1","1","2"
"Jtron36","1","1","2"
"Jttim2345","1","1","2"
"Juan_Antonio_777","1","1","2"
"JUAN-GUAIDO","1","1","2"
"Juan-P-OHES","1","1","2"
"juan67","1","1","2"
"juan890ahg","1","1","2"
"JuanARC10","1","1","2"
"JuanCarlosGuillermo","1","1","2"
"juancazador25","1","1","2"
"JuanChess101","1","1","2"
"Juanchow","1","1","2"
"Juancitocomercial","1","1","2"
"juancledesma","1","1","2"
"Juaneles","1","1","2"
"JuanFran88","1","1","2"
"juangcbusero","1","1","2"
"juangefor1986","1","1","2"
"Juangmtz25","1","1","2"
"juanito-11","1","1","2"
"juanito417","1","1","2"
"Juanjo_Riera","1","1","2"
"juanjovalpo","1","1","2"
"Juanleon_8","1","1","2"
"juanma-white","1","1","2"
"juanmanue1234","1","1","2"
"juanmexico","1","1","2"
"juanporro","1","1","2"
"juanromanriquelme7","1","1","2"
"juansaavedraman","1","1","2"
"juanwakkary250106","1","1","2"
"juba2","1","1","2"
"jubberlorf","1","1","2"
"JucaChaves","1","1","2"
"Judah2013","1","1","2"
"Judaris","1","1","2"
"JudeEnock","1","1","2"
"Judocus","1","1","2"
"juewin","1","1","2"
"JuggerbAUT","1","1","2"
"jugigalo","1","1","2"
"jugray","1","1","2"
"JuhaChess","1","1","2"
"Juka_1o","1","1","2"
"jul82","1","1","2"
"julek_99","1","1","2"
"Julia_Denisova","1","1","2"
"Julia-2016","1","1","2"
"juLIa1A","1","1","2"
"Julia83_Mullagulova","1","1","2"
"juliakarate","1","1","2"
"JULIAN_11","1","1","2"
"julian666666","1","1","2"
"Juliana_Kudryavtseva","1","1","2"
"Juliana-P-OHES","1","1","2"
"JulianoDBittencourt","1","1","2"
"JulianWarren","1","1","2"
"juliawahwah","1","1","2"
"juliayrtti","1","1","2"
"JuliBerzosa","1","1","2"
"Julidpereyra","1","1","2"
"julien202","1","1","2"
"julietasolomon","1","1","2"
"julika90","1","1","2"
"Julio_Glez","1","1","2"
"JulioCI","1","1","2"
"juliohb","1","1","2"
"Juliotapia20","1","1","2"
"julius2010","1","1","2"
"juliuscolaste","1","1","2"
"juljimalo","1","1","2"
"julou78","1","1","2"
"julsanch","1","1","2"
"Julzkie","1","1","2"
"jumayli","1","1","2"
"jumborook","1","1","2"
"jun-hyuk","1","1","2"
"junedkingsbanten","1","1","2"
"Juneor","1","1","2"
"junhyeok0403","1","1","2"
"Junior_Saad","1","1","2"
"junjun2016","1","1","2"
"Junkin_97","1","1","2"
"Juozas8","1","1","2"
"jupamu","1","1","2"
"Jurgen123","1","1","2"
"JurgenKLoppLiv","1","1","2"
"JurgenvonZatmir","1","1","2"
"jurij7","1","1","2"
"Jusjeetmohi","1","1","2"
"juslin_lp_binjai","1","1","2"
"Just_al6ert","1","1","2"
"Justald","1","1","2"
"justhinKING","1","1","2"
"Justice3210","1","1","2"
"Justifoso","1","1","2"
"Justin_soto","1","1","2"
"Justincaise707","1","1","2"
"Justinchess21","1","1","2"
"Justinebillones61","1","1","2"
"JustinROC","1","1","2"
"JustinSeaBass","1","1","2"
"justinsilvestre123s4","1","1","2"
"JustTheKing07","1","1","2"
"jUstusj0n4s","1","1","2"
"JustWannaRook","1","1","2"
"Justynnnaaa95","1","1","2"
"Justyourdadinchess","1","1","2"
"Jutulheim","1","1","2"
"juwon0202","1","1","2"
"juxeee","1","1","2"
"JuZeK_2022","1","1","2"
"juzzviyaan","1","1","2"
"jv1959","1","1","2"
"jvcpetr","1","1","2"
"jve1981","1","1","2"
"Jventura77","1","1","2"
"jvi_2016","1","1","2"
"JWAhmad","1","1","2"
"jwh591","1","1","2"
"jwMarianesssa","1","1","2"
"jybh2","1","1","2"
"jyosh1099","1","1","2"
"jyotesh365","1","1","2"
"jyothiraj","1","1","2"
"jyothish03","1","1","2"
"K_Ch08","1","1","2"
"k_ishan","1","1","2"
"k_siva27","1","1","2"
"k_uolan","1","1","2"
"K-DENIS-A","1","1","2"
"k-tos","1","1","2"
"k0k0s0v","1","1","2"
"K0lmychk0v_A","1","1","2"
"k1ng_1uke","1","1","2"
"K2011kamil","1","1","2"
"k2500","1","1","2"
"k259","1","1","2"
"K316","1","1","2"
"K3SK1N","1","1","2"
"K3YN","1","1","2"
"k47l","1","1","2"
"k4ushik","1","1","2"
"Ka0t1k","1","1","2"
"kaahhdjdd","1","1","2"
"kaalsu","1","1","2"
"Kaan_0133","1","1","2"
"KAAN5216","1","1","2"
"kaanaash","1","1","2"
"KaanAYDOGAN70","1","1","2"
"KaannC","1","1","2"
"KaanT55","1","1","2"
"Kaarneeswar-kc","1","1","2"
"kaarthx","1","1","2"
"kaashmonee","1","1","2"
"Kabanbagaz","1","1","2"
"kabasakal76","1","1","2"
"Kabiaro","1","1","2"
"Kabidolla","1","1","2"
"kabtinahmed2013","1","1","2"
"kadeem18","1","1","2"
"kaden_lim","1","1","2"
"kadentrinh","1","1","2"
"kadir272727gule","1","1","2"
"kadirmert61","1","1","2"
"Kadoky","1","1","2"
"Kaduhx","1","1","2"
"Kaede_zy","1","1","2"
"Kaere","1","1","2"
"kaeshagik","1","1","2"
"Kaffebryggaren1","1","1","2"
"Kagan2012","1","1","2"
"kaganateseyan33","1","1","2"
"kagankaradurak","1","1","2"
"KAGE17","1","1","2"
"KAGUNDAKEN97","1","1","2"
"Kahaaaa01","1","1","2"
"kahf","1","1","2"
"Kai971","1","1","2"
"kai987654321","1","1","2"
"KaiChike","1","1","2"
"kaido1000000000","1","1","2"
"kaifa79","1","1","2"
"kaiji14","1","1","2"
"kaikaikai967","1","1","2"
"kailashnath","1","1","2"
"Kaiman89","1","1","2"
"Kairos1312","1","1","2"
"Kaisar1961","1","1","2"
"kaissachess02","1","1","2"
"Kaisser80","1","1","2"
"Kaito_Sudzuki_13","1","1","2"
"kaixin0509","1","1","2"
"Kaizer_Draky","1","1","2"
"kajiesh2","1","1","2"
"kajtek_m","1","1","2"
"Kakaou","1","1","2"
"Kakarot37","1","1","2"
"Kakaroto2262009","1","1","2"
"Kakashi96","1","1","2"
"KakuSegobia3jaques","1","1","2"
"Kalado","1","1","2"
"Kalakaaaar","1","1","2"
"kalamardo","1","1","2"
"Kalculated","1","1","2"
"Kalilibrahim","1","1","2"
"KalinaVDK","1","1","2"
"Kalinka2344","1","1","2"
"Kalli_FeldChamp","1","1","2"
"kalpanath","1","1","2"
"kalpesh_19","1","1","2"
"kalsoup","1","1","2"
"Kaluku_lupa","1","1","2"
"Kalvo_Toni","1","1","2"
"kalya2335","1","1","2"
"Kalyan902","1","1","2"
"kamadotanjiro12","1","1","2"
"Kamak86","1","1","2"
"kamakemo123","1","1","2"
"kamalaldin52","1","1","2"
"Kamali1","1","1","2"
"Kamalrehman12345","1","1","2"
"KamaluFmz","1","1","2"
"kamancheiran","1","1","2"
"kamangir1","1","1","2"
"KamardinSvyatoslav","1","1","2"
"kambalaphani","1","1","2"
"Kamchatka90","1","1","2"
"Kamczasty","1","1","2"
"kamekadze2024","1","1","2"
"kamen8","1","1","2"
"kamenewf","1","1","2"
"Kamenkrsimotika","1","1","2"
"Kamikazex10","1","1","2"
"Kamikhaku1327","1","1","2"
"Kamil_Luquin","1","1","2"
"Kamil1756","1","1","2"
"KamiL702","1","1","2"
"kamilaja09","1","1","2"
"Kamilica7","1","1","2"
"kamill3584","1","1","2"
"Kamilowski12550","1","1","2"
"kamish","1","1","2"
"KamNat","1","1","2"
"Kamo_Gurtovoy85","1","1","2"
"kamranzaidi","1","1","2"
"kamsgits","1","1","2"
"kamunyu","1","1","2"
"kanashtarov","1","1","2"
"kanat_parakhatov","1","1","2"
"kanbinaxxx","1","1","2"
"Kancleris","1","1","2"
"Kanha0205","1","1","2"
"kanil47","1","1","2"
"kankalar9090","1","1","2"
"kannan_204","1","1","2"
"kannan0693","1","1","2"
"KANNAN999","1","1","2"
"kanneki","1","1","2"
"kanoleg","1","1","2"
"kantaki","1","1","2"
"Kantersieg","1","1","2"
"kantipede","1","1","2"
"KantLuka","1","1","2"
"KANWAL","1","1","2"
"KaoushonEnChess","1","1","2"
"kapam6ahttp","1","1","2"
"KaphAein","1","1","2"
"Kapi_Dhwaja","1","1","2"
"Kapie19","1","1","2"
"kapil4767","1","1","2"
"kapilskvs","1","1","2"
"KapilThePenguin","1","1","2"
"Kapitan_Harakiri","1","1","2"
"Kapitan_Kross","1","1","2"
"kapitul","1","1","2"
"Kapko_Roman","1","1","2"
"kapy567","1","1","2"
"Karabanov_Iaroslav","1","1","2"
"Karabas2008","1","1","2"
"karabina13","1","1","2"
"karadagd-bjksatranc","1","1","2"
"karagulleT","1","1","2"
"KarahannE","1","1","2"
"Karahitay","1","1","2"
"Karailuci","1","1","2"
"karakura","1","1","2"
"Karam-albeik98","1","1","2"
"karam231","1","1","2"
"karam8585","1","1","2"
"karamadruhollah","1","1","2"
"Karaman92","1","1","2"
"Karamba66","1","1","2"
"karamirik","1","1","2"
"karamuratbenim","1","1","2"
"KaranChess2013","1","1","2"
"karangm","1","1","2"
"KaranJohar","1","1","2"
"KaranYadav0236","1","1","2"
"karaspaula","1","1","2"
"KARASUB","1","1","2"
"Karatash","1","1","2"
"Kareem08091987","1","1","2"
"kareemahmad","1","1","2"
"Karej","1","1","2"
"Karel47","1","1","2"
"Karema_91","1","1","2"
"Kargosha_kourosh","1","1","2"
"Karhalskyi11","1","1","2"
"KariaTheGoat","1","1","2"
"KARIM-Nilepharaoh","1","1","2"
"karimsz54","1","1","2"
"Kariolis","1","1","2"
"karkour","1","1","2"
"Karkulka7ma","1","1","2"
"Karl_Blubber","1","1","2"
"Karla_Faudoa","1","1","2"
"KarlaSofiaRF","1","1","2"
"KarlDerKaese","1","1","2"
"karlfazer01","1","1","2"
"karlic1","1","1","2"
"karlitobregante","1","1","2"
"karlni0627","1","1","2"
"karlos_magnus_oficia","1","1","2"
"karma2146","1","1","2"
"karmanovtmi","1","1","2"
"KarmeloDane","1","1","2"
"Karnauhovamk","1","1","2"
"karnb","1","1","2"
"KaRo-Schach","1","1","2"
"karo42","1","1","2"
"Karo7474","1","1","2"
"karolisppp","1","1","2"
"KarpetOG","1","1","2"
"karpov7171","1","1","2"
"Kartal2950","1","1","2"
"kartalomer04","1","1","2"
"KartashevaIana","1","1","2"
"Karthik_69","1","1","2"
"Karthik_Chess_King","1","1","2"
"Karthik_chess123","1","1","2"
"Karthikbn","1","1","2"
"karti34","1","1","2"
"kartik0786","1","1","2"
"KARTIK272010","1","1","2"
"Kartikeyyy","1","1","2"
"karunizacija","1","1","2"
"karvarzan","1","1","2"
"karvork","1","1","2"
"karwalol","1","1","2"
"Kasabian_balles","1","1","2"
"kasak_choudhary","1","1","2"
"kasbarov3637","1","1","2"
"Kashifshah","1","1","2"
"Kashosh","1","1","2"
"kashyap_chessNov10","1","1","2"
"KasietBNL","1","1","2"
"KasiV212","1","1","2"
"kasl01","1","1","2"
"KasparBoZen","1","1","2"
"Kasparosky","1","1","2"
"kasparovisthegoat","1","1","2"
"kaspartik","1","1","2"
"Kasperol","1","1","2"
"kaspikass","1","1","2"
"kaspomagnus","1","1","2"
"kasra-norouzi84","1","1","2"
"kasrakalantari","1","1","2"
"kasratf","1","1","2"
"Kastighos","1","1","2"
"kasza_w_sprayu","1","1","2"
"kaszanka","1","1","2"
"KAT_3242","1","1","2"
"KAT_5555","1","1","2"
"Katadiki","1","1","2"
"kataklompat","1","1","2"
"Katecholamin","1","1","2"
"KatenkaMsk","1","1","2"
"KathakKnight","1","1","2"
"Kathana","1","1","2"
"Katharin4","1","1","2"
"Katherine2014","1","1","2"
"KatherineLewis","1","1","2"
"kathi276","1","1","2"
"KaToz1H","1","1","2"
"Katya_C","1","1","2"
"KauaCardoso13","1","1","2"
"kausan","1","1","2"
"kaushal22chess","1","1","2"
"Kaushik19","1","1","2"
"KAUZHARK","1","1","2"
"kavabanga2000","1","1","2"
"kaveh_malek","1","1","2"
"kaveh147","1","1","2"
"Kavin_Gowtham","1","1","2"
"Kavin14","1","1","2"
"Kavith2009","1","1","2"
"Kavsood08","1","1","2"
"Kavyansh1812","1","1","2"
"kawaiilena","1","1","2"
"kawerik","1","1","2"
"Kay_ran","1","1","2"
"kayalz","1","1","2"
"Kayan96","1","1","2"
"kayanneRosa","1","1","2"
"Kayastha","1","1","2"
"kayaunall","1","1","2"
"kayeldee1","1","1","2"
"kayrabingol09","1","1","2"
"kayracimsit","1","1","2"
"kaysh","1","1","2"
"kayzlee","1","1","2"
"Kazandibim","1","1","2"
"kazde","1","1","2"
"kazi11067","1","1","2"
"Kazimcan","1","1","2"
"KazimSahin","1","1","2"
"Kazjanu","1","1","2"
"kazulenka","1","1","2"
"Kazumajstor","1","1","2"
"kazuva","1","1","2"
"kb_2014","1","1","2"
"KBLindy","1","1","2"
"kbohemian_iitd","1","1","2"
"Kbrabltt","1","1","2"
"kchurch4","1","1","2"
"kcKSA","1","1","2"
"kd125","1","1","2"
"kd827827","1","1","2"
"KDbelwal","1","1","2"
"KDimitris","1","1","2"
"kdpxmdkxc","1","1","2"
"kdrbkts","1","1","2"
"ke1ske","1","1","2"
"KEA2022","1","1","2"
"Kealralphz21","1","1","2"
"kebab1444","1","1","2"
"kecciyeva_Ayan","1","1","2"
"Kedarjoshi","1","1","2"
"keddi","1","1","2"
"kedyz","1","1","2"
"Kee-Chess","1","1","2"
"kee4mat","1","1","2"
"keentocheck","1","1","2"
"KeepCalm156","1","1","2"
"KeepIt55skreet","1","1","2"
"KeeratParmar","1","1","2"
"KeerthiSrinivas","1","1","2"
"keezhpedath","1","1","2"
"keithgbagg","1","1","2"
"keithhh","1","1","2"
"KeiYo","1","1","2"
"kekunana","1","1","2"
"keletsoSk","1","1","2"
"kellenGoblin","1","1","2"
"Kellili","1","1","2"
"KellyBeer","1","1","2"
"kellytadgh","1","1","2"
"Kelme123","1","1","2"
"kem_hassan","1","1","2"
"kemalarm","1","1","2"
"kemalcoban","1","1","2"
"kemalnurlu","1","1","2"
"KEMARmontreal","1","1","2"
"kemimicky5","1","1","2"
"Kenan777h","1","1","2"
"kenanchess","1","1","2"
"kenansleem","1","1","2"
"kenasi_ferim","1","1","2"
"Kenig_chess","1","1","2"
"kenijskibokser","1","1","2"
"Kennak","1","1","2"
"Kennandeshi","1","1","2"
"KenoDiaz","1","1","2"
"kent_4","1","1","2"
"Kent7740","1","1","2"
"kentopero","1","1","2"
"Kenzzo13","1","1","2"
"Keoa100","1","1","2"
"keoshi","1","1","2"
"keper123456","1","1","2"
"Kerem_Ege_48","1","1","2"
"Kerem4461","1","1","2"
"keremegekaan","1","1","2"
"keremisthebabapro","1","1","2"
"Keremoz25","1","1","2"
"kerim01","1","1","2"
"kerimbayram16","1","1","2"
"kerimkose","1","1","2"
"kerishkian","1","1","2"
"kerlosa175","1","1","2"
"Kerolesgamil","1","1","2"
"Kerosr","1","1","2"
"Kerryman32","1","1","2"
"KeryaKozlikin","1","1","2"
"keshav_777","1","1","2"
"kesonaron","1","1","2"
"ketangoyal125","1","1","2"
"kethan1818","1","1","2"
"Ketijakate","1","1","2"
"ketjow98","1","1","2"
"ketor4343","1","1","2"
"Kev0N","1","1","2"
"Kevin_Yagami","1","1","2"
"kevinclaiborne","1","1","2"
"kevingerard","1","1","2"
"KevinSCRT1","1","1","2"
"Kevinsmets40","1","1","2"
"kevinxx801","1","1","2"
"Kevvv97","1","1","2"
"key_namber1","1","1","2"
"Keyanfox","1","1","2"
"KeyBoardKiller4","1","1","2"
"KeyFawn","1","1","2"
"keyhanheydari2022","1","1","2"
"keyngkhan","1","1","2"
"KEYSN","1","1","2"
"keyukumar2300","1","1","2"
"Keyur1113","1","1","2"
"KEZ758","1","1","2"
"kferenzik","1","1","2"
"Kg1979","1","1","2"
"KG667","1","1","2"
"Kganesan","1","1","2"
"kgb888","1","1","2"
"Khaathwik_itta","1","1","2"
"Khachab","1","1","2"
"khacthi09","1","1","2"
"khadarca","1","1","2"
"khader_wassouf12345","1","1","2"
"Khadicha_CA","1","1","2"
"Khagoev","1","1","2"
"KhairulShafiq","1","1","2"
"Khaitov_8","1","1","2"
"khalafzadehali1341","1","1","2"
"Khaled_Ashraf30","1","1","2"
"khaled_gh","1","1","2"
"khaled0_7","1","1","2"
"khaled0469","1","1","2"
"Khaled5500","1","1","2"
"Khaled9292","1","1","2"
"khaledAbdallah123","1","1","2"
"Khaledaviat","1","1","2"
"khaledmabrouk","1","1","2"
"khalednasef","1","1","2"
"khaledsoran","1","1","2"
"Khaleelkhuder2","1","1","2"
"khalfanoo","1","1","2"
"Khalid1967","1","1","2"
"khalifa12234","1","1","2"
"khalip","1","1","2"
"KhalusMisha","1","1","2"
"khamidushka12","1","1","2"
"khanbatiy","1","1","2"
"Khanhan11102011","1","1","2"
"khanhngoc2013","1","1","2"
"Khanok","1","1","2"
"khanshakeel","1","1","2"
"KharatsDavid","1","1","2"
"Kharthus","1","1","2"
"khasmi","1","1","2"
"khatwa1","1","1","2"
"khay3088","1","1","2"
"khayznikovth","1","1","2"
"KHcastling","1","1","2"
"Khen1985","1","1","2"
"khisana","1","1","2"
"Khl_2","1","1","2"
"khmmm","1","1","2"
"Khoidanhxin","1","1","2"
"khoivuong","1","1","2"
"KhooYQ","1","1","2"
"KhordadSandman","1","1","2"
"khorin666","1","1","2"
"khounsou","1","1","2"
"khrapov111","1","1","2"
"khs050411","1","1","2"
"khulege","1","1","2"
"khusant-masarapu","1","1","2"
"khusshhiii_100","1","1","2"
"Ki2004ril","1","1","2"
"kiana_marie","1","1","2"
"kianabdolzadeh1392","1","1","2"
"Kiance","1","1","2"
"Kianmehr1402","1","1","2"
"kianneqabi","1","1","2"
"KIARASH2023IRAN","1","1","2"
"kiarash20e","1","1","2"
"Kiarash48","1","1","2"
"kiashaalmasi","1","1","2"
"kica_kef","1","1","2"
"Kichiduoduma","1","1","2"
"Kick_Boks_Abi","1","1","2"
"kick_ttv_besr0","1","1","2"
"kickikick","1","1","2"
"kicknflash","1","1","2"
"kidamongus","1","1","2"
"Kidkion","1","1","2"
"kidmiguelito","1","1","2"
"kidnard","1","1","2"
"kidsId","1","1","2"
"kiebitz","1","1","2"
"Kielluunen","1","1","2"
"Kiiisu","1","1","2"
"kika360","1","1","2"
"kikapaslayer","1","1","2"
"Kike34","1","1","2"
"kiki15110","1","1","2"
"kikicat","1","1","2"
"kikiiiiiiii","1","1","2"
"Kikimainaky","1","1","2"
"Kiklerqueen","1","1","2"
"Kilicnehir0","1","1","2"
"Kilicss","1","1","2"
"killatrich","1","1","2"
"killer_bishop123","1","1","2"
"Killer2k23","1","1","2"
"killerlpl","1","1","2"
"KillerOrdek","1","1","2"
"KillerTomatoes99","1","1","2"
"Killvish404","1","1","2"
"kilou13","1","1","2"
"Kilroge","1","1","2"
"Kim-Guevara","1","1","2"
"kimberly2023","1","1","2"
"Kimchimaster97","1","1","2"
"kimia_ashirley","1","1","2"
"KimiQimi","1","1","2"
"KimJunior","1","1","2"
"kimka1","1","1","2"
"kimlime","1","1","2"
"KimOanh9Gcg","1","1","2"
"Kimos98","1","1","2"
"kimpetersen20","1","1","2"
"kimvova","1","1","2"
"Kinanhassan","1","1","2"
"kincalem","1","1","2"
"kinderloop","1","1","2"
"KindnessWF","1","1","2"
"king_8055","1","1","2"
"king_charbel","1","1","2"
"king_fischer01","1","1","2"
"king_irfan","1","1","2"
"King_kanku","1","1","2"
"king_mc_573","1","1","2"
"King_of_e6","1","1","2"
"King_Of_Rome","1","1","2"
"king_of_swing","1","1","2"
"king_tiger1","1","1","2"
"King_trapper","1","1","2"
"king-vegeta1","1","1","2"
"King-x-Nothing","1","1","2"
"king2kill","1","1","2"
"King5838","1","1","2"
"kingaizyc","1","1","2"
"kingaj12","1","1","2"
"kingasaloyeh","1","1","2"
"kingb816","1","1","2"
"kingbubuldu73","1","1","2"
"KingCraft_BA","1","1","2"
"kingdeyvid","1","1","2"
"KingEgon","1","1","2"
"KingFilip21","1","1","2"
"Kingfisher82","1","1","2"
"kinghakim00","1","1","2"
"kingju0729","1","1","2"
"KingKenny47","1","1","2"
"Kingkichutney","1","1","2"
"Kingkong01","1","1","2"
"kingloki1","1","1","2"
"KingMaster2","1","1","2"
"kingofpain2","1","1","2"
"kingofshoot91","1","1","2"
"KingOfTheNight_1","1","1","2"
"KINGPRAHALADH","1","1","2"
"KingQuack","1","1","2"
"KingRexx","1","1","2"
"KingRome89","1","1","2"
"kings_gambito","1","1","2"
"Kings07","1","1","2"
"kingsgambit_yamete","1","1","2"
"KINGSGAMBIT27","1","1","2"
"Kingslime2x","1","1","2"
"Kingsman_King","1","1","2"
"KINGSMEN_91120","1","1","2"
"KingSquid69","1","1","2"
"kingswalker","1","1","2"
"kingTman","1","1","2"
"KingZonz","1","1","2"
"Kinkertile","1","1","2"
"kinkylinky","1","1","2"
"Kintimono","1","1","2"
"kiobbs","1","1","2"
"kiokhan19","1","1","2"
"kiorpelidis","1","1","2"
"kiperman001","1","1","2"
"Kira_Gasiak","1","1","2"
"Kira_vishrut","1","1","2"
"Kira1111","1","1","2"
"kiran020","1","1","2"
"kiranking1998","1","1","2"
"kiratek","1","1","2"
"kiremit2040","1","1","2"
"Kirilgancocuk","1","1","2"
"kirill_kilin3","1","1","2"
"Kirill_Shishmarev-03","1","1","2"
"Kirill-2017","1","1","2"
"Kirill-Ul","1","1","2"
"Kirill10_2023","1","1","2"
"Kirill2013K","1","1","2"
"kirillinski","1","1","2"
"KirillKarel","1","1","2"
"KirillKorobeynikov","1","1","2"
"kirillkozlov2011","1","1","2"
"KirillWhite","1","1","2"
"kirillzzz","1","1","2"
"Kirilmir","1","1","2"
"KiriMi_13","1","1","2"
"kirkey941","1","1","2"
"Kiro_Hababh2562002","1","1","2"
"KirollosRefaat","1","1","2"
"kirolosfady","1","1","2"
"Kirolusemad","1","1","2"
"Kiruigk","1","1","2"
"kiryakovnikiya","1","1","2"
"Kiryukhin","1","1","2"
"kis111","1","1","2"
"kisa-77","1","1","2"
"kisei64","1","1","2"
"kiseop91","1","1","2"
"kisgopb12","1","1","2"
"kishanSoni577755","1","1","2"
"Kishor9960","1","1","2"
"kishore96","1","1","2"
"kishoresanjay","1","1","2"
"Kiss-My-Queen","1","1","2"
"Kisstark","1","1","2"
"Kiswah46","1","1","2"
"Kita-P","1","1","2"
"Kitarito","1","1","2"
"Kitkat_wy7","1","1","2"
"kitsaws16","1","1","2"
"Kitsune552","1","1","2"
"Kitty_Kitlerr3","1","1","2"
"Kiuremk","1","1","2"
"Kivy","1","1","2"
"Kiwikieran","1","1","2"
"Kiyarash899","1","1","2"
"KJ_Riolu","1","1","2"
"kjesko","1","1","2"
"kjetilrasmus","1","1","2"
"kjsoni111","1","1","2"
"kjsudip","1","1","2"
"kk_mosby","1","1","2"
"KKAgs","1","1","2"
"kkarlsefni","1","1","2"
"kkarppov","1","1","2"
"kkasmaee","1","1","2"
"KKEngineer","1","1","2"
"kking15","1","1","2"
"KKKM","1","1","2"
"KKLR","1","1","2"
"kkotikk","1","1","2"
"KKR404","1","1","2"
"kkrittsar","1","1","2"
"Klaaskees","1","1","2"
"klash96","1","1","2"
"klasomo","1","1","2"
"Klaud57","1","1","2"
"KlausSchmitt","1","1","2"
"Kleeyahhh","1","1","2"
"KleinKinder","1","1","2"
"Klementina16","1","1","2"
"klementyna007","1","1","2"
"klemvi","1","1","2"
"KLeoI","1","1","2"
"KleptomAAAniac","1","1","2"
"kleshen2021","1","1","2"
"Klim2","1","1","2"
"klimt665","1","1","2"
"Klirika","1","1","2"
"klouis06","1","1","2"
"kluzov93","1","1","2"
"km_H_pbchau_2013","1","1","2"
"KM_mohamedhassane","1","1","2"
"KM1902","1","1","2"
"KmAbdourakibSaid","1","1","2"
"Kmachi","1","1","2"
"KMaks25","1","1","2"
"KMaxim2010","1","1","2"
"kmille130","1","1","2"
"kmora21","1","1","2"
"knete14","1","1","2"
"kngchss","1","1","2"
"knibb","1","1","2"
"Knig88tOwl","1","1","2"
"Knight_1432007","1","1","2"
"knight_264","1","1","2"
"Knight-from-home","1","1","2"
"knight12107","1","1","2"
"knightmare12345","1","1","2"
"knightmare1995","1","1","2"
"Knightofthenight21","1","1","2"
"KnightRider2023","1","1","2"
"knightswitch","1","1","2"
"kns_1","1","1","2"
"knudy9","1","1","2"
"knutselaar","1","1","2"
"KoalaArmee","1","1","2"
"koba31","1","1","2"
"Kobi_1","1","1","2"
"kobiljak","1","1","2"
"KOBLENZZZZZ","1","1","2"
"kobozev8855","1","1","2"
"kocburcu","1","1","2"
"kodahkenapa","1","1","2"
"KodiakSancho","1","1","2"
"kodoku848","1","1","2"
"kodyssek","1","1","2"
"Koenigbube","1","1","2"
"kogite","1","1","2"
"kogut77","1","1","2"
"KOKHAIN","1","1","2"
"Koko69008","1","1","2"
"kokomaung","1","1","2"
"kokotroll","1","1","2"
"KokovinMark","1","1","2"
"KoKz8","1","1","2"
"kol4ska","1","1","2"
"Koljatwitch","1","1","2"
"kolking10","1","1","2"
"Koll1333","1","1","2"
"Koll777","1","1","2"
"kollinsDavid","1","1","2"
"KolokM","1","1","2"
"kolon3s","1","1","2"
"Kolorob76","1","1","2"
"Kolyan_Minsk","1","1","2"
"KolyaVolik","1","1","2"
"komal_007","1","1","2"
"KomalWC","1","1","2"
"Komarov_iv","1","1","2"
"komarow","1","1","2"
"komeymusic","1","1","2"
"komhu78","1","1","2"
"kommodori","1","1","2"
"KommoNeitsyt","1","1","2"
"Komorebi77","1","1","2"
"kompani_a","1","1","2"
"KompotAndrei","1","1","2"
"KomputerBOT","1","1","2"
"KomR","1","1","2"
"Komsatoppen","1","1","2"
"konakona2020","1","1","2"
"Kone2","1","1","2"
"kongar1","1","1","2"
"konj975","1","1","2"
"konnert","1","1","2"
"kononovich","1","1","2"
"konovalov_ps","1","1","2"
"Konstantin_18","1","1","2"
"Konstantin_BFL","1","1","2"
"Konstantin_But","1","1","2"
"KonstantinHar","1","1","2"
"konstantinos-stav-20","1","1","2"
"KonstantinVagan","1","1","2"
"KonstantinVladimir","1","1","2"
"konsti08","1","1","2"
"konstvlad","1","1","2"
"konto_zastepcze","1","1","2"
"Kontrx","1","1","2"
"kookoo1","1","1","2"
"koolief","1","1","2"
"Koolkeira321","1","1","2"
"koomarrahmanii","1","1","2"
"KopanoN","1","1","2"
"Kopolitte","1","1","2"
"Koppadagmail_com","1","1","2"
"kor_univese","1","1","2"
"kor1805","1","1","2"
"kor3","1","1","2"
"korayakc","1","1","2"
"korkusuz-mbabbe","1","1","2"
"Kornelius4","1","1","2"
"korobo4ka138","1","1","2"
"Koroleva_bum","1","1","2"
"korosh1351","1","1","2"
"Korostel","1","1","2"
"Korou_9","1","1","2"
"korrani","1","1","2"
"Korvalol17","1","1","2"
"korvinks","1","1","2"
"kory_13","1","1","2"
"Koshkin","1","1","2"
"Koska2727","1","1","2"
"Kosmenko","1","1","2"
"kosmos0","1","1","2"
"KosssteN","1","1","2"
"Kostia20_08","1","1","2"
"kostik_shkv","1","1","2"
"KOSTOJIOM","1","1","2"
"kostya_rayskiy","1","1","2"
"KostyaBelyavsky","1","1","2"
"Kostyachess21","1","1","2"
"Kostyantyn72","1","1","2"
"koswel","1","1","2"
"Kot124","1","1","2"
"kot1ka","1","1","2"
"KoT3ik4","1","1","2"
"kotharaghu","1","1","2"
"kotletka_s_pIOp3hcoy","1","1","2"
"Kotovbrasil","1","1","2"
"kotsa3","1","1","2"
"koulonis","1","1","2"
"Kourosh_2013","1","1","2"
"Kourosh_kmp95","1","1","2"
"kouroshkhojasteh77","1","1","2"
"koushik_pm","1","1","2"
"Koushikdn13","1","1","2"
"Kovach4545","1","1","2"
"KovalevVlad","1","1","2"
"Kovboy1718","1","1","2"
"koxinator420","1","1","2"
"Koyang2370","1","1","2"
"Koyomi_Araragi_1997","1","1","2"
"koysub-bjksatranc","1","1","2"
"KozachkovVaerii","1","1","2"
"Kozlov-i","1","1","2"
"KozzySly","1","1","2"
"KPACAB4NK","1","1","2"
"KpACaB4uK_TTapeHb","1","1","2"
"kpdude","1","1","2"
"KPerez-SDMS","1","1","2"
"KPetr89","1","1","2"
"KPKRISHNAPRASADKP","1","1","2"
"KPOLIK_36","1","1","2"
"kporras07","1","1","2"
"kpov","1","1","2"
"kprasan","1","1","2"
"kpsenthil","1","1","2"
"kpsroka","1","1","2"
"KPT1977","1","1","2"
"Kr1n","1","1","2"
"krabaere","1","1","2"
"krabbox","1","1","2"
"kraled","1","1","2"
"kralex54","1","1","2"
"kraman123","1","1","2"
"krame_dela_fraiche","1","1","2"
"Kramorovaleksandr","1","1","2"
"Kramurz","1","1","2"
"Kranozavr","1","1","2"
"krasheninnikov","1","1","2"
"Krass335","1","1","2"
"kratick","1","1","2"
"kraucuks","1","1","2"
"kravchenkoag","1","1","2"
"Kravshchenko","1","1","2"
"Krazyy234","1","1","2"
"kreciorkonfident","1","1","2"
"kresss","1","1","2"
"Kretaner","1","1","2"
"Kreuzen","1","1","2"
"Krezanos","1","1","2"
"kriadamson","1","1","2"
"kringe3","1","1","2"
"krishagz","1","1","2"
"Krishna_1989","1","1","2"
"Krishna_gupta_123","1","1","2"
"Krishna_kumaran_J","1","1","2"
"KrishnaAgarwal888","1","1","2"
"krishnajathin","1","1","2"
"krishnaprasad_k","1","1","2"
"Krisnavarman","1","1","2"
"Kristian2504","1","1","2"
"kristinakonnova","1","1","2"
"Kristo0899","1","1","2"
"kristof_pl","1","1","2"
"kristyanm","1","1","2"
"kristytor","1","1","2"
"KRITHIKananth","1","1","2"
"kritho","1","1","2"
"kriti56","1","1","2"
"krivam_7D_KIS_69","1","1","2"
"krivykhdi","1","1","2"
"Krmbt","1","1","2"
"KRNHOV","1","1","2"
"Krofton","1","1","2"
"Krokofan","1","1","2"
"Kroniikz","1","1","2"
"KronikMathsDebator","1","1","2"
"KROO7","1","1","2"
"Kropalick","1","1","2"
"Kropotkin001","1","1","2"
"Krovososov","1","1","2"
"Krrolik","1","1","2"
"KRSNNNA","1","1","2"
"krtsanil","1","1","2"
"krupesh123","1","1","2"
"krupkomm","1","1","2"
"krutoi_lol","1","1","2"
"Krvdos","1","1","2"
"kryckan","1","1","2"
"KryilovSP","1","1","2"
"Krysa4","1","1","2"
"krzysiek7520","1","1","2"
"krzysiekx63","1","1","2"
"Krzysztof2020","1","1","2"
"KS_Kaartiga","1","1","2"
"KS2812","1","1","2"
"Ksatria_02","1","1","2"
"KSC0421","1","1","2"
"Ksenia14072016","1","1","2"
"Ksenia3105","1","1","2"
"Kseniya-2008","1","1","2"
"ksh08067701","1","1","2"
"kshodik-2010","1","1","2"
"kskoohyar","1","1","2"
"KSRS3376","1","1","2"
"KsSRishi","1","1","2"
"kssssssssssssseniaa9","1","1","2"
"Ksv2012","1","1","2"
"ksvarun","1","1","2"
"ksw2009","1","1","2"
"ksyu11","1","1","2"
"kszilagyi13","1","1","2"
"KT2202","1","1","2"
"Kto_to0011","1","1","2"
"Ku_uK","1","1","2"
"Kubaszachus","1","1","2"
"Kubsteriusz","1","1","2"
"Kuda_Mabur","1","1","2"
"kuda_Nf2","1","1","2"
"KudaGanas","1","1","2"
"KudaTerbang2500","1","1","2"
"kudrkim06","1","1","2"
"KUDUPUDI_TEJAS","1","1","2"
"kukapar","1","1","2"
"Kukoin","1","1","2"
"Kukor10","1","1","2"
"kukulele1","1","1","2"
"kuldeep26","1","1","2"
"Kulyk_Gordii-Vasylii","1","1","2"
"kulzhabaev_erkhan","1","1","2"
"kuma9","1","1","2"
"kumar93praveen","1","1","2"
"kumar9999","1","1","2"
"Kumarban02","1","1","2"
"kumardhruva1987","1","1","2"
"kumaresannagaraj","1","1","2"
"kumarsumit9693","1","1","2"
"kumpijakampi","1","1","2"
"Kun3n3","1","1","2"
"kunaisakura456","1","1","2"
"Kunal_12_34","1","1","2"
"Kunal987654","1","1","2"
"kunalmanghnani","1","1","2"
"Kunanbai_kazhy","1","1","2"
"kundo19","1","1","2"
"KungPowKing","1","1","2"
"kungrad_net","1","1","2"
"kunj_op777","1","1","2"
"Kupers777","1","1","2"
"Kurama_noob","1","1","2"
"Kurddddd","1","1","2"
"Kurdistana","1","1","2"
"kurodaa","1","1","2"
"kurrtery","1","1","2"
"kurszym","1","1","2"
"kuruvi31","1","1","2"
"kurvaz","1","1","2"
"kuyaedan","1","1","2"
"kuysss","1","1","2"
"KUZCO97","1","1","2"
"kuzey_yildizi19","1","1","2"
"Kuzey0708","1","1","2"
"KUZEYBOZ","1","1","2"
"Kuzeyemir03","1","1","2"
"KuzeyKuzoKZ","1","1","2"
"Kuzhbal","1","1","2"
"kuzmentiy","1","1","2"
"KuznecovNikolai","1","1","2"
"KuzyaevORG","1","1","2"
"kva627","1","1","2"
"kvcakvca","1","1","2"
"kvj79","1","1","2"
"Kvk_1","1","1","2"
"kvmkz","1","1","2"
"KVNeves","1","1","2"
"kvngblak","1","1","2"
"kvyadhukrishnan","1","1","2"
"kw3b","1","1","2"
"Kwamz1221","1","1","2"
"kwassenberg","1","1","2"
"kweazy_jnr","1","1","2"
"kxclim","1","1","2"
"KxFED","1","1","2"
"kybyska","1","1","2"
"kyd_ch3ss14","1","1","2"
"kyerchexmaker","1","1","2"
"Kyle_Jame","1","1","2"
"Kyle2101","1","1","2"
"kyleLBOZO","1","1","2"
"KylePlayingChess","1","1","2"
"Kyles_Rook","1","1","2"
"kylesmc","1","1","2"
"Kylevin","1","1","2"
"kylio12","1","1","2"
"kyrcevvana771com","1","1","2"
"Kyriakos_Lion","1","1","2"
"Kyriell","1","1","2"
"KyrylMartin","1","1","2"
"kyrylope","1","1","2"
"KYu_2008","1","1","2"
"kzahra1400","1","1","2"
"kzjh72","1","1","2"
"kzkkg","1","1","2"
"Kzyf1412","1","1","2"
"L_888","1","1","2"
"L_Amir_Z","1","1","2"
"L_Apprendista","1","1","2"
"L_Bane","1","1","2"
"L_cruz","1","1","2"
"L_JOHAN","1","1","2"
"L_K_SHARMA","1","1","2"
"L_N_M_LAWLIET","1","1","2"
"L0077","1","1","2"
"L0708","1","1","2"
"l0d0n0","1","1","2"
"L0NL0N","1","1","2"
"l0rdyolo","1","1","2"
"L16_GOM_PRAVIN","1","1","2"
"l2all","1","1","2"
"L3009","1","1","2"
"L3on_1982","1","1","2"
"L3stade","1","1","2"
"L4m4","1","1","2"
"L4REN","1","1","2"
"L4RSIQ","1","1","2"
"l85martinreg","1","1","2"
"L882EL","1","1","2"
"l927777","1","1","2"
"La_desgracia","1","1","2"
"la-chess","1","1","2"
"laasyapradnya","1","1","2"
"Labbot","1","1","2"
"lablarry","1","1","2"
"LabRats","1","1","2"
"Labrinos22","1","1","2"
"Labrune","1","1","2"
"Labsimausi","1","1","2"
"Lacaille-9352","1","1","2"
"LaCera25","1","1","2"
"LachieA","1","1","2"
"lacjps","1","1","2"
"Lacock","1","1","2"
"Ladamadescalza","1","1","2"
"LadyChess1212","1","1","2"
"lagodiseo","1","1","2"
"lagwagon81","1","1","2"
"laidback77","1","1","2"
"LainKent","1","1","2"
"laithrjj","1","1","2"
"lakabodl","1","1","2"
"lakahl","1","1","2"
"lakan65","1","1","2"
"Lakindu-22559","1","1","2"
"Lakomkin","1","1","2"
"lakshay_28","1","1","2"
"Lakshmanan2011","1","1","2"
"lakshmin","1","1","2"
"lakshya_parashar","1","1","2"
"LalaLisaNana","1","1","2"
"lalehh","1","1","2"
"Lali-chess","1","1","2"
"Lallubahi","1","1","2"
"LaloEscualo","1","1","2"
"Lalombriz0","1","1","2"
"lalosallmanca","1","1","2"
"lam050708","1","1","2"
"Lama17119","1","1","2"
"Lambo4444","1","1","2"
"LamboNo5","1","1","2"
"lambro175","1","1","2"
"lamilly2023","1","1","2"
"Lamium","1","1","2"
"lamlao1532","1","1","2"
"lamnguyen207","1","1","2"
"lamyokha","1","1","2"
"Lanariz","1","1","2"
"lancelot_1273","1","1","2"
"LanderChess","1","1","2"
"Landraio","1","1","2"
"Langevin_ar","1","1","2"
"langsamABC","1","1","2"
"langtubeo","1","1","2"
"lanKos","1","1","2"
"lanlan21","1","1","2"
"LANMEE","1","1","2"
"LanNeykov","1","1","2"
"lantaklaju","1","1","2"
"Lanze_24","1","1","2"
"LanZkiE","1","1","2"
"LaosWarrior","1","1","2"
"LaparinD","1","1","2"
"LaPepeta","1","1","2"
"lapista59","1","1","2"
"Lapotre49","1","1","2"
"Lappantap","1","1","2"
"larab009","1","1","2"
"Lari0s","1","1","2"
"LarisaSahista","1","1","2"
"LarkinStA","1","1","2"
"Larry_A_Bell","1","1","2"
"larrybaby","1","1","2"
"Lars_die_Made","1","1","2"
"larseric","1","1","2"
"laS08","1","1","2"
"Lasalita22","1","1","2"
"Lascal","1","1","2"
"laschelsea","1","1","2"
"Lasief2","1","1","2"
"Lasker_Chopper","1","1","2"
"Lasker81","1","1","2"
"lasreeram","1","1","2"
"LAST07KNIGHT07","1","1","2"
"LastApachi","1","1","2"
"LastFrogKing","1","1","2"
"Lasting_Image","1","1","2"
"Lastivka21","1","1","2"
"lastmoveis","1","1","2"
"lastrookstanding","1","1","2"
"latelespaul","1","1","2"
"lathifaazmi","1","1","2"
"Laticauda1","1","1","2"
"latifgeddan","1","1","2"
"Latiful_islam","1","1","2"
"latigo123","1","1","2"
"latimbacerra","1","1","2"
"latof2015","1","1","2"
"LaTourPrendGarde12","1","1","2"
"LaughingTiger","1","1","2"
"Laulaud","1","1","2"
"launchar","1","1","2"
"LAURAX21X","1","1","2"
"Laurent_Vrd","1","1","2"
"Laurent09","1","1","2"
"laurentiusimion","1","1","2"
"laurormalinao","1","1","2"
"lauwen","1","1","2"
"Lavacafe","1","1","2"
"lavanya250512","1","1","2"
"Lavarty","1","1","2"
"lavrentev","1","1","2"
"lavyabinani","1","1","2"
"Lawersp","1","1","2"
"Lawrence_zhao","1","1","2"
"lawyer35","1","1","2"
"Layomoc","1","1","2"
"layrooze","1","1","2"
"LazAf","1","1","2"
"lazarevap","1","1","2"
"lazaroramirezg","1","1","2"
"Lazarov7","1","1","2"
"Lazerwin","1","1","2"
"LaziestEpsilon","1","1","2"
"lazoav","1","1","2"
"lazosworld","1","1","2"
"Lazy_bear0","1","1","2"
"lazyasian","1","1","2"
"LazyChessKing","1","1","2"
"LazyFox13","1","1","2"
"lazzydog","1","1","2"
"lc69","1","1","2"
"lccpd","1","1","2"
"lcjbarchi","1","1","2"
"lctrov","1","1","2"
"lDEMON","1","1","2"
"ldrdvdv4","1","1","2"
"LdSDrEaMz","1","1","2"
"le_batman","1","1","2"
"Le-Hai","1","1","2"
"le-petit","1","1","2"
"Le7","1","1","2"
"Lea89","1","1","2"
"leader9966","1","1","2"
"Leandre_M","1","1","2"
"leandros","1","1","2"
"learner_a","1","1","2"
"LearningChess786","1","1","2"
"LebaneeserScrooge","1","1","2"
"Lebaro","1","1","2"
"LeBonVieuxLeo","1","1","2"
"Lebretondu22","1","1","2"
"lebrone123","1","1","2"
"Lebrown_james2003","1","1","2"
"lechedeburra","1","1","2"
"Leder123","1","1","2"
"LeDoctueur","1","1","2"
"LEEFENGRUI","1","1","2"
"leeho_pobedil","1","1","2"
"Leekey","1","1","2"
"leelaky","1","1","2"
"lef02","1","1","2"
"Leffty","1","1","2"
"Lefsal","1","1","2"
"left_is_not_woke","1","1","2"
"Lefty1987","1","1","2"
"lefty59","1","1","2"
"leg2l","1","1","2"
"legasov28","1","1","2"
"lege2j","1","1","2"
"legend_lion","1","1","2"
"Legend3140","1","1","2"
"Legendari","1","1","2"
"legendskiller","1","1","2"
"legendson2010","1","1","2"
"Legendsy","1","1","2"
"legendtugh","1","1","2"
"Legit10","1","1","2"
"Lego10","1","1","2"
"legorretta","1","1","2"
"LeGrandStan","1","1","2"
"Leha151007","1","1","2"
"lehuybach2009b","1","1","2"
"Lei888","1","1","2"
"Leila-T","1","1","2"
"Leiretes","1","1","2"
"LeiZ123321","1","1","2"
"lejardiniervert","1","1","2"
"lek3211","1","1","2"
"LekhanaIndela","1","1","2"
"lekhya24","1","1","2"
"LEKOFCHESS","1","1","2"
"leksusne","1","1","2"
"Lelari","1","1","2"
"Lelik80","1","1","2"
"Lelynomido","1","1","2"
"lemague","1","1","2"
"lemi2020","1","1","2"
"leminhduc151602","1","1","2"
"LEMINHNGUYEN2008","1","1","2"
"LemkeLemke","1","1","2"
"lemon996","1","1","2"
"LemonCate","1","1","2"
"Lemongamerchess","1","1","2"
"Lemontang","1","1","2"
"Lemurking","1","1","2"
"Lenageur","1","1","2"
"Lenardviveros","1","1","2"
"LenaVor","1","1","2"
"lenge","1","1","2"
"Lengerso","1","1","2"
"lenicka","1","1","2"
"lenmenjwz","1","1","2"
"Lennq","1","1","2"
"LennradM","1","1","2"
"Lenny84","1","1","2"
"leoden","1","1","2"
"leodepalma","1","1","2"
"Leodrop","1","1","2"
"LeoHockey11","1","1","2"
"Leoin","1","1","2"
"LeoM12345","1","1","2"
"leon009nguyen","1","1","2"
"Leon11115","1","1","2"
"leonard55","1","1","2"
"Leonardo_Ajedrez","1","1","2"
"LeonardoAlapi","1","1","2"
"leonardogaliano2003","1","1","2"
"LeonBrionesV","1","1","2"
"LeonCti","1","1","2"
"leonderprofi1","1","1","2"
"Leonerodrigues","1","1","2"
"leongsinloong","1","1","2"
"leonid_1954","1","1","2"
"Leonid_Samoilov","1","1","2"
"Leonidas3011","1","1","2"
"Leonidassam7","1","1","2"
"LeonidGil","1","1","2"
"LeonLeon-18","1","1","2"
"leonlp","1","1","2"
"LeonLuca","1","1","2"
"leonova2101976","1","1","2"
"LeonShin","1","1","2"
"Leontol","1","1","2"
"leopslr","1","1","2"
"Leoscac","1","1","2"
"leosmir2013","1","1","2"
"LeoTank","1","1","2"
"Leotribal","1","1","2"
"LeoXzz","1","1","2"
"LePionVaillant","1","1","2"
"Lepipper","1","1","2"
"Leprintemps","1","1","2"
"leprosvasilias","1","1","2"
"Lera-Malishko-2010","1","1","2"
"LERFULLA","1","1","2"
"lernbereitschaft","1","1","2"
"LeRocher73","1","1","2"
"lesebasti","1","1","2"
"leseratte80","1","1","2"
"Leshek1","1","1","2"
"LESNIK55","1","1","2"
"lesous","1","1","2"
"lesrob23","1","1","2"
"LesSasha","1","1","2"
"lessi123","1","1","2"
"Lesya_Po","1","1","2"
"letitbegin","1","1","2"
"LETMECHOOSEANNAME","1","1","2"
"LetMeFly","1","1","2"
"letmetry123coco","1","1","2"
"LeTongoSier","1","1","2"
"letscirclebackonthat","1","1","2"
"letsfigurethisout","1","1","2"
"Letsgetphysicals","1","1","2"
"letuananh24022017","1","1","2"
"leuze","1","1","2"
"Lev_Bartosh","1","1","2"
"Lev_Nazarenko","1","1","2"
"Lev_Zubov","1","1","2"
"Lev190","1","1","2"
"lev20131023","1","1","2"
"levdor","1","1","2"
"leveling_solo","1","1","2"
"levent2104","1","1","2"
"leventburdur","1","1","2"
"levgavrylov","1","1","2"
"Levi_Jauberti","1","1","2"
"levikekis","1","1","2"
"levinhplaychess","1","1","2"
"levisteini","1","1","2"
"Levka1","1","1","2"
"LevKhanzadyan2009","1","1","2"
"LevKoshkarov","1","1","2"
"LevonSugyan","1","1","2"
"LevSi","1","1","2"
"Lewa2015","1","1","2"
"LewisLee23","1","1","2"
"lexa80","1","1","2"
"lexagluxoi","1","1","2"
"Leytery","1","1","2"
"LezinaVer","1","1","2"
"LF33","1","1","2"
"lfcdude23","1","1","2"
"LGHobbit44","1","1","2"
"Lgoha","1","1","2"
"LH4677","1","1","2"
"LHEDI12","1","1","2"
"LHMsergipe","1","1","2"
"lI_man_Il","1","1","2"
"li-vadpoke9","1","1","2"
"Liaaa20","1","1","2"
"Liam10YrsOld","1","1","2"
"LiamBerlin030","1","1","2"
"liamiller","1","1","2"
"Liamjmick","1","1","2"
"liammagicpetal","1","1","2"
"LiamMcHugh","1","1","2"
"Liamo12","1","1","2"
"liana1396","1","1","2"
"lianen","1","1","2"
"Liar2015","1","1","2"
"liberterian31","1","1","2"
"Librano777","1","1","2"
"Libyan67","1","1","2"
"Lichexss","1","1","2"
"lichortix","1","1","2"
"LICOTE","1","1","2"
"licursi14","1","1","2"
"Lidia_Vlokh","1","1","2"
"lidiya1950","1","1","2"
"Lieinthetruth90","1","1","2"
"lierol","1","1","2"
"Liestro","1","1","2"
"lieutenantdan707","1","1","2"
"Lievekuka","1","1","2"
"Lifter11","1","1","2"
"Ligerbite","1","1","2"
"Light_2735","1","1","2"
"Light_future23","1","1","2"
"Lighthold","1","1","2"
"lightingmacqueen","1","1","2"
"Lightoxart","1","1","2"
"lightwell97","1","1","2"
"Lightwhite","1","1","2"
"Lihach87","1","1","2"
"Likeae6","1","1","2"
"likeaweb","1","1","2"
"likehumansdo","1","1","2"
"likithchaithanya","1","1","2"
"likmanose","1","1","2"
"Lil_Deca","1","1","2"
"Lila-G0","1","1","2"
"Liladelfin","1","1","2"
"LilBB27","1","1","2"
"LilDot","1","1","2"
"lilia123654","1","1","2"
"lilia2003","1","1","2"
"Lilianee","1","1","2"
"Liliia_Dzhumyha","1","1","2"
"liliya-7","1","1","2"
"liljaythedr","1","1","2"
"liljeff17","1","1","2"
"lilMaksSunlil","1","1","2"
"lilmarco10","1","1","2"
"Lilmaz","1","1","2"
"lilmiky","1","1","2"
"LILTIM066","1","1","2"
"lilting_baby","1","1","2"
"lilyoftheark","1","1","2"
"limbiczny","1","1","2"
"limbo123","1","1","2"
"limestoneMalta","1","1","2"
"limetka5544","1","1","2"
"Limon4ik30","1","1","2"
"limphu","1","1","2"
"Lina276","1","1","2"
"lina77777","1","1","2"
"linderf","1","1","2"
"lindina98","1","1","2"
"lindomarm12","1","1","2"
"LineOne","1","1","2"
"Ling_Ling_10","1","1","2"
"Lingchids","1","1","2"
"Linguadiver","1","1","2"
"Linivier","1","1","2"
"linkinprav","1","1","2"
"LinnikAltay","1","1","2"
"linterna62","1","1","2"
"Lintu5","1","1","2"
"linuswannamaker","1","1","2"
"Lio_R6","1","1","2"
"Lion_12345","1","1","2"
"lionblu","1","1","2"
"Lionel1717","1","1","2"
"Lioness1","1","1","2"
"lionkingmaster","1","1","2"
"lionmenrf","1","1","2"
"LionsAT34","1","1","2"
"Lionschess_028","1","1","2"
"Liora1","1","1","2"
"lioxochi","1","1","2"
"lippiloves","1","1","2"
"lipson07","1","1","2"
"liron_15","1","1","2"
"Liruibo010","1","1","2"
"Lisalu","1","1","2"
"LisaShmidt","1","1","2"
"Lishaan_Dhruv03","1","1","2"
"Lisik756","1","1","2"
"lisoly","1","1","2"
"Liss20110","1","1","2"
"ListenerVT","1","1","2"
"ListeningToMusicLol","1","1","2"
"Lisynok67","1","1","2"
"litachiste","1","1","2"
"Lithium123","1","1","2"
"litllelegend2013","1","1","2"
"lito369","1","1","2"
"litonbd100","1","1","2"
"Little_Pawn01","1","1","2"
"littlemaster2022","1","1","2"
"littlenovice","1","1","2"
"littlepawn11","1","1","2"
"littlexpigeon","1","1","2"
"litvinivan2011","1","1","2"
"LiuBigMaster","1","1","2"
"liussetiawan","1","1","2"
"liuyishuo2017","1","1","2"
"Liuziyi2016","1","1","2"
"Live_For_Chess","1","1","2"
"livekazan","1","1","2"
"livenwithit","1","1","2"
"Liver90","1","1","2"
"Liverbird22","1","1","2"
"Liverpool04","1","1","2"
"lividgreen","1","1","2"
"Livishsky","1","1","2"
"Livore","1","1","2"
"Liza_20112012","1","1","2"
"lizandrotr","1","1","2"
"liziano","1","1","2"
"lizka58","1","1","2"
"lizz_oa","1","1","2"
"LJAISONENOCH","1","1","2"
"Ljmalveda0827","1","1","2"
"Ljubisa57","1","1","2"
"lkleung","1","1","2"
"Llagzz","1","1","2"
"lLeskia","1","1","2"
"LLLAXMAT1ST","1","1","2"
"Lllooser","1","1","2"
"llmaochess","1","1","2"
"lloker","1","1","2"
"llslowerll","1","1","2"
"Lluso_CH","1","1","2"
"lmadmar","1","1","2"
"lmerle","1","1","2"
"lmohammadsaml","1","1","2"
"lmsz0216","1","1","2"
"lNasrinl","1","1","2"
"lnjustice","1","1","2"
"lnx837","1","1","2"
"lo0ma","1","1","2"
"lo99giova","1","1","2"
"Loading20230","1","1","2"
"loayalani","1","1","2"
"Lobito1234","1","1","2"
"Lobo_Blanco","1","1","2"
"loboprotektor20011","1","1","2"
"locke_ff6","1","1","2"
"loco45","1","1","2"
"LocViDef","1","1","2"
"loda_3mk","1","1","2"
"LODUlalitt","1","1","2"
"loeils29","1","1","2"
"Logan-xx","1","1","2"
"loganbauman","1","1","2"
"LOGANFE","1","1","2"
"LoganMcCasling","1","1","2"
"Logonze","1","1","2"
"lohi2019","1","1","2"
"Lohoho","1","1","2"
"Lojack54","1","1","2"
"Loki16","1","1","2"
"LokiAJ","1","1","2"
"LokoManiac","1","1","2"
"lokomotiv5657","1","1","2"
"lokot505","1","1","2"
"lokz","1","1","2"
"Lol81","1","1","2"
"lolasosss","1","1","2"
"lolik864","1","1","2"
"lolliponik","1","1","2"
"lolloputtominimarket","1","1","2"
"lollycopter","1","1","2"
"lolMarco3004lolarco","1","1","2"
"lolo_Climbs","1","1","2"
"lolq7","1","1","2"
"LoMaSa","1","1","2"
"lommtm","1","1","2"
"lomtatz","1","1","2"
"londeytelusca","1","1","2"
"londonAv","1","1","2"
"Lone_Fighter04","1","1","2"
"Lonelywolf","1","1","2"
"long7S","1","1","2"
"Longbin_Zhou","1","1","2"
"LongJoyfulFly","1","1","2"
"Lonsoquijano","1","1","2"
"lool5","1","1","2"
"Looli_t","1","1","2"
"Loolozen","1","1","2"
"looncall","1","1","2"
"looperlee","1","1","2"
"LoopyDo","1","1","2"
"lOOssL","1","1","2"
"LOPEZ246","1","1","2"
"Lopux401","1","1","2"
"lord_23m","1","1","2"
"Lord_Bleys","1","1","2"
"lord_duck_official","1","1","2"
"Lord_Karar1","1","1","2"
"Lord_Ratatosk","1","1","2"
"Lord-Piyo","1","1","2"
"lordashkan","1","1","2"
"LordBatou","1","1","2"
"lordbentham","1","1","2"
"lordcashflow","1","1","2"
"lordelgouhary","1","1","2"
"LORDEMIL123","1","1","2"
"Lorder45664576E41433","1","1","2"
"LordHamSandwich","1","1","2"
"lordhigi","1","1","2"
"LordLan","1","1","2"
"Lordmakis","1","1","2"
"Lordo01","1","1","2"
"LordShinning","1","1","2"
"lordspookz","1","1","2"
"LordUhtred44","1","1","2"
"lordvoldemort666","1","1","2"
"LordYazdan123","1","1","2"
"loreee_0","1","1","2"
"Lorentzian","1","1","2"
"Lorenza_Dragon","1","1","2"
"LorenzJoJo","1","1","2"
"LorenzKenobi","1","1","2"
"Lorenzo15","1","1","2"
"lorenzo7654","1","1","2"
"LorenzoUdardi","1","1","2"
"lorik_lazunina78","1","1","2"
"Lorista","1","1","2"
"los_t","1","1","2"
"losdm","1","1","2"
"Lose_Bringer","1","1","2"
"LoserbutGOAT","1","1","2"
"Losp12","1","1","2"
"LOST_72","1","1","2"
"lostloss","1","1","2"
"lotGuy","1","1","2"
"lotrock","1","1","2"
"LottaPawnPlay","1","1","2"
"Lottikarotti77","1","1","2"
"Lottina","1","1","2"
"LottoVoitto","1","1","2"
"louaysakka","1","1","2"
"LouBaiyu9","1","1","2"
"loudanchengqi","1","1","2"
"Lougarook","1","1","2"
"Louis-Georges","1","1","2"
"louisrch","1","1","2"
"Louloufou63","1","1","2"
"Loulouivr","1","1","2"
"louperigno","1","1","2"
"lovegoodchess7","1","1","2"
"LoveistheMessage","1","1","2"
"LoveKikot","1","1","2"
"lovelok","1","1","2"
"Lovely_Faith12","1","1","2"
"lovingagneja","1","1","2"
"Low_pope","1","1","2"
"Low-IQ","1","1","2"
"lowiq228","1","1","2"
"loxmati","1","1","2"
"Loz16","1","1","2"
"LPDoyle","1","1","2"
"LPGD","1","1","2"
"LpintadoY","1","1","2"
"LR1966","1","1","2"
"lrsveser","1","1","2"
"Lsalinasa","1","1","2"
"LsB-95","1","1","2"
"LSDT","1","1","2"
"lsemNickl","1","1","2"
"lserias","1","1","2"
"lslasam","1","1","2"
"LssRbs","1","1","2"
"lstilluminati","1","1","2"
"LT75WHU","1","1","2"
"LtAlbatross","1","1","2"
"ltl","1","1","2"
"LtSourTangie","1","1","2"
"LTTR","1","1","2"
"lu_ci_fe_r_18","1","1","2"
"luanamorimdesouza","1","1","2"
"Luanspektakli","1","1","2"
"LubangoKiyuga","1","1","2"
"lubesnich","1","1","2"
"lubieszachylol","1","1","2"
"lublutamaru","1","1","2"
"Lubomiro13","1","1","2"
"LubovZolotova","1","1","2"
"Luca280011","1","1","2"
"lucabollini","1","1","2"
"lucacozzi","1","1","2"
"Lucaele","1","1","2"
"LucaFeola","1","1","2"
"Lucan7527","1","1","2"
"Lucaquattro","1","1","2"
"lucas_p06","1","1","2"
"Lucas_rmelo","1","1","2"
"Lucas_Sword","1","1","2"
"Lucas-Carvalho","1","1","2"
"lucasbiz","1","1","2"
"lucaschess960","1","1","2"
"LucasDevestele","1","1","2"
"lucasdey","1","1","2"
"Lucasjaque","1","1","2"
"LucasSchlotfeld","1","1","2"
"Lucassetoidelabatard","1","1","2"
"LucasSilveira","1","1","2"
"LucasZ05","1","1","2"
"lucatoni2012","1","1","2"
"LuccaGod","1","1","2"
"Luce123","1","1","2"
"Luchavez","1","1","2"
"LucianoGalerio3705","1","1","2"
"lucianomuller25","1","1","2"
"LUCIFER25763","1","1","2"
"Lucio80","1","1","2"
"luciobfreitas1","1","1","2"
"luciox8885","1","1","2"
"Lucius3","1","1","2"
"luckofdevilish","1","1","2"
"lucky-lucky-2","1","1","2"
"Lucky-player","1","1","2"
"lucky1081","1","1","2"
"lucky2016","1","1","2"
"LuckyLottery","1","1","2"
"LuckyLuke2000","1","1","2"
"Luckyman1234","1","1","2"
"luckyxbread","1","1","2"
"lucsal","1","1","2"
"lucy11","1","1","2"
"Lucyyes","1","1","2"
"lud-ork","1","1","2"
"Luddy0229","1","1","2"
"LudiKiller93","1","1","2"
"LudovicoFremont","1","1","2"
"Luey61","1","1","2"
"luffy749193","1","1","2"
"Luffyispirate2489","1","1","2"
"Luffysigningoff","1","1","2"
"lugokevin1","1","1","2"
"Lui_Lui_Lui","1","1","2"
"luig123","1","1","2"
"Luig1977","1","1","2"
"Luigi-69","1","1","2"
"Luiis77","1","1","2"
"Luis_050817","1","1","2"
"Luis_Galvez","1","1","2"
"Luis-Ch","1","1","2"
"luis2637","1","1","2"
"Luis2706","1","1","2"
"Luis4635","1","1","2"
"Luis63Saeb","1","1","2"
"Luisbeto","1","1","2"
"luisbuendiag","1","1","2"
"Luisin77","1","1","2"
"LuisM69","1","1","2"
"LuisMauricioCramer","1","1","2"
"LuisMira21","1","1","2"
"luismuss1186","1","1","2"
"luisphilipi","1","1","2"
"Luispielmann","1","1","2"
"luissscosta","1","1","2"
"Luiz_Marti","1","1","2"
"Luiz2401","1","1","2"
"luizbenine","1","1","2"
"luizfernandoinfo23","1","1","2"
"luizgfilho","1","1","2"
"luizvital","1","1","2"
"lujocapri","1","1","2"
"luk117","1","1","2"
"luka123123123","1","1","2"
"Lukael943","1","1","2"
"Lukaelmejor","1","1","2"
"LukaKingdom2014","1","1","2"
"lukakro","1","1","2"
"lukaparisi10","1","1","2"
"lukas_iliev","1","1","2"
"Lukas-_-B","1","1","2"
"lukas1298","1","1","2"
"Lukas2345","1","1","2"
"LukasCoskuncay","1","1","2"
"LukasKraus","1","1","2"
"Lukasogrodnik","1","1","2"
"lukasos1","1","1","2"
"LukasPuhr","1","1","2"
"LukasSpang","1","1","2"
"lukasvec","1","1","2"
"LukaszYogi","1","1","2"
"Luke_Sanderson","1","1","2"
"Luke-o-OHES","1","1","2"
"Lukeeno","1","1","2"
"Lukelgh","1","1","2"
"lukemr99999","1","1","2"
"LuKEriGGs","1","1","2"
"LukeyP63","1","1","2"
"Luki_Sec","1","1","2"
"lukifar","1","1","2"
"LukkaLives","1","1","2"
"LUKKASS","1","1","2"
"lukwasiii","1","1","2"
"Lulas276","1","1","2"
"lulomonti","1","1","2"
"Lulozzo","1","1","2"
"luluxupulu","1","1","2"
"lumbert","1","1","2"
"LumosMaximus","1","1","2"
"lumpyhumps","1","1","2"
"Luna31055","1","1","2"
"Lunabong","1","1","2"
"lunbet","1","1","2"
"lundaaa","1","1","2"
"Lundegaard","1","1","2"
"lunensis","1","1","2"
"lunnor","1","1","2"
"Luogosanto","1","1","2"
"Luphi21","1","1","2"
"Lupooo5","1","1","2"
"Luqido","1","1","2"
"Lurrik","1","1","2"
"Lurrr777","1","1","2"
"Lusia1108","1","1","2"
"LusiferMaykilson","1","1","2"
"LutfullayevAbdulaziz","1","1","2"
"Luther_Pansius_S","1","1","2"
"luu2uu","1","1","2"
"LUV2XLR8","1","1","2"
"Luxben","1","1","2"
"Luxorjadore","1","1","2"
"Luxur134","1","1","2"
"LuyRopezXOXO","1","1","2"
"lvay","1","1","2"
"lvchang","1","1","2"
"Lvcy","1","1","2"
"lweichhardt","1","1","2"
"LWSM","1","1","2"
"lwtian","1","1","2"
"lWyzDMl","1","1","2"
"LxTheChessKing","1","1","2"
"Lyagin_Luka13","1","1","2"
"LYangkaaSk8er","1","1","2"
"LycheeSaki","1","1","2"
"lyffe","1","1","2"
"Lyican28","1","1","2"
"Lypal","1","1","2"
"Lyusi","1","1","2"
"M_C4rlsen","1","1","2"
"M_Chmiel","1","1","2"
"m_eldardir","1","1","2"
"M_Gowtham_TN19_IND","1","1","2"
"m_hill1776","1","1","2"
"M_Irina_Martynova1","1","1","2"
"m_lavk","1","1","2"
"M_ME","1","1","2"
"M_N_M_20","1","1","2"
"M_Nauval_Al-Habibi","1","1","2"
"m_ng_l","1","1","2"
"M_Pavel_2010","1","1","2"
"m_rizqull","1","1","2"
"M_S_F","1","1","2"
"m_tal1960","1","1","2"
"M_the_J","1","1","2"
"m-1908","1","1","2"
"m-aref","1","1","2"
"M-asadi1392","1","1","2"
"M-E-C","1","1","2"
"M-S-2Yorkies","1","1","2"
"M-Volodin","1","1","2"
"M00Halawa","1","1","2"
"m01275025104","1","1","2"
"m0hamedqandeel","1","1","2"
"m0o0dy","1","1","2"
"M0sadRagaab","1","1","2"
"m123ghenaat","1","1","2"
"M17077","1","1","2"
"M19YJ21","1","1","2"
"m1chae12","1","1","2"
"M1rko_8","1","1","2"
"m2099","1","1","2"
"M4_KK","1","1","2"
"m4ch_PL","1","1","2"
"m4g988","1","1","2"
"m4haddddd","1","1","2"
"M4NCIO","1","1","2"
"m4r70","1","1","2"
"M4tchB0X3r","1","1","2"
"m61","1","1","2"
"M69Tal","1","1","2"
"M79614528","1","1","2"
"m7mdfathi","1","1","2"
"m7mdmgdi","1","1","2"
"m7moudessam55","1","1","2"
"M91nqi","1","1","2"
"M9333995008","1","1","2"
"M976","1","1","2"
"M9hmed","1","1","2"
"Ma-helys","1","1","2"
"MA321","1","1","2"
"Ma7moud_Na4at","1","1","2"
"Ma7moud77777","1","1","2"
"Maamardjebbari1633","1","1","2"
"maart1945","1","1","2"
"MaartenMegaman","1","1","2"
"maas10","1","1","2"
"Maat75","1","1","2"
"mab_ravel","1","1","2"
"mabbasnejad","1","1","2"
"Mabuza222","1","1","2"
"MacalionSZ","1","1","2"
"macapae","1","1","2"
"Macaveli299","1","1","2"
"Macca_27","1","1","2"
"macdonallds","1","1","2"
"Macelyan","1","1","2"
"macfloyd","1","1","2"
"MacGuyverthone","1","1","2"
"MACHACA08THIAGO","1","1","2"
"Machaganesh","1","1","2"
"machajda","1","1","2"
"machbethest","1","1","2"
"MaciejLuczak","1","1","2"
"macieka78","1","1","2"
"Maciekk234","1","1","2"
"maciel29","1","1","2"
"MACINGUER","1","1","2"
"macks8","1","1","2"
"Mackvija","1","1","2"
"macmilly84","1","1","2"
"macno47","1","1","2"
"macobjay","1","1","2"
"MacOrange","1","1","2"
"Macuto70","1","1","2"
"MAD_Fire","1","1","2"
"madadot","1","1","2"
"Madali_1992","1","1","2"
"MadameAvanti","1","1","2"
"madanmadan","1","1","2"
"Madara-UCHIHA1","1","1","2"
"Madausz","1","1","2"
"madbull77","1","1","2"
"MadCat777","1","1","2"
"MaddiChloe","1","1","2"
"maddyy007","1","1","2"
"Madevan","1","1","2"
"Madhav_vaidya01","1","1","2"
"MadhavMohanakrishnan","1","1","2"
"Madhoot13","1","1","2"
"madi34","1","1","2"
"madima","1","1","2"
"Madina0709","1","1","2"
"madissin","1","1","2"
"Madlenka","1","1","2"
"madmahdi","1","1","2"
"madnessguessing","1","1","2"
"Madrigal_67","1","1","2"
"madsgreenvalley","1","1","2"
"MADTRUCKER78","1","1","2"
"madviking","1","1","2"
"maefiosii","1","1","2"
"Mael-M","1","1","2"
"Maelstromm","1","1","2"
"Maestre6","1","1","2"
"MaestroDawood","1","1","2"
"MaestroNini101","1","1","2"
"MAET1206","1","1","2"
"maeva443","1","1","2"
"maexme","1","1","2"
"maforma","1","1","2"
"magalou","1","1","2"
"Magashka2015","1","1","2"
"maged_gamel82","1","1","2"
"MaggyCurlSen","1","1","2"
"MagicGirl_Bruce","1","1","2"
"Magichka97","1","1","2"
"MagicKaito88","1","1","2"
"magicoTuz","1","1","2"
"MagiscoPrime","1","1","2"
"magkra981","1","1","2"
"MagnetCarls0n","1","1","2"
"magnificentpurpose","1","1","2"
"Magnifico_E","1","1","2"
"Magnus_234","1","1","2"
"Magnus_Carlsen911","1","1","2"
"Magnus_Carlson_77","1","1","2"
"Magnus_Dragon","1","1","2"
"Magnus_Pino","1","1","2"
"Magnus-Bomb","1","1","2"
"magnusaaaaaa","1","1","2"
"magnuscalicharan","1","1","2"
"MagnusCarlsen1989","1","1","2"
"MagnusCarlsenSenior","1","1","2"
"MagnusinOhio","1","1","2"
"magnusismystudent","1","1","2"
"magnusjac","1","1","2"
"MAGO112","1","1","2"
"magochka383","1","1","2"
"Magomedov09","1","1","2"
"Magoss","1","1","2"
"MagPak","1","1","2"
"Magzy_Carls22","1","1","2"
"Mahadev_arav","1","1","2"
"Mahamedtaha22","1","1","2"
"Mahammad_18","1","1","2"
"MAHAN6_alborz-91","1","1","2"
"mahanchess1234","1","1","2"
"MahanD007","1","1","2"
"mahank","1","1","2"
"mahanprz10","1","1","2"
"MahapatraVineet21","1","1","2"
"Maharshi_kalyani","1","1","2"
"mahaveer2023","1","1","2"
"Mahaza","1","1","2"
"Mahbariad","1","1","2"
"Mahbub1","1","1","2"
"Mahdi-Ahmed","1","1","2"
"mahdi-ficher-1390","1","1","2"
"Mahdi5140","1","1","2"
"mahdi5574","1","1","2"
"mahdi68k","1","1","2"
"mahdia1392","1","1","2"
"mahdiar2000","1","1","2"
"mahdiarfarhangfallah","1","1","2"
"mahdidarsar82","1","1","2"
"mahdinajafi1956","1","1","2"
"Mahdiramezani1331371","1","1","2"
"mAhdiyAr2014","1","1","2"
"mahdyar95","1","1","2"
"MaheEt_PRajaPati","1","1","2"
"MAHENDRA_INDIAN","1","1","2"
"mahendran9","1","1","2"
"Maher_Nabil","1","1","2"
"MAHERMK","1","1","2"
"Mahesh1979","1","1","2"
"MaheshDabhi","1","1","2"
"Mahgoub105","1","1","2"
"MahiG","1","1","2"
"mahikareddy","1","1","2"
"MAHINAAKO4","1","1","2"
"MahirChamps","1","1","2"
"mahiyadav","1","1","2"
"mahjor","1","1","2"
"mahmoud_abualnsr","1","1","2"
"mahmoud_lucifer777","1","1","2"
"mahmoud_sebaie","1","1","2"
"mahmoud_sheko","1","1","2"
"mahmoud0930","1","1","2"
"mahmoud3737","1","1","2"
"mahmoud98sh","1","1","2"
"mahmoudabdelrahmans","1","1","2"
"mahmoudalabadi","1","1","2"
"mahmoudeid1","1","1","2"
"mahmoudelkak","1","1","2"
"Mahmoudfahmey","1","1","2"
"Mahmoudredaattia1","1","1","2"
"mahmure-kose","1","1","2"
"Mahmut6767","1","1","2"
"mahome","1","1","2"
"mahyar1393","1","1","2"
"Maicol700l","1","1","2"
"maielkawary","1","1","2"
"maikonvr","1","1","2"
"maillon","1","1","2"
"Mainabai","1","1","2"
"MainBattleTank","1","1","2"
"Maisellopez","1","1","2"
"maisiE21","1","1","2"
"Maitham21","1","1","2"
"maixuantruong","1","1","2"
"Majadhamad","1","1","2"
"Majczi","1","1","2"
"majdbarakat07","1","1","2"
"majdiraq12","1","1","2"
"majdy0","1","1","2"
"majed241","1","1","2"
"majellowsky","1","1","2"
"majer_fighter","1","1","2"
"Majestuatisation","1","1","2"
"Majid77","1","1","2"
"majidAndroidBaz2851","1","1","2"
"Majidkhan84","1","1","2"
"majikalmann","1","1","2"
"Majikz","1","1","2"
"MAJINSONU","1","1","2"
"Majko","1","1","2"
"majorowe","1","1","2"
"mak1776","1","1","2"
"MAKABEJK","1","1","2"
"makakku","1","1","2"
"Makamea","1","1","2"
"makankamima","1","1","2"
"Makanudo","1","1","2"
"Makar11","1","1","2"
"Makar6za","1","1","2"
"Makarov_Pavel","1","1","2"
"MAKAROV_TIMOFEY_163","1","1","2"
"makartara","1","1","2"
"makaveli_andrei","1","1","2"
"Makbet","1","1","2"
"MakcimStr","1","1","2"
"makelegobot","1","1","2"
"makemikemike","1","1","2"
"Makenafx","1","1","2"
"makkeeee","1","1","2"
"Makkuro_Kurosuke","1","1","2"
"Makowiec1991","1","1","2"
"Maks_14","1","1","2"
"maks_oll","1","1","2"
"maks_psk","1","1","2"
"Maks-Preblagin_94","1","1","2"
"Maks-RF","1","1","2"
"maks3627","1","1","2"
"Maksakow","1","1","2"
"MaksBurov1993","1","1","2"
"maksim_gjg","1","1","2"
"maksim_lescenko","1","1","2"
"Maksim_Tobolsk","1","1","2"
"maksim2021","1","1","2"
"Maksim2907","1","1","2"
"MaksimBor","1","1","2"
"maksimellian","1","1","2"
"maksimgri","1","1","2"
"Maksimka_2016","1","1","2"
"Maksimus4432","1","1","2"
"maKSSg","1","1","2"
"Maksumchuk","1","1","2"
"MaksVolya","1","1","2"
"Maksym_Kozyk","1","1","2"
"Maksymilian009","1","1","2"
"MAKSYMUS_911","1","1","2"
"MakTak","1","1","2"
"MakWS888","1","1","2"
"malaika61","1","1","2"
"MALAKHOVK","1","1","2"
"malap4646","1","1","2"
"malappapas","1","1","2"
"Malaski","1","1","2"
"malatok","1","1","2"
"Malc4ickSPlac4ick","1","1","2"
"malcer","1","1","2"
"malcolms123","1","1","2"
"Maldoror17","1","1","2"
"Malechias","1","1","2"
"malek1414","1","1","2"
"Malek1976","1","1","2"
"mali_bog","1","1","2"
"malikuk5","1","1","2"
"maliornek","1","1","2"
"MAliTas1986","1","1","2"
"malkin1729","1","1","2"
"Malkoel","1","1","2"
"mallarapuvidhyasagr","1","1","2"
"Malner","1","1","2"
"Maloy22","1","1","2"
"Malpait","1","1","2"
"Maluenje","1","1","2"
"MalusDacus78","1","1","2"
"Malvo2030","1","1","2"
"Mamad08","1","1","2"
"mamadata0","1","1","2"
"Mamaev_Lev","1","1","2"
"mamagelanggelang","1","1","2"
"Mamba_Negra","1","1","2"
"mambik80","1","1","2"
"mameloo","1","1","2"
"Mamounmax","1","1","2"
"MAMPEHKO","1","1","2"
"Mamperez","1","1","2"
"Mamukaev","1","1","2"
"Mamzo359","1","1","2"
"MAN_ON-FIRE","1","1","2"
"Manabu-kun","1","1","2"
"manasi_2009","1","1","2"
"ManasJaithliya2008","1","1","2"
"Manasvirathi1","1","1","2"
"Manato-Sato","1","1","2"
"Mancasss","1","1","2"
"manda-rina","1","1","2"
"Mandalore_the_Red","1","1","2"
"Mandelbrot1337","1","1","2"
"Mandgurcsi","1","1","2"
"Mandi98","1","1","2"
"mandinh","1","1","2"
"Mandiw","1","1","2"
"Mandizzle","1","1","2"
"Mandoloide","1","1","2"
"maneuver7","1","1","2"
"ManfredSlawny","1","1","2"
"mangiaunasedia","1","1","2"
"mangkubumi10","1","1","2"
"MangledMushroom","1","1","2"
"Mangonianrider","1","1","2"
"mangoz12312","1","1","2"
"manhhung2912","1","1","2"
"manhunts","1","1","2"
"mani_htf","1","1","2"
"mani2323","1","1","2"
"Maniacbright","1","1","2"
"ManiCharith123","1","1","2"
"manick3886","1","1","2"
"Manied","1","1","2"
"ManikandanRajaminor","1","1","2"
"manipulater228","1","1","2"
"manires","1","1","2"
"manish051","1","1","2"
"Manish221","1","1","2"
"manishev","1","1","2"
"ManishKSharma","1","1","2"
"manishsamineni","1","1","2"
"ManishThakkar","1","1","2"
"manisterpoo","1","1","2"
"Manito011235","1","1","2"
"manixyz","1","1","2"
"manjil1984","1","1","2"
"Mannexchiz","1","1","2"
"mannimann","1","1","2"
"manningkarp","1","1","2"
"Manoj_Rao","1","1","2"
"ManojN02","1","1","2"
"Manolo_06","1","1","2"
"Manolobaez","1","1","2"
"Manolodk1976","1","1","2"
"manoloforyou","1","1","2"
"manololopez58","1","1","2"
"MaNoLoS96","1","1","2"
"ManpreetS","1","1","2"
"mansa3","1","1","2"
"ManshUkani","1","1","2"
"mansoord0150","1","1","2"
"Mansur_Shakenov2012","1","1","2"
"Mansur999","1","1","2"
"Manthalkar","1","1","2"
"Manthan_88_S","1","1","2"
"mantoniazzi","1","1","2"
"mantoon","1","1","2"
"Manu012191","1","1","2"
"Manu96R","1","1","2"
"manualeman2011","1","1","2"
"ManUCLA","1","1","2"
"Manuco2023","1","1","2"
"Manudeperus","1","1","2"
"Manuderkoch","1","1","2"
"Manudulux70","1","1","2"
"Manuel-C-E","1","1","2"
"Manuelk676","1","1","2"
"Manuelmari","1","1","2"
"manulive","1","1","2"
"Manuvah","1","1","2"
"ManVas","1","1","2"
"many1614","1","1","2"
"Manyashkevich","1","1","2"
"manzi9","1","1","2"
"Manzylikalua","1","1","2"
"maoqiang","1","1","2"
"mapomme","1","1","2"
"Maps1-P","1","1","2"
"mar_ramick","1","1","2"
"Mar3iChees","1","1","2"
"mara0015","1","1","2"
"maraci01","1","1","2"
"Maradja","1","1","2"
"Marameo21","1","1","2"
"Maran1972","1","1","2"
"marat_saidovv","1","1","2"
"Marc_1974","1","1","2"
"MarcAndre2504","1","1","2"
"marcantoine2016","1","1","2"
"MarcaoJr","1","1","2"
"Marce_OP","1","1","2"
"Marce101","1","1","2"
"marcel12356","1","1","2"
"MarcelDk","1","1","2"
"marcelglezr94","1","1","2"
"marcelo645","1","1","2"
"marceloalonsoparedes","1","1","2"
"MarceloCancina","1","1","2"
"MarchMark-06","1","1","2"
"MarcinEjkszto","1","1","2"
"Marco_droft73","1","1","2"
"marco_mascio","1","1","2"
"marcoalbert1994","1","1","2"
"MarcoAlvarado_URP","1","1","2"
"MarcoCaf","1","1","2"
"marcodevil123","1","1","2"
"marcogr27","1","1","2"
"MarcoMilanese85","1","1","2"
"marcos-mamjr","1","1","2"
"marcos1975h","1","1","2"
"marcos65","1","1","2"
"marcoscabra","1","1","2"
"marcoschessgame","1","1","2"
"marcoskingsevem","1","1","2"
"Marcosmarzett","1","1","2"
"marcosmdq","1","1","2"
"Marcosultimatum","1","1","2"
"marcotu9j9","1","1","2"
"MarcusGovers","1","1","2"
"MarcusMenegatti","1","1","2"
"Mardico12","1","1","2"
"Mardon64","1","1","2"
"Marek1928","1","1","2"
"margazhiye","1","1","2"
"margin57","1","1","2"
"Margo04","1","1","2"
"margotandbasil","1","1","2"
"MargretThatcher","1","1","2"
"Marharyta222","1","1","2"
"Mari-Anna-K","1","1","2"
"Mari30112010chess","1","1","2"
"MARIA_BOLTUBAEVA","1","1","2"
"Maria1871","1","1","2"
"MariaAndSokolova","1","1","2"
"mariacmorales_2007","1","1","2"
"Marianna_1","1","1","2"
"MARIANO-110_98","1","1","2"
"marianorojo","1","1","2"
"marianovaresano","1","1","2"
"mariellekulet21","1","1","2"
"marigrowa","1","1","2"
"MariiaRad","1","1","2"
"Marija15","1","1","2"
"marine63","1","1","2"
"marinepp","1","1","2"
"mario_3030","1","1","2"
"Mario_Carvalho","1","1","2"
"Mario-G","1","1","2"
"mario0o0","1","1","2"
"mario2020chess","1","1","2"
"marioelrojo","1","1","2"
"Mariogascon","1","1","2"
"mariolatez","1","1","2"
"Marione67","1","1","2"
"mariotel77","1","1","2"
"MarioWwa","1","1","2"
"mariposachina","1","1","2"
"marissa2023","1","1","2"
"mariuszxrp","1","1","2"
"marix1995","1","1","2"
"Mariya_8-chess","1","1","2"
"Mariya00","1","1","2"
"Mariyan","1","1","2"
"marjan60","1","1","2"
"MarjolijnO","1","1","2"
"Mark_mamon","1","1","2"
"Mark_Pernay2","1","1","2"
"mArK_rOTAr","1","1","2"
"Mark_Stashevskii","1","1","2"
"Mark94","1","1","2"
"Markadel432","1","1","2"
"Markel77","1","1","2"
"markisz","1","1","2"
"markjuve14","1","1","2"
"Markkrechet","1","1","2"
"marklearns","1","1","2"
"marklovaas","1","1","2"
"MarkMaff","1","1","2"
"Marko333","1","1","2"
"MarkoBotosh","1","1","2"
"markoccar","1","1","2"
"markogi2","1","1","2"
"MarkoKrebe","1","1","2"
"markoroncevic","1","1","2"
"MarkPrudnikov","1","1","2"
"MarkSamoylov","1","1","2"
"MarkSupervisor","1","1","2"
"marktreyvus","1","1","2"
"Markulez85","1","1","2"
"Markus3302","1","1","2"
"MarkusBVB09","1","1","2"
"MarkusLO","1","1","2"
"markuswi333","1","1","2"
"MarkyMark3","1","1","2"
"MarkZablocki","1","1","2"
"Marlboro_ken","1","1","2"
"Marlon_waldeit","1","1","2"
"Marlon2016","1","1","2"
"maroblesi","1","1","2"
"maroder89","1","1","2"
"Marokanczyk","1","1","2"
"Maroon1970","1","1","2"
"marou_7","1","1","2"
"marouane_1","1","1","2"
"marouane00","1","1","2"
"Marouanenadir","1","1","2"
"marouenbekir","1","1","2"
"Maroutaeff","1","1","2"
"marque44","1","1","2"
"marquesexotic","1","1","2"
"Marquez2023","1","1","2"
"marquijr","1","1","2"
"Mars0808","1","1","2"
"MarS2910","1","1","2"
"marsaglia","1","1","2"
"marschl6","1","1","2"
"Marshal-19","1","1","2"
"Marsilo_Fischer","1","1","2"
"Marta2018","1","1","2"
"MartaE-2022","1","1","2"
"MartaKrotova","1","1","2"
"martillaco","1","1","2"
"Martin_Ajedrecista","1","1","2"
"martin_reid2","1","1","2"
"martin_scores_easy","1","1","2"
"martin_silva","1","1","2"
"Martin-Wa","1","1","2"
"martinaldas1xz","1","1","2"
"martinbeseda","1","1","2"
"MartinBoipiaBenit7","1","1","2"
"MartinCavoti","1","1","2"
"Martinchess182015","1","1","2"
"Martinchi","1","1","2"
"martincho89","1","1","2"
"martinela100","1","1","2"
"MartinMazag5","1","1","2"
"MartinNigos","1","1","2"
"martinobi","1","1","2"
"martinovic1","1","1","2"
"martinpareja","1","1","2"
"MartinPlana_1712","1","1","2"
"MartinTheMatser","1","1","2"
"Martos1989","1","1","2"
"martou1","1","1","2"
"Marty57","1","1","2"
"MArtY6996","1","1","2"
"maruda61","1","1","2"
"marul688","1","1","2"
"Marusya_chesss","1","1","2"
"Marusya71","1","1","2"
"Maruvari","1","1","2"
"marvin03bankx","1","1","2"
"MarvinoZafran29","1","1","2"
"Marvistaas","1","1","2"
"marwahqr","1","1","2"
"MarwanElzaki2","1","1","2"
"MarwarBishop","1","1","2"
"MARXCP2023","1","1","2"
"maryagnes","1","1","2"
"Maryam_az","1","1","2"
"maryamhoseini89","1","1","2"
"Maryana_Osipova","1","1","2"
"MaryC3","1","1","2"
"Maryshev","1","1","2"
"marziehrohabadi","1","1","2"
"mas_pion","1","1","2"
"Masaai","1","1","2"
"Mascamanga","1","1","2"
"MaseGSJ","1","1","2"
"Masha0209","1","1","2"
"masha5555","1","1","2"
"MashaPa","1","1","2"
"mashariki_1","1","1","2"
"Masharlie","1","1","2"
"Mashous","1","1","2"
"Masick","1","1","2"
"masih1222","1","1","2"
"masiha1396","1","1","2"
"Maskeensaini","1","1","2"
"maslend","1","1","2"
"Maslow_Roman_12","1","1","2"
"masmario","1","1","2"
"masmiko","1","1","2"
"masnony","1","1","2"
"masoudbadi","1","1","2"
"MASOXA","1","1","2"
"mass-tiger","1","1","2"
"massimo_zaniboni","1","1","2"
"mastakrycha","1","1","2"
"mastaofdisasta121","1","1","2"
"master_kom07","1","1","2"
"MASTER_NICK","1","1","2"
"Master_Renas","1","1","2"
"Master0078","1","1","2"
"master15581","1","1","2"
"master247","1","1","2"
"master720","1","1","2"
"MASTER72BLASTER","1","1","2"
"masterboard","1","1","2"
"MasterCFunk","1","1","2"
"MasterDraw","1","1","2"
"mastergelapjpr","1","1","2"
"Masterk1000","1","1","2"
"MasterKnight001","1","1","2"
"mastermaster777","1","1","2"
"MasterMax10","1","1","2"
"Mastermax3883","1","1","2"
"mastermax4422","1","1","2"
"Masterofchess0815","1","1","2"
"masterofgames","1","1","2"
"Masterritwik2013","1","1","2"
"Mastersac","1","1","2"
"Mastersibin","1","1","2"
"MasterSnegovihok","1","1","2"
"mastersonly","1","1","2"
"masterstas","1","1","2"
"MasterThandu","1","1","2"
"mastroteku","1","1","2"
"masturmator123","1","1","2"
"Mastwerr2","1","1","2"
"masudathari","1","1","2"
"Masudkhan","1","1","2"
"masum07","1","1","2"
"masumeh_m","1","1","2"
"MasyaMark","1","1","2"
"Mat_basi_ebal","1","1","2"
"MaT-Popov","1","1","2"
"Matacuevas","1","1","2"
"mataderiense","1","1","2"
"matalosatodos","1","1","2"
"MatchstickMan86","1","1","2"
"mate0s3r0n","1","1","2"
"Mate2412","1","1","2"
"mate911","1","1","2"
"matea09","1","1","2"
"matecheck68","1","1","2"
"matederim","1","1","2"
"mateentresjugadas","1","1","2"
"mateo_reychess","1","1","2"
"Mateo-Enigma","1","1","2"
"Mateo2356","1","1","2"
"mateog24","1","1","2"
"MateoJ_CBA","1","1","2"
"mateomar123","1","1","2"
"Mateoprime","1","1","2"
"Mateozavala","1","1","2"
"materzi53","1","1","2"
"MateTeraba","1","1","2"
"MateusHosken","1","1","2"
"MateusMB2020","1","1","2"
"MATGER99","1","1","2"
"math_bou","1","1","2"
"mathana","1","1","2"
"mathdiff","1","1","2"
"Mathellir","1","1","2"
"mathematik0r","1","1","2"
"Matheus_2005","1","1","2"
"matheus_sotero","1","1","2"
"Matheus4000","1","1","2"
"matheustelesSe","1","1","2"
"Mathew2014","1","1","2"
"Mathias_May","1","1","2"
"Mathias1986","1","1","2"
"mathiaspower","1","1","2"
"mathis_vie","1","1","2"
"mathnou","1","1","2"
"Mathy17","1","1","2"
"Mati_Ost_2c","1","1","2"
"Mati17071997","1","1","2"
"Matias_Artigue-2020","1","1","2"
"Matias13T","1","1","2"
"matiasber10","1","1","2"
"matiasmdq1988","1","1","2"
"Matiassoma","1","1","2"
"Maticasho","1","1","2"
"matinebrahimi77","1","1","2"
"Matinkh1277","1","1","2"
"matintb","1","1","2"
"matizarateolivar","1","1","2"
"Matjaz32","1","1","2"
"matmatwro","1","1","2"
"matmax35","1","1","2"
"matoma0208","1","1","2"
"matoness","1","1","2"
"Matorr71","1","1","2"
"Matou22","1","1","2"
"matriciani41","1","1","2"
"Matrix511","1","1","2"
"Matschbacke7","1","1","2"
"MatsEkqvist","1","1","2"
"matsfrederik","1","1","2"
"matsio","1","1","2"
"matt6887","1","1","2"
"mattebiso","1","1","2"
"Mattei03","1","1","2"
"Mattetorre3334","1","1","2"
"Mattg85","1","1","2"
"Matthew_30","1","1","2"
"Matthew519","1","1","2"
"Matthew761","1","1","2"
"Matthew777","1","1","2"
"matthewhood","1","1","2"
"Mattia_Barbe","1","1","2"
"MattiaZa9","1","1","2"
"Mattiwastag","1","1","2"
"mattko23","1","1","2"
"Mattlz","1","1","2"
"mattM0","1","1","2"
"mattmasa11","1","1","2"
"matto_barbiere","1","1","2"
"mattof","1","1","2"
"MattRobi04","1","1","2"
"Matune23","1","1","2"
"Matvei_Muravyev","1","1","2"
"MatveiOlejnik","1","1","2"
"Matvey_Dorokhov","1","1","2"
"Matvey_Kravchenko_MK","1","1","2"
"Matvey_Pankovich","1","1","2"
"MatveyDimitriev2023","1","1","2"
"MatveyJ12","1","1","2"
"MatVyugin","1","1","2"
"matwong02","1","1","2"
"matya2","1","1","2"
"MatyasKrystof","1","1","2"
"Matyi1210","1","1","2"
"Matys_79","1","1","2"
"Matze_K87","1","1","2"
"maufow","1","1","2"
"Maul3ana","1","1","2"
"Maurice004-sf_G","1","1","2"
"Mauricio020621","1","1","2"
"mauroicardi43","1","1","2"
"MauroPasko","1","1","2"
"mauropereira","1","1","2"
"MauroYusuf","1","1","2"
"mauruizm","1","1","2"
"Maurus-Schacharias","1","1","2"
"mausilein1","1","1","2"
"Mausuf_Muhtadi","1","1","2"
"Mautje666","1","1","2"
"MAVL23","1","1","2"
"mawarzd","1","1","2"
"MAwolf","1","1","2"
"Max_137","1","1","2"
"Max_1911","1","1","2"
"max_barri","1","1","2"
"max_euwee","1","1","2"
"Max_Kulikov","1","1","2"
"max_mudry","1","1","2"
"max_samhain","1","1","2"
"Max_Toloka15","1","1","2"
"Max-2023","1","1","2"
"Max-ago","1","1","2"
"Max-est-bonne","1","1","2"
"Max-M-OHES","1","1","2"
"Max00_Ch","1","1","2"
"Max010617","1","1","2"
"Maxchessmdq2022","1","1","2"
"maxescko","1","1","2"
"Maxi-Liber","1","1","2"
"maxi0401","1","1","2"
"maxi1829","1","1","2"
"Maxi1980","1","1","2"
"maxikaspasson","1","1","2"
"Maxim_Kovshov","1","1","2"
"Maxim_Koynov","1","1","2"
"Maxim_Shirshov92","1","1","2"
"Maxim_Shugai","1","1","2"
"Maxim-AS","1","1","2"
"Maxim142","1","1","2"
"Maxim196P","1","1","2"
"MaximGuryev","1","1","2"
"Maximilian23","1","1","2"
"Maximilian2468","1","1","2"
"Maximiliano100982","1","1","2"
"Maximiliano13137","1","1","2"
"MaximumEntropy","1","1","2"
"Maximus_1414","1","1","2"
"Maximus18480","1","1","2"
"MaximusPLS","1","1","2"
"maximust2002","1","1","2"
"MaximW","1","1","2"
"MaxiSum","1","1","2"
"maxiswagg","1","1","2"
"Maxius12","1","1","2"
"maxizhizn","1","1","2"
"maxjob","1","1","2"
"MaxLille","1","1","2"
"MaxMar57","1","1","2"
"maxoouu","1","1","2"
"Maxou2016","1","1","2"
"maxrev469","1","1","2"
"Maxs2015","1","1","2"
"MaxSHINGO","1","1","2"
"MaxsiBon","1","1","2"
"Maxsimber","1","1","2"
"maxsimpson14","1","1","2"
"Maxson896","1","1","2"
"Maxwell0318","1","1","2"
"Maxy-25","1","1","2"
"maxytelechea","1","1","2"
"Maya_dancer","1","1","2"
"Maya0513","1","1","2"
"Maya47","1","1","2"
"maycee0803","1","1","2"
"Maycrown","1","1","2"
"MayhemInTheSkyys","1","1","2"
"Mayhemus","1","1","2"
"mayker_jack","1","1","2"
"Maylin2002","1","1","2"
"mayomba","1","1","2"
"MayorChess3","1","1","2"
"maySSter","1","1","2"
"maytacamilo","1","1","2"
"mayukreddy","1","1","2"
"mayur1625","1","1","2"
"mayy2011","1","1","2"
"mazaj","1","1","2"
"mazakalala","1","1","2"
"mazen12ahmed","1","1","2"
"mazen1q","1","1","2"
"mazengamal11","1","1","2"
"MazenIssa","1","1","2"
"Mazenmohammed","1","1","2"
"Mazetas81","1","1","2"
"Mazouco","1","1","2"
"mazzichist","1","1","2"
"MB60","1","1","2"
"MBalaied","1","1","2"
"Mbappe2012","1","1","2"
"Mbarraicua","1","1","2"
"Mbellyss","1","1","2"
"mbelokon","1","1","2"
"mbfstkc","1","1","2"
"mbobinho","1","1","2"
"MBoikowa","1","1","2"
"mbolewar","1","1","2"
"Mboya478","1","1","2"
"mbrtnck","1","1","2"
"MC_KUDALINGLUNG","1","1","2"
"Mc-MartinSaFa","1","1","2"
"mcachess123","1","1","2"
"Mcapoo","1","1","2"
"MCChristoph","1","1","2"
"McDanil","1","1","2"
"mcflye4","1","1","2"
"McHugh","1","1","2"
"mcirce","1","1","2"
"MCK_05","1","1","2"
"mcmlevi","1","1","2"
"Mcpasasa","1","1","2"
"MCR1978","1","1","2"
"McTeapot","1","1","2"
"McTomSs","1","1","2"
"MCvoise04","1","1","2"
"mcwyn","1","1","2"
"Md_013","1","1","2"
"Md_asvar","1","1","2"
"MD-Hatim","1","1","2"
"MD1985","1","1","2"
"mdaly55","1","1","2"
"mdave1701","1","1","2"
"Mdkh9","1","1","2"
"MDN-2020","1","1","2"
"mdsalahuddin96496","1","1","2"
"mdsamimreza38","1","1","2"
"MdShaunahmed","1","1","2"
"mDucid","1","1","2"
"mdvjk","1","1","2"
"meatinspector","1","1","2"
"mecarl","1","1","2"
"mechupeme","1","1","2"
"meco1957","1","1","2"
"med_jaouad","1","1","2"
"Medan1985","1","1","2"
"Meddard","1","1","2"
"medeni74","1","1","2"
"Medghorbel","1","1","2"
"Medicbot","1","1","2"
"medikuss","1","1","2"
"Medingskie792180","1","1","2"
"medjohan","1","1","2"
"medkhatib","1","1","2"
"Medo123_4","1","1","2"
"medo36","1","1","2"
"Medokar","1","1","2"
"medooooooooooo","1","1","2"
"medosza","1","1","2"
"medusa_bocas","1","1","2"
"MedusaSteelCoasterXK","1","1","2"
"Meedel","1","1","2"
"Meeetchess","1","1","2"
"Meekagin","1","1","2"
"meesvlees","1","1","2"
"Meet007","1","1","2"
"meet11","1","1","2"
"meetmeatmars","1","1","2"
"meeyyer","1","1","2"
"Mefesarikaya","1","1","2"
"Mefeve","1","1","2"
"Megabad","1","1","2"
"MegaGrariden","1","1","2"
"megatron19","1","1","2"
"Megatrosha","1","1","2"
"megaukulele","1","1","2"
"megaz0rd","1","1","2"
"Megfigyelok","1","1","2"
"megha2311","1","1","2"
"megz666","1","1","2"
"Mehdi_Houli","1","1","2"
"Mehdi363636","1","1","2"
"mehdi6999","1","1","2"
"mehdiachmaz","1","1","2"
"mehdibrahimov","1","1","2"
"Mehemre23IV","1","1","2"
"MeherremCfrzd","1","1","2"
"Mehman019","1","1","2"
"Mehmet_Emir_Byk","1","1","2"
"mehmet_yagiz","1","1","2"
"Mehmet4848","1","1","2"
"mehmet50","1","1","2"
"mehmetalp2015","1","1","2"
"mehmetgo","1","1","2"
"mehmetozan5555","1","1","2"
"mehpreet_kaur","1","1","2"
"mehr95","1","1","2"
"mehran1327","1","1","2"
"Mehranchess94","1","1","2"
"mehranchessm","1","1","2"
"mehrcom90","1","1","2"
"mehrdad1200","1","1","2"
"mehrsammehrsam","1","1","2"
"Mehrzad3","1","1","2"
"Mehulmahajan22","1","1","2"
"meirgasen","1","1","2"
"Meirimbek_K","1","1","2"
"MEJA67","1","1","2"
"mejahi","1","1","2"
"Mekan01","1","1","2"
"MekaTurk","1","1","2"
"mekkiomar","1","1","2"
"mel_85","1","1","2"
"melad_abdo777","1","1","2"
"Melaking","1","1","2"
"melanchth0n","1","1","2"
"Melek_Erva","1","1","2"
"MELEKESS1","1","1","2"
"Melekmutlu25","1","1","2"
"MelgarFBC","1","1","2"
"meli-ka","1","1","2"
"melihsimsek","1","1","2"
"Melike_33","1","1","2"
"Melisbek1","1","1","2"
"melissadeamorimm","1","1","2"
"MelissaRichey","1","1","2"
"melli_dani_92","1","1","2"
"mellika79","1","1","2"
"MelnarNV","1","1","2"
"Meloman-Advenchure_5","1","1","2"
"melonheadman","1","1","2"
"Meloric","1","1","2"
"melville74","1","1","2"
"MelvinReniJohn5","1","1","2"
"MelvssXVII","1","1","2"
"Melymasseroni","1","1","2"
"Memel67","1","1","2"
"Memersy_2020","1","1","2"
"memet178","1","1","2"
"Memories_of_Murder","1","1","2"
"memoryleak","1","1","2"
"Men64","1","1","2"
"Menaaymen1","1","1","2"
"menamelad","1","1","2"
"menchies5905","1","1","2"
"MendivilF2","1","1","2"
"Menetti","1","1","2"
"mensab","1","1","2"
"mensal","1","1","2"
"MentalAbility","1","1","2"
"mentur5","1","1","2"
"meonmephone","1","1","2"
"MEPchess","1","1","2"
"Mephisto82","1","1","2"
"meraj0072","1","1","2"
"MercyChris","1","1","2"
"MERDAN85","1","1","2"
"MerelyDuckard","1","1","2"
"Meretgeldi","1","1","2"
"Mergen98","1","1","2"
"Meriadon","1","1","2"
"MERL_the_great","1","1","2"
"merle1","1","1","2"
"Merlin94","1","1","2"
"Merloc20","1","1","2"
"merouanes","1","1","2"
"MERSIN94","1","1","2"
"mert_ozcan54","1","1","2"
"mertdprm","1","1","2"
"Mertemir2015","1","1","2"
"Mertkent16","1","1","2"
"mertygt","1","1","2"
"MeryCamarenaBaldeon","1","1","2"
"Meryem1C","1","1","2"
"Meryemeslem","1","1","2"
"merzer7","1","1","2"
"mesakin57","1","1","2"
"mesalamany","1","1","2"
"meshel66","1","1","2"
"Mesimov_Orxan_999","1","1","2"
"Meson1220","1","1","2"
"messi-recargado","1","1","2"
"messi10barcelona","1","1","2"
"messi767","1","1","2"
"messigoatt10","1","1","2"
"messiisthegoat","1","1","2"
"messinhomoraes","1","1","2"
"Messisona","1","1","2"
"messitherealgoat","1","1","2"
"messykabas","1","1","2"
"mestradajr879","1","1","2"
"MestreMao","1","1","2"
"MesutBaqa","1","1","2"
"Metafizik253","1","1","2"
"Metalchessitaly2008","1","1","2"
"metalkender","1","1","2"
"MetatronChess","1","1","2"
"metef","1","1","2"
"metehansogut","1","1","2"
"metepro07","1","1","2"
"methodsonmodo","1","1","2"
"METHUNIMA123","1","1","2"
"Metin026","1","1","2"
"metin51","1","1","2"
"Metodkarmy","1","1","2"
"metospam","1","1","2"
"metti1","1","1","2"
"metuannam","1","1","2"
"MEV141220","1","1","2"
"mevo4242","1","1","2"
"MewTwo6446","1","1","2"
"meximaweikere","1","1","2"
"Mey83078","1","1","2"
"Meyyemrumis_1","1","1","2"
"MezgaAladar","1","1","2"
"MEZIADI-OTMANE","1","1","2"
"MEZZINE","1","1","2"
"mf1l2","1","1","2"
"mf3o4jnf","1","1","2"
"Mfana9","1","1","2"
"mfar1984","1","1","2"
"mfe25","1","1","2"
"mfeed-1","1","1","2"
"mfeeney88","1","1","2"
"mfitachiuchiha","1","1","2"
"MFrhnUcr","1","1","2"
"MG02","1","1","2"
"mg3461","1","1","2"
"mgadirov0","1","1","2"
"mgalib","1","1","2"
"mgc21mgc","1","1","2"
"MGekko","1","1","2"
"mgelbtuch","1","1","2"
"mgh1755","1","1","2"
"MgmP01","1","1","2"
"mgochov","1","1","2"
"MGodhouse","1","1","2"
"MGTok_King8","1","1","2"
"mh_lights","1","1","2"
"MH2022Rock","1","1","2"
"Mhabmc","1","1","2"
"mharju","1","1","2"
"mhbastam","1","1","2"
"mhc_chess","1","1","2"
"MHDKhairBesmar","1","1","2"
"Mhdslm","1","1","2"
"mhmarzouk5","1","1","2"
"mhmdfadlallah","1","1","2"
"Mhmdltfy123","1","1","2"
"mhmmdrt33","1","1","2"
"mhmtgl20","1","1","2"
"Mhmuss99","1","1","2"
"mhosseina","1","1","2"
"mhrdad","1","1","2"
"mhsc1453","1","1","2"
"MHT_MHT","1","1","2"
"mhtrader","1","1","2"
"miabododogan","1","1","2"
"miamelano25","1","1","2"
"miamivicemami390","1","1","2"
"Miba86","1","1","2"
"Micahnashslik","1","1","2"
"michael_kazan-07","1","1","2"
"Michael_Larrosa","1","1","2"
"Michael_Ryb","1","1","2"
"Michael_Schneider","1","1","2"
"michael_sv","1","1","2"
"Michael2894","1","1","2"
"michaela38","1","1","2"
"MichaelBelsky","1","1","2"
"MichaelCapone","1","1","2"
"michaelchonq","1","1","2"
"michaelfady131","1","1","2"
"Michaeljackson23","1","1","2"
"MichaelLamontagne","1","1","2"
"Michaelscofield1282","1","1","2"
"MichaelWer123","1","1","2"
"MichaelWiegand","1","1","2"
"michailklimenko","1","1","2"
"MichailoHiopse","1","1","2"
"michalebedev2010","1","1","2"
"michaljastrzab","1","1","2"
"Michalowskipg","1","1","2"
"michaltok","1","1","2"
"Michan18","1","1","2"
"michaton","1","1","2"
"MicheleDiCesare","1","1","2"
"Michess22","1","1","2"
"michi72","1","1","2"
"Michps","1","1","2"
"mick416060","1","1","2"
"Mickey_0","1","1","2"
"Mickey86370","1","1","2"
"micky29042015","1","1","2"
"MiCru13","1","1","2"
"micste","1","1","2"
"mid_7dd","1","1","2"
"Midjasz","1","1","2"
"midou45r","1","1","2"
"Mierxy11","1","1","2"
"miesnieks1985","1","1","2"
"mieteksi","1","1","2"
"Miew4chess","1","1","2"
"MIFIC","1","1","2"
"MigachevIvan","1","1","2"
"migalin","1","1","2"
"mige2","1","1","2"
"Mighhty_Thor","1","1","2"
"MigLir","1","1","2"
"Miglo53","1","1","2"
"Migo1984","1","1","2"
"Migue26-6","1","1","2"
"Miguel_fc","1","1","2"
"Miguel-Pelaez","1","1","2"
"Miguel111222","1","1","2"
"MiguelAngel2024","1","1","2"
"MiguelAquino","1","1","2"
"miguelelectricidad","1","1","2"
"miguelfpaucara","1","1","2"
"miguelfv","1","1","2"
"miguelgb01","1","1","2"
"MiguelMiladelaRoca","1","1","2"
"MiguelOliveiira","1","1","2"
"MIGUELPAUCARS","1","1","2"
"MiguelThomaz","1","1","2"
"Mihail_x-trail","1","1","2"
"mihail1980asd","1","1","2"
"Mihailfischer","1","1","2"
"MihailKlimenko2015","1","1","2"
"Mihajlo201212","1","1","2"
"mihalych333","1","1","2"
"mihhail","1","1","2"
"mihikashinde","1","1","2"
"mihirpatkar","1","1","2"
"mihirsgadgil","1","1","2"
"MIHNEAANITEI","1","1","2"
"MihuVoinicu","1","1","2"
"MikaBabac61","1","1","2"
"mikaelblkv","1","1","2"
"mikapenaherrerab17","1","1","2"
"Mikatschu","1","1","2"
"mike_132","1","1","2"
"Mike_Dob","1","1","2"
"Mike_lekras","1","1","2"
"Mike_s7","1","1","2"
"Mike-blr","1","1","2"
"Mike005","1","1","2"
"mike13634542","1","1","2"
"Mike2108","1","1","2"
"Mike342","1","1","2"
"Mikecoin","1","1","2"
"mikedevito","1","1","2"
"mikeflute","1","1","2"
"mikegruen","1","1","2"
"MikeJ1957","1","1","2"
"mikejabez","1","1","2"
"MikeMc_1018Master","1","1","2"
"mikeroit","1","1","2"
"MikeRus","1","1","2"
"MikeUZ","1","1","2"
"mikeypants","1","1","2"
"MikeySpikey","1","1","2"
"mikhafox","1","1","2"
"mikhail_tal89","1","1","2"
"Mikhail1208","1","1","2"
"mikhail3451","1","1","2"
"Mikhail4","1","1","2"
"Mikhail444","1","1","2"
"Mikhail61","1","1","2"
"MikhailK2011","1","1","2"
"MikhailMadhav","1","1","2"
"MikhailUchiha11","1","1","2"
"Miki03","1","1","2"
"miki997","1","1","2"
"MikiBatt","1","1","2"
"Mikidknoeu","1","1","2"
"mikijvc99","1","1","2"
"Mikiki03","1","1","2"
"Mikiroch","1","1","2"
"Mikis1984","1","1","2"
"mikky0007","1","1","2"
"Mikowitz92","1","1","2"
"MikRaia","1","1","2"
"Mikxei_Priaqko","1","1","2"
"Mikxxx","1","1","2"
"MILA063","1","1","2"
"milabach","1","1","2"
"milad_alkhamis","1","1","2"
"Milad_Hacking","1","1","2"
"miladaryaa","1","1","2"
"miladyousefi21","1","1","2"
"Milalex8","1","1","2"
"milan_dbr","1","1","2"
"milan8181","1","1","2"
"Milana1212","1","1","2"
"milankarr","1","1","2"
"MILANMATEO_2014","1","1","2"
"milena890","1","1","2"
"milenn","1","1","2"
"MilePile","1","1","2"
"Mileurillos_rl","1","1","2"
"Milisav22","1","1","2"
"milkaoreo","1","1","2"
"MILKOOLONG","1","1","2"
"MilkyWay050419","1","1","2"
"milmil2","1","1","2"
"Milner977","1","1","2"
"Milo_2016","1","1","2"
"miloin","1","1","2"
"Milos25032016","1","1","2"
"Milosz201425","1","1","2"
"MiloszMak","1","1","2"
"Milston17","1","1","2"
"mimarsinaxis","1","1","2"
"mimino_27","1","1","2"
"Mimmo22","1","1","2"
"mimohajer","1","1","2"
"MimYara","1","1","2"
"Mina_Adel88","1","1","2"
"Mina_Ayman12","1","1","2"
"Mina_Ghaly","1","1","2"
"mina909072","1","1","2"
"minaa_attack","1","1","2"
"Minaya1114","1","1","2"
"MIND_MASTER_99","1","1","2"
"Minecraftado","1","1","2"
"miner06","1","1","2"
"minerva139","1","1","2"
"Minervus","1","1","2"
"Minesweeper007","1","1","2"
"mingi213","1","1","2"
"MINGRELIE","1","1","2"
"mingyupogi","1","1","2"
"Minh_Hai_2011","1","1","2"
"Minh_Khang_17","1","1","2"
"Minhhuy2015","1","1","2"
"minhkhoitq","1","1","2"
"MinhTri_6_10_2015","1","1","2"
"Minhtri2016","1","1","2"
"MinikaWildflower","1","1","2"
"MiniKon137","1","1","2"
"Minimairimou","1","1","2"
"Minimosinius","1","1","2"
"minimumjake","1","1","2"
"minioneempoderade","1","1","2"
"Minister4mayhem","1","1","2"
"minkowski","1","1","2"
"minniemouse4","1","1","2"
"Mino777","1","1","2"
"minolim","1","1","2"
"minorshik","1","1","2"
"minotauro79","1","1","2"
"Minotaurus35","1","1","2"
"Mintaitus","1","1","2"
"miou","1","1","2"
"miqo15","1","1","2"
"MiQueen","1","1","2"
"Mirabollenco","1","1","2"
"MiracI","1","1","2"
"Miraculix65","1","1","2"
"miralinka","1","1","2"
"mirayadapolat16","1","1","2"
"Mirbekxard","1","1","2"
"mirchess29","1","1","2"
"mircle2","1","1","2"
"mireknow","1","1","2"
"mirket07","1","1","2"
"Mirkonos","1","1","2"
"mirkrdy","1","1","2"
"Mirlen","1","1","2"
"Mirmanov","1","1","2"
"Mirmidon07","1","1","2"
"Miron_Tuskaev_1","1","1","2"
"MironenkoEvgen","1","1","2"
"MironParsh","1","1","2"
"Miroslav_Sokolenko08","1","1","2"
"Miroslav123s","1","1","2"
"MiroslavClose","1","1","2"
"MiroslavKs","1","1","2"
"miroslavovna","1","1","2"
"Mirri14schaken","1","1","2"
"Mirshod_Roziboyev","1","1","2"
"Mirsik","1","1","2"
"Miru26","1","1","2"
"MiRuR","1","1","2"
"mirza_adwit","1","1","2"
"Mirzafor","1","1","2"
"mirzapoor1349","1","1","2"
"Mirzo1985","1","1","2"
"Mirzy1990","1","1","2"
"misa011","1","1","2"
"Misdar","1","1","2"
"Misha_Afanasev","1","1","2"
"Misha_Pro_59","1","1","2"
"misha_serhienko","1","1","2"
"Misha1108","1","1","2"
"Misha12065","1","1","2"
"Misha15555","1","1","2"
"Misha2428","1","1","2"
"MishadBear","1","1","2"
"MishaDik14","1","1","2"
"MishaKash","1","1","2"
"mishapolidpapachka2","1","1","2"
"MishinBoris","1","1","2"
"Mishisaurio","1","1","2"
"mishka1991","1","1","2"
"MishraMiracle","1","1","2"
"MishVerpovskii","1","1","2"
"Misoswittsc","1","1","2"
"miss_centaurea","1","1","2"
"Mister_Sergio","1","1","2"
"mister1980","1","1","2"
"mistermixelplix","1","1","2"
"mistirAliy","1","1","2"
"Misualpa","1","1","2"
"Mitch29","1","1","2"
"MITCHZY","1","1","2"
"MitheilDiwari_2014","1","1","2"
"MithraMurugan","1","1","2"
"mithrang","1","1","2"
"MithranSid2016","1","1","2"
"Mithula28","1","1","2"
"Mitia13","1","1","2"
"Mitroshin","1","1","2"
"Mitt_Rau","1","1","2"
"Mittens-v420","1","1","2"
"Mitya_GAU","1","1","2"
"Mitya_Klimashev","1","1","2"
"mivch","1","1","2"
"MixaEl01071921","1","1","2"
"MIXAIL-36","1","1","2"
"MixailDem","1","1","2"
"Mixo_XL","1","1","2"
"Mixomycetes","1","1","2"
"mixru52","1","1","2"
"MiY31","1","1","2"
"MizzacNYC","1","1","2"
"MJA2004","1","1","2"
"Mjalbi","1","1","2"
"Mjarbi","1","1","2"
"Mjarlies","1","1","2"
"mjarrell","1","1","2"
"MJayyy","1","1","2"
"mjf1287","1","1","2"
"MJMutisya","1","1","2"
"Mjolner","1","1","2"
"mjolnir1789","1","1","2"
"MK_06","1","1","2"
"MK_GABI2","1","1","2"
"mkaabi10","1","1","2"
"mkabhinav","1","1","2"
"mkhabrai","1","1","2"
"mkiena","1","1","2"
"mkkazemi","1","1","2"
"MKleev","1","1","2"
"mkotsollaris","1","1","2"
"MKT1976","1","1","2"
"mktanjiro05","1","1","2"
"mkueppers","1","1","2"
"Mkyadav","1","1","2"
"mkz11","1","1","2"
"mladesr253r","1","1","2"
"mlev59","1","1","2"
"mllody992","1","1","2"
"mlms535","1","1","2"
"mlody_modric420","1","1","2"
"mlodydzik","1","1","2"
"mlu2012","1","1","2"
"MLuisManuel","1","1","2"
"MM_Zarei","1","1","2"
"mm1717","1","1","2"
"MMA1993","1","1","2"
"mmadhu20001","1","1","2"
"MmaH","1","1","2"
"mmanorpeleg","1","1","2"
"mmcc1","1","1","2"
"mmdzzwdp","1","1","2"
"mmeasumm","1","1","2"
"mmerc5","1","1","2"
"MMgiggle","1","1","2"
"MMin2012","1","1","2"
"mmm123789","1","1","2"
"mmmfood","1","1","2"
"mmmm79888","1","1","2"
"MMMXXXMMM","1","1","2"
"MMpasandide","1","1","2"
"mmrsurya8","1","1","2"
"mmskir","1","1","2"
"mmyui28","1","1","2"
"MN-jprickardoSalazar","1","1","2"
"Mnabi","1","1","2"
"mnatsik","1","1","2"
"mnejadebrahim","1","1","2"
"mniejgraj","1","1","2"
"mnsaliou","1","1","2"
"MO_ODX","1","1","2"
"mo24444","1","1","2"
"Mo2999","1","1","2"
"mo33_88","1","1","2"
"moa72","1","1","2"
"moaeen","1","1","2"
"MoAlshaka","1","1","2"
"Moana0706","1","1","2"
"moataz397","1","1","2"
"moatazahmed9090","1","1","2"
"Moaz_km","1","1","2"
"mobilemrxjn","1","1","2"
"Mobin13902590","1","1","2"
"mobinfm","1","1","2"
"Mocarz_121114","1","1","2"
"MockLishessUser","1","1","2"
"modaralhsyn","1","1","2"
"Modeste1","1","1","2"
"ModeUchiha13","1","1","2"
"Modezen57","1","1","2"
"modplayer","1","1","2"
"mody31","1","1","2"
"Moe0031","1","1","2"
"moein92","1","1","2"
"moeinfth","1","1","2"
"mogoji16","1","1","2"
"Moh_jam_2007","1","1","2"
"moh_saleh97","1","1","2"
"Moh0145","1","1","2"
"Moh06","1","1","2"
"moh084","1","1","2"
"Moh23moh","1","1","2"
"mohab_mohammed2006","1","1","2"
"Mohabbb","1","1","2"
"mohachr","1","1","2"
"mohackk","1","1","2"
"Mohadb","1","1","2"
"Mohajeer","1","1","2"
"Mohamad_Reza7","1","1","2"
"mohamad-al-mahmoud","1","1","2"
"mohamad010","1","1","2"
"Mohamad06","1","1","2"
"Mohamad1174","1","1","2"
"Mohamad7Aldaher","1","1","2"
"mohamadhz313","1","1","2"
"mohamadip","1","1","2"
"MohamadkhF5","1","1","2"
"mohamadreza1395","1","1","2"
"mohamd29","1","1","2"
"mohamdreza85","1","1","2"
"mohamed_1122","1","1","2"
"mohamed_211","1","1","2"
"Mohamed_kamal_zaki66","1","1","2"
"mohamed-abdelhamed","1","1","2"
"mohamed-HM","1","1","2"
"mohamed-sadkaoui99","1","1","2"
"mohamed-tarek1","1","1","2"
"mohamed000999","1","1","2"
"Mohamed002m","1","1","2"
"mohamed12124748","1","1","2"
"mohamed2009","1","1","2"
"Mohamed2222223","1","1","2"
"Mohamed223344","1","1","2"
"Mohamed29H","1","1","2"
"mohamed3wad","1","1","2"
"mohamed5804","1","1","2"
"mohamedadel6538","1","1","2"
"MohamedAGhaidi","1","1","2"
"MoHaMedAli54","1","1","2"
"MohamedArabi2001","1","1","2"
"MohamedBogdady12","1","1","2"
"MohamedEllban","1","1","2"
"mohamedfaragg","1","1","2"
"mohamedfofana01","1","1","2"
"mohamedgamalsoliman","1","1","2"
"Mohamedhanyy","1","1","2"
"mohamedibnkamelsaid","1","1","2"
"MohamedMoatamed","1","1","2"
"Mohamedof09","1","1","2"
"Mohamedogloh","1","1","2"
"MohamedRekik","1","1","2"
"mohamedyounis11","1","1","2"
"mohammad_a","1","1","2"
"Mohammad_Eimer","1","1","2"
"mohammad_jazlanian","1","1","2"
"mohammad_taha95","1","1","2"
"Mohammad-amin-esk","1","1","2"
"mohammad099","1","1","2"
"Mohammad13511351","1","1","2"
"MOHAMMAD1980A","1","1","2"
"mohammad32","1","1","2"
"mohammadali1607","1","1","2"
"MohammadB2022","1","1","2"
"mohammadbadihi1","1","1","2"
"mohammadbehroouz","1","1","2"
"mohammadG56","1","1","2"
"mohammadghiasieamir","1","1","2"
"Mohammadhosen","1","1","2"
"mohammadhosenabai","1","1","2"
"Mohammadkhaldoun","1","1","2"
"mohammadmahdifadakar","1","1","2"
"mohammadmatni","1","1","2"
"mohammadmoeenmobiny","1","1","2"
"MohammadRe7za","1","1","2"
"mohammadrezahejrani2","1","1","2"
"mohammadtaha1395","1","1","2"
"mohammady3","1","1","2"
"mohammdalkhb","1","1","2"
"Mohammed_Elgzzar77","1","1","2"
"mohammed-jabaly","1","1","2"
"mohammed11062001","1","1","2"
"Mohammed929211","1","1","2"
"MohammedAshor125","1","1","2"
"Mohammedfarzaneh","1","1","2"
"Mohan2020wq1","1","1","2"
"mohanadhassan2004","1","1","2"
"Mohand-Ali","1","1","2"
"Mohaned_zr","1","1","2"
"Mohaned12","1","1","2"
"Mohanpagadala","1","1","2"
"mohanrathode","1","1","2"
"mohantaj","1","1","2"
"mohauza","1","1","2"
"mohbabi","1","1","2"
"mohdwasim8086","1","1","2"
"Mohit_Gupta_1","1","1","2"
"Mohit0700","1","1","2"
"Mohit2918","1","1","2"
"mohitha2018","1","1","2"
"Mohmedshata","1","1","2"
"mohmt","1","1","2"
"mohsen_ghorbiany","1","1","2"
"mohsen02","1","1","2"
"mohsen1985iran","1","1","2"
"mohsenaboutorabi","1","1","2"
"MohsenRouf","1","1","2"
"Mohsin_Shahwani","1","1","2"
"MohsinTheTactician","1","1","2"
"Mohssine_Ben","1","1","2"
"moidesko","1","1","2"
"Moisxs","1","1","2"
"mojib79","1","1","2"
"mojmiki1","1","1","2"
"mojmirv","1","1","2"
"MoJo_155","1","1","2"
"mojtabatabrizi","1","1","2"
"mokesa","1","1","2"
"mokhtar23","1","1","2"
"mokkun_mokumoku","1","1","2"
"MOKONE15","1","1","2"
"mokord","1","1","2"
"molebedi","1","1","2"
"MolodoyChemodan","1","1","2"
"molowtovo","1","1","2"
"Molten0_7","1","1","2"
"Molv03","1","1","2"
"Momar111","1","1","2"
"momboco","1","1","2"
"Momeeen","1","1","2"
"Momen_628","1","1","2"
"Momo_san","1","1","2"
"Momolalagee","1","1","2"
"MON_3","1","1","2"
"MonA_moZafaryPoor","1","1","2"
"monal123_attack","1","1","2"
"MonaTareq","1","1","2"
"mondayleftmebroken09","1","1","2"
"moneshsg15","1","1","2"
"money4jt7755","1","1","2"
"moneybuys","1","1","2"
"Mongezi","1","1","2"
"monia07","1","1","2"
"Monis123","1","1","2"
"monishbabbar","1","1","2"
"monitoloko_pucela","1","1","2"
"Monjed_omair","1","1","2"
"monkeeloose","1","1","2"
"monkey_sun","1","1","2"
"monkeydluffy00","1","1","2"
"monKeyMind333","1","1","2"
"Monkychess","1","1","2"
"monok0","1","1","2"
"monomak","1","1","2"
"monsi2","1","1","2"
"Monsieur_D","1","1","2"
"MONSKY123","1","1","2"
"monster7279","1","1","2"
"MONSTERR19","1","1","2"
"MontadherN","1","1","2"
"montaignescat","1","1","2"
"montanamagica","1","1","2"
"montassarK","1","1","2"
"Montato","1","1","2"
"Monte_Cristo_ue","1","1","2"
"monteiro15","1","1","2"
"Montero_12","1","1","2"
"montifaster","1","1","2"
"MONTREAL94","1","1","2"
"montytpp","1","1","2"
"monum459","1","1","2"
"Monyassa","1","1","2"
"Mood4You","1","1","2"
"moody615","1","1","2"
"Mooker","1","1","2"
"Moonglaives","1","1","2"
"MOONIE7788","1","1","2"
"MOONIRONNN","1","1","2"
"Moonlight123ss","1","1","2"
"Moonlight9531","1","1","2"
"Moonshoos","1","1","2"
"Moonstarhope","1","1","2"
"Moqtadadarka","1","1","2"
"moradahmad","1","1","2"
"morales1975","1","1","2"
"mordab777","1","1","2"
"Mordecai69","1","1","2"
"More-work-to-do","1","1","2"
"morelense","1","1","2"
"moreno_garry04","1","1","2"
"moreplaymorelearn","1","1","2"
"Morga99","1","1","2"
"morgan_pokemon","1","1","2"
"morgan047","1","1","2"
"morgate56","1","1","2"
"MORGONx","1","1","2"
"morgym","1","1","2"
"mori1983","1","1","2"
"Moriarty_420","1","1","2"
"Moriarty_dm","1","1","2"
"Moriarty333","1","1","2"
"moriarty7332","1","1","2"
"Morkowka","1","1","2"
"MorMagic","1","1","2"
"moroumenos","1","1","2"
"morowsyan","1","1","2"
"Morozkov002","1","1","2"
"MorozovIA","1","1","2"
"Morphee79","1","1","2"
"Morphine146","1","1","2"
"morphxantte","1","1","2"
"Morphydisciple","1","1","2"
"Morphylidor","1","1","2"
"morphyms1817","1","1","2"
"MorteM45","1","1","2"
"morteza5987","1","1","2"
"mortislows","1","1","2"
"morybay","1","1","2"
"Mosab90p","1","1","2"
"mosale7","1","1","2"
"moseleybc","1","1","2"
"Moshmo","1","1","2"
"mosi79","1","1","2"
"Most-Zag_lol123","1","1","2"
"Mostafa_Kamal","1","1","2"
"mostafa1552","1","1","2"
"mostafadp","1","1","2"
"mostafaelsayed11","1","1","2"
"mostafahiva1400","1","1","2"
"mostafasharifan","1","1","2"
"Mostafayounis111","1","1","2"
"MostafaZaian","1","1","2"
"mostafv_khvled1","1","1","2"
"MostlyGambits","1","1","2"
"MosyMaster","1","1","2"
"MoTha16","1","1","2"
"Mothers_Melk","1","1","2"
"MotMut","1","1","2"
"motugansk","1","1","2"
"Motya777","1","1","2"
"Mouatazba","1","1","2"
"moukz","1","1","2"
"Mouli1505","1","1","2"
"mounaim88","1","1","2"
"moundhertito","1","1","2"
"Mouner48","1","1","2"
"mounir95","1","1","2"
"Mousstie00","1","1","2"
"MoustafaDabah","1","1","2"
"MOVEQUIK","1","1","2"
"mowelayeh","1","1","2"
"Moya1975","1","1","2"
"moyaman","1","1","2"
"Mozyr_man","1","1","2"
"MOZZ","1","1","2"
"MP_chess_King","1","1","2"
"mparsaa","1","1","2"
"mpass1998","1","1","2"
"Mpatel","1","1","2"
"mpawel5","1","1","2"
"mpepe12","1","1","2"
"mpetty9991","1","1","2"
"MpHeyne","1","1","2"
"mpmanicena","1","1","2"
"Mpos12","1","1","2"
"mpour","1","1","2"
"mpqlt","1","1","2"
"mpsk","1","1","2"
"Mpundu1","1","1","2"
"mpustylnik2021","1","1","2"
"mqaldin","1","1","2"
"MQVPAVON","1","1","2"
"mr_7so","1","1","2"
"Mr_Adam1","1","1","2"
"Mr_Becket","1","1","2"
"mr_brachioradialis","1","1","2"
"Mr_Green23","1","1","2"
"mr_hyonenet","1","1","2"
"Mr_Improvise","1","1","2"
"Mr_K286","1","1","2"
"Mr_Links","1","1","2"
"Mr_Mashao","1","1","2"
"mr_muminun","1","1","2"
"Mr_Not_So_Great","1","1","2"
"Mr_Pino","1","1","2"
"mr_pronka","1","1","2"
"Mr_Sledzik_12","1","1","2"
"Mr_Vovikpro","1","1","2"
"mr_waits","1","1","2"
"MR_WUDI","1","1","2"
"Mr_Yurkin","1","1","2"
"Mr-Jerry","1","1","2"
"Mr-mal-white","1","1","2"
"Mr-Mojooo","1","1","2"
"Mr-motaz","1","1","2"
"Mr-Sandy","1","1","2"
"Mr0Beast","1","1","2"
"MR0jas","1","1","2"
"MRA_PY","1","1","2"
"mrAa316","1","1","2"
"mradhikari","1","1","2"
"mrakrut","1","1","2"
"MrAktas","1","1","2"
"mrarequipa","1","1","2"
"Mrasrap0","1","1","2"
"MrAustriaHungria","1","1","2"
"Mrb1496","1","1","2"
"mrb7126","1","1","2"
"Mrblackhole","1","1","2"
"MrBlunder34","1","1","2"
"MrBlunderer76","1","1","2"
"mrBohrio98","1","1","2"
"MrBoyd","1","1","2"
"MRC1805","1","1","2"
"mrc74","1","1","2"
"MrCelikLeon","1","1","2"
"MrChambers","1","1","2"
"MrCharles314","1","1","2"
"MrChedo","1","1","2"
"MrCheMorales","1","1","2"
"MrComboBreaker","1","1","2"
"mrdino019","1","1","2"
"mreci","1","1","2"
"MrElPepe","1","1","2"
"MrErickson","1","1","2"
"mrfr0g","1","1","2"
"MrGarry12","1","1","2"
"MrGhazi34","1","1","2"
"mrgreeen101","1","1","2"
"MrGreenerz","1","1","2"
"MrGrumpy01","1","1","2"
"MrHuggy","1","1","2"
"mridang","1","1","2"
"MRIDULAMONKEY","1","1","2"
"MrJimJey","1","1","2"
"MrJoshua126","1","1","2"
"mrjuanjo123","1","1","2"
"MrKaiNeedGF","1","1","2"
"MrKennyMc","1","1","2"
"MrLopezMLMS","1","1","2"
"MrLuke04","1","1","2"
"MrMasterChessBadGuy","1","1","2"
"mrmindgames","1","1","2"
"MrMY5T3RY","1","1","2"
"mronda","1","1","2"
"MrP1963","1","1","2"
"mrp811663","1","1","2"
"MrPoGlamrock","1","1","2"
"MrPompous","1","1","2"
"MrPopToothlessTiger3","1","1","2"
"mrpotatobobx","1","1","2"
"MrResetti","1","1","2"
"MrRobotPro","1","1","2"
"mrRUSSIAwin","1","1","2"
"MrSABANCI","1","1","2"
"MrSahilsmasher","1","1","2"
"MrsBeethoven","1","1","2"
"mrshow8","1","1","2"
"mrsp1357","1","1","2"
"MrStick2","1","1","2"
"mrsummers619","1","1","2"
"MrTakeshi","1","1","2"
"Mrtiniano","1","1","2"
"mrtonuedy","1","1","2"
"MrTylerMedia","1","1","2"
"MrZhao","1","1","2"
"Ms_Byterbrod228","1","1","2"
"ms000001","1","1","2"
"msaid02","1","1","2"
"MSaihu","1","1","2"
"MSalinas","1","1","2"
"MSAYER","1","1","2"
"mschoewe","1","1","2"
"MSconcept","1","1","2"
"msconfig101","1","1","2"
"Msg2Harsha2k14","1","1","2"
"mshafique45","1","1","2"
"mshahedi83","1","1","2"
"mshary11111","1","1","2"
"Mshelia","1","1","2"
"MSierraN92","1","1","2"
"Msing","1","1","2"
"Msk_22","1","1","2"
"mskvorc","1","1","2"
"mslabee","1","1","2"
"msn_210","1","1","2"
"MSOLIJR","1","1","2"
"Msona2013","1","1","2"
"msrijith","1","1","2"
"MStaykin","1","1","2"
"mstsyn","1","1","2"
"MSZ2","1","1","2"
"mt600","1","1","2"
"mtabollen","1","1","2"
"MTAHA40000","1","1","2"
"mTamar","1","1","2"
"mtchiriac","1","1","2"
"Mthokozisi_Magagula","1","1","2"
"Mtl09","1","1","2"
"MTNHMR","1","1","2"
"mtobacco","1","1","2"
"MTortue","1","1","2"
"mtrnc","1","1","2"
"MTWahid","1","1","2"
"muadrahmanm","1","1","2"
"MuayadAz","1","1","2"
"MuayThai_or_Lethwey","1","1","2"
"muaz37","1","1","2"
"muba_o","1","1","2"
"MubiruGrace_Mchickzo","1","1","2"
"muca3242","1","1","2"
"Muchito13","1","1","2"
"muchosol","1","1","2"
"mucoaaa","1","1","2"
"mucoinan","1","1","2"
"mudar12","1","1","2"
"mudhaaa","1","1","2"
"MUDIT2105","1","1","2"
"Muehle78","1","1","2"
"mufasa1616","1","1","2"
"mufiks","1","1","2"
"Mugiwara25","1","1","2"
"muhamadAkil","1","1","2"
"Muhammad149797","1","1","2"
"Muhammad188669","1","1","2"
"Muhammad55","1","1","2"
"Muhammarjon","1","1","2"
"muhammed_shinas","1","1","2"
"Muhammed2013f23","1","1","2"
"Muhammed843","1","1","2"
"Muhammedemin_5428","1","1","2"
"muhammedhafez45","1","1","2"
"muhammedmedhat","1","1","2"
"muhammedtalha1200","1","1","2"
"muhanda77","1","1","2"
"muharrem54","1","1","2"
"Muhci","1","1","2"
"muhemadfarooh","1","1","2"
"MuhQ1","1","1","2"
"Muhtady_Tajwar14","1","1","2"
"muhtarchess90","1","1","2"
"Muhutdinov13","1","1","2"
"muiga01","1","1","2"
"MUiNtheCHamp","1","1","2"
"muitonoob360","1","1","2"
"Mujibaiman","1","1","2"
"Mujikt","1","1","2"
"mujtabaa93","1","1","2"
"MukeshMak","1","1","2"
"Mukhin_Anton","1","1","2"
"Mukli79","1","1","2"
"mukuba","1","1","2"
"MukulKhamayacha","1","1","2"
"mukundkhetan","1","1","2"
"mulemwa","1","1","2"
"muler_r","1","1","2"
"Mulkow","1","1","2"
"Multi_Donat","1","1","2"
"Mumulabelle08","1","1","2"
"Muncettin","1","1","2"
"mundomomento","1","1","2"
"munipallyboy","1","1","2"
"MunirajaD","1","1","2"
"Munisxon","1","1","2"
"Munnez","1","1","2"
"muntadher19","1","1","2"
"Muonpion","1","1","2"
"Mupp3t","1","1","2"
"Muradan","1","1","2"
"muradkhudiev","1","1","2"
"MuradMaster","1","1","2"
"muraillon","1","1","2"
"Murarivenkatesh","1","1","2"
"murat_ozturk1980","1","1","2"
"Murat332568","1","1","2"
"murat3934","1","1","2"
"MuratUygar","1","1","2"
"MuravievTikhon","1","1","2"
"Muravoy","1","1","2"
"MurderOverTheBoard","1","1","2"
"murko0XD","1","1","2"
"murmon","1","1","2"
"muro_ibrahim","1","1","2"
"Murphy_the_Irish_red","1","1","2"
"murzyniasty","1","1","2"
"musab-ismail","1","1","2"
"Musatkin","1","1","2"
"musavi_m20","1","1","2"
"muse48","1","1","2"
"Musharukwa","1","1","2"
"MusicJunky","1","1","2"
"muskanverma","1","1","2"
"MUssA_10","1","1","2"
"Mustafa_Ediz_Sipahi5","1","1","2"
"mustafa_m98","1","1","2"
"mustafa_siddiq","1","1","2"
"Mustafa-Abboud","1","1","2"
"Mustafa090","1","1","2"
"Mustafa1011Khaled","1","1","2"
"Mustafa16murat","1","1","2"
"mustafa5310","1","1","2"
"Mustafaeren2016","1","1","2"
"mustafauzun","1","1","2"
"MuStAnG_1016","1","1","2"
"mutarmut","1","1","2"
"mutevelli","1","1","2"
"Muthukumar79","1","1","2"
"Muxa1991","1","1","2"
"muxamadsa1d","1","1","2"
"muxammed2","1","1","2"
"muyagresivosimedejan","1","1","2"
"muzaffar98","1","1","2"
"MV_1408000","1","1","2"
"Mvardhan","1","1","2"
"mveniger","1","1","2"
"mvndvsic","1","1","2"
"MW947","1","1","2"
"MWANGI77","1","1","2"
"mwasephiri","1","1","2"
"mwombe","1","1","2"
"mxedvari","1","1","2"
"MxmLzrv1975","1","1","2"
"my_me","1","1","2"
"My1825","1","1","2"
"myagaaa11","1","1","2"
"myan61","1","1","2"
"MYAVUZ58","1","1","2"
"MyBodyAteItself","1","1","2"
"MyDingDingDong","1","1","2"
"myeyeswereclosed","1","1","2"
"myfury64","1","1","2"
"mygrtt","1","1","2"
"Mykolaiv1789","1","1","2"
"MykolaWestrn","1","1","2"
"MYMohammad","1","1","2"
"Mymoza","1","1","2"
"MyNameIsRuin","1","1","2"
"Myon-Neutrino","1","1","2"
"MyOpponentIsGreedy","1","1","2"
"myra_kona","1","1","2"
"Myra123pu","1","1","2"
"myrcellatoc8","1","1","2"
"Myshlyaev","1","1","2"
"mysideyourside","1","1","2"
"Mysleika","1","1","2"
"Mysticdoc","1","1","2"
"mystickmickey","1","1","2"
"mysuraya","1","1","2"
"Mythaloo","1","1","2"
"Mythen","1","1","2"
"Mythicuana","1","1","2"
"mythos1982","1","1","2"
"Mytunahan","1","1","2"
"mywave","1","1","2"
"myxa001","1","1","2"
"MYXO_MOP09","1","1","2"
"Myzakir55","1","1","2"
"mzcoskun","1","1","2"
"mzerol","1","1","2"
"mzsakk","1","1","2"
"MZuriel","1","1","2"
"N_Andrey","1","1","2"
"N_M_Rothwell-1946","1","1","2"
"N0v1k4","1","1","2"
"n1234me","1","1","2"
"N19771024","1","1","2"
"N1k1ta5","1","1","2"
"na_18sr","1","1","2"
"naaaan","1","1","2"
"nabati45","1","1","2"
"Nabeeldoc","1","1","2"
"nabil_M","1","1","2"
"nabil2222222","1","1","2"
"NabokovLolita","1","1","2"
"naboo007","1","1","2"
"Nabuc0donos0r","1","1","2"
"Nace27","1","1","2"
"Nacherpat","1","1","2"
"nachertalka","1","1","2"
"Nachoiglesias64","1","1","2"
"Nad3gda","1","1","2"
"nader_ayman","1","1","2"
"nader_shah_kabir","1","1","2"
"NaderBasha99","1","1","2"
"nadjmo40","1","1","2"
"NAFEESCH","1","1","2"
"Naga420","1","1","2"
"Nagaraja147","1","1","2"
"naggerboy","1","1","2"
"Nagibator_777777","1","1","2"
"Nagisa_2024","1","1","2"
"Nagotian","1","1","2"
"NagulSaru2287","1","1","2"
"nahid_nadali","1","1","2"
"nahuel333","1","1","2"
"Naiche17","1","1","2"
"NaishaVinoj","1","1","2"
"najeebq234","1","1","2"
"Najila0802","1","1","2"
"NakaMikomi","1","1","2"
"NakiLuke","1","1","2"
"Nakisa95","1","1","2"
"nakomaro","1","1","2"
"NalimLime","1","1","2"
"Nalogru","1","1","2"
"namakura7777","1","1","2"
"NamanDhiran","1","1","2"
"Namanprao","1","1","2"
"namanS02","1","1","2"
"NamanVarshney","1","1","2"
"namcuong2022","1","1","2"
"namelessBR787","1","1","2"
"namesnipe","1","1","2"
"namexx","1","1","2"
"namith2012","1","1","2"
"Nammoganth","1","1","2"
"namoRChess","1","1","2"
"Nan1-700","1","1","2"
"nanaefua","1","1","2"
"NanaMakfee","1","1","2"
"nanardo","1","1","2"
"Nancy_01","1","1","2"
"Nand02000","1","1","2"
"nanda_SCI","1","1","2"
"nandito12","1","1","2"
"nando8","1","1","2"
"nanenane","1","1","2"
"napalot","1","1","2"
"naperdish228","1","1","2"
"Napoleon1811","1","1","2"
"Napoleone1988","1","1","2"
"naposi89","1","1","2"
"Naqash000","1","1","2"
"Naragoto","1","1","2"
"Naramsin","1","1","2"
"Narangarag","1","1","2"
"Narayan1981","1","1","2"
"Narek_gringo","1","1","2"
"NAREK230615","1","1","2"
"narekdu81","1","1","2"
"Naren_kittu","1","1","2"
"Naresh04Gurbani","1","1","2"
"narngerl","1","1","2"
"Naruro57","1","1","2"
"Naruto_1Uzumaki","1","1","2"
"Naruto_minatoMaruthi","1","1","2"
"NaRuTo_SaSuKe","1","1","2"
"naruto114","1","1","2"
"Naruto6868","1","1","2"
"Narvaez03","1","1","2"
"Naser3333","1","1","2"
"nashjunior76","1","1","2"
"nasirov_ab","1","1","2"
"nasro24000","1","1","2"
"nasrolabdaoui04","1","1","2"
"Nasser_Soliman1","1","1","2"
"Nasser0215","1","1","2"
"Nastay2015","1","1","2"
"Nastia14-T","1","1","2"
"Nastya_Lovec","1","1","2"
"Nastya5677","1","1","2"
"NastyaSila1413","1","1","2"
"natadelah","1","1","2"
"natali2017","1","1","2"
"natanaeltualage","1","1","2"
"natanl7","1","1","2"
"Natebtn","1","1","2"
"NateF","1","1","2"
"NatellaMartin","1","1","2"
"Nathan_2310","1","1","2"
"Nathan_73100","1","1","2"
"nathan_eduardo14","1","1","2"
"NathanBaraka","1","1","2"
"Nathanjo415","1","1","2"
"nathanlego","1","1","2"
"nathanmanoj","1","1","2"
"NathanSH","1","1","2"
"NathanTheMod","1","1","2"
"NathanVieira7","1","1","2"
"natik1069","1","1","2"
"Natisha123","1","1","2"
"natius456","1","1","2"
"natsby1741","1","1","2"
"NatureBoyRicFlair","1","1","2"
"natxus","1","1","2"
"nauJGM","1","1","2"
"Nav_inn","1","1","2"
"navab123","1","1","2"
"navaiagasiyev","1","1","2"
"Navanee_RNK","1","1","2"
"navarraj861100","1","1","2"
"Navasss","1","1","2"
"navdp","1","1","2"
"naveedstatham","1","1","2"
"naveen344","1","1","2"
"NAVEEN74","1","1","2"
"Naveenchessss","1","1","2"
"naveenjoby","1","1","2"
"NavetChess","1","1","2"
"NavidHooshdar59","1","1","2"
"Navidknk","1","1","2"
"NavigatorAn266","1","1","2"
"NAVILAN123","1","1","2"
"Navv10","1","1","2"
"nawack","1","1","2"
"nawaf_7745","1","1","2"
"Nawar2021","1","1","2"
"NawfalAffald","1","1","2"
"NawrasNader","1","1","2"
"NAYARw","1","1","2"
"Naydautocom","1","1","2"
"Nayrbuenaventura15a","1","1","2"
"Nazakun","1","1","2"
"NazaLo23","1","1","2"
"Nazaninfahimim","1","1","2"
"nazaninzahraghasemi","1","1","2"
"Nazar_2020","1","1","2"
"Nazar1010","1","1","2"
"Nazarbeg","1","1","2"
"NazariiZiakun","1","1","2"
"NazarNazarov","1","1","2"
"NazarovZahar","1","1","2"
"Nazovich","1","1","2"
"nazx","1","1","2"
"Nb11n","1","1","2"
"NBAntoine","1","1","2"
"nberrada","1","1","2"
"NBgamer","1","1","2"
"nbkoala","1","1","2"
"NBrandt","1","1","2"
"NCA_Niels","1","1","2"
"NCCAGermanicus","1","1","2"
"NCChaplot","1","1","2"
"Nchambers","1","1","2"
"NCK5054","1","1","2"
"NCK8025","1","1","2"
"NCK8026","1","1","2"
"NCK8033","1","1","2"
"NCK8051","1","1","2"
"Ndanji16","1","1","2"
"ndharaskar","1","1","2"
"Ne_wt","1","1","2"
"ne3na3_a","1","1","2"
"Necior","1","1","2"
"neco12140","1","1","2"
"Neco38","1","1","2"
"NECORITA2","1","1","2"
"NeCoRoCoRo","1","1","2"
"necota","1","1","2"
"nedi63","1","1","2"
"Nedimyra","1","1","2"
"nedludd2","1","1","2"
"nedokasparov","1","1","2"
"Neeharikaa1901","1","1","2"
"NeelakshSomani11","1","1","2"
"neelambuj","1","1","2"
"neelkamal90","1","1","2"
"neemes","1","1","2"
"NeerajRanjan","1","1","2"
"Neerav_intelligent","1","1","2"
"neerav13h","1","1","2"
"neerparavai","1","1","2"
"Neetika5","1","1","2"
"NefChess123","1","1","2"
"negar_forooghi2017","1","1","2"
"neghabi","1","1","2"
"negrita74","1","1","2"
"negruvoda","1","1","2"
"NehalMohamed","1","1","2"
"Nehan1Dgemsshj","1","1","2"
"nehirsurul","1","1","2"
"Neic_RU","1","1","2"
"Neighber","1","1","2"
"Neil-Habs","1","1","2"
"neilauguste84","1","1","2"
"NeilKumar","1","1","2"
"neilphadnis","1","1","2"
"NeilVijayadharan","1","1","2"
"NeithGL","1","1","2"
"Nekit_Ch","1","1","2"
"nektorimm","1","1","2"
"Nel50n2020","1","1","2"
"neldon","1","1","2"
"Nelkenheini","1","1","2"
"nelkey","1","1","2"
"nelllmariie","1","1","2"
"Nelly_m","1","1","2"
"Nelsasadovinoymate","1","1","2"
"Nelson63","1","1","2"
"Nelsonmojica","1","1","2"
"nemito","1","1","2"
"NeMo_VaLe","1","1","2"
"Nemtudomkiralyno","1","1","2"
"NENELEVA","1","1","2"
"neneningali","1","1","2"
"neo969","1","1","2"
"Neobichnyi_gycb","1","1","2"
"NeonFlash","1","1","2"
"Neopoznanny_object","1","1","2"
"Neovagant","1","1","2"
"nepaf4ic","1","1","2"
"nepo74","1","1","2"
"NePoet00","1","1","2"
"Neprozrachniy","1","1","2"
"neprtn","1","1","2"
"neptunas","1","1","2"
"nera_carica123","1","1","2"
"Nerandza","1","1","2"
"Nerd_Jerry","1","1","2"
"Nerdbrain4u","1","1","2"
"nereirt2","1","1","2"
"nerepla","1","1","2"
"Nergiz2012M","1","1","2"
"nero_zero_lost","1","1","2"
"Nerosyrian","1","1","2"
"Neroxite","1","1","2"
"nerve17","1","1","2"
"Nesa962","1","1","2"
"neSerepinho","1","1","2"
"Nesh449","1","1","2"
"neshanjo","1","1","2"
"Neshke011","1","1","2"
"NesibMustafali","1","1","2"
"nesko101","1","1","2"
"Nessebar","1","1","2"
"NestorC2011","1","1","2"
"NestorIskander","1","1","2"
"nestpower","1","1","2"
"Nethya_Palliyage","1","1","2"
"netmonger","1","1","2"
"netnot67","1","1","2"
"netoalencar","1","1","2"
"netwallker","1","1","2"
"Neudio55","1","1","2"
"neulaxx","1","1","2"
"Neurons","1","1","2"
"NevanJain","1","1","2"
"NEVED123","1","1","2"
"Never_winter","1","1","2"
"NeverNeverNick","1","1","2"
"NeverTrustAQueen","1","1","2"
"New_Chess_Noob","1","1","2"
"New_chess1","1","1","2"
"New-Style-2023","1","1","2"
"NEW0_0PLAYER","1","1","2"
"new74","1","1","2"
"Newbie_e","1","1","2"
"NewbiePie1","1","1","2"
"newexpress","1","1","2"
"newfoundlander","1","1","2"
"newlymember","1","1","2"
"Newmind3022","1","1","2"
"NewNotebook123","1","1","2"
"Nexko","1","1","2"
"Next_R","1","1","2"
"NextLevel8","1","1","2"
"Neybappe","1","1","2"
"Nezavisimosti","1","1","2"
"neZikzzz","1","1","2"
"Neznaukakpridumatlog","1","1","2"
"nf3abomaziin","1","1","2"
"ngafif_zuhri","1","1","2"
"nganeshreddi","1","1","2"
"ngcha2446","1","1","2"
"ngenerations","1","1","2"
"NgocLinh1512","1","1","2"
"Ngoduthin88","1","1","2"
"ngoussomo01","1","1","2"
"ngupta498","1","1","2"
"nguyen_dinh_chinh","1","1","2"
"Nguyengiahuy1807","1","1","2"
"NguyenHaAn1101","1","1","2"
"nguyennamkhanh2015","1","1","2"
"Nguyenxuanlam","1","1","2"
"ngwj2023","1","1","2"
"Ngyenp","1","1","2"
"ngyt","1","1","2"
"nhatminhstayer","1","1","2"
"Nhavilan","1","1","2"
"ni2023pri","1","1","2"
"Niaz0576","1","1","2"
"nibal98kh","1","1","2"
"nicapol64","1","1","2"
"nicat389","1","1","2"
"NiceBoi807","1","1","2"
"NiceRooks","1","1","2"
"Nicestor","1","1","2"
"NicholasA0712","1","1","2"
"nicholasbava","1","1","2"
"nick_the_stripper","1","1","2"
"nickelberry","1","1","2"
"NickKorombos","1","1","2"
"nickphilomath","1","1","2"
"nickplanet","1","1","2"
"NicksCatelan","1","1","2"
"nicky_wix","1","1","2"
"nico_zzz","1","1","2"
"nico160580","1","1","2"
"nico86_arg","1","1","2"
"NicoAlter","1","1","2"
"nicobareiro","1","1","2"
"nicobatman","1","1","2"
"NicoCirco","1","1","2"
"Nicofinetti","1","1","2"
"NicoIndio","1","1","2"
"nicola62","1","1","2"
"Nicolae611225","1","1","2"
"Nicolas_15_10_2000","1","1","2"
"nicolas_zapata","1","1","2"
"nicolas06400","1","1","2"
"NicolasLudueniaFAA","1","1","2"
"nicolasvegas","1","1","2"
"NicolasZappa","1","1","2"
"nicolay71","1","1","2"
"NicoleChanHuiXing","1","1","2"
"Nicoleiyon","1","1","2"
"niconiki","1","1","2"
"Niconn","1","1","2"
"nicprice1","1","1","2"
"Nidervaf","1","1","2"
"Nidhi-2012","1","1","2"
"nidhishku","1","1","2"
"NietzcheTask","1","1","2"
"Nietzsche_12","1","1","2"
"Night_8","1","1","2"
"NightKing300","1","1","2"
"Nightman1337","1","1","2"
"nightmre7568XD","1","1","2"
"Nightwolf_5416","1","1","2"
"NightWolf888","1","1","2"
"Nihad64","1","1","2"
"Nihadkurdesh","1","1","2"
"niharika2704","1","1","2"
"nihat9991","1","1","2"
"nihatbaba","1","1","2"
"nihu9393","1","1","2"
"Nik-62","1","1","2"
"Nik0720","1","1","2"
"Nik1902","1","1","2"
"nik1956","1","1","2"
"Nik797","1","1","2"
"nik854","1","1","2"
"nika-d1391","1","1","2"
"nika49","1","1","2"
"Nikan116866","1","1","2"
"Nikanakbari93","1","1","2"
"Nikhil_gurjar","1","1","2"
"Nikhil_K_Rajbhar","1","1","2"
"Nikhildev2025","1","1","2"
"nikhilp97","1","1","2"
"NikhilSir_01","1","1","2"
"nikia_vodopyanov","1","1","2"
"Nikich12","1","1","2"
"NikiNikos","1","1","2"
"Nikita_0504","1","1","2"
"Nikita_Lazarev_013","1","1","2"
"nikita_turenko","1","1","2"
"Nikita-Tos","1","1","2"
"Nikita170912","1","1","2"
"Nikita563-9","1","1","2"
"Nikita700","1","1","2"
"NIKITAALEKMINSKII","1","1","2"
"Nikitach23","1","1","2"
"nikitachess0","1","1","2"
"NIKITAGUMAPEL","1","1","2"
"NikitaMK","1","1","2"
"Nikitaproff2012","1","1","2"
"Nikitas888","1","1","2"
"Nikitasim","1","1","2"
"Nikititsch","1","1","2"
"nikitoos05","1","1","2"
"nikitos150987","1","1","2"
"nikitos30082012","1","1","2"
"Nikkhil_26","1","1","2"
"Nikkill_bot","1","1","2"
"nikko88","1","1","2"
"nikkon24","1","1","2"
"niklderloste","1","1","2"
"niklos","1","1","2"
"Niknaz","1","1","2"
"niknotbe","1","1","2"
"Niko64","1","1","2"
"Nikodim_K","1","1","2"
"NikoKnoop","1","1","2"
"NikolaevLeonid","1","1","2"
"NikolajAbramkin","1","1","2"
"nikolaognenov","1","1","2"
"NikolasHulc","1","1","2"
"Nikolay007","1","1","2"
"Nikolay2612","1","1","2"
"NikolayA83","1","1","2"
"Nikolaykkk","1","1","2"
"nikolaylichess","1","1","2"
"NikolayP1952","1","1","2"
"Nikolj","1","1","2"
"Nikonista","1","1","2"
"nikos2002","1","1","2"
"niktagj","1","1","2"
"nikto32","1","1","2"
"NikTower","1","1","2"
"nikvinBot","1","1","2"
"nil48","1","1","2"
"Nil9706","1","1","2"
"Nilane","1","1","2"
"nilayibrahimli","1","1","2"
"nilazare","1","1","2"
"Niler1994","1","1","2"
"nilesh09","1","1","2"
"Nilesh392","1","1","2"
"NILESHK200","1","1","2"
"NilesRumfoord","1","1","2"
"NilhcaM","1","1","2"
"niloofar2007","1","1","2"
"NiloyTheSpd","1","1","2"
"NilsGnae","1","1","2"
"nilshah98","1","1","2"
"nilsholgerson","1","1","2"
"NilsonSantosJr","1","1","2"
"NilsPoma_utp","1","1","2"
"NilsR","1","1","2"
"Nilvo","1","1","2"
"nilzero","1","1","2"
"Nima_1999","1","1","2"
"nima1380choobin","1","1","2"
"Nima33","1","1","2"
"Nima5773","1","1","2"
"nima7445675","1","1","2"
"nima980","1","1","2"
"NimaKhaleghi1393","1","1","2"
"nimanurimus","1","1","2"
"nina_sofia","1","1","2"
"NinaLapshakova","1","1","2"
"NinePlus10Equals21","1","1","2"
"Ninetyville","1","1","2"
"Ningu","1","1","2"
"Ninian","1","1","2"
"ninicocolalas","1","1","2"
"ninja_Monty347","1","1","2"
"Ninja_Striker","1","1","2"
"Ninja5010","1","1","2"
"ninjizu","1","1","2"
"Ninnis55","1","1","2"
"ninoceck","1","1","2"
"ninomaravilla","1","1","2"
"ninorodriguez30","1","1","2"
"NipongoReyes","1","1","2"
"niranjan_in","1","1","2"
"nirmal__1565","1","1","2"
"Nirmit18_charizard","1","1","2"
"Nirv0521","1","1","2"
"Nisal_Krishan","1","1","2"
"nisar33","1","1","2"
"nischitkr","1","1","2"
"nishadvk21","1","1","2"
"nishchal30","1","1","2"
"NishchayaChessKing","1","1","2"
"NishMirko","1","1","2"
"Nishporka","1","1","2"
"Nishta65","1","1","2"
"niskils","1","1","2"
"nismylv","1","1","2"
"nissu","1","1","2"
"nistoras","1","1","2"
"Niszczyciel15","1","1","2"
"Nitesh1988","1","1","2"
"nithilansg","1","1","2"
"nithin_a","1","1","2"
"Nithin2414","1","1","2"
"NithinKutti","1","1","2"
"Nithishsanthosh","1","1","2"
"nitimur","1","1","2"
"nitin14980","1","1","2"
"nitish1010","1","1","2"
"NitishDhaya","1","1","2"
"nitse75","1","1","2"
"Nitxi","1","1","2"
"nityahajong","1","1","2"
"nitzana","1","1","2"
"nitzanc","1","1","2"
"nivanovi","1","1","2"
"NivedSandeep","1","1","2"
"niveKurama","1","1","2"
"nives03","1","1","2"
"nivin12345","1","1","2"
"NiyaZi50","1","1","2"
"NIZAMUTDINOV","1","1","2"
"nizar77","1","1","2"
"nizardellal-2007","1","1","2"
"njaa_aajn","1","1","2"
"njacba88","1","1","2"
"Njallam","1","1","2"
"njanumchessum","1","1","2"
"Njara94","1","1","2"
"njbasan","1","1","2"
"njcaden32568","1","1","2"
"nk_26","1","1","2"
"nk1406","1","1","2"
"nkA80","1","1","2"
"Nkart24","1","1","2"
"NKChessNgocHan","1","1","2"
"nkdesii","1","1","2"
"NKP04","1","1","2"
"NKrishna69","1","1","2"
"NLA_KHAIPHONG","1","1","2"
"NLaurinT","1","1","2"
"Nlein","1","1","2"
"Nlin10","1","1","2"
"NNN_Zhan","1","1","2"
"NNNurzhan","1","1","2"
"nnonlu","1","1","2"
"noaaz","1","1","2"
"noahfc","1","1","2"
"noahjb","1","1","2"
"NoahMatias","1","1","2"
"noamdo","1","1","2"
"NOBLEOFFICIAL","1","1","2"
"noblepoop","1","1","2"
"noblundermate","1","1","2"
"Nobody_06","1","1","2"
"nobody1976","1","1","2"
"nobodymr","1","1","2"
"nobodyyoushouldno","1","1","2"
"Nochnayten","1","1","2"
"NoelJanschi","1","1","2"
"NoelVargas38","1","1","2"
"Noems","1","1","2"
"NoeRamos","1","1","2"
"Noey10","1","1","2"
"nogallah","1","1","2"
"NoGoodGame","1","1","2"
"Nohaytregua","1","1","2"
"nohfule","1","1","2"
"NohutSeverim","1","1","2"
"NoiceRuben","1","1","2"
"nokia1556","1","1","2"
"Nolan2013","1","1","2"
"Nolazco27","1","1","2"
"nolk","1","1","2"
"Nom02","1","1","2"
"nomousse","1","1","2"
"NoMove123","1","1","2"
"non_person","1","1","2"
"NoNameAvailableAtAll","1","1","2"
"NoNameLox","1","1","2"
"nonamz","1","1","2"
"nonbe","1","1","2"
"NoniBrugg","1","1","2"
"noniyal","1","1","2"
"nonochocco","1","1","2"
"noob57","1","1","2"
"noobfeeder","1","1","2"
"noobRandy","1","1","2"
"nooobKR","1","1","2"
"nooooooob","1","1","2"
"Noopmaster","1","1","2"
"Noor25sarayrah","1","1","2"
"nooranisaiyad2192","1","1","2"
"noorrame","1","1","2"
"noplan3","1","1","2"
"NOR_Eirik","1","1","2"
"norahanna","1","1","2"
"Norbert-Stephan","1","1","2"
"norbert7866","1","1","2"
"NORBEYCAMPEON","1","1","2"
"Nordveter","1","1","2"
"NorknRoll","1","1","2"
"Norlov","1","1","2"
"NormalnoDOLBIT","1","1","2"
"norrthh","1","1","2"
"Nort27","1","1","2"
"North0023","1","1","2"
"Northbrew","1","1","2"
"Northon94","1","1","2"
"norwuins33","1","1","2"
"noself","1","1","2"
"nosenada83","1","1","2"
"NoSleepAtAll","1","1","2"
"NosleepReti","1","1","2"
"Nosnebwerdna","1","1","2"
"Nossir","1","1","2"
"Nostromo1980","1","1","2"
"not_nigel_short","1","1","2"
"Not_v2","1","1","2"
"Notachair","1","1","2"
"NotASmurfJustBlue","1","1","2"
"NotComp1ex","1","1","2"
"notdaaverage","1","1","2"
"noteblock5290","1","1","2"
"NOTGMChandler","1","1","2"
"notgoodatall3000","1","1","2"
"notiltmachine","1","1","2"
"notnillinton","1","1","2"
"NotRevanix","1","1","2"
"Notski85","1","1","2"
"NotThe0ne","1","1","2"
"Notverygood60","1","1","2"
"NotVerySmartPlayer","1","1","2"
"noufaledvanna","1","1","2"
"NoufalPmt","1","1","2"
"Nour_23","1","1","2"
"NOUR99988","1","1","2"
"noureenqueen","1","1","2"
"Nouressam23","1","1","2"
"nourii","1","1","2"
"Nov14ok","1","1","2"
"nov1ceee","1","1","2"
"NOVA2014","1","1","2"
"Novag1966","1","1","2"
"Novamentor","1","1","2"
"Novaris","1","1","2"
"Novice1a","1","1","2"
"novo15","1","1","2"
"novokreshenov","1","1","2"
"Novorossiysk23","1","1","2"
"NovozhilovpapaAndrei","1","1","2"
"nowaymyrook","1","1","2"
"NOy4n","1","1","2"
"NPC_065","1","1","2"
"NpKiT","1","1","2"
"NPlayer555","1","1","2"
"npyChess","1","1","2"
"NR_fighter2","1","1","2"
"nrmn_0_8","1","1","2"
"nsdoshi","1","1","2"
"nsiddharth2017","1","1","2"
"NSokolnikov","1","1","2"
"nsorenson","1","1","2"
"nsVSEVOLOD","1","1","2"
"ntaber","1","1","2"
"ntes17","1","1","2"
"ntjcroll","1","1","2"
"ntnzkhrv","1","1","2"
"Ntokozo456","1","1","2"
"Nuclino","1","1","2"
"nudelsueppchen","1","1","2"
"Nugrower","1","1","2"
"Nuhman1234","1","1","2"
"nujazzandchess","1","1","2"
"nukewood1337","1","1","2"
"Nuklear1869","1","1","2"
"nullzero76","1","1","2"
"Numberblock","1","1","2"
"NunoCastro","1","1","2"
"nur_24","1","1","2"
"nur_widad_uzma","1","1","2"
"nur0506","1","1","2"
"nur2011amanina","1","1","2"
"nuramin01","1","1","2"
"nurash18866","1","1","2"
"nurculha","1","1","2"
"Nurdan_CA","1","1","2"
"nurdancumen","1","1","2"
"nurdaulet_m","1","1","2"
"Nurdidar09","1","1","2"
"Nurhan007","1","1","2"
"Nurhat","1","1","2"
"Nuri_usta","1","1","2"
"Nurik-12","1","1","2"
"Nurislam87","1","1","2"
"NurKaido","1","1","2"
"Nurnaev_Ivan","1","1","2"
"nurnazar_gaday","1","1","2"
"nursultan_iskakov","1","1","2"
"Nurymbek","1","1","2"
"Nurzhan_77","1","1","2"
"nurzhan_magnus","1","1","2"
"NutterButters213","1","1","2"
"nvader","1","1","2"
"nvates","1","1","2"
"NVeeTaZ","1","1","2"
"nvet_kh","1","1","2"
"nvm_brotha","1","1","2"
"Nweke","1","1","2"
"NYAU","1","1","2"
"nykaplan","1","1","2"
"nykko83","1","1","2"
"NYNJA_K","1","1","2"
"Nyrlan","1","1","2"
"Nyrlord","1","1","2"
"Nyshabor","1","1","2"
"NyxEclipse","1","1","2"
"nzevgolisda","1","1","2"
"NZvalou","1","1","2"
"nzz1","1","1","2"
"O_A_K","1","1","2"
"O_bira_delas","1","1","2"
"O_BJ","1","1","2"
"O_MOHAMMAD_O","1","1","2"
"O123654","1","1","2"
"O32_32O","1","1","2"
"o63b84","1","1","2"
"O8Hecke","1","1","2"
"O950","1","1","2"
"oalharthi1","1","1","2"
"oazhar49","1","1","2"
"OB1-Kenobi","1","1","2"
"obaaada","1","1","2"
"Obagu","1","1","2"
"ObamaWizard911","1","1","2"
"oban2014","1","1","2"
"obbkru","1","1","2"
"Obeadibrahim","1","1","2"
"Obema_2","1","1","2"
"oberardi","1","1","2"
"Obielum1","1","1","2"
"ObiwanShinobi","1","1","2"
"Obj_268","1","1","2"
"obksm69","1","1","2"
"OblongGourd","1","1","2"
"oboz0708","1","1","2"
"obradovic22","1","1","2"
"ObrienR","1","1","2"
"Obsidian28","1","1","2"
"ObsTergo","1","1","2"
"OCal91","1","1","2"
"Ocasanova","1","1","2"
"ocathegreat","1","1","2"
"Oceanic74","1","1","2"
"ochreBog","1","1","2"
"oclocke","1","1","2"
"ocotu","1","1","2"
"ocr19","1","1","2"
"ocram1900","1","1","2"
"odai-k","1","1","2"
"odai23","1","1","2"
"Oddinho","1","1","2"
"odiete","1","1","2"
"Odin1984","1","1","2"
"Odiseahomerica","1","1","2"
"odogwu2","1","1","2"
"odvarsarah","1","1","2"
"Officer_Pawnpusher","1","1","2"
"offshoreshah","1","1","2"
"Ofizer_molodoy","1","1","2"
"OG_Macaroni","1","1","2"
"OggyPip","1","1","2"
"ogh-73","1","1","2"
"oguzhan_bilfenisk","1","1","2"
"oguzhan40","1","1","2"
"oguzhan4406","1","1","2"
"oguzkocbeker","1","1","2"
"oguzkoo","1","1","2"
"ogzsntrk7","1","1","2"
"oh_me_oh_my","1","1","2"
"OHJESUSLOVESME","1","1","2"
"ohm_007","1","1","2"
"OhNoChange","1","1","2"
"OhNoMaKing35","1","1","2"
"ohpryzm10","1","1","2"
"ohyeah69","1","1","2"
"OI28","1","1","2"
"oisheetarafdar201305","1","1","2"
"oisleroylemi","1","1","2"
"OIThornley","1","1","2"
"Ojas1982","1","1","2"
"ojas2016","1","1","2"
"ojasagarwal","1","1","2"
"ojikoi","1","1","2"
"ojus079","1","1","2"
"ojus091","1","1","2"
"ojus092","1","1","2"
"ojus097","1","1","2"
"ojus114","1","1","2"
"OkayForRealThisTime","1","1","2"
"OKeveryday","1","1","2"
"Okewi","1","1","2"
"Oki31","1","1","2"
"oknsnl","1","1","2"
"okrba","1","1","2"
"oksana_107","1","1","2"
"OksanaOT","1","1","2"
"Oktavyus","1","1","2"
"Oktubre","1","1","2"
"Ola87","1","1","2"
"OlaAlaa2","1","1","2"
"olacakokadar","1","1","2"
"OlafArmin","1","1","2"
"olah_pekseg","1","1","2"
"Olavo_Barros","1","1","2"
"Olayanne","1","1","2"
"olbiterate","1","1","2"
"Old-Dog","1","1","2"
"Old01","1","1","2"
"OldCastlee","1","1","2"
"oldchess59","1","1","2"
"oldchesspretender2","1","1","2"
"OlDirtyBishop","1","1","2"
"OLDMAN2FAST4U","1","1","2"
"Oleg_Professor","1","1","2"
"oleg_tsebro","1","1","2"
"oleg-1902","1","1","2"
"Oleg130190","1","1","2"
"oleg312","1","1","2"
"oleg3177","1","1","2"
"olegashteynberg","1","1","2"
"Olegator-2023","1","1","2"
"olegick","1","1","2"
"OLEGKLUCH","1","1","2"
"olegnowakowski","1","1","2"
"OlegOlegovichB","1","1","2"
"olegpichugin","1","1","2"
"olegthir","1","1","2"
"OlegU","1","1","2"
"Oleh1975","1","1","2"
"Olek_Guderek","1","1","2"
"Oleksandr1717","1","1","2"
"OleksandrC","1","1","2"
"oleksandrkrasov","1","1","2"
"OleksandrKurta","1","1","2"
"Oleksandrovych","1","1","2"
"oleksiii","1","1","2"
"oleksiy-it","1","1","2"
"OlenaKrasnoshchok","1","1","2"
"olewis","1","1","2"
"oleyla64","1","1","2"
"Olga_F","1","1","2"
"Olga-1966","1","1","2"
"Olga-Sleptsova-1700","1","1","2"
"Olga1979","1","1","2"
"OLHON","1","1","2"
"Oli_96","1","1","2"
"Oli-24","1","1","2"
"olibonfol","1","1","2"
"olihen462","1","1","2"
"Olimjon77","1","1","2"
"Olimpia68","1","1","2"
"olin","1","1","2"
"OlineOlinesen","1","1","2"
"Olive_Tree_2432","1","1","2"
"OliverChristophers15","1","1","2"
"OliverEmanuel","1","1","2"
"Olivieraem","1","1","2"
"olivita81","1","1","2"
"Olllow","1","1","2"
"Olly9782","1","1","2"
"OLM5111","1","1","2"
"olpm","1","1","2"
"olserZ","1","1","2"
"Olt54","1","1","2"
"Oluwaseyii_ng","1","1","2"
"olybeast","1","1","2"
"Olynok","1","1","2"
"Omaar_Rashed","1","1","2"
"omaologie","1","1","2"
"OMAR_RM","1","1","2"
"omar-elmorsy","1","1","2"
"omar123yasser","1","1","2"
"omar4e5","1","1","2"
"OmarAbdo99","1","1","2"
"OmarAhmedEzz","1","1","2"
"OmarBattah","1","1","2"
"Omarcitoelmejor","1","1","2"
"omarelfanano","1","1","2"
"omarf","1","1","2"
"omargamal178","1","1","2"
"OmarGhonem","1","1","2"
"OMARGUTI","1","1","2"
"omarjakopsinvest","1","1","2"
"omarjolj123","1","1","2"
"OmarMedinaP","1","1","2"
"omartaha49","1","1","2"
"Omaru96","1","1","2"
"OmarWaselFargot","1","1","2"
"omelkk","1","1","2"
"OmenApproaching","1","1","2"
"OmenOne","1","1","2"
"omer_2012_57","1","1","2"
"Omer_Gurlek","1","1","2"
"omer1922","1","1","2"
"omer2100","1","1","2"
"Omer526","1","1","2"
"omerakifmeletli","1","1","2"
"omeraldyami001","1","1","2"
"OmerArdaBolac","1","1","2"
"omerasaf17","1","1","2"
"omerasafkincal","1","1","2"
"OmerAydogann","1","1","2"
"omerbera07","1","1","2"
"omercinar13","1","1","2"
"omerclg","1","1","2"
"omerfarukd","1","1","2"
"omerkirtay1903","1","1","2"
"OmerMoh","1","1","2"
"Omfav","1","1","2"
"Omid_Khaknezhad","1","1","2"
"Omid_m1378","1","1","2"
"Omidd8888","1","1","2"
"Omidnr69","1","1","2"
"Omkadaranka","1","1","2"
"omkar199311","1","1","2"
"omkartalwalkar","1","1","2"
"Omrane19","1","1","2"
"OMTL","1","1","2"
"omyre","1","1","2"
"ON1BH","1","1","2"
"onarscis","1","1","2"
"ondense","1","1","2"
"Ondrejko1","1","1","2"
"One_prime","1","1","2"
"one21","1","1","2"
"onedarknite","1","1","2"
"OneFootOllie","1","1","2"
"OneHappyIsland","1","1","2"
"OneMan1989","1","1","2"
"oneMightyGod","1","1","2"
"onenightint","1","1","2"
"OnePowerOP","1","1","2"
"Oner4949","1","1","2"
"onerabbit","1","1","2"
"onestepahead90","1","1","2"
"Onewithone","1","1","2"
"ONIAEL","1","1","2"
"OnkelzUwe","1","1","2"
"Onkeykong","1","1","2"
"OnLeConte","1","1","2"
"only2022","1","1","2"
"OnlyChessHere","1","1","2"
"OnniKorsio","1","1","2"
"OnOff71","1","1","2"
"Onrcakamak","1","1","2"
"onthrockz","1","1","2"
"onuh_adakole","1","1","2"
"Onur0861","1","1","2"
"onuraynali","1","1","2"
"Onyx_prime1","1","1","2"
"Oogway123","1","1","2"
"ookokk","1","1","2"
"Ooli31","1","1","2"
"oOllllllOo","1","1","2"
"Oondoddt","1","1","2"
"oOps16","1","1","2"
"Oorjitmantri","1","1","2"
"Op_ade","1","1","2"
"OP_RAYIRTH","1","1","2"
"Opaniki","1","1","2"
"oparaivan2014","1","1","2"
"oparinhaldane","1","1","2"
"OpArjunKrishna","1","1","2"
"Opassi","1","1","2"
"opderpy0","1","1","2"
"opelnut","1","1","2"
"opeNYouREyes1","1","1","2"
"operbepp","1","1","2"
"OPGola","1","1","2"
"oppntro","1","1","2"
"oppositeslug","1","1","2"
"opptedant","1","1","2"
"oppugnatio","1","1","2"
"optimist10","1","1","2"
"optiwari","1","1","2"
"or3owo","1","1","2"
"oRAFFo","1","1","2"
"OramaMwinjiro","1","1","2"
"Orange_humour","1","1","2"
"orangewalker","1","1","2"
"OrangO","1","1","2"
"OrbKillu","1","1","2"
"orchidea88","1","1","2"
"orcoslugg","1","1","2"
"ordinance87","1","1","2"
"oreivisufc","1","1","2"
"oreshko1008","1","1","2"
"OrewaZack","1","1","2"
"Orfik1709","1","1","2"
"OrfilErubiel","1","1","2"
"Organicchem","1","1","2"
"orgepper","1","1","2"
"orgio2014","1","1","2"
"orhanata","1","1","2"
"OrionX44","1","1","2"
"Orionzaf","1","1","2"
"ORLANDO_2022","1","1","2"
"orlando007","1","1","2"
"Ororomu","1","1","2"
"orsimo1234","1","1","2"
"orsomansueto","1","1","2"
"Ortenau723","1","1","2"
"ortipianinho","1","1","2"
"Ortodoxserb","1","1","2"
"orucreis","1","1","2"
"orumcekadam99","1","1","2"
"ory_p","1","1","2"
"Orygon","1","1","2"
"Orysia","1","1","2"
"os1975","1","1","2"
"Osama_1907","1","1","2"
"Osama1-4","1","1","2"
"osamaalok","1","1","2"
"osamaElsebaey","1","1","2"
"Osamasalim1978","1","1","2"
"osbaldo71","1","1","2"
"Oscan","1","1","2"
"Oscar_Kenyan","1","1","2"
"Oscar_Kuelz","1","1","2"
"oscar_soto","1","1","2"
"Oscar-ab","1","1","2"
"OscarChessFootball","1","1","2"
"oscared","1","1","2"
"OscarFernando1","1","1","2"
"OscarHdz96","1","1","2"
"OscarU26","1","1","2"
"Oscrack2020","1","1","2"
"oshan13","1","1","2"
"osher507","1","1","2"
"osho20000","1","1","2"
"Oshotze","1","1","2"
"OsiriaK","1","1","2"
"Oskar_Kharlamov","1","1","2"
"OskarJ","1","1","2"
"Oskolich","1","1","2"
"osmaneren47","1","1","2"
"Osmang2016","1","1","2"
"osmanisosman2","1","1","2"
"osmanozgursavas34","1","1","2"
"osmanzubi","1","1","2"
"Osmeo","1","1","2"
"osoljim","1","1","2"
"Osore1102","1","1","2"
"osorio2015","1","1","2"
"OspoTrieste","1","1","2"
"Ostanin_Lev_YO","1","1","2"
"Ostap13","1","1","2"
"Ostapchek","1","1","2"
"osuados","1","1","2"
"osugarrett","1","1","2"
"Osvaldo2","1","1","2"
"Osvaldoangel","1","1","2"
"osvaldocormillo","1","1","2"
"osvaldoelprofe","1","1","2"
"OsvaldoPedrosa","1","1","2"
"OtakuYA99","1","1","2"
"oTapia","1","1","2"
"otaviofreire","1","1","2"
"oteja","1","1","2"
"Othernik","1","1","2"
"othmanbou","1","1","2"
"Othmanebi","1","1","2"
"otio","1","1","2"
"Otong_Suhaya","1","1","2"
"otototo123","1","1","2"
"OtterFlotto","1","1","2"
"ottojandro","1","1","2"
"otzoko16","1","1","2"
"oualidwa","1","1","2"
"oursisthefury","1","1","2"
"Outmaane","1","1","2"
"ovamentelx","1","1","2"
"ove151147","1","1","2"
"ovelyen","1","1","2"
"Overtak_er","1","1","2"
"overtake84","1","1","2"
"Overwind8","1","1","2"
"OVin","1","1","2"
"OwiChess","1","1","2"
"OwnYulix","1","1","2"
"Oxforduniversity","1","1","2"
"OXRen1","1","1","2"
"OxxXy1992","1","1","2"
"oxyzt2","1","1","2"
"OyUnCu1000","1","1","2"
"Ozan2536","1","1","2"
"OzanAkyz","1","1","2"
"ozanhosyilmaz","1","1","2"
"ozankurum","1","1","2"
"ozay2009","1","1","2"
"OzerAcabay","1","1","2"
"ozgurksk2020","1","1","2"
"OziKaan","1","1","2"
"OzilParadisiaque","1","1","2"
"ozimar","1","1","2"
"Ozn2014","1","1","2"
"ozoubia","1","1","2"
"Ozymandiasgoat","1","1","2"
"ozzy19788","1","1","2"
"ozzysoft","1","1","2"
"p_exy","1","1","2"
"p_mischa","1","1","2"
"p_on","1","1","2"
"P_Pavan","1","1","2"
"p_zuckerman","1","1","2"
"p-30","1","1","2"
"P0KER-CHESS","1","1","2"
"P0PESC0","1","1","2"
"P1GLORD","1","1","2"
"P1ngy1N","1","1","2"
"p1roject","1","1","2"
"p2kpradeep","1","1","2"
"p33pshow","1","1","2"
"p3nut","1","1","2"
"p3r11","1","1","2"
"P6dr0","1","1","2"
"P7987335647","1","1","2"
"p8yt4ge16","1","1","2"
"P911porsche","1","1","2"
"pa_mka","1","1","2"
"PAANDUDE29","1","1","2"
"paawn","1","1","2"
"pabayaga","1","1","2"
"Pabl0Chess","1","1","2"
"Pablenzz","1","1","2"
"pablito3232","1","1","2"
"Pablobun","1","1","2"
"Pablobus","1","1","2"
"pablochess22","1","1","2"
"pablodetuc","1","1","2"
"PABLODONN","1","1","2"
"PabloErandio","1","1","2"
"Pablojmz","1","1","2"
"pablojoaquin81","1","1","2"
"PabloOJ73","1","1","2"
"PabloPineda","1","1","2"
"pablosimon12","1","1","2"
"pablovivas222","1","1","2"
"pabori","1","1","2"
"Pacavar","1","1","2"
"pacciardi","1","1","2"
"PacIslander","1","1","2"
"packattack111","1","1","2"
"packjustlanded","1","1","2"
"Paco_369","1","1","2"
"paco_itw","1","1","2"
"Pacoceacero","1","1","2"
"pacomoral26-1973","1","1","2"
"PacoMorillas","1","1","2"
"paczilla121","1","1","2"
"padbhnabhan","1","1","2"
"Paddington_1905","1","1","2"
"Paddumba","1","1","2"
"padre_homericus","1","1","2"
"PadrePorcino","1","1","2"
"PaeanMain","1","1","2"
"pagoda","1","1","2"
"Pahlevani","1","1","2"
"PaiDoug","1","1","2"
"Pailabo","1","1","2"
"paixter","1","1","2"
"pajaro626","1","1","2"
"PakGGoo","1","1","2"
"Pako_strife","1","1","2"
"PakoEd","1","1","2"
"palabos_3","1","1","2"
"palaceonwheels","1","1","2"
"Paladinde2","1","1","2"
"Palak121","1","1","2"
"palasjul","1","1","2"
"palavand","1","1","2"
"palermagno","1","1","2"
"PalFeri","1","1","2"
"Palikpikk","1","1","2"
"Palilica","1","1","2"
"PalimRosario","1","1","2"
"Palko44","1","1","2"
"PalmTRree","1","1","2"
"palut24","1","1","2"
"pamalopi","1","1","2"
"pamodnethsara","1","1","2"
"PAMZAH095","1","1","2"
"pan_filip","1","1","2"
"PanAnton2023","1","1","2"
"Pananu","1","1","2"
"pancatur","1","1","2"
"pancho2007","1","1","2"
"Panda844","1","1","2"
"pandachester","1","1","2"
"pandafeet","1","1","2"
"PandaKing2023","1","1","2"
"PANDASHREYAN","1","1","2"
"Pandda3","1","1","2"
"PandeC899","1","1","2"
"Pandeer","1","1","2"
"pandeoregano","1","1","2"
"Pandey_2411","1","1","2"
"pandik2512","1","1","2"
"pandzabear","1","1","2"
"Panfilov_Aleksandr","1","1","2"
"panickervinay24","1","1","2"
"PaniczArtek","1","1","2"
"pank35","1","1","2"
"PanMirinda10","1","1","2"
"PanovEV","1","1","2"
"PanPan89","1","1","2"
"Pantaki","1","1","2"
"panterey","1","1","2"
"PantheraOnca9","1","1","2"
"pantvaushnavi2018","1","1","2"
"Panu123","1","1","2"
"panzer105","1","1","2"
"paobea4","1","1","2"
"paola585","1","1","2"
"Paolo1999","1","1","2"
"paoloemiliom","1","1","2"
"paololucca","1","1","2"
"paooolino","1","1","2"
"Pap_7","1","1","2"
"Papa_YaguPop_LXXVII","1","1","2"
"Papa_Yuga","1","1","2"
"papa01001","1","1","2"
"Papa4U","1","1","2"
"papamamaa","1","1","2"
"paparazzo","1","1","2"
"Papel1988","1","1","2"
"papich-bat9","1","1","2"
"PapichiOso2","1","1","2"
"Papirogamix","1","1","2"
"PapitoGrande94","1","1","2"
"Papperlamatt","1","1","2"
"papy85","1","1","2"
"papynova","1","1","2"
"paradise666","1","1","2"
"paradomy","1","1","2"
"paradoxlost","1","1","2"
"Parag28","1","1","2"
"Paraibov","1","1","2"
"PARAM07","1","1","2"
"parameshwaranthanu","1","1","2"
"ParanoidBishop","1","1","2"
"paras4me","1","1","2"
"paraskeuasdelis","1","1","2"
"Parbisa","1","1","2"
"Pardo89","1","1","2"
"PARED22","1","1","2"
"Parfiriy123","1","1","2"
"Parham_Entropy","1","1","2"
"parham_sh385","1","1","2"
"Parhamrahmani2024","1","1","2"
"pari45","1","1","2"
"parik_om_139","1","1","2"
"parinrzi920821","1","1","2"
"parisa_zangeneh","1","1","2"
"ParkerSquare","1","1","2"
"Parkofforest","1","1","2"
"parmezzano","1","1","2"
"parmidash","1","1","2"
"Parmis_S","1","1","2"
"parsa657","1","1","2"
"parsaebrahimi94","1","1","2"
"ParsaFarin","1","1","2"
"parsaseyedi1392","1","1","2"
"parsazare123","1","1","2"
"parsnaall","1","1","2"
"parsuan","1","1","2"
"Parth0606","1","1","2"
"parthivpaul","1","1","2"
"ParthParmar12","1","1","2"
"parvathychess","1","1","2"
"parvathyshiju","1","1","2"
"Parviz1402","1","1","2"
"parvizdinmohammadi","1","1","2"
"ParzifalChess","1","1","2"
"pasandre666","1","1","2"
"Pascal_583","1","1","2"
"pascalarnold","1","1","2"
"PascalCase","1","1","2"
"pascha24","1","1","2"
"Pasha_zigzag","1","1","2"
"Pasha-16","1","1","2"
"pasha016","1","1","2"
"Pasha2014","1","1","2"
"Pashu2706","1","1","2"
"Passiflore27","1","1","2"
"passingclouds_01","1","1","2"
"passishooter","1","1","2"
"PastaAlBurro","1","1","2"
"pastaman","1","1","2"
"patata_brava","1","1","2"
"Patatess12","1","1","2"
"patbernard","1","1","2"
"Patchess52","1","1","2"
"patchwork_crumble","1","1","2"
"patelohm","1","1","2"
"pathxcD","1","1","2"
"Patience3","1","1","2"
"pato_cla2","1","1","2"
"patodiblasi","1","1","2"
"Patogon","1","1","2"
"patosc","1","1","2"
"PatricCezar","1","1","2"
"Patricioplebeyo","1","1","2"
"Patrick1271","1","1","2"
"Patrick2011","1","1","2"
"patrick851","1","1","2"
"patrickatef94","1","1","2"
"patrickcaesarsadewa","1","1","2"
"Patrickchess0131","1","1","2"
"patrikf7","1","1","2"
"Patriot_RU","1","1","2"
"Patron762mm","1","1","2"
"Patrykcool","1","1","2"
"Patser_1","1","1","2"
"Patta_Katie","1","1","2"
"PatTheUnicorn_327","1","1","2"
"Patzer1947","1","1","2"
"Patzer61","1","1","2"
"Patzerxyz","1","1","2"
"Paul_005","1","1","2"
"Paul_Bishop","1","1","2"
"paul_ivanov","1","1","2"
"Paul_Nikon","1","1","2"
"Paul_perez16","1","1","2"
"paulbaldi","1","1","2"
"PaulGherman","1","1","2"
"paulgottlieb","1","1","2"
"Pauli31","1","1","2"
"pauliof59540","1","1","2"
"paulmoseley","1","1","2"
"paulocesar85","1","1","2"
"Paulocked","1","1","2"
"PaulR74","1","1","2"
"PaulSAV","1","1","2"
"PaulSib_86","1","1","2"
"Paulskirche","1","1","2"
"PaunAlexandru23","1","1","2"
"pausa2020","1","1","2"
"pav1984","1","1","2"
"Pavan41","1","1","2"
"Pavanji","1","1","2"
"pavanku","1","1","2"
"Pavel_FetisoFF","1","1","2"
"Pavel_Zhebalov","1","1","2"
"Pavel-Salomatin","1","1","2"
"Pavel-Sergeev","1","1","2"
"Pavel131313","1","1","2"
"Pavel2463","1","1","2"
"pavel63","1","1","2"
"pavelkosmehiko","1","1","2"
"Pavelkrajca","1","1","2"
"Pavelmih","1","1","2"
"PavelSalm","1","1","2"
"Paviska","1","1","2"
"pavlikenski","1","1","2"
"pavlo13mayn","1","1","2"
"Pavlo603","1","1","2"
"Pavlos2014","1","1","2"
"pavlov_kaminoz","1","1","2"
"pavlovs767","1","1","2"
"PavMust","1","1","2"
"pavvel78","1","1","2"
"PawelGromadzki","1","1","2"
"pawelki","1","1","2"
"PawerGeorgiy38","1","1","2"
"Pawluscha","1","1","2"
"pawn-xp","1","1","2"
"pawn065","1","1","2"
"PawnByte","1","1","2"
"pawnchainer","1","1","2"
"PawnchoVilla","1","1","2"
"PawnmatedPCM","1","1","2"
"PawnPushin","1","1","2"
"pawnrage","1","1","2"
"pawnsoffury2","1","1","2"
"pawnstarpierre","1","1","2"
"PawnStarsLasVenturas","1","1","2"
"PawnTakeKnight","1","1","2"
"pawntification","1","1","2"
"Pawuk13666","1","1","2"
"PAXA9","1","1","2"
"payant","1","1","2"
"pazeka","1","1","2"
"pbpraveen","1","1","2"
"pbraithwaite","1","1","2"
"PCH_HuynhHoa","1","1","2"
"pcienki","1","1","2"
"pctumbagahon","1","1","2"
"pdb75","1","1","2"
"pdeldom1","1","1","2"
"pdessureault","1","1","2"
"pdfowler2017","1","1","2"
"pdkingplayz","1","1","2"
"pdragy","1","1","2"
"pduran573","1","1","2"
"pdurham87","1","1","2"
"pDzen","1","1","2"
"pe_sme","1","1","2"
"pe72dam","1","1","2"
"peace9033","1","1","2"
"peacekeeperavenger","1","1","2"
"peachmangobreeze","1","1","2"
"PeakChaserX","1","1","2"
"peaotorre","1","1","2"
"Peasantry","1","1","2"
"Peat10015","1","1","2"
"pedare-shatrandj","1","1","2"
"pedja1907","1","1","2"
"pedonesolitario","1","1","2"
"Pedro_Hikari","1","1","2"
"pedroelefante38","1","1","2"
"pedrofarias","1","1","2"
"PedroImpuro","1","1","2"
"pedrolemgruber","1","1","2"
"pedromacedo17","1","1","2"
"Pedromio","1","1","2"
"pedropatachula","1","1","2"
"pedroperim","1","1","2"
"pedroyaja","1","1","2"
"Peevesy","1","1","2"
"Pega27","1","1","2"
"peirtotumlocomotor","1","1","2"
"Peisah","1","1","2"
"PekeneneYaSeeGuest","1","1","2"
"pekovania","1","1","2"
"Pelden","1","1","2"
"pelkasss","1","1","2"
"Pelli2","1","1","2"
"Pelmesek18","1","1","2"
"pelvoux3946","1","1","2"
"pendrall","1","1","2"
"penelopa53","1","1","2"
"Peng_Dehuai1898-1974","1","1","2"
"Penguin0816","1","1","2"
"penguindrum","1","1","2"
"penkroft","1","1","2"
"pentagon77","1","1","2"
"Peon-Rojo","1","1","2"
"PeopleCallMeBalani","1","1","2"
"pep62","1","1","2"
"PEPAS3","1","1","2"
"Pepeaugusto","1","1","2"
"Pepemosaic","1","1","2"
"peperara","1","1","2"
"pepersbro","1","1","2"
"Pepgrapla","1","1","2"
"PepinChele","1","1","2"
"Pepito_El_Barbero","1","1","2"
"pepo2023m","1","1","2"
"pepo92","1","1","2"
"pepoaraujo","1","1","2"
"PeppaPigMLG","1","1","2"
"Peppo395","1","1","2"
"perapir","1","1","2"
"percyg","1","1","2"
"peregrinoscb","1","1","2"
"peresander","1","1","2"
"perez_17","1","1","2"
"perezron","1","1","2"
"Perfect_BRU","1","1","2"
"PerfectSusano","1","1","2"
"Peri_bren","1","1","2"
"perinaz_ozen","1","1","2"
"PeRioD_7","1","1","2"
"Perki11","1","1","2"
"Permuted","1","1","2"
"Pernebeck","1","1","2"
"PerPuchaty","1","1","2"
"Perripro","1","1","2"
"Perrox07","1","1","2"
"perrusky","1","1","2"
"Perryholdem","1","1","2"
"persefalb","1","1","2"
"perseo76","1","1","2"
"Perseus_Jackson477","1","1","2"
"Pershing115","1","1","2"
"persian_25","1","1","2"
"Persianbuttercup","1","1","2"
"Persie1686","1","1","2"
"Peru_knight","1","1","2"
"peru3000","1","1","2"
"peruotto","1","1","2"
"peshka-sashka","1","1","2"
"Peshkaed3000","1","1","2"
"Peskovski","1","1","2"
"pesong","1","1","2"
"Petar72","1","1","2"
"petarkuridza","1","1","2"
"petavius32","1","1","2"
"petecoarmad","1","1","2"
"peteor","1","1","2"
"Peter_Blume","1","1","2"
"Peter-Patzer","1","1","2"
"Peter2666","1","1","2"
"peter351","1","1","2"
"Peter3690","1","1","2"
"peter80808","1","1","2"
"peterhollens","1","1","2"
"PeterisP","1","1","2"
"PeterMishin12","1","1","2"
"PeterPunk90","1","1","2"
"petershmukler","1","1","2"
"Petertyke","1","1","2"
"PetHorse","1","1","2"
"Petir97","1","1","2"
"Petit_robot","1","1","2"
"petit-loup015","1","1","2"
"petko5","1","1","2"
"peto79","1","1","2"
"Petr_Kondratev","1","1","2"
"Petr_Zaionts","1","1","2"
"Petr-Osetr-16","1","1","2"
"Petrchess64","1","1","2"
"Petrosian007","1","1","2"
"PetroTch","1","1","2"
"Petrov_Grigoriy15","1","1","2"
"Petrov_Starshiy","1","1","2"
"Petruha2505","1","1","2"
"Petya_Shcherbakov","1","1","2"
"Peucha","1","1","2"
"Peytonsan","1","1","2"
"pezinov","1","1","2"
"pfiffberger","1","1","2"
"pfissure","1","1","2"
"pg79","1","1","2"
"Pgali","1","1","2"
"pgb_1983","1","1","2"
"pgerell","1","1","2"
"pgr1023","1","1","2"
"pGwell","1","1","2"
"Ph03niX03","1","1","2"
"phalguna72","1","1","2"
"Pham_Minh_Son","1","1","2"
"phambaotran08","1","1","2"
"PhangYiChen","1","1","2"
"phanhaoltt","1","1","2"
"Phanik07","1","1","2"
"Phantom_666","1","1","2"
"Phantomghoul123","1","1","2"
"Phapis","1","1","2"
"Pharao007","1","1","2"
"pharmacistMR","1","1","2"
"Pharmatc","1","1","2"
"pheafty","1","1","2"
"PhenomenalTT","1","1","2"
"phenter_mine","1","1","2"
"phex","1","1","2"
"phfilho2003","1","1","2"
"PHG_HAQQ","1","1","2"
"Phil_1709","1","1","2"
"Phil-COC","1","1","2"
"phil1510","1","1","2"
"Phil85","1","1","2"
"philchessster","1","1","2"
"philipp_os","1","1","2"
"Philippesou","1","1","2"
"Philips000","1","1","2"
"PhilipTundra","1","1","2"
"philipvonmueffling","1","1","2"
"Philmour","1","1","2"
"Philo58200","1","1","2"
"philosopher-monkey","1","1","2"
"PhilpotChess","1","1","2"
"PhilTschigo","1","1","2"
"Phiob","1","1","2"
"phlothi","1","1","2"
"Phoenix822","1","1","2"
"PhoenixAttorney","1","1","2"
"PhoeNIXXVI","1","1","2"
"phoneyponey","1","1","2"
"phosphorchess","1","1","2"
"PhucQuan2022","1","1","2"
"phuketian","1","1","2"
"PhuongNam29","1","1","2"
"PHYL045","1","1","2"
"physical","1","1","2"
"pi_3_141592653589","1","1","2"
"Pi93","1","1","2"
"Picco","1","1","2"
"pichulonco2001","1","1","2"
"Picinio","1","1","2"
"PIDI","1","1","2"
"Pier__Dunn","1","1","2"
"pierpi91","1","1","2"
"pierrebb","1","1","2"
"pierreg78","1","1","2"
"pierrot369","1","1","2"
"piettheboy","1","1","2"
"pigdot","1","1","2"
"Piggelinusen","1","1","2"
"piis","1","1","2"
"piitaa","1","1","2"
"Pik6ch5core","1","1","2"
"Pika0307","1","1","2"
"PikachuMinions","1","1","2"
"pikicapablanca","1","1","2"
"piko59","1","1","2"
"piksinator","1","1","2"
"pilification","1","1","2"
"pilipinong_unggoy","1","1","2"
"Pillsbury1209","1","1","2"
"pilougamer","1","1","2"
"Pilz_2","1","1","2"
"Pine7352","1","1","2"
"Pineapple92","1","1","2"
"pineappleeeeeeeeee","1","1","2"
"Pinguino_emperador","1","1","2"
"PinguThePenguin2","1","1","2"
"pinharzinho","1","1","2"
"Pink_Floyd","1","1","2"
"PINO94","1","1","2"
"pinocio01","1","1","2"
"PinoH1962","1","1","2"
"pinopsa","1","1","2"
"pinyta","1","1","2"
"Pioo91","1","1","2"
"Piornaguerra","1","1","2"
"pioterini","1","1","2"
"Piotr_Gnatowski","1","1","2"
"piotres","1","1","2"
"Piotrn71","1","1","2"
"Pipechicho","1","1","2"
"pipolois","1","1","2"
"Pippertone","1","1","2"
"Piqu92","1","1","2"
"Pir50","1","1","2"
"piratapoeta1","1","1","2"
"pirateking1977","1","1","2"
"Piraveenan_S","1","1","2"
"pirikmemmet","1","1","2"
"Pirschei","1","1","2"
"pisagoras","1","1","2"
"Pise4ka228337","1","1","2"
"pishang00","1","1","2"
"Pistashh","1","1","2"
"PistoleroMX","1","1","2"
"pitcha75","1","1","2"
"Piterdefloresta","1","1","2"
"PiterPL123","1","1","2"
"Piton_72","1","1","2"
"Piton420777","1","1","2"
"Pitou2","1","1","2"
"PitzkeMP","1","1","2"
"pitzpitz","1","1","2"
"pitzza1","1","1","2"
"piusthavirus","1","1","2"
"PivnoiDozor","1","1","2"
"PivotalNinja","1","1","2"
"Piwer","1","1","2"
"Pixel-Mixel","1","1","2"
"PiyesYazari","1","1","2"
"piyushjain141","1","1","2"
"Piyushpant","1","1","2"
"piyuush19","1","1","2"
"pizza_fritta","1","1","2"
"pizzahutyoshi","1","1","2"
"pizzalepeny","1","1","2"
"pj84","1","1","2"
"pjrs07","1","1","2"
"pjsekhat","1","1","2"
"PK-16","1","1","2"
"pkagr123","1","1","2"
"PKD123","1","1","2"
"pkjamoo","1","1","2"
"pkpb","1","1","2"
"Pkrverma","1","1","2"
"PLAchar","1","1","2"
"PlanMangustUs","1","1","2"
"PlapploPlapplo","1","1","2"
"Platon_Chernyshev","1","1","2"
"platon-art","1","1","2"
"Platon100415","1","1","2"
"Platonghg","1","1","2"
"PlatonKulesh","1","1","2"
"platyplaty","1","1","2"
"player0911","1","1","2"
"player12134","1","1","2"
"player39391","1","1","2"
"Player4984","1","1","2"
"PlayerMc","1","1","2"
"PlayitlikeMVL","1","1","2"
"pleast","1","1","2"
"PledgedSwine","1","1","2"
"Plexer","1","1","2"
"Plexus77","1","1","2"
"pleyar","1","1","2"
"Plohoy","1","1","2"
"plorru-chess","1","1","2"
"plozim","1","1","2"
"Plub07","1","1","2"
"pluja","1","1","2"
"plumbercop","1","1","2"
"Pluton-1336","1","1","2"
"plutowwwang","1","1","2"
"plvpla","1","1","2"
"PLW22","1","1","2"
"Plyusnin_Mikhail","1","1","2"
"PMaring","1","1","2"
"PMckeone","1","1","2"
"pmoron","1","1","2"
"PN_Nguyen","1","1","2"
"pndvrz","1","1","2"
"PNS2406","1","1","2"
"Pocchia","1","1","2"
"Poch1120","1","1","2"
"Pocheche","1","1","2"
"Pockenpickel","1","1","2"
"pocoyol","1","1","2"
"POD_Gambir","1","1","2"
"poddargaurav","1","1","2"
"podmyshkaaa","1","1","2"
"pofuduk_kale","1","1","2"
"PoggleTheLesser","1","1","2"
"Pogopal","1","1","2"
"Pogorelova_Anna","1","1","2"
"PohpehRojas","1","1","2"
"poiko_dukich","1","1","2"
"PoincareSphere","1","1","2"
"POISONOUSCA23","1","1","2"
"Poisonpawn2","1","1","2"
"pojeto","1","1","2"
"Pokekid1","1","1","2"
"Pokemon_2505","1","1","2"
"PokrovAlAn","1","1","2"
"Pokuri_Revanth","1","1","2"
"pol955500","1","1","2"
"poladsky","1","1","2"
"Polandmat","1","1","2"
"Poletaevo","1","1","2"
"polianavad431113","1","1","2"
"Polidectes","1","1","2"
"polina_ef","1","1","2"
"Polina14191849","1","1","2"
"PolinaKaraseva","1","1","2"
"PolinaKartashova2015","1","1","2"
"polinakp","1","1","2"
"PolinaPanova77","1","1","2"
"Polinochka_2018","1","1","2"
"polish699","1","1","2"
"PoliteMachine","1","1","2"
"polk66","1","1","2"
"PollitoSuarez","1","1","2"
"pollock22","1","1","2"
"pollosaurio81","1","1","2"
"polomok","1","1","2"
"polool","1","1","2"
"poloscope","1","1","2"
"polpot19","1","1","2"
"Polska43","1","1","2"
"Poluxgro","1","1","2"
"polyathebest","1","1","2"
"PolycapW","1","1","2"
"pomerode","1","1","2"
"Pomidor_rastet_2014","1","1","2"
"Pomor69","1","1","2"
"PON-69","1","1","2"
"Ponch808","1","1","2"
"Poni2017","1","1","2"
"ponujj","1","1","2"
"Ponyinci","1","1","2"
"Poojakanth","1","1","2"
"poojan_p","1","1","2"
"poorvaqueen","1","1","2"
"pooventhanmohan","1","1","2"
"Popcee","1","1","2"
"PopcornPerry","1","1","2"
"Pope_Peter","1","1","2"
"Popepo","1","1","2"
"Popo93","1","1","2"
"popodof","1","1","2"
"poppbopper","1","1","2"
"poppy_master","1","1","2"
"popy08","1","1","2"
"porcupineapple73","1","1","2"
"Porlospelos","1","1","2"
"Porno666","1","1","2"
"Poseidon_27","1","1","2"
"Poseidon20022010","1","1","2"
"Posieden","1","1","2"
"Possible24462","1","1","2"
"pot221022","1","1","2"
"Potapich_s","1","1","2"
"potato_11","1","1","2"
"Potato45678","1","1","2"
"potatoes1","1","1","2"
"PotroSsalvaje","1","1","2"
"PotterOne","1","1","2"
"Poturnak","1","1","2"
"Potyi61","1","1","2"
"Pouji","1","1","2"
"pouquo","1","1","2"
"pouria12p","1","1","2"
"pouya_1391","1","1","2"
"poverocoso","1","1","2"
"pOwErChEsS135","1","1","2"
"Powerfuleli","1","1","2"
"powerlara","1","1","2"
"Powerp1nk","1","1","2"
"powerplane","1","1","2"
"POXITO","1","1","2"
"PoxuiSanchai","1","1","2"
"PozdeevE","1","1","2"
"pozitiv1256","1","1","2"
"pp0121","1","1","2"
"Pp225","1","1","2"
"ppalkt","1","1","2"
"ppbrnl","1","1","2"
"ppsm13","1","1","2"
"ppsrh1","1","1","2"
"PPV52","1","1","2"
"PPyio","1","1","2"
"pr_chess_2021","1","1","2"
"pr00z","1","1","2"
"Pr1nc1plee","1","1","2"
"Praavee2014","1","1","2"
"prabhat2011","1","1","2"
"prabhugaonkars","1","1","2"
"PrachetasMondal","1","1","2"
"practice34","1","1","2"
"PradeepChessPlayer","1","1","2"
"Pradeepdadhich","1","1","2"
"Pradhumjantwal","1","1","2"
"pradipkarma","1","1","2"
"pradyun14","1","1","2"
"PrahaladRajesh","1","1","2"
"Prahlad07","1","1","2"
"PraiseE","1","1","2"
"PraiseMorph","1","1","2"
"Prajeethashok345","1","1","2"
"prajit0","1","1","2"
"Prakarp","1","1","2"
"Prakarthick961","1","1","2"
"Prakash_2018","1","1","2"
"Prakhar13","1","1","2"
"prakhar22571","1","1","2"
"prakulchess01","1","1","2"
"praleks","1","1","2"
"Pramodche","1","1","2"
"pranab1976","1","1","2"
"Pranado","1","1","2"
"Pranav_Chandak","1","1","2"
"Pranav-Nair","1","1","2"
"Pranav11pannu","1","1","2"
"Pranav12340","1","1","2"
"Pranav246810","1","1","2"
"PranavAkam","1","1","2"
"pranavg_oat","1","1","2"
"pranaviprabhu","1","1","2"
"pranavkhandelwal","1","1","2"
"PranavPatil140","1","1","2"
"Pranavrocky","1","1","2"
"pranaymandal","1","1","2"
"praneeth_4477","1","1","2"
"pranjal03","1","1","2"
"Pranvith_vs","1","1","2"
"prasad_18","1","1","2"
"prasad2533","1","1","2"
"Prasanth_98","1","1","2"
"prashant_1804","1","1","2"
"Prashant_Patel","1","1","2"
"Prashant-987","1","1","2"
"Prashant1_2rana","1","1","2"
"prashant9897","1","1","2"
"prashants00","1","1","2"
"prasyu21","1","1","2"
"Prat1612","1","1","2"
"PrateekAg_4Dec","1","1","2"
"prateeks","1","1","2"
"prateekvij","1","1","2"
"Pratham0777","1","1","2"
"pratham3000","1","1","2"
"prathamchess11","1","1","2"
"Prathamedake","1","1","2"
"prathammd","1","1","2"
"prathammp2014","1","1","2"
"Pratheekrai","1","1","2"
"Prathief","1","1","2"
"PratikB","1","1","2"
"Pratt12","1","1","2"
"Prattney4000","1","1","2"
"pratyaksh_16","1","1","2"
"PratyayDey","1","1","2"
"pratyushsathe","1","1","2"
"praveen_sahu","1","1","2"
"Praveer_7","1","1","2"
"Pravesh05","1","1","2"
"pravin-19976","1","1","2"
"pravin564","1","1","2"
"prawintulsi","1","1","2"
"Prayplay","1","1","2"
"Pre_Mo","1","1","2"
"preetamhalder10","1","1","2"
"preetz","1","1","2"
"Preferharm","1","1","2"
"Prem_narayan1942","1","1","2"
"Prematurato","1","1","2"
"premg","1","1","2"
"PremRaaghavan","1","1","2"
"preptime0","1","1","2"
"Prerepod","1","1","2"
"Prerit-India","1","1","2"
"preserator","1","1","2"
"PrettoMarcelo","1","1","2"
"preytome","1","1","2"
"prezentio1337","1","1","2"
"Primitivekansan","1","1","2"
"PrimusMJ","1","1","2"
"PRINCE2011","1","1","2"
"Princegeorge121","1","1","2"
"PrinceKhaira","1","1","2"
"princess_jasmine","1","1","2"
"PrincezaNina","1","1","2"
"principe_nero","1","1","2"
"Prinscley","1","1","2"
"PrinsFriso98","1","1","2"
"Prinx2485","1","1","2"
"pripredi","1","1","2"
"Prisonmaster","1","1","2"
"Prittesh","1","1","2"
"PRIYADARSAN","1","1","2"
"Priyanka003","1","1","2"
"priyastephen","1","1","2"
"prizra4ek","1","1","2"
"prjn","1","1","2"
"Prmdgtm","1","1","2"
"pro-panda","1","1","2"
"ProbablyNotABot","1","1","2"
"Probbaer","1","1","2"
"ProCanazor","1","1","2"
"procrastinator80lvl","1","1","2"
"Procurador78","1","1","2"
"ProdovecArbuzov","1","1","2"
"Prof_LuizMelo","1","1","2"
"Prof_picture","1","1","2"
"Proferaul","1","1","2"
"ProfesorSnape","1","1","2"
"professor_fabio","1","1","2"
"ProFessorDaddy","1","1","2"
"Professorluca","1","1","2"
"ProfessorPlaton","1","1","2"
"ProffesorRay","1","1","2"
"profi84","1","1","2"
"ProfOmarElsayed31","1","1","2"
"proftogara","1","1","2"
"Profu90","1","1","2"
"ProgectArm","1","1","2"
"Prohor_Denis","1","1","2"
"Prohorov002","1","1","2"
"ProjetMagnus","1","1","2"
"PROKSCHESS","1","1","2"
"Proleet","1","1","2"
"prolom1voda","1","1","2"
"PromettheusZx","1","1","2"
"promotime","1","1","2"
"ProPlayerBro","1","1","2"
"Propolis_Clab4","1","1","2"
"Prosha181","1","1","2"
"prospero06","1","1","2"
"Prosti_tut","1","1","2"
"ProstoBOBICK","1","1","2"
"prostovolkov","1","1","2"
"Protaktinyum","1","1","2"
"Protasiov","1","1","2"
"protip","1","1","2"
"PROTOSSED","1","1","2"
"ProTourney","1","1","2"
"Prozeval83","1","1","2"
"pruebatorrefuerte","1","1","2"
"PRV_13","1","1","2"
"PRvillegas","1","1","2"
"Prypyat","1","1","2"
"PRZ3ZR0CZY5TY","1","1","2"
"Przemso","1","1","2"
"przew","1","1","2"
"Psammy","1","1","2"
"psergii","1","1","2"
"Psicko11","1","1","2"
"psicochess28","1","1","2"
"PsiPatroll","1","1","2"
"psk394","1","1","2"
"PSlinochess","1","1","2"
"PSPM111","1","1","2"
"PSPM117","1","1","2"
"PSPM192","1","1","2"
"PSPM974","1","1","2"
"pspsps12","1","1","2"
"psriram85","1","1","2"
"psuedomed","1","1","2"
"PsV1978","1","1","2"
"Psy_raffa","1","1","2"
"Psy40o","1","1","2"
"Psychedelus","1","1","2"
"PsyChenaa","1","1","2"
"Psycho_08","1","1","2"
"PsyhoAssasin","1","1","2"
"pt512","1","1","2"
"ptatinmaestrin01","1","1","2"
"PublicQuip","1","1","2"
"pucklyfe","1","1","2"
"puddintime41","1","1","2"
"pudimEtrovoes","1","1","2"
"PueblaAjedrez","1","1","2"
"Puff_UA","1","1","2"
"PugMan13","1","1","2"
"Puhnatik","1","1","2"
"pukhavicc","1","1","2"
"pulemet_s_flanga","1","1","2"
"pulkit12_3-4","1","1","2"
"pulumboom","1","1","2"
"pumaio","1","1","2"
"pumezli","1","1","2"
"pumpkinnon","1","1","2"
"PumPumPuuum","1","1","2"
"Punittu","1","1","2"
"punja","1","1","2"
"punta_y_hacha","1","1","2"
"punterodemibuela","1","1","2"
"PupilMonja","1","1","2"
"Pupser1300","1","1","2"
"puremoonburn","1","1","2"
"purenothingness","1","1","2"
"PureProxy","1","1","2"
"Puriel","1","1","2"
"PurpleLynel","1","1","2"
"PurpleNuggets","1","1","2"
"PurvaRege2012","1","1","2"
"PurviGadde","1","1","2"
"Puscifer113","1","1","2"
"pusheencats","1","1","2"
"Pushistic","1","1","2"
"Pushkarv12351","1","1","2"
"Pushkent1","1","1","2"
"PushpaFire","1","1","2"
"pustoshil","1","1","2"
"PutneyPawn68","1","1","2"
"putrasrikandi888","1","1","2"
"putrisalsabila","1","1","2"
"Putzer","1","1","2"
"PuziPuzzle","1","1","2"
"PuzzleBeater","1","1","2"
"Puzzlefolk","1","1","2"
"PvZ88","1","1","2"
"pwiwr","1","1","2"
"pwllmnn","1","1","2"
"PY5048","1","1","2"
"pyatakov_jr","1","1","2"
"Pyatigorsk","1","1","2"
"pyduan","1","1","2"
"pyeturi","1","1","2"
"Pygmalion07","1","1","2"
"Pyphon_Tan","1","1","2"
"Pypypy","1","1","2"
"Pyroli","1","1","2"
"pySirota","1","1","2"
"PythonFux5398","1","1","2"
"Q12K34","1","1","2"
"q24151737","1","1","2"
"Q295183467","1","1","2"
"q4L","1","1","2"
"qadoqchi","1","1","2"
"Qaisara_59","1","1","2"
"QasimHesenov","1","1","2"
"Qassemm","1","1","2"
"Qawsedr1234","1","1","2"
"qbdqllqh","1","1","2"
"qbp","1","1","2"
"Qcyt3","1","1","2"
"qeerty123456","1","1","2"
"qepqep","1","1","2"
"qetop","1","1","2"
"QF-MeLoMan","1","1","2"
"qgozp","1","1","2"
"Qhess2000","1","1","2"
"QHHR","1","1","2"
"Qizooo","1","1","2"
"Qjawiak","1","1","2"
"qlimaxzu15","1","1","2"
"QNI-Tranlinh2009","1","1","2"
"QNIMINHMINH","1","1","2"
"qnqs7","1","1","2"
"qortmdcks1","1","1","2"
"qp135zm22","1","1","2"
"qqqqq4","1","1","2"
"qqqw112","1","1","2"
"QRTB","1","1","2"
"qrwrt3","1","1","2"
"qs0va","1","1","2"
"Qsrvt","1","1","2"
"Quade_II","1","1","2"
"QuaintLad","1","1","2"
"Quakernator","1","1","2"
"Quanah_Parker_x7","1","1","2"
"quang246","1","1","2"
"Quangduy83","1","1","2"
"Quantum_of_Sausage","1","1","2"
"Quas1modo","1","1","2"
"quass4r","1","1","2"
"Quaxis","1","1","2"
"Queen_Destroyer7","1","1","2"
"Queen_Eater69","1","1","2"
"queen1940","1","1","2"
"QueenbeeD","1","1","2"
"QueenCantik","1","1","2"
"Queenchess2003","1","1","2"
"QueenElisabethIII","1","1","2"
"QueenIam","1","1","2"
"queenqureshi","1","1","2"
"QueenSamson","1","1","2"
"QueeNSintine","1","1","2"
"queenstrap","1","1","2"
"Queenwicked","1","1","2"
"Quella_romero","1","1","2"
"quick-ly","1","1","2"
"quijesuis","1","1","2"
"Quiksand","1","1","2"
"QUILLOTANO1970","1","1","2"
"quimcoll","1","1","2"
"quinsgambit5","1","1","2"
"Quintenqu","1","1","2"
"Quinteto","1","1","2"
"Quisneiro","1","1","2"
"quotient-space","1","1","2"
"Qusterin","1","1","2"
"qwedqd14qefdsadf","1","1","2"
"Qwer1992","1","1","2"
"qwert3000","1","1","2"
"qwertqwertasdf","1","1","2"
"Qwerty_1906Q","1","1","2"
"qwerty1234500","1","1","2"
"qwerty123elon","1","1","2"
"qwerty765","1","1","2"
"qwestnv","1","1","2"
"qwg2348u7y654324","1","1","2"
"qwqwmn","1","1","2"
"Qz9","1","1","2"
"qzdrgyj","1","1","2"
"R_Allen","1","1","2"
"r_delight","1","1","2"
"r_e_s61","1","1","2"
"R_PHIZIK","1","1","2"
"r_s_t","1","1","2"
"R_Shaker100","1","1","2"
"R-d2","1","1","2"
"R-E-B","1","1","2"
"r-funk","1","1","2"
"R0ck-Lee","1","1","2"
"R0cknrolla","1","1","2"
"R1mchar","1","1","2"
"R2D2veintiunodos","1","1","2"
"r3za-ft","1","1","2"
"r4dR4NG3R","1","1","2"
"R6rnd7","1","1","2"
"r9323448883","1","1","2"
"ra2mir41k","1","1","2"
"raafathalak","1","1","2"
"Raanui","1","1","2"
"Raaraajpgs","1","1","2"
"Raarth","1","1","2"
"RaaulDC","1","1","2"
"Rabbi0","1","1","2"
"RabbidRabbit","1","1","2"
"Rabbimjon","1","1","2"
"Rabbinvane","1","1","2"
"RabbitWithoutAKing","1","1","2"
"RabiPandey","1","1","2"
"rabitus2143","1","1","2"
"rabossio","1","1","2"
"Raby2777","1","1","2"
"racatak","1","1","2"
"Racenet","1","1","2"
"Rachit010615","1","1","2"
"rachittt","1","1","2"
"RaciIzo","1","1","2"
"Racing_Horse","1","1","2"
"rack27","1","1","2"
"RacyLion","1","1","2"
"Radames2","1","1","2"
"radbeta","1","1","2"
"Raddi65","1","1","2"
"Radhakrishnan1","1","1","2"
"raditoktaviano","1","1","2"
"Raditura","1","1","2"
"radmehrradmanesh1394","1","1","2"
"radmilkin","1","1","2"
"RadMobile","1","1","2"
"radmoj","1","1","2"
"Rados81","1","1","2"
"RadovidII","1","1","2"
"Radrigo-Gomes","1","1","2"
"radush64","1","1","2"
"Raduss9595","1","1","2"
"radvin_hab","1","1","2"
"Raedhamdyy","1","1","2"
"Raelovzky120388","1","1","2"
"RAFA123KNIGHT","1","1","2"
"Rafael_Maria_Gorga_M","1","1","2"
"rafael_martinez","1","1","2"
"rafael-83","1","1","2"
"Rafael2606","1","1","2"
"rafaelmerces","1","1","2"
"rafaelreig","1","1","2"
"RafaelVinceSu","1","1","2"
"RafaelYHQ","1","1","2"
"Rafaemerick","1","1","2"
"RafaFiPa","1","1","2"
"rafatghanem","1","1","2"
"RafetLl","1","1","2"
"RaFF1000","1","1","2"
"Raffiqui","1","1","2"
"Raffles1er","1","1","2"
"rafik1108","1","1","2"
"RafRka123","1","1","2"
"RafRP","1","1","2"
"Ragashree","1","1","2"
"RAGE_Topper123","1","1","2"
"RageDragon","1","1","2"
"RAGEKOKING","1","1","2"
"Rageo1","1","1","2"
"RaggedMagpie","1","1","2"
"raghad_alqrni","1","1","2"
"ragot23","1","1","2"
"RAGZB","1","1","2"
"Rah1258","1","1","2"
"raha_1395","1","1","2"
"Raha3431","1","1","2"
"rahim056","1","1","2"
"rahim1000","1","1","2"
"Rahim1234567890","1","1","2"
"rahim4579","1","1","2"
"rahimmamedoff","1","1","2"
"Rahkl646","1","1","2"
"rahro9012","1","1","2"
"rahul_718","1","1","2"
"Rahul_Sinha","1","1","2"
"Rahul1977","1","1","2"
"raHul648","1","1","2"
"rahul8085","1","1","2"
"rahul91358","1","1","2"
"rahulgupta1822","1","1","2"
"Rahuljp07","1","1","2"
"rahulkeloth","1","1","2"
"Rahulkr08","1","1","2"
"RahulPawar","1","1","2"
"Rahulsharma1997","1","1","2"
"Rahultiwari","1","1","2"
"raiarooks","1","1","2"
"raibarra","1","1","2"
"Raiden-Mei","1","1","2"
"raidensing","1","1","2"
"RaimondsPr","1","1","2"
"raimundogama","1","1","2"
"raimundolucio","1","1","2"
"rainazor","1","1","2"
"Rainbok","1","1","2"
"rainbowCC","1","1","2"
"RainbowChessUnicorn","1","1","2"
"rainbowpretty","1","1","2"
"rairodeschess","1","1","2"
"Raison_isai","1","1","2"
"Rajaking1699","1","1","2"
"rajamail27","1","1","2"
"Rajanchavda111","1","1","2"
"rajanchavda2002","1","1","2"
"rajanuv963","1","1","2"
"rajaravivarman","1","1","2"
"rajasharoz","1","1","2"
"Rajat_N","1","1","2"
"Rajathegreat2020","1","1","2"
"RAJAWI12345","1","1","2"
"RAJCALVIN","1","1","2"
"rajchandar","1","1","2"
"Rajeshbrahmbhatt","1","1","2"
"rajeshgupta2020","1","1","2"
"rajeshharane73","1","1","2"
"RajGoth","1","1","2"
"Rajib-03","1","1","2"
"RAJIVZGAMER","1","1","2"
"rajkat2020","1","1","2"
"rajkumarghodda","1","1","2"
"rajlalwani89","1","1","2"
"rajsinghadi","1","1","2"
"raju0167","1","1","2"
"rajuneurosurgery","1","1","2"
"rajuthippur","1","1","2"
"RAJVAI24190","1","1","2"
"rajveert","1","1","2"
"Rajyavardhan24","1","1","2"
"raka_gg","1","1","2"
"Rakesheduru","1","1","2"
"rakshi2980","1","1","2"
"RakuJ","1","1","2"
"RAlexandr","1","1","2"
"ralf1966","1","1","2"
"Ralijus","1","1","2"
"Ralphkenth","1","1","2"
"Rama1997","1","1","2"
"Ramadan_2013","1","1","2"
"Ramanan1","1","1","2"
"ramannam","1","1","2"
"ramazan1970","1","1","2"
"Ramazotti","1","1","2"
"Ramces","1","1","2"
"RameseyXD","1","1","2"
"ramgoat2","1","1","2"
"Ramid_Ruhunage","1","1","2"
"Ramilzdarovakakdela","1","1","2"
"Raminnajafvand13","1","1","2"
"RamK2008","1","1","2"
"Ramkumar00","1","1","2"
"Ramloveschess","1","1","2"
"Ramo1903","1","1","2"
"Ramon1963","1","1","2"
"RAMONCHOLOPEZ","1","1","2"
"ramonmolina","1","1","2"
"RamonNovo","1","1","2"
"RamonRos","1","1","2"
"rams073","1","1","2"
"RamsesMarcos","1","1","2"
"Ramsey-amr","1","1","2"
"ramyjob","1","1","2"
"RAMZImERDJA","1","1","2"
"Ramzy2021","1","1","2"
"RamzyMeg","1","1","2"
"rana1938","1","1","2"
"ranchtraylor","1","1","2"
"randalao","1","1","2"
"Randapur","1","1","2"
"randgris","1","1","2"
"random_set_theory","1","1","2"
"random95","1","1","2"
"RandomUserNew","1","1","2"
"RandomVil","1","1","2"
"RandomYuanyuan","1","1","2"
"Randy666","1","1","2"
"Randycarl","1","1","2"
"RandySavage8","1","1","2"
"ranger14","1","1","2"
"RanggaHHH","1","1","2"
"ranieboy","1","1","2"
"ranjit105","1","1","2"
"Rantusmax","1","1","2"
"raouf1223","1","1","2"
"Raphael1980September","1","1","2"
"Raphamiel","1","1","2"
"Rapid2200","1","1","2"
"rapidigmhari","1","1","2"
"rapidking1234","1","1","2"
"RaPiDo123","1","1","2"
"raptor8134","1","1","2"
"Raptorfurax","1","1","2"
"Raquean2001","1","1","2"
"RaraAvisKM","1","1","2"
"RaresChi","1","1","2"
"raroci","1","1","2"
"RAS1966","1","1","2"
"rasaras11","1","1","2"
"rascaltrent","1","1","2"
"Rasdirosdiana","1","1","2"
"Rasduplytor","1","1","2"
"RasecDivad2022","1","1","2"
"rash_andy","1","1","2"
"rash1906","1","1","2"
"rashawhite","1","1","2"
"rashedngapala","1","1","2"
"rashid_silahua","1","1","2"
"rashidjafarpoor","1","1","2"
"RASHIDNEZMADINOV","1","1","2"
"RashmikaNH2021","1","1","2"
"Rasil_44","1","1","2"
"rasimk","1","1","2"
"raskarkapak","1","1","2"
"Rasmus1234567","1","1","2"
"rasmuspape","1","1","2"
"RastaSmurf","1","1","2"
"Rastodius","1","1","2"
"Rasul_fl","1","1","2"
"Rasul_Sivukhsky_99","1","1","2"
"ratar","1","1","2"
"Ratatoek","1","1","2"
"ratheesh007","1","1","2"
"rathik2","1","1","2"
"RatmirHolod","1","1","2"
"RatnadeepWaghmare","1","1","2"
"Rau_D_Guerrero","1","1","2"
"Rauf020","1","1","2"
"raufnihbos","1","1","2"
"Raul-16","1","1","2"
"Raul0909","1","1","2"
"Raul8700","1","1","2"
"raullls","1","1","2"
"raullmaciel","1","1","2"
"RaulTT07","1","1","2"
"Raushan3009","1","1","2"
"Ravenous53","1","1","2"
"Ravi_Shankar_Jharia","1","1","2"
"ravi546","1","1","2"
"Ravi6526","1","1","2"
"Ravil1976","1","1","2"
"ravindermahajan","1","1","2"
"ravindra_kumar1","1","1","2"
"Ravo51","1","1","2"
"rawakash","1","1","2"
"rawandmalik","1","1","2"
"rawat_sir","1","1","2"
"RAWDEDE","1","1","2"
"Rawmeatzz","1","1","2"
"raxelration","1","1","2"
"Ray_Auberge","1","1","2"
"rayan40201","1","1","2"
"rayaneeeeeer","1","1","2"
"rayanvafadar","1","1","2"
"Rayborn1","1","1","2"
"Rayboy123","1","1","2"
"Rayimpro06","1","1","2"
"Rayka123","1","1","2"
"Raymanov_Rustam","1","1","2"
"raymond-pommier","1","1","2"
"Raysacompagny","1","1","2"
"Raytonmec","1","1","2"
"RayVioly","1","1","2"
"rayyan2022","1","1","2"
"rayydonn","1","1","2"
"RazerKeyboard123","1","1","2"
"Razishaikh0","1","1","2"
"Razkiut98","1","1","2"
"Raznicki","1","1","2"
"rbalfonso1991","1","1","2"
"rbeegheee33","1","1","2"
"rbeez2015","1","1","2"
"rbhoopathi04","1","1","2"
"rbleite","1","1","2"
"rbm1603","1","1","2"
"RBORANIA","1","1","2"
"rbro103","1","1","2"
"rbrtshqsp","1","1","2"
"rcarlosrv","1","1","2"
"rcarodrigo","1","1","2"
"RCBC","1","1","2"
"RCC92","1","1","2"
"Rchen112","1","1","2"
"rchin1972","1","1","2"
"rcsatranckerem2010","1","1","2"
"rct3533","1","1","2"
"rd_azahan","1","1","2"
"rdchawla","1","1","2"
"rdonde","1","1","2"
"Rdrchess","1","1","2"
"rds05","1","1","2"
"RDutra","1","1","2"
"Re3q","1","1","2"
"Reactdestroyer","1","1","2"
"REAG050","1","1","2"
"Real_AlM1GhTy","1","1","2"
"real_samrat","1","1","2"
"Real-grandfather","1","1","2"
"real-primz","1","1","2"
"realherobalenshah","1","1","2"
"Realist12","1","1","2"
"Realitet","1","1","2"
"realjustin932k","1","1","2"
"RealPandau","1","1","2"
"Realpeeps1","1","1","2"
"realplayer269","1","1","2"
"RealZaragoza","1","1","2"
"RealZiggy","1","1","2"
"RebecaRA","1","1","2"
"rebeka_rasht","1","1","2"
"rebelka17","1","1","2"
"RebelTitom","1","1","2"
"Rebis92","1","1","2"
"rebonamibs","1","1","2"
"RecebovHeyder","1","1","2"
"recee","1","1","2"
"reckless90","1","1","2"
"recluse96","1","1","2"
"Reconkid956","1","1","2"
"Red_King_230","1","1","2"
"red_ranger_np","1","1","2"
"red-angri-duck-2010f","1","1","2"
"Red-creamy","1","1","2"
"Reda_alshenawy202220","1","1","2"
"Reda-chess","1","1","2"
"Reda0101","1","1","2"
"redaa3","1","1","2"
"redbeet1007","1","1","2"
"Redboy200","1","1","2"
"RedBull55555","1","1","2"
"redcam","1","1","2"
"redchess0","1","1","2"
"ReddKitt","1","1","2"
"reddychessgame","1","1","2"
"RedfieldBristol","1","1","2"
"RedFire_Pele","1","1","2"
"redgar14","1","1","2"
"redgreenkafkaf","1","1","2"
"RedHero7888","1","1","2"
"redintong26","1","1","2"
"RedlineSocialismo","1","1","2"
"Redlion3164","1","1","2"
"RedNW","1","1","2"
"redOnion16","1","1","2"
"RedP91","1","1","2"
"RedPhoenix_7","1","1","2"
"RedRapax88","1","1","2"
"RedRobinYum","1","1","2"
"Redsocket","1","1","2"
"redwanunnoor","1","1","2"
"RedZedMax","1","1","2"
"ree21","1","1","2"
"Reebee77","1","1","2"
"reedio","1","1","2"
"Reedmanjim","1","1","2"
"Reedraj","1","1","2"
"Reepicheep2022","1","1","2"
"Reetse","1","1","2"
"Reformator2312","1","1","2"
"Regaele","1","1","2"
"regall","1","1","2"
"regards03","1","1","2"
"regelemare","1","1","2"
"ReggaeShark06","1","1","2"
"reginaldoguape","1","1","2"
"Regishap82","1","1","2"
"Regnar123","1","1","2"
"regornaej","1","1","2"
"Reichsmarshal","1","1","2"
"reidda","1","1","2"
"ReidP","1","1","2"
"Reimylovesss","1","1","2"
"reinaldoferrer","1","1","2"
"Reinalezcano","1","1","2"
"reinamolin","1","1","2"
"Reiter333","1","1","2"
"reksus","1","1","2"
"rekuperator","1","1","2"
"relken","1","1","2"
"Rellu14","1","1","2"
"Relvis","1","1","2"
"remchillhaas","1","1","2"
"remi_x","1","1","2"
"Remi02590","1","1","2"
"remilav","1","1","2"
"Remington7863","1","1","2"
"remirdik","1","1","2"
"RemiT","1","1","2"
"renan_nls","1","1","2"
"RenanAbreu65","1","1","2"
"renas1225","1","1","2"
"Renat1978","1","1","2"
"Renataleeeeeeeeeeeee","1","1","2"
"renatherion","1","1","2"
"RenatoVasquez_ESAN","1","1","2"
"Renchindorj99","1","1","2"
"rennocmc","1","1","2"
"renoid23","1","1","2"
"Renovation76","1","1","2"
"renssoaguilera","1","1","2"
"rentech","1","1","2"
"Renux2014","1","1","2"
"renzex_10","1","1","2"
"Reohgeogh","1","1","2"
"reoline","1","1","2"
"repachok40","1","1","2"
"RepertoireReservoir","1","1","2"
"Requs","1","1","2"
"res2947","1","1","2"
"ResilientKing158","1","1","2"
"resol8","1","1","2"
"ResolVidados","1","1","2"
"respect_the_clown","1","1","2"
"resplandor","1","1","2"
"restamjanu","1","1","2"
"restodeantony","1","1","2"
"reteidfs","1","1","2"
"retheeshsumi123","1","1","2"
"retired22","1","1","2"
"RetroCausality","1","1","2"
"rets200","1","1","2"
"reubs666","1","1","2"
"Reva161","1","1","2"
"Revanthin","1","1","2"
"revenge1959","1","1","2"
"reverse_dracula","1","1","2"
"revijain","1","1","2"
"Reviver13","1","1","2"
"REwgeny","1","1","2"
"rex_raptor","1","1","2"
"rex90r","1","1","2"
"Rexlagudoy09","1","1","2"
"reyaanshGupta","1","1","2"
"ReYaCeRtIjO","1","1","2"
"reyanops","1","1","2"
"Reyansh_S","1","1","2"
"Reyansh10nov","1","1","2"
"Reybin","1","1","2"
"Reyes_23","1","1","2"
"Reyhanehtajik","1","1","2"
"reyjohn481611","1","1","2"
"ReynandRahadian","1","1","2"
"Reynato333","1","1","2"
"Reynegro73","1","1","2"
"Reynier18","1","1","2"
"ReyPab","1","1","2"
"ReyPatriarcaa","1","1","2"
"ReyTheGreat17","1","1","2"
"Reyu15","1","1","2"
"reyz_02","1","1","2"
"Rez156","1","1","2"
"Reza_0044","1","1","2"
"reza_ahm77","1","1","2"
"reza_k_1355","1","1","2"
"reza_ma","1","1","2"
"Reza_Ra-2020","1","1","2"
"REZA-IRAN00","1","1","2"
"reza1417","1","1","2"
"Rfindis","1","1","2"
"rfkbyrf5","1","1","2"
"rfrfrfr","1","1","2"
"rg74","1","1","2"
"RGC_03","1","1","2"
"rgekgero","1","1","2"
"Rggravedeperalta1997","1","1","2"
"rgiyici","1","1","2"
"RGM947","1","1","2"
"rgnjewels","1","1","2"
"rgoldsmith","1","1","2"
"Rgrquintino","1","1","2"
"RGTriforce","1","1","2"
"Rhagulian","1","1","2"
"Rhasgrath","1","1","2"
"rhCP316","1","1","2"
"Rhendi","1","1","2"
"rhenz0820","1","1","2"
"rhino24","1","1","2"
"RHS_salaar","1","1","2"
"Ria_chavan","1","1","2"
"RianChawla","1","1","2"
"riantim","1","1","2"
"ribrah","1","1","2"
"Ricardo_Aguero_71","1","1","2"
"ricardo_consar","1","1","2"
"Ricardo_Ordonez_GUA","1","1","2"
"Ricardo_Yt","1","1","2"
"Ricardoadv","1","1","2"
"ricardoccr","1","1","2"
"ricardoor","1","1","2"
"ricardovil","1","1","2"
"RicardoZurdo23","1","1","2"
"Ricawski","1","1","2"
"rich2184","1","1","2"
"richabadoni","1","1","2"
"richardbaroi55","1","1","2"
"Richardchess86","1","1","2"
"RichardDarchiev","1","1","2"
"richardfeder","1","1","2"
"richardjp5756","1","1","2"
"richardkim","1","1","2"
"RichardLasker","1","1","2"
"richaV","1","1","2"
"Richeck","1","1","2"
"Richi284","1","1","2"
"Richiemrodz","1","1","2"
"RichieRookie","1","1","2"
"richjosh","1","1","2"
"Richka007","1","1","2"
"Richo_78","1","1","2"
"rickinspec","1","1","2"
"Ricko07","1","1","2"
"RickRoelofs2012","1","1","2"
"RICKY97","1","1","2"
"rickytiky22","1","1","2"
"RicMaqueda","1","1","2"
"ricobar","1","1","2"
"ricota","1","1","2"
"Rictizer","1","1","2"
"RIDDHIMAN4MATEU","1","1","2"
"Rider2023","1","1","2"
"RidgyULRA","1","1","2"
"rididoc","1","1","2"
"Ridoy1","1","1","2"
"RifatRifat","1","1","2"
"rifkikurnia27","1","1","2"
"rifqiazaki","1","1","2"
"Rift026","1","1","2"
"RIGOCHESS23","1","1","2"
"rigolofredou","1","1","2"
"rigorous57","1","1","2"
"Riia","1","1","2"
"Rikki_Sanchez","1","1","2"
"Rikooo11","1","1","2"
"Rikukaru","1","1","2"
"riky005s","1","1","2"
"RikyA1","1","1","2"
"Riley32","1","1","2"
"Rimaati","1","1","2"
"rimaruz","1","1","2"
"RimmaNugumanova","1","1","2"
"rinabil","1","1","2"
"Rinat743","1","1","2"
"rincincinzio","1","1","2"
"ringardiyam","1","1","2"
"RingBear","1","1","2"
"Ringo1357","1","1","2"
"Rio_635","1","1","2"
"Rio_Elytra","1","1","2"
"riotir","1","1","2"
"Rip_Van_Pinky","1","1","2"
"riroun","1","1","2"
"RiseofOrdinary","1","1","2"
"rishabhamol","1","1","2"
"RishanSuresh","1","1","2"
"rishi_aus","1","1","2"
"Rishi20","1","1","2"
"RishiChamp2013","1","1","2"
"Rishihb13","1","1","2"
"rishikavinesh","1","1","2"
"RishiRedekar24","1","1","2"
"rishla","1","1","2"
"Risky_Rook3","1","1","2"
"ritaaaa","1","1","2"
"Ritadrik","1","1","2"
"ritasaurier","1","1","2"
"Rithikvel","1","1","2"
"rithukadavoor","1","1","2"
"Rithvikchauhan","1","1","2"
"rithwik1358","1","1","2"
"RithwikJanugam2009","1","1","2"
"ritter1963","1","1","2"
"Ritusripedada","1","1","2"
"ritvikbs","1","1","2"
"ritvikjindal","1","1","2"
"ritz_rithik","1","1","2"
"RitzyPaper","1","1","2"
"riv9","1","1","2"
"Rixat0406","1","1","2"
"RiyaanRaj","1","1","2"
"riyad_1","1","1","2"
"riyakumar08","1","1","2"
"RIYASKHAN","1","1","2"
"Riyasri_Srinivasan","1","1","2"
"Rizartz","1","1","2"
"rizkielhasani","1","1","2"
"Rizotti","1","1","2"
"RizqAqil","1","1","2"
"Rizqi_skkh2020","1","1","2"
"Rizyrcd","1","1","2"
"RizzGuy","1","1","2"
"rizzieri","1","1","2"
"Rjystad","1","1","2"
"rkaroli","1","1","2"
"rlamorato","1","1","2"
"rlizunov","1","1","2"
"rlm2023","1","1","2"
"rlovre","1","1","2"
"rmajuelo","1","1","2"
"rmederovic","1","1","2"
"rmnp","1","1","2"
"RMorrissaivarun","1","1","2"
"rmugundhan","1","1","2"
"RnD161","1","1","2"
"rndsl","1","1","2"
"rnottath","1","1","2"
"Ro-Pok","1","1","2"
"Roach23","1","1","2"
"Road_T0_GM","1","1","2"
"RoadTo10k","1","1","2"
"roadto1753","1","1","2"
"RoadTo2100FIDE","1","1","2"
"RoadToGrandMa","1","1","2"
"ROAson","1","1","2"
"roastplay","1","1","2"
"roastrover","1","1","2"
"rob_roibu","1","1","2"
"Rob1430","1","1","2"
"Rob19891989","1","1","2"
"Robasi","1","1","2"
"Robbiouk","1","1","2"
"robca1957","1","1","2"
"Robelva","1","1","2"
"Rober_311","1","1","2"
"robert_666","1","1","2"
"Robert_95th","1","1","2"
"Robert_r_16","1","1","2"
"RobertaMingo","1","1","2"
"Robertdorking1","1","1","2"
"robertfan050111","1","1","2"
"robertflowers","1","1","2"
"RobertFuntenares366","1","1","2"
"roberthson1","1","1","2"
"roberto1966","1","1","2"
"roberto70","1","1","2"
"robertocaliman","1","1","2"
"robertochess007","1","1","2"
"RobertoMagallanes","1","1","2"
"RobertoReis","1","1","2"
"robertorochin","1","1","2"
"RobertoTarugo","1","1","2"
"RobertRaganyan","1","1","2"
"Roberts2023","1","1","2"
"robi1950","1","1","2"
"RobiCactuss","1","1","2"
"robin14728","1","1","2"
"Robinson60","1","1","2"
"robjbrain","1","1","2"
"Roblox2031","1","1","2"
"RobMan00","1","1","2"
"Robobo-o","1","1","2"
"Roboninja12","1","1","2"
"Roboz","1","1","2"
"robstar95","1","1","2"
"RobSutton","1","1","2"
"Robytand2600","1","1","2"
"rocadani","1","1","2"
"Rocciaventi","1","1","2"
"rocco1958","1","1","2"
"RoccoGiudice","1","1","2"
"Rochademeister7","1","1","2"
"rochel2","1","1","2"
"rochfortraven","1","1","2"
"Rock_2016","1","1","2"
"Rock-1","1","1","2"
"rocketeer0624","1","1","2"
"rocklatan4","1","1","2"
"RockstarCowboy","1","1","2"
"rockymalavia123456","1","1","2"
"RockyPS","1","1","2"
"Rococa","1","1","2"
"Rod_Ars","1","1","2"
"Rod-Madala","1","1","2"
"RodEcuatoriano","1","1","2"
"RodionSos_2012","1","1","2"
"RodionZilbert","1","1","2"
"Rodolfo150487","1","1","2"
"rodophis","1","1","2"
"Rodrigini","1","1","2"
"Rodrigo_Porras_GUA","1","1","2"
"rodrigo-de-jesus","1","1","2"
"Rodrigo232x2","1","1","2"
"rodrigoBRmarkito","1","1","2"
"Rodrigogoetz","1","1","2"
"rodrisoa","1","1","2"
"RodTex","1","1","2"
"Rody82","1","1","2"
"Roeistahy","1","1","2"
"rofpuu","1","1","2"
"Rog4l","1","1","2"
"roger321123","1","1","2"
"rogerbr","1","1","2"
"RogerGF","1","1","2"
"Roha68","1","1","2"
"rohankher","1","1","2"
"RohanParsan118","1","1","2"
"Rohit00800","1","1","2"
"Rohit2014","1","1","2"
"rohitbisariya","1","1","2"
"rohith_sadurangam","1","1","2"
"Rohitjain","1","1","2"
"rohits47","1","1","2"
"RohitStewart4f","1","1","2"
"ROHITTH1","1","1","2"
"Rohya2006","1","1","2"
"Roidelromero","1","1","2"
"RoiDuBuzz","1","1","2"
"rojant","1","1","2"
"roke17","1","1","2"
"Roket_Flame","1","1","2"
"Rokh1900","1","1","2"
"Rokito1","1","1","2"
"Rokon_is_great","1","1","2"
"Roland143","1","1","2"
"RolandNuila","1","1","2"
"Rolex_01","1","1","2"
"rolfcamper","1","1","2"
"Rolfepple","1","1","2"
"Rolis4","1","1","2"
"roller001","1","1","2"
"Rolollo94","1","1","2"
"Rolty96","1","1","2"
"Rolues","1","1","2"
"Roma20012015","1","1","2"
"RomaDuke","1","1","2"
"Romain31830","1","1","2"
"ROMAN_1113","1","1","2"
"Roman_3324","1","1","2"
"Roman_Berezin_Karp","1","1","2"
"Roman_Korchak","1","1","2"
"Roman_Kozyr","1","1","2"
"Roman_Veselov","1","1","2"
"roman-vaniev","1","1","2"
"roman033","1","1","2"
"Roman0490","1","1","2"
"Roman2310","1","1","2"
"Roman77777r","1","1","2"
"RomanDev","1","1","2"
"RomanGarafutdinov","1","1","2"
"Romanidze777","1","1","2"
"RomanKapica777","1","1","2"
"RomanKozhevnikov","1","1","2"
"RomanLim","1","1","2"
"RomanM93","1","1","2"
"RomanMoskvitin","1","1","2"
"Romano95","1","1","2"
"RomanVll","1","1","2"
"romar123","1","1","2"
"Romario1977","1","1","2"
"ROMARIOHS","1","1","2"
"RomaRioRio1","1","1","2"
"Romee27","1","1","2"
"romemusic","1","1","2"
"Romeo_Mcflourish","1","1","2"
"Romeo-B","1","1","2"
"romgor","1","1","2"
"romlpnt","1","1","2"
"rommelsharma","1","1","2"
"Romukas1981","1","1","2"
"Romul_123","1","1","2"
"ROMYCH40","1","1","2"
"romygar65","1","1","2"
"RonaldoMbappe1","1","1","2"
"RonaldoRealGoat12","1","1","2"
"Ronchess22","1","1","2"
"Ronert1918","1","1","2"
"rongel6","1","1","2"
"Rongit123","1","1","2"
"Roni_Andika","1","1","2"
"ronisubagyo","1","1","2"
"ronjieboy","1","1","2"
"Ronkoma","1","1","2"
"Ronnoch76","1","1","2"
"Ronoooo","1","1","2"
"Rony_2007","1","1","2"
"Rony20","1","1","2"
"RonzhinAn","1","1","2"
"rood_73","1","1","2"
"Rook7Knight","1","1","2"
"Rookinator1","1","1","2"
"rookingfish","1","1","2"
"RookKnightQueen","1","1","2"
"RookNyeki","1","1","2"
"Room_23","1","1","2"
"roomanchoo","1","1","2"
"roombrieeee","1","1","2"
"roop1401","1","1","2"
"roOt2369","1","1","2"
"Rooy7","1","1","2"
"rooziii","1","1","2"
"Roparikhy","1","1","2"
"Roq77","1","1","2"
"Roque-Poblete","1","1","2"
"Roronoa_Rozo","1","1","2"
"Roronoavinny","1","1","2"
"Rorschach73","1","1","2"
"RoRue1","1","1","2"
"Rosach_13","1","1","2"
"RosBuilding","1","1","2"
"Rose1985","1","1","2"
"Rosefera","1","1","2"
"Rosemary244","1","1","2"
"ROSENEHA","1","1","2"
"Roshan_Karthik14","1","1","2"
"Roshan-Tripathy","1","1","2"
"Ross95","1","1","2"
"ROSSBLECKNER","1","1","2"
"rosse78","1","1","2"
"Rostov-na-Donu_from","1","1","2"
"RoSu1958","1","1","2"
"rotticuit","1","1","2"
"RouDouDVeRon","1","1","2"
"Rovarov00","1","1","2"
"Rovshan194","1","1","2"
"Roweekey","1","1","2"
"RoxyandPersia","1","1","2"
"Royal159","1","1","2"
"RoyalBiship101","1","1","2"
"Royalknight2023","1","1","2"
"roydent","1","1","2"
"RoyKolichal","1","1","2"
"royraj1929","1","1","2"
"roza_melano","1","1","2"
"rozzilla","1","1","2"
"rpa495","1","1","2"
"Rpopp","1","1","2"
"rrautela009","1","1","2"
"rrcn","1","1","2"
"Rromero77","1","1","2"
"RrOn_ReCiCa","1","1","2"
"rrotstain","1","1","2"
"rs2015","1","1","2"
"rsaeedii91","1","1","2"
"rseha51","1","1","2"
"Rseven7","1","1","2"
"rshah2010","1","1","2"
"rsimpson","1","1","2"
"Rskkds","1","1","2"
"RSky","1","1","2"
"rsleal","1","1","2"
"rsu83","1","1","2"
"rtlrtl","1","1","2"
"RTX3095","1","1","2"
"ruairio12","1","1","2"
"rubabaches","1","1","2"
"RubanEd","1","1","2"
"Rubashri11","1","1","2"
"RubaSliper","1","1","2"
"rubberexelir25","1","1","2"
"Ruben_inigo77","1","1","2"
"Ruben1345","1","1","2"
"rubenajedrez29","1","1","2"
"Rubencho39","1","1","2"
"rubikscube13","1","1","2"
"RubinFarr","1","1","2"
"rubixcube9","1","1","2"
"Rubixninja","1","1","2"
"Rubiz0R","1","1","2"
"Rubronegro2019","1","1","2"
"ruchkam","1","1","2"
"rucro26","1","1","2"
"rudenvas","1","1","2"
"rudeszzz","1","1","2"
"Rudikasyan","1","1","2"
"rudishslava","1","1","2"
"Rudolf937","1","1","2"
"Rudolfo56","1","1","2"
"rudotato","1","1","2"
"Rudra_Agnihotri27","1","1","2"
"RudraaGaglani","1","1","2"
"Rudrakshjsatnamee","1","1","2"
"rudralic","1","1","2"
"Rudraonly","1","1","2"
"RudyBoughaba","1","1","2"
"ruegg","1","1","2"
"Rufino1223","1","1","2"
"ruhadam2017","1","1","2"
"ruhtradls","1","1","2"
"Ruisaraiva","1","1","2"
"rujul07","1","1","2"
"Rukola","1","1","2"
"Rule79","1","1","2"
"ruleryour","1","1","2"
"Ruletemburgo","1","1","2"
"rulo24","1","1","2"
"rum0rs","1","1","2"
"Rumbin1971","1","1","2"
"Rumblemint","1","1","2"
"Rumburak987","1","1","2"
"rumgeorge","1","1","2"
"rumianek","1","1","2"
"Rumira","1","1","2"
"Run_VictorCastro","1","1","2"
"Runalpatil","1","1","2"
"Runie2206","1","1","2"
"runjumphenry007","1","1","2"
"runnernecrash","1","1","2"
"runningdave","1","1","2"
"Ruonald","1","1","2"
"rupalil001","1","1","2"
"RupamAxom","1","1","2"
"rupanzal1234","1","1","2"
"rupert_brandt_jr","1","1","2"
"rupeshjaiswal","1","1","2"
"Rururoro","1","1","2"
"rusa1285","1","1","2"
"Rusalacka","1","1","2"
"rusefa76","1","1","2"
"Rusello","1","1","2"
"rusgol","1","1","2"
"Rushabh_1190","1","1","2"
"Rusiru12","1","1","2"
"Ruslan0209","1","1","2"
"RuslanD1986","1","1","2"
"Ruslix","1","1","2"
"Ruso1984","1","1","2"
"rusolacesira","1","1","2"
"russia2356","1","1","2"
"RussianVirus","1","1","2"
"russliliy","1","1","2"
"rustamcfc","1","1","2"
"rustasaeed84","1","1","2"
"Rustic978","1","1","2"
"RustNeverSleeps88","1","1","2"
"Rut1808","1","1","2"
"ruthlesseagle","1","1","2"
"Rutlessking","1","1","2"
"rutschmail","1","1","2"
"rutvij7","1","1","2"
"Rutvik_chess","1","1","2"
"ruuiadizysm","1","1","2"
"Ruya3","1","1","2"
"Ruysal7","1","1","2"
"Ruzgaraydin61","1","1","2"
"ruzimersie","1","1","2"
"Rvraj2","1","1","2"
"RwinnerB","1","1","2"
"rwlinno","1","1","2"
"Ry_Guy","1","1","2"
"Ryaan15","1","1","2"
"Ryadhassan","1","1","2"
"RyadovSemyon_11","1","1","2"
"ryan1692","1","1","2"
"RyanAmaBianca1","1","1","2"
"ryanbear1","1","1","2"
"Ryanbluejay","1","1","2"
"ryanboy1","1","1","2"
"RyanCafc","1","1","2"
"ryanjblum","1","1","2"
"RyanJSR","1","1","2"
"RYANNHK","1","1","2"
"Ryanpaul2014","1","1","2"
"ryanpdarling","1","1","2"
"RyanStewart","1","1","2"
"RyanWong_0910","1","1","2"
"Rybak_Vladislav","1","1","2"
"rybenkii_dima-2022","1","1","2"
"Rybnyi_master","1","1","2"
"rybso","1","1","2"
"Rykov_Romashka","1","1","2"
"RyooshiChess","1","1","2"
"RyotoBan","1","1","2"
"ryoubakuraa","1","1","2"
"Ryowe25","1","1","2"
"ryslanfamilia","1","1","2"
"rythamc","1","1","2"
"RYUK24","1","1","2"
"ryzit","1","1","2"
"RZALA123","1","1","2"
"rzapson30","1","1","2"
"rzemood","1","1","2"
"rzeta_10","1","1","2"
"s_5ht420","1","1","2"
"S_75","1","1","2"
"s_bz","1","1","2"
"s_mh","1","1","2"
"s_rajanan","1","1","2"
"s_s_s","1","1","2"
"S_T_A_L_E_M_A_T_E","1","1","2"
"S-Chiza","1","1","2"
"S-k-a-i","1","1","2"
"S-Queen7","1","1","2"
"S-Srinanda-Vikas","1","1","2"
"s0IEK","1","1","2"
"S0phir","1","1","2"
"s1390aliabbasi","1","1","2"
"S1KILL_UK","1","1","2"
"s2l2","1","1","2"
"S3W9","1","1","2"
"s555s","1","1","2"
"S5804MATIC","1","1","2"
"S60Sam","1","1","2"
"s63206010042","1","1","2"
"sa_mura1","1","1","2"
"Sa0m","1","1","2"
"SA3256345751","1","1","2"
"Saaaaaaif","1","1","2"
"saacalidad","1","1","2"
"saadat_mahfouz","1","1","2"
"saadatinia","1","1","2"
"saanvi201026","1","1","2"
"SaanvibishtB","1","1","2"
"SaarthikDinda","1","1","2"
"Saati71","1","1","2"
"Saatsaz","1","1","2"
"sabarnaneogi","1","1","2"
"sabbarin","1","1","2"
"sabdiel-merche_1981","1","1","2"
"saber55","1","1","2"
"sabereh_sadat_miri","1","1","2"
"sabersaboor","1","1","2"
"SabesIvan23324","1","1","2"
"sabet_2014","1","1","2"
"SABHNikolai","1","1","2"
"SABHTimothyT","1","1","2"
"Sabiote","1","1","2"
"Sabir-78","1","1","2"
"sabirmammadov_341","1","1","2"
"sablyeGanesh","1","1","2"
"sabnik1010","1","1","2"
"sabooei","1","1","2"
"Sabriborhan","1","1","2"
"Sabrican_emre14","1","1","2"
"Sabricc","1","1","2"
"Sabronis","1","1","2"
"SABX1Danier","1","1","2"
"Sacari","1","1","2"
"Sacha_Brus","1","1","2"
"Sacha111","1","1","2"
"Sacha2266","1","1","2"
"SachaBouet","1","1","2"
"SachaGembik2015","1","1","2"
"Sachin_2008","1","1","2"
"Sachin0903","1","1","2"
"Sachin2005","1","1","2"
"Sachin21","1","1","2"
"sachin4s","1","1","2"
"sachu2017","1","1","2"
"Sacirovic","1","1","2"
"sacmol","1","1","2"
"sacr007","1","1","2"
"sacto","1","1","2"
"sadbishop714","1","1","2"
"saddam_noori22","1","1","2"
"saddsaadsasdasdsd","1","1","2"
"Sadek45","1","1","2"
"SADHAHA","1","1","2"
"Sadhguru_05","1","1","2"
"sadik_hussaintkii","1","1","2"
"SADIK_YILMAZ_58","1","1","2"
"sadikoptc","1","1","2"
"saditou","1","1","2"
"sadja","1","1","2"
"sadrahoseini","1","1","2"
"saduwara","1","1","2"
"Sadykus","1","1","2"
"saeed_J_15","1","1","2"
"Saeed_sm3","1","1","2"
"Saeedsadeq","1","1","2"
"saeeeeed62","1","1","2"
"Safba","1","1","2"
"Safeorangedance","1","1","2"
"safepoeticbullfrog","1","1","2"
"safferican","1","1","2"
"saffirebloom","1","1","2"
"safinur","1","1","2"
"Saforycr7","1","1","2"
"Safron13","1","1","2"
"Saftschuettler","1","1","2"
"safwany","1","1","2"
"SageAkash","1","1","2"
"SageJuice","1","1","2"
"SageSharmes","1","1","2"
"sAH2Romel","1","1","2"
"SAH3709","1","1","2"
"SAH4NOAHM","1","1","2"
"Sahabaj","1","1","2"
"sahabettin01","1","1","2"
"sahana16","1","1","2"
"Sahel_sheikh","1","1","2"
"sahib_44","1","1","2"
"SahijMamedOmaj","1","1","2"
"sahil_kumar_sehrawat","1","1","2"
"Sahil23100","1","1","2"
"SahilAlifiya","1","1","2"
"SahilRustamovvvvv","1","1","2"
"SahMat18766","1","1","2"
"Sahns","1","1","2"
"sahrai","1","1","2"
"Sahu_aniket","1","1","2"
"SAHYAUSTINF","1","1","2"
"Said_Gafurov","1","1","2"
"said-123","1","1","2"
"said15xd","1","1","2"
"saidaboadam","1","1","2"
"saidineshk","1","1","2"
"saied1381","1","1","2"
"saiful_ashar","1","1","2"
"saiiiiiii07","1","1","2"
"Saikrisha","1","1","2"
"sailbouy","1","1","2"
"sainadh1","1","1","2"
"SAINESHMURTHY","1","1","2"
"saint_god_arturity","1","1","2"
"SaintAnselms_Zijun","1","1","2"
"saintlebeda","1","1","2"
"sairam2908","1","1","2"
"SaiRohanS","1","1","2"
"Saisahastadh","1","1","2"
"SaiShreyash","1","1","2"
"SaiSkanda2016","1","1","2"
"saivanirudh","1","1","2"
"Saiyamjain_2303","1","1","2"
"sajad_s","1","1","2"
"sAjAd-123","1","1","2"
"sajal20","1","1","2"
"sajeer","1","1","2"
"sajidgoes","1","1","2"
"sajidlalu","1","1","2"
"sajin007","1","1","2"
"sajr-ginting04","1","1","2"
"saketramsinghani6969","1","1","2"
"Sakhito2000","1","1","2"
"Sakila2016","1","1","2"
"Sakip","1","1","2"
"sakoragi","1","1","2"
"Saksham_Agarwal","1","1","2"
"Sakthivel1968","1","1","2"
"Salah-Ad-Din88","1","1","2"
"Salah1900","1","1","2"
"salah2018Ramadan","1","1","2"
"SalahSalahEldin","1","1","2"
"salahuddin_al_ayyubi","1","1","2"
"salahuddinsheikh","1","1","2"
"Salano","1","1","2"
"SalarRahnema","1","1","2"
"salauddinjalal","1","1","2"
"salavaris","1","1","2"
"salcagibisin35","1","1","2"
"saldai","1","1","2"
"saldi77","1","1","2"
"SALDIRGAN2","1","1","2"
"Sale04","1","1","2"
"saleem000","1","1","2"
"saleem003","1","1","2"
"saleem5880","1","1","2"
"Saleh_mansour99","1","1","2"
"saleh123SA","1","1","2"
"Salehammar","1","1","2"
"salesalinjo","1","1","2"
"Salhza","1","1","2"
"saliba_cristo96","1","1","2"
"salibay26","1","1","2"
"sally32","1","1","2"
"sally74rookie","1","1","2"
"Salma_3_3","1","1","2"
"Salman_KabCianjur","1","1","2"
"salman62","1","1","2"
"salocin_07","1","1","2"
"Salomon2712","1","1","2"
"Salomoniere","1","1","2"
"Salomonkalou","1","1","2"
"salsito","1","1","2"
"Saltanatt","1","1","2"
"Saltpickle","1","1","2"
"Salvaterra","1","1","2"
"Salvio82","1","1","2"
"salzhering","1","1","2"
"Sam_Njogu","1","1","2"
"sam3333","1","1","2"
"Samadhanpatil","1","1","2"
"samadhonarmand","1","1","2"
"samajestesophie","1","1","2"
"SAMalia","1","1","2"
"saman_soltani606","1","1","2"
"samaneh1394","1","1","2"
"samanmoosa","1","1","2"
"samanori1364","1","1","2"
"samarthmrajoisbtm","1","1","2"
"samasone","1","1","2"
"Samat_KZ86","1","1","2"
"sambadanne","1","1","2"
"sambajazz","1","1","2"
"SambaOhrSchleck","1","1","2"
"sambit0705","1","1","2"
"Sambrano67","1","1","2"
"SambuddhaDas","1","1","2"
"SamCheese","1","1","2"
"samds","1","1","2"
"samer_088","1","1","2"
"samer990","1","1","2"
"sami2710","1","1","2"
"samijoost","1","1","2"
"samiyar2023","1","1","2"
"Samizard","1","1","2"
"samKABZ","1","1","2"
"sammehfoda","1","1","2"
"sammiej","1","1","2"
"samodle","1","1","2"
"Samokysh","1","1","2"
"SamOlex","1","1","2"
"Samoo-bts","1","1","2"
"samoosa00","1","1","2"
"SamRa57","1","1","2"
"samrat_ghodge","1","1","2"
"samridh18gupta","1","1","2"
"Samritha_CB","1","1","2"
"samseb","1","1","2"
"samsertm","1","1","2"
"SamSlaughter","1","1","2"
"SamuBlues","1","1","2"
"Samuel_R2R1","1","1","2"
"samuel-1999","1","1","2"
"samuel12345678901","1","1","2"
"samuelaye03","1","1","2"
"Samuelidr","1","1","2"
"SamuelJackson1972","1","1","2"
"samuelkane","1","1","2"
"samuelQ","1","1","2"
"Samueltsui","1","1","2"
"SamuelWarnerChess","1","1","2"
"Samurai_KingSlayer","1","1","2"
"Samvel1233","1","1","2"
"SamvelARM","1","1","2"
"samwest","1","1","2"
"Samyak03","1","1","2"
"samyangbang","1","1","2"
"samyduran","1","1","2"
"San-j123","1","1","2"
"sana_shaikh","1","1","2"
"sanabreson","1","1","2"
"Sanad243","1","1","2"
"sanaku","1","1","2"
"sanaul_sar_1","1","1","2"
"Sanay_9090","1","1","2"
"sanayjain123","1","1","2"
"sanayssagar","1","1","2"
"Sancheess123","1","1","2"
"SanChezz16","1","1","2"
"Sanchezz19","1","1","2"
"sanchit11","1","1","2"
"sanchita_ghosh","1","1","2"
"SanchosPa","1","1","2"
"sanci2439","1","1","2"
"sandasi2012","1","1","2"
"Sanddancer","1","1","2"
"sandeepdeybraingames","1","1","2"
"Sandhusaab04","1","1","2"
"Sandie_rsa","1","1","2"
"Sandip_077","1","1","2"
"Sandipan_INDIA","1","1","2"
"Sandipmakwana","1","1","2"
"sandiyaram","1","1","2"
"Sandravv","1","1","2"
"sandrik34","1","1","2"
"sandro_cottus","1","1","2"
"SandroDelgado","1","1","2"
"SandroDemontis","1","1","2"
"sandy_3280-TN","1","1","2"
"Sandy25","1","1","2"
"sandysandals2014","1","1","2"
"Saneesh2022","1","1","2"
"Sanek_1988","1","1","2"
"SanekFeo","1","1","2"
"SANEX","1","1","2"
"sanfoor_47","1","1","2"
"Sangam997","1","1","2"
"sanghviHK","1","1","2"
"sangisi","1","1","2"
"Sanhya","1","1","2"
"Sania95","1","1","2"
"Sanjay_2002","1","1","2"
"Sanjay_Dharmani","1","1","2"
"sanjay200","1","1","2"
"Sanjeev_2013","1","1","2"
"sanjeevani123","1","1","2"
"Sanjiking","1","1","2"
"sanju027","1","1","2"
"sanju2013","1","1","2"
"sanka_eu","1","1","2"
"Sankrit","1","1","2"
"SanLit","1","1","2"
"Sannidhi124","1","1","2"
"SanproGamer868","1","1","2"
"SanSanich2009","1","1","2"
"SansculotteIII","1","1","2"
"sansrob","1","1","2"
"SansTitre42","1","1","2"
"Santafe_9","1","1","2"
"Santaigo2","1","1","2"
"Santiago020908","1","1","2"
"SantiagoAndre_2-3","1","1","2"
"SantiagoAU","1","1","2"
"santikyles1818","1","1","2"
"santiobuchpeh","1","1","2"
"Santiruiz15","1","1","2"
"Santoinji","1","1","2"
"santomega91","1","1","2"
"Santoo0000","1","1","2"
"Santoor25","1","1","2"
"Santosh49352","1","1","2"
"SantoshRamchandre","1","1","2"
"Sanuka_2009","1","1","2"
"sanvedchess","1","1","2"
"sanvi01","1","1","2"
"sanxetos","1","1","2"
"sanya33_13","1","1","2"
"Sanya582","1","1","2"
"sanyabelyaev240302","1","1","2"
"Sanyii069","1","1","2"
"Sanyng","1","1","2"
"Sanzhar_27","1","1","2"
"SanzharB","1","1","2"
"sao2","1","1","2"
"Saounak-Dalal","1","1","2"
"sap2smart4u","1","1","2"
"saparbekxs","1","1","2"
"saphalya","1","1","2"
"Sapper_Morton","1","1","2"
"sara_bakhshi1985","1","1","2"
"sara-h","1","1","2"
"sara987456","1","1","2"
"Sara99999999","1","1","2"
"sarad_spring","1","1","2"
"sarajafari","1","1","2"
"sarakansjakk","1","1","2"
"sarang90","1","1","2"
"saranov86","1","1","2"
"saranrockzz","1","1","2"
"sarapiov","1","1","2"
"Sarasbsc","1","1","2"
"SarathKumar911","1","1","2"
"Saravanan111111","1","1","2"
"saravanan144","1","1","2"
"sarbaz2535","1","1","2"
"SardarMiraj","1","1","2"
"SarDav","1","1","2"
"Sardor24112007","1","1","2"
"sare_216","1","1","2"
"sareddystar","1","1","2"
"saree20142014","1","1","2"
"sarekontas","1","1","2"
"sargon07","1","1","2"
"sarik07","1","1","2"
"sarkadava","1","1","2"
"SAROFaithKO","1","1","2"
"SarozYusof","1","1","2"
"sarphascan","1","1","2"
"SARTHIKI2513","1","1","2"
"SarthReddy","1","1","2"
"Sartipa","1","1","2"
"sarungan88","1","1","2"
"SARVESH01","1","1","2"
"SarveshPathak","1","1","2"
"SARVETHA2011","1","1","2"
"saryd99","1","1","2"
"Sasa_Veljkovic0708","1","1","2"
"SasaPopovic","1","1","2"
"SasaRajnovic","1","1","2"
"Sasatron","1","1","2"
"sasauzelac","1","1","2"
"sash14","1","1","2"
"sasha_2118","1","1","2"
"sasha_dolinchi","1","1","2"
"Sasha_Karat","1","1","2"
"Sasha_siv","1","1","2"
"sasha-fizik","1","1","2"
"sasha-schetova","1","1","2"
"sasha2518","1","1","2"
"Sasha3107","1","1","2"
"Sasha746484637353836","1","1","2"
"SashaBogatyrenko","1","1","2"
"SashaeLogan","1","1","2"
"SashaMikh","1","1","2"
"SaShKa-1997","1","1","2"
"Sasho_1_9_2_7","1","1","2"
"sashok456","1","1","2"
"SasiBala","1","1","2"
"sasimycin","1","1","2"
"SasirekhaAnandkumar","1","1","2"
"Sasirunethmitha","1","1","2"
"Sassobello","1","1","2"
"satafatalite","1","1","2"
"sateeshjaypee","1","1","2"
"Sateeshnagamalli","1","1","2"
"Sathish_1971","1","1","2"
"sathish_sherwin","1","1","2"
"Sathwik11","1","1","2"
"satishkumar123","1","1","2"
"satko","1","1","2"
"Sato_Kazuma4","1","1","2"
"satranc1_2","1","1","2"
"Sattai","1","1","2"
"SatvikReddyChess7","1","1","2"
"Satya_sena","1","1","2"
"satya3112","1","1","2"
"satyasaranpatra","1","1","2"
"sauber163","1","1","2"
"saud-2","1","1","2"
"Saulenko","1","1","2"
"saullosg","1","1","2"
"saulo1029","1","1","2"
"saulo156","1","1","2"
"Saumyabha","1","1","2"
"saurabh2601","1","1","2"
"saurabh4766","1","1","2"
"SAUSKaitlyn","1","1","2"
"SAUSMaxL","1","1","2"
"Sava_Champ","1","1","2"
"Sava_S7","1","1","2"
"sava2001","1","1","2"
"savan10","1","1","2"
"savarie17","1","1","2"
"savascelik1","1","1","2"
"save7penguins","1","1","2"
"SavelevStepan","1","1","2"
"Saveliy1356","1","1","2"
"saveriocp","1","1","2"
"savhunter2011","1","1","2"
"Savva-M","1","1","2"
"savvas94","1","1","2"
"Saw_6","1","1","2"
"Saxodom","1","1","2"
"Sayajin_Furios","1","1","2"
"Sayantan_M03","1","1","2"
"Sayat17","1","1","2"
"sayedmans9","1","1","2"
"saytoanam","1","1","2"
"sayuldamsith","1","1","2"
"Saywmenotevenclose","1","1","2"
"Sayyedhamdan","1","1","2"
"SaZZy_K","1","1","2"
"SB88Tamoz","1","1","2"
"SBASILE52","1","1","2"
"sbbbrn","1","1","2"
"sbd1310","1","1","2"
"sbrayhadn1223","1","1","2"
"sbronky","1","1","2"
"Sc196","1","1","2"
"scamuffo","1","1","2"
"scannedinzurich","1","1","2"
"scarabeerhinoceros","1","1","2"
"Scardoza","1","1","2"
"ScatmanMessicano","1","1","2"
"scc5","1","1","2"
"scc5199","1","1","2"
"scdsb","1","1","2"
"SCH-KBG-14","1","1","2"
"schaaaaaaak","1","1","2"
"schaakgenius","1","1","2"
"schach999","1","1","2"
"Schachatustra","1","1","2"
"Schachbahr","1","1","2"
"Schachfeldbauer","1","1","2"
"Schachgott23","1","1","2"
"Schachgott420","1","1","2"
"SchachJoerg","1","1","2"
"schachjulius","1","1","2"
"SchachklubKitzingen","1","1","2"
"SchackeAttacke","1","1","2"
"SchacMATT","1","1","2"
"schakh","1","1","2"
"schanas","1","1","2"
"Schapschalulu","1","1","2"
"scharfschuetzer","1","1","2"
"Schattendasein","1","1","2"
"schecka","1","1","2"
"schertzer98","1","1","2"
"schessmastrr","1","1","2"
"schessnk","1","1","2"
"SchiberInu","1","1","2"
"schievelbeyn","1","1","2"
"Schlafzugfuehrer","1","1","2"
"schleierhaft","1","1","2"
"schmelowszkydavid","1","1","2"
"schmittla94","1","1","2"
"schnitzeldoern","1","1","2"
"Schophoenix","1","1","2"
"schow2ry","1","1","2"
"schueca","1","1","2"
"Schulze","1","1","2"
"schwitters","1","1","2"
"sciential","1","1","2"
"Scimirok","1","1","2"
"ScionRoci","1","1","2"
"scissorhoe","1","1","2"
"Sciur","1","1","2"
"ScooterMcFlip","1","1","2"
"SCOPEEE","1","1","2"
"scorpino81","1","1","2"
"scorpion1136","1","1","2"
"Scorpiones","1","1","2"
"ScorpionsArt","1","1","2"
"scott_mpls","1","1","2"
"scottaix73","1","1","2"
"Scourger","1","1","2"
"scrambles56","1","1","2"
"scratchero","1","1","2"
"Scratchy2203","1","1","2"
"ScreamingEagles69","1","1","2"
"Screwjack","1","1","2"
"scrubsta","1","1","2"
"Scubaphil55","1","1","2"
"scylladb","1","1","2"
"Sczur","1","1","2"
"SDAD-CDIAZ","1","1","2"
"SDB81","1","1","2"
"sdffds","1","1","2"
"se1ch","1","1","2"
"sea-monkey","1","1","2"
"Seabath","1","1","2"
"SeakFear","1","1","2"
"Seancha731","1","1","2"
"SeaWeed32","1","1","2"
"seawolf667","1","1","2"
"Seba-Szachista","1","1","2"
"Seba28","1","1","2"
"SebaDar92","1","1","2"
"sebapessacq","1","1","2"
"Sebas_Michaelis","1","1","2"
"sebas2310","1","1","2"
"sebask87","1","1","2"
"Sebassi001","1","1","2"
"Sebastian_Bauer","1","1","2"
"Sebastian_Bou","1","1","2"
"SebastianGonzalezL","1","1","2"
"SebastianSter","1","1","2"
"Sebb9876","1","1","2"
"Sebirasiertdich","1","1","2"
"SebKingofChess","1","1","2"
"sebliv","1","1","2"
"SebMaster84","1","1","2"
"Sebseb787","1","1","2"
"Sebway123","1","1","2"
"sebway2","1","1","2"
"SECB123","1","1","2"
"seckin9","1","1","2"
"SecondQ","1","1","2"
"sectho","1","1","2"
"SECUN","1","1","2"
"Sed1787","1","1","2"
"sed97","1","1","2"
"sedesd","1","1","2"
"sedinkin","1","1","2"
"sedthafinga","1","1","2"
"sedub01","1","1","2"
"seekoei","1","1","2"
"Seema1970","1","1","2"
"sefaxo","1","1","2"
"SEGA1979","1","1","2"
"Segaphone","1","1","2"
"Segodin-1982","1","1","2"
"segundo1976","1","1","2"
"SehabS","1","1","2"
"sehansav1","1","1","2"
"Sehcyrple","1","1","2"
"sehemat","1","1","2"
"sehri123","1","1","2"
"seideegiapulp","1","1","2"
"seif009","1","1","2"
"SEIRAWAN1900","1","1","2"
"seishy","1","1","2"
"seism7","1","1","2"
"Seitkazin_Daniyal","1","1","2"
"Sejuanpe90","1","1","2"
"sekhvan","1","1","2"
"Sela_74","1","1","2"
"selcukabac","1","1","2"
"selfdualself","1","1","2"
"Selfmsc","1","1","2"
"selimaydin16","1","1","2"
"selimozgul","1","1","2"
"selivanchikalex","1","1","2"
"Sellote","1","1","2"
"sellybelly","1","1","2"
"seloro17","1","1","2"
"SeluSev","1","1","2"
"Selvihan_e","1","1","2"
"Selyukov","1","1","2"
"semaforo3225","1","1","2"
"Semari","1","1","2"
"semaXnatella","1","1","2"
"SemberAlistair","1","1","2"
"Semen18082014","1","1","2"
"Sementrn","1","1","2"
"semicheva1208","1","1","2"
"Semih37A","1","1","2"
"semihoz11","1","1","2"
"semilasso23","1","1","2"
"Semir14","1","1","2"
"semsemano","1","1","2"
"sena83","1","1","2"
"Senduran","1","1","2"
"Senhouse","1","1","2"
"SeniorGara1510","1","1","2"
"senjlimbu","1","1","2"
"Senolbey","1","1","2"
"SenorHombre","1","1","2"
"SenpaiDouma","1","1","2"
"Sensei0001","1","1","2"
"senseyluffy","1","1","2"
"Sentoron","1","1","2"
"SenX","1","1","2"
"SEnYX","1","1","2"
"sepahaniran2003","1","1","2"
"Sepehr81fz","1","1","2"
"Sepehrnabilo","1","1","2"
"sepehrosouli","1","1","2"
"sepehrr1395","1","1","2"
"Sepehrrouhi","1","1","2"
"sepehrsaee1400","1","1","2"
"sephyellow","1","1","2"
"sepidehforadi","1","1","2"
"sepkri","1","1","2"
"seponline","1","1","2"
"sepp2gl","1","1","2"
"Seppi74","1","1","2"
"ser_mak16","1","1","2"
"ser6-jik_6","1","1","2"
"Serajen","1","1","2"
"serAlbert667","1","1","2"
"serame","1","1","2"
"seranbaba","1","1","2"
"Serapsil","1","1","2"
"SerbianEagle021","1","1","2"
"serceoglut-bjk","1","1","2"
"Serchizh","1","1","2"
"Serdar0708","1","1","2"
"serdjom1986","1","1","2"
"Serega_Blacksmith","1","1","2"
"serega1304maksimov87","1","1","2"
"Seremakis","1","1","2"
"serfo","1","1","2"
"SERG_1937","1","1","2"
"serg_goltsev","1","1","2"
"Serg_Lan","1","1","2"
"Serg-nn","1","1","2"
"Serg-str","1","1","2"
"Serg046","1","1","2"
"serg076","1","1","2"
"serg4000","1","1","2"
"Serg5517","1","1","2"
"sergaaaa","1","1","2"
"Sergalli","1","1","2"
"SergantF","1","1","2"
"SergBoss1949","1","1","2"
"sergei_13_09","1","1","2"
"Sergei_Bor","1","1","2"
"sergei_li1983","1","1","2"
"sergei-100656","1","1","2"
"sergei-novikov","1","1","2"
"sergei0427","1","1","2"
"sergei375","1","1","2"
"sergej19820310","1","1","2"
"Sergestein","1","1","2"
"sergey_83","1","1","2"
"Sergey_Andreev","1","1","2"
"Sergey_burakov","1","1","2"
"Sergey_Diu","1","1","2"
"sergey_kat","1","1","2"
"Sergey_Labor22","1","1","2"
"Sergey_Vorozhtsov","1","1","2"
"Sergey13051965","1","1","2"
"sergey14011983","1","1","2"
"Sergey167","1","1","2"
"Sergey2309","1","1","2"
"Sergey29890","1","1","2"
"SergeyBBR","1","1","2"
"Sergeyes","1","1","2"
"SergeyGrSer","1","1","2"
"sergeykovalchuk","1","1","2"
"sergeylit","1","1","2"
"Sergeymaks","1","1","2"
"SergeyNovikov1972","1","1","2"
"SergeyPos","1","1","2"
"SergeySavchenko","1","1","2"
"SergeySir","1","1","2"
"Sergi_SN","1","1","2"
"sergie1987","1","1","2"
"Sergiiko","1","1","2"
"Sergikart96","1","1","2"
"SergiLoko","1","1","2"
"sergio_chess1","1","1","2"
"Sergio-Ramez","1","1","2"
"sergio0707","1","1","2"
"sergio10391","1","1","2"
"SergioBeck","1","1","2"
"SergioCR7m","1","1","2"
"SergioJ3","1","1","2"
"sergiolaf","1","1","2"
"Sergionak","1","1","2"
"Sergiovines","1","1","2"
"SergKovalev","1","1","2"
"SergKSS","1","1","2"
"sergo1977","1","1","2"
"Sergshomin","1","1","2"
"sergvsk","1","1","2"
"sergxxx","1","1","2"
"SerhanKaradeniz1B","1","1","2"
"Serhat_Akca","1","1","2"
"Serhii_B","1","1","2"
"SERIALKILLER003","1","1","2"
"Serik-sd06","1","1","2"
"Serjant6993","1","1","2"
"SerjRubidiy","1","1","2"
"Serov_Andrey","1","1","2"
"Serpens3","1","1","2"
"serpent_dore","1","1","2"
"Serpentines","1","1","2"
"serponje","1","1","2"
"SerSantaCruz","1","1","2"
"serugur","1","1","2"
"Servadio","1","1","2"
"servo62","1","1","2"
"serwischees","1","1","2"
"SeshBesh","1","1","2"
"Seshego_Zone1","1","1","2"
"Seshu8278","1","1","2"
"Sessilu","1","1","2"
"Seta","1","1","2"
"setenovembro","1","1","2"
"SethikaDinsitha","1","1","2"
"setrakofnuvolone","1","1","2"
"setudestino","1","1","2"
"Setyaw","1","1","2"
"seuramies","1","1","2"
"Seva_krk_es","1","1","2"
"sevasr","1","1","2"
"Sevastopol111","1","1","2"
"sevencz","1","1","2"
"Sevensen","1","1","2"
"seventwo","1","1","2"
"severus01","1","1","2"
"sevgene","1","1","2"
"SEVGOR","1","1","2"
"Sevketblk","1","1","2"
"SevSam","1","1","2"
"Seyaruk","1","1","2"
"seyedali_mortazavi91","1","1","2"
"seyhan57","1","1","2"
"seyhmus3131burak","1","1","2"
"seyitaliakmese","1","1","2"
"SeyyedJavadHosseini","1","1","2"
"Sezim","1","1","2"
"SFCDaph","1","1","2"
"sfgrbz","1","1","2"
"Sfinxern","1","1","2"
"sg_beginner","1","1","2"
"SG53","1","1","2"
"Sg705a","1","1","2"
"sglckn23","1","1","2"
"SGOT613","1","1","2"
"sgpraveen1983","1","1","2"
"Sgravone","1","1","2"
"Sh1z0","1","1","2"
"Sh1zofren1ki","1","1","2"
"sha_wry","1","1","2"
"Shabon_arifi","1","1","2"
"shaddy_bruh","1","1","2"
"ShadeOfNight243","1","1","2"
"ShadeWalkerz","1","1","2"
"Shadim_Kishlib","1","1","2"
"shadow_as_a_sin1","1","1","2"
"shadow-Tal","1","1","2"
"Shadow008","1","1","2"
"shadow1809","1","1","2"
"shadowmat","1","1","2"
"shady_kazza","1","1","2"
"Shael_5687","1","1","2"
"shafi171355","1","1","2"
"Shafiqpstu","1","1","2"
"shagle","1","1","2"
"shahanchesshero","1","1","2"
"shaheen7011","1","1","2"
"Shahid_sheikh7","1","1","2"
"shahin44444","1","1","2"
"Shahin7880s","1","1","2"
"shahmat99","1","1","2"
"ShahmatRusakova","1","1","2"
"shahramEvan","1","1","2"
"shahrulazwan04","1","1","2"
"ShahrulNizam","1","1","2"
"Shahshehs","1","1","2"
"ShaileshNaik","1","1","2"
"shakakhar","1","1","2"
"shakir7777","1","1","2"
"shako7","1","1","2"
"Shako9","1","1","2"
"ShakthiArunaPerera","1","1","2"
"shambhuregmee","1","1","2"
"Shamil2b","1","1","2"
"shanaiagupta","1","1","2"
"shanayaA13","1","1","2"
"shanayaagrawal0303","1","1","2"
"ShaneQful","1","1","2"
"Shanmugam1961","1","1","2"
"shantanunaidu69","1","1","2"
"Shanto07","1","1","2"
"Sharad_Singh","1","1","2"
"Sharad1726","1","1","2"
"sharad25","1","1","2"
"Sharafat07","1","1","2"
"Sharan1408","1","1","2"
"Sharbel-1999","1","1","2"
"sharbellll","1","1","2"
"shardanenko66","1","1","2"
"sharefshehab","1","1","2"
"sharfi1366","1","1","2"
"Sharif844","1","1","2"
"shariqkhan","1","1","2"
"Shark0730","1","1","2"
"Sharon786","1","1","2"
"sharwanand","1","1","2"
"shashagarg","1","1","2"
"Shashidhar02","1","1","2"
"Shashini12","1","1","2"
"shatar13","1","1","2"
"shatlykchess","1","1","2"
"shatmar252402","1","1","2"
"Shatow318","1","1","2"
"shatranj2non","1","1","2"
"shatranjipahalwan","1","1","2"
"Shatranz23","1","1","2"
"shaulushai_337","1","1","2"
"Shaurya1735","1","1","2"
"shauryaagarwal22","1","1","2"
"shauryakh360","1","1","2"
"shauryakunj","1","1","2"
"shauryatantiabpsg","1","1","2"
"shavet","1","1","2"
"Shavokh","1","1","2"
"shawkysaeed828","1","1","2"
"Shawnstein","1","1","2"
"shayan_bafti1391","1","1","2"
"shayan12kh","1","1","2"
"Shayan91","1","1","2"
"Shayaranarahul","1","1","2"
"Shayuq_Zubairy","1","1","2"
"Shazam12","1","1","2"
"she77","1","1","2"
"Shedshiy","1","1","2"
"Shee-Bella","1","1","2"
"sheezeeknik","1","1","2"
"Shefali_001","1","1","2"
"Sheften","1","1","2"
"shegi","1","1","2"
"shehabstrange","1","1","2"
"Sheih1940","1","1","2"
"sheila1975","1","1","2"
"Shelby444","1","1","2"
"shelbyh","1","1","2"
"sheleg1900","1","1","2"
"shen0070","1","1","2"
"SHENWOO","1","1","2"
"sheridanjaneiro","1","1","2"
"sherifelturky","1","1","2"
"sherlockhoholms","1","1","2"
"ShervinSG","1","1","2"
"ShessDennis","1","1","2"
"shevans02","1","1","2"
"Shevcov","1","1","2"
"shi_17_vam","1","1","2"
"shi3","1","1","2"
"shidfar2007","1","1","2"
"shifer_iz_magaza","1","1","2"
"shifiyasu","1","1","2"
"shifter809","1","1","2"
"Shikerake","1","1","2"
"Shikhar_72","1","1","2"
"shikosta","1","1","2"
"shinantonio","1","1","2"
"shiningsword2023","1","1","2"
"Shinobi88","1","1","2"
"shipdestroyer","1","1","2"
"shiplu42","1","1","2"
"shiragha","1","1","2"
"ShirokiyKirill","1","1","2"
"Shishlyannikov","1","1","2"
"shiv0712","1","1","2"
"Shivaani77","1","1","2"
"Shivaankn","1","1","2"
"Shivaanshpatel","1","1","2"
"shivakumargouli","1","1","2"
"shivam_3856","1","1","2"
"shivam_shrivastava","1","1","2"
"shivam1230","1","1","2"
"Shivamsoni100","1","1","2"
"shivansh121","1","1","2"
"Shiviemm","1","1","2"
"shlerk","1","1","2"
"Shlohmovitch","1","1","2"
"SHLOK_KISHOR","1","1","2"
"ShlokTapadia2014","1","1","2"
"ShMaxim","1","1","2"
"shmsnrgz","1","1","2"
"shnap1968","1","1","2"
"sho3aibi","1","1","2"
"sho3eb","1","1","2"
"Shobhit_Jain","1","1","2"
"Shockistic","1","1","2"
"Shod4n","1","1","2"
"Shoffit","1","1","2"
"Shohag_420","1","1","2"
"Sholikin_CCN","1","1","2"
"shomam","1","1","2"
"Shon0047","1","1","2"
"shooter24","1","1","2"
"ShooterChacha","1","1","2"
"shooterlee92","1","1","2"
"shooting_quasar123","1","1","2"
"shopa229","1","1","2"
"shota7","1","1","2"
"shotayevs","1","1","2"
"ShouldITake","1","1","2"
"shouryamunjal","1","1","2"
"shouu12","1","1","2"
"shouvik_tito","1","1","2"
"Showben","1","1","2"
"Showtime96","1","1","2"
"Shoxrux3311","1","1","2"
"Shpemzdryk","1","1","2"
"Shpilkins","1","1","2"
"shqipturk","1","1","2"
"Shrec2","1","1","2"
"shreddy37","1","1","2"
"shreem2804","1","1","2"
"ShreenathChess","1","1","2"
"Shreenika21","1","1","2"
"Shreyansh50","1","1","2"
"Shreyas_Rhino","1","1","2"
"shreyash_45","1","1","2"
"shreyasrajbusiness","1","1","2"
"ShreyasramVCA","1","1","2"
"Shrijoy","1","1","2"
"Shriniketan","1","1","2"
"shrirammani","1","1","2"
"shrugalsawant7","1","1","2"
"Shshn00","1","1","2"
"shualkravot123","1","1","2"
"Shub-Azathoth","1","1","2"
"Shubh___34","1","1","2"
"shubh_mathur","1","1","2"
"shubham010","1","1","2"
"Shubham171700","1","1","2"
"shubham42","1","1","2"
"shubhamchess222","1","1","2"
"shubhamsingal1984","1","1","2"
"shubhamv671","1","1","2"
"shubhang_2007","1","1","2"
"Shubhankar01","1","1","2"
"ShubhKhatri_13","1","1","2"
"shubho1980","1","1","2"
"ShuklaAkshaj","1","1","2"
"Shumakher1812","1","1","2"
"Shunyao20110502","1","1","2"
"shuplayschess","1","1","2"
"Shuric15","1","1","2"
"shutiaotiao","1","1","2"
"Shutteranger","1","1","2"
"Shuxratxoja","1","1","2"
"Shweta5522","1","1","2"
"Shyam2711","1","1","2"
"shyamakrishnan","1","1","2"
"Shyamladla","1","1","2"
"shynnnn","1","1","2"
"shyntik1","1","1","2"
"Si-Dub","1","1","2"
"SI-MO","1","1","2"
"Sia888","1","1","2"
"siamakM","1","1","2"
"SibDamage","1","1","2"
"sibeipro","1","1","2"
"SibinPaul98","1","1","2"
"sibu12345","1","1","2"
"sicarioletal","1","1","2"
"SickDuck2_0","1","1","2"
"sid100313","1","1","2"
"Sid2711","1","1","2"
"sid9779","1","1","2"
"Siddartha23","1","1","2"
"Siddgurjar800","1","1","2"
"siddh_mahajan","1","1","2"
"siddharth-pca","1","1","2"
"Siddharth2812","1","1","2"
"SiddharthRaja","1","1","2"
"Siddharthshyam","1","1","2"
"SiddhuPlaysChess","1","1","2"
"siddu04","1","1","2"
"SidhanshVN","1","1","2"
"sidhant007","1","1","2"
"SidharthAnand","1","1","2"
"Sidhshar","1","1","2"
"Sidhu_km12","1","1","2"
"sidhvikk","1","1","2"
"sidneyhj","1","1","2"
"Sidoks_chess","1","1","2"
"Siegfried75","1","1","2"
"Siegwhite","1","1","2"
"sigfastmyr","1","1","2"
"siggyp0p","1","1","2"
"Sigma_S","1","1","2"
"SigmaDADA","1","1","2"
"sigmamidgetbanana","1","1","2"
"SigmundFB","1","1","2"
"Signer123","1","1","2"
"signorina_baggio","1","1","2"
"Sihanath","1","1","2"
"Sihin_7","1","1","2"
"SihirliPankek","1","1","2"
"sijopaulson","1","1","2"
"SiKDev","1","1","2"
"siki2","1","1","2"
"Sikosomatik","1","1","2"
"sikuru77","1","1","2"
"silambukpd08","1","1","2"
"silamer7492","1","1","2"
"Silence_universe","1","1","2"
"Silent_Heart","1","1","2"
"silent_joke","1","1","2"
"SilentDragon","1","1","2"
"SilentGhost3625","1","1","2"
"silentNET","1","1","2"
"silentt22","1","1","2"
"SillyJeekah","1","1","2"
"silveryellow24","1","1","2"
"SIM_22","1","1","2"
"Sim-ka","1","1","2"
"SimDnik","1","1","2"
"simengani","1","1","2"
"simitrushi","1","1","2"
"Simo_22","1","1","2"
"Simo_99","1","1","2"
"simolazmi","1","1","2"
"simon_ekstrom","1","1","2"
"simon-the-sorcerer","1","1","2"
"Simon089","1","1","2"
"SimonAlexandrov13","1","1","2"
"Simoniuss","1","1","2"
"simonj78","1","1","2"
"SimonJambo","1","1","2"
"SimonKpl","1","1","2"
"Simonomm","1","1","2"
"SimonRuartes","1","1","2"
"Simonsgs","1","1","2"
"simonz86","1","1","2"
"simp_sensei","1","1","2"
"simplicio","1","1","2"
"simplifiziert","1","1","2"
"simplynishi","1","1","2"
"SimplyTolex","1","1","2"
"simporeal","1","1","2"
"SimratA","1","1","2"
"simritkaur","1","1","2"
"simu1998","1","1","2"
"Simurg90","1","1","2"
"Simz_0","1","1","2"
"sina_ry","1","1","2"
"Sinalj","1","1","2"
"Sinan","1","1","2"
"sinanima","1","1","2"
"Sinap1982","1","1","2"
"SinaRossi","1","1","2"
"SinartaSurbakti0","1","1","2"
"sinasisilli","1","1","2"
"Sinckro1","1","1","2"
"singaporesaravanan","1","1","2"
"SingaturinVladimir","1","1","2"
"singharnav1234","1","1","2"
"singhnahush","1","1","2"
"SingingHawk","1","1","2"
"sinhasaleh","1","1","2"
"Sinisa14","1","1","2"
"Sinnus","1","1","2"
"sinoatrial_node","1","1","2"
"sinquetica","1","1","2"
"sintest","1","1","2"
"sintorres","1","1","2"
"Siobhan95","1","1","2"
"SION815","1","1","2"
"Sipe10","1","1","2"
"sipitung_99","1","1","2"
"Sir_Montalbano","1","1","2"
"sir_Richie","1","1","2"
"SirAdi_24","1","1","2"
"siraks","1","1","2"
"Sirbeletzuy","1","1","2"
"sirbfc","1","1","2"
"SirDeelan_uj","1","1","2"
"SirG234","1","1","2"
"sirhazem1","1","1","2"
"Sirigineeditej_7","1","1","2"
"sirire","1","1","2"
"siriusblk","1","1","2"
"SirJonDoe","1","1","2"
"sirmohsin125","1","1","2"
"Siron85","1","1","2"
"siroox","1","1","2"
"SirRollon","1","1","2"
"Sisa3deKing_Pin","1","1","2"
"Sisifilice","1","1","2"
"Sisko87","1","1","2"
"Sisyphuslife","1","1","2"
"Sitaram09","1","1","2"
"sitchie","1","1","2"
"sitiqmata053","1","1","2"
"Sivakumarj","1","1","2"
"sivasatheesh","1","1","2"
"Six6Number","1","1","2"
"Sixto-1234","1","1","2"
"Siyadpv","1","1","2"
"siyahveziryagiz","1","1","2"
"Sjeeky","1","1","2"
"Sjelen","1","1","2"
"sjgli78","1","1","2"
"SJIM","1","1","2"
"SJOSHI769","1","1","2"
"sjryder","1","1","2"
"SK_Sharma28","1","1","2"
"Sk_Singh1953","1","1","2"
"skaizonix","1","1","2"
"Skalliwag","1","1","2"
"SkandaHanvith","1","1","2"
"skankhunt55","1","1","2"
"skarpenkod","1","1","2"
"Skatterhay","1","1","2"
"skbajpai1702","1","1","2"
"Skeif","1","1","2"
"skeispowkeke","1","1","2"
"skeo2611","1","1","2"
"skerk21","1","1","2"
"sketch143","1","1","2"
"skewerking","1","1","2"
"skiciazat31","1","1","2"
"skiersam","1","1","2"
"Skif89","1","1","2"
"skii","1","1","2"
"Skilghy","1","1","2"
"skimport","1","1","2"
"SkinnyLizzy","1","1","2"
"skinzyuk","1","1","2"
"skipdawg","1","1","2"
"skiper2019","1","1","2"
"Skiply","1","1","2"
"SkiR7","1","1","2"
"sklaw","1","1","2"
"sklodha","1","1","2"
"skls","1","1","2"
"skmdiqbal","1","1","2"
"skolem","1","1","2"
"skooterman85","1","1","2"
"Skorchenski","1","1","2"
"Skr1980","1","1","2"
"Skripiskraba","1","1","2"
"skriptizer","1","1","2"
"Skromn1kkk","1","1","2"
"sks2115","1","1","2"
"SktFaker","1","1","2"
"skuba664","1","1","2"
"skudyakova","1","1","2"
"SkulskayaPolina25","1","1","2"
"skurra23","1","1","2"
"skvortsovfk","1","1","2"
"SKY2810","1","1","2"
"SkyDRAGON2510","1","1","2"
"skyinn","1","1","2"
"Skypi","1","1","2"
"skyskysky","1","1","2"
"Skywardor","1","1","2"
"Skywhywalker23","1","1","2"
"SL_BILLA","1","1","2"
"SL_DARK_LEGEND","1","1","2"
"SL81","1","1","2"
"SlackD","1","1","2"
"Slada_Arab","1","1","2"
"Sladgimite","1","1","2"
"slam42ru","1","1","2"
"Slammdunkk","1","1","2"
"Slash3r142","1","1","2"
"Slav200","1","1","2"
"Slava_GNK","1","1","2"
"Slava_Kr","1","1","2"
"Slava230385","1","1","2"
"SlavaDays","1","1","2"
"Slavamet","1","1","2"
"Slavchet","1","1","2"
"Slave666","1","1","2"
"slaventino","1","1","2"
"Slaver999","1","1","2"
"slavikbakatov98","1","1","2"
"slavisam","1","1","2"
"Slavko59","1","1","2"
"slawa72","1","1","2"
"Slawek_500","1","1","2"
"sleeky88","1","1","2"
"Sleepy_Knights","1","1","2"
"SleepyHaus","1","1","2"
"slenderinwood","1","1","2"
"Slgteam","1","1","2"
"slickwiseemp","1","1","2"
"slifvnp415","1","1","2"
"Sliman1989","1","1","2"
"SLJS","1","1","2"
"sloco","1","1","2"
"Slonenok22","1","1","2"
"SlonIzMha333","1","1","2"
"SloppyFirsts","1","1","2"
"SloppyTheJoe","1","1","2"
"SlowButSteady","1","1","2"
"sloyanp","1","1","2"
"SLuizOderich2","1","1","2"
"SLV-174","1","1","2"
"slv88","1","1","2"
"Slyusareff","1","1","2"
"sma1","1","1","2"
"Smalex478","1","1","2"
"smallknight2022","1","1","2"
"smart_yakoza","1","1","2"
"Smartboy35","1","1","2"
"smarterlifestyle","1","1","2"
"SMARTGRGR","1","1","2"
"Smartlight","1","1","2"
"SmArTmInD_TG23","1","1","2"
"Smasa","1","1","2"
"smashedpotatows","1","1","2"
"Smaug90","1","1","2"
"smcro","1","1","2"
"smdineshkumar","1","1","2"
"smealow","1","1","2"
"smehotatata6","1","1","2"
"smekeriica","1","1","2"
"smelov_kirill","1","1","2"
"Smelovsky","1","1","2"
"SMHB1384","1","1","2"
"smhoseini","1","1","2"
"Smigol97","1","1","2"
"smile_v3","1","1","2"
"smile64","1","1","2"
"smilewhenwin","1","1","2"
"smiley_facey","1","1","2"
"SminnTux","1","1","2"
"smitbagul1223","1","1","2"
"Smith725","1","1","2"
"smithriver","1","1","2"
"smitler_chess","1","1","2"
"smitmars","1","1","2"
"smittyeatswell","1","1","2"
"Smjp","1","1","2"
"Smk282","1","1","2"
"smkr01","1","1","2"
"smodell","1","1","2"
"SmokikoSmoke","1","1","2"
"smol23brain","1","1","2"
"Smort123","1","1","2"
"SMPlovemaker","1","1","2"
"smrithie","1","1","2"
"SMrozPL","1","1","2"
"smsmpass","1","1","2"
"smu2","1","1","2"
"SmugAnimeGrill","1","1","2"
"smuglyi","1","1","2"
"SMV1508","1","1","2"
"sna1l_pl","1","1","2"
"snaju","1","1","2"
"Snakebo2013","1","1","2"
"snakejob","1","1","2"
"Snaller","1","1","2"
"Snanislav","1","1","2"
"Snappler","1","1","2"
"Snat6","1","1","2"
"SncKOF","1","1","2"
"Snelz","1","1","2"
"SNikolay-83","1","1","2"
"sniper_2222","1","1","2"
"Sniper_Oebesa","1","1","2"
"Sniper1kill5bye","1","1","2"
"snithik9817","1","1","2"
"snoopy11","1","1","2"
"snow1204","1","1","2"
"Snowball306","1","1","2"
"SnowForce","1","1","2"
"SNRao6434","1","1","2"
"snrktl1","1","1","2"
"sntiagopuentes8","1","1","2"
"snuupy","1","1","2"
"So-heil","1","1","2"
"sobasteek","1","1","2"
"Sobhan_najafii","1","1","2"
"sobhanghadami88","1","1","2"
"Sobhanx","1","1","2"
"sobhith","1","1","2"
"sobolevdmitriy","1","1","2"
"sobyr_chess","1","1","2"
"soc73","1","1","2"
"soca5","1","1","2"
"socarex","1","1","2"
"soccerperson","1","1","2"
"socialman","1","1","2"
"sodimy4","1","1","2"
"Sofa1999","1","1","2"
"sofeasan","1","1","2"
"sofi001","1","1","2"
"Sofi1989","1","1","2"
"Sofia2105","1","1","2"
"SOFIANE1640","1","1","2"
"SofiaPokorna","1","1","2"
"SofiaStangu","1","1","2"
"Sofiathebest","1","1","2"
"SOFIATRIA","1","1","2"
"SofiiaDinkevich","1","1","2"
"Sofiko2016","1","1","2"
"Sofiya_A","1","1","2"
"sofiya20","1","1","2"
"Sofya-Augusta","1","1","2"
"Sofyia2013","1","1","2"
"soham1010","1","1","2"
"soheilasaadati","1","1","2"
"soixante_4","1","1","2"
"SOKITH","1","1","2"
"sokkkki","1","1","2"
"Sokol_Tim","1","1","2"
"Sokol1978","1","1","2"
"sokol28","1","1","2"
"Sokolua","1","1","2"
"Sokur2020","1","1","2"
"solaymanpour","1","1","2"
"SoldierSniper","1","1","2"
"SoldToBeelzebub","1","1","2"
"Solezl","1","1","2"
"solismontauk","1","1","2"
"Solkillary2023","1","1","2"
"solo_moncler","1","1","2"
"Solo1971","1","1","2"
"SoloBreadman","1","1","2"
"SoloDivertimento","1","1","2"
"Solomia_Vitiuk","1","1","2"
"solon555","1","1","2"
"Solotia","1","1","2"
"SolsDaNoite1","1","1","2"
"SolvedGamePlayer","1","1","2"
"solvesol","1","1","2"
"Som625","1","1","2"
"somadithya11","1","1","2"
"somdevchatterjee","1","1","2"
"somebody13","1","1","2"
"somethhing_324","1","1","2"
"sometimes4","1","1","2"
"sommy1999","1","1","2"
"somshubhro2015","1","1","2"
"SOMYSHERO","1","1","2"
"SonaGas","1","1","2"
"SONAKSHI07","1","1","2"
"Sonemple","1","1","2"
"SonGokukakarot","1","1","2"
"songyuxiang008","1","1","2"
"Sonic_Vs_Hulk","1","1","2"
"SonicTheHodge","1","1","2"
"sonkarraj","1","1","2"
"sonmezgulsin","1","1","2"
"Sonndryc","1","1","2"
"SONNENMENSCH","1","1","2"
"sonnguyen20142017","1","1","2"
"SonRyan","1","1","2"
"sontryam","1","1","2"
"sonufo","1","1","2"
"sonujohn001","1","1","2"
"sonukumar94","1","1","2"
"Sonups","1","1","2"
"sonyermatos","1","1","2"
"Sonyoo_alfaro","1","1","2"
"sooly11","1","1","2"
"Sooozie","1","1","2"
"sopanbhagat28","1","1","2"
"Sophia_Banit","1","1","2"
"sophia632","1","1","2"
"Sophiemimi","1","1","2"
"Sophsof","1","1","2"
"sora2211","1","1","2"
"soraa771","1","1","2"
"SorayaMarieChristine","1","1","2"
"Sorento64","1","1","2"
"Sorkhogtani","1","1","2"
"soroastro","1","1","2"
"sorooshrast","1","1","2"
"SorryForDeath","1","1","2"
"Sos54","1","1","2"
"sosanchalabianluo","1","1","2"
"Sosaxbrodie","1","1","2"
"sosi9","1","1","2"
"sosikpisosik","1","1","2"
"sosoest","1","1","2"
"SOSSIA","1","1","2"
"sotosaek","1","1","2"
"souban7","1","1","2"
"souhaip","1","1","2"
"Souju","1","1","2"
"soumilnarkhede","1","1","2"
"Soumya06","1","1","2"
"Soup_2003","1","1","2"
"Souradip94","1","1","2"
"Souvik_62","1","1","2"
"SouzaTHG","1","1","2"
"sovsto","1","1","2"
"soymativs","1","1","2"
"sp-hop","1","1","2"
"sp92_421","1","1","2"
"space_gravy","1","1","2"
"Space_Odyssey","1","1","2"
"spacegarbage89","1","1","2"
"spaceman1412","1","1","2"
"spacemonochrome","1","1","2"
"SpaceX_Hero","1","1","2"
"Spada97","1","1","2"
"SpandanaHebbar","1","1","2"
"spandanGG","1","1","2"
"SparanoRio","1","1","2"
"Sparshp","1","1","2"
"Spart_Acus","1","1","2"
"SpartakYakov","1","1","2"
"spartanicpratham","1","1","2"
"spartansvbh","1","1","2"
"SpasiboChess","1","1","2"
"Spassiba","1","1","2"
"Spaten9","1","1","2"
"SPChess1402","1","1","2"
"specimen2022","1","1","2"
"Specteria","1","1","2"
"Spectre11","1","1","2"
"spedimayus","1","1","2"
"speedyBOT","1","1","2"
"speedystar1","1","1","2"
"spegor","1","1","2"
"Sperypazzo","1","1","2"
"spezial","1","1","2"
"Sphinx19","1","1","2"
"SpicyLiquidJar","1","1","2"
"spicymovement","1","1","2"
"Spider_sauce","1","1","2"
"spiderbi77","1","1","2"
"spiderpig42","1","1","2"
"spiderwe","1","1","2"
"spidy1576","1","1","2"
"Spike2401","1","1","2"
"spikeayato","1","1","2"
"spinjetak","1","1","2"
"spinola01","1","1","2"
"Spinoza-Kant","1","1","2"
"SpiridonovY","1","1","2"
"spiritmouse","1","1","2"
"Spiro66","1","1","2"
"SplootyMagoo","1","1","2"
"splyn00","1","1","2"
"spmal74","1","1","2"
"spnechaev","1","1","2"
"Spodolis","1","1","2"
"spok83","1","1","2"
"Spoo0","1","1","2"
"spookyopstrat","1","1","2"
"sporticlemaniac","1","1","2"
"sportowiec","1","1","2"
"sposh4real","1","1","2"
"SpottedOwl72","1","1","2"
"Spoylar","1","1","2"
"SPP-1971","1","1","2"
"spqr_123","1","1","2"
"SPQR7","1","1","2"
"SPQR72","1","1","2"
"spresident","1","1","2"
"springer66","1","1","2"
"SpringerNiklas","1","1","2"
"Sprysen","1","1","2"
"spsjshsidop","1","1","2"
"SPSNChandrapala","1","1","2"
"sputnik07","1","1","2"
"spw3","1","1","2"
"Spychopaht","1","1","2"
"Spylano","1","1","2"
"spypro3","1","1","2"
"sq64wb","1","1","2"
"SqualoMartello","1","1","2"
"Squamediluce","1","1","2"
"Square1989","1","1","2"
"Square64s","1","1","2"
"Squasher18","1","1","2"
"squidfries","1","1","2"
"squidgypoosmcginky2","1","1","2"
"squirrel_me","1","1","2"
"sqzer99","1","1","2"
"Srbo72","1","1","2"
"srdjanstojkovic","1","1","2"
"Sree123459876","1","1","2"
"sree63","1","1","2"
"SreeAditya","1","1","2"
"sreedha","1","1","2"
"sreenu12","1","1","2"
"SreeramVedagiri","1","1","2"
"SREESIVATMIKA","1","1","2"
"srgtommy","1","1","2"
"srgustavoss","1","1","2"
"SrhtGltknnn","1","1","2"
"srhthndr","1","1","2"
"Sri_king","1","1","2"
"Sri_Prathyangra","1","1","2"
"sri1408","1","1","2"
"srihanrnb","1","1","2"
"SrihariNaidu-15","1","1","2"
"srihaun09","1","1","2"
"SrijanMandal1793","1","1","2"
"Srikarthikponnada","1","1","2"
"srikrishav","1","1","2"
"srilathapadala","1","1","2"
"Sriniram","1","1","2"
"srinubabu","1","1","2"
"Srinusuram","1","1","2"
"sripradyumn","1","1","2"
"srivandan2311","1","1","2"
"SriyanPadma","1","1","2"
"srizzehorschel","1","1","2"
"Srmarcus","1","1","2"
"SRPK","1","1","2"
"SRQR","1","1","2"
"SrujanB1","1","1","2"
"srusht1233","1","1","2"
"SrValdemar","1","1","2"
"Ss_amir1979","1","1","2"
"SS0815","1","1","2"
"ssa1335","1","1","2"
"ssau-00","1","1","2"
"ssavianijr","1","1","2"
"sselterf","1","1","2"
"sserraphim","1","1","2"
"ssgngdev","1","1","2"
"ssharma15","1","1","2"
"SShivnandan2000","1","1","2"
"sSinzar","1","1","2"
"Ssk951357","1","1","2"
"sskaup","1","1","2"
"ssm15","1","1","2"
"ssmaell","1","1","2"
"SSMT1","1","1","2"
"SSmusa","1","1","2"
"SSobhan","1","1","2"
"Ssocatra","1","1","2"
"Ssoltani5635","1","1","2"
"SsoulFly","1","1","2"
"sssisko1976","1","1","2"
"SSSQ","1","1","2"
"ssssooooonnnnuuuuu","1","1","2"
"sstro1","1","1","2"
"ssttrikeerr","1","1","2"
"Ssuurrbboo71","1","1","2"
"sswaney1015","1","1","2"
"St_Audinger","1","1","2"
"st_der_fahrer","1","1","2"
"St1fJKeee","1","1","2"
"St4n133","1","1","2"
"STA-20","1","1","2"
"STAANN","1","1","2"
"StackOverflowVlado","1","1","2"
"Stadl","1","1","2"
"StaggeringSlammer","1","1","2"
"StalemateProfessor","1","1","2"
"stalinee4e5","1","1","2"
"Stalker_Games","1","1","2"
"stalllin11156","1","1","2"
"stampandgo","1","1","2"
"stan_marius13","1","1","2"
"Stanislav1998","1","1","2"
"Stanislay","1","1","2"
"stanley1809","1","1","2"
"star2222","1","1","2"
"Starakashev","1","1","2"
"staranada","1","1","2"
"Stark073","1","1","2"
"STARK19","1","1","2"
"Starli69","1","1","2"
"Starovoit_Dmytro","1","1","2"
"Stas_1949","1","1","2"
"Stas_77","1","1","2"
"Stas121213","1","1","2"
"Stas2001oley","1","1","2"
"StasF","1","1","2"
"Stasha17","1","1","2"
"stashuck1977-2021","1","1","2"
"stasvip","1","1","2"
"statesman990","1","1","2"
"stathopoulosk","1","1","2"
"StatisticalSean","1","1","2"
"StatPanton","1","1","2"
"stawil","1","1","2"
"STAZV","1","1","2"
"ste2000","1","1","2"
"stealth-64","1","1","2"
"Stedan86","1","1","2"
"stedevs","1","1","2"
"Steelmaer","1","1","2"
"steeviegeevies","1","1","2"
"stef1972","1","1","2"
"stef2212","1","1","2"
"stefan1404","1","1","2"
"stefanelab","1","1","2"
"StefanieWeibler","1","1","2"
"Stefanija_A","1","1","2"
"Stefanofricano","1","1","2"
"StefanoSalvini","1","1","2"
"steffan96","1","1","2"
"Steffi-smooth-again","1","1","2"
"Stefie_Dewa","1","1","2"
"StegaruMircea","1","1","2"
"stegno1944","1","1","2"
"steilev","1","1","2"
"Stellachu_E","1","1","2"
"SteNik22","1","1","2"
"Step_Ramos_25","1","1","2"
"stepaholas13","1","1","2"
"StepanChess23","1","1","2"
"Stepaniko","1","1","2"
"steph69sd","1","1","2"
"Stephan2012Gevorgyan","1","1","2"
"StephaneP","1","1","2"
"steppinrazor","1","1","2"
"Stepych","1","1","2"
"Stepyna","1","1","2"
"Steuch","1","1","2"
"stev2023","1","1","2"
"stevaglava","1","1","2"
"Steve4215","1","1","2"
"steveasot78","1","1","2"
"SteveCurrieChess","1","1","2"
"SteveKerr25","1","1","2"
"Steven_Golbeck","1","1","2"
"stevenmazz","1","1","2"
"steventsk92","1","1","2"
"StevenYan0320","1","1","2"
"steveyp263","1","1","2"
"Stevie_Wonder","1","1","2"
"stewart_amazing","1","1","2"
"stewe82","1","1","2"
"Steyinx","1","1","2"
"sthabpn","1","1","2"
"SThiagarajan","1","1","2"
"Sthola212","1","1","2"
"sthomson1127","1","1","2"
"stick666","1","1","2"
"Sting1985","1","1","2"
"stinkenderhund4","1","1","2"
"Stivovo","1","1","2"
"StivSmith","1","1","2"
"stksndrn","1","1","2"
"stlex76","1","1","2"
"stocfish1415","1","1","2"
"stockchamp","1","1","2"
"stockert","1","1","2"
"stockfishlevel3900","1","1","2"
"Stockling","1","1","2"
"stockvishy","1","1","2"
"stockwell45","1","1","2"
"stoh2016","1","1","2"
"stoic3000","1","1","2"
"stojdam0420","1","1","2"
"stolbovrv","1","1","2"
"stolid25","1","1","2"
"Stone96","1","1","2"
"stongablack","1","1","2"
"StopBabyGM","1","1","2"
"stoper_55","1","1","2"
"storm_machineb7","1","1","2"
"Story00","1","1","2"
"stoyan1","1","1","2"
"stpcbe","1","1","2"
"Str_Ij","1","1","2"
"straightmoon","1","1","2"
"Straip","1","1","2"
"StrangeAd","1","1","2"
"Strategir","1","1","2"
"stratelat","1","1","2"
"Strawpillows","1","1","2"
"streetfighterxxx","1","1","2"
"Streptoccocus","1","1","2"
"Stres1234","1","1","2"
"Stribro","1","1","2"
"Strifezilla","1","1","2"
"Strika66","1","1","2"
"StringDimension","1","1","2"
"Stringslayer","1","1","2"
"strokkur66","1","1","2"
"stroyprospekt1","1","1","2"
"StrukNYC","1","1","2"
"Strumo","1","1","2"
"Stsink","1","1","2"
"studentae","1","1","2"
"studentoflaw","1","1","2"
"Studmastaflex25","1","1","2"
"Stuka_91","1","1","2"
"stuntfancier","1","1","2"
"stup88","1","1","2"
"stupid1234","1","1","2"
"stykersmart","1","1","2"
"styrof0am","1","1","2"
"STZ3","1","1","2"
"SU2D","1","1","2"
"Su35BR","1","1","2"
"suatgecer","1","1","2"
"suavenomas","1","1","2"
"sub_WHISTLE","1","1","2"
"subarea","1","1","2"
"subarik_1","1","1","2"
"Subbuteo1978","1","1","2"
"subhampandey123","1","1","2"
"Subhashsigar","1","1","2"
"subrata1978","1","1","2"
"sudeshdevlekar","1","1","2"
"Sudhakar7","1","1","2"
"SudhanshuMehta","1","1","2"
"sudhir1609","1","1","2"
"SUDHIRB","1","1","2"
"Sudip1808","1","1","2"
"SudiptaBose","1","1","2"
"Sudnam","1","1","2"
"sudormrf0","1","1","2"
"sudv0052","1","1","2"
"sue331","1","1","2"
"SUGA0-0","1","1","2"
"sugarcanejuice99","1","1","2"
"SugarfreeHiker","1","1","2"
"Sugarplumyum","1","1","2"
"SuGgs_Ag","1","1","2"
"Suha123","1","1","2"
"suhelansari9","1","1","2"
"Suhorukov_Aleksey201","1","1","2"
"Suhruth9","1","1","2"
"SujithSangeetha","1","1","2"
"sukhadamalatkar_01","1","1","2"
"sukimi23","1","1","2"
"SukRidzuan02","1","1","2"
"sul-tan","1","1","2"
"Sulaiman92j","1","1","2"
"Sulfiricacid","1","1","2"
"sully5","1","1","2"
"sulo1906","1","1","2"
"sultanan","1","1","2"
"Sumak5000","1","1","2"
"Suman-Halder","1","1","2"
"SumanButwal","1","1","2"
"SumanNIAMT","1","1","2"
"SumedhPadki","1","1","2"
"Sumeshdevarkovill","1","1","2"
"sumeshps","1","1","2"
"sumithirole","1","1","2"
"SumitVyas888","1","1","2"
"SummerUS","1","1","2"
"sumn111","1","1","2"
"sumya01","1","1","2"
"sun_sky10","1","1","2"
"SUN3611","1","1","2"
"sunder_GG","1","1","2"
"sundhar_22","1","1","2"
"Sunil76","1","1","2"
"SunilKandalkar","1","1","2"
"SUNILSHANTILALSHAH","1","1","2"
"SunilSingh1980","1","1","2"
"sunny_anorekar","1","1","2"
"sunnyarpi","1","1","2"
"sunnyjim","1","1","2"
"sunnylion","1","1","2"
"sunnyrunnerr","1","1","2"
"SunRise1644524","1","1","2"
"suntzu148","1","1","2"
"SunTzuII","1","1","2"
"Sunyata","1","1","2"
"Suomicrippi","1","1","2"
"Supatosh","1","1","2"
"super_mega_ukulele","1","1","2"
"Super_NINJA_GT","1","1","2"
"Super_White_Dragon","1","1","2"
"super-advik","1","1","2"
"Super-d","1","1","2"
"super-dead","1","1","2"
"Superaaron36","1","1","2"
"Superfastboy","1","1","2"
"SuperFeng99","1","1","2"
"supergirl_2009","1","1","2"
"supergm3000","1","1","2"
"Supergrobi65","1","1","2"
"SuperGulaman","1","1","2"
"superianou","1","1","2"
"Superluigigolem","1","1","2"
"SuperMarioBros524","1","1","2"
"SupermassiveII","1","1","2"
"supermen567","1","1","2"
"SuperMonster3","1","1","2"
"SuperNik2016","1","1","2"
"Supernovae08","1","1","2"
"Supernovex","1","1","2"
"Superpimpf","1","1","2"
"Superpira","1","1","2"
"superplayer7472","1","1","2"
"Superpowergirl","1","1","2"
"superross","1","1","2"
"SuperVovik","1","1","2"
"supianoor21","1","1","2"
"SupremeOne1","1","1","2"
"suprit","1","1","2"
"Supriya23","1","1","2"
"SUPRIYAREDDY29","1","1","2"
"SuPSeR228","1","1","2"
"Supvfly","1","1","2"
"suqa35","1","1","2"
"surabaldiev","1","1","2"
"Suraj101","1","1","2"
"surajit64","1","1","2"
"surduke","1","1","2"
"Surendrakumar11","1","1","2"
"suresh_kvs","1","1","2"
"suresh4469","1","1","2"
"sureshcsk93","1","1","2"
"Sureshgupta71","1","1","2"
"SureshKumar29","1","1","2"
"suriabi","1","1","2"
"Surpintine","1","1","2"
"SurreyJambo","1","1","2"
"SurvivalJulian","1","1","2"
"susemsetsisu","1","1","2"
"sushilupalekar","1","1","2"
"susolvitaliy","1","1","2"
"suspensed","1","1","2"
"Sutekh777","1","1","2"
"SUTHEN","1","1","2"
"suvaribey27","1","1","2"
"suvemir","1","1","2"
"suyash47","1","1","2"
"suyuntianlou","1","1","2"
"SV_Tiger","1","1","2"
"SVBIstorik","1","1","2"
"SVe55el","1","1","2"
"Svec00","1","1","2"
"svenbasil","1","1","2"
"Sverige152366","1","1","2"
"svetkatse","1","1","2"
"Svetota","1","1","2"
"SviatomirShcelokov","1","1","2"
"svircho","1","1","2"
"Svitozar84","1","1","2"
"SVKing","1","1","2"
"svld_6039","1","1","2"
"svs1987","1","1","2"
"SVV33T","1","1","2"
"svveeper","1","1","2"
"SvyatFromTheFarEast","1","1","2"
"SvyatoslavIsaev","1","1","2"
"SW12","1","1","2"
"Swabah","1","1","2"
"Swachchhand","1","1","2"
"swaga","1","1","2"
"Swankylay","1","1","2"
"SwanRainbowlava","1","1","2"
"swapan_85","1","1","2"
"swapnil_3112","1","1","2"
"SwaraHirugade64","1","1","2"
"Swarnima03","1","1","2"
"swartkasteel","1","1","2"
"SWASTIK_2023","1","1","2"
"swastikkk822","1","1","2"
"swathy2020","1","1","2"
"Swati_Kalaskar","1","1","2"
"swattack","1","1","2"
"swayam2021","1","1","2"
"sweet_queen_mama","1","1","2"
"SweetPotatoFarmer69","1","1","2"
"swetha_uma","1","1","2"
"swetjen","1","1","2"
"swezakk","1","1","2"
"swiss93","1","1","2"
"switcha2","1","1","2"
"Swite77","1","1","2"
"swm22","1","1","2"
"swopeosaurus","1","1","2"
"swordofchess19","1","1","2"
"swq1","1","1","2"
"SWST004","1","1","2"
"swunt","1","1","2"
"sxlahattin","1","1","2"
"sxmuelM_00","1","1","2"
"Syarzhuk","1","1","2"
"syber3301","1","1","2"
"SyedMakhzan","1","1","2"
"syedwaseeshah","1","1","2"
"SYLV029","1","1","2"
"sylv87","1","1","2"
"sylwiam90","1","1","2"
"Symeoni","1","1","2"
"symot","1","1","2"
"SyncRazer","1","1","2"
"Syniak_Leonid74","1","1","2"
"Synth105","1","1","2"
"syrovicaleksandrgma","1","1","2"
"syxvit","1","1","2"
"szachjanek","1","1","2"
"szachmat12345","1","1","2"
"szachmat8","1","1","2"
"szbas","1","1","2"
"SZBYChess","1","1","2"
"Szilveszterzs","1","1","2"
"Szkotnik24","1","1","2"
"szoki57","1","1","2"
"Szuhai49","1","1","2"
"Szujaa","1","1","2"
"szymanski-bjksatranc","1","1","2"
"T_Ivan","1","1","2"
"T_Pavlidis","1","1","2"
"T-6","1","1","2"
"T-Bar","1","1","2"
"t-bone_mendez","1","1","2"
"T-Tom","1","1","2"
"T-Turbine","1","1","2"
"t-u-n-c-a-y","1","1","2"
"T0DAY1","1","1","2"
"t123playert","1","1","2"
"t1pablo","1","1","2"
"T2_abhineet","1","1","2"
"T292","1","1","2"
"T3lue","1","1","2"
"t3odor0","1","1","2"
"t9647745","1","1","2"
"Taalisman","1","1","2"
"tablinaround","1","1","2"
"tactical_newbie","1","1","2"
"TacticalSacrifice","1","1","2"
"tactiktaktok","1","1","2"
"Tade96","1","1","2"
"TadeiS","1","1","2"
"tadek1964","1","1","2"
"tadenan","1","1","2"
"tadiconfire7","1","1","2"
"tafkaricho","1","1","2"
"TagirRook","1","1","2"
"taha_yaseen","1","1","2"
"Taha1393528","1","1","2"
"Taha4747","1","1","2"
"Tahaa1396","1","1","2"
"tahaahmadipour","1","1","2"
"Tahakhedr","1","1","2"
"Tahanazeri93","1","1","2"
"tahbarkamal","1","1","2"
"Tahsin69","1","1","2"
"taiiliak","1","1","2"
"taiji-tu","1","1","2"
"Taim777","1","1","2"
"taintedumbrella","1","1","2"
"Taiskiy1","1","1","2"
"Taissantos","1","1","2"
"Taizi","1","1","2"
"TajAleem456","1","1","2"
"tajmazinanim1","1","1","2"
"Tak_ne_pojdet","1","1","2"
"Take_iteasyy","1","1","2"
"takhti1309","1","1","2"
"Takitaro","1","1","2"
"takla9791","1","1","2"
"TakoHaft_2560","1","1","2"
"Takticool","1","1","2"
"takudzwabote9","1","1","2"
"TakumaT","1","1","2"
"tal27","1","1","2"
"tal7000","1","1","2"
"talalxx1212","1","1","2"
"talamsuesek","1","1","2"
"talattack777","1","1","2"
"Talexander","1","1","2"
"Talha_BEY","1","1","2"
"Talha37","1","1","2"
"talhaeknc24","1","1","2"
"talhasarda","1","1","2"
"talhuseyin","1","1","2"
"TALIH17","1","1","2"
"TalitaGlry","1","1","2"
"Talizma","1","1","2"
"Tama-ra","1","1","2"
"Tamer_Hamdy32","1","1","2"
"tameralsydTiito","1","1","2"
"Tamil01","1","1","2"
"TAMIM_2000","1","1","2"
"TamirV","1","1","2"
"tamle0611","1","1","2"
"Tammy001","1","1","2"
"Tamoghnadegapudi","1","1","2"
"Tampokoffee","1","1","2"
"tamskie23","1","1","2"
"tamsrotter","1","1","2"
"tamuam","1","1","2"
"tan-1_tan-9","1","1","2"
"TanakaListless","1","1","2"
"TandSH","1","1","2"
"Tandu","1","1","2"
"Tanecnica","1","1","2"
"tanel-tupitu","1","1","2"
"TangLang","1","1","2"
"TangoLiberTango","1","1","2"
"taniiios","1","1","2"
"Tanishkumar","1","1","2"
"Tanishq11082004","1","1","2"
"TanitLi","1","1","2"
"Tanjiro19","1","1","2"
"TANKBHAI1968","1","1","2"
"tankez0r","1","1","2"
"Tankis","1","1","2"
"tanmay_chezz","1","1","2"
"Tanmay1802","1","1","2"
"tanmaykabi447","1","1","2"
"tanmaysia123","1","1","2"
"tanmoychess12","1","1","2"
"TANRININ_KIRBACII","1","1","2"
"tanshera","1","1","2"
"Tantooooon","1","1","2"
"Tanvinysa","1","1","2"
"tanvir957","1","1","2"
"tany5555656512","1","1","2"
"Tanya_2012","1","1","2"
"Tanya25_25","1","1","2"
"Tanya29031963","1","1","2"
"Tanyaantoniv","1","1","2"
"Tao_vs_22","1","1","2"
"Taoge1982","1","1","2"
"tapab","1","1","2"
"TAPIA_15","1","1","2"
"tarantinocan","1","1","2"
"TARapPer","1","1","2"
"Tarasovdn","1","1","2"
"Tarek41","1","1","2"
"tarekamr","1","1","2"
"Tarekbasha","1","1","2"
"TarheelGabe","1","1","2"
"tarihcimusluman","1","1","2"
"tariq1234","1","1","2"
"tarki112","1","1","2"
"taro4kaaa","1","1","2"
"tarontube","1","1","2"
"Tarraman","1","1","2"
"Tarrosama","1","1","2"
"Tartar11","1","1","2"
"Tarunikaa","1","1","2"
"tarunreddy3","1","1","2"
"tas-quoi-2-0","1","1","2"
"TASAN69","1","1","2"
"taserface7","1","1","2"
"tashriq_saihan23","1","1","2"
"Task1","1","1","2"
"Tasneem_Hassan","1","1","2"
"tasniaknijhum22","1","1","2"
"Tasospro10","1","1","2"
"TASpune","1","1","2"
"Tasyaguterred","1","1","2"
"TAT-siena","1","1","2"
"tata_teixeira17","1","1","2"
"Tatarin54321","1","1","2"
"tatask","1","1","2"
"Tatatatom","1","1","2"
"Tatiana_EROFF","1","1","2"
"tatiboyz45","1","1","2"
"Tato1999","1","1","2"
"Tatochka12","1","1","2"
"tatomunoz","1","1","2"
"tattrie","1","1","2"
"tatyana1958","1","1","2"
"TatyanaFarzalieva","1","1","2"
"Taurage17","1","1","2"
"taurus_112358","1","1","2"
"taurusand","1","1","2"
"Tauti3000","1","1","2"
"Tavas15Rus","1","1","2"
"tavolzhanskiy","1","1","2"
"taxevasive","1","1","2"
"TaxFr0g","1","1","2"
"taxidriver3581","1","1","2"
"tazani","1","1","2"
"tazzaler","1","1","2"
"Tbahi","1","1","2"
"tbl4ok","1","1","2"
"TCA1981","1","1","2"
"tcabhi5","1","1","2"
"tcaporale","1","1","2"
"Tchaggy","1","1","2"
"TCHEKS","1","1","2"
"tchic","1","1","2"
"TchillyHo","1","1","2"
"Tcholly","1","1","2"
"tcpsharma","1","1","2"
"Tcr2023gr","1","1","2"
"tcsheburator","1","1","2"
"TD0715","1","1","2"
"tddiren","1","1","2"
"TDogg888","1","1","2"
"TDUB","1","1","2"
"teacherfi","1","1","2"
"teachmehowtowin","1","1","2"
"TeaEarlGreyHot","1","1","2"
"teapot789","1","1","2"
"TeChamameo","1","1","2"
"techno88","1","1","2"
"technologistonur","1","1","2"
"TechnologSNG","1","1","2"
"TechyJaz","1","1","2"
"Tecman2","1","1","2"
"teconolo13","1","1","2"
"Ted223","1","1","2"
"TeddyDong","1","1","2"
"Tedmax","1","1","2"
"TEDMOSBY77","1","1","2"
"teejaden100","1","1","2"
"Teekshanametta","1","1","2"
"Teemusakari","1","1","2"
"TeePye","1","1","2"
"Teesta_Miskin","1","1","2"
"Tefelo12","1","1","2"
"tehac83","1","1","2"
"Tehuano81","1","1","2"
"teimowa","1","1","2"
"Teimuge","1","1","2"
"Tejas_Tiwari_India","1","1","2"
"TejasAnumukonda","1","1","2"
"tejasSbrahmachari","1","1","2"
"Tejasvi23","1","1","2"
"Tejaswin1","1","1","2"
"tek0212","1","1","2"
"tekashi6ix9ine69","1","1","2"
"tekinkose","1","1","2"
"Tel1ar","1","1","2"
"Telagant","1","1","2"
"telavito13","1","1","2"
"Telboy1","1","1","2"
"tema_095","1","1","2"
"tema_6879","1","1","2"
"TemaGolder","1","1","2"
"TemaNSK","1","1","2"
"Temark006","1","1","2"
"Tembulat_Tha","1","1","2"
"temereparticula","1","1","2"
"Tempelridderen","1","1","2"
"Templar87","1","1","2"
"templechess","1","1","2"
"TempleGuardO_O","1","1","2"
"temuyin77","1","1","2"
"ten_player","1","1","2"
"Tenaciouslaksh","1","1","2"
"Tenakha","1","1","2"
"TendoAce","1","1","2"
"tendoom27061984","1","1","2"
"tengunshin","1","1","2"
"tennesseen43","1","1","2"
"TENSATRA","1","1","2"
"Tenujipasanja","1","1","2"
"Tenyakov_Alexander","1","1","2"
"teo403","1","1","2"
"Teodor12345678","1","1","2"
"TeorNot","1","1","2"
"Teoteus","1","1","2"
"Tepig98","1","1","2"
"ter822","1","1","2"
"Terantriy","1","1","2"
"Terbuai_Janda","1","1","2"
"terebelio","1","1","2"
"TeremkovaEA","1","1","2"
"Teren554","1","1","2"
"Terence_Tilt","1","1","2"
"TerezkaSevcikova","1","1","2"
"Terigula","1","1","2"
"Terminator030708","1","1","2"
"TERROREX","1","1","2"
"terryfold","1","1","2"
"Tervex","1","1","2"
"tesaryefta","1","1","2"
"Tesbik","1","1","2"
"Tesfa","1","1","2"
"TeslaBesta","1","1","2"
"Tessi53","1","1","2"
"TessTruus","1","1","2"
"TESUBI","1","1","2"
"tetekmoan","1","1","2"
"tetris1088","1","1","2"
"Tetsuo_the_ironman1","1","1","2"
"Tetto_MRT","1","1","2"
"Tetyushev_Kirill","1","1","2"
"tevinou","1","1","2"
"tex2001","1","1","2"
"Tex505","1","1","2"
"TexasTimechessmonkey","1","1","2"
"TEXHAPb_by","1","1","2"
"TexSailor","1","1","2"
"TeyHanShann911","1","1","2"
"teymur_huseynov20233","1","1","2"
"Tfcrdx","1","1","2"
"tfgoktas","1","1","2"
"TFranca","1","1","2"
"tgpro","1","1","2"
"TGuzel-1988","1","1","2"
"TH444","1","1","2"
"Th612","1","1","2"
"ThaaDopeKing","1","1","2"
"Thaaraswaminathan11","1","1","2"
"thaboss","1","1","2"
"thacbamtlyyb","1","1","2"
"thai_son","1","1","2"
"thaider","1","1","2"
"thaila1500","1","1","2"
"thalesinyegeni","1","1","2"
"ThallEnjoyer","1","1","2"
"Thanasis1","1","1","2"
"Thaneeshkajiesh96","1","1","2"
"Thaniey","1","1","2"
"thanishka2014","1","1","2"
"ThanosD1","1","1","2"
"Thaonguyenxanh91","1","1","2"
"ThaPawnStar","1","1","2"
"Tharasri_m","1","1","2"
"Tharsha","1","1","2"
"Tharuhimaya","1","1","2"
"thatguyoln","1","1","2"
"ThatoMoloi7","1","1","2"
"Thatoneasianplaying","1","1","2"
"thatpurplecow","1","1","2"
"thatsflayzz","1","1","2"
"thavanchess","1","1","2"
"the_albatross","1","1","2"
"the_aspro","1","1","2"
"The_Banker88","1","1","2"
"The_benefact0r","1","1","2"
"The_black-knight","1","1","2"
"The_Blue_Angel","1","1","2"
"The_Dark_knight69","1","1","2"
"the_double_d","1","1","2"
"The_Doude","1","1","2"
"the_equilizer","1","1","2"
"the_flight","1","1","2"
"the_gray_d","1","1","2"
"the_H4WK","1","1","2"
"the_high_knight","1","1","2"
"The_Human_Centipawn","1","1","2"
"the_italiaan","1","1","2"
"The_Master_Disaster","1","1","2"
"the_Nikhil","1","1","2"
"THE_PROFESSOR_GALAXY","1","1","2"
"The_Random_person","1","1","2"
"the_RedViper","1","1","2"
"The_Wave_35","1","1","2"
"The-Taxman","1","1","2"
"the-wellerman","1","1","2"
"TheAkh","1","1","2"
"Thean2013","1","1","2"
"TheAndi00","1","1","2"
"TheAresMarga","1","1","2"
"thearsenalgoat","1","1","2"
"Thebest2k16","1","1","2"
"TheBestKila","1","1","2"
"thebestoneyet","1","1","2"
"thebestontheearth","1","1","2"
"thebigbadthor420","1","1","2"
"theblanu","1","1","2"
"TheBlueFalcon","1","1","2"
"Theblunderboywonder","1","1","2"
"theblur2","1","1","2"
"TheBrightLord","1","1","2"
"theCannibalwarlord","1","1","2"
"TheChessMaster712","1","1","2"
"TheCongoMan","1","1","2"
"TheDarkDonut","1","1","2"
"TheDarkRook27","1","1","2"
"thedeko","1","1","2"
"Thedros","1","1","2"
"theDzaver","1","1","2"
"TheeEhhGatsby","1","1","2"
"TheEvilQueenLily","1","1","2"
"TheExater","1","1","2"
"TheFiish","1","1","2"
"thegalifreyan","1","1","2"
"thegardener","1","1","2"
"theghozt","1","1","2"
"TheGoatedPlayer","1","1","2"
"thegodofjunmo","1","1","2"
"TheGreatGavvino","1","1","2"
"TheGreatW","1","1","2"
"TheGuitarlos","1","1","2"
"Thehappiestguy","1","1","2"
"thehashparksyourking","1","1","2"
"TheHolyJoker","1","1","2"
"Thehornedking","1","1","2"
"TheHuman008","1","1","2"
"theHuns999","1","1","2"
"TheJifa","1","1","2"
"TheKillerDog","1","1","2"
"TheKillerKnight007","1","1","2"
"TheKingsCounsel","1","1","2"
"TheKingTiago","1","1","2"
"Thekingxd","1","1","2"
"TheknightsQueen","1","1","2"
"TheLastCrusaderII","1","1","2"
"TheLastGazi","1","1","2"
"thelegendpodcast","1","1","2"
"TheLuckyMaster75","1","1","2"
"TheMadDrunk","1","1","2"
"TheManiacRusso","1","1","2"
"Themaninme","1","1","2"
"TheManWithALamp","1","1","2"
"themelm","1","1","2"
"themothman_ttv","1","1","2"
"thenardog","1","1","2"
"thenextgm12","1","1","2"
"thenginar","1","1","2"
"Theno","1","1","2"
"TheNoobSammy","1","1","2"
"Theo_Weinberg","1","1","2"
"theo51200","1","1","2"
"theochess04","1","1","2"
"theodorandrei4","1","1","2"
"TheOneDoc","1","1","2"
"TheOnlyMess1ah","1","1","2"
"TheOther0ne","1","1","2"
"theozan","1","1","2"
"THEPAKO1","1","1","2"
"ThePawnBrokerage","1","1","2"
"ThePawnmower","1","1","2"
"thepmaster","1","1","2"
"ThePrettyLimon","1","1","2"
"ThePurpleGhost","1","1","2"
"theqalio","1","1","2"
"thequeensgambit010","1","1","2"
"there-are-you","1","1","2"
"TheRealEddie","1","1","2"
"TheRealNobody85","1","1","2"
"TheRedArch","1","1","2"
"Theremy","1","1","2"
"theriteshsoni","1","1","2"
"Thero100","1","1","2"
"TheRonBurgandy","1","1","2"
"Therulerinmathclass","1","1","2"
"TheSaltiestDog","1","1","2"
"TheSamuel","1","1","2"
"theseus55","1","1","2"
"TheSkyMaps","1","1","2"
"TheSkyWatcher","1","1","2"
"thesmasher1","1","1","2"
"TheStarGlossop","1","1","2"
"thestrongestchesskid","1","1","2"
"Theti","1","1","2"
"TheUkrainianSpirit69","1","1","2"
"TheUltimateNick","1","1","2"
"Theunderratedlnoob","1","1","2"
"ThewDe","1","1","2"
"thewheatishknight","1","1","2"
"Thewolf91","1","1","2"
"thewordofhex","1","1","2"
"TheYorky","1","1","2"
"TheYoungGoat","1","1","2"
"thhiago_cdb","1","1","2"
"ThiagoAguijon2","1","1","2"
"ThiagoCallupe_2PUC","1","1","2"
"ThiagoPena_4PTE","1","1","2"
"thichthichoi","1","1","2"
"THIENPHU2016QD-TB","1","1","2"
"Thienphu213","1","1","2"
"ThiMedeiros-10","1","1","2"
"Thinhk13","1","1","2"
"Think29","1","1","2"
"thinki","1","1","2"
"Thisevbivon","1","1","2"
"thisisntgo","1","1","2"
"ThisIsSpartaaa","1","1","2"
"ThisIsTooMuchBruhhh","1","1","2"
"Thnxforallthefish","1","1","2"
"thoGh2qu","1","1","2"
"Thomas_Armstrong73","1","1","2"
"Thomas_Boy","1","1","2"
"thomas0408","1","1","2"
"Thomas2024","1","1","2"
"thomas2545x","1","1","2"
"thomas44771122024","1","1","2"
"ThomasAcjf","1","1","2"
"Thomasajaccio","1","1","2"
"thomashartmann","1","1","2"
"ThomasRaphael","1","1","2"
"ThomasVannecke","1","1","2"
"Thomietarig","1","1","2"
"THOPGAMER","1","1","2"
"Thor00718","1","1","2"
"ThoralfPayn","1","1","2"
"thorntoncleveleys","1","1","2"
"thothotho","1","1","2"
"threeplusfourisseven","1","1","2"
"Thrinish","1","1","2"
"thruster2013","1","1","2"
"THTT_NChikiem2013","1","1","2"
"Thulanima","1","1","2"
"thumbsupind","1","1","2"
"thunbun","1","1","2"
"thunder04","1","1","2"
"Thundercatpro","1","1","2"
"Thurgood","1","1","2"
"Thyrhell","1","1","2"
"tiagohmori","1","1","2"
"Tiagolarabiasi","1","1","2"
"tianachess1","1","1","2"
"tianrenheyi","1","1","2"
"TiasChess","1","1","2"
"Tibcsok","1","1","2"
"Tibo1983","1","1","2"
"TiborLendvai","1","1","2"
"tibrancher","1","1","2"
"Ticha_Chess","1","1","2"
"ticklefist84","1","1","2"
"tiddlylover101","1","1","2"
"TiDesco","1","1","2"
"tiendung_C2PHILIENG","1","1","2"
"TienKhoaTHCSTT2009","1","1","2"
"TiffyBlue","1","1","2"
"tiftoifur","1","1","2"
"tigaabdul","1","1","2"
"tiger_roar1234","1","1","2"
"tiger2525","1","1","2"
"TIGG0923","1","1","2"
"Tigre-alejo","1","1","2"
"tigrotto77","1","1","2"
"TiHeo","1","1","2"
"tihllima","1","1","2"
"TihonKlim","1","1","2"
"Tii_ii","1","1","2"
"TIKU_007","1","1","2"
"Tileroc","1","1","2"
"TillyTags","1","1","2"
"Tilo13","1","1","2"
"TiloPermann","1","1","2"
"Tim_Hopanchuk","1","1","2"
"Tim_NAF","1","1","2"
"Tim1999","1","1","2"
"Tim2002","1","1","2"
"tim99772","1","1","2"
"TiMa0","1","1","2"
"Tima12309","1","1","2"
"tima919122","1","1","2"
"TimaInz","1","1","2"
"timbucktu64","1","1","2"
"time-waster","1","1","2"
"time4lunch","1","1","2"
"timedroll","1","1","2"
"timloewen73","1","1","2"
"Timmy_rabbit","1","1","2"
"timo-tcl","1","1","2"
"timochka_cutie","1","1","2"
"Timofeich80","1","1","2"
"TimofeiMA","1","1","2"
"Timofeirubashkin","1","1","2"
"Timofey260","1","1","2"
"TimOn666","1","1","2"
"TimoSalviaRosmarin","1","1","2"
"timosiya","1","1","2"
"timothynhiegha","1","1","2"
"Timsuperial","1","1","2"
"Timur_Akbulatov","1","1","2"
"Timur_Yunusov_2015","1","1","2"
"Timur-Schwank","1","1","2"
"TimurGoloukhov","1","1","2"
"timurhasanov2016","1","1","2"
"timurminsk","1","1","2"
"timursytko","1","1","2"
"Timuruly_Dimash","1","1","2"
"TimurZam","1","1","2"
"TimurZi","1","1","2"
"Tinarts","1","1","2"
"Tinasaurus","1","1","2"
"tincho0401","1","1","2"
"tincho14J","1","1","2"
"Tinchocarp14","1","1","2"
"Tingeltangelfelix","1","1","2"
"tiniuclx","1","1","2"
"tinman2030","1","1","2"
"TinMan901","1","1","2"
"Tinners64","1","1","2"
"Tinopensa","1","1","2"
"Tinz001","1","1","2"
"tiomarcosportela2","1","1","2"
"tiosaulo","1","1","2"
"tirahazraai","1","1","2"
"TirinTelyon","1","1","2"
"Tiron_stafan_fenando","1","1","2"
"TirsoMartin","1","1","2"
"tirth_nirmaschool","1","1","2"
"tisfortony","1","1","2"
"titi0809","1","1","2"
"Titi7556","1","1","2"
"titiskyluc","1","1","2"
"Tito94","1","1","2"
"Titobandito","1","1","2"
"titobatista","1","1","2"
"TitoCarni","1","1","2"
"Titounet345","1","1","2"
"TittyOfTheWest","1","1","2"
"Titus_B","1","1","2"
"Tiwaaa","1","1","2"
"tizoboz","1","1","2"
"tj_b","1","1","2"
"tjackad","1","1","2"
"Tjalk58","1","1","2"
"Tjm2020","1","1","2"
"TJsuresh","1","1","2"
"tjtall","1","1","2"
"tjwhitaker","1","1","2"
"TK511","1","1","2"
"tkara28","1","1","2"
"tkmsdnss","1","1","2"
"tkondu","1","1","2"
"TKS-ATXN-CoachSal","1","1","2"
"TKSATXCoachEd","1","1","2"
"tlahtoanisanchez","1","1","2"
"TLC_PhOng","1","1","2"
"tlebrun","1","1","2"
"tlg38","1","1","2"
"tllt4","1","1","2"
"tls0691","1","1","2"
"tmachovic","1","1","2"
"tmml","1","1","2"
"tmqcocoast","1","1","2"
"Tmsh_Pnk505","1","1","2"
"TNC_HoangNam2009","1","1","2"
"TNSurya","1","1","2"
"tnvh","1","1","2"
"to0mmy16","1","1","2"
"to0ton","1","1","2"
"toadanova","1","1","2"
"toasterpunch","1","1","2"
"ToastLemon","1","1","2"
"tobe_peacedeath","1","1","2"
"Tobias007","1","1","2"
"TobiasHoeh","1","1","2"
"tobiaz_h","1","1","2"
"Tobital","1","1","2"
"tocade","1","1","2"
"Tocha4121","1","1","2"
"ToddChavez64","1","1","2"
"Toddfarrall","1","1","2"
"Togg58","1","1","2"
"Togoodfr","1","1","2"
"tohid_rst_lir","1","1","2"
"Tojo2012","1","1","2"
"Tokoito","1","1","2"
"Tokra_78","1","1","2"
"tokusou","1","1","2"
"Tokyo001","1","1","2"
"Tokyo026","1","1","2"
"tokyo80","1","1","2"
"Toldo_Slava","1","1","2"
"ToledoJM","1","1","2"
"toluktobi1","1","1","2"
"Tolulope4chess","1","1","2"
"tom_fi","1","1","2"
"Tom-79","1","1","2"
"tom-mma","1","1","2"
"tom14052013","1","1","2"
"Tom2089","1","1","2"
"tom4chess1","1","1","2"
"Tomaidol72","1","1","2"
"TOMAN75","1","1","2"
"TomaNoma","1","1","2"
"tomarg1986","1","1","2"
"Tomas1000","1","1","2"
"Tomas205","1","1","2"
"tomasawad","1","1","2"
"Tomasz1988","1","1","2"
"TomaszfromPoland","1","1","2"
"tomato2two","1","1","2"
"Tomatotree","1","1","2"
"Tomazzorc","1","1","2"
"tombankster","1","1","2"
"tomcio615","1","1","2"
"TomeKar","1","1","2"
"tomerlem","1","1","2"
"Tomi0","1","1","2"
"Tomii224","1","1","2"
"Tomioka_Giyuu0","1","1","2"
"Tomiris_tt9","1","1","2"
"TomiWil","1","1","2"
"tomk123","1","1","2"
"TomKr","1","1","2"
"tomles","1","1","2"
"tommdepomm","1","1","2"
"Tommmy","1","1","2"
"TommyBluebird","1","1","2"
"tommypa1ce","1","1","2"
"Tomonator","1","1","2"
"TOMORROWxTOGETHER","1","1","2"
"tomosaki","1","1","2"
"TomSailor","1","1","2"
"tomss52","1","1","2"
"TomSwiss","1","1","2"
"tomtis06","1","1","2"
"tomvanderhelm","1","1","2"
"tomx2","1","1","2"
"TOMY_JUNIOR","1","1","2"
"Tomy1211","1","1","2"
"TomYamGong","1","1","2"
"Toni_b","1","1","2"
"toni_rodrigues","1","1","2"
"toni09","1","1","2"
"Toni221156","1","1","2"
"Toni323","1","1","2"
"ToNice4u_sir","1","1","2"
"ToniColumbo","1","1","2"
"tonino94","1","1","2"
"Tontongo","1","1","2"
"tony_str","1","1","2"
"Tony1011","1","1","2"
"Tony13rcruz","1","1","2"
"TonyCP","1","1","2"
"tonygarlic","1","1","2"
"TonyJPRoss","1","1","2"
"TonyLiuzinho","1","1","2"
"tonyproblocks","1","1","2"
"TonyStark0909","1","1","2"
"TonyTanerIllegal","1","1","2"
"Tonyukuk09","1","1","2"
"tonyyd94","1","1","2"
"too_chess","1","1","2"
"toomuchlemon","1","1","2"
"ToonvanGent","1","1","2"
"toori12","1","1","2"
"Tootie","1","1","2"
"Top-Wizard","1","1","2"
"topw","1","1","2"
"tor4ebes","1","1","2"
"Torik_Suu","1","1","2"
"Torisagod","1","1","2"
"Torkich","1","1","2"
"torlamen","1","1","2"
"torpilles","1","1","2"
"TORR2000","1","1","2"
"torres1214","1","1","2"
"Torreslop","1","1","2"
"TorsoJones","1","1","2"
"ToruNara","1","1","2"
"Toryon","1","1","2"
"tos1010","1","1","2"
"Toshio_Sato","1","1","2"
"Tosiki","1","1","2"
"tosmonov","1","1","2"
"tossclaudin26","1","1","2"
"ToT20","1","1","2"
"totakeisamistake","1","1","2"
"total_n00b","1","1","2"
"TotalNoob256","1","1","2"
"Tote23","1","1","2"
"TotesHerz","1","1","2"
"totesz09","1","1","2"
"tothmarton","1","1","2"
"totkot55","1","1","2"
"Toto_Reymar22","1","1","2"
"totokbekasi","1","1","2"
"totombak","1","1","2"
"Totor51","1","1","2"
"tottivanpersie","1","1","2"
"toucci","1","1","2"
"Tough_One5","1","1","2"
"TouhidulIslamTanim","1","1","2"
"Touns38","1","1","2"
"toupper","1","1","2"
"toutpetitpion","1","1","2"
"Tovarius5P","1","1","2"
"towerone","1","1","2"
"ToxicJojo","1","1","2"
"ToxicoAnonimo","1","1","2"
"toxicocity","1","1","2"
"ToxicSodier0808","1","1","2"
"tozef1","1","1","2"
"tp00001","1","1","2"
"TP111723","1","1","2"
"TPSL2","1","1","2"
"TR4X3L","1","1","2"
"Tr6660","1","1","2"
"tra-ta-ta","1","1","2"
"traamir","1","1","2"
"tradermb82","1","1","2"
"Trafalaw","1","1","2"
"Trafficjam","1","1","2"
"TrainerLudwig","1","1","2"
"training112","1","1","2"
"Trakunya","1","1","2"
"TRamsCon","1","1","2"
"trandafilovic","1","1","2"
"Trandangan2015","1","1","2"
"TRANNHATVINHCHESS","1","1","2"
"tranphamtantam23607","1","1","2"
"tranthanhhuy","1","1","2"
"tranthanhhuy6athcscg","1","1","2"
"Trashchesser2","1","1","2"
"trataredemejorar","1","1","2"
"traunio","1","1","2"
"TrauterRus23","1","1","2"
"travelbearchess","1","1","2"
"travisbickleizm31","1","1","2"
"travisbolick","1","1","2"
"trayanbak","1","1","2"
"Traylerrr","1","1","2"
"Traztard","1","1","2"
"TRB_ELM","1","1","2"
"TreasureGG","1","1","2"
"trebla4","1","1","2"
"treesamariyasijo","1","1","2"
"Tremontski1","1","1","2"
"Treppenhouse","1","1","2"
"treslitta","1","1","2"
"Trevian1970","1","1","2"
"TREVOR4","1","1","2"
"TREVSTOTNGA","1","1","2"
"TRexLizard","1","1","2"
"tri-celuvki","1","1","2"
"Tribalphanter","1","1","2"
"Tribhushan","1","1","2"
"Tricardo","1","1","2"
"Trickaway","1","1","2"
"tricky5","1","1","2"
"Triggahjam","1","1","2"
"trigger2828","1","1","2"
"trilluncleg","1","1","2"
"Trimbo07","1","1","2"
"Trinhminhtri","1","1","2"
"Triniti85","1","1","2"
"TripDem6V","1","1","2"
"triplebuse","1","1","2"
"tripleelo111","1","1","2"
"Trippydropbear","1","1","2"
"TrishaDeore","1","1","2"
"Trishan31","1","1","2"
"trishhhmei","1","1","2"
"Tristanhanni","1","1","2"
"Tristanmattoon","1","1","2"
"TristonR","1","1","2"
"tritatutti2011","1","1","2"
"triunfo777","1","1","2"
"Troedeldoedel","1","1","2"
"Trofim56","1","1","2"
"Trombadur","1","1","2"
"Troncharrecords","1","1","2"
"TrongHieu_TB","1","1","2"
"Troodon1","1","1","2"
"TropicalMirage","1","1","2"
"trowftd","1","1","2"
"Troy_Nceka8769","1","1","2"
"TroyAustinPerry","1","1","2"
"troyboi129","1","1","2"
"TRS_Spinelli","1","1","2"
"trsvrus","1","1","2"
"trueArkei","1","1","2"
"TrueDetective34","1","1","2"
"truemove2002","1","1","2"
"Truewizard_nz","1","1","2"
"trugrit","1","1","2"
"TrungDung328","1","1","2"
"Trunkdz","1","1","2"
"TruongLuong","1","1","2"
"TRUONGTUANKIET126","1","1","2"
"Truskawek","1","1","2"
"TrXiang_NoobMaster","1","1","2"
"Try_and_Catch","1","1","2"
"Tryhorn62","1","1","2"
"Trypik","1","1","2"
"ts9funk","1","1","2"
"tsalley","1","1","2"
"tsangcahya","1","1","2"
"TSBD","1","1","2"
"tscherkas","1","1","2"
"tsegazabd","1","1","2"
"Tsephe10111","1","1","2"
"Tshedzavhutali","1","1","2"
"Tshepo-sebolai26","1","1","2"
"Tshia1nelani","1","1","2"
"TsholoTFA","1","1","2"
"tsikalova2016","1","1","2"
"TsimafeiCherkas_2016","1","1","2"
"tsjak","1","1","2"
"tsl","1","1","2"
"tsogi_d","1","1","2"
"Tstsvkee","1","1","2"
"TsundokuDan","1","1","2"
"TT-phamhalinh2011","1","1","2"
"TT07","1","1","2"
"TT0mas","1","1","2"
"Ttae400","1","1","2"
"ttete17","1","1","2"
"ttknight","1","1","2"
"ttsay","1","1","2"
"tuankiet2016","1","1","2"
"TuanQKA","1","1","2"
"tuetue","1","1","2"
"tufan92","1","1","2"
"tugay93","1","1","2"
"Tugrulezz","1","1","2"
"tuitfg","1","1","2"
"tukan_0630","1","1","2"
"tukipenda","1","1","2"
"tuktukvampuk","1","1","2"
"tulkaz21","1","1","2"
"tumbleclock","1","1","2"
"Tumio","1","1","2"
"TumpWasRight","1","1","2"
"Tumung123","1","1","2"
"TunaSzgn4453722010","1","1","2"
"tunat123","1","1","2"
"TunayOzbakar","1","1","2"
"TuncMustafa","1","1","2"
"Tunesss555","1","1","2"
"Tungil","1","1","2"
"tunilo","1","1","2"
"Tuning_fork","1","1","2"
"TunisianSoul","1","1","2"
"Tuputamadrecita","1","1","2"
"Tur-G100","1","1","2"
"TuralEfendiyev","1","1","2"
"Turbofred","1","1","2"
"turboivan","1","1","2"
"Turbulance","1","1","2"
"Turkey_1996","1","1","2"
"turkimut","1","1","2"
"turkinho1","1","1","2"
"Turkman14","1","1","2"
"turkmenoglu","1","1","2"
"TurkTurhan","1","1","2"
"TurkumBE","1","1","2"
"Turrohman_TJR","1","1","2"
"Tush_Ray","1","1","2"
"TUSHAR1208","1","1","2"
"TUSHHH","1","1","2"
"tushky19","1","1","2"
"TussN","1","1","2"
"Tut26","1","1","2"
"tut62","1","1","2"
"Tutasov","1","1","2"
"tuturrito345","1","1","2"
"tuurna","1","1","2"
"tuxxer","1","1","2"
"tvanl","1","1","2"
"Tvishakajekar","1","1","2"
"tw0hundr3d","1","1","2"
"Twan2021","1","1","2"
"Twentje","1","1","2"
"Twerk4Benny","1","1","2"
"twice9","1","1","2"
"TwiceTwice","1","1","2"
"twilight19","1","1","2"
"Twind","1","1","2"
"twinkinasink","1","1","2"
"TwitchJoseloLol","1","1","2"
"Twizzzle_ry","1","1","2"
"two80tilt","1","1","2"
"twocool4school","1","1","2"
"twtrainwreck","1","1","2"
"txapi","1","1","2"
"TYAZHELOBYTG","1","1","2"
"Tyca","1","1","2"
"TYIIIEHKA123","1","1","2"
"TylerDurden000","1","1","2"
"TylerPoelker","1","1","2"
"TylerSitar","1","1","2"
"Tylook","1","1","2"
"Tymek1976","1","1","2"
"Tymofei","1","1","2"
"TymofijKovalevskyi","1","1","2"
"TymurOliinyk","1","1","2"
"Typer77777","1","1","2"
"Tyrantking1009","1","1","2"
"tyrdy2","1","1","2"
"TyrGodofWar","1","1","2"
"tyuiio","1","1","2"
"Tyukov-Mikhail","1","1","2"
"tzaji","1","1","2"
"tzanetaras","1","1","2"
"tzvikab","1","1","2"
"u_r_so_cute","1","1","2"
"U2BOY21","1","1","2"
"ua4uzz","1","1","2"
"UAarush","1","1","2"
"uagain","1","1","2"
"uajaykumar","1","1","2"
"UandersonMartins","1","1","2"
"uberalex","1","1","2"
"Uberbuber","1","1","2"
"Ubmspn","1","1","2"
"uccidibuti","1","1","2"
"ucharles60","1","1","2"
"uchenik25","1","1","2"
"Uchiha_vn12","1","1","2"
"ucii","1","1","2"
"ucla23","1","1","2"
"uday333","1","1","2"
"Uddomt","1","1","2"
"udirudiana","1","1","2"
"Udovydchenko","1","1","2"
"udvuvvdu","1","1","2"
"uebel","1","1","2"
"Uelves","1","1","2"
"ufksari54","1","1","2"
"ufoncho","1","1","2"
"ufufuyy","1","1","2"
"ufuk_clskn","1","1","2"
"ufuk3107","1","1","2"
"UGCMoises","1","1","2"
"ugelis","1","1","2"
"ugoedison","1","1","2"
"UGOP57","1","1","2"
"Ugurak67","1","1","2"
"ugurcan11","1","1","2"
"uhhu766","1","1","2"
"UhOh_Hippo","1","1","2"
"uhyeahbaby","1","1","2"
"UIG2020","1","1","2"
"UJANSAMANTA2","1","1","2"
"uk34445","1","1","2"
"ukelto","1","1","2"
"uki76","1","1","2"
"ukzakmiah","1","1","2"
"ulan228","1","1","2"
"ulas900","1","1","2"
"ulfarpalsson","1","1","2"
"Ulianna2014","1","1","2"
"Ulikomkova","1","1","2"
"ulises915","1","1","2"
"Ullik","1","1","2"
"ulma21","1","1","2"
"Ulugbek585","1","1","2"
"Ulysosam3","1","1","2"
"Ulysse33","1","1","2"
"Uma444","1","1","2"
"Umang1010","1","1","2"
"Umberto17","1","1","2"
"Umeshvkasar","1","1","2"
"umgur","1","1","2"
"UminBaheula","1","1","2"
"UMshark","1","1","2"
"umtgrsy06","1","1","2"
"umut2017","1","1","2"
"umuteymen","1","1","2"
"Umutmavi","1","1","2"
"umutsavk","1","1","2"
"Unacknoledged","1","1","2"
"unangrahayu","1","1","2"
"unarmedsnail","1","1","2"
"unasavic","1","1","2"
"unavatuna77","1","1","2"
"Unay_toala2011","1","1","2"
"unbelieverfaith","1","1","2"
"unblack_metal","1","1","2"
"unbrokenboyzz","1","1","2"
"UnBrutoEstoico","1","1","2"
"UncaleSam6666","1","1","2"
"UncleBalou","1","1","2"
"UncleSamKiller69420","1","1","2"
"uncreativechessdude","1","1","2"
"und_ed","1","1","2"
"Undefeatable-Mohamad","1","1","2"
"UnderdevelopedKing","1","1","2"
"uneen","1","1","2"
"unexpectedRat","1","1","2"
"UNF0RG0TT3N","1","1","2"
"unfilteredfoccacia","1","1","2"
"Unfolding_Debacle","1","1","2"
"unforeseenj","1","1","2"
"ungetoastet","1","1","2"
"unhydrate","1","1","2"
"UnicornGirl1805","1","1","2"
"UnInconnuQuelquePart","1","1","2"
"Uniquesurya","1","1","2"
"United_Nations123","1","1","2"
"Universe02","1","1","2"
"unlims2code","1","1","2"
"unlumen","1","1","2"
"UNMASKEOP","1","1","2"
"Unrated2149","1","1","2"
"unst0pable","1","1","2"
"unZombie","1","1","2"
"up200364","1","1","2"
"Upasna0912","1","1","2"
"UPERSCOTT","1","1","2"
"uptanah","1","1","2"
"uqurerol","1","1","2"
"ura1981","1","1","2"
"urania_anuck","1","1","2"
"uraodesit","1","1","2"
"uraschewitsh","1","1","2"
"Urazaev","1","1","2"
"uri5","1","1","2"
"uriair","1","1","2"
"UrielPaxi","1","1","2"
"Urist58","1","1","2"
"Uriyaca","1","1","2"
"UrLongLostDog","1","1","2"
"urnxo","1","1","2"
"urosjarc","1","1","2"
"UrosPerusko","1","1","2"
"UrsaMajor11","1","1","2"
"Ursus69eth","1","1","2"
"Usamah375","1","1","2"
"USCC_Dosh","1","1","2"
"USCZ","1","1","2"
"user_513412","1","1","2"
"user_markwilson","1","1","2"
"userid0","1","1","2"
"username284829","1","1","2"
"userwolf84","1","1","2"
"userx9987","1","1","2"
"useyni","1","1","2"
"Usha_1","1","1","2"
"USHA1977","1","1","2"
"ushakiran1234","1","1","2"
"Ushakk","1","1","2"
"USHAKOVIVAN2015","1","1","2"
"Ushyk","1","1","2"
"usman_Farooq","1","1","2"
"usta_kurt","1","1","2"
"Ustinov_1234","1","1","2"
"Usuario-Cyrus","1","1","2"
"Ut_Crux","1","1","2"
"Utkarsh_Chess_12","1","1","2"
"utkarshguptapl","1","1","2"
"utkarshpol_3","1","1","2"
"UtkaYa","1","1","2"
"utkubaranalkan","1","1","2"
"utkuyilmaztt","1","1","2"
"UtsavprasadSs","1","1","2"
"Uuodan","1","1","2"
"Uusen","1","1","2"
"uuuweee","1","1","2"
"uuzandyomeng","1","1","2"
"Uvg37","1","1","2"
"uvoley","1","1","2"
"Uwongalema","1","1","2"
"ux357","1","1","2"
"UxielZ","1","1","2"
"uygarturkmen","1","1","2"
"Uzeni_Tapera","1","1","2"
"Uzuchiwa","1","1","2"
"V_K-Prashanth0803","1","1","2"
"V_Kiyanovskiy","1","1","2"
"V_seshaamitran","1","1","2"
"V_VasilJeV_V","1","1","2"
"v2v2","1","1","2"
"v3nyd4n","1","1","2"
"Va0610","1","1","2"
"Va1nee","1","1","2"
"va24566","1","1","2"
"vabs29","1","1","2"
"vachul20302030","1","1","2"
"vad-cheess","1","1","2"
"vadaveju","1","1","2"
"VadGas","1","1","2"
"Vadim_Sergeevi4","1","1","2"
"Vadim110716","1","1","2"
"VadimChe","1","1","2"
"Vadimlavrentev68","1","1","2"
"VadimPazynin","1","1","2"
"VadimPl","1","1","2"
"vadimzam","1","1","2"
"Vadio_msk","1","1","2"
"VadymMikhalets","1","1","2"
"Vagner63","1","1","2"
"VagrantSparrow39","1","1","2"
"VahagMkrtchyan","1","1","2"
"VAHANGRIGORYAN","1","1","2"
"vaheid","1","1","2"
"vahid-simintan","1","1","2"
"Vahidshahamat","1","1","2"
"vai_voce","1","1","2"
"VaibavKodaM","1","1","2"
"VaidehiVihaan","1","1","2"
"VAINAV-03","1","1","2"
"vaishuvaisnavi1233","1","1","2"
"vajithvimanthan","1","1","2"
"vakudlok","1","1","2"
"Val6","1","1","2"
"valaebrahimiasl","1","1","2"
"Valard","1","1","2"
"valcleison","1","1","2"
"valdecidomingos","1","1","2"
"valdis73","1","1","2"
"Vale1415","1","1","2"
"vale2626","1","1","2"
"valebu85","1","1","2"
"valenabalo","1","1","2"
"Valeneith","1","1","2"
"Valentin2080","1","1","2"
"ValentinLamecki","1","1","2"
"valentinovna_kate","1","1","2"
"ValentinVey","1","1","2"
"Valents","1","1","2"
"valera19861809","1","1","2"
"Valeria_valladares","1","1","2"
"valerianomifflin","1","1","2"
"Valerii11","1","1","2"
"ValerioRM1978","1","1","2"
"ValeriyaGol_10","1","1","2"
"Valery60","1","1","2"
"valerych","1","1","2"
"Valesias","1","1","2"
"valetriangoli","1","1","2"
"vali_aidman","1","1","2"
"Valintinelove","1","1","2"
"Valkeryx","1","1","2"
"ValleSokolov","1","1","2"
"Vallestro","1","1","2"
"Valter1357","1","1","2"
"vampire003","1","1","2"
"vampuyusingbrain","1","1","2"
"vamsi19","1","1","2"
"Van_schnabl1877","1","1","2"
"van21","1","1","2"
"Van4ic_145","1","1","2"
"Vanadio4444","1","1","2"
"vanAvera","1","1","2"
"Vancity00","1","1","2"
"Vandenanderen","1","1","2"
"vanderteim","1","1","2"
"vanesaurus","1","1","2"
"vaness_sabana","1","1","2"
"VanessaMarchisio","1","1","2"
"VANGIPARAPUANIL","1","1","2"
"VANIA123456789","1","1","2"
"vania8787","1","1","2"
"vank16D","1","1","2"
"vankata2222","1","1","2"
"VankaTut","1","1","2"
"Vankaumnii","1","1","2"
"Vankhanh2013","1","1","2"
"vanmar2014","1","1","2"
"Vannski","1","1","2"
"vano_007","1","1","2"
"vanoacha","1","1","2"
"Vanosk","1","1","2"
"Vanshika_Kukreti03","1","1","2"
"vanshikaagra","1","1","2"
"Vanshikadashora","1","1","2"
"vanshkmr","1","1","2"
"Vantrilok","1","1","2"
"varadar1","1","1","2"
"Vardaan2809","1","1","2"
"Vardan0609","1","1","2"
"vardhand12","1","1","2"
"varenyap","1","1","2"
"Varshavenkatesh2022","1","1","2"
"VarshikTheBest","1","1","2"
"VARUN_2009","1","1","2"
"Varun563","1","1","2"
"Varunbanthia7","1","1","2"
"varunbhoomi","1","1","2"
"varunchandu","1","1","2"
"Varunika30","1","1","2"
"varvara0212","1","1","2"
"VarvaraIlyina","1","1","2"
"Varya_08","1","1","2"
"vasamore","1","1","2"
"VaSeNuShKa2011","1","1","2"
"vasfiye5","1","1","2"
"VASGEN13","1","1","2"
"Vashlex","1","1","2"
"VasiaMaranduk","1","1","2"
"Vasileva_Maria","1","1","2"
"VasilevsVasilevs","1","1","2"
"Vasiliy66","1","1","2"
"vasiliyzentyrion","1","1","2"
"Vasilson","1","1","2"
"Vasily333","1","1","2"
"VasilyevGUP1L","1","1","2"
"VasPaVas","1","1","2"
"vasya2015","1","1","2"
"Vasyanyaya","1","1","2"
"vasyapozdnya","1","1","2"
"VasyaS","1","1","2"
"vater2012","1","1","2"
"vati0311","1","1","2"
"Vaughn12","1","1","2"
"VaultTec78","1","1","2"
"vaux101","1","1","2"
"vaxik0","1","1","2"
"vaxo57","1","1","2"
"Vayq2002","1","1","2"
"vazgenab","1","1","2"
"VB2552","1","1","2"
"vctoms","1","1","2"
"vctrnl","1","1","2"
"vdugu","1","1","2"
"vechirik","1","1","2"
"Ved468","1","1","2"
"Vedakelkar","1","1","2"
"vedant_singh1","1","1","2"
"Vedant201128","1","1","2"
"vedantajain","1","1","2"
"VedantMistry2010","1","1","2"
"vedchesschamp1","1","1","2"
"vedgaar","1","1","2"
"Vedika_Vanya0103","1","1","2"
"vedikchittem","1","1","2"
"vedop123","1","1","2"
"vedran7","1","1","2"
"vedswapnilvyas","1","1","2"
"VeeimarJimeneeeeez","1","1","2"
"veenaindia","1","1","2"
"Veer8000","1","1","2"
"veerajchess","1","1","2"
"vefaaxundova21","1","1","2"
"vefo354","1","1","2"
"vegasat","1","1","2"
"vegatarifa","1","1","2"
"VegettaGaymer007","1","1","2"
"vehikl","1","1","2"
"veka24","1","1","2"
"Vekser","1","1","2"
"vektor20","1","1","2"
"vekuljica","1","1","2"
"VelezMariano","1","1","2"
"Velivohveli","1","1","2"
"Velless","1","1","2"
"VelociraptorFer","1","1","2"
"VeloQuint","1","1","2"
"velvetthunder03","1","1","2"
"venasio-TX","1","1","2"
"vendas_Novas","1","1","2"
"veneco210","1","1","2"
"Vener02","1","1","2"
"VENER17","1","1","2"
"VenezChessL","1","1","2"
"Vengdesh","1","1","2"
"veni85s","1","1","2"
"VENKEY143","1","1","2"
"VenomEuro","1","1","2"
"VenomRdx","1","1","2"
"venuka_sasanka","1","1","2"
"Veracruzano95","1","1","2"
"VeraIluschenkova","1","1","2"
"VeraSydorenko","1","1","2"
"verbl1d","1","1","2"
"Verbludus","1","1","2"
"verdaderamentefrank","1","1","2"
"Verdugo76","1","1","2"
"VerduzcoChess","1","1","2"
"vergaram","1","1","2"
"verik07","1","1","2"
"verkaorlova","1","1","2"
"Verma_Nitin","1","1","2"
"vermasachin3313","1","1","2"
"vernei1","1","1","2"
"Vero_RT","1","1","2"
"VeronaCirus","1","1","2"
"Veronika_1809","1","1","2"
"Veronika_vl_tarosova","1","1","2"
"Veronika2387","1","1","2"
"Veronika290313","1","1","2"
"verra95","1","1","2"
"Verschachern","1","1","2"
"Verslu","1","1","2"
"vertigo_vortex","1","1","2"
"VeryShame","1","1","2"
"Veshag","1","1","2"
"vesna_zz","1","1","2"
"VetrivelGovinathan","1","1","2"
"vetro6","1","1","2"
"VetVampire","1","1","2"
"Veysel-33","1","1","2"
"Veysel32","1","1","2"
"veysel88","1","1","2"
"veysiozen","1","1","2"
"veyyss","1","1","2"
"vezirgambiti","1","1","2"
"VF0202","1","1","2"
"vf62","1","1","2"
"vfl_osnabrueck","1","1","2"
"Vgovnecov","1","1","2"
"vhadics","1","1","2"
"vhndkpfdfd","1","1","2"
"VHSVS","1","1","2"
"Vi1999","1","1","2"
"vi34pul","1","1","2"
"ViaanBaxi","1","1","2"
"Viaanrathi","1","1","2"
"Viana519","1","1","2"
"vib9992","1","1","2"
"Vibesss","1","1","2"
"Vibhavk630","1","1","2"
"vibhuvyas","1","1","2"
"vic_checkmate","1","1","2"
"vic0lit","1","1","2"
"vicarj1944","1","1","2"
"vicente1968","1","1","2"
"Vicenteviolini","1","1","2"
"ViceroyXX","1","1","2"
"viceversace","1","1","2"
"ViciousSeal_72","1","1","2"
"Vicktorich","1","1","2"
"Vicky_lu","1","1","2"
"Vicky1705","1","1","2"
"Vicky1984","1","1","2"
"vIcky2724","1","1","2"
"Vicky862022","1","1","2"
"Vickypatel00070","1","1","2"
"vicmick","1","1","2"
"vicpagano","1","1","2"
"Vict0riousSecret","1","1","2"
"victmorabito","1","1","2"
"victor_gvm","1","1","2"
"Victor_Obolenskiy","1","1","2"
"Victor_X1","1","1","2"
"Victor-Xavier","1","1","2"
"victor251186","1","1","2"
"Victor8261","1","1","2"
"VictorAngeles","1","1","2"
"victorbarrantes","1","1","2"
"victorcamposclavo","1","1","2"
"VictorCoffee","1","1","2"
"victorhcp","1","1","2"
"Victoria_Lareyna","1","1","2"
"Victoria_skaska","1","1","2"
"victoriyaa","1","1","2"
"victormo","1","1","2"
"victorolosaurus","1","1","2"
"VictorPochat","1","1","2"
"victorrebegea","1","1","2"
"Victorum","1","1","2"
"VictorVeloso1209","1","1","2"
"VICTORY-TIME2001","1","1","2"
"Vida22","1","1","2"
"Vidhi1603","1","1","2"
"vidimer","1","1","2"
"vidvanchaduvu","1","1","2"
"vidyan003","1","1","2"
"vidyun3","1","1","2"
"VidyutBalaji","1","1","2"
"Vienna-kann","1","1","2"
"Viennaconcert","1","1","2"
"Vierlio","1","1","2"
"viewjom","1","1","2"
"Viexious","1","1","2"
"Vigen11","1","1","2"
"viggyG","1","1","2"
"VigneshKumar2011","1","1","2"
"Vihaan_deswal","1","1","2"
"vihaan-k","1","1","2"
"Vihaan1111","1","1","2"
"vihaanmuchalambe","1","1","2"
"vihaanpraveen","1","1","2"
"vihaanthegr8","1","1","2"
"Vihan2K12","1","1","2"
"vijay_aligarh","1","1","2"
"Vijay_kapil","1","1","2"
"vijay1999","1","1","2"
"vijaykpatel94","1","1","2"
"vijaypithadiya","1","1","2"
"Vik51","1","1","2"
"vikas1987","1","1","2"
"VikBoroda","1","1","2"
"vikd2015","1","1","2"
"vikealbania","1","1","2"
"Vikernes_Varg","1","1","2"
"Vikhy97","1","1","2"
"vikingmac1","1","1","2"
"Vikingo2001","1","1","2"
"vikio","1","1","2"
"Vikkevikke","1","1","2"
"VIKKY_VUPPALA","1","1","2"
"Vikram0623","1","1","2"
"Vikram7Blachat","1","1","2"
"Viktor_2015","1","1","2"
"Viktor-golovanov","1","1","2"
"Viktor190446","1","1","2"
"viktor1999","1","1","2"
"viktor2022sv","1","1","2"
"Viktor50nikif","1","1","2"
"viktoriavera","1","1","2"
"ViktorP84","1","1","2"
"Viktorstragis","1","1","2"
"viktorzex","1","1","2"
"vilagines87","1","1","2"
"vilem94","1","1","2"
"VILL025","1","1","2"
"VILSIACHESS","1","1","2"
"vinav","1","1","2"
"vinay131","1","1","2"
"Vinayack","1","1","2"
"VinayakOP","1","1","2"
"Vinayakvijay","1","1","2"
"Vinaykarthik","1","1","2"
"vince3110","1","1","2"
"vince72199","1","1","2"
"VinceLudwig","1","1","2"
"vincent3322","1","1","2"
"vincent97438","1","1","2"
"VINCIUSVB","1","1","2"
"vindy1116","1","1","2"
"VineetcChoudhary1","1","1","2"
"Vineeth_369-64","1","1","2"
"Vineshhh28","1","1","2"
"Vinicius56741","1","1","2"
"ViniciusLehi","1","1","2"
"ViniciusLima","1","1","2"
"VinitB","1","1","2"
"VinithK","1","1","2"
"viNNarsKalle","1","1","2"
"vinny-jones","1","1","2"
"vinnygotzswag","1","1","2"
"Vinodmaha","1","1","2"
"vinquaresma","1","1","2"
"Vintern","1","1","2"
"vinuga2014","1","1","2"
"viny_ass","1","1","2"
"viny112","1","1","2"
"viola23","1","1","2"
"VioleSama","1","1","2"
"VIOLETI10","1","1","2"
"vious1","1","1","2"
"Viper6996","1","1","2"
"ViPeRaceZ","1","1","2"
"vipincm","1","1","2"
"vipulkadam2023","1","1","2"
"vir12345","1","1","2"
"Viraat2012","1","1","2"
"virajaare","1","1","2"
"ViratChoudhar2013","1","1","2"
"Virclit","1","1","2"
"Virgo_Aakriti","1","1","2"
"viriato20232024","1","1","2"
"Virilem","1","1","2"
"Virod_le_Udot","1","1","2"
"VirtualIntelligence","1","1","2"
"VirtualOtacon","1","1","2"
"Virurch","1","1","2"
"virzha","1","1","2"
"VIS1210","1","1","2"
"Vish1998","1","1","2"
"vish210585","1","1","2"
"VISHAAL-KUMAR","1","1","2"
"Vishaalkumar_01","1","1","2"
"Vishal_Shah15","1","1","2"
"VISHARADTRIVEDI","1","1","2"
"VisheshPandey","1","1","2"
"vishnu_1992","1","1","2"
"Vishnu_karthik","1","1","2"
"Vishnu1504","1","1","2"
"Vishnu2112","1","1","2"
"Vishvar","1","1","2"
"Vishvendra","1","1","2"
"vishwaram26","1","1","2"
"vishwathikameena","1","1","2"
"vishyanand79","1","1","2"
"Visnu_Sudhir","1","1","2"
"vistavista","1","1","2"
"ViStock1525","1","1","2"
"vit6556","1","1","2"
"vit931","1","1","2"
"vitaankusev","1","1","2"
"Vitakis","1","1","2"
"Vitala7770","1","1","2"
"vitali3891","1","1","2"
"vitaliia650","1","1","2"
"VITALIIKHABL","1","1","2"
"VitaliiLg","1","1","2"
"vitalijbezunov","1","1","2"
"Vitaliy1208","1","1","2"
"Vitaliy898","1","1","2"
"vitaliydryomin","1","1","2"
"VitaliyGvozdev","1","1","2"
"VitaljaBriziskiy","1","1","2"
"Vitaly_spb","1","1","2"
"Vitaly4","1","1","2"
"Vitarourta","1","1","2"
"Vitashkaa","1","1","2"
"Vitiliy","1","1","2"
"vitja555","1","1","2"
"VitoBBB","1","1","2"
"viton-1","1","1","2"
"vitorbonan","1","1","2"
"vitrachenkoeva2016","1","1","2"
"Vittery","1","1","2"
"Vittorio2023","1","1","2"
"viva_espana","1","1","2"
"Vivaandasari","1","1","2"
"VivaanDesai","1","1","2"
"vivaaniyer","1","1","2"
"vivek1998","1","1","2"
"VivekB1410","1","1","2"
"vivian54","1","1","2"
"ViviSophie","1","1","2"
"viyaan_thakare","1","1","2"
"viyaangoel","1","1","2"
"Vizak","1","1","2"
"vizion47","1","1","2"
"vjjanu2000","1","1","2"
"Vjyodhir","1","1","2"
"vkhoper","1","1","2"
"Vkingzwe","1","1","2"
"vkolmogorov","1","1","2"
"vkorchagin17","1","1","2"
"vkshravann","1","1","2"
"VKTJuwin","1","1","2"
"VL3PH0","1","1","2"
"vlad0558","1","1","2"
"vlad10204","1","1","2"
"vlad123777tim","1","1","2"
"Vlad27_07","1","1","2"
"Vladek_lovoj","1","1","2"
"vladenec","1","1","2"
"Vladiazzz","1","1","2"
"VladikLyamin","1","1","2"
"Vladimir_art","1","1","2"
"Vladimir_F","1","1","2"
"Vladimir_fss_18","1","1","2"
"Vladimir_Leonchenko","1","1","2"
"Vladimir_mat","1","1","2"
"Vladimir_Petrosyan","1","1","2"
"Vladimir-Nikolaev","1","1","2"
"vladimir1310kitaev","1","1","2"
"Vladimir17rus","1","1","2"
"Vladimir1986000","1","1","2"
"Vladimir2712","1","1","2"
"Vladimir325","1","1","2"
"Vladimir5000","1","1","2"
"Vladimir777BZ","1","1","2"
"VladimirAhtyamov","1","1","2"
"VladimirG2011","1","1","2"
"VladimirS2021","1","1","2"
"Vladimirus05","1","1","2"
"VladimirWheeler","1","1","2"
"vladimirZaka","1","1","2"
"vladis1969","1","1","2"
"Vladis49","1","1","2"
"Vladislav2506","1","1","2"
"vladislav342","1","1","2"
"Vladislavisus","1","1","2"
"Vladnikishin","1","1","2"
"vlado1956","1","1","2"
"Vladoslick","1","1","2"
"VladR69","1","1","2"
"Vladtheimpailer","1","1","2"
"VladyslavVyshnevskyi","1","1","2"
"vlas-ko","1","1","2"
"Vlasta95","1","1","2"
"vlfomin","1","1","2"
"Vlko2009","1","1","2"
"vlkr","1","1","2"
"vLoblomov","1","1","2"
"VlPav88","1","1","2"
"vltragenium","1","1","2"
"Vma32","1","1","2"
"VMAJ000","1","1","2"
"vmalonso","1","1","2"
"VN_ZALA","1","1","2"
"vng2","1","1","2"
"vnsk","1","1","2"
"vnythakre","1","1","2"
"Vobsteezy","1","1","2"
"Vodka_nonstopme","1","1","2"
"Vodka-For-All","1","1","2"
"Voidzed","1","1","2"
"Voislav","1","1","2"
"Vojtas_1","1","1","2"
"Vojvoda77","1","1","2"
"VoKhanhKhietAn","1","1","2"
"volcano25osh","1","1","2"
"voldermort94","1","1","2"
"Voliba","1","1","2"
"Volkan_73","1","1","2"
"Voloder12_34","1","1","2"
"VolodyaevaM","1","1","2"
"volodymyr87878","1","1","2"
"volroj","1","1","2"
"Volt7273","1","1","2"
"voltaatentar","1","1","2"
"VoLTaiiRe","1","1","2"
"vonuxkull","1","1","2"
"Vorakam","1","1","2"
"Vorapsak01","1","1","2"
"vorhon","1","1","2"
"vorlac","1","1","2"
"vorshod","1","1","2"
"Votim377","1","1","2"
"VoTranNhatHa","1","1","2"
"voush","1","1","2"
"Vov4ik94","1","1","2"
"Vova_Chesnokov","1","1","2"
"Vova_Danzanov_00","1","1","2"
"Vova_R","1","1","2"
"VovaBuldin0309","1","1","2"
"vovaosip","1","1","2"
"VoVaTere","1","1","2"
"vovikru","1","1","2"
"Vovochkin","1","1","2"
"voyager1105","1","1","2"
"VP17","1","1","2"
"vpk1","1","1","2"
"VqquyenCFT","1","1","2"
"VRede96","1","1","2"
"vrishank_karthik","1","1","2"
"vrk4144","1","1","2"
"vrobin","1","1","2"
"vryvn","1","1","2"
"VSB22","1","1","2"
"vseva2322321","1","1","2"
"vshved","1","1","2"
"Vslusar_1506","1","1","2"
"vsood15","1","1","2"
"vsp1er","1","1","2"
"VTBaker","1","1","2"
"vtipson","1","1","2"
"Vtreg821","1","1","2"
"Vuk1414","1","1","2"
"vukdan80","1","1","2"
"vulgooreia2009","1","1","2"
"vuqar109","1","1","2"
"vuqar11","1","1","2"
"vuralozer","1","1","2"
"VUT_Dropout","1","1","2"
"vuto34","1","1","2"
"vvarun98","1","1","2"
"vvendell","1","1","2"
"vvgvvg77","1","1","2"
"vvint","1","1","2"
"vvk1612","1","1","2"
"vvvlaadaaa","1","1","2"
"vvvlad73","1","1","2"
"vxxx2013","1","1","2"
"Vya4CHeslaV","1","1","2"
"Vyacheslav_2016","1","1","2"
"Vyacheslav_Chernov_1","1","1","2"
"Vyaliy_Piton","1","1","2"
"vydalito","1","1","2"
"Vydysh","1","1","2"
"W00S","1","1","2"
"W082hjxtqo3763bod","1","1","2"
"W0lfg4ng77","1","1","2"
"W1zzer","1","1","2"
"w28383737den","1","1","2"
"w922144","1","1","2"
"w9797","1","1","2"
"Wa1H","1","1","2"
"Wa888","1","1","2"
"waber","1","1","2"
"wadbador100","1","1","2"
"wael-214","1","1","2"
"WAFA_249","1","1","2"
"wafllez","1","1","2"
"waghkeshav4","1","1","2"
"WagnerD","1","1","2"
"waimanchessmaster","1","1","2"
"Wajktorrrr","1","1","2"
"Wakashimazu2012","1","1","2"
"Wake_UP_Boricua","1","1","2"
"wakeupreality","1","1","2"
"Waktusubuh","1","1","2"
"Walau_A","1","1","2"
"waldek1","1","1","2"
"walewski","1","1","2"
"walidboussbaa","1","1","2"
"walidd","1","1","2"
"walidomkn","1","1","2"
"Walk4089","1","1","2"
"Walker_02","1","1","2"
"Walkyroos","1","1","2"
"Wall_Ice","1","1","2"
"wallas1xs","1","1","2"
"WallofTay","1","1","2"
"wallyflops","1","1","2"
"walter_52","1","1","2"
"WALTER00000","1","1","2"
"walter191","1","1","2"
"Walter2001","1","1","2"
"WalterAyala","1","1","2"
"WalterGaming","1","1","2"
"walterMilo","1","1","2"
"waltrude","1","1","2"
"waltwoz99","1","1","2"
"wam4737","1","1","2"
"wanchez","1","1","2"
"Wandreas","1","1","2"
"Wanghan_Xu","1","1","2"
"Wanginaurah","1","1","2"
"wannabemyfriend","1","1","2"
"WannaBeV","1","1","2"
"Wantrepreneur","1","1","2"
"waqarsb","1","1","2"
"war-1","1","1","2"
"War72","1","1","2"
"warandpeace617","1","1","2"
"warcraft1993","1","1","2"
"WARD_MK21","1","1","2"
"Warhok","1","1","2"
"warkkali","1","1","2"
"warlord_doflamingo","1","1","2"
"warri0r1","1","1","2"
"Warrior_777","1","1","2"
"warriorchess16","1","1","2"
"WarriorShelby69","1","1","2"
"WarriorZ123","1","1","2"
"warsh14","1","1","2"
"Warweno","1","1","2"
"Waseem636","1","1","2"
"Washingtonian_Knight","1","1","2"
"Washtenaw","1","1","2"
"WasWo","1","1","2"
"WatashiMalasCatur","1","1","2"
"WaterFloatsDowm","1","1","2"
"Watermellon16","1","1","2"
"Watermelon1122","1","1","2"
"watsonlee","1","1","2"
"Wawa_der_waran","1","1","2"
"WAYBIG2108","1","1","2"
"WayToFail","1","1","2"
"Waz111","1","1","2"
"wazaa_tztz","1","1","2"
"wbaes","1","1","2"
"wdotmathree","1","1","2"
"Weakplayer1337","1","1","2"
"WeakRV","1","1","2"
"web-qb","1","1","2"
"webba56","1","1","2"
"Webbix","1","1","2"
"Webcap","1","1","2"
"wednesdaybird","1","1","2"
"weedforger","1","1","2"
"weedmantas","1","1","2"
"WeeDonkey","1","1","2"
"weenhonker","1","1","2"
"Weickichess","1","1","2"
"WeijunB","1","1","2"
"weirdkit","1","1","2"
"Weisspferd","1","1","2"
"wek_1","1","1","2"
"wekthor420","1","1","2"
"Welke01","1","1","2"
"Well_Fair","1","1","2"
"Well420","1","1","2"
"welley","1","1","2"
"Weloo","1","1","2"
"WelRoldan","1","1","2"
"Wendel10","1","1","2"
"wendelyalves","1","1","2"
"wenjun","1","1","2"
"Wepaewa_10","1","1","2"
"wertq606","1","1","2"
"Wertwe","1","1","2"
"Wes28","1","1","2"
"weseok","1","1","2"
"westty1","1","1","2"
"Wetamo","1","1","2"
"Wetmoss62","1","1","2"
"wexxdenq","1","1","2"
"WGnash","1","1","2"
"wgomezc","1","1","2"
"wgqbmaua","1","1","2"
"whackelton","1","1","2"
"WhataDilemma","1","1","2"
"whatdhe","1","1","2"
"WhatIsSpin","1","1","2"
"wheel887","1","1","2"
"Whiplash_1234","1","1","2"
"whiplash2","1","1","2"
"WhisperingGarage","1","1","2"
"White_Belt_1","1","1","2"
"white_e3","1","1","2"
"whitearchbishop","1","1","2"
"whitebeard_08","1","1","2"
"WhiteBishop321","1","1","2"
"whitefangbri14","1","1","2"
"whitehorse94","1","1","2"
"WhiteKingsPawn","1","1","2"
"whitewalker07","1","1","2"
"WhiteWarrior19","1","1","2"
"whitewulf","1","1","2"
"Whodyouthink","1","1","2"
"WhoppingInsect","1","1","2"
"whuuut","1","1","2"
"WhyDoIAllwaysLose","1","1","2"
"wicapa","1","1","2"
"wick_key55","1","1","2"
"Wieczorneusz","1","1","2"
"Wieloleka-Konin","1","1","2"
"wierzba358","1","1","2"
"WiggWithAttitude","1","1","2"
"Wigo02","1","1","2"
"WiIIem","1","1","2"
"wik-68","1","1","2"
"Wikus3","1","1","2"
"Wildekarde","1","1","2"
"WildKingdum","1","1","2"
"WildKratts20","1","1","2"
"wilko58","1","1","2"
"Will16123","1","1","2"
"willbeatmagnus","1","1","2"
"WillDaGoalie","1","1","2"
"willfea","1","1","2"
"william_lei","1","1","2"
"William_Wilson","1","1","2"
"William-Ory","1","1","2"
"william7792","1","1","2"
"william97422","1","1","2"
"WilliamBlazkowicz","1","1","2"
"williamexe","1","1","2"
"WilliamsitoDavila","1","1","2"
"WillianBR013","1","1","2"
"willix1592","1","1","2"
"willyhagi","1","1","2"
"Willykathu","1","1","2"
"Willyurdin","1","1","2"
"WillyWS","1","1","2"
"willywts","1","1","2"
"wilquis","1","1","2"
"Wilshire","1","1","2"
"Wilsinhootero","1","1","2"
"wilson_contistador","1","1","2"
"wilson-wish","1","1","2"
"wilsonquepfer","1","1","2"
"Wilsonramirex71","1","1","2"
"wily1268","1","1","2"
"Wilynoerhidayat","1","1","2"
"wimasha","1","1","2"
"Wimoweh_1","1","1","2"
"wimvanburen","1","1","2"
"win-win99","1","1","2"
"win4lin","1","1","2"
"wincan07","1","1","2"
"WinChess_AlexKras","1","1","2"
"Windtalker48","1","1","2"
"winer999","1","1","2"
"Winfried_Erland","1","1","2"
"wingsofmint","1","1","2"
"Winman3","1","1","2"
"winner_horse","1","1","2"
"winnerpolpharma","1","1","2"
"Winsen19","1","1","2"
"Winvanity","1","1","2"
"Winwar","1","1","2"
"wirosableng2121","1","1","2"
"wisdy","1","1","2"
"Wishmasterv2","1","1","2"
"Witamen","1","1","2"
"witheredoak","1","1","2"
"witzar","1","1","2"
"WizardsChess7","1","1","2"
"WizenMantis8973_2","1","1","2"
"wizofe","1","1","2"
"WJSV","1","1","2"
"wliwanag","1","1","2"
"wm1981","1","1","2"
"wmalkawi","1","1","2"
"WMIA201","1","1","2"
"WMIA203","1","1","2"
"Wobbel","1","1","2"
"Wocky_1","1","1","2"
"wodbsclsrn","1","1","2"
"woehler","1","1","2"
"wojciech900rr","1","1","2"
"wojczas","1","1","2"
"Wojrek","1","1","2"
"woks","1","1","2"
"wolandino","1","1","2"
"WolekWolek","1","1","2"
"Wolf200785","1","1","2"
"wolfe_guardian","1","1","2"
"wolffy001","1","1","2"
"wolfgang49","1","1","2"
"Wolfgangchopin","1","1","2"
"Wolfgangniedermaier","1","1","2"
"wolflone817","1","1","2"
"WOLFNUR","1","1","2"
"wolfpeace","1","1","2"
"wolfqb","1","1","2"
"Wolfstraat","1","1","2"
"WoLHotS","1","1","2"
"Wolle_111","1","1","2"
"Wollemort","1","1","2"
"WolnyRynek-23","1","1","2"
"Wolochow","1","1","2"
"WombatSNR","1","1","2"
"won2loss","1","1","2"
"WonderAnna","1","1","2"
"WonderBroom","1","1","2"
"Wonderful_Day","1","1","2"
"wongwilson","1","1","2"
"Wonka1180","1","1","2"
"Wonka420","1","1","2"
"Woodldoo","1","1","2"
"WookHooves","1","1","2"
"Wookie_Error","1","1","2"
"wookie182","1","1","2"
"woprandi","1","1","2"
"Workthattool","1","1","2"
"worky505","1","1","2"
"Worldinator","1","1","2"
"Worldnn123","1","1","2"
"worldss8888888","1","1","2"
"Worm7","1","1","2"
"woroN13","1","1","2"
"Worrdla","1","1","2"
"Worshiptheking","1","1","2"
"worstplayer2011","1","1","2"
"woswoasi","1","1","2"
"Woudaapje","1","1","2"
"woufwoufouafouaf","1","1","2"
"wounderofyou","1","1","2"
"Wovan55","1","1","2"
"wow_momos","1","1","2"
"WOWA40","1","1","2"
"wr88-00","1","1","2"
"wraathrr","1","1","2"
"wrey43gr","1","1","2"
"Wrimel","1","1","2"
"Wrter","1","1","2"
"wrthbasio","1","1","2"
"Wscott12988","1","1","2"
"wsdefgh","1","1","2"
"WSTRN16","1","1","2"
"wtc127","1","1","2"
"wtsmith790","1","1","2"
"WUBUQUAN","1","1","2"
"Wukonus","1","1","2"
"Wulkrym","1","1","2"
"WUTNdou","1","1","2"
"WVMasuko","1","1","2"
"wwawaw","1","1","2"
"wwinship","1","1","2"
"wwwchess-nutscom","1","1","2"
"WYohanny","1","1","2"
"Wysagmlfabo","1","1","2"
"Wysonat","1","1","2"
"wytagen","1","1","2"
"Wyzowisest","1","1","2"
"x_avvi","1","1","2"
"x_sisco","1","1","2"
"X_WoyerMir_X","1","1","2"
"X-15","1","1","2"
"X-Junior","1","1","2"
"x00bug","1","1","2"
"x289210001x","1","1","2"
"x2ro","1","1","2"
"x356mansour356x","1","1","2"
"x3emsh","1","1","2"
"X3RN","1","1","2"
"Xacobe2009","1","1","2"
"xALIREZAx","1","1","2"
"xanddyn","1","1","2"
"Xandreww","1","1","2"
"xarat12","1","1","2"
"Xardas1340","1","1","2"
"xavier2017","1","1","2"
"Xaviercesar","1","1","2"
"Xberg36","1","1","2"
"xcho011","1","1","2"
"xck84","1","1","2"
"XCris17","1","1","2"
"xdGrandmaster69","1","1","2"
"Xdhvker","1","1","2"
"xDino","1","1","2"
"Xdthgi1","1","1","2"
"xdtrendwoulf","1","1","2"
"XeeS2","1","1","2"
"xekemat","1","1","2"
"xElAprendiz","1","1","2"
"XenoByte_ufo","1","1","2"
"Xenoh363","1","1","2"
"Xenos_69","1","1","2"
"xEntyx","1","1","2"
"Xerxes_I","1","1","2"
"xerxesotirano","1","1","2"
"Xeta_Pompei","1","1","2"
"Xethik","1","1","2"
"xezyxx","1","1","2"
"xfam767","1","1","2"
"xferx","1","1","2"
"Xheti","1","1","2"
"xhevatb","1","1","2"
"xiaoyao08","1","1","2"
"XimenaLV","1","1","2"
"ximo_elx","1","1","2"
"xippar","1","1","2"
"xipulasi","1","1","2"
"xiscogaya99","1","1","2"
"xkdk","1","1","2"
"xkerem03","1","1","2"
"xky7","1","1","2"
"Xl_up1","1","1","2"
"Xm4i","1","1","2"
"xMazuka","1","1","2"
"xMind_Slayerx","1","1","2"
"xmplje","1","1","2"
"xNing","1","1","2"
"xOGaelxx","1","1","2"
"XoM9K123","1","1","2"
"xomyak_absolute","1","1","2"
"Xorane","1","1","2"
"xord99","1","1","2"
"Xorisso","1","1","2"
"xosephx","1","1","2"
"XperoZuk","1","1","2"
"Xphomegra","1","1","2"
"xrado33","1","1","2"
"XRay19","1","1","2"
"xrtex1","1","1","2"
"Xryak","1","1","2"
"xSeife","1","1","2"
"xSixtyNinex","1","1","2"
"xSkieth","1","1","2"
"XtraBig","1","1","2"
"Xucessful","1","1","2"
"xueyueyue","1","1","2"
"xuhan_lxp","1","1","2"
"xunbai","1","1","2"
"xunilo","1","1","2"
"xur-de","1","1","2"
"xursandkulov22","1","1","2"
"Xuyou","1","1","2"
"xX_Matvei_Xx","1","1","2"
"xxbg000","1","1","2"
"xxBimbala","1","1","2"
"xXChessmanXx","1","1","2"
"xxci","1","1","2"
"XXDarioXX","1","1","2"
"xxJ_Jxx","1","1","2"
"xXJokerssXx","1","1","2"
"xxl82","1","1","2"
"xxNCxx","1","1","2"
"XxSwayZxX","1","1","2"
"xxxkingslayer666","1","1","2"
"xxxmagnus","1","1","2"
"xxxtinctt","1","1","2"
"xXxunicornloverxXx8","1","1","2"
"XxxxARCTICxxxX","1","1","2"
"XxYALICOxX","1","1","2"
"Xytronix","1","1","2"
"xyzthewholecube","1","1","2"
"xZoranx","1","1","2"
"y_bell2","1","1","2"
"Y_M_H","1","1","2"
"Y10NO","1","1","2"
"Y2_2Y","1","1","2"
"y221224","1","1","2"
"y2302","1","1","2"
"Y4EHUK","1","1","2"
"y97317729","1","1","2"
"y9Kap","1","1","2"
"ya_ntar","1","1","2"
"YA3783","1","1","2"
"Yaa_Kubu68","1","1","2"
"YAALVELINIYAN","1","1","2"
"yaashbhavkumar","1","1","2"
"yaaxo","1","1","2"
"Yabendii","1","1","2"
"yabrielx","1","1","2"
"Yabudala","1","1","2"
"yacine18","1","1","2"
"yacineraik","1","1","2"
"Yadavi","1","1","2"
"yadhupnr","1","1","2"
"yadnikj","1","1","2"
"YaganovIO","1","1","2"
"yagizyilmazz11","1","1","2"
"yagrincalibeste","1","1","2"
"yahoo91","1","1","2"
"yahya-ayman","1","1","2"
"yahya19th","1","1","2"
"YahyaZakarya32","1","1","2"
"yaielleon","1","1","2"
"Yairk11","1","1","2"
"Yakcello","1","1","2"
"yaksoy","1","1","2"
"yakupinac1903","1","1","2"
"yalahyo","1","1","2"
"Yalp35","1","1","2"
"YamaguchiPolgar","1","1","2"
"Yamanaga30","1","1","2"
"yamangh","1","1","2"
"YAMAZAKY02","1","1","2"
"yamen-tayyarh","1","1","2"
"Yamilcas","1","1","2"
"Yamile","1","1","2"
"Yamin0411","1","1","2"
"yana4444","1","1","2"
"YaNastya2023","1","1","2"
"yandmrt","1","1","2"
"YAneMISHAA","1","1","2"
"Yangkorn19","1","1","2"
"yangyang_2016","1","1","2"
"Yanix1998","1","1","2"
"yaniyankov","1","1","2"
"YankoCava","1","1","2"
"Yannick85","1","1","2"
"Yannickbusch","1","1","2"
"Yanochka_1110","1","1","2"
"Yanoquedannicknames","1","1","2"
"YANTO_GMBT","1","1","2"
"yanzhi_durian","1","1","2"
"yar111","1","1","2"
"yardenk","1","1","2"
"yarimati","1","1","2"
"YarNer3","1","1","2"
"YaroM","1","1","2"
"Yaromir_Kozlovsckij","1","1","2"
"yaronig","1","1","2"
"YarosGiros","1","1","2"
"yarosla8765","1","1","2"
"YaroslaV_0929","1","1","2"
"Yaroslav-Nam","1","1","2"
"YaroslavKul","1","1","2"
"YaroslavY2015","1","1","2"
"YaschenkoAndrey","1","1","2"
"yasendi","1","1","2"
"Yaser2121","1","1","2"
"yaseralsadi","1","1","2"
"yaserfergan","1","1","2"
"yash_2384","1","1","2"
"Yashashwin","1","1","2"
"YashasJain1234567","1","1","2"
"yashkarnena","1","1","2"
"Yashkit","1","1","2"
"yashoswi08","1","1","2"
"Yashraj124","1","1","2"
"Yashshah_2010","1","1","2"
"yashsinghh123","1","1","2"
"Yashtanwal04","1","1","2"
"Yashvinatarajan","1","1","2"
"yashvitgouru","1","1","2"
"YashwantXDX","1","1","2"
"yashwinsidhanas","1","1","2"
"Yasin_mehri10","1","1","2"
"Yasin-Khangaldi","1","1","2"
"yasir_09","1","1","2"
"yasmamy","1","1","2"
"Yasser3allam","1","1","2"
"Yassineelmaanaouy","1","1","2"
"Yastana5","1","1","2"
"Yavorskidima12350","1","1","2"
"yavrukartal18","1","1","2"
"yavsarr","1","1","2"
"yavuzeren1903","1","1","2"
"yavuzsultanselimhn","1","1","2"
"yawata","1","1","2"
"yaxio","1","1","2"
"YaYaPapaYa","1","1","2"
"yayifrutos","1","1","2"
"yazanalhato99","1","1","2"
"yazdan_kamiabfar","1","1","2"
"yazdan9899","1","1","2"
"yazeed_raad","1","1","2"
"yazid900","1","1","2"
"YBGElix","1","1","2"
"YBM_1903","1","1","2"
"YBS76","1","1","2"
"ycpunk","1","1","2"
"ydimann","1","1","2"
"ydlazirocir","1","1","2"
"Ydrana","1","1","2"
"Ye1es","1","1","2"
"yeaboi244","1","1","2"
"yeahsueme","1","1","2"
"yeahyak","1","1","2"
"Yeddra","1","1","2"
"Yeepppp","1","1","2"
"Yeet3122","1","1","2"
"yegane1390","1","1","2"
"YehorN","1","1","2"
"yehya2008","1","1","2"
"yeII0w","1","1","2"
"Yeinner","1","1","2"
"yeKcim","1","1","2"
"Yeliz2015","1","1","2"
"Yellow_Birds_SLCA","1","1","2"
"Yelopukki","1","1","2"
"yelowchees","1","1","2"
"Yelyzaveeta","1","1","2"
"yenelcagri","1","1","2"
"yenuli1234567","1","1","2"
"YeohYuNa","1","1","2"
"yeom0724","1","1","2"
"Yeraly_1953","1","1","2"
"yerassyk","1","1","2"
"yerayaranda","1","1","2"
"yerlitesla","1","1","2"
"yes_i_m","1","1","2"
"YES_SEY","1","1","2"
"Yeswecantom","1","1","2"
"yeterikadaroldu","1","1","2"
"Yeva_Vorozhbyt","1","1","2"
"YewTheGreenMan","1","1","2"
"yfguuh","1","1","2"
"yfres5fyycub7","1","1","2"
"yfzito","1","1","2"
"YG_TR","1","1","2"
"YG2013","1","1","2"
"ygor_teixeira","1","1","2"
"ygt200499","1","1","2"
"yha_ba","1","1","2"
"Yhayhy","1","1","2"
"yhel_andrew","1","1","2"
"yiankyr","1","1","2"
"Yigit-1510","1","1","2"
"Yigiterenuzun","1","1","2"
"yigitkaplan","1","1","2"
"yijunyu","1","1","2"
"YikesYummy","1","1","2"
"YikZhu","1","1","2"
"yilmazyilmaz","1","1","2"
"YimoFu","1","1","2"
"YinYangHomebwoy","1","1","2"
"yit6","1","1","2"
"Yitianzhang","1","1","2"
"Yivy","1","1","2"
"YIXU_07","1","1","2"
"yk_chess123","1","1","2"
"yk_marc","1","1","2"
"yk95","1","1","2"
"YlianaGalkina","1","1","2"
"yll0416","1","1","2"
"YmerejBrood","1","1","2"
"ymmaavstoml","1","1","2"
"ymyugimaga","1","1","2"
"yna999999999","1","1","2"
"yngdzoli","1","1","2"
"YNGVAR2","1","1","2"
"YNOS1977","1","1","2"
"ynzmx","1","1","2"
"yoba4ever","1","1","2"
"yoelking","1","1","2"
"YoGarzon","1","1","2"
"yogesh_2502","1","1","2"
"Yogesh5122002","1","1","2"
"yogesh909","1","1","2"
"yogeshagrawal11","1","1","2"
"yogi_24","1","1","2"
"Yogie9","1","1","2"
"Yogitod","1","1","2"
"yohandotiwala868","1","1","2"
"Yohannant","1","1","2"
"Yoko_kurama13","1","1","2"
"yolcu360","1","1","2"
"yoldi6718","1","1","2"
"yolocheckers","1","1","2"
"Yologotik","1","1","2"
"yolomikeswagbeck","1","1","2"
"Yomans_kanwilkalbar","1","1","2"
"yomo435","1","1","2"
"YONATANA2012","1","1","2"
"yonathan_argentina","1","1","2"
"YonG796","1","1","2"
"yonisalk1","1","1","2"
"yoopeeX","1","1","2"
"Yootz93","1","1","2"
"yorik35","1","1","2"
"Yorke00","1","1","2"
"Yorkiller","1","1","2"
"yorlisr","1","1","2"
"Yors","1","1","2"
"yoshi46","1","1","2"
"yoshimitsu_tonahari","1","1","2"
"Yoto64","1","1","2"
"yotorean","1","1","2"
"You_Lose_You_Eat_Don","1","1","2"
"YouberX","1","1","2"
"youdidnthavecutmeoff","1","1","2"
"YouNCheck","1","1","2"
"younes997","1","1","2"
"Youngbadman","1","1","2"
"youngroman","1","1","2"
"YoungTrizini90","1","1","2"
"YoungWibbl","1","1","2"
"YouPa1910","1","1","2"
"your-russian-master","1","1","2"
"YourKingZ","1","1","2"
"yourkittpet","1","1","2"
"yousabsaady","1","1","2"
"Yousap1","1","1","2"
"yousef_Elsokary12","1","1","2"
"yousef10A241","1","1","2"
"yousefi-a2535","1","1","2"
"Yousefsherif","1","1","2"
"YOUSFI111","1","1","2"
"yousif101","1","1","2"
"yousifh340","1","1","2"
"yousof_k","1","1","2"
"YoussabEhab","1","1","2"
"youssef_habib","1","1","2"
"Youssef165","1","1","2"
"Youssef686587","1","1","2"
"youssefajnaou","1","1","2"
"YoussefMohib","1","1","2"
"YOUT201","1","1","2"
"YOUT606","1","1","2"
"YouthfulOctopus","1","1","2"
"YoviZZ","1","1","2"
"yoyoconnor","1","1","2"
"yp18","1","1","2"
"ypchak-1978","1","1","2"
"Yplayer","1","1","2"
"Yqhizm","1","1","2"
"Yra17","1","1","2"
"yrik911","1","1","2"
"Yriy_Alexsandrovich1","1","1","2"
"YROKHOVICH","1","1","2"
"ysferkc","1","1","2"
"Ysn_maroc4462","1","1","2"
"Ysrylcn","1","1","2"
"YTZ2014","1","1","2"
"Yu_Fed_888","1","1","2"
"Yu55","1","1","2"
"YUANSARDALLA","1","1","2"
"YuanShwang","1","1","2"
"yubelylebuy","1","1","2"
"YUBUHO42","1","1","2"
"YuDen","1","1","2"
"yudiutay123","1","1","2"
"YugNaik","1","1","2"
"yuki-kun06","1","1","2"
"YUKSELEN21","1","1","2"
"yukselqg","1","1","2"
"YuKuzn","1","1","2"
"Yuliano22","1","1","2"
"Yuliyana2013","1","1","2"
"Yulkq","1","1","2"
"Yulya27","1","1","2"
"Yumabo","1","1","2"
"yumanlee","1","1","2"
"YummyHotdog","1","1","2"
"Yuna_1390","1","1","2"
"Yuneth","1","1","2"
"YungDosto","1","1","2"
"YungRaven","1","1","2"
"YuniHyuuga","1","1","2"
"yuniss87","1","1","2"
"Yunnaz","1","1","2"
"Yuno-ni","1","1","2"
"Yunusemre777888","1","1","2"
"yunusthegoat","1","1","2"
"yunzhi","1","1","2"
"Yura_2016","1","1","2"
"yura1978","1","1","2"
"Yurchenkovladimir","1","1","2"
"Yuri_Gagarin","1","1","2"
"yurii12345","1","1","2"
"Yurii1984","1","1","2"
"YuriiSH","1","1","2"
"Yurikud","1","1","2"
"YurinNikolay","1","1","2"
"Yurito","1","1","2"
"Yurius87","1","1","2"
"Yuriy1984i","1","1","2"
"YuriyMur","1","1","2"
"Yurko78","1","1","2"
"YurkovetsTimofei","1","1","2"
"yurok_91","1","1","2"
"YURY_30","1","1","2"
"Yury_p","1","1","2"
"yusif_210614","1","1","2"
"Yusif_Necefzade","1","1","2"
"Yusily","1","1","2"
"yusuf_omur","1","1","2"
"Yusuf0766","1","1","2"
"yusuf1652","1","1","2"
"YusufAboozaid","1","1","2"
"yusufbaba1234","1","1","2"
"yusufE13","1","1","2"
"yusufhasnaoui","1","1","2"
"Yusufkeremtekin","1","1","2"
"yusufomergunes","1","1","2"
"Yusufor","1","1","2"
"YUSUFRA00","1","1","2"
"yusufyasarmat","1","1","2"
"YusufYurdusev","1","1","2"
"Yusupov_777","1","1","2"
"yuthmika2012","1","1","2"
"Yutooth","1","1","2"
"Yuvarajans","1","1","2"
"Yuviii07","1","1","2"
"yuvraj_goel","1","1","2"
"yuwenhan180","1","1","2"
"yveslemaitre","1","1","2"
"yvog","1","1","2"
"yvonn321","1","1","2"
"ywissongs","1","1","2"
"yy0506","1","1","2"
"YYSrealchess","1","1","2"
"Z_malay123","1","1","2"
"z_rediane","1","1","2"
"z-z-z-z-z-z","1","1","2"
"z00albin","1","1","2"
"Z2B","1","1","2"
"Z2e","1","1","2"
"z4che","1","1","2"
"Z4F1R3l123","1","1","2"
"Z961","1","1","2"
"za_za","1","1","2"
"Zabeer_ox","1","1","2"
"zabljak","1","1","2"
"zabulonz","1","1","2"
"Zac_JP","1","1","2"
"ZacaVA","1","1","2"
"Zachary49","1","1","2"
"zachl98","1","1","2"
"Zack_123_1","1","1","2"
"zack14","1","1","2"
"zackbel80","1","1","2"
"ZaCrazyOne","1","1","2"
"ZaebalZaregaiMenya","1","1","2"
"zaeuceu","1","1","2"
"Zafar_Mohammadi","1","1","2"
"zafashter","1","1","2"
"zaferjamal","1","1","2"
"zafersenturk","1","1","2"
"Zaffect","1","1","2"
"Zaghouani","1","1","2"
"zagozol","1","1","2"
"zagyvazsolt","1","1","2"
"Zahar1237","1","1","2"
"zahargoryachev","1","1","2"
"zaharovmixail87","1","1","2"
"zahidah1983","1","1","2"
"zahnosi","1","1","2"
"zahrasalahshoor","1","1","2"
"Zaid2022","1","1","2"
"zaidanfawwaz","1","1","2"
"Zainbku","1","1","2"
"zajiyy","1","1","2"
"Zakaboy026","1","1","2"
"Zakhar_chess","1","1","2"
"zaki19","1","1","2"
"zaklarabi","1","1","2"
"zalytre","1","1","2"
"Zambrit","1","1","2"
"Zamok1977","1","1","2"
"Zanella90","1","1","2"
"ZannenTapfen","1","1","2"
"zansall","1","1","2"
"zanyar-30","1","1","2"
"zanycolourfulwindow","1","1","2"
"Zapico15","1","1","2"
"Zapk1nus","1","1","2"
"ZapsZap","1","1","2"
"ZARA33","1","1","2"
"zaratustrsa","1","1","2"
"ZaretskiyFG","1","1","2"
"zartem1234","1","1","2"
"zarunedevil","1","1","2"
"Zaryana_98","1","1","2"
"ZASH1983","1","1","2"
"zatek5","1","1","2"
"Zauminho","1","1","2"
"Zaxman","1","1","2"
"Zayac_v_Brone","1","1","2"
"zayanbenjamin","1","1","2"
"zazaSERHAT","1","1","2"
"Zaziki91","1","1","2"
"zazu_mofisa","1","1","2"
"Zboczuszek40","1","1","2"
"zbone_1007","1","1","2"
"ZBoQ","1","1","2"
"ZBYakuphanAlsancoglu","1","1","2"
"zcell","1","1","2"
"Zdziislaw","1","1","2"
"Ze7Evgeniyze7","1","1","2"
"zeadohna","1","1","2"
"Zealand1","1","1","2"
"ZebraCrossing","1","1","2"
"zecozeco","1","1","2"
"Zeeh546","1","1","2"
"zeerui","1","1","2"
"zefraun_krova1423","1","1","2"
"zeit23uhr33min","1","1","2"
"zejafo","1","1","2"
"zeke1222","1","1","2"
"zeker519","1","1","2"
"zekichessarg","1","1","2"
"Zekizzz","1","1","2"
"Zelephe","1","1","2"
"zellinlen","1","1","2"
"zemisel","1","1","2"
"Zen121","1","1","2"
"Zendora_Obemus","1","1","2"
"zeniorprince","1","1","2"
"ZenMaster1","1","1","2"
"Zeno_senpai","1","1","2"
"zenogesualdo","1","1","2"
"zephyranth","1","1","2"
"ZephyrLxR","1","1","2"
"Zeppelin448","1","1","2"
"ZeppelinQJ","1","1","2"
"zeptrey","1","1","2"
"Zerbinotto","1","1","2"
"zerbusburbes","1","1","2"
"Zerg1ing","1","1","2"
"zermelo76","1","1","2"
"Zero2B","1","1","2"
"ZeroFn","1","1","2"
"zerojebus","1","1","2"
"zeromaru","1","1","2"
"zeron69","1","1","2"
"zeronenash","1","1","2"
"ZEROOIQ","1","1","2"
"Zerus_marimo","1","1","2"
"Zeurda","1","1","2"
"Zeus1971","1","1","2"
"zeus225","1","1","2"
"zeusgibibiri","1","1","2"
"zeussse","1","1","2"
"Zeuswilliam","1","1","2"
"zeyad202020","1","1","2"
"zeyadbst","1","1","2"
"zeynep1515","1","1","2"
"zeynep375","1","1","2"
"zeynepberil","1","1","2"
"zeynepcakar12","1","1","2"
"Zezzole","1","1","2"
"Zfrog4","1","1","2"
"zguner61","1","1","2"
"zhamsaran86","1","1","2"
"Zhanna_Tsimoshyna","1","1","2"
"ZHatif","1","1","2"
"zhdd","1","1","2"
"zhnech","1","1","2"
"Zhuanj","1","1","2"
"Zhumathan","1","1","2"
"Zhyrnov_OV","1","1","2"
"ZiaBl","1","1","2"
"Ziad_Mohamed_2004","1","1","2"
"Ziad_Shalaby","1","1","2"
"ziad1111","1","1","2"
"ziadziadziad","1","1","2"
"zibsin","1","1","2"
"zidane_2804","1","1","2"
"zielscheide","1","1","2"
"zierli","1","1","2"
"Zigomatic","1","1","2"
"zigzag_mihail","1","1","2"
"zikfrector","1","1","2"
"zile0106","1","1","2"
"Zinatra","1","1","2"
"ZinchenkoRA","1","1","2"
"zineeddineLouriga","1","1","2"
"zinogrex","1","1","2"
"zintlphase","1","1","2"
"zinyazinya","1","1","2"
"ziofabri","1","1","2"
"ziotom93d","1","1","2"
"Zipo7","1","1","2"
"Zirbyli","1","1","2"
"Zitronenverwalter","1","1","2"
"Zitti","1","1","2"
"zizigulutabeta","1","1","2"
"zizoublbs","1","1","2"
"zjarozjarunio","1","1","2"
"zjut_zzh","1","1","2"
"ZliDule","1","1","2"
"Zlobniybulterier","1","1","2"
"zloy_grey","1","1","2"
"zloy_strelok","1","1","2"
"Zm757","1","1","2"
"Zmdehghan","1","1","2"
"Zmey888","1","1","2"
"Zmg89","1","1","2"
"Zmyrkova","1","1","2"
"Zocas","1","1","2"
"Zocken","1","1","2"
"ZodiaKDz","1","1","2"
"zoekauxiuting","1","1","2"
"ZOELFIQAR","1","1","2"
"ZofDar14","1","1","2"
"ZohanGabbas97","1","1","2"
"Zoheir77","1","1","2"
"Zokiras","1","1","2"
"zokzwang","1","1","2"
"Zolino77","1","1","2"
"zolkalolka","1","1","2"
"Zone5","1","1","2"
"zonkrety","1","1","2"
"zooloox","1","1","2"
"zooota","1","1","2"
"zoran_ribar","1","1","2"
"zorankenda","1","1","2"
"ZorbaBuddha","1","1","2"
"zorbey04","1","1","2"
"ZordSama","1","1","2"
"Zorge1917","1","1","2"
"Zorkinr","1","1","2"
"Zormen","1","1","2"
"zoro_hunter","1","1","2"
"Zoroastroalso1","1","1","2"
"Zosia-R13","1","1","2"
"Zosiaskoczek1","1","1","2"
"Zoulzine","1","1","2"
"Zovak_23","1","1","2"
"zoya_2010","1","1","2"
"zpdee","1","1","2"
"ZPdouglass","1","1","2"
"zrr","1","1","2"
"zrzr2000","1","1","2"
"zso","1","1","2"
"zss","1","1","2"
"ZtHnamte","1","1","2"
"ztoffe","1","1","2"
"zuchri","1","1","2"
"Zuckerbombe","1","1","2"
"zufro_yuda","1","1","2"
"ZUGLOFF","1","1","2"
"zugzwang3434","1","1","2"
"Zuha0707","1","1","2"
"zukoandro","1","1","2"
"Zularis","1","1","2"
"zulfichess83","1","1","2"
"ZulkHeMad77","1","1","2"
"Zumby","1","1","2"
"zunaid_64","1","1","2"
"zungul00000","1","1","2"
"Zuoz","1","1","2"
"ZuriMayora","1","1","2"
"Zustavirdo_o","1","1","2"
"Zuxx","1","1","2"
"ZuyevDaniil","1","1","2"
"zuza000","1","1","2"
"ZuzikG","1","1","2"
"zvaigznulite15","1","1","2"
"ZVERUGER","1","1","2"
"zvih","1","1","2"
"zvw2015","1","1","2"
"zw73","1","1","2"
"Zweitervonhinten","1","1","2"
"zwerg_32","1","1","2"
"zx63","1","1","2"
"zxccersed","1","1","2"
"zxwvuts","1","1","2"
"Zxy200","1","1","2"
"Zyad_ashor","1","1","2"
"zyad12","1","1","2"
"Zyadmontaser","1","1","2"
"zych1","1","1","2"
"Zynchro_08","1","1","2"
"ZyverTheKing","1","1","2"
"zyyistired","1","1","2"
"zz-fighter","1","1","2"
"zz9","1","1","2"
"zzdong","1","1","2"
"zzyz08","1","1","2"
"Zzzangura","1","1","2"
