"player","white_games","black_games","total"
"hajeko","404","402","806"
"Slivoviy","285","283","568"
"Shinichi02","262","268","530"
"Aka27Aslan","221","210","431"
"J-aan","291","140","431"
"Leeuw7","202","204","406"
"SUTHEY2","185","178","363"
"hadi_gari","177","179","356"
"HayirdirSenNeyeBaktn","177","177","354"
"animeskan","160","167","327"
"TitoKationi","116","115","231"
"Foolinaswimmingpool","114","111","225"
"afanoffun","113","111","224"
"FurkanKlcceken","113","110","223"
"Aram-e4","108","104","212"
"gmud","104","106","210"
"snaip888","99","110","209"
"Mostafov22","101","106","207"
"roblensky","105","99","204"
"heallan","89","113","202"
"arqcap","100","101","201"
"CanIWinYouOrNot","100","101","201"
"zicote","99","100","199"
"cinekk5","97","101","198"
"alzz","100","95","195"
"Mikkel_Vinh","95","96","191"
"tdbangz","91","93","184"
"inar921","94","89","183"
"lishcp","91","90","181"
"Mussa09-09","92","87","179"
"dddd345","86","88","174"
"hemant_69","85","88","173"
"Formidablenights2009","85","85","170"
"RubbleChess","82","81","163"
"lousyfortres2","78","80","158"
"okish","77","80","157"
"srcapivara","80","77","157"
"ASORUSSYA","77","79","156"
"borgogniels","76","78","154"
"OjaiJoao","76","77","153"
"ferrari10","77","75","152"
"jblick","73","77","150"
"WAYTOIMPROVERESIDENT","74","76","150"
"qqqwwerr","72","73","145"
"Joaozinho","71","71","142"
"punitaswal","69","72","141"
"PaSHaSaltanov11","71","69","140"
"DustinDeWind","69","70","139"
"RXERXERXE","68","70","138"
"thegamecris","67","71","138"
"wluke1080","66","70","136"
"Abs001Presh","66","65","131"
"TANES37","69","62","131"
"ChorniyVoron","62","68","130"
"Bashirrabiu777","64","62","126"
"ljdklghfd","63","63","126"
"marky101","61","64","125"
"Fitimiti123","61","62","123"
"Mharcky","61","62","123"
"NinjaTurtles482","62","61","123"
"arguman","63","59","122"
"mukarrir","59","60","119"
"LimoPreacherman","61","57","118"
"RodrigoMarrou","58","58","116"
"sherlock2001holmes","58","58","116"
"Chommy","57","56","113"
"Isak2011","58","55","113"
"madanmardi2056","58","54","112"
"MrMesut","55","57","112"
"dillaMo","57","54","111"
"luco15","54","57","111"
"Youthcoaching","55","56","111"
"KDMFan","55","55","110"
"TimoBjornson","56","54","110"
"ChessCamp96","55","54","109"
"TurkOglan27","55","53","108"
"Good_mistake","55","52","107"
"Maks123chess321","55","50","105"
"Plart4444","52","52","104"
"everconqueror","49","51","100"
"ujustgotrektbro","48","52","100"
"ErickArquinego5Qui","51","48","99"
"Gilevich","49","50","99"
"unquoted","51","48","99"
"ABOLFAZ14","49","49","98"
"SecantFX","51","47","98"
"Ivan_arse11","46","50","96"
"ludwigferreras2013","46","50","96"
"NoobyChessPlayer","49","47","96"
"IBattousaiI","47","48","95"
"QGD_07","47","48","95"
"Georg_2007","47","47","94"
"Iwonakitka","93","1","94"
"JustTryAgain","48","46","94"
"saim255248","47","47","94"
"aflickering","46","47","93"
"AnShen","46","47","93"
"freestyl","48","45","93"
"CHESSSKY10","46","46","92"
"GeparRd","47","45","92"
"MagnusCarlsen2822","45","47","92"
"CheckmateKevin","45","46","91"
"Flashtiger17","46","45","91"
"I_play_weird_chess","44","47","91"
"PaulAndre20","45","46","91"
"Abhinav-S160732","49","41","90"
"Coolerstake","46","44","90"
"vamojogar","46","43","89"
"archaeoadv","43","45","88"
"FRA_DAVOUST_Nicolas","43","45","88"
"Kostushka18KkS","45","43","88"
"lazydragon","46","42","88"
"ccun","43","44","87"
"Hanalex","44","43","87"
"RadwanAli22","43","44","87"
"NOTFAIRBM","41","45","86"
"ussy1","44","42","86"
"NorrisEthan2006","42","43","85"
"Appu_Devajith","40","43","83"
"babak2950","46","37","83"
"Freezer196","43","40","83"
"iceonboard","42","41","83"
"legend_chess_player","43","40","83"
"Sanjay10chess2","43","40","83"
"lolacash7767","41","41","82"
"MunchySmallz","40","41","81"
"justenjoychess","39","41","80"
"Kaan140611","41","39","80"
"Mirka_Chess_2011","41","39","80"
"dankemario","41","38","79"
"DhruvaPrasad","39","40","79"
"EscepticoCinico","40","39","79"
"meraki-07","39","40","79"
"lf57","38","40","78"
"atharm02","38","39","77"
"Master_Comodo_Pro","37","40","77"
"shestakovsky","38","39","77"
"thephenomenon90","38","39","77"
"gaboasto1998","37","39","76"
"LoLLLLLLLLLLL","39","37","76"
"Pajarito19","37","39","76"
"skoldpaddan","39","37","76"
"EdgardRios","37","38","75"
"hlems","24","51","75"
"Maksim_tr","39","36","75"
"mdcard","36","39","75"
"pilot-rubble","39","36","75"
"ZimMagnus","38","37","75"
"ALFA_OMEGA1","38","36","74"
"fEndYyInChesS","38","35","73"
"kolv","37","36","73"
"Manolis_A","36","37","73"
"Samwinning","37","36","73"
"ultrabullet463","37","36","73"
"zantx3","36","37","73"
"bobdfish","35","37","72"
"phoenixever","38","34","72"
"Ricksanchess","36","36","72"
"TimVoronChess","36","36","72"
"L1qu1d","35","36","71"
"ryderhung","34","37","71"
"Squeakoline","37","34","71"
"Bochick","34","36","70"
"Devati936","33","37","70"
"MereseBerserkNhi","35","35","70"
"Nemo68","36","34","70"
"UMKA228","35","35","70"
"BadManUno","33","36","69"
"BAziukAs","35","34","69"
"filip_b","36","33","69"
"Livermewschess","35","34","69"
"Rodrish20","35","34","69"
"Vo1ych","33","36","69"
"leoaz77","34","34","68"
"NigelUno4","33","35","68"
"blundersnatch","34","33","67"
"Yarik65","37","30","67"
"AnnaSchach","32","34","66"
"RMuratR","34","32","66"
"Narzullayev_Shahzod","30","35","65"
"Alechess12","32","32","64"
"EliamGerena","31","33","64"
"King_Khalevs","33","31","64"
"souparnomethodist","32","32","64"
"The_Rump","31","33","64"
"Fastestplayer-012","33","30","63"
"Stefan_Kolesnikov","29","34","63"
"tomasnordberghejsan","30","33","63"
"Alexandr_Petrovich","31","31","62"
"GilLibu","31","31","62"
"sling16","32","30","62"
"topiatwins","32","30","62"
"Asoneenya","28","33","61"
"Hikaru_KBR","32","29","61"
"KingGadamer","28","33","61"
"KOTEYKA_V_TAHKE","31","30","61"
"mukuldubey","32","29","61"
"chocolategummy","29","31","60"
"dv1309","30","30","60"
"ultrascoreR","29","31","60"
"Art3mis_PH","28","31","59"
"Blindfoldnoob12","28","31","59"
"dot_Ash","31","28","59"
"ItsDaKing","28","31","59"
"RaGe_6969","30","29","59"
"ZM_Master","31","28","59"
"Zvonimiro","30","29","59"
"Believe_In_You","29","29","58"
"GotYourPieces","29","29","58"
"Mitrabha","29","29","58"
"N0puedeser","28","30","58"
"Neverstopberserk","31","27","58"
"ItsFckngZomboy","28","29","57"
"Jschess1","28","29","57"
"Nyekha","28","29","57"
"Prickly","27","29","56"
"ShadowKing78","29","27","56"
"sholathelion","28","28","56"
"SixtyFourSQGangster","26","30","56"
"Tazzz333","28","28","56"
"Yusuffer","27","29","56"
"HappyHippo10","26","29","55"
"ice48","26","29","55"
"jamin8567","27","28","55"
"Javi_Berserk","28","27","55"
"Marlborolightman","29","26","55"
"mikusz","28","27","55"
"RezaLona64","29","26","55"
"Sokolov_Dmitry","25","30","55"
"ZRY97","26","29","55"
"Ilmiron","27","27","54"
"ISOVAKO","26","28","54"
"ItachiUchihazerkkkkk","26","28","54"
"pasha_yashar","29","25","54"
"Serega1975","28","26","54"
"Barizoff","28","25","53"
"grob228_1","27","26","53"
"Nahijeetpaaogemujhse","26","27","53"
"Radulesku","26","27","53"
"TC80TC80","27","26","53"
"JacopoM","27","25","52"
"jasaospbr","26","26","52"
"LetItFlow8000","25","27","52"
"letthemitEatCake","24","28","52"
"NewAtagi","24","28","52"
"Parkour_444","25","27","52"
"Stelldichein","26","26","52"
"The_Void_Which_Binds","25","27","52"
"Adriano2021","25","26","51"
"ahhh6e35e44e73e62nd5","24","27","51"
"andrpr","24","27","51"
"bayqus1","25","26","51"
"BraBaBaYaGaGa","25","26","51"
"chessbyron","24","27","51"
"Gerardoanimas111","24","27","51"
"PPavliukk","27","24","51"
"RUNAI","25","26","51"
"Arizyusubov1993","24","26","50"
"enea2012","24","26","50"
"KingQueen1234","26","24","50"
"LittlePawnFriends","27","23","50"
"Perronecochense","26","24","50"
"RaghuRam-2009","25","25","50"
"SV_salahsen","25","25","50"
"Chessblazer111","25","24","49"
"cristianhernan05","23","26","49"
"GrandmasterSer","26","23","49"
"Hoogkamp","27","22","49"
"nihalnshetty","24","25","49"
"panagiskosmatos","25","24","49"
"team_obasi","24","25","49"
"Fun-Way","24","24","48"
"leo_tokyo2","24","24","48"
"Psychiatristt","25","23","48"
"QueenMaster77","23","25","48"
"Sayam123","24","24","48"
"Copper_001","23","24","47"
"Director_Tima","23","24","47"
"evolsinats","24","23","47"
"Experimentator1","24","23","47"
"gafferz","23","24","47"
"Pes_2013","24","23","47"
"SFIGAMAN","23","24","47"
"A2H1to8","22","24","46"
"Chess82_v2","23","23","46"
"fwinner86","23","23","46"
"Haeschen_Huepf","22","24","46"
"manvik12","23","23","46"
"Marwan94","23","23","46"
"Sboniso205","23","23","46"
"ScorPion_228","23","23","46"
"Swastikaggarwal","21","25","46"
"ALNC","23","22","45"
"AndrewCunanan","23","22","45"
"BMKY","20","25","45"
"bogazesintisi","18","27","45"
"gdhjfs","22","23","45"
"Hackbond","24","21","45"
"manujimenez82","22","23","45"
"Official_Jag","19","26","45"
"PRIMAL_T","23","22","45"
"Aatu65536","26","18","44"
"DM_Rainking","20","24","44"
"Gillotina19","21","23","44"
"henelnacon","21","23","44"
"selobiyo","23","21","44"
"SheldonnCooper","22","22","44"
"chefmasterrock","20","23","43"
"Emanuel_Gutierez_GUA","20","23","43"
"FASA1977","23","20","43"
"GigaChad-Fan","21","22","43"
"MFORTAC","22","21","43"
"sabbiabianca","22","21","43"
"ToastedSandwich","20","23","43"
"MastacticaTeoria","21","21","42"
"muleya11","21","21","42"
"Ra911","19","23","42"
"Savage_Wateri","23","19","42"
"thedestroyer2012","21","21","42"
"UdevDPalliyage","21","21","42"
"wrd1396","22","20","42"
"yocoloco","20","22","42"
"akinfenewaking","21","20","41"
"ArduinoGuy","18","23","41"
"Chaktic_Gaming","20","21","41"
"david2013champion","20","21","41"
"Doedelchen","21","20","41"
"EPHS-Khan","21","20","41"
"Mik_Oleg","19","22","41"
"ZooZ-9B","19","22","41"
"AbramEhab","19","21","40"
"adrianmiranda2008","21","19","40"
"alemogh","19","21","40"
"bayorov","20","20","40"
"bobthehouse","20","20","40"
"cactus_RUS","20","20","40"
"cACtuss1","19","21","40"
"drsdryhhh","18","22","40"
"franjacruzado","20","20","40"
"kamnur2011","20","20","40"
"kocabuzdolabi","19","21","40"
"Oktay0913","19","21","40"
"vivnnornd","20","20","40"
"KirCat777","23","16","39"
"miss_ChessMaster","20","19","39"
"NKGoesToWin","20","19","39"
"QS1000","18","21","39"
"Run_King_Run","19","20","39"
"thelastone111","20","19","39"
"tuluz","20","19","39"
"AdAm_GaVrIeL","17","21","38"
"Blue_bubblegum","20","18","38"
"Gulideev_55555","19","19","38"
"gungorabdullahselim","20","18","38"
"LucienTupin","19","19","38"
"MDRAMY11","18","20","38"
"piternuber","19","19","38"
"RauchKing","19","19","38"
"RohanParsan118","19","19","38"
"RyanRajesh","22","16","38"
"SupremePatzer","18","20","38"
"ultraliskus","21","17","38"
"younes_al19","20","18","38"
"Abedzadeh_Alireza","20","17","37"
"AEK_amineTM","16","21","37"
"ArjunChessIndian","19","18","37"
"aryel321","17","20","37"
"Black_Zorbas","17","20","37"
"gmficher2020","18","19","37"
"impogthefunnyfrog","18","19","37"
"Jaiver-camilo","19","18","37"
"KauSal-Pingling","19","18","37"
"LassWag2021i","18","19","37"
"MrRudolf","19","18","37"
"PeterRazin","19","18","37"
"sarikaan","18","19","37"
"SeahorseVortex","18","19","37"
"Statham_13","19","18","37"
"Tembee","19","18","37"
"andreykrilov25","19","17","36"
"French_Tickle","18","18","36"
"GR_GRISSLY","18","18","36"
"Grutel","18","18","36"
"itoshu","18","18","36"
"KoT_Tropical","18","18","36"
"mikl25rus","19","17","36"
"Misha_Star_10","17","19","36"
"Mozs1999","17","19","36"
"pc2007","18","18","36"
"PowerGamer2002","17","19","36"
"rosas2223","18","18","36"
"Sharkmeister2","18","18","36"
"sparrow_1","20","16","36"
"www-hubofgaming-com","19","17","36"
"alexnajax","18","17","35"
"AMSABandara","19","16","35"
"Anandhu_Sadurangam","17","18","35"
"apramay05","17","18","35"
"COOLLOLDING","18","17","35"
"davisocaisub10","16","19","35"
"EAADHAVAN2015","18","17","35"
"echecs29","17","18","35"
"fireonyourboard1","18","17","35"
"Free6002","18","17","35"
"ItachiUchiha2010","16","19","35"
"James_87","17","18","35"
"Kasts","17","18","35"
"kian_fardi","17","18","35"
"LukeChessMaster","18","17","35"
"PapaT_89","18","17","35"
"Solomeoazul","17","18","35"
"Successmln","18","17","35"
"SuperSpacer","17","18","35"
"tiki-taka-tiky","19","16","35"
"tsepelovo_zagori","18","17","35"
"Ajedrezultrabullet","17","17","34"
"akheyfets","16","18","34"
"artin2012","17","17","34"
"austinmoet","16","18","34"
"BSAKETH","17","17","34"
"Cristhian16","17","17","34"
"croketu","17","17","34"
"Ding_Zhopang","17","17","34"
"juanjosecastillo","17","17","34"
"Knockers","17","17","34"
"lecso666","17","17","34"
"Momarchy","17","17","34"
"Passerby_SA","17","17","34"
"qVova2015","16","18","34"
"R5S","17","17","34"
"therealsigma69","17","17","34"
"aakash-dalvi","16","17","33"
"Amiransar63","17","16","33"
"AngelsChessD","18","15","33"
"Ashvashan","17","16","33"
"Benomaster","17","16","33"
"boringfarmernoah","16","17","33"
"Carmen2001","17","16","33"
"Cr4ckedChess","13","20","33"
"dan_klet","16","17","33"
"DragonMEX","16","17","33"
"LaDefensaAgresiva","16","17","33"
"Mishakim2009","16","17","33"
"mollynightcore","16","17","33"
"Noyan-Shadbash93","16","17","33"
"Parolagizli63","18","15","33"
"Saif_hero","17","16","33"
"Andrew_Cc","16","16","32"
"AnshPincha","15","17","32"
"Ayaangamerz23","15","17","32"
"Epolite","16","16","32"
"hamzac","17","15","32"
"Howtoplaychess12345","16","16","32"
"jc331","16","16","32"
"michowcho","16","16","32"
"RobbyDamast","16","16","32"
"rope_and_snake","15","17","32"
"Sh88_j","16","16","32"
"theBlastardSon19","16","16","32"
"abdo1919","15","16","31"
"BabakReiko","15","16","31"
"IntegralViolist","16","15","31"
"juicyoranges","15","16","31"
"KJ1980","16","15","31"
"MayNineThousandSix","18","13","31"
"Otorongo_Jaguar","17","14","31"
"Piotreg","16","15","31"
"Ryan_house82","16","15","31"
"StephenPS","17","14","31"
"valentin7064","15","16","31"
"zyzzx","16","15","31"
"AYOUB_JABARNE","15","15","30"
"bizarre64","15","15","30"
"bobyOsck","16","14","30"
"BRF-2011","15","15","30"
"Dos_Botines","16","14","30"
"Dr_Damage","15","15","30"
"emperorofkicker","14","16","30"
"FalzeHope","15","15","30"
"harambesnotdead","16","14","30"
"HashmatAhmadi","16","14","30"
"kanhasidar","14","16","30"
"KarelovDaniil","13","17","30"
"KBvLagAintFun","16","14","30"
"lenzschwarze","16","14","30"
"Natethebrain","16","14","30"
"Obcy3","16","14","30"
"riliah_ug","15","15","30"
"savagewarrior_123","15","15","30"
"SayulNethmira1","15","15","30"
"Soooooorryyyyyyyy","15","15","30"
"sudk288383","15","15","30"
"SuperChessGuyOnline","14","16","30"
"TheThrillOfUnknown","15","15","30"
"TooSpeedyForTrouble","14","16","30"
"Vraj_9","14","16","30"
"Andre890","16","13","29"
"captainchess2","14","15","29"
"DrRaulstein","14","15","29"
"Faustino_57junior","15","14","29"
"FENIKS4145","16","13","29"
"manamanah","14","15","29"
"NoDesMatePlis","15","14","29"
"TaylorHoulihan","15","14","29"
"Tenisas","15","14","29"
"toninhovaleriano","14","15","29"
"uils0l4","15","14","29"
"Zkryaa4","15","14","29"
"Alisa_Kurguzikova","15","13","28"
"Arda433","14","14","28"
"bravestoneh","15","13","28"
"ChocoTea","14","14","28"
"davir_akhtyamov","14","14","28"
"kingcharlie","15","13","28"
"Miquel73","14","14","28"
"Nov75","12","16","28"
"otisblack","14","14","28"
"pr0methazine","13","15","28"
"Suntaker","14","14","28"
"SuRXAN_CHESS","14","14","28"
"thegoodthechess2fan","14","14","28"
"Vincy6984","15","13","28"
"Vlad_Al","14","14","28"
"zionchiu","14","14","28"
"FaceBuch","13","14","27"
"Fizik-Yadershik","14","13","27"
"GutoTavora","13","14","27"
"Jh0nny","14","13","27"
"LEoR-aRoNoV","13","14","27"
"lev_ka","14","13","27"
"Levon_2008","14","13","27"
"LovePenguinim1","13","14","27"
"luckykienboy","15","12","27"
"MikeCortez","14","13","27"
"Milek_14","13","14","27"
"mirror_mirror","10","17","27"
"Moushumi","14","13","27"
"Ntokozonkosi832","14","13","27"
"rkido","14","13","27"
"srianshsinha","15","12","27"
"Strizzi1963","13","14","27"
"Aamodupadhyaya","13","13","26"
"Aleksandr_Shalaev","14","12","26"
"ChessKing3412","12","14","26"
"Chinese-Panda","13","13","26"
"Dart_Groznyi","13","13","26"
"depressive_artist","14","12","26"
"Filetoypesto","13","13","26"
"Illumate_tops","13","13","26"
"IsaacUchasaraChess","13","13","26"
"LoseUntilYouWin","14","12","26"
"Malel","12","14","26"
"messicampeondelmundo","13","13","26"
"MironNest","14","12","26"
"PEDROMARCO","13","13","26"
"Prosalah","12","14","26"
"Serg_01","13","13","26"
"Tairam39","12","14","26"
"tempe_garit","12","14","26"
"Tomtday","14","12","26"
"Yaksh1649","13","13","26"
"CHchessik","12","13","25"
"chrismoral","12","13","25"
"daakkee04","12","13","25"
"Dr_BlunderStein","13","12","25"
"Hammxr","12","13","25"
"iamverycrazyest","13","12","25"
"jsb_1685","13","12","25"
"Kolkata-Knight-Rider","12","13","25"
"Mariaaz13","10","15","25"
"meeeeehsi","12","13","25"
"Ne_pochuvstvoval","12","13","25"
"Parth2003","11","14","25"
"regulater","13","12","25"
"Senadichanulya1234","13","12","25"
"SuperBuba_Chess","13","12","25"
"SweetOldGrandma","13","12","25"
"VTK-VACA","12","13","25"
"what_happened999","13","12","25"
"X_ROMAN17","12","13","25"
"A13J4ndr0D1390","12","12","24"
"aDxD","12","12","24"
"aniughost24","15","9","24"
"Chess-IS-Best777","12","12","24"
"cjrock530","13","11","24"
"Davidcj2310","13","11","24"
"demoleidor3000","12","12","24"
"dreamdragon0108","12","12","24"
"evripides33","11","13","24"
"Gotfrid90","9","15","24"
"JishnuBMAJ","11","13","24"
"k1dwithatie","12","12","24"
"karthik9497","11","13","24"
"kingyuksel","12","12","24"
"kypbep71","11","13","24"
"Last_teamaster","12","12","24"
"MK_2007","12","12","24"
"tairon41","13","11","24"
"TCIIDucThanh2009","12","12","24"
"TheWellHeeledKing","12","12","24"
"TigerLilov","11","13","24"
"TwixCaveman","12","12","24"
"UndeaDragon","12","12","24"
"aceiter","11","12","23"
"alexuwueyes","12","11","23"
"amudds","11","12","23"
"Buzz-08","12","11","23"
"easic","11","12","23"
"Fastplayer29","12","11","23"
"ghieee","12","11","23"
"ILUVSACS","11","12","23"
"jdan_2106","11","12","23"
"maxyml","10","13","23"
"MistrzowskieMalpki","12","11","23"
"mohammad73","12","11","23"
"NOZR69","11","12","23"
"ROHILSAHA123","11","12","23"
"shubhankarjape","12","11","23"
"statelessprincess","12","11","23"
"ubivator221","12","11","23"
"Ulloo","11","12","23"
"Vigo1975","11","12","23"
"xZoranx","10","13","23"
"ajedrez_aczino","10","12","22"
"Aquino29","11","11","22"
"bryweak","13","9","22"
"ChefsHouse96","9","13","22"
"ChessTrimmer","12","10","22"
"DannyKoz","12","10","22"
"DiegoMartin2012","11","11","22"
"Dradonbishop7","12","10","22"
"Filipaszka","9","13","22"
"giga_chad_2708","11","11","22"
"iAmNotMagnusCar","10","12","22"
"Lbqrom","11","11","22"
"Mekus22","11","11","22"
"Mr-SpideySenseUI","10","12","22"
"nany_marcielly","13","9","22"
"quackyduck1","9","13","22"
"raipai","9","13","22"
"S-hadowMonarch","12","10","22"
"Sami_BA","11","11","22"
"Stephanetah","11","11","22"
"TiGeRyvSWilLoW","11","11","22"
"VanNinhvippro2012","12","10","22"
"xasanjanov_x","10","12","22"
"adinathcc","10","11","21"
"Aperol69","9","12","21"
"Atharv1014","9","12","21"
"bijiy","11","10","21"
"BlindfoldChess69","11","10","21"
"cesarjun30","11","10","21"
"DakshaVX32","11","10","21"
"DDDYYYY","10","11","21"
"DimaStup","11","10","21"
"Freddieboi2","11","10","21"
"Hoegi","11","10","21"
"JavierUchasara_2STA","11","10","21"
"JCTolley","11","10","21"
"Kanatbek-97","11","10","21"
"kravtcle","10","11","21"
"Lajon1223","11","10","21"
"LiAm65493MaZ65493","11","10","21"
"Lokier","11","10","21"
"Madadr","11","10","21"
"MasterchessUnited","10","11","21"
"momenfox","9","12","21"
"morphish","9","12","21"
"niniveii","9","12","21"
"Plano_de_200","10","11","21"
"ruslan1406","11","10","21"
"Sega196615","10","11","21"
"voorhees_chess","11","10","21"
"WiNDim","10","11","21"
"A61935088GUSTAVO","9","11","20"
"amirreza2009","10","10","20"
"Bekrombine","10","10","20"
"brayitan171","10","10","20"
"Chessdabadab","10","10","20"
"chesstime122","10","10","20"
"DarkPhenix_2285","9","11","20"
"DavidGaye","11","9","20"
"Davidli135","11","9","20"
"ejei_tiger","10","10","20"
"Gustavo_Salas","10","10","20"
"HeadOfArduino","10","10","20"
"Ivan_Sergeevich13","11","9","20"
"JagzGm","10","10","20"
"Jonatan452","9","11","20"
"Mehrojbek2010","10","10","20"
"memoo97","10","10","20"
"MsVnf","11","9","20"
"MuyBueno","10","10","20"
"mz0","10","10","20"
"SiebBrouwer","10","10","20"
"strelec11","9","11","20"
"SumanthPrakash","9","11","20"
"tottimagic","10","10","20"
"Wardell_lewis54","10","10","20"
"Yusuf-1b","10","10","20"
"Zhenya2008","10","10","20"
"Augustin-Lbr","10","9","19"
"BolDeMyrtilles","9","10","19"
"catsupercat","9","10","19"
"DANTTASz","9","10","19"
"dastoinad","10","9","19"
"emptymoon","11","8","19"
"Evenson20","10","9","19"
"hackable","8","11","19"
"ImraneZiad19","10","9","19"
"Kazantsev","10","9","19"
"Kinyoobi","10","9","19"
"MATUSAYAYIM","9","10","19"
"Mauricio_Pama_C_Q_T","10","9","19"
"mcv_010101","9","10","19"
"merbod1391","11","8","19"
"NereSTas","9","10","19"
"rama12zan","10","9","19"
"RodJusha","10","9","19"
"ruma-x","10","9","19"
"Sanjay10chess","9","10","19"
"Shahrche","9","10","19"
"SrinithinRajkumarg","10","9","19"
"ssipdesserts","10","9","19"
"Trassnochess","9","10","19"
"ust_timofey","10","9","19"
"Yacksparrow","9","10","19"
"Yaroslav_Ilyasov","8","11","19"
"Abo_El-magd","9","9","18"
"ajayjha025","9","9","18"
"akashmohanty_RCK","7","11","18"
"AlterEgo23","9","9","18"
"Ang3LL","10","8","18"
"anonymousblitz","9","9","18"
"Arseniy1802","9","9","18"
"BorisPreobr","8","10","18"
"cjvv1516","9","9","18"
"Colt_Tara_8","10","8","18"
"DirkeyLeakys","9","9","18"
"Giant_In_Night2009","9","9","18"
"GwendolynWinters","10","8","18"
"helaocentella","9","9","18"
"Its_BASE","9","9","18"
"Kavish20","10","8","18"
"KrOOOt459","9","9","18"
"lightning_user_12345","10","8","18"
"Lovro-2008","9","9","18"
"Martin0012","7","11","18"
"Mertren","9","9","18"
"MisterRenn","9","9","18"
"Nimmit","9","9","18"
"Pawara_RC","8","10","18"
"PepeOzitt","10","8","18"
"prathik588","9","9","18"
"Rafed_Al_Mahmud","9","9","18"
"random_chan","9","9","18"
"rgjirjirij","9","9","18"
"ruggsaaa","10","8","18"
"SAH6Leandro","9","9","18"
"shuvashish76","10","8","18"
"Sodoko","9","9","18"
"StepStep13","8","10","18"
"Tx100000","9","9","18"
"XumuK69","9","9","18"
"YakovLeushin","10","8","18"
"A_G_A_V_A_T_A_R_A_9","8","9","17"
"alpaguthanturkmen40","8","9","17"
"blogs","9","8","17"
"BogdanJaneLebedGray","9","8","17"
"cezary1970","9","8","17"
"chessigrok","9","8","17"
"dhivyasri","8","9","17"
"dragonsnake44","8","9","17"
"drdilyor","9","8","17"
"erva20","9","8","17"
"Eugene_Made","8","9","17"
"gvorSKI","10","7","17"
"hyper-critical","9","8","17"
"I_like_quick_Mate","8","9","17"
"ishaan-goel","8","9","17"
"karinaweeba","8","9","17"
"Kwikphoenix","9","8","17"
"Mahamatjon","8","9","17"
"MasterNura","9","8","17"
"matarez","9","8","17"
"mymchessfrancis","9","8","17"
"Necochea","7","10","17"
"NguyenMinhHieu7d","9","8","17"
"NightDaFold","9","8","17"
"NoobLT","9","8","17"
"Palithaj","8","9","17"
"penguinn204","9","8","17"
"rinatik","9","8","17"
"RomanKingZorus","10","7","17"
"shravan0209","8","9","17"
"VahinPandurangi","9","8","17"
"waltalgg","8","9","17"
"a7med_elhady","8","8","16"
"AlperKaan2011","8","8","16"
"AyanshBannurmath","10","6","16"
"BulletFrenzy","8","8","16"
"CalebBrown104","8","8","16"
"dakaissa_25","11","5","16"
"Danya1101","8","8","16"
"DrStinkenstein","7","9","16"
"EGORCHESS10","10","6","16"
"Ernur2008","7","9","16"
"fade4","8","8","16"
"grish2013","7","9","16"
"guillepasqui","8","8","16"
"igyd6etigijvgdsrc","8","8","16"
"israSbd","8","8","16"
"jcm_maxwell","8","8","16"
"loonbos","8","8","16"
"MariaCurca","7","9","16"
"Melanholik655","7","9","16"
"MoUcHeSs0707","9","7","16"
"Pikachu-bjksatranc","9","7","16"
"playerinho","8","8","16"
"qrcode123","7","9","16"
"Rjlc10","7","9","16"
"Schmuusi","8","8","16"
"SHLOKMORGHARE8392","9","7","16"
"Talent86","7","9","16"
"Tide0","8","8","16"
"Adidodu","6","9","15"
"Ashllett","6","9","15"
"Bibleuniversecom","7","8","15"
"bylochka_s_korizey","7","8","15"
"Chess_Passion_7","7","8","15"
"CuberZeke","8","7","15"
"dany100","6","9","15"
"Dominannt","7","8","15"
"DTChess17","8","7","15"
"edibleanimal","8","7","15"
"FedirBohatyrchuk1892","8","7","15"
"Ferrari011","7","8","15"
"flagging0zBullet","9","6","15"
"GAMBITO_HACK","7","8","15"
"Heliospool","7","8","15"
"hichemtall","7","8","15"
"IliyaShershnyov","8","7","15"
"King_Capture","7","8","15"
"MESSICR72012M","7","8","15"
"mike0607","7","8","15"
"MN_7216","8","7","15"
"Nightant","7","8","15"
"PepeilloFA","7","8","15"
"quasar","7","8","15"
"Queenofchessisland","8","7","15"
"Rcotdad","8","7","15"
"ruthvikerni","8","7","15"
"Salehab","8","7","15"
"samir12222222","8","7","15"
"SlowChessPlayer69","7","8","15"
"thestar97","8","7","15"
"WashingtonMS","8","7","15"
"xxxRAPxxx","8","7","15"
"Yuri-twitch","7","8","15"
"AbhimaanSNair","6","8","14"
"ALE13CHESS","7","7","14"
"alisodagar93","7","7","14"
"betzi_sanchez","7","7","14"
"Bluebreeze","7","7","14"
"Bossgoodness007","8","6","14"
"CVA728","8","6","14"
"D1ead","7","7","14"
"D1MAN888","8","6","14"
"Dani_SDB","8","6","14"
"Dharsin","7","7","14"
"Dominik-2717","7","7","14"
"EgorEgorS","4","10","14"
"EHZ2013","7","7","14"
"FLASH_CW_2024","7","7","14"
"fullofchit","6","8","14"
"guEsSwHSbAck","6","8","14"
"Hundename","6","8","14"
"igor302012","6","8","14"
"JeshurunOlu","7","7","14"
"Jfospina17","7","7","14"
"jjBarea","6","8","14"
"kariz55","8","6","14"
"kotdikii","7","7","14"
"kuropato4ca","7","7","14"
"Lamborghinisian90","8","6","14"
"Launcher1965","8","6","14"
"LilTjayfanclub4","8","6","14"
"lyzeer","8","6","14"
"Mikaevsky","6","8","14"
"MiNiMpRo","7","7","14"
"MrBest2012","7","7","14"
"NathanBaraka","7","7","14"
"nazarovdmitrii","6","8","14"
"Nikita_Golikov_2011","6","8","14"
"o-l-l-l-l-l-l-o","6","8","14"
"olanlarinkarmasi","8","6","14"
"one_from_none","7","7","14"
"ozleyen_kedi","7","7","14"
"Patrontag","8","6","14"
"PEJMG19","6","8","14"
"rainingspider_2006","7","7","14"
"ranita977","7","7","14"
"Rayan224","7","7","14"
"s1tnix1","7","7","14"
"siyah_at","8","6","14"
"Smrtniprstic","7","7","14"
"Srivishnu2013","8","6","14"
"Taniushka","7","7","14"
"Taras7373","7","7","14"
"vijaya2503","7","7","14"
"xyxcxyxc","7","7","14"
"zbchess121","9","5","14"
"AGM23032011","6","7","13"
"AleksKir","7","6","13"
"Alexandr25e","6","7","13"
"Art2015","7","6","13"
"AugustusGotfield","7","6","13"
"Avleen28","7","6","13"
"CARLOSSANDOVAL2024","6","7","13"
"Chesswarrior31","7","6","13"
"Contriver_313","8","5","13"
"cp9cp9","7","6","13"
"d4-Kf6","6","7","13"
"DaniSkSK","6","7","13"
"dat1wierdo","5","8","13"
"Dieguito_Magnusiton","6","7","13"
"dor_depel","7","6","13"
"DrMasterstein2012","6","7","13"
"Elysium69","8","5","13"
"FedeZ3-3","7","6","13"
"hatemholaibi","6","7","13"
"hj2187","7","6","13"
"Hombergpatzer","7","6","13"
"ILoveToDateGirls","6","7","13"
"iluvlilith","7","6","13"
"KorayKa","7","6","13"
"krutARTh_kARKala","6","7","13"
"Lakshchess1234","7","6","13"
"Leonid3121","6","7","13"
"MarioAA","7","6","13"
"marius8905","7","6","13"
"mastranion","4","9","13"
"Meris15054","7","6","13"
"Nettunop","6","7","13"
"Nurse_Researcher","8","5","13"
"One_xadrez1","7","6","13"
"Purple1szed","6","7","13"
"Sasa120130","6","7","13"
"Shogun_Thang","7","6","13"
"SIR-pierobetalleluz","7","6","13"
"slipper31","5","8","13"
"Smurfaurll","6","7","13"
"StrwWall","6","7","13"
"Tamanxa","7","6","13"
"TimofeiKhar2011","7","6","13"
"Tlaloco","7","6","13"
"tungoljosh29","7","6","13"
"VaccChess2","7","6","13"
"vinxed","7","6","13"
"wgoto744","6","7","13"
"Aarish2805","6","6","12"
"Aditya-Beast","6","6","12"
"AghaMiti","6","6","12"
"Ali_142","6","6","12"
"appetentminnow","5","7","12"
"Arab2727","8","4","12"
"aynaz457","7","5","12"
"Barsa_Abasi","5","7","12"
"Brainiac_legend","6","6","12"
"chaniykachesskevin","5","7","12"
"Cugulukqv","6","6","12"
"DashinCore","6","6","12"
"DcG33100","5","7","12"
"De-ashi-barai02","5","7","12"
"Duluur_Fedorov","5","7","12"
"FARUK_ULUSS","5","7","12"
"ferdrio2020","5","7","12"
"fernandojes","5","7","12"
"FrtTrhnc","6","6","12"
"grigore_ureche","6","6","12"
"Harun_the_Genius","7","5","12"
"hermislopez","5","7","12"
"HGMS-278","6","6","12"
"Higmmina","5","7","12"
"Iplayoncheesedotcom","6","6","12"
"JesusPinto","6","6","12"
"jurttyn_balasy","6","6","12"
"Kenula_Wijepala","7","5","12"
"KINGJAHLAAL","4","8","12"
"Lefty1987","7","5","12"
"Lithumonly","5","7","12"
"Lohithengalla","7","5","12"
"Maksim-92","6","6","12"
"MrCrik","5","7","12"
"nemolius","6","6","12"
"nikiilesh","7","5","12"
"nurettin3322","4","8","12"
"Paulgutierrez_17-z4","6","6","12"
"peter1985","6","6","12"
"RoyalChess2013TR","6","6","12"
"s8778","6","6","12"
"seyedjamal","6","6","12"
"ShayrmaKamil","7","5","12"
"shupyshupy","7","5","12"
"TheBitcoin","5","7","12"
"thegsela","7","5","12"
"toylion","6","6","12"
"UltrabulletSpeeeedyy","6","6","12"
"Yasin_s","7","5","12"
"AaryaValera","6","5","11"
"aasthik","6","5","11"
"Alekseytver","6","5","11"
"Alexiee","5","6","11"
"amateurmaster6","5","6","11"
"Anon581","5","6","11"
"aristotelito","7","4","11"
"Aryan_Balachander","5","6","11"
"Bantalguling","5","6","11"
"basharchess123","5","6","11"
"Baudelaire456","6","5","11"
"bobo1961","6","5","11"
"By_may_way","6","5","11"
"caiogoulart","5","6","11"
"ChesslaiQ","6","5","11"
"Chesss76893929837728","6","5","11"
"David_is_back","7","4","11"
"davitglontiia","5","6","11"
"Divena013","6","5","11"
"dkolbcd","6","5","11"
"dr460nf1r3_007","5","6","11"
"Drago_06","5","6","11"
"elrincondelopez","5","6","11"
"EmmanuelGrgg","7","4","11"
"ERNEST_1","6","5","11"
"Felisinde","9","2","11"
"Forni103","6","5","11"
"ga-rav09_123","6","5","11"
"GarinichYura","5","6","11"
"Garris51","6","5","11"
"gmating","5","6","11"
"granddebutant","6","5","11"
"Harshaath090309","5","6","11"
"imsuryansh","5","6","11"
"IpCon","5","6","11"
"JevilKnife","4","7","11"
"Joan2015","6","5","11"
"julIo_boLbochan","4","7","11"
"King_Snake2023","6","5","11"
"KingofKings6","5","6","11"
"LLE3APb","6","5","11"
"mhmdahmd2","6","5","11"
"MicroWavedPotato0395","6","5","11"
"Mochos","8","3","11"
"MockingbirdRf","5","6","11"
"Mustard__Seed","5","6","11"
"MY-2009","6","5","11"
"Nedelko_Nikita","5","6","11"
"NeverBetAgainstHouse","7","4","11"
"Nithishsanthosh","5","6","11"
"Olivier_Gawlik","5","6","11"
"osamof1000","6","5","11"
"pranavgupta141","6","5","11"
"Protgen","5","6","11"
"qarizMa35","5","6","11"
"RRH_2022","5","6","11"
"RUKA_YPALA_MISHKI","5","6","11"
"Santi373","5","6","11"
"Santiagodm","6","5","11"
"Schachmachtschwach","2","9","11"
"seyidov_grandmaster2","5","6","11"
"TargetPorshe","3","8","11"
"TINOTINA","5","6","11"
"tomoo25","6","5","11"
"Tymooonn","6","5","11"
"ZombiePlayz89","5","6","11"
"AarP14","5","5","10"
"Account4fun77","7","3","10"
"Alex_0667","5","5","10"
"alidurden","4","6","10"
"arinkitty","6","4","10"
"asgerh","5","5","10"
"baker609","7","3","10"
"barcaf","5","5","10"
"Bilgehansatranc","5","5","10"
"Blazinq","5","5","10"
"blitzcopter","6","4","10"
"Brttyu","5","5","10"
"BsMaster","5","5","10"
"Bullero97","7","3","10"
"Caetanoliguelpapa","5","5","10"
"cambridgenotoxford","6","4","10"
"carlsen-murat","5","5","10"
"cOnGoMaD1234","5","5","10"
"de666vansh","6","4","10"
"deepug2021","5","5","10"
"Docwisper","5","5","10"
"efecim","5","5","10"
"Eilef","5","5","10"
"emilliope","6","4","10"
"ezisking","6","4","10"
"Faiaz_Mahmud","4","6","10"
"Farid-X","6","4","10"
"GattoChess","6","4","10"
"Giacomo_Vaghi","5","5","10"
"gRadeLYCrickEt","5","5","10"
"Hurricane_Freya","4","6","10"
"Jatsenkoim","4","6","10"
"Keyserval1","4","6","10"
"KN0226","5","5","10"
"kosmasnahak100p","4","6","10"
"Lalev","5","5","10"
"larichey","5","5","10"
"LUIS197710","4","6","10"
"MateMeBabe","5","5","10"
"metinyetkin","6","4","10"
"MironMiron2014","5","5","10"
"mouse4life","5","5","10"
"MysteriousFatih63","4","6","10"
"NedelkAlexsey","5","5","10"
"Neuflesh","4","6","10"
"nic9002","5","5","10"
"Proof2171","5","5","10"
"Radwansedo","5","5","10"
"reflection111","5","5","10"
"RMCA","5","5","10"
"rsptg1","5","5","10"
"RyanG_9","6","4","10"
"saipranav14","5","5","10"
"sharatrajesh","5","5","10"
"Sihela","5","5","10"
"slxmm","5","5","10"
"SOUROVChess","5","5","10"
"StMichael1","4","6","10"
"Suvorov1728","5","5","10"
"Tathagata_Chess8810","5","5","10"
"vmorghulis","5","5","10"
"Yoavdizznuts","6","4","10"
"YT58","5","5","10"
"AbhinavBhattacharyya","4","5","9"
"Abirav25","5","4","9"
"adityasuthar","4","5","9"
"Adriannunes","4","5","9"
"albychessreset","5","4","9"
"aleeeeee1234","3","6","9"
"Ali_Safak","4","5","9"
"andrewchessbot1","5","4","9"
"Andromedaxxx","5","4","9"
"Blacksheep13","4","5","9"
"chessgamer49","5","4","9"
"crazy_clown","5","4","9"
"Danila_Bogdanov","2","7","9"
"DerImGlanz","5","4","9"
"doctormarcusdavidoff","3","6","9"
"DrJoshuastein","4","5","9"
"DrSpaAten","4","5","9"
"Electrozhiraf","4","5","9"
"End_Game_Flame","5","4","9"
"Evgeny_Kharitonov","4","5","9"
"felcunan","5","4","9"
"fich_224","4","5","9"
"gsiddharth","5","4","9"
"Hadef2801","4","5","9"
"Hipercubo_de_peones","5","4","9"
"HWTNATION","4","5","9"
"iamtttsun","5","4","9"
"irappaBandivaddar","5","4","9"
"IVI2010","4","5","9"
"JSCoderChess","4","5","9"
"K0HEK","4","5","9"
"KiriLLGaranin111","4","5","9"
"Lavidaloco","4","5","9"
"liokhazin63","4","5","9"
"Lodewijkske","4","5","9"
"Maranatha_CVP","5","4","9"
"mathiguapo","6","3","9"
"Mendoza_Chessler","6","3","9"
"moisandu22","5","4","9"
"mr_klassic1506","4","5","9"
"MrMicheal","4","5","9"
"MYTEAMAZMAH","4","5","9"
"Naresh2022","3","6","9"
"NaVAnEEtCheSs","4","5","9"
"Nikhilram2008","5","4","9"
"Npppppppp","5","4","9"
"Nur_ausSpass","6","3","9"
"pawel2020","5","4","9"
"PetrM1","4","5","9"
"PinkyWinky","5","4","9"
"QRN","4","5","9"
"rgnhbf","4","5","9"
"Sanjayaaaaaaa","5","4","9"
"Sasha_2108","7","2","9"
"SHIVAMSABAT","4","5","9"
"SneedsFeedSeed","4","5","9"
"sushil_123","5","4","9"
"Tannah","5","4","9"
"Tanubhav123","4","5","9"
"tohid1212","5","4","9"
"Xerxes6696","3","6","9"
"ymirfrech","4","5","9"
"YuraMakarov","4","5","9"
"Zhandrey","4","5","9"
"A7-M3D","3","5","8"
"Absolute_Madlad234","4","4","8"
"ahaneek","4","4","8"
"ajafov98","3","5","8"
"anarchy_of_chess","4","4","8"
"Arina-A_14","4","4","8"
"B1SH0P_B1SH0P","4","4","8"
"birbeyyigit","5","3","8"
"boltrog","4","4","8"
"BulletLight","2","6","8"
"CAM1023","4","4","8"
"Circularity","3","5","8"
"Comradetobe","4","4","8"
"Danlireza2003","4","4","8"
"Dementev_Vanya","5","3","8"
"Dominiik18","5","3","8"
"Egu0511","4","4","8"
"ejeuhdudebiedvjddbsj","4","4","8"
"Ewyn","4","4","8"
"fawzy_ahmad1","4","4","8"
"FlamingInfernape","3","5","8"
"fmfenomeno","4","4","8"
"G_M_DJ","5","3","8"
"Gerley","3","5","8"
"GLB_78","4","4","8"
"hand_chess","4","4","8"
"hiimaperson","4","4","8"
"HuySoc-C43","3","5","8"
"ismaelbatista3","4","4","8"
"Ivan191114","4","4","8"
"jfjhffgjhfhjf","3","5","8"
"jhkhg","3","5","8"
"JULINHO21","4","4","8"
"K100912","4","4","8"
"kaml71","4","4","8"
"Karpov2808","4","4","8"
"KTXXXJR","3","5","8"
"LeonidKim","4","4","8"
"levatischenko09","5","3","8"
"luckyb34","5","3","8"
"LukaManger","4","4","8"
"mach7","3","5","8"
"MANNY_PACMAN2211","3","5","8"
"mariascorpion","4","4","8"
"MarkBelyy","4","4","8"
"max_YT555","3","5","8"
"mcdhardal","4","4","8"
"melika5b","4","4","8"
"Milinium_Tournament","4","4","8"
"NalinduThathsara","4","4","8"
"Nathpam","3","5","8"
"nightbaron88","4","4","8"
"NikolaiZheltiakov","4","4","8"
"NoobChess_XBG","3","5","8"
"notmagnus2023","4","4","8"
"Ozymandias9999","5","3","8"
"Peterson2020","4","4","8"
"Pokemonmega","5","3","8"
"Ramiro_345p","5","3","8"
"randisi14","4","4","8"
"Ratan0425","4","4","8"
"Rayaansh_1612","4","4","8"
"RithwikRaj","4","4","8"
"sakha_RUS","3","5","8"
"Sam_2088","4","4","8"
"Samwitwicky","4","4","8"
"sanchitsharma21","4","4","8"
"SAOluwatosin","6","2","8"
"SemenovKonstantine","4","4","8"
"Shaxriyor_005","3","5","8"
"silvio1975","4","4","8"
"SmirnovDima2015","4","4","8"
"starfireeeeeee1010","4","4","8"
"StudentOnBoard","5","3","8"
"Svenxxs","4","4","8"
"TempIariusz","4","4","8"
"Terminator619","5","3","8"
"Thiagomarcel","4","4","8"
"tpithan","3","5","8"
"trabanton","4","4","8"
"tudor74","4","4","8"
"ujjwalabhishek","4","4","8"
"us401","4","4","8"
"vava03","4","4","8"
"VladPolyakov5","6","2","8"
"Vovamedvedev","5","3","8"
"XDCHICHI","5","3","8"
"Yahia-Ismail","4","4","8"
"Yaser2121","4","4","8"
"Abhay-10","4","3","7"
"Aduka13","3","4","7"
"Aeneas88","2","5","7"
"arcu698","4","3","7"
"ArenaMasterOnly","3","4","7"
"ArEr21","4","3","7"
"ArjunOmnath","1","6","7"
"AstroCat789","3","4","7"
"Bambar-chi-chi","2","5","7"
"BossLev","3","4","7"
"Cadet22-08","3","4","7"
"Calvin_27","3","4","7"
"cherrematbla","4","3","7"
"ChessWarrior7070","4","3","7"
"chiquito_2386","3","4","7"
"CilginPoyraz","4","3","7"
"Circassian_Ts","3","4","7"
"Crown11111","4","3","7"
"Dimman","3","4","7"
"dj136","3","4","7"
"ElChamieh","3","4","7"
"ElonMuskTeslaFr","4","3","7"
"esn08","4","3","7"
"Farrukh67","4","3","7"
"FATMAN559","4","3","7"
"Fc_Manchester_City","3","4","7"
"FFEI","2","5","7"
"fireatash","3","4","7"
"Fuego8803","4","3","7"
"Gary_KasparovBEL2","3","4","7"
"Huy10012014","3","4","7"
"I_Make_Random_Moves","3","4","7"
"ifeanyi_2k1","4","3","7"
"ishar23","3","4","7"
"JaKeiN396","3","4","7"
"Jasper789","3","4","7"
"Jwansido900","3","4","7"
"Kavineiish","3","4","7"
"Kenneth_Donoga123","4","3","7"
"LaPizzaAuSaumon","4","3","7"
"Leberwurstbrot","4","3","7"
"Lobosolitario_Auuuuh","2","5","7"
"lukasjf","3","4","7"
"m_vj","3","4","7"
"MaitreyaBuddha","3","4","7"
"ManggusKarson2022","3","4","7"
"Masterys","4","3","7"
"MathiasLP2023","3","4","7"
"mendesnoou","3","4","7"
"MM007","4","3","7"
"Murkoletta_12","4","3","7"
"MYsolution","4","3","7"
"National-Master3000","1","6","7"
"NeonVibes","3","4","7"
"Neymariy","3","4","7"
"Nightofworld2011","3","4","7"
"NLObP","4","3","7"
"OliwiaRu","4","3","7"
"opportunity_to_win","4","3","7"
"pamegrilla","4","3","7"
"parthivisu","3","4","7"
"pascalfighter","3","4","7"
"PHAMNAMCUONG","4","3","7"
"Pichonazzo","3","4","7"
"PillsMorphy","4","3","7"
"Pranav246810","3","4","7"
"pyrzplt","4","3","7"
"Quaestiones","3","4","7"
"QueTeRaspe","4","3","7"
"qwerty_qwerty_qwerty","3","4","7"
"RafaelBurn","3","4","7"
"Ragehunter","4","3","7"
"safiirW","3","4","7"
"sakthi09","4","3","7"
"SAMM59","4","3","7"
"Sammustaf22","4","3","7"
"Sandr2017","4","3","7"
"sandritabcn","4","3","7"
"ScoobyCat","2","5","7"
"SearchingHeaven7890","5","2","7"
"siviela","3","4","7"
"sokolski72","4","3","7"
"thechessloser135","5","2","7"
"Tiagokat","4","3","7"
"TsiganovaDasha13","3","4","7"
"TsiganovMaks13","4","3","7"
"TTR_VuTuanDung2010","3","4","7"
"TurkerPasHa","3","4","7"
"tysiek23","2","5","7"
"Vibhor160502010","4","3","7"
"Wojtek772","4","3","7"
"Wustmaster","3","4","7"
"xxerenxx0147","4","3","7"
"yoav789","3","4","7"
"YurijMi","4","3","7"
"Abhi_Abhi","3","3","6"
"adythedaddy","3","3","6"
"AffanMohammed","3","3","6"
"Ahmetbugra4579486","3","3","6"
"AlexeyBelomestnov","3","3","6"
"Alextare88","3","3","6"
"AliBaba1697","5","1","6"
"andinosaurio4","3","3","6"
"ap_24","3","3","6"
"atharva_stark","3","3","6"
"BambooWhale","2","4","6"
"bayilanzi","3","3","6"
"benjaminsimin13","2","4","6"
"BhAwNa10","3","3","6"
"birdychessnerd","3","3","6"
"bj134","3","3","6"
"bokondaro","1","5","6"
"Bubi1995_1932","3","3","6"
"Bullet0nWeed","2","4","6"
"CagnusMarlsen_xX","3","3","6"
"Ced_sasalice81","3","3","6"
"chessClassic_555","3","3","6"
"Chesswortex1903","2","4","6"
"Chikg99","3","3","6"
"D09thebest","3","3","6"
"Darghy","3","3","6"
"DisnaKumuduni","3","3","6"
"Domi_S","3","3","6"
"dturkar","3","3","6"
"elaouamihassan","3","3","6"
"Elisey_bond","2","4","6"
"fabeon1425","3","3","6"
"Fat71","3","3","6"
"genner","3","3","6"
"Gnomox","3","3","6"
"GreenBloodMan","3","3","6"
"GrindAccountOfKiyo","2","4","6"
"gszsezgrwzat","3","3","6"
"H3PO5","3","3","6"
"hardcore_vibez","3","3","6"
"he1dj","3","3","6"
"Htach","3","3","6"
"I_LAF","3","3","6"
"ikerp3","3","3","6"
"irint","3","3","6"
"ItzKHChess","3","3","6"
"Javinchuu","3","3","6"
"Jew345","3","3","6"
"Jiggyfly","2","4","6"
"Jimboboo","2","4","6"
"johnivanov928","3","3","6"
"johnwickpewpew","3","3","6"
"Jonatan_2011","3","3","6"
"Jumeko-Jabami","4","2","6"
"Keshav_Taneja2007","4","2","6"
"KoshmarAlex210913com","3","3","6"
"KozakMAX","3","3","6"
"LarsRicken13","4","2","6"
"Lary_Lodini","4","2","6"
"laxmi-hari","3","3","6"
"Layla20","3","3","6"
"lichinut","3","3","6"
"lisovskis007","4","2","6"
"LoveSaM-ViSHaL","3","3","6"
"lubunoleh13","3","3","6"
"Madhavkriahan","3","3","6"
"MarkFriesen2021","4","2","6"
"MarshmallowWaffles","3","3","6"
"mbahsupri","4","2","6"
"Mehdimara","3","3","6"
"Mehmetali_48","2","4","6"
"micawber94","3","3","6"
"MrNoobChess","3","3","6"
"muchoo7887","3","3","6"
"namoRChess","3","3","6"
"NavaneethKrishnan","2","4","6"
"Nick-36","5","1","6"
"nikolzador","3","3","6"
"Nonickname34","3","3","6"
"Nosporchess","3","3","6"
"olf1s","3","3","6"
"OmriGavra","3","3","6"
"Ono_Jivoe","3","3","6"
"OpiRaini","3","3","6"
"PavelMaltsev93","3","3","6"
"plang2008","4","2","6"
"pohhg","3","3","6"
"PorotnikovAleksandr","3","3","6"
"PorotnikovaTanya","3","3","6"
"Prof_LeNgTu","4","2","6"
"ReturnToMonkey","3","3","6"
"SanshChess","2","4","6"
"SAUSDaniel","4","2","6"
"Sergistockfish","2","4","6"
"slimshady888","2","4","6"
"sonmon7","4","2","6"
"SpartanDav","3","3","6"
"subham1100","3","3","6"
"sztachalom","3","3","6"
"T72441635","3","3","6"
"THANIESHASHREE_20119","3","3","6"
"timakosh","3","3","6"
"tmsaisamarth_2013","3","3","6"
"TrotzdemJaZumLeben","3","3","6"
"Usivax","3","3","6"
"VahikarAyush123","4","2","6"
"Vanjac","3","3","6"
"VATSAL_GHETIA-14","2","4","6"
"VernykTournament","3","3","6"
"Vorobieva-Sofia23","3","3","6"
"WarriorPrince625","1","5","6"
"winfieldthedon","3","3","6"
"Zakaria-blb","3","3","6"
"zugzwang911","3","3","6"
"aarush_2008","2","3","5"
"abduhamid_2008","3","2","5"
"akcesoria","3","2","5"
"Ali-Deha-Guven","2","3","5"
"Ali1238845","2","3","5"
"Alisedaghati12","3","2","5"
"Amapola08","1","4","5"
"Andrey_Bobrov_2015","2","3","5"
"AnUtterlyKarpov","4","1","5"
"asr1910","2","3","5"
"asthana_kartavya07","2","3","5"
"B_HINSON","2","3","5"
"Bagii_Bagii","2","3","5"
"Blue_Pumpkin13","2","3","5"
"brahletmeplay","3","2","5"
"Buluthan","2","3","5"
"BunnyMommyIsHappy","3","2","5"
"Buradura","1","4","5"
"CaerGov","2","3","5"
"ChernenkoDanil","2","3","5"
"chess_energy228","3","2","5"
"ChessPlayingLama","2","3","5"
"chessreskatar","3","2","5"
"ChesterfieldBlue","3","2","5"
"Clapperofnubs","3","2","5"
"Cragghopp3r","1","4","5"
"DeltaShtrih","2","3","5"
"Deverlin47","2","3","5"
"dimdim53","2","3","5"
"drteens","2","3","5"
"EatMaster","2","3","5"
"Eden_Joker","2","3","5"
"Eelzor","2","3","5"
"Fafa_Divizio","2","3","5"
"FIDAMKO","3","2","5"
"FunFenceCreek","3","2","5"
"futuremasterko","2","3","5"
"Goncharenko_Georg","1","4","5"
"GothamaTer","2","3","5"
"guptaabhishek","2","3","5"
"gustavo1907","3","2","5"
"Hamburg187","3","2","5"
"HeSacrifacedTheRook","1","4","5"
"HUMAN_111","3","2","5"
"itsapigeon","2","3","5"
"JacobSABH","2","3","5"
"jctb1234","2","3","5"
"jeansturm1","3","2","5"
"Keerthana_fab","2","3","5"
"Kirkon11","2","3","5"
"Ksenia14072016","3","2","5"
"kuda_tuda","2","3","5"
"KurobaneYuusei","3","2","5"
"lendrysh","3","2","5"
"MarcelVogel118","3","2","5"
"mauroicardi93","3","2","5"
"Melkonyan_Vardan","2","3","5"
"Meridan","2","3","5"
"mikewozere","3","2","5"
"MONSTA_X","2","3","5"
"moonmaker","2","3","5"
"MousTafa_1997","2","3","5"
"Mr_Lord_Atomic","3","2","5"
"NatWill","2","3","5"
"newalyashka","3","2","5"
"P210679","2","3","5"
"PasteldeOvo","2","3","5"
"PastelloColorato","3","2","5"
"Pavel777_shahmatist","3","2","5"
"PIERESPIRITU_S1HYO","2","3","5"
"Prush","2","3","5"
"Raymond200853","2","3","5"
"rick_30","2","3","5"
"rk6010","2","3","5"
"roman123455","3","2","5"
"RookSteady","3","2","5"
"saclikeatal","3","2","5"
"SamDorosinsky","2","3","5"
"Sankiapriha","3","2","5"
"SchachEmanuel","2","3","5"
"ServantOfServants123","3","2","5"
"SevenZen","2","3","5"
"Sihirbazzz_2015","2","3","5"
"Skywalker2005","3","2","5"
"Stevie_Wonder27","2","3","5"
"Superfastboy","3","2","5"
"SuperManPerseo","2","3","5"
"Superpaul33","2","3","5"
"T_Chingiz_2010_27","2","3","5"
"TacticalMonkey","2","3","5"
"ThanhBinh052","2","3","5"
"towardsGod","3","2","5"
"UWStFirmin","3","2","5"
"vadimdim","2","3","5"
"VaibhavAnandOjha","2","3","5"
"vezarus","3","2","5"
"yakshpatel","3","2","5"
"Yerson_Nisu","3","2","5"
"zohei18","2","3","5"
"A123132","2","2","4"
"aaditarya","2","2","4"
"ab7007","3","1","4"
"abomikov","1","3","4"
"abuflan","2","2","4"
"Aidtin556767","2","2","4"
"akilrick","3","1","4"
"akshat2004-19","3","1","4"
"akzhan_a","2","2","4"
"Aleks0804","2","2","4"
"ALP-KAMILGUZMAN","2","2","4"
"Altesa8282","2","2","4"
"Alvaro_Zubieta1983","2","2","4"
"ananthan_2008","2","2","4"
"Andrey_Golubov_2300","2","2","4"
"ant8376","2","2","4"
"apophis2405","2","2","4"
"Arda_Turan-2010","2","2","4"
"Arishka_Ymnichka","2","2","4"
"Arout16","2","2","4"
"artinchess77","2","2","4"
"Aveng2005","1","3","4"
"Ayo_pojo3","2","2","4"
"AzizMisharyH","2","2","4"
"B7PRADYUN","1","3","4"
"Barman92","3","1","4"
"BASHENDI","1","3","4"
"bedDestroyer","2","2","4"
"Beegfood","2","2","4"
"Bela_11","2","2","4"
"BENJA_ARCE","3","1","4"
"Benja2012","1","3","4"
"best_player_chess","1","3","4"
"Betzemaster","2","2","4"
"bhaveshjaswani","2","2","4"
"BILB020","3","1","4"
"BOBKA1966","2","2","4"
"BooomBoss","2","2","4"
"Broadcast1","2","2","4"
"byebob","2","2","4"
"calmncollected","3","1","4"
"Candeias","1","3","4"
"Caniyuva","2","2","4"
"Caranegra_13","2","2","4"
"cheesecakemaster","1","3","4"
"Chennuo","3","1","4"
"chessathome13121","2","2","4"
"ChessNito","2","2","4"
"D_Govindaraju","2","2","4"
"dan-yar","2","2","4"
"DanielMi","2","2","4"
"DaVinci_code23","2","2","4"
"DeepFrn","2","2","4"
"denislemouton","1","3","4"
"DENsity20","1","3","4"
"DIEG104","2","2","4"
"Djamil2010","2","2","4"
"Dmitri1985","2","2","4"
"Dwui","2","2","4"
"EloquentEnPassant","2","2","4"
"emmaasg","2","2","4"
"Esfumado40","2","2","4"
"Faazmohamed","3","1","4"
"FhDhDB","2","2","4"
"FlawIess","2","2","4"
"GaziaAlGak","1","3","4"
"gokhan0987","3","1","4"
"Goldstar4","2","2","4"
"gouthamb002","2","2","4"
"GrigoryShmyrin","2","2","4"
"Guguzik","1","3","4"
"hesssam1387","3","1","4"
"Honzin_B1","2","2","4"
"Huntergr21","1","3","4"
"IlyaShimin","2","2","4"
"iNotSebax","2","2","4"
"ivan9977","3","1","4"
"JAIBhaskargaur","1","3","4"
"jamesisspecial","2","2","4"
"Jan_Zaw","2","2","4"
"Jannispro","2","2","4"
"jogito94","2","2","4"
"JT2013","2","2","4"
"juliusz1201","2","2","4"
"Kalastacha69","2","2","4"
"Kaprioli501","3","1","4"
"Kapyak","3","1","4"
"KAROLINA1104","3","1","4"
"KDIhansa1997","3","1","4"
"kickie1011","2","2","4"
"kolawole33","1","3","4"
"kot_sosiska","2","2","4"
"Krocan505202","2","2","4"
"LASKER_2014","1","3","4"
"Lehtomaki","2","2","4"
"Letmethink2","2","2","4"
"libanchotto","1","3","4"
"Lorena2706","2","2","4"
"LorenzoChess45","1","3","4"
"MAHITHMRT","2","2","4"
"Malruzgar","3","1","4"
"mark_rob","3","1","4"
"MatveyZaikin","3","1","4"
"MEHTYH","1","3","4"
"MHDXVN","2","2","4"
"Miles080309","2","2","4"
"Mimoune_MO","2","2","4"
"Ministr152","2","2","4"
"mixovac","2","2","4"
"Mohaq","2","2","4"
"Morlaco","1","3","4"
"MrBkts","1","3","4"
"muhammedsalih2015","2","2","4"
"Mulpan_GD","2","2","4"
"naitikjain","2","2","4"
"Narek2002Narek","2","2","4"
"NikitaBerserk","2","2","4"
"Pestana_2020","2","2","4"
"PhamhoangquanBT","2","2","4"
"Piastri","3","1","4"
"PICOTS_ORIOL","2","2","4"
"Plano_5G","2","2","4"
"PROEROSOP1_2_3","3","1","4"
"quanlaso1","2","2","4"
"ReaperGhost","2","2","4"
"RenatoPiperno","2","2","4"
"repunk","2","2","4"
"RhythmTheknight13","2","2","4"
"rodrigochurata123","2","2","4"
"Rounakinder","2","2","4"
"RowanKent","2","2","4"
"rusureeric","2","2","4"
"Ryudevils","2","2","4"
"Sabz21","2","2","4"
"SEg_HIsHam","1","3","4"
"shahyn94","2","2","4"
"Shreyas1a","1","3","4"
"SiqueiraHenrique","2","2","4"
"Sivakarthi040620133A","2","2","4"
"SlashCrane","2","2","4"
"SlepFall","3","1","4"
"Soumya_Kumar","2","2","4"
"SpiceGoddess85","3","1","4"
"Supperhero_2012","1","3","4"
"Swapnil-Official","1","3","4"
"Szachy05","2","2","4"
"szachy137","1","3","4"
"taha_91","2","2","4"
"TameemRosaun","3","1","4"
"The_Kahn_of_Vienna","2","2","4"
"thechessgamess","2","2","4"
"thyagoaguirrealva","2","2","4"
"Triwizardhar","1","3","4"
"TSOUDEROS","1","3","4"
"ultimatemachine","2","2","4"
"ultra_chess245","2","2","4"
"umbluu","2","2","4"
"VictorAlejandroC","1","3","4"
"Vidhatha","1","3","4"
"villanova1234","2","2","4"
"Vodni_Meloun","2","2","4"
"VuXuanBacVN2014","2","2","4"
"W1NGX0S3","2","2","4"
"WaytooStrong33","2","2","4"
"woLyyy","1","3","4"
"xxCHIXxx","1","3","4"
"YOLOGAN","2","2","4"
"zdannyz","2","2","4"
"Abdulbaghiyev2003","1","2","3"
"abhivc","2","1","3"
"abo_rj7","2","1","3"
"adarshwick","2","1","3"
"adityakings_94389","1","2","3"
"Afrimiii","2","1","3"
"aiChess2011","2","1","3"
"AK_MUC","1","2","3"
"Alania-2023","1","2","3"
"AlexYu1976","2","1","3"
"Ali-22s","2","1","3"
"alirezaalfi","2","1","3"
"AllEyezzOnMe0101","2","1","3"
"amadeusdg","1","2","3"
"aposazhennikov","1","2","3"
"Arian_Shamlu1391","2","1","3"
"Arjun-PCC","1","2","3"
"arrison","1","2","3"
"Artaeushaniv_2511","1","2","3"
"Artem985656","2","1","3"
"axelg69","2","1","3"
"ayush7070","2","1","3"
"AzeVishnya","2","1","3"
"Batsulin_Mihail","2","1","3"
"Belgium13","2","1","3"
"Bierkules123","2","1","3"
"bigr_btr","1","2","3"
"BogdanKoliasa","2","1","3"
"Botfinity","1","2","3"
"BracekYoutuber","2","1","3"
"Brayan_76","2","1","3"
"C-6YXTbI-6APAXTbI","1","2","3"
"chess-player-oguzhan","1","2","3"
"Chess39600","1","2","3"
"Chessboardbreaker","1","2","3"
"chessSPK","2","1","3"
"ColourlessQuasar","2","1","3"
"Comet12jan","2","1","3"
"CristianoRonaldo_Jr","1","2","3"
"Dalelcbr","1","2","3"
"Damaged-Lungs","2","1","3"
"DaniilK_v","1","2","3"
"DanSo2534","2","1","3"
"dema2015","2","1","3"
"Depal","1","2","3"
"Dimon2","1","2","3"
"dinamovec","1","2","3"
"dntbe2SIRIUS","2","1","3"
"dong_liu","1","2","3"
"DonWildCherry","1","2","3"
"Dr-Ukrop","1","2","3"
"DrDaRkDrAkO","1","2","3"
"dupu207","2","1","3"
"EAMM98","2","1","3"
"EgOREgoR200","2","1","3"
"elakinomutuy","1","2","3"
"Elliottgull","2","1","3"
"elMaster-1239021","1","2","3"
"elo2000pls","2","1","3"
"Enzogil123","1","2","3"
"epsylon09","1","2","3"
"Erdem023","2","1","3"
"Ethan1005","2","1","3"
"Ethan262013","2","1","3"
"eversito","1","2","3"
"Failmen","1","2","3"
"FciWally","2","1","3"
"Fele007","1","2","3"
"fghnbv3456743","2","1","3"
"Fiestyloko","2","1","3"
"fillapukhin666","2","1","3"
"Fominykh_Dmitriy","1","2","3"
"frdlt","2","1","3"
"G_M_NRS","1","2","3"
"Gertfried","2","1","3"
"GHMTVlogs","2","1","3"
"Godswillfoster","1","2","3"
"GUCUMUCUMAMI","2","1","3"
"hamed_br","2","1","3"
"Happy_Duck12","2","1","3"
"hinkie","2","1","3"
"iamabeast123","2","1","3"
"IAmMateCheckMate","2","1","3"
"idjano2023","2","1","3"
"iHadi92","1","2","3"
"IIsmayilov1982","2","1","3"
"InerrantGoat","2","1","3"
"ioannectariepopescu","2","1","3"
"Iron_Steel07","1","2","3"
"ishaan64","2","1","3"
"iWonalready","1","2","3"
"jasielpkanish","1","2","3"
"jassal","2","1","3"
"Jeick_2022_13","1","2","3"
"JJE_10","1","2","3"
"Joao2506","1","2","3"
"Joguigulo","2","1","3"
"johann339","1","2","3"
"johnchess2","1","2","3"
"Jonny2007","1","2","3"
"jose12262007","1","2","3"
"josemartins79","2","1","3"
"july269","2","1","3"
"Juris_Leena_Basil","2","1","3"
"KananeloS","1","2","3"
"Kapi_Dhwaja","1","2","3"
"KaveeshaUvindu2009","1","2","3"
"kg624","1","2","3"
"KikuriHiroi","2","1","3"
"kili33","2","1","3"
"KingYzzy","2","1","3"
"kirl","1","2","3"
"KNIGHTBLADE_123","2","1","3"
"KomodoBOTA","2","1","3"
"KubixB","2","1","3"
"kwaksthunder","1","2","3"
"L-THIPE","2","1","3"
"l3m0ns","2","1","3"
"lanch120112","1","2","3"
"Lashkul2014","1","2","3"
"LeBest666","1","2","3"
"leogla","2","1","3"
"Lestiger","1","2","3"
"LiterateLeopard","2","1","3"
"LithvikMakkapati","2","1","3"
"LonelyCow","1","2","3"
"LuchiniFrank","1","2","3"
"LYangkaaSk8er","1","2","3"
"magplayer4003","2","1","3"
"mariap1412","2","1","3"
"Markuha4k","1","2","3"
"MateoBarrientosus","2","1","3"
"MBR_28","1","2","3"
"messi_is_goat","2","1","3"
"mgneph010","2","1","3"
"MiguelThomaz","2","1","3"
"MikhaelS","1","2","3"
"Miki020202","1","2","3"
"mlbj","2","1","3"
"Mohammd1388","1","2","3"
"Morozkov002","1","2","3"
"Munstang","1","2","3"
"MysteryMutant123","1","2","3"
"Nathanael_Wetterau","2","1","3"
"nawki","1","2","3"
"NicknesarAndu","2","1","3"
"Nicoboo2","1","2","3"
"Nikolakafa","2","1","3"
"Nirav1201","1","2","3"
"NKokoro","2","1","3"
"Nsacu","2","1","3"
"omkarthakur","2","1","3"
"OrcaX","1","2","3"
"papins","2","1","3"
"Parthiv10","2","1","3"
"PatchCord","2","1","3"
"pino_DZ","1","2","3"
"PITCHOUNE6","1","2","3"
"playchessandmusic","2","1","3"
"Pluviophile3006","1","2","3"
"Pool2003","2","1","3"
"porquerinoyeevah1","1","2","3"
"PPjgad","2","1","3"
"qwerty987r","1","2","3"
"r-m_2013","2","1","3"
"Radovan1982","1","2","3"
"Random-7","1","2","3"
"Reaz17","2","1","3"
"Red_Mashine","1","2","3"
"Relashio","2","1","3"
"Reza4345","2","1","3"
"robert-2554","2","1","3"
"Roquariumwabantwana","1","2","3"
"sadulla7636","2","1","3"
"Sai0001","2","1","3"
"Santiago52","2","1","3"
"saplaaaaa","2","1","3"
"Sarnest","1","2","3"
"sasai_kudosai","1","2","3"
"Saucedo22","1","2","3"
"SAUSLucasW","2","1","3"
"sayannag23","2","1","3"
"ScienceguruTTX1","2","1","3"
"SDBroplayer","1","2","3"
"Senne-HetPalet","1","2","3"
"shadarvu","2","1","3"
"Shivanand","1","2","3"
"Shoxsulton","1","2","3"
"sisilia23","2","1","3"
"snehamanoj","1","2","3"
"ST1V3N","2","1","3"
"Starcat004","2","1","3"
"Stephan2012Gevorgyan","1","2","3"
"StephenColeta","2","1","3"
"stokespower","1","2","3"
"Sts9_13","2","1","3"
"sub-zer0MK","2","1","3"
"SUDHANVASS","1","2","3"
"superlean22","2","1","3"
"Superman89","1","2","3"
"superstarnaivedya","2","1","3"
"suryaputraakarn","2","1","3"
"TALENTEDmASTER","1","2","3"
"Tarinip123","1","2","3"
"terfjayrew8","1","2","3"
"TGSN","1","2","3"
"The_warrior7","1","2","3"
"the12rd","2","1","3"
"thebix","2","1","3"
"thecheckmater77","1","2","3"
"TheoLego","2","1","3"
"Thevinthebest","2","1","3"
"thinugabalasuriya","1","2","3"
"Tigerthinksbad","1","2","3"
"Tischillard","2","1","3"
"tkibuliclub1010","1","2","3"
"toni09-s","2","1","3"
"tonkosebastijan2","1","2","3"
"tttggg","2","1","3"
"ugvoo","1","2","3"
"unicron007","2","1","3"
"USAH","2","1","3"
"user_jesse_pinkman","2","1","3"
"VelezMendoza","1","2","3"
"VirusesSky","1","2","3"
"vishnugt","2","1","3"
"VizcarraForever","1","2","3"
"Volleybot","2","1","3"
"Vurgun60","1","2","3"
"Whitebeard17","1","2","3"
"YaroslavTsypkin","1","2","3"
"Yasin-Khangaldi","1","2","3"
"Yelisey_Goncharov","2","1","3"
"yukuanzou","1","2","3"
"Zelenograd2","1","2","3"
"ZradaGdd","2","1","3"
"Zuhaily86","2","1","3"
"a1110samuel","1","1","2"
"aa2188","1","1","2"
"AbuBakrxKiNG12","1","1","2"
"AchessV64","1","1","2"
"adal15","1","1","2"
"adhvikr14","1","1","2"
"adit_tiwari","1","1","2"
"Aestrom2","1","1","2"
"Ahmed174848","1","1","2"
"ahook","1","1","2"
"Akhil2012","1","1","2"
"Akozta","1","1","2"
"Al_Faris","1","1","2"
"Alanstokes17","1","1","2"
"AldoJrAndChess","1","1","2"
"Ale6411","1","1","2"
"Alex_Altay","1","1","2"
"aLeX-DlfNetRe","1","1","2"
"AlexOscoVillanueva","1","1","2"
"AlexQ7","1","1","2"
"Alfon_Uzcudun","1","1","2"
"Allensang","1","1","2"
"Alvinz_thy","1","1","2"
"amayadvayofs","1","1","2"
"amir19842368","1","1","2"
"ananya_aradhya","1","1","2"
"angel06-09-1983","1","1","2"
"Ankapolka","1","1","2"
"ardasozcuer","1","1","2"
"Arina23102015","1","1","2"
"ARJ73","1","1","2"
"Arm_Oz","1","1","2"
"Artem_Yarov","1","1","2"
"Artxd","1","1","2"
"ASALAK8282","1","1","2"
"asdfghjklqwertzuiop","1","1","2"
"Ayush1972011","1","1","2"
"AzerHUEBER","1","1","2"
"Babaybay","1","1","2"
"BABIZIN","1","1","2"
"batuhanpro200005","1","1","2"
"BelFegor969","1","1","2"
"Bestrapgod","1","1","2"
"Bethzabe2013bethzabe","1","1","2"
"bhagath_757","1","1","2"
"BobbyPicer","1","1","2"
"brahmi_amine","1","1","2"
"BraileyB469","1","1","2"
"Cartoonsaboutcheetos","1","1","2"
"cer-11-2","1","1","2"
"Chance5","1","1","2"
"ChandlerBling","1","1","2"
"cheese_newbie14","1","1","2"
"chenukavishmitha","1","1","2"
"chenulajayasuriya","1","1","2"
"CHESS_DEFINED","1","1","2"
"Chess-Learner-1","1","1","2"
"Chifayi","1","1","2"
"Chingis92","1","1","2"
"christineN","1","1","2"
"Conquerorr39","1","1","2"
"DaBozo","1","1","2"
"Daffy-Duck","1","1","2"
"DANIELA2020","1","1","2"
"Daniela20california","1","1","2"
"DARK_AVENGER_IRAN","1","1","2"
"DCA_KEVIN2010","1","1","2"
"defpvpgaming1337","1","1","2"
"delta343","1","1","2"
"dewa_mancing","1","1","2"
"DilemOzkanFIDE","1","1","2"
"Dimitris_22","1","1","2"
"DopeNinja06","1","1","2"
"draconicfae","1","1","2"
"dragon12345p","1","1","2"
"dylanmweber","1","1","2"
"eeespen","1","1","2"
"Egor_6457","1","1","2"
"ejawwwww","1","1","2"
"Elbouhalinaoufal","1","1","2"
"Elgun123","1","1","2"
"Emrertl","1","1","2"
"ESava","1","1","2"
"Eylull10","1","1","2"
"fabioannies","1","1","2"
"Federco2001023141132","1","1","2"
"fero12345","1","1","2"
"FIRE_DRAGON_2013","1","1","2"
"flankside","1","1","2"
"Florensee","1","1","2"
"frabewit","1","1","2"
"Gabot2000","1","1","2"
"GabrielForechi","1","1","2"
"galevik","1","1","2"
"georgeworst","1","1","2"
"Ggaming4u","1","1","2"
"GGGOKHANSS","1","1","2"
"GRAMDMAMAISHOME","1","1","2"
"Grand_Zeno21","1","1","2"
"groovechesster","1","1","2"
"GTurdikulova1","1","1","2"
"Happychel","1","1","2"
"HASYLOS","1","1","2"
"Heliagr","1","1","2"
"hide89","1","1","2"
"hikakau_nakamura","1","1","2"
"huh_1","1","1","2"
"Huhnchen","1","1","2"
"I_am_Stupid_At_Chess","1","1","2"
"IAMGOOD213","1","1","2"
"iiiiiiiii7575","1","1","2"
"Ikromjon_0990","1","1","2"
"ilan217","1","1","2"
"IlyaK_v","1","1","2"
"InBer","1","1","2"
"isaias13_cardozo","1","1","2"
"IsogonalConjugate314","1","1","2"
"itsKZHy","1","1","2"
"Ivi-Kiwi","1","1","2"
"J_Noble","1","1","2"
"JakraSeeker","1","1","2"
"JasonRpar29","1","1","2"
"Javed360","1","1","2"
"Javier_VS","1","1","2"
"JG_2010","1","1","2"
"Joedickerson12","1","1","2"
"JohnnyThePianist","1","1","2"
"juancholandia","1","1","2"
"Juleschedal-bornu","1","1","2"
"julian_d","1","1","2"
"justmex","1","1","2"
"jvdshd-gydwg_12","1","1","2"
"K9_XD_K9","1","1","2"
"Kaarneeswar-kc","1","1","2"
"kair247","1","1","2"
"KalpanaVitaranA","1","1","2"
"kamiskan","1","1","2"
"KarpovConstrictor","1","1","2"
"KDRSpike","1","1","2"
"kelvinmwitiKENYA","1","1","2"
"KenSo3u","1","1","2"
"khaaaal","1","1","2"
"Khang2015THA","1","1","2"
"Kianbagheban","1","1","2"
"kidlima","1","1","2"
"kingmathan","1","1","2"
"Kirill1401","1","1","2"
"KJustyna","1","1","2"
"kr1k3t882","1","1","2"
"ktimash","1","1","2"
"kungrad_net","1","1","2"
"Lansee","1","1","2"
"Lapo_Roman","1","1","2"
"lazzaretti","1","1","2"
"LeafySnack","1","1","2"
"leoroe15","1","1","2"
"Lera_Kris","1","1","2"
"Lets_Go_Hawks","1","1","2"
"LetsExplore","1","1","2"
"liArtimovichess","1","1","2"
"LittleKittenSnack","1","1","2"
"LOBOVIHAAN","1","1","2"
"lometin","1","1","2"
"LouisBuckland","1","1","2"
"LPRM2012","1","1","2"
"Lucas_Dedo","1","1","2"
"Lucky_0911","1","1","2"
"Luechtoorn","1","1","2"
"LuisM69","1","1","2"
"LuRoe12","1","1","2"
"magnus_1978","1","1","2"
"mani_heidarpour","1","1","2"
"MarinoMP","1","1","2"
"Markisss","1","1","2"
"Marsel-23","1","1","2"
"MassimoGermano","1","1","2"
"matiascaprile","1","1","2"
"MgmP01","1","1","2"
"Mgonzalez2023","1","1","2"
"MichiB2002","1","1","2"
"MikhaillTall","1","1","2"
"Mirakel05","1","1","2"
"Misoswittsc","1","1","2"
"Mkmehta","1","1","2"
"MOHAMMADAMIN147","1","1","2"
"Moiseshperez","1","1","2"
"Moritz201678","1","1","2"
"mrazi198","1","1","2"
"mta2k4","1","1","2"
"mustafaaltas","1","1","2"
"nacerbo","1","1","2"
"NAIRIORUJKRIST","1","1","2"
"NataBelyaeva","1","1","2"
"Nathaniel1682","1","1","2"
"nathanielchiu","1","1","2"
"NBmacovi","1","1","2"
"Neil1012","1","1","2"
"NGUYENSYDAT2013LTT","1","1","2"
"nomistake-bjksatranc","1","1","2"
"O_Hto_I_O","1","1","2"
"Ojas_124150","1","1","2"
"olegpel1970","1","1","2"
"OPANSHU69","1","1","2"
"OrzoAndPenne","1","1","2"
"OsmiumGolem","1","1","2"
"Osnin","1","1","2"
"Pappypedro04","1","1","2"
"Pau_el_atracador","1","1","2"
"Pavliuk_Maksym","1","1","2"
"pepek995","1","1","2"
"PIPWNHS","1","1","2"
"pompacinusret","1","1","2"
"Pparvtest4","1","1","2"
"prashikkasbe","1","1","2"
"Primzom_11123","1","1","2"
"Purzelplaysches","1","1","2"
"Qiskskskwlqlslssskwk","1","1","2"
"qml","1","1","2"
"Quangcanbest","1","1","2"
"radhiiikka","1","1","2"
"Rana_001","1","1","2"
"RapidBlaze14","1","1","2"
"RebeccaHarris2","1","1","2"
"rene31","1","1","2"
"Ridu_106","1","1","2"
"RomanBodrov","1","1","2"
"RomanS150","1","1","2"
"RUSLAND-01","1","1","2"
"Rutherford88","1","1","2"
"Saanvi_Smc","1","1","2"
"sahil_10_bm","1","1","2"
"Saivi0404","1","1","2"
"Samruddhi2009","1","1","2"
"savrasova54","1","1","2"
"shantus","1","1","2"
"ShavaAB","1","1","2"
"SHIVTHEGOD_ANAND","1","1","2"
"ShouryaJais","1","1","2"
"SlicedBrain","1","1","2"
"soba5","1","1","2"
"Soundlord1","1","1","2"
"sreenu12","1","1","2"
"StarPJG","1","1","2"
"starwars2016","1","1","2"
"Stewie38","1","1","2"
"Sugat","1","1","2"
"SuparnoFake","1","1","2"
"supershuo","1","1","2"
"SVLgirl13","1","1","2"
"Swimmingduck","1","1","2"
"taxidriver2023","1","1","2"
"Teja02222","1","1","2"
"Temderr22yy","1","1","2"
"TGAinVaibhavGrand","1","1","2"
"TheVorseRaider","1","1","2"
"TheWCH","1","1","2"
"tiger_010101","1","1","2"
"TIMOSHA2013","1","1","2"
"Titus369","1","1","2"
"Tomas6tosanpedrochan","1","1","2"
"VAGGOSM","1","1","2"
"VladimirNik_2014","1","1","2"
"VladimirTar2014","1","1","2"
"VladislavCaxap","1","1","2"
"vociferous","1","1","2"
"Void_God","1","1","2"
"WakefulEast","1","1","2"
"Wefar2009","1","1","2"
"Wgmbella","1","1","2"
"White_Death_101","1","1","2"
"Wizard_king","1","1","2"
"xeniaraider","1","1","2"
"xtc15","1","1","2"
"xusankhoja","1","1","2"
"Xxliland","1","1","2"
"Yahia-Wael-Koptan","1","1","2"
"YellowBanana2021","1","1","2"
"Yonathan-elpro875","1","1","2"
"Yonushke","1","1","2"
"Zanamity1989","1","1","2"
"zhauhar2013","1","1","2"
"zikica96","1","1","2"
"Zu_Cho_Chi","1","1","2"
"Zwartevogel","1","1","2"
"zxcured123123","1","1","2"
